galfind/configs/Brown_Dwarf_templates/sonora_bobcat/m0.0/1780g/sp_t1400g1780nc_m0.0_resample.dat
# %ECSV 1.0
# ---
# datatype:
# - {name: wav, unit: Angstrom, datatype: float64}
# - {name: flux_nu, unit: erg / (cm2 Hz s), datatype: float64}
# meta: {C/O: '1.00', Kzz: '1.0000E+05', Teff: '1400.', Y: '0.28', '[Fe/H]': '0.00', f_hole: '1.00', f_rain: '0.00', grav: '1780.'}
# schema: astropy-2.0
wav flux_nu
4000.0559999999996 nan
4050.0559999999996 2.7008362019895684e-11
4100.056 2.8604794268598685e-10
4150.056 4.657508320880317e-10
4200.056 4.283905618224512e-10
4250.056 5.455026069830058e-10
4300.056 5.985664084800695e-10
4350.056 6.469222001000236e-10
4400.056 7.967149606600477e-10
4450.056 7.768903587600144e-10
4500.056 7.409063110600359e-10
4550.056 8.967839114899261e-10
4600.056 8.971910427699898e-10
4650.056 8.236934449399519e-10
4700.056 8.971080772100121e-10
4750.056 6.948201343999923e-10
4800.056 2.971680808800087e-10
4850.056 1.5564385865999884e-10
4900.056 9.246844840199914e-11
4950.056 4.6141759039999646e-11
5000.056 1.7584811654299788e-11
5050.056 7.608006137699974e-12
5100.056 6.399589437499997e-12
5150.056 5.736455981500017e-12
5200.056 5.1296241929999765e-12
5250.056 4.397172188099993e-12
5300.056 3.6945950178999925e-12
5350.056 3.1130387292999937e-12
5400.056 2.629176135699995e-12
5450.056 2.200799548499996e-12
5500.056 1.8135363130999962e-12
5550.056 1.471382783899996e-12
5600.056 1.1635343504999964e-12
5650.056 8.820725517599965e-13
5700.056 6.307215445899969e-13
5750.056 4.1559668710999754e-13
5800.056 2.48994698929998e-13
5850.056 1.294019672249983e-13
5900.056 3.997903556358312e-14
5950.056 2.7165527241000483e-13
6000.056 8.471289060200116e-13
6050.056 2.266130967400029e-12
6100.056 5.161258987100057e-12
6150.056 1.05452305536001e-11
6200.056 1.9745277241000157e-11
6250.056 3.455114408900027e-11
6300.056 5.765175259100042e-11
6350.056 9.227696627800063e-11
6400.056 1.421946427700009e-10
6450.056 2.11981543130001e-10
6500.056 3.084822549700016e-10
6550.056 4.4091506057000223e-10
6600.056 6.195594469400038e-10
6650.056 8.487365582500042e-10
6700.056 7.921894732264425e-10
6750.056 1.4568794528000093e-09
6800.056 1.882360154900007e-09
6850.056 2.1076141546000023e-09
6900.056 2.0496830742999985e-09
6950.056 1.894033295399997e-09
7000.056 1.897891690300003e-09
7050.056 2.0645517072000013e-09
7100.056 2.265909517500002e-09
7150.056 2.4140604639999938e-09
7200.056 2.468642662500011e-09
7250.056 2.3843281539999824e-09
7300.056 2.1901926981000004e-09
7350.056 1.9499077767999914e-09
7400.056 1.7027558983000005e-09
7450.056 1.4368496241999984e-09
7500.056 1.1522708886799937e-09
7550.056 8.580733098099943e-10
7600.056 5.517135009799927e-10
7650.056 8.278920624596801e-11
7700.056 3.2800477651746406e-11
7750.056 3.7338782501001025e-10
7800.056 8.588094553998169e-10
7850.056 1.869276694000019e-09
7900.056 2.914855776900021e-09
7950.056 3.402473911770436e-09
8000.056 5.9183077540000404e-09
8050.056 7.910635956100045e-09
8100.056 1.019552813560003e-08
8150.056 1.2874572044000053e-08
8200.056 1.5528630953000204e-08
8250.056 1.971991443600019e-08
8300.056 2.395512626400057e-08
8350.056 2.8687321571999996e-08
8400.056 3.411402708699983e-08
8450.056 4.017157182699994e-08
8500.056 4.170300290502342e-08
8550.056 5.1726317795001634e-08
8600.056 5.947050768500007e-08
8650.056 6.002372435099852e-08
8700.056 6.771087632699546e-08
8750.056 7.725722166700148e-08
8800.056 9.104756347400116e-08
8850.056 1.0345842518799857e-07
8900.056 1.1402457313600058e-07
8950.056 1.0664080703018773e-07
9000.056 1.4478520346499814e-07
9050.056 1.6009594877200349e-07
9100.056 1.8207409244500216e-07
9150.056 2.0164144400000222e-07
9200.056 2.2245416186999057e-07
9250.056 2.296906542429876e-07
9300.056 1.7757562519509267e-07
9350.056 2.13895711054412e-07
9400.056 2.6307592908699076e-07
9450.056 2.8370959259781234e-07
9500.056 3.0009795311498047e-07
9550.056 3.250058352627326e-07
9600.056 3.3176777998921426e-07
9650.056 3.6256141414660174e-07
9700.056 4.0722008414597353e-07
9750.056 4.2109251746700166e-07
9800.056 4.5535082293097945e-07
9850.056 4.825279145700009e-07
9900.056 3.756779911299851e-07
9950.056 3.264155320799989e-07
10000.056 2.8695263506999726e-07
10050.056 3.5064378730999987e-07
10100.056 4.081713978700058e-07
10150.056 4.194572443899827e-07
10200.056 4.584104176599966e-07
10250.056 4.907616368199999e-07
10300.056 5.020984213300003e-07
10350.056 5.704763202800198e-07
10400.056 6.218069674299878e-07
10450.056 6.471639098100045e-07
10500.056 6.473217195799974e-07
10550.056 6.64299598960008e-07
10600.056 7.072032258799939e-07
10650.056 7.508665565100244e-07
10700.056 8.024245447100153e-07
10750.056 8.586341359400152e-07
10800.056 9.162486609e-07
10850.056 1.0001218828199875e-06
10900.056 9.940495023699932e-07
10950.056 9.03229164509985e-07
11000.056 8.235768020299602e-07
11050.056 7.275090894529726e-07
11100.056 6.696256376852456e-07
11150.056 6.33496149435233e-07
11200.056 6.736522870186263e-07
11250.056 8.224682087771741e-07
11300.056 7.889350775546778e-07
11350.056 5.525298059852854e-07
11400.056 5.941599653420365e-07
11450.056 7.277968466015105e-07
11500.056 8.958649769490283e-07
11550.056 7.662479040475749e-07
11600.056 7.963784327921213e-07
11650.056 7.80202184874335e-07
11700.056 5.274593908657131e-07
11750.056 5.281664404013552e-07
11800.056 6.104980709280262e-07
11850.056 9.549094693180087e-07
11900.056 1.1195773945489091e-06
11950.056 1.137782951080016e-06
12000.056 1.0931556545100109e-06
12050.056 1.2843270559700513e-06
12100.056 1.331118089749968e-06
12150.056 1.5236696267399738e-06
12200.056 1.5505307951799221e-06
12250.056 1.6863468333999757e-06
12300.056 1.7787541795000371e-06
12350.056 1.739948812199994e-06
12400.056 1.5741251874999717e-06
12450.056 1.4045487715100217e-06
12500.056 1.4354354208399626e-06
12550.056 1.5106488266500756e-06
12600.056 1.9661922370000165e-06
12650.056 2.010886928399991e-06
12700.056 2.1746239676000908e-06
12750.056 2.1326257590999796e-06
12800.056 2.2001395235000423e-06
12850.056 2.0863486491899755e-06
12900.056 1.973779681040014e-06
12950.056 2.0096778307599718e-06
13000.056 2.062675374999954e-06
13050.056 2.1012551134599573e-06
13100.056 2.0939798010499462e-06
13150.056 1.997419461533972e-06
13200.056 1.875272944229976e-06
13250.056 1.5814363217349965e-06
13300.056 1.1165946845697082e-06
13350.056 4.4117883281785286e-07
13400.056 2.823634307373781e-07
13450.056 2.1890105658509672e-07
13500.056 1.7505172015813495e-07
13550.056 1.4908661761700713e-07
13600.056 1.3670232680464447e-07
13650.056 2.1786106554786673e-07
13700.056 1.8339380336390855e-07
13750.056 2.1206502338233693e-07
13800.056 2.614463437105041e-07
13850.056 2.2134788231224504e-07
13900.056 2.165031161328581e-07
13950.056 2.0146514846703437e-07
14000.056 1.8884875163150957e-07
14050.056 2.1059538381338253e-07
14100.056 1.6952644688521958e-07
14150.056 2.0683144781525133e-07
14200.056 1.7608380932787412e-07
14250.056 1.7094481260247228e-07
14300.056 2.1658665916948437e-07
14350.056 2.1995700721120053e-07
14400.056 2.301586425469164e-07
14450.056 2.508920383893882e-07
14500.056 3.300969634128732e-07
14550.056 3.385777613129852e-07
14600.056 4.1905537642788754e-07
14650.056 4.1193697926788166e-07
14700.056 3.6314422017330523e-07
14750.056 4.2074979539360076e-07
14800.056 4.7297908220269027e-07
14850.056 5.190480289080414e-07
14900.056 5.057952707725803e-07
14950.056 5.44169058852057e-07
15000.056 5.830084889650257e-07
15050.056 6.831195463589297e-07
15100.056 7.035225058730074e-07
15150.056 7.737398958180514e-07
15200.056 7.97152065649939e-07
15250.056 8.85982451071004e-07
15300.056 9.479357203199675e-07
15350.056 1.0459351899099655e-06
15400.056 1.1213441824100196e-06
15450.056 1.1976132775300514e-06
15500.056 1.244712718190019e-06
15550.056 1.3481581971999234e-06
15600.056 1.3651701954100362e-06
15650.056 1.4270697160600514e-06
15700.056 1.551199754740098e-06
15750.056 1.614373493089975e-06
15800.056 1.6062852170800535e-06
15850.056 1.599329148320007e-06
15900.056 1.6123207913800276e-06
15950.056 1.6197075564999428e-06
16000.056 1.593436984350007e-06
16050.056 1.5244632132500003e-06
16100.056 1.4637697420899653e-06
16150.056 1.3436082926199779e-06
16200.056 1.2658149530698764e-06
16250.056 1.2318706596099196e-06
16300.056 1.1965025410769943e-06
16350.056 1.2530207922330149e-06
16400.056 1.2985602751860787e-06
16450.056 1.3460341194840343e-06
16500.056 1.4020306116240556e-06
16550.056 1.3959342944999832e-06
16600.056 1.3618514380500845e-06
16650.056 1.2336897108900452e-06
16700.056 1.0530486827800393e-06
16750.056 1.120100783689973e-06
16800.056 1.2639162476000187e-06
16850.056 1.253232547579922e-06
16900.056 1.2107046296200218e-06
16950.056 1.1521220709799629e-06
17000.056 1.0971233154601399e-06
17050.056 1.1866775036500523e-06
17100.056 1.164852420450036e-06
17150.056 1.0743572059099632e-06
17200.056 1.0750300183499001e-06
17250.056 9.902549672398887e-07
17300.056 9.239357667500093e-07
17350.056 8.527652837639875e-07
17400.056 8.302555051649687e-07
17450.056 7.601676680658233e-07
17500.056 7.62876170232049e-07
17550.056 6.999027309830623e-07
17600.056 6.698675204520188e-07
17650.056 6.638194225724445e-07
17700.056 5.3937506820818e-07
17750.056 4.931584578252832e-07
17800.056 5.30468649451471e-07
17850.056 4.1837853819659794e-07
17900.056 4.625252253381115e-07
17950.056 4.0776568217218725e-07
18000.056 4.010298851547971e-07
18050.056 3.7977350773801513e-07
18100.056 3.7952875633337824e-07
18150.056 4.4252577504847427e-07
18200.056 3.2354017947191595e-07
18250.056 4.841847691694313e-07
18300.056 3.973254221050095e-07
18350.056 3.747287606905026e-07
18400.056 3.614708951046966e-07
18450.056 3.480090995714077e-07
18500.056 3.6803482463972886e-07
18550.056 3.1957149759141225e-07
18600.056 2.7347180265588704e-07
18650.056 2.908251132533265e-07
18700.056 3.1544086221070085e-07
18750.056 3.3792504243137564e-07
18800.056 4.2291780507027976e-07
18850.056 4.816091726852977e-07
18900.056 4.530253676557266e-07
18950.056 5.675645212271109e-07
19000.056 5.141783795559672e-07
19050.056 4.5949280299396235e-07
19100.056 5.780248725614183e-07
19150.056 5.143005151877363e-07
19200.056 5.547895594346844e-07
19250.056 4.825642638575153e-07
19300.056 4.920558416069713e-07
19350.056 4.549487635436499e-07
19400.056 3.4513152488135455e-07
19450.056 4.791957437635667e-07
19500.056 4.81904642612287e-07
19550.056 3.8460657363895614e-07
19600.056 4.478109734724066e-07
19650.056 4.923401282276034e-07
19700.056 4.858444460351421e-07
19750.056 4.6389536231283497e-07
19800.056 5.109448009109502e-07
19850.056 5.782888841740129e-07
19900.056 4.737395410623398e-07
19950.056 6.140395510719797e-07
20000.056 5.516017401110526e-07
20050.056 6.358951599080294e-07
20100.056 6.263695769397858e-07
20150.056 6.789750406600855e-07
20200.056 7.177748272280104e-07
20250.056 7.605546685249008e-07
20300.056 7.54190589347074e-07
20350.056 8.33404846343937e-07
20400.056 8.303267147977993e-07
20450.056 8.76580107349862e-07
20500.056 9.199949439399234e-07
20550.056 9.210931686200151e-07
20600.056 1.003816624670055e-06
20650.056 9.883136996000478e-07
20700.056 1.0245904640200557e-06
20750.056 1.0340242370699756e-06
20800.056 1.0771665154099678e-06
20850.056 1.0566651886799783e-06
20900.056 1.1070529161099115e-06
20950.056 1.100417937129997e-06
21000.056 1.1100648315500284e-06
21050.056 1.1117557398399898e-06
21100.056 1.1033389989200056e-06
21150.056 1.1263801788299246e-06
21200.056 1.101948217720015e-06
21250.056 1.112338812899926e-06
21300.056 1.0653595705399643e-06
21350.056 1.0820531754400186e-06
21400.056 1.0509501765601008e-06
21450.056 1.0543952801500064e-06
21500.056 1.016505754630051e-06
21550.056 9.991129195600222e-07
21600.056 9.71138044100057e-07
21650.056 9.400740313300136e-07
21700.056 9.384417637800139e-07
21750.056 8.787124470900191e-07
21800.056 8.377633843398988e-07
21850.056 7.940863124700206e-07
21900.056 7.305483395899912e-07
21950.056 6.238819685100473e-07
22000.056 4.7287323908703133e-07
22050.056 3.9211785137590685e-07
22100.056 4.4504502893409104e-07
22150.056 4.955815479909842e-07
22200.056 5.114124725279873e-07
22250.056 5.138275524750902e-07
22300.056 4.695996274689914e-07
22350.056 4.5433069509904785e-07
22400.056 4.089356505229803e-07
22450.056 3.7624956750997653e-07
22500.056 3.85090329770093e-07
22550.056 3.50505579452942e-07
22600.056 3.571779115650798e-07
22650.056 3.512451877060231e-07
22700.056 3.3096862657999787e-07
22750.056 3.329431398440431e-07
22800.056 3.155816521859568e-07
22850.056 2.8986583325502914e-07
22900.056 2.8235702780595186e-07
22950.056 2.557002844419633e-07
23000.056 2.838441211430056e-07
23050.056 3.3542008858196396e-07
23100.056 3.948693046550371e-07
23150.056 3.969319419939828e-07
23200.056 2.4164035697399753e-07
23250.056 2.496616038450279e-07
23300.056 2.1797527157605805e-07
23350.056 2.1236771373800467e-07
23400.056 2.171976029820268e-07
23450.056 2.2439410577602123e-07
23500.056 2.4135425834005505e-07
23550.056 2.744950085420333e-07
23600.056 2.975119586829664e-07
23650.056 3.3644730876196336e-07
23700.056 2.509087758570535e-07
23750.056 2.3979433657200284e-07
23800.056 2.2698748852498646e-07
23850.056 2.428056292140204e-07
23900.056 3.0610137176403544e-07
23950.056 3.287703767400398e-07
24000.056 3.520646918829278e-07
24050.056 3.738436124200209e-07
24100.056 3.502546511269684e-07
24150.056 3.690309923441025e-07
24200.056 3.7835426096995907e-07
24250.056 3.5802167068501756e-07
24300.056 3.792492382370479e-07
24350.056 3.34442720513947e-07
24400.056 3.957435713940649e-07
24450.056 3.554070849639042e-07
24500.056 3.618664164459651e-07
24550.056 3.6924470531310135e-07
24600.056 3.7863042985502446e-07
24650.056 4.3219871480204386e-07
24700.056 3.397418764529361e-07
24750.056 3.396578038850327e-07
24800.056 3.4724638017002555e-07
24850.056 4.267634628150604e-07
24900.056 2.9061351071582236e-07
24950.056 4.106202534650278e-07
25000.056 3.713680127560783e-07
25050.056 2.806156598911633e-07
25100.056 3.5853605722816666e-07
25150.056 2.9151080185886784e-07
25200.056 3.318817939898453e-07
25250.056 2.7447911707195913e-07
25300.056 3.3389523787151784e-07
25350.056 2.532525057997041e-07
25400.056 3.377442096536678e-07
25450.056 2.5455283729737144e-07
25500.056 2.730343699856404e-07
25550.056 2.7181486209089474e-07
25600.056 2.7941982485326234e-07
25650.056 2.224353137131009e-07
25700.056 3.3791321072489443e-07
25750.056 2.076441008999513e-07
25800.056 3.390261646862592e-07
25850.056 2.404786518812807e-07
25900.056 3.0740119741100237e-07
25950.056 2.2111612311442447e-07
26000.056 3.5041997197511977e-07
26050.056 3.003527542403575e-07
26100.056 3.6821884144201475e-07
26150.056 3.278570931160682e-07
26200.056 3.310472298906151e-07
26250.056 3.9872418833273403e-07
26300.056 3.403389851223283e-07
26350.056 4.396329771784755e-07
26400.056 4.304292282319534e-07
26450.056 4.2467657023704224e-07
26500.056 4.578513026659082e-07
26550.056 3.6486047095794986e-07
26600.056 4.7122110403525773e-07
26650.056 3.0764760367744273e-07
26700.056 3.0609428803421616e-07
26750.056 2.319325583499891e-07
26800.056 2.9968794317916685e-07
26850.056 2.0823924546502027e-07
26900.056 3.303595939531029e-07
26950.056 2.0911015656674962e-07
27000.056 3.426126855252602e-07
27050.056 2.8407261007999074e-07
27100.056 2.7074235531124387e-07
27150.056 3.3648438427802705e-07
27200.056 2.92280425123627e-07
27250.056 2.9596097793497673e-07
27300.056 4.4127495221004643e-07
27350.056 3.766181540783127e-07
27400.056 2.3570094342707836e-07
27450.056 4.5580725500093306e-07
27500.056 4.238999367624745e-07
27550.056 3.0336149205153306e-07
27600.056 4.4037489870698764e-07
27650.056 2.8654792935209533e-07
27700.056 2.5748349741818867e-07
27750.056 4.4260665707294247e-07
27800.056 2.7613468047918534e-07
27850.056 3.071907017094141e-07
27900.056 3.313921787228242e-07
27950.056 4.458583614660038e-07
28000.056 3.7608622467603377e-07
28050.056 2.3229795185475488e-07
28100.056 4.7126712779896067e-07
28150.056 3.298736236610342e-07
28200.056 2.428540043248948e-07
28250.056 4.2514586685697553e-07
28300.056 4.987793817100812e-07
28350.056 2.7754815638792915e-07
28400.056 3.70824513646998e-07
28450.056 4.4017606144092916e-07
28500.056 3.847631200979317e-07
28550.056 2.2368320315194564e-07
28600.056 4.786733978459763e-07
28650.056 4.202388031860106e-07
28700.056 3.680016158749505e-07
28750.056 4.5475008788200584e-07
28800.056 4.252925598850947e-07
