galfind/configs/Brown_Dwarf_templates/sonora_bobcat/m0.0/1780g/sp_t950g1780nc_m0.0_resample.dat
# %ECSV 1.0
# ---
# datatype:
# - {name: wav, unit: Angstrom, datatype: float64}
# - {name: flux_nu, unit: erg / (cm2 Hz s), datatype: float64}
# meta: {C/O: '1.00', Kzz: '1.0000E+05', Teff: '950.', Y: '0.28', '[Fe/H]': '0.00', f_hole: '1.00', f_rain: '0.00', grav: '1780.'}
# schema: astropy-2.0
wav flux_nu
[from data line 499]
28950.056 6.478395524424898e-08
29000.056 5.437185306859864e-08
29050.056 6.283408687902158e-08
29100.056 4.362511920754835e-08
29150.056 8.213053050727233e-08
29200.056 5.51209272051016e-08
29250.056 7.614255780984145e-08
29300.056 4.397858363946604e-08
29350.056 1.2347091517961224e-07
29400.056 6.230721395754479e-08
29450.056 6.759035977876315e-08
29500.056 8.058695386156399e-08
29550.056 6.9117185314219e-08
29600.056 8.096286981605402e-08
29650.056 8.64913257778985e-08
29700.056 6.598338505940819e-08
29750.056 9.093044867629234e-08
29800.056 9.200202746711672e-08
29850.056 9.910966650597432e-08
29900.056 9.828134062964555e-08
29950.056 9.45652073116354e-08
30000.056 3.2378513845060044e-08
30050.056 4.7836391072447656e-08
30100.056 5.8643099287201886e-08
30150.056 1.0023785104699542e-07
30200.056 8.201151484350207e-08
30250.056 1.277528084195141e-07
30300.056 1.1013891385200083e-07
30350.056 9.454735440400342e-08
30400.056 1.2511798973960755e-07
30450.056 8.612135344141063e-08
30500.056 8.212191836509975e-08
30550.056 8.432565777159915e-08
30600.056 1.1175407399200458e-07
30650.056 8.539629837099712e-08
30700.056 7.696470337998812e-08
30750.056 8.540044472928791e-08
30800.056 7.70124427258162e-08
30850.056 7.05066244387826e-08
30900.056 6.131986915858606e-08
30950.056 5.5435604448511715e-08
31000.056 5.570863930230739e-08
31050.056 6.306852841899932e-08
31100.056 4.294116449369991e-08
31150.056 5.5050395050696533e-08
31200.056 6.617547802901136e-08
31250.056 4.500727639239683e-08
31300.056 4.301733337510234e-08
31350.056 4.499289190592463e-08
31400.056 3.47421712224927e-08
31450.056 4.0895313258391696e-08
31500.056 2.8181814135604632e-08
31550.056 3.3630710174575216e-08
31600.056 2.7206852950453803e-08
31650.056 2.4167610313035964e-08
31700.056 2.715512270839889e-08
31750.056 1.9438509727112288e-08
31800.056 2.8308497965996512e-08
31850.056 1.803779542321122e-08
31900.056 2.5131819163102694e-08
31950.056 1.577924695222283e-08
32000.056 2.1487435219187115e-08
32050.056 2.1542490151621832e-08
32100.056 1.9540451614170097e-08
32150.056 2.4013708736598696e-08
32200.056 1.797544434732613e-08
32250.056 2.8111155120207418e-08
32300.056 1.6463510797364984e-08
32350.056 2.986965104320104e-08
32400.056 1.740931651457814e-08
32450.056 2.7527909990292934e-08
32500.056 2.3346131106156096e-08
32550.056 2.5742748807797488e-08
32600.056 2.856789760636897e-08
32650.056 3.595685190409113e-08
32700.056 3.32705966282072e-08
32750.056 4.2172612727305553e-08
32800.056 4.220061557914602e-08
32850.056 4.799791170899831e-08
32900.056 5.080471536229777e-08
32950.056 5.2260374969698816e-08
33000.056 4.332894323852146e-08
33050.056 4.315831627200796e-08
33100.056 2.2714017015793958e-08
33150.056 3.3995688081224964e-09
33200.056 4.155614487187491e-09
33250.056 3.304795438118958e-09
33300.056 4.835398456961373e-09
33350.056 8.656076650600557e-09
33400.056 1.3331862756597278e-08
33450.056 1.7578387841759417e-08
33500.056 2.926981690080893e-08
33550.056 2.3669295945785034e-08
33600.056 3.6439726265995986e-08
33650.056 3.891896353090413e-08
33700.056 2.896592094897397e-08
33750.056 4.688285855570219e-08
33800.056 2.7436246972057605e-08
33850.056 3.840386549369563e-08
33900.056 3.13945157185984e-08
33950.056 3.345112840449408e-08
34000.056 4.2589981861707466e-08
34050.056 2.2692014904318914e-08
34100.056 4.063777819440401e-08
34150.056 2.764587926716861e-08
34200.056 3.533093192348671e-08
34250.056 3.4166144713289346e-08
34300.056 2.7218365221438645e-08
34350.056 3.2738240688603344e-08
34400.056 2.391402107507675e-08
34450.056 3.741313408159142e-08
34500.056 3.259371347229991e-08
34550.056 2.2345468277500397e-08
34600.056 4.440688721299997e-08
34650.056 2.5576162157099577e-08
34700.056 3.720810312229972e-08
34750.056 3.527570688158921e-08
34800.056 2.823013515397706e-08
34850.056 4.260263109100273e-08
34900.056 3.483509604124709e-08
34950.056 4.0365487091992434e-08
35000.056 5.963255107080591e-08
35050.056 3.535978082280653e-08
35100.056 5.3172811177400633e-08
35150.056 5.301659003220589e-08
35200.056 4.984748876950003e-08
35250.056 6.934119098238013e-08
35300.056 4.454102288170644e-08
35350.056 5.259062254119107e-08
35400.056 5.89238843139986e-08
35450.056 4.061678540811739e-08
35500.056 7.78476600663931e-08
35550.056 6.493479553539906e-08
35600.056 6.479558205442201e-08
35650.056 7.415186010381196e-08
35700.056 6.103917811959355e-08
35750.056 8.242572787199702e-08
35800.056 9.613886293180254e-08
35850.056 6.208430838980018e-08
35900.056 8.931434953100972e-08
35950.056 8.874262539298907e-08
36000.056 8.672823665501161e-08
36050.056 8.823702802898689e-08
36100.056 8.139288766076384e-08
36150.056 9.938252297498987e-08
36200.056 1.109643354909849e-07
36250.056 9.395008361498454e-08
36300.056 1.233394490440106e-07
36350.056 1.1447859107300311e-07
36400.056 1.212528351469912e-07
36450.056 1.2594268877899512e-07
36500.056 1.296326168897952e-07
36550.056 1.5261347269003445e-07
36600.056 1.6928545579999094e-07
36650.056 1.4785720728158073e-07
36700.056 1.5655180316678514e-07
36750.056 1.8016135679602538e-07
36800.056 1.8094619776499551e-07
36850.056 1.6493671185296935e-07
36900.056 1.7729668952319355e-07
36950.056 2.0122621622997587e-07
37000.056 1.8389831568199056e-07
37050.056 2.0119186868201342e-07
37100.056 1.913142141289911e-07
37150.056 1.9242493612401786e-07
37200.056 2.27536022779992e-07
37250.056 1.9610457814796308e-07
37300.056 1.8017251351654937e-07
37350.056 2.1480331473401744e-07
37400.056 2.674392034399936e-07
37450.056 2.0454762039059938e-07
37500.056 2.113547420559891e-07
37550.056 2.7084898214007557e-07
37600.056 3.004947922600202e-07
37650.056 2.1085613088002894e-07
37700.056 2.7921529703402253e-07
37750.056 2.2745472938302395e-07
37800.056 2.5606879439706624e-07
37850.056 2.020189321690029e-07
37900.056 2.2612099525004378e-07
37950.056 2.5873083899197904e-07
38000.056 2.823752192249907e-07
38050.056 2.82852347010041e-07
38100.056 3.0638102349801956e-07
38150.056 3.2111705190999106e-07
38200.056 3.1866621406302233e-07
38250.056 3.057878205090125e-07
38300.056 3.763399755399496e-07
38350.056 3.790990133600388e-07
38400.056 2.8732256082594466e-07
38450.056 2.935086485379424e-07
38500.056 2.4971204005004537e-07
38550.056 3.3544743855004263e-07
38600.056 3.2274633613996155e-07
38650.056 3.4441327130997997e-07
38700.056 3.674950733500015e-07
38750.056 3.6337761816999465e-07
38800.056 3.323561650099544e-07
38850.056 3.630855948600243e-07
38900.056 4.019989569699723e-07
38950.056 3.513009891299958e-07
39000.056 3.849122155799772e-07
39050.056 3.7775475336003134e-07
39100.056 3.7450963654001176e-07
39150.056 4.137402780899953e-07
39200.056 3.806456247499873e-07
39250.056 4.289288972699918e-07
39300.056 4.0252299126995774e-07
39350.056 4.5611942335001795e-07
39400.056 4.1453035039003114e-07
39450.056 4.371840562700016e-07
39500.056 4.468330531800071e-07
39550.056 4.1238082251807326e-07
39600.056 4.5665357451995525e-07
39650.056 4.998640748799884e-07
39700.056 4.6999274656003314e-07
39750.056 4.0237373912006727e-07
39800.056 4.331680740199806e-07
39850.056 5.272761594100067e-07
39900.056 5.209621001600014e-07
39950.056 4.879706237199753e-07
40000.056 5.386808887000148e-07
40050.056 5.117694955800105e-07
40100.056 4.34441486568023e-07
40150.056 5.31202350550017e-07
40200.056 5.480161656799394e-07
40250.056 5.324745908699215e-07
40300.056 5.388512201000404e-07
40350.056 4.986801024899637e-07
40400.056 5.654957069280134e-07
40450.056 5.035622509600135e-07
40500.056 5.596703596700106e-07
40550.056 5.936483687999554e-07
40600.056 5.519311951800215e-07
40650.056 5.358725228059318e-07
40700.056 6.637221738099823e-07
40750.056 5.435105836999204e-07
40800.056 4.846054840998814e-07
40850.056 6.330504936700541e-07
40900.056 6.231930320799935e-07
40950.056 5.549237745280051e-07
41000.056 5.736969900799884e-07
41050.056 6.412423178699534e-07
41100.056 5.811305081299575e-07
41150.056 4.779148811699707e-07
41200.056 6.257544599200088e-07
41250.056 5.791387590399753e-07
41300.056 5.283392742599538e-07
41350.056 6.459173918400168e-07
41400.056 5.833167123100385e-07
41450.056 6.266098235900053e-07
41500.056 5.307577342419534e-07
41550.056 5.052861004000685e-07
41600.056 5.651067855560421e-07
41650.056 6.017229481500254e-07
41700.056 5.49007304579939e-07
41750.056 5.562836104799757e-07
41800.056 6.523178700700062e-07
41850.056 4.492030716799942e-07
41900.056 5.357243512099213e-07
41950.056 5.974977398500388e-07
42000.056 5.790826899599783e-07
42050.056 4.896258479399954e-07
42100.056 6.571341687600057e-07
42150.056 4.761988596700146e-07
42200.056 4.767574824819742e-07
42250.056 5.310680506499841e-07
42300.056 4.917114083999877e-07
42350.056 5.645052309300578e-07
42400.056 5.650738074300365e-07
42450.056 4.6804031489004303e-07
42500.056 4.835624662599915e-07
42550.056 4.5363349394999635e-07
42600.056 5.133134138500674e-07
42650.056 6.258193423199217e-07
42700.056 5.068972936899237e-07
42750.056 4.422463016500488e-07
42800.056 5.156117176500286e-07
42850.056 5.707132338499024e-07
42900.056 5.996656788900573e-07
42950.056 4.6793056929991915e-07
43000.056 5.429797130600021e-07
43050.056 3.651272864531147e-07
43100.056 5.009161847599651e-07
43150.056 4.4830320562203007e-07
43200.056 4.918502056800079e-07
43250.056 6.362176974000346e-07
43300.056 6.133026551900156e-07
43350.056 3.87780545249913e-07
43400.056 5.058093490600138e-07
43450.056 4.263855037040656e-07
43500.056 4.6588530546000375e-07
43550.056 4.627384820360109e-07
43600.056 5.701977568100437e-07
43650.056 3.9501434050600516e-07
43700.056 6.007175461400456e-07
43750.056 5.417160227300269e-07
43800.056 5.078332851999441e-07
43850.056 4.5982798660007304e-07
43900.056 4.924285480699668e-07
43950.056 3.7318807390995783e-07
44000.056 3.3286323819001095e-07
44050.056 5.268020011400147e-07
44100.056 6.275214287000322e-07
44150.056 6.324834310099711e-07
44200.056 5.512729672400105e-07
44250.056 4.0717331309999903e-07
44300.056 3.517638625110548e-07
44350.056 4.0352371808205244e-07
44400.056 3.879433828519817e-07
44450.056 4.95213975470007e-07
44500.056 4.691914427760791e-07
44550.056 5.726989002599696e-07
44600.056 5.147501706570261e-07
44650.056 5.085083182600048e-07
44700.056 3.9476395594997214e-07
44750.056 4.664450671900635e-07
44800.056 4.353619061820401e-07
44850.056 5.400415721800508e-07
44900.056 4.293339533160178e-07
44950.056 4.594914985600258e-07
45000.056 4.950786407400093e-07
45050.056 4.890221989799816e-07
45100.056 4.959858161900191e-07
45150.056 4.825793596449842e-07
45200.056 3.875837150950228e-07
45250.056 4.29947895223928e-07
45300.056 4.1242359952004145e-07
45350.056 3.9067035551997993e-07
45400.056 5.376564986800445e-07
45450.056 5.119268715800009e-07
45500.056 5.147253955900149e-07
45550.056 5.804649970599326e-07
45600.056 5.595525435600328e-07
45650.056 4.857602409109518e-07
45700.056 4.10033991345008e-07
45750.056 3.850938511280022e-07
45800.056 5.665121451500116e-07
45850.056 5.670329930499935e-07
45900.056 5.877002399500195e-07
45950.056 4.7639212440998906e-07
46000.056 5.649965748700487e-07
46050.056 4.935891951400077e-07
46100.056 5.791618636499751e-07
46150.056 4.5121133929998504e-07
46200.056 4.317115821870141e-07
46250.056 2.898890712529675e-07
46300.056 4.831217870899919e-07
46350.056 4.801107436700253e-07
46400.056 4.79949931450021e-07
46450.056 4.339915077150038e-07
46500.056 4.5135311836007816e-07
46550.056 3.6564640546000986e-07
46600.056 4.3438771453596193e-07
46650.056 5.8660475388002e-07
46700.056 4.584382445899569e-07
46750.056 3.258359041780326e-07
46800.056 2.6807057519901294e-07
46850.056 5.707419599100628e-07
46900.056 5.458383652199692e-07
46950.056 5.327649997099716e-07
47000.056 4.910491079700476e-07
47050.056 4.546006464658874e-07
47100.056 3.3655305221302385e-07
47150.056 4.3704853392005146e-07
47200.056 5.071939058099963e-07
47250.056 3.6539810026996985e-07
47300.056 2.814273980797176e-07
47350.056 5.381490659999942e-07
47400.056 5.160739958599682e-07
47450.056 4.653826412480434e-07
47500.056 5.401326674899721e-07
47550.056 4.741096636100109e-07
47600.056 4.95797963629963e-07
47650.056 4.5342574741594255e-07
47700.056 4.3770022199709597e-07
47750.056 3.414132910360052e-07
47800.056 3.4620536323002343e-07
47850.056 2.5041154789101135e-07
47900.056 3.1544293165697105e-07
47950.056 4.5483061608001e-07
48000.056 5.569104706800195e-07
48050.056 4.980599426399806e-07
48100.056 3.084884516520065e-07
48150.056 4.0027957212001786e-07
48200.056 3.679094798239931e-07
48250.056 3.953863795400018e-07
48300.056 5.438769898099679e-07
48350.056 3.6001498098999127e-07
48400.056 2.1350973574696524e-07
48450.056 3.482096293350638e-07
48500.056 4.391554957399356e-07
48550.056 4.047790789320175e-07
48600.056 4.3765048059000964e-07
48650.056 4.794155509799861e-07
48700.056 4.1606874175401e-07
48750.056 2.6647016990008506e-07
48800.056 4.807566059500234e-07
48850.056 3.2679781044994235e-07
48900.056 4.747450422499835e-07
48950.056 3.349543290100097e-07
49000.056 2.2196270647699878e-07
49050.056 4.281350658099562e-07
49100.056 4.435286062820527e-07
49150.056 3.692134381829967e-07
49200.056 4.713003630700451e-07
49250.056 4.4994810044003416e-07
49300.056 3.9789726473598625e-07
49350.056 2.576774191960429e-07
49400.056 3.508293037659437e-07
49450.056 3.544905789040879e-07
49500.056 3.024408833639781e-07
49550.056 1.700282536350035e-07
49600.056 2.7258334561044196e-07
49650.056 3.272044924699741e-07
49700.056 3.3229995468492743e-07
49750.056 4.170930122699647e-07
49800.056 3.2497777573899894e-07
49850.056 4.552106373200501e-07
49900.056 3.9662610552999146e-07
49950.056 3.471697260599879e-07
50000.056 3.403572340719883e-07
50050.056 4.0350374638998066e-07
50100.056 3.4121253440998846e-07
50150.056 2.3035713843998216e-07
50200.056 1.2456533683502338e-07
50250.056 3.0310665654998544e-07
50300.056 2.467782325540194e-07
50350.056 3.935759885100386e-07
50400.056 3.567302637599845e-07
50450.056 2.7530831303200346e-07
50500.056 3.8644845645003033e-07
50550.056 3.699774329500124e-07
50600.056 2.8181914778894173e-07
50650.056 3.872111030100623e-07
50700.056 4.277501216299603e-07
50750.056 3.199171706640303e-07
50800.056 1.984176378389699e-07
50850.056 1.8640506518004406e-07
50900.056 3.993183747199909e-07
50950.056 3.267544781800184e-07
51000.056 3.428253844500245e-07
51050.056 3.4617792893997586e-07
51100.056 1.9003189524597605e-07
51150.056 2.5112672480081584e-07
51200.056 4.4870748669997356e-07
51250.056 3.0688238222297673e-07
51300.056 2.339231947810548e-07
51350.056 2.8277278587496833e-07
51400.056 1.7526783944900867e-07
51450.056 1.4820216708197044e-07
51500.056 1.514890064750399e-07
51550.056 3.0467393653202163e-07
51600.056 2.2416541009701434e-07
51650.056 2.444740662799693e-07
51700.056 2.8265037379795907e-07
51750.056 2.0899885152101366e-07
51800.056 3.1056685808993806e-07
51850.056 2.6902265734798883e-07
51900.056 3.859670695300281e-07
51950.056 2.9107338817997696e-07
52000.056 1.1338075949297965e-07
52050.056 2.1184227881401656e-07
52100.056 1.6825039355699416e-07
52150.056 1.4244865839801214e-07
52200.056 1.7449720031399547e-07
52250.056 2.265307142540221e-07
52300.056 3.464157756499914e-07
52350.056 2.148034880029986e-07
52400.056 1.7382766834901468e-07
52450.056 2.8967622372002554e-07
52500.056 2.9633939637094055e-07
52550.056 2.7842294416997364e-07
52600.056 2.367805751720172e-07
52650.056 2.494517133570334e-07
52700.056 2.0295266583700228e-07
52750.056 1.4599113060199153e-07
52800.056 1.7980044365802072e-07
52850.056 2.0063793456694888e-07
52900.056 1.7623182331576873e-07
52950.056 1.9992390181200535e-07
53000.056 2.6810845827700423e-07
53050.056 1.5423164167396156e-07
53100.056 2.4590347330998684e-07
53150.056 3.1630388504002157e-07
53200.056 1.453394197319857e-07
53250.056 2.7133520085002165e-07
53300.056 2.9229856034712533e-07
53350.056 2.776535734899934e-07
53400.056 2.5849508022999897e-07
53450.056 1.464800179439861e-07
53500.056 8.666771208697585e-08
53550.056 1.3597900234799058e-07
53600.056 2.200708948060309e-07
