galfind/configs/Brown_Dwarf_templates/sonora_bobcat/m0.0/1780g/sp_t2400g1780nc_m0.0_resample.dat
# %ECSV 1.0
# ---
# datatype:
# - {name: wav, unit: Angstrom, datatype: float64}
# - {name: flux_nu, unit: erg / (cm2 Hz s), datatype: float64}
# meta: {C/O: '1.00', Kzz: '1.0000E+05', Teff: '2400.', Y: '0.28', '[Fe/H]': '0.00', f_hole: '1.00', f_rain: '0.00', grav: '1780.'}
# schema: astropy-2.0
wav flux_nu
[from data line 501]
29050.056 3.4294976523901174e-06
29100.056 2.809871406720311e-06
29150.056 3.5897772891000164e-06
29200.056 3.1519044538902128e-06
29250.056 3.3469656953898512e-06
29300.056 2.9460129345391983e-06
29350.056 3.82436799489976e-06
29400.056 3.2769170229798634e-06
29450.056 3.1854992575799596e-06
29500.056 3.344085564629754e-06
29550.056 3.2868402833402296e-06
29600.056 3.545281026169839e-06
29650.056 3.2861989043699664e-06
29700.056 3.164584343999928e-06
29750.056 3.6662735285207525e-06
29800.056 3.6656186700496843e-06
29850.056 3.3974585080496903e-06
29900.056 3.1734462309208266e-06
29950.056 3.8058652532895255e-06
30000.056 3.6596991255092773e-06
30050.056 3.449040424800118e-06
30100.056 2.988733988659343e-06
30150.056 4.17620979839994e-06
30200.056 3.7724887227502127e-06
30250.056 3.612474494200448e-06
30300.056 3.4950785245997694e-06
30350.056 3.6746103251006085e-06
30400.056 4.169524078300393e-06
30450.056 3.368867753200391e-06
30500.056 3.299792572320303e-06
30550.056 4.14953469420037e-06
30600.056 3.923041185800288e-06
30650.056 3.9767274589002e-06
30700.056 3.641957130359821e-06
30750.056 3.6757408222000004e-06
30800.056 4.347942519000779e-06
30850.056 3.8120467645999758e-06
30900.056 3.6488687892998743e-06
30950.056 3.6663727911301532e-06
31000.056 4.2460261112999946e-06
31050.056 3.942823554800105e-06
31100.056 3.911894860600018e-06
31150.056 4.025135708799529e-06
31200.056 3.985406792299619e-06
31250.056 4.514403845900649e-06
31300.056 3.960280179699803e-06
31350.056 3.968476897039998e-06
31400.056 4.137491724300544e-06
31450.056 4.1395614611001295e-06
31500.056 4.231709140100257e-06
31550.056 3.915260944499904e-06
31600.056 4.134167667999889e-06
31650.056 4.337078543099746e-06
31700.056 4.250926930299929e-06
31750.056 4.019123563599954e-06
31800.056 4.324165147100219e-06
31850.056 4.680676474400061e-06
31900.056 4.5914850794996205e-06
31950.056 4.0275678337999336e-06
32000.056 4.1025923642005056e-06
32050.056 4.570244117100449e-06
32100.056 4.682515412499592e-06
32150.056 4.650718031099879e-06
32200.056 4.4740797885000205e-06
32250.056 4.335498499600094e-06
32300.056 4.581295998400033e-06
32350.056 4.878820933500678e-06
32400.056 4.488849025999875e-06
32450.056 4.424281861100292e-06
32500.056 4.728688168500145e-06
32550.056 5.0675598597000166e-06
32600.056 4.9574400833997055e-06
32650.056 4.837393126000735e-06
32700.056 4.7210080064002025e-06
32750.056 4.798943964599986e-06
32800.056 4.46946667470036e-06
32850.056 5.11357239619968e-06
32900.056 5.001583104600134e-06
32950.056 4.57705672439981e-06
33000.056 4.8782450374002205e-06
33050.056 4.905404464399538e-06
33100.056 4.892107765699146e-06
33150.056 4.9572854262000084e-06
33200.056 4.762116571800629e-06
33250.056 5.089599807400517e-06
33300.056 5.421323732400197e-06
33350.056 5.098872980799934e-06
33400.056 4.702558032099577e-06
33450.056 4.958620073099143e-06
33500.056 5.173312534100095e-06
33550.056 4.937100401099586e-06
33600.056 5.072008606500514e-06
33650.056 5.16115841010077e-06
33700.056 5.285654551899525e-06
33750.056 5.230144878500123e-06
33800.056 5.046041940500159e-06
33850.056 5.126765029300255e-06
33900.056 5.641609121799471e-06
33950.056 5.157046487499519e-06
34000.056 5.16457358889932e-06
34050.056 5.323285120800021e-06
34100.056 5.3057275478006e-06
34150.056 5.263779030499375e-06
34200.056 5.167793933699594e-06
34250.056 5.616374570999505e-06
34300.056 5.313715591399752e-06
34350.056 5.396391671099762e-06
34400.056 5.336146985299693e-06
34450.056 4.984906951000313e-06
34500.056 5.5386369671007696e-06
34550.056 5.266725711699846e-06
34600.056 5.3383150370998334e-06
34650.056 5.464844506000085e-06
34700.056 5.429867937799334e-06
34750.056 5.667728711900239e-06
34800.056 5.557815541599744e-06
34850.056 5.259502696699864e-06
34900.056 5.474475517600114e-06
34950.056 5.442639276499422e-06
35000.056 5.287472557399622e-06
35050.056 5.9426365895006e-06
35100.056 5.57559321429953e-06
35150.056 5.630199674399694e-06
35200.056 5.564257282999914e-06
35250.056 5.322910486800505e-06
35300.056 5.644284688900383e-06
35350.056 5.759781659099854e-06
35400.056 5.472111834499628e-06
35450.056 5.509890175500172e-06
35500.056 5.791863748800044e-06
35550.056 5.6474363649997925e-06
35600.056 5.45323494389929e-06
35650.056 5.896215555100489e-06
35700.056 5.544712592100253e-06
35750.056 5.5720257368996315e-06
35800.056 5.821906646999725e-06
35850.056 5.7581886996000745e-06
35900.056 6.003121334399691e-06
35950.056 5.74651556159964e-06
36000.056 5.500373159099535e-06
36050.056 5.964793633000268e-06
36100.056 6.1284526824997485e-06
36150.056 5.4801625649004754e-06
36200.056 5.9296491555996515e-06
36250.056 5.6963299504994915e-06
36300.056 6.185725183700434e-06
36350.056 5.841944079699407e-06
36400.056 5.881939630499999e-06
36450.056 6.232489301099719e-06
36500.056 5.8285818399002345e-06
36550.056 5.825302394600556e-06
36600.056 5.7239535000002914e-06
36650.056 5.950136643800376e-06
36700.056 6.260788102799969e-06
36750.056 5.692390894400404e-06
36800.056 5.94920173429987e-06
36850.056 6.118888936400066e-06
36900.056 6.027586562000473e-06
36950.056 6.007322281300017e-06
37000.056 6.102917040999922e-06
37050.056 6.240720185699777e-06
37100.056 6.0222310218004075e-06
37150.056 6.059435933399256e-06
37200.056 6.126700351399971e-06
37250.056 6.198829046700045e-06
37300.056 6.260558743300673e-06
37350.056 5.9054988078004775e-06
37400.056 6.168785946099915e-06
37450.056 6.053237814100201e-06
37500.056 6.340604533399756e-06
37550.056 6.147377252999303e-06
37600.056 6.376181267899627e-06
37650.056 6.0440402075997695e-06
37700.056 6.250176114600033e-06
37750.056 6.295801872099553e-06
37800.056 6.371705897599857e-06
37850.056 6.298900112299917e-06
37900.056 6.313468567000307e-06
37950.056 6.339041398300207e-06
38000.056 6.351274410500372e-06
38050.056 6.294049893300316e-06
38100.056 6.14015025760021e-06
38150.056 6.437617756699697e-06
38200.056 6.456182835599649e-06
38250.056 6.155488434800441e-06
38300.056 6.10995312269997e-06
38350.056 6.276717069699988e-06
38400.056 6.369808957799878e-06
38450.056 6.435916065300281e-06
38500.056 6.251131862499844e-06
38550.056 6.323065419300324e-06
38600.056 6.687351735799875e-06
38650.056 6.133202742900083e-06
38700.056 6.1627025669005964e-06
38750.056 6.414344673399944e-06
38800.056 6.304002128900629e-06
38850.056 6.375780008300053e-06
38900.056 6.121641124099957e-06
38950.056 6.378718513099939e-06
39000.056 6.293101846700066e-06
39050.056 6.351049167599953e-06
39100.056 6.082795664100035e-06
39150.056 6.215823608200156e-06
39200.056 6.311513922300116e-06
39250.056 6.298389867499554e-06
39300.056 6.310203693699442e-06
39350.056 6.243238202200359e-06
39400.056 6.1970691624001e-06
39450.056 6.2513322353999375e-06
39500.056 6.1069318247998475e-06
39550.056 6.02317711909932e-06
39600.056 6.3806847704000615e-06
39650.056 5.952984825400164e-06
39700.056 6.075503098199979e-06
39750.056 6.17438426529962e-06
39800.056 5.8272145946002525e-06
39850.056 6.053740287599815e-06
39900.056 5.873707807399755e-06
39950.056 6.078789413199812e-06
40000.056 5.7616273496997365e-06
40050.056 5.58762157219996e-06
40100.056 5.8483207811998975e-06
40150.056 5.553650744399287e-06
40200.056 5.771224134199868e-06
40250.056 5.586299171198851e-06
40300.056 5.475549802200325e-06
40350.056 5.589264284700115e-06
40400.056 5.608759406700109e-06
40450.056 5.3019278576004055e-06
40500.056 5.108734430600121e-06
40550.056 5.66309252569964e-06
40600.056 5.093275125600303e-06
40650.056 5.408793587600557e-06
40700.056 5.604280262300084e-06
40750.056 5.06995674419896e-06
40800.056 5.036414325800189e-06
40850.056 4.772152140400871e-06
40900.056 4.7824422407004506e-06
40950.056 5.002498906299958e-06
41000.056 5.130030960900074e-06
41050.056 5.1104632290992705e-06
41100.056 4.816082803300066e-06
41150.056 5.132942463300108e-06
41200.056 4.899854972400083e-06
41250.056 4.9792162108001936e-06
41300.056 4.4795009899996625e-06
41350.056 5.002368255300129e-06
41400.056 4.759955201900144e-06
41450.056 4.746176478000147e-06
41500.056 4.9507224360002215e-06
41550.056 4.854745543000127e-06
41600.056 4.828595392400064e-06
41650.056 4.580434243200363e-06
41700.056 4.458745248199724e-06
41750.056 4.7542582996999355e-06
41800.056 4.732839725499868e-06
41850.056 4.255932296800415e-06
41900.056 4.771481446199601e-06
41950.056 4.631765719600307e-06
42000.056 4.655370454300339e-06
42050.056 4.3553056716992456e-06
42100.056 4.715776521200255e-06
42150.056 4.120635736199641e-06
42200.056 4.175872249300183e-06
42250.056 4.686306396199867e-06
42300.056 4.359271357900076e-06
42350.056 4.654931776500587e-06
42400.056 4.300166927500136e-06
42450.056 3.9799012080001516e-06
42500.056 4.016583571900173e-06
42550.056 4.1913278772998855e-06
42600.056 4.1721931262003744e-06
42650.056 4.249347830399221e-06
42700.056 4.263449935500302e-06
42750.056 4.046130641999979e-06
42800.056 4.228573764300225e-06
42850.056 4.381809595399679e-06
42900.056 4.343941411900256e-06
42950.056 3.7467520697989714e-06
43000.056 4.018468524100062e-06
43050.056 3.715803092301072e-06
43100.056 3.8808212746997365e-06
43150.056 3.935137835900608e-06
43200.056 3.7119545578998946e-06
43250.056 3.8566058003006e-06
43300.056 3.838472731700165e-06
43350.056 3.5838025061994524e-06
43400.056 3.5706091832998777e-06
43450.056 3.5500773484003926e-06
43500.056 3.4909554320995147e-06
43550.056 3.447404976199937e-06
43600.056 3.6299550432001853e-06
43650.056 3.2671783701000997e-06
43700.056 3.3438511115000638e-06
43750.056 3.34774566550007e-06
43800.056 3.149728231299923e-06
43850.056 3.2036170054004283e-06
43900.056 3.281510136539975e-06
43950.056 3.1086450772700202e-06
44000.056 2.8970060078000318e-06
44050.056 2.869681162800085e-06
44100.056 2.9990748312004525e-06
44150.056 3.1567395922998613e-06
44200.056 2.863742917280187e-06
44250.056 2.8947454543998643e-06
44300.056 2.7868647406004332e-06
44350.056 2.6646453002002194e-06
44400.056 2.7987996013998973e-06
44450.056 2.9102939982001716e-06
44500.056 2.8068780626003156e-06
44550.056 2.590862019459521e-06
44600.056 2.5980092729703005e-06
44650.056 2.8158530899598836e-06
44700.056 2.6409004944001645e-06
44750.056 2.7167818555997026e-06
44800.056 2.6757089635199957e-06
44850.056 2.700244770300239e-06
44900.056 2.5746213414002185e-06
44950.056 2.41006492930013e-06
45000.056 2.6252900417999894e-06
45050.056 2.573601812299732e-06
45100.056 2.7005063719000387e-06
45150.056 2.51469863429002e-06
45200.056 2.321558251999894e-06
45250.056 2.428017523829796e-06
45300.056 2.6330717886000847e-06
45350.056 2.6407582405697333e-06
45400.056 2.497144586400266e-06
45450.056 2.3612783960396807e-06
45500.056 2.4378725812998e-06
45550.056 2.6511667983999107e-06
45600.056 2.4800836197999533e-06
45650.056 2.3085597187996266e-06
45700.056 2.518988964400223e-06
45750.056 2.382703377529992e-06
45800.056 2.344071769059909e-06
45850.056 2.7259331779000076e-06
45900.056 2.602710645039975e-06
45950.056 2.3602639716199662e-06
46000.056 2.7342132835699892e-06
46050.056 2.819063805650653e-06
46100.056 2.3405998921001423e-06
46150.056 2.417755874289865e-06
46200.056 2.6126238001305758e-06
46250.056 2.2526165041299793e-06
46300.056 2.807190180220005e-06
46350.056 2.4279875490398143e-06
46400.056 2.53107417569977e-06
46450.056 2.509701338220353e-06
46500.056 2.3916971677098626e-06
46550.056 2.7288427907999778e-06
46600.056 2.580839337400012e-06
46650.056 3.0175460626198823e-06
46700.056 2.949696219800845e-06
46750.056 2.4575096268200517e-06
46800.056 2.628462584300359e-06
46850.056 2.729934843720162e-06
46900.056 2.603559239559634e-06
46950.056 2.9767790330600755e-06
47000.056 2.5853000042000396e-06
47050.056 2.827001100099819e-06
47100.056 2.4043548295000473e-06
47150.056 2.699072496540237e-06
47200.056 2.6787617845606396e-06
47250.056 2.582730508499579e-06
47300.056 2.769014631969493e-06
47350.056 2.3167895409997582e-06
47400.056 2.697104613199586e-06
47450.056 2.6775564277999447e-06
47500.056 2.642871611199638e-06
47550.056 2.5561277411497763e-06
47600.056 2.783822499599797e-06
47650.056 2.1909211306895757e-06
47700.056 2.806193963759901e-06
47750.056 2.1103349896805043e-06
47800.056 2.742844892499863e-06
47850.056 2.1561783830896367e-06
47900.056 2.812809551500052e-06
47950.056 2.2169417910304364e-06
48000.056 3.0049615951000093e-06
48050.056 2.345980685080313e-06
48100.056 2.5857382146999317e-06
48150.056 2.3162449699002206e-06
48200.056 2.8027238108003187e-06
48250.056 2.3581585395000224e-06
48300.056 2.952183972499842e-06
48350.056 2.114069326249543e-06
48400.056 2.6967409880599453e-06
48450.056 2.2865691406901024e-06
48500.056 2.9675208673999947e-06
48550.056 2.1100837236399743e-06
48600.056 2.8899752488997843e-06
48650.056 2.1588594469999904e-06
48700.056 2.7763180905001024e-06
48750.056 1.9667626131601957e-06
48800.056 2.8850597036701743e-06
48850.056 2.1147058957596434e-06
48900.056 2.8072831384002115e-06
48950.056 2.426838423000039e-06
49000.056 2.4854067204799862e-06
49050.056 2.620815231099846e-06
49100.056 2.4202085491001215e-06
49150.056 2.4540839654399312e-06
49200.056 2.4243170238298575e-06
49250.056 2.4396128645500572e-06
49300.056 2.232271388649678e-06
49350.056 2.366145310099884e-06
49400.056 2.708859429900158e-06
49450.056 2.3480205496004694e-06
49500.056 2.3940487389002523e-06
49550.056 2.2064191466998258e-06
49600.056 2.3121825974103052e-06
49650.056 2.4159640768001166e-06
49700.056 2.1027538101398197e-06
49750.056 3.038955301899707e-06
49800.056 2.3179454600200438e-06
49850.056 2.83915812216011e-06
49900.056 2.331745409900042e-06
49950.056 2.3989612114996646e-06
50000.056 2.3737938046794877e-06
50050.056 2.401175485360132e-06
50100.056 2.5665072514998863e-06
50150.056 2.251652870060005e-06
50200.056 2.1389081841001625e-06
50250.056 2.3364970363001773e-06
50300.056 2.1906760065698364e-06
50350.056 2.591142041249932e-06
50400.056 2.302735161799895e-06
50450.056 2.2637451309802565e-06
50500.056 2.8402543506002634e-06
50550.056 2.318311205699899e-06
50600.056 2.4779579532000557e-06
50650.056 2.3376231281004233e-06
50700.056 2.619556949599653e-06
50750.056 2.6857604548002294e-06
50800.056 2.025669191859792e-06
50850.056 2.409616251900204e-06
50900.056 2.4582248084998996e-06
50950.056 2.463914768300416e-06
51000.056 2.828025753000244e-06
51050.056 2.292542324280224e-06
51100.056 2.270618707299897e-06
51150.056 2.564520050460017e-06
51200.056 2.287302892059962e-06
51250.056 2.5924765051200656e-06
51300.056 2.187351847560474e-06
51350.056 2.5053241063999363e-06
51400.056 2.448905542699531e-06
51450.056 1.8351735949797327e-06
51500.056 2.4779933837800996e-06
51550.056 2.891784499900177e-06
51600.056 1.9836589041699586e-06
51650.056 2.469524562999714e-06
51700.056 2.2598502185693554e-06
51750.056 2.197255369150058e-06
51800.056 2.5800034702996396e-06
51850.056 2.4559488767997074e-06
51900.056 2.636408359900234e-06
51950.056 2.413329007699798e-06
52000.056 2.113371066829995e-06
52050.056 2.499826376259836e-06
52100.056 2.3812043001997106e-06
52150.056 2.389066110320159e-06
52200.056 2.308506598830115e-06
52250.056 2.3014120817999394e-06
52300.056 2.4670657779999532e-06
52350.056 2.6270629013402165e-06
52400.056 2.0323657444501443e-06
52450.056 2.285727918400065e-06
52500.056 2.555794739099541e-06
52550.056 2.3513375582995836e-06
52600.056 2.4581767133600747e-06
52650.056 2.7023224517003283e-06
52700.056 2.287575091790097e-06
52750.056 2.0640179626398692e-06
52800.056 2.2125269172001256e-06
52850.056 2.1286318329999674e-06
52900.056 2.448518516500085e-06
52950.056 2.247362283899774e-06
53000.056 2.541042995899824e-06
53050.056 2.398432403619625e-06
53100.056 2.2066445252997313e-06
53150.056 2.624295057100353e-06
53200.056 1.9408242950302864e-06
53250.056 2.529219619199991e-06
53300.056 2.5310387131005883e-06
53350.056 2.552633583399707e-06
53400.056 2.304614178800138e-06
53450.056 2.2493274905000694e-06
53500.056 1.953165626329749e-06
53550.056 2.4453818789999648e-06
53600.056 2.500685122100313e-06
53650.056 2.0873255009002716e-06
53700.056 2.1993873313703846e-06
