galfind/configs/Brown_Dwarf_templates/sonora_bobcat/m0.0/1780g/sp_t250g1780nc_m0.0_resample.dat
# %ECSV 1.0
# ---
# datatype:
# - {name: wav, unit: Angstrom, datatype: float64}
# - {name: flux_nu, unit: erg / (cm2 Hz s), datatype: float64}
# meta: {C/O: '1.00', Kzz: '1.0000E+05', Teff: '250.', Y: '0.28', '[Fe/H]': '0.00', f_hole: '1.00', f_rain: '0.00', grav: '1780.'}
# schema: astropy-2.0
wav flux_nu
4000.0559999999996 nan
4050.0559999999996 6.321984127500075e-19
4100.056 8.409577854400106e-18
4150.056 3.624690675000027e-17
4200.056 8.893036577200046e-17
4250.056 1.9367719981000104e-16
4300.056 3.7347457771000157e-16
4350.056 6.392521336600022e-16
4400.056 1.0138559044700032e-15
4450.056 1.5468189864000054e-15
4500.056 2.366664694200007e-15
4550.056 3.5464492163000097e-15
4600.056 4.8706284292000125e-15
4650.056 6.3286746851000105e-15
4700.056 7.346338580500005e-15
4750.056 7.345075718799996e-15
4800.056 6.7271875977999916e-15
4850.056 5.600944105599989e-15
4900.056 4.916805444099994e-15
4950.056 4.2833687265999924e-15
5000.056 3.1099602935999866e-15
5050.056 2.1685138335999966e-15
5100.056 2.2360308881000025e-15
5150.056 2.4771501793000035e-15
5200.056 2.8038039283000028e-15
5250.056 3.002197128900002e-15
5300.056 3.1853815294000025e-15
5350.056 3.368124825900001e-15
5400.056 3.4079223255000013e-15
5450.056 3.6362308279000035e-15
5500.056 3.997625756500004e-15
5550.056 4.420654710100004e-15
5600.056 4.745725129200003e-15
5650.056 4.919162722499999e-15
5700.056 4.708432687000001e-15
5750.056 4.7490370383999985e-15
5800.056 4.431129426199995e-15
5850.056 3.3245066588999673e-15
5900.056 1.0828297343580267e-15
5950.056 5.43346973740007e-15
6000.056 1.0953776573300096e-14
6050.056 2.1061601119000178e-14
6100.056 3.665934432500027e-14
6150.056 5.889745655100037e-14
6200.056 8.932180443300046e-14
6250.056 1.2359620539000046e-13
6300.056 1.785419028200009e-13
6350.056 2.5467637598000123e-13
6400.056 3.521299548500017e-13
6450.056 4.1057023376999965e-13
6500.056 5.438338402500047e-13
6550.056 7.71677962220001e-13
6600.056 1.090835546170009e-12
6650.056 1.5832273102000087e-12
6700.056 2.124076720100009e-12
6750.056 2.8139523682000114e-12
6800.056 3.2668523550000028e-12
6850.056 3.0781259010999915e-12
6900.056 2.05734793854997e-12
6950.056 1.147803466100011e-12
7000.056 1.2276633712699883e-12
7050.056 1.1696986395000033e-12
7100.056 1.2843937866999987e-12
7150.056 7.761005976019777e-13
7200.056 3.6251164061800696e-13
7250.056 4.033950881599844e-13
7300.056 4.003231755600107e-13
7350.056 6.758415259800055e-13
7400.056 1.0401397507700055e-12
7450.056 1.5453763479000135e-12
7500.056 1.977644112300005e-12
7550.056 2.2637547499000047e-12
7600.056 2.3663916500999993e-12
7650.056 1.4854697882499802e-12
7700.056 1.5103325473900197e-12
7750.056 2.759734710200023e-12
7800.056 3.6051194842000142e-12
7850.056 4.009011988999996e-12
7900.056 4.718857557500031e-12
7950.056 5.732031257700005e-12
8000.056 6.728654504100028e-12
8050.056 7.837518603500009e-12
8100.056 4.594092585999882e-12
8150.056 1.5265543072200842e-12
8200.056 5.0794452759999804e-12
8250.056 5.773231138594219e-12
8300.056 5.935532717699897e-12
8350.056 7.298756616200101e-12
8400.056 1.2324589390500397e-11
8450.056 2.169054398600034e-11
8500.056 3.0328731255000316e-11
8550.056 4.011737752400043e-11
8600.056 5.090975078300038e-11
8650.056 5.7600242485000115e-11
8700.056 5.53608439279999e-11
8750.056 5.429688713799996e-11
8800.056 4.563202322999939e-11
8850.056 2.6681977582198614e-11
8900.056 2.141822119209684e-12
8950.056 2.840839446680132e-13
9000.056 2.514111942246378e-13
9050.056 3.3556668789700047e-12
9100.056 3.1104541684203052e-12
9150.056 3.943313470759815e-12
9200.056 8.068074330960576e-12
9250.056 4.607857526349419e-12
9300.056 6.937924325336713e-15
9350.056 8.965008396648593e-16
9400.056 1.209360087097824e-13
9450.056 7.74347600436404e-15
9500.056 1.6094881783165392e-14
9550.056 1.3824280783619719e-14
9600.056 4.2453558336503767e-14
9650.056 2.1501771014077469e-13
9700.056 2.2342644728999802e-12
9750.056 2.4474562982202418e-12
9800.056 4.106091997299915e-12
9850.056 7.327342431800073e-12
9900.056 1.3445027117800521e-11
9950.056 1.5689914953400304e-11
10000.056 1.1639168016806317e-11
10050.056 5.12047977989966e-12
10100.056 3.1858133985999702e-12
10150.056 1.619615709599916e-12
10200.056 4.824507397699897e-13
10250.056 3.872142296000051e-13
10300.056 6.82692285099977e-13
10350.056 2.8718322389001317e-13
10400.056 6.383813485700163e-13
10450.056 8.460458080899845e-13
10500.056 1.015263497470011e-12
10550.056 1.2081382283000018e-12
10600.056 1.1505921267999952e-12
10650.056 9.308800818699872e-13
10700.056 6.588678379799881e-13
10750.056 4.950596609499905e-13
10800.056 3.8965183202000126e-13
10850.056 3.0688523684999593e-13
10900.056 2.422272893399942e-13
10950.056 1.602613079599982e-13
11000.056 9.366508960499586e-14
11050.056 3.87629493135984e-14
11100.056 8.931153884404932e-15
11150.056 1.1755153400821672e-15
11200.056 2.397606817348078e-16
11250.056 2.4389674330723493e-16
11300.056 1.3806104002506561e-15
11350.056 3.32271246810019e-16
11400.056 3.3528048573009435e-15
11450.056 1.5259678317357074e-15
11500.056 1.3721334256626253e-15
11550.056 5.766864152884885e-16
11600.056 2.0259720794995225e-16
11650.056 1.449412551016973e-15
11700.056 3.802761799800723e-15
11750.056 2.312744033119828e-15
11800.056 8.666143382959973e-15
11850.056 9.505902591090259e-15
11900.056 1.4791889237300275e-14
11950.056 2.0897960665000137e-14
12000.056 2.2521605477400567e-14
12050.056 3.104387574400054e-14
12100.056 3.46049769490005e-14
12150.056 4.886626628800057e-14
12200.056 6.410699787000027e-14
12250.056 1.1801696756000444e-13
12300.056 2.05062634805006e-13
12350.056 2.7387722959800824e-13
12400.056 4.729011054300131e-13
12450.056 8.524422303900247e-13
12500.056 1.2037929925599948e-12
12550.056 1.39792982516003e-12
12600.056 2.239702177500067e-12
12650.056 3.744795467400106e-12
12700.056 4.866865563299987e-12
12750.056 4.391158389200003e-12
12800.056 3.716124159599928e-12
12850.056 2.3922264017999173e-12
12900.056 1.4644665051099722e-12
12950.056 1.1944341213899982e-12
13000.056 1.2790531042800498e-12
13050.056 7.518897852079619e-13
13100.056 9.422626550599692e-13
13150.056 4.310379722320272e-13
13200.056 4.1047012252597033e-13
13250.056 5.263396479956977e-13
13300.056 1.208401433215452e-13
13350.056 7.38227699170921e-14
13400.056 1.122646744016005e-14
13450.056 6.355625788758039e-16
13500.056 2.7170357899608406e-17
13550.056 7.6167112777558e-19
13600.056 6.919176114642991e-20
13650.056 4.07633421723314e-19
13700.056 1.337075985449793e-19
13750.056 3.815166044886343e-18
13800.056 4.637006325608692e-18
13850.056 6.861511934674916e-19
13900.056 4.960106759824444e-18
13950.056 1.981869761408668e-18
14000.056 1.4310211045183215e-17
14050.056 1.514461071255637e-17
14100.056 1.797742640577892e-17
14150.056 1.5994795402639084e-16
14200.056 1.7219357849157604e-16
14250.056 3.805943700753825e-16
14300.056 1.3334272367605024e-15
14350.056 1.4722319917528356e-15
14400.056 1.4224475347674086e-15
14450.056 3.94642710761869e-15
14500.056 1.6896436565264407e-14
14550.056 5.635531552672504e-14
14600.056 1.1530252232234642e-13
14650.056 1.9826865358572706e-14
14700.056 5.6769127071372385e-15
14750.056 2.9509365585065483e-15
14800.056 1.3227425680329274e-15
14850.056 1.476018565399553e-15
14900.056 7.249182388622726e-16
14950.056 2.287011506309477e-16
15000.056 1.5106408518828397e-15
15050.056 5.696836089385736e-15
15100.056 1.24181516546474e-15
15150.056 2.4808497917519063e-16
15200.056 2.4522436392989235e-15
15250.056 6.713825043838558e-15
15300.056 1.7658487081359313e-14
15350.056 2.648317868645149e-14
15400.056 4.145386761619234e-14
15450.056 9.82575485351154e-14
15500.056 2.7743125728001387e-13
15550.056 8.608557179401131e-13
15600.056 2.2138909520500206e-12
15650.056 5.304402898500415e-12
15700.056 9.883264832800303e-12
15750.056 1.3103543806600164e-11
15800.056 1.633980634800016e-11
15850.056 2.0161147179000467e-11
15900.056 2.1377815625000006e-11
15950.056 2.467289133699996e-11
16000.056 2.2521335810999724e-11
16050.056 1.7443806993999474e-11
16100.056 1.0435313081799838e-11
16150.056 5.2495904758996105e-12
16200.056 1.4684470576998909e-12
16250.056 4.271453931499761e-13
16300.056 1.0921176479325516e-13
16350.056 5.137998313457882e-14
16400.056 3.883235367432768e-14
16450.056 4.680716678496145e-14
16500.056 3.6735855278317686e-14
16550.056 5.6834834378996865e-14
16600.056 3.6879862636580163e-13
16650.056 9.134392609667574e-14
16700.056 3.5303060315528506e-14
16750.056 1.1338255463038905e-13
16800.056 1.5149447556221943e-13
16850.056 1.2461897673134374e-13
16900.056 4.46418419565825e-14
16950.056 3.438678764081318e-14
17000.056 1.3200943443494567e-14
17050.056 1.9965942331756187e-14
17100.056 5.848392315260078e-14
17150.056 4.914215088133029e-14
17200.056 1.8528333638867316e-13
17250.056 1.852657033068878e-14
17300.056 2.2473639921401095e-14
17350.056 5.191670696296246e-14
17400.056 1.152439393765953e-13
17450.056 1.6809321930601442e-13
17500.056 3.1605546390800133e-13
17550.056 2.7741143023799435e-13
17600.056 3.016287123800126e-13
17650.056 1.379214496657936e-13
17700.056 1.1215934597079469e-13
17750.056 7.188752014178467e-14
17800.056 1.19024012038906e-13
17850.056 4.8520888440615434e-14
17900.056 2.436307986626189e-14
17950.056 1.3132763716572028e-14
18000.056 2.2601278422168604e-14
18050.056 6.591386038993698e-15
18100.056 4.787339559008373e-15
18150.056 1.7993709855063285e-15
18200.056 1.0894215296169826e-15
18250.056 5.014759429668466e-15
18300.056 2.7403540883506953e-16
18350.056 2.9547880485011075e-16
18400.056 7.503454109916632e-17
18450.056 1.1788260784658959e-15
18500.056 7.266900942129625e-16
18550.056 2.4408546056741445e-16
18600.056 1.068393897340724e-15
18650.056 1.1882412171968478e-15
18700.056 4.9708721695375405e-17
18750.056 8.140080909048975e-17
18800.056 3.4546228120629506e-15
18850.056 2.1414585210154976e-15
18900.056 4.4708156261448284e-15
18950.056 4.776238598227407e-15
19000.056 3.4523682879495974e-16
19050.056 1.8676226276588925e-16
19100.056 1.1304946324453074e-15
19150.056 5.367441555424419e-16
19200.056 1.5428726114953344e-15
19250.056 1.2747495442803898e-15
19300.056 5.850247197151822e-16
19350.056 8.801924446136764e-16
19400.056 4.244998657290082e-16
19450.056 2.463363822833695e-16
19500.056 2.6723898505342084e-16
19550.056 7.7061051758085e-16
19600.056 1.4802142593436319e-15
19650.056 1.257074512377349e-15
19700.056 2.5413248087027766e-15
19750.056 2.7489247478976593e-15
19800.056 1.3454953562399309e-15
19850.056 2.421422084486405e-15
19900.056 4.5552104787155026e-15
19950.056 3.5087865611619702e-15
20000.056 3.9221428052017186e-15
20050.056 3.5270829826814538e-15
20100.056 5.521742392624072e-15
20150.056 4.174707857021335e-15
20200.056 3.0936554847300367e-15
20250.056 6.906194167771932e-15
20300.056 8.060921546969847e-15
20350.056 8.875410175799426e-15
20400.056 9.605649663900056e-15
20450.056 1.1639290076501003e-14
20500.056 1.1219824651900118e-14
20550.056 1.066507768639952e-14
20600.056 1.006199447690046e-14
20650.056 9.28346246729963e-15
20700.056 8.497811968399868e-15
20750.056 7.438045777199903e-15
20800.056 6.453367750399853e-15
20850.056 5.779512020699944e-15
20900.056 5.074130650699953e-15
20950.056 4.476667048599956e-15
21000.056 4.055472467599973e-15
21050.056 3.863971893699983e-15
21100.056 3.796207358000003e-15
21150.056 3.959264772200029e-15
21200.056 4.284187400700046e-15
21250.056 4.820863815900011e-15
21300.056 5.435283904500072e-15
21350.056 6.125825227799904e-15
21400.056 7.31954017730028e-15
21450.056 7.437765387300191e-15
21500.056 7.391994213710001e-15
21550.056 7.79696825287993e-15
21600.056 7.74479792410375e-15
21650.056 7.56191313414621e-15
21700.056 7.225319616059824e-15
21750.056 7.522060021550379e-15
21800.056 6.21032064077151e-15
21850.056 6.30504093005481e-15
21900.056 4.961217855725112e-15
21950.056 2.4464925397543645e-15
22000.056 1.64047770038438e-16
22050.056 2.774876156076971e-16
22100.056 6.997557398642111e-16
22150.056 3.6403467261942705e-16
22200.056 3.559942805417526e-16
22250.056 2.481866095320782e-16
22300.056 6.273589234014119e-17
22350.056 1.8288490558346589e-16
22400.056 7.941954333414426e-17
22450.056 1.393103026342377e-16
22500.056 9.819016870516983e-17
22550.056 2.5548471916572965e-17
22600.056 1.759992761707493e-17
22650.056 1.0226822983761078e-17
22700.056 2.3656194772714983e-17
22750.056 5.889731464083048e-17
22800.056 9.473418801863576e-17
22850.056 4.54546909039094e-17
22900.056 3.444241409190145e-17
22950.056 1.9410377310514375e-17
23000.056 1.3192292165543807e-17
23050.056 6.354120826990384e-18
23100.056 5.307207133033308e-16
23150.056 5.539474942303447e-16
23200.056 1.3994772251261012e-17
23250.056 1.4867251942600055e-16
23300.056 5.052132129785419e-17
23350.056 1.1210675448799545e-16
23400.056 8.265131765752794e-17
23450.056 2.662766966572925e-17
23500.056 1.8194053254170618e-17
23550.056 5.3381195929138794e-17
23600.056 2.5535319417289183e-16
23650.056 4.457774308113915e-16
23700.056 2.487287940143003e-17
23750.056 6.248345492299221e-17
23800.056 5.659429666738934e-16
23850.056 1.8480393651783864e-16
23900.056 5.557612164940861e-16
23950.056 1.9944735723266453e-16
24000.056 9.05781978614575e-16
24050.056 1.0057252157577107e-15
24100.056 2.193804705837967e-15
24150.056 3.40390060470012e-15
24200.056 2.8614653907161334e-15
24250.056 2.0412661880503907e-15
24300.056 5.521854163449681e-15
24350.056 5.720182587039455e-15
24400.056 1.243907165588031e-14
24450.056 1.585820237510092e-14
24500.056 1.6077033521899296e-14
24550.056 3.062465478770211e-14
24600.056 4.637330585099803e-14
24650.056 6.361368948800458e-14
24700.056 5.504288502819433e-14
24750.056 8.795385502410841e-14
24800.056 9.387865930100407e-14
24850.056 1.0062260545679565e-13
24900.056 9.14837342602944e-14
24950.056 1.1812047003711068e-13
25000.056 1.8322048609098613e-13
25050.056 1.0839518260151651e-13
25100.056 1.5271206700597462e-13
25150.056 8.296546121239175e-14
25200.056 1.2810357999611324e-13
25250.056 6.230759601978738e-14
25300.056 4.4460744144794465e-14
25350.056 3.038900528169205e-14
25400.056 6.788962076699912e-14
25450.056 2.0353787563197887e-14
25500.056 1.6089438458979906e-14
25550.056 4.219104762072192e-14
25600.056 1.546573320593487e-14
25650.056 5.892022589151374e-15
25700.056 5.4751093148318386e-15
25750.056 2.7964653342979938e-15
25800.056 1.0252151866086822e-14
25850.056 2.2253187571910504e-15
25900.056 2.5424705975190506e-15
25950.056 1.8404527605193076e-15
26000.056 7.198906933900504e-15
26050.056 2.291786104697141e-15
26100.056 5.439490342390545e-15
26150.056 3.8009724325094236e-15
26200.056 4.234574233621153e-15
26250.056 1.3155497658759102e-14
26300.056 5.140938238620618e-15
26350.056 2.4764618831928528e-14
26400.056 5.632643271689044e-14
26450.056 2.8821621150933554e-14
26500.056 6.15410440474963e-14
26550.056 1.5485473973393252e-14
26600.056 1.2666597125056731e-14
26650.056 4.921550451299349e-15
26700.056 4.990789746180747e-15
26750.056 7.083713328799369e-15
26800.056 1.5270084086061038e-14
26850.056 1.3951227001102829e-14
26900.056 3.256283789619814e-14
26950.056 1.0938148335202439e-14
27000.056 3.5801745559600695e-14
27050.056 6.33414491309977e-14
27100.056 9.464215870690233e-15
27150.056 4.753332445099948e-14
27200.056 9.542942805660806e-15
27250.056 1.842038945524556e-14
27300.056 1.2673348180700082e-13
27350.056 4.328116007029573e-14
27400.056 9.868381322598316e-15
27450.056 7.127233672501044e-14
27500.056 8.198752252399013e-14
27550.056 2.5374197561197306e-14
27600.056 6.223370986240075e-14
27650.056 2.492349743710219e-14
27700.056 2.910677134789835e-14
27750.056 9.8278036120804e-14
27800.056 5.2469641207903254e-14
27850.056 8.1551164971894e-14
27900.056 1.206238311763324e-13
27950.056 1.480537645459839e-13
28000.056 1.9414817985669561e-13
28050.056 3.3250772652509286e-14
28100.056 2.2434964356406603e-13
28150.056 1.7272889579245343e-13
28200.056 5.171312350968103e-14
28250.056 2.7132020374300087e-13
28300.056 2.0871538424131088e-13
28350.056 4.1723216351391167e-14
28400.056 1.8815368195870665e-13
28450.056 1.4616566869309546e-13
28500.056 6.88131291000238e-14
28550.056 5.3160521887480924e-14
28600.056 2.341912358073852e-13
28650.056 4.520918409078198e-14
28700.056 2.4209070724156815e-13
28750.056 3.4644268469488683e-13
28800.056 5.124379609128172e-14
28850.056 6.067089630480138e-13
