galfind/configs/Brown_Dwarf_templates/sonora_bobcat/m0.0/1780g/sp_t1200g1780nc_m0.0_resample.dat
# %ECSV 1.0
# ---
# datatype:
# - {name: wav, unit: Angstrom, datatype: float64}
# - {name: flux_nu, unit: erg / (cm2 Hz s), datatype: float64}
# meta: {C/O: '1.00', Kzz: '1.0000E+05', Teff: '1200.', Y: '0.28', '[Fe/H]': '0.00', f_hole: '1.00', f_rain: '0.00', grav: '1780.'}
# schema: astropy-2.0
wav flux_nu
4000.0559999999996 nan
4050.0559999999996 3.1402453596786855e-12
4100.056 9.420756105829793e-11
4150.056 2.2221580862800945e-10
4200.056 2.041648091057969e-10
4250.056 3.3311762858500274e-10
4300.056 4.1248650016102457e-10
4350.056 4.541993770500092e-10
4400.056 5.599028778900135e-10
4450.056 6.042153060800083e-10
4500.056 5.802177959800196e-10
4550.056 6.726962884189735e-10
4600.056 6.11985368939995e-10
4650.056 5.265517598999847e-10
4700.056 4.860515216700003e-10
4750.056 2.810669934299974e-10
4800.056 9.089816854899973e-11
4850.056 2.9246479331999665e-11
4900.056 1.3066737908499902e-11
4950.056 6.154975227999947e-12
5000.056 2.2750514507999746e-12
5050.056 9.274539712599957e-13
5100.056 7.533434727899994e-13
5150.056 6.590381569799997e-13
5200.056 5.745718138199992e-13
5250.056 4.839815796299991e-13
5300.056 4.0356604721999925e-13
5350.056 3.396717477299994e-13
5400.056 2.879164134999994e-13
5450.056 2.4380005624999966e-13
5500.056 2.0557045762999978e-13
5550.056 1.7302339854999964e-13
5600.056 1.4473678800999965e-13
5650.056 1.1968284278999967e-13
5700.056 9.773285352699973e-14
5750.056 7.868205280599977e-14
5800.056 6.177867242499976e-14
5850.056 4.224297896599955e-14
5900.056 1.4946574442879614e-14
5950.056 8.100636688500128e-14
6000.056 1.8180833507000133e-13
6050.056 3.875691597100046e-13
6100.056 7.988424007600086e-13
6150.056 1.5859890068000152e-12
6200.056 3.0006677787000244e-12
6250.056 5.392063534300044e-12
6300.056 9.319875705300072e-12
6350.056 1.552306453800012e-11
6400.056 2.4976889550000184e-11
6450.056 3.878794280900016e-11
6500.056 5.88474966350003e-11
6550.056 8.746454760000045e-11
6600.056 1.27605801090001e-10
6650.056 1.82225425060001e-10
6700.056 2.0244170544630126e-10
6750.056 3.398903491700018e-10
6800.056 4.3879723758000173e-10
6850.056 4.984614381900006e-10
6900.056 4.872045195700003e-10
6950.056 4.4794326697999925e-10
7000.056 4.490796276100009e-10
7050.056 4.899270645499997e-10
7100.056 5.393847389000003e-10
7150.056 5.702060998099976e-10
7200.056 5.742341734400036e-10
7250.056 5.491156837699934e-10
7300.056 4.970918805200012e-10
7350.056 4.3702079176999757e-10
7400.056 3.749440585600008e-10
7450.056 3.0882919618000017e-10
7500.056 2.3966810101999846e-10
7550.056 1.6982256859999866e-10
7600.056 1.0614675726699862e-10
7650.056 1.7972813010046896e-11
7700.056 9.775018850058493e-12
7750.056 7.278029043600197e-11
7800.056 1.7547357917100364e-10
7850.056 4.137539539200046e-10
7900.056 6.90001433690005e-10
7950.056 8.417533867322103e-10
8000.056 1.5504968017000119e-09
8050.056 2.1460814819000166e-09
8100.056 2.821419104200005e-09
8150.056 3.6225119733000147e-09
8200.056 4.616094687200076e-09
8250.056 5.767348432200053e-09
8300.056 7.100691624200226e-09
8350.056 8.576263916099979e-09
8400.056 1.0300231405899937e-08
8450.056 1.2379395854799991e-08
8500.056 1.3126193985607526e-08
8550.056 1.65468502618005e-08
8600.056 1.9947460225000112e-08
8650.056 2.2252085367999972e-08
8700.056 2.5770635764999566e-08
8750.056 2.9632122654000262e-08
8800.056 3.409217077400027e-08
8850.056 3.8445926085e-08
8900.056 4.12585172579999e-08
8950.056 3.832454021749931e-08
9000.056 5.130123296099926e-08
9050.056 6.123909773000107e-08
9100.056 6.8980864069001e-08
9150.056 7.590997742800148e-08
9200.056 8.529610574099609e-08
9250.056 8.94124424309938e-08
9300.056 6.20706635469877e-08
9350.056 7.795805438022205e-08
9400.056 1.0372144491439674e-07
9450.056 1.1009204988682637e-07
9500.056 1.1421637832158256e-07
9550.056 1.2562289698841186e-07
9600.056 1.3080280701960434e-07
9650.056 1.45828067022501e-07
9700.056 1.6907325298928886e-07
9750.056 1.8248307866240486e-07
9800.056 2.0161471333739018e-07
9850.056 2.2262519149699883e-07
9900.056 2.0125523782999564e-07
9950.056 1.9582175949999928e-07
10000.056 1.6872108184499943e-07
10050.056 2.1280161771999994e-07
10100.056 2.44874754920002e-07
10150.056 2.5947950411999375e-07
10200.056 2.849891433800001e-07
10250.056 3.083165558100009e-07
10300.056 3.2799487922e-07
10350.056 3.671863182500083e-07
10400.056 3.975275310399954e-07
10450.056 4.1936997162000057e-07
10500.056 4.2868803342000014e-07
10550.056 4.420127087700026e-07
10600.056 4.689025729299966e-07
10650.056 4.987716018100109e-07
10700.056 5.318947876700079e-07
10750.056 5.630074746200072e-07
10800.056 5.929563939200024e-07
10850.056 6.293254681799974e-07
10900.056 6.022043249499964e-07
10950.056 5.002915856899947e-07
11000.056 4.329553579689696e-07
11050.056 3.6227047202068983e-07
11100.056 3.0308004837389427e-07
11150.056 2.607371273181649e-07
11200.056 2.889240849476808e-07
11250.056 3.5929672080375614e-07
11300.056 3.5046017531580006e-07
11350.056 2.090308365786054e-07
11400.056 2.923756766319644e-07
11450.056 3.0229919477185987e-07
11500.056 3.5997130944050795e-07
11550.056 2.8014098777043306e-07
11600.056 2.8655742658846055e-07
11650.056 3.0708413858923317e-07
11700.056 2.310718464508015e-07
11750.056 2.0557645064294354e-07
11800.056 2.768714492067035e-07
11850.056 4.304613855779994e-07
11900.056 5.129854290229621e-07
11950.056 5.90206180847016e-07
12000.056 6.246550396100025e-07
12050.056 7.252436010300349e-07
12100.056 7.841732255799838e-07
12150.056 8.907900048799874e-07
12200.056 9.4581007252997e-07
12250.056 1.029419046739986e-06
12300.056 1.104022939890018e-06
12350.056 1.1031196711900015e-06
12400.056 1.041915722169983e-06
12450.056 9.572207852400149e-07
12500.056 9.694539365499827e-07
12550.056 1.0327633527500417e-06
12600.056 1.3330111527000136e-06
12650.056 1.3726694170400021e-06
12700.056 1.4491774723000433e-06
12750.056 1.417400088560002e-06
12800.056 1.439858068720013e-06
12850.056 1.3350202429099938e-06
12900.056 1.2626496866300144e-06
12950.056 1.261103110639988e-06
13000.056 1.2680040724599814e-06
13050.056 1.2394569200219692e-06
13100.056 1.2114917741659568e-06
13150.056 1.0968635879356e-06
13200.056 1.0098922661699791e-06
13250.056 7.940027984293869e-07
13300.056 4.937247192073963e-07
13350.056 1.7397215695881983e-07
13400.056 9.787746851037608e-08
13450.056 7.058271918406282e-08
13500.056 5.131426662584662e-08
13550.056 4.089273532593085e-08
13600.056 3.3868472141205786e-08
13650.056 6.29004415572611e-08
13700.056 5.120130538786701e-08
13750.056 6.317841744873715e-08
13800.056 7.802829713139042e-08
13850.056 6.195720244675372e-08
13900.056 6.116948072079529e-08
13950.056 5.769821215132206e-08
14000.056 5.489006144902239e-08
14050.056 6.352510196880454e-08
14100.056 5.0895831979656446e-08
14150.056 6.623152666701378e-08
14200.056 5.4664801510241596e-08
14250.056 5.3986404215290014e-08
14300.056 7.672803892108531e-08
14350.056 7.778266505557001e-08
14400.056 8.130239250209843e-08
14450.056 9.18189041609344e-08
14500.056 1.3192893553503614e-07
14550.056 1.3672392070786538e-07
14600.056 1.7891219384105103e-07
14650.056 1.7490618296433546e-07
14700.056 1.4942455085381674e-07
14750.056 1.7979668846071537e-07
14800.056 2.0892727866348382e-07
14850.056 2.2869540973791845e-07
14900.056 2.2570413632502132e-07
14950.056 2.5253375343572e-07
15000.056 2.7528192635381134e-07
15050.056 3.255089790784689e-07
15100.056 3.4245488527900067e-07
15150.056 3.800744864983212e-07
15200.056 3.931346341899619e-07
15250.056 4.566525045590038e-07
15300.056 4.929559609459798e-07
15350.056 5.556833825819792e-07
15400.056 6.04599838170016e-07
15450.056 6.512485367860299e-07
15500.056 6.79536912420008e-07
15550.056 7.445464500399683e-07
15600.056 7.673374358200139e-07
15650.056 7.963117142000243e-07
15700.056 8.658622576000419e-07
15750.056 8.966166118199928e-07
15800.056 8.945818647700209e-07
15850.056 9.230253203900021e-07
15900.056 9.078693016400117e-07
15950.056 8.927790083799704e-07
16000.056 8.385089030900052e-07
16050.056 7.438128169299908e-07
16100.056 6.61768927349975e-07
16150.056 5.658595922409853e-07
16200.056 4.788347708029619e-07
16250.056 4.578971207409647e-07
16300.056 4.264940258368005e-07
16350.056 4.54455351730138e-07
16400.056 4.903406254619115e-07
16450.056 5.179676632819677e-07
16500.056 5.5216620040737e-07
16550.056 5.406770200199974e-07
16600.056 5.383063189820356e-07
16650.056 4.282643674967195e-07
16700.056 3.028002101562421e-07
16750.056 3.5555718316099554e-07
16800.056 4.4404298356801385e-07
16850.056 4.46854352226969e-07
16900.056 4.21447380994411e-07
16950.056 3.8726293243698783e-07
17000.056 3.512709617300538e-07
17050.056 4.1955610793003497e-07
17100.056 4.405131992300088e-07
17150.056 3.9652826843198504e-07
17200.056 4.380291006499494e-07
17250.056 3.979442724379242e-07
17300.056 3.5974942332100775e-07
17350.056 3.2740078336798136e-07
17400.056 3.265153663069857e-07
17450.056 3.118654623979363e-07
17500.056 3.2252830316554137e-07
17550.056 2.916881109406099e-07
17600.056 2.753751317100192e-07
17650.056 2.70350080868412e-07
17700.056 2.1657702006680074e-07
17750.056 1.934960452706562e-07
17800.056 2.1929816730033904e-07
17850.056 1.63192337246998e-07
17900.056 1.7972643871905625e-07
17950.056 1.5046814722193592e-07
18000.056 1.5589379712095039e-07
18050.056 1.4100395587241347e-07
18100.056 1.4520976099833894e-07
18150.056 1.737970104560958e-07
18200.056 1.1845092447990638e-07
18250.056 2.0327895512958476e-07
18300.056 1.4790966094089597e-07
18350.056 1.368501613849515e-07
18400.056 1.293280926038255e-07
18450.056 1.3833496823966225e-07
18500.056 1.454623814638268e-07
18550.056 1.1940892383954297e-07
18600.056 1.0206068027239004e-07
18650.056 1.0322919648965859e-07
18700.056 1.0608851580617368e-07
18750.056 1.2656276466031084e-07
18800.056 1.8400320019858517e-07
18850.056 2.0814642002097326e-07
18900.056 1.9216075618788484e-07
18950.056 2.6844167688303516e-07
19000.056 2.163605797830401e-07
19050.056 1.8150331319989676e-07
19100.056 2.5577402323528924e-07
19150.056 2.0680999571726588e-07
19200.056 2.4001528983671403e-07
19250.056 1.9478972558609322e-07
19300.056 1.9112287852795669e-07
19350.056 1.745383823362829e-07
19400.056 1.2444691088194867e-07
19450.056 1.9308633337863458e-07
19500.056 1.9507632962433755e-07
19550.056 1.5105088763215732e-07
19600.056 1.8278544610105707e-07
19650.056 2.116892139862455e-07
19700.056 2.0885281193706887e-07
19750.056 2.0800103291769852e-07
19800.056 2.2822766664642707e-07
19850.056 2.741361477123034e-07
19900.056 2.170691496676861e-07
19950.056 3.0245720514959306e-07
20000.056 2.708203999313279e-07
20050.056 3.170371102113324e-07
20100.056 3.2115497797649525e-07
20150.056 3.457304462530485e-07
20200.056 3.7029142369065297e-07
20250.056 4.0336154152995385e-07
20300.056 3.980049417440349e-07
20350.056 4.491959976749601e-07
20400.056 4.4388716691090614e-07
20450.056 4.806587676029382e-07
20500.056 5.070581768619455e-07
20550.056 5.069075651830169e-07
20600.056 5.560091501500313e-07
20650.056 5.501353148280225e-07
20700.056 5.655625677100269e-07
20750.056 5.726783092999845e-07
20800.056 5.936823745399771e-07
20850.056 5.82605905379988e-07
20900.056 6.064249231099469e-07
20950.056 5.976806195000071e-07
21000.056 5.964236946100176e-07
21050.056 5.928315465899906e-07
21100.056 5.836030500100061e-07
21150.056 5.906679476599456e-07
21200.056 5.70911263180011e-07
21250.056 5.661339109699505e-07
21300.056 5.334994752199773e-07
21350.056 5.334046538420038e-07
21400.056 5.169998918500623e-07
21450.056 5.034309011880051e-07
21500.056 4.812882038560343e-07
21550.056 4.6432015668001547e-07
21600.056 4.3995933987602796e-07
21650.056 4.176297897700128e-07
21700.056 4.1491711970000824e-07
21750.056 3.78081911257015e-07
21800.056 3.4832414168996336e-07
21850.056 3.2100920922400075e-07
21900.056 2.7695922226698785e-07
21950.056 2.1566212991902612e-07
22000.056 1.3141288794290765e-07
22050.056 1.0592793498976236e-07
22100.056 1.3876401201603608e-07
22150.056 1.6009163171437463e-07
22200.056 1.7027867515759924e-07
22250.056 1.655209163550321e-07
22300.056 1.4189768846249616e-07
22350.056 1.388138115973025e-07
22400.056 1.1576582053599436e-07
22450.056 1.0464709090628998e-07
22500.056 1.0778743933862517e-07
22550.056 9.326883660858281e-08
22600.056 9.544960723003254e-08
22650.056 9.84787747346077e-08
22700.056 9.045608260029455e-08
22750.056 9.082555356440908e-08
22800.056 8.747940605378518e-08
22850.056 7.744685873311289e-08
22900.056 7.432080121018482e-08
22950.056 6.951413639328439e-08
23000.056 8.226981155999626e-08
23050.056 1.0143944192429637e-07
23100.056 1.4083828488031637e-07
23150.056 1.3902597377178754e-07
23200.056 5.9590029414192354e-08
23250.056 7.143233721361105e-08
23300.056 6.169905982741846e-08
23350.056 6.079409433890327e-08
23400.056 6.189935226250858e-08
23450.056 6.177634061370067e-08
23500.056 6.67517441604219e-08
23550.056 8.045368074430963e-08
23600.056 9.213093468668746e-08
23650.056 1.0840452339188592e-07
23700.056 6.950124192981301e-08
23750.056 6.47219319381951e-08
23800.056 6.77228985641972e-08
23850.056 7.386105767520802e-08
23900.056 1.0155522478330583e-07
23950.056 1.0555558547071028e-07
24000.056 1.1965458777069022e-07
24050.056 1.2925160101769415e-07
24100.056 1.2022703197468975e-07
24150.056 1.3315730733992433e-07
24200.056 1.3492632308569915e-07
24250.056 1.238781114639055e-07
24300.056 1.3871973427252565e-07
24350.056 1.2038875424937342e-07
24400.056 1.4990531961041957e-07
24450.056 1.350484050460602e-07
24500.056 1.3867395673597474e-07
24550.056 1.4920231276164285e-07
24600.056 1.5116231809920392e-07
24650.056 1.7957663821631546e-07
24700.056 1.3365182534726976e-07
24750.056 1.378055678672065e-07
24800.056 1.3993899908150936e-07
24850.056 1.8292649095382634e-07
24900.056 1.1203804611824808e-07
24950.056 1.7418360495170913e-07
25000.056 1.5389849376793114e-07
25050.056 1.0965622158570652e-07
25100.056 1.4840021832997892e-07
25150.056 1.1174770188509853e-07
25200.056 1.333443284636023e-07
25250.056 9.809594013972599e-08
25300.056 1.2913323323765624e-07
25350.056 8.828191422442779e-08
25400.056 1.3496221038412445e-07
25450.056 8.823904091801613e-08
25500.056 9.432783187339861e-08
25550.056 9.980619965446682e-08
25600.056 9.936543552239304e-08
25650.056 7.137562261973017e-08
25700.056 1.219425479001332e-07
25750.056 6.491313164069765e-08
25800.056 1.280449382177642e-07
25850.056 7.500117289535488e-08
25900.056 1.0375342117580818e-07
25950.056 6.471439098773779e-08
26000.056 1.3260478775724495e-07
26050.056 9.37646986524406e-08
26100.056 1.3789748348780065e-07
26150.056 1.1331036634470594e-07
26200.056 1.1793522923347062e-07
26250.056 1.6543906652804527e-07
26300.056 1.2374318667784866e-07
26350.056 1.8933587871462614e-07
26400.056 1.816372920361744e-07
26450.056 1.7883974493322477e-07
26500.056 1.978378698672634e-07
26550.056 1.3259296067034083e-07
26600.056 1.8052363290413644e-07
26650.056 1.0051446636416943e-07
26700.056 9.572566512869719e-08
26750.056 6.87195286183054e-08
26800.056 9.787261043849302e-08
26850.056 6.228875708989992e-08
26900.056 1.1695074058770404e-07
26950.056 6.753772663181825e-08
27000.056 1.3348653327446637e-07
27050.056 1.0798256068949574e-07
27100.056 9.331285283668245e-08
27150.056 1.378350534588155e-07
27200.056 1.0063026901885997e-07
27250.056 1.122630423710035e-07
27300.056 2.0394323774971416e-07
27350.056 1.5926847055331123e-07
27400.056 7.335341472364734e-08
27450.056 1.963878749433862e-07
27500.056 1.895483787108797e-07
27550.056 1.0714885819026012e-07
27600.056 1.762390821416992e-07
27650.056 9.944301085727786e-08
27700.056 8.502866383940897e-08
27750.056 1.807129306138925e-07
27800.056 9.829732749367222e-08
27850.056 1.1297272467344165e-07
27900.056 1.2529038326395997e-07
27950.056 1.8873433001470807e-07
28000.056 1.496077087894037e-07
28050.056 7.666321763466536e-08
28100.056 1.9968363757920042e-07
28150.056 1.287010679500116e-07
28200.056 8.289708224617193e-08
28250.056 1.8614599826768065e-07
28300.056 2.2130414204864592e-07
28350.056 9.907067118836772e-08
28400.056 1.526793838422967e-07
28450.056 1.9688660110176383e-07
28500.056 1.5640028760627183e-07
28550.056 7.775683328738546e-08
28600.056 2.1012890673268675e-07
28650.056 1.8041685879031812e-07
28700.056 1.5546526464437097e-07
28750.056 2.1083236620729945e-07
28800.056 1.877494272408453e-07
28850.056 2.0590464504499804e-07
