galfind/configs/Brown_Dwarf_templates/sonora_bobcat/m+0.5/1000g/sp_t2000g1000nc_m+0.5_resample.dat
# %ECSV 1.0
# ---
# datatype:
# - {name: wav, unit: Angstrom, datatype: float64}
# - {name: flux_nu, unit: erg / (cm2 Hz s), datatype: float64}
# meta: {C/O: '1.00', Kzz: '1.0000E+05', Teff: '2000.', Y: '0.28', '[Fe/H]': '0.50', f_hole: '1.00', f_rain: '0.00', grav: '1000.'}
# schema: astropy-2.0
wav flux_nu
[from data line 498]
28900.056 1.2773101389200637e-06
28950.056 1.883651794759883e-06
29000.056 1.5430632901395943e-06
29050.056 1.6343632999299432e-06
29100.056 1.3091655729402033e-06
29150.056 1.741845380090186e-06
29200.056 1.5034026422102208e-06
29250.056 1.6915968730899939e-06
29300.056 1.3910128723594283e-06
29350.056 1.9777081033297626e-06
29400.056 1.5923386811098473e-06
29450.056 1.606879689779972e-06
29500.056 1.6819930316198117e-06
29550.056 1.6256098093801008e-06
29600.056 1.77958371043974e-06
29650.056 1.6679394361398852e-06
29700.056 1.529637238969826e-06
29750.056 1.877748043330677e-06
29800.056 1.902431575679817e-06
29850.056 1.777648837289805e-06
29900.056 1.6267982516705146e-06
29950.056 1.96781930317968e-06
30000.056 1.918796356429575e-06
30050.056 1.7841078630499608e-06
30100.056 1.5152056799595732e-06
30150.056 2.253015279719903e-06
30200.056 1.9752023058601462e-06
30250.056 1.9454233932104336e-06
30300.056 1.8822724621697723e-06
30350.056 1.899479534490306e-06
30400.056 2.284787396650397e-06
30450.056 1.7985626391102025e-06
30500.056 1.7061956478801895e-06
30550.056 2.277772389130374e-06
30600.056 2.182630460720253e-06
30650.056 2.235891953110095e-06
30700.056 2.0410590020098704e-06
30750.056 2.01881869051001e-06
30800.056 2.424232460630474e-06
30850.056 2.08242065488992e-06
30900.056 2.046690768599859e-06
30950.056 1.9925317081902273e-06
31000.056 2.3893233848599822e-06
31050.056 2.116845164569998e-06
31100.056 2.157494334949893e-06
31150.056 2.304739235619624e-06
31200.056 2.249507147869769e-06
31250.056 2.553671288340405e-06
31300.056 2.2520717663098445e-06
31350.056 2.264439422499961e-06
31400.056 2.2714866126404987e-06
31450.056 2.3358480134800218e-06
31500.056 2.3454103576102337e-06
31550.056 2.2133740200699506e-06
31600.056 2.3084829848198175e-06
31650.056 2.4827290446899044e-06
31700.056 2.393406364599891e-06
31750.056 2.1959127936601505e-06
31800.056 2.5386555864001523e-06
31850.056 2.697063284160244e-06
31900.056 2.703119675309793e-06
31950.056 2.1454584171598926e-06
32000.056 2.2679633848404124e-06
32050.056 2.6509322951103127e-06
32100.056 2.6885507590196683e-06
32150.056 2.6971060097299654e-06
32200.056 2.6024486357499716e-06
32250.056 2.485274717370179e-06
32300.056 2.6520288323900614e-06
32350.056 2.900043307300463e-06
32400.056 2.577330414490003e-06
32450.056 2.5626806052902014e-06
32500.056 2.8026256602002445e-06
32550.056 3.1142654733600407e-06
32600.056 3.015828108839805e-06
32650.056 2.934330326000712e-06
32700.056 2.825700113600219e-06
32750.056 2.8903239090600516e-06
32800.056 2.6420696158201423e-06
32850.056 3.1655315508396984e-06
32900.056 3.082293338839998e-06
32950.056 2.6606780905798624e-06
33000.056 2.8616555437102518e-06
33050.056 2.931748660459604e-06
33100.056 2.9769359389892773e-06
33150.056 2.8541019860200486e-06
33200.056 2.520749202380264e-06
33250.056 2.8600998413600463e-06
33300.056 2.992883570060357e-06
33350.056 2.8836621903200047e-06
33400.056 2.596503295109628e-06
33450.056 2.829996387559353e-06
33500.056 3.095831697000279e-06
33550.056 2.867628826589789e-06
33600.056 3.0274319978405776e-06
33650.056 3.17973719454071e-06
33700.056 3.2355916698596683e-06
33750.056 3.2240636533200653e-06
33800.056 3.049128054500058e-06
33850.056 3.047375829130287e-06
33900.056 3.515376173799506e-06
33950.056 3.1073865653396568e-06
34000.056 3.1228651641694253e-06
34050.056 3.185974648979909e-06
34100.056 3.2902004716604498e-06
34150.056 3.2401205240994866e-06
34200.056 3.117398770909533e-06
34250.056 3.497597741099668e-06
34300.056 3.219027029899559e-06
34350.056 3.2703175788999033e-06
34400.056 3.1846616089197438e-06
34450.056 3.0279740370601654e-06
34500.056 3.4152107676006024e-06
34550.056 3.1683694888997682e-06
34600.056 3.2957628186799983e-06
34650.056 3.3859999552001554e-06
34700.056 3.338789335999265e-06
34750.056 3.5438072623002225e-06
34800.056 3.511070709399651e-06
34850.056 3.2059471190400465e-06
34900.056 3.3846896801001195e-06
34950.056 3.3388923580994255e-06
35000.056 3.237595099669634e-06
35050.056 3.805295298200647e-06
35100.056 3.4269600062995104e-06
35150.056 3.5642359862198876e-06
35200.056 3.5294548515998425e-06
35250.056 3.2686502472002473e-06
35300.056 3.527207888000253e-06
35350.056 3.679400242599823e-06
35400.056 3.3986868934996808e-06
35450.056 3.376321037000335e-06
35500.056 3.7024538491998764e-06
35550.056 3.554482927399811e-06
35600.056 3.3603421733995326e-06
35650.056 3.80663675250042e-06
35700.056 3.418634087700281e-06
35750.056 3.559939511299684e-06
35800.056 3.7163261807997177e-06
35850.056 3.646205814500016e-06
35900.056 3.93713797529965e-06
35950.056 3.686171488699885e-06
36000.056 3.437468690799654e-06
36050.056 3.912047947700369e-06
36100.056 4.001126763099547e-06
36150.056 3.5108908255004857e-06
36200.056 3.889845840799622e-06
36250.056 3.621173512599461e-06
36300.056 4.124401182200501e-06
36350.056 3.836015644399527e-06
36400.056 3.810351916999997e-06
36450.056 4.157126140599638e-06
36500.056 3.821803769500243e-06
36550.056 3.773726512500605e-06
36600.056 3.7775388586002257e-06
36650.056 3.9332365272002775e-06
36700.056 4.219414653400012e-06
36750.056 3.7676109786002545e-06
36800.056 3.9402500252998205e-06
36850.056 4.054656042900244e-06
36900.056 4.0258555949005e-06
36950.056 4.008854388799945e-06
37000.056 4.133163170999929e-06
37050.056 4.2148501530997856e-06
37100.056 4.071343144900397e-06
37150.056 4.09444833689934e-06
37200.056 4.208433459100002e-06
37250.056 4.239413282400111e-06
37300.056 4.3067814673006855e-06
37350.056 3.985483226100491e-06
37400.056 4.21541448159981e-06
37450.056 4.1234920072002385e-06
37500.056 4.318973771199669e-06
37550.056 4.189756625799343e-06
37600.056 4.412840798199596e-06
37650.056 4.1323941333997574e-06
37700.056 4.29439997820001e-06
37750.056 4.409020516899622e-06
37800.056 4.47424605519982e-06
37850.056 4.317662943299838e-06
37900.056 4.382163833500329e-06
37950.056 4.428165817900133e-06
38000.056 4.4170406563004726e-06
38050.056 4.3960118020003195e-06
38100.056 4.225143018800279e-06
38150.056 4.564592889699638e-06
38200.056 4.584843709399558e-06
38250.056 4.261568874500509e-06
38300.056 4.219329114399947e-06
38350.056 4.375364413599923e-06
38400.056 4.478128171599801e-06
38450.056 4.605510615600304e-06
38500.056 4.398328316699843e-06
38550.056 4.450397320100256e-06
38600.056 4.872017951699832e-06
38650.056 4.287187502600092e-06
38700.056 4.328415083400691e-06
38750.056 4.57027738129993e-06
38800.056 4.499002926300543e-06
38850.056 4.483424349700183e-06
38900.056 4.2951042181999045e-06
38950.056 4.587062658899806e-06
39000.056 4.443350394200109e-06
39050.056 4.5427313087999085e-06
39100.056 4.264033478200037e-06
39150.056 4.4279079466001536e-06
39200.056 4.543752704000111e-06
39250.056 4.513357769599393e-06
39300.056 4.510121784599323e-06
39350.056 4.497674348300388e-06
39400.056 4.4191640095001215e-06
39450.056 4.47198019139986e-06
39500.056 4.338458384999673e-06
39550.056 4.2780694810994e-06
39600.056 4.666084048300053e-06
39650.056 4.174646658600118e-06
39700.056 4.334558927299869e-06
39750.056 4.370707412299548e-06
39800.056 4.078966575400212e-06
39850.056 4.291610791199737e-06
39900.056 4.168236693699883e-06
39950.056 4.367211680699805e-06
40000.056 3.996772784199772e-06
40050.056 3.854110122999968e-06
40100.056 4.1283939730998645e-06
40150.056 3.868901842699336e-06
40200.056 4.042305944799786e-06
40250.056 3.88543944329899e-06
40300.056 3.718337375000277e-06
40350.056 3.940170771700337e-06
40400.056 3.9550930551000095e-06
40450.056 3.6989245175003734e-06
40500.056 3.4691481631002098e-06
40550.056 3.995608788499632e-06
40600.056 3.4571894786003328e-06
40650.056 3.707955228600507e-06
40700.056 3.901572190500146e-06
40750.056 3.426984080398979e-06
40800.056 3.391687609900241e-06
40850.056 3.220618297200732e-06
40900.056 3.2334319620003773e-06
40950.056 3.39966137219993e-06
41000.056 3.4913461011000437e-06
41050.056 3.450570700099394e-06
41100.056 3.2256848013000713e-06
41150.056 3.48101732570007e-06
41200.056 3.267962571600052e-06
41250.056 3.35167490500025e-06
41300.056 2.912909459599582e-06
41350.056 3.3954792127001175e-06
41400.056 3.157520645200191e-06
41450.056 3.1429541314001947e-06
41500.056 3.352753411900228e-06
41550.056 3.2340269058801053e-06
41600.056 3.2429022839000867e-06
41650.056 2.990812418400418e-06
41700.056 2.8553322248997e-06
41750.056 2.978638275599813e-06
41800.056 2.968455950159614e-06
41850.056 2.6202766530204665e-06
41900.056 3.0306824040398654e-06
41950.056 2.6384455266006647e-06
42000.056 2.7322075005701857e-06
42050.056 2.4660012127393763e-06
42100.056 2.760921894970288e-06
42150.056 2.106611231189264e-06
42200.056 2.3044947370400913e-06
42250.056 2.526060912169908e-06
42300.056 2.0770237828200514e-06
42350.056 2.454544688200627e-06
42400.056 2.0926385890305023e-06
42450.056 1.8527612148002356e-06
42500.056 1.9567768897402775e-06
42550.056 1.980143019670017e-06
42600.056 1.969427252030433e-06
42650.056 1.7215537751890189e-06
42700.056 2.0048373657406924e-06
42750.056 1.849538662289867e-06
42800.056 1.8192664063406328e-06
42850.056 1.917521465729626e-06
42900.056 1.873285253230062e-06
42950.056 1.7438400144291912e-06
43000.056 1.7890380675499764e-06
43050.056 1.7040184072408234e-06
43100.056 1.8572771705902341e-06
43150.056 1.845592233280301e-06
43200.056 1.8242117880802263e-06
43250.056 1.7612088543997817e-06
43300.056 1.8587322710602236e-06
43350.056 1.662198478049881e-06
43400.056 1.7406778882399758e-06
43450.056 1.722170166620493e-06
43500.056 1.6837072759797923e-06
43550.056 1.749623528670104e-06
43600.056 1.772041051950162e-06
43650.056 1.5702903696301785e-06
43700.056 1.5447669710895093e-06
43750.056 1.5962564384702975e-06
43800.056 1.4643565177802823e-06
43850.056 1.5301968937303584e-06
43900.056 1.5939475242698875e-06
43950.056 1.4866757350603025e-06
44000.056 1.4126594026502273e-06
44050.056 1.4094069686501483e-06
44100.056 1.460160084130279e-06
44150.056 1.5312705624896998e-06
44200.056 1.4226894747799309e-06
44250.056 1.4351621888300528e-06
44300.056 1.4067017227801666e-06
44350.056 1.344599401290054e-06
44400.056 1.4287753692299217e-06
44450.056 1.470810601820064e-06
44500.056 1.464397381940091e-06
44550.056 1.3178520838597101e-06
44600.056 1.3652541012101395e-06
44650.056 1.445707391250095e-06
44700.056 1.3669738281700742e-06
44750.056 1.4017752746498324e-06
44800.056 1.4334029104099596e-06
44850.056 1.4115623837701401e-06
44900.056 1.345862695700173e-06
44950.056 1.2623757799400216e-06
45000.056 1.3874727748099333e-06
45050.056 1.3775737192398675e-06
45100.056 1.4404293211799858e-06
45150.056 1.3266087031299614e-06
45200.056 1.2212307098699966e-06
45250.056 1.2784820357098927e-06
45300.056 1.403154815440065e-06
45350.056 1.4415883565798824e-06
45400.056 1.3426433022501795e-06
45450.056 1.2411345220198097e-06
45500.056 1.2975656386699253e-06
45550.056 1.431212437699959e-06
45600.056 1.30885163018996e-06
45650.056 1.2002237426797817e-06
45700.056 1.3999760318501031e-06
45750.056 1.2718347997500142e-06
45800.056 1.2487779415299567e-06
45850.056 1.5006582729899712e-06
45900.056 1.4762079128200495e-06
45950.056 1.2858318779499904e-06
46000.056 1.5383859714400148e-06
46050.056 1.5480721455203464e-06
46100.056 1.248269334290122e-06
46150.056 1.3510272137699201e-06
46200.056 1.4621665751303282e-06
46250.056 1.2069748075199946e-06
46300.056 1.5947932682499724e-06
46350.056 1.33309802571986e-06
46400.056 1.3817767080698438e-06
46450.056 1.4181423511102208e-06
46500.056 1.2966608042999002e-06
46550.056 1.5849122308799986e-06
46600.056 1.461145582860043e-06
46650.056 1.861952588949855e-06
46700.056 1.755858570130539e-06
46750.056 1.3811326036499303e-06
46800.056 1.5065788727102165e-06
46850.056 1.623197818850173e-06
46900.056 1.5124208709497448e-06
46950.056 1.7483660584700287e-06
47000.056 1.4470897616700068e-06
47050.056 1.7137687135798151e-06
47100.056 1.332588456300089e-06
47150.056 1.5169673039501979e-06
47200.056 1.6006849253504195e-06
47250.056 1.4337228345297619e-06
47300.056 1.5329554935396612e-06
47350.056 1.2618920124097932e-06
47400.056 1.5791612370796789e-06
47450.056 1.425887152479874e-06
47500.056 1.5590769141597724e-06
47550.056 1.4098331492798693e-06
47600.056 1.6137746318798532e-06
47650.056 1.166679139519718e-06
47700.056 1.6451488714700136e-06
47750.056 1.1171576791102782e-06
47800.056 1.5906346648598649e-06
47850.056 1.191604667809841e-06
47900.056 1.6087950893200885e-06
47950.056 1.194439901680239e-06
48000.056 1.8033127692999846e-06
48050.056 1.3177336878902172e-06
48100.056 1.4842209752399425e-06
48150.056 1.3136576132601756e-06
48200.056 1.6209973183201853e-06
48250.056 1.3184320891299878e-06
48300.056 1.7601776786197717e-06
48350.056 1.1705716235198147e-06
48400.056 1.5818296655899785e-06
48450.056 1.25708004129004e-06
48500.056 1.784227954300032e-06
48550.056 1.1791464815000218e-06
48600.056 1.6698323217998476e-06
48650.056 1.2238035939499814e-06
48700.056 1.6309246088601141e-06
48750.056 1.093287138410107e-06
48800.056 1.7758553952501086e-06
48850.056 1.1966335108697609e-06
48900.056 1.6505955621001518e-06
48950.056 1.417229389540005e-06
49000.056 1.4398876866899115e-06
49050.056 1.5412618025399125e-06
49100.056 1.3949288879901405e-06
49150.056 1.4705480463699837e-06
49200.056 1.379059423899933e-06
49250.056 1.457132731049993e-06
49300.056 1.2693609577098295e-06
49350.056 1.387898047549936e-06
49400.056 1.6252790412500958e-06
49450.056 1.366234143030314e-06
49500.056 1.4367731035201105e-06
49550.056 1.2565979506999338e-06
49600.056 1.3757556211202855e-06
49650.056 1.444992632810051e-06
49700.056 1.2250703908398938e-06
49750.056 1.9178882357197727e-06
49800.056 1.3690731121700635e-06
49850.056 1.7913478303400727e-06
49900.056 1.395890178780078e-06
49950.056 1.4696087989296786e-06
50000.056 1.4564687558996536e-06
50050.056 1.4487842683501083e-06
50100.056 1.6004552348999014e-06
50150.056 1.329926587610028e-06
50200.056 1.2568984490901645e-06
50250.056 1.4622810093101068e-06
50300.056 1.3265781136199149e-06
50350.056 1.6263146713399552e-06
50400.056 1.38787497522993e-06
50450.056 1.3967871334201956e-06
50500.056 1.8087859029402386e-06
50550.056 1.4291347091399364e-06
50600.056 1.5796630530300062e-06
50650.056 1.452602210640307e-06
50700.056 1.6439974622296403e-06
50750.056 1.7082095000002217e-06
50800.056 1.2129659848398509e-06
50850.056 1.4943955519202101e-06
50900.056 1.5775187263099337e-06
50950.056 1.585465074950282e-06
51000.056 1.871413756310172e-06
51050.056 1.4047548221601713e-06
51100.056 1.382242842109908e-06
51150.056 1.6063338710899243e-06
51200.056 1.469092200059956e-06
51250.056 1.6827134637500022e-06
51300.056 1.34677573150039e-06
51350.056 1.590103409219817e-06
51400.056 1.501607865219652e-06
51450.056 1.07791272318983e-06
51500.056 1.5156891794200491e-06
51550.056 1.906038883280171e-06
51600.056 1.230718278750014e-06
51650.056 1.5418402533997578e-06
51700.056 1.4200668453695495e-06
51750.056 1.3553825724900745e-06
51800.056 1.666959298709731e-06
51850.056 1.5947203405297713e-06
51900.056 1.709084848420229e-06
51950.056 1.5559838993198461e-06
52000.056 1.3103194880799586e-06
52050.056 1.571867280319874e-06
52100.056 1.4650900860597584e-06
52150.056 1.4834135366001025e-06
52200.056 1.431136570040078e-06
52250.056 1.4678747184699709e-06
52300.056 1.6229831455199714e-06
52350.056 1.7353956650701934e-06
52400.056 1.251903428890162e-06
52450.056 1.4707720822400058e-06
52500.056 1.6796887594896784e-06
52550.056 1.5352303357096052e-06
52600.056 1.5834615808201483e-06
52650.056 1.7856141063602355e-06
52700.056 1.4818750696000555e-06
52750.056 1.2487409490398758e-06
52800.056 1.3957691305501181e-06
52850.056 1.3195782530198865e-06
52900.056 1.530000255440066e-06
52950.056 1.453535001009822e-06
53000.056 1.6732310342298789e-06
53050.056 1.4871596025997016e-06
53100.056 1.4192984838897569e-06
53150.056 1.7447801784402853e-06
53200.056 1.196454605180195e-06
53250.056 1.6881458621699588e-06
53300.056 1.678020855460642e-06
53350.056 1.6731544552397817e-06
53400.056 1.5196454635701035e-06
