galfind/configs/Brown_Dwarf_templates/sonora_bobcat/m+0.5/1000g/sp_t900g1000nc_m+0.5_resample.dat
# %ECSV 1.0
# ---
# datatype:
# - {name: wav, unit: Angstrom, datatype: float64}
# - {name: flux_nu, unit: erg / (cm2 Hz s), datatype: float64}
# meta: {C/O: '1.00', Kzz: '1.0000E+05', Teff: '900.', Y: '0.28', '[Fe/H]': '0.50', f_hole: '1.00', f_rain: '0.00', grav: '1000.'}
# schema: astropy-2.0
wav flux_nu
[from data line 499]
28950.056 5.906201813896416e-08
29000.056 4.714001949655916e-08
29050.056 5.3256808389612964e-08
29100.056 3.8155909201425654e-08
29150.056 7.102491399224337e-08
29200.056 4.725031864953258e-08
29250.056 6.745963695100465e-08
29300.056 3.803479710148703e-08
29350.056 1.0953866895604652e-07
29400.056 5.489366594464875e-08
29450.056 6.057867710386099e-08
29500.056 7.052316991788684e-08
29550.056 6.080165760964317e-08
29600.056 7.223799790702643e-08
29650.056 7.663234014615719e-08
29700.056 5.528928350189125e-08
29750.056 7.809139142324604e-08
29800.056 8.065858903730138e-08
29850.056 8.75566779952033e-08
29900.056 8.473466735357599e-08
29950.056 8.248895590583515e-08
30000.056 3.5415242421854636e-08
30050.056 4.679414818479147e-08
30100.056 5.0039493186996424e-08
30150.056 8.697908411519117e-08
30200.056 6.676709650172102e-08
30250.056 1.0636020098541842e-07
30300.056 9.167990893590757e-08
30350.056 7.685333116593327e-08
30400.056 9.890620278585106e-08
30450.056 6.858010553404071e-08
30500.056 6.130842463591004e-08
30550.056 6.417485777435808e-08
30600.056 8.109924254699972e-08
30650.056 6.2288701866093e-08
30700.056 5.818354631580938e-08
30750.056 6.287488992998956e-08
30800.056 5.464505271891265e-08
30850.056 5.0079627082880367e-08
30900.056 4.417555984329047e-08
30950.056 4.032547482863014e-08
31000.056 3.827304463270454e-08
31050.056 3.9959137748199874e-08
31100.056 2.9469592161058445e-08
31150.056 3.7742596817857506e-08
31200.056 4.2266120049009804e-08
31250.056 2.9406992693516253e-08
31300.056 2.7922319294934747e-08
31350.056 2.9092437649762084e-08
31400.056 2.185379898401139e-08
31450.056 2.5421362912694276e-08
31500.056 1.845250570406565e-08
31550.056 2.1442948282957066e-08
31600.056 1.6725907560621935e-08
31650.056 1.525076490351477e-08
31700.056 1.611882557049865e-08
31750.056 1.2066954559067606e-08
31800.056 1.7045657732698186e-08
31850.056 1.1537518560650265e-08
31900.056 1.5142653461020754e-08
31950.056 9.379741450506762e-09
32000.056 1.2891450204819062e-08
32050.056 1.3373231407612701e-08
32100.056 1.2428700202121332e-08
32150.056 1.4456450139588944e-08
32200.056 1.1294972046883096e-08
32250.056 1.6836571773853856e-08
32300.056 1.059806340984075e-08
32350.056 1.7591187549678982e-08
32400.056 1.0825540444257304e-08
32450.056 1.589819459342537e-08
32500.056 1.3983425510519271e-08
32550.056 1.4379225037168337e-08
32600.056 1.6837296225506725e-08
32650.056 2.3047416343084576e-08
32700.056 1.9881550748405124e-08
32750.056 2.541069254170399e-08
32800.056 2.429334374308083e-08
32850.056 2.7320815991797314e-08
32900.056 2.985566677119623e-08
32950.056 3.128183791977829e-08
33000.056 2.583793520731287e-08
33050.056 2.4945811449509953e-08
33100.056 1.2462964928065898e-08
33150.056 2.287260124733153e-09
33200.056 2.5972953215426595e-09
33250.056 1.7246909367495557e-09
33300.056 2.4071428123906226e-09
33350.056 4.487736765710229e-09
33400.056 6.920612919397651e-09
33450.056 9.940110984576141e-09
33500.056 1.642662302630851e-08
33550.056 1.3635742846429452e-08
33600.056 2.15908206368376e-08
33650.056 2.2298461511799714e-08
33700.056 1.778632206554595e-08
33750.056 2.7237948555485714e-08
33800.056 1.8233552521099228e-08
33850.056 2.3653380696356826e-08
33900.056 1.898247855804945e-08
33950.056 1.9811119446954778e-08
34000.056 2.5975098508068537e-08
34050.056 1.3598042990067448e-08
34100.056 2.5020399225662663e-08
34150.056 1.8197503851458852e-08
34200.056 2.1459951290210464e-08
34250.056 2.1021467146990647e-08
34300.056 1.7754043132791825e-08
34350.056 1.8105358863000495e-08
34400.056 1.4757132190117328e-08
34450.056 2.2078909845991596e-08
34500.056 1.951923411540234e-08
34550.056 1.3971195699800598e-08
34600.056 2.6545973394599735e-08
34650.056 1.6447774464980778e-08
34700.056 2.2238330163499004e-08
34750.056 2.1337452045092325e-08
34800.056 1.799369432652594e-08
34850.056 2.3708509700004806e-08
34900.056 2.2542006530229075e-08
34950.056 2.484343474189486e-08
35000.056 3.7470440599956764e-08
35050.056 2.2370898802462073e-08
35100.056 3.118891133870223e-08
35150.056 3.0854274954007465e-08
35200.056 3.0728816291178115e-08
35250.056 4.160660430094639e-08
35300.056 2.9763742662125792e-08
35350.056 3.182862355393053e-08
35400.056 3.6220138192498826e-08
35450.056 2.4710110398974044e-08
35500.056 4.9035547598895235e-08
35550.056 4.304627019419452e-08
35600.056 3.911474755091879e-08
35650.056 4.4237628030442784e-08
35700.056 3.877520916679201e-08
35750.056 5.070208617839536e-08
35800.056 6.342623969320163e-08
35850.056 3.8885314136597564e-08
35900.056 5.3674129060506905e-08
35950.056 5.2567453616589e-08
36000.056 5.156705427380819e-08
36050.056 4.9545484329484746e-08
36100.056 4.98994172823923e-08
36150.056 5.654027889438775e-08
36200.056 6.240230607158514e-08
36250.056 5.550514753218691e-08
36300.056 7.104912777770404e-08
36350.056 6.528291433360674e-08
36400.056 6.799319972259032e-08
36450.056 7.638931752690033e-08
36500.056 8.011950710670149e-08
36550.056 8.718108336802515e-08
36600.056 1.001192663719918e-07
36650.056 9.247121251588435e-08
36700.056 9.664297582938027e-08
36750.056 1.0770763318203948e-07
36800.056 1.0827531318899791e-07
36850.056 9.79996251136806e-08
36900.056 1.0974157255598925e-07
36950.056 1.2130483912898087e-07
37000.056 1.1143438513698982e-07
37050.056 1.193659425419995e-07
37100.056 1.2148627998949638e-07
37150.056 1.1130908343440286e-07
37200.056 1.3328858034099011e-07
37250.056 1.2451723759397443e-07
37300.056 1.1194264223755211e-07
37350.056 1.2452011155531966e-07
37400.056 1.6853579894999536e-07
37450.056 1.2812609410439466e-07
37500.056 1.292067194716886e-07
37550.056 1.6236967008207864e-07
37600.056 1.8299653806301734e-07
37650.056 1.2895930941200995e-07
37700.056 1.800324909110144e-07
37750.056 1.4006798649101183e-07
37800.056 1.5259180749307168e-07
37850.056 1.1631126430700644e-07
37900.056 1.3168496983804473e-07
37950.056 1.5745207569707162e-07
38000.056 1.8153048562899811e-07
38050.056 1.8153603476004196e-07
38100.056 1.8793420544302094e-07
38150.056 2.02356476545992e-07
38200.056 2.1095648221703623e-07
38250.056 1.9729433789500508e-07
38300.056 2.4958652486495886e-07
38350.056 2.5240926757104045e-07
38400.056 1.7748634165293982e-07
38450.056 1.8303802161694529e-07
38500.056 1.3960662856303065e-07
38550.056 2.0373234265004803e-07
38600.056 2.0109532254898566e-07
38650.056 2.1371810193597265e-07
38700.056 2.2492242135899734e-07
38750.056 2.347282261969969e-07
38800.056 2.0317781045592217e-07
38850.056 2.2056474528403002e-07
38900.056 2.664553035399952e-07
38950.056 2.1720629430398536e-07
39000.056 2.500737885749837e-07
39050.056 2.3036638885001672e-07
39100.056 2.4369962103100553e-07
39150.056 2.5688927305999686e-07
39200.056 2.4444654520098213e-07
39250.056 2.8442329545397614e-07
39300.056 2.524006406209317e-07
39350.056 3.0879671658602203e-07
39400.056 2.7136340163504407e-07
39450.056 2.835442556329925e-07
39500.056 2.848818754230248e-07
39550.056 2.7488749939686223e-07
39600.056 3.053321368569365e-07
39650.056 3.3606457629998496e-07
39700.056 3.152730163900323e-07
39750.056 2.623893078800743e-07
39800.056 2.996575087649502e-07
39850.056 3.6662218050000646e-07
39900.056 3.588148944500019e-07
39950.056 3.337465512819556e-07
40000.056 3.959839356800507e-07
40050.056 3.5904119726200886e-07
40100.056 3.0281602363801977e-07
40150.056 3.7985093054199895e-07
40200.056 3.918447704598991e-07
40250.056 3.825425046199089e-07
40300.056 3.808686279200506e-07
40350.056 3.7154447157997105e-07
40400.056 4.334125819084011e-07
40450.056 3.776354511780345e-07
40500.056 4.289615045000066e-07
40550.056 4.414979442459304e-07
40600.056 4.1668149117003853e-07
40650.056 3.960702913660231e-07
40700.056 5.241923793399863e-07
40750.056 4.1451082354992073e-07
40800.056 3.5283306090486137e-07
40850.056 5.09741424590089e-07
40900.056 4.911226918640259e-07
40950.056 4.316825991300203e-07
41000.056 4.534843204099979e-07
41050.056 5.323751410399438e-07
41100.056 4.499191581399675e-07
41150.056 3.537310566749646e-07
41200.056 5.096154557699943e-07
41250.056 4.5573588393397873e-07
41300.056 4.0828097909991696e-07
41350.056 5.337433626400417e-07
41400.056 4.780433332700548e-07
41450.056 5.071118637300246e-07
41500.056 4.117996244894888e-07
41550.056 4.030344249610863e-07
41600.056 4.885366899753594e-07
41650.056 4.92466428120023e-07
41700.056 4.428012006099017e-07
41750.056 4.486612069299789e-07
41800.056 5.267397101600045e-07
41850.056 3.599979677989895e-07
41900.056 4.2706539115792986e-07
41950.056 4.3234498128006587e-07
42000.056 4.1956832360996684e-07
42050.056 3.6706883761199007e-07
42100.056 4.9002088983002e-07
42150.056 3.6100731634500756e-07
42200.056 3.5512767970098967e-07
42250.056 3.7437905695995055e-07
42300.056 3.503145593499938e-07
42350.056 4.0808356366006286e-07
42400.056 3.992664227400646e-07
42450.056 3.5758894979202616e-07
42500.056 3.593159741749865e-07
42550.056 3.4312737530197194e-07
42600.056 3.639543207130511e-07
42650.056 4.343923074448994e-07
42700.056 3.6729619362396726e-07
42750.056 3.461552464000124e-07
42800.056 3.8082435635805567e-07
42850.056 4.293458323898844e-07
42900.056 4.474721112360732e-07
42950.056 3.6327599533989456e-07
43000.056 4.108574519180093e-07
43050.056 2.857165271931054e-07
43100.056 3.7354353821996606e-07
43150.056 3.5267983543203904e-07
43200.056 4.004958919700131e-07
43250.056 4.701506447900036e-07
43300.056 4.6385256324001753e-07
43350.056 3.2189502049691657e-07
43400.056 3.884697321409868e-07
43450.056 3.437725977940616e-07
43500.056 3.574784467830097e-07
43550.056 3.567726585580417e-07
43600.056 4.451143693360374e-07
43650.056 3.3572792695100677e-07
43700.056 4.5513623412002296e-07
43750.056 4.155360301370609e-07
43800.056 3.9389658674795434e-07
43850.056 3.6077183206006575e-07
43900.056 3.866921705329508e-07
43950.056 2.915073631909662e-07
44000.056 2.7086062327100863e-07
44050.056 4.1622649034000987e-07
44100.056 4.860821995400292e-07
44150.056 4.7385664015395763e-07
44200.056 4.252565060499997e-07
44250.056 3.329642180610111e-07
44300.056 2.991926746240535e-07
44350.056 3.3311010714207873e-07
44400.056 3.2438770438898574e-07
44450.056 3.882100270899852e-07
44500.056 3.8829223038208484e-07
44550.056 4.590901111399548e-07
44600.056 4.006389179310324e-07
44650.056 4.156092874390454e-07
44700.056 3.172708462799887e-07
44750.056 3.920717619400442e-07
44800.056 3.6120111941803973e-07
44850.056 4.197261741700625e-07
44900.056 3.4379567932603314e-07
44950.056 3.727928254920141e-07
45000.056 3.977754921099914e-07
45050.056 3.9177822249798855e-07
45100.056 3.9589155628000586e-07
45150.056 3.865572214089726e-07
45200.056 3.1921186266202903e-07
45250.056 3.5363406459191424e-07
45300.056 3.31271384220041e-07
45350.056 3.3218437469797414e-07
45400.056 4.3120626848003546e-07
45450.056 3.975156445999845e-07
45500.056 4.0178588088400835e-07
45550.056 4.507358562799097e-07
45600.056 4.3759482029003896e-07
45650.056 3.658056966689572e-07
45700.056 3.40120727420018e-07
45750.056 3.248238171870001e-07
45800.056 4.3518506980000915e-07
45850.056 4.5393823130999536e-07
45900.056 4.7165520982001727e-07
45950.056 3.8572645724199044e-07
46000.056 4.5305989216003e-07
46050.056 3.978939378720191e-07
46100.056 4.4854349402997447e-07
46150.056 3.7138553271998016e-07
46200.056 3.637060724560242e-07
46250.056 2.6202936536316135e-07
46300.056 4.0219236896199516e-07
46350.056 3.838079587000278e-07
46400.056 3.8576100843001225e-07
46450.056 3.653376961340349e-07
46500.056 3.699286707440736e-07
46550.056 3.1017599410800026e-07
46600.056 3.713286201619847e-07
46650.056 5.083174931399935e-07
46700.056 3.893596099599759e-07
46750.056 2.9053560574402045e-07
46800.056 2.380694161130175e-07
46850.056 4.903995161500735e-07
46900.056 4.4624283793996297e-07
46950.056 4.4809358419998306e-07
47000.056 3.9732061202004637e-07
47050.056 3.9858813915087006e-07
47100.056 2.822922228030379e-07
47150.056 3.536064786500516e-07
47200.056 4.2392069039001215e-07
47250.056 3.218223392449739e-07
47300.056 2.5213266660210676e-07
47350.056 4.370060075099795e-07
47400.056 4.2342231833996123e-07
47450.056 3.916786545400432e-07
47500.056 4.5386613961495984e-07
47550.056 3.983721336200041e-07
47600.056 4.094938063949669e-07
47650.056 3.585531433109383e-07
47700.056 3.796055564511028e-07
47750.056 2.800993316240058e-07
47800.056 3.060500712920132e-07
47850.056 2.3019259114601122e-07
47900.056 2.899867955619602e-07
47950.056 3.600889516060184e-07
48000.056 4.771194710300423e-07
48050.056 4.20421749830001e-07
48100.056 2.7656557388201443e-07
48150.056 3.491592796800236e-07
48200.056 3.2786205536399845e-07
48250.056 3.2815416023001147e-07
48300.056 4.5567091646991497e-07
48350.056 2.969294567400119e-07
48400.056 1.9889900510956446e-07
48450.056 3.1465949707506985e-07
48500.056 3.9708997375994226e-07
48550.056 3.3165624897000735e-07
48600.056 3.721225868600065e-07
48650.056 3.8809375496998136e-07
48700.056 3.558311352050076e-07
48750.056 2.3493976350210324e-07
48800.056 4.4157876362600936e-07
48850.056 2.866568735059411e-07
48900.056 4.233027040899901e-07
48950.056 3.0206379508002333e-07
49000.056 1.9439123212797686e-07
49050.056 3.7207013411995837e-07
49100.056 3.816773238810638e-07
49150.056 3.347868294120131e-07
49200.056 4.0654868597004743e-07
49250.056 3.989626074300486e-07
49300.056 3.4769257699599215e-07
49350.056 2.2808176353703906e-07
49400.056 3.0739112619595605e-07
49450.056 3.2049032474959577e-07
49500.056 2.641605179809801e-07
49550.056 1.5265785975801315e-07
49600.056 2.4916194613404895e-07
49650.056 2.9410367507097655e-07
49700.056 2.8856000413092366e-07
49750.056 3.660923389799472e-07
49800.056 2.86295241172809e-07
49850.056 4.121893986960747e-07
49900.056 3.3413552458397915e-07
49950.056 3.152813803059871e-07
50000.056 3.0262116216997963e-07
50050.056 3.6065181143998634e-07
50100.056 3.0184780794200965e-07
50150.056 2.0587218901397986e-07
50200.056 1.097478566410219e-07
50250.056 2.7755194958997403e-07
50300.056 2.2853476580302085e-07
50350.056 3.61135721253039e-07
50400.056 3.1408712211097817e-07
50450.056 2.5010913697401573e-07
50500.056 3.396659248510345e-07
50550.056 3.0936131026002164e-07
50600.056 2.581757274089363e-07
50650.056 3.408003276300642e-07
50700.056 3.7317672721990785e-07
50750.056 2.9053067536004105e-07
50800.056 1.7956810058897756e-07
50850.056 1.6837464651204908e-07
50900.056 3.6707400869999237e-07
50950.056 2.8311521745002434e-07
51000.056 3.0766229183101877e-07
51050.056 2.970716621199853e-07
51100.056 1.640077676679757e-07
51150.056 2.2966528308099518e-07
51200.056 4.0429479562996726e-07
51250.056 2.679337928689595e-07
51300.056 2.1024069819607532e-07
51350.056 2.423301680229821e-07
51400.056 1.4593062786200265e-07
51450.056 1.252858020033708e-07
51500.056 1.348663554278423e-07
51550.056 2.830241774880186e-07
51600.056 2.0473279758102428e-07
51650.056 2.1548032963696308e-07
51700.056 2.471707857216714e-07
51750.056 1.767361666875117e-07
51800.056 2.6812289534993394e-07
51850.056 2.418681877439885e-07
51900.056 3.5115693563804856e-07
51950.056 2.621567453029761e-07
52000.056 9.945972929198107e-08
52050.056 1.9166979294801813e-07
52100.056 1.480856206509915e-07
52150.056 1.2707580641161034e-07
52200.056 1.4999879682899553e-07
52250.056 1.9681323783502516e-07
52300.056 3.0221852075998003e-07
52350.056 1.941070294542029e-07
52400.056 1.4726958491001289e-07
52450.056 2.571234021300187e-07
52500.056 2.5846672821093534e-07
52550.056 2.508791777499619e-07
52600.056 2.1125250361202584e-07
52650.056 2.1611715351103562e-07
52700.056 1.875765682029992e-07
52750.056 1.3003887005399432e-07
52800.056 1.628153586190208e-07
52850.056 1.7808705859094728e-07
52900.056 1.571072787787774e-07
52950.056 1.7492009419900394e-07
53000.056 2.4430160935400656e-07
53050.056 1.3116662507996e-07
53100.056 1.9928374683397514e-07
53150.056 2.833142000300226e-07
53200.056 1.29916203498488e-07
53250.056 2.460093950600205e-07
53300.056 2.5490322437113345e-07
53350.056 2.4838528694999426e-07
53400.056 2.3348302958000573e-07
53450.056 1.2662959545798677e-07
53500.056 7.468338831357779e-08
