galfind/configs/Brown_Dwarf_templates/sonora_bobcat/m+0.5/1000g/sp_t1900g1000nc_m+0.5_resample.dat
# %ECSV 1.0
# ---
# datatype:
# - {name: wav, unit: Angstrom, datatype: float64}
# - {name: flux_nu, unit: erg / (cm2 Hz s), datatype: float64}
# meta: {C/O: '1.00', Kzz: '1.0000E+05', Teff: '1900.', Y: '0.28', '[Fe/H]': '0.50', f_hole: '1.00', f_rain: '0.00', grav: '1000.'}
# schema: astropy-2.0
wav flux_nu
4000.0559999999996 nan
4050.0559999999996 2.4953622698545497e-09
4100.056 4.193434761139696e-09
4150.056 3.5444649323063274e-09
4200.056 2.6230403964167162e-09
4250.056 2.4453490013306087e-09
4300.056 1.7753919025905384e-09
4350.056 1.871086036040072e-09
4400.056 2.064195903150559e-09
4450.056 1.4644492079100891e-09
4500.056 1.5254341602601176e-09
4550.056 1.9048948468735935e-09
4600.056 1.7772904028699425e-09
4650.056 1.6219991826698202e-09
4700.056 1.9737705952301714e-09
4750.056 2.2534101249597043e-09
4800.056 1.5774938433801611e-09
4850.056 1.9326636465701226e-09
4900.056 2.811466232619894e-09
4950.056 2.989879883050027e-09
5000.056 1.6819370106597793e-09
5050.056 1.501549167570087e-09
5100.056 1.5888781431602177e-09
5150.056 1.3648852410502999e-09
5200.056 1.3633100869899662e-09
5250.056 1.58715602295009e-09
5300.056 1.628645113510007e-09
5350.056 1.5812976727300716e-09
5400.056 1.466155660000003e-09
5450.056 1.1623255698499827e-09
5500.056 8.592896065099857e-10
5550.056 7.369009629199743e-10
5600.056 5.695254585600027e-10
5650.056 3.951837282199959e-10
5700.056 2.374875529499976e-10
5750.056 1.2059332254599854e-10
5800.056 4.8832196148999277e-11
5850.056 1.312309802169968e-11
5900.056 1.2115271991087482e-12
5950.056 3.424444000060089e-11
6000.056 1.7014320406800356e-10
6050.056 5.603141533300068e-10
6100.056 1.302252724740032e-09
6150.056 2.5159309637000125e-09
6200.056 4.020900024700014e-09
6250.056 6.057267632700076e-09
6300.056 8.968876288100078e-09
6350.056 1.2208415197600176e-08
6400.056 1.5850507745000003e-08
6450.056 2.0254439838999073e-08
6500.056 2.3479045161998637e-08
6550.056 2.8538961506998604e-08
6600.056 3.1966770878000615e-08
6650.056 3.300970540500193e-08
6700.056 2.3048627734121543e-08
6750.056 3.654722456100097e-08
6800.056 4.2306286376001995e-08
6850.056 4.892891409800033e-08
6900.056 5.1926212968000805e-08
6950.056 5.5889756115999145e-08
7000.056 6.530362141499745e-08
7050.056 6.48051149270019e-08
7100.056 5.2314676180998703e-08
7150.056 5.125672466400095e-08
7200.056 6.264366985499928e-08
7250.056 7.551142296100395e-08
7300.056 9.046952131300615e-08
7350.056 9.660707931400174e-08
7400.056 8.844036642000284e-08
7450.056 7.699067961999465e-08
7500.056 7.007311867299871e-08
7550.056 6.185846034500044e-08
7600.056 3.9449694745999e-08
7650.056 4.652116835820317e-09
7700.056 1.268798862075036e-09
7750.056 2.3512377411100635e-08
7800.056 5.2939284240822564e-08
7850.056 9.260505936400111e-08
7900.056 1.1010804847000658e-07
7950.056 1.0834298370547465e-07
8000.056 1.4528048637999442e-07
8050.056 2.0327001950898706e-07
8100.056 2.799872431300146e-07
8150.056 3.7542127005000757e-07
8200.056 3.051725295199837e-07
8250.056 4.0767147364999624e-07
8300.056 3.9215048327005875e-07
8350.056 4.306852259500495e-07
8400.056 4.534389220200141e-07
8450.056 3.585934494599775e-07
8500.056 3.3582025856257814e-07
8550.056 3.9638054609002587e-07
8600.056 4.3511826961291766e-07
8650.056 4.626614093929273e-07
8700.056 4.505372850790093e-07
8750.056 5.161479792400365e-07
8800.056 6.705933259100746e-07
8850.056 6.859280003699707e-07
8900.056 5.648045153700214e-07
8950.056 5.966041244557388e-07
9000.056 7.533677446700587e-07
9050.056 7.589462486899745e-07
9100.056 9.407133816499949e-07
9150.056 1.0918468996500155e-06
9200.056 1.0988635912301005e-06
9250.056 8.501895371199766e-07
9300.056 7.11415924738002e-07
9350.056 7.93403961223977e-07
9400.056 8.877671140300395e-07
9450.056 9.983532297748898e-07
9500.056 1.1457715775698927e-06
9550.056 1.2577708839151539e-06
9600.056 1.3115343634261902e-06
9650.056 1.4696998869071722e-06
9700.056 1.6157889453888562e-06
9750.056 1.3336976693159426e-06
9800.056 1.4426105194818697e-06
9850.056 1.4381191488799201e-06
9900.056 1.1523437515399292e-06
9950.056 9.200073930000144e-07
10000.056 9.147449224099467e-07
10050.056 9.621644040299612e-07
10100.056 1.183007961280168e-06
10150.056 1.1829882198998942e-06
10200.056 1.2891589083299683e-06
10250.056 1.295339352709798e-06
10300.056 1.233946074789924e-06
10350.056 1.424218966869965e-06
10400.056 1.6115770585599686e-06
10450.056 1.6946713319702395e-06
10500.056 1.6651410406998694e-06
10550.056 1.7451170184702082e-06
10600.056 1.9014994000401816e-06
10650.056 1.948207782590103e-06
10700.056 2.027937321700112e-06
10750.056 2.266145876790193e-06
10800.056 2.4889211358698585e-06
10850.056 2.7368681012497674e-06
10900.056 2.7451307163199165e-06
10950.056 2.6454430066996632e-06
11000.056 2.5082971270400164e-06
11050.056 1.9431916281210033e-06
11100.056 2.0599270697292947e-06
11150.056 2.189483615021872e-06
11200.056 2.226302717180218e-06
11250.056 2.6055109592621295e-06
11300.056 2.561650652915001e-06
11350.056 2.2817872541594515e-06
11400.056 1.762927259864052e-06
11450.056 2.5575405253436057e-06
11500.056 3.0394812306360804e-06
11550.056 2.8877985849964958e-06
11600.056 3.045218075499328e-06
11650.056 3.0008669922553487e-06
11700.056 2.1515059871531117e-06
11750.056 2.268126213080858e-06
11800.056 2.3131039548441374e-06
11850.056 3.1597914817602537e-06
11900.056 3.408601639469388e-06
11950.056 3.2327036141599687e-06
12000.056 2.847260640120013e-06
12050.056 3.3955830187900757e-06
12100.056 3.31483885138973e-06
12150.056 3.814514283499741e-06
12200.056 3.771845604699409e-06
12250.056 4.129321916399621e-06
12300.056 4.2783615736004115e-06
12350.056 4.228300000100105e-06
12400.056 3.62646322119981e-06
12450.056 3.0068419423700387e-06
12500.056 3.2680182977995975e-06
12550.056 3.3036056842201607e-06
12600.056 3.962822320100012e-06
12650.056 4.11531418029974e-06
12700.056 4.513393495100188e-06
12750.056 4.445712535899908e-06
12800.056 4.782498581199832e-06
12850.056 4.567131411399989e-06
12900.056 4.308753939299604e-06
12950.056 4.451908496399793e-06
13000.056 4.665505722189443e-06
13050.056 4.842663777609677e-06
13100.056 4.868999200179769e-06
13150.056 4.887286573339761e-06
13200.056 4.682923402619991e-06
13250.056 4.263069258604107e-06
13300.056 3.6256964411436165e-06
13350.056 2.0968644855666756e-06
13400.056 1.8682713938183946e-06
13450.056 1.588128828309816e-06
13500.056 1.5025388875095915e-06
13550.056 1.3778928852793437e-06
13600.056 1.289440651075862e-06
13650.056 1.5380888513410109e-06
13700.056 1.3623219970937408e-06
13750.056 1.4071100017045233e-06
13800.056 1.6590088027730794e-06
13850.056 1.5912557850036907e-06
13900.056 1.5579159114190939e-06
13950.056 1.464154802389362e-06
14000.056 1.3577629683850934e-06
14050.056 1.402282347250472e-06
14100.056 1.2071632948083607e-06
14150.056 1.2938396600959984e-06
14200.056 1.163963474138456e-06
14250.056 1.1402266791688922e-06
14300.056 1.2095970954000092e-06
14350.056 1.2202233142919825e-06
14400.056 1.2956789682152415e-06
14450.056 1.347005346707116e-06
14500.056 1.5514449851728558e-06
14550.056 1.585935914104895e-06
14600.056 1.7093134444585715e-06
14650.056 1.6869935220603065e-06
14700.056 1.5454698015768806e-06
14750.056 1.6644633273974621e-06
14800.056 1.7611942184865223e-06
14850.056 1.911250897625606e-06
14900.056 1.8864858859239224e-06
14950.056 1.918930726567358e-06
15000.056 1.9932990540813272e-06
15050.056 2.2248616278655333e-06
15100.056 2.2363907803302123e-06
15150.056 2.3495971049471887e-06
15200.056 2.4479509990498105e-06
15250.056 2.5059185475099025e-06
15300.056 2.650579660089865e-06
15350.056 2.7778713623200076e-06
15400.056 2.902652997840042e-06
15450.056 3.0517680425001717e-06
15500.056 3.1357055594497146e-06
15550.056 3.3285033989197815e-06
15600.056 3.30944435424032e-06
15650.056 3.4879483764501335e-06
15700.056 3.758158362010954e-06
15750.056 3.929606340099678e-06
15800.056 3.94124968640056e-06
15850.056 3.6591876171001497e-06
15900.056 3.798109219000249e-06
15950.056 3.853362396999789e-06
16000.056 3.936955463599832e-06
16050.056 4.073782202300243e-06
16100.056 4.24012405970013e-06
16150.056 4.079196077100237e-06
16200.056 4.275720673299859e-06
16250.056 4.210404726500002e-06
16300.056 4.2642227184000225e-06
16350.056 4.520653680099861e-06
16400.056 4.4304853431002125e-06
16450.056 4.5732537305002945e-06
16500.056 4.731352151400261e-06
16550.056 4.980622984599983e-06
16600.056 4.678728382000384e-06
16650.056 5.087746287200085e-06
16700.056 4.842787503799522e-06
16750.056 4.902931375599729e-06
16800.056 5.088032521399816e-06
16850.056 5.153207887819747e-06
16900.056 4.970976487900063e-06
16950.056 4.950874273799787e-06
17000.056 4.989685584500412e-06
17050.056 4.919286507600105e-06
17100.056 4.675826348400698e-06
17150.056 4.592992208120211e-06
17200.056 4.196889348659682e-06
17250.056 3.896519447089943e-06
17300.056 3.944286284709593e-06
17350.056 3.776849320120418e-06
17400.056 3.777302554549931e-06
17450.056 3.4718376010185092e-06
17500.056 3.350839564719391e-06
17550.056 3.242636410850531e-06
17600.056 3.097035085896862e-06
17650.056 3.144412527149894e-06
17700.056 2.6400102476796496e-06
17750.056 2.5335723973909594e-06
17800.056 2.556549469047626e-06
17850.056 2.247713800275248e-06
17900.056 2.3499160033290103e-06
17950.056 2.2455574280287774e-06
18000.056 2.051443967378084e-06
18050.056 2.0402209176734606e-06
18100.056 1.9553210941478075e-06
18150.056 2.2294026449516797e-06
18200.056 1.757882991571337e-06
18250.056 2.2132510670005994e-06
18300.056 2.0605993649849803e-06
18350.056 1.925480347530199e-06
18400.056 1.8827684551031e-06
18450.056 1.685665368332033e-06
18500.056 1.7896908391983566e-06
18550.056 1.6346081257742223e-06
18600.056 1.3617200110083383e-06
18650.056 1.5727721854933463e-06
18700.056 1.7414387817823649e-06
18750.056 1.6803028457904339e-06
18800.056 1.7826572395325795e-06
18850.056 2.0773571663838593e-06
18900.056 1.9907411623550142e-06
18950.056 2.1023145113539276e-06
19000.056 2.1962954416596785e-06
19050.056 2.08697526525496e-06
19100.056 2.239287392068403e-06
19150.056 2.2713277336860436e-06
19200.056 2.2593426274977253e-06
19250.056 2.129049821651689e-06
19300.056 2.2654040849412573e-06
19350.056 2.1790792649929947e-06
19400.056 1.8156505757745915e-06
19450.056 2.2184464621680954e-06
19500.056 2.2281261323907755e-06
19550.056 1.821448608768526e-06
19600.056 2.126661650055857e-06
19650.056 2.126645477201599e-06
19700.056 2.136156359999155e-06
19750.056 1.9673210173962603e-06
19800.056 2.1033070702117005e-06
19850.056 2.1794751159525683e-06
19900.056 1.8819149930933697e-06
19950.056 2.2842758755898968e-06
20000.056 1.998099988190226e-06
20050.056 2.1964535166506026e-06
20100.056 2.2342836855168476e-06
20150.056 2.277830485190269e-06
20200.056 2.356840590103541e-06
20250.056 2.4711523989997636e-06
20300.056 2.500270176010207e-06
20350.056 2.6089227493896766e-06
20400.056 2.603424129738849e-06
20450.056 2.7630043790696176e-06
20500.056 2.813134183600038e-06
20550.056 2.8675006834000834e-06
20600.056 3.09222327046033e-06
20650.056 3.0299962388704e-06
20700.056 3.1920666365003936e-06
20750.056 3.252189157769603e-06
20800.056 3.4142979164699865e-06
20850.056 3.3723853748099293e-06
20900.056 3.6025177298197035e-06
20950.056 3.642308875699863e-06
21000.056 3.822715620399873e-06
21050.056 3.879663704800044e-06
21100.056 3.908666269039937e-06
21150.056 4.135626065400098e-06
21200.056 4.120082216200249e-06
21250.056 4.361915215899673e-06
21300.056 4.21887374010007e-06
21350.056 4.5523378043001494e-06
21400.056 4.374353100300325e-06
21450.056 4.858921606999985e-06
21500.056 4.576607101500259e-06
21550.056 4.723095282799784e-06
21600.056 4.874501745800414e-06
21650.056 4.830656770800175e-06
21700.056 5.095512847099939e-06
21750.056 4.9289272607999774e-06
21800.056 4.967599285999663e-06
21850.056 4.979313037799779e-06
21900.056 5.178578418700403e-06
21950.056 5.031090434600111e-06
22000.056 5.204131132999913e-06
22050.056 4.9598290961994754e-06
22100.056 5.161624518999998e-06
22150.056 5.221007983900333e-06
22200.056 5.008991293580776e-06
22250.056 5.362671097400385e-06
22300.056 5.292902854229838e-06
22350.056 5.059658902300251e-06
22400.056 5.358701819340239e-06
22450.056 5.227939525909456e-06
22500.056 5.33097077096985e-06
22550.056 5.241397858939255e-06
22600.056 5.27328101379992e-06
22650.056 5.125823729800855e-06
22700.056 5.129776872620898e-06
22750.056 5.384910249019874e-06
22800.056 5.072163744260126e-06
22850.056 5.218188517930413e-06
22900.056 5.319681888899826e-06
22950.056 3.3857394147103287e-06
23000.056 3.8111100420202644e-06
23050.056 4.060165673499618e-06
23100.056 3.831225716165591e-06
23150.056 4.048479752243483e-06
23200.056 3.980686888167201e-06
23250.056 3.1387699850114377e-06
23300.056 3.435108869558096e-06
23350.056 3.628077155252052e-06
23400.056 3.51556849724006e-06
23450.056 3.626294327390057e-06
23500.056 3.6507516867594075e-06
23550.056 3.1107100710306587e-06
23600.056 3.1131602939655493e-06
23650.056 3.394924534722643e-06
23700.056 3.3057014709913004e-06
23750.056 3.347320600668695e-06
23800.056 3.3044811521300934e-06
23850.056 2.7599000358662964e-06
23900.056 3.1055616054818727e-06
23950.056 3.2368769311006717e-06
24000.056 2.9724045309293203e-06
24050.056 2.973114892710282e-06
24100.056 2.642654953909475e-06
24150.056 2.617838151570452e-06
24200.056 2.6136524692790863e-06
24250.056 2.5195464732201537e-06
24300.056 2.4613947930201313e-06
24350.056 2.2099968751902243e-06
24400.056 2.4916562443698564e-06
24450.056 2.1550199449398454e-06
24500.056 2.0158159601098374e-06
24550.056 1.9462805212821647e-06
24600.056 2.0315977655142824e-06
24650.056 2.196527175530028e-06
24700.056 1.7543315889799514e-06
24750.056 1.6679747152144228e-06
24800.056 1.625100336706291e-06
24850.056 1.9589930267939156e-06
24900.056 1.3783254960827684e-06
24950.056 1.8291498779297702e-06
25000.056 1.618534899211154e-06
25050.056 1.21428317182737e-06
25100.056 1.5278541917149726e-06
25150.056 1.289505699215913e-06
25200.056 1.3824575724618963e-06
25250.056 1.2565193257176998e-06
25300.056 1.4287918450320682e-06
25350.056 1.1277497664749804e-06
25400.056 1.3239207669234534e-06
25450.056 1.123131636366979e-06
25500.056 1.2245579611393805e-06
25550.056 1.148061144563118e-06
25600.056 1.1967974571350045e-06
25650.056 1.0306691497559726e-06
25700.056 1.4320818534064845e-06
25750.056 9.443058614851897e-07
25800.056 1.3489409912492634e-06
25850.056 1.1320476037628162e-06
25900.056 1.3191491144212166e-06
25950.056 1.072907145671978e-06
26000.056 1.3485099833105655e-06
26050.056 1.3643541821280598e-06
26100.056 1.426961144436033e-06
26150.056 1.390088430735677e-06
26200.056 1.3251239462980119e-06
26250.056 1.4076211613341355e-06
26300.056 1.3699302091431153e-06
26350.056 1.4631851531849355e-06
26400.056 1.4945546300446935e-06
26450.056 1.4601754240991897e-06
26500.056 1.5499038741644843e-06
26550.056 1.447549767696657e-06
26600.056 1.7716467397836672e-06
26650.056 1.270626814576775e-06
26700.056 1.311195105090045e-06
26750.056 1.0719140991684487e-06
26800.056 1.2854304439296722e-06
26850.056 9.589527735090538e-07
26900.056 1.3519179859610563e-06
26950.056 8.803469260179283e-07
27000.056 1.2755224877092404e-06
27050.056 1.0484764333659559e-06
27100.056 1.056457387120719e-06
27150.056 1.1609875990770336e-06
27200.056 1.132296453781256e-06
27250.056 1.0466266506964463e-06
27300.056 1.311960168450084e-06
27350.056 1.2130887217985856e-06
27400.056 9.58787346018926e-07
27450.056 1.402522438199509e-06
27500.056 1.2728777202378909e-06
27550.056 1.1391594581079685e-06
27600.056 1.4288733670358113e-06
27650.056 1.0482684855138878e-06
27700.056 9.926765240220997e-07
27750.056 1.4323280610604376e-06
27800.056 9.769687298679185e-07
27850.056 1.0977100310985044e-06
27900.056 1.1439437840030997e-06
27950.056 1.3779202843398896e-06
28000.056 1.2615242144493811e-06
28050.056 9.084894383172724e-07
28100.056 1.44757857925447e-06
28150.056 1.1062095992970573e-06
28200.056 9.14116613939046e-07
28250.056 1.2613101618400354e-06
28300.056 1.4828282417532023e-06
28350.056 1.038985339939635e-06
28400.056 1.1753495435439955e-06
28450.056 1.24956473264474e-06
28500.056 1.2337576418796887e-06
28550.056 8.258054356897018e-07
28600.056 1.4672765992199654e-06
28650.056 1.3066031379679018e-06
28700.056 1.1506180132637826e-06
28750.056 1.3419017309719906e-06
