galfind/configs/Brown_Dwarf_templates/sonora_bobcat/m+0.5/1000g/sp_t2200g1000nc_m+0.5_resample.dat
# %ECSV 1.0
# ---
# datatype:
# - {name: wav, unit: Angstrom, datatype: float64}
# - {name: flux_nu, unit: erg / (cm2 Hz s), datatype: float64}
# meta: {C/O: '1.00', Kzz: '1.0000E+05', Teff: '2200.', Y: '0.28', '[Fe/H]': '0.50', f_hole: '1.00', f_rain: '0.00', grav: '1000.'}
# schema: astropy-2.0
wav flux_nu
[from data line 500]
29000.056 2.3343822913693532e-06
29050.056 2.4481134354399528e-06
29100.056 2.0282958885202375e-06
29150.056 2.5781984553601776e-06
29200.056 2.294088204750289e-06
29250.056 2.499898621499987e-06
29300.056 2.1586573402190876e-06
29350.056 2.826642134259689e-06
29400.056 2.376326224729852e-06
29450.056 2.3542056445499395e-06
29500.056 2.4875660675297437e-06
29550.056 2.406248279570217e-06
29600.056 2.5842220622898576e-06
29650.056 2.465327822319891e-06
29700.056 2.2651724669298594e-06
29750.056 2.7429928552709017e-06
29800.056 2.726792796879807e-06
29850.056 2.5734883584897307e-06
29900.056 2.3528656069906456e-06
29950.056 2.8157946653295397e-06
30000.056 2.7465829589493045e-06
30050.056 2.5820579694999973e-06
30100.056 2.177994043649439e-06
30150.056 3.162128544699849e-06
30200.056 2.8374447080001958e-06
30250.056 2.7246404558805475e-06
30300.056 2.6816242704797603e-06
30350.056 2.6946048680004873e-06
30400.056 3.150243137790456e-06
30450.056 2.525943575440294e-06
30500.056 2.4472546867403013e-06
30550.056 3.1904845820705066e-06
30600.056 3.026505708880315e-06
30650.056 3.0567428947801604e-06
30700.056 2.8198871731298843e-06
30750.056 2.7758355839900534e-06
30800.056 3.309266598000752e-06
30850.056 2.8819903676199747e-06
30900.056 2.8489094565198207e-06
30950.056 2.7943082840802713e-06
31000.056 3.243046692299957e-06
31050.056 2.87526988310005e-06
31100.056 3.0258146621099334e-06
31150.056 3.132475516579613e-06
31200.056 3.1094135067096826e-06
31250.056 3.4757529024506083e-06
31300.056 3.065795655099828e-06
31350.056 3.0673452299799882e-06
31400.056 3.1641396501005377e-06
31450.056 3.1902165176801082e-06
31500.056 3.2628798724603755e-06
31550.056 3.0175647225999325e-06
31600.056 3.18583439080983e-06
31650.056 3.3520287451998844e-06
31700.056 3.313668474099898e-06
31750.056 3.0400762240600695e-06
31800.056 3.4017147981002333e-06
31850.056 3.687020887000063e-06
31900.056 3.5894424909997022e-06
31950.056 3.011120000399808e-06
32000.056 3.1689970555606783e-06
32050.056 3.5984639673003526e-06
32100.056 3.6448904016096205e-06
32150.056 3.611175618999981e-06
32200.056 3.5033721525999987e-06
32250.056 3.326841111100151e-06
32300.056 3.582227248240086e-06
32350.056 3.825051195000551e-06
32400.056 3.4829751986699226e-06
32450.056 3.3896691167003024e-06
32500.056 3.698379482600203e-06
32550.056 4.021843197100085e-06
32600.056 3.924808150519759e-06
32650.056 3.8050960164009064e-06
32700.056 3.6758386617001693e-06
32750.056 3.7820102381000414e-06
32800.056 3.4892422995802474e-06
32850.056 4.076220687799697e-06
32900.056 3.951711286590057e-06
32950.056 3.4825561692998556e-06
33000.056 3.76533238624025e-06
33050.056 3.8402266632195085e-06
33100.056 3.902775360979064e-06
33150.056 3.909511230200067e-06
33200.056 3.6761107681206924e-06
33250.056 4.008214602380328e-06
33300.056 4.295579044600268e-06
33350.056 4.016352111000085e-06
33400.056 3.6534807251395827e-06
33450.056 3.9524833463990705e-06
33500.056 4.06624844590025e-06
33550.056 3.893414875099555e-06
33600.056 3.998688483200655e-06
33650.056 4.107999354800812e-06
33700.056 4.233531273079527e-06
33750.056 4.175003461280151e-06
33800.056 4.0374362511001235e-06
33850.056 3.9889231267002255e-06
33900.056 4.490098340399472e-06
33950.056 4.025180130199551e-06
34000.056 4.052855058999251e-06
34050.056 4.169092940900049e-06
34100.056 4.296549612800534e-06
34150.056 4.225966750099439e-06
34200.056 4.0650504599995084e-06
34250.056 4.494184289099478e-06
34300.056 4.2320659605996806e-06
34350.056 4.298693497599681e-06
34400.056 4.149410250399611e-06
34450.056 3.990419630100173e-06
34500.056 4.327597222900803e-06
34550.056 4.1427952580997575e-06
34600.056 4.253391310199924e-06
34650.056 4.33950542410005e-06
34700.056 4.2364287809992715e-06
34750.056 4.493921779900253e-06
34800.056 4.514108029699626e-06
34850.056 4.144984893799983e-06
34900.056 4.396802791500202e-06
34950.056 4.313000738599284e-06
35000.056 4.181821569099486e-06
35050.056 4.733928127600647e-06
35100.056 4.435655612299347e-06
35150.056 4.484912956379718e-06
35200.056 4.4805208086998e-06
35250.056 4.130444518800383e-06
35300.056 4.482238064900395e-06
35350.056 4.640956126899751e-06
35400.056 4.370491397199652e-06
35450.056 4.3313865169002795e-06
35500.056 4.622518859099963e-06
35550.056 4.462649724399819e-06
35600.056 4.310288119599318e-06
35650.056 4.742002822200515e-06
35700.056 4.3572569435003195e-06
35750.056 4.450259578199666e-06
35800.056 4.622071464999684e-06
35850.056 4.619966374699928e-06
35900.056 4.832705397999572e-06
35950.056 4.623526362099706e-06
36000.056 4.308007499399534e-06
36050.056 4.810751804400323e-06
36100.056 4.956266729399749e-06
36150.056 4.411442109600484e-06
36200.056 4.7981737888995704e-06
36250.056 4.512130145399356e-06
36300.056 5.066320368100631e-06
36350.056 4.782687208899355e-06
36400.056 4.718974288399958e-06
36450.056 5.063566341099653e-06
36500.056 4.699754275300295e-06
36550.056 4.640986823600606e-06
36600.056 4.6379224780003495e-06
36650.056 4.8185074580004365e-06
36700.056 5.110555293700065e-06
36750.056 4.6349413079004345e-06
36800.056 4.818667501299729e-06
36850.056 4.937480804600121e-06
36900.056 4.916961382900614e-06
36950.056 4.906344469700032e-06
37000.056 5.003656870199999e-06
37050.056 5.116131325899808e-06
37100.056 4.918426932900426e-06
37150.056 4.925015666399155e-06
37200.056 5.068679049900033e-06
37250.056 5.1001139987001835e-06
37300.056 5.1519603433008346e-06
37350.056 4.824796338600538e-06
37400.056 5.089467490999793e-06
37450.056 5.008255164600284e-06
37500.056 5.213811802699683e-06
37550.056 5.049382142399214e-06
37600.056 5.2938222169994745e-06
37650.056 4.932547788199656e-06
37700.056 5.091275563500098e-06
37750.056 5.267311060999394e-06
37800.056 5.34311175009985e-06
37850.056 5.188714537999815e-06
37900.056 5.253345862500373e-06
37950.056 5.298596473600213e-06
38000.056 5.249631183000568e-06
38050.056 5.233862881900388e-06
38100.056 5.072011725600258e-06
38150.056 5.399792273099468e-06
38200.056 5.453527807899438e-06
38250.056 5.119231502300579e-06
38300.056 5.065142704199936e-06
38350.056 5.239871548399959e-06
38400.056 5.3327220661998125e-06
38450.056 5.397429504500426e-06
38500.056 5.2336375546997846e-06
38550.056 5.286307492800347e-06
38600.056 5.70125686429979e-06
38650.056 5.068819656700149e-06
38700.056 5.137827679400728e-06
38750.056 5.399572562999936e-06
38800.056 5.300911853700692e-06
38850.056 5.334006281100207e-06
38900.056 5.116698755299948e-06
38950.056 5.387933965399745e-06
39000.056 5.271639164900105e-06
39050.056 5.346824964999929e-06
39100.056 5.069154553999987e-06
39150.056 5.214886775500203e-06
39200.056 5.343471462600158e-06
39250.056 5.323361398399355e-06
39300.056 5.333990876899193e-06
39350.056 5.294362517100458e-06
39400.056 5.202808712500136e-06
39450.056 5.2606181971998455e-06
39500.056 5.144078533999742e-06
39550.056 5.057699640899199e-06
39600.056 5.46095560790017e-06
39650.056 4.978183292800158e-06
39700.056 5.149861579099909e-06
39750.056 5.2010664407995e-06
39800.056 4.8937179975002655e-06
39850.056 5.092360163899736e-06
39900.056 4.947905439099761e-06
39950.056 5.165231252499792e-06
40000.056 4.828897497499705e-06
40050.056 4.6010517099999325e-06
40100.056 4.90315879319985e-06
40150.056 4.607896783899214e-06
40200.056 4.826450256899764e-06
40250.056 4.71608628959878e-06
40300.056 4.475740152200292e-06
40350.056 4.685261636200297e-06
40400.056 4.738578500500048e-06
40450.056 4.403555294500613e-06
40500.056 4.1920437381001e-06
40550.056 4.772940510899618e-06
40600.056 4.25269727490035e-06
40650.056 4.481795995400771e-06
40700.056 4.695400675300185e-06
40750.056 4.164541144898885e-06
40800.056 4.131434681700378e-06
40850.056 3.913604716100872e-06
40900.056 3.889577679500525e-06
40950.056 4.141476735299958e-06
41000.056 4.2666670159001585e-06
41050.056 4.21383210839925e-06
41100.056 3.967067072500226e-06
41150.056 4.255628799500148e-06
41200.056 4.011745390800058e-06
41250.056 4.097826527900258e-06
41300.056 3.6245357707996005e-06
41350.056 4.16790891810017e-06
41400.056 3.928774915100098e-06
41450.056 3.855888194300088e-06
41500.056 4.11107722350021e-06
41550.056 4.028016453600138e-06
41600.056 4.065014153900027e-06
41650.056 3.71410443440048e-06
41700.056 3.5862568234996635e-06
41750.056 3.7964152120998935e-06
41800.056 3.712862444199638e-06
41850.056 3.395093088200498e-06
41900.056 3.8579688660996675e-06
41950.056 3.445453606700655e-06
42000.056 3.5792132157702237e-06
42050.056 3.3168941875991307e-06
42100.056 3.634634167000312e-06
42150.056 2.964633030479131e-06
42200.056 3.13417342001014e-06
42250.056 3.4157012244197395e-06
42300.056 2.9500039509400446e-06
42350.056 3.3780538288006847e-06
42400.056 2.9991177051004746e-06
42450.056 2.6469531607002038e-06
42500.056 2.8076216460003324e-06
42550.056 2.8907647526999007e-06
42600.056 2.836244814700483e-06
42650.056 2.5825717422288537e-06
42700.056 2.908207284460786e-06
42750.056 2.7183134244998992e-06
42800.056 2.721108426870669e-06
42850.056 2.8666824421997597e-06
42900.056 2.800406541780141e-06
42950.056 2.558105328098987e-06
43000.056 2.6456324227698833e-06
43050.056 2.570070402491132e-06
43100.056 2.712864073000008e-06
43150.056 2.7369194591304426e-06
43200.056 2.658296197100127e-06
43250.056 2.618102145260037e-06
43300.056 2.7280174057002425e-06
43350.056 2.4790558355997668e-06
43400.056 2.5255537073599466e-06
43450.056 2.54232066896062e-06
43500.056 2.47643247229961e-06
43550.056 2.542732132180052e-06
43600.056 2.6177343659001635e-06
43650.056 2.3536122837702486e-06
43700.056 2.312652267599586e-06
43750.056 2.369570530270213e-06
43800.056 2.2312011403002387e-06
43850.056 2.305028801300477e-06
43900.056 2.37632502287992e-06
43950.056 2.248918471860312e-06
44000.056 2.108331841750258e-06
44050.056 2.1149915526001554e-06
44100.056 2.188571956600414e-06
44150.056 2.3101233706996378e-06
44200.056 2.1374766973099873e-06
44250.056 2.1288959731399766e-06
44300.056 2.077158238110331e-06
44350.056 2.028615583490123e-06
44400.056 2.103816383299913e-06
44450.056 2.2010584864001235e-06
44500.056 2.185528363600213e-06
44550.056 1.9686390328795457e-06
44600.056 2.0175895410802124e-06
44650.056 2.1605217485600967e-06
44700.056 2.026413483520134e-06
44750.056 2.0998885727197112e-06
44800.056 2.1302930007199557e-06
44850.056 2.1292051802901507e-06
44900.056 2.020094299300263e-06
44950.056 1.8879276244800282e-06
45000.056 2.0722715347999416e-06
45050.056 2.0434876652997714e-06
45100.056 2.1365579274999527e-06
45150.056 2.014053793849969e-06
45200.056 1.8555252684699528e-06
45250.056 1.9321052632098073e-06
45300.056 2.0778095117500846e-06
45350.056 2.129398934229771e-06
45400.056 2.017036749380263e-06
45450.056 1.8693981453497168e-06
45500.056 1.9301038999998684e-06
45550.056 2.137057263649859e-06
45600.056 1.9889037274399567e-06
45650.056 1.8245410654796416e-06
45700.056 2.049204691140201e-06
45750.056 1.9210643278299703e-06
45800.056 1.8976171894799482e-06
45850.056 2.2097021537800075e-06
45900.056 2.1547946096600266e-06
45950.056 1.9194579553599713e-06
46000.056 2.2386207569400257e-06
46050.056 2.272935285530551e-06
46100.056 1.8995909183301403e-06
46150.056 1.96537836667992e-06
46200.056 2.1606370645404903e-06
46250.056 1.8218129536799616e-06
46300.056 2.3152447637899583e-06
46350.056 1.9311696450898166e-06
46400.056 2.0498153976097715e-06
46450.056 2.0367737869003864e-06
46500.056 1.9273333123698835e-06
46550.056 2.239017433659953e-06
46600.056 2.087201000579956e-06
46650.056 2.5339238827699098e-06
46700.056 2.409752892770693e-06
46750.056 1.9870378015899292e-06
46800.056 2.1651095497803342e-06
46850.056 2.265274971350128e-06
46900.056 2.1622197375796345e-06
46950.056 2.4313058369501117e-06
47000.056 2.1323655737200014e-06
47050.056 2.3308807140497684e-06
47100.056 1.9813891716700687e-06
47150.056 2.1965322079803315e-06
47200.056 2.2049666553805913e-06
47250.056 2.091392851919554e-06
47300.056 2.2168888532694916e-06
47350.056 1.8625304906596862e-06
47400.056 2.2230868326095033e-06
47450.056 2.1855789224098647e-06
47500.056 2.167179547039598e-06
47550.056 2.0825751849197206e-06
47600.056 2.3009027695398264e-06
47650.056 1.7291981482995676e-06
47700.056 2.3107908548399878e-06
47750.056 1.6674722674904613e-06
47800.056 2.263738508299822e-06
47850.056 1.7637012529996078e-06
47900.056 2.3225339262401133e-06
47950.056 1.7591070704903864e-06
48000.056 2.5082358082000076e-06
48050.056 1.9038940007103326e-06
48100.056 2.0876709164399492e-06
48150.056 1.8863116012402127e-06
48200.056 2.315105300360362e-06
48250.056 1.919996887879913e-06
48300.056 2.462665451599782e-06
48350.056 1.7023759296396325e-06
48400.056 2.25532892700996e-06
48450.056 1.8906408657101226e-06
48500.056 2.4722970890600224e-06
48550.056 1.7355032856100171e-06
48600.056 2.351969483299791e-06
48650.056 1.775362427819988e-06
48700.056 2.25141950320009e-06
48750.056 1.602716510220209e-06
48800.056 2.448360427040157e-06
48850.056 1.7516491986496735e-06
48900.056 2.296129732600157e-06
48950.056 2.0339076530200826e-06
49000.056 2.0497243078399126e-06
49050.056 2.1469917288998484e-06
49100.056 2.000246762260161e-06
49150.056 2.0386957291399956e-06
49200.056 2.0262230705098937e-06
49250.056 2.027156288710045e-06
49300.056 1.8373076990396973e-06
49350.056 1.928735581899922e-06
49400.056 2.258933303900199e-06
49450.056 1.93728682482045e-06
49500.056 1.9963531411002436e-06
49550.056 1.8077664222299062e-06
49600.056 1.9145845591303497e-06
49650.056 1.994707361740171e-06
49700.056 1.7208786408898356e-06
49750.056 2.5349697020996533e-06
49800.056 1.943154133670068e-06
49850.056 2.385511708880058e-06
49900.056 1.9344265803200996e-06
49950.056 2.0188254654895363e-06
50000.056 1.9754526599395305e-06
50050.056 2.0204501305201258e-06
50100.056 2.136324931119872e-06
50150.056 1.8729619634599993e-06
50200.056 1.7483831804601708e-06
50250.056 1.942430954260168e-06
50300.056 1.8270061090198107e-06
50350.056 2.1265995887899445e-06
50400.056 1.923982296499972e-06
50450.056 1.8824169019402392e-06
50500.056 2.4066836040003e-06
50550.056 1.9445123089998753e-06
50600.056 2.0897423093500746e-06
50650.056 1.9628966110004485e-06
50700.056 2.1805813743995026e-06
50750.056 2.1977010547802617e-06
50800.056 1.6855696880998255e-06
50850.056 2.0028372487602656e-06
50900.056 2.0447889326099323e-06
50950.056 2.095152431850351e-06
51000.056 2.397959800300232e-06
51050.056 1.8807309250602536e-06
51100.056 1.8664690363599064e-06
51150.056 2.131269493449997e-06
51200.056 1.9328264611199133e-06
51250.056 2.1865829538500423e-06
51300.056 1.838935867650493e-06
51350.056 2.0980315976998417e-06
51400.056 2.019956050089502e-06
51450.056 1.4832210196097775e-06
51500.056 2.0556271516900415e-06
51550.056 2.442320558780211e-06
51600.056 1.6500965126899572e-06
51650.056 2.0424852484997014e-06
51700.056 1.8505800542794078e-06
51750.056 1.8207799124400946e-06
51800.056 2.1340756293796965e-06
51850.056 2.091307876699758e-06
51900.056 2.2066310226002637e-06
51950.056 2.0000207927597944e-06
52000.056 1.773322146019975e-06
52050.056 2.079475455489829e-06
52100.056 1.982985984599651e-06
52150.056 1.9959226181001946e-06
52200.056 1.9155460434701054e-06
52250.056 1.9214677291599536e-06
52300.056 2.052897728489972e-06
52350.056 2.2414068601402197e-06
52400.056 1.684367227880134e-06
52450.056 1.928225110630005e-06
52500.056 2.135308562489523e-06
52550.056 1.964924504899533e-06
52600.056 2.0518762167401297e-06
52650.056 2.29052119418035e-06
52700.056 1.952240019130069e-06
52750.056 1.663825176819853e-06
52800.056 1.8454269558001412e-06
52850.056 1.7525773369899203e-06
52900.056 2.006448761340136e-06
52950.056 1.895631988999728e-06
53000.056 2.135300533459779e-06
53050.056 1.9974106501396554e-06
53100.056 1.8220579939296816e-06
53150.056 2.198137443000396e-06
53200.056 1.6028798115003056e-06
53250.056 2.176702072999943e-06
53300.056 2.1393006183006945e-06
53350.056 2.15338873759975e-06
53400.056 1.922058475200133e-06
53450.056 1.8439255719000656e-06
53500.056 1.6220659319897255e-06
53550.056 2.0445832204798907e-06
53600.056 2.098283832080321e-06
