galfind/configs/Brown_Dwarf_templates/sonora_bobcat/m+0.5/1000g/sp_t1000g1000nc_m+0.5_resample.dat
# %ECSV 1.0
# ---
# datatype:
# - {name: wav, unit: Angstrom, datatype: float64}
# - {name: flux_nu, unit: erg / (cm2 Hz s), datatype: float64}
# meta: {C/O: '1.00', Kzz: '1.0000E+05', Teff: '1000.', Y: '0.28', '[Fe/H]': '0.50', f_hole: '1.00', f_rain: '0.00', grav: '1000.'}
# schema: astropy-2.0
wav flux_nu
4000.0559999999996 nan
4050.0559999999996 2.3550445683354866e-13
4100.056 2.4069087674399753e-11
4150.056 1.0013248505000264e-10
4200.056 8.439672921177218e-11
4250.056 2.138935102080042e-10
4300.056 2.9267907823001175e-10
4350.056 3.339480668700052e-10
4400.056 3.9860082161000375e-10
4450.056 4.749262489200042e-10
4500.056 4.738317870300105e-10
4550.056 5.003707016803254e-10
4600.056 3.5805453186599687e-10
4650.056 2.7164589170999194e-10
4700.056 1.8630493990999954e-10
4750.056 6.859940908299951e-11
4800.056 1.538056846369977e-11
4850.056 3.7840416818999584e-12
4900.056 1.6568921510999891e-12
4950.056 8.616578906999939e-13
5000.056 4.028744169799968e-13
5050.056 2.2187310584999973e-13
5100.056 2.0313340580999985e-13
5150.056 1.9643391464999972e-13
5200.056 1.9015098382999987e-13
5250.056 1.8124711023999982e-13
5300.056 1.7216535817999989e-13
5350.056 1.6475678730999995e-13
5400.056 1.5864267763999988e-13
5450.056 1.522144117999998e-13
5500.056 1.4512679894000003e-13
5550.056 1.3747288223999998e-13
5600.056 1.2876081184999976e-13
5650.056 1.1817498869999985e-13
5700.056 1.0569998873999987e-13
5750.056 8.991759637499977e-14
5800.056 7.129924400199976e-14
5850.056 4.6864696220999467e-14
5900.056 1.56016870084557e-14
5950.056 9.15105263450019e-14
6000.056 2.0670291343000055e-13
6050.056 4.0727176874000497e-13
6100.056 7.332141821600058e-13
6150.056 1.245907262450009e-12
6200.056 2.0272050587000124e-12
6250.056 3.1843421379000195e-12
6300.056 4.855775952100031e-12
6350.056 7.237056036800043e-12
6400.056 1.0571264176700054e-11
6450.056 1.517897467800004e-11
6500.056 2.1358571126000096e-11
6550.056 2.961760852100016e-11
6600.056 4.064314825100028e-11
6650.056 5.513866472200026e-11
6700.056 6.70534913102007e-11
6750.056 9.598837601000034e-11
6800.056 1.197889556300003e-10
6850.056 1.3540782166000015e-10
6900.056 1.3462899823000042e-10
6950.056 1.2698734897999992e-10
7000.056 1.2917476654000067e-10
7050.056 1.411312724299994e-10
7100.056 1.551262253800001e-10
7150.056 1.6280629066199853e-10
7200.056 1.6425671249300287e-10
7250.056 1.6009464804399488e-10
7300.056 1.4836278515400032e-10
7350.056 1.3492620632899877e-10
7400.056 1.2054224786000085e-10
7450.056 1.0361380268100021e-10
7500.056 8.521486306099966e-11
7550.056 6.565416444799959e-11
7600.056 4.7671104950999585e-11
7650.056 1.214821314665844e-11
7700.056 8.165772491882357e-12
7750.056 4.134943411100081e-11
7800.056 7.803482318160118e-11
7850.056 1.5783865663000135e-10
7900.056 2.465251038100019e-10
7950.056 2.9670994352300363e-10
8000.056 5.179560832300046e-10
8050.056 7.022858194700081e-10
8100.056 9.037324823399989e-10
8150.056 1.1359714906899987e-09
8200.056 1.467074277250042e-09
8250.056 1.7917689676800213e-09
8300.056 2.2024144268201483e-09
8350.056 2.652804512109936e-09
8400.056 3.1841940551399125e-09
8450.056 3.850238073799947e-09
8500.056 4.163638195027798e-09
8550.056 5.254831935200124e-09
8600.056 6.426286445400056e-09
8650.056 7.532809334900091e-09
8700.056 8.693852157400077e-09
8750.056 1.002652079240006e-08
8800.056 1.1430787812600121e-08
8850.056 1.2685375227000022e-08
8900.056 1.247805499769964e-08
8950.056 1.172514397541678e-08
9000.056 1.4796243376798729e-08
9050.056 1.927001457070037e-08
9100.056 2.1516491689640445e-08
9150.056 2.3113640234601278e-08
9200.056 2.6360376083077603e-08
9250.056 2.6761645654477256e-08
9300.056 1.5762727446068656e-08
9350.056 1.9463797535906853e-08
9400.056 2.6947427068982042e-08
9450.056 2.9852873624777476e-08
9500.056 2.974183392127206e-08
9550.056 3.2955410446212746e-08
9600.056 3.419252728665381e-08
9650.056 3.885100567506472e-08
9700.056 4.695637590441072e-08
9750.056 5.05543567661899e-08
9800.056 5.669566567244349e-08
9850.056 6.398391928549948e-08
9900.056 7.321878042689726e-08
9950.056 7.890167951499887e-08
10000.056 7.827886258899684e-08
10050.056 9.515035209699996e-08
10100.056 1.0848814836599822e-07
10150.056 1.2103773058799537e-07
10200.056 1.3466080978600103e-07
10250.056 1.487702159500014e-07
10300.056 1.6576131371000014e-07
10350.056 1.8306544023000056e-07
10400.056 1.9958715988999895e-07
10450.056 2.1402615357999897e-07
10500.056 2.2728287641000266e-07
10550.056 2.405855251600012e-07
10600.056 2.543198397999958e-07
10650.056 2.7060564870000703e-07
10700.056 2.8399259062000664e-07
10750.056 2.994915892100064e-07
10800.056 3.119280239000049e-07
10850.056 3.1644124812399643e-07
10900.056 2.693643404559964e-07
10950.056 1.7891987910160428e-07
11000.056 1.4811577431139838e-07
11050.056 1.1626177424839426e-07
11100.056 9.177781492499671e-08
11150.056 6.97215169301862e-08
11200.056 7.625271227585964e-08
11250.056 9.331813024937963e-08
11300.056 9.271737577174226e-08
11350.056 4.945540959829795e-08
11400.056 8.280927122724101e-08
11450.056 7.56797506218039e-08
11500.056 8.347688374374507e-08
11550.056 5.414666772992178e-08
11600.056 5.6895767820736264e-08
11650.056 7.056259354809869e-08
11700.056 6.368108176122989e-08
11750.056 4.349513577577271e-08
11800.056 8.000557312868375e-08
11850.056 1.2092098829892704e-07
11900.056 1.4176306997966699e-07
11950.056 1.9188678333590599e-07
12000.056 2.2985172416599648e-07
12050.056 2.7675420308703363e-07
12100.056 3.2226626962498914e-07
12150.056 3.7595392216799e-07
12200.056 4.284605328599743e-07
12250.056 4.801034754799665e-07
12300.056 5.407533057000224e-07
12350.056 5.624953579100071e-07
12400.056 5.641457436899842e-07
12450.056 5.024313821900144e-07
12500.056 5.226386974299934e-07
12550.056 5.694181981800353e-07
12600.056 7.751982142600193e-07
12650.056 7.942327226400055e-07
12700.056 8.16263493390056e-07
12750.056 7.88060437650025e-07
12800.056 7.926821795720044e-07
12850.056 6.789408683110238e-07
12900.056 6.140581009440242e-07
12950.056 6.089518917875886e-07
13000.056 5.946123332709676e-07
13050.056 5.48929077716527e-07
13100.056 5.110550843102499e-07
13150.056 4.25085529865519e-07
13200.056 3.713495579731529e-07
13250.056 2.770010826072816e-07
13300.056 1.4892953798467822e-07
13350.056 5.1029204841160003e-08
13400.056 3.252948629124987e-08
13450.056 2.0592036309857435e-08
13500.056 1.4482679292254539e-08
13550.056 1.0844625116875618e-08
13600.056 7.158873664989329e-09
13650.056 1.513953717469312e-08
13700.056 1.194441561519693e-08
13750.056 1.3745715765656965e-08
13800.056 1.6376962269711916e-08
13850.056 1.329968328839609e-08
13900.056 1.3849109725578005e-08
13950.056 1.2879280856980658e-08
14000.056 1.2318342158585953e-08
14050.056 1.4538302068546879e-08
14100.056 1.2519927739285708e-08
14150.056 1.7193137418895748e-08
14200.056 1.3768580624166903e-08
14250.056 1.425996285986569e-08
14300.056 2.1680429729232827e-08
14350.056 2.1987693344889386e-08
14400.056 2.4106799320188103e-08
14450.056 2.6654264370283245e-08
14500.056 4.201736771706576e-08
14550.056 4.5889183984314426e-08
14600.056 5.879169783885497e-08
14650.056 5.937820238906332e-08
14700.056 5.026803476104988e-08
14750.056 6.081929850365513e-08
14800.056 7.435636652007852e-08
14850.056 8.04809893428951e-08
14900.056 8.267491494974597e-08
14950.056 9.294457458317033e-08
15000.056 1.023250719237704e-07
15050.056 1.2112998594009744e-07
15100.056 1.3326126320664639e-07
15150.056 1.4919267451170463e-07
15200.056 1.5061490888266864e-07
15250.056 1.8297487132379692e-07
15300.056 2.027445580325783e-07
15350.056 2.3155714603098604e-07
15400.056 2.594215260120177e-07
15450.056 2.861801564802189e-07
15500.056 3.0188427126899107e-07
15550.056 3.4122233969998305e-07
15600.056 3.4720377474401025e-07
15650.056 3.706915494750227e-07
15700.056 4.2223875852505746e-07
15750.056 4.518154554799887e-07
15800.056 4.434286353000323e-07
15850.056 4.834285995199994e-07
15900.056 4.683841830700176e-07
15950.056 4.635564690099571e-07
16000.056 4.128682238100083e-07
16050.056 3.30931552365993e-07
16100.056 2.706176171349766e-07
16150.056 2.0672364345709688e-07
16200.056 1.542223084254472e-07
16250.056 1.4086665337440082e-07
16300.056 1.201061191134712e-07
16350.056 1.3387733399064875e-07
16400.056 1.5726086490574798e-07
16450.056 1.6964483340743877e-07
16500.056 1.8599400463513543e-07
16550.056 1.7924571851576966e-07
16600.056 1.7702368944431309e-07
16650.056 1.3915355647326326e-07
16700.056 6.022960934063128e-08
16750.056 8.036743928289283e-08
16800.056 1.2670743524000362e-07
16850.056 1.3415842609094647e-07
16900.056 1.1469956699328769e-07
16950.056 9.646615563585357e-08
17000.056 7.598851138492977e-08
17050.056 1.097562586390986e-07
17100.056 1.2915615237810446e-07
17150.056 1.0267569642438302e-07
17200.056 1.3769817848596816e-07
17250.056 1.1891161030616686e-07
17300.056 9.721417510285722e-08
17350.056 8.724521585137171e-08
17400.056 9.571984894619444e-08
17450.056 9.903584977732762e-08
17500.056 1.1000352634736031e-07
17550.056 1.0145318274448925e-07
17600.056 9.113999124941822e-08
17650.056 9.005359855397285e-08
17700.056 6.852013983771308e-08
17750.056 6.30691339393951e-08
17800.056 8.306783969956818e-08
17850.056 5.809387595960009e-08
17900.056 5.7780351244153066e-08
17950.056 4.826131017887655e-08
18000.056 5.4612535958812135e-08
18050.056 5.041666208934732e-08
18100.056 5.3073592106467824e-08
18150.056 6.71042323185962e-08
18200.056 4.240971554670361e-08
18250.056 8.244016488460582e-08
18300.056 5.5919462227947684e-08
18350.056 4.835261389311734e-08
18400.056 4.6578861619176355e-08
18450.056 5.401804573324955e-08
18500.056 5.871041654678841e-08
18550.056 4.7242942779884784e-08
18600.056 3.996040705690902e-08
18650.056 3.99940871224868e-08
18700.056 3.90211108811382e-08
18750.056 4.9970007462119725e-08
18800.056 7.95918448796478e-08
18850.056 9.151430370346519e-08
18900.056 8.539029798407608e-08
18950.056 1.2593473093197457e-07
19000.056 9.562205298443311e-08
19050.056 7.710285888890017e-08
19100.056 1.195338232257919e-07
19150.056 9.251074519291296e-08
19200.056 1.1443042789531073e-07
19250.056 8.94569999168696e-08
19300.056 8.465360018247773e-08
19350.056 7.382081500906876e-08
19400.056 5.2532984972151135e-08
19450.056 8.830457481498512e-08
19500.056 9.052057403668657e-08
19550.056 6.479164748605112e-08
19600.056 8.655554807042121e-08
19650.056 1.0040946122966023e-07
19700.056 1.016425403083856e-07
19750.056 1.0696989427428703e-07
19800.056 1.1342872779478207e-07
19850.056 1.414701171090041e-07
19900.056 1.1037785839692506e-07
19950.056 1.6662239033792798e-07
20000.056 1.48632062197515e-07
20050.056 1.6916043413534612e-07
20100.056 1.8656513050491771e-07
20150.056 1.9455935140285005e-07
20200.056 2.1505679954845855e-07
20250.056 2.4482797407968464e-07
20300.056 2.405197647568129e-07
20350.056 2.802575755685439e-07
20400.056 2.7291258009533956e-07
20450.056 3.114715170379492e-07
20500.056 3.3536156729903823e-07
20550.056 3.3197785298201387e-07
20600.056 3.8197008109004643e-07
20650.056 3.7679915503603595e-07
20700.056 3.8829782443494686e-07
20750.056 4.034986188409675e-07
20800.056 4.2093419356797325e-07
20850.056 4.064880003699846e-07
20900.056 4.312912110079189e-07
20950.056 4.1990231172400116e-07
21000.056 4.16934617170035e-07
21050.056 4.119106231229831e-07
21100.056 3.9481803673501803e-07
21150.056 4.0408237136592837e-07
21200.056 3.7542762763401066e-07
21250.056 3.661639885220347e-07
21300.056 3.2115347905097636e-07
21350.056 3.252025183565871e-07
21400.056 3.026820146808773e-07
21450.056 2.882266498691119e-07
21500.056 2.641576342044665e-07
21550.056 2.4461947545801785e-07
21600.056 2.19194893596536e-07
21650.056 1.9546209904490441e-07
21700.056 1.9358552079601068e-07
21750.056 1.6757454798382272e-07
21800.056 1.417801179047367e-07
21850.056 1.250466946128308e-07
21900.056 9.392129881877608e-08
21950.056 6.047117267009366e-08
22000.056 2.6592071649299442e-08
22050.056 1.977222189785038e-08
22100.056 3.078122802682034e-08
22150.056 4.053051357204954e-08
22200.056 4.6141456688693216e-08
22250.056 4.1269141479491275e-08
22300.056 3.3275885319175004e-08
22350.056 3.2179282670728363e-08
22400.056 2.4457071562484648e-08
22450.056 2.136643628739586e-08
22500.056 2.1205707395039485e-08
22550.056 1.7420582702022538e-08
22600.056 1.798419279423703e-08
22650.056 1.9625462308852545e-08
22700.056 1.7166163635565447e-08
22750.056 1.7619463702217947e-08
22800.056 1.6498081739360706e-08
22850.056 1.4375210881631191e-08
22900.056 1.297803214989753e-08
22950.056 1.2123158910986047e-08
23000.056 1.547548783709874e-08
23050.056 1.9924357582692124e-08
23100.056 3.391898230011382e-08
23150.056 3.698082204895178e-08
23200.056 1.0014349722997757e-08
23250.056 1.329545691956253e-08
23300.056 1.1833970313120121e-08
23350.056 1.1788195758778014e-08
23400.056 1.2593704329243972e-08
23450.056 1.1978289589428658e-08
23500.056 1.3162379247227585e-08
23550.056 1.650159832015843e-08
23600.056 1.9470631538284208e-08
23650.056 2.475817057640654e-08
23700.056 1.490368388545048e-08
23750.056 1.2464149590058579e-08
23800.056 1.403287705197014e-08
23850.056 1.5907790842850605e-08
23900.056 2.3962444525620815e-08
23950.056 2.542150595864556e-08
24000.056 2.8886435273899682e-08
24050.056 3.4197080620002135e-08
24100.056 3.1540204302837256e-08
24150.056 3.669119932272359e-08
24200.056 3.676045737479504e-08
24250.056 3.114418839060855e-08
24300.056 3.798461850921272e-08
24350.056 3.2206337120330006e-08
24400.056 4.3109856734803835e-08
24450.056 4.0863495277528104e-08
24500.056 4.1656170273310765e-08
24550.056 4.967968372945922e-08
24600.056 5.023995908277777e-08
24650.056 6.22522516506447e-08
24700.056 4.599691638062061e-08
24750.056 5.113879341008586e-08
24800.056 5.18765399204619e-08
24850.056 6.927356048039877e-08
24900.056 4.26698615050673e-08
24950.056 6.972628502092905e-08
25000.056 6.190909614654831e-08
25050.056 4.432875655014909e-08
25100.056 6.068194330947886e-08
25150.056 4.2937163384510955e-08
25200.056 5.4144709866713754e-08
25250.056 3.7516351609616997e-08
25300.056 5.27362873489861e-08
25350.056 3.314998723198348e-08
25400.056 5.583969057898192e-08
25450.056 3.311200658991642e-08
25500.056 3.409334163506787e-08
25550.056 3.7393882139229326e-08
25600.056 3.424502313950579e-08
25650.056 2.451817536874055e-08
25700.056 4.418786634572232e-08
25750.056 2.109231646786735e-08
25800.056 4.597516281167542e-08
25850.056 2.355212445616419e-08
25900.056 3.263264615998012e-08
25950.056 1.951583696712437e-08
26000.056 4.892913360833391e-08
26050.056 2.962063986016275e-08
26100.056 4.7739762603416577e-08
26150.056 3.734544349744032e-08
26200.056 4.1058589849880317e-08
26250.056 6.366637123928843e-08
26300.056 4.363226322648583e-08
26350.056 7.538406535599441e-08
26400.056 7.500700715739319e-08
26450.056 7.514560015859034e-08
26500.056 8.37596203449283e-08
26550.056 4.918867319069037e-08
26600.056 7.100444065291854e-08
26650.056 3.397493537344275e-08
26700.056 3.171753025184053e-08
26750.056 2.213452110405392e-08
26800.056 3.5118570070325235e-08
26850.056 2.0953978455301398e-08
26900.056 4.517698231385578e-08
26950.056 2.4174415143468752e-08
27000.056 5.621236189495095e-08
27050.056 4.445565747882036e-08
27100.056 3.4555564466102526e-08
27150.056 6.098052812660788e-08
27200.056 3.7662983822556556e-08
27250.056 4.5590607707951605e-08
27300.056 9.545734872137452e-08
27350.056 7.062910690787463e-08
27400.056 2.5114084368890025e-08
27450.056 9.001159649984992e-08
27500.056 8.733360129930166e-08
27550.056 4.1799962395962503e-08
27600.056 7.573123542478324e-08
27650.056 3.7682298553687936e-08
27700.056 3.110524379186039e-08
27750.056 7.890807033627243e-08
27800.056 3.77214752577149e-08
27850.056 4.5955243799043705e-08
27900.056 5.064971968562786e-08
27950.056 8.435137358908479e-08
28000.056 6.615864091357279e-08
28050.056 2.799164350904244e-08
28100.056 9.017466830911864e-08
28150.056 5.524993358438688e-08
28200.056 3.096688292057567e-08
28250.056 8.600446105671858e-08
28300.056 1.0689113409618684e-07
28350.056 4.016009120616146e-08
28400.056 6.671270386308063e-08
28450.056 9.005245317138845e-08
28500.056 6.966344467734119e-08
28550.056 3.0336273675633976e-08
28600.056 9.734930498974606e-08
28650.056 8.43642927970916e-08
28700.056 7.292393331423147e-08
28750.056 1.0480093479048205e-07
28800.056 8.766381989756253e-08
