galfind/configs/Brown_Dwarf_templates/sonora_bobcat/m+0.5/1000g/sp_t225g1000nc_m+0.5_resample.dat
# %ECSV 1.0
# ---
# datatype:
# - {name: wav, unit: Angstrom, datatype: float64}
# - {name: flux_nu, unit: erg / (cm2 Hz s), datatype: float64}
# meta: {C/O: '1.00', Kzz: '1.0000E+05', Teff: '225.', Y: '0.28', '[Fe/H]': '0.50', f_hole: '1.00', f_rain: '0.00', grav: '1000.'}
# schema: astropy-2.0
wav flux_nu
[from data line 499]
28950.056 2.153349598041206e-15
29000.056 1.9297997822327773e-15
29050.056 4.46654973855741e-15
29100.056 9.742473643654865e-17
29150.056 6.454359757935839e-17
29200.056 1.3216059556753991e-14
29250.056 3.1675260284634007e-15
29300.056 2.692095019537321e-16
29350.056 4.15055810019514e-15
29400.056 5.020196114474828e-15
29450.056 5.860044587952094e-16
29500.056 7.134964711232058e-15
29550.056 5.93150973632308e-15
29600.056 3.962094516646369e-16
29650.056 4.608237696546042e-15
29700.056 5.828566428951945e-15
29750.056 2.1363742051727653e-14
29800.056 1.2474436060072276e-15
29850.056 1.1821594181412623e-14
29900.056 2.48767691876869e-15
29950.056 2.0551128214519548e-15
30000.056 4.24831459791346e-18
30050.056 1.9733286969898297e-15
30100.056 5.7455916677124975e-15
30150.056 6.7386035938960835e-15
30200.056 4.809554034371911e-14
30250.056 1.2538958139499513e-14
30300.056 1.3977019352044861e-14
30350.056 1.71510113971728e-14
30400.056 5.390672193618808e-14
30450.056 7.151106963555563e-14
30500.056 5.085126670713802e-15
30550.056 6.870834752189253e-15
30600.056 5.998841016689643e-13
30650.056 1.622831466098796e-13
30700.056 2.515291387366772e-15
30750.056 5.0119219812738015e-14
30800.056 3.1137001121540373e-13
30850.056 2.904697955151146e-13
30900.056 5.775903185234471e-14
30950.056 7.032932281116276e-14
31000.056 6.585269216514511e-14
31050.056 5.618195932146438e-15
31100.056 3.0665395864505302e-15
31150.056 5.251964249322963e-14
31200.056 2.2482724531104202e-13
31250.056 2.277475808768581e-13
31300.056 1.088550530595936e-14
31350.056 2.3620091767905755e-13
31400.056 2.2763451680478684e-13
31450.056 1.2289220982281448e-13
31500.056 2.5229494759227408e-14
31550.056 8.877630200929217e-14
31600.056 7.719299032335816e-14
31650.056 3.469840846147526e-14
31700.056 2.4060023106771083e-14
31750.056 1.026607961223295e-14
31800.056 1.392963085534916e-14
31850.056 8.271655404926865e-16
31900.056 2.9962634031283534e-15
31950.056 9.63215047922244e-16
32000.056 7.254156705225149e-16
32050.056 3.130490793443108e-16
32100.056 2.450590746860246e-16
32150.056 1.0919245573909179e-16
32200.056 3.282111441075144e-17
32250.056 7.840136009431973e-17
32300.056 1.0513085683185836e-17
32350.056 3.0118932907595115e-17
32400.056 2.2021680967221308e-18
32450.056 1.7917787704841016e-17
32500.056 1.6427562327538645e-18
32550.056 1.008709403028808e-17
32600.056 5.906525554138362e-19
32650.056 1.3773789010963842e-17
32700.056 8.205455274790263e-19
32750.056 3.2007325746306003e-17
32800.056 7.263440925647243e-18
32850.056 1.4733073089881035e-16
32900.056 5.160264605712452e-17
32950.056 1.7993975853672765e-16
33000.056 4.720288406650134e-17
33050.056 2.066169978578383e-17
33100.056 3.748746654259563e-18
33150.056 1.0780713637360432e-20
33200.056 3.721431748002208e-18
33250.056 4.616620395941902e-18
33300.056 1.1943012774207444e-16
33350.056 2.849570664033109e-17
33400.056 2.402119541367634e-16
33450.056 9.167480357734365e-18
33500.056 1.2416296638401446e-16
33550.056 1.8527513188662123e-17
33600.056 6.997120058041226e-17
33650.056 1.1370868498305538e-16
33700.056 1.3378550161683969e-17
33750.056 1.5286293567441624e-16
33800.056 8.257391778095732e-18
33850.056 8.771338823938309e-17
33900.056 9.738058982187015e-17
33950.056 1.5025380628114685e-16
34000.056 5.193301260727712e-16
34050.056 7.708320660602596e-17
34100.056 7.692005826991071e-16
34150.056 2.771075186589121e-16
34200.056 2.020292846976134e-15
34250.056 3.4490589703953555e-16
34300.056 7.728000202870888e-16
34350.056 1.5026273297689902e-14
34400.056 6.631760941177138e-16
34450.056 4.868684096917195e-15
34500.056 7.122817779045425e-16
34550.056 1.3524763853061991e-14
34600.056 1.0808215269590295e-13
34650.056 5.55678860488849e-16
34700.056 3.3734755335020114e-14
34750.056 5.0293678495373326e-15
34800.056 3.295420137772039e-15
34850.056 1.50724293931228e-14
34900.056 2.9996067988012892e-15
34950.056 4.053880137117771e-14
35000.056 2.437243275209664e-14
35050.056 1.3765495537342416e-13
35100.056 9.168071675851878e-14
35150.056 2.1491379087703958e-13
35200.056 3.6228652713519033e-13
35250.056 5.437807276327438e-13
35300.056 2.3319197848466145e-14
35350.056 1.7595179240888268e-15
35400.056 1.0891671819059864e-15
35450.056 1.4493979797040435e-15
35500.056 2.0437302896880376e-14
35550.056 2.968815239358865e-14
35600.056 7.637879352688272e-14
35650.056 1.0826259181495565e-13
35700.056 2.1561305700310587e-13
35750.056 6.699898258028577e-14
35800.056 1.3075140868669686e-14
35850.056 9.289027382385772e-15
35900.056 2.398140189850087e-14
35950.056 1.5143398898593576e-13
36000.056 2.2110049950126853e-13
36050.056 1.6634988457242881e-13
36100.056 1.1124332683291194e-13
36150.056 2.563670596453281e-12
36200.056 5.135918106536302e-13
36250.056 1.7265730111644089e-13
36300.056 1.2548215227021405e-12
36350.056 1.071250120798324e-12
36400.056 8.78329444498848e-13
36450.056 5.446517104759621e-13
36500.056 3.5150091643997883e-13
36550.056 3.7680091505356186e-12
36600.056 4.180092060644204e-12
36650.056 8.488274458716162e-13
36700.056 2.857805989998291e-12
36750.056 6.833680800752022e-12
36800.056 7.083704275080679e-12
36850.056 1.1826324430389888e-12
36900.056 9.440757636087174e-13
36950.056 9.435829111164224e-12
37000.056 6.56322506778994e-12
37050.056 1.0347028443458404e-11
37100.056 4.320054168591289e-13
37150.056 1.4518504484423064e-12
37200.056 1.8028192214204612e-11
37250.056 7.601043660486742e-12
37300.056 1.0683880017473077e-12
37350.056 1.2166181428609786e-12
37400.056 3.2386423958853163e-12
37450.056 1.3275797280001784e-12
37500.056 1.6392358454356586e-12
37550.056 1.4507095195277608e-11
37600.056 4.294968065355715e-11
37650.056 1.438916233057877e-12
37700.056 6.086935258491967e-12
37750.056 6.391903340730281e-12
37800.056 4.785868315920127e-12
37850.056 3.699888948382802e-12
37900.056 1.8325719848173564e-12
37950.056 3.497717714066026e-12
38000.056 1.8191003128034436e-12
38050.056 1.4408533301873181e-11
38100.056 2.3748019068167116e-11
38150.056 3.924118795656125e-11
38200.056 1.698283180911777e-11
38250.056 4.231001399359201e-11
38300.056 1.2956933082249816e-10
38350.056 1.9901176445678223e-11
38400.056 1.7345573446363831e-12
38450.056 2.2760712765054107e-13
38500.056 1.3205196069897966e-12
38550.056 1.6848522323641987e-11
38600.056 3.995662414159578e-11
38650.056 1.4390146462771217e-11
38700.056 2.969030100321934e-12
38750.056 1.5799880834761663e-11
38800.056 1.2394772583062919e-11
38850.056 1.8120386013465367e-11
38900.056 2.158261529406945e-11
38950.056 1.0082444444148136e-11
39000.056 5.180017169899971e-11
39050.056 2.16453500161159e-12
39100.056 7.823353129042105e-12
39150.056 3.6934966361013575e-11
39200.056 3.038364703610054e-11
39250.056 3.057656033093397e-11
39300.056 1.724395114982144e-11
39350.056 9.851979660040084e-11
39400.056 2.0924074212042e-11
39450.056 6.851441712261517e-11
39500.056 9.085168804168867e-11
39550.056 1.1465278417083477e-11
39600.056 5.3114901774026397e-11
39650.056 1.6745270109800328e-10
39700.056 1.5283191125099987e-10
39750.056 1.7891290445155506e-11
39800.056 7.647079887244088e-12
39850.056 1.0203655622601743e-10
39900.056 2.454571700580012e-10
39950.056 3.322164296440628e-11
40000.056 8.537393715921096e-11
40050.056 1.2533091371253064e-10
40100.056 1.1314321600140459e-11
40150.056 8.456700478201556e-11
40200.056 1.2538245910998213e-10
40250.056 1.8665072440396976e-10
40300.056 2.1588361003001591e-10
40350.056 4.486229721279289e-11
40400.056 4.2020918207823204e-11
40450.056 1.3361729920228367e-11
40500.056 1.7700889346195405e-10
40550.056 1.89729005936963e-10
40600.056 3.2212365389998877e-10
40650.056 1.1057762227334376e-10
40700.056 1.3156232294458206e-10
40750.056 9.984434825709065e-11
40800.056 4.754445546021236e-11
40850.056 4.754761831960576e-10
40900.056 4.899099209199475e-10
40950.056 1.969739740432597e-10
41000.056 9.124457825656795e-11
41050.056 4.931344039682264e-10
41100.056 4.2008987843395553e-10
41150.056 3.333616899741409e-11
41200.056 5.522900935360916e-10
41250.056 4.990304272078042e-10
41300.056 4.0389310852510097e-10
41350.056 1.2022208354000348e-09
41400.056 7.758857486499351e-10
41450.056 8.459866931799977e-10
41500.056 2.4788512810544323e-10
41550.056 2.1632967530304275e-10
41600.056 2.7821346784056727e-10
41650.056 9.723866879261303e-10
41700.056 1.7969930007999314e-09
41750.056 1.1842883035600496e-09
41800.056 1.3436256362999521e-09
41850.056 6.167918433919196e-10
41900.056 3.691854522608971e-10
41950.056 2.1479301630805276e-10
42000.056 8.140918300731547e-12
42050.056 4.783613103852107e-11
42100.056 1.6053705232039533e-10
42150.056 2.972605101659997e-10
42200.056 6.007312743200268e-10
42250.056 4.389059135900555e-10
42300.056 3.140898214199681e-10
42350.056 1.0899476936100569e-09
42400.056 1.932798397300113e-09
42450.056 2.8827752150000994e-09
42500.056 3.1524987746999825e-09
42550.056 2.5500866035998946e-09
42600.056 1.3220638952901712e-09
42650.056 1.849267304709773e-09
42700.056 4.38256908879633e-10
42750.056 2.302157038020269e-09
42800.056 4.475289682400114e-09
42850.056 4.5443418296998295e-09
42900.056 3.9204863384000294e-09
42950.056 2.89220716590013e-09
43000.056 3.272116994499923e-09
43050.056 1.2808404563337052e-09
43100.056 1.90359952646018e-09
43150.056 2.8151530032001313e-09
43200.056 4.587912662200134e-09
43250.056 5.286209765800032e-09
43300.056 4.560126340199803e-09
43350.056 2.9453931580999094e-09
43400.056 3.260424192699932e-09
43450.056 1.3673035631099414e-09
43500.056 8.452771319270272e-10
43550.056 1.998473626500164e-09
43600.056 4.265243549499934e-09
43650.056 2.3798980126998977e-09
43700.056 4.224422862200597e-09
43750.056 5.685341220999828e-09
43800.056 3.832427611699877e-09
43850.056 2.8338088947001147e-09
43900.056 1.6017500837800811e-09
43950.056 1.5638376438600438e-09
44000.056 2.1306977394000016e-09
44050.056 4.8642285928004365e-09
44100.056 6.697047167900015e-09
44150.056 5.630317762799878e-09
44200.056 5.343035009799908e-09
44250.056 3.0610371799998576e-09
44300.056 1.7643178827999543e-09
44350.056 1.3425015426400047e-09
44400.056 1.5847798067900538e-09
44450.056 3.781604632800359e-09
44500.056 3.556743247999897e-09
44550.056 4.593348308200071e-09
44600.056 3.3322039076999895e-09
44650.056 3.9582925876999504e-09
44700.056 3.0961298486997516e-09
44750.056 4.0500838802001194e-09
44800.056 2.3297117077699105e-09
44850.056 3.0398082251001512e-09
44900.056 3.6361940715000004e-09
44950.056 4.948081991200304e-09
45000.056 5.937300748399944e-09
45050.056 4.559263452399652e-09
45100.056 4.047275494600238e-09
45150.056 3.457860468399872e-09
45200.056 2.1060130008499487e-09
45250.056 2.5962618696999073e-09
45300.056 2.3187058756999975e-09
45350.056 1.4072158385801955e-09
45400.056 5.093212473300129e-09
45450.056 3.819443829100301e-09
45500.056 5.821881736400294e-09
45550.056 5.8402809286994945e-09
45600.056 5.18497331220018e-09
45650.056 4.726394526099675e-09
45700.056 2.1862435123497035e-09
45750.056 1.8978974589202233e-09
45800.056 4.606999243699944e-09
45850.056 3.190728692530276e-09
45900.056 6.204483369900079e-09
45950.056 6.747705033799765e-09
46000.056 5.768813242300019e-09
46050.056 3.960526854600321e-09
46100.056 6.049301878699788e-09
46150.056 3.797489581699942e-09
46200.056 2.2825905627896675e-09
46250.056 7.189293136100241e-10
46300.056 2.7645475755002424e-09
46350.056 3.2115115959999844e-09
46400.056 3.507158752200098e-09
46450.056 2.037584241759882e-09
46500.056 3.4283145087000726e-09
46550.056 1.7753968281197478e-09
46600.056 1.2726432120299617e-09
46650.056 2.7729466587001233e-09
46700.056 2.047298532449801e-09
46750.056 6.501681290100212e-10
46800.056 3.973103021899766e-10
46850.056 1.8140648400703365e-09
46900.056 3.590556918400103e-09
46950.056 4.225438930299996e-09
47000.056 4.53115894340002e-09
47050.056 2.1737685442696397e-09
47100.056 2.1720125378000354e-09
47150.056 2.658861931800178e-09
47200.056 2.8875635345998597e-09
47250.056 9.894149121397752e-10
47300.056 7.514989843802043e-10
47350.056 2.6788040320001966e-09
47400.056 3.5440129420999766e-09
47450.056 1.7437323669999348e-09
47500.056 3.311225441500344e-09
47550.056 3.739802752999933e-09
47600.056 1.779492205179826e-09
47650.056 2.2405858336898962e-09
47700.056 1.912771347330157e-09
47750.056 1.702981832599964e-09
47800.056 8.532793898499121e-10
47850.056 3.2186850142004007e-10
47900.056 5.796498374600262e-10
47950.056 1.8257303999001806e-09
48000.056 2.226188494889796e-09
48050.056 1.69842913414007e-09
48100.056 1.0191030381999564e-09
48150.056 1.790792974900044e-09
48200.056 7.825320009998699e-10
48250.056 1.3845353156400901e-09
48300.056 1.736239955599945e-09
48350.056 9.352685432998815e-10
48400.056 2.4783433549695914e-10
48450.056 3.6440262699706946e-10
48500.056 6.632256456599441e-10
48550.056 8.185903960501761e-10
48600.056 2.111043408700089e-09
48650.056 2.613240733400003e-09
48700.056 2.302524997400042e-09
48750.056 2.283741014299986e-09
48800.056 2.1069724628999323e-09
48850.056 9.018086938098981e-10
48900.056 6.083510412399322e-10
48950.056 3.6965751758999084e-10
49000.056 3.0290983156904774e-10
49050.056 7.854106514899596e-10
49100.056 1.22711502689016e-09
49150.056 1.2791780220899899e-09
49200.056 2.0722657988000966e-09
49250.056 2.0633575924999487e-09
49300.056 1.3917462604898706e-09
49350.056 6.160534978200828e-10
49400.056 7.654625844698925e-10
49450.056 5.899695553500789e-10
49500.056 4.4947221200994096e-10
49550.056 1.667116036819932e-10
49600.056 2.468111812300341e-10
49650.056 6.893030178500647e-10
49700.056 1.0284771823300156e-09
49750.056 6.653493236299589e-10
49800.056 4.664166215200221e-10
49850.056 1.097693050250078e-09
49900.056 1.394634715799999e-09
49950.056 1.2329849673999588e-09
50000.056 5.886039912899107e-10
50050.056 5.568124654700744e-10
50100.056 5.807196789099731e-10
50150.056 2.759395236799656e-10
50200.056 1.0491170290001141e-10
50250.056 2.7374143452000297e-10
50300.056 2.342152256080256e-10
50350.056 6.483158483400445e-10
50400.056 9.440026101500232e-10
50450.056 1.0816408016800064e-09
50500.056 1.2027704250500185e-09
50550.056 1.2937013579999669e-09
50600.056 7.88042461299972e-10
50650.056 1.1633254258000073e-09
50700.056 9.46728991159956e-10
50750.056 5.996212320899656e-10
50800.056 2.3340402636795736e-10
50850.056 1.5737812857403205e-10
50900.056 4.932748494500409e-10
50950.056 6.042455072499658e-10
51000.056 4.4185975976005965e-10
51050.056 7.965883596099681e-10
51100.056 4.874739679899786e-10
51150.056 3.117848262800416e-10
51200.056 7.593439158400339e-10
51250.056 7.373317785399828e-10
51300.056 5.544399214999787e-10
51350.056 3.266240307299512e-10
51400.056 1.6832176827601748e-10
51450.056 1.5178666940697522e-10
51500.056 1.6198304217502845e-10
51550.056 3.840384271700219e-10
51600.056 5.462922716300205e-10
51650.056 6.957430475700132e-10
51700.056 5.574498496999195e-10
51750.056 5.067626703200628e-10
51800.056 7.322177037499997e-10
51850.056 6.342229850799818e-10
51900.056 5.036737362799801e-10
51950.056 3.0973056259996395e-10
52000.056 1.0782613609299012e-10
52050.056 2.0813101355000156e-10
52100.056 1.4722825955099026e-10
52150.056 1.0715095225701978e-10
52200.056 2.7086443055001784e-10
52250.056 3.7954243974001266e-10
52300.056 3.678711825199834e-10
52350.056 1.629200903819971e-10
52400.056 1.9267842549200635e-10
52450.056 4.1469230468002893e-10
52500.056 3.2245337163998977e-10
52550.056 5.298118406599923e-10
52600.056 5.644602397100264e-10
52650.056 6.013151188299833e-10
52700.056 4.229820945299717e-10
52750.056 1.6804797075598038e-10
52800.056 2.8140793892002626e-10
52850.056 3.1353950065998237e-10
52900.056 1.411753155429736e-10
52950.056 2.013350294880245e-10
53000.056 3.468266461600061e-10
53050.056 2.327780607799973e-10
53100.056 4.337731948300222e-10
53150.056 2.476677112099726e-10
53200.056 1.723521854879846e-10
53250.056 2.4153405328000893e-10
53300.056 3.061798248300111e-10
53350.056 2.936281974599967e-10
53400.056 2.559401505599898e-10
53450.056 1.4681682943398423e-10
53500.056 6.200707590399174e-11
53550.056 9.800978132500354e-11
