galfind/configs/Brown_Dwarf_templates/sonora_bobcat/m+0.5/1000g/sp_t475g1000nc_m+0.5_resample.dat
# %ECSV 1.0
# ---
# datatype:
# - {name: wav, unit: Angstrom, datatype: float64}
# - {name: flux_nu, unit: erg / (cm2 Hz s), datatype: float64}
# meta: {C/O: '1.00', Kzz: '1.0000E+05', Teff: '475.', Y: '0.28', '[Fe/H]': '0.50', f_hole: '1.00', f_rain: '0.00', grav: '1000.'}
# schema: astropy-2.0
wav flux_nu
[from data line 499]
28950.056 3.245186796845063e-10
29000.056 2.3393609247920684e-10
29050.056 3.5838759223936725e-10
29100.056 1.7843340424140604e-10
29150.056 2.897512352414487e-10
29200.056 4.752999157010609e-10
29250.056 5.589248127132278e-10
29300.056 3.023705857301303e-10
29350.056 8.70758886151416e-10
29400.056 3.3016723043664944e-10
29450.056 2.436787348995485e-10
29500.056 7.837862102024523e-10
29550.056 2.894766762187462e-10
29600.056 3.9893093326564887e-10
29650.056 1.175200136138799e-09
29700.056 2.6547958972931795e-10
29750.056 7.955859201462169e-10
29800.056 6.10656500772191e-10
29850.056 1.0026862759236545e-09
29900.056 5.193397041184839e-10
29950.056 5.927715025988924e-10
30000.056 1.338381201333695e-11
30050.056 7.163934136961459e-11
30100.056 2.57815352694747e-10
30150.056 9.51855991372278e-10
30200.056 6.476082314257889e-10
30250.056 1.2707386266428143e-09
30300.056 1.574653035635365e-09
30350.056 4.2234832314830696e-10
30400.056 1.6490117534542326e-09
30450.056 1.0381017458632554e-09
30500.056 7.883317716860875e-10
30550.056 6.063805355045691e-10
30600.056 3.433524574312252e-09
30650.056 1.3982355407095583e-09
30700.056 9.744408112849203e-10
30750.056 1.7808620768128906e-09
30800.056 1.4202609918135485e-09
30850.056 1.5808894754242255e-09
30900.056 8.892064965696843e-10
30950.056 7.688993517938427e-10
31000.056 9.009068696715126e-10
31050.056 7.469974488762931e-10
31100.056 4.3717542959925984e-10
31150.056 8.170477546955262e-10
31200.056 2.05706774598219e-09
31250.056 9.868658295995056e-10
31300.056 6.854026943550841e-10
31350.056 1.3599510775083174e-09
31400.056 9.055160137706894e-10
31450.056 9.970997849431383e-10
31500.056 3.548058301772937e-10
31550.056 6.384002379347325e-10
31600.056 4.392634977686151e-10
31650.056 3.663534839179342e-10
31700.056 3.5509042080731687e-10
31750.056 1.7517893502355174e-10
31800.056 3.748737638990881e-10
31850.056 7.632830598936014e-11
31900.056 1.8174467342868244e-10
31950.056 1.009310927625096e-10
32000.056 9.157491307505638e-11
32050.056 1.2551638753040228e-10
32100.056 1.0065454713073295e-10
32150.056 1.1748272501980377e-10
32200.056 5.844928980146357e-11
32250.056 1.490003629610517e-10
32300.056 4.429862952013038e-11
32350.056 1.5208754670319847e-10
32400.056 2.6835405293126073e-11
32450.056 1.189605535920371e-10
32500.056 3.407758058283164e-11
32550.056 9.709943243551198e-11
32600.056 4.162172864524565e-11
32650.056 2.2332004220162281e-10
32700.056 6.371779078231817e-11
32750.056 4.381510477914049e-10
32800.056 2.785802558221659e-10
32850.056 7.598081981750618e-10
32900.056 6.8647658217549e-10
32950.056 7.040865118748673e-10
33000.056 2.504013333256103e-10
33050.056 3.2056067150885516e-10
33100.056 7.042800943741265e-11
33150.056 4.337637535887646e-14
33200.056 2.004102411047328e-12
33250.056 3.0481513658729667e-12
33300.056 2.273698993459895e-11
33350.056 7.529724374643923e-11
33400.056 2.515843192684034e-10
33450.056 1.623212612762695e-10
33500.056 5.794846965183932e-10
33550.056 1.275569102181323e-10
33600.056 3.310291239172161e-10
33650.056 3.084079109995297e-10
33700.056 1.0865615562348682e-10
33750.056 4.334902043080158e-10
33800.056 4.5286450427920485e-11
33850.056 2.1048803618848566e-10
33900.056 2.2945761755412888e-10
33950.056 1.7892822996391179e-10
34000.056 3.959065447690656e-10
34050.056 6.304992840327604e-11
34100.056 3.6399009075269464e-10
34150.056 1.421702794470064e-10
34200.056 3.9363404038695666e-10
34250.056 2.4745333539694606e-10
34300.056 2.3587534286925725e-10
34350.056 5.488445864765317e-10
34400.056 1.5421663589099864e-10
34450.056 5.376289413793914e-10
34500.056 2.757480095157869e-10
34550.056 1.8914991213850813e-10
34600.056 9.073033857641358e-10
34650.056 1.3831445891184365e-10
34700.056 6.273240470661367e-10
34750.056 3.876760264718294e-10
34800.056 3.0470693579811697e-10
34850.056 1.0752547689687243e-09
34900.056 2.484941721411e-10
34950.056 9.274263900809025e-10
35000.056 1.6341434353516988e-09
35050.056 7.302884381692647e-10
35100.056 1.8219815934785064e-09
35150.056 1.5494001308772027e-09
35200.056 1.1370881761765264e-09
35250.056 2.1992290897762554e-09
35300.056 7.897114872440247e-10
35350.056 1.1665929159851505e-09
35400.056 9.445688940317672e-10
35450.056 7.746676744089615e-10
35500.056 2.7187938133238244e-09
35550.056 1.527554108601407e-09
35600.056 1.8786380971781667e-09
35650.056 2.11551522574625e-09
35700.056 2.073117750610374e-09
35750.056 3.1484964496253705e-09
35800.056 2.503713315367143e-09
35850.056 1.0652728766105584e-09
35900.056 1.5345109321286998e-09
35950.056 2.1758573250872704e-09
36000.056 2.3147028825583446e-09
36050.056 1.6857104550267285e-09
36100.056 1.5399192527583905e-09
36150.056 3.566364088556982e-09
36200.056 3.9369132143057475e-09
36250.056 2.5727942934001156e-09
36300.056 6.008948500734358e-09
36350.056 3.4841149961823078e-09
36400.056 5.4963835998266584e-09
36450.056 4.876026116655855e-09
36500.056 5.429863872519418e-09
36550.056 8.229007755166815e-09
36600.056 8.859158433677015e-09
36650.056 6.2187029019244875e-09
36700.056 6.4646497621189085e-09
36750.056 8.6563566224039e-09
36800.056 1.0245715968906655e-08
36850.056 5.645444019762555e-09
36900.056 8.554106623311392e-09
36950.056 1.023723099414823e-08
37000.056 6.955794383657374e-09
37050.056 1.1322796668776127e-08
37100.056 6.792849683725548e-09
37150.056 7.945093471921147e-09
37200.056 1.3101510498597596e-08
37250.056 7.791822799760471e-09
37300.056 5.74907812721457e-09
37350.056 1.0105082047848808e-08
37400.056 1.559192821664716e-08
37450.056 6.254274210404436e-09
37500.056 8.75611006686062e-09
37550.056 1.7143802555758703e-08
37600.056 2.4653218723444288e-08
37650.056 7.715130067027575e-09
37700.056 1.4924546064801326e-08
37750.056 1.0274254445090955e-08
37800.056 1.0694345430419472e-08
37850.056 5.861058376730128e-09
37900.056 7.248139251148359e-09
37950.056 1.3761561342010801e-08
38000.056 1.2577303057061319e-08
38050.056 1.7688701588105687e-08
38100.056 2.2417513676427703e-08
38150.056 2.388022791067845e-08
38200.056 1.9188524627567036e-08
38250.056 2.1273699069113325e-08
38300.056 3.308585831587001e-08
38350.056 3.047128808877061e-08
38400.056 1.346787771613338e-08
38450.056 6.6891096354200465e-09
38500.056 4.688579006604717e-09
38550.056 1.4988098906703808e-08
38600.056 1.5716447624156434e-08
38650.056 1.8245112796387003e-08
38700.056 1.6193744111596247e-08
38750.056 1.622501310410119e-08
38800.056 1.629385335367009e-08
38850.056 1.874816352147174e-08
38900.056 2.3718680847829912e-08
38950.056 1.4390349566933393e-08
39000.056 2.2370914718024302e-08
39050.056 1.4762076558260044e-08
39100.056 2.0978830017775053e-08
39150.056 2.8471405604810543e-08
39200.056 1.9582726002116295e-08
39250.056 3.0399466908300756e-08
39300.056 2.168797055831783e-08
39350.056 3.6511569093499257e-08
39400.056 2.2356669537314387e-08
39450.056 3.095501196032822e-08
39500.056 3.2822684626603324e-08
39550.056 1.645042027606339e-08
39600.056 2.998348166458228e-08
39650.056 4.036005444139714e-08
39700.056 3.6089503421204965e-08
39750.056 1.804248184071895e-08
39800.056 2.1086071094914843e-08
39850.056 4.484142975000359e-08
39900.056 4.910358119420257e-08
39950.056 2.379162636607794e-08
40000.056 4.0487979086999503e-08
40050.056 4.301953313969911e-08
40100.056 1.668394933002159e-08
40150.056 3.9313270083202157e-08
40200.056 4.2390814086991176e-08
40250.056 4.697904526098942e-08
40300.056 4.6834970003004875e-08
40350.056 2.9082592688562836e-08
40400.056 4.3330781547292716e-08
40450.056 2.2248700971394235e-08
40500.056 4.924297566149896e-08
40550.056 5.275536034178041e-08
40600.056 4.433409208100103e-08
40650.056 3.576182913768452e-08
40700.056 6.863275915609461e-08
40750.056 4.4564497196090944e-08
40800.056 2.7106109872091265e-08
40850.056 7.462714011901427e-08
40900.056 6.411102853739314e-08
40950.056 5.1516742426308256e-08
41000.056 4.3379561982674604e-08
41050.056 7.913750543998745e-08
41100.056 6.582385688939747e-08
41150.056 2.7599195000595706e-08
41200.056 7.595854184900826e-08
41250.056 6.352002290701041e-08
41300.056 6.43260956310036e-08
41350.056 8.333045918999651e-08
41400.056 6.79627178130011e-08
41450.056 8.910283272799106e-08
41500.056 5.518553058500176e-08
41550.056 5.032438383133608e-08
41600.056 5.732202210523028e-08
41650.056 7.586192706800692e-08
41700.056 9.054581871298396e-08
41750.056 7.075123230699309e-08
41800.056 7.927395539301354e-08
41850.056 6.590167060728998e-08
41900.056 6.070050401860423e-08
41950.056 6.611799386250018e-08
42000.056 4.3083716386685455e-08
42050.056 4.660178065029947e-08
42100.056 6.223333587049678e-08
42150.056 5.649225723389977e-08
42200.056 5.998196509049481e-08
42250.056 5.339998501320786e-08
42300.056 4.813930828839771e-08
42350.056 7.407112154240492e-08
42400.056 8.457991952500648e-08
42450.056 7.676744414501398e-08
42500.056 7.773146222199424e-08
42550.056 6.631073829799189e-08
42600.056 7.380897371322495e-08
42650.056 1.1132659793297827e-07
42700.056 5.5084370010579426e-08
42750.056 6.79930938900116e-08
42800.056 9.644864804800738e-08
42850.056 1.0531973467297652e-07
42900.056 1.1395462597401318e-07
42950.056 8.341024257799331e-08
43000.056 9.827607126000212e-08
43050.056 4.838820667500578e-08
43100.056 8.305244771299418e-08
43150.056 6.637400263600562e-08
43200.056 9.525702135700839e-08
43250.056 1.376530626250084e-07
43300.056 1.235590891250015e-07
43350.056 6.14532604839869e-08
43400.056 9.418139670100602e-08
43450.056 6.295135042900572e-08
43500.056 6.646388356301207e-08
43550.056 7.087909184040603e-08
43600.056 1.127557765400095e-07
43650.056 6.500824942259858e-08
43700.056 1.3070130139802198e-07
43750.056 1.1415601817199449e-07
43800.056 1.011763694939936e-07
43850.056 9.169187023401144e-08
43900.056 7.245463973499193e-08
43950.056 4.916573565099468e-08
44000.056 4.689099615649892e-08
44050.056 1.150511025130048e-07
44100.056 1.627427142030023e-07
44150.056 1.471921702239936e-07
44200.056 1.2924324783300273e-07
44250.056 6.826887732999451e-08
44300.056 5.168661970430749e-08
44350.056 5.959930670059072e-08
44400.056 5.615232015119599e-08
44450.056 1.026666616490074e-07
44500.056 8.886636881261339e-08
44550.056 1.328865210009931e-07
44600.056 1.1378734512320173e-07
44650.056 1.0359896539399976e-07
44700.056 6.581363674799234e-08
44750.056 9.894600899801795e-08
44800.056 6.862073803840652e-08
44850.056 1.0241647367500509e-07
44900.056 8.421324915399852e-08
44950.056 9.825899978500954e-08
45000.056 1.1712016468800323e-07
45050.056 1.0578729260698975e-07
45100.056 9.679578503640547e-08
45150.056 8.648849138549053e-08
45200.056 6.327451340770676e-08
45250.056 7.576961323018545e-08
45300.056 7.036584052080947e-08
45350.056 5.73671784428113e-08
45400.056 1.4743064019701656e-07
45450.056 1.2262821152501244e-07
45500.056 1.5232461315201106e-07
45550.056 1.628428922659666e-07
45600.056 1.391503405400165e-07
45650.056 1.1271649597699872e-07
45700.056 6.830222573479529e-08
45750.056 6.024985898430378e-08
45800.056 1.6033627010900815e-07
45850.056 1.295639216597966e-07
45900.056 1.5845883387899328e-07
45950.056 1.2991112116299491e-07
46000.056 1.5135749140651605e-07
46050.056 1.0920361750400843e-07
46100.056 1.799604400999882e-07
46150.056 9.760287671800142e-08
46200.056 8.250608872448771e-08
46250.056 3.223606264370706e-08
46300.056 1.0077266301700406e-07
46350.056 1.0718286309001246e-07
46400.056 1.0057262731800368e-07
46450.056 8.756134763069686e-08
46500.056 9.93630640812187e-08
46550.056 5.230545979660181e-08
46600.056 7.588052244804844e-08
46650.056 1.2316389396000677e-07
46700.056 7.753005308498227e-08
46750.056 3.743273240880683e-08
46800.056 2.5073687910198483e-08
46850.056 1.153538556370171e-07
46900.056 1.2559379960299478e-07
46950.056 1.2108844876598922e-07
47000.056 1.1744361946401518e-07
47050.056 8.164522844913404e-08
47100.056 5.63759692707042e-08
47150.056 9.489973519081331e-08
47200.056 1.0795584417899414e-07
47250.056 5.332713389499136e-08
47300.056 3.536402604047804e-08
47350.056 1.203566067990068e-07
47400.056 1.113042227189914e-07
47450.056 8.226744227321018e-08
47500.056 1.353858988029933e-07
47550.056 1.1156447445500498e-07
47600.056 1.0424263822568818e-07
47650.056 1.1046445099359679e-07
47700.056 8.147491156046684e-08
47750.056 5.8405298854401725e-08
47800.056 4.748946129400682e-08
47850.056 2.245141932324394e-08
47900.056 3.6396724670938804e-08
47950.056 9.319486180500575e-08
48000.056 1.2895131707599824e-07
48050.056 1.0290112423279731e-07
48100.056 4.12496208149031e-08
48150.056 7.687133916800302e-08
48200.056 5.3131096741777184e-08
48250.056 7.050375851400045e-08
48300.056 1.2193526751799622e-07
48350.056 7.088573864599172e-08
48400.056 1.670858308821762e-08
48450.056 3.575119357787852e-08
48500.056 6.269318058598497e-08
48550.056 7.230363969296832e-08
48600.056 9.583025787700182e-08
48650.056 1.256702565779953e-07
48700.056 7.982055393601187e-08
48750.056 5.1788671192013435e-08
48800.056 1.0310605992200575e-07
48850.056 5.292939575629117e-08
48900.056 6.941403929719342e-08
48950.056 3.742813387079897e-08
49000.056 1.9783804457133773e-08
49050.056 6.565642477069174e-08
49100.056 8.659197240563502e-08
49150.056 6.37568584596308e-08
49200.056 1.0273142553201496e-07
49250.056 1.0694982354800518e-07
49300.056 8.582925902199686e-08
49350.056 3.297568510185798e-08
49400.056 5.01943114209878e-08
49450.056 4.6364602503010976e-08
49500.056 3.7084636329514604e-08
49550.056 7.536553242040071e-09
49600.056 2.2354449203325994e-08
49650.056 5.458868294400199e-08
49700.056 6.282638836498427e-08
49750.056 6.221646172419807e-08
49800.056 3.752018924420298e-08
49850.056 8.274788489301057e-08
49900.056 7.19073870389959e-08
49950.056 6.845388400399928e-08
50000.056 5.0912131308769766e-08
50050.056 6.29670204452028e-08
50100.056 4.9894394807997186e-08
50150.056 2.2119247940215886e-08
50200.056 3.833427052531792e-09
50250.056 2.4736554909999486e-08
50300.056 1.6471670967462925e-08
50350.056 5.8284458052008784e-08
50400.056 6.440016911779413e-08
50450.056 4.5529169092801454e-08
50500.056 7.564443356970366e-08
50550.056 6.838202536400317e-08
50600.056 4.714498302408509e-08
50650.056 7.829819497301263e-08
50700.056 7.885030037699595e-08
50750.056 4.689410355480201e-08
50800.056 1.5374680462551303e-08
50850.056 8.03019970900391e-09
50900.056 5.310151455900333e-08
50950.056 4.935430007899619e-08
51000.056 3.853639261121658e-08
51050.056 5.756096673679175e-08
51100.056 2.026048368607997e-08
51150.056 2.2502402313940617e-08
51200.056 7.282494025799771e-08
51250.056 5.19672405868906e-08
51300.056 3.276846187180816e-08
51350.056 3.229958419879719e-08
51400.056 1.0353653282425105e-08
51450.056 8.165146005301236e-09
51500.056 7.482400190931049e-09
51550.056 3.041538886940523e-08
51600.056 2.725207209700517e-08
51650.056 3.647292819619816e-08
51700.056 3.806379825221593e-08
51750.056 2.458952996210469e-08
51800.056 4.7830708621993233e-08
51850.056 3.75126211973982e-08
51900.056 4.679019650700139e-08
51950.056 2.560130620039679e-08
52000.056 2.3770280957470387e-09
52050.056 1.3169661997201707e-08
52100.056 7.328865900298661e-09
52150.056 4.14709002711718e-09
52200.056 1.4055271024899539e-08
52250.056 2.355601486680502e-08
52300.056 3.155391255799806e-08
52350.056 8.939495291907304e-09
52400.056 9.685018384609873e-09
52450.056 3.7575215989004156e-08
52500.056 2.8720690320762778e-08
52550.056 3.3355302229998066e-08
52600.056 2.4762068381900976e-08
52650.056 2.99091266635021e-08
52700.056 1.9786518638999292e-08
52750.056 7.609225958301668e-09
52800.056 1.4146894205702454e-08
52850.056 1.7117751281165352e-08
52900.056 6.983357146884288e-09
52950.056 1.1899309277711655e-08
53000.056 2.2488675190802638e-08
53050.056 8.263946403037776e-09
53100.056 2.9612427905000376e-08
53150.056 3.110787281700156e-08
53200.056 1.2777244125399305e-08
53250.056 2.6920934357300585e-08
53300.056 3.2246824082979676e-08
53350.056 2.5228420067600658e-08
53400.056 1.6310173998197505e-08
53450.056 5.186222463328168e-09
53500.056 9.294376547296307e-10
53550.056 2.4913427078760166e-09
53600.056 1.2234742298216207e-08
