galfind/configs/Brown_Dwarf_templates/sonora_bobcat/m+0.5/1000g/sp_t200g1000nc_m+0.5_resample.dat
# %ECSV 1.0
# ---
# datatype:
# - {name: wav, unit: Angstrom, datatype: float64}
# - {name: flux_nu, unit: erg / (cm2 Hz s), datatype: float64}
# meta: {C/O: '1.00', Kzz: '1.0000E+05', Teff: '200.', Y: '0.28', '[Fe/H]': '0.50', f_hole: '1.00', f_rain: '0.00', grav: '1000.'}
# schema: astropy-2.0
wav flux_nu
4000.0559999999996 nan
4050.0559999999996 9.520426339400087e-19
4100.056 6.641978800600065e-18
4150.056 2.0539935027000123e-17
4200.056 4.3287928385000234e-17
4250.056 9.615495646900047e-17
4300.056 1.9172220489000083e-16
4350.056 3.402109255000013e-16
4400.056 5.401697062500014e-16
4450.056 7.884668614400033e-16
4500.056 1.3167531750500045e-15
4550.056 1.9516402650999982e-15
4600.056 1.8084576988000043e-15
4650.056 2.298394587100004e-15
4700.056 2.802886063600005e-15
4750.056 3.230494657100003e-15
4800.056 3.3322121565999982e-15
4850.056 2.859137116399995e-15
4900.056 2.6549190537999997e-15
4950.056 2.555641018199998e-15
5000.056 1.949160251599991e-15
5050.056 1.2117307731999962e-15
5100.056 1.3719450507000042e-15
5150.056 1.7973971938000046e-15
5200.056 2.261676278500004e-15
5250.056 2.504955121300003e-15
5300.056 2.716473254500002e-15
5350.056 2.8895382355999997e-15
5400.056 2.6451238423999984e-15
5450.056 2.7690275061000046e-15
5500.056 3.197268720300006e-15
5550.056 3.836913511200007e-15
5600.056 4.3077983420000036e-15
5650.056 4.3868967049999915e-15
5700.056 3.455297090000001e-15
5750.056 3.640236035500001e-15
5800.056 3.5345523653000028e-15
5850.056 2.5708607876299668e-15
5900.056 4.722672835463073e-16
5950.056 2.186550799030037e-15
6000.056 4.998494478300058e-15
6050.056 1.3602635742700167e-14
6100.056 2.9280122182000276e-14
6150.056 5.151490966500036e-14
6200.056 7.98062851610004e-14
6250.056 9.825148614599997e-14
6300.056 1.3875543541900063e-13
6350.056 1.9530338413000062e-13
6400.056 2.55387497490001e-13
6450.056 2.0120170354899715e-13
6500.056 2.2073668029400338e-13
6550.056 3.363806012499979e-13
6600.056 5.407697735600093e-13
6650.056 9.926866374800087e-13
6700.056 1.624642846700008e-12
6750.056 2.3050830113000124e-12
6800.056 2.8801081696000055e-12
6850.056 2.9858680977999962e-12
6900.056 1.6227785139859569e-12
6950.056 3.7046124772701777e-13
7000.056 5.22177943159982e-13
7050.056 3.9972915505000476e-13
7100.056 4.588335793399972e-13
7150.056 1.3970091904288843e-13
7200.056 8.335945243165753e-15
7250.056 4.114784431616547e-15
7300.056 4.3271420891265534e-15
7350.056 2.6559158730271025e-14
7400.056 1.3234866745200264e-13
7450.056 5.386125257300149e-13
7500.056 1.1576379308600087e-12
7550.056 1.742938881500011e-12
7600.056 2.058566415500002e-12
7650.056 1.3139390695699804e-12
7700.056 1.3428944486500197e-12
7750.056 2.54258461010002e-12
7800.056 2.948520173899999e-12
7850.056 2.1279333732999667e-12
7900.056 1.955692346900033e-12
7950.056 2.76102549375998e-12
8000.056 2.2363043053000024e-12
8050.056 2.1548723706999862e-12
8100.056 2.969048072007697e-13
8150.056 1.2509311958796292e-15
8200.056 5.613517677191863e-14
8250.056 8.35863399175518e-14
8300.056 1.9582174217832747e-14
8350.056 2.882529845510128e-14
8400.056 1.469286244400189e-13
8450.056 7.507105312700328e-13
8500.056 1.6279068543000329e-12
8550.056 2.7346792118000434e-12
8600.056 3.733222281000023e-12
8650.056 3.3936867497999467e-12
8700.056 1.5994501593999469e-12
8750.056 8.386646489899792e-13
8800.056 2.8657403279998007e-13
8850.056 6.744891747939354e-14
8900.056 3.1284757912897074e-16
8950.056 8.88745356616069e-19
9000.056 9.110944037101941e-19
9050.056 4.643325456305068e-17
9100.056 8.273055846106081e-17
9150.056 2.989146010898892e-16
9200.056 2.201237051847151e-15
9250.056 1.262332804972737e-15
9300.056 6.095689596341541e-19
9350.056 2.2027049173223477e-21
9400.056 1.6097862821781714e-18
9450.056 4.5524895672105385e-20
9500.056 3.565457030586232e-19
9550.056 1.5825171331160022e-19
9600.056 1.6705034329078928e-18
9650.056 1.7074468558054336e-17
9700.056 9.174571728836882e-16
9750.056 4.0501158010187923e-16
9800.056 8.097665371384319e-16
9850.056 1.4686149928569928e-15
9900.056 2.783457915050191e-15
9950.056 2.730477758640081e-15
10000.056 2.5130020106427383e-15
10050.056 2.296105387959876e-15
10100.056 1.5955309763400052e-15
10150.056 5.11163196033942e-16
10200.056 2.0893675124297263e-17
10250.056 4.4936125285539196e-18
10300.056 4.682895827262799e-17
10350.056 9.738340576612282e-18
10400.056 1.7312153671453325e-16
10450.056 5.848164360200084e-16
10500.056 2.4491562464902155e-15
10550.056 9.124608936000316e-15
10600.056 1.4887927696000202e-14
10650.056 1.3898699905699787e-14
10700.056 8.079988415199755e-15
10750.056 5.602284002899838e-15
10800.056 4.381409774400129e-15
10850.056 3.052171750879904e-15
10900.056 2.1553770820198867e-15
10950.056 1.0214898852000005e-15
11000.056 3.8357641938797066e-16
11050.056 9.504492190749531e-17
11100.056 9.19889649996966e-18
11150.056 3.51441062770397e-19
11200.056 1.7217212185128867e-20
11250.056 3.2797583612442165e-21
11300.056 1.4776173382423182e-19
11350.056 7.373707767918194e-21
11400.056 4.2618280842579237e-19
11450.056 1.6677776519690744e-19
11500.056 1.5481238688207139e-19
11550.056 5.575958159130967e-20
11600.056 3.766365646600723e-21
11650.056 5.0559471163841695e-20
11700.056 2.524704163406591e-19
11750.056 1.0404102534991224e-19
11800.056 5.381638958114297e-19
11850.056 4.783459260293517e-19
11900.056 1.9162548147991453e-18
11950.056 4.3374643664700714e-18
12000.056 3.0242605080460632e-18
12050.056 4.5453358255102164e-18
12100.056 3.896644302465871e-18
12150.056 5.281551008868302e-18
12200.056 7.835917224759774e-18
12250.056 6.342390221870097e-17
12300.056 1.962189325130809e-16
12350.056 3.44609961761941e-16
12400.056 1.5581092269501353e-15
12450.056 6.413627146800399e-15
12500.056 1.0262052656299614e-14
12550.056 9.458230223300168e-15
12600.056 1.856638233100071e-14
12650.056 5.959463766180384e-14
12700.056 8.26801085599974e-14
12750.056 3.7777196661900076e-14
12800.056 2.2691496886998393e-14
12850.056 5.796275117799334e-15
12900.056 9.869009174869398e-16
12950.056 5.511103530282804e-16
13000.056 5.406349272890397e-16
13050.056 1.3937519572108576e-16
13100.056 1.869434676384955e-16
13150.056 2.6797353651682535e-17
13200.056 2.837207433962524e-17
13250.056 9.480414850213226e-17
13300.056 1.0873370785539317e-17
13350.056 8.373832756350349e-18
13400.056 2.4977685726933143e-18
13450.056 2.1075756819459763e-19
13500.056 1.0013284361420743e-20
13550.056 1.6653757774494904e-21
13600.056 1.3582741786278294e-22
13650.056 8.632198386772194e-22
13700.056 4.427933114105694e-22
13750.056 1.7669120975911733e-21
13800.056 1.0655348151144112e-21
13850.056 3.7186728819507726e-22
13900.056 1.346693889800526e-21
13950.056 7.862139087046562e-22
14000.056 2.2159924127511145e-21
14050.056 4.299038648186657e-21
14100.056 8.339141796787832e-21
14150.056 4.536688717717889e-20
14200.056 6.709829059141743e-20
14250.056 1.6204989251278728e-19
14300.056 3.236321650317978e-19
14350.056 3.506497438630818e-19
14400.056 2.934778045286978e-19
14450.056 4.567730180327032e-19
14500.056 1.7082565907981735e-18
14550.056 1.2521164383859468e-17
14600.056 1.7027801734952526e-17
14650.056 1.4263544134036418e-18
14700.056 5.542826554969615e-19
14750.056 9.702499563911629e-20
14800.056 4.8279939079395833e-20
14850.056 3.537261016222473e-20
14900.056 7.223382991223359e-21
14950.056 3.654887899258213e-22
15000.056 3.266340215129689e-21
15050.056 6.513338774208978e-20
15100.056 5.765095590802719e-21
15150.056 3.6598825095804775e-22
15200.056 2.6900231514656197e-20
15250.056 6.823554662230837e-20
15300.056 3.9993646964542607e-19
15350.056 1.0704933505430986e-18
15400.056 1.0900995029328925e-18
15450.056 6.935970400213316e-18
15500.056 3.663493374738253e-17
15550.056 4.084479053730248e-16
15600.056 2.010347212560018e-15
15650.056 1.0116923294701376e-14
15700.056 3.491889223620313e-14
15750.056 5.429973542100027e-14
15800.056 8.10492763500019e-14
15850.056 1.4775531819901054e-13
15900.056 1.949800859500051e-13
15950.056 3.5334288206999987e-13
16000.056 3.435339485099938e-13
16050.056 2.2043736962998677e-13
16100.056 8.580400125600002e-14
16150.056 2.910873233149662e-14
16200.056 3.1532170643694474e-15
16250.056 3.6033014652363874e-16
16300.056 3.591301726913909e-17
16350.056 5.381706693874404e-18
16400.056 2.9033420272960457e-18
16450.056 3.010390595724603e-18
16500.056 1.5372272314127266e-18
16550.056 3.704138597164567e-18
16600.056 1.383614339391863e-16
16650.056 9.864321309346165e-18
16700.056 4.100849324229959e-18
16750.056 7.625525543095825e-18
16800.056 2.9098558839830995e-17
16850.056 2.6808428597776254e-17
16900.056 2.8089114463491487e-18
16950.056 2.552817636220585e-18
17000.056 4.2708622089908105e-19
17050.056 2.8305659380748387e-19
17100.056 3.974960007131872e-18
17150.056 1.918176920567141e-18
17200.056 2.275602800099384e-17
17250.056 1.08470971636579e-19
17300.056 4.625831402921722e-19
17350.056 4.133117164095627e-18
17400.056 2.3737687030603534e-17
17450.056 6.166660778596036e-17
17500.056 2.27525058070835e-16
17550.056 2.6388918589759644e-16
17600.056 3.9516635780545324e-16
17650.056 5.340199003423878e-17
17700.056 2.897095404160087e-17
17750.056 1.2995396407156859e-17
17800.056 1.000042077360547e-16
17850.056 1.6045833725967363e-17
17900.056 8.153389380245318e-18
17950.056 9.553344242051314e-18
18000.056 1.625009449518661e-17
18050.056 1.900056037810075e-17
18100.056 1.6502899759964774e-17
18150.056 8.339545772045619e-18
18200.056 8.457711575052187e-18
18250.056 3.895770151385264e-17
18300.056 8.040746361069352e-18
18350.056 6.73113568512908e-18
18400.056 3.1173029662408686e-18
18450.056 1.7673788376234124e-17
18500.056 1.2785358768981654e-17
18550.056 9.859554858298683e-18
18600.056 2.3819269425283772e-17
18650.056 3.899070227629579e-17
18700.056 6.589531080100626e-18
18750.056 8.621496695219959e-18
18800.056 6.165875744610796e-17
18850.056 4.504316920931606e-17
18900.056 6.509832919590498e-17
18950.056 6.67637195238996e-17
19000.056 1.8024401193009167e-17
19050.056 9.37039119509069e-18
19100.056 2.4527110184509762e-17
19150.056 1.3424251913850091e-17
19200.056 1.150036696771204e-17
19250.056 6.9260267770766526e-18
19300.056 3.3154720786981305e-18
19350.056 1.7437224749482286e-18
19400.056 4.794996950172148e-19
19450.056 4.366255995602038e-20
19500.056 3.373100328285124e-20
19550.056 2.339107629658456e-19
19600.056 5.669881373950168e-19
19650.056 2.174343163215627e-19
19700.056 8.5801560792487725e-19
19750.056 1.6330012743195768e-18
19800.056 6.860378665841048e-19
19850.056 2.350452936422621e-18
19900.056 3.3820545961917283e-18
19950.056 2.5408971641768927e-18
20000.056 3.041309607906352e-18
20050.056 2.8492232147350514e-18
20100.056 7.890420605652217e-18
20150.056 6.452227249179914e-18
20200.056 3.3506251304584575e-18
20250.056 2.4743725610295436e-17
20300.056 4.21881460732352e-17
20350.056 5.573407738686842e-17
20400.056 5.611868126990004e-17
20450.056 8.847380137661526e-17
20500.056 8.964778407699879e-17
20550.056 8.944143658998964e-17
20600.056 9.228430659300829e-17
20650.056 8.851592202799533e-17
20700.056 8.656401209999801e-17
20750.056 7.386123843699896e-17
20800.056 6.280227933099815e-17
20850.056 5.635119502299931e-17
20900.056 4.7415604547999524e-17
20950.056 3.9590200117999356e-17
21000.056 3.4590041884999684e-17
21050.056 3.1729090514999834e-17
21100.056 3.112906519500012e-17
21150.056 3.317094408300032e-17
21200.056 3.755417043900036e-17
21250.056 4.480477011100013e-17
21300.056 5.239611072800116e-17
21350.056 6.049663939299718e-17
21400.056 7.629107923900336e-17
21450.056 6.817703346680263e-17
21500.056 5.757421395016362e-17
21550.056 6.277620767127035e-17
21600.056 6.37421642097433e-17
21650.056 4.6188370541455824e-17
21700.056 2.508797435828483e-17
21750.056 2.7529536293196727e-17
21800.056 2.671913065302518e-17
21850.056 2.798334801863411e-17
21900.056 1.6774393614244622e-17
21950.056 4.5296620638632406e-18
22000.056 6.918746665697897e-20
22050.056 6.022981156605953e-20
22100.056 2.6135116546728696e-19
22150.056 7.261547912372563e-20
22200.056 5.869132809178995e-20
22250.056 3.814385789462575e-20
22300.056 1.739127164139379e-21
22350.056 2.068925540022487e-20
22400.056 6.236266582878377e-21
22450.056 1.4251582607278062e-20
22500.056 1.1523124440849482e-20
22550.056 6.7916878676175895e-22
22600.056 4.544408971851757e-22
22650.056 1.2727979204826436e-22
22700.056 4.341691212644794e-22
22750.056 2.2104453908377594e-21
22800.056 3.74116037119094e-21
22850.056 1.5687572903450476e-21
22900.056 7.14780434014369e-22
22950.056 3.513211069938742e-22
23000.056 1.2323824034272527e-22
23050.056 3.0842955804059766e-23
23100.056 1.851173606301976e-19
23150.056 2.3422931645189757e-19
23200.056 3.6871163034587894e-22
23250.056 1.7530640113067768e-20
23300.056 1.7427460283010632e-21
23350.056 1.4578412923244383e-20
23400.056 2.544099362256406e-20
23450.056 1.770163068847712e-21
23500.056 7.969339124710151e-22
23550.056 2.7266396014421836e-21
23600.056 3.1912998999732055e-20
23650.056 1.8813302638411892e-19
23700.056 1.3171333755219503e-21
23750.056 7.436714133758806e-21
23800.056 1.7635361450273356e-19
23850.056 2.85717994135986e-20
23900.056 2.2745601485325966e-19
23950.056 5.934735487268001e-20
24000.056 8.740230267358707e-19
24050.056 8.770730539819904e-19
24100.056 5.576566851217378e-18
24150.056 9.119671016366819e-18
24200.056 4.549684151372857e-18
24250.056 1.6895770516468372e-18
24300.056 1.0432468543971102e-17
24350.056 2.123692578543474e-17
24400.056 5.0806728402332763e-17
24450.056 9.791188106803504e-17
24500.056 1.1594612262362944e-16
24550.056 2.549868332157388e-16
24600.056 5.378338184414294e-16
24650.056 1.1106932360200756e-15
24700.056 9.882702341440241e-16
24750.056 1.7744848683275454e-15
24800.056 2.308412752088124e-15
24850.056 2.526308772238355e-15
24900.056 2.656101036056216e-15
24950.056 4.0302175627303556e-15
25000.056 4.108257479072269e-15
25050.056 5.272996419303369e-15
25100.056 4.479988004690822e-15
25150.056 3.759935639347362e-15
25200.056 5.001514073827511e-15
25250.056 3.603111300593372e-15
25300.056 3.4034922721362925e-15
25350.056 2.999824053042582e-15
25400.056 6.017139688868196e-15
25450.056 2.649131926559688e-15
25500.056 1.4901452948496806e-15
25550.056 1.822776593474066e-15
25600.056 5.537957300892617e-16
25650.056 2.0229707658899437e-16
25700.056 2.616225739198691e-16
25750.056 1.2447506999679176e-16
25800.056 1.1320119451010423e-15
25850.056 1.3520039830406051e-16
25900.056 3.492092441070195e-17
25950.056 2.820444355657725e-16
26000.056 5.905294509119851e-16
26050.056 3.4079444963211723e-16
26100.056 7.391518558190703e-16
26150.056 7.554689348167279e-16
26200.056 9.759560354600234e-16
26250.056 2.600065561739947e-15
26300.056 1.5814410266001962e-15
26350.056 3.704319691110596e-15
26400.056 8.28339749729953e-15
26450.056 8.75219864739056e-15
26500.056 1.3897669554859073e-14
26550.056 5.2807916363907334e-15
26600.056 5.709393304719266e-15
26650.056 2.4190523438997636e-15
26700.056 2.724087740000356e-15
26750.056 3.896528293839698e-15
26800.056 7.339815556400562e-15
26850.056 6.988679548101086e-15
26900.056 1.1645146378699101e-14
26950.056 5.231910969190804e-15
27000.056 1.3695652366799993e-14
27050.056 2.230882753639954e-14
27100.056 5.2462185925300116e-15
27150.056 1.899884665089981e-14
27200.056 5.789515481930336e-15
27250.056 9.846924511321937e-15
27300.056 4.163080192100027e-14
27350.056 1.9572242939798877e-14
27400.056 6.228840880618915e-15
27450.056 3.224753153610362e-14
27500.056 3.279243345869713e-14
27550.056 1.4148923080799256e-14
27600.056 2.9991524531399365e-14
27650.056 1.5000332980101393e-14
27700.056 1.6123543455399074e-14
27750.056 3.807555301380114e-14
27800.056 2.3742687537201172e-14
27850.056 2.890553397799837e-14
27900.056 3.1254371156605684e-14
27950.056 2.7590932017495343e-14
28000.056 3.961940015759931e-14
28050.056 5.613250332380324e-15
28100.056 1.8027224956085692e-14
28150.056 1.6872312214537254e-14
28200.056 4.935174055985598e-15
28250.056 5.046389112484645e-15
28300.056 1.745611052288207e-15
28350.056 6.697994139103283e-16
28400.056 4.2142001441965425e-15
28450.056 2.575781187218728e-16
28500.056 3.372813684542798e-16
28550.056 1.643446240804807e-15
28600.056 1.4818727290437537e-15
28650.056 3.4109618509398455e-16
28700.056 1.0327732131237963e-15
28750.056 1.1134258977531685e-15
28800.056 1.490092094463763e-16
28850.056 5.45060594424447e-15
