galfind/configs/Brown_Dwarf_templates/sonora_bobcat/m+0.5/1000g/sp_t1400g1000nc_m+0.5_resample.dat
# %ECSV 1.0
# ---
# datatype:
# - {name: wav, unit: Angstrom, datatype: float64}
# - {name: flux_nu, unit: erg / (cm2 Hz s), datatype: float64}
# meta: {C/O: '1.00', Kzz: '1.0000E+05', Teff: '1400.', Y: '0.28', '[Fe/H]': '0.50', f_hole: '1.00', f_rain: '0.00', grav: '1000.'}
# schema: astropy-2.0
wav flux_nu
4000.0559999999996 nan
4050.0559999999996 3.866869604368134e-11
4100.056 3.9581670023298133e-10
4150.056 5.897430541290379e-10
4200.056 5.217601698856699e-10
4250.056 6.675548709500579e-10
4300.056 7.143559344000935e-10
4350.056 7.424222326500377e-10
4400.056 8.514722424200599e-10
4450.056 8.361663690500115e-10
4500.056 8.111493719600475e-10
4550.056 9.603065553451076e-10
4600.056 1.0194267067099885e-09
4650.056 9.328696769099127e-10
4700.056 1.0169431226900197e-09
4750.056 8.630691287699865e-10
4800.056 4.338841013700051e-10
4850.056 2.0027031627999668e-10
4900.056 1.0127588825499925e-10
4950.056 4.619840752799958e-11
5000.056 1.5519627176899876e-11
5050.056 6.102981172799954e-12
5100.056 5.0431998719999776e-12
5150.056 4.49047907389995e-12
5200.056 3.948628378600016e-12
5250.056 3.3401016761999907e-12
5300.056 2.8012264436999947e-12
5350.056 2.3711641617999953e-12
5400.056 2.025577477699996e-12
5450.056 1.7205037276999948e-12
5500.056 1.4432226326999948e-12
5550.056 1.1955731001999967e-12
5600.056 9.704598040699972e-13
5650.056 7.608101121499981e-13
5700.056 5.715193579299978e-13
5750.056 4.007494536499979e-13
5800.056 2.6048405764999833e-13
5850.056 1.453028773139983e-13
5900.056 4.6652687549819237e-14
5950.056 2.9732354376000484e-13
6000.056 8.365799449000126e-13
6050.056 2.05318302830002e-12
6100.056 4.4274464172000395e-12
6150.056 8.740245386900073e-12
6200.056 1.6018497089000118e-11
6250.056 2.7765157134000216e-11
6300.056 4.608047792000035e-11
6350.056 7.390653434900049e-11
6400.056 1.1477507526800069e-10
6450.056 1.733573137600011e-10
6500.056 2.5570034075000163e-10
6550.056 3.707285175100022e-10
6600.056 5.296161206900027e-10
6650.056 7.429366058300023e-10
6700.056 7.487949192591633e-10
6750.056 1.3433342104000075e-09
6800.056 1.7419884091000015e-09
6850.056 1.9497734772000004e-09
6900.056 1.885445812700001e-09
6950.056 1.7269224453999998e-09
7000.056 1.732414661600005e-09
7050.056 1.8989688642999987e-09
7100.056 2.1046414400000042e-09
7150.056 2.2448534168999885e-09
7200.056 2.2668654079000197e-09
7250.056 2.163572962099971e-09
7300.056 1.9596155756999993e-09
7350.056 1.7283915417999894e-09
7400.056 1.4978216648000026e-09
7450.056 1.2466201048999992e-09
7500.056 9.826911856299955e-10
7550.056 7.187524474099952e-10
7600.056 4.565163238299941e-10
7650.056 7.13688803463851e-11
7700.056 3.183285080405414e-11
7750.056 3.2355335519000896e-10
7800.056 7.325585178122154e-10
7850.056 1.624749524800017e-09
7900.056 2.5911365281000206e-09
7950.056 3.072098407835236e-09
8000.056 5.5183606265000455e-09
8050.056 7.457894779300069e-09
8100.056 9.674629912000013e-09
8150.056 1.2315160016900019e-08
8200.056 1.4904836823800237e-08
8250.056 1.932441334760025e-08
8300.056 2.3781639731000896e-08
8350.056 2.8837536978999758e-08
8400.056 3.466287306399935e-08
8450.056 4.175023754299966e-08
8500.056 4.367799935704864e-08
8550.056 5.408136883000145e-08
8600.056 6.188034519100015e-08
8650.056 6.190051582599743e-08
8700.056 7.024141374399254e-08
8750.056 8.034582969800248e-08
8800.056 9.479795803500248e-08
8850.056 1.0901885715799642e-07
8900.056 1.209126398029998e-07
8950.056 1.1093267411219716e-07
9000.056 1.5201550151299348e-07
9050.056 1.6972416825200698e-07
9100.056 1.9083151344200326e-07
9150.056 2.0754162507800333e-07
9200.056 2.2805050067997888e-07
9250.056 2.3071905539248093e-07
9300.056 1.6399765760023726e-07
9350.056 1.9493624849126703e-07
9400.056 2.418140874606838e-07
9450.056 2.6571075105763825e-07
9500.056 2.746347933386935e-07
9550.056 2.967659613416906e-07
9600.056 2.911585236692224e-07
9650.056 3.1487542823597195e-07
9700.056 3.4784724668400753e-07
9750.056 3.6175568594600006e-07
9800.056 3.923668330281514e-07
9850.056 4.2541482062400055e-07
9900.056 3.639084979569797e-07
9950.056 3.3220791692999135e-07
10000.056 3.0499762550998324e-07
10050.056 3.5214318663999855e-07
10100.056 4.12842752359996e-07
10150.056 4.3668334603995743e-07
10200.056 4.825724845799862e-07
10250.056 5.140794896199922e-07
10300.056 5.26489458020007e-07
10350.056 5.96992875610017e-07
10400.056 6.561073457899849e-07
10450.056 6.720254670300197e-07
10500.056 6.566062650299931e-07
10550.056 6.614278520200162e-07
10600.056 7.014044536199925e-07
10650.056 7.541479360900327e-07
10700.056 8.055033147800348e-07
10750.056 8.721742242200256e-07
10800.056 9.398566722499954e-07
10850.056 1.0215866319099647e-06
10900.056 9.671122784499775e-07
10950.056 8.029569924019941e-07
11000.056 7.402692389109402e-07
11050.056 6.583169166982834e-07
11100.056 6.054800368751374e-07
11150.056 5.595196038917484e-07
11200.056 5.851325996681595e-07
11250.056 6.993556852059202e-07
11300.056 6.632272681459569e-07
11350.056 4.4954232935205116e-07
11400.056 4.56485968240249e-07
11450.056 5.84789414458543e-07
11500.056 7.257133722844595e-07
11550.056 6.239642261500179e-07
11600.056 6.599371394664104e-07
11650.056 6.463786880317879e-07
11700.056 4.589380359475363e-07
11750.056 4.6822938254148284e-07
11800.056 5.213609525468188e-07
11850.056 7.7010527884341e-07
11900.056 8.591862121066807e-07
11950.056 9.486487749170101e-07
12000.056 9.524077408710191e-07
12050.056 1.0983385743630795e-06
12100.056 1.1494251991799555e-06
12150.056 1.2969597302999355e-06
12200.056 1.358909061609849e-06
12250.056 1.474725225199895e-06
12300.056 1.5772491975600916e-06
12350.056 1.586824738990023e-06
12400.056 1.4731728318099534e-06
12450.056 1.2465919001900334e-06
12500.056 1.32515498780996e-06
12550.056 1.3820698741300971e-06
12600.056 1.8433378886400441e-06
12650.056 1.868972614859984e-06
12700.056 2.000185802060183e-06
12750.056 1.9690827311400036e-06
12800.056 2.0457401271100543e-06
12850.056 1.9038121482100308e-06
12900.056 1.7906744239300167e-06
12950.056 1.8419518813559598e-06
13000.056 1.868258626729803e-06
13050.056 1.8889469610549523e-06
13100.056 1.8516650605723203e-06
13150.056 1.7328633932521217e-06
13200.056 1.6138226923819793e-06
13250.056 1.3641411047811287e-06
13300.056 9.354278072264712e-07
13350.056 3.674883683986694e-07
13400.056 2.612611237584425e-07
13450.056 1.939703396872363e-07
13500.056 1.6426078556297868e-07
13550.056 1.400700391246882e-07
13600.056 1.2451831275722786e-07
13650.056 1.8561106044085859e-07
13700.056 1.543055686772068e-07
13750.056 1.6754552298625856e-07
13800.056 2.0892048836374926e-07
13850.056 1.889190043441663e-07
13900.056 1.914444097178164e-07
13950.056 1.7900676461642955e-07
14000.056 1.6541076957575366e-07
14050.056 1.7534790727500002e-07
14100.056 1.4388866231825695e-07
14150.056 1.7168976694180968e-07
14200.056 1.4514739295323573e-07
14250.056 1.4275522613633846e-07
14300.056 1.7355023772737358e-07
14350.056 1.7250124441409935e-07
14400.056 1.8599016247523775e-07
14450.056 1.958133195761192e-07
14500.056 2.573355136496745e-07
14550.056 2.6993253164388496e-07
14600.056 3.1346415305250205e-07
14650.056 3.15130802221371e-07
14700.056 2.7816704302398107e-07
14750.056 3.157486263472138e-07
14800.056 3.61134094555825e-07
14850.056 3.969773407763299e-07
14900.056 3.8940459989098764e-07
14950.056 4.1033343605976126e-07
15000.056 4.3461826037107105e-07
15050.056 5.106969200485941e-07
15100.056 5.350019161250291e-07
15150.056 5.910220437954486e-07
15200.056 5.965575049149278e-07
15250.056 6.597589864899887e-07
15300.056 7.161216800259448e-07
15350.056 7.838217677719646e-07
15400.056 8.54139586203025e-07
15450.056 9.224417480960557e-07
15500.056 9.677480865849752e-07
15550.056 1.0662181442199126e-06
15600.056 1.0467201503300518e-06
15650.056 1.1345789511300948e-06
15700.056 1.2818790035702445e-06
15750.056 1.3768311735499325e-06
15800.056 1.3519829616701615e-06
15850.056 1.456837849059984e-06
15900.056 1.4989172342300993e-06
15950.056 1.5820727704398625e-06
16000.056 1.5939615052599956e-06
16050.056 1.5986011501200284e-06
16100.056 1.6248000588199926e-06
16150.056 1.5631029046800295e-06
16200.056 1.5488215484997536e-06
16250.056 1.559556201959889e-06
16300.056 1.530004442929958e-06
16350.056 1.6140181762500312e-06
16400.056 1.6865576853361027e-06
16450.056 1.743452442110038e-06
16500.056 1.826080790590133e-06
16550.056 1.8332489310400444e-06
16600.056 1.7730380264002255e-06
16650.056 1.7507901087299653e-06
16700.056 1.5747899102000018e-06
16750.056 1.6659994779799734e-06
16800.056 1.865481452799971e-06
16850.056 1.8195179366339427e-06
16900.056 1.7594095741900067e-06
16950.056 1.6712712882699575e-06
17000.056 1.590812865330233e-06
17050.056 1.6537522292400351e-06
17100.056 1.5234460740801625e-06
17150.056 1.3720181118149095e-06
17200.056 1.288391148269862e-06
17250.056 1.1564467036088271e-06
17300.056 1.0909673292509521e-06
17350.056 9.902394653600248e-07
17400.056 9.846754692999514e-07
17450.056 8.454897833767087e-07
17500.056 8.388334019918841e-07
17550.056 7.830138264077207e-07
17600.056 7.454598547538082e-07
17650.056 7.371467290381676e-07
17700.056 5.705967539596791e-07
17750.056 5.178559225461859e-07
17800.056 5.729451543616072e-07
17850.056 4.4159067505404286e-07
17900.056 4.790181539019003e-07
17950.056 4.3074451585259327e-07
18000.056 4.1722006814020196e-07
18050.056 3.9303611659424155e-07
18100.056 3.820200378950782e-07
18150.056 4.6383695495751814e-07
18200.056 3.262423229164503e-07
18250.056 4.84067045571058e-07
18300.056 4.119813548619069e-07
18350.056 3.7354049066976295e-07
18400.056 3.68302424156803e-07
18450.056 3.3968541661432323e-07
18500.056 3.679209694412757e-07
18550.056 3.2699886818944355e-07
18600.056 2.71886555784691e-07
18650.056 2.9751358066454233e-07
18700.056 3.2783846167897005e-07
18750.056 3.3877076309885385e-07
18800.056 3.998874827194837e-07
18850.056 4.6549750952439756e-07
18900.056 4.4207320112667235e-07
18950.056 5.26657917351804e-07
19000.056 5.040310462089697e-07
19050.056 4.56166250352459e-07
19100.056 5.558275490153339e-07
19150.056 5.188168894526957e-07
19200.056 5.494887636866537e-07
19250.056 4.878214686424969e-07
19300.056 5.074490597708299e-07
19350.056 4.5454516417746376e-07
19400.056 3.581747300109528e-07
19450.056 4.844401921793817e-07
19500.056 4.91787522999957e-07
19550.056 3.801415779451074e-07
19600.056 4.5748540211659186e-07
19650.056 4.828655401051968e-07
19700.056 4.875172110710509e-07
19750.056 4.6235213989625703e-07
19800.056 4.994233028158422e-07
19850.056 5.548876136051045e-07
19900.056 4.574160634645584e-07
19950.056 5.983256624629945e-07
20000.056 5.285871107450274e-07
20050.056 5.958359458471164e-07
20100.056 6.118935804907174e-07
20150.056 6.523466223310415e-07
20200.056 6.9465580814393e-07
20250.056 7.435986251509001e-07
20300.056 7.445655385640632e-07
20350.056 8.219111139088918e-07
20400.056 8.160482724777266e-07
20450.056 8.870059833298382e-07
20500.056 9.330124288739462e-07
20550.056 9.34921538310028e-07
20600.056 1.0593464194401237e-06
20650.056 1.0388502267741216e-06
20700.056 1.0973190555401434e-06
20750.056 1.132589245959905e-06
20800.056 1.2042168946199694e-06
20850.056 1.176240201419948e-06
20900.056 1.273725996119818e-06
20950.056 1.2859952466699732e-06
21000.056 1.3446313488200173e-06
21050.056 1.3630060207699857e-06
21100.056 1.361862629739992e-06
21150.056 1.446637108139909e-06
21200.056 1.4076772115900337e-06
21250.056 1.491935463979876e-06
21300.056 1.4035335961799522e-06
21350.056 1.5107193527300258e-06
21400.056 1.4255153502602174e-06
21450.056 1.5399619826700071e-06
21500.056 1.4400335657901482e-06
21550.056 1.4463270463600238e-06
21600.056 1.443428811820163e-06
21650.056 1.390123440080029e-06
21700.056 1.448413303030026e-06
21750.056 1.3332819456700018e-06
21800.056 1.2881570959497604e-06
21850.056 1.2294721900700538e-06
21900.056 1.18766118357e-06
21950.056 1.0150557334100928e-06
22000.056 8.158467437901156e-07
22050.056 6.79316175232768e-07
22100.056 7.632347462502179e-07
22150.056 8.415481820750289e-07
22200.056 8.326367675219983e-07
22250.056 8.650816714882571e-07
22300.056 8.066981173469509e-07
22350.056 7.54911437269116e-07
22400.056 7.099403117059502e-07
22450.056 6.459029149139013e-07
22500.056 6.629478446901842e-07
22550.056 6.004549731358175e-07
22600.056 6.226765981561756e-07
22650.056 5.867676690400748e-07
22700.056 5.523276001880426e-07
22750.056 5.729039640840983e-07
22800.056 5.172373815599317e-07
22850.056 4.875861204450827e-07
22900.056 4.7401472586489733e-07
22950.056 3.439770736539601e-07
23000.056 3.8308528389301753e-07
23050.056 4.576610494269166e-07
23100.056 5.076086750980238e-07
23150.056 5.282863797070126e-07
23200.056 3.4786852611402753e-07
23250.056 3.2750394567502073e-07
23300.056 2.9306331253909465e-07
23350.056 2.91079030271993e-07
23400.056 2.9953381404807786e-07
23450.056 3.1577383979005085e-07
23500.056 3.428748357870707e-07
23550.056 3.693751712170797e-07
23600.056 3.818044823519728e-07
23650.056 4.3574574907894956e-07
23700.056 3.4528037792504116e-07
23750.056 3.299720593840701e-07
23800.056 3.028895277639896e-07
23850.056 3.1006169664102593e-07
23900.056 3.951447069680421e-07
23950.056 4.348809236090808e-07
24000.056 4.4833260967982576e-07
24050.056 4.788341333410105e-07
24100.056 4.299160901709281e-07
24150.056 4.520240209891969e-07
24200.056 4.662018061588804e-07
24250.056 4.3563034133703325e-07
24300.056 4.595134944040552e-07
24350.056 3.949914440379718e-07
24400.056 4.708891887111092e-07
24450.056 4.1368831565984345e-07
24500.056 4.129512751879654e-07
24550.056 4.1902088361913474e-07
24600.056 4.3984934967705713e-07
24650.056 4.902885451490381e-07
24700.056 3.844020882129123e-07
24750.056 3.8706065912008045e-07
24800.056 3.851368557610568e-07
24850.056 4.7129117322502696e-07
24900.056 3.302029011521799e-07
24950.056 4.5283100700601305e-07
25000.056 4.0901883625708504e-07
25050.056 3.1408036382506013e-07
25100.056 3.8876741036597804e-07
25150.056 3.225582482549619e-07
25200.056 3.599610388760303e-07
25250.056 3.1318289496295805e-07
25300.056 3.7154762536902264e-07
25350.056 2.9118132209200056e-07
25400.056 3.647240297050829e-07
25450.056 2.9159064066697335e-07
25500.056 3.098908690250747e-07
25550.056 3.014214024599872e-07
25600.056 3.10587531822976e-07
25650.056 2.61541704337995e-07
25700.056 3.71129877942858e-07
25750.056 2.442543026360747e-07
25800.056 3.656540438840625e-07
25850.056 2.7818618952595566e-07
25900.056 3.399214440070087e-07
25950.056 2.6392285330502273e-07
26000.056 3.744619950831537e-07
26050.056 3.4617848597597964e-07
26100.056 3.903876135279817e-07
26150.056 3.613619399459645e-07
26200.056 3.597839843589959e-07
26250.056 4.071093974309594e-07
26300.056 3.684561231330316e-07
26350.056 4.3941385077996613e-07
26400.056 4.4596590206993377e-07
26450.056 4.3898185878604323e-07
26500.056 4.641377816918645e-07
26550.056 3.8986742838888513e-07
26600.056 4.897184294619271e-07
26650.056 3.353318816889458e-07
26700.056 3.3633450134701994e-07
26750.056 2.709991896438662e-07
26800.056 3.378785354079453e-07
26850.056 2.5169266904999447e-07
26900.056 3.6433451094202175e-07
26950.056 2.465968658309553e-07
27000.056 3.633192382160497e-07
27050.056 3.0855751116701243e-07
27100.056 3.018811167309283e-07
27150.056 3.5745338236002675e-07
27200.056 3.270394764980583e-07
27250.056 3.2525315129711573e-07
27300.056 4.344126537570335e-07
27350.056 3.9058510165790274e-07
27400.056 2.808863282389596e-07
27450.056 4.628877870858713e-07
27500.056 4.275133351229094e-07
27550.056 3.4134291746797443e-07
27600.056 4.607506010669527e-07
27650.056 3.244655704539779e-07
27700.056 3.006843980920325e-07
27750.056 4.569138132668844e-07
27800.056 3.0694024634896853e-07
27850.056 3.41256121039858e-07
27900.056 3.607025398410291e-07
27950.056 4.5492668285297175e-07
28000.056 4.0600713789909515e-07
28050.056 2.756371825850598e-07
28100.056 4.802541006491108e-07
28150.056 3.583929461770467e-07
28200.056 2.848004590490162e-07
28250.056 4.3491447796199486e-07
28300.056 5.101130156200561e-07
28350.056 3.246934549819307e-07
28400.056 3.8915898926597995e-07
28450.056 4.416614604159078e-07
28500.056 4.132558903819166e-07
28550.056 2.675866998599192e-07
28600.056 4.922303432889549e-07
28650.056 4.4463146556797625e-07
28700.056 4.0123544310895056e-07
28750.056 4.706987717670152e-07
28800.056 4.4068036684010316e-07
28850.056 4.784307394100446e-07
