galfind/configs/Brown_Dwarf_templates/sonora_bobcat/m+0.5/1000g/sp_t1700g1000nc_m+0.5_resample.dat
# %ECSV 1.0
# ---
# datatype:
# - {name: wav, unit: Angstrom, datatype: float64}
# - {name: flux_nu, unit: erg / (cm2 Hz s), datatype: float64}
# meta: {C/O: '1.00', Kzz: '1.0000E+05', Teff: '1700.', Y: '0.28', '[Fe/H]': '0.50', f_hole: '1.00', f_rain: '0.00', grav: '1000.'}
# schema: astropy-2.0
wav flux_nu
4000.0559999999996 nan
4050.0559999999996 5.83402825584592e-10
4100.056 1.6503316613818693e-09
4150.056 1.648863448810119e-09
4200.056 1.3370708295567972e-09
4250.056 1.3890580351302092e-09
4300.056 1.1942198059302824e-09
4350.056 1.2428397046100621e-09
4400.056 1.408706335580265e-09
4450.056 1.1481332354300503e-09
4500.056 1.155821102700087e-09
4550.056 1.4201993711517593e-09
4600.056 1.4103660016899795e-09
4650.056 1.304636062689845e-09
4700.056 1.5580877594501001e-09
4750.056 1.6763466357598675e-09
4800.056 1.138239874040076e-09
4850.056 1.1683152550300105e-09
4900.056 1.3339165295499845e-09
4950.056 1.1111327833300009e-09
5000.056 5.340800703399561e-10
5050.056 2.812315998100088e-10
5100.056 2.335988066700124e-10
5150.056 1.968148057300185e-10
5200.056 1.9061289987099443e-10
5250.056 1.681689749300026e-10
5300.056 1.3609998305000053e-10
5350.056 1.080824814300005e-10
5400.056 8.383049024799969e-11
5450.056 6.388203144499989e-11
5500.056 4.730775331799975e-11
5550.056 3.444927776499985e-11
5600.056 2.4349140470999862e-11
5650.056 1.6401412479999924e-11
5700.056 1.0285230077099932e-11
5750.056 5.763820156899954e-12
5800.056 2.721310833299966e-12
5850.056 9.678733570399822e-13
5900.056 1.8304759200281227e-13
5950.056 2.3442046413600475e-12
6000.056 9.873060245300205e-12
6050.056 3.077485696400038e-11
6100.056 7.673743750300081e-11
6150.056 1.6898930368000178e-10
6200.056 3.3745427935000297e-10
6250.056 6.213350043100051e-10
6300.056 1.0742977198000083e-09
6350.056 1.75370239550001e-09
6400.056 2.7038550310000115e-09
6450.056 3.9853962854000095e-09
6500.056 5.4757317008999975e-09
6550.056 7.453562316699937e-09
6600.056 9.853015126200132e-09
6650.056 1.2097099707900382e-08
6700.056 8.61808715116184e-09
6750.056 1.667359777000021e-08
6800.056 2.0720799977000653e-08
6850.056 2.36632051750002e-08
6900.056 2.351549447100021e-08
6950.056 2.250629204599979e-08
7000.056 2.2927370890999793e-08
7050.056 2.3794334721000217e-08
7100.056 2.362787681999978e-08
7150.056 2.438210622600006e-08
7200.056 2.7564430616999987e-08
7250.056 2.938015878400042e-08
7300.056 2.9182996052000546e-08
7350.056 2.5568915500000113e-08
7400.056 2.0622063272000042e-08
7450.056 1.667168516399964e-08
7500.056 1.3208963266999839e-08
7550.056 9.686816601399944e-09
7600.056 5.4927557985999065e-09
7650.056 6.054543319826995e-10
7700.056 1.9060502832929355e-10
7750.056 3.187241565600102e-09
7800.056 8.492527500763397e-09
7850.056 2.000073128100022e-08
7900.056 2.9502943470000485e-08
7950.056 3.190245849712234e-08
8000.056 5.048037055800011e-08
8050.056 6.980623888699759e-08
8100.056 9.439044860500008e-08
8150.056 1.2365780480500123e-07
8200.056 1.228821518820008e-07
8250.056 1.7253839712500188e-07
8300.056 1.9122827307001133e-07
8350.056 2.1840626103000426e-07
8400.056 2.414929893599967e-07
8450.056 2.2731770544999418e-07
8500.056 2.2044854056947567e-07
8550.056 2.5823893631001127e-07
8600.056 2.7247774514697826e-07
8650.056 2.583392561999647e-07
8700.056 2.501854770739786e-07
8750.056 2.7863199357501533e-07
8800.056 3.474854929260241e-07
8850.056 3.778895197319699e-07
8900.056 3.736529987020052e-07
8950.056 3.770491703900944e-07
9000.056 4.828207263300155e-07
9050.056 4.826799860400125e-07
9100.056 5.670296502799908e-07
9150.056 6.341848194500101e-07
9200.056 6.668514517099989e-07
9250.056 5.945497022079744e-07
9300.056 4.765715740318891e-07
9350.056 5.349738814247147e-07
9400.056 6.096565422059705e-07
9450.056 6.760907796400915e-07
9500.056 7.362648950529497e-07
9550.056 7.883006797164909e-07
9600.056 7.841892694054886e-07
9650.056 8.535843423664181e-07
9700.056 9.328574336009229e-07
9750.056 8.551589337849609e-07
9800.056 9.148239755258974e-07
9850.056 9.410486489599862e-07
9900.056 7.449707517199549e-07
9950.056 6.011495527399924e-07
10000.056 5.823343938599608e-07
10050.056 6.396042830899885e-07
10100.056 7.637166910000322e-07
10150.056 7.797774131299188e-07
10200.056 8.511773712299673e-07
10250.056 8.76301910999932e-07
10300.056 8.462522913099949e-07
10350.056 9.637023220600188e-07
10400.056 1.0877020077899801e-06
10450.056 1.115164159280095e-06
10500.056 1.0729387988599568e-06
10550.056 1.0996685278000899e-06
10600.056 1.1812494353000588e-06
10650.056 1.2379104447000732e-06
10700.056 1.2967398099500697e-06
10750.056 1.4445604512800815e-06
10800.056 1.5870100939299565e-06
10850.056 1.763406182919879e-06
10900.056 1.7486456071099568e-06
10950.056 1.629717988549894e-06
11000.056 1.5516941955499733e-06
11050.056 1.3183138914859786e-06
11100.056 1.3278135505086721e-06
11150.056 1.3571750175357877e-06
11200.056 1.380645322751363e-06
11250.056 1.6321297447140133e-06
11300.056 1.5724471765138384e-06
11350.056 1.3025380152467936e-06
11400.056 1.0857617013520698e-06
11450.056 1.5163846741778116e-06
11500.056 1.8468301953436948e-06
11550.056 1.703971353804945e-06
11600.056 1.8089092634660312e-06
11650.056 1.759445373109698e-06
11700.056 1.245997443483491e-06
11750.056 1.3080785494959355e-06
11800.056 1.3515327824720767e-06
11850.056 1.8993769606011323e-06
11900.056 2.080661985532664e-06
11950.056 2.010657160259996e-06
12000.056 1.8015994583800205e-06
12050.056 2.1626198794600846e-06
12100.056 2.1412422746198614e-06
12150.056 2.4775881601798433e-06
12200.056 2.467155474879609e-06
12250.056 2.7172985395997837e-06
12300.056 2.846651327400248e-06
12350.056 2.807882174500021e-06
12400.056 2.4624336296999133e-06
12450.056 2.104655531020028e-06
12500.056 2.2611238669898433e-06
12550.056 2.3057826538901377e-06
12600.056 2.863661768900039e-06
12650.056 2.9282559774998865e-06
12700.056 3.2315515605002506e-06
12750.056 3.1715242348999205e-06
12800.056 3.3762186307800356e-06
12850.056 3.1908481170999833e-06
12900.056 2.9784445688598532e-06
12950.056 3.0742996081599145e-06
13000.056 3.2041970741096157e-06
13050.056 3.3287864301598397e-06
13100.056 3.336866438839866e-06
13150.056 3.2926385067418236e-06
13200.056 3.129971346059993e-06
13250.056 2.789440877661066e-06
13300.056 2.238695058343015e-06
13350.056 1.1326129662793362e-06
13400.056 9.399157205238654e-07
13450.056 7.545998973007322e-07
13500.056 6.836186112756371e-07
13550.056 6.063994337025506e-07
13600.056 5.623232529917003e-07
13650.056 7.3586955467375e-07
13700.056 6.311852458549123e-07
13750.056 6.612257377810094e-07
13800.056 8.07209503296508e-07
13850.056 7.551053980069773e-07
13900.056 7.508636274985061e-07
13950.056 6.989540846959091e-07
14000.056 6.44430398080511e-07
14050.056 6.699140870120403e-07
14100.056 5.563500916600128e-07
14150.056 6.270898042320233e-07
14200.056 5.444604344451521e-07
14250.056 5.304787566129796e-07
14300.056 5.910863992259996e-07
14350.056 5.927990185321027e-07
14400.056 6.357984871290623e-07
14450.056 6.606589755199687e-07
14500.056 8.061492700722246e-07
14550.056 8.3212686314094e-07
14600.056 9.249876211863246e-07
14650.056 9.179993265996095e-07
14700.056 8.272753744736436e-07
14750.056 9.088009101733057e-07
14800.056 9.91317602672326e-07
14850.056 1.0853649881977886e-06
14900.056 1.0644968754629638e-06
14950.056 1.0946256624691893e-06
15000.056 1.1470403913372003e-06
15050.056 1.308896828238716e-06
15100.056 1.3312627785461005e-06
15150.056 1.4325952812671222e-06
15200.056 1.4738681239298576e-06
15250.056 1.5461854207919518e-06
15300.056 1.6515187868398943e-06
15350.056 1.757460991129965e-06
15400.056 1.8657483222800388e-06
15450.056 1.98091112030011e-06
15500.056 2.0522705310298695e-06
15550.056 2.2075593862898328e-06
15600.056 2.1840341982401647e-06
15650.056 2.328561661910147e-06
15700.056 2.552943592580585e-06
15750.056 2.6969640082498104e-06
15800.056 2.684522134380366e-06
15850.056 2.597811590640031e-06
15900.056 2.695150868290168e-06
15950.056 2.7717092917997977e-06
16000.056 2.832224447019926e-06
16050.056 2.9203709470000887e-06
16100.056 3.0443595295000824e-06
16150.056 2.942298416000169e-06
16200.056 3.07257375349983e-06
16250.056 3.049463200099973e-06
16300.056 3.0688439288999855e-06
16350.056 3.237614820699974e-06
16400.056 3.228644328400062e-06
16450.056 3.3237332737601667e-06
16500.056 3.4308700230002616e-06
16550.056 3.574226864900059e-06
16600.056 3.371709233400326e-06
16650.056 3.6306666126999633e-06
16700.056 3.4593341138297734e-06
16750.056 3.5123515486498878e-06
16800.056 3.680031519999762e-06
16850.056 3.6933024049299085e-06
16900.056 3.579206122039939e-06
16950.056 3.5217344624599914e-06
17000.056 3.531095998900297e-06
17050.056 3.5020110038099633e-06
17100.056 3.275701852400415e-06
17150.056 3.14926147149003e-06
17200.056 2.8730102039997836e-06
17250.056 2.635178506999882e-06
17300.056 2.6188886785297618e-06
17350.056 2.4775451675782195e-06
17400.056 2.4647785364319967e-06
17450.056 2.1902003263031077e-06
17500.056 2.1326130953975798e-06
17550.056 2.0304479991513443e-06
17600.056 1.9340501420328924e-06
17650.056 1.9436041065289464e-06
17700.056 1.579141141535844e-06
17750.056 1.472315698998002e-06
17800.056 1.537418600073355e-06
17850.056 1.2658374154371282e-06
17900.056 1.3594993560070334e-06
17950.056 1.2672038385299293e-06
18000.056 1.163630069237011e-06
18050.056 1.131653694918175e-06
18100.056 1.080718989824893e-06
18150.056 1.2796455058629758e-06
18200.056 9.356626849831906e-07
18250.056 1.2852433391038e-06
18300.056 1.1541428412392942e-06
18350.056 1.0559584092517557e-06
18400.056 1.0355774652054576e-06
18450.056 9.154782202235786e-07
18500.056 9.88680506431226e-07
18550.056 8.854349111281114e-07
18600.056 7.228113798418658e-07
18650.056 8.259796447429834e-07
18700.056 9.287118807586794e-07
18750.056 9.137475162585933e-07
18800.056 1.0052962895192493e-06
18850.056 1.1883670291709565e-06
18900.056 1.130928488772399e-06
18950.056 1.2520413934239757e-06
19000.056 1.2737716893508613e-06
19050.056 1.1829079131829512e-06
19100.056 1.3383400864511347e-06
19150.056 1.3184295776931114e-06
19200.056 1.3377439346312238e-06
19250.056 1.2312092740938893e-06
19300.056 1.3128456059075468e-06
19350.056 1.2102548541819768e-06
19400.056 9.635830249038263e-07
19450.056 1.2535723698070083e-06
19500.056 1.265799029553871e-06
19550.056 9.87370578654301e-07
19600.056 1.178837175729949e-06
19650.056 1.2011436211161917e-06
19700.056 1.208848808524094e-06
19750.056 1.1155334733291538e-06
19800.056 1.2023742009428304e-06
19850.056 1.2851622077142915e-06
19900.056 1.0712633915211689e-06
19950.056 1.362674615649949e-06
20000.056 1.1855728724951005e-06
20050.056 1.325836537276339e-06
20100.056 1.3511125289863252e-06
20150.056 1.410450067394097e-06
20200.056 1.4772919748017515e-06
20250.056 1.5629426647948168e-06
20300.056 1.5805963017851201e-06
20350.056 1.6914847186197836e-06
20400.056 1.6864248637293171e-06
20450.056 1.8116908202397106e-06
20500.056 1.8720296289699795e-06
20550.056 1.8974848361000876e-06
20600.056 2.0984160015102306e-06
20650.056 2.057460682340235e-06
20700.056 2.1820104519503036e-06
20750.056 2.2386101026497493e-06
20800.056 2.371800562879961e-06
20850.056 2.3308430825299216e-06
20900.056 2.519398868269722e-06
20950.056 2.5531025765299345e-06
21000.056 2.691010733899946e-06
21050.056 2.7395096710000024e-06
21100.056 2.758685355109942e-06
21150.056 2.939851539699984e-06
21200.056 2.910260613060142e-06
21250.056 3.108334165699802e-06
21300.056 2.9813521635100563e-06
21350.056 3.245745633760048e-06
21400.056 3.0904984776002746e-06
21450.056 3.4482267903999802e-06
21500.056 3.231406561500197e-06
21550.056 3.3275628423798945e-06
21600.056 3.4235092911002813e-06
21650.056 3.366267938800097e-06
21700.056 3.570063603900016e-06
21750.056 3.406541421269975e-06
21800.056 3.4174767194397116e-06
21850.056 3.3910699995998727e-06
21900.056 3.52133115302022e-06
21950.056 3.3438627206000815e-06
22000.056 3.3660919056000873e-06
22050.056 3.1765215816996164e-06
22100.056 3.3318102536801266e-06
22150.056 3.3635502396001723e-06
22200.056 3.1903127172004263e-06
22250.056 3.4253445706603437e-06
22300.056 3.361302361039908e-06
22350.056 3.1716188063802645e-06
22400.056 3.326498109290089e-06
22450.056 3.1945252101197826e-06
22500.056 3.274413545560008e-06
22550.056 3.1718945755894803e-06
22600.056 3.224209019540109e-06
22650.056 3.064367797350574e-06
22700.056 3.0335213829805123e-06
22750.056 3.222145872800045e-06
22800.056 2.9859659879500112e-06
22850.056 3.0471535218702803e-06
22900.056 3.085640639679861e-06
22950.056 1.8442656680001368e-06
23000.056 2.0282315220401596e-06
23050.056 2.2213027423717816e-06
23100.056 2.118666921346779e-06
23150.056 2.249316991566288e-06
23200.056 2.1014526883351455e-06
23250.056 1.689118998559738e-06
23300.056 1.7885067977481574e-06
23350.056 1.9072418621389513e-06
23400.056 1.8488576903161528e-06
23450.056 1.9189623325201154e-06
23500.056 1.9971336123698204e-06
23550.056 1.7509061125493256e-06
23600.056 1.7196821358251976e-06
23650.056 1.888264991085847e-06
23700.056 1.7595751262058083e-06
23750.056 1.79608351165142e-06
23800.056 1.7667216979199699e-06
23850.056 1.5033482372861316e-06
23900.056 1.7514405451920032e-06
23950.056 1.8499931718003718e-06
24000.056 1.728064552439486e-06
24050.056 1.7391779706121295e-06
24100.056 1.5179505699277686e-06
24150.056 1.533512697958408e-06
24200.056 1.535516229381438e-06
24250.056 1.4658093777100955e-06
24300.056 1.4627593289500674e-06
24350.056 1.2720649111391368e-06
24400.056 1.4745725090899587e-06
24450.056 1.2444015022218405e-06
24500.056 1.1826949982948702e-06
24550.056 1.142083861440193e-06
24600.056 1.2127059596701392e-06
24650.056 1.3092799465060372e-06
24700.056 1.015496018582929e-06
24750.056 9.74678027371248e-07
24800.056 9.488068163161718e-07
24850.056 1.1689740645069504e-06
24900.056 7.881065917594274e-07
24950.056 1.0810732230408834e-06
25000.056 9.54858828721111e-07
25050.056 7.031999541961858e-07
25100.056 8.882623888599797e-07
25150.056 7.406772895729403e-07
25200.056 7.975429887769846e-07
25250.056 7.081483764518623e-07
25300.056 8.288745462700404e-07
25350.056 6.460879793249891e-07
25400.056 7.768293037742097e-07
25450.056 6.386728016109749e-07
25500.056 6.940441835931983e-07
25550.056 6.596551909670392e-07
25600.056 6.885868630269749e-07
25650.056 5.825710123889729e-07
25700.056 8.351652023767038e-07
25750.056 5.397516997281299e-07
25800.056 8.018393998491448e-07
25850.056 6.350365732548817e-07
25900.056 7.665627508720892e-07
25950.056 6.005939871600024e-07
26000.056 8.03219432895337e-07
26050.056 7.765243628010294e-07
26100.056 8.521750210089693e-07
26150.056 8.07947918257866e-07
26200.056 7.80086854202989e-07
26250.056 8.511485136340233e-07
26300.056 8.024412467720708e-07
26350.056 9.012427165719716e-07
26400.056 9.22363362982809e-07
26450.056 8.940004962980918e-07
26500.056 9.487723735406917e-07
26550.056 8.414394199897902e-07
26600.056 1.0565894092938162e-06
26650.056 7.313991566568698e-07
26700.056 7.449458639870464e-07
26750.056 5.961701974867013e-07
26800.056 7.277955414078477e-07
26850.056 5.423935882170065e-07
26900.056 7.741618081370392e-07
26950.056 5.127469824689416e-07
27000.056 7.439296144591022e-07
27050.056 6.192390505649991e-07
27100.056 6.192569229798465e-07
27150.056 6.96941448493036e-07
27200.056 6.668521015141358e-07
27250.056 6.340154017652416e-07
27300.056 8.206012888510533e-07
27350.056 7.471974295417808e-07
27400.056 5.712496543849284e-07
27450.056 8.742618945307241e-07
27500.056 7.989102420778769e-07
27550.056 6.849766225529834e-07
27600.056 8.889020382608931e-07
27650.056 6.392242046419489e-07
27700.056 6.002476032430696e-07
27750.056 8.845218803707223e-07
27800.056 5.98527552789943e-07
27850.056 6.711664252037237e-07
27900.056 7.056075784880553e-07
27950.056 8.605068337989383e-07
28000.056 7.793044829752222e-07
28050.056 5.533146832351455e-07
28100.056 9.10498140932243e-07
28150.056 6.880339152040565e-07
28200.056 5.62448269352024e-07
28250.056 8.046168040200082e-07
28300.056 9.5068784080311e-07
28350.056 6.369152958898353e-07
28400.056 7.388759760989878e-07
28450.056 8.053062292648389e-07
28500.056 7.758715686948222e-07
28550.056 5.16340375479839e-07
28600.056 9.29050321426946e-07
28650.056 8.276389540409516e-07
28700.056 7.354930722628884e-07
28750.056 8.65417964574011e-07
28800.056 8.079749290351972e-07
28850.056 8.716721461070786e-07
