galfind/configs/Brown_Dwarf_templates/sonora_bobcat/m+0.5/1000g/sp_t1100g1000nc_m+0.5_resample.dat
# %ECSV 1.0
# ---
# datatype:
# - {name: wav, unit: Angstrom, datatype: float64}
# - {name: flux_nu, unit: erg / (cm2 Hz s), datatype: float64}
# meta: {C/O: '1.00', Kzz: '1.0000E+05', Teff: '1100.', Y: '0.28', '[Fe/H]': '0.50', f_hole: '1.00', f_rain: '0.00', grav: '1000.'}
# schema: astropy-2.0
wav flux_nu
4000.0559999999996 nan
4050.0559999999996 8.608701455771861e-13
4100.056 5.831964920099858e-11
4150.056 1.7657733170700617e-10
4200.056 1.5086709381818804e-10
4250.056 3.0243555621100906e-10
4300.056 3.8744420495002177e-10
4350.056 4.2584086058001e-10
4400.056 4.99736370250008e-10
4450.056 5.703807236500043e-10
4500.056 5.594625493700166e-10
4550.056 6.151411712311743e-10
4600.056 5.465085447639943e-10
4650.056 4.512898480699788e-10
4700.056 3.6728373929000075e-10
4750.056 1.720021080479999e-10
4800.056 4.248174366999926e-11
4850.056 9.836772735499887e-12
4900.056 4.132819544199972e-12
4950.056 2.031440993299984e-12
5000.056 8.689587620999923e-13
5050.056 4.420583786899992e-13
5100.056 3.950302320799997e-13
5150.056 3.7449508011999904e-13
5200.056 3.550539257199997e-13
5250.056 3.3015447050999964e-13
5300.056 3.053984397699998e-13
5350.056 2.8443064929999977e-13
5400.056 2.664038339699997e-13
5450.056 2.4810524940999947e-13
5500.056 2.2896098636999977e-13
5550.056 2.094782537799998e-13
5600.056 1.890448805399996e-13
5650.056 1.6670934947999979e-13
5700.056 1.4309879142999974e-13
5750.056 1.168601859599996e-13
5800.056 8.959871400299966e-14
5850.056 5.797577744499935e-14
5900.056 1.951672145975824e-14
5950.056 1.1345257340900217e-13
6000.056 2.6463533387000144e-13
6050.056 5.469570075300063e-13
6100.056 1.0324098917500085e-12
6150.056 1.8298989873000137e-12
6200.056 3.0797086114000194e-12
6250.056 4.970917554200033e-12
6300.056 7.740888438400052e-12
6350.056 1.1738210865500071e-11
6400.056 1.7392208172000084e-11
6450.056 2.5276604347000102e-11
6500.056 3.593420288700018e-11
6550.056 5.033145781400026e-11
6600.056 6.975906741100043e-11
6650.056 9.556922955100046e-11
6700.056 1.1375924621320102e-10
6750.056 1.692513692900007e-10
6800.056 2.1311431447000058e-10
6850.056 2.422528499800003e-10
6900.056 2.419746635500006e-10
6950.056 2.2927915430999994e-10
7000.056 2.3388602681000103e-10
7050.056 2.5642158392999934e-10
7100.056 2.8268865423000025e-10
7150.056 2.9896457428999777e-10
7200.056 3.0339352356000455e-10
7250.056 2.956439858899925e-10
7300.056 2.7391941709000003e-10
7350.056 2.4816441650999817e-10
7400.056 2.2064881686000104e-10
7450.056 1.8847177606999997e-10
7500.056 1.5327124280999944e-10
7550.056 1.1556440819299932e-10
7600.056 8.00033554009992e-11
7650.056 1.7336988894790076e-11
7700.056 1.0453376313452523e-11
7750.056 6.505295699500147e-11
7800.056 1.3163310020080248e-10
7850.056 2.767080149600025e-10
7900.056 4.347656484300039e-10
7950.056 5.198761598848064e-10
8000.056 9.096598401800074e-10
8050.056 1.228703011400013e-09
8100.056 1.58229512726e-09
8150.056 1.9925897038799994e-09
8200.056 2.5388493503400605e-09
8250.056 3.1115496812100386e-09
8300.056 3.8089054822802304e-09
8350.056 4.582649224699916e-09
8400.056 5.485275415599857e-09
8450.056 6.598614704299916e-09
8500.056 7.074108356119657e-09
8550.056 8.916748464100221e-09
8600.056 1.0878441122200083e-08
8650.056 1.2613346205000118e-08
8700.056 1.4594108478999975e-08
8750.056 1.678820724100012e-08
8800.056 1.9156890465000153e-08
8850.056 2.1433903637000025e-08
8900.056 2.1993177038999588e-08
8950.056 2.0351871211898352e-08
9000.056 2.6507819826398123e-08
9050.056 3.311402430330092e-08
9100.056 3.686385150350065e-08
9150.056 3.962670319020187e-08
9200.056 4.474953175959572e-08
9250.056 4.567758964738482e-08
9300.056 2.8781448273835632e-08
9350.056 3.544058861457066e-08
9400.056 4.778046935354244e-08
9450.056 5.299058292094874e-08
9500.056 5.36308157355487e-08
9550.056 5.942273720387119e-08
9600.056 6.164930853197827e-08
9650.056 6.919752088259249e-08
9700.056 8.143182313954758e-08
9750.056 8.790897855750714e-08
9800.056 9.799942465800829e-08
9850.056 1.102943002662988e-07
9900.056 1.1794256895699493e-07
9950.056 1.2435565121599738e-07
10000.056 1.182469906359952e-07
10050.056 1.4251558655399969e-07
10100.056 1.6338830038499724e-07
10150.056 1.804708058499906e-07
10200.056 2.008741353000001e-07
10250.056 2.2044869942000185e-07
10300.056 2.420563680200014e-07
10350.056 2.6979225645000257e-07
10400.056 2.931440236899969e-07
10450.056 3.1174547938000035e-07
10500.056 3.2563231528000275e-07
10550.056 3.398722637700025e-07
10600.056 3.602331989399924e-07
10650.056 3.8516796779001205e-07
10700.056 4.081072561600114e-07
10750.056 4.3280585071000965e-07
10800.056 4.549867360200056e-07
10850.056 4.7058733763999216e-07
10900.056 4.1061556642599417e-07
10950.056 2.863971730042055e-07
11000.056 2.4454830801746747e-07
11050.056 2.0000217939034056e-07
11100.056 1.6386586184215864e-07
11150.056 1.3210043331851412e-07
11200.056 1.4543319540665326e-07
11250.056 1.7687376360392625e-07
11300.056 1.7178545655671395e-07
11350.056 9.590752361521151e-08
11400.056 1.3935626798944606e-07
11450.056 1.4165078237337573e-07
11500.056 1.6536056958763341e-07
11550.056 1.186211760045407e-07
11600.056 1.247393755509572e-07
11650.056 1.3984690162309258e-07
11700.056 1.156682887064525e-07
11750.056 9.260394270318883e-08
11800.056 1.421715109554641e-07
11850.056 2.1493180822211488e-07
11900.056 2.478923356424745e-07
11950.056 3.2130050360390614e-07
12000.056 3.678385408699956e-07
12050.056 4.3151756131204824e-07
12100.056 4.865044613429848e-07
12150.056 5.570956570389828e-07
12200.056 6.218610988239565e-07
12250.056 6.850068755099499e-07
12300.056 7.583182623700322e-07
12350.056 7.827011272600116e-07
12400.056 7.607510866699764e-07
12450.056 6.521467857600196e-07
12500.056 6.822099534199869e-07
12550.056 7.349760964100503e-07
12600.056 1.0224285189200263e-06
12650.056 1.0488176675100056e-06
12700.056 1.0902215209800835e-06
12750.056 1.063301245170028e-06
12800.056 1.0821073057600127e-06
12850.056 9.5447858116203e-07
12900.056 8.806754835950298e-07
12950.056 8.882607789408809e-07
13000.056 8.75150991505938e-07
13050.056 8.347817935126682e-07
13100.056 7.873542183255149e-07
13150.056 6.779711804081297e-07
13200.056 6.019255870213822e-07
13250.056 4.618183637034599e-07
13300.056 2.6131669306740125e-07
13350.056 9.072030564731938e-08
13400.056 6.050689103398365e-08
13450.056 4.139419862073378e-08
13500.056 3.1578068976779735e-08
13550.056 2.5155714179831952e-08
13600.056 1.8820449149411374e-08
13650.056 3.4020039129159176e-08
13700.056 2.7895958825685365e-08
13750.056 3.080163802822571e-08
13800.056 3.6925525049636415e-08
13850.056 3.150678681190476e-08
13900.056 3.264493987590683e-08
13950.056 3.04666883839878e-08
14000.056 2.8793311627990027e-08
14050.056 3.260609417451442e-08
14100.056 2.7984366248544906e-08
14150.056 3.6267002161307396e-08
14200.056 2.994259322471277e-08
14250.056 3.040182126801224e-08
14300.056 4.196866124923454e-08
14350.056 4.2405428718879085e-08
14400.056 4.629843272658841e-08
14450.056 5.0019734689396015e-08
14500.056 7.303029594440906e-08
14550.056 7.877802146281452e-08
14600.056 9.699669564479348e-08
14650.056 9.817873530851498e-08
14700.056 8.564909340963879e-08
14750.056 1.0126229305721815e-07
14800.056 1.2029064549127653e-07
14850.056 1.3079899482189686e-07
14900.056 1.3242470095198273e-07
14950.056 1.453887974619363e-07
15000.056 1.5645541425227423e-07
15050.056 1.8505533442042785e-07
15100.056 2.0087963958090904e-07
15150.056 2.2447203624349505e-07
15200.056 2.249702778084851e-07
15250.056 2.6393681722209544e-07
15300.056 2.8984751275297586e-07
15350.056 3.259237606583799e-07
15400.056 3.618320537150163e-07
15450.056 3.9583831612402575e-07
15500.056 4.16640493238992e-07
15550.056 4.6658870783996855e-07
15600.056 4.658953797020166e-07
15650.056 5.006102454100359e-07
15700.056 5.703654590100864e-07
15750.056 6.129237213999821e-07
15800.056 5.989119006600529e-07
15850.056 6.607983246799965e-07
15900.056 6.5572205866003e-07
15950.056 6.69430773039936e-07
16000.056 6.240910771400092e-07
16050.056 5.428511899599948e-07
16100.056 4.79681549952965e-07
16150.056 3.988840766426898e-07
16200.056 3.261304205910189e-07
16250.056 3.1145201075901006e-07
16300.056 2.7905145264373723e-07
16350.056 3.0487521257079375e-07
16400.056 3.471868331025838e-07
16450.056 3.715320256909286e-07
16500.056 4.028245247481046e-07
16550.056 3.887135028057478e-07
16600.056 3.8019303220475995e-07
16650.056 3.174473330541496e-07
16700.056 1.7602128775076598e-07
16750.056 2.1288720585347987e-07
16800.056 3.0601885900103595e-07
16850.056 3.1206748285478217e-07
16900.056 2.795693440621674e-07
16950.056 2.4467383048357567e-07
17000.056 2.0338800207643403e-07
17050.056 2.6449474618775133e-07
17100.056 2.841996678969131e-07
17150.056 2.3425135155168365e-07
17200.056 2.7622783513793144e-07
17250.056 2.4227499319296873e-07
17300.056 2.0733572734841571e-07
17350.056 1.854281714374003e-07
17400.056 1.9570852318139424e-07
17450.056 1.90156006839298e-07
17500.056 2.0358750807750984e-07
17550.056 1.8922923884755442e-07
17600.056 1.7468127463611363e-07
17650.056 1.7300124998088433e-07
17700.056 1.333395374770182e-07
17750.056 1.2285209354622943e-07
17800.056 1.5139634617705154e-07
17850.056 1.1145906514006458e-07
17900.056 1.1390905785790394e-07
17950.056 9.853600877077076e-08
18000.056 1.0532259428093869e-07
18050.056 9.973764991044607e-08
18100.056 1.0196418272437434e-07
18150.056 1.2694806390787222e-07
18200.056 8.445591849704439e-08
18250.056 1.4551640798145786e-07
18300.056 1.1057200558549833e-07
18350.056 9.784038191357415e-08
18400.056 9.527011063142425e-08
18450.056 1.002119358877129e-07
18500.056 1.0899710230357315e-07
18550.056 9.192929263555839e-08
18600.056 7.761243165530317e-08
18650.056 8.054059961000518e-08
18700.056 8.372505012905532e-08
18750.056 9.679895132835866e-08
18800.056 1.3659383201288235e-07
18850.056 1.5698302941863825e-07
18900.056 1.4911535931289717e-07
18950.056 2.0059953025370106e-07
19000.056 1.696959265634481e-07
19050.056 1.439603457475675e-07
19100.056 2.0131696265002544e-07
19150.056 1.6932364978181508e-07
19200.056 1.9536309898025507e-07
19250.056 1.6219778427128585e-07
19300.056 1.604436532987178e-07
19350.056 1.422232875197868e-07
19400.056 1.0546299505184929e-07
19450.056 1.6163333830884535e-07
19500.056 1.642649812835813e-07
19550.056 1.2250714503363795e-07
19600.056 1.5659081145354636e-07
19650.056 1.7489826524196927e-07
19700.056 1.777076983540785e-07
19750.056 1.7674228890129236e-07
19800.056 1.9140502666337797e-07
19850.056 2.2690265723097255e-07
19900.056 1.806723739658371e-07
19950.056 2.561300666851045e-07
20000.056 2.2719992312211092e-07
20050.056 2.5892033210097054e-07
20100.056 2.751576640826731e-07
20150.056 2.925067168728299e-07
20200.056 3.1807716353002603e-07
20250.056 3.516807855400511e-07
20300.056 3.4578463296452413e-07
20350.056 3.9575726670153675e-07
20400.056 3.884085945366942e-07
20450.056 4.3126168966291837e-07
20500.056 4.588805924109431e-07
20550.056 4.556492257110046e-07
20600.056 5.196367350600643e-07
20650.056 5.103823182360617e-07
20700.056 5.288140309200668e-07
20750.056 5.47277192458958e-07
20800.056 5.734265440639771e-07
20850.056 5.55407042372975e-07
20900.056 5.91128831331891e-07
20950.056 5.824391242399915e-07
21000.056 5.869936774000416e-07
21050.056 5.839185287019844e-07
21100.056 5.670772476100215e-07
21150.056 5.861193031919119e-07
21200.056 5.524396010010086e-07
21250.056 5.52128698771911e-07
21300.056 4.967412471119456e-07
21350.056 5.096877237803867e-07
21400.056 4.776231246091248e-07
21450.056 4.701558762375904e-07
21500.056 4.3546502226390176e-07
21550.056 4.1076506974983774e-07
21600.056 3.794183434860699e-07
21650.056 3.472816773000153e-07
21700.056 3.4642384444000944e-07
21750.056 3.035624198994265e-07
21800.056 2.6600335224014926e-07
21850.056 2.3845461222269367e-07
21900.056 1.8896551229435594e-07
21950.056 1.3027031798964193e-07
22000.056 6.532661851070454e-08
22050.056 4.6446110778951165e-08
22100.056 6.429009496324482e-08
22150.056 8.533516580117005e-08
22200.056 9.623160486248392e-08
22250.056 8.934811488985159e-08
22300.056 7.484769620967512e-08
22350.056 7.125996968175921e-08
22400.056 5.656138583939206e-08
22450.056 4.896173681779538e-08
22500.056 4.898236286152707e-08
22550.056 4.112321313338697e-08
22600.056 4.2363701371599504e-08
22650.056 4.4123859813862935e-08
22700.056 3.96708617039605e-08
22750.056 4.01982102022132e-08
22800.056 3.688835375640444e-08
22850.056 3.247810877607516e-08
22900.056 2.9860236886516706e-08
22950.056 2.805482846749119e-08
23000.056 3.452349804079825e-08
23050.056 4.430641338199914e-08
23100.056 6.736421310881185e-08
23150.056 7.332272699753821e-08
23200.056 2.535958974091711e-08
23250.056 2.9684455825806916e-08
23300.056 2.593963106308059e-08
23350.056 2.548494506417751e-08
23400.056 2.7140346217686417e-08
23450.056 2.691066153915918e-08
23500.056 2.949380498229516e-08
23550.056 3.6135814336687325e-08
23600.056 4.164989200191377e-08
23650.056 5.143482727093199e-08
23700.056 3.409054079405026e-08
23750.056 2.875652558977888e-08
23800.056 2.8890741354140356e-08
23850.056 3.326792566192184e-08
23900.056 4.792511265469194e-08
23950.056 5.2625727652830626e-08
24000.056 5.790835354089391e-08
24050.056 6.824462682382437e-08
24100.056 6.338370859388382e-08
24150.056 7.126584822911283e-08
24200.056 7.323296559986484e-08
24250.056 6.362363658539689e-08
24300.056 7.405828783012479e-08
24350.056 6.341745191839864e-08
24400.056 8.129012110033083e-08
24450.056 7.662173921147638e-08
24500.056 7.879375629326709e-08
24550.056 9.022873321863801e-08
24600.056 9.20244099150023e-08
24650.056 1.107917811637077e-07
24700.056 8.52612551093447e-08
24750.056 9.263619914181645e-08
24800.056 9.455685178656752e-08
24850.056 1.2174719882880886e-07
24900.056 8.062893157616309e-08
24950.056 1.236756253918861e-07
25000.056 1.1135972644103359e-07
25050.056 8.272109661890027e-08
25100.056 1.0956292721422124e-07
25150.056 8.223919225750313e-08
25200.056 1.0060391609228574e-07
25250.056 7.637016463281577e-08
25300.056 1.0177201278118722e-07
25350.056 6.879207548986456e-08
25400.056 1.0560065322835146e-07
25450.056 6.955248844396575e-08
25500.056 7.231952425454185e-08
25550.056 7.528954285380254e-08
25600.056 7.158210750813234e-08
25650.056 5.459799921572551e-08
25700.056 9.219807268231948e-08
25750.056 4.854151857533799e-08
25800.056 9.286724386690932e-08
25850.056 5.4693842044745054e-08
25900.056 7.319589249676997e-08
25950.056 4.7995628508982074e-08
26000.056 9.939503310679607e-08
26050.056 7.100950922438376e-08
26100.056 9.902192456180547e-08
26150.056 8.168663946090067e-08
26200.056 8.805766385976915e-08
26250.056 1.1959644536897966e-07
26300.056 9.18071929959429e-08
26350.056 1.3836941066172566e-07
26400.056 1.3753011330446364e-07
26450.056 1.3951404902971136e-07
26500.056 1.514167935778292e-07
26550.056 1.0310239156008468e-07
26600.056 1.4332046426925534e-07
26650.056 7.817314715248819e-08
26700.056 7.617879069328289e-08
26750.056 5.3801802474428644e-08
26800.056 7.967930436114822e-08
26850.056 4.9573672238305373e-08
26900.056 9.52168135938653e-08
26950.056 5.396053481962681e-08
27000.056 1.0917955185279637e-07
27050.056 8.710628058791331e-08
27100.056 7.536237047109568e-08
27150.056 1.1445068967461567e-07
27200.056 8.278955727290718e-08
27250.056 9.160618167224898e-08
27300.056 1.6443299441287123e-07
27350.056 1.311979585112222e-07
27400.056 6.00079771280269e-08
27450.056 1.6529009406594725e-07
27500.056 1.5568380901306845e-07
27550.056 9.028695028048855e-08
27600.056 1.505886113550726e-07
27650.056 8.24393344577187e-08
27700.056 7.028278484275107e-08
27750.056 1.526750893847315e-07
27800.056 8.03452333064521e-08
27850.056 9.516963239209036e-08
27900.056 1.0423492781007896e-07
27950.056 1.5811745277810176e-07
28000.056 1.2943758409372681e-07
28050.056 6.345121749963522e-08
28100.056 1.7031684977023634e-07
28150.056 1.094714113591067e-07
28200.056 6.805064243136835e-08
28250.056 1.5721601894958625e-07
28300.056 1.9381330255292116e-07
28350.056 8.51874739801289e-08
28400.056 1.2694249053695378e-07
28450.056 1.6219129305744734e-07
28500.056 1.3388825062631506e-07
28550.056 6.460950829077939e-08
28600.056 1.7758468101457364e-07
28650.056 1.5665421896871266e-07
28700.056 1.351363075276688e-07
28750.056 1.8066287178471077e-07
28800.056 1.5904411623364284e-07
28850.056 1.7883721892880466e-07
