galfind/configs/Brown_Dwarf_templates/sonora_bobcat/m+0.5/1000g/sp_t375g1000nc_m+0.5_resample.dat
# %ECSV 1.0
# ---
# datatype:
# - {name: wav, unit: Angstrom, datatype: float64}
# - {name: flux_nu, unit: erg / (cm2 Hz s), datatype: float64}
# meta: {C/O: '1.00', Kzz: '1.0000E+05', Teff: '375.', Y: '0.28', '[Fe/H]': '0.50', f_hole: '1.00', f_rain: '0.00', grav: '1000.'}
# schema: astropy-2.0
wav flux_nu
[from data line 498]
28900.056 2.1502686823599534e-11
28950.056 2.916482521796542e-11
29000.056 1.763654687749069e-11
29050.056 3.211848745622337e-11
29100.056 1.254934252402694e-11
29150.056 1.7741752400439435e-11
29200.056 6.642424496549119e-11
29250.056 4.8384612478883755e-11
29300.056 3.088995316960856e-11
29350.056 8.009025881419156e-11
29400.056 3.4175851355420834e-11
29450.056 1.3674583078233896e-11
29500.056 9.139426472966523e-11
29550.056 2.4294023677470984e-11
29600.056 2.8038399155012568e-11
29650.056 1.4375259204147408e-10
29700.056 1.8938021053288496e-11
29750.056 8.897435571928107e-11
29800.056 4.782075452710912e-11
29850.056 1.1989491566872286e-10
29900.056 4.305457852001766e-11
29950.056 5.355249492968486e-11
30000.056 6.100161185347028e-13
30050.056 6.4877507453785804e-12
30100.056 3.165712478071327e-11
30150.056 1.3262129593396315e-10
30200.056 7.74434125227014e-11
30250.056 1.2533844035597442e-10
30300.056 1.8174414068617772e-10
30350.056 2.8764427063328058e-11
30400.056 1.9291380771726107e-10
30450.056 1.482858325406469e-10
30500.056 6.091433124029321e-11
30550.056 5.029481321365628e-11
30600.056 7.30594552216509e-10
30650.056 2.3935003506227807e-10
30700.056 1.1055052404529013e-10
30750.056 2.5067553321086466e-10
30800.056 2.736293790262044e-10
30850.056 2.8378053659709534e-10
30900.056 1.4464161594686484e-10
30950.056 9.891190005334337e-11
31000.056 1.3621846455426776e-10
31050.056 7.509394605224656e-11
31100.056 5.2441587349288336e-11
31150.056 9.932064418790896e-11
31200.056 4.04643898754282e-10
31250.056 1.639571285699842e-10
31300.056 8.915962350702001e-11
31350.056 3.054792101978746e-10
31400.056 1.8602871099829972e-10
31450.056 1.9060082541735982e-10
31500.056 5.6106281535590353e-11
31550.056 1.1845985555271818e-10
31600.056 8.825326405087933e-11
31650.056 6.75485597834475e-11
31700.056 5.309322591938349e-11
31750.056 2.621362782626062e-11
31800.056 5.303159426374256e-11
31850.056 8.213487702716626e-12
31900.056 2.1246231298260853e-11
31950.056 1.1648611318129188e-11
32000.056 7.425169383815078e-12
32050.056 1.0615248939629007e-11
32100.056 8.876894462934507e-12
32150.056 7.83315551715792e-12
32200.056 3.498987194286166e-12
32250.056 8.685723688245012e-12
32300.056 2.1310436787908616e-12
32350.056 8.656098106536435e-12
32400.056 7.603434531808743e-13
32450.056 5.5372631106722854e-12
32500.056 7.701094340747273e-13
32550.056 4.899509544183268e-12
32600.056 6.706441297636287e-13
32650.056 1.2024029108245474e-11
32700.056 1.2752567373664979e-12
32750.056 3.1737296848516174e-11
32800.056 1.4380575527359743e-11
32850.056 7.834159898349022e-11
32900.056 6.45599042854926e-11
32950.056 6.44672219406093e-11
33000.056 1.577281526393651e-11
33050.056 1.5032557832872722e-11
33100.056 2.4297711702062863e-12
33150.056 9.579941227173017e-16
33200.056 8.43093485045041e-14
33250.056 1.8621441066311882e-13
33300.056 3.5143309952314676e-12
33350.056 8.700816502182952e-12
33400.056 3.833112657811499e-11
33450.056 1.0590662930399481e-11
33500.056 5.539766708162848e-11
33550.056 7.920554906731504e-12
33600.056 2.297711046802984e-11
33650.056 2.3318588772302797e-11
33700.056 4.518769723713217e-12
33750.056 3.074019318422123e-11
33800.056 1.5399805660209841e-12
33850.056 1.399815286335638e-11
33900.056 1.5512971005088653e-11
33950.056 1.3772654465454613e-11
34000.056 3.442435914542211e-11
34050.056 4.857180950783752e-12
34100.056 3.612420346022793e-11
34150.056 1.1002037318145477e-11
34200.056 4.336697261191478e-11
34250.056 1.9158319780042643e-11
34300.056 2.403667355680761e-11
34350.056 8.877941645038573e-11
34400.056 1.487447220595278e-11
34450.056 7.32008738641085e-11
34500.056 2.705596701720502e-11
34550.056 3.638573021437837e-11
34600.056 1.8089378899735663e-10
34650.056 1.2743819849975683e-11
34700.056 1.0633993283472422e-10
34750.056 5.533366968922371e-11
34800.056 4.117031483428622e-11
34850.056 1.9159413090706798e-10
34900.056 2.0524092824675972e-11
34950.056 1.981631168193147e-10
35000.056 2.7006470456689735e-10
35050.056 1.7205343321549066e-10
35100.056 3.9403327341612443e-10
35150.056 3.2588897746799705e-10
35200.056 2.2954723973031131e-10
35250.056 4.786504048392011e-10
35300.056 1.2560679411099977e-10
35350.056 1.556384941561033e-10
35400.056 1.0310942618172547e-10
35450.056 9.961516400507942e-11
35500.056 4.122858547581761e-10
35550.056 2.1767362441589287e-10
35600.056 3.665356340596362e-10
35650.056 4.87512356134797e-10
35700.056 4.896104193303982e-10
35750.056 5.806444338657105e-10
35800.056 3.087787654551961e-10
35850.056 1.4275105695513893e-10
35900.056 1.894930340548915e-10
35950.056 3.4933611090811155e-10
36000.056 4.045910703719124e-10
36050.056 2.665388058098931e-10
36100.056 2.5439602148358056e-10
36150.056 9.028162933547651e-10
36200.056 8.576090791038229e-10
36250.056 4.794959663961084e-10
36300.056 1.4933832130071464e-09
36350.056 7.371638283547546e-10
36400.056 1.296919844329464e-09
36450.056 9.879359913844122e-10
36500.056 1.036664082132447e-09
36550.056 2.141371783167723e-09
36600.056 2.200384346919443e-09
36650.056 1.2531786061504452e-09
36700.056 1.5187826261758472e-09
36750.056 2.1805563243910617e-09
36800.056 2.7447319736656424e-09
36850.056 1.1156346171314651e-09
36900.056 1.7104111439831369e-09
36950.056 2.7887291757645956e-09
37000.056 1.6630016333941454e-09
37050.056 3.095650082531429e-09
37100.056 1.1683585436953142e-09
37150.056 1.7918852409156476e-09
37200.056 3.7888001808897365e-09
37250.056 1.946160188665213e-09
37300.056 1.0869381452349514e-09
37350.056 2.1776978318824986e-09
37400.056 3.768111180421719e-09
37450.056 1.2173350850497549e-09
37500.056 1.922328994236012e-09
37550.056 4.914905715114546e-09
37600.056 8.244105446280513e-09
37650.056 1.7076297057886202e-09
37700.056 3.5948988369425596e-09
37750.056 2.643778684114199e-09
37800.056 2.5017213597808027e-09
37850.056 1.2691987421829605e-09
37900.056 1.4885832323560804e-09
37950.056 3.2532705432724553e-09
38000.056 2.856238299002095e-09
38050.056 5.0681885724582746e-09
38100.056 6.680874486571809e-09
38150.056 7.939293965181386e-09
38200.056 5.129537031064156e-09
38250.056 7.19653699570876e-09
38300.056 1.1839231466120549e-08
38350.056 9.047690086651234e-09
38400.056 3.0114856785496303e-09
38450.056 9.96148904648236e-10
38500.056 8.148020269346583e-10
38550.056 3.819037080720667e-09
38600.056 4.530953482368998e-09
38650.056 4.864516279985428e-09
38700.056 3.6605058231185737e-09
38750.056 4.306780854499037e-09
38800.056 4.128813199814362e-09
38850.056 5.159514818440729e-09
38900.056 6.3232806188947514e-09
38950.056 3.458074565210463e-09
39000.056 6.603669776763465e-09
39050.056 2.9781751514442344e-09
39100.056 5.5364880848487536e-09
39150.056 8.749455501480098e-09
39200.056 5.390997724719174e-09
39250.056 9.243904895527207e-09
39300.056 5.609313674036802e-09
39350.056 1.1765547442219628e-08
39400.056 6.012596295460014e-09
39450.056 9.775934232241014e-09
39500.056 1.0381330534600321e-08
39550.056 3.783710249222257e-09
39600.056 8.996246661040477e-09
39650.056 1.3140426600799368e-08
39700.056 1.2062827010741717e-08
39750.056 4.410739315732724e-09
39800.056 4.8931267699341745e-09
39850.056 1.4349158239601511e-08
39900.056 1.711844469780104e-08
39950.056 5.974588149370114e-09
40000.056 1.1864161101219603e-08
40050.056 1.4122989641739471e-08
40100.056 3.682711760914863e-09
40150.056 1.1573112529780535e-08
40200.056 1.3429881711977922e-08
40250.056 1.5433108683596773e-08
40300.056 1.575379763550183e-08
40350.056 7.652446046552378e-09
40400.056 1.1920833149097167e-08
40450.056 4.8277654095665216e-09
40500.056 1.5512707202100553e-08
40550.056 1.6258373953034196e-08
40600.056 1.4509223558499796e-08
40650.056 1.0372711061993721e-08
40700.056 2.1548586451878247e-08
40750.056 1.3844669036077419e-08
40800.056 7.193073456468096e-09
40850.056 2.524515355320471e-08
40900.056 2.2289206819396788e-08
40950.056 1.662891272593624e-08
41000.056 1.2718101536878044e-08
41050.056 2.8111702293397553e-08
41100.056 2.34074976879991e-08
41150.056 7.008700991451256e-09
41200.056 2.6701096083903457e-08
41250.056 2.222524456543485e-08
41300.056 2.4121730550903177e-08
41350.056 3.236436313499921e-08
41400.056 2.4089089904598762e-08
41450.056 3.437273268379761e-08
41500.056 1.8477767205063742e-08
41550.056 1.6659542582904865e-08
41600.056 1.851096383986651e-08
41650.056 2.8702262206203354e-08
41700.056 4.0878692935994633e-08
41750.056 2.833016712009855e-08
41800.056 3.039479900600275e-08
41850.056 2.655847573990612e-08
41900.056 2.0952698504324064e-08
41950.056 2.1161688793098734e-08
42000.056 9.49399542666548e-09
42050.056 1.337818127991422e-08
42100.056 1.7360397844809832e-08
42150.056 1.9757088310388792e-08
42200.056 2.296410578249868e-08
42250.056 1.853955610783412e-08
42300.056 1.5537689523998516e-08
42350.056 2.8946456124901136e-08
42400.056 3.5404841441002725e-08
42450.056 3.5907408347004076e-08
42500.056 3.714514591999775e-08
42550.056 3.119666902299747e-08
42600.056 3.01319655708096e-08
42650.056 4.7017728371393074e-08
42700.056 1.8967475256973973e-08
42750.056 3.0609028442405125e-08
42800.056 4.721957796900212e-08
42850.056 5.0242322167991705e-08
42900.056 5.17854231666043e-08
42950.056 3.85379619655001e-08
43000.056 4.585203976399973e-08
43050.056 2.0599306508600384e-08
43100.056 3.7733219501999137e-08
43150.056 3.086030320450138e-08
43200.056 4.578254910600363e-08
43250.056 6.673786291200288e-08
43300.056 5.751622797399984e-08
43350.056 2.874829464549563e-08
43400.056 4.518777842480289e-08
43450.056 2.8261490493601526e-08
43500.056 2.710289890450335e-08
43550.056 3.0544460841702476e-08
43600.056 5.497180674200254e-08
43650.056 2.9221059534698362e-08
43700.056 6.079570755701147e-08
43750.056 5.8857730033995624e-08
43800.056 4.901593355759809e-08
43850.056 4.454256279380555e-08
43900.056 3.065423939139784e-08
43950.056 2.1543609091298126e-08
44000.056 2.124292032949932e-08
44050.056 5.6848954178003465e-08
44100.056 8.110139049000204e-08
44150.056 6.98931968059959e-08
44200.056 6.571709957500193e-08
44250.056 3.247933614099662e-08
44300.056 2.2413685307402273e-08
44350.056 2.5021510676752825e-08
44400.056 2.4349839742998823e-08
44450.056 4.8317018161805204e-08
44500.056 4.0944033508603944e-08
44550.056 6.252281090199891e-08
44600.056 4.844308193770071e-08
44650.056 4.814196650999834e-08
44700.056 3.038611440339566e-08
44750.056 4.724250015630666e-08
44800.056 2.9356480140001975e-08
44850.056 4.456487887300181e-08
44900.056 4.0016087673198404e-08
44950.056 4.7447681266005334e-08
45000.056 5.910512369300048e-08
45050.056 5.095471463999538e-08
45100.056 4.565454201020278e-08
45150.056 3.8608739658396425e-08
45200.056 2.6669123711302583e-08
45250.056 3.275332456049449e-08
45300.056 3.217578094850372e-08
45350.056 2.2887285923884587e-08
45400.056 7.287722411200607e-08
45450.056 5.7028136676306214e-08
45500.056 7.362293995600515e-08
45550.056 7.994265064798603e-08
45600.056 6.374749931400567e-08
45650.056 5.326483061219729e-08
45700.056 2.96739328848379e-08
45750.056 2.53982419948021e-08
45800.056 7.32376563940033e-08
45850.056 5.6192955238901594e-08
45900.056 7.581455111099675e-08
45950.056 6.781328482899583e-08
46000.056 7.223163007150629e-08
46050.056 5.2823915876006927e-08
46100.056 8.810322727999421e-08
46150.056 4.5786745000400124e-08
46200.056 3.5572391854094513e-08
46250.056 1.2016130518489315e-08
46300.056 4.530277675800285e-08
46350.056 4.820849717430595e-08
46400.056 4.831145816880165e-08
46450.056 4.0437177188026816e-08
46500.056 4.731757492040683e-08
46550.056 2.262470461659901e-08
46600.056 2.9913773654795825e-08
46650.056 5.217756619940238e-08
46700.056 3.3481140695993644e-08
46750.056 1.3234039390542314e-08
46800.056 8.318694627419075e-09
46850.056 4.599444649900736e-08
46900.056 5.8357952998997504e-08
46950.056 5.794955315399655e-08
47000.056 5.828368075800524e-08
47050.056 3.586337458420938e-08
47100.056 2.560719776640108e-08
47150.056 4.486675993340593e-08
47200.056 4.942325102299726e-08
47250.056 2.0680535142695808e-08
47300.056 1.3843853225163912e-08
47350.056 5.197720735600463e-08
47400.056 5.420622622999689e-08
47450.056 3.256950393310274e-08
47500.056 6.416860594800133e-08
47550.056 5.353603604700175e-08
47600.056 4.3453773688743953e-08
47650.056 4.9926260182039e-08
47700.056 3.6406818364985654e-08
47750.056 2.564068264740033e-08
47800.056 1.839277850020218e-08
47850.056 7.199486387231358e-09
47900.056 1.298634950726009e-08
47950.056 4.046825113900307e-08
48000.056 5.606619587499632e-08
48050.056 4.152022238419964e-08
48100.056 1.6652536094941072e-08
48150.056 3.385240474640186e-08
48200.056 2.0817953413577687e-08
48250.056 3.111267550850021e-08
48300.056 5.23837263559997e-08
48350.056 2.877285109999591e-08
48400.056 5.0750756465265024e-09
48450.056 1.1080589460588803e-08
48500.056 2.2499996834194874e-08
48550.056 2.8164604884204572e-08
48600.056 4.6992473373000656e-08
48650.056 6.064198682999801e-08
48700.056 3.7276378219605445e-08
48750.056 2.6795592606003147e-08
48800.056 4.65350112290022e-08
48850.056 2.1239243706136706e-08
48900.056 2.321197453507762e-08
48950.056 1.1593956453699414e-08
49000.056 6.520141033431738e-09
49050.056 2.389827267059725e-08
49100.056 3.507825579581607e-08
49150.056 2.696781164920003e-08
49200.056 4.7029007368005577e-08
49250.056 5.048786088300067e-08
49300.056 3.89449832589975e-08
49350.056 1.3086276008660478e-08
49400.056 1.978961649374546e-08
49450.056 1.6314100124903573e-08
49500.056 1.2773263280407596e-08
49550.056 1.900697575013011e-09
49600.056 6.2480449477932445e-09
49650.056 2.166654854020212e-08
49700.056 2.7660067773995482e-08
49750.056 2.2647938471339268e-08
49800.056 1.2213558447668003e-08
49850.056 3.3074289024604056e-08
49900.056 3.2965739068998766e-08
49950.056 3.100961277899936e-08
50000.056 1.8321677248656147e-08
50050.056 2.269419549460212e-08
50100.056 1.885549850579878e-08
50150.056 6.776765732048641e-09
50200.056 8.543741500344252e-10
50250.056 6.5357254359999705e-09
50300.056 4.450270206249969e-09
50350.056 2.1454440851803185e-08
50400.056 2.7438120346497765e-08
50450.056 2.0216824465800982e-08
50500.056 3.365444996980118e-08
50550.056 3.269430896300121e-08
50600.056 2.0613163711443453e-08
50650.056 3.519662329100486e-08
50700.056 3.315507010499875e-08
50750.056 1.7802547006499825e-08
50800.056 4.4874813206651e-09
50850.056 1.8791206972409774e-09
50900.056 1.72066325276019e-08
50950.056 1.9306647844998105e-08
51000.056 1.2994448318629088e-08
51050.056 2.3151748812297036e-08
51100.056 7.460072790900325e-09
51150.056 6.666365222647674e-09
51200.056 2.8006385622000016e-08
51250.056 2.148016979699673e-08
51300.056 1.2820103378821915e-08
51350.056 1.0535992444696018e-08
51400.056 2.3814433325895544e-09
51450.056 2.0396572261173265e-09
51500.056 1.9224622354127823e-09
51550.056 9.441048666001986e-09
51600.056 1.0733837155701732e-08
51650.056 1.6022514947699813e-08
51700.056 1.4402598754163667e-08
51750.056 9.449180855252062e-09
51800.056 2.0562844787998543e-08
51850.056 1.555146475649924e-08
51900.056 1.5431075243500527e-08
51950.056 7.102561598798821e-09
52000.056 5.175971302838088e-10
52050.056 3.4063265831003633e-09
52100.056 1.6382324663096233e-09
52150.056 8.636484600793193e-10
52200.056 4.276408277149907e-09
52250.056 8.167332661881562e-09
52300.056 9.335398591999231e-09
52350.056 1.9165121340727617e-09
52400.056 2.2577363115879965e-09
52450.056 1.2150154504501323e-08
52500.056 8.434122542652543e-09
52550.056 1.2571940689299313e-08
52600.056 1.0171307703480863e-08
52650.056 1.2575688584800275e-08
52700.056 7.153443489799562e-09
52750.056 2.0136180439252337e-09
52800.056 4.3848641147208575e-09
52850.056 5.469685405878646e-09
52900.056 1.5127780428470967e-09
52950.056 3.026158443110565e-09
53000.056 7.470662544000658e-09
53050.056 2.337155439799545e-09
53100.056 1.1428951697800746e-08
53150.056 1.1425719418500029e-08
53200.056 4.637214918589867e-09
53250.056 9.352665915999765e-09
53300.056 1.0575456290732166e-08
53350.056 8.468689266800183e-09
53400.056 4.9572539152991745e-09
53450.056 1.2388806941595722e-09
53500.056 2.1211586313593722e-10
