galfind/configs/Brown_Dwarf_templates/sonora_bobcat/m+0.5/1000g/sp_t850g1000nc_m+0.5_resample.dat
# %ECSV 1.0
# ---
# datatype:
# - {name: wav, unit: Angstrom, datatype: float64}
# - {name: flux_nu, unit: erg / (cm2 Hz s), datatype: float64}
# meta: {C/O: '1.00', Kzz: '1.0000E+05', Teff: '850.', Y: '0.28', '[Fe/H]': '0.50', f_hole: '1.00', f_rain: '0.00', grav: '1000.'}
# schema: astropy-2.0
wav flux_nu
4000.0559999999996 nan
4050.0559999999996 3.4901938042443e-14
4100.056 4.380878303230065e-12
4150.056 2.9936813706000466e-11
4200.056 2.57597239155086e-11
4250.056 1.0332022312400101e-10
4300.056 1.6049281771100382e-10
4350.056 1.9952954353000125e-10
4400.056 2.486309575200012e-10
4450.056 3.147856491000033e-10
4500.056 3.284325236400046e-10
4550.056 3.236924533249948e-10
4600.056 1.3096378629099923e-10
4650.056 8.363878077499949e-11
4700.056 4.5292067249999647e-11
4750.056 1.3555306628499811e-11
4800.056 3.1120640638999603e-12
4850.056 8.546788639699911e-13
4900.056 4.1172957158999756e-13
4950.056 2.415060375799986e-13
5000.056 1.309460104509991e-13
5050.056 8.016094422599994e-14
5100.056 7.556395819899999e-14
5150.056 7.480850653900001e-14
5200.056 7.415719620499997e-14
5250.056 7.265600742899996e-14
5300.056 7.110680815199997e-14
5350.056 7.0202528427e-14
5400.056 6.979647141799998e-14
5450.056 6.9403554541e-14
5500.056 6.887181522500012e-14
5550.056 6.811533122600002e-14
5600.056 6.686024862499989e-14
5650.056 6.463993446799993e-14
5700.056 6.109711359299997e-14
5750.056 5.5271310340999905e-14
5800.056 4.6665500963999885e-14
5850.056 3.215988390799964e-14
5900.056 1.0810593853370967e-14
5950.056 6.188492322600142e-14
6000.056 1.3043312154999987e-13
6050.056 2.3989448738000324e-13
6100.056 4.0723195932000324e-13
6150.056 6.586501315900047e-13
6200.056 1.031956520210006e-12
6250.056 1.5728212260000091e-12
6300.056 2.3491423106000133e-12
6350.056 3.4436145894000205e-12
6400.056 4.963187550000027e-12
6450.056 7.028687418699998e-12
6500.056 9.80129086230003e-12
6550.056 1.3468311320000068e-11
6600.056 1.828514757000016e-11
6650.056 2.4507049947000116e-11
6700.056 3.0252525578000346e-11
6750.056 4.1440109827000144e-11
6800.056 5.0725557531000125e-11
6850.056 5.599831856500004e-11
6900.056 5.4085699176000223e-11
6950.056 4.968743536799989e-11
7000.056 4.9886914981000306e-11
7050.056 5.3903201872999596e-11
7100.056 5.876268018199994e-11
7150.056 6.039508070299934e-11
7200.056 5.998558001080105e-11
7250.056 5.840790980099758e-11
7300.056 5.406350803000063e-11
7350.056 4.9680496134999384e-11
7400.056 4.505621553900059e-11
7450.056 3.976935500800037e-11
7500.056 3.406577626499983e-11
7550.056 2.805482197699983e-11
7600.056 2.2554641831999866e-11
7650.056 7.587626493638734e-12
7700.056 5.982984820616205e-12
7750.056 2.1941913879000327e-11
7800.056 3.6117816634600254e-11
7850.056 6.57513984820005e-11
7900.056 9.955443957000037e-11
7950.056 1.202386405256013e-10
8000.056 2.0563268874000197e-10
8050.056 2.7940192827000345e-10
8100.056 3.563345715299982e-10
8150.056 4.446734521239988e-10
8200.056 5.886797248480219e-10
8250.056 7.167299930630063e-10
8300.056 8.883227818870606e-10
8350.056 1.0719397648199656e-09
8400.056 1.2942547060199686e-09
8450.056 1.5836014710599798e-09
8500.056 1.740841131375919e-09
8550.056 2.2069186117300485e-09
8600.056 2.7032256899000237e-09
8650.056 3.184981173200036e-09
8700.056 3.6812289467000363e-09
8750.056 4.268824471800024e-09
8800.056 4.869907097000058e-09
8850.056 5.315119167399992e-09
8900.056 4.764142867599796e-09
8950.056 4.5817082378420395e-09
9000.056 5.477477800249412e-09
9050.056 7.867848422610047e-09
9100.056 8.879758119631269e-09
9150.056 9.587694543110605e-09
9200.056 1.1242066062019157e-08
9250.056 1.1305865614442114e-08
9300.056 5.5616167228340535e-09
9350.056 6.9871441099150074e-09
9400.056 1.049526100417174e-08
9450.056 1.1586667931229757e-08
9500.056 1.1194822520390675e-08
9550.056 1.2434420154066926e-08
9600.056 1.2807854784101089e-08
9650.056 1.502756983779821e-08
9700.056 1.929403056969411e-08
9750.056 2.0641918929762133e-08
9800.056 2.3441564846406784e-08
9850.056 2.6648873661339984e-08
9900.056 3.210372552879912e-08
9950.056 3.4776022045700075e-08
10000.056 3.6476293601998544e-08
10050.056 4.4918218691000143e-08
10100.056 5.1558088609999504e-08
10150.056 5.8065383928998615e-08
10200.056 6.475202818800115e-08
10250.056 7.231246480400098e-08
10300.056 8.200752557699849e-08
10350.056 8.992768669600058e-08
10400.056 9.991324531100001e-08
10450.056 1.0831723897299747e-07
10500.056 1.1683288979000068e-07
10550.056 1.2584025080400047e-07
10600.056 1.3250328068499858e-07
10650.056 1.4013090847000282e-07
10700.056 1.4470887678700282e-07
10750.056 1.5133476296300278e-07
10800.056 1.5521409938100274e-07
10850.056 1.5319799016599965e-07
10900.056 1.26681114174998e-07
10950.056 7.917393282400216e-08
11000.056 6.158532233775016e-08
11050.056 4.4675706980363154e-08
11100.056 3.28361807942283e-08
11150.056 2.2031651836272297e-08
11200.056 2.2945882234483507e-08
11250.056 2.856634853904503e-08
11300.056 2.985609107637072e-08
11350.056 1.4420016773736421e-08
11400.056 3.012276942638758e-08
11450.056 2.3809971841514035e-08
11500.056 2.3574924237866535e-08
11550.056 1.2422426144637009e-08
11600.056 1.2794932064969101e-08
11650.056 1.959484741856979e-08
11700.056 2.0239627380588918e-08
11750.056 1.0162884316174158e-08
11800.056 2.615325568226979e-08
11850.056 4.051245680392112e-08
11900.056 4.931790893019593e-08
11950.056 7.07638505014152e-08
12000.056 9.126021328459913e-08
12050.056 1.1668770086241398e-07
12100.056 1.4412843625269325e-07
12150.056 1.758630000389945e-07
12200.056 2.0645548229198865e-07
12250.056 2.4109140200498527e-07
12300.056 2.8189918947401263e-07
12350.056 2.960474534010013e-07
12400.056 3.208167586999913e-07
12450.056 3.142753879800088e-07
12500.056 3.271185168300023e-07
12550.056 3.614000625300147e-07
12600.056 4.542363127500106e-07
12650.056 4.571771449500023e-07
12700.056 4.584737083400246e-07
12750.056 4.2937242660401565e-07
12800.056 4.187510502799996e-07
12850.056 3.388341889637156e-07
12900.056 2.9241484948291537e-07
12950.056 2.7760955176841635e-07
13000.056 2.695308079834964e-07
13050.056 2.319650802302627e-07
13100.056 2.1415169276152568e-07
13150.056 1.6883942876376393e-07
13200.056 1.4636170047880273e-07
13250.056 1.0635531800231468e-07
13300.056 5.265017015752776e-08
13350.056 1.7062858130930356e-08
13400.056 9.40138145140197e-09
13450.056 5.016590726216559e-09
13500.056 3.0025111198206038e-09
13550.056 1.957816736582566e-09
13600.056 1.0373396403401726e-09
13650.056 2.9868016526945365e-09
13700.056 2.1311673646679097e-09
13750.056 2.8479789244822474e-09
13800.056 3.362499216500289e-09
13850.056 2.4303843343749604e-09
13900.056 2.5676331324290145e-09
13950.056 2.4040259074703185e-09
14000.056 2.369438839109582e-09
14050.056 3.0584336073400724e-09
14100.056 2.621615849237605e-09
14150.056 3.956517181221566e-09
14200.056 2.984749403419805e-09
14250.056 3.2354396069327124e-09
14300.056 5.9778787217092485e-09
14350.056 5.9656657548741845e-09
14400.056 6.52071246343606e-09
14450.056 7.828068527197251e-09
14500.056 1.4050987904799114e-08
14550.056 1.553205626881716e-08
14600.056 2.1515060315085748e-08
14650.056 2.106970951399799e-08
14700.056 1.6120827270198332e-08
14750.056 1.98423379486113e-08
14800.056 2.6146367194787696e-08
14850.056 2.7937733854772756e-08
14900.056 2.9591299487524083e-08
14950.056 3.4244957244516094e-08
15000.056 4.1452286606728586e-08
15050.056 4.750426560317297e-08
15100.056 5.247712150959923e-08
15150.056 5.8249822729663455e-08
15200.056 6.14311056478277e-08
15250.056 8.290688041245215e-08
15300.056 9.454836918918384e-08
15350.056 1.1209231586199614e-07
15400.056 1.2882162614841974e-07
15450.056 1.460896214583133e-07
15500.056 1.566058602579876e-07
15550.056 1.830237721760034e-07
15600.056 1.9617926700100092e-07
15650.056 2.10663889119009e-07
15700.056 2.4256157198702415e-07
15750.056 2.590186061489947e-07
15800.056 2.5816102188201014e-07
15850.056 2.7613740019500284e-07
15900.056 2.563622442200064e-07
15950.056 2.40009694349981e-07
16000.056 1.9712780411600605e-07
16050.056 1.3738192084299483e-07
16100.056 9.940167000609145e-08
16150.056 6.651553331440873e-08
16200.056 4.365230213582833e-08
16250.056 3.6886500294948854e-08
16300.056 2.9136566590918744e-08
16350.056 3.359906964031606e-08
16400.056 4.07753788554153e-08
16450.056 4.34318579951066e-08
16500.056 4.782772038944323e-08
16550.056 4.6421531796672256e-08
16600.056 4.791199067569683e-08
16650.056 3.578964562156439e-08
16700.056 1.0893168989755148e-08
16750.056 1.848129268506428e-08
16800.056 3.1389744418770286e-08
16850.056 3.4331841598790975e-08
16900.056 2.6784311326436565e-08
16950.056 2.1043422296259058e-08
17000.056 1.524153267127255e-08
17050.056 2.4868951901094412e-08
17100.056 3.293013869251993e-08
17150.056 2.430204808069857e-08
17200.056 4.056953900964455e-08
17250.056 3.315141645229158e-08
17300.056 2.528968122344616e-08
17350.056 2.298355129284947e-08
17400.056 2.7248309594373137e-08
17450.056 3.0848646899916735e-08
17500.056 3.602386724835082e-08
17550.056 3.250398224596185e-08
17600.056 2.7768200496352048e-08
17650.056 2.701740285396736e-08
17700.056 2.0263811509820675e-08
17750.056 1.8493910835464004e-08
17800.056 2.7257014923978686e-08
17850.056 1.739223648233224e-08
17900.056 1.6474093456570193e-08
17950.056 1.2925127170478643e-08
18000.056 1.6416468772862735e-08
18050.056 1.3844585603656682e-08
18100.056 1.5445694608686164e-08
18150.056 1.9243593919410503e-08
18200.056 1.1655845108305236e-08
18250.056 2.741995941640398e-08
18300.056 1.4453058058884644e-08
18350.056 1.2223900354124211e-08
18400.056 1.1386980699028189e-08
18450.056 1.6820116556254138e-08
18500.056 1.7767926426325493e-08
18550.056 1.3315330021648106e-08
18600.056 1.1630311175334082e-08
18650.056 1.0657950742607479e-08
18700.056 8.74778879955747e-09
18750.056 1.3585606183598737e-08
18800.056 2.7149613654101203e-08
18850.056 3.0537683376517256e-08
18900.056 2.7228307438315574e-08
18950.056 4.7321450549875745e-08
19000.056 2.7848140444499207e-08
19050.056 2.0329179651502717e-08
19100.056 3.754948351122845e-08
19150.056 2.42429224323839e-08
19200.056 3.455099370352606e-08
19250.056 2.363978477675595e-08
19300.056 2.0099741980755165e-08
19350.056 1.7470221027355218e-08
19400.056 1.2511931868899191e-08
19450.056 2.3312983374937476e-08
19500.056 2.3634091938657293e-08
19550.056 1.6819180470363637e-08
19600.056 2.3945612661782504e-08
19650.056 2.8796734208285644e-08
19700.056 2.8929153904253702e-08
19750.056 3.5346618355954144e-08
19800.056 3.504192898613908e-08
19850.056 4.765077233901815e-08
19900.056 3.792098820520717e-08
19950.056 6.215999179052133e-08
20000.056 5.8494913426044805e-08
20050.056 6.429777945457568e-08
20100.056 7.865159042095378e-08
20150.056 7.450924577542822e-08
20200.056 8.370987137960897e-08
20250.056 1.0408809408094021e-07
20300.056 1.0454207504340066e-07
20350.056 1.231213390390567e-07
20400.056 1.1759784141728425e-07
20450.056 1.4639754281179417e-07
20500.056 1.6333044786144408e-07
20550.056 1.617852698020228e-07
20600.056 1.8946309962312865e-07
20650.056 1.920938043740073e-07
20700.056 1.9803599074041763e-07
20750.056 2.0874944944228453e-07
20800.056 2.1675859056797144e-07
20850.056 2.1088137174799777e-07
20900.056 2.2392178979396087e-07
20950.056 2.14220220906008e-07
21000.056 2.0839836157602001e-07
21050.056 2.0471495884598527e-07
21100.056 1.9240715101100907e-07
21150.056 1.942344201041608e-07
21200.056 1.7696945184201014e-07
21250.056 1.667346685945672e-07
21300.056 1.4009098223869848e-07
21350.056 1.3998252796432204e-07
21400.056 1.2895425604032886e-07
21450.056 1.169338232889865e-07
21500.056 1.0506225642188008e-07
21550.056 9.538155545188351e-08
21600.056 8.244911016178946e-08
21650.056 6.974182402123648e-08
21700.056 6.884409817650482e-08
21750.056 5.9145178078069255e-08
21800.056 4.789633896651172e-08
21850.056 4.1724410184996974e-08
21900.056 2.98482006812982e-08
21950.056 1.74582130924882e-08
22000.056 6.505644262554966e-09
22050.056 5.226343246517951e-09
22100.056 1.017757641147018e-08
22150.056 1.2658948860075628e-08
22200.056 1.4419173900526802e-08
22250.056 1.2242086485183912e-08
22300.056 9.188807374718333e-09
22350.056 9.243201806770316e-09
22400.056 6.282163063978888e-09
22450.056 5.881524954859573e-09
22500.056 5.611769486182255e-09
22550.056 4.440533623010257e-09
22600.056 4.507761455253838e-09
22650.056 5.448473035343908e-09
22700.056 4.470376254515537e-09
22750.056 4.6372086868105406e-09
22800.056 4.5148937107641404e-09
22850.056 3.857619045533847e-09
22900.056 3.365544962888454e-09
22950.056 3.129813697880028e-09
23000.056 4.115621828832931e-09
23050.056 5.312195113368811e-09
23100.056 1.115437252662219e-08
23150.056 1.1957744223761846e-08
23200.056 2.1609011344542933e-09
23250.056 3.5530982208599514e-09
23300.056 3.2357222741453127e-09
23350.056 3.358401421447457e-09
23400.056 3.5832180018534406e-09
23450.056 3.171741611089408e-09
23500.056 3.5197582785099798e-09
23550.056 4.620832278783091e-09
23600.056 5.71337472893734e-09
23650.056 7.671191925088669e-09
23700.056 3.823729320297679e-09
23750.056 3.205782149654455e-09
23800.056 4.5761009533361284e-09
23850.056 4.856502364236951e-09
23900.056 7.915243714257943e-09
23950.056 7.725763150511182e-09
24000.056 9.564421064169088e-09
24050.056 1.1311519997974238e-08
24100.056 1.0409096411986769e-08
24150.056 1.2866792395802113e-08
24200.056 1.2050710066976657e-08
24250.056 1.0064793605490267e-08
24300.056 1.331477915864138e-08
24350.056 1.113225040962492e-08
24400.056 1.615389784872085e-08
24450.056 1.5539441736065284e-08
24500.056 1.5525749735130696e-08
24550.056 1.9656114624386278e-08
24600.056 1.975500879770671e-08
24650.056 2.5607220169232805e-08
24700.056 1.75458352145638e-08
24750.056 2.018376511192867e-08
24800.056 1.9972554573663204e-08
24850.056 2.8498988883300108e-08
24900.056 1.5490449175346755e-08
24950.056 2.7815318888500593e-08
25000.056 2.423992095651645e-08
25050.056 1.6486709781491e-08
25100.056 2.3686440455055314e-08
25150.056 1.5243765635336506e-08
25200.056 2.0033354706022947e-08
25250.056 1.2074393185414126e-08
25300.056 1.7958420638300186e-08
25350.056 1.0274996572455284e-08
25400.056 1.95273025584948e-08
25450.056 1.0062039650698698e-08
25500.056 1.0074657070446e-08
25550.056 1.2215310073780969e-08
25600.056 1.0358870869266606e-08
25650.056 6.8758539033504475e-09
25700.056 1.2802067775003932e-08
25750.056 5.445409992134404e-09
25800.056 1.4295984114350976e-08
25850.056 6.0021131487662885e-09
25900.056 8.553054739162879e-09
25950.056 4.504512757309795e-09
26000.056 1.4701155935825704e-08
26050.056 6.962721592974008e-09
26100.056 1.3880829398249774e-08
26150.056 1.004247672887441e-08
26200.056 1.1295800964121034e-08
26250.056 2.2098334518832622e-08
26300.056 1.262619862136254e-08
26350.056 2.6603154177318168e-08
26400.056 2.666597469454919e-08
26450.056 2.606172827288814e-08
26500.056 3.1117994877416945e-08
26550.056 1.4352777629911764e-08
26600.056 2.0439983293558532e-08
26650.056 8.183445478665815e-09
26700.056 7.28877771379665e-09
26750.056 5.282216929702002e-09
26800.056 9.251585211410016e-09
26850.056 5.353681888847212e-09
26900.056 1.3390772180544815e-08
26950.056 6.738723505851359e-09
27000.056 1.8521761250947224e-08
27050.056 1.5205134674778103e-08
27100.056 9.460221041717636e-09
27150.056 2.1588431483969364e-08
27200.056 1.0096011077919388e-08
27250.056 1.4390689348869804e-08
27300.056 3.6304069019154364e-08
27350.056 2.4057687475812095e-08
27400.056 5.910709069322403e-09
27450.056 2.970045877977997e-08
27500.056 3.0609879635060264e-08
27550.056 1.1397462829168994e-08
27600.056 2.2141414115579322e-08
27650.056 1.012660219201724e-08
27700.056 8.114591084918523e-09
27750.056 2.4268062223202574e-08
27800.056 1.0480373131497223e-08
27850.056 1.3251616117288272e-08
27900.056 1.4313728961229234e-08
27950.056 2.7037677455862458e-08
28000.056 2.0564858588376647e-08
28050.056 6.890123159530419e-09
28100.056 2.6560150877451306e-08
28150.056 1.663063679639462e-08
28200.056 8.309377318056342e-09
28250.056 2.7830215066314822e-08
28300.056 3.309119091666461e-08
28350.056 1.102327410214073e-08
28400.056 2.119505105199485e-08
28450.056 3.0613659900179824e-08
28500.056 2.2165523645974257e-08
28550.056 8.45713612489744e-09
28600.056 3.265720660640392e-08
28650.056 2.7110842410048818e-08
28700.056 2.4911032954981378e-08
28750.056 3.752136566019989e-08
28800.056 2.888673929978048e-08
