galfind/configs/Brown_Dwarf_templates/sonora_bobcat/m+0.5/1000g/sp_t500g1000nc_m+0.5_resample.dat
# %ECSV 1.0
# ---
# datatype:
# - {name: wav, unit: Angstrom, datatype: float64}
# - {name: flux_nu, unit: erg / (cm2 Hz s), datatype: float64}
# meta: {C/O: '1.00', Kzz: '1.0000E+05', Teff: '500.', Y: '0.28', '[Fe/H]': '0.50', f_hole: '1.00', f_rain: '0.00', grav: '1000.'}
# schema: astropy-2.0
wav flux_nu
[from data line 499]
28950.056 5.288926575502406e-10
29000.056 3.930465469195134e-10
29050.056 5.835424382306771e-10
29100.056 3.035042486817266e-10
29150.056 4.981447834385604e-10
29200.056 7.128971276726481e-10
29250.056 9.110057714344678e-10
29300.056 4.701274107256762e-10
29350.056 1.412948029173655e-09
29400.056 5.282058439918538e-10
29450.056 4.322050981862473e-10
29500.056 1.2056290272209218e-09
29550.056 4.788924296879249e-10
29600.056 6.731789895951944e-10
29650.056 1.7738111415967932e-09
29700.056 4.494172092440161e-10
29750.056 1.2397659688767534e-09
29800.056 1.0118491959461633e-09
29850.056 1.5372855584470592e-09
29900.056 8.64360659154295e-10
29950.056 9.590497319714416e-10
30000.056 2.5032585829679896e-11
30050.056 1.1811499822939835e-10
30100.056 3.959529440287117e-10
30150.056 1.401253181966748e-09
30200.056 9.92178471852417e-10
30250.056 2.012500035994756e-09
30300.056 2.4067166506212903e-09
30350.056 7.198338500577666e-10
30400.056 2.541965126676877e-09
30450.056 1.5536356913093749e-09
30500.056 1.2841120150778871e-09
30550.056 9.92885080114502e-10
30600.056 4.690323510678304e-09
30650.056 2.007440030858594e-09
30700.056 1.4747018988873714e-09
30750.056 2.6046810132526705e-09
30800.056 2.0050225081760188e-09
30850.056 2.221821491036081e-09
30900.056 1.2779519160163792e-09
30950.056 1.1488802052574085e-09
31000.056 1.3034498514113792e-09
31050.056 1.1469767248016918e-09
31100.056 6.57982331246801e-10
31150.056 1.231330254211184e-09
31200.056 2.8033933212029296e-09
31250.056 1.4009032265358386e-09
31300.056 9.9398645511425e-10
31350.056 1.8137009604999471e-09
31400.056 1.2288033380503501e-09
31450.056 1.369195538290756e-09
31500.056 5.092892295222085e-10
31550.056 8.85888597568645e-10
31600.056 6.031123790277223e-10
31650.056 5.130484634164757e-10
31700.056 5.141445808031538e-10
31750.056 2.5447672878979066e-10
31800.056 5.466245681381217e-10
31850.056 1.1899651665831873e-10
31900.056 2.7724133723717926e-10
31950.056 1.5346534056827578e-10
32000.056 1.499699856123919e-10
32050.056 2.00423775256685e-10
32100.056 1.6124421465430443e-10
32150.056 1.9645818547082267e-10
32200.056 9.90791038100177e-11
32250.056 2.536217757233341e-10
32300.056 7.849901958432688e-11
32350.056 2.559682513608461e-10
32400.056 5.139699965512266e-11
32450.056 2.0656779661477274e-10
32500.056 6.777531233721737e-11
32550.056 1.6734609452243195e-10
32600.056 8.586829029082143e-11
32650.056 3.763472403727601e-10
32700.056 1.279247826743608e-10
32750.056 6.947639659853067e-10
32800.056 4.70889262257471e-10
32850.056 1.132466309899039e-09
32900.056 1.0384004627334781e-09
32950.056 1.078870615349943e-09
33000.056 4.2324998372865033e-10
33050.056 5.492694568377166e-10
33100.056 1.288818808948825e-10
33150.056 1.3122134843573925e-13
33200.056 3.784887606749253e-12
33250.056 5.2786697202204474e-12
33300.056 3.292556761785005e-11
33350.056 1.0958234575869761e-10
33400.056 3.463232003044029e-10
33450.056 2.539611064218494e-10
33500.056 8.595072124726025e-10
33550.056 2.0959850281265018e-10
33600.056 5.351982845230957e-10
33650.056 4.95890550919904e-10
33700.056 1.9327004481034702e-10
33750.056 6.988182947958343e-10
33800.056 8.524846948129259e-11
33850.056 3.4826869927976875e-10
33900.056 3.726758285876452e-10
33950.056 2.9082951741362584e-10
34000.056 6.24123383706065e-10
34050.056 1.0683434321016585e-10
34100.056 5.629554434972925e-10
34150.056 2.3258423071886458e-10
34200.056 5.992446931905303e-10
34250.056 3.979086454357764e-10
34300.056 3.6380788613874615e-10
34350.056 7.75454320868658e-10
34400.056 2.4223364530375e-10
34450.056 7.83450639132044e-10
34500.056 4.247873672696033e-10
34550.056 2.669334290587403e-10
34600.056 1.247385321077169e-09
34650.056 2.2064638927191602e-10
34700.056 8.872600070449504e-10
34750.056 5.682445279164489e-10
34800.056 4.443680547289126e-10
34850.056 1.4631085586449199e-09
34900.056 3.988685886653157e-10
34950.056 1.2519573874355776e-09
35000.056 2.2745027459381937e-09
35050.056 9.78838601709679e-10
35100.056 2.4250191529362787e-09
35150.056 2.082786814126552e-09
35200.056 1.5589106210996392e-09
35250.056 2.9621957428218154e-09
35300.056 1.1289799188545468e-09
35350.056 1.659184896542368e-09
35400.056 1.4111208470231007e-09
35450.056 1.1116291925958168e-09
35500.056 3.792378820709357e-09
35550.056 2.1984873322682734e-09
35600.056 2.5630688956164494e-09
35650.056 2.8274715463734037e-09
35700.056 2.737424995299842e-09
35750.056 4.273648378271665e-09
35800.056 3.6392674436334315e-09
35850.056 1.5560914263893902e-09
35900.056 2.2693900842861605e-09
35950.056 3.083186602143939e-09
36000.056 3.222458908354524e-09
36050.056 2.4117848298499667e-09
36100.056 2.199093560247823e-09
36150.056 4.697239343267994e-09
36200.056 5.2658699825429865e-09
36250.056 3.5401247186206403e-09
36300.056 7.810767254047265e-09
36350.056 4.7415884473693695e-09
36400.056 7.198314499977018e-09
36450.056 6.563641921296477e-09
36500.056 7.376703866795724e-09
36550.056 1.0596279055377304e-08
36600.056 1.1548381474036046e-08
36650.056 8.385461082647018e-09
36700.056 8.603189834748883e-09
36750.056 1.133770017270502e-08
36800.056 1.3213640706051268e-08
36850.056 7.721524118490718e-09
36900.056 1.1501346193425594e-08
36950.056 1.3259106365597623e-08
37000.056 9.283766471034594e-09
37050.056 1.4575753927485733e-08
37100.056 9.440226423303193e-09
37150.056 1.0590298016875578e-08
37200.056 1.6754912743696733e-08
37250.056 1.037251465822594e-08
37300.056 7.961924864724014e-09
37350.056 1.345831066022082e-08
37400.056 2.0362188841808657e-08
37450.056 8.632764240247543e-09
37500.056 1.169175660803585e-08
37550.056 2.1873952503608937e-08
37600.056 3.0564453600805754e-08
37650.056 1.0351445026841854e-08
37700.056 1.9682194995801605e-08
37750.056 1.346452809934273e-08
37800.056 1.4237012859428116e-08
37850.056 7.96347426825029e-09
37900.056 9.866535072452348e-09
37950.056 1.807454896889744e-08
38000.056 1.680118125734417e-08
38050.056 2.2635031341447535e-08
38100.056 2.8319467615473833e-08
38150.056 2.9781874437558322e-08
38200.056 2.4946302841246866e-08
38250.056 2.6521401742520664e-08
38300.056 4.086104111258781e-08
38350.056 3.8389293901613055e-08
38400.056 1.7838160864662107e-08
38450.056 9.70732556198866e-09
38500.056 6.691446480567115e-09
38550.056 1.971226008450537e-08
38600.056 2.0340272302695455e-08
38650.056 2.37042349207759e-08
38700.056 2.15902561999958e-08
38750.056 2.1302726754901813e-08
38800.056 2.1354598327879498e-08
38850.056 2.4262492003762137e-08
38900.056 3.0865317660863944e-08
38950.056 1.9133459609899467e-08
39000.056 2.870659895684266e-08
39050.056 2.0049071675513053e-08
39100.056 2.719877172044687e-08
39150.056 3.585159004055072e-08
39200.056 2.5459715146595145e-08
39250.056 3.840140351962083e-08
39300.056 2.8218984230416673e-08
39350.056 4.580451515789942e-08
39400.056 2.9032926080661626e-08
39450.056 3.892222176831796e-08
39500.056 4.1309752531204766e-08
39550.056 2.2248259002232853e-08
39600.056 3.8246175020942244e-08
39650.056 5.050846077599601e-08
39700.056 4.509630008330603e-08
39750.056 2.388132107093966e-08
39800.056 2.814906669164971e-08
39850.056 5.618390777400423e-08
39900.056 6.044781534300302e-08
39950.056 3.156931748187673e-08
40000.056 5.181473460180005e-08
40050.056 5.3631387921599104e-08
40100.056 2.269167301132908e-08
40150.056 5.015490566450285e-08
40200.056 5.351424083078841e-08
40250.056 5.879435308298627e-08
40300.056 5.831774295100591e-08
40350.056 3.814873924216131e-08
40400.056 5.595267050288103e-08
40450.056 3.03647396492892e-08
40500.056 6.214654070879755e-08
40550.056 6.634039700065577e-08
40600.056 5.6118367820001884e-08
40650.056 4.604087530113975e-08
40700.056 8.570496114999366e-08
40750.056 5.6410634474588594e-08
40800.056 3.557677455408779e-08
40850.056 9.21901562540177e-08
40900.056 7.959767854799271e-08
40950.056 6.444774418083033e-08
41000.056 5.56864666961937e-08
41050.056 9.69724210609835e-08
41100.056 8.07598045805967e-08
41150.056 3.6170657607293096e-08
41200.056 9.333353336400949e-08
41250.056 7.819191332798891e-08
41300.056 7.790058768000262e-08
41350.056 1.009487735709957e-07
41400.056 8.376802899100268e-08
41450.056 1.0679210851198863e-07
41500.056 6.819656156157606e-08
41550.056 6.257300222202021e-08
41600.056 7.210937431168387e-08
41650.056 9.225640224100769e-08
41700.056 1.0569686957398053e-07
41750.056 8.532766750299108e-08
41800.056 9.719619278101787e-08
41850.056 7.870797118318823e-08
41900.056 7.492309563248091e-08
41950.056 8.252326353700171e-08
42000.056 5.7404051083054746e-08
42050.056 5.914313448868271e-08
42100.056 8.069448893069473e-08
42150.056 6.964448498190076e-08
42200.056 7.287112598449372e-08
42250.056 6.652090277210828e-08
42300.056 6.058396509379769e-08
42350.056 8.990605374100687e-08
42400.056 1.009807744840079e-07
42450.056 9.015540077401794e-08
42500.056 9.10357993219933e-08
42550.056 7.814763166699009e-08
42600.056 8.817811484752941e-08
42650.056 1.3142204253597314e-07
42700.056 6.830849994657442e-08
42750.056 8.06558902940135e-08
42800.056 1.118138516540093e-07
42850.056 1.2255197696497153e-07
42900.056 1.3322235427501644e-07
42950.056 9.752674920799033e-08
43000.056 1.1466094895700323e-07
43050.056 5.79201456508082e-08
43100.056 9.728319109999241e-08
43150.056 7.839714012800701e-08
43200.056 1.1081520861400942e-07
43250.056 1.5881996477001027e-07
43300.056 1.4391353887300218e-07
43350.056 7.247572699498371e-08
43400.056 1.0932529137100651e-07
43450.056 7.455480353500733e-08
43500.056 7.962523133501497e-08
43550.056 8.424692106300728e-08
43600.056 1.3034404114201189e-07
43650.056 7.667899007229896e-08
43700.056 1.513655932090245e-07
43750.056 1.3061434505999517e-07
43800.056 1.1682668706899205e-07
43850.056 1.0572263153801326e-07
43900.056 8.653714684599011e-08
43950.056 5.8624338875993485e-08
44000.056 5.5593966420198854e-08
44050.056 1.3260176265300506e-07
44100.056 1.8541498329900233e-07
44150.056 1.697214802709935e-07
44200.056 1.473563407990027e-07
44250.056 8.000968291099441e-08
44300.056 6.159368349770939e-08
44350.056 7.134909658301375e-08
44400.056 6.691183369679503e-08
44450.056 1.195061580010073e-07
44500.056 1.0430548623321675e-07
44550.056 1.540294290659908e-07
44600.056 1.3392496999730225e-07
44650.056 1.20880274468001e-07
44700.056 7.755869384699152e-08
44750.056 1.1515714947202168e-07
44800.056 8.199560947420819e-08
44850.056 1.2165295860900638e-07
44900.056 9.811044146659904e-08
44950.056 1.1419605195401036e-07
45000.056 1.344190163320042e-07
45050.056 1.22526831786988e-07
45100.056 1.1300019043400634e-07
45150.056 1.026521449289885e-07
45200.056 7.583859846600799e-08
45250.056 9.033013201218206e-08
45300.056 8.255308515161134e-08
45350.056 6.960087676341318e-08
45400.056 1.6862347924801932e-07
45450.056 1.42112289017014e-07
45500.056 1.727938574680123e-07
45550.056 1.8475862253196123e-07
45600.056 1.6161744270001995e-07
45650.056 1.309665553029993e-07
45700.056 8.127867099599455e-08
45750.056 7.22983812860042e-08
45800.056 1.850786181220092e-07
45850.056 1.5172436257899478e-07
45900.056 1.8198975324999315e-07
45950.056 1.47777659502995e-07
46000.056 1.7386968177351884e-07
46050.056 1.259783816130079e-07
46100.056 2.042445974099866e-07
46150.056 1.1365784071200193e-07
46200.056 9.774957943138613e-08
46250.056 3.970332745643611e-08
46300.056 1.180162525690041e-07
46350.056 1.252990822190143e-07
46400.056 1.1640086839100434e-07
46450.056 1.0194651959219776e-07
46500.056 1.154992127418227e-07
46550.056 6.255083621450289e-08
46600.056 9.111984109580609e-08
46650.056 1.4580093540400848e-07
46700.056 9.20898486789784e-08
46750.056 4.6449626102208345e-08
46800.056 3.151797322831853e-08
46850.056 1.378730665540201e-07
46900.056 1.4575588641399414e-07
46950.056 1.3998394747798695e-07
47000.056 1.3525662091001845e-07
47050.056 9.64841366335289e-08
47100.056 6.656520671980539e-08
47150.056 1.0969379234621565e-07
47200.056 1.2618128667499345e-07
47250.056 6.469402204839009e-08
47300.056 4.3034559783339236e-08
47350.056 1.4195682384400644e-07
47400.056 1.2851374724698974e-07
47450.056 9.919466537781289e-08
47500.056 1.557526547499904e-07
47550.056 1.289997628200058e-07
47600.056 1.2299080838148703e-07
47650.056 1.2841891198979548e-07
47700.056 9.584221370162099e-08
47750.056 6.933966984200223e-08
47800.056 5.770901956900821e-08
47850.056 2.843379258796493e-08
47900.056 4.5066182099018026e-08
47950.056 1.0972176888800627e-07
48000.056 1.509806282100002e-07
48050.056 1.2255045111699628e-07
48100.056 4.9905834327763797e-08
48150.056 9.099762769900321e-08
48200.056 6.426608252245724e-08
48250.056 8.341553341200082e-08
48300.056 1.427887149199942e-07
48350.056 8.407704290399112e-08
48400.056 2.136616263658454e-08
48450.056 4.5360229075490674e-08
48500.056 7.694878494498173e-08
48550.056 8.701035715242938e-08
48600.056 1.1029754561200227e-07
48650.056 1.4428704495499447e-07
48700.056 9.310254330901341e-08
48750.056 5.9582520415017415e-08
48800.056 1.2064405892400662e-07
48850.056 6.358346596858926e-08
48900.056 8.609319000241198e-08
48950.056 4.710985501239912e-08
49000.056 2.4820172560244166e-08
49050.056 8.00576397261897e-08
49100.056 1.032374787474179e-07
49150.056 7.574054087708122e-08
49200.056 1.2016534506501804e-07
49250.056 1.2375366789700717e-07
49300.056 1.0033006307499672e-07
49350.056 3.993129815249948e-08
49400.056 6.052475439278523e-08
49450.056 5.7159901317613806e-08
49500.056 4.5773459483683804e-08
49550.056 1.0062809340930115e-08
49600.056 2.8922642195025067e-08
49650.056 6.538500534900139e-08
49700.056 7.389028654398052e-08
49750.056 7.577061814189748e-08
49800.056 4.698070307459656e-08
49850.056 9.892080492901293e-08
49900.056 8.422257767599489e-08
49950.056 8.021776780099927e-08
50000.056 6.210155267710765e-08
50050.056 7.653494760900264e-08
50100.056 6.034715524999674e-08
50150.056 2.78921354016949e-08
50200.056 5.295540135290387e-09
50250.056 3.227083456599914e-08
50300.056 2.1549191638533644e-08
50350.056 7.085479102001051e-08
50400.056 7.611974864879307e-08
50450.056 5.3823804309001493e-08
50500.056 8.860786977990472e-08
50550.056 7.946753342300383e-08
50600.056 5.55544340892827e-08
50650.056 9.161259442901513e-08
50700.056 9.318853421599437e-08
50750.056 5.66976119206031e-08
50800.056 1.9691550409932577e-08
50850.056 1.0869833995925158e-08
50900.056 6.608476893900339e-08
50950.056 5.91828597099959e-08
51000.056 4.77844698684152e-08
51050.056 6.871870873399023e-08
51100.056 2.480545577477155e-08
51150.056 2.868087423386549e-08
51200.056 8.784333291599676e-08
51250.056 6.161816488208878e-08
51300.056 3.9398393995210525e-08
51350.056 3.996498078700434e-08
51400.056 1.3767831046682655e-08
51450.056 1.07620139316454e-08
51500.056 9.900911895002013e-09
51550.056 3.835991027520618e-08
51600.056 3.2908161108506344e-08
51650.056 4.304397820699732e-08
51700.056 4.608492033247566e-08
51750.056 2.9757920214605434e-08
51800.056 5.6572724109991216e-08
51850.056 4.4734259833097795e-08
51900.056 5.815502246500154e-08
51950.056 3.289298516799601e-08
52000.056 3.3670622639906765e-09
52050.056 1.7250594514002293e-08
52100.056 9.978820853198305e-09
52150.056 5.810827659399514e-09
52200.056 1.7760473568999468e-08
52250.056 2.894578212440626e-08
52300.056 4.006123075899768e-08
52350.056 1.2271903161913193e-08
52400.056 1.295454386078989e-08
52450.056 4.6399501084005215e-08
52500.056 3.643445879930042e-08
52550.056 4.050153858199754e-08
52600.056 2.9844900619000886e-08
52650.056 3.5758628758902865e-08
52700.056 2.4324072046199198e-08
52750.056 9.995369677291162e-09
52800.056 1.7856499800702946e-08
52850.056 2.1416527086094034e-08
52900.056 9.588493123320939e-09
52950.056 1.559659583758202e-08
53000.056 2.8064332512003447e-08
53050.056 1.0740164798937035e-08
53100.056 3.567373773199993e-08
53150.056 3.821384932500239e-08
53200.056 1.567682623108898e-08
53250.056 3.3265952231901117e-08
53300.056 4.005522868338285e-08
53350.056 3.131000735040073e-08
53400.056 2.070222248199696e-08
53450.056 7.032821989087577e-09
53500.056 1.388271624891445e-09
53550.056 3.611546104822028e-09
53600.056 1.6268058825332717e-08
