galfind/configs/Brown_Dwarf_templates/sonora_bobcat/m+0.5/1000g/sp_t1800g1000nc_m+0.5_resample.dat
# %ECSV 1.0
# ---
# datatype:
# - {name: wav, unit: Angstrom, datatype: float64}
# - {name: flux_nu, unit: erg / (cm2 Hz s), datatype: float64}
# meta: {C/O: '1.00', Kzz: '1.0000E+05', Teff: '1800.', Y: '0.28', '[Fe/H]': '0.50', f_hole: '1.00', f_rain: '0.00', grav: '1000.'}
# schema: astropy-2.0
wav flux_nu
[from data line 497]
28850.056 1.0839283136101018e-06
28900.056 7.901729505890225e-07
28950.056 1.2105205294699594e-06
29000.056 9.97413345589771e-07
29050.056 1.063153695419964e-06
29100.056 8.441813675001404e-07
29150.056 1.1427063335101494e-06
29200.056 9.663741607701374e-07
29250.056 1.1156427478499848e-06
29300.056 8.852967100096731e-07
29350.056 1.3417146837698346e-06
29400.056 1.0451476055598631e-06
29450.056 1.0703359255899802e-06
29500.056 1.1089108475898904e-06
29550.056 1.0750784216000376e-06
29600.056 1.1902761806297345e-06
29650.056 1.1015007344499141e-06
29700.056 1.0168475526998375e-06
29750.056 1.2396332732004333e-06
29800.056 1.2803813746898368e-06
29850.056 1.1939359182298646e-06
29900.056 1.1023743617703687e-06
29950.056 1.3282048487797818e-06
30000.056 1.2938566179097812e-06
30050.056 1.1946819426599417e-06
30100.056 1.0335152832897164e-06
30150.056 1.5313902357799394e-06
30200.056 1.3180041097300923e-06
30250.056 1.3404804516402996e-06
30300.056 1.2765657058198315e-06
30350.056 1.2841604689401702e-06
30400.056 1.5750439254102741e-06
30450.056 1.220971869070134e-06
30500.056 1.13806505914012e-06
30550.056 1.5191770795702522e-06
30600.056 1.4714724753001654e-06
30650.056 1.520956231300031e-06
30700.056 1.3751672574298808e-06
30750.056 1.3620229879200121e-06
30800.056 1.6030535559002657e-06
30850.056 1.3547023366398855e-06
30900.056 1.3356160732298849e-06
30950.056 1.2697197787201788e-06
31000.056 1.5240407852899768e-06
31050.056 1.4063442292199813e-06
31100.056 1.304529016469912e-06
31150.056 1.4599521402896976e-06
31200.056 1.4464675379198843e-06
31250.056 1.561412277190137e-06
31300.056 1.408168863989849e-06
31350.056 1.3926169914799318e-06
31400.056 1.3400666529803539e-06
31450.056 1.397568268039953e-06
31500.056 1.404227369170012e-06
31550.056 1.3262691206299798e-06
31600.056 1.3291814753698967e-06
31650.056 1.4084476911199342e-06
31700.056 1.3596081836498975e-06
31750.056 1.253012465200217e-06
31800.056 1.4853965918199832e-06
31850.056 1.4977572975202128e-06
31900.056 1.636439230409934e-06
31950.056 1.1936683608099404e-06
32000.056 1.3155641555001059e-06
32050.056 1.5491552159901834e-06
32100.056 1.5553726736398157e-06
32150.056 1.6513451666299269e-06
32200.056 1.5531139078999557e-06
32250.056 1.5749273834402025e-06
32300.056 1.5277899014399848e-06
32350.056 1.8262975738903517e-06
32400.056 1.5173970124500034e-06
32450.056 1.6182174428299066e-06
32500.056 1.7371831043903136e-06
32550.056 1.987472815960041e-06
32600.056 1.9257193029998995e-06
32650.056 1.9386992909304597e-06
32700.056 1.8585690959702372e-06
32750.056 1.8775022706000248e-06
32800.056 1.7404331741101341e-06
32850.056 2.1276072065397343e-06
32900.056 2.118976892819994e-06
32950.056 1.803003084539869e-06
33000.056 1.9001362389101526e-06
33050.056 1.9133673113198467e-06
33100.056 1.8624140136696181e-06
33150.056 1.3861514312401284e-06
33200.056 1.0644573012197326e-06
33250.056 1.0024903142395385e-06
33300.056 9.343256937602151e-07
33350.056 1.040130049530076e-06
33400.056 1.0479658542498408e-06
33450.056 1.1884236011097758e-06
33500.056 1.5437264750902858e-06
33550.056 1.5106105737100128e-06
33600.056 1.7407065467102758e-06
33650.056 1.9507816704205195e-06
33700.056 1.9009583803498387e-06
33750.056 2.099866023199987e-06
33800.056 1.928396438099787e-06
33850.056 2.001990176750173e-06
33900.056 2.2127079973996497e-06
33950.056 1.991206846269912e-06
34000.056 2.026724486069562e-06
34050.056 1.9790618931296362e-06
34100.056 2.1680145099002514e-06
34150.056 2.0386821178594753e-06
34200.056 1.9481026539594997e-06
34250.056 2.228876153579757e-06
34300.056 1.902691362679086e-06
34350.056 1.9780929777600956e-06
34400.056 1.9202826152099856e-06
34450.056 1.9045267623900934e-06
34500.056 2.2079062051002595e-06
34550.056 1.88335246645987e-06
34600.056 2.131905974350032e-06
34650.056 2.1433834438701233e-06
34700.056 2.120602942679555e-06
34750.056 2.33935104146024e-06
34800.056 2.1884954964096404e-06
34850.056 2.045854969060128e-06
34900.056 2.12291625404027e-06
34950.056 2.0769917027595797e-06
35000.056 2.1732801278898268e-06
35050.056 2.4987070589805388e-06
35100.056 2.18343868163967e-06
35150.056 2.3416567439599745e-06
35200.056 2.3325859547099614e-06
35250.056 2.250077352550059e-06
35300.056 2.3005093059300456e-06
35350.056 2.4212786491998557e-06
35400.056 2.2513423996600035e-06
35450.056 2.117931903500445e-06
35500.056 2.552140415399846e-06
35550.056 2.419078901299913e-06
35600.056 2.2222490243398826e-06
35650.056 2.6630951443002746e-06
35700.056 2.267481034000191e-06
35750.056 2.4642596500596945e-06
35800.056 2.671570073899819e-06
35850.056 2.464577495800103e-06
35900.056 2.847649828699744e-06
35950.056 2.5883540423400274e-06
36000.056 2.4350251573998907e-06
36050.056 2.8517167997003453e-06
36100.056 2.8624549400992288e-06
36150.056 2.5203827418904163e-06
36200.056 2.876076798959701e-06
36250.056 2.612606111429652e-06
36300.056 3.06164024043035e-06
36350.056 2.807757597499741e-06
36400.056 2.79636484490004e-06
36450.056 3.138427178899667e-06
36500.056 2.8647623264001464e-06
36550.056 2.8387389127005934e-06
36600.056 2.8674313011001343e-06
36650.056 2.98191751260006e-06
36700.056 3.2364915682999633e-06
36750.056 2.8768729661001387e-06
36800.056 3.0242694594998886e-06
36850.056 3.135626929400273e-06
36900.056 3.0999418611003678e-06
36950.056 3.0977367912998566e-06
37000.056 3.22125856179989e-06
37050.056 3.27248659889981e-06
37100.056 3.190858418000331e-06
37150.056 3.224802290699567e-06
37200.056 3.3227773924000095e-06
37250.056 3.355311103600042e-06
37300.056 3.3945339915004453e-06
37350.056 3.123700834800415e-06
37400.056 3.326202075699836e-06
37450.056 3.2243214979001967e-06
37500.056 3.4007123237996997e-06
37550.056 3.3292912146995316e-06
37600.056 3.516207622899739e-06
37650.056 3.313258991599848e-06
37700.056 3.4766667038999646e-06
37750.056 3.524464145499844e-06
37800.056 3.591430525199861e-06
37850.056 3.428236102399877e-06
37900.056 3.4958075089002717e-06
37950.056 3.5371120600000535e-06
38000.056 3.5692122404003344e-06
38050.056 3.5485173608002317e-06
38100.056 3.370367730200269e-06
38150.056 3.7107046513998084e-06
38200.056 3.70649800529973e-06
38250.056 3.410659843000398e-06
38300.056 3.3912376040999552e-06
38350.056 3.5319611439999203e-06
38400.056 3.6207873494998e-06
38450.056 3.7921556827001712e-06
38500.056 3.570003860699912e-06
38550.056 3.6273909058001706e-06
38600.056 4.010357377899883e-06
38650.056 3.5175664779000346e-06
38700.056 3.5330610070005766e-06
38750.056 3.7433629682999555e-06
38800.056 3.6921198825003653e-06
38850.056 3.6356564246001297e-06
38900.056 3.477925684699874e-06
38950.056 3.783466647999885e-06
39000.056 3.6241199833001016e-06
39050.056 3.74103018479989e-06
39100.056 3.4716043622001025e-06
39150.056 3.6492178823001e-06
39200.056 3.7411843750000716e-06
39250.056 3.7041248561994854e-06
39300.056 3.6854506181994952e-06
39350.056 3.701128367400304e-06
39400.056 3.6329109830001035e-06
39450.056 3.6853609520998835e-06
39500.056 3.540467026699677e-06
39550.056 3.5112825404996062e-06
39600.056 3.8591713715999634e-06
39650.056 3.4089141489000735e-06
39700.056 3.535104729499868e-06
39750.056 3.547311388099641e-06
39800.056 3.29444202570014e-06
39850.056 3.500820468099777e-06
39900.056 3.407903549900008e-06
39950.056 3.5761340524998195e-06
40000.056 3.205320789299867e-06
40050.056 3.1607991103999764e-06
40100.056 3.410739982299903e-06
40150.056 3.159597424299542e-06
40200.056 3.2941252258998186e-06
40250.056 3.0942684265991722e-06
40300.056 3.009263550250227e-06
40350.056 3.2262897485003e-06
40400.056 3.204073409700028e-06
40450.056 3.061864128700164e-06
40500.056 2.8067177490002914e-06
40550.056 3.2679731849997005e-06
40600.056 2.7376147838602964e-06
40650.056 3.0025400515002655e-06
40700.056 3.1735532259001233e-06
40750.056 2.745783151299098e-06
40800.056 2.7058850686901225e-06
40850.056 2.602999508000579e-06
40900.056 2.630442207400243e-06
40950.056 2.7354982930199196e-06
41000.056 2.7889680790999595e-06
41050.056 2.752100877959557e-06
41100.056 2.5678219761999636e-06
41150.056 2.779957513199998e-06
41200.056 2.600506668450056e-06
41250.056 2.6764434890002e-06
41300.056 2.2847082976995817e-06
41350.056 2.6963071203000795e-06
41400.056 2.481841686900255e-06
41450.056 2.507634455950288e-06
41500.056 2.6645234642401864e-06
41550.056 2.5335759042000535e-06
41600.056 2.519427988200106e-06
41650.056 2.360666503400344e-06
41700.056 2.2224509786197513e-06
41750.056 2.269935338249793e-06
41800.056 2.2974947399397273e-06
41850.056 1.937183904630328e-06
41900.056 2.283864284199975e-06
41950.056 1.9521280359905407e-06
42000.056 1.984974799470178e-06
42050.056 1.7558396579896055e-06
42100.056 1.9827642836902417e-06
42150.056 1.462413934279505e-06
42200.056 1.599741522400051e-06
42250.056 1.753520245490122e-06
42300.056 1.419281346270032e-06
42350.056 1.680465140680488e-06
42400.056 1.3909489838403761e-06
42450.056 1.2560735979102212e-06
42500.056 1.3144073906301669e-06
42550.056 1.3048858563000527e-06
42600.056 1.3303153379303099e-06
42650.056 1.152146420219344e-06
42700.056 1.319406486090479e-06
42750.056 1.2207894174198571e-06
42800.056 1.1875431977604284e-06
42850.056 1.2567898937296277e-06
42900.056 1.2258104037300366e-06
42950.056 1.16364856808945e-06
43000.056 1.187731757740044e-06
43050.056 1.1040117314404777e-06
43100.056 1.2313385708402447e-06
43150.056 1.2122729382502077e-06
43200.056 1.2235481341302037e-06
43250.056 1.1632483733697517e-06
43300.056 1.2157932132001646e-06
43350.056 1.1096855669699102e-06
43400.056 1.1725593351399857e-06
43450.056 1.1389884266503157e-06
43500.056 1.1209914955998883e-06
43550.056 1.1770818055000835e-06
43600.056 1.1741796405501174e-06
43650.056 1.0523965748500894e-06
43700.056 1.055806691469626e-06
43750.056 1.074305503050258e-06
43800.056 9.820884644302101e-07
43850.056 1.035938942140226e-06
43900.056 1.0770191742899041e-06
43950.056 1.006275759440241e-06
44000.056 9.701949333701574e-07
44050.056 9.706475165001142e-07
44100.056 9.96160414530163e-07
44150.056 1.0309388599497928e-06
44200.056 9.723653797599312e-07
44250.056 9.887153843200462e-07
44300.056 9.754950134300747e-07
44350.056 9.269243971800023e-07
44400.056 9.879366831599432e-07
44450.056 1.005364946100027e-06
44500.056 1.0049339655200329e-06
44550.056 9.176553980998312e-07
44600.056 9.568835507600862e-07
44650.056 9.93980503180073e-07
44700.056 9.510638440800321e-07
44750.056 9.735569143199075e-07
44800.056 9.943974221199682e-07
44850.056 9.70814237120106e-07
44900.056 9.336981989501032e-07
44950.056 8.85568861360011e-07
45000.056 9.598779704499516e-07
45050.056 9.588118550699223e-07
45100.056 9.990074572399938e-07
45150.056 9.192021226699741e-07
45200.056 8.566670000300152e-07
45250.056 8.888783896799447e-07
45300.056 9.710625518400336e-07
45350.056 9.98755921639942e-07
45400.056 9.318950378101095e-07
45450.056 8.705668160498847e-07
45500.056 9.099835804599639e-07
45550.056 9.807952512299837e-07
45600.056 9.033897849799736e-07
45650.056 8.405386095198702e-07
45700.056 9.77408856120053e-07
45750.056 8.861119069200234e-07
45800.056 8.698095364599695e-07
45850.056 1.0361651602899673e-06
45900.056 1.0209091552700365e-06
45950.056 8.922894361400015e-07
46000.056 1.052926924240016e-06
46050.056 1.0583220891401986e-06
46100.056 8.629092535900852e-07
46150.056 9.584984149699512e-07
46200.056 1.0145856873701967e-06
46250.056 8.478362968700092e-07
46300.056 1.098359378509978e-06
46350.056 9.442115800199115e-07
46400.056 9.649848337699095e-07
46450.056 1.0100189558601153e-06
46500.056 9.107834743399331e-07
46550.056 1.1274545434700107e-06
46600.056 1.0381262416200574e-06
46650.056 1.3381642761598488e-06
46700.056 1.2577330147903691e-06
46750.056 9.84746177069954e-07
46800.056 1.0615028287101253e-06
46850.056 1.154269661190146e-06
46900.056 1.0674195446098378e-06
46950.056 1.2339421250899964e-06
47000.056 9.990041243900043e-07
47050.056 1.2367032322798747e-06
47100.056 9.331747927000728e-07
47150.056 1.0519296870100982e-06
47200.056 1.143346430430238e-06
47250.056 9.988911853998919e-07
47300.056 1.0547406417997954e-06
47350.056 8.934850747298815e-07
47400.056 1.1166132524798237e-06
47450.056 9.574856141599211e-07
47500.056 1.1125498989598775e-06
47550.056 9.694845061099403e-07
47600.056 1.1258146184899128e-06
47650.056 8.311877294298375e-07
47700.056 1.1516771174400258e-06
47750.056 7.990418198401583e-07
47800.056 1.119786691409911e-06
47850.056 8.509614265799229e-07
47900.056 1.1083265951500526e-06
47950.056 8.520175673901408e-07
48000.056 1.2545459432799816e-06
48050.056 9.392481908001293e-07
48100.056 1.0620907395999652e-06
48150.056 9.427585944901235e-07
48200.056 1.1304841375700978e-06
48250.056 9.331265390100185e-07
48300.056 1.2317879791998213e-06
48350.056 8.474564482099208e-07
48400.056 1.1063302964499933e-06
48450.056 8.86487303000012e-07
48500.056 1.252970077110027e-06
48550.056 8.485548516700116e-07
48600.056 1.171315924089908e-06
48650.056 8.803918018899807e-07
48700.056 1.1663648157200959e-06
48750.056 7.990978195100497e-07
48800.056 1.2578916687000595e-06
48850.056 8.641486764698421e-07
48900.056 1.1793995849401041e-06
48950.056 1.0150806471399875e-06
49000.056 1.02253848675993e-06
49050.056 1.1124138237699519e-06
49100.056 9.939882907100908e-07
49150.056 1.0730218110999734e-06
49200.056 9.710137309099539e-07
49250.056 1.0652871962599929e-06
49300.056 9.151093127799177e-07
49350.056 1.0095196322099743e-06
49400.056 1.1647419687000408e-06
49450.056 9.87348717040206e-07
49500.056 1.048141721440038e-06
49550.056 9.079503883599622e-07
49600.056 1.0086139560602026e-06
49650.056 1.060126128329994e-06
49700.056 9.092002578399328e-07
49750.056 1.4046461215598585e-06
49800.056 9.914442555700435e-07
49850.056 1.3208018563400705e-06
49900.056 1.0218435708200481e-06
49950.056 1.0835237537398045e-06
50000.056 1.0805665367697749e-06
50050.056 1.0578960421800753e-06
50100.056 1.193669365679931e-06
50150.056 9.674542076500284e-07
50200.056 9.303856489501229e-07
50250.056 1.1052152225500498e-06
50300.056 9.909046352399643e-07
50350.056 1.233249818489963e-06
50400.056 1.023910036399924e-06
50450.056 1.046883616470147e-06
50500.056 1.3350420291001697e-06
50550.056 1.0699627818899778e-06
50600.056 1.187575809319968e-06
50650.056 1.0868801192101928e-06
50700.056 1.234452063019769e-06
50750.056 1.3075298397901692e-06
50800.056 9.054504933398886e-07
50850.056 1.1134551950801613e-06
50900.056 1.2141022471599407e-06
50950.056 1.2016223826002096e-06
51000.056 1.4343259471201114e-06
51050.056 1.0595581621801045e-06
51100.056 1.0324491524299248e-06
51150.056 1.2043940001899127e-06
51200.056 1.1300289227599726e-06
51250.056 1.2787867638199763e-06
51300.056 1.0043467962502845e-06
51350.056 1.1941233865398457e-06
51400.056 1.1034541856397854e-06
51450.056 8.21678484779879e-07
51500.056 1.1075989452700488e-06
51550.056 1.4525821186601157e-06
51600.056 9.432481281800438e-07
51650.056 1.157631003239829e-06
51700.056 1.096495819489694e-06
51750.056 1.0217352808100606e-06
51800.056 1.2824862211297664e-06
51850.056 1.2117091998698222e-06
51900.056 1.3151643500101805e-06
51950.056 1.2051833953498912e-06
52000.056 9.769316532599456e-07
52050.056 1.1754912472599196e-06
52100.056 1.0782751699598337e-06
52150.056 1.0945385147700474e-06
52200.056 1.065252685290047e-06
52250.056 1.1143966027499893e-06
52300.056 1.2704445273499802e-06
52350.056 1.3212466626601498e-06
52400.056 9.456490966301455e-07
52450.056 1.1202370071100132e-06
52500.056 1.3016840586298062e-06
52550.056 1.1919211251797021e-06
52600.056 1.2055049595801331e-06
52650.056 1.36485942554015e-06
52700.056 1.1196111106100398e-06
52750.056 9.525258522799103e-07
52800.056 1.053535447550095e-06
52850.056 1.0073343914198895e-06
52900.056 1.1569024584700255e-06
52950.056 1.110295553129893e-06
53000.056 1.299383455429945e-06
53050.056 1.097720809149788e-06
53100.056 1.0986724667698204e-06
53150.056 1.3644901587701902e-06
53200.056 9.103878741601041e-07
53250.056 1.293638961819984e-06
53300.056 1.2984907375905047e-06
53350.056 1.28356201161983e-06
53400.056 1.1942553983200687e-06
