galfind/configs/Brown_Dwarf_templates/sonora_bobcat/m+0.5/1000g/sp_t225g1000nc_m+0.5_resample.dat
# %ECSV 1.0
# ---
# datatype:
# - {name: wav, unit: Angstrom, datatype: float64}
# - {name: flux_nu, unit: erg / (cm2 Hz s), datatype: float64}
# meta: {C/O: '1.00', Kzz: '1.0000E+05', Teff: '225.', Y: '0.28', '[Fe/H]': '0.50', f_hole: '1.00', f_rain: '0.00', grav: '1000.'}
# schema: astropy-2.0
wav flux_nu
4000.0559999999996 nan
4050.0559999999996 8.400604297900108e-19
4100.056 9.797980674300109e-18
4150.056 3.5180772907000244e-17
4200.056 7.204647369700038e-17
4250.056 1.77840959890001e-16
4300.056 3.6020694618000156e-16
4350.056 6.418742302100025e-16
4400.056 1.049838791900003e-15
4450.056 1.5917817706000057e-15
4500.056 2.5742276138000085e-15
4550.056 3.8143574167000035e-15
4600.056 4.26620183290001e-15
4650.056 5.4690772116000085e-15
4700.056 6.434125881400007e-15
4750.056 6.6834606518e-15
4800.056 6.197537924699992e-15
4850.056 5.02067569369999e-15
4900.056 4.433508300199996e-15
4950.056 4.009087032099995e-15
5000.056 2.9525179743999858e-15
5050.056 1.930173220599995e-15
5100.056 2.0820478909000066e-15
5150.056 2.5017928997000047e-15
5200.056 3.007771694700004e-15
5250.056 3.2831579204000024e-15
5300.056 3.5198624224000023e-15
5350.056 3.739090214e-15
5400.056 3.5722107249e-15
5450.056 3.769439713300007e-15
5500.056 4.261056453800006e-15
5550.056 4.937633186800006e-15
5600.056 5.429168869100004e-15
5650.056 5.5685622464999925e-15
5700.056 4.716810880700004e-15
5750.056 4.902629590400002e-15
5800.056 4.700997943100003e-15
5850.056 3.426750113199958e-15
5900.056 7.652064085619172e-16
5950.056 3.678222510800068e-15
6000.056 7.952603201200069e-15
6050.056 1.9067715738000224e-14
6100.056 3.811369444200033e-14
6150.056 6.487802505300043e-14
6200.056 9.94750150320005e-14
6250.056 1.2676212744000012e-13
6300.056 1.8017613689000066e-13
6350.056 2.5365168558000086e-13
6400.056 3.3868633572000153e-13
6450.056 3.06752222029997e-13
6500.056 3.659724708300057e-13
6550.056 5.441171292099956e-13
6600.056 8.242247468000131e-13
6650.056 1.36904837640001e-12
6700.056 1.998006594000011e-12
6750.056 2.8306577806000147e-12
6800.056 3.4039388461000052e-12
6850.056 3.351618199599993e-12
6900.056 1.922150315579955e-12
6950.056 5.748456718800193e-13
7000.056 7.412161274799769e-13
7050.056 6.049626496200062e-13
7100.056 6.941056023699971e-13
7150.056 2.7682244350882765e-13
7200.056 3.5815079035075e-14
7250.056 2.483365949349782e-14
7300.056 2.7152036007632812e-14
7350.056 9.421288336130196e-14
7400.056 2.8443524180400407e-13
7450.056 7.901325552000188e-13
7500.056 1.399884709170007e-12
7550.056 1.929999946800012e-12
7600.056 2.227770372500004e-12
7650.056 1.48588027103998e-12
7700.056 1.5260026833800188e-12
7750.056 2.896896456100023e-12
7800.056 3.421953974000001e-12
7850.056 2.8257375611999664e-12
7900.056 2.8770458271000352e-12
7950.056 3.8318165885999816e-12
8000.056 3.6239863100000074e-12
8050.056 3.803563697399992e-12
8100.056 8.243303446239345e-13
8150.056 1.7337015405938888e-14
8200.056 3.7323505495419633e-13
8250.056 5.071680115088569e-13
8300.056 1.874551846903308e-13
8350.056 2.3772291247350794e-13
8400.056 7.621105779380798e-13
8450.056 2.727098063100082e-12
8500.056 5.085733698700081e-12
8550.056 7.881859759700105e-12
8600.056 1.0473006028700066e-11
8650.056 1.0207888370799908e-11
8700.056 6.033483334199866e-12
8750.056 3.947086606799938e-12
8800.056 1.7747841124799023e-12
8850.056 5.105044044899535e-13
8900.056 3.3161464080408004e-15
8950.056 3.160948040708449e-17
9000.056 3.583719050426717e-17
9050.056 1.2158638651214129e-15
9100.056 1.62962523835195e-15
9150.056 4.553782309248027e-15
9200.056 2.650810007062305e-14
9250.056 1.485061442697687e-14
9300.056 6.638039848321375e-18
9350.056 1.5495990952377046e-19
9400.056 5.0751166647694683e-17
9450.056 2.651783719014246e-18
9500.056 1.0499563742703703e-17
9550.056 5.243061400621424e-18
9600.056 3.8566658041329013e-17
9650.056 2.813697028385079e-16
9700.056 9.323236075062625e-15
9750.056 4.670257490838936e-15
9800.056 8.31561039424821e-15
9850.056 1.4307299110439894e-14
9900.056 2.7503759248701976e-14
9950.056 2.804656022170116e-14
10000.056 2.696830331119647e-14
10050.056 2.5496698011998824e-14
10100.056 1.819993012000002e-14
10150.056 6.182436924639437e-15
10200.056 3.620618432539686e-16
10250.056 1.5142851684578826e-16
10300.056 1.1142576534117395e-15
10350.056 2.401993673248473e-16
10400.056 2.8925707456425034e-15
10450.056 8.545647331199857e-15
10500.056 2.89221196446023e-14
10550.056 9.520606175900282e-14
10600.056 1.5582607554000266e-13
10650.056 1.5625011188999828e-13
10700.056 1.0114397960699759e-13
10750.056 8.011082111799789e-14
10800.056 6.587229480900189e-14
10850.056 4.8146797337998825e-14
10900.056 3.494369478599829e-14
10950.056 1.6616318048699952e-14
11000.056 6.195471240029477e-15
11050.056 1.4439533744509332e-15
11100.056 1.5029898115866194e-16
11150.056 7.630931326428851e-18
11200.056 6.356164251858492e-19
11250.056 1.7647762110636855e-19
11300.056 5.603073291350261e-18
11350.056 2.957166741925274e-19
11400.056 1.5915246162330132e-17
11450.056 6.229221879694535e-18
11500.056 5.599096203371788e-18
11550.056 1.4212200439227281e-18
11600.056 1.0155930132500606e-19
11650.056 2.1463024227524146e-18
11700.056 8.138475385494377e-18
11750.056 3.1929686624570856e-18
11800.056 1.9645585353065362e-17
11850.056 1.5440025274075318e-17
11900.056 3.9448019227062737e-17
11950.056 8.872987000910295e-17
12000.056 8.116275986196403e-17
12050.056 1.278849959002044e-16
12100.056 1.127154347340933e-16
12150.056 1.601078295924006e-16
12200.056 2.0990157393759335e-16
12250.056 1.2469163638610843e-15
12300.056 3.822316194739055e-15
12350.056 6.268560409094643e-15
12400.056 2.248825775360145e-14
12450.056 7.84149906980042e-14
12500.056 1.1640612677599554e-13
12550.056 1.0982017919400198e-13
12600.056 2.1472355553900992e-13
12650.056 5.936403646260322e-13
12700.056 7.717885078499762e-13
12750.056 3.55522606093e-13
12800.056 1.8888681371698533e-13
12850.056 5.095228297099461e-14
12900.056 1.1912723997129681e-14
12950.056 7.187138716658831e-15
13000.056 7.400997497930612e-15
13050.056 2.24630350467533e-15
13100.056 2.7013462761648903e-15
13150.056 4.659606194914729e-16
13200.056 5.719820735556422e-16
13250.056 1.3861893584988244e-15
13300.056 1.898097378527475e-16
13350.056 1.3762521593145831e-16
13400.056 3.638628932986817e-17
13450.056 2.402515366990164e-18
13500.056 8.593033755545165e-20
13550.056 6.967882658945333e-21
13600.056 6.47570862497036e-22
13650.056 3.520070799403093e-21
13700.056 1.6684787910718744e-21
13750.056 9.807926595564207e-21
13800.056 8.04407279465524e-21
13850.056 2.4115236391281533e-21
13900.056 1.0589085330528002e-20
13950.056 5.058573285191648e-21
14000.056 2.2722911572241975e-20
14050.056 3.0951772005588395e-20
14100.056 4.887891691495175e-20
14150.056 4.0321371119677195e-19
14200.056 5.1007982382462255e-19
14250.056 1.2774332257176497e-18
14300.056 4.047598140308145e-18
14350.056 3.2774759704879022e-18
14400.056 2.9972257990145514e-18
14450.056 6.605242543870635e-18
14500.056 2.7630658709422693e-17
14550.056 1.704762266752255e-16
14600.056 2.4688361464183863e-16
14650.056 2.240373538794026e-17
14700.056 6.905260503603658e-18
14750.056 1.5018748798635401e-18
14800.056 9.134403393183895e-19
14850.056 7.614269093589833e-19
14900.056 2.4280146127729203e-19
14950.056 2.534789771011971e-20
15000.056 2.330845677583665e-19
15050.056 2.839051609181983e-18
15100.056 2.566346061078664e-19
15150.056 1.8909095213327447e-20
15200.056 1.1026021679357844e-18
15250.056 2.652934168855022e-18
15300.056 1.1403298938141118e-17
15350.056 2.6457924174381924e-17
15400.056 2.3239087966785894e-17
15450.056 1.0368517568616023e-16
15500.056 3.723008169540965e-16
15550.056 3.2801829524011102e-15
15600.056 1.4005768389319622e-14
15650.056 6.136606878100941e-14
15700.056 2.0456814830501718e-13
15750.056 3.2464977735200397e-13
15800.056 4.97313568580013e-13
15850.056 8.705032094600662e-13
15900.056 1.1260071836300088e-12
15950.056 1.8997464479000003e-12
16000.056 1.8193134730999648e-12
16050.056 1.1679858519299351e-12
16100.056 4.591768060400046e-13
16150.056 1.5329096260798145e-13
16200.056 1.9941290723538088e-14
16250.056 2.8711195920916194e-15
16300.056 4.045686510918406e-16
16350.056 1.153343679455346e-16
16400.056 8.387171048009527e-17
16450.056 1.0529717342147008e-16
16500.056 6.499291208224166e-17
16550.056 1.0747755052304462e-16
16600.056 2.4558578645051495e-15
16650.056 2.923391372778494e-16
16700.056 7.439742180385464e-17
16750.056 1.7547389415379197e-16
16800.056 5.667878030195548e-16
16850.056 5.0561803559055565e-16
16900.056 6.141001799203463e-17
16950.056 4.8633685868073834e-17
17000.056 9.551483564590788e-18
17050.056 1.1174419408749476e-17
17100.056 1.088192886755614e-16
17150.056 4.628450857468822e-17
17200.056 4.853548703898738e-16
17250.056 5.693288246758795e-18
17300.056 1.360410302801721e-17
17350.056 7.649450420932933e-17
17400.056 3.713781183795364e-16
17450.056 7.620898742472522e-16
17500.056 2.456184857195919e-15
17550.056 2.4319852514185316e-15
17600.056 3.485319366476223e-15
17650.056 6.286377510204343e-16
17700.056 4.525748091214657e-16
17750.056 2.294217501092136e-16
17800.056 1.3905741968520701e-15
17850.056 2.0616683933710323e-16
17900.056 1.0997436209981675e-16
17950.056 8.624806996273454e-17
18000.056 1.6927189040682212e-16
18050.056 1.0470220905440488e-16
18100.056 8.462433370236456e-17
18150.056 3.2386634300434935e-17
18200.056 3.2309679113284484e-17
18250.056 1.5835324561681143e-16
18300.056 2.099541851891697e-17
18350.056 1.7936164792927348e-17
18400.056 8.024681051638434e-18
18450.056 5.277841322177283e-17
18500.056 3.6968380744125776e-17
18550.056 2.4153736648075638e-17
18600.056 6.841293296694874e-17
18650.056 9.889864477606014e-17
18700.056 1.2481488764771479e-17
18750.056 1.7074175056769928e-17
18800.056 1.8559638126043035e-16
18850.056 1.294495654983707e-16
18900.056 2.3874273131745275e-16
18950.056 2.3476285039999934e-16
19000.056 4.524357880649643e-17
19050.056 2.3936469540023937e-17
19100.056 7.96025865037901e-17
19150.056 4.231197225162445e-17
19200.056 5.893462099584129e-17
19250.056 3.9224109211893793e-17
19300.056 1.8520535143781347e-17
19350.056 1.5221373033508886e-17
19400.056 5.428970245805711e-18
19450.056 1.014661671078824e-18
19500.056 1.0025703467883214e-18
19550.056 6.5717849677107995e-18
19600.056 1.5930749860413576e-17
19650.056 8.130414035314199e-18
19700.056 2.544682871064601e-17
19750.056 4.579432076622564e-17
19800.056 1.8503656923876164e-17
19850.056 4.406108889348068e-17
19900.056 8.543616008664214e-17
19950.056 8.291454442583493e-17
20000.056 9.75460890065906e-17
20050.056 7.828479725000602e-17
20100.056 1.7474854383725785e-16
20150.056 1.4064427341465037e-16
20200.056 6.90961530982541e-17
20250.056 4.3968437308461967e-16
20300.056 7.742460460125008e-16
20350.056 1.0039617991187715e-15
20400.056 9.538836638310018e-16
20450.056 1.7550668688063551e-15
20500.056 1.848951859145007e-15
20550.056 1.9374127286897493e-15
20600.056 2.0979103992202332e-15
20650.056 2.1257161258798573e-15
20700.056 2.2212834459399422e-15
20750.056 2.031449002199982e-15
20800.056 1.8218819848999385e-15
20850.056 1.794229064299991e-15
20900.056 1.6200555921999973e-15
20950.056 1.4158738027999801e-15
21000.056 1.2718132372999905e-15
21050.056 1.2238488124999948e-15
21100.056 1.200341433300002e-15
21150.056 1.2544136903000108e-15
21200.056 1.3459089958000087e-15
21250.056 1.5041791851999795e-15
21300.056 1.5970294412000294e-15
21350.056 1.7145072807899075e-15
21400.056 2.0112185510200885e-15
21450.056 1.659385073973077e-15
21500.056 1.3535294341929468e-15
21550.056 1.4865016789538682e-15
21600.056 1.4608224302487934e-15
21650.056 1.018868173837676e-15
21700.056 6.020695921932334e-16
21750.056 6.929667035834601e-16
21800.056 5.62022310751257e-16
21850.056 5.656553487961781e-16
21900.056 3.350809093225955e-16
21950.056 8.349639904531232e-17
22000.056 1.3893823836130538e-18
22050.056 1.835006895087652e-18
22100.056 8.1056700454644e-18
22150.056 2.7745594443209963e-18
22200.056 2.2649029154560483e-18
22250.056 1.6703323937615161e-18
22300.056 8.410534590839671e-20
22350.056 7.799026925002098e-19
22400.056 1.8339036192516834e-19
22450.056 4.760684969521447e-19
22500.056 3.424277784021191e-19
22550.056 2.321190568686781e-20
22600.056 1.1869445941327605e-20
22650.056 4.873534259154716e-21
22700.056 1.954652981402157e-20
22750.056 1.116583966984537e-19
22800.056 1.8255068498665687e-19
22850.056 8.036051227923786e-20
22900.056 3.9455439416469015e-20
22950.056 1.555512246216826e-20
23000.056 9.18434604785793e-21
23050.056 2.159162522238034e-21
23100.056 7.189820826496348e-18
23150.056 9.019454684112584e-18
23200.056 1.2370458438215348e-20
23250.056 5.14725486955373e-19
23300.056 1.0359012418655087e-19
23350.056 4.2267712424618974e-19
23400.056 7.325590809290192e-19
23450.056 4.9224673364043835e-20
23500.056 3.62595655847431e-20
23550.056 1.3786657124126437e-19
23600.056 1.5560609097064114e-18
23650.056 6.653173726793096e-18
23700.056 5.3662647114863127e-20
23750.056 2.348723370588203e-19
23800.056 6.2273072493898106e-18
23850.056 1.0696082349184019e-18
23900.056 8.541243490609167e-18
23950.056 1.6742387509537626e-18
24000.056 2.1723113761507858e-17
24050.056 2.105719800772725e-17
24100.056 1.242876317351673e-16
24150.056 1.8962205364303188e-16
24200.056 9.222936297991894e-17
24250.056 3.351567306536334e-17
24300.056 1.9488333332911543e-16
24350.056 3.223328537464167e-16
24400.056 8.917516554740664e-16
24450.056 1.3901281644434684e-15
24500.056 1.3883011463456047e-15
24550.056 3.3272094309722257e-15
24600.056 6.180357185060081e-15
24650.056 1.19105596974009e-14
24700.056 8.89308289808237e-15
24750.056 1.615406319077467e-14
24800.056 1.6728470319980843e-14
24850.056 1.8914352276972668e-14
24900.056 1.6200149486034926e-14
24950.056 2.221109535550295e-14
25000.056 2.878109961106028e-14
25050.056 2.3530961383638153e-14
25100.056 2.491595868099008e-14
25150.056 1.4823368506078318e-14
25200.056 2.1195650872489726e-14
25250.056 1.2653907158355623e-14
25300.056 1.0275932031352393e-14
25350.056 8.684132526089447e-15
25400.056 1.6378941034600724e-14
25450.056 6.390705503959068e-15
25500.056 4.087329270045271e-15
25550.056 6.3600355945130944e-15
25600.056 2.105493647748421e-15
25650.056 8.232530000488831e-16
25700.056 1.0320752700842127e-15
25750.056 4.745957163367322e-16
25800.056 3.1692666459589458e-15
25850.056 4.499314412381789e-16
25900.056 2.0528294690472883e-16
25950.056 7.375548262987445e-16
26000.056 1.7256846161579924e-15
26050.056 8.811776866330101e-16
26100.056 1.8719165745801056e-15
26150.056 1.5874296825136825e-15
26200.056 1.976256837337101e-15
26250.056 5.3684457648098016e-15
26300.056 2.901624510573405e-15
26350.056 7.309749948301502e-15
26400.056 1.6011727829298386e-14
26450.056 1.470684514698107e-14
26500.056 2.4671924286208674e-14
26550.056 8.386878308131196e-15
26600.056 8.533610799928536e-15
26650.056 3.576663466829689e-15
26700.056 4.04131709002059e-15
26750.056 5.477702102049436e-15
26800.056 1.088107967476062e-14
26850.056 9.710263237301978e-15
26900.056 1.7854568805798742e-14
26950.056 7.663485867621237e-15
27000.056 2.022775488213004e-14
27050.056 3.2980424457498924e-14
27100.056 7.304897373010315e-15
27150.056 2.8054589326899578e-14
27200.056 8.025035188460583e-15
27250.056 1.4172643962432877e-14
27300.056 6.20977430590004e-14
27350.056 2.859579920161801e-14
27400.056 8.282493409398771e-15
27450.056 4.3320336498504924e-14
27500.056 4.66824216653957e-14
27550.056 1.94929117923086e-14
27600.056 4.073407252539997e-14
27650.056 1.9775000334801788e-14
27700.056 2.22566207589984e-14
27750.056 5.4550684514702453e-14
27800.056 3.239427146380127e-14
27850.056 4.3235574243997394e-14
27900.056 4.9504247253510823e-14
27950.056 4.842697685789284e-14
28000.056 6.962609066069885e-14
28050.056 1.097810529721096e-14
28100.056 4.3777350804514974e-14
28150.056 4.0354435040125785e-14
28200.056 1.1811381460650295e-14
28250.056 2.0931641422219725e-14
28300.056 1.0274544536941103e-14
28350.056 3.2842214257276635e-15
28400.056 1.8541447880732612e-14
28450.056 2.744529330522998e-15
28500.056 2.6791379446422823e-15
28550.056 6.774319294944009e-15
28600.056 1.110558540585037e-14
28650.056 2.475142810475205e-15
28700.056 8.134746979161278e-15
28750.056 8.902307619555787e-15
28800.056 1.0531077516660027e-15
28850.056 3.597909164120367e-14
