galfind/configs/Brown_Dwarf_templates/sonora_bobcat/m+0.5/1000g/sp_t2100g1000nc_m+0.5_resample.dat
# %ECSV 1.0
# ---
# datatype:
# - {name: wav, unit: Angstrom, datatype: float64}
# - {name: flux_nu, unit: erg / (cm2 Hz s), datatype: float64}
# meta: {C/O: '1.00', Kzz: '1.0000E+05', Teff: '2100.', Y: '0.28', '[Fe/H]': '0.50', f_hole: '1.00', f_rain: '0.00', grav: '1000.'}
# schema: astropy-2.0
wav flux_nu
4000.0559999999996 nan
4050.0559999999996 9.054180100465283e-09
4100.056 1.1421847205149807e-08
4150.056 9.133324088761094e-09
4200.056 6.558097599566382e-09
4250.056 5.675130773661753e-09
4300.056 3.6597702703913787e-09
4350.056 3.856831053400131e-09
4400.056 4.009457698961366e-09
4450.056 2.4194042826201957e-09
4500.056 2.5654930842802685e-09
4550.056 3.2346522836391766e-09
4600.056 2.7850438964197697e-09
4650.056 2.374819203139823e-09
4700.056 2.9132340292503045e-09
4750.056 3.5363641903692628e-09
4800.056 2.3423433036103586e-09
4850.056 3.0386842767605173e-09
4900.056 5.233800894999653e-09
4950.056 6.249958275770107e-09
5000.056 3.1734778426795403e-09
5050.056 3.918013059310391e-09
5100.056 5.631157288181106e-09
5150.056 5.454970263021566e-09
5200.056 4.126791505809954e-09
5250.056 5.612644622600136e-09
5300.056 6.740514210599988e-09
5350.056 7.103299249000595e-09
5400.056 7.65303433950003e-09
5450.056 6.2136139314996015e-09
5500.056 4.8407908667998054e-09
5550.056 5.454637865799823e-09
5600.056 4.845777529800236e-09
5650.056 4.144767022099978e-09
5700.056 3.5356318045000212e-09
5750.056 2.2962294132999123e-09
5800.056 1.2422273167999749e-09
5850.056 3.5814264777198916e-10
5900.056 2.9636530237270905e-11
5950.056 8.512792689200167e-10
6000.056 3.1295128621000224e-09
6050.056 7.000526082500164e-09
6100.056 1.1116579060300369e-08
6150.056 1.4670263243099316e-08
6200.056 1.4650211808900014e-08
6250.056 1.8004775642000505e-08
6300.056 2.4642650699000363e-08
6350.056 3.068146381000094e-08
6400.056 3.682992723400027e-08
6450.056 4.486857783699503e-08
6500.056 4.797387157199405e-08
6550.056 5.688812781299379e-08
6600.056 5.636573330600194e-08
6650.056 5.1951253206004174e-08
6700.056 3.790359382609579e-08
6750.056 5.148700270100252e-08
6800.056 5.7637740578002935e-08
6850.056 6.77309975529998e-08
6900.056 7.637182482200163e-08
6950.056 9.068893536199761e-08
7000.056 1.2314170338999135e-07
7050.056 1.1917307404100688e-07
7100.056 7.68157501569966e-08
7150.056 7.043946513000313e-08
7200.056 9.058032725099781e-08
7250.056 1.194700620800099e-07
7300.056 1.6726037725801947e-07
7350.056 2.1633176526700247e-07
7400.056 2.402212779970183e-07
7450.056 2.3466588081797853e-07
7500.056 2.3868607869999993e-07
7550.056 2.421380307400048e-07
7600.056 1.5995241072799272e-07
7650.056 2.9224294897451593e-08
7700.056 1.0584174129786898e-08
7750.056 1.0175958284900399e-07
7800.056 1.6202855502245927e-07
7850.056 2.1719496794000034e-07
7900.056 2.4382047367002555e-07
7950.056 2.4277432726742235e-07
8000.056 3.066821527999706e-07
8050.056 4.393639687899669e-07
8100.056 6.177013755600819e-07
8150.056 8.42495420110017e-07
8200.056 5.9346050271394e-07
8250.056 7.712865886199695e-07
8300.056 6.622940812701719e-07
8350.056 7.141866769501732e-07
8400.056 7.321000443100648e-07
8450.056 4.929182738399352e-07
8500.056 4.470949801266268e-07
8550.056 5.4509067140005e-07
8600.056 6.358736498098108e-07
8650.056 7.56613650839899e-07
8700.056 7.910473439800858e-07
8750.056 9.426174135601032e-07
8800.056 1.2443805381802008e-06
8850.056 1.215599319460046e-06
8900.056 8.651614070200371e-07
8950.056 9.395706401723006e-07
9000.056 1.1864688306901148e-06
9050.056 1.2308111823998491e-06
9100.056 1.5713284790300425e-06
9150.056 1.854559751330027e-06
9200.056 1.8106380096702968e-06
9250.056 1.274165082489973e-06
9300.056 1.080635908750059e-06
9350.056 1.2061379833698762e-06
9400.056 1.339025492420231e-06
9450.056 1.5162728817896755e-06
9500.056 1.8013454467598308e-06
9550.056 2.0093645671602524e-06
9600.056 2.157116098500377e-06
9650.056 2.445926895230506e-06
9700.056 2.675708481049752e-06
9750.056 2.1184082767999636e-06
9800.056 2.305029911509827e-06
9850.056 2.2547660079998246e-06
9900.056 1.8697574634598976e-06
9950.056 1.6041666656800774e-06
10000.056 1.6144042865998982e-06
10050.056 1.6167064743499319e-06
10100.056 2.004182462900515e-06
10150.056 1.974882491389867e-06
10200.056 2.1537933843799135e-06
10250.056 2.1163390552294674e-06
10300.056 2.04059754378972e-06
10350.056 2.3550042080798256e-06
10400.056 2.6012328143799387e-06
10450.056 2.7747143178804857e-06
10500.056 2.7958344795796096e-06
10550.056 2.9314108009003513e-06
10600.056 3.1874397098203515e-06
10650.056 3.2269204413799746e-06
10700.056 3.3671505455001774e-06
10750.056 3.680455773540345e-06
10800.056 3.973546385139658e-06
10850.056 4.268044785329706e-06
10900.056 4.289997558389794e-06
10950.056 4.1924739275292025e-06
11000.056 3.961729479920085e-06
11050.056 2.9680938165700015e-06
11100.056 3.2342923506304886e-06
11150.056 3.461632496347839e-06
11200.056 3.5227193008445286e-06
11250.056 4.023866539407956e-06
11300.056 4.015181338790092e-06
11350.056 3.713445803418908e-06
11400.056 2.7712704921800074e-06
11450.056 4.056568568419319e-06
11500.056 4.659050121044485e-06
11550.056 4.519769106649104e-06
11600.056 4.7154470403770145e-06
11650.056 4.727168392170538e-06
11700.056 3.5127618363960837e-06
11750.056 3.7021667235797284e-06
11800.056 3.7413194733062247e-06
11850.056 4.889056673800299e-06
11900.056 5.171816812289038e-06
11950.056 4.9645144785298935e-06
12000.056 4.501397811700131e-06
12050.056 5.146901799800121e-06
12100.056 5.045553214199634e-06
12150.056 5.63794061659968e-06
12200.056 5.614705316999405e-06
12250.056 6.020816061699474e-06
12300.056 6.174199508400606e-06
12350.056 6.152060511800288e-06
12400.056 5.3736248660996194e-06
12450.056 4.403516741350075e-06
12500.056 4.8051426570592195e-06
12550.056 4.8271400521401695e-06
12600.056 5.5905331099000155e-06
12650.056 5.826429166299585e-06
12700.056 6.215636699299946e-06
12750.056 6.192650929099995e-06
12800.056 6.635593334299462e-06
12850.056 6.423786932300095e-06
12900.056 6.177720102199331e-06
12950.056 6.3644249844995415e-06
13000.056 6.629913525199269e-06
13050.056 6.8223080590195415e-06
13100.056 6.847658501739599e-06
13150.056 6.914560216059701e-06
13200.056 6.683360273099899e-06
13250.056 6.218256833690134e-06
13300.056 5.503711728477309e-06
13350.056 3.553072885019434e-06
13400.056 3.322718733657815e-06
13450.056 2.947819903736091e-06
13500.056 2.8732288910950207e-06
13550.056 2.706524848155457e-06
13600.056 2.5375545929374513e-06
13650.056 2.8337907233389023e-06
13700.056 2.579992101741389e-06
13750.056 2.648215187176354e-06
13800.056 3.0123839017485722e-06
13850.056 2.9462469774236697e-06
13900.056 2.850280130378434e-06
13950.056 2.710139115440854e-06
14000.056 2.5334910456859747e-06
14050.056 2.6029760280327837e-06
14100.056 2.3140390810812067e-06
14150.056 2.3854804458882152e-06
14200.056 2.2079778930383833e-06
14250.056 2.1767230713203663e-06
14300.056 2.2425690745616525e-06
14350.056 2.2680506888492863e-06
14400.056 2.3781976367012394e-06
14450.056 2.4786529993751873e-06
14500.056 2.7261310491247403e-06
14550.056 2.762032681572867e-06
14600.056 2.9107110212548523e-06
14650.056 2.8645682927939124e-06
14700.056 2.657041234589739e-06
14750.056 2.818534119350608e-06
14800.056 2.9139457290307417e-06
14850.056 3.129556934439363e-06
14900.056 3.10876006170983e-06
14950.056 3.143191687730595e-06
15000.056 3.2369877285304858e-06
15050.056 3.5480404743593163e-06
15100.056 3.5372638045203853e-06
15150.056 3.6347783037002736e-06
15200.056 3.8232380841797545e-06
15250.056 3.8562495911798425e-06
15300.056 4.040558877069865e-06
15350.056 4.189266036120094e-06
15400.056 4.31859934910004e-06
15450.056 4.5006925864802626e-06
15500.056 4.5918124410494984e-06
15550.056 4.820481309499728e-06
15600.056 4.806815884600532e-06
15650.056 5.012024293100073e-06
15700.056 5.322959885501401e-06
15750.056 5.513951035899521e-06
15800.056 5.558305452400764e-06
15850.056 5.17363526710037e-06
15900.056 5.343713078500413e-06
15950.056 5.405034579999874e-06
16000.056 5.509438194999735e-06
16050.056 5.693288141800498e-06
16100.056 5.875176257700199e-06
16150.056 5.704876970700292e-06
16200.056 5.937441070999806e-06
16250.056 5.865979986999969e-06
16300.056 5.945855743400073e-06
16350.056 6.2795261528997105e-06
16400.056 6.141350772100576e-06
16450.056 6.332604125500415e-06
16500.056 6.527698289600311e-06
16550.056 6.850276106399775e-06
16600.056 6.503252929900421e-06
16650.056 7.022324682100364e-06
16700.056 6.732431901999133e-06
16750.056 6.818275524099552e-06
16800.056 7.024173025300012e-06
16850.056 7.10494532259953e-06
16900.056 6.873362450100296e-06
16950.056 6.865550621899376e-06
17000.056 6.892029375100657e-06
17050.056 6.790677956200376e-06
17100.056 6.504696371000818e-06
17150.056 6.423361801540292e-06
17200.056 5.935869273089585e-06
17250.056 5.603601421579997e-06
17300.056 5.709044030079335e-06
17350.056 5.488049720340628e-06
17400.056 5.5148264628198785e-06
17450.056 5.171401961147759e-06
17500.056 4.979372059789194e-06
17550.056 4.868254291780697e-06
17600.056 4.671696827329944e-06
17650.056 4.766395960829597e-06
17700.056 4.114839722534361e-06
17750.056 4.013523859678901e-06
17800.056 3.968644716949916e-06
17850.056 3.667712319273455e-06
17900.056 3.7372251556249395e-06
17950.056 3.6264857098345588e-06
18000.056 3.3337116783702836e-06
18050.056 3.3617932295950064e-06
18100.056 3.2352536425767845e-06
18150.056 3.573070077064073e-06
18200.056 2.9946043956683853e-06
18250.056 3.5314494661863217e-06
18300.056 3.357629163252903e-06
18350.056 3.199274403313171e-06
18400.056 3.1296298040740745e-06
18450.056 2.844002268626648e-06
18500.056 2.96849728898549e-06
18550.056 2.7690299095912756e-06
18600.056 2.3537784078428735e-06
18650.056 2.719845500459619e-06
18700.056 2.9576503567245884e-06
18750.056 2.8299058270259076e-06
18800.056 2.9255728224210748e-06
18850.056 3.3521161262517267e-06
18900.056 3.2206066958796102e-06
18950.056 3.2980729739398114e-06
19000.056 3.4872585400894048e-06
19050.056 3.3717257183880094e-06
19100.056 3.4906449536008754e-06
19150.056 3.595405002754891e-06
19200.056 3.55362198952609e-06
19250.056 3.396293126306346e-06
19300.056 3.5817154978850585e-06
19350.056 3.5617559896699406e-06
19400.056 3.122619602163254e-06
19450.056 3.5828325511963217e-06
19500.056 3.5956857962136453e-06
19550.056 3.0824556666657603e-06
19600.056 3.5104539534646728e-06
19650.056 3.471145394717876e-06
19700.056 3.4848783546042533e-06
19750.056 3.2314716166203354e-06
19800.056 3.416984610491539e-06
19850.056 3.4562828929509233e-06
19900.056 3.0964601774007645e-06
19950.056 3.5869245566298343e-06
20000.056 3.174283692610428e-06
20050.056 3.4246703583109465e-06
20100.056 3.4750975926781635e-06
20150.056 3.479299875020577e-06
20200.056 3.5647140412792303e-06
20250.056 3.706640949249796e-06
20300.056 3.741537061190337e-06
20350.056 3.825396306749553e-06
20400.056 3.81421961610824e-06
20450.056 4.005249596989554e-06
20500.056 4.032115641970101e-06
20550.056 4.1213705589300025e-06
20600.056 4.3528427515204355e-06
20650.056 4.255454044130625e-06
20700.056 4.4503138783903985e-06
20750.056 4.502276531339428e-06
20800.056 4.687930785100047e-06
20850.056 4.649217842459965e-06
20900.056 4.902461056499744e-06
20950.056 4.9459378795997555e-06
21000.056 5.157749416199759e-06
21050.056 5.213412807300115e-06
21100.056 5.247444950299968e-06
21150.056 5.506006409100224e-06
21200.056 5.502974028100363e-06
21250.056 5.76420339359949e-06
21300.056 5.604238627900031e-06
21350.056 5.977902669600293e-06
21400.056 5.79167203110036e-06
21450.056 6.354223531000018e-06
21500.056 6.029241497100307e-06
21550.056 6.208484334399658e-06
21600.056 6.393514877800551e-06
21650.056 6.367366942700275e-06
21700.056 6.649264606899807e-06
21750.056 6.4973588594999805e-06
21800.056 6.544561987499636e-06
21850.056 6.593292420199758e-06
21900.056 6.807317175000586e-06
21950.056 6.684725749400203e-06
22000.056 6.931812661399732e-06
22050.056 6.602744360699351e-06
22100.056 6.842527057099877e-06
22150.056 6.979417500900468e-06
22200.056 6.776322382201049e-06
22250.056 7.197608266300453e-06
22300.056 7.109112074899752e-06
22350.056 6.8816078586002954e-06
22400.056 7.24265177510028e-06
22450.056 7.123015457999233e-06
22500.056 7.240287915599768e-06
22550.056 7.163462998899043e-06
22600.056 7.166387365399777e-06
22650.056 7.088245632861124e-06
22700.056 7.098433747511208e-06
22750.056 7.361908248799662e-06
22800.056 7.043896805960179e-06
22850.056 7.2113303273805485e-06
22900.056 7.361438350919693e-06
22950.056 5.121486626740553e-06
23000.056 5.788753967930363e-06
23050.056 6.060850735029315e-06
23100.056 5.776811046769584e-06
23150.056 6.016029090420652e-06
23200.056 5.97982314915018e-06
23250.056 4.790120198679068e-06
23300.056 5.2486567192200935e-06
23350.056 5.448246315860137e-06
23400.056 5.301927881030079e-06
23450.056 5.461325770160084e-06
23500.056 5.3858292583290005e-06
23550.056 4.630541173451197e-06
23600.056 4.726609513810936e-06
23650.056 5.128224386659393e-06
23700.056 5.043861621298808e-06
23750.056 5.066107141550824e-06
23800.056 4.991316290140473e-06
23850.056 4.198923684760485e-06
23900.056 4.617276321689728e-06
23950.056 4.781001775091073e-06
24000.056 4.417869868239155e-06
24050.056 4.39512614879058e-06
24100.056 3.987634114429016e-06
24150.056 3.908924307910588e-06
24200.056 3.922140827048746e-06
24250.056 3.816819333520235e-06
24300.056 3.6814543523602328e-06
24350.056 3.403250249560235e-06
24400.056 3.737618574699824e-06
24450.056 3.3424508131898323e-06
24500.056 3.102356217130022e-06
24550.056 3.0211345546800814e-06
24600.056 3.0872477308905e-06
24650.056 3.344550943049979e-06
24700.056 2.7780220106999905e-06
24750.056 2.641076805360619e-06
24800.056 2.58154919039035e-06
24850.056 3.019242014849986e-06
24900.056 2.28390050449127e-06
24950.056 2.8842855061096474e-06
25000.056 2.566424457690217e-06
25050.056 2.035883646979599e-06
25100.056 2.482689821479928e-06
25150.056 2.149593448403899e-06
25200.056 2.2961692700477424e-06
25250.056 2.1528236015994384e-06
25300.056 2.3402532790811495e-06
25350.056 1.9417130652619863e-06
25400.056 2.17805572347086e-06
25450.056 1.9516123926019983e-06
25500.056 2.0976734719556885e-06
25550.056 1.9717041012451826e-06
25600.056 2.0403468646340604e-06
25650.056 1.814420557845972e-06
25700.056 2.3388974273651375e-06
25750.056 1.68215235258531e-06
25800.056 2.195489612970398e-06
25850.056 1.9829580874757755e-06
25900.056 2.1863181634254694e-06
25950.056 1.9007650543290653e-06
26000.056 2.1843993683907656e-06
26050.056 2.3129826756720597e-06
26100.056 2.2963827845002458e-06
26150.056 2.2947314167033815e-06
26200.056 2.1746564426441028e-06
26250.056 2.255002735825352e-06
26300.056 2.2513030631130735e-06
26350.056 2.2905805850098386e-06
26400.056 2.343087313799556e-06
26450.056 2.298373184940294e-06
26500.056 2.427728003749229e-06
26550.056 2.3896459749094848e-06
26600.056 2.7996992302194396e-06
26650.056 2.1691204420446098e-06
26700.056 2.2314098034189717e-06
26750.056 1.9547060768750703e-06
26800.056 2.224161385719379e-06
26850.056 1.772068691997185e-06
26900.056 2.3224560467600505e-06
26950.056 1.5920290661499705e-06
27000.056 2.17757758004046e-06
27050.056 1.8267106782998194e-06
27100.056 1.8424731355925629e-06
27150.056 1.963760724989988e-06
27200.056 1.945325511320413e-06
27250.056 1.775557610304801e-06
27300.056 2.0867879031001404e-06
27350.056 1.9828134478292834e-06
27400.056 1.6687135735499696e-06
27450.056 2.2222362132592027e-06
27500.056 2.02277713091001e-06
27550.056 1.910476081499921e-06
27600.056 2.2401145007897147e-06
27650.056 1.755107499279793e-06
27700.056 1.6996630617801503e-06
27750.056 2.2694473414989307e-06
27800.056 1.6498813804599117e-06
27850.056 1.8239143132792119e-06
27900.056 1.8626918634101107e-06
27950.056 2.1746545475898184e-06
28000.056 2.032525045910571e-06
28050.056 1.555160843580426e-06
28100.056 2.258213719560892e-06
28150.056 1.8002253198400665e-06
28200.056 1.5395452696400906e-06
28250.056 1.9697916832600702e-06
28300.056 2.263722660880406e-06
28350.056 1.7426973109693397e-06
28400.056 1.880543942010007e-06
28450.056 1.937455531849634e-06
28500.056 1.9587516022095515e-06
28550.056 1.4199668882494873e-06
28600.056 2.258453290390076e-06
28650.056 2.0562495529098083e-06
28700.056 1.822560518389647e-06
28750.056 2.0628421579899057e-06
28800.056 1.985463426190431e-06
28850.056 2.075402888220247e-06
