galfind/configs/Brown_Dwarf_templates/sonora_bobcat/m+0.5/1000g/sp_t450g1000nc_m+0.5_resample.dat
# %ECSV 1.0
# ---
# datatype:
# - {name: wav, unit: Angstrom, datatype: float64}
# - {name: flux_nu, unit: erg / (cm2 Hz s), datatype: float64}
# meta: {C/O: '1.00', Kzz: '1.0000E+05', Teff: '450.', Y: '0.28', '[Fe/H]': '0.50', f_hole: '1.00', f_rain: '0.00', grav: '1000.'}
# schema: astropy-2.0
wav flux_nu
[from data line 498]
28900.056 1.3306949370177912e-10
28950.056 1.9870515074058538e-10
29000.056 1.3862917772032175e-10
29050.056 2.1940720065532682e-10
29100.056 1.0428922256654588e-10
29150.056 1.6695079182159433e-10
29200.056 3.174174319155148e-10
29250.056 3.413787526558474e-10
29300.056 1.9297786765714532e-10
29350.056 5.362803587616886e-10
29400.056 2.0644569379703767e-10
29450.056 1.3617563728321268e-10
29500.056 5.081007549901633e-10
29550.056 1.7471462165996572e-10
29600.056 2.345331509678846e-10
29650.056 7.744703405501644e-10
29700.056 1.5567365106072626e-10
29750.056 5.099389752972388e-10
29800.056 3.6637841948049777e-10
29850.056 6.532114458636232e-10
29900.056 3.1216696493408595e-10
29950.056 3.6525009913370004e-10
30000.056 7.143430268364597e-12
30050.056 4.3507821680990194e-11
30100.056 1.6825744196835766e-10
30150.056 6.449040503193809e-10
30200.056 4.2182935001039816e-10
30250.056 7.986056508585827e-10
30300.056 1.0238016655199988e-09
30350.056 2.4561041762468956e-10
30400.056 1.0673505657391837e-09
30450.056 6.948154918372041e-10
30500.056 4.769587119902202e-10
30550.056 3.673753996884418e-10
30600.056 2.5104064202091547e-09
30650.056 9.738187468915997e-10
30700.056 6.370927050240536e-10
30750.056 1.207704622766086e-09
30800.056 1.0087163516849413e-09
30850.056 1.120337948011744e-09
30900.056 6.165462535288983e-10
30950.056 5.105462377676805e-10
31000.056 6.188921247304947e-10
31050.056 4.785964549015295e-10
31100.056 2.8805388567655546e-10
31150.056 5.364626469344969e-10
31200.056 1.4959004532554968e-09
31250.056 6.88976796191713e-10
31300.056 4.6476285439540036e-10
31350.056 1.013581687640687e-09
31400.056 6.6257165412102e-10
31450.056 7.198743744877938e-10
31500.056 2.4571004524135715e-10
31550.056 4.5703003689736277e-10
31600.056 3.186526712595609e-10
31650.056 2.6064082903522504e-10
31700.056 2.4321194961628687e-10
31750.056 1.198790278725537e-10
31800.056 2.5466459814416187e-10
31850.056 4.877220262261078e-11
31900.056 1.18193178459458e-10
31950.056 6.580001723562989e-11
32000.056 5.53071464851707e-11
32050.056 7.737212746826448e-11
32100.056 6.210211388610593e-11
32150.056 6.894017799646298e-11
32200.056 3.3819378446250436e-11
32250.056 8.552503045410228e-11
32300.056 2.447817240965246e-11
32350.056 8.81371451041463e-11
32400.056 1.3564011728613092e-11
32450.056 6.640767160717286e-11
32500.056 1.6482150369183394e-11
32550.056 5.488700415828169e-11
32600.056 1.92059223483323e-11
32650.056 1.2880099330785955e-10
32700.056 3.036000626671199e-11
32750.056 2.689552893669316e-10
32800.056 1.5984193662616988e-10
32850.056 4.982215288848644e-10
32900.056 4.432661702256224e-10
32950.056 4.4913884357721655e-10
33000.056 1.454772987214328e-10
33050.056 1.8070505174623753e-10
33100.056 3.717346302227409e-11
33150.056 1.560253165971307e-14
33200.056 1.040266624166586e-12
33250.056 1.7333743775920313e-12
33300.056 1.5678123248087027e-11
33350.056 5.0730406266085305e-11
33400.056 1.789471633772561e-10
33450.056 1.0000075597943606e-10
33500.056 3.788358377382463e-10
33550.056 7.563111999854897e-11
33600.056 1.9922289301806247e-10
33650.056 1.8777545709345208e-10
33700.056 5.929773341889009e-11
33750.056 2.621951605293946e-10
33800.056 2.3471551867338e-11
33850.056 1.246952876739437e-10
33900.056 1.3774256843791789e-10
33950.056 1.0845560520393465e-10
34000.056 2.46641630339875e-10
34050.056 3.7133013188528174e-11
34100.056 2.3198755869683842e-10
34150.056 8.565785956761828e-11
34200.056 2.552158279467429e-10
34250.056 1.5075246636490614e-10
34300.056 1.507994034284272e-10
34350.056 3.842622569909936e-10
34400.056 9.700812211546938e-11
34450.056 3.6440140428303413e-10
34500.056 1.7617053308565273e-10
34550.056 1.3459588190224335e-10
34600.056 6.568519384686104e-10
34650.056 8.583517098916146e-11
34700.056 4.402400625042058e-10
34750.056 2.626470088162318e-10
34800.056 2.0656332357292884e-10
34850.056 7.780679812793416e-10
34900.056 1.5207492102426497e-10
34950.056 6.828954383981967e-10
35000.056 1.1576683712972005e-09
35050.056 5.443663498056755e-10
35100.056 1.3548434970452736e-09
35150.056 1.1429777629882082e-09
35200.056 8.247623588132702e-10
35250.056 1.6221599917275138e-09
35300.056 5.477923092314225e-10
35350.056 8.038678826619174e-10
35400.056 6.204246005085575e-10
35450.056 5.291554021431315e-10
35500.056 1.911583857765112e-09
35550.056 1.0460283609682303e-09
35600.056 1.3643464442813328e-09
35650.056 1.5799390918114787e-09
35700.056 1.560521363247066e-09
35750.056 2.285765147224589e-09
35800.056 1.6877762863649442e-09
35850.056 7.198577357732864e-10
35900.056 1.0219283295833547e-09
35950.056 1.5188551787422972e-09
36000.056 1.6449348921232143e-09
36050.056 1.1668871747454176e-09
36100.056 1.0717050894499502e-09
36150.056 2.6989231024563904e-09
36200.056 2.919271532725717e-09
36250.056 1.8521822996350829e-09
36300.056 4.584705040643593e-09
36350.056 2.5459028324801613e-09
36400.056 4.156725423229038e-09
36450.056 3.5814981398401073e-09
36500.056 3.947250673105848e-09
36550.056 6.3375350795532145e-09
36600.056 6.742550784657804e-09
36650.056 4.561060502431124e-09
36700.056 4.833651982064327e-09
36750.056 6.5731619511030154e-09
36800.056 7.894554922728029e-09
36850.056 4.093656803915019e-09
36900.056 6.279637332991964e-09
36950.056 7.876515711898685e-09
37000.056 5.194058621194024e-09
37050.056 8.748183268702514e-09
37100.056 4.826699775128902e-09
37150.056 5.918427723591179e-09
37200.056 1.0204868141598295e-08
37250.056 5.847344411990862e-09
37300.056 4.120955006769614e-09
37350.056 7.50714466017941e-09
37400.056 1.1838192129135829e-08
37450.056 4.504647682543394e-09
37500.056 6.506139451502248e-09
37550.056 1.3363540982248998e-08
37600.056 1.9808608063323078e-08
37650.056 5.717808809961747e-09
37700.056 1.124574219818111e-08
37750.056 7.81388079812935e-09
37800.056 7.993088567054102e-09
37850.056 4.296973135100036e-09
37900.056 5.2886558705309145e-09
37950.056 1.0387340690027008e-08
38000.056 9.366875051972999e-09
38050.056 1.3766607985124251e-08
38100.056 1.764043101770624e-08
38150.056 1.9106930723066593e-08
38200.056 1.4698577264707296e-08
38250.056 1.7050419923999683e-08
38300.056 2.6757325634551894e-08
38350.056 2.4004469839288484e-08
38400.056 1.0061805303101468e-08
38450.056 4.571627680933864e-09
38500.056 3.2746439438904487e-09
38550.056 1.1357968069102675e-08
38600.056 1.214327160080723e-08
38650.056 1.3975641270953831e-08
38700.056 1.2058704757786762e-08
38750.056 1.2343676781650751e-08
38800.056 1.2369879069100373e-08
38850.056 1.4439684535611438e-08
38900.056 1.814854335608358e-08
38950.056 1.0782307544957257e-08
39000.056 1.7401599379745623e-08
39050.056 1.0768500597977573e-08
39100.056 1.6083553533770282e-08
39150.056 2.248883092725038e-08
39200.056 1.503152620487722e-08
39250.056 2.392206897021063e-08
39300.056 1.6554568200828613e-08
39350.056 2.8972032291499245e-08
39400.056 1.7130128499110574e-08
39450.056 2.4506862398655876e-08
39500.056 2.5954102269802256e-08
39550.056 1.2144282043405643e-08
39600.056 2.3419647208892123e-08
39650.056 3.205410443179796e-08
39700.056 2.8798066895904044e-08
39750.056 1.3561756913336879e-08
39800.056 1.5706613060779956e-08
39850.056 3.555907562000301e-08
39900.056 3.960803386170214e-08
39950.056 1.787056737049881e-08
40000.056 3.144931367169932e-08
40050.056 3.430708539369916e-08
40100.056 1.2222628469085243e-08
40150.056 3.060282215340158e-08
40200.056 3.339849321639341e-08
40250.056 3.731433076299186e-08
40300.056 3.738528362000396e-08
40350.056 2.2065393447214138e-08
40400.056 3.326475670027359e-08
40450.056 1.6226656125506976e-08
40500.056 3.873745819039976e-08
40550.056 4.148478639190456e-08
40600.056 3.492275451040048e-08
40650.056 2.7626714223469527e-08
40700.056 5.411963027399558e-08
40750.056 3.498997383979296e-08
40800.056 2.058759350068376e-08
40850.056 5.957708636001129e-08
40900.056 5.120139486919387e-08
40950.056 4.079583044750646e-08
41000.056 3.356520658229555e-08
41050.056 6.372079939099078e-08
41100.056 5.310602871099808e-08
41150.056 2.0869177577182196e-08
41200.056 6.093005151580691e-08
41250.056 5.104353363923185e-08
41300.056 5.2668742507204014e-08
41350.056 6.807941510999727e-08
41400.056 5.461219701700008e-08
41450.056 7.324871129499322e-08
41500.056 4.4188380700972585e-08
41550.056 4.019609993032262e-08
41600.056 4.5192306589617143e-08
41650.056 6.176726200920601e-08
41700.056 7.6845954066987e-08
41750.056 5.8296242282594794e-08
41800.056 6.423560480200997e-08
41850.056 5.4841975450551665e-08
41900.056 4.880253307332707e-08
41950.056 5.227580628939927e-08
42000.056 3.183304047752203e-08
42050.056 3.63907236192967e-08
42100.056 4.738768425259796e-08
42150.056 4.5569011641999136e-08
42200.056 4.914880561919588e-08
42250.056 4.2734685103407166e-08
42300.056 3.808530773769777e-08
42350.056 6.065687443530351e-08
42400.056 7.036796122200533e-08
42450.056 6.522183689201078e-08
42500.056 6.63274087319951e-08
42550.056 5.6355215020993476e-08
42600.056 6.114822402822059e-08
42650.056 9.283797432298302e-08
42700.056 4.4195870314783786e-08
42750.056 5.730485679600984e-08
42800.056 8.283833852600574e-08
42850.056 8.990356529898105e-08
42900.056 9.64115293940104e-08
42950.056 7.094765792399563e-08
43000.056 8.372458621300126e-08
43050.056 4.043995556260394e-08
43100.056 7.062225428499569e-08
43150.056 5.627038249100438e-08
43200.056 8.149113645800707e-08
43250.056 1.1781055813700667e-07
43300.056 1.0499047394100098e-07
43350.056 5.2200524571889514e-08
43400.056 8.079733104600531e-08
43450.056 5.316704141400442e-08
43500.056 5.52912039570095e-08
43550.056 5.936945124440499e-08
43600.056 9.691108458400747e-08
43650.056 5.502557254129834e-08
43700.056 1.1133670571201939e-07
43750.056 9.921465826999432e-08
43800.056 8.705033894899496e-08
43850.056 7.906839393900985e-08
43900.056 6.053351555199352e-08
43950.056 4.128671964849568e-08
44000.056 3.9627361010398984e-08
44050.056 9.925646723200447e-08
44100.056 1.402742582280024e-07
44150.056 1.254712140809941e-07
44200.056 1.1221845894000273e-07
44250.056 5.829406959099483e-08
44300.056 4.338025682250593e-08
44350.056 4.974131870188826e-08
44400.056 4.712333967529683e-08
44450.056 8.761355326000713e-08
44500.056 7.544780598381055e-08
44550.056 1.1343508078199505e-07
44600.056 9.517310434770142e-08
44650.056 8.811226340899903e-08
44700.056 5.582447863799313e-08
44750.056 8.463178427101475e-08
44800.056 5.7363212248005136e-08
44850.056 8.575318185900403e-08
44900.056 7.211915746839833e-08
44950.056 8.42269849570086e-08
45000.056 1.0144313948400243e-07
45050.056 9.076787136099134e-08
45100.056 8.251386156470472e-08
45150.056 7.274097931279223e-08
45200.056 5.269917965850565e-08
45250.056 6.346351723298815e-08
45300.056 5.987094835370787e-08
45350.056 4.719690287520942e-08
45400.056 1.274233663140136e-07
45450.056 1.047415333930109e-07
45500.056 1.313980190730095e-07
45550.056 1.4067007053397192e-07
45600.056 1.1809380772601331e-07
45650.056 9.616533763699814e-08
45700.056 5.7330957970595985e-08
45750.056 5.024916765740336e-08
45800.056 1.36410696342007e-07
45850.056 1.089565222847985e-07
45900.056 1.3578187735099396e-07
45950.056 1.1329745030699498e-07
46000.056 1.2971592641651336e-07
46050.056 9.38897067040083e-08
46100.056 1.5557894629998996e-07
46150.056 8.34324973100009e-08
46200.056 6.931634630598946e-08
46250.056 2.6195695236367794e-08
46300.056 8.546229644440383e-08
46350.056 9.091088328221086e-08
46400.056 8.648181701200312e-08
46450.056 7.49531871637064e-08
46500.056 8.516408618751532e-08
46550.056 4.378947108260087e-08
46600.056 6.281979943029054e-08
46650.056 1.0310354108500538e-07
46700.056 6.517054857498559e-08
46750.056 3.015115905920553e-08
46800.056 1.9935818400218543e-08
46850.056 9.560650323201433e-08
46900.056 1.0730554456199542e-07
46950.056 1.0396478940399143e-07
47000.056 1.0142733215301223e-07
47050.056 6.884803391901846e-08
47100.056 4.777700476620324e-08
47150.056 8.166207386821127e-08
47200.056 9.195836726699482e-08
47250.056 4.3859338025492526e-08
47300.056 2.906462743988695e-08
47350.056 1.0137270651200672e-07
47400.056 9.600563171599288e-08
47450.056 6.794023792480788e-08
47500.056 1.1659305347399588e-07
47550.056 9.583951987100409e-08
47600.056 8.733776539258952e-08
47650.056 9.418761946711759e-08
47700.056 6.908905137180346e-08
47750.056 4.918540757610129e-08
47800.056 3.9032494527005557e-08
47850.056 1.772096887878315e-08
47900.056 2.9382471631259327e-08
47950.056 7.87910915610051e-08
48000.056 1.0922201685999703e-07
48050.056 8.574312169719806e-08
48100.056 3.410941636964252e-08
48150.056 6.49017221450028e-08
48200.056 4.385115652605719e-08
48250.056 5.956015818100024e-08
48300.056 1.0331372232199769e-07
48350.056 5.941209732299256e-08
48400.056 1.3051425403151489e-08
48450.056 2.8110747464914797e-08
48500.056 5.092017740798776e-08
48550.056 5.982800833196739e-08
48600.056 8.303780270300139e-08
48650.056 1.08763530282996e-07
48700.056 6.832364238541036e-08
48750.056 4.508334087601023e-08
48800.056 8.781171538700492e-08
48850.056 4.397105126869277e-08
48900.056 5.566874157785463e-08
48950.056 2.958184426539897e-08
49000.056 1.574089065646132e-08
49050.056 5.359916108989339e-08
49100.056 7.227974621047255e-08
49150.056 5.355252816765052e-08
49200.056 8.760815355401231e-08
49250.056 9.205839560300365e-08
49300.056 7.324338419299697e-08
49350.056 2.7219728657876727e-08
49400.056 4.154096240598997e-08
49450.056 3.74952633444087e-08
49500.056 2.9929740351375346e-08
49550.056 5.642280290210048e-09
49600.056 1.7219315794087146e-08
49650.056 4.5416929385002325e-08
49700.056 5.328425510598745e-08
49750.056 5.084395238104848e-08
49800.056 2.986611066119532e-08
49850.056 6.891657474840864e-08
49900.056 6.134130044499676e-08
49950.056 5.831907265699928e-08
50000.056 4.1523020080081566e-08
50050.056 5.1524228444402796e-08
50100.056 4.109904798399761e-08
50150.056 1.745207274026671e-08
50200.056 2.775980105537339e-09
50250.056 1.8870290288999693e-08
50300.056 1.256496425750834e-08
50350.056 4.776249025600724e-08
50400.056 5.4338912526595095e-08
50450.056 3.850279474960138e-08
50500.056 6.439284678440286e-08
50550.056 5.884384007600263e-08
50600.056 3.99442478042872e-08
50650.056 6.674833456801049e-08
50700.056 6.646121582699705e-08
50750.056 3.8644517733601234e-08
50800.056 1.1961163196149872e-08
50850.056 5.921892017342952e-09
50900.056 4.2442514635003146e-08
50950.056 4.100704612099656e-08
51000.056 3.097534275078298e-08
51050.056 4.8026127725393166e-08
51100.056 1.6512565408725228e-08
51150.056 1.7584346688853824e-08
51200.056 6.019857514599847e-08
51250.056 4.365711720639224e-08
51300.056 2.7171434556506243e-08
51350.056 2.5945249499639935e-08
51400.056 7.713064500652636e-09
51450.056 6.1600234064649064e-09
51500.056 5.640884717026307e-09
51550.056 2.4021612020404382e-08
51600.056 2.2541789735404192e-08
51650.056 3.087912348499877e-08
51700.056 3.1338195144002257e-08
51750.056 2.0267436017854017e-08
51800.056 4.038270829899486e-08
51850.056 3.141744921919851e-08
51900.056 3.7491203041001235e-08
51950.056 1.980752493759739e-08
52000.056 1.683949684257307e-09
52050.056 1.0002349970001258e-08
52100.056 5.358185419378957e-09
52150.056 2.957280406634912e-09
52200.056 1.1066261542899622e-08
52250.056 1.9093389376104005e-08
52300.056 2.4737249873598384e-08
52350.056 6.486130507357419e-09
52400.056 7.1894996357188975e-09
52450.056 3.019500079400329e-08
52500.056 2.2509620358784653e-08
52550.056 2.741262167399847e-08
52600.056 2.058268842206102e-08
52650.056 2.502717252430149e-08
52700.056 1.6077320393399365e-08
52750.056 5.778229635430107e-09
52800.056 1.1165497116402018e-08
52850.056 1.3626537540386389e-08
52900.056 5.0685483741526115e-09
52950.056 9.021480227331347e-09
53000.056 1.7998209007202004e-08
53050.056 6.348835808886358e-09
53100.056 2.4509228654500636e-08
53150.056 2.533263228600099e-08
53200.056 1.0396779859349529e-08
53250.056 2.174096625790024e-08
53300.056 2.5842988625177225e-08
53350.056 2.0279980990500556e-08
53400.056 1.2820760720397977e-08
53450.056 3.8180471871886275e-09
53500.056 6.328646317277553e-10
53550.056 1.7205237241890074e-09
