galfind/configs/Brown_Dwarf_templates/sonora_bobcat/m+0.5/1000g/sp_t2300g1000nc_m+0.5_resample.dat
# %ECSV 1.0
# ---
# datatype:
# - {name: wav, unit: Angstrom, datatype: float64}
# - {name: flux_nu, unit: erg / (cm2 Hz s), datatype: float64}
# meta: {C/O: '1.00', Kzz: '1.0000E+05', Teff: '2300.', Y: '0.28', '[Fe/H]': '0.50', f_hole: '1.00', f_rain: '0.00', grav: '1000.'}
# schema: astropy-2.0
wav flux_nu
[from data line 502]
29100.056 2.4970440865502504e-06
29150.056 3.107488058320164e-06
29200.056 2.801630265030305e-06
29250.056 3.01146540650996e-06
29300.056 2.6549412284988904e-06
29350.056 3.357066441719654e-06
29400.056 2.8756911032398457e-06
29450.056 2.825949992369912e-06
29500.056 2.996546102129716e-06
29550.056 2.9034713475602942e-06
29600.056 3.0902455255399246e-06
29650.056 2.9705272149899164e-06
29700.056 2.736888283959867e-06
29750.056 3.2794256035309966e-06
29800.056 3.237362282749787e-06
29850.056 3.071724697619676e-06
29900.056 2.81209426668073e-06
29950.056 3.340134508549469e-06
30000.056 3.2609776551791336e-06
30050.056 3.0793408380000237e-06
30100.056 2.5983709654993704e-06
30150.056 3.7123104795998167e-06
30200.056 3.369571296800223e-06
30250.056 3.2060971076005924e-06
30300.056 3.17792335769976e-06
30350.056 3.1909154838805955e-06
30400.056 3.6737324382004785e-06
30450.056 2.9737364976303523e-06
30500.056 2.9101504317003742e-06
30550.056 3.737102362300573e-06
30600.056 3.5374584531903393e-06
30650.056 3.5485139800201957e-06
30700.056 3.2900518169598973e-06
30750.056 3.2388248338300825e-06
30800.056 3.82444522743091e-06
30850.056 3.3559003675800084e-06
30900.056 3.3265563414597927e-06
30950.056 3.2629463261402897e-06
31000.056 3.739121415599935e-06
31050.056 3.3292064029000855e-06
31100.056 3.5235091326999697e-06
31150.056 3.6049429463996074e-06
31200.056 3.622639527499641e-06
31250.056 3.972266432300697e-06
31300.056 3.5289768605998005e-06
31350.056 3.51553348522e-06
31400.056 3.659492059400562e-06
31450.056 3.670314631680163e-06
31500.056 3.7640443546004253e-06
31550.056 3.4658264273999285e-06
31600.056 3.6556948413598342e-06
31650.056 3.822070235799854e-06
31700.056 3.82475866669991e-06
31750.056 3.492804855400061e-06
31800.056 3.868454791200265e-06
31850.056 4.193643768799986e-06
31900.056 4.077763821099656e-06
31950.056 3.4791012488997634e-06
32000.056 3.6498314286007097e-06
32050.056 4.099071404200423e-06
32100.056 4.15904548519962e-06
32150.056 4.116276594499988e-06
32200.056 3.972836871099984e-06
32250.056 3.798673150900144e-06
32300.056 4.068665876900081e-06
32350.056 4.332300844100596e-06
32400.056 3.955618928699923e-06
32450.056 3.849679974500322e-06
32500.056 4.17645942180019e-06
32550.056 4.510281723700106e-06
32600.056 4.404158886999731e-06
32650.056 4.2858502594009845e-06
32700.056 4.137489689800155e-06
32750.056 4.27267272220003e-06
32800.056 3.9585169505003535e-06
32850.056 4.57678003689971e-06
32900.056 4.43365428140011e-06
32950.056 3.95614641449986e-06
33000.056 4.267653487700239e-06
33050.056 4.333641898599498e-06
33100.056 4.400245631998995e-06
33150.056 4.404328560300142e-06
33200.056 4.172794642500687e-06
33250.056 4.475736651800352e-06
33300.056 4.805324321600298e-06
33350.056 4.49922321320015e-06
33400.056 4.154479642099577e-06
33450.056 4.477801539398934e-06
33500.056 4.535909392500233e-06
33550.056 4.407669223099456e-06
33600.056 4.4971461109006386e-06
33650.056 4.590531110700844e-06
33700.056 4.731965436099445e-06
33750.056 4.679148268700196e-06
33800.056 4.55489938420008e-06
33850.056 4.491883037300167e-06
33900.056 4.990225508099473e-06
33950.056 4.5123611759995095e-06
34000.056 4.545179617299181e-06
34050.056 4.672233425400083e-06
34100.056 4.827068848000557e-06
34150.056 4.741302414899415e-06
34200.056 4.5604071405994745e-06
34250.056 5.010092609399386e-06
34300.056 4.716452174399613e-06
34350.056 4.831935028199578e-06
34400.056 4.637957115899564e-06
34450.056 4.5018036905001716e-06
34500.056 4.803139196300883e-06
34550.056 4.6428421855997585e-06
34600.056 4.757054193799882e-06
34650.056 4.8324254933999755e-06
34700.056 4.700248435399333e-06
34750.056 4.990507446300268e-06
34800.056 5.019306998399641e-06
34850.056 4.636741455699961e-06
34900.056 4.906780743500272e-06
34950.056 4.810393604499224e-06
35000.056 4.684450583499484e-06
35050.056 5.20576545200066e-06
35100.056 4.9615754192992745e-06
35150.056 4.947308933499639e-06
35200.056 4.975448720599785e-06
35250.056 4.598676552800448e-06
35300.056 4.975685099500442e-06
35350.056 5.138135704799709e-06
35400.056 4.874217871599693e-06
35450.056 4.822012116700242e-06
35500.056 5.101696766300027e-06
35550.056 4.94451096749984e-06
35600.056 4.812860602599234e-06
35650.056 5.228220088700548e-06
35700.056 4.8510589368003235e-06
35750.056 4.915792943299656e-06
35800.056 5.105290950899678e-06
35850.056 5.128140780899881e-06
35900.056 5.301123713399551e-06
35950.056 5.1142664814996065e-06
36000.056 4.775399807799492e-06
36050.056 5.282004596200283e-06
36100.056 5.4514463588998444e-06
36150.056 4.893499910800461e-06
36200.056 5.2785152522995475e-06
36250.056 4.989473252499327e-06
36300.056 5.554385690000678e-06
36350.056 5.2852488388993094e-06
36400.056 5.201599428899931e-06
36450.056 5.5393599649996665e-06
36500.056 5.169780268700309e-06
36550.056 5.107454358800589e-06
36600.056 5.100877351100414e-06
36650.056 5.291119106100493e-06
36700.056 5.574352097400086e-06
36750.056 5.101956962100531e-06
36800.056 5.290029787799691e-06
36850.056 5.409748877200049e-06
36900.056 5.394597171400648e-06
36950.056 5.385774742300073e-06
37000.056 5.4625877512000355e-06
37050.056 5.589923191199824e-06
37100.056 5.366337310600428e-06
37150.056 5.366726993699096e-06
37200.056 5.522921038900054e-06
37250.056 5.557222123800217e-06
37300.056 5.591780389800879e-06
37350.056 5.27347008200054e-06
37400.056 5.549171087199794e-06
37450.056 5.4748559531003095e-06
37500.056 5.6832837180997e-06
37550.056 5.505734886299186e-06
37600.056 5.753083732599429e-06
37650.056 5.359734878399611e-06
37700.056 5.5145983122001415e-06
37750.056 5.715056772699298e-06
37800.056 5.795788848799879e-06
37850.056 5.64288333669981e-06
37900.056 5.707739893100383e-06
37950.056 5.750885775200245e-06
38000.056 5.687446750300595e-06
38050.056 5.674271913700409e-06
38100.056 5.5163283568002335e-06
38150.056 5.834585847799402e-06
38200.056 5.903305441099405e-06
38250.056 5.57279952380059e-06
38300.056 5.512622870799928e-06
38350.056 5.695858794399989e-06
38400.056 5.777867723699824e-06
38450.056 5.809304369000479e-06
38500.056 5.673559695399766e-06
38550.056 5.727968676400384e-06
38600.056 6.1253274388997746e-06
38650.056 5.485968657600172e-06
38700.056 5.5642849329007156e-06
38750.056 5.833966967299948e-06
38800.056 5.720228105000754e-06
38850.056 5.777625857700206e-06
38900.056 5.54494481619997e-06
38950.056 5.804734789699729e-06
39000.056 5.703548592100097e-06
39050.056 5.765471113599944e-06
39100.056 5.491694834799969e-06
39150.056 5.629178891100221e-06
39200.056 5.756474211100179e-06
39250.056 5.744465138299362e-06
39300.056 5.759634749799155e-06
39350.056 5.7086403565004806e-06
39400.056 5.608617021800143e-06
39450.056 5.671545621699849e-06
39500.056 5.5642162271997995e-06
39550.056 5.466976449199113e-06
39600.056 5.868272552500232e-06
39650.056 5.4056728406001765e-06
39700.056 5.57412856699994e-06
39750.056 5.631009397999496e-06
39800.056 5.322047631300274e-06
39850.056 5.505473413999753e-06
39900.056 5.356821535599709e-06
39950.056 5.577847824299787e-06
40000.056 5.268981292399686e-06
40050.056 5.005517939099908e-06
40100.056 5.319226620399849e-06
40150.056 4.999189925199188e-06
40200.056 5.243048419299764e-06
40250.056 5.1476098250986844e-06
40300.056 4.8882737682002835e-06
40350.056 5.081562389700249e-06
40400.056 5.149370695800088e-06
40450.056 4.791706062800719e-06
40500.056 4.587432440400044e-06
40550.056 5.184802885599622e-06
40600.056 4.682630023700348e-06
40650.056 4.899256203600881e-06
40700.056 5.122653300000203e-06
40750.056 4.567101653098848e-06
40800.056 4.534067649000434e-06
40850.056 4.306311422700929e-06
40900.056 4.257362030800582e-06
40950.056 4.551455725799985e-06
41000.056 4.689553786100213e-06
41050.056 4.625147788599195e-06
41100.056 4.378623897400301e-06
41150.056 4.67811618980018e-06
41200.056 4.42056928700007e-06
41250.056 4.510606980800234e-06
41300.056 4.028433128199623e-06
41350.056 4.587687234300206e-06
41400.056 4.353901672300046e-06
41450.056 4.256151724400061e-06
41500.056 4.523008386000183e-06
41550.056 4.463363883500134e-06
41600.056 4.516491147299979e-06
41650.056 4.123573332300503e-06
41700.056 4.000195224499661e-06
41750.056 4.248700182399939e-06
41800.056 4.123726457499686e-06
41850.056 3.8214772259005074e-06
41900.056 4.299194727399555e-06
41950.056 3.893743372400612e-06
42000.056 4.040205987400268e-06
42050.056 3.7791337949990173e-06
42100.056 4.104507801600313e-06
42150.056 3.45887929604912e-06
42200.056 3.589833005380171e-06
42250.056 3.898996328299706e-06
42300.056 3.4577823090000435e-06
42350.056 3.880858844500678e-06
42400.056 3.5084649215003784e-06
42450.056 3.1111117944002205e-06
42500.056 3.2805767862003282e-06
42550.056 3.400689534699861e-06
42600.056 3.337269834900493e-06
42650.056 3.109866206998813e-06
42700.056 3.4071657008007962e-06
42750.056 3.215342078999893e-06
42800.056 3.235848913700619e-06
42850.056 3.4024880606997995e-06
42900.056 3.323281845900192e-06
42950.056 3.017173948798875e-06
43000.056 3.1444623125999198e-06
43050.056 3.0548401611012122e-06
43100.056 3.189200841499852e-06
43150.056 3.2440207849005474e-06
43200.056 3.1265574955000615e-06
43250.056 3.103894529540231e-06
43300.056 3.2080740445002442e-06
43350.056 2.9674218930996643e-06
43400.056 2.9676168891999294e-06
43450.056 3.0081325999006716e-06
43500.056 2.9308730080994837e-06
43550.056 2.9950678119000146e-06
43600.056 3.097505665100156e-06
43650.056 2.811932988140274e-06
43700.056 2.7771854769996536e-06
43750.056 2.8320705719001597e-06
43800.056 2.689935207500178e-06
43850.056 2.7725126363005034e-06
43900.056 2.8419174246999384e-06
43950.056 2.706629485570329e-06
44000.056 2.5367419362002673e-06
44050.056 2.5502633698001534e-06
44100.056 2.617620474000496e-06
44150.056 2.78009382079961e-06
44200.056 2.5722125045100317e-06
44250.056 2.5494596615999145e-06
44300.056 2.4842986141004335e-06
44350.056 2.4456959671001384e-06
44400.056 2.510202575299921e-06
44450.056 2.646184880700158e-06
44500.056 2.628464131900303e-06
44550.056 2.3738459719394544e-06
44600.056 2.428219394380257e-06
44650.056 2.5984071270200816e-06
44700.056 2.4339317159001653e-06
44750.056 2.5423541055596417e-06
44800.056 2.562304824809959e-06
44850.056 2.5771778969001664e-06
44900.056 2.443690281600323e-06
44950.056 2.276353239280023e-06
45000.056 2.4966970663999545e-06
45050.056 2.450881492299705e-06
45100.056 2.5735261842999214e-06
45150.056 2.449513711489984e-06
45200.056 2.264662466199918e-06
45250.056 2.341398609159747e-06
45300.056 2.4832717365000857e-06
45350.056 2.5536244625896925e-06
45400.056 2.4414440411803105e-06
45450.056 2.2688430601896495e-06
45500.056 2.3258220672998458e-06
45550.056 2.5618728743697786e-06
45600.056 2.4167661111999573e-06
45650.056 2.2212221364995307e-06
45700.056 2.4392264454002713e-06
45750.056 2.331638749669927e-06
45800.056 2.3051562646399437e-06
45850.056 2.639695825400028e-06
45900.056 2.555338445860014e-06
45950.056 2.3051614817599557e-06
46000.056 2.643033167390022e-06
46050.056 2.7026552286706555e-06
46100.056 2.2989801816201475e-06
46150.056 2.351966478459923e-06
46200.056 2.5898962058805853e-06
46250.056 2.2118662141399455e-06
46300.056 2.7346920539799325e-06
46350.056 2.2981664766697907e-06
46400.056 2.4655125916797422e-06
46450.056 2.418063961120473e-06
46500.056 2.320483958909901e-06
46550.056 2.633442250659918e-06
46600.056 2.4590534033398944e-06
46650.056 2.9153016149599407e-06
46700.056 2.7852457697407684e-06
46750.056 2.355553020599953e-06
46800.056 2.5623898382404015e-06
46850.056 2.6377913336000887e-06
46900.056 2.5447884932195724e-06
46950.056 2.81820135625015e-06
47000.056 2.538887421700014e-06
47050.056 2.685954444249762e-06
47100.056 2.3824677037200537e-06
47150.056 2.5890112889603977e-06
47200.056 2.553036978920665e-06
47250.056 2.485886513169428e-06
47300.056 2.604555616189385e-06
47350.056 2.236610368139626e-06
47400.056 2.6020127242594236e-06
47450.056 2.639474442939875e-06
47500.056 2.516735229799493e-06
47550.056 2.4778771190996248e-06
47600.056 2.6954300574998305e-06
47650.056 2.0772120576094887e-06
47700.056 2.6928755511199716e-06
47750.056 2.013940594100573e-06
47800.056 2.6626426785997986e-06
47850.056 2.1209442747694157e-06
47900.056 2.736696748500113e-06
47950.056 2.109501887440505e-06
48000.056 2.89717529150003e-06
48050.056 2.2609717747003907e-06
48100.056 2.446591335529968e-06
48150.056 2.2358787686402266e-06
48200.056 2.71760792984049e-06
48250.056 2.282206501679864e-06
48300.056 2.8628970191998113e-06
48350.056 2.0367864843195205e-06
48400.056 2.645851253219948e-06
48450.056 2.2829058452301652e-06
48500.056 2.8562373945200153e-06
48550.056 2.0845034437400095e-06
48600.056 2.742441752999758e-06
48650.056 2.1086822480199872e-06
48700.056 2.6035861420000816e-06
48750.056 1.929751066570276e-06
48800.056 2.820849206240173e-06
48850.056 2.0971243013096216e-06
48900.056 2.673840505000142e-06
48950.056 2.414164491640146e-06
49000.056 2.4103218156199147e-06
49050.056 2.5063345586997994e-06
49100.056 2.365572777440151e-06
49150.056 2.3790296402299923e-06
49200.056 2.4236475779298703e-06
49250.056 2.371440903700093e-06
49300.056 2.188557062069635e-06
49350.056 2.2465048454999363e-06
49400.056 2.626577305000271e-06
49450.056 2.2809767291305308e-06
49500.056 2.3329217548003323e-06
49550.056 2.1470621009998956e-06
49600.056 2.2397114762003593e-06
49650.056 2.3259267310002466e-06
49700.056 2.029348758079792e-06
49750.056 2.8763154039995852e-06
49800.056 2.2964737966400572e-06
49850.056 2.726850793140055e-06
49900.056 2.2536226701801014e-06
49950.056 2.3556150279994653e-06
50000.056 2.2860413679794725e-06
50050.056 2.366549026480122e-06
50100.056 2.4486263999998524e-06
50150.056 2.199336234159976e-06
50200.056 2.0497710924001634e-06
50250.056 2.2249973009002065e-06
50300.056 2.134114570649744e-06
50350.056 2.418459347209929e-06
50400.056 2.250227879599997e-06
50450.056 2.1740722691402523e-06
50500.056 2.74818623120034e-06
50550.056 2.2599060074998414e-06
50600.056 2.3903371254201268e-06
50650.056 2.2720560306005305e-06
50700.056 2.4932925923794434e-06
50750.056 2.4833260273402824e-06
50800.056 1.980826348809821e-06
50850.056 2.3030223891202965e-06
50900.056 2.321133564799925e-06
50950.056 2.400932961150389e-06
51000.056 2.6984452025002603e-06
51050.056 2.167373448820306e-06
51100.056 2.1597995599999027e-06
51150.056 2.441068897510048e-06
51200.056 2.2147658328398837e-06
51250.056 2.48133503408007e-06
51300.056 2.1391576498805435e-06
51350.056 2.391080869099846e-06
51400.056 2.3216329888994183e-06
51450.056 1.7357069047297485e-06
51500.056 2.371893171730034e-06
51550.056 2.7408241661202273e-06
51600.056 1.9114956066699245e-06
51650.056 2.341397648999677e-06
51700.056 2.1110563176393327e-06
51750.056 2.1017720170001113e-06
51800.056 2.408523045699672e-06
51850.056 2.3834672448997687e-06
51900.056 2.498982801100277e-06
51950.056 2.2630417269997595e-06
52000.056 2.047744155239987e-06
52050.056 2.376370465569807e-06
52100.056 2.285700459999584e-06
52150.056 2.2949286662902505e-06
52200.056 2.202494923810119e-06
52250.056 2.187822829599954e-06
52300.056 2.3052450986999705e-06
52350.056 2.531119551620236e-06
52400.056 1.947214425800103e-06
52450.056 2.2022108537000127e-06
52500.056 2.3973634358994348e-06
52550.056 2.215861842399496e-06
52600.056 2.3216846930201124e-06
52650.056 2.5808413827904155e-06
52700.056 2.2263549861500734e-06
52750.056 1.9137846105498413e-06
52800.056 2.1101653320001636e-06
52850.056 2.0178612971699465e-06
52900.056 2.2879314644401784e-06
52950.056 2.156898433899672e-06
53000.056 2.40757805987972e-06
53050.056 2.2901144313096433e-06
53100.056 2.056943813359622e-06
53150.056 2.459718820500446e-06
53200.056 1.8478307938003575e-06
53250.056 2.46159212229994e-06
53300.056 2.4055986815007096e-06
53350.056 2.4354072058997415e-06
53400.056 2.1620797088001447e-06
53450.056 2.094039522350063e-06
53500.056 1.883973552089688e-06
53550.056 2.3371006272999173e-06
53600.056 2.357877420630361e-06
53650.056 2.01598134178042e-06
53700.056 2.1022179772704727e-06
53750.056 2.3706874744498284e-06
