galfind/configs/Brown_Dwarf_templates/sonora_bobcat/m+0.5/1000g/sp_t400g1000nc_m+0.5_resample.dat
# %ECSV 1.0
# ---
# datatype:
# - {name: wav, unit: Angstrom, datatype: float64}
# - {name: flux_nu, unit: erg / (cm2 Hz s), datatype: float64}
# meta: {C/O: '1.00', Kzz: '1.0000E+05', Teff: '400.', Y: '0.28', '[Fe/H]': '0.50', f_hole: '1.00', f_rain: '0.00', grav: '1000.'}
# schema: astropy-2.0
wav flux_nu
4000.0559999999996 nan
4050.0559999999996 2.2347826358240494e-17
4100.056 7.528131939600114e-16
4150.056 4.48831159210004e-15
4200.056 4.801234569960023e-15
4250.056 3.219195340300026e-14
4300.056 7.153213515300033e-14
4350.056 1.2912994531900049e-13
4400.056 2.1479584820000077e-13
4450.056 3.36977574500001e-13
4500.056 5.090301266400016e-13
4550.056 5.534448055999974e-13
4600.056 1.5358649118999945e-13
4650.056 9.536960512799961e-14
4700.056 5.745816616499973e-14
4750.056 3.374557457999986e-14
4800.056 2.2733224203999924e-14
4850.056 1.5379239504999947e-14
4900.056 1.1585923505999973e-14
4950.056 9.13430832159998e-15
5000.056 6.569540221899976e-15
5050.056 4.9804190434000086e-15
5100.056 5.195918089500022e-15
5150.056 5.691152742000002e-15
5200.056 6.2379143941000095e-15
5250.056 6.744612709400005e-15
5300.056 7.293924050800008e-15
5350.056 7.924528863200008e-15
5400.056 8.52882690400001e-15
5450.056 9.250044135500027e-15
5500.056 1.004409208570001e-14
5550.056 1.0836569853000007e-14
5600.056 1.153794628900001e-14
5650.056 1.2102741799999999e-14
5700.056 1.2168417516600015e-14
5750.056 1.2029445487999995e-14
5800.056 1.079453631359997e-14
5850.056 7.553597658899915e-15
5900.056 2.415017378731117e-15
5950.056 1.3960880843500317e-14
6000.056 2.8654833554000003e-14
6050.056 5.10330217190004e-14
6100.056 8.297171567800067e-14
6150.056 1.2703847627000076e-13
6200.056 1.8690358292000096e-13
6250.056 2.599370978400007e-13
6300.056 3.6371373791000094e-13
6350.056 4.986854456300013e-13
6400.056 6.745322920900028e-13
6450.056 8.428554851899955e-13
6500.056 1.1237084531900103e-12
6550.056 1.5240028645599845e-12
6600.056 2.0446397643500318e-12
6650.056 2.748610116900016e-12
6700.056 3.380997656400015e-12
6750.056 4.4940916506000166e-12
6800.056 5.149130672100013e-12
6850.056 5.072838414399992e-12
6900.056 4.0084335905000065e-12
6950.056 2.956747988560009e-12
7000.056 3.0537707734999543e-12
7050.056 3.105937614599986e-12
7100.056 3.396934965699978e-12
7150.056 2.742591958205931e-12
7200.056 2.2070967912879382e-12
7250.056 2.3793028922889042e-12
7300.056 2.323261275072153e-12
7350.056 2.741823992608984e-12
7400.056 3.1496895609600686e-12
7450.056 3.766018742500097e-12
7500.056 4.263207268900005e-12
7550.056 4.6391688003000085e-12
7600.056 4.833702037899997e-12
7650.056 2.7131371971599564e-12
7700.056 2.6675890621900438e-12
7750.056 5.805815021000057e-12
7800.056 7.334228829100011e-12
7850.056 9.064305533399937e-12
7900.056 1.1349597055899988e-11
7950.056 1.3215880325300047e-11
8000.056 1.70785100650001e-11
8050.056 2.05819659480002e-11
8100.056 1.7814270177499405e-11
8150.056 1.519816998487573e-11
8200.056 2.740917095191674e-11
8250.056 2.991886361324052e-11
8300.056 3.596981954529349e-11
8350.056 4.2363087395789484e-11
8400.056 5.325226397490042e-11
8450.056 7.402688770299985e-11
8500.056 9.016123288299938e-11
8550.056 1.1401562794900183e-10
8600.056 1.3980625311000079e-10
8650.056 1.6214196081000091e-10
8700.056 1.755127585300013e-10
8750.056 1.9577956109000104e-10
8800.056 2.038657808199993e-10
8850.056 1.757981975429951e-10
8900.056 4.9021542629996284e-11
8950.056 3.5182938616020593e-11
9000.056 3.3115529258794035e-11
9050.056 1.135822404016806e-10
9100.056 1.282071264937291e-10
9150.056 1.4534742410479273e-10
9200.056 2.2859245719443206e-10
9250.056 1.77284802129658e-10
9300.056 4.329417402284524e-12
9350.056 7.856076406764991e-12
9400.056 4.665805048484534e-11
9450.056 3.526625376468191e-11
9500.056 2.706859715740736e-11
9550.056 2.6795984945578007e-11
9600.056 3.252911831439385e-11
9650.056 6.320915526053642e-11
9700.056 1.8346486338745533e-10
9750.056 1.6246802546976835e-10
9800.056 2.057203940642459e-10
9850.056 2.6188134677591306e-10
9900.056 3.8098574119102277e-10
9950.056 4.1340081263701936e-10
10000.056 4.384802705356946e-10
10050.056 5.753751976900074e-10
10100.056 6.485438167700068e-10
10150.056 5.5146987958e-10
10200.056 3.960606911720326e-10
10250.056 5.139788009874036e-10
10300.056 7.783072472749563e-10
10350.056 5.721650673830276e-10
10400.056 1.062689851630047e-09
10450.056 1.4893868091998227e-09
10500.056 1.982295486030001e-09
10550.056 2.66986911850003e-09
10600.056 3.109180504800037e-09
10650.056 3.355451918800027e-09
10700.056 3.207736495799992e-09
10750.056 3.363926005169976e-09
10800.056 3.247260945080029e-09
10850.056 2.887107395890049e-09
10900.056 2.089207291749918e-09
10950.056 8.858139812319829e-10
11000.056 3.8913433400285125e-10
11050.056 1.4367319725344282e-10
11100.056 5.1516747907515634e-11
11150.056 1.4459301328870946e-11
11200.056 9.144531259528224e-12
11250.056 1.1857045643928222e-11
11300.056 2.237488700435288e-11
11350.056 4.891212549575875e-12
11400.056 4.077019654495132e-11
11450.056 1.7436717802746526e-11
11500.056 1.734821200145496e-11
11550.056 3.3674313308995453e-12
11600.056 1.280666313778461e-12
11650.056 8.146528983832056e-12
11700.056 1.1934687364122678e-11
11750.056 3.1236999504216203e-12
11800.056 2.1507995524005125e-11
11850.056 3.152222656539203e-11
11900.056 3.6034502533367944e-11
11950.056 6.179562740940845e-11
12000.056 1.074377537879086e-10
12050.056 1.9294894402500148e-10
12100.056 2.6204986173297527e-10
12150.056 4.152141257406143e-10
12200.056 5.009404360380096e-10
12250.056 8.466256128086723e-10
12300.056 1.4854338523531017e-09
12350.056 1.7756457815440002e-09
12400.056 2.8726884317199738e-09
12450.056 4.352813148300074e-09
12500.056 5.139033416600187e-09
12550.056 6.146005833500031e-09
12600.056 7.740323577400305e-09
12650.056 9.07281921389988e-09
12700.056 9.070972320299975e-09
12750.056 5.963496947700141e-09
12800.056 3.776663080819787e-09
12850.056 1.859622184409909e-09
12900.056 1.25610211424626e-09
12950.056 8.736128509950643e-10
13000.056 1.0360723168461637e-09
13050.056 5.645578011910226e-10
13100.056 5.260982772305423e-10
13150.056 2.6287146808224335e-10
13200.056 3.026161716042337e-10
13250.056 2.2707203724450216e-10
13300.056 7.36245681864396e-11
13350.056 2.5670320045701145e-11
13400.056 6.709681384093203e-12
13450.056 1.3608723515087374e-12
13500.056 3.598178389456147e-13
13550.056 6.541375656878281e-14
13600.056 1.131731495975186e-14
13650.056 1.1545806391183172e-13
13700.056 5.083491407628618e-14
13750.056 2.7149871293302266e-13
13800.056 2.506821565389582e-13
13850.056 7.700198274655295e-14
13900.056 1.7548139934485175e-13
13950.056 1.513220050145301e-13
14000.056 2.3532438938781645e-13
14050.056 3.784879201370862e-13
14100.056 3.330044027492447e-13
14150.056 9.72135756962583e-13
14200.056 5.998969244810241e-13
14250.056 9.59637509655693e-13
14300.056 4.00930981498806e-12
14350.056 2.889126113179375e-12
14400.056 2.83497823058234e-12
14450.056 6.723322002767211e-12
14500.056 1.5876466346848495e-11
14550.056 1.747076000296165e-11
14600.056 2.8981489947687945e-11
14650.056 1.0822010690090023e-11
14700.056 4.3260643722616694e-12
14750.056 1.584657656610397e-12
14800.056 2.1426818339273465e-12
14850.056 2.5708262634184267e-12
14900.056 2.450963233731015e-12
14950.056 1.6431189602517239e-12
15000.056 6.200683554504411e-12
15050.056 6.6779379505938876e-12
15100.056 2.6483649264073984e-12
15150.056 9.078472627557557e-13
15200.056 4.674629457421586e-12
15250.056 1.1416141572268377e-11
15300.056 1.5961448233747293e-11
15350.056 2.2739482903058616e-11
15400.056 2.881015002478366e-11
15450.056 4.4075989803224553e-11
15500.056 5.938506879714518e-11
15550.056 1.4235552552022281e-10
15600.056 2.6591405004805714e-10
15650.056 5.452161855990972e-10
15700.056 1.077230301410045e-09
15750.056 1.547847135140066e-09
15800.056 2.090134106169991e-09
15850.056 2.7799016411702275e-09
15900.056 3.0506893506299995e-09
15950.056 3.370817861599957e-09
16000.056 2.710658906000025e-09
16050.056 1.598392339679905e-09
16100.056 8.424788790749811e-10
16150.056 3.8090204770375885e-10
16200.056 1.5210332044906224e-10
16250.056 7.71582941868015e-11
16300.056 3.985360537516223e-11
16350.056 5.579749621582175e-11
16400.056 6.833418918287626e-11
16450.056 6.72082574259738e-11
16500.056 5.1364935100946456e-11
16550.056 5.245980080700451e-11
16600.056 1.261186056332923e-10
16650.056 7.960451383019238e-11
16700.056 8.97443182377473e-12
16750.056 4.0674087536649514e-11
16800.056 6.822860504336506e-11
16850.056 7.409251189112648e-11
16900.056 2.6856051578640526e-11
16950.056 1.6002597225356514e-11
17000.056 7.0298679420674965e-12
17050.056 1.70790628375076e-11
17100.056 3.821281172237801e-11
17150.056 1.9658764971345615e-11
17200.056 8.538666181091117e-11
17250.056 3.030671857682498e-11
17300.056 2.026575487112043e-11
17350.056 2.574083081809547e-11
17400.056 5.456788483967898e-11
17450.056 7.354918004919364e-11
17500.056 1.0810999236995941e-10
17550.056 8.704867071138513e-11
17600.056 7.123433275187678e-11
17650.056 4.79149005273947e-11
17700.056 4.1096985492977495e-11
17750.056 3.1971115149618185e-11
17800.056 8.440976482410801e-11
17850.056 3.3208095619827946e-11
17900.056 2.1536661193496418e-11
17950.056 1.2988628244584111e-11
18000.056 2.8433707912063625e-11
18050.056 1.1813377226196274e-11
18100.056 1.4747355926950823e-11
18150.056 9.622946331871425e-12
18200.056 6.461440139398934e-12
18250.056 3.2752167165411534e-11
18300.056 3.1675647565825933e-12
18350.056 2.801454270142053e-12
18400.056 1.5456020329774085e-12
18450.056 1.6048450186268093e-11
18500.056 1.637189965157703e-11
18550.056 6.194231141427586e-12
18600.056 1.0056181555680218e-11
18650.056 5.964275104225561e-12
18700.056 7.08398136859251e-13
18750.056 1.9369397394087595e-12
18800.056 2.99917806036287e-11
18850.056 2.680411121521639e-11
18900.056 2.491767652371444e-11
18950.056 4.7569987888563795e-11
19000.056 6.906055865113338e-12
19050.056 2.4222941944876298e-12
19100.056 9.135713869233372e-12
19150.056 2.9835037122160033e-12
19200.056 6.595469463248023e-12
19250.056 4.1956178471335504e-12
19300.056 2.3368748891679236e-12
19350.056 2.231346905908111e-12
19400.056 1.726869513379234e-12
19450.056 3.1613587897264276e-12
19500.056 2.171646528339452e-12
19550.056 5.492496730405868e-12
19600.056 1.4283741035713548e-11
19650.056 8.72078182058412e-12
19700.056 1.4728589875347007e-11
19750.056 2.549066373444522e-11
19800.056 1.3358314070146345e-11
19850.056 1.6692581214747002e-11
19900.056 2.860153864146108e-11
19950.056 4.9667678838630555e-11
20000.056 6.729574142000391e-11
20050.056 4.128657608163861e-11
20100.056 8.19998157990256e-11
20150.056 4.534348868350806e-11
20200.056 2.486741837829391e-11
20250.056 7.108934239496757e-11
20300.056 9.387273414803525e-11
20350.056 1.0999109855233154e-10
20400.056 7.904281812320048e-11
20450.056 1.9177263750158326e-10
20500.056 2.3218503224959028e-10
20550.056 2.839843130853863e-10
20600.056 3.217819544276688e-10
20650.056 4.3867503012096495e-10
20700.056 5.239785046259862e-10
20750.056 6.283563410399697e-10
20800.056 6.179846652498937e-10
20850.056 8.057392948400238e-10
20900.056 8.807147192899652e-10
20950.056 8.670588225500364e-10
21000.056 8.606052721800161e-10
21050.056 9.485633767799642e-10
21100.056 9.001037174500109e-10
21150.056 8.960467434499547e-10
21200.056 8.272210562300392e-10
21250.056 7.536587509409206e-10
21300.056 6.181733553290334e-10
21350.056 5.987553714613623e-10
21400.056 5.736390463250304e-10
21450.056 4.211885530949726e-10
21500.056 3.451291803844354e-10
21550.056 3.14700105291549e-10
21600.056 2.5710647518124935e-10
21650.056 1.6217034360297653e-10
21700.056 1.330372043943008e-10
21750.056 1.2448460855207946e-10
21800.056 7.171793029756666e-11
21850.056 6.734074519644802e-11
21900.056 4.300801741212472e-11
21950.056 1.4542546543850039e-11
22000.056 1.2957432341993609e-12
22050.056 2.898155156571305e-12
22100.056 1.4040304819666656e-11
22150.056 8.55687869145512e-12
22200.056 8.329734472431095e-12
22250.056 6.6563880374611845e-12
22300.056 2.4581904882819982e-12
22350.056 3.781082271143151e-12
22400.056 9.55304002001223e-13
22450.056 2.0876741559399695e-12
22500.056 1.5525864259213242e-12
22550.056 6.087436332468776e-13
22600.056 4.641216879259167e-13
22650.056 1.0282405973471264e-12
22700.056 9.543302310353292e-13
22750.056 1.808878119011382e-12
22800.056 2.0277293706354396e-12
22850.056 1.2681353892922627e-12
22900.056 8.391718714180655e-13
22950.056 5.711443879743529e-13
23000.056 8.310993466853423e-13
23050.056 9.4067676090875e-13
23100.056 1.1376076590890693e-11
23150.056 1.0993785019307356e-11
23200.056 1.8282197657631108e-13
23250.056 1.4246198513582075e-12
23300.056 1.108119876814841e-12
23350.056 1.7234932992040697e-12
23400.056 1.1726469158522006e-12
23450.056 5.565994111971569e-13
23500.056 6.388561694747054e-13
23550.056 1.7946998518131152e-12
23600.056 5.366856948028911e-12
23650.056 6.535765343410132e-12
23700.056 6.990647858129433e-13
23750.056 8.915965777137441e-13
23800.056 7.087007384609289e-12
23850.056 3.581416631281695e-12
23900.056 1.0416488754888431e-11
23950.056 3.751504165171337e-12
24000.056 1.2656542578407191e-11
24050.056 1.4071236084628316e-11
24100.056 2.002598220872429e-11
24150.056 3.0290785836182096e-11
24200.056 1.6563579309085293e-11
24250.056 1.2467078382701615e-11
24300.056 3.155626156208669e-11
24350.056 2.1582498112335773e-11
24400.056 6.751164390922176e-11
24450.056 7.122648197674112e-11
24500.056 5.676256582616664e-11
24550.056 1.1359641066040315e-10
24600.056 1.232414117375971e-10
24650.056 2.0184406619770783e-10
24700.056 1.1200466121280778e-10
24750.056 1.550652227196008e-10
24800.056 1.1328792897672896e-10
24850.056 2.125711266897062e-10
24900.056 6.610304430482165e-11
24950.056 1.5440877349310767e-10
25000.056 1.5691385583118702e-10
25050.056 7.699220180372912e-11
25100.056 1.4341394135406793e-10
25150.056 5.272433099671515e-11
25200.056 7.906295420575122e-11
25250.056 2.301970156005797e-11
25300.056 3.1263520165492655e-11
25350.056 1.2582598025688088e-11
25400.056 3.7028430925206807e-11
25450.056 8.477700361234336e-12
25500.056 6.491172998960491e-12
25550.056 1.867842095056872e-11
25600.056 8.149782012486333e-12
25650.056 3.0098094482194664e-12
25700.056 2.3954908114793084e-12
25750.056 5.790626721391593e-13
25800.056 4.346288513714512e-12
25850.056 5.274770500306788e-13
25900.056 7.655779745387083e-13
25950.056 1.2271806226663225e-13
26000.056 3.208392780164976e-12
26050.056 1.9712084215063624e-13
26100.056 1.4809140805777353e-12
26150.056 4.564410684342718e-13
26200.056 7.078607863823411e-13
26250.056 8.62873118252506e-12
26300.056 8.958630053190742e-13
26350.056 2.2642883702045572e-11
26400.056 4.326715081757357e-11
26450.056 1.951255864295215e-11
26500.056 6.647361617703155e-11
26550.056 3.2433474742308e-12
26600.056 3.2603740669295995e-12
26650.056 2.883642363814536e-13
26700.056 1.662883620408289e-13
26750.056 3.4592095116283863e-13
26800.056 1.7212720933529688e-12
26850.056 8.826970949648852e-13
26900.056 6.110531756173833e-12
26950.056 1.462325782099953e-12
27000.056 1.0958055741561002e-11
27050.056 1.7838843608871555e-11
27100.056 6.721663910002499e-13
27150.056 1.7163124461329338e-11
27200.056 6.702362731978735e-13
27250.056 4.005339619248719e-12
27300.056 5.653803866481501e-11
27350.056 1.2097639117125083e-11
27400.056 3.7201818164757587e-13
27450.056 1.8737358222411807e-11
27500.056 2.6144847106471654e-11
27550.056 2.3299301352248006e-12
27600.056 9.519477994056711e-12
27650.056 1.771139113759038e-12
27700.056 1.906675349899852e-12
27750.056 1.8203482236952784e-11
27800.056 4.5803192748121504e-12
27850.056 9.762078000883647e-12
27900.056 1.1855472359299842e-11
27950.056 2.9523024130923484e-11
28000.056 3.04742706147192e-11
28050.056 2.1758846862488236e-12
28100.056 3.4314611611973196e-11
28150.056 2.3580254636982902e-11
28200.056 4.215479617608161e-12
28250.056 4.8466153371174595e-11
28300.056 4.3592686110883834e-11
28350.056 5.4711875112348e-12
28400.056 2.8154971653125777e-11
28450.056 6.003192121021481e-11
28500.056 2.844243514734476e-11
28550.056 4.529335473658209e-12
28600.056 5.443622824129824e-11
28650.056 2.8530798087804856e-11
28700.056 5.670662571189893e-11
28750.056 9.474424099876873e-11
28800.056 2.8028449272908487e-11
28850.056 1.0193600354362381e-10
