galfind/configs/Brown_Dwarf_templates/sonora_bobcat/m+0.5/1000g/sp_t2000g1000nc_m+0.5_resample.dat
# %ECSV 1.0
# ---
# datatype:
# - {name: wav, unit: Angstrom, datatype: float64}
# - {name: flux_nu, unit: erg / (cm2 Hz s), datatype: float64}
# meta: {C/O: '1.00', Kzz: '1.0000E+05', Teff: '2000.', Y: '0.28', '[Fe/H]': '0.50', f_hole: '1.00', f_rain: '0.00', grav: '1000.'}
# schema: astropy-2.0
wav flux_nu
4000.0559999999996 nan
4050.0559999999996 4.889512400121897e-09
4100.056 6.91649517617067e-09
4150.056 5.595110381440616e-09
4200.056 4.032228721062296e-09
4250.056 3.5844484391410722e-09
4300.056 2.4127935119508203e-09
4350.056 2.5511392624900895e-09
4400.056 2.7374960895908478e-09
4450.056 1.7908080569701232e-09
4500.056 1.8884276923201586e-09
4550.056 2.3725502703294398e-09
4600.056 2.1315293010298892e-09
4650.056 1.8966173824098136e-09
4700.056 2.3193395432202207e-09
4750.056 2.7267575286295513e-09
4800.056 1.880560913270233e-09
4850.056 2.388592336330261e-09
4900.056 3.777524832299805e-09
4950.056 4.311193733830057e-09
5000.056 2.3581171961496646e-09
5050.056 2.5335788067601868e-09
5100.056 3.1369389152005304e-09
5150.056 2.852045469690741e-09
5200.056 2.5202327358499516e-09
5250.056 3.2193634206101618e-09
5300.056 3.6365535671999955e-09
5350.056 3.755629462200242e-09
5400.056 3.818026170900019e-09
5450.056 3.0816431267498856e-09
5500.056 2.352350103669942e-09
5550.056 2.3454836198999137e-09
5600.056 1.9928413932000534e-09
5650.056 1.5582316276999812e-09
5700.056 1.0962336807099926e-09
5750.056 6.035390821099858e-10
5800.056 2.640623171699955e-10
5850.056 6.947772779859815e-11
5900.056 5.724772149594678e-12
5950.056 1.7761078292700474e-10
6000.056 8.236338276100149e-10
6050.056 2.3205946335000323e-09
6100.056 4.423495425700147e-09
6150.056 6.982199413999895e-09
6200.056 8.771342844400004e-09
6250.056 1.1730617881500226e-08
6300.056 1.6458610196000185e-08
6350.056 2.1097194586000484e-08
6400.056 2.5980336596000052e-08
6450.056 3.201761292099752e-08
6500.056 3.5341478980996765e-08
6550.056 4.2034254294996766e-08
6600.056 4.409803644200108e-08
6650.056 4.282717598700297e-08
6700.056 3.054119509680338e-08
6750.056 4.451374174100164e-08
6800.056 5.0481088739002546e-08
6850.056 5.879424802100013e-08
6900.056 6.429069536400123e-08
6950.056 7.275031511799852e-08
7000.056 9.157675350699495e-08
7050.056 8.961599477100384e-08
7100.056 6.481367915999779e-08
7150.056 6.165954892200186e-08
7200.056 7.728827548499868e-08
7250.056 9.752733176300666e-08
7300.056 1.2663935024501172e-07
7350.056 1.4976500139100266e-07
7400.056 1.513280179330084e-07
7450.056 1.3944518460698812e-07
7500.056 1.3488561944699845e-07
7550.056 1.2899581470700182e-07
7600.056 8.521845182399696e-08
7650.056 1.2545916657881239e-08
7700.056 3.774211885346247e-09
7750.056 5.361926683600142e-08
7800.056 1.0017303597625602e-07
7850.056 1.502805380690013e-07
7900.056 1.707025332970144e-07
7950.056 1.6748157405256597e-07
8000.056 2.156973412529856e-07
8050.056 3.049156402619789e-07
8100.056 4.2492303069003973e-07
8150.056 5.769505732000122e-07
8200.056 4.3176512617196496e-07
8250.056 5.656383640099867e-07
8300.056 5.104645957101064e-07
8350.056 5.547006828101005e-07
8400.056 5.75135675660034e-07
8450.056 4.192031010799601e-07
8500.056 3.86522857984741e-07
8550.056 4.622257578500368e-07
8600.056 5.227290903898711e-07
8650.056 5.906558841699131e-07
8700.056 5.948742570300419e-07
8750.056 6.968090897900628e-07
8800.056 9.175361975601279e-07
8850.056 9.149434016299968e-07
8900.056 6.907254568400297e-07
8950.056 7.413586812901656e-07
9000.056 9.371452700800837e-07
9050.056 9.589798547699271e-07
9100.056 1.213485376850012e-06
9150.056 1.4264626383200211e-06
9200.056 1.409247390030185e-06
9250.056 1.026145465269976e-06
9300.056 8.664701155380253e-07
9350.056 9.672017178079343e-07
9400.056 1.078080972370118e-06
9450.056 1.2186881803747996e-06
9500.056 1.4295174570798597e-06
9550.056 1.5870178538121967e-06
9600.056 1.685486225460271e-06
9650.056 1.9066714757503196e-06
9700.056 2.0943455027298075e-06
9750.056 1.675100675809946e-06
9800.056 1.8208171936598516e-06
9850.056 1.7944871080698685e-06
9900.056 1.4602634690999124e-06
9950.056 1.1997264702700384e-06
10000.056 1.20179242533993e-06
10050.056 1.2318331486299468e-06
10100.056 1.5298122598503093e-06
10150.056 1.5170428066498787e-06
10200.056 1.6545622095899578e-06
10250.056 1.641718209619664e-06
10300.056 1.569727235179841e-06
10350.056 1.8180090667099037e-06
10400.056 2.0372284019199555e-06
10450.056 2.163231752030356e-06
10500.056 2.1539057272797707e-06
10550.056 2.263040611620283e-06
10600.056 2.469554048410266e-06
10650.056 2.511311802930072e-06
10700.056 2.6172800249701423e-06
10750.056 2.8989789155302722e-06
10800.056 3.161667250729766e-06
10850.056 3.43795361706972e-06
10900.056 3.4544980928698677e-06
10950.056 3.35700593130946e-06
11000.056 3.1743478585700456e-06
11050.056 2.3920818864000165e-06
11100.056 2.581855231939378e-06
11150.056 2.7636396674378653e-06
11200.056 2.8125836248794932e-06
11250.056 3.2564578858689403e-06
11300.056 3.2291307226910514e-06
11350.056 2.9392814726419295e-06
11400.056 2.2191998074300324e-06
11450.056 3.249481542444469e-06
11500.056 3.7992936930045296e-06
11550.056 3.6514435385991086e-06
11600.056 3.8304912545431606e-06
11650.056 3.807186346203443e-06
11700.056 2.7678890614861078e-06
11750.056 2.9201783429678e-06
11800.056 2.963893226198179e-06
11850.056 3.970281070780291e-06
11900.056 4.242090766949215e-06
11950.056 4.041645344099939e-06
12000.056 3.600410715290047e-06
12050.056 4.2137534388000845e-06
12100.056 4.116039206899662e-06
12150.056 4.6749334035996985e-06
12200.056 4.635951731399366e-06
12250.056 5.027041134899536e-06
12300.056 5.181276378300502e-06
12350.056 5.140995661400195e-06
12400.056 4.4308920216997246e-06
12450.056 3.635018551420055e-06
12500.056 3.964687257959417e-06
12550.056 3.994413678490167e-06
12600.056 4.711216457200008e-06
12650.056 4.910190857599657e-06
12700.056 5.318538634500091e-06
12750.056 5.265875977399939e-06
12800.056 5.66293118639966e-06
12850.056 5.4443079100000294e-06
12900.056 5.184997846199458e-06
12950.056 5.351433577399684e-06
13000.056 5.596568626399352e-06
13050.056 5.7858272552496e-06
13100.056 5.813937491719692e-06
13150.056 5.8588313332597306e-06
13200.056 5.6378741480999606e-06
13250.056 5.188529829130125e-06
13300.056 4.508391171901478e-06
13350.056 2.761185400051293e-06
13400.056 2.526014070479786e-06
13450.056 2.197595051840806e-06
13500.056 2.113886246807102e-06
13550.056 1.9665355499831234e-06
13600.056 1.8424017050425612e-06
13650.056 2.1188394587543003e-06
13700.056 1.9032881486893159e-06
13750.056 1.958670570387496e-06
13800.056 2.2684473728492124e-06
13850.056 2.1990015006092356e-06
13900.056 2.138360384923325e-06
13950.056 2.0213485309659522e-06
14000.056 1.8813041093389196e-06
14050.056 1.937590733952221e-06
14100.056 1.6961465416037188e-06
14150.056 1.7793456246721536e-06
14200.056 1.6256176709407178e-06
14250.056 1.5974563572472817e-06
14300.056 1.6663691300387417e-06
14350.056 1.6835500129392333e-06
14400.056 1.7768430069991918e-06
14450.056 1.8497534730801477e-06
14500.056 2.0788064243798027e-06
14550.056 2.115198638770878e-06
14600.056 2.2517857157767103e-06
14650.056 2.2183346625321194e-06
14700.056 2.0454242309678206e-06
14750.056 2.1853180414995387e-06
14800.056 2.283819453601631e-06
14850.056 2.4661162853654897e-06
14900.056 2.4422010294558853e-06
14950.056 2.4754870205504695e-06
15000.056 2.5601435726504035e-06
15050.056 2.8308301711194256e-06
15100.056 2.8327594641602914e-06
15150.056 2.94157800326023e-06
15200.056 3.081675628739785e-06
15250.056 3.127962788129873e-06
15300.056 3.293094066059859e-06
15350.056 3.431101749790047e-06
15400.056 3.5600150753500414e-06
15450.056 3.7263160366402146e-06
15500.056 3.814586460349611e-06
15550.056 4.0261001356997556e-06
15600.056 4.009684879200422e-06
15650.056 4.203019202600108e-06
15700.056 4.494858537601174e-06
15750.056 4.6773296152996e-06
15800.056 4.704649110400667e-06
15850.056 4.355014604500249e-06
15900.056 4.511840965800319e-06
15950.056 4.56595044759982e-06
16000.056 4.660188488599781e-06
16050.056 4.821881335600369e-06
16100.056 5.0000914972001596e-06
16150.056 4.826611094100265e-06
16200.056 5.045516331099846e-06
16250.056 4.971112332999995e-06
16300.056 5.0395542333000465e-06
16350.056 5.3390312969997895e-06
16400.056 5.217586884600368e-06
16450.056 5.385115280300354e-06
16500.056 5.567216534500272e-06
16550.056 5.8586564411999e-06
16600.056 5.526016094300405e-06
16650.056 5.996645605400197e-06
16700.056 5.722178562899343e-06
16750.056 5.794384503499638e-06
16800.056 5.991706228199909e-06
16850.056 6.069153235799638e-06
16900.056 5.856686928500177e-06
16950.056 5.847789026499594e-06
17000.056 5.884477545400515e-06
17050.056 5.796959225000236e-06
17100.056 5.535175038800808e-06
17150.056 5.4595103626602775e-06
17200.056 5.0109745503796285e-06
17250.056 4.68922207878998e-06
17300.056 4.767878825579474e-06
17350.056 4.5766237471405365e-06
17400.056 4.588914709109892e-06
17450.056 4.266802891408148e-06
17500.056 4.10850295900929e-06
17550.056 3.999216107431624e-06
17600.056 3.827400717263886e-06
17650.056 3.899097314403783e-06
17700.056 3.318192031846514e-06
17750.056 3.216483993580928e-06
17800.056 3.2070124690647703e-06
17850.056 2.8971549717643433e-06
17900.056 2.9871957601969697e-06
17950.056 2.8804775626936716e-06
18000.056 2.636558821040172e-06
18050.056 2.6437038061916965e-06
18100.056 2.5396461407617866e-06
18150.056 2.846747779336866e-06
18200.056 2.3198267497483788e-06
18250.056 2.818449812756468e-06
18300.056 2.655498727060955e-06
18350.056 2.506601469989197e-06
18400.056 2.4516288240790937e-06
18450.056 2.2121261803513294e-06
18500.056 2.3278942810174185e-06
18550.056 2.1488660625592626e-06
18600.056 1.8092698263981243e-06
18650.056 2.0930627105884664e-06
18700.056 2.296459640083478e-06
18750.056 2.2037279224046404e-06
18800.056 2.3048011620928133e-06
18850.056 2.6634864667367935e-06
18900.056 2.556458701294811e-06
18950.056 2.6528678776348778e-06
19000.056 2.7936729159095543e-06
19050.056 2.6804795659269783e-06
19100.056 2.8179305985776133e-06
19150.056 2.8855534578559717e-06
19200.056 2.8567617351439013e-06
19250.056 2.714005575243535e-06
19300.056 2.876768031618137e-06
19350.056 2.818128159913982e-06
19400.056 2.410123233797432e-06
19450.056 2.8505765852721906e-06
19500.056 2.860465332111717e-06
19550.056 2.396418992925647e-06
19600.056 2.762926361536782e-06
19650.056 2.7453144411872442e-06
19700.056 2.7562816050942013e-06
19750.056 2.5452312444233035e-06
19800.056 2.7061275137866213e-06
19850.056 2.7671889115437427e-06
19900.056 2.4345789569485395e-06
19950.056 2.8853722684498674e-06
20000.056 2.537317929100318e-06
20050.056 2.7626649741907646e-06
20100.056 2.8076671384885252e-06
20150.056 2.8338752454704056e-06
20200.056 2.9163917122594044e-06
20250.056 3.044743390799766e-06
20300.056 3.0782791816802683e-06
20350.056 3.176668236349616e-06
20400.056 3.168993748988562e-06
20450.056 3.3450583096795858e-06
20500.056 3.3844623219700733e-06
20550.056 3.456187248860056e-06
20600.056 3.686019435420383e-06
20650.056 3.6079891356105054e-06
20700.056 3.7869168633104083e-06
20750.056 3.844693350879517e-06
20800.056 4.019158911160014e-06
20850.056 3.9785918618399445e-06
20900.056 4.222698719399716e-06
20950.056 4.264467454399815e-06
21000.056 4.462453513499821e-06
21050.056 4.5196502843000764e-06
21100.056 4.551940439139948e-06
21150.056 4.796665213900164e-06
21200.056 4.787746197000308e-06
21250.056 5.0421332999995854e-06
21300.056 4.8907862371000555e-06
21350.056 5.2477443405002205e-06
21400.056 5.064163352800346e-06
21450.056 5.593828220799999e-06
21500.056 5.287226222000286e-06
21550.056 5.452222671799721e-06
21600.056 5.623168982000486e-06
21650.056 5.5879868001002236e-06
21700.056 5.866266731999877e-06
21750.056 5.705342320699978e-06
21800.056 5.750232859799646e-06
21850.056 5.780961478499762e-06
21900.056 5.992941082100498e-06
21950.056 5.8585235484001496e-06
22000.056 6.076254038299821e-06
22050.056 5.78984795249941e-06
22100.056 6.012922794299939e-06
22150.056 6.108318177900405e-06
22200.056 5.897503395500927e-06
22250.056 6.290964033700418e-06
22300.056 6.212067086799791e-06
22350.056 5.9772661693002706e-06
22400.056 6.3161676099802716e-06
22450.056 6.1908889155293245e-06
22500.056 6.301861452259798e-06
22550.056 6.218685966199143e-06
22600.056 6.236356752299839e-06
22650.056 6.1201744733809915e-06
22700.056 6.131131103391069e-06
22750.056 6.394526623329771e-06
22800.056 6.072443243310166e-06
22850.056 6.235649820300485e-06
22900.056 6.36450303478977e-06
22950.056 4.23291489573044e-06
23000.056 4.787798594390317e-06
23050.056 5.052648255309484e-06
23100.056 4.786676725175559e-06
23150.056 5.023250824074568e-06
23200.056 4.976538909227196e-06
23250.056 3.942937319869265e-06
23300.056 4.328198940494084e-06
23350.056 4.5306924068261115e-06
23400.056 4.399738349950052e-06
23450.056 4.534078540890056e-06
23500.056 4.510353557749198e-06
23550.056 3.850399250210904e-06
23600.056 3.895459456970744e-06
23650.056 4.239163879409523e-06
23700.056 4.157073146799049e-06
23750.056 4.190056394710779e-06
23800.056 4.131941727200255e-06
23850.056 3.4584530121203975e-06
23900.056 3.843379950029801e-06
23950.056 3.99147982746086e-06
24000.056 3.6694026205192424e-06
24050.056 3.661855694950415e-06
24100.056 3.288611930749261e-06
24150.056 3.2376581151205118e-06
24200.056 3.2393359204189153e-06
24250.056 3.1373541605201925e-06
24300.056 3.042902328620179e-06
24350.056 2.7750408912702394e-06
24400.056 3.0852759337898326e-06
24450.056 2.71415943017984e-06
24500.056 2.5269562148598993e-06
24550.056 2.44963978141013e-06
24600.056 2.5292018550003853e-06
24650.056 2.737994384980012e-06
24700.056 2.23094462405997e-06
24750.056 2.1195709044905218e-06
24800.056 2.068621474196331e-06
24850.056 2.4556592138399363e-06
24900.056 1.7919746944939998e-06
24950.056 2.318126075709713e-06
25000.056 2.0575551283301843e-06
25050.056 1.5853410973404818e-06
25100.056 1.9665389426399577e-06
25150.056 1.6801540002549032e-06
25200.056 1.798600291297828e-06
25250.056 1.661584507367581e-06
25300.056 1.8471526867651022e-06
25350.056 1.4923559856479842e-06
25400.056 1.713594177719641e-06
25450.056 1.4939574813749853e-06
25500.056 1.6189891151835216e-06
25550.056 1.5172124083311583e-06
25600.056 1.5768476835930297e-06
25650.056 1.3800815377919787e-06
25700.056 1.8472807052683234e-06
25750.056 1.2689352816652434e-06
25800.056 1.7347622568483333e-06
25850.056 1.5139611022067914e-06
25900.056 1.7140675909133317e-06
25950.056 1.442160239844e-06
26000.056 1.7304515964106775e-06
26050.056 1.7955850192520666e-06
26100.056 1.8253464833661208e-06
26150.056 1.8037926625175412e-06
26200.056 1.7127143792050462e-06
26250.056 1.7951021347842321e-06
26300.056 1.7724886382801157e-06
26350.056 1.843899720624893e-06
26400.056 1.884536447394626e-06
26450.056 1.8460725375402425e-06
26500.056 1.9556619454993616e-06
26550.056 1.8780446726995714e-06
26600.056 2.249891337763564e-06
26650.056 1.6747813582467053e-06
26700.056 1.728096064713016e-06
26750.056 1.4608717561402675e-06
26800.056 1.7088306852595395e-06
26850.056 1.311606603794104e-06
26900.056 1.7887523917780577e-06
26950.056 1.1894577416219362e-06
27000.056 1.6791356741723445e-06
27050.056 1.3915720564099023e-06
27100.056 1.4037369262856383e-06
27150.056 1.5183913262960188e-06
27200.056 1.4941192064763326e-06
27250.056 1.3701351918216043e-06
27300.056 1.6632667617801083e-06
27350.056 1.5590407610884478e-06
27400.056 1.2716723957889408e-06
27450.056 1.7767499458393632e-06
27500.056 1.6133903523949361e-06
27550.056 1.4843140388379466e-06
27600.056 1.8021482580437632e-06
27650.056 1.3640383706418401e-06
27700.056 1.3054086404561203e-06
27750.056 1.8165938940292082e-06
27800.056 1.2755547086169114e-06
27850.056 1.4225522467573596e-06
27900.056 1.4681146000141124e-06
27950.056 1.7429809337998556e-06
28000.056 1.6119350401494715e-06
28050.056 1.1929756344503475e-06
28100.056 1.8200782665396615e-06
28150.056 1.4184037852280606e-06
28200.056 1.1914008931870648e-06
28250.056 1.5847352662100568e-06
28300.056 1.8430367284662876e-06
28350.056 1.3518168434334934e-06
28400.056 1.4937206099009994e-06
28450.056 1.5640381415896852e-06
28500.056 1.564711665074616e-06
28550.056 1.0837394216125997e-06
28600.056 1.8336060023000094e-06
28650.056 1.6483659050098578e-06
28700.056 1.4553763845437172e-06
28750.056 1.6724193339229593e-06
28800.056 1.59239116292038e-06
