galfind/configs/Brown_Dwarf_templates/sonora_bobcat/m+0.5/1000g/sp_t525g1000nc_m+0.5_resample.dat
# %ECSV 1.0
# ---
# datatype:
# - {name: wav, unit: Angstrom, datatype: float64}
# - {name: flux_nu, unit: erg / (cm2 Hz s), datatype: float64}
# meta: {C/O: '1.00', Kzz: '1.0000E+05', Teff: '525.', Y: '0.28', '[Fe/H]': '0.50', f_hole: '1.00', f_rain: '0.00', grav: '1000.'}
# schema: astropy-2.0
wav flux_nu
[from data line 498]
28900.056 5.140374628451415e-10
28950.056 8.638264864575612e-10
29000.056 6.599817037709257e-10
29050.056 9.496854382540424e-10
29100.056 5.158262611223829e-10
29150.056 8.51980839728514e-10
29200.056 1.0738258490215613e-09
29250.056 1.4737946804632407e-09
29300.056 7.289023548041729e-10
29350.056 2.2691419602284267e-09
29400.056 8.486585671208315e-10
29450.056 7.602033284522808e-10
29500.056 1.8437139654823e-09
29550.056 7.952651123657543e-10
29600.056 1.1282645141865098e-09
29650.056 2.647563939470282e-09
29700.056 7.581375860831785e-10
29750.056 1.925730054478823e-09
29800.056 1.6568235141554853e-09
29850.056 2.3519534222277333e-09
29900.056 1.4413386747780599e-09
29950.056 1.5458758296913633e-09
30000.056 4.7344736545677617e-11
30050.056 1.9664675693807175e-10
30100.056 6.145535932397021e-10
30150.056 2.055260969471229e-09
30200.056 1.5199191979746654e-09
30250.056 3.1412288664903927e-09
30300.056 3.6120214768523926e-09
30350.056 1.2174963525723237e-09
30400.056 3.863628821841971e-09
30450.056 2.321880141084119e-09
30500.056 2.053239553948902e-09
30550.056 1.6130894628871432e-09
30600.056 6.331153611799527e-09
30650.056 2.877770325700125e-09
30700.056 2.2059953921169438e-09
30750.056 3.770728620385504e-09
30800.056 2.835020193549222e-09
30850.056 3.1157319253930826e-09
30900.056 1.8306970233812286e-09
30950.056 1.7086899656560948e-09
31000.056 1.8804116456279264e-09
31050.056 1.7348969935165434e-09
31100.056 9.866459285726884e-10
31150.056 1.8394249750719713e-09
31200.056 3.790673205080697e-09
31250.056 1.9739816766861307e-09
31300.056 1.4234215600396457e-09
31350.056 2.413174019927662e-09
31400.056 1.6611243021348347e-09
31450.056 1.869626225707633e-09
31500.056 7.297122313769758e-10
31550.056 1.225672943912543e-09
31600.056 8.280524075564113e-10
31650.056 7.182476443261495e-10
31700.056 7.405585363231981e-10
31750.056 3.690843139957412e-10
31800.056 7.921840973451639e-10
31850.056 1.8580222658366606e-10
31900.056 4.208371983254177e-10
31950.056 2.3225823048171867e-10
32000.056 2.437427686327623e-10
32050.056 3.162981044661633e-10
32100.056 2.562559687461077e-10
32150.056 3.23320164924724e-10
32200.056 1.6566087022176092e-10
32250.056 4.228333864052035e-10
32300.056 1.368052781668389e-10
32350.056 4.2230756892543416e-10
32400.056 9.591686974340362e-11
32450.056 3.493701993926028e-10
32500.056 1.3033054883620896e-10
32550.056 2.8228463148977997e-10
32600.056 1.6991916050545233e-10
32650.056 6.197624396157914e-10
32700.056 2.4696318684833323e-10
32750.056 1.0783200202474432e-09
32800.056 7.757829461556966e-10
32850.056 1.6578643857209858e-09
32900.056 1.5426016076770621e-09
32950.056 1.6233371656810029e-09
33000.056 7.046812131530975e-10
33050.056 9.127974274958667e-10
33100.056 2.2885093058069317e-10
33150.056 3.9512867716043985e-13
33200.056 7.0524406741279426e-12
33250.056 9.042142110647693e-12
33300.056 4.781144497395154e-11
33350.056 1.5754004058820116e-10
33400.056 4.69416743422111e-10
33450.056 3.863169419601753e-10
33500.056 1.2421353161738916e-09
33550.056 3.374988039960575e-10
33600.056 8.447981738718412e-10
33650.056 7.8335132319388e-10
33700.056 3.3544716864901856e-10
33750.056 1.1026530609689477e-09
33800.056 1.575344842528616e-10
33850.056 5.67462987024471e-10
33900.056 5.929738550331345e-10
33950.056 4.679160261504835e-10
34000.056 9.696373003975911e-10
34050.056 1.809356669998872e-10
34100.056 8.616730349638121e-10
34150.056 3.763584392523425e-10
34200.056 9.030196612431473e-10
34250.056 6.291068974623329e-10
34300.056 5.553867169751706e-10
34350.056 1.0869771855238513e-09
34400.056 3.77191646223676e-10
34450.056 1.1315136792119537e-09
34500.056 6.470874664014673e-10
34550.056 3.799921597996979e-10
34600.056 1.711970537045215e-09
34650.056 3.4964927651921734e-10
34700.056 1.2489718787011738e-09
34750.056 8.298438564721806e-10
34800.056 6.437884631799001e-10
34850.056 1.9690139207441264e-09
34900.056 6.309987124937432e-10
34950.056 1.6858698535874152e-09
35000.056 3.132646319533542e-09
35050.056 1.315168445852319e-09
35100.056 3.2048204742088744e-09
35150.056 2.7837544575457754e-09
35200.056 2.130755679808445e-09
35250.056 3.971794064528789e-09
35300.056 1.6052035605222032e-09
35350.056 2.3244491134575034e-09
35400.056 2.0770710026762284e-09
35450.056 1.5715331678698103e-09
35500.056 5.20142410957587e-09
35550.056 3.126469328193294e-09
35600.056 3.47394438246513e-09
35650.056 3.784094744114183e-09
35700.056 3.6049285003972103e-09
35750.056 5.7263648928792306e-09
35800.056 5.191646290592743e-09
35850.056 2.250589955209303e-09
35900.056 3.312020967827905e-09
35950.056 4.325682250246869e-09
36000.056 4.4434227476807605e-09
36050.056 3.418927196706396e-09
36100.056 3.1270787748470286e-09
36150.056 6.169387146692601e-09
36200.056 6.986983885775488e-09
36250.056 4.832916863892831e-09
36300.056 1.0045189921169952e-08
36350.056 6.4137323020806e-09
36400.056 9.328927626945472e-09
36450.056 8.705609062894161e-09
36500.056 9.871786622612073e-09
36550.056 1.3462564053251012e-08
36600.056 1.4815859708194918e-08
36650.056 1.1125511678403341e-08
36700.056 1.1307212317129421e-08
36750.056 1.465616705470635e-08
36800.056 1.677026299082696e-08
36850.056 1.0395446523183927e-08
36900.056 1.5088755627856834e-08
36950.056 1.6934730167996828e-08
37000.056 1.2246116378785734e-08
37050.056 1.840241992177753e-08
37100.056 1.2813230153640606e-08
37150.056 1.3861553209973168e-08
37200.056 2.1034286454895772e-08
37250.056 1.3654582372157244e-08
37300.056 1.0859674712157836e-08
37350.056 1.752530190988102e-08
37400.056 2.5894373227153137e-08
37450.056 1.1758282474356426e-08
37500.056 1.5331977891155453e-08
37550.056 2.723453940553148e-08
37600.056 3.693385074000719e-08
37650.056 1.3668919499494118e-08
37700.056 2.532386113188201e-08
37750.056 1.7395488526103587e-08
37800.056 1.860856736911347e-08
37850.056 1.0682951036985558e-08
37900.056 1.3181156615164898e-08
37950.056 2.314608227460883e-08
38000.056 2.1948338967527144e-08
38050.056 2.8281367203009546e-08
38100.056 3.478329152081931e-08
38150.056 3.628848886877828e-08
38200.056 3.1595662031712336e-08
38250.056 3.236520380860753e-08
38300.056 4.9147042066385754e-08
38350.056 4.6847213239915333e-08
38400.056 2.2917403362940888e-08
38450.056 1.3787691902740256e-08
38500.056 9.42618958991168e-09
38550.056 2.5369781282507327e-08
38600.056 2.5868206252294448e-08
38650.056 2.9976075828664545e-08
38700.056 2.798855173489563e-08
38750.056 2.7359428300302615e-08
38800.056 2.7328422465848425e-08
38850.056 3.060656000101261e-08
38900.056 3.903990904266853e-08
38950.056 2.4867433010781356e-08
39000.056 3.594531424179097e-08
39050.056 2.642724302201608e-08
39100.056 3.422694674142747e-08
39150.056 4.381024803790085e-08
39200.056 3.235804164399394e-08
39250.056 4.705865191720077e-08
39300.056 3.560638077439516e-08
39350.056 5.5720729904599804e-08
39400.056 3.6659599120810853e-08
39450.056 4.75344292631492e-08
39500.056 5.046433547460642e-08
39550.056 2.9406158751690567e-08
39600.056 4.739071793430176e-08
39650.056 6.124138804199469e-08
39700.056 5.475932219920699e-08
39750.056 3.075160607998391e-08
39800.056 3.648104988059956e-08
39850.056 6.81414639840048e-08
39900.056 7.209002965000336e-08
39950.056 4.0700783114095234e-08
40000.056 6.413907910660117e-08
40050.056 6.481144609769914e-08
40100.056 3.006157827154097e-08
40150.056 6.184932900280354e-08
40200.056 6.54703528423856e-08
40250.056 7.126094807848286e-08
40300.056 7.03950353260069e-08
40350.056 4.849503238978974e-08
40400.056 6.977962861195151e-08
40450.056 4.0139635714287916e-08
40500.056 7.592622459909553e-08
40550.056 8.05786876307717e-08
40600.056 6.897880323600295e-08
40650.056 5.747036223978223e-08
40700.056 1.0333748310699286e-07
40750.056 6.918502908498633e-08
40800.056 4.53794663977835e-08
40850.056 1.1012529054202093e-07
40900.056 9.578087808679275e-08
40950.056 7.813308978515216e-08
41000.056 6.923932769379314e-08
41050.056 1.1513754449297955e-07
41100.056 9.604639683319582e-08
41150.056 4.597662610421649e-08
41200.056 1.1118516310901044e-07
41250.056 9.325769966974774e-08
41300.056 9.149108184900105e-08
41350.056 1.187669163439951e-07
41400.056 1.0007373345200458e-07
41450.056 1.2427749632698637e-07
41500.056 8.168127306965086e-08
41550.056 7.547517400796437e-08
41600.056 8.786912108703587e-08
41650.056 1.0894945358200824e-07
41700.056 1.2011375499797726e-07
41750.056 1.0007791548098906e-07
41800.056 1.1592307462302216e-07
41850.056 9.132860622978671e-08
41900.056 8.970222961419763e-08
41950.056 9.956623556050407e-08
42000.056 7.3531580190427e-08
42050.056 7.270947251267777e-08
42100.056 1.0103738632939178e-07
42150.056 8.338872540020218e-08
42200.056 8.607049331099302e-08
42250.056 8.052979051430802e-08
42300.056 7.403035294739775e-08
42350.056 1.0612621922700909e-07
42400.056 1.172747911940093e-07
42450.056 1.034105956870219e-07
42500.056 1.0405771197999254e-07
42550.056 9.005972853398857e-08
42600.056 1.026784616263336e-07
42650.056 1.510626057679679e-07
42700.056 8.231895970236972e-08
42750.056 9.338554729801517e-08
42800.056 1.2640070320101109e-07
42850.056 1.3905944545596676e-07
42900.056 1.5174929735501984e-07
42950.056 1.112626356319871e-07
43000.056 1.3038276325200442e-07
43050.056 6.7892982861111e-08
43100.056 1.1098512340799068e-07
43150.056 9.053090803400838e-08
43200.056 1.2577239398801027e-07
43250.056 1.7902963865001223e-07
43300.056 1.634581202080028e-07
43350.056 8.372427795298043e-08
43400.056 1.2372449207400663e-07
43450.056 8.637756233400895e-08
43500.056 9.29086257990175e-08
43550.056 9.773640500080842e-08
43600.056 1.469994998740141e-07
43650.056 8.838337556539943e-08
43700.056 1.7099261476202645e-07
43750.056 1.4595557850199642e-07
43800.056 1.316340426589903e-07
43850.056 1.1900891563901497e-07
43900.056 1.0070520661598862e-07
43950.056 6.860490579499233e-08
44000.056 6.480535290899896e-08
44050.056 1.4903475713800528e-07
44100.056 2.0672188163600245e-07
44150.056 1.911291161309934e-07
44200.056 1.640701366900024e-07
44250.056 9.18103361499945e-08
44300.056 7.194239413231144e-08
44350.056 8.340105153411697e-08
44400.056 7.8109824704994e-08
44450.056 1.3550699681700675e-07
44500.056 1.194407561714202e-07
44550.056 1.740004388199885e-07
44600.056 1.531192099550029e-07
44650.056 1.3766124244500266e-07
44700.056 8.945726127199085e-08
44750.056 1.308113362850252e-07
44800.056 9.561126596160955e-08
44850.056 1.404604957950079e-07
44900.056 1.115672250109998e-07
44950.056 1.2938899355401095e-07
45000.056 1.50516484408005e-07
45050.056 1.3851841793098654e-07
45100.056 1.28744443660007e-07
45150.056 1.1879298309888664e-07
45200.056 8.881793380850897e-08
45250.056 1.0486387777397851e-07
45300.056 9.46672957210132e-08
45350.056 8.261715057221429e-08
45400.056 1.8790801239602174e-07
45450.056 1.6024746976801507e-07
45500.056 1.913513853000133e-07
45550.056 2.0496747310095633e-07
45600.056 1.8266719040002325e-07
45650.056 1.4815126253699963e-07
45700.056 9.444291976119426e-08
45750.056 8.494963668580422e-08
45800.056 2.075170263630099e-07
45850.056 1.72895997130993e-07
45900.056 2.0382561505799346e-07
45950.056 1.6406033405199514e-07
46000.056 1.947397312425212e-07
46050.056 1.420445858610072e-07
46100.056 2.2584782450998482e-07
46150.056 1.2898109365700246e-07
46200.056 1.1268771486858547e-07
46250.056 4.8473061776164926e-08
46300.056 1.3466312374000373e-07
46350.056 1.4237617963801583e-07
46400.056 1.3152504573700494e-07
46450.056 1.157129819497991e-07
46500.056 1.310340180910265e-07
46550.056 7.356031442800405e-08
46600.056 1.06451547844984e-07
46650.056 1.6771264911801026e-07
46700.056 1.0669619827897486e-07
46750.056 5.659823853880973e-08
46800.056 3.917360858859897e-08
46850.056 1.5988966318702282e-07
46900.056 1.646997964309936e-07
46950.056 1.5780915885898487e-07
47000.056 1.5199904166602158e-07
47050.056 1.1121791108308377e-07
47100.056 7.730018895200671e-08
47150.056 1.2361553568401782e-07
47200.056 1.4344841155099293e-07
47250.056 7.682914145208919e-08
47300.056 5.1502985621850026e-08
47350.056 1.6248718986000562e-07
47400.056 1.447256700549883e-07
47450.056 1.1635087110781564e-07
47500.056 1.7449812997898747e-07
47550.056 1.456552801010066e-07
47600.056 1.4124786230298636e-07
47650.056 1.4501078308083387e-07
47700.056 1.1006792341880542e-07
47750.056 8.078733289700254e-08
47800.056 6.910438054700953e-08
47850.056 3.567868127346593e-08
47900.056 5.514613336739691e-08
47950.056 1.2567939545300653e-07
48000.056 1.7163292609000282e-07
48050.056 1.4155629227139497e-07
48100.056 5.956253586640451e-08
48150.056 1.0529398721000329e-07
48200.056 7.620909665147737e-08
48250.056 9.669099657800118e-08
48300.056 1.6210220556999177e-07
48350.056 9.730873010999112e-08
48400.056 2.7131770102323334e-08
48450.056 5.657131018589308e-08
48500.056 9.225088302497864e-08
48550.056 1.0192501453701036e-07
48600.056 1.2405328836400282e-07
48650.056 1.612636473519938e-07
48700.056 1.0617739636801455e-07
48750.056 6.800343101402158e-08
48800.056 1.3745991686400714e-07
48850.056 7.493090140488718e-08
48900.056 1.035803451439505e-07
48950.056 5.842179758199946e-08
49000.056 3.097410601902635e-08
49050.056 9.521480277898741e-08
49100.056 1.1969613176532051e-07
49150.056 8.810260710566162e-08
49200.056 1.3704560762402082e-07
49250.056 1.3964840058200936e-07
49300.056 1.1461748914199662e-07
49350.056 4.802033651302099e-08
49400.056 7.188085734208266e-08
49450.056 6.916263159451703e-08
49500.056 5.570592712308307e-08
49550.056 1.3449653110250197e-08
49600.056 3.701703884461032e-08
49650.056 7.70860212880004e-08
49700.056 8.539693336897649e-08
49750.056 9.00319250963966e-08
49800.056 5.7874612182938195e-08
49850.056 1.1516777546401542e-07
49900.056 9.679118751999412e-08
49950.056 9.232099822299935e-08
50000.056 7.412680583338573e-08
50050.056 9.09081179540024e-08
50100.056 7.184057477599616e-08
50150.056 3.493421379539375e-08
50200.056 7.322079499895167e-09
50250.056 4.1821839337998645e-08
50300.056 2.8019806855324473e-08
50350.056 8.452195163701223e-08
50400.056 8.834706453799201e-08
50450.056 6.300064819480174e-08
50500.056 1.016414048870058e-07
50550.056 9.09563610660046e-08
50600.056 6.474141097498053e-08
50650.056 1.0509080411101749e-07
50700.056 1.0763768237899225e-07
50750.056 6.75211531614046e-08
50800.056 2.5129684977755647e-08
50850.056 1.4691631197906776e-08
50900.056 8.061734531800321e-08
50950.056 7.010200490699588e-08
51000.056 5.8316601807055785e-08
51050.056 8.06839446249887e-08
51100.056 3.0321177518242885e-08
51150.056 3.622327965963823e-08
51200.056 1.0371656153999568e-07
51250.056 7.196930486728698e-08
51300.056 4.7121544786813395e-08
51350.056 4.8859186198893395e-08
51400.056 1.8158843145173298e-08
51450.056 1.4128056285770357e-08
51500.056 1.3082261290755257e-08
51550.056 4.8022843074007167e-08
51600.056 3.9688821816907656e-08
51650.056 5.0695281167996205e-08
51700.056 5.532093850346938e-08
51750.056 3.5914021966456205e-08
51800.056 6.636928976998895e-08
51850.056 5.308704608049728e-08
51900.056 7.129098285300162e-08
51950.056 4.19038679839951e-08
52000.056 4.782146454658188e-09
52050.056 2.2516853381303057e-08
52100.056 1.3532803427697876e-08
52150.056 8.138349907897931e-09
52200.056 2.2365955028399435e-08
52250.056 3.5451660294107696e-08
52300.056 5.042268426099733e-08
52350.056 1.678660927071112e-08
52400.056 1.721599070528e-08
52450.056 5.661430868200621e-08
52500.056 4.55855957698176e-08
52550.056 4.900118708999679e-08
52600.056 3.604357378270077e-08
52650.056 4.2764252225603896e-08
52700.056 2.992509354849906e-08
52750.056 1.3115312182192595e-08
52800.056 2.2500998730403515e-08
52850.056 2.6750410944192348e-08
52900.056 1.3132101120418092e-08
52950.056 2.0347531326222442e-08
53000.056 3.502957233600446e-08
53050.056 1.3950830785256102e-08
53100.056 4.28191240129992e-08
53150.056 4.6877220706003524e-08
53200.056 1.9235153136168576e-08
53250.056 4.1009567507501834e-08
53300.056 4.940413351129689e-08
53350.056 3.880597407400076e-08
53400.056 2.6302198307996337e-08
53450.056 9.527882727396816e-09
53500.056 2.090485679294174e-09
53550.056 5.233620585872035e-09
