galfind/configs/Brown_Dwarf_templates/sonora_bobcat/m+0.5/1000g/sp_t1500g1000nc_m+0.5_resample.dat
# %ECSV 1.0
# ---
# datatype:
# - {name: wav, unit: Angstrom, datatype: float64}
# - {name: flux_nu, unit: erg / (cm2 Hz s), datatype: float64}
# meta: {C/O: '1.00', Kzz: '1.0000E+05', Teff: '1500.', Y: '0.28', '[Fe/H]': '0.50', f_hole: '1.00', f_rain: '0.00', grav: '1000.'}
# schema: astropy-2.0
wav flux_nu
[from data line 499]
28950.056 6.464470269499863e-07
29000.056 5.412716373218856e-07
29050.056 5.799392314739853e-07
29100.056 4.610769079480833e-07
29150.056 6.349368789200897e-07
29200.056 5.295449021460595e-07
29250.056 6.24555887732988e-07
29300.056 4.84609044438826e-07
29350.056 7.630646752178875e-07
29400.056 5.798534913499136e-07
29450.056 6.023609515389853e-07
29500.056 6.176604162979336e-07
29550.056 6.04201191843014e-07
29600.056 6.689622968408157e-07
29650.056 6.205956537249462e-07
29700.056 5.700321337788813e-07
29750.056 6.816610037401974e-07
29800.056 7.125235500678942e-07
29850.056 6.743117735669111e-07
29900.056 6.370321954792445e-07
29950.056 7.361467673888743e-07
30000.056 7.210824506558925e-07
30050.056 6.674395556299625e-07
30100.056 5.980387138498304e-07
30150.056 8.285084152999656e-07
30200.056 7.05242569810028e-07
30250.056 7.562535037401395e-07
30300.056 6.964211587299427e-07
30350.056 6.882196577200616e-07
30400.056 8.075584145300785e-07
30450.056 6.443150196270932e-07
30500.056 5.807299108300606e-07
30550.056 6.893753094801053e-07
30600.056 7.013007327600418e-07
30650.056 6.854300406099475e-07
30700.056 6.281364825159614e-07
30750.056 6.125331252199838e-07
30800.056 6.329929373201138e-07
30850.056 5.475087110799078e-07
30900.056 5.597444924099233e-07
30950.056 4.963406699900861e-07
31000.056 5.16723127719998e-07
31050.056 5.347576107200008e-07
31100.056 4.5435668175997356e-07
31150.056 4.945298689199531e-07
31200.056 5.150396333800091e-07
31250.056 4.6282263545098214e-07
31300.056 4.477553097479454e-07
31350.056 4.2019259418199354e-07
31400.056 3.8900670527006727e-07
31450.056 3.9545337969995207e-07
31500.056 3.82670264423941e-07
31550.056 3.844999457899959e-07
31600.056 3.5280517266998305e-07
31650.056 3.4210175578000346e-07
31700.056 3.449379183699627e-07
31750.056 3.179775317480905e-07
31800.056 3.664277859799522e-07
31850.056 3.2878890709304596e-07
31900.056 3.7264398635001216e-07
31950.056 2.957926102180258e-07
32000.056 3.409547650649494e-07
32050.056 3.608609515690272e-07
32100.056 3.5690995683701957e-07
32150.056 3.833685493799685e-07
32200.056 3.430647999019887e-07
32250.056 4.1451060867004537e-07
32300.056 3.4251555773797216e-07
32350.056 4.418939456000021e-07
32400.056 3.483200326999973e-07
32450.056 4.3495872073987257e-07
32500.056 4.3516315802608513e-07
32550.056 4.588325211899907e-07
32600.056 4.6222419714599163e-07
32650.056 5.279510810599928e-07
32700.056 5.039292053400598e-07
32750.056 5.276141548100144e-07
32800.056 5.202292047910288e-07
32850.056 5.569194274299073e-07
32900.056 6.072898864699735e-07
32950.056 5.58461648299959e-07
33000.056 5.35620297269933e-07
33050.056 4.898290589500376e-07
33100.056 4.079146266199638e-07
33150.056 2.628158555520212e-07
33200.056 2.0642538254694318e-07
33250.056 1.705570647489502e-07
33300.056 1.6203730104302442e-07
33350.056 1.8649150687000253e-07
33400.056 2.0606837818997388e-07
33450.056 2.3243598059999588e-07
33500.056 2.803067413500404e-07
33550.056 3.049580941000461e-07
33600.056 3.583389790600025e-07
33650.056 4.082244991300385e-07
33700.056 4.055219429199697e-07
33750.056 5.023941156399994e-07
33800.056 4.858393704209615e-07
33850.056 5.345112503299783e-07
33900.056 5.05348918629963e-07
33950.056 4.850070050099729e-07
34000.056 5.367454265699665e-07
34050.056 4.7122549493892075e-07
34100.056 5.562972293499665e-07
34150.056 4.98330957881912e-07
34200.056 4.403487674898783e-07
34250.056 5.054948723298776e-07
34300.056 4.370308398147585e-07
34350.056 4.1086115752999686e-07
34400.056 4.0657573802201447e-07
34450.056 4.660226297399812e-07
34500.056 4.774756620899892e-07
34550.056 4.248219178699881e-07
34600.056 5.137217822000262e-07
34650.056 4.795763207099583e-07
34700.056 4.7525455434992564e-07
34750.056 5.299159958000171e-07
34800.056 4.797205397598921e-07
34850.056 4.700968140100075e-07
34900.056 5.31863387069982e-07
34950.056 4.880941611498919e-07
35000.056 5.949537329750301e-07
35050.056 5.112422692899678e-07
35100.056 5.317006396599616e-07
35150.056 5.913902601399876e-07
35200.056 5.716153698400646e-07
35250.056 6.159788146399386e-07
35300.056 5.601657762700762e-07
35350.056 5.518743691599134e-07
35400.056 5.989975340901087e-07
35450.056 4.6705016335021466e-07
35500.056 6.585827731500372e-07
35550.056 6.437251391899472e-07
35600.056 5.923451265500884e-07
35650.056 6.984258112300281e-07
35700.056 5.998457281000024e-07
35750.056 6.608524828698421e-07
35800.056 8.245855925100297e-07
35850.056 6.527887620600026e-07
35900.056 8.303377828399399e-07
35950.056 7.883174800299957e-07
36000.056 7.711864341400598e-07
36050.056 8.559813258000411e-07
36100.056 8.587718424294935e-07
36150.056 8.469619631701115e-07
36200.056 9.7614581250992e-07
36250.056 8.913412246299106e-07
36300.056 1.030671045650095e-06
36350.056 9.759101289898814e-07
36400.056 9.755086863500393e-07
36450.056 1.1249975137199386e-06
36500.056 1.0618932538099386e-06
36550.056 1.1249369839603643e-06
36600.056 1.1662493805000585e-06
36650.056 1.1776227588497927e-06
36700.056 1.3166693194799397e-06
36750.056 1.2549966908201243e-06
36800.056 1.3150049215499286e-06
36850.056 1.3689718410899741e-06
36900.056 1.344313323410101e-06
36950.056 1.4426725430598454e-06
37000.056 1.4888189050199234e-06
37050.056 1.4944679912399315e-06
37100.056 1.5356883651001136e-06
37150.056 1.5338895071099616e-06
37200.056 1.6269446928000418e-06
37250.056 1.6479350556599106e-06
37300.056 1.5814455812998872e-06
37350.056 1.5287828941502605e-06
37400.056 1.7300147562999038e-06
37450.056 1.6119035495601211e-06
37500.056 1.704928503959827e-06
37550.056 1.7728210559999394e-06
37600.056 1.8800311830999627e-06
37650.056 1.7354967096000053e-06
37700.056 1.9194364421000537e-06
37750.056 1.857277363400077e-06
37800.056 1.9406552451001427e-06
37850.056 1.7974675566399516e-06
37900.056 1.8653812777002605e-06
37950.056 1.8762258756999593e-06
38000.056 2.0120287082601208e-06
38050.056 1.9843342510001152e-06
38100.056 1.8637353596202122e-06
38150.056 2.1300619866999644e-06
38200.056 2.1260768397000115e-06
38250.056 1.936125456700191e-06
38300.056 2.0049981078999262e-06
38350.056 2.100712357299991e-06
38400.056 2.0654834125598197e-06
38450.056 2.260295810000024e-06
38500.056 2.075403487800077e-06
38550.056 2.188050438000098e-06
38600.056 2.3939139291998927e-06
38650.056 2.1479735426999757e-06
38700.056 2.176350103010272e-06
38750.056 2.289892346000017e-06
38800.056 2.2331269411000126e-06
38850.056 2.1821681917800428e-06
38900.056 2.123319202359942e-06
38950.056 2.341553990399965e-06
39000.056 2.239821683700061e-06
39050.056 2.333570918399865e-06
39100.056 2.1306291454002075e-06
39150.056 2.290771399100048e-06
39200.056 2.3384094242000127e-06
39250.056 2.3239806606996706e-06
39300.056 2.2741487589996852e-06
39350.056 2.3397567401201866e-06
39400.056 2.29483754820008e-06
39450.056 2.332058333899917e-06
39500.056 2.203619034099824e-06
39550.056 2.225407073109906e-06
39600.056 2.4487009926998277e-06
39650.056 2.1867066068000237e-06
39700.056 2.237819953699938e-06
39750.056 2.201299696739874e-06
39800.056 2.083120647099987e-06
39850.056 2.2412249535998806e-06
39900.056 2.1868775757001022e-06
39950.056 2.2902994513998158e-06
40000.056 2.039504650300007e-06
40050.056 2.091621254999995e-06
40100.056 2.2617796901799817e-06
40150.056 2.075915527499823e-06
40200.056 2.1519139828998355e-06
40250.056 1.954358706749473e-06
40300.056 1.9490023020501367e-06
40350.056 2.114622187700163e-06
40400.056 2.0795152307400706e-06
40450.056 2.0721161389000546e-06
40500.056 1.8547629068002637e-06
40550.056 2.1733901408998383e-06
40600.056 1.7606695636801966e-06
40650.056 1.9706587053499996e-06
40700.056 2.119547668500067e-06
40750.056 1.794451748999413e-06
40800.056 1.7362040995299505e-06
40850.056 1.7392176274603314e-06
40900.056 1.7585913456800851e-06
40950.056 1.8028785640399256e-06
41000.056 1.8221370217999538e-06
41050.056 1.8163301704897621e-06
41100.056 1.6820218048999283e-06
41150.056 1.778235982699938e-06
41200.056 1.7162866719000435e-06
41250.056 1.742091342100094e-06
41300.056 1.4779757568496835e-06
41350.056 1.7765682425800616e-06
41400.056 1.6235583343002375e-06
41450.056 1.662691065630264e-06
41500.056 1.7055125830200383e-06
41550.056 1.6352323571600382e-06
41600.056 1.6181294439100734e-06
41650.056 1.5599975321202035e-06
41700.056 1.4466447051398222e-06
41750.056 1.4196262694898593e-06
41800.056 1.4401225076398866e-06
41850.056 1.1716692841101307e-06
41900.056 1.3781196195400103e-06
41950.056 1.182345122870309e-06
42000.056 1.1442892142201585e-06
42050.056 1.0217802238798157e-06
42100.056 1.1433120592001252e-06
42150.056 8.557858122897209e-07
42200.056 9.080785674900372e-07
42250.056 9.652855399300888e-07
42300.056 7.934808503600495e-07
42350.056 9.317427680602486e-07
42400.056 7.8382808427018e-07
42450.056 7.364844246500941e-07
42500.056 7.719426876300484e-07
42550.056 7.618231887500032e-07
42600.056 7.593817455601575e-07
42650.056 6.63509182339763e-07
42700.056 7.477696574202583e-07
42750.056 7.045943880899089e-07
42800.056 6.717034165902554e-07
42850.056 7.297888227297638e-07
42900.056 7.093994523800129e-07
42950.056 7.007511133696941e-07
43000.056 6.980093268400261e-07
43050.056 6.625046851102476e-07
43100.056 7.347064520101448e-07
43150.056 7.167181360401263e-07
43200.056 7.450122971901143e-07
43250.056 6.912842726397742e-07
43300.056 7.261204715700694e-07
43350.056 6.879295142099675e-07
43400.056 7.106716495000188e-07
43450.056 6.967059209301539e-07
43500.056 6.864242575599414e-07
43550.056 7.31518411150057e-07
43600.056 7.113925124600427e-07
43650.056 6.633896550600712e-07
43700.056 6.838553381997201e-07
43750.056 6.804573200301768e-07
43800.056 6.354402339601167e-07
43850.056 6.676302121501177e-07
43900.056 6.854264396999338e-07
43950.056 6.515974485801531e-07
44000.056 6.442008481701036e-07
44050.056 6.574271200600669e-07
44100.056 6.666508317400867e-07
44150.056 6.802366571098565e-07
44200.056 6.565016346299482e-07
44250.056 6.656937094200281e-07
44300.056 6.591575213800487e-07
44350.056 6.329465439400082e-07
44400.056 6.710429496799672e-07
44450.056 6.830587745700021e-07
44500.056 6.901638496600148e-07
44550.056 6.475870926599051e-07
44600.056 6.635135794200562e-07
44650.056 6.866322271200648e-07
44700.056 6.567767535900124e-07
44750.056 6.808593624599491e-07
44800.056 6.962440969599776e-07
44850.056 6.746637917300916e-07
44900.056 6.476770136800593e-07
44950.056 6.305366303600188e-07
45000.056 6.69588999629974e-07
45050.056 6.728957806099597e-07
45100.056 7.001897583599947e-07
45150.056 6.483812664299837e-07
45200.056 6.088582039500278e-07
45250.056 6.294772732799519e-07
45300.056 6.745345119500181e-07
45350.056 6.907415942199593e-07
45400.056 6.536208928600632e-07
45450.056 6.156726020299149e-07
45500.056 6.432892218699699e-07
45550.056 6.846304164599803e-07
45600.056 6.364871620399936e-07
45650.056 5.953304954599063e-07
45700.056 6.87974051530045e-07
45750.056 6.211305738600221e-07
45800.056 6.163756470099732e-07
45850.056 7.228769525699681e-07
45900.056 7.061437421300315e-07
45950.056 6.216462715100036e-07
46000.056 7.157521359100218e-07
46050.056 7.169904965501253e-07
46100.056 6.082912500100521e-07
46150.056 6.759063469799713e-07
46200.056 6.995081487701204e-07
46250.056 6.007827714199978e-07
46300.056 7.479958219899926e-07
46350.056 6.602312310899468e-07
46400.056 6.763526834099547e-07
46450.056 7.128557044500527e-07
46500.056 6.355042351699657e-07
46550.056 7.760945851799916e-07
46600.056 7.254017494100382e-07
46650.056 9.054342134498553e-07
46700.056 8.513660377802674e-07
46750.056 6.829720550899862e-07
46800.056 7.265030421800681e-07
46850.056 7.892610982900901e-07
46900.056 7.452824696498962e-07
46950.056 8.321449773299893e-07
47000.056 6.877862679800016e-07
47050.056 8.449199283499072e-07
47100.056 6.455014575100562e-07
47150.056 7.093674634200483e-07
47200.056 7.739223976101108e-07
47250.056 6.847456347199635e-07
47300.056 7.016390980798856e-07
47350.056 6.39427856949927e-07
47400.056 7.717599348099039e-07
47450.056 6.550097852399662e-07
47500.056 7.793164566399284e-07
47550.056 6.697373095399626e-07
47600.056 7.7161823020995e-07
47650.056 5.90137807849902e-07
47700.056 7.856065126200578e-07
47750.056 5.684640981100925e-07
47800.056 7.741053861299433e-07
47850.056 5.99052430789943e-07
47900.056 7.487595876400216e-07
47950.056 6.042418019700646e-07
48000.056 8.389525772899971e-07
48050.056 6.590530873200651e-07
48100.056 7.372625935499923e-07
48150.056 6.607402159600857e-07
48200.056 7.730273656200593e-07
48250.056 6.492927611800311e-07
48300.056 8.348693569198693e-07
48350.056 6.059296289499704e-07
48400.056 7.391714098499874e-07
48450.056 6.321219229200187e-07
48500.056 8.48528166740014e-07
48550.056 6.055634663599941e-07
48600.056 7.94577815079949e-07
48650.056 6.348860880699753e-07
48700.056 7.965655939100598e-07
48750.056 5.771757036400337e-07
48800.056 8.558795175800265e-07
48850.056 6.16100906999882e-07
48900.056 8.181774918800593e-07
48950.056 7.248681503000034e-07
49000.056 6.891082389999241e-07
49050.056 7.841390539099835e-07
49100.056 6.966098735400445e-07
49150.056 7.558772376599639e-07
49200.056 6.91203186869975e-07
49250.056 7.583738299100152e-07
49300.056 6.5544717535996e-07
49350.056 7.069698909500054e-07
49400.056 8.025690907500145e-07
49450.056 7.030137158701478e-07
49500.056 7.316923530699959e-07
49550.056 6.375210079899822e-07
49600.056 7.125936770801221e-07
49650.056 7.42122056269974e-07
49700.056 6.547340777599311e-07
49750.056 9.446677576999059e-07
49800.056 6.995715233100203e-07
49850.056 9.076805739800685e-07
49900.056 7.217827182100223e-07
49950.056 7.707748029498914e-07
50000.056 7.645698624798636e-07
50050.056 7.569155704900391e-07
50100.056 8.283802291699517e-07
50150.056 6.772835654600124e-07
50200.056 6.396122165800639e-07
50250.056 7.897084964400072e-07
50300.056 7.153659283599787e-07
50350.056 8.752805742699841e-07
50400.056 7.333194120999454e-07
50450.056 7.349477995501056e-07
50500.056 9.077437951101035e-07
50550.056 7.62256573090001e-07
50600.056 8.204713692999602e-07
50650.056 7.803160374301108e-07
50700.056 8.691124221198656e-07
50750.056 9.07357606840108e-07
50800.056 6.442534733899075e-07
50850.056 7.683509129601159e-07
50900.056 8.709156251799558e-07
50950.056 8.375768020001534e-07
51000.056 9.847561557100872e-07
51050.056 7.521718261700544e-07
51100.056 7.090663098699392e-07
51150.056 8.26692881689949e-07
51200.056 8.312210453899832e-07
51250.056 8.70628827539977e-07
51300.056 7.091321339802114e-07
51350.056 8.1031340817991e-07
51400.056 7.228816885398934e-07
51450.056 5.782276545499031e-07
51500.056 7.319742972900687e-07
51550.056 9.799889164400831e-07
51600.056 6.83345829920057e-07
51650.056 7.971392036099022e-07
51700.056 7.807336004798046e-07
51750.056 7.075072212300376e-07
51800.056 8.810399710397981e-07
51850.056 8.4554268355991e-07
51900.056 9.323198822201293e-07
51950.056 8.493180656399394e-07
52000.056 6.657312977799654e-07
52050.056 8.014383372599537e-07
52100.056 7.291772424999168e-07
52150.056 7.321940446600231e-07
52200.056 7.077647018300056e-07
52250.056 7.671628038400055e-07
52300.056 9.029443074499781e-07
52350.056 8.935851517500638e-07
52400.056 6.581505439501023e-07
52450.056 7.905623392900136e-07
52500.056 8.919239882998776e-07
52550.056 8.495452736298184e-07
52600.056 8.167925247100965e-07
52650.056 9.059988091501204e-07
52700.056 7.703097264900154e-07
52750.056 6.593958058699591e-07
52800.056 7.297808380700591e-07
52850.056 7.108512047199033e-07
52900.056 7.786180386800092e-07
52950.056 7.712341897799476e-07
53000.056 8.951459353099788e-07
53050.056 7.247767247198485e-07
53100.056 7.463994316398862e-07
53150.056 9.509924104900843e-07
53200.056 6.297364259200399e-07
53250.056 8.982669227000051e-07
53300.056 8.902862339903367e-07
53350.056 8.81399086689907e-07
53400.056 8.51527542600052e-07
53450.056 7.200799322500305e-07
53500.056 5.936859761799045e-07
53550.056 7.559982863999353e-07
53600.056 8.377697875001268e-07
53650.056 6.821722648500401e-07
53700.056 7.078617967401028e-07
53750.056 7.551424230500151e-07
