galfind/configs/Brown_Dwarf_templates/sonora_bobcat/m+0.5/1000g/sp_t250g1000nc_m+0.5_resample.dat
# %ECSV 1.0
# ---
# datatype:
# - {name: wav, unit: Angstrom, datatype: float64}
# - {name: flux_nu, unit: erg / (cm2 Hz s), datatype: float64}
# meta: {C/O: '1.00', Kzz: '1.0000E+05', Teff: '250.', Y: '0.28', '[Fe/H]': '0.50', f_hole: '1.00', f_rain: '0.00', grav: '1000.'}
# schema: astropy-2.0
wav flux_nu
[from data line 499]
28950.056 5.790855098831728e-14
29000.056 3.3930433464159406e-14
29050.056 8.454593964529248e-14
29100.056 9.379778804419758e-15
29150.056 5.762517021203077e-15
29200.056 2.650195852708155e-13
29250.056 7.025076343997903e-14
29300.056 2.0106760915702502e-14
29350.056 1.1522522301466657e-13
29400.056 1.2529550446079128e-13
29450.056 1.6526942122410925e-14
29500.056 1.966659457170632e-13
29550.056 7.133789627081643e-14
29600.056 2.0088605784067122e-14
29650.056 2.053674846018743e-13
29700.056 5.3383683620854865e-14
29750.056 3.022633862153357e-13
29800.056 5.1760327527572607e-14
29850.056 2.7648813261216704e-13
29900.056 7.077586639431993e-14
29950.056 7.436967985459166e-14
30000.056 2.0743090764103027e-16
30050.056 2.8234940273181806e-14
30100.056 1.0811448078112085e-13
30150.056 2.388650945188753e-13
30200.056 3.710484749421422e-13
30250.056 2.30718638644794e-13
30300.056 3.6676354321143673e-13
30350.056 1.031276528943469e-13
30400.056 6.565656342442959e-13
30450.056 9.326421035144949e-13
30500.056 8.225154194511818e-14
30550.056 1.1114424178797755e-13
30600.056 7.1980466116641886e-12
30650.056 1.9690043940024328e-12
30700.056 1.2496061102169305e-13
30750.056 9.032554492553092e-13
30800.056 3.2940705499964734e-12
30850.056 2.3872434031123044e-12
30900.056 8.387418853291531e-13
30950.056 5.750054589447835e-13
31000.056 6.757113974152101e-13
31050.056 1.2868778022818485e-13
31100.056 8.706022154684939e-14
31150.056 5.58377184658801e-13
31200.056 3.121590160343092e-12
31250.056 1.921511314257635e-12
31300.056 2.230459088399526e-13
31350.056 3.066764007613855e-12
31400.056 1.8267466540907455e-12
31450.056 1.5066534470487416e-12
31500.056 3.301583312696396e-13
31550.056 9.957906387065537e-13
31600.056 8.585981780381275e-13
31650.056 4.975808538137847e-13
31700.056 3.092607472065087e-13
31750.056 1.3992598039163433e-13
31800.056 2.2025466280210842e-13
31850.056 1.775666643463691e-14
31900.056 6.357215313326573e-14
31950.056 2.4028997233784196e-14
32000.056 1.835453932616528e-14
32050.056 1.1566952089750554e-14
32100.056 1.0269575758808901e-14
32150.056 5.088337530540629e-15
32200.056 1.6190984853565842e-15
32250.056 4.140475457320649e-15
32300.056 5.560227518271139e-16
32350.056 1.7416119959188002e-15
32400.056 1.377494789031098e-16
32450.056 1.1510504156535377e-15
32500.056 1.1833316461535324e-16
32550.056 7.551837510330772e-16
32600.056 5.621864489633941e-17
32650.056 1.24559616458914e-15
32700.056 8.323098172435396e-17
32750.056 3.7627903118907754e-15
32800.056 8.600943080855453e-16
32850.056 1.9187757238823052e-14
32900.056 8.570695660715624e-15
32950.056 2.3646041280010648e-14
33000.056 5.302619556302142e-15
33050.056 1.6971878730818315e-15
33100.056 2.765849431857122e-16
33150.056 2.8232188311706464e-19
33200.056 1.4861568180649675e-16
33250.056 2.0824174239202088e-16
33300.056 6.047878132024782e-15
33350.056 2.40386377004462e-15
33400.056 2.4592280541826496e-14
33450.056 8.199694946951959e-16
33500.056 1.2748678054131737e-14
33550.056 1.3123519509014453e-15
33600.056 5.814931976986118e-15
33650.056 8.052686458989144e-15
33700.056 7.711595356344562e-16
33750.056 9.12813453428679e-15
33800.056 4.3155077895533486e-16
33850.056 4.566498938932064e-15
33900.056 4.8345354530061934e-15
33950.056 6.982043609955006e-15
34000.056 2.309570397822079e-14
34050.056 3.6853012712432415e-15
34100.056 3.399020965729128e-14
34150.056 9.691177978741805e-15
34200.056 6.572963986614957e-14
34250.056 1.3276756068121613e-14
34300.056 2.9444566421513603e-14
34350.056 3.5095550184137077e-13
34400.056 2.0716953677172254e-14
34450.056 1.739016574297237e-13
34500.056 2.6815217599164375e-14
34550.056 2.546669138518336e-13
34600.056 1.5546184664979095e-12
34650.056 1.892900897383008e-14
34700.056 6.313571601322152e-13
34750.056 1.723878829494748e-13
34800.056 9.022063002142013e-14
34850.056 5.125370466766931e-13
34900.056 4.8028337786624915e-14
34950.056 1.2681273358113268e-12
35000.056 8.430068417755094e-13
35050.056 2.2012403310259463e-12
35100.056 2.677783166375524e-12
35150.056 2.5015208653783447e-12
35200.056 3.1410464677901744e-12
35250.056 6.247643671005034e-12
35300.056 6.099682034686547e-13
35350.056 1.249123282559996e-13
35400.056 7.619657914734879e-14
35450.056 8.835989641419584e-14
35500.056 7.645000287430457e-13
35550.056 8.108369611636064e-13
35600.056 1.9755923353879952e-12
35650.056 3.019760095281802e-12
35700.056 4.604874489770448e-12
35750.056 1.9062812605803292e-12
35800.056 4.3822492028814345e-13
35850.056 2.9360437995625285e-13
35900.056 4.868540829947916e-13
35950.056 1.9785039191681815e-12
36000.056 2.690837820106731e-12
36050.056 2.0983745444211206e-12
36100.056 1.7577075880428603e-12
36150.056 2.1392781186367113e-11
36200.056 7.866310429595545e-12
36250.056 2.831712171455445e-12
36300.056 1.7543396579108152e-11
36350.056 1.0847618015311552e-11
36400.056 1.2585262411706716e-11
36450.056 7.752393076213589e-12
36500.056 5.857813336480069e-12
36550.056 3.436032500293462e-11
36600.056 3.6906731221178956e-11
36650.056 1.0317675248362808e-11
36700.056 2.585982155519214e-11
36750.056 4.790208063531956e-11
36800.056 5.869349470848937e-11
36850.056 1.2244801356432383e-11
36900.056 1.3009108208545475e-11
36950.056 7.063795611617011e-11
37000.056 4.3092034215046094e-11
37050.056 7.545287282579676e-11
37100.056 6.609271641201347e-12
37150.056 1.9861453006326576e-11
37200.056 1.2046388565362758e-10
37250.056 5.4589338169262106e-11
37300.056 1.133626653620612e-11
37350.056 1.8283016774873737e-11
37400.056 3.9442393135671424e-11
37450.056 1.296795871723442e-11
37500.056 1.8817535781811816e-11
37550.056 1.2711235141584518e-10
37600.056 3.110039590350367e-10
37650.056 1.8913023314484963e-11
37700.056 5.701393383651813e-11
37750.056 5.571321955200352e-11
37800.056 4.217461645813487e-11
37850.056 2.4679299480358456e-11
37900.056 1.8211815046091604e-11
37950.056 3.948201975748272e-11
38000.056 2.6691305513074347e-11
38050.056 1.2893394136411232e-10
38100.056 1.8365572862385267e-10
38150.056 3.0469164137533183e-10
38200.056 1.3475277632770575e-10
38250.056 3.0801059375859755e-10
38300.056 7.208814569889677e-10
38350.056 2.0053123073287047e-10
38400.056 2.7624573866626226e-11
38450.056 4.49508352285025e-12
38500.056 1.0551241092463941e-11
38550.056 1.0312942882061001e-10
38600.056 1.9978604861297116e-10
38650.056 1.180708515153296e-10
38700.056 4.084893539131204e-11
38750.056 1.1828418368441743e-10
38800.056 9.181193115163803e-11
38850.056 1.3583612500182789e-10
38900.056 1.6575793913450728e-10
38950.056 7.337608424805537e-11
39000.056 2.8367823077063053e-10
39050.056 2.753089479406407e-11
39100.056 9.266359482751644e-11
39150.056 2.7177524854371617e-10
39200.056 1.812855765609989e-10
39250.056 2.5669639654865165e-10
39300.056 1.2498280943797867e-10
39350.056 5.398281615420031e-10
39400.056 1.5233935551320657e-10
39450.056 3.9530434399788707e-10
39500.056 4.777267160259548e-10
39550.056 8.375629761464676e-11
39600.056 3.3039862481593137e-10
39650.056 7.420082252199906e-10
39700.056 6.914211336390343e-10
39750.056 1.1127262927588122e-10
39800.056 7.681298613316642e-11
39850.056 5.954690741900972e-10
39900.056 1.0529570900200442e-09
39950.056 1.809034478176341e-10
40000.056 4.6046286128502136e-10
40050.056 6.584245009611397e-10
40100.056 7.820840710250335e-11
40150.056 4.547059066430636e-10
40200.056 6.41867660899918e-10
40250.056 8.543643605298326e-10
40300.056 9.41093442030088e-10
40350.056 2.454339780548786e-10
40400.056 3.138477816836188e-10
40450.056 9.832818320268047e-11
40500.056 8.284713617957875e-10
40550.056 7.998457430517905e-10
40600.056 1.1184525251499567e-09
40650.056 4.90963165489319e-10
40700.056 8.249002558079156e-10
40750.056 5.80958296080933e-10
40800.056 2.4873592231444353e-10
40850.056 1.7766047128402695e-09
40900.056 1.7552949262297696e-09
40950.056 8.813877508648806e-10
41000.056 5.213746372287976e-10
41050.056 2.028942427114051e-09
41100.056 1.670005317649859e-09
41150.056 1.9319501561644796e-10
41200.056 2.085943223662329e-09
41250.056 1.7353543081336539e-09
41300.056 1.6634743852783664e-09
41350.056 3.613746261900071e-09
41400.056 2.25165205159977e-09
41450.056 2.9051032923599254e-09
41500.056 1.0362628109362615e-09
41550.056 8.907286276791992e-10
41600.056 1.1382387840818682e-09
41650.056 2.9903849949004167e-09
41700.056 5.245182724499756e-09
41750.056 3.3365777369101065e-09
41800.056 3.729911794399893e-09
41850.056 2.2044706730337195e-09
41900.056 1.3774611969395679e-09
41950.056 1.0810154426418282e-09
42000.056 1.0337851685216756e-10
42050.056 3.2921597553389927e-10
42100.056 7.809607556779999e-10
42150.056 1.2193087706979356e-09
42200.056 2.0606455280100632e-09
42250.056 1.452343150810274e-09
42300.056 1.0229262050798739e-09
42350.056 3.165982694350114e-09
42400.056 4.871712223300327e-09
42450.056 6.550862866900319e-09
42500.056 7.148727224499897e-09
42550.056 5.8434667742997834e-09
42600.056 3.5626191276407087e-09
42650.056 5.621945356959307e-09
42700.056 1.4166074970581183e-09
42750.056 5.322120262500686e-09
42800.056 9.764363143700252e-09
42850.056 9.84591444529936e-09
42900.056 8.801911379200269e-09
42950.056 6.487377086300417e-09
43000.056 7.649734792299798e-09
43050.056 3.0498956776194587e-09
43100.056 5.082150613340375e-09
43150.056 6.013693790800185e-09
43200.056 9.432465008800392e-09
43250.056 1.224530795290018e-08
43300.056 1.0191392157199554e-08
43350.056 5.874150453299705e-09
43400.056 7.81567697000008e-09
43450.056 3.940103340739913e-09
43500.056 2.7271008779340838e-09
43550.056 4.601944769900337e-09
43600.056 9.965318340299866e-09
43650.056 4.901358414599717e-09
43700.056 9.809242689101689e-09
43750.056 1.2449686455599413e-08
43800.056 8.680161741499847e-09
43850.056 7.105481095300528e-09
43900.056 4.139223500450178e-09
43950.056 3.4383994912999516e-09
44000.056 4.102928932299944e-09
44050.056 1.0828269605601028e-08
44100.056 1.5335693284000152e-08
44150.056 1.2625467033599508e-08
44200.056 1.231091279559998e-08
44250.056 6.427397834799554e-09
44300.056 3.691290579699999e-09
44350.056 3.2906454855400592e-09
44400.056 3.6814338589000558e-09
44450.056 8.459330984900975e-09
44500.056 7.435660904499893e-09
44550.056 1.0481543787600163e-08
44600.056 7.2875680262000344e-09
44650.056 8.553242429699758e-09
44700.056 6.044007702299275e-09
44750.056 8.772342279600443e-09
44800.056 4.82080419599995e-09
44850.056 6.976842374400317e-09
44900.056 7.387839075199835e-09
44950.056 9.936928243600831e-09
45000.056 1.2373596926499852e-08
45050.056 9.647567740699143e-09
45100.056 8.530301465800612e-09
45150.056 7.138293665399633e-09
45200.056 4.283028109300036e-09
45250.056 5.4335850829995724e-09
45300.056 5.1164296448001935e-09
45350.056 3.089159747040535e-09
45400.056 1.2317613041100398e-08
45450.056 8.818359118300862e-09
45500.056 1.2897372731900767e-08
45550.056 1.3536844544398434e-08
45600.056 1.1263310407200487e-08
45650.056 1.0135679869799179e-08
45700.056 4.6836186733994605e-09
45750.056 3.930448707860461e-09
45800.056 1.1131638637600033e-08
45850.056 7.693332427840679e-09
45900.056 1.3862333925999915e-08
45950.056 1.4734941502599209e-08
46000.056 1.2798259947200362e-08
46050.056 8.942576134001165e-09
46100.056 1.4540898942599266e-08
46150.056 8.124932269299936e-09
46200.056 5.2095801044392055e-09
46250.056 1.4674852858700307e-09
46300.056 6.627825017400613e-09
46350.056 7.441380530800269e-09
46400.056 8.066186809600269e-09
46450.056 5.243330070119636e-09
46500.056 7.967317130900322e-09
46550.056 3.739565038819391e-09
46600.056 3.161872913769766e-09
46650.056 6.881321450300321e-09
46700.056 4.838290265099455e-09
46750.056 1.3678154684001124e-09
46800.056 7.601215253199167e-10
46850.056 4.8893525559009285e-09
46900.056 8.855581922200063e-09
46950.056 9.867265920199867e-09
47000.056 1.0682131495700247e-08
47050.056 5.150732698678856e-09
47100.056 4.5259307208000534e-09
47150.056 6.46457315700062e-09
47200.056 7.201311585199675e-09
47250.056 2.3474924098093997e-09
47300.056 1.6816747536705688e-09
47350.056 6.818293961500572e-09
47400.056 8.768399451599882e-09
47450.056 3.953334834799939e-09
47500.056 8.751517023100974e-09
47550.056 9.054790134899928e-09
47600.056 4.7383570728093925e-09
47650.056 6.1177380565797195e-09
47700.056 4.846999449910468e-09
47750.056 3.931564469399974e-09
47800.056 2.0379520653798843e-09
47850.056 6.19092323680121e-10
47900.056 1.2590302814400705e-09
47950.056 4.845168774100506e-09
48000.056 6.180620148699372e-09
48050.056 4.420475636680149e-09
48100.056 2.2198687455999667e-09
48150.056 4.560909325200212e-09
48200.056 1.9993652935695914e-09
48250.056 3.731112979300215e-09
48300.056 5.146468772199857e-09
48350.056 2.5584860283996084e-09
48400.056 4.2664388252189006e-10
48450.056 7.80572261726189e-10
48500.056 1.731201673429793e-09
48550.056 2.311503756810553e-09
48600.056 6.1440754178002215e-09
48650.056 7.539394113199922e-09
48700.056 5.678403884800299e-09
48750.056 5.375104879299993e-09
48800.056 5.810246903399906e-09
48850.056 2.19047811651968e-09
48900.056 1.5826088553498072e-09
48950.056 7.491953555099756e-10
49000.056 5.704081410301355e-10
49050.056 1.962322424689829e-09
49100.056 3.342968066070554e-09
49150.056 3.1211198908299577e-09
49200.056 5.860918351300383e-09
49250.056 6.043309768299879e-09
49300.056 4.166542630329558e-09
49350.056 1.4235641554602937e-09
49400.056 1.9136659047896495e-09
49450.056 1.338880218150242e-09
49500.056 9.56716297209815e-10
49550.056 2.1309889967099365e-10
49600.056 4.291971340160795e-10
49650.056 1.7601588936002305e-09
49700.056 2.8483996212000072e-09
49750.056 1.6603864929498863e-09
49800.056 9.263064602800574e-10
49850.056 2.9723123714003076e-09
49900.056 3.930216087399975e-09
49950.056 3.5100713384998544e-09
50000.056 1.4217720743197107e-09
50050.056 1.3888546056802197e-09
50100.056 1.385037423069908e-09
50150.056 4.747594061699188e-10
50200.056 1.2537776378902201e-10
50250.056 4.45583226680003e-10
50300.056 3.587450128110602e-10
50350.056 1.5517201331801627e-09
50400.056 2.508702580800003e-09
50450.056 2.6497714496000616e-09
50500.056 3.347083238800078e-09
50550.056 3.764125435799938e-09
50600.056 1.952887495549803e-09
50650.056 3.43712179710011e-09
50700.056 2.6861251037998376e-09
50750.056 1.3800617816998888e-09
50800.056 3.6705659518391353e-10
50850.056 2.01863325719055e-10
50900.056 1.0487057017201296e-09
50950.056 1.3989128825098838e-09
51000.056 8.914792461801696e-10
51050.056 1.97451966727986e-09
51100.056 8.264506660699629e-10
51150.056 5.017639430281044e-10
51200.056 1.9608106919001203e-09
51250.056 1.7834373309798944e-09
51300.056 1.1105260358099623e-09
51350.056 6.06149452657876e-10
51400.056 2.162746642530323e-10
51450.056 2.0286119105295766e-10
51500.056 2.1476319134505023e-10
51550.056 6.852390767900818e-10
51600.056 1.0720631206900613e-09
51650.056 1.5878976071000356e-09
51700.056 1.1643519024397744e-09
51750.056 9.335168388901779e-10
51800.056 1.7816964475000038e-09
51850.056 1.3953998937099328e-09
51900.056 1.0061692720399588e-09
51950.056 4.947918395599246e-10
52000.056 1.2254259445598498e-10
52050.056 3.077892515300089e-10
52100.056 1.983627450919771e-10
52150.056 1.3272326353902983e-10
52200.056 4.0589449409002336e-10
52250.056 6.45848529810045e-10
52300.056 6.228990932999558e-10
52350.056 2.0783828822999126e-10
52400.056 2.456384437850072e-10
52450.056 7.483334724200724e-10
52500.056 5.214619444799732e-10
52550.056 1.0281866134799632e-09
52600.056 1.105884343640097e-09
52650.056 1.2855918643999481e-09
52700.056 7.15665692859932e-10
52750.056 2.2506572613495928e-10
52800.056 4.223913713000525e-10
52850.056 4.877031095799405e-10
52900.056 1.8206007300195716e-10
52950.056 2.8563632947104203e-10
53000.056 5.983650924700175e-10
53050.056 3.035343448119882e-10
53100.056 8.938854699300783e-10
53150.056 7.328523639479693e-10
53200.056 4.1124232933997037e-10
53250.056 6.222964759199819e-10
53300.056 6.532540884900605e-10
53350.056 5.874479964199933e-10
53400.056 4.2167274357996475e-10
53450.056 1.9394297383997573e-10
53500.056 7.679085736298643e-11
53550.056 1.1790211350900306e-10
