galfind/configs/Brown_Dwarf_templates/sonora_bobcat/m+0.5/1000g/sp_t275g1000nc_m+0.5_resample.dat
# %ECSV 1.0
# ---
# datatype:
# - {name: wav, unit: Angstrom, datatype: float64}
# - {name: flux_nu, unit: erg / (cm2 Hz s), datatype: float64}
# meta: {C/O: '1.00', Kzz: '1.0000E+05', Teff: '275.', Y: '0.28', '[Fe/H]': '0.50', f_hole: '1.00', f_rain: '0.00', grav: '1000.'}
# schema: astropy-2.0
wav flux_nu
[from data line 498]
28900.056 2.513014473737383e-13
28950.056 3.204100454389125e-13
29000.056 1.6206209203633513e-13
29050.056 3.9071004947256945e-13
29100.056 8.150889191321217e-14
29150.056 5.819723985839722e-14
29200.056 1.3336431179941293e-12
29250.056 4.025173756949902e-13
29300.056 1.9369053939641572e-13
29350.056 7.324208302343161e-13
29400.056 6.113340019233264e-13
29450.056 8.82571720607819e-14
29500.056 1.181697520123145e-12
29550.056 2.8980339870515915e-13
29600.056 1.5713745996525448e-13
29650.056 1.5117498104164096e-12
29700.056 1.9842738161882887e-13
29750.056 1.3423026442928007e-12
29800.056 3.367673123219619e-13
29850.056 1.5818618305567951e-12
29900.056 4.207136765632503e-13
29950.056 4.853379454354371e-13
30000.056 1.8907412319954274e-15
30050.056 1.16421445320447e-13
30100.056 5.397079576193579e-13
30150.056 1.6241880605669095e-12
30200.056 1.368527664618382e-12
30250.056 1.2953929699204625e-12
30300.056 2.2014895227504903e-12
30350.056 3.175296201008996e-13
30400.056 3.037383578985105e-12
30450.056 3.87288174582445e-12
30500.056 4.137595733389006e-13
30550.056 5.251143213791241e-13
30600.056 2.8615488353102165e-11
30650.056 7.798591323453127e-12
30700.056 9.470617359668637e-13
30750.056 4.52302563955841e-12
30800.056 1.1881728311419504e-11
30850.056 8.823194594766083e-12
30900.056 3.7232446213704495e-12
30950.056 2.0130173701560004e-12
31000.056 2.86011587556877e-12
31050.056 6.997479176597407e-13
31100.056 5.400917469981663e-13
31150.056 2.18378582964256e-12
31200.056 1.3188133630754294e-11
31250.056 6.229588987282689e-12
31300.056 1.1691495026776693e-12
31350.056 1.2246310098135107e-11
31400.056 6.648583444052522e-12
31450.056 6.151476108053402e-12
31500.056 1.4049680195974058e-12
31550.056 3.855108709410782e-12
31600.056 3.3095399585455646e-12
31650.056 2.1421356793432947e-12
31700.056 1.308479013106938e-12
31750.056 6.117849337200977e-13
31800.056 1.0440657943421016e-12
31850.056 9.867899784326273e-14
31900.056 3.2956639788042175e-13
31950.056 1.4047156415549433e-13
32000.056 8.829247275910915e-14
32050.056 7.92067512802577e-14
32100.056 7.290386280385902e-14
32150.056 4.177437599759302e-14
32200.056 1.3745925958976786e-14
32250.056 3.5913172675825656e-14
32300.056 5.193616843405462e-15
32350.056 1.816715543091045e-14
32400.056 1.1856784058417156e-15
32450.056 1.1889675245554637e-14
32500.056 1.0665169797969503e-15
32550.056 8.425330608204829e-15
32600.056 5.796451148595424e-16
32650.056 1.6644659243725695e-14
32700.056 9.459275675097168e-16
32750.056 5.841064092301546e-14
32800.056 1.4460835255092746e-14
32850.056 2.6620233131605717e-13
32900.056 1.4568072284056954e-13
32950.056 2.7005972199744555e-13
33000.056 5.946553834414098e-14
33050.056 2.087352269511518e-14
33100.056 2.8440024468270397e-15
33150.056 3.669239791693839e-18
33200.056 8.731028609284398e-16
33250.056 1.4667209096182275e-15
33300.056 4.585686687873871e-14
33350.056 2.977309908372764e-14
33400.056 2.6806261528168366e-13
33450.056 1.147893330403007e-14
33500.056 1.668497077423351e-13
33550.056 1.5350545819233074e-14
33600.056 6.916756775034249e-14
33650.056 8.531138698505111e-14
33700.056 7.321738993314301e-15
33750.056 9.517252922625334e-14
33800.056 3.3817110782939302e-15
33850.056 4.401720763507475e-14
33900.056 4.648360098787516e-14
33950.056 6.152192812967839e-14
34000.056 1.9218549909559133e-13
34050.056 3.1092071235330287e-14
34100.056 2.660629451838826e-13
34150.056 7.085872866392912e-14
34200.056 4.3651650014628676e-13
34250.056 1.0320983652683057e-13
34300.056 2.0920761727358874e-13
34350.056 1.857034538914422e-12
34400.056 1.365772495703919e-13
34450.056 1.0778933461485472e-12
34500.056 1.955253238127019e-13
34550.056 1.181213075551338e-12
34600.056 6.497656687947534e-12
34650.056 1.2224568755314173e-13
34700.056 2.9374160937517293e-12
34750.056 1.0119333178332854e-12
34800.056 5.472958207519816e-13
34850.056 3.2299013444408642e-12
34900.056 2.259034026927676e-13
34950.056 6.6699947227345985e-12
35000.056 4.9652678323527926e-12
35050.056 8.604998548867342e-12
35100.056 1.3344600006310304e-11
35150.056 1.0733682925447213e-11
35200.056 1.0569217329171587e-11
35250.056 2.2712582341628358e-11
35300.056 3.0411258185706535e-12
35350.056 1.1367416177642543e-12
35400.056 6.861075880047069e-13
35450.056 7.670412112315519e-13
35500.056 5.190045142015237e-12
35550.056 4.274800480240309e-12
35600.056 1.0215323258738399e-11
35650.056 1.5859172674654296e-11
35700.056 2.0652668660076273e-11
35750.056 1.1286945897657554e-11
35800.056 3.0070010330188744e-12
35850.056 1.872597792533297e-12
35900.056 2.665297472413341e-12
35950.056 8.634100065022313e-12
36000.056 1.1297453334908294e-11
36050.056 8.234525455234507e-12
36100.056 7.553174137014396e-12
36150.056 6.449845421837037e-11
36200.056 3.301606275899978e-11
36250.056 1.303612590002573e-11
36300.056 6.928819776109967e-11
36350.056 3.748082359238575e-11
36400.056 5.240185074283093e-11
36450.056 3.273378915226757e-11
36500.056 2.7590627049765104e-11
36550.056 1.170920248474347e-10
36600.056 1.2245380594311005e-10
36650.056 4.179532625344481e-11
36700.056 8.57294447503646e-11
36750.056 1.431278748142658e-10
36800.056 1.8411852949252322e-10
36850.056 4.482447231221315e-11
36900.056 5.4722802240391625e-11
36950.056 2.1027880610899983e-10
37000.056 1.2153639360781485e-10
37050.056 2.248831082532216e-10
37100.056 2.9871010657075725e-11
37150.056 7.846854797655179e-11
37200.056 3.336471557940591e-10
37250.056 1.5530194526865557e-10
37300.056 4.219547630518549e-11
37350.056 7.760347762295822e-11
37400.056 1.576004366232892e-10
37450.056 4.808101195213431e-11
37500.056 7.455680789417518e-11
37550.056 3.8877180813526073e-10
37600.056 8.556446823271062e-10
37650.056 7.365597431216463e-11
37700.056 1.9464207702708436e-10
37750.056 1.757109634691389e-10
37800.056 1.3875007274130438e-10
37850.056 7.380589492841535e-11
37900.056 6.469573029133651e-11
37950.056 1.4797154284695528e-10
38000.056 1.1339481670414286e-10
38050.056 3.963542216997203e-10
38100.056 5.424737225200478e-10
38150.056 8.433424711653153e-10
38200.056 3.9375798794572294e-10
38250.056 8.212630254208592e-10
38300.056 1.6897101586972557e-09
38350.056 6.551210367730942e-10
38400.056 1.1680981940361982e-10
38450.056 2.2182536550784177e-11
38500.056 3.495670298491452e-11
38550.056 2.866072250230297e-10
38600.056 4.830658313759187e-10
38650.056 3.574398119679122e-10
38700.056 1.6113499091506503e-10
38750.056 3.4281736983619723e-10
38800.056 2.768538134380915e-10
38850.056 4.0042520261190137e-10
38900.056 4.861574363786097e-10
38950.056 2.217455686657513e-10
39000.056 7.024771648030219e-10
39050.056 1.0973227810367468e-10
39100.056 3.3038360410204295e-10
39150.056 7.792635812013292e-10
39200.056 4.825881656279814e-10
39250.056 7.792800484064854e-10
39300.056 3.7769981574618247e-10
39350.056 1.3412337820809978e-09
39400.056 4.513603761698419e-10
39450.056 1.021086172072728e-09
39500.056 1.1721430974899196e-09
39550.056 2.5015720168659953e-10
39600.056 8.812989191285055e-10
39650.056 1.6838808366199547e-09
39700.056 1.5774608076901316e-09
39750.056 3.1272445645705846e-10
39800.056 2.655694085547771e-10
39850.056 1.5381565512802354e-09
39900.056 2.3511078881101335e-09
39950.056 4.819138300160799e-10
40000.056 1.1788019598160106e-09
40050.056 1.622762355645883e-09
40100.056 2.3160596513959682e-10
40150.056 1.1577670643701244e-09
40200.056 1.5644831173518094e-09
40250.056 1.974098526479591e-09
40300.056 2.1202145723802262e-09
40350.056 6.498145801101709e-10
40400.056 9.340490563046583e-10
40450.056 2.9647786182941076e-10
40500.056 1.923695964320173e-09
40550.056 1.8502070179614576e-09
40600.056 2.263472200949913e-09
40650.056 1.1483368468403942e-09
40700.056 2.2069135757838067e-09
40750.056 1.4924640421758008e-09
40800.056 6.401452008960431e-10
40850.056 3.7322355517006285e-09
40900.056 3.5979624410994876e-09
40950.056 2.0458571596975397e-09
41000.056 1.3302438022224061e-09
41050.056 4.348538376610017e-09
41100.056 3.5701031489297454e-09
41150.056 5.331758546802182e-10
41200.056 4.324399977872658e-09
41250.056 3.5220065775122928e-09
41300.056 3.6399305924407215e-09
41350.056 6.661287932700078e-09
41400.056 4.242064696099534e-09
41450.056 5.864323383699744e-09
41500.056 2.353343611270255e-09
41550.056 2.0358943188894967e-09
41600.056 2.513117628217738e-09
41650.056 5.591039708396774e-09
41700.056 9.45397392889944e-09
41750.056 6.025058262000107e-09
41800.056 6.622209846399914e-09
41850.056 4.531208521969412e-09
41900.056 2.9498700585390606e-09
41950.056 2.5772743110696737e-09
42000.056 4.084358830507262e-10
42050.056 9.800077014860898e-10
42100.056 1.8916546680260283e-09
42150.056 2.7147457425598093e-09
42200.056 4.08910946112006e-09
42250.056 2.9332386781706433e-09
42300.056 2.118196664369727e-09
42350.056 5.846145170060183e-09
42400.056 8.325196490600606e-09
42450.056 1.040422831300062e-08
42500.056 1.1247964876499737e-08
42550.056 9.25521229759965e-09
42600.056 6.385205080501509e-09
42650.056 1.0319664993498714e-08
42700.056 2.856917994959604e-09
42750.056 8.520088671201179e-09
42800.056 1.498735300200039e-08
42850.056 1.5255787603898687e-08
42900.056 1.4112853697800626e-08
42950.056 1.0457508646000696e-08
43000.056 1.247418751319968e-08
43050.056 5.046099001699322e-09
43100.056 8.91659259570049e-09
43150.056 9.280884186400193e-09
43200.056 1.4280639595200731e-08
43250.056 1.9645630885000415e-08
43300.056 1.62388032183994e-08
43350.056 8.846855047999378e-09
43400.056 1.2710214974500351e-08
43450.056 6.951167003299959e-09
43500.056 5.233516070880214e-09
43550.056 7.572013302000552e-09
43600.056 1.602301153599993e-08
43650.056 7.721300788199496e-09
43700.056 1.6100670152002968e-08
43750.056 1.9205009069998874e-08
43800.056 1.3897372571399794e-08
43850.056 1.1908108737301116e-08
43900.056 7.126912257800175e-09
43950.056 5.558749386799794e-09
44000.056 6.174359642699861e-09
44050.056 1.7070212325401568e-08
44100.056 2.4439119130000373e-08
44150.056 2.0124911612799007e-08
44200.056 1.9711435926000188e-08
44250.056 9.866043882399188e-09
44300.056 5.827413163800132e-09
44350.056 5.663102512860186e-09
44400.056 6.066153698100001e-09
44450.056 1.3544710877501662e-08
44500.056 1.1610089944700074e-08
44550.056 1.7035523587000206e-08
44600.056 1.1892794924800112e-08
44650.056 1.3506198583799506e-08
44700.056 9.090842431598744e-09
44750.056 1.379182136730094e-08
44800.056 7.600757890100083e-09
44850.056 1.1437215735600485e-08
44900.056 1.143288235639961e-08
44950.056 1.4919812665901443e-08
45000.056 1.8853753479999792e-08
45050.056 1.5021532557798642e-08
45100.056 1.330980515860096e-08
45150.056 1.1017010377899324e-08
45200.056 6.766331741600236e-09
45250.056 8.57860766379907e-09
45300.056 8.316278924000524e-09
45350.056 5.150526805680961e-09
45400.056 2.038442505400083e-08
45450.056 1.4636028760301538e-08
45500.056 2.0602143269101293e-08
45550.056 2.2118882402197098e-08
45600.056 1.7790692314000902e-08
45650.056 1.5783078072398687e-08
45700.056 7.54062590697927e-09
45750.056 6.283093409400698e-09
45800.056 1.864915941970027e-08
45850.056 1.3137184528201073e-08
45900.056 2.196110632299959e-08
45950.056 2.2639502239798584e-08
46000.056 2.037874421940092e-08
46050.056 1.4518441693702154e-08
46100.056 2.4032443747998615e-08
46150.056 1.2803419534399947e-08
46200.056 8.628717423138684e-09
46250.056 2.450651578270009e-09
46300.056 1.1132538936200998e-08
46350.056 1.2262659607300826e-08
46400.056 1.3123774153500454e-08
46450.056 9.279054066449284e-09
46500.056 1.2973828474900805e-08
46550.056 5.933425170029092e-09
46600.056 5.705384578279445e-09
46650.056 1.1831774978600545e-08
46700.056 8.082874074498975e-09
46750.056 2.3755235558902696e-09
46800.056 1.3250895634198274e-09
46850.056 8.94166217350165e-09
46900.056 1.488119456399986e-08
46950.056 1.6017418755999638e-08
47000.056 1.720436213700065e-08
47050.056 8.673330961617846e-09
47100.056 7.066592750400084e-09
47150.056 1.1009970005601215e-08
47200.056 1.224620737099945e-08
47250.056 4.12007534795896e-09
47300.056 2.886795185330998e-09
47350.056 1.182216944410106e-08
47400.056 1.4647237435999691e-08
47450.056 6.761282389300059e-09
47500.056 1.531916044140156e-08
47550.056 1.4807853103200026e-08
47600.056 8.661044127038787e-09
47650.056 1.1052588911439571e-08
47700.056 8.44793956360089e-09
47750.056 6.4631443841999894e-09
47800.056 3.6176483519999723e-09
47850.056 1.0910468343602361e-09
47900.056 2.256228263240112e-09
47950.056 8.675801320200863e-09
48000.056 1.1381281687298868e-08
48050.056 8.034289707740188e-09
48100.056 3.7144415355900417e-09
48150.056 7.906109092200444e-09
48200.056 3.763485705269257e-09
48250.056 6.790080098600295e-09
48300.056 9.869793094899798e-09
48350.056 4.938085097799239e-09
48400.056 7.224937418087789e-10
48450.056 1.47216963826338e-09
48500.056 3.4203510727494955e-09
48550.056 4.590056541597062e-09
48600.056 1.1240307757800328e-08
48650.056 1.3832458498199754e-08
48700.056 9.53000211130077e-09
48750.056 8.51126509690007e-09
48800.056 1.0445720803600006e-08
48850.056 3.9960565530493985e-09
48900.056 3.1726185941896213e-09
48950.056 1.4128908848999415e-09
49000.056 9.947226919822776e-10
49050.056 3.764930699019625e-09
49100.056 6.339624457331096e-09
49150.056 5.550104778649929e-09
49200.056 1.0667675494000819e-08
49250.056 1.1227414664899833e-08
49300.056 8.004998179199174e-09
49350.056 2.564193935990618e-09
49400.056 3.571814578649293e-09
49450.056 2.5203516532904926e-09
49500.056 1.799679315108617e-09
49550.056 2.8477029260699493e-10
49600.056 7.432866136801553e-10
49650.056 3.4713334842004753e-09
49700.056 5.450004759099885e-09
49750.056 3.287805872739809e-09
49800.056 1.6983462292800937e-09
49850.056 5.715929457500665e-09
49900.056 7.270949106099909e-09
49950.056 6.601359284599727e-09
50000.056 2.7352390772283947e-09
50050.056 2.8863390329804515e-09
50100.056 2.754011657099802e-09
50150.056 8.193210675798356e-10
50200.056 1.538987208650379e-10
50250.056 7.283096952300037e-10
50300.056 5.648348659711204e-10
50350.056 3.0654108185003732e-09
50400.056 4.873506618599866e-09
50450.056 4.643398465200186e-09
50500.056 6.444575685400177e-09
50550.056 7.177849058599986e-09
50600.056 3.749124073759371e-09
50650.056 6.791764904800417e-09
50700.056 5.475258067399683e-09
50750.056 2.685149512999789e-09
50800.056 5.842138043278479e-10
50850.056 2.692154709600927e-10
50900.056 2.0451493690002877e-09
50950.056 2.7799212481997382e-09
51000.056 1.6879207089623364e-09
51050.056 3.836060896559676e-09
51100.056 1.3327799147099588e-09
51150.056 8.336692916682112e-10
51200.056 4.028044831700229e-09
51250.056 3.4889151632996966e-09
51300.056 2.0265237490499943e-09
51350.056 1.13650608925874e-09
51400.056 2.897540093420524e-10
51450.056 2.7413730284393325e-10
51500.056 2.883781909040834e-10
51550.056 1.1838846737802075e-09
51600.056 1.8751761257901537e-09
51650.056 2.9855655999000546e-09
51700.056 2.181930749699558e-09
51750.056 1.6019278723703554e-09
51800.056 3.5091864964999983e-09
51850.056 2.6311997624298575e-09
51900.056 1.8933061765999526e-09
51950.056 7.972473799798545e-10
52000.056 1.4078516232597962e-10
52050.056 4.4076802774002033e-10
52100.056 2.5608346776795994e-10
52150.056 1.623605114030415e-10
52200.056 5.989312697700272e-10
52250.056 1.086040758370118e-09
52300.056 1.051206474459902e-09
52350.056 2.6932897869697986e-10
52400.056 3.1999729380400843e-10
52450.056 1.345910722020152e-09
52500.056 8.9389329562394e-10
52550.056 1.868640010149914e-09
52600.056 1.938565290130208e-09
52650.056 2.350901940299914e-09
52700.056 1.1627263154898719e-09
52750.056 3.050037433319235e-10
52800.056 6.266574453700969e-10
52850.056 7.456732587398643e-10
52900.056 2.326261623709331e-10
52950.056 3.9796634629006765e-10
53000.056 9.962651340600406e-10
53050.056 3.9842893792397143e-10
53100.056 1.655788277170171e-09
53150.056 1.5471156690299583e-09
53200.056 7.339721660619587e-10
53250.056 1.2330937396499362e-09
53300.056 1.2287790154901372e-09
53350.056 1.0567011146199897e-09
53400.056 6.554122397199226e-10
53450.056 2.425477075399623e-10
53500.056 9.067545179098246e-11
