galfind/configs/Brown_Dwarf_templates/sonora_bobcat/m+0.5/1000g/sp_t300g1000nc_m+0.5_resample.dat
# %ECSV 1.0
# ---
# datatype:
# - {name: wav, unit: Angstrom, datatype: float64}
# - {name: flux_nu, unit: erg / (cm2 Hz s), datatype: float64}
# meta: {C/O: '1.00', Kzz: '1.0000E+05', Teff: '300.', Y: '0.28', '[Fe/H]': '0.50', f_hole: '1.00', f_rain: '0.00', grav: '1000.'}
# schema: astropy-2.0
wav flux_nu
[from data line 498]
28900.056 1.0564044237316926e-12
28950.056 1.3586193738808803e-12
29000.056 6.791680331782625e-13
29050.056 1.5268910805265718e-12
29100.056 4.2989705716669286e-13
29150.056 3.8501285841960046e-13
29200.056 4.958056688743049e-12
29250.056 1.8807679344642224e-12
29300.056 1.1369274139837851e-12
29350.056 3.4280049067611978e-12
29400.056 2.209699702390667e-12
29450.056 4.010228012730297e-13
29500.056 5.060786599198553e-12
29550.056 1.0989520134984177e-12
29600.056 8.533020731189041e-13
29650.056 7.282018579164529e-12
29700.056 7.333994288654967e-13
29750.056 5.089233680679478e-12
29800.056 1.6450857976279223e-12
29850.056 6.722895318181949e-12
29900.056 1.8572251232955456e-12
29950.056 2.2563733704490764e-12
30000.056 1.2211039515997884e-14
30050.056 3.926260088204305e-13
30100.056 2.0406497652115086e-12
30150.056 7.459989139476382e-12
30200.056 4.77525108877837e-12
30250.056 5.70781747566189e-12
30300.056 9.577287953067799e-12
30350.056 1.1053536483271294e-12
30400.056 1.1567296049017794e-11
30450.056 1.2668288241089603e-11
30500.056 1.9328547788878076e-12
30550.056 2.1377137992273515e-12
30600.056 8.674951094571921e-11
30650.056 2.422789668492093e-11
30700.056 4.8143563132396905e-12
30750.056 1.7140661161984145e-11
30800.056 3.364482498596971e-11
30850.056 2.7614131946906197e-11
30900.056 1.2643374520511022e-11
30950.056 6.647961926698837e-12
31000.056 1.0149150259148321e-11
31050.056 3.1126427614743824e-12
31100.056 2.511565723773741e-12
31150.056 7.129972283497607e-12
31200.056 4.1958922130342805e-11
31250.056 1.7189858377972687e-11
31300.056 4.783540938915837e-12
31350.056 3.68397335095908e-11
31400.056 2.024753638264319e-11
31450.056 1.9448511085680177e-11
31500.056 4.701037537244535e-12
31550.056 1.1927579287622542e-11
31600.056 9.933205641275904e-12
31650.056 6.8810366381683466e-12
31700.056 4.347666797591196e-12
31750.056 2.0861946314339007e-12
31800.056 3.789083838596564e-12
31850.056 4.1787069464002454e-13
31900.056 1.277547007000189e-12
31950.056 6.06869305370943e-13
32000.056 3.332411384876793e-13
32050.056 3.859920802062819e-13
32100.056 3.539415093304168e-13
32150.056 2.295012522875675e-13
32200.056 8.118419697204707e-14
32250.056 2.100832546405315e-13
32300.056 3.6593097783200976e-14
32350.056 1.3998679836344066e-13
32400.056 8.002284418327136e-15
32450.056 8.638801308909223e-14
32500.056 7.269365961414913e-15
32550.056 6.930615382247927e-14
32600.056 4.1824944254218085e-15
32650.056 1.5635006822196183e-13
32700.056 8.104877613399014e-15
32750.056 5.353392082081895e-13
32800.056 1.5758564615573985e-13
32850.056 2.073650265247515e-12
32900.056 1.3411800810044243e-12
32950.056 1.7778633932624192e-12
33000.056 3.785342617505911e-13
33050.056 1.8223542525654673e-13
33100.056 2.365014279078593e-14
33150.056 2.3718606111254514e-17
33200.056 3.588624106949629e-15
33250.056 7.243339385850715e-15
33300.056 2.1762131434565635e-13
33350.056 2.3028672656141554e-13
33400.056 1.6229471118002297e-12
33450.056 1.1737479839861668e-13
33500.056 1.2847633368883912e-12
33550.056 1.266092203378657e-13
33600.056 5.052264223465486e-13
33650.056 5.756205325553226e-13
33700.056 5.589817060934104e-14
33750.056 6.709462481288975e-13
33800.056 2.1036941829806692e-14
33850.056 3.030746736076858e-13
33900.056 3.211524438664682e-13
33950.056 3.790165086583213e-13
34000.056 1.1047998377051525e-12
34050.056 1.7362105245560177e-13
34100.056 1.405075654997384e-12
34150.056 3.720914183696848e-13
34200.056 2.051691885767943e-12
34250.056 5.779212178201078e-13
34300.056 1.0305686546511107e-12
34350.056 6.938842523171311e-12
34400.056 6.475136358886739e-13
34450.056 4.5219721079580215e-12
34500.056 1.0136708823294678e-12
34550.056 3.887246546649433e-12
34600.056 2.014286503878444e-11
34650.056 5.63964077736511e-13
34700.056 9.864959125122556e-12
34750.056 3.979274225978587e-12
34800.056 2.3638706575634225e-12
34850.056 1.3539169274323216e-11
34900.056 8.957941040983718e-13
34950.056 2.246857240693075e-11
35000.056 1.967663156166434e-11
35050.056 2.4308486594202957e-11
35100.056 4.3853888895632805e-11
35150.056 3.4745014267669145e-11
35200.056 2.878690060422491e-11
35250.056 6.310217533978564e-11
35300.056 1.0660941901404418e-11
35350.056 6.4150071098473975e-12
35400.056 3.8758628514933656e-12
35450.056 4.1794328593613736e-12
35500.056 2.357551117604323e-11
35550.056 1.5723901198459924e-11
35600.056 3.5711934368152154e-11
35650.056 5.466544564999605e-11
35700.056 6.298380129187899e-11
35750.056 4.507008190102026e-11
35800.056 1.4367578875988177e-11
35850.056 8.257852849499088e-12
35900.056 1.0868670657896709e-11
35950.056 2.9243013654650526e-11
36000.056 3.698340502380363e-11
36050.056 2.5251595180428716e-11
36100.056 2.4259474793575995e-11
36150.056 1.5467247028989063e-10
36200.056 1.0109831592492634e-10
36250.056 4.4451140275868e-11
36300.056 2.008758067501684e-10
36350.056 1.0055006135167097e-10
36400.056 1.5962655981565825e-10
36450.056 1.035440101908718e-10
36500.056 9.525052372103743e-11
36550.056 3.138832521657757e-10
36600.056 3.2236418515415787e-10
36650.056 1.3068667939272164e-10
36700.056 2.2394845833154558e-10
36750.056 3.5122160540917106e-10
36800.056 4.575988002642384e-10
36850.056 1.2927737557397645e-10
36900.056 1.7428178919342472e-10
36950.056 5.009140574900999e-10
37000.056 2.830711664596967e-10
37050.056 5.411179029638002e-10
37100.056 1.0160194476666606e-10
37150.056 2.2933674626098182e-10
37200.056 7.505103147660829e-10
37250.056 3.5632696328734924e-10
37300.056 1.2296429632690158e-10
37350.056 2.432013286486479e-10
37400.056 4.736147944646335e-10
37450.056 1.4036144558342889e-10
37500.056 2.256824708360024e-10
37550.056 9.23253638732939e-10
37600.056 1.86529750140987e-09
37650.056 2.1500495709762698e-10
37700.056 5.209430223693812e-10
37750.056 4.373828940641676e-10
37800.056 3.634942942572069e-10
37850.056 1.8430924235438906e-10
37900.056 1.8211786505915423e-10
37950.056 4.243321199148782e-10
38000.056 3.500009613246675e-10
38050.056 9.464994749348418e-10
38100.056 1.2746943727812047e-09
38150.056 1.8292011224614218e-09
38200.056 9.24851463378172e-10
38250.056 1.7323794678599213e-09
38300.056 3.2575192533612384e-09
38350.056 1.6314728711314961e-09
38400.056 3.585365655357121e-10
38450.056 7.939760603194257e-11
38500.056 9.540064489679334e-11
38550.056 6.662459654360788e-10
38600.056 9.95321646309813e-10
38650.056 8.586439190948921e-10
38700.056 4.706289743224401e-10
38750.056 7.979533354613021e-10
38800.056 6.783420953437766e-10
38850.056 9.454244080868099e-10
38900.056 1.1430322811279416e-09
38950.056 5.476413711881726e-10
39000.056 1.45969472356432e-09
39050.056 3.329271865277765e-10
39100.056 8.786656172149588e-10
39150.056 1.7782537630790406e-09
39200.056 1.0660218475439204e-09
39250.056 1.8363958718954873e-09
39300.056 9.273847002181989e-10
39350.056 2.7685108882249693e-09
39400.056 1.076691187991838e-09
39450.056 2.177398311258611e-09
39500.056 2.4107100304199002e-09
39550.056 6.08539861964426e-10
39600.056 1.920239597805084e-09
39650.056 3.285915264499883e-09
39700.056 3.075978080410336e-09
39750.056 7.376254320218871e-10
39800.056 7.098254553700346e-10
39850.056 3.2642395859004572e-09
39900.056 4.5171647411002865e-09
39950.056 1.0883860024351432e-09
40000.056 2.5283112848119663e-09
40050.056 3.342650325911807e-09
40100.056 5.67419321894862e-10
40150.056 2.472714511180199e-09
40200.056 3.1957324079196084e-09
40250.056 3.88571234926918e-09
40300.056 4.096097966960474e-09
40350.056 1.4527175741345213e-09
40400.056 2.2156520784568376e-09
40450.056 7.328944443585497e-10
40500.056 3.80500147761029e-09
40550.056 3.734578109040818e-09
40600.056 4.074816017099857e-09
40650.056 2.3290497791012184e-09
40700.056 4.788886068689615e-09
40750.056 3.1529920757775234e-09
40800.056 1.401465999585646e-09
40850.056 6.896246924801234e-09
40900.056 6.486356672799044e-09
40950.056 4.068375608097957e-09
41000.056 2.8125789966650426e-09
41050.056 8.025750629399849e-09
41100.056 6.609621055119604e-09
41150.056 1.235420925286627e-09
41200.056 7.807315762581141e-09
41250.056 6.345354881024727e-09
41300.056 6.838386153481223e-09
41350.056 1.1023303321100029e-08
41400.056 7.2998964438992296e-09
41450.056 1.0450482537699427e-08
41500.056 4.620401250127424e-09
41550.056 4.048692085129059e-09
41600.056 4.8074679736325814e-09
41650.056 9.392260510361267e-09
41700.056 1.5258356292298835e-08
41750.056 9.854796226500007e-09
41800.056 1.0687076511800113e-08
41850.056 8.148475397088907e-09
41900.056 5.562854025378267e-09
41950.056 5.165492898139459e-09
42000.056 1.2053637667915237e-09
42050.056 2.3742155828734934e-09
42100.056 3.8952219315300734e-09
42150.056 5.221380299529595e-09
42200.056 7.160125435939966e-09
42250.056 5.29131232938125e-09
42300.056 3.971855064219498e-09
42350.056 9.743187314010299e-09
42400.056 1.3101177271901002e-08
42450.056 1.5338141871801097e-08
42500.056 1.6374206919999457e-08
42550.056 1.3553161191899403e-08
42600.056 1.0450652963602775e-08
42650.056 1.6883704030097856e-08
42700.056 5.205899425104945e-09
42750.056 1.2667765184101874e-08
42800.056 2.1411908561000592e-08
42850.056 2.2081582463497638e-08
42900.056 2.1131908624201175e-08
42950.056 1.572844976680093e-08
43000.056 1.882924247959957e-08
43050.056 7.784680516079295e-09
43100.056 1.4221410110400486e-08
43150.056 1.3425840457500242e-08
43200.056 2.039756191810123e-08
43250.056 2.90457550640008e-08
43300.056 2.411065738299934e-08
43350.056 1.2639470096298842e-08
43400.056 1.9022444297800792e-08
43450.056 1.0973535555000124e-08
43500.056 8.932030405590523e-09
43550.056 1.1649695015500882e-08
43600.056 2.3738665694000174e-08
43650.056 1.1584810855999208e-08
43700.056 2.450729798270467e-08
43750.056 2.7438635166998152e-08
43800.056 2.0687488660099617e-08
43850.056 1.8243431299301966e-08
43900.056 1.1267603989699995e-08
43950.056 8.44124742919954e-09
44000.056 8.91916845409974e-09
44050.056 2.497594260130212e-08
44100.056 3.590207157300074e-08
44150.056 2.9801548213798318e-08
44200.056 2.9069605917000557e-08
44250.056 1.423007408379868e-08
44300.056 8.746787789600401e-09
44350.056 9.023369534690465e-09
44400.056 9.327314607899863e-09
44450.056 2.019786473050251e-08
44500.056 1.7100501914500533e-08
44550.056 2.5707069433000168e-08
44600.056 1.8303322917200225e-08
44650.056 2.002063791499918e-08
44700.056 1.305666076759807e-08
44750.056 2.0266105062101777e-08
44800.056 1.1411169377000332e-08
44850.056 1.74649921255007e-08
44900.056 1.6807793143699303e-08
44950.056 2.121501030520225e-08
45000.056 2.6942617702999798e-08
45050.056 2.1954214149898026e-08
45100.056 1.9509138292201357e-08
45150.056 1.609746110499886e-08
45200.056 1.0213016929900595e-08
45250.056 1.2862223263198302e-08
45300.056 1.2678574891801044e-08
45350.056 8.120517098081577e-09
45400.056 3.086230122000157e-08
45450.056 2.2560759447902448e-08
45500.056 3.073988029720198e-08
45550.056 3.3399282557295194e-08
45600.056 2.636649576400157e-08
45650.056 2.301139767469817e-08
45700.056 1.1468618043599045e-08
45750.056 9.573465945900992e-09
45800.056 2.8810458666000713e-08
45850.056 2.0780928281201468e-08
45900.056 3.238087883499908e-08
45950.056 3.2157221605997846e-08
46000.056 3.0303297867501805e-08
46050.056 2.1915460585303375e-08
46100.056 3.652678471399774e-08
46150.056 1.8986170302799972e-08
46200.056 1.3374551950987959e-08
46250.056 3.938577720099944e-09
46300.056 1.7324738539901455e-08
46350.056 1.8812185823501746e-08
46400.056 1.983707512870068e-08
46450.056 1.498068916957875e-08
46500.056 1.956027981550168e-08
46550.056 8.903879761898843e-09
46600.056 9.573835496068914e-09
46650.056 1.882610288440085e-08
46700.056 1.2557607597898198e-08
46750.056 3.974985338760547e-09
46800.056 2.28747708946969e-09
46850.056 1.4991541340102666e-08
46900.056 2.2993859492999465e-08
46950.056 2.405947637299923e-08
47000.056 2.5456954878001325e-08
47050.056 1.354214128393639e-08
47100.056 1.0448381815200165e-08
47150.056 1.7288375155302078e-08
47200.056 1.9122233169999108e-08
47250.056 6.771745978468361e-09
47300.056 4.669984301561568e-09
47350.056 1.8863010296001763e-08
47400.056 2.236926082099932e-08
47450.056 1.093799216530035e-08
47500.056 2.4400477772002067e-08
47550.056 2.2273870897000258e-08
47600.056 1.4488368773757892e-08
47650.056 1.8078213185079445e-08
47700.056 1.3491410518611564e-08
47750.056 9.898255435400014e-09
47800.056 5.986860217200226e-09
47850.056 1.909324019570408e-09
47900.056 3.8536706569201485e-09
47950.056 1.419295569350132e-08
48000.056 1.9052829120898214e-08
48050.056 1.3474836645840175e-08
48100.056 5.872438917830191e-09
48150.056 1.2556501165900757e-08
48200.056 6.5039999101688405e-09
48250.056 1.1165768218300335e-08
48300.056 1.7016924773999776e-08
48350.056 8.698884322998682e-09
48400.056 1.265466101662594e-09
48450.056 2.71129668900971e-09
48500.056 6.223469873618913e-09
48550.056 8.265883652985784e-09
48600.056 1.8224476304000417e-08
48650.056 2.2684248459999466e-08
48700.056 1.4698930693201556e-08
48750.056 1.2316913780000319e-08
48800.056 1.696735804740028e-08
48850.056 6.775613991888978e-09
48900.056 5.916752857329322e-09
48950.056 2.6677535624098726e-09
49000.056 1.7376610678815114e-09
49050.056 6.7228929303892896e-09
49100.056 1.0975821262491911e-08
49150.056 9.157770484799916e-09
49200.056 1.7402469679001536e-08
49250.056 1.8569575880999836e-08
49300.056 1.3607093131798706e-08
49350.056 4.288253665091129e-09
49400.056 6.156242244558721e-09
49450.056 4.500041821780917e-09
49500.056 3.2942963722112956e-09
49550.056 4.378014090009972e-10
49600.056 1.3654161234282932e-09
49650.056 6.29613686500084e-09
49700.056 9.34272435829949e-09
49750.056 6.077908066319709e-09
49800.056 3.084038078910124e-09
49850.056 1.0043889366001226e-08
49900.056 1.2008594160099777e-08
49950.056 1.1043322528399587e-08
50000.056 4.952822333943887e-09
50050.056 5.61769826843081e-09
50100.056 5.12928026459963e-09
50150.056 1.512101914649678e-09
50200.056 2.141250499840732e-10
50250.056 1.325113274110005e-09
50300.056 9.824401207622334e-10
50350.056 5.7027860603007514e-09
50400.056 8.610184094999564e-09
50450.056 7.4457168086003755e-09
50500.056 1.1160704026900338e-08
50550.056 1.2052498180400148e-08
50600.056 6.596932477208482e-09
50650.056 1.1841192710101063e-08
50700.056 9.993188687899489e-09
50750.056 4.930854570799685e-09
50800.056 1.021641131212737e-09
50850.056 4.1374463678617595e-10
50900.056 3.948816640700559e-09
50950.056 5.224499538799482e-09
51000.056 3.1687195274696115e-09
51050.056 6.873221333099341e-09
51100.056 2.204807979379998e-09
51150.056 1.5010188231844052e-09
51200.056 7.608036842700328e-09
51250.056 6.329307338499316e-09
51300.056 3.6300484102001426e-09
51350.056 2.2414286015534867e-09
51400.056 4.5709661310109624e-10
51450.056 4.2851932007488e-10
51500.056 4.4344399363415356e-10
51550.056 2.168241954600453e-09
51600.056 3.228445159100352e-09
51650.056 5.220121866400061e-09
51700.056 3.965697999369216e-09
51750.056 2.755696035430642e-09
51800.056 6.347202258399933e-09
51850.056 4.700365285999745e-09
51900.056 3.604072427299989e-09
51950.056 1.442460690469716e-09
52000.056 1.7472565613696785e-10
52050.056 7.180615989700473e-10
52100.056 3.716409031599252e-10
52150.056 2.196518883240658e-10
52200.056 9.932129353500275e-10
52250.056 1.9672265022502813e-09
52300.056 1.9520564131997992e-09
52350.056 4.0205910137495515e-10
52400.056 4.824674358370102e-10
52450.056 2.588499541500306e-09
52500.056 1.7032042518328513e-09
52550.056 3.4017208855998232e-09
52600.056 3.288154835780368e-09
52650.056 4.066583882499903e-09
52700.056 1.9829236190097916e-09
52750.056 4.703941597848466e-10
52800.056 1.0423248579701882e-09
52850.056 1.2754423763497156e-09
52900.056 3.368307068798783e-10
52950.056 6.354328408201216e-10
53000.056 1.7873078761000971e-09
53050.056 5.937763034299364e-10
53100.056 3.059166903600311e-09
53150.056 2.9964667989799386e-09
53200.056 1.2860366242159432e-09
53250.056 2.3423127879198705e-09
53300.056 2.3739012498702996e-09
53350.056 1.9778349851799955e-09
53400.056 1.1254028819498352e-09
53450.056 3.3316434719493056e-10
53500.056 1.078181902579776e-10
