galfind/configs/Brown_Dwarf_templates/sonora_bobcat/m+0.5/1000g/sp_t600g1000nc_m+0.5_resample.dat
# %ECSV 1.0
# ---
# datatype:
# - {name: wav, unit: Angstrom, datatype: float64}
# - {name: flux_nu, unit: erg / (cm2 Hz s), datatype: float64}
# meta: {C/O: '1.00', Kzz: '1.0000E+05', Teff: '600.', Y: '0.28', '[Fe/H]': '0.50', f_hole: '1.00', f_rain: '0.00', grav: '1000.'}
# schema: astropy-2.0
wav flux_nu
4000.0559999999996 nan
4050.0559999999996 6.037892060763291e-16
4100.056 7.051699719980142e-14
4150.056 6.497648120100061e-13
4200.056 6.248702042760716e-13
4250.056 5.372662702900043e-12
4300.056 1.168601940740006e-11
4350.056 1.956064175300006e-11
4400.056 2.9515778047000096e-11
4450.056 4.32173257970002e-11
4500.056 5.58294404980002e-11
4550.056 5.0728826947499593e-11
4600.056 5.5267812523999675e-12
4650.056 2.7402110374999837e-12
4700.056 1.207779684329989e-12
4750.056 3.6522350171999585e-13
4800.056 1.3511272186799898e-13
4850.056 6.550304748999961e-14
4900.056 4.2394291180999856e-14
4950.056 3.023061216399989e-14
5000.056 1.9644141317999898e-14
5050.056 1.3894652304999999e-14
5100.056 1.3999826797000046e-14
5150.056 1.4783064407000028e-14
5200.056 1.5627454676000017e-14
5250.056 1.6394870847000005e-14
5300.056 1.7215101874000006e-14
5350.056 1.8203570022000016e-14
5400.056 1.9299169544000022e-14
5450.056 2.0515886235000057e-14
5500.056 2.180223106600006e-14
5550.056 2.3056207559000024e-14
5600.056 2.4128979519999995e-14
5650.056 2.4818843475999975e-14
5700.056 2.4746054532000006e-14
5750.056 2.3818491607999984e-14
5800.056 2.1367299958999956e-14
5850.056 1.5337445663799836e-14
5900.056 5.261401720293611e-15
5950.056 2.90474905420007e-14
6000.056 5.78784151719998e-14
6050.056 1.0092768850100129e-13
6100.056 1.6252711354000131e-13
6150.056 2.470890903300015e-13
6200.056 3.6377918686000195e-13
6250.056 5.199520937700023e-13
6300.056 7.382338452500023e-13
6350.056 1.0307051789300044e-12
6400.056 1.4201616696000079e-12
6450.056 1.893231418299993e-12
6500.056 2.5654616614000097e-12
6550.056 3.4666598740999936e-12
6600.056 4.639992572500064e-12
6650.056 6.157366795100032e-12
6700.056 7.580453573100065e-12
6750.056 1.0073306772100036e-11
6800.056 1.185073017200004e-11
6850.056 1.2211003541999992e-11
6900.056 1.0669062230200066e-11
6950.056 8.996929382499963e-12
7000.056 8.958635875200006e-12
7050.056 9.441195309999906e-12
7100.056 1.0205503731999949e-11
7150.056 9.71083270615986e-12
7200.056 9.22325163247997e-12
7250.056 9.351649950999591e-12
7300.056 8.967387644260441e-12
7350.056 9.106241937729871e-12
7400.056 9.207332863200245e-12
7450.056 9.447437862600269e-12
7500.056 9.497539725799973e-12
7550.056 9.329189781799985e-12
7600.056 8.881351062599978e-12
7650.056 4.1859291206509045e-12
7700.056 3.855477147350091e-12
7750.056 9.91594089800011e-12
7800.056 1.3649069622599974e-11
7850.056 1.9557627729000056e-11
7900.056 2.5964602813999904e-11
7950.056 3.020548905740014e-11
8000.056 4.35888815340004e-11
8050.056 5.548155413900064e-11
8100.056 6.24253995414986e-11
8150.056 7.117518854710019e-11
8200.056 1.007740360348044e-10
8250.056 1.1858160075403857e-10
8300.056 1.4748413058070497e-10
8350.056 1.7634923000299452e-10
8400.056 2.145818734379982e-10
8450.056 2.707909438579981e-10
8500.056 3.0994446475399065e-10
8550.056 3.920468428200071e-10
8600.056 4.781519706400035e-10
8650.056 5.626433407900047e-10
8700.056 6.448660347900051e-10
8750.056 7.47030799580004e-10
8800.056 8.391365543300055e-10
8850.056 8.585407980699904e-10
8900.056 5.548347860899672e-10
8950.056 5.358001970941604e-10
9000.056 5.550850340426799e-10
9050.056 1.0616041299789327e-09
9100.056 1.2099372650465198e-09
9150.056 1.3198425162740819e-09
9200.056 1.6878555811819805e-09
9250.056 1.6010482381717807e-09
9300.056 3.7728539585648494e-10
9350.056 5.207375112755136e-10
9400.056 1.0953864326118125e-09
9450.056 1.134367115565758e-09
9500.056 1.011674838134707e-09
9550.056 1.1101102435124794e-09
9600.056 1.1506557174734345e-09
9650.056 1.5407853744910688e-09
9700.056 2.4872116377720767e-09
9750.056 2.577734970591787e-09
9800.056 3.0476798928163722e-09
9850.056 3.5884755817809663e-09
9900.056 4.571514147630067e-09
9950.056 4.940038006250154e-09
10000.056 5.3346536613698505e-09
10050.056 6.823836950900098e-09
10100.056 8.121188305900052e-09
10150.056 8.974514903700037e-09
10200.056 9.703097906700465e-09
10250.056 1.1189584141360317e-08
10300.056 1.3465162981599113e-08
10350.056 1.4312718238200511e-08
10400.056 1.7741818646800194e-08
10450.056 2.033491637869811e-08
10500.056 2.2909499257399466e-08
10550.056 2.5812231663000118e-08
10600.056 2.7620029295999847e-08
10650.056 2.937512654400055e-08
10700.056 2.97485884280004e-08
10750.056 3.10413205845003e-08
10800.056 3.1062675448600346e-08
10850.056 2.947574961390041e-08
10900.056 2.3119638899499387e-08
10950.056 1.2391666376080159e-08
11000.056 7.872550390667825e-09
11050.056 4.488927716943198e-09
11100.056 2.6104495825644923e-09
11150.056 1.2749265362458635e-09
11200.056 1.1357718010627826e-09
11250.056 1.5055455503487096e-09
11300.056 1.835662294619989e-09
11350.056 6.570330672578028e-10
11400.056 2.1995355327509903e-09
11450.056 1.4248851604793673e-09
11500.056 1.2644642813446832e-09
11550.056 4.163753949555939e-10
11600.056 3.3838377201103294e-10
11650.056 8.637505302650193e-10
11700.056 1.0569625749568173e-09
11750.056 3.3633504013160503e-10
11800.056 1.5232809895375314e-09
11850.056 2.5882187502448976e-09
11900.056 3.3158121704497355e-09
11950.056 5.330579352550837e-09
12000.056 8.047677261371612e-09
12050.056 1.1975035722410569e-08
12100.056 1.662208150595817e-08
12150.056 2.287486983929894e-08
12200.056 2.815530765619984e-08
12250.056 3.72126986017968e-08
12300.056 4.906633367340278e-08
12350.056 5.241160754099923e-08
12400.056 6.817593773799793e-08
12450.056 8.201090689000234e-08
12500.056 8.983103966700539e-08
12550.056 1.0183369288799846e-07
12600.056 1.0941035161800241e-07
12650.056 1.064486949079988e-07
12700.056 1.0257091487700243e-07
12750.056 8.599810884400309e-08
12800.056 7.525988388079927e-08
12850.056 5.2698407264301603e-08
12900.056 4.079384747716335e-08
12950.056 3.423242439932123e-08
13000.056 3.50605600924841e-08
13050.056 2.5298348974442516e-08
13100.056 2.385005264292038e-08
13150.056 1.664990035312491e-08
13200.056 1.5239470629878468e-08
13250.056 1.060254368035851e-08
13300.056 4.257529328389207e-09
13350.056 1.2446394561354542e-09
13400.056 4.886265336341739e-10
13450.056 1.9146021660509138e-10
13500.056 8.685289019488763e-11
13550.056 4.063526143004053e-11
13600.056 1.5370125106901496e-11
13650.056 7.206541440393786e-11
13700.056 4.364509217847252e-11
13750.056 8.87053958549011e-11
13800.056 9.498572978826539e-11
13850.056 5.23776499056509e-11
13900.056 6.576796475143971e-11
13950.056 6.197169626711651e-11
14000.056 6.783517251600558e-11
14050.056 1.0366938290423119e-10
14100.056 8.908665915191393e-11
14150.056 1.5658041804621216e-10
14200.056 1.0727864379937048e-10
14250.056 1.3258981318293417e-10
14300.056 3.3559959465310084e-10
14350.056 3.067779699399652e-10
14400.056 3.2266895005224246e-10
14450.056 4.955955503656782e-10
14500.056 1.0191493384482924e-09
14550.056 1.0908984780095093e-09
14600.056 1.6841279949830928e-09
14650.056 1.2694418626916181e-09
14700.056 7.099027430810399e-10
14750.056 6.662049678415637e-10
14800.056 1.0090989288746906e-09
14850.056 1.0996176133606304e-09
14900.056 1.1937301273015424e-09
14950.056 1.2179160787232786e-09
15000.056 2.355983289331662e-09
15050.056 2.2567724030447317e-09
15100.056 1.997183678620252e-09
15150.056 1.7650816687063367e-09
15200.056 2.735031869549956e-09
15250.056 5.285234831111709e-09
15300.056 6.572781266382589e-09
15350.056 8.578609903410495e-09
15400.056 1.08270338812156e-08
15450.056 1.3686833102158971e-08
15500.056 1.5923398612132388e-08
15550.056 2.206292188579418e-08
15600.056 2.8248822140098508e-08
15650.056 3.512738619940197e-08
15700.056 4.5358066315401026e-08
15750.056 5.113287899500038e-08
15800.056 5.490893057799949e-08
15850.056 6.02370090160025e-08
15900.056 5.45179152410005e-08
15950.056 4.955096591399765e-08
16000.056 3.7185575867001484e-08
16050.056 2.1971990182798634e-08
16100.056 1.371495726105897e-08
16150.056 7.69691844091946e-09
16200.056 4.2477899162421945e-09
16250.056 3.0773407837278046e-09
16300.056 2.138298599442397e-09
16350.056 2.6577115961140457e-09
16400.056 3.2760806072731252e-09
16450.056 3.2130379384360705e-09
16500.056 3.26743576392294e-09
16550.056 3.2486402588308426e-09
16600.056 4.209355475016602e-09
16650.056 3.0720912826296272e-09
16700.056 5.734259187709044e-10
16750.056 1.6084706970801806e-09
16800.056 2.707516366266911e-09
16850.056 2.9588782674584474e-09
16900.056 1.803568073376702e-09
16950.056 1.2561174547569739e-09
17000.056 7.713936886621087e-10
17050.056 1.4593367912387274e-09
17100.056 2.2583923978969235e-09
17150.056 1.4242775361162946e-09
17200.056 3.534130787392004e-09
17250.056 2.2858801043000554e-09
17300.056 1.6078260942830494e-09
17350.056 1.610250803346641e-09
17400.056 2.3076379310875984e-09
17450.056 2.8884387174982577e-09
17500.056 3.5748054575913076e-09
17550.056 3.067343431190054e-09
17600.056 2.4658435963856254e-09
17650.056 2.2066839214794412e-09
17700.056 1.727869261066481e-09
17750.056 1.5254949958902495e-09
17800.056 2.7326948807593644e-09
17850.056 1.4986782552662473e-09
17900.056 1.232712552180517e-09
17950.056 9.035868236313282e-10
18000.056 1.3906668251013877e-09
18050.056 9.367103299457204e-10
18100.056 1.1395709125042274e-09
18150.056 1.17204017130126e-09
18200.056 7.396053058014321e-10
18250.056 2.275724680460068e-09
18300.056 7.002280133333199e-10
18350.056 5.900478349327405e-10
18400.056 4.691599063946307e-10
18450.056 1.3499543661780836e-09
18500.056 1.3299181117702767e-09
18550.056 8.427937198944459e-10
18600.056 8.845867180871194e-10
18650.056 6.451864399659811e-10
18700.056 3.1231656866849045e-10
18750.056 6.433421687127565e-10
18800.056 2.228107568476888e-09
18850.056 2.24305615575107e-09
18900.056 1.89468780309532e-09
18950.056 3.7070695005366135e-09
19000.056 1.3280624947803684e-09
19050.056 7.084931634149028e-10
19100.056 1.5724247659988614e-09
19150.056 7.223122604548152e-10
19200.056 1.153103420304731e-09
19250.056 7.249179261108213e-10
19300.056 5.285853481052343e-10
19350.056 4.696733916431486e-10
19400.056 3.9641576647694175e-10
19450.056 7.199917185116691e-10
19500.056 5.746790403080235e-10
19550.056 6.668113975614758e-10
19600.056 1.1748805161685772e-09
19650.056 1.0614604285903354e-09
19700.056 1.1969960597441064e-09
19750.056 2.0357251472960145e-09
19800.056 1.5412165839762595e-09
19850.056 2.121216875889619e-09
19900.056 2.351820697179653e-09
19950.056 3.6880216866476977e-09
20000.056 4.539324935700554e-09
20050.056 4.01192074681125e-09
20100.056 6.697427508023257e-09
20150.056 4.06952429012963e-09
20200.056 3.546634800018002e-09
20250.056 6.495084828736094e-09
20300.056 7.3722082128601985e-09
20350.056 7.975999536754192e-09
20400.056 7.015566487372208e-09
20450.056 1.2337005910216657e-08
20500.056 1.4505890899236452e-08
20550.056 1.5751093016181532e-08
20600.056 1.772778626750355e-08
20650.056 2.139035583379985e-08
20700.056 2.3410587974700252e-08
20750.056 2.6206064542397915e-08
20800.056 2.6920726862794466e-08
20850.056 2.9458521234401153e-08
20900.056 3.1726248209395824e-08
20950.056 3.051781055860232e-08
21000.056 2.9652258289701884e-08
21050.056 3.026519765279736e-08
21100.056 2.8332043376701068e-08
21150.056 2.827611073799547e-08
21200.056 2.57993349272023e-08
21250.056 2.358554385537581e-08
21300.056 1.922474178723082e-08
21350.056 1.9013637743770404e-08
21400.056 1.762136717881248e-08
21450.056 1.4539358369849156e-08
21500.056 1.26342300452892e-08
21550.056 1.1179966808713283e-08
21600.056 9.380454210721772e-09
21650.056 6.928658847064176e-09
21700.056 6.524065336362424e-09
21750.056 5.662732938162189e-09
21800.056 4.0394703415463705e-09
21850.056 3.59630197756946e-09
21900.056 2.453105593339657e-09
21950.056 1.112746642294194e-09
22000.056 2.7041036591945754e-10
22050.056 2.811994295170433e-10
22100.056 9.532070771430667e-10
22150.056 8.767348868578359e-10
22200.056 9.719098020315454e-10
22250.056 7.85826165392993e-10
22300.056 4.551599050093799e-10
22350.056 5.382744598174549e-10
22400.056 2.4001119564238643e-10
22450.056 3.139207535928194e-10
22500.056 2.6464860838537325e-10
22550.056 1.7666746622667028e-10
22600.056 1.5169227037392066e-10
22650.056 2.62560247049605e-10
22700.056 2.0473551387564665e-10
22750.056 2.315215943572949e-10
22800.056 2.4294114127985443e-10
22850.056 1.8509898127403448e-10
22900.056 1.459001078622778e-10
22950.056 1.3423646215400493e-10
23000.056 1.7671966736157267e-10
23050.056 2.367169836953826e-10
23100.056 9.01325976553743e-10
23150.056 8.454625038951304e-10
23200.056 5.48040487913598e-11
23250.056 1.7140710332509932e-10
23300.056 1.5412826770057214e-10
23350.056 2.005027497318931e-10
23400.056 1.7531134655325787e-10
23450.056 1.2935488277849417e-10
23500.056 1.489387791571721e-10
23550.056 2.4478501102249495e-10
23600.056 4.016692422928803e-10
23650.056 5.642384856595027e-10
23700.056 1.5110285153669993e-10
23750.056 1.3347221424759667e-10
23800.056 4.027553756522426e-10
23850.056 3.2563751186417326e-10
23900.056 6.77329963068064e-10
23950.056 4.731403040865993e-10
24000.056 8.194256861244964e-10
24050.056 9.505863029904397e-10
24100.056 9.479841101328195e-10
24150.056 1.3569788073743441e-09
24200.056 1.0093476193086102e-09
24250.056 8.393891910776016e-10
24300.056 1.3992175846036396e-09
24350.056 1.103329963368849e-09
24400.056 2.09444243695202e-09
24450.056 2.1401440265048066e-09
24500.056 1.9685351501853964e-09
24550.056 2.8930623352682155e-09
24600.056 2.93702696927877e-09
24650.056 4.268215349000587e-09
24700.056 2.4643275581262277e-09
24750.056 3.0792237058445356e-09
24800.056 2.7464944746629465e-09
24850.056 4.674039384202023e-09
24900.056 1.8941820936804448e-09
24950.056 4.146037495525869e-09
25000.056 3.5853642943337523e-09
25050.056 2.1562762795473712e-09
25100.056 3.5150604035239972e-09
25150.056 1.7736638970454017e-09
25200.056 2.5265494373892936e-09
25250.056 1.0743045269769169e-09
25300.056 1.7117154812238926e-09
25350.056 7.847499992404027e-10
25400.056 1.957274323460546e-09
25450.056 6.976311922888511e-10
25500.056 6.269053705129209e-10
25550.056 1.0810415362325356e-09
25600.056 7.122659932063777e-10
25650.056 3.6603346915055264e-10
25700.056 6.165862685516512e-10
25750.056 1.7893285841446226e-10
25800.056 8.590907228843181e-10
25850.056 1.995428925992524e-10
25900.056 2.9692322512711273e-10
25950.056 9.231589659990334e-11
26000.056 8.204269033862015e-10
26050.056 1.5481455988203293e-10
26100.056 6.288961403907569e-10
26150.056 3.3392826474833943e-10
26200.056 3.940879736840774e-10
26250.056 1.8122346283392505e-09
26300.056 5.577125709491696e-10
26350.056 2.4557677449774927e-09
26400.056 2.8078748382861006e-09
26450.056 2.265825799020681e-09
26500.056 3.83247990927243e-09
26550.056 7.608679598932016e-10
26600.056 1.041458020391894e-09
26650.056 2.0278670553685842e-10
26700.056 1.370676565535312e-10
26750.056 1.352350176361133e-10
26800.056 3.481620799572819e-10
26850.056 1.860576243268348e-10
26900.056 8.098748385460591e-10
26950.056 2.991965480285285e-10
27000.056 1.444686961087777e-09
27050.056 1.393511376651345e-09
27100.056 3.319732142397496e-10
27150.056 1.9654618691957648e-09
27200.056 3.3568096374348637e-10
27250.056 8.419085340547345e-10
27300.056 4.000291194862888e-09
27350.056 1.7548935057956122e-09
27400.056 1.3732514368095643e-10
27450.056 2.1125828013659054e-09
27500.056 2.476861385382455e-09
27550.056 4.746552359866285e-10
27600.056 1.2383253538713535e-09
27650.056 3.8076416755511116e-10
27700.056 3.024145583297236e-10
27750.056 1.6446112088029063e-09
27800.056 5.092900236926324e-10
27850.056 7.677328193430237e-10
27900.056 7.836648298112385e-10
27950.056 1.935844560579931e-09
28000.056 1.5459944362201013e-09
28050.056 2.5091814607479553e-10
28100.056 1.6070514917472145e-09
28150.056 1.1334846705108196e-09
28200.056 3.754775493354641e-10
28250.056 2.1273121243659165e-09
28300.056 2.103522466849296e-09
28350.056 4.962253730726458e-10
28400.056 1.5109869625530347e-09
28450.056 2.4891581583451588e-09
28500.056 1.6304785162388593e-09
28550.056 3.8920262926715307e-10
28600.056 2.652925250772106e-09
28650.056 1.8910788997293793e-09
28700.056 2.2550195832557913e-09
28750.056 3.4572223435115346e-09
28800.056 1.907559016639361e-09
