galfind/configs/Brown_Dwarf_templates/sonora_bobcat/m+0.5/1000g/sp_t1300g1000nc_m+0.5_resample.dat
# %ECSV 1.0
# ---
# datatype:
# - {name: wav, unit: Angstrom, datatype: float64}
# - {name: flux_nu, unit: erg / (cm2 Hz s), datatype: float64}
# meta: {C/O: '1.00', Kzz: '1.0000E+05', Teff: '1300.', Y: '0.28', '[Fe/H]': '0.50', f_hole: '1.00', f_rain: '0.00', grav: '1000.'}
# schema: astropy-2.0
wav flux_nu
[from data line 498]
28900.056 2.61292106126989e-07
28950.056 4.215458845059917e-07
29000.056 3.495984291079233e-07
29050.056 3.7641984296498847e-07
29100.056 2.9417076792805935e-07
29150.056 4.250678891860723e-07
29200.056 3.4266859273903673e-07
29250.056 4.171655690810026e-07
29300.056 3.120587571158867e-07
29350.056 5.234407368559071e-07
29400.056 3.799956173579418e-07
29450.056 4.004235092699815e-07
29500.056 4.108105685129583e-07
29550.056 4.0021312301300615e-07
29600.056 4.466205999758547e-07
29650.056 4.159066831689564e-07
29700.056 3.721806419138964e-07
29750.056 4.495340093941173e-07
29800.056 4.7282766752992344e-07
29850.056 4.532643511099348e-07
29900.056 4.313349604031954e-07
29950.056 4.859663815079083e-07
30000.056 4.741381978749406e-07
30050.056 4.339916798279798e-07
30100.056 4.00440091466875e-07
30150.056 5.339781805599808e-07
30200.056 4.4432990505600215e-07
30250.056 4.996343359700843e-07
30300.056 4.431180131699856e-07
30350.056 4.29522939124031e-07
30400.056 4.864550028060123e-07
30450.056 3.9340770219207065e-07
30500.056 3.40975808432036e-07
30550.056 3.696941701760338e-07
30600.056 3.863217711809971e-07
30650.056 3.5724922973194357e-07
30700.056 3.393010196719758e-07
30750.056 3.2118896925897127e-07
30800.056 3.0373904808706115e-07
30850.056 2.699207028199345e-07
30900.056 2.7869784197894947e-07
30950.056 2.425781314940487e-07
31000.056 2.2963123157600519e-07
31050.056 2.526894731100163e-07
31100.056 2.034216123509849e-07
31150.056 2.168818722379889e-07
31200.056 2.3318071984002514e-07
31250.056 1.8832067483697702e-07
31300.056 1.9109216194597998e-07
31350.056 1.791587493250045e-07
31400.056 1.6135975170801394e-07
31450.056 1.6339555969097587e-07
31500.056 1.498772221909651e-07
31550.056 1.5618476393999532e-07
31600.056 1.394534531789959e-07
31650.056 1.319972093400025e-07
31700.056 1.3466154262397974e-07
31750.056 1.2153076088803933e-07
31800.056 1.4007896102997468e-07
31850.056 1.2476012523401685e-07
31900.056 1.4070726804700126e-07
31950.056 1.1025345716801206e-07
32000.056 1.288013491549775e-07
32050.056 1.3271643573100674e-07
32100.056 1.3335909937301543e-07
32150.056 1.388648838719837e-07
32200.056 1.2518322999699738e-07
32250.056 1.5221414639001364e-07
32300.056 1.2494164256399316e-07
32350.056 1.5855278571598625e-07
32400.056 1.2561780642199506e-07
32450.056 1.5731177428994568e-07
32500.056 1.5427650579202361e-07
32550.056 1.51668994002991e-07
32600.056 1.600793233019963e-07
32650.056 1.9520695680497875e-07
32700.056 1.8415437374702527e-07
32750.056 1.9622712166600643e-07
32800.056 1.9097082103701625e-07
32850.056 2.0028251612697218e-07
32900.056 2.1906845273299263e-07
32950.056 2.181421855199826e-07
33000.056 1.979813406489527e-07
33050.056 1.790272440760444e-07
33100.056 1.393596953069913e-07
33150.056 9.183118532100784e-08
33200.056 7.299038263198369e-08
33250.056 5.527648427798542e-08
33300.056 5.422626368100927e-08
33350.056 6.584135986500089e-08
33400.056 7.789113605098718e-08
33450.056 9.043944546499788e-08
33500.056 1.1260982164501968e-07
33550.056 1.2130751002402488e-07
33600.056 1.4781409372298928e-07
33650.056 1.6342455171100465e-07
33700.056 1.537084462499793e-07
33750.056 1.913136424320015e-07
33800.056 1.8404606881899215e-07
33850.056 2.0321116787998023e-07
33900.056 1.788528040039941e-07
33950.056 1.7933860130298914e-07
34000.056 2.0022433394701775e-07
34050.056 1.6370683061496245e-07
34100.056 2.0244369974597366e-07
34150.056 1.827896496729827e-07
34200.056 1.6753318773995277e-07
34250.056 1.8298734802194198e-07
34300.056 1.644532628549173e-07
34350.056 1.537721188189982e-07
34400.056 1.504451442049989e-07
34450.056 1.7707516498798302e-07
34500.056 1.7251316663099259e-07
34550.056 1.6122994929799902e-07
34600.056 1.9403518936999897e-07
34650.056 1.7705122350898205e-07
34700.056 1.774255899229882e-07
34750.056 1.8844207726797804e-07
34800.056 1.7724673425297612e-07
34850.056 1.7446754253501857e-07
34900.056 1.964102953179733e-07
34950.056 1.887053140189652e-07
35000.056 2.3173299559503597e-07
35050.056 1.8339114424398024e-07
35100.056 2.031831174349981e-07
35150.056 2.0996403003200383e-07
35200.056 2.1649429684500967e-07
35250.056 2.406857199479645e-07
35300.056 2.1660696921603112e-07
35350.056 2.0763637225395863e-07
35400.056 2.2573575595904952e-07
35450.056 1.806470607220635e-07
35500.056 2.531392399680196e-07
35550.056 2.520552144179779e-07
35600.056 2.3374020090105704e-07
35650.056 2.5679124481000286e-07
35700.056 2.3664448050999685e-07
35750.056 2.603402882799664e-07
35800.056 3.252987234800139e-07
35850.056 2.5164076369998836e-07
35900.056 3.0764702776998677e-07
35950.056 2.9619025627598026e-07
36000.056 3.010038953800421e-07
36050.056 3.054586752899812e-07
36100.056 3.134152289718318e-07
36150.056 3.216518460669961e-07
36200.056 3.5241526865997564e-07
36250.056 3.3661515608995205e-07
36300.056 3.6287287227001527e-07
36350.056 3.5850892344996916e-07
36400.056 3.641059755200057e-07
36450.056 4.030757962809989e-07
36500.056 4.064685943659633e-07
36550.056 4.353817517501127e-07
36600.056 4.5825658963001997e-07
36650.056 4.5513798479391353e-07
36700.056 4.921393602479733e-07
36750.056 5.133431751500924e-07
36800.056 5.244110996499779e-07
36850.056 5.340282743599121e-07
36900.056 5.251852539199912e-07
36950.056 6.026931326299537e-07
37000.056 5.986718726599745e-07
37050.056 6.006719485599895e-07
37100.056 6.463573965799976e-07
37150.056 6.084631167500601e-07
37200.056 6.702108737600132e-07
37250.056 6.79908934509914e-07
37300.056 6.348599706298621e-07
37350.056 6.422809546701101e-07
37400.056 7.905820253099762e-07
37450.056 7.123463179640651e-07
37500.056 7.217822734199233e-07
37550.056 8.055732951001456e-07
37600.056 8.537178648800288e-07
37650.056 7.59002113370018e-07
37700.056 8.933133807100792e-07
37750.056 8.080604826500465e-07
37800.056 8.527792628602698e-07
37850.056 7.823941334300058e-07
37900.056 8.189535842302203e-07
37950.056 8.353981916299204e-07
38000.056 9.61075326910027e-07
38050.056 9.426706193701181e-07
38100.056 8.933835081501172e-07
38150.056 1.0222422179999735e-06
38200.056 1.036120860110106e-06
38250.056 9.640057990400523e-07
38300.056 1.0702927607499153e-06
38350.056 1.1135354243000519e-06
38400.056 9.96074044489858e-07
38450.056 1.1081139344399645e-06
38500.056 9.82403364620179e-07
38550.056 1.1332340733200805e-06
38600.056 1.1838956567399342e-06
38650.056 1.1287944028999536e-06
38700.056 1.1779934146400518e-06
38750.056 1.2252158763100102e-06
38800.056 1.1433157925798095e-06
38850.056 1.1463952137900234e-06
38900.056 1.1850470013200315e-06
38950.056 1.2348536469799703e-06
39000.056 1.237867939490015e-06
39050.056 1.2602682327998951e-06
39100.056 1.1776519360901676e-06
39150.056 1.2646545683900198e-06
39200.056 1.277955870009975e-06
39250.056 1.3155825546098135e-06
39300.056 1.2480713505397552e-06
39350.056 1.3412267801801143e-06
39400.056 1.3154403234400783e-06
39450.056 1.3245452610999522e-06
39500.056 1.2484127748499835e-06
39550.056 1.2910345198700417e-06
39600.056 1.3947660697597483e-06
39650.056 1.3290905914000104e-06
39700.056 1.3288379504000044e-06
39750.056 1.2675212465800468e-06
39800.056 1.274350921369881e-06
39850.056 1.3834868354899528e-06
39900.056 1.3439174256900627e-06
39950.056 1.39180412009982e-06
40000.056 1.3234471481100737e-06
40050.056 1.333584865300041e-06
40100.056 1.3905097644200122e-06
40150.056 1.3509576143899162e-06
40200.056 1.3863559257998247e-06
40250.056 1.257293355999695e-06
40300.056 1.2729725633400975e-06
40350.056 1.3589470294700843e-06
40400.056 1.3670035782500323e-06
40450.056 1.364805458100094e-06
40500.056 1.2611932242801558e-06
40550.056 1.4276720463598922e-06
40600.056 1.2111644906901217e-06
40650.056 1.3046665614498883e-06
40700.056 1.4509595662000002e-06
40750.056 1.241598971069661e-06
40800.056 1.1706869868798016e-06
40850.056 1.2486902141602132e-06
40900.056 1.2425471981900156e-06
40950.056 1.2428989129699627e-06
41000.056 1.2688519976700065e-06
41050.056 1.2994650078198563e-06
41100.056 1.1802558256499327e-06
41150.056 1.181003412409928e-06
41200.056 1.2340420326699977e-06
41250.056 1.214268968690023e-06
41300.056 1.0578353926097827e-06
41350.056 1.280325723890072e-06
41400.056 1.1768269109601628e-06
41450.056 1.2059547615401934e-06
41500.056 1.1610044901299535e-06
41550.056 1.1491834896000465e-06
41600.056 1.1832759436000594e-06
41650.056 1.153326922060126e-06
41700.056 1.059743916809838e-06
41750.056 1.0357593689699255e-06
41800.056 1.0533468220799431e-06
41850.056 8.396127087500555e-07
41900.056 9.69949462799967e-07
41950.056 8.615577893902017e-07
42000.056 8.262103896601234e-07
42050.056 7.445264771198916e-07
42100.056 8.402819970100657e-07
42150.056 6.482879013128184e-07
42200.056 6.717361818960243e-07
42250.056 6.951137548399807e-07
42300.056 5.965216668400385e-07
42350.056 6.960760996901466e-07
42400.056 6.034685483801214e-07
42450.056 5.771472798000378e-07
42500.056 6.005597281200057e-07
42550.056 5.940851764699676e-07
42600.056 5.797436429801124e-07
42650.056 5.418682383898727e-07
42700.056 5.850182739601605e-07
42750.056 5.586464435399305e-07
42800.056 5.40454278248178e-07
42850.056 6.007609385398213e-07
42900.056 5.898256158330308e-07
42950.056 5.732637947897732e-07
43000.056 5.801336054399833e-07
43050.056 5.323492810302076e-07
43100.056 5.927207725600691e-07
43150.056 5.843770849300919e-07
43200.056 6.127178670700766e-07
43250.056 5.815502918798308e-07
43300.056 6.087392497800305e-07
43350.056 5.634407083499526e-07
43400.056 5.855620310900071e-07
43450.056 5.718669054100983e-07
43500.056 5.624035909399614e-07
43550.056 5.9325438802005e-07
43600.056 6.065784663800199e-07
43650.056 5.643044776200532e-07
43700.056 5.848334348698125e-07
43750.056 5.783842471901389e-07
43800.056 5.506271980000363e-07
43850.056 5.687978677100878e-07
43900.056 5.8540462792993e-07
43950.056 5.430625488900673e-07
44000.056 5.302473749100697e-07
44050.056 5.701785252800469e-07
44100.056 5.90140517230056e-07
44150.056 5.914952794898935e-07
44200.056 5.760436155999793e-07
44250.056 5.681335046300164e-07
44300.056 5.553705401700614e-07
44350.056 5.475030030000346e-07
44400.056 5.736138129399732e-07
44450.056 5.838022254499976e-07
44500.056 5.949518486600467e-07
44550.056 5.805796031799239e-07
44600.056 5.668985631400531e-07
44650.056 5.977011962300618e-07
44700.056 5.500862161900056e-07
44750.056 5.881731923499656e-07
44800.056 5.900493096099898e-07
44850.056 5.800506725100834e-07
44900.056 5.440363096700473e-07
44950.056 5.455450990160292e-07
45000.056 5.724536389299761e-07
45050.056 5.768157635599783e-07
45100.056 5.962225047099962e-07
45150.056 5.562267175599858e-07
45200.056 5.17821465980032e-07
45250.056 5.401097828999367e-07
45300.056 5.655517394500226e-07
45350.056 5.750344401699518e-07
45400.056 5.631725017580485e-07
45450.056 5.304650980349218e-07
45500.056 5.523918550899671e-07
45550.056 5.911110512499546e-07
45600.056 5.570570522600036e-07
45650.056 5.062295316599129e-07
45700.056 5.775044457800557e-07
45750.056 5.256313245700115e-07
45800.056 5.36598494389981e-07
45850.056 6.199399890799748e-07
45900.056 6.090159328700253e-07
45950.056 5.31359595990008e-07
46000.056 6.069457983620241e-07
46050.056 6.010134548300959e-07
46100.056 5.358056487700262e-07
46150.056 5.718483824799731e-07
46200.056 5.890633173001091e-07
46250.056 5.0718730561598e-07
46300.056 6.249678371399837e-07
46350.056 5.609993751899725e-07
46400.056 5.769875847999795e-07
46450.056 6.003610022800414e-07
46500.056 5.376664132699962e-07
46550.056 6.387722310599875e-07
46600.056 6.116209205200209e-07
46650.056 7.55280739529883e-07
46700.056 6.991167786001945e-07
46750.056 5.646920999000095e-07
46800.056 5.840687840100522e-07
46850.056 6.710279393800825e-07
46900.056 6.337560532799139e-07
46950.056 6.941798447600013e-07
47000.056 5.826786738500052e-07
47050.056 6.941372028998884e-07
47100.056 5.312397248800568e-07
47150.056 5.863087451300406e-07
47200.056 6.46141043154071e-07
47250.056 5.702721946399815e-07
47300.056 5.659290041949246e-07
47350.056 5.568868942899483e-07
47400.056 6.510672540099264e-07
47450.056 5.591395399999939e-07
47500.056 6.606410256499397e-07
47550.056 5.690565113989684e-07
47600.056 6.435176360199504e-07
47650.056 5.06842060959905e-07
47700.056 6.524933848100843e-07
47750.056 4.7375605610006007e-07
47800.056 6.332821457599605e-07
47850.056 4.907028574099483e-07
47900.056 6.097423270899936e-07
47950.056 5.134881684300384e-07
48000.056 6.982082961300134e-07
48050.056 5.721665444400464e-07
48100.056 6.004003709399981e-07
48150.056 5.606094861400688e-07
48200.056 6.353352014300419e-07
48250.056 5.464164075400206e-07
48300.056 6.914630217698736e-07
48350.056 5.077535455700004e-07
48400.056 5.79371296509969e-07
48450.056 5.378744360600493e-07
48500.056 7.008015264299915e-07
48550.056 5.10988674833996e-07
48600.056 6.532779928299762e-07
48650.056 5.43356821729974e-07
48700.056 6.5034773153004e-07
48750.056 4.7631171706005785e-07
48800.056 7.137333377300165e-07
48850.056 5.138039731598934e-07
48900.056 6.843280177100386e-07
48950.056 6.056804253300195e-07
49000.056 5.421303771439187e-07
49050.056 6.551149326099856e-07
49100.056 5.882609379500473e-07
49150.056 6.260643500299732e-07
49200.056 5.912869339499953e-07
49250.056 6.41429920720038e-07
49300.056 5.55783084929973e-07
49350.056 5.626927196400257e-07
49400.056 6.533396601399926e-07
49450.056 5.867726215301397e-07
49500.056 5.88439990699982e-07
49550.056 5.038473752799989e-07
49600.056 5.816212569300965e-07
49650.056 6.026950047099698e-07
49700.056 5.434688094999139e-07
49750.056 7.507763011499064e-07
49800.056 5.752133729500141e-07
49850.056 7.407158809600816e-07
49900.056 5.978135108600129e-07
49950.056 6.277173095899285e-07
50000.056 6.244241661499074e-07
50050.056 6.3358579609002e-07
50100.056 6.629142647099716e-07
50150.056 5.361736585700001e-07
50200.056 4.7196412431003024e-07
50250.056 6.438564547699808e-07
50300.056 5.807873915599896e-07
50350.056 7.189160234000058e-07
50400.056 6.029414900599538e-07
50450.056 5.838505398600839e-07
50500.056 7.163010870100772e-07
50550.056 6.173639572300142e-07
50600.056 6.410729944699428e-07
50650.056 6.438649318700912e-07
50700.056 7.100743916898722e-07
50750.056 7.152270430500892e-07
50800.056 5.08563946879925e-07
50850.056 5.886847497100968e-07
50900.056 7.123588995899714e-07
50950.056 6.566158144201351e-07
51000.056 7.68938600420077e-07
51050.056 6.046553620200295e-07
51100.056 5.33705299339943e-07
51150.056 6.41934422009958e-07
51200.056 6.974885609499806e-07
51250.056 6.65910528779961e-07
51300.056 5.571779307901835e-07
51350.056 6.184606036499484e-07
51400.056 5.227667343199394e-07
51450.056 4.3785435601491174e-07
51500.056 5.393192603800803e-07
51550.056 7.573633065500715e-07
51600.056 5.472189570500486e-07
51650.056 6.097298130299251e-07
51700.056 6.13218298329852e-07
51750.056 5.356133569000246e-07
51800.056 6.803377895898239e-07
51850.056 6.563419075599474e-07
51900.056 7.506818907501137e-07
51950.056 6.673813256999498e-07
52000.056 4.859506768699745e-07
52050.056 6.175716421099827e-07
52100.056 5.445186849699483e-07
52150.056 5.390039763300177e-07
52200.056 5.164750201499792e-07
52250.056 5.795656038300149e-07
52300.056 7.173397798399674e-07
52350.056 6.739129758780342e-07
52400.056 4.952448596000669e-07
52450.056 6.191172345900223e-07
52500.056 6.792529318798944e-07
52550.056 6.720138059398651e-07
52600.056 6.164526979800822e-07
52650.056 6.645595596201226e-07
52700.056 5.868541778700094e-07
52750.056 4.912190896399754e-07
52800.056 5.525812490200434e-07
52850.056 5.469268860099071e-07
52900.056 5.792822622320106e-07
52950.056 5.83898497909968e-07
53000.056 6.810334661599938e-07
53050.056 5.249101971398598e-07
53100.056 5.527859224999174e-07
53150.056 7.370601518300456e-07
53200.056 4.662540761400102e-07
53250.056 6.946322246500201e-07
53300.056 6.784975601402755e-07
53350.056 6.745297802399395e-07
53400.056 6.666973809700425e-07
53450.056 5.288596648400258e-07
53500.056 4.256801917719164e-07
53550.056 5.523090187399266e-07
53600.056 6.270952037801023e-07
53650.056 5.156077287680067e-07
