galfind/configs/Brown_Dwarf_templates/sonora_bobcat/m+0.5/1000g/sp_t1800g1000nc_m+0.5_resample.dat
# %ECSV 1.0
# ---
# datatype:
# - {name: wav, unit: Angstrom, datatype: float64}
# - {name: flux_nu, unit: erg / (cm2 Hz s), datatype: float64}
# meta: {C/O: '1.00', Kzz: '1.0000E+05', Teff: '1800.', Y: '0.28', '[Fe/H]': '0.50', f_hole: '1.00', f_rain: '0.00', grav: '1000.'}
# schema: astropy-2.0
wav flux_nu
4000.0559999999996 nan
4050.0559999999996 1.2234437001258452e-09
4100.056 2.5977007902407843e-09
4150.056 2.3659242812271846e-09
4200.056 1.83019722260181e-09
4250.056 1.804047575920346e-09
4300.056 1.4302738797903846e-09
4350.056 1.4974416829600656e-09
4400.056 1.6818513538503838e-09
4450.056 1.2851977023300677e-09
4500.056 1.3157759687501e-09
4550.056 1.6306630872496887e-09
4600.056 1.5730073759499685e-09
4650.056 1.4507515684998275e-09
4700.056 1.752979073970136e-09
4750.056 1.9470602535497995e-09
4800.056 1.3537455820701144e-09
4850.056 1.5525288882700492e-09
4900.056 2.0429031779699513e-09
4950.056 1.96037655537001e-09
5000.056 1.0571491893398806e-09
5050.056 7.43017141230034e-10
5100.056 6.821330652600669e-10
5150.056 5.699698338200943e-10
5200.056 5.898522952699829e-10
5250.056 6.035282246400254e-10
5300.056 5.471429984800045e-10
5350.056 4.795158477200118e-10
5400.056 3.98312326009999e-10
5450.056 3.071463260699994e-10
5500.056 2.223031821499974e-10
5550.056 1.6715199441999686e-10
5600.056 1.1781906334699926e-10
5650.056 7.645474728399955e-11
5700.056 4.491951299299964e-11
5750.056 2.3514846364999808e-11
5800.056 1.0115037031999861e-11
5850.056 3.0515299631899333e-12
5900.056 4.0709709371749766e-13
5950.056 7.80565845620018e-12
6000.056 3.649771793500076e-11
6050.056 1.2060620839900162e-10
6100.056 3.084330205000043e-10
6150.056 6.787253974900078e-10
6200.056 1.30061376054001e-09
6250.056 2.2354672594000204e-09
6300.056 3.5999976436000263e-09
6350.056 5.376710219400041e-09
6400.056 7.58576235840001e-09
6450.056 1.0340327711199818e-08
6500.056 1.291134857069967e-08
6550.056 1.6430747582999575e-08
6600.056 1.9909440676000324e-08
6650.056 2.2198804647001044e-08
6700.056 1.5368636382649652e-08
6750.056 2.6870881124000493e-08
6800.056 3.2077204949001356e-08
6850.056 3.691506260100031e-08
6900.056 3.7956961216000473e-08
6950.056 3.8678932746999524e-08
7000.056 4.201890904899899e-08
7050.056 4.2478031455000766e-08
7100.056 3.808740053799936e-08
7150.056 3.8283783252000376e-08
7200.056 4.5370480341999726e-08
7250.056 5.18869842750018e-08
7300.056 5.687603890100244e-08
7350.056 5.454918994900072e-08
7400.056 4.5889226204000574e-08
7450.056 3.813507436299825e-08
7500.056 3.234638869599941e-08
7550.056 2.5910014973999996e-08
7600.056 1.5420131367099712e-08
7650.056 1.6125014448222892e-09
7700.056 4.581523492172651e-10
7750.056 8.733144753900276e-09
7800.056 2.2784997761108652e-08
7850.056 4.7475401494000585e-08
7900.056 6.188730291700216e-08
7950.056 6.289407106894631e-08
8000.056 9.044942842299875e-08
8050.056 1.257136668469933e-07
8100.056 1.7142815737200322e-07
8150.056 2.2670727819000365e-07
8200.056 2.0339905321699575e-07
8250.056 2.793909611300007e-07
8300.056 2.8862610520002796e-07
8350.056 3.2212875610001884e-07
8400.056 3.4630220844000184e-07
8450.056 2.9789195057998814e-07
8500.056 2.8353663442957363e-07
8550.056 3.3234961887001764e-07
8600.056 3.5561362532195327e-07
8650.056 3.54914920952945e-07
8700.056 3.3989568649398796e-07
8750.056 3.819455820740228e-07
8800.056 4.86474902110042e-07
8850.056 5.128163125599639e-07
8900.056 4.6542192606001233e-07
8950.056 4.817257254630245e-07
9000.056 6.100378748400357e-07
9050.056 6.083235814900006e-07
9100.056 7.335791054799892e-07
9150.056 8.357154301600124e-07
9200.056 8.60198215890039e-07
9250.056 7.164970741099756e-07
9300.056 5.893655019719908e-07
9350.056 6.578068973560035e-07
9400.056 7.406804193199921e-07
9450.056 8.268497230424519e-07
9500.056 9.238403168299242e-07
9550.056 1.0000951838061189e-06
9600.056 1.0183267851811307e-06
9650.056 1.1247167403240729e-06
9700.056 1.2334930225408951e-06
9750.056 1.069576611431949e-06
9800.056 1.1493891395378838e-06
9850.056 1.1629355402599615e-06
9900.056 9.222715371299435e-07
9950.056 7.326071940899999e-07
10000.056 7.201013191699547e-07
10050.056 7.757779620799763e-07
10100.056 9.390870564800806e-07
10150.056 9.486570734799073e-07
10200.056 1.0339105178499667e-06
10250.056 1.0522063151298815e-06
10300.056 1.0059744466799712e-06
10350.056 1.1527803193500026e-06
10400.056 1.3070353651599762e-06
10450.056 1.3562710291201521e-06
10500.056 1.3161731547899256e-06
10550.056 1.3668496463801415e-06
10600.056 1.4800914992401101e-06
10650.056 1.5324986129800942e-06
10700.056 1.5973928502500882e-06
10750.056 1.788141618090126e-06
10800.056 1.9684960898999212e-06
10850.056 2.1815740808498265e-06
10900.056 2.1788795183599433e-06
10950.056 2.071779120989805e-06
11000.056 1.9707372153899935e-06
11050.056 1.5972758262819865e-06
11100.056 1.652286581779927e-06
11150.056 1.7286465604727767e-06
11200.056 1.756575010411334e-06
11250.056 2.0693357804784186e-06
11300.056 2.0139181964775595e-06
11350.056 1.739879307195772e-06
11400.056 1.3898442090660643e-06
11450.056 1.982693419062221e-06
11500.056 2.3888869459126366e-06
11550.056 2.2392008368141716e-06
11600.056 2.3711313257064908e-06
11650.056 2.3188737244101646e-06
11700.056 1.6495783583491047e-06
11750.056 1.7360755127119031e-06
11800.056 1.7798838824381042e-06
11850.056 2.4688481321221956e-06
11900.056 2.6858375071295405e-06
11950.056 2.5550782714899856e-06
12000.056 2.2527347943000117e-06
12050.056 2.711028267210079e-06
12100.056 2.6578141012898034e-06
12150.056 3.0787805855797943e-06
12200.056 3.046681765959502e-06
12250.056 3.354205980599709e-06
12300.056 3.494091788500328e-06
12350.056 3.444970130500046e-06
12400.056 2.9734950472998733e-06
12450.056 2.505245694160031e-06
12500.056 2.7076204206797428e-06
12550.056 2.7478292350601504e-06
12600.056 3.351927413500024e-06
12650.056 3.4562876978998196e-06
12700.056 3.816053763500239e-06
12750.056 3.7474572980999033e-06
12800.056 4.016825742499961e-06
12850.056 3.8136387905099766e-06
12900.056 3.572153591419741e-06
12950.056 3.6907132292298688e-06
13000.056 3.863842982309534e-06
13050.056 4.018901164789762e-06
13100.056 4.038326344649827e-06
13150.056 4.026118859321794e-06
13200.056 3.842371928639999e-06
13250.056 3.461128495752086e-06
13300.056 2.868968330227728e-06
13350.056 1.5576975703405907e-06
13400.056 1.344418392628727e-06
13450.056 1.1125071490932248e-06
13500.056 1.0317127564516722e-06
13550.056 9.311773749373281e-07
13600.056 8.690394874113534e-07
13650.056 1.0825153262047301e-06
13700.056 9.442520187431704e-07
13750.056 9.807919531096282e-07
13800.056 1.176899861699879e-06
13850.056 1.1154103452616367e-06
13900.056 1.1006106309970502e-06
13950.056 1.0288899608095814e-06
14000.056 9.512088331525941e-07
14050.056 9.853229584476446e-07
14100.056 8.33231276054829e-07
14150.056 9.15092896800153e-07
14200.056 8.08985724926901e-07
14250.056 7.901464650647927e-07
14300.056 8.566397572398605e-07
14350.056 8.621195356278387e-07
14400.056 9.203504897385977e-07
14450.056 9.560631059304912e-07
14500.056 1.1317489915563957e-06
14550.056 1.1625007166299174e-06
14600.056 1.27131293992844e-06
14650.056 1.2577628843984706e-06
14700.056 1.1436415613339197e-06
14750.056 1.2430641686773837e-06
14800.056 1.3341242270984193e-06
14850.056 1.4544388894277073e-06
14900.056 1.4308843968179468e-06
14950.056 1.4623253135492642e-06
15000.056 1.5256807341562596e-06
15050.056 1.7208383731176318e-06
15100.056 1.738895593059149e-06
15150.056 1.849267056873153e-06
15200.056 1.9146649626718337e-06
15250.056 1.981538903519929e-06
15300.056 2.1058982835898787e-06
15350.056 2.2225720535899803e-06
15400.056 2.3402577436500414e-06
15450.056 2.472035694240137e-06
15500.056 2.5502772419698018e-06
15550.056 2.724106455309807e-06
15600.056 2.702441077820233e-06
15650.056 2.8644917061101474e-06
15700.056 3.1119864287407544e-06
15750.056 3.2704116699697497e-06
15800.056 3.2684868000004567e-06
15850.056 3.080253517700077e-06
15900.056 3.198582699300201e-06
15950.056 3.262980032299786e-06
16000.056 3.3355647413998828e-06
16050.056 3.4477376847001476e-06
16100.056 3.5954843278001066e-06
16150.056 3.4618085439002057e-06
16200.056 3.6287445323998536e-06
16250.056 3.583036622599994e-06
16300.056 3.6202935067000023e-06
16350.056 3.830856940699925e-06
16400.056 3.7810443726001096e-06
16450.056 3.898974333800232e-06
16500.056 4.028577776500263e-06
16550.056 4.226615990800031e-06
16600.056 3.9701493621603565e-06
16650.056 4.309716150200016e-06
16700.056 4.102991549729664e-06
16750.056 4.155123083329816e-06
16800.056 4.327782320599762e-06
16850.056 4.370546034089843e-06
16900.056 4.223741847299978e-06
16950.056 4.185658681879925e-06
17000.056 4.2156575464003434e-06
17050.056 4.16429362820001e-06
17100.056 3.930783868310547e-06
17150.056 3.828975915870117e-06
17200.056 3.4920078852497395e-06
17250.056 3.2211907326899075e-06
17300.056 3.2362296319396865e-06
17350.056 3.0850539777303064e-06
17400.056 3.0770382482919746e-06
17450.056 2.7850808436588276e-06
17500.056 2.6989136067704837e-06
17550.056 2.592399553617435e-06
17600.056 2.472213277856866e-06
17650.056 2.498277762255937e-06
17700.056 2.066976871643762e-06
17750.056 1.9570439728859883e-06
17800.056 2.005512011976483e-06
17850.056 1.7089358904511772e-06
17900.056 1.8124089604480342e-06
17950.056 1.7121876378038654e-06
18000.056 1.5650726953700316e-06
18050.056 1.5407686876232917e-06
18100.056 1.4728182812088477e-06
18150.056 1.711159090849517e-06
18200.056 1.2999358493132677e-06
18250.056 1.7064549809857105e-06
18300.056 1.5636667786259895e-06
18350.056 1.4457187145461828e-06
18400.056 1.4146256896430874e-06
18450.056 1.2566902143197783e-06
18500.056 1.3462256645922931e-06
18550.056 1.2168393815731658e-06
18600.056 1.0025107956735195e-06
18650.056 1.153403168014257e-06
18700.056 1.2886523667932608e-06
18750.056 1.2535851593502873e-06
18800.056 1.3519039005583869e-06
18850.056 1.5883018150069169e-06
18900.056 1.5175726203232139e-06
18950.056 1.6375245742569582e-06
19000.056 1.6912112332697819e-06
19050.056 1.5894276853449524e-06
19100.056 1.7483782333812408e-06
19150.056 1.7505742145700905e-06
19200.056 1.755713880951565e-06
19250.056 1.6371471205658042e-06
19300.056 1.7458367074484029e-06
19350.056 1.6446367258249917e-06
19400.056 1.3369043031277248e-06
19450.056 1.6874200300110387e-06
19500.056 1.698479952491826e-06
19550.056 1.3545216778314072e-06
19600.056 1.600587133295909e-06
19650.056 1.6138151134279198e-06
19700.056 1.6223902261721186e-06
19750.056 1.4931499716822089e-06
19800.056 1.6041134574577712e-06
19850.056 1.6872977789024138e-06
19900.056 1.4300349768412482e-06
19950.056 1.778112799742923e-06
20000.056 1.549709604687154e-06
20050.056 1.7192410375194655e-06
20100.056 1.7498926324991168e-06
20150.056 1.804775960696164e-06
20200.056 1.8784779082936532e-06
20250.056 1.9784688034797864e-06
20300.056 2.0019813699901554e-06
20350.056 2.114840676049735e-06
20400.056 2.110157596579102e-06
20450.056 2.25272472279966e-06
20500.056 2.3100938684700058e-06
20550.056 2.3488836535900927e-06
20600.056 2.564304899050279e-06
20650.056 2.51417433051031e-06
20700.056 2.6584646448903563e-06
20750.056 2.7180560555696807e-06
20800.056 2.86666637929997e-06
20850.056 2.8245747315799223e-06
20900.056 3.0361552342997055e-06
20950.056 3.0735748405199024e-06
21000.056 3.2339299472999136e-06
21050.056 3.2881269286900195e-06
21100.056 3.312753421299936e-06
21150.056 3.518645994060036e-06
21200.056 3.496056284500193e-06
21250.056 3.719436398199747e-06
21300.056 3.5843598476900706e-06
21350.056 3.887363496100089e-06
21400.056 3.7185445235002995e-06
21450.056 4.145743709799979e-06
21500.056 3.893770531000228e-06
21550.056 4.017337601999842e-06
21600.056 4.1438596875003434e-06
21650.056 4.0925145268001325e-06
21700.056 4.332611262799984e-06
21750.056 4.165388250459976e-06
21800.056 4.19311388319969e-06
21850.056 4.185981114599812e-06
21900.056 4.359601326400309e-06
21950.056 4.1991921236000854e-06
22000.056 4.311584199299996e-06
22050.056 4.103288480599546e-06
22100.056 4.2792583410000544e-06
22150.056 4.314431315600257e-06
22200.056 4.112363074000608e-06
22250.056 4.413825695200352e-06
22300.056 4.351221556709883e-06
22350.056 4.1322435100002385e-06
22400.056 4.371967090960179e-06
22450.056 4.238632092659611e-06
22500.056 4.331334385689917e-06
22550.056 4.236315263939375e-06
22600.056 4.279906649620008e-06
22650.056 4.1153554524407114e-06
22700.056 4.10502405528071e-06
22750.056 4.337895448189963e-06
22800.056 4.0522790214000776e-06
22850.056 4.166294896650344e-06
22900.056 4.2366158890898615e-06
22950.056 2.5953045370502284e-06
23000.056 2.8901861636902113e-06
23050.056 3.1138969239357164e-06
23100.056 2.9385848564916686e-06
23150.056 3.1210493614843873e-06
23200.056 3.0247437681351843e-06
23250.056 2.3923202800775893e-06
23300.056 2.5924695390281163e-06
23350.056 2.759857131322989e-06
23400.056 2.6709423066900905e-06
23450.056 2.7598241454900747e-06
23500.056 2.8212027485096076e-06
23550.056 2.418406315440468e-06
23600.056 2.3929708784493673e-06
23650.056 2.6143680002477545e-06
23700.056 2.5134569417015463e-06
23750.056 2.5567687521725736e-06
23800.056 2.524166201598002e-06
23850.056 2.114653452038198e-06
23900.056 2.4136268093239365e-06
23950.056 2.5284725741905064e-06
24000.056 2.3318296423794085e-06
24050.056 2.3369405828101816e-06
24100.056 2.056860577569651e-06
24150.056 2.0545841939604065e-06
24200.056 2.0502651453992614e-06
24250.056 1.967539577090119e-06
24300.056 1.9394873860700933e-06
24350.056 1.7135109304001896e-06
24400.056 1.9591214760398952e-06
24450.056 1.6694069869998514e-06
24500.056 1.5717720070598328e-06
24550.056 1.5141964267841837e-06
24600.056 1.596727488978201e-06
24650.056 1.7228719970400304e-06
24700.056 1.3528352589099393e-06
24750.056 1.2902222033163284e-06
24800.056 1.255068115839232e-06
24850.056 1.5324950742369198e-06
24900.056 1.0491800611395733e-06
24950.056 1.4201104479498222e-06
25000.056 1.2541702055831246e-06
25050.056 9.27053338630268e-07
25100.056 1.1721331308249754e-06
25150.056 9.830278464809266e-07
25200.056 1.053265214971945e-06
25250.056 9.453357293127951e-07
25300.056 1.093529716480048e-06
25350.056 8.541566977459812e-07
25400.056 1.0160288131403069e-06
25450.056 8.464672852759772e-07
25500.056 9.234594371562719e-07
25550.056 8.708838511340754e-07
25600.056 9.086577917329872e-07
25650.056 7.746344723929693e-07
25700.056 1.1001115515856178e-06
25750.056 7.134878242351513e-07
25800.056 1.0442071929031973e-06
25850.056 8.488183108658497e-07
25900.056 1.0098717912591348e-06
25950.056 8.02862087003984e-07
26000.056 1.04519886121044e-06
26050.056 1.0309530609540451e-06
26100.056 1.1084678739729824e-06
26150.056 1.0640226918697884e-06
26200.056 1.0203007447949973e-06
26250.056 1.0980519163660692e-06
26300.056 1.0524744720270943e-06
26350.056 1.1533832933109628e-06
26400.056 1.179189857894756e-06
26450.056 1.146593614149139e-06
26500.056 1.2174285014095973e-06
26550.056 1.107828713401736e-06
26600.056 1.3772990644417532e-06
26650.056 9.664275561138283e-07
26700.056 9.927462978530562e-07
26750.056 7.979138026906041e-07
26800.056 9.672819544667764e-07
26850.056 7.186434486540269e-07
26900.056 1.0226771898010502e-06
26950.056 6.700660746049328e-07
27000.056 9.73587004170158e-07
27050.056 8.032503782499827e-07
27100.056 8.074778704357972e-07
27150.056 8.96490557066037e-07
27200.056 8.672573561251863e-07
27250.056 8.112351445513228e-07
27300.056 1.037399942910064e-06
27350.056 9.500658499346996e-07
27400.056 7.379842793329257e-07
27450.056 1.106282571499634e-06
27500.056 1.0073146093148837e-06
27550.056 8.830615082159731e-07
27600.056 1.1285024993758577e-06
27650.056 8.168532901669276e-07
27700.056 7.698890909370847e-07
27750.056 1.126663232239612e-06
27800.056 7.629434110169309e-07
27850.056 8.580773605286367e-07
27900.056 8.991043218330752e-07
27950.056 1.0885650322799228e-06
28000.056 9.909312877162909e-07
28050.056 7.094301868802033e-07
28100.056 1.1492644903603252e-06
28150.056 8.724434215780539e-07
28200.056 7.170407055250312e-07
28250.056 1.0072871370000202e-06
28300.056 1.1897757782111418e-06
28350.056 8.126476619417517e-07
28400.056 9.324216420189923e-07
28450.056 1.0021891582497942e-06
28500.056 9.76934592139762e-07
28550.056 6.520203719497839e-07
28600.056 1.1695085257199504e-06
28650.056 1.0393319784399342e-06
28700.056 9.175842968298414e-07
28750.056 1.078792049275005e-06
