galfind/configs/Brown_Dwarf_templates/sonora_bobcat/m+0.5/1000g/sp_t800g1000nc_m+0.5_resample.dat
# %ECSV 1.0
# ---
# datatype:
# - {name: wav, unit: Angstrom, datatype: float64}
# - {name: flux_nu, unit: erg / (cm2 Hz s), datatype: float64}
# meta: {C/O: '1.00', Kzz: '1.0000E+05', Teff: '800.', Y: '0.28', '[Fe/H]': '0.50', f_hole: '1.00', f_rain: '0.00', grav: '1000.'}
# schema: astropy-2.0
wav flux_nu
[from data line 498]
28900.056 1.2141647284449458e-08
28950.056 2.6581659139867867e-08
29000.056 2.150491720503398e-08
29050.056 2.5009706458832678e-08
29100.056 1.77215759863579e-08
29150.056 3.254047417168048e-08
29200.056 2.2320227791860275e-08
29250.056 3.313114263401674e-08
29300.056 1.7214506662069847e-08
29350.056 5.433551064257075e-08
29400.056 2.5099702881017035e-08
29450.056 2.7778048933530328e-08
29500.056 3.476314503657482e-08
29550.056 2.765174704755906e-08
29600.056 3.3899305089390536e-08
29650.056 3.993471415513549e-08
29700.056 2.55805586229288e-08
29750.056 3.9089740903360365e-08
29800.056 3.936681708536029e-08
29850.056 4.4622394462994046e-08
29900.056 4.236777085377777e-08
29950.056 3.9131266142498715e-08
30000.056 9.411912951373302e-09
30050.056 1.586664421597024e-08
30100.056 2.0190232969797937e-08
30150.056 3.943755118289626e-08
30200.056 3.1879368974169e-08
30250.056 5.672089353816558e-08
30300.056 5.0894970186305423e-08
30350.056 3.82386764381561e-08
30400.056 5.595195852804034e-08
30450.056 3.659185626794541e-08
30500.056 3.429422259629247e-08
30550.056 3.435243924311647e-08
30600.056 4.914793473820231e-08
30650.056 3.421486135393825e-08
30700.056 3.1089215677961796e-08
30750.056 3.7922333596773824e-08
30800.056 3.144280744740691e-08
30850.056 2.9784951585868863e-08
30900.056 2.3248471020817147e-08
30950.056 2.2923780702585037e-08
31000.056 2.1665551412163614e-08
31050.056 2.2141860755238927e-08
31100.056 1.5976836561483412e-08
31150.056 2.2570785544818396e-08
31200.056 2.600246756560651e-08
31250.056 1.7526765400748294e-08
31300.056 1.5360062033136964e-08
31350.056 1.7565379826985888e-08
31400.056 1.3046316623832804e-08
31450.056 1.517172222619618e-08
31500.056 1.004388452940106e-08
31550.056 1.2302856273022164e-08
31600.056 9.15681856049155e-09
31650.056 8.375814343483037e-09
31700.056 9.057037612400066e-09
31750.056 6.283516633882506e-09
31800.056 9.701726921869734e-09
31850.056 5.5254779998371025e-09
31900.056 7.865583972500403e-09
31950.056 4.828751203866567e-09
32000.056 6.5478182400065466e-09
32050.056 6.987928979244631e-09
32100.056 6.357366045512474e-09
32150.056 7.70595334282953e-09
32200.056 5.595060403031786e-09
32250.056 9.23729195250254e-09
32300.056 5.2251480437117785e-09
32350.056 9.519717658259599e-09
32400.056 5.213440966732475e-09
32450.056 8.494149338597913e-09
32500.056 6.834156344707706e-09
32550.056 7.541004657909465e-09
32600.056 8.653317477621204e-09
32650.056 1.2722162337546322e-08
32700.056 1.0389889004703258e-08
32750.056 1.4834461091222732e-08
32800.056 1.3950407723606896e-08
32850.056 1.6500960995648346e-08
32900.056 1.754630516083912e-08
32950.056 1.864662218979134e-08
33000.056 1.4771790444782079e-08
33050.056 1.492738886669555e-08
33100.056 6.600496957087168e-09
33150.056 6.179934256085498e-10
33200.056 9.414169094683647e-10
33250.056 6.518785254818603e-10
33300.056 1.1028172121122765e-09
33350.056 2.3869676457600258e-09
33400.056 4.075531286518566e-09
33450.056 5.7326078187441995e-09
33500.056 1.0508576065706197e-08
33550.056 7.440417873105137e-09
33600.056 1.2786005419088891e-08
33650.056 1.2895071454480015e-08
33700.056 9.628925048550627e-09
33750.056 1.608912419401422e-08
33800.056 8.875724466411465e-09
33850.056 1.2879179516425896e-08
33900.056 1.0481018438189993e-08
33950.056 1.0781141470240493e-08
34000.056 1.499200546664556e-08
34050.056 6.7289006293333176e-09
34100.056 1.4110678184562927e-08
34150.056 9.439193307258855e-09
34200.056 1.2596147810604042e-08
34250.056 1.1673703889164926e-08
34300.056 9.64028689272172e-09
34350.056 1.070278730262042e-08
34400.056 7.807077166420017e-09
34450.056 1.2943610716543912e-08
34500.056 1.085446360578207e-08
34550.056 7.111001395118231e-09
34600.056 1.5886065771000333e-08
34650.056 8.484691611970652e-09
34700.056 1.3076650806619706e-08
34750.056 1.192386631248532e-08
34800.056 9.65029122934765e-09
34850.056 1.4560319657802627e-08
34900.056 1.2353051820956412e-08
34950.056 1.4747116441796752e-08
35000.056 2.3662523308273338e-08
35050.056 1.2888385480806218e-08
35100.056 2.0004344880292214e-08
35150.056 1.9307464337445602e-08
35200.056 1.8542125616198872e-08
35250.056 2.6767837489630078e-08
35300.056 1.747497889539307e-08
35350.056 1.9686384385294253e-08
35400.056 2.2274924571696565e-08
35450.056 1.4916863928348954e-08
35500.056 3.2521138840174794e-08
35550.056 2.7079318245456654e-08
35600.056 2.4861093248013765e-08
35650.056 2.8066618816741844e-08
35700.056 2.4360780863673272e-08
35750.056 3.371383278579755e-08
35800.056 4.091192431978174e-08
35850.056 2.3555226007208546e-08
35900.056 3.31851674819066e-08
35950.056 3.365061558249232e-08
36000.056 3.283909764880492e-08
36050.056 3.0617888581489436e-08
36100.056 3.037952698878301e-08
36150.056 3.6681453290590936e-08
36200.056 4.091851435528921e-08
36250.056 3.505993614972197e-08
36300.056 4.8295413723622106e-08
36350.056 4.2409930356686386e-08
36400.056 4.584493406629093e-08
36450.056 5.034285008395219e-08
36500.056 5.405713237868305e-08
36550.056 5.971217704901727e-08
36600.056 6.906375930698969e-08
36650.056 6.195185506722932e-08
36700.056 6.42392237664438e-08
36750.056 7.321635898842837e-08
36800.056 7.465553749299765e-08
36850.056 6.42408403703892e-08
36900.056 7.546308486209325e-08
36950.056 8.214604007998503e-08
37000.056 7.278759007559055e-08
37050.056 8.20046695939996e-08
37100.056 7.99166257857004e-08
37150.056 7.425924243440017e-08
37200.056 9.179017666899006e-08
37250.056 8.14926845575825e-08
37300.056 7.260232188206727e-08
37350.056 8.522086653661473e-08
37400.056 1.1708808596919736e-07
37450.056 8.202279523751344e-08
37500.056 8.511380816086358e-08
37550.056 1.1291009352205691e-07
37600.056 1.3108383571201592e-07
37650.056 8.288505329660791e-08
37700.056 1.2347251413920967e-07
37750.056 9.252882883221004e-08
37800.056 1.0148920345254355e-07
37850.056 7.246860804150462e-08
37900.056 8.432162329772513e-08
37950.056 1.0760526649808208e-07
38000.056 1.2101872298019656e-07
38050.056 1.237941219878331e-07
38100.056 1.330795365942129e-07
38150.056 1.4109287564299632e-07
38200.056 1.4564044434402253e-07
38250.056 1.345831692394082e-07
38300.056 1.7819447169396573e-07
38350.056 1.7891444694903447e-07
38400.056 1.1778562289425022e-07
38450.056 1.153085181411552e-07
38500.056 8.435975202741705e-08
38550.056 1.3363499319103835e-07
38600.056 1.320727719029869e-07
38650.056 1.4255146237897826e-07
38700.056 1.489019989489988e-07
38750.056 1.532297529250027e-07
38800.056 1.3547307431095349e-07
38850.056 1.48055713225021e-07
38900.056 1.825665118387883e-07
38950.056 1.4110268354459012e-07
39000.056 1.6741451683798445e-07
39050.056 1.5126350747102455e-07
39100.056 1.626864506329949e-07
39150.056 1.7529796175299834e-07
39200.056 1.6188976794018437e-07
39250.056 1.9455280174798862e-07
39300.056 1.6810552690995798e-07
39350.056 2.1570265951101534e-07
39400.056 1.7944430619054086e-07
39450.056 1.934281015864912e-07
39500.056 1.9829825176702293e-07
39550.056 1.79507769416054e-07
39600.056 2.0795123866696449e-07
39650.056 2.3386093526598304e-07
39700.056 2.1669833501002312e-07
39750.056 1.7041662901635556e-07
39800.056 1.9756399773597726e-07
39850.056 2.577889316900085e-07
39900.056 2.53464374991002e-07
39950.056 2.2137679637197302e-07
40000.056 2.751643130520323e-07
40050.056 2.4917148855900236e-07
40100.056 1.936247579084756e-07
40150.056 2.5996263292400354e-07
40200.056 2.679907080299305e-07
40250.056 2.7085304954492934e-07
40300.056 2.6719239395403343e-07
40350.056 2.484237367199714e-07
40400.056 3.0289598901761114e-07
40450.056 2.4456256779700184e-07
40500.056 3.0441752719698937e-07
40550.056 3.1063057002793745e-07
40600.056 2.9158469661602653e-07
40650.056 2.680670983734445e-07
40700.056 3.7723403377498635e-07
40750.056 2.8771821815994743e-07
40800.056 2.3349918106890183e-07
40850.056 3.7574401051006354e-07
40900.056 3.5627725509401336e-07
40950.056 3.049621079950188e-07
41000.056 3.1346524214399027e-07
41050.056 3.904791993399488e-07
41100.056 3.2785896693597827e-07
41150.056 2.3534004485657738e-07
41200.056 3.755033238140022e-07
41250.056 3.28529100167979e-07
41300.056 2.953783424899511e-07
41350.056 3.934968862900196e-07
41400.056 3.494768217060368e-07
41450.056 3.78870079939996e-07
41500.056 2.930464834017885e-07
41550.056 2.840293959050703e-07
41600.056 3.4961161348684753e-07
41650.056 3.627486622100138e-07
41700.056 3.3038248199992867e-07
41750.056 3.297681418099774e-07
41800.056 4.0301582166002364e-07
41850.056 2.715060137539839e-07
41900.056 3.172549441877385e-07
41950.056 3.3540257419004944e-07
42000.056 3.1832355862992464e-07
42050.056 2.766862787080143e-07
42100.056 3.899353894499892e-07
42150.056 2.804016675960177e-07
42200.056 2.746734797719944e-07
42250.056 2.923745403359761e-07
42300.056 2.734230968499957e-07
42350.056 3.281427309800486e-07
42400.056 3.3002789432004635e-07
42450.056 2.8610398796004087e-07
42500.056 2.8656518760599116e-07
42550.056 2.682236233039799e-07
42600.056 2.947953905070501e-07
42650.056 3.745448711049097e-07
42700.056 2.895274715019455e-07
42750.056 2.753138981080224e-07
42800.056 3.151405667560402e-07
42850.056 3.5425142927990414e-07
42900.056 3.779316528460631e-07
42950.056 2.928989442339277e-07
43000.056 3.3716298256401674e-07
43050.056 2.170887964230732e-07
43100.056 2.9908964999496467e-07
43150.056 2.735633864450265e-07
43200.056 3.248377279800108e-07
43250.056 4.10040813040019e-07
43300.056 3.9824279070001885e-07
43350.056 2.4827967786193526e-07
43400.056 3.165719933499965e-07
43450.056 2.6456462637104425e-07
43500.056 2.809172826980217e-07
43550.056 2.8354769729303166e-07
43600.056 3.679368233720364e-07
43650.056 2.5935591155200794e-07
43700.056 3.928851222100342e-07
43750.056 3.4567724776003835e-07
43800.056 3.2455368323296566e-07
43850.056 2.914276718630477e-07
43900.056 3.051813404019676e-07
43950.056 2.1916389971197277e-07
44000.056 2.0269084091000318e-07
44050.056 3.516449836290081e-07
44100.056 4.285954182300215e-07
44150.056 4.170873055359716e-07
44200.056 3.6099464851699887e-07
44250.056 2.5914049867600697e-07
44300.056 2.248021221760395e-07
44350.056 2.5891856515546345e-07
44400.056 2.452931252049867e-07
44450.056 3.232539859519869e-07
44500.056 3.1608032636006717e-07
44550.056 3.982348299699625e-07
44600.056 3.462530597790213e-07
44650.056 3.4579707939403235e-07
44700.056 2.5238917851998726e-07
44750.056 3.249794845890507e-07
44800.056 2.868881465810328e-07
44850.056 3.581250097900456e-07
44900.056 2.819680583780196e-07
44950.056 3.113726971660115e-07
45000.056 3.378533437599998e-07
45050.056 3.293462138199823e-07
45100.056 3.2851239216500934e-07
45150.056 3.224065566149719e-07
45200.056 2.572509691410249e-07
45250.056 2.8822517464692803e-07
45300.056 2.617300174150351e-07
45350.056 2.627629818079969e-07
45400.056 3.81655497170034e-07
45450.056 3.471617711300013e-07
45500.056 3.564364485150148e-07
45550.056 3.999782442399151e-07
45600.056 3.880420827500438e-07
45650.056 3.2069867363597485e-07
45700.056 2.711433975000054e-07
45750.056 2.5798582096600336e-07
45800.056 3.9616711020001183e-07
45850.056 3.942602615449909e-07
45900.056 4.190312581700138e-07
45950.056 3.344733415099903e-07
46000.056 3.9993909653003025e-07
46050.056 3.332424113580109e-07
46100.056 4.09911465739971e-07
46150.056 3.096388868449895e-07
46200.056 2.9607876447500343e-07
46250.056 1.886186155822717e-07
46300.056 3.3399889682000023e-07
46350.056 3.2584004631002943e-07
46400.056 3.2015511709501237e-07
46450.056 2.94232364646027e-07
46500.056 3.1352155176706825e-07
46550.056 2.3175982055400445e-07
46600.056 2.9860564721397623e-07
46650.056 4.299804175270098e-07
46700.056 3.0355784097495356e-07
46750.056 2.1623083989341986e-07
46800.056 1.6873206127501057e-07
46850.056 4.18474971520061e-07
46900.056 3.813422959909762e-07
46950.056 3.7215925527997564e-07
47000.056 3.400115281640497e-07
47050.056 3.14830334158893e-07
47100.056 2.1955314657952603e-07
47150.056 2.9085946817304653e-07
47200.056 3.515793781500007e-07
47250.056 2.4937963034297434e-07
47300.056 1.8532541467301542e-07
47350.056 3.8377629729998617e-07
47400.056 3.492613017699692e-07
47450.056 3.271114315880432e-07
47500.056 3.862352593189645e-07
47550.056 3.3809595551800864e-07
47600.056 3.443206607499745e-07
47650.056 3.086510427187567e-07
47700.056 3.0026808637818535e-07
47750.056 2.255865235400052e-07
47800.056 2.2734827746101373e-07
47850.056 1.6368155852101373e-07
47900.056 2.1085290882297192e-07
47950.056 3.051923522540146e-07
48000.056 4.057597622600382e-07
48050.056 3.5632385910199073e-07
48100.056 2.031260222380136e-07
48150.056 2.835625896300132e-07
48200.056 2.48457038483999e-07
48250.056 2.6395718230801055e-07
48300.056 3.8292860062994026e-07
48350.056 2.425569465610036e-07
48400.056 1.3448344020647345e-07
48450.056 2.3620610244045265e-07
48500.056 3.0604447658994923e-07
48550.056 2.762803911400125e-07
48600.056 2.989188511060078e-07
48650.056 3.3780765896998444e-07
48700.056 2.783856004240108e-07
48750.056 1.794720541470819e-07
48800.056 3.557102305110082e-07
48850.056 2.2561450331995743e-07
48900.056 3.3818952869398656e-07
48950.056 2.2187175899401493e-07
49000.056 1.3387622443278812e-07
49050.056 2.9010657628596326e-07
49100.056 3.143819638460528e-07
49150.056 2.561448960004112e-07
49200.056 3.410235701500496e-07
49250.056 3.2881252193004014e-07
49300.056 2.8493913458399226e-07
49350.056 1.6554988157503012e-07
49400.056 2.2858359959795841e-07
49450.056 2.4107500424506995e-07
49500.056 1.9600978533798442e-07
49550.056 9.766828427700697e-08
49600.056 1.749286898078324e-07
49650.056 2.2548716255698376e-07
49700.056 2.2646210364793696e-07
49750.056 2.7981373227496966e-07
49800.056 2.1578959348300353e-07
49850.056 3.2377082050005734e-07
49900.056 2.620829897269815e-07
49950.056 2.465182265519952e-07
50000.056 2.3018138496297776e-07
50050.056 2.8062203140999104e-07
50100.056 2.2514636315900274e-07
50150.056 1.4607132735498289e-07
50200.056 6.78717849022155e-08
50250.056 1.9598385304398347e-07
50300.056 1.5409066131901592e-07
50350.056 2.714654713540318e-07
50400.056 2.448590442969845e-07
50450.056 1.87819385754006e-07
50500.056 2.6396857472702523e-07
50550.056 2.407851581660161e-07
50600.056 1.912185081659509e-07
50650.056 2.7034148912005e-07
50700.056 2.9012897967193696e-07
50750.056 2.1429475064502779e-07
50800.056 1.2414542850038346e-07
50850.056 1.083590539250337e-07
50900.056 2.7744354355799557e-07
50950.056 2.118430142180107e-07
51000.056 2.2067213560241342e-07
51050.056 2.286698509259836e-07
51100.056 1.1608564473338364e-07
51150.056 1.6082067845220286e-07
51200.056 3.1616599699997537e-07
51250.056 2.019270166019702e-07
51300.056 1.5423873373605272e-07
51350.056 1.763588048739849e-07
51400.056 1.0013208861400537e-07
51450.056 8.399915312957933e-08
51500.056 8.700116187322787e-08
51550.056 1.9928379813481433e-07
51600.056 1.4459847443402054e-07
51650.056 1.5737066311597452e-07
51700.056 1.8213023823048433e-07
51750.056 1.2726990791951052e-07
51800.056 1.9825545658595565e-07
51850.056 1.7479433666499008e-07
51900.056 2.579198205160232e-07
51950.056 1.8644925282998296e-07
52000.056 5.935349160118678e-08
52050.056 1.2750829976201422e-07
52100.056 9.717712611399374e-08
52150.056 7.916436916820828e-08
52200.056 1.0273907119389877e-07
52250.056 1.3911418850302108e-07
52300.056 2.1414344592999018e-07
52350.056 1.2513551849696102e-07
52400.056 1.002960995617083e-07
52450.056 1.9196888709401455e-07
52500.056 1.862890876869515e-07
52550.056 1.7790756553697616e-07
52600.056 1.4621989979301038e-07
52650.056 1.528593320250233e-07
52700.056 1.291042123729981e-07
52750.056 8.512997450679575e-08
52800.056 1.1044467433101489e-07
52850.056 1.2307508040796287e-07
52900.056 1.0113428680665739e-07
52950.056 1.1725777917680576e-07
53000.056 1.6608625488400923e-07
53050.056 8.583761906437692e-08
53100.056 1.454234793299815e-07
53150.056 1.9706596383002047e-07
53200.056 8.733940930659277e-08
53250.056 1.7016002069201327e-07
53300.056 1.8597935831359296e-07
53350.056 1.7237452984099854e-07
53400.056 1.5127511940999875e-07
53450.056 7.937508579698578e-08
53500.056 4.1052097741686993e-08
