galfind/configs/Brown_Dwarf_templates/sonora_bobcat/m+0.5/1000g/sp_t700g1000nc_m+0.5_resample.dat
# %ECSV 1.0
# ---
# datatype:
# - {name: wav, unit: Angstrom, datatype: float64}
# - {name: flux_nu, unit: erg / (cm2 Hz s), datatype: float64}
# meta: {C/O: '1.00', Kzz: '1.0000E+05', Teff: '700.', Y: '0.28', '[Fe/H]': '0.50', f_hole: '1.00', f_rain: '0.00', grav: '1000.'}
# schema: astropy-2.0
wav flux_nu
4000.0559999999996 nan
4050.0559999999996 3.576352361005459e-15
4100.056 4.679532850490103e-13
4150.056 4.207510209800035e-12
4200.056 3.907197459481375e-12
4250.056 2.7060889263000173e-11
4300.056 5.097591428500059e-11
4350.056 7.373950689700022e-11
4400.056 1.0041128627000033e-10
4450.056 1.3687539071800113e-10
4500.056 1.5707165177000114e-10
4550.056 1.4537769434729847e-10
4600.056 2.545362748899986e-11
4650.056 1.3764006861999971e-11
4700.056 6.5799677539999415e-12
4750.056 1.855402554949975e-12
4800.056 4.879847890899947e-13
4850.056 1.734842458599986e-13
4900.056 9.888869311499957e-14
4950.056 6.570090078799971e-14
5000.056 3.990898728899976e-14
5050.056 2.6601039665999985e-14
5100.056 2.6051306226000043e-14
5150.056 2.6776741497000047e-14
5200.056 2.7598232256000018e-14
5250.056 2.8230733078e-14
5300.056 2.8925223323000005e-14
5350.056 2.9896677603000015e-14
5400.056 3.104962037500001e-14
5450.056 3.2303052755000065e-14
5500.056 3.357387234700009e-14
5550.056 3.4758208214000024e-14
5600.056 3.568714700899997e-14
5650.056 3.6083399346999966e-14
5700.056 3.5508213096000003e-14
5750.056 3.354537385899997e-14
5800.056 2.9568722712999936e-14
5850.056 2.1138952215999773e-14
5900.056 7.215378726718266e-15
5950.056 4.011293194100097e-14
6000.056 8.074816251299973e-14
6050.056 1.4242329803500196e-13
6100.056 2.315027820400019e-13
6150.056 3.5748702850000234e-13
6200.056 5.360989456000029e-13
6250.056 7.821259629900039e-13
6300.056 1.1277428769700046e-12
6350.056 1.6010364140000084e-12
6400.056 2.244390199800013e-12
6450.056 3.077626720699992e-12
6500.056 4.223439305900012e-12
6550.056 5.746823291600012e-12
6600.056 7.73916437990009e-12
6650.056 1.030762482760005e-11
6700.056 1.2736314860400134e-11
6750.056 1.707574193400006e-11
6800.056 2.0414763953000057e-11
6850.056 2.1603844231999993e-11
6900.056 1.9657082587000103e-11
6950.056 1.717353117759993e-11
7000.056 1.700647146200008e-11
7050.056 1.809460671499982e-11
7100.056 1.9562441066999938e-11
7150.056 1.9376240334699758e-11
7200.056 1.883230249428017e-11
7250.056 1.8623523404499166e-11
7300.056 1.752520649550057e-11
7350.056 1.6909191879599754e-11
7400.056 1.625261506740036e-11
7450.056 1.561118069800034e-11
7500.056 1.474113179199994e-11
7550.056 1.362182364399995e-11
7600.056 1.2325660515999958e-11
7650.056 5.2145521118928586e-12
7700.056 4.592975670540125e-12
7750.056 1.3232914764700163e-11
7800.056 1.9165980943099994e-11
7850.056 2.970771687500016e-11
7900.056 4.1303506072999927e-11
7950.056 4.871631937200033e-11
8000.056 7.578088830000073e-11
8050.056 9.98409950380012e-11
8100.056 1.209637523879983e-10
8150.056 1.459549068961996e-10
8200.056 1.9968316705760863e-10
8250.056 2.4038860525199977e-10
8300.056 3.0003401158271614e-10
8350.056 3.618055307569877e-10
8400.056 4.397700464719933e-10
8450.056 5.473300680499948e-10
8500.056 6.158610453029759e-10
8550.056 7.829029100300156e-10
8600.056 9.589524884500077e-10
8650.056 1.1320060050000105e-09
8700.056 1.3091057119000105e-09
8750.056 1.5241261941000082e-09
8800.056 1.7329270436000166e-09
8850.056 1.8358093853999877e-09
8900.056 1.4040163226899231e-09
8950.056 1.3714519339117423e-09
9000.056 1.5215838054323168e-09
9050.056 2.5430017358128e-09
9100.056 2.9012635159628192e-09
9150.056 3.156175337886205e-09
9200.056 3.875706199997833e-09
9250.056 3.8064441567754575e-09
9300.056 1.3218825580550343e-09
9350.056 1.7360846641628734e-09
9400.056 3.067737105783049e-09
9450.056 3.315605250787208e-09
9500.056 3.0712866634451486e-09
9550.056 3.409674488513335e-09
9600.056 3.5024481642479526e-09
9650.056 4.383261461550157e-09
9700.056 6.292501288990862e-09
9750.056 6.657015614399638e-09
9800.056 7.72776579028962e-09
9850.056 8.94726698006799e-09
9900.056 1.1104164386489916e-08
9950.056 1.2006941832800262e-08
10000.056 1.2925908032699545e-08
10050.056 1.625141793530015e-08
10100.056 1.9085027307000008e-08
10150.056 2.1494978049999817e-08
10200.056 2.389334112300081e-08
10250.056 2.7130176227100672e-08
10300.056 3.1633357658998364e-08
10350.056 3.4473982146000875e-08
10400.056 4.020840376200016e-08
10450.056 4.465610769699723e-08
10500.056 4.9074267937999345e-08
10550.056 5.3924598918000186e-08
10600.056 5.7057512428999494e-08
10650.056 6.042753390800116e-08
10700.056 6.17051244780011e-08
10750.056 6.430957365100091e-08
10800.056 6.500064900300096e-08
10850.056 6.26961177930005e-08
10900.056 5.031753414199892e-08
10950.056 2.8938754814160657e-08
11000.056 2.0262946479399777e-08
11050.056 1.2945306301665136e-08
11100.056 8.420283166494726e-09
11150.056 4.733342299587091e-09
11200.056 4.555145244325149e-09
11250.056 5.881157287439701e-09
11300.056 6.619962625705233e-09
11350.056 2.7106141747578405e-09
11400.056 7.3073121967701616e-09
11450.056 5.133104326712538e-09
11500.056 4.647619781976049e-09
11550.056 1.8650053453647653e-09
11600.056 1.7496635670153873e-09
11650.056 3.540832822385057e-09
11700.056 4.104440170123753e-09
11750.056 1.516795491301415e-09
11800.056 5.562491019096797e-09
11850.056 9.172925596239713e-09
11900.056 1.1658899959069037e-08
11950.056 1.7899684629832368e-08
12000.056 2.525182398986055e-08
12050.056 3.516477991460297e-08
12100.056 4.670380150579617e-08
12150.056 6.100118091309715e-08
12200.056 7.3806873900697e-08
12250.056 9.206587710999352e-08
12300.056 1.1441506183100607e-07
12350.056 1.2104935949699885e-07
12400.056 1.458470417499953e-07
12450.056 1.6160788919400484e-07
12500.056 1.718946421740068e-07
12550.056 1.9257017623100085e-07
12600.056 2.1737910674400485e-07
12650.056 2.1236408626099928e-07
12700.056 2.069120068680075e-07
12750.056 1.831117980990068e-07
12800.056 1.692474321489993e-07
12850.056 1.270117831106064e-07
12900.056 1.0283746833280756e-07
12950.056 9.128476153213038e-08
13000.056 9.043991474200552e-08
13050.056 7.069399531839487e-08
13100.056 6.594249474141502e-08
13150.056 4.89174185678464e-08
13200.056 4.3207976986463826e-08
13250.056 3.0549827024851166e-08
13300.056 1.342893976389928e-08
13350.056 4.003355843692721e-09
13400.056 1.8099572413782065e-09
13450.056 8.166117000822534e-10
13500.056 4.180425260325817e-10
13550.056 2.3203790756965591e-10
13600.056 1.0370342012009137e-10
13650.056 3.893849204484858e-10
13700.056 2.5419563251235233e-10
13750.056 4.197705239582581e-10
13800.056 4.735209046916986e-10
13850.056 2.9644760086601514e-10
13900.056 3.3629462016479406e-10
13950.056 3.186534748002229e-10
14000.056 3.3140613467427555e-10
14050.056 4.70428365585011e-10
14100.056 4.0512436899742656e-10
14150.056 6.59647142936228e-10
14200.056 4.730568578902339e-10
14250.056 5.480742069345645e-10
14300.056 1.2075863573363844e-09
14350.056 1.1566776101712327e-09
14400.056 1.242094864531204e-09
14450.056 1.6975492976849497e-09
14500.056 3.3222184536446807e-09
14550.056 3.642808930869707e-09
14600.056 5.410469957377514e-09
14650.056 4.751397580915261e-09
14700.056 3.081309193820574e-09
14750.056 3.506730815742568e-09
14800.056 5.067536008403693e-09
14850.056 5.386238364658747e-09
14900.056 5.883799316684963e-09
14950.056 6.594426167554397e-09
15000.056 9.872884355965568e-09
15050.056 1.0294239036861568e-08
15100.056 1.0718080517693032e-08
15150.056 1.10892757674144e-08
15200.056 1.348344807663379e-08
15250.056 2.1937943701707405e-08
15300.056 2.6281941202752845e-08
15350.056 3.288390977312565e-08
15400.056 3.9546208159724906e-08
15450.056 4.722722713098794e-08
15500.056 5.271738266334288e-08
15550.056 6.635932997190896e-08
15600.056 7.762342461599763e-08
15650.056 8.786053418700308e-08
15700.056 1.0578657996800525e-07
15750.056 1.148791296619988e-07
15800.056 1.182548853250003e-07
15850.056 1.2645709567000368e-07
15900.056 1.1367418711700149e-07
15950.056 1.0243016536699385e-07
16000.056 7.844739136500328e-08
16050.056 4.858060204629735e-08
16100.056 3.197831498789747e-08
16150.056 1.9249550820568997e-08
16200.056 1.146944186653826e-08
16250.056 8.954928042456263e-09
16300.056 6.613939449704585e-09
16350.056 7.904866932780249e-09
16400.056 9.70674452818665e-09
16450.056 9.894423348126832e-09
16500.056 1.057577254450881e-08
16550.056 1.0389766153547083e-08
16600.056 1.1894955705842267e-08
16650.056 8.780691461819358e-09
16700.056 2.023546859251293e-09
16750.056 4.57827671724377e-09
16800.056 7.796772470036895e-09
16850.056 8.513470917039247e-09
16900.056 5.8783117396731355e-09
16950.056 4.323151908141088e-09
17000.056 2.8790839147293363e-09
17050.056 5.07465212045404e-09
17100.056 7.279041152595868e-09
17150.056 4.929442113503872e-09
17200.056 1.0240561628638814e-08
17250.056 7.502281208226424e-09
17300.056 5.442414559686678e-09
17350.056 5.1702492806408215e-09
17400.056 6.755539108260247e-09
17450.056 8.161498485540742e-09
17500.056 9.834873708192156e-09
17550.056 8.626589346466689e-09
17600.056 7.082763421556214e-09
17650.056 6.64557185666839e-09
17700.056 5.091033128468052e-09
17750.056 4.591556726099267e-09
17800.056 7.483642454162403e-09
17850.056 4.4221208897921325e-09
17900.056 3.905686080418232e-09
17950.056 2.9480370585049416e-09
18000.056 4.157271079843667e-09
18050.056 3.127326596643386e-09
18100.056 3.6748818327853207e-09
18150.056 4.185604779060184e-09
18200.056 2.590082367232413e-09
18250.056 7.022091534058331e-09
18300.056 2.813134007333437e-09
18350.056 2.376160923869159e-09
18400.056 2.053049655588571e-09
18450.056 4.255302833438856e-09
18500.056 4.290057035979963e-09
18550.056 2.981094457728312e-09
18600.056 2.8438948229709496e-09
18650.056 2.301103600113077e-09
18700.056 1.4758022004043566e-09
18750.056 2.6846419935571934e-09
18800.056 7.03649771562491e-09
18850.056 7.432462091598626e-09
18900.056 6.4230719300331476e-09
18950.056 1.219679461040538e-08
19000.056 5.436818896690268e-09
19050.056 3.4183705412785263e-09
19100.056 7.021559088188747e-09
19150.056 3.714439404604063e-09
19200.056 5.838953612988697e-09
19250.056 3.6682231746180574e-09
19300.056 2.8439074698416343e-09
19350.056 2.5309841989667658e-09
19400.056 1.983702948864878e-09
19450.056 3.694978976215311e-09
19500.056 3.368745558778167e-09
19550.056 2.93416541148041e-09
19600.056 4.543934553166556e-09
19650.056 4.973943083439931e-09
19700.056 5.0700951317381365e-09
19750.056 7.703476381878105e-09
19800.056 6.689652249642842e-09
19850.056 9.488445393458699e-09
19900.056 8.744364495566356e-09
19950.056 1.407615723255226e-08
20000.056 1.5312473242850894e-08
20050.056 1.5355550110596405e-08
20100.056 2.1978348518220215e-08
20150.056 1.6448853176049e-08
20200.056 1.6924703294724997e-08
20250.056 2.5516546100289406e-08
20300.056 2.724317169247257e-08
20350.056 3.083831597251319e-08
20400.056 2.8575855403526507e-08
20450.056 4.190860673420138e-08
20500.056 4.8603813554981896e-08
20550.056 4.969676358170798e-08
20600.056 5.7543430618111116e-08
20650.056 6.328190261230074e-08
20700.056 6.668439454710299e-08
20750.056 7.233554152079511e-08
20800.056 7.471620653158546e-08
20850.056 7.626083766700209e-08
20900.056 8.145828538308757e-08
20950.056 7.761055626100527e-08
21000.056 7.493797159500648e-08
21050.056 7.454503565499307e-08
21100.056 6.953301669900299e-08
21150.056 6.955054782358674e-08
21200.056 6.312501148810524e-08
21250.056 5.8193540757498564e-08
21300.056 4.769685292110107e-08
21350.056 4.738198454327611e-08
21400.056 4.3704933638297945e-08
21450.056 3.771085934084902e-08
21500.056 3.3340000124916924e-08
21550.056 2.986987473995012e-08
21600.056 2.5374376602941868e-08
21650.056 2.0048060770763015e-08
21700.056 1.953240602790677e-08
21750.056 1.6863495370096818e-08
21800.056 1.294527622617531e-08
21850.056 1.1310907708377429e-08
21900.056 7.862288833986144e-09
21950.056 4.039801851261398e-09
22000.056 1.2481136888748152e-09
22050.056 1.1061145770712303e-09
22100.056 2.878294127696745e-09
22150.056 3.140011579287807e-09
22200.056 3.547614314183037e-09
22250.056 2.8984620413167164e-09
22300.056 1.933865027891748e-09
22350.056 2.106393714797865e-09
22400.056 1.184214687387293e-09
22450.056 1.289366371594535e-09
22500.056 1.155162255818704e-09
22550.056 8.635539358433015e-10
22600.056 8.136887086677773e-10
22650.056 1.158824496201319e-09
22700.056 9.123434847513987e-10
22750.056 9.6557450411037e-10
22800.056 9.849892191726661e-10
22850.056 8.072817642254113e-10
22900.056 6.708204749652112e-10
22950.056 6.271014871407051e-10
23000.056 8.264317737644459e-10
23050.056 1.0702493281978677e-09
23100.056 2.9719971877236926e-09
23150.056 2.978931854725255e-09
23200.056 3.3732041024824295e-10
23250.056 7.411907106253789e-10
23300.056 6.789221352319057e-10
23350.056 7.812277345335351e-10
23400.056 7.7920183405754e-10
23450.056 6.328499631554265e-10
23500.056 7.125468894067773e-10
23550.056 1.0235125649574143e-09
23600.056 1.3979289068025779e-09
23650.056 1.9606082129549543e-09
23700.056 7.368508762193885e-10
23750.056 6.347073947371744e-10
23800.056 1.2849379983760394e-09
23850.056 1.2030230958516704e-09
23900.056 2.181461310589446e-09
23950.056 1.829005953574909e-09
24000.056 2.629331024641253e-09
24050.056 3.07651579790192e-09
24100.056 2.9155359544234273e-09
24150.056 3.884737857737912e-09
24200.056 3.2542386269083844e-09
24250.056 2.730876279218355e-09
24300.056 4.017771146947036e-09
24350.056 3.300467002860841e-09
24400.056 5.391638582574527e-09
24450.056 5.340500911566175e-09
24500.056 5.15210703087837e-09
24550.056 7.000298450475547e-09
24600.056 7.03903413213922e-09
24650.056 9.683531515466685e-09
24700.056 6.044860208905937e-09
24750.056 7.2429550814161795e-09
24800.056 6.841309036690896e-09
24850.056 1.0701605202606402e-08
24900.056 5.014430076407749e-09
24950.056 9.993838475007249e-09
25000.056 8.609126418381841e-09
25050.056 5.52884463487709e-09
25100.056 8.443046877594134e-09
25150.056 4.8286241160666e-09
25200.056 6.632503606237555e-09
25250.056 3.3934673754405157e-09
25300.056 5.254880410767889e-09
25350.056 2.7082759972054067e-09
25400.056 5.858921112707157e-09
25450.056 2.5553897761229772e-09
25500.056 2.4383615692217174e-09
25550.056 3.4570111628735767e-09
25600.056 2.5940070195113743e-09
25650.056 1.5514921074069344e-09
25700.056 2.8555740442687484e-09
25750.056 1.029158306415269e-09
25800.056 3.530520376491585e-09
25850.056 1.1324568429746246e-09
25900.056 1.661586294623332e-09
25950.056 7.062812307944304e-10
26000.056 3.469965279811549e-09
26050.056 1.1306699502340104e-09
26100.056 3.0627940682383734e-09
26150.056 1.9467880425110507e-09
26200.056 2.2438304542433007e-09
26250.056 6.291489595348031e-09
26300.056 2.775887906978021e-09
26350.056 7.82485521686645e-09
26400.056 8.142878636738105e-09
26450.056 7.494120141675514e-09
26500.056 1.0311054178106807e-08
26550.056 3.3296480671635115e-09
26600.056 4.594211409981499e-09
26650.056 1.3721366268719343e-09
26700.056 1.1267409342545073e-09
26750.056 8.91597670013779e-10
26800.056 1.8478873484824634e-09
26850.056 1.0234171871666893e-09
26900.056 3.2636921180265082e-09
26950.056 1.4456898143274514e-09
27000.056 5.071479827606451e-09
27050.056 4.4922024055726056e-09
27100.056 1.8866922753517624e-09
27150.056 6.444195347441382e-09
27200.056 1.9602148399479574e-09
27250.056 3.5417565691788915e-09
27300.056 1.1587922981940202e-08
27350.056 6.498295031701946e-09
27400.056 9.44068407797026e-10
27450.056 7.672774203286107e-09
27500.056 8.431003978432362e-09
27550.056 2.3632398711262426e-09
27600.056 5.0899926047652375e-09
27650.056 2.0200119408466168e-09
27700.056 1.5909685290592487e-09
27750.056 6.037464712082783e-09
27800.056 2.259759598677698e-09
27850.056 3.064691535672808e-09
27900.056 3.1961668104786148e-09
27950.056 6.835495453879826e-09
28000.056 5.2960175024594194e-09
28050.056 1.2735854736649873e-09
28100.056 5.965971634768674e-09
28150.056 4.0640742201961495e-09
28200.056 1.7230994504018443e-09
28250.056 7.111133645539755e-09
28300.056 7.674428008708532e-09
28350.056 2.2866741118674684e-09
28400.056 5.348548171773172e-09
28450.056 8.113485924938285e-09
28500.056 5.635433397026083e-09
28550.056 1.7751822002864855e-09
28600.056 8.766316627629428e-09
28650.056 6.757531063083287e-09
28700.056 7.0174370999845255e-09
28750.056 1.0609283389496357e-08
28800.056 7.0831085138560754e-09
28850.056 9.569161814366926e-09
