galfind/configs/Brown_Dwarf_templates/sonora_bobcat/m+0.5/1000g/sp_t350g1000nc_m+0.5_resample.dat
# %ECSV 1.0
# ---
# datatype:
# - {name: wav, unit: Angstrom, datatype: float64}
# - {name: flux_nu, unit: erg / (cm2 Hz s), datatype: float64}
# meta: {C/O: '1.00', Kzz: '1.0000E+05', Teff: '350.', Y: '0.28', '[Fe/H]': '0.50', f_hole: '1.00', f_rain: '0.00', grav: '1000.'}
# schema: astropy-2.0
wav flux_nu
[from data line 499]
28950.056 1.2440258315090755e-11
29000.056 7.039626490460059e-12
29050.056 1.3652897530432834e-11
29100.056 4.919122959155472e-12
29150.056 6.288343237943322e-12
29200.056 3.293919533889769e-11
29250.056 1.9911824493625755e-11
29300.056 1.3029628310217574e-11
29350.056 3.3916984470354175e-11
29400.056 1.5741365292891593e-11
29450.056 4.9847348862362985e-12
29500.056 4.183549088021596e-11
29550.056 1.0119347561027207e-11
29600.056 1.0741163026780962e-11
29650.056 6.547232840109398e-11
29700.056 7.425683373519394e-12
29750.056 4.0479253383374504e-11
29800.056 1.8925519590832016e-11
29850.056 5.522809976947048e-11
29900.056 1.791692769378001e-11
29950.056 2.2455724125175713e-11
30000.056 2.0595034012445126e-13
30050.056 2.8658132155138303e-12
30100.056 1.489922193827873e-11
30150.056 6.254601126846578e-11
30200.056 3.5837369976211393e-11
30250.056 5.3881880267871486e-11
30300.056 8.216727815470454e-11
30350.056 1.1163241032537251e-11
30400.056 8.911735296501529e-11
30450.056 7.507893081546144e-11
30500.056 2.3541011543162636e-11
30550.056 2.0691956396565653e-11
30600.056 4.150176926039579e-10
30650.056 1.2802034323332776e-10
30700.056 4.834876660962048e-11
30750.056 1.2145512206945903e-10
30800.056 1.541131198410764e-10
30850.056 1.5122017993100393e-10
30900.056 7.482032425404881e-11
30950.056 4.6793809829707994e-11
31000.056 6.763650664051408e-11
31050.056 3.154621188098632e-11
31100.056 2.3490791531147685e-11
31150.056 4.699241053601459e-11
31200.056 2.2038404192936874e-10
31250.056 8.657932696527902e-11
31300.056 4.048745744116924e-11
31350.056 1.743298111694435e-10
31400.056 1.0294889793036746e-10
31450.056 1.0308857218922434e-10
31500.056 2.8510806205823265e-11
31550.056 6.354759936642101e-11
31600.056 4.89303755214223e-11
31650.056 3.6517586156632384e-11
31700.056 2.6589625524572475e-11
31750.056 1.308085034489623e-11
31800.056 2.577797801807566e-11
31850.056 3.634083006290399e-12
31900.056 9.761887657626865e-12
31950.056 5.225191066749966e-12
32000.056 3.0332148735943606e-12
32050.056 4.254177449046214e-12
32100.056 3.664444910628517e-12
32150.056 2.933355617745816e-12
32200.056 1.2366722949618648e-12
32250.056 3.0783233247016556e-12
32300.056 7.048469205994461e-13
32350.056 2.8822634905778376e-12
32400.056 2.094738011882044e-13
32450.056 1.7559598168604448e-12
32500.056 2.0101553522601783e-13
32550.056 1.5777523909492032e-12
32600.056 1.5064599326507506e-13
32650.056 3.8573987165104565e-12
32700.056 3.0659280778088676e-13
32750.056 1.1110888297035402e-11
32800.056 4.484497886299434e-12
32850.056 3.1281300561178555e-11
32900.056 2.456630219252076e-11
32950.056 2.513171542355181e-11
33000.056 5.695319358204533e-12
33050.056 4.611041199917851e-12
33100.056 6.871421788598426e-13
33150.056 3.4642690363435216e-16
33200.056 3.375781120585746e-14
33250.056 7.608893236072275e-14
33300.056 1.7205519889819772e-12
33350.056 3.534182869685481e-12
33400.056 1.734160441066267e-11
33450.056 3.356306422439524e-12
33500.056 2.1096587527509582e-11
33550.056 2.6755433157349653e-12
33600.056 8.339810220332793e-12
33650.056 8.731207933823958e-12
33700.056 1.3682735552693007e-12
33750.056 1.1125043139440643e-11
33800.056 4.603832811731713e-13
33850.056 5.039072101457654e-12
33900.056 5.502955659885668e-12
33950.056 5.2764347314363645e-12
34000.056 1.3718348019831562e-11
34050.056 1.9867270518153374e-12
34100.056 1.5162786091037083e-11
34150.056 4.352062022611111e-12
34200.056 1.9101493111189265e-11
34250.056 7.401670976737468e-12
34300.056 1.029315035394995e-11
34350.056 4.485749486668679e-11
34400.056 6.3382061572494554e-12
34450.056 3.466647703766112e-11
34500.056 1.1211898780019708e-11
34550.056 2.010408068949875e-11
34600.056 1.0023870740273839e-10
34650.056 5.417310828617339e-12
34700.056 5.578522080602621e-11
34750.056 2.7252106335914806e-11
34800.056 1.925073316147078e-11
34850.056 9.648457938577317e-11
34900.056 8.421204218570472e-12
34950.056 1.1203952047656217e-10
35000.056 1.352477444618516e-10
35050.056 1.020712412158087e-10
35100.056 2.2068683072206447e-10
35150.056 1.8047663232034392e-10
35200.056 1.2920822927391364e-10
35250.056 2.75575440962229e-10
35300.056 6.434007209562971e-11
35350.056 6.866044455726135e-11
35400.056 4.3578118706418756e-11
35450.056 4.370173124670401e-11
35500.056 1.9521029256546235e-10
35550.056 1.0590041080778059e-10
35600.056 1.983731820189683e-10
35650.056 2.787948769588087e-10
35700.056 2.8517908465557187e-10
35750.056 2.991652015880004e-10
35800.056 1.3662301468636406e-10
35850.056 6.706037875334355e-11
35900.056 8.695795197660527e-11
35950.056 1.776957307288413e-10
36000.056 2.114746979850375e-10
36050.056 1.3790361544717992e-10
36100.056 1.3348027774941743e-10
36150.056 5.549424563948223e-10
36200.056 4.851947648989903e-10
36250.056 2.548433671195665e-10
36300.056 8.79600930248673e-10
36350.056 4.253408846996238e-10
36400.056 7.472486156268705e-10
36450.056 5.398757970737861e-10
36500.056 5.505253018254563e-10
36550.056 1.2839326296747748e-09
36600.056 1.3103900728117155e-09
36650.056 6.831734912375453e-10
36700.056 9.014755271178375e-10
36750.056 1.3230669341406542e-09
36800.056 1.6918448558869012e-09
36850.056 6.179922181734e-10
36900.056 9.273727246235032e-10
36950.056 1.7483363035392652e-09
37000.056 1.0116107236808912e-09
37050.056 1.9291203314572156e-09
37100.056 6.04149927215412e-10
37150.056 1.0344037727610872e-09
37200.056 2.432757002589956e-09
37250.056 1.2112760938074108e-09
37300.056 5.970841313091613e-10
37350.056 1.217364219194603e-09
37400.056 2.190040933272871e-09
37450.056 6.749515451501143e-10
37500.056 1.087895667560265e-09
37550.056 3.129007582663517e-09
37600.056 5.537364139492111e-09
37650.056 9.803851015418182e-10
37700.056 2.137306869795395e-09
37750.056 1.6229827189339466e-09
37800.056 1.4798931632080967e-09
37850.056 7.402968261804683e-10
37900.056 8.380849353797037e-10
37950.056 1.891766039204237e-09
38000.056 1.6466919125341388e-09
38050.056 3.226467570703223e-09
38100.056 4.284365733582543e-09
38150.056 5.355407944865606e-09
38200.056 3.2099687236264466e-09
38250.056 4.903465284700553e-09
38300.056 8.31093982800965e-09
38350.056 5.755239226305036e-09
38400.056 1.7136984892164437e-09
38450.056 5.011287332202218e-10
38500.056 4.4505671123150105e-10
38550.056 2.355124976290365e-09
38600.056 2.9611570287593663e-09
38650.056 3.0339336276669304e-09
38700.056 2.117912966380101e-09
38750.056 2.7133207571459675e-09
38800.056 2.5213239117286507e-09
38850.056 3.253882358922533e-09
38900.056 3.958529371425813e-09
38950.056 2.084191733761172e-09
39000.056 4.335925601390037e-09
39050.056 1.6498200786207534e-09
39100.056 3.3972980670381857e-09
39150.056 5.702482587356065e-09
39200.056 3.441360682053539e-09
39250.056 6.012699786057129e-09
39300.056 3.438198961525924e-09
39350.056 7.915775435409783e-09
39400.056 3.768628331212967e-09
39450.056 6.49387981365191e-09
39500.056 6.940500178800064e-09
39550.056 2.2780451709275766e-09
39600.056 5.901424112306973e-09
39650.056 8.927179991699602e-09
39700.056 8.260090072031132e-09
39750.056 2.6856075290737936e-09
39800.056 2.9000746531360755e-09
39850.056 9.596352936801105e-09
39900.056 1.1849741915200746e-08
39950.056 3.7163733057742057e-09
40000.056 7.751673490899755e-09
40050.056 9.528400018419594e-09
40100.056 2.1861783422268852e-09
40150.056 7.560862517580387e-09
40200.056 9.046554888198725e-09
40250.056 1.0534439672697785e-08
40300.056 1.0841599479001284e-08
40350.056 4.828734931950179e-09
40400.056 7.566472771278181e-09
40450.056 2.8542339625477922e-09
40500.056 1.0481112722620514e-08
40550.056 1.0796263355040255e-08
40600.056 1.0091566534899777e-08
40650.056 6.8192195114862906e-09
40700.056 1.4347478093498856e-08
40750.056 9.240952919548357e-09
40800.056 4.559973132159817e-09
40850.056 1.7512525496403265e-08
40900.056 1.5743301904897676e-08
40950.056 1.1259580748545367e-08
41000.056 8.384350924190068e-09
41050.056 1.982471975019871e-08
41100.056 1.6464313658419282e-08
41150.056 4.336108108500495e-09
41200.056 1.8879422039402542e-08
41250.056 1.5599124497586976e-08
41300.056 1.7090562187462513e-08
41350.056 2.3801740601999614e-08
41400.056 1.7116688585898788e-08
41450.056 2.471158068089841e-08
41500.056 1.2593786613314367e-08
41550.056 1.1286810470733201e-08
41600.056 1.2689530627067418e-08
41650.056 2.0861471546022576e-08
41700.056 3.1091659797996455e-08
41750.056 2.096969503729927e-08
41800.056 2.248827949000145e-08
41850.056 1.9233745284367254e-08
41900.056 1.4492051162795777e-08
41950.056 1.4318351329798947e-08
42000.056 5.481991870894659e-09
42050.056 8.43273708638628e-09
42100.056 1.1421040789470034e-08
42150.056 1.3695266046149025e-08
42200.056 1.65738393782993e-08
42250.056 1.3019314237443052e-08
42300.056 1.0570330210138864e-08
42350.056 2.125960446310075e-08
42400.056 2.6612519341602078e-08
42450.056 2.8108876037002757e-08
42500.056 2.9328703538998456e-08
42550.056 2.4527251759998352e-08
42600.056 2.2323574064106827e-08
42650.056 3.5252687612195135e-08
42700.056 1.3176789575836195e-08
42750.056 2.370076237440385e-08
42800.056 3.752986206900141e-08
42850.056 3.959050949599419e-08
42900.056 4.0001365498002965e-08
42950.056 2.9823504406800725e-08
43000.056 3.559519772579955e-08
43050.056 1.554872332229979e-08
43100.056 2.8749862839999842e-08
43150.056 2.4204741079700782e-08
43200.056 3.61652113770027e-08
43250.056 5.2705485933002014e-08
43300.056 4.4803506051999574e-08
43350.056 2.2584423584397013e-08
43400.056 3.534506726720209e-08
43450.056 2.1664173021300904e-08
43500.056 1.9892080209502035e-08
43550.056 2.313707348110185e-08
43600.056 4.331700445700144e-08
43650.056 2.23796755967986e-08
43700.056 4.6984849400409e-08
43750.056 4.735108416099645e-08
43800.056 3.837044737479879e-08
43850.056 3.4719505484304243e-08
43900.056 2.3023056158298846e-08
43950.056 1.643825861909871e-08
44000.056 1.6451651887399452e-08
44050.056 4.496979336800308e-08
44100.056 6.439871770600164e-08
44150.056 5.4781896418996686e-08
44200.056 5.227081656100149e-08
44250.056 2.554816000499735e-08
44300.056 1.702984764320146e-08
44350.056 1.870630283159174e-08
44400.056 1.8469940003499275e-08
44450.056 3.766154324560434e-08
44500.056 3.179387573500246e-08
44550.056 4.858502870999957e-08
44600.056 3.656645330640054e-08
44650.056 3.739681367299853e-08
44700.056 2.3704412369796503e-08
44750.056 3.705614619270463e-08
44800.056 2.226371112190127e-08
44850.056 3.403275608600134e-08
44900.056 3.1194992678398647e-08
44950.056 3.750811358400425e-08
45000.056 4.717538300400011e-08
45050.056 3.999875577979642e-08
45100.056 3.573180325740227e-08
45150.056 2.986635873109742e-08
45200.056 2.0141098685601768e-08
45250.056 2.493925774289602e-08
45300.056 2.4675301059602652e-08
45350.056 1.6956488351543386e-08
45400.056 5.735257959000418e-08
45450.056 4.3932787223804814e-08
45500.056 5.7415999833603914e-08
45550.056 6.257408192298966e-08
45600.056 4.936781913400391e-08
45650.056 4.178017386229742e-08
45700.056 2.254232217993838e-08
45750.056 1.9114569650001696e-08
45800.056 5.6237819567002276e-08
45850.056 4.238411864250183e-08
45900.056 5.9400166409997625e-08
45950.056 5.482225649099641e-08
46000.056 5.63776341310045e-08
46050.056 4.1258416409005884e-08
46100.056 6.886559212999549e-08
46150.056 3.5551088384400055e-08
46200.056 2.6858218640395876e-08
46250.056 8.67822086938961e-09
46300.056 3.4499971465802415e-08
46350.056 3.6848117768504385e-08
46400.056 3.758651467230127e-08
46450.056 3.074660425688741e-08
46500.056 3.68490466663047e-08
46550.056 1.7235499523398766e-08
46600.056 2.1665270954017115e-08
46650.056 3.902475382770174e-08
46700.056 2.525874735299555e-08
46750.056 9.341972146361557e-09
46800.056 5.732511213109299e-09
46850.056 3.350361556340553e-08
46900.056 4.487703956099823e-08
46950.056 4.5153093767997706e-08
47000.056 4.612862970400362e-08
47050.056 2.718045234253215e-08
47100.056 1.973372020240064e-08
47150.056 3.4413355871404477e-08
47200.056 3.7837708633998e-08
47250.056 1.5014907082646758e-08
47300.056 1.0127307449993043e-08
47350.056 3.899964777200364e-08
47400.056 4.233271232799792e-08
47450.056 2.3812891753001664e-08
47500.056 4.913485172100207e-08
47550.056 4.1753753235001134e-08
47600.056 3.195892346289541e-08
47650.056 3.77250470375792e-08
47700.056 2.757164625776391e-08
47750.056 1.9493886118400164e-08
47800.056 1.3343053801401333e-08
47850.056 4.906836667770957e-09
47900.056 9.170017976210156e-09
47950.056 3.0184893181002435e-08
48000.056 4.1600676619996816e-08
48050.056 3.0229825496399914e-08
48100.056 1.2323213781240708e-08
48150.056 2.5590077270401495e-08
48200.056 1.5045701942898014e-08
48250.056 2.3441416387000276e-08
48300.056 3.848230805399981e-08
48350.056 2.068157258909699e-08
48400.056 3.3893044644209643e-09
48450.056 7.412501951166903e-09
48500.056 1.5714364119996614e-08
48550.056 2.010315809111361e-08
48600.056 3.638680813800056e-08
48650.056 4.6500586674998585e-08
48700.056 2.8668649939803957e-08
48750.056 2.150640211800177e-08
48800.056 3.517154833900139e-08
48850.056 1.5423271549947648e-08
48900.056 1.5801522859978325e-08
48950.056 7.653404868539602e-09
49000.056 4.458404193871255e-09
49050.056 1.6731621011368117e-08
49100.056 2.5413523767284407e-08
49150.056 1.993559655718997e-08
49200.056 3.577711237000391e-08
49250.056 3.8506548440000215e-08
49300.056 2.929899009599782e-08
49350.056 9.550022579939588e-09
49400.056 1.4280786330966812e-08
49450.056 1.1339527596202435e-08
49500.056 8.739230917938266e-09
49550.056 1.2025402909830063e-09
49600.056 4.026166422412828e-09
49650.056 1.546733798630173e-08
49700.056 2.059152005699733e-08
49750.056 1.5746874481699436e-08
49800.056 8.259907396358095e-09
49850.056 2.3791947327002934e-08
49900.056 2.5022517701999218e-08
49950.056 2.3398639600099398e-08
50000.056 1.2706934510803265e-08
50050.056 1.5538025852821714e-08
50100.056 1.3222855546399109e-08
50150.056 4.431763055759085e-09
50200.056 5.346831682842569e-10
50250.056 4.112337164599995e-09
50300.056 2.849508040812654e-09
50350.056 1.4912535756702157e-08
50400.056 2.0060518363998485e-08
50450.056 1.52885123679008e-08
50500.056 2.4997993400900837e-08
50550.056 2.5060892294000792e-08
50600.056 1.519532258809539e-08
50650.056 2.6281948834003347e-08
50700.056 2.4042810515999023e-08
50750.056 1.2528954589699665e-08
50800.056 2.9202393499183648e-09
50850.056 1.1632866948785987e-09
50900.056 1.1433251706301397e-08
50950.056 1.3590614426498634e-08
51000.056 8.781832515514505e-09
51050.056 1.661340698719803e-08
51100.056 5.266636918460216e-09
51150.056 4.344108672651132e-09
51200.056 1.970488425700025e-08
51250.056 1.5458024089297833e-08
51300.056 9.086052867061059e-09
51350.056 6.905101442505608e-09
51400.056 1.420878859594334e-09
51450.056 1.2578894315645948e-09
51500.056 1.2170257411644883e-09
51550.056 6.225754271001352e-09
51600.056 7.69824514690115e-09
51650.056 1.187374538339996e-08
51700.056 1.011350450102623e-08
51750.056 6.705417642491513e-09
51800.056 1.505097233399926e-08
51850.056 1.1269778030799436e-08
51900.056 1.0313619986800284e-08
51950.056 4.4848164487991905e-09
52000.056 3.4151084532689204e-10
52050.056 2.1254383829002068e-09
52100.056 1.0025283446697628e-09
52150.056 5.333365548381974e-10
52200.056 2.7905388886499742e-09
52250.056 5.5106952532409955e-09
52300.056 5.996868543799458e-09
52350.056 1.152821699677847e-09
52400.056 1.3787002065010092e-09
52450.056 7.925085306800884e-09
52500.056 5.3837462921992226e-09
52550.056 8.804789272699515e-09
52600.056 7.453848136780718e-09
52650.056 9.253416678300067e-09
52700.056 4.98645058716963e-09
52750.056 1.2812991075075039e-09
52800.056 2.885365176490569e-09
52850.056 3.607598221209118e-09
52900.056 9.190326326815782e-10
52950.056 1.8733084533503693e-09
53000.056 5.0081367028003925e-09
53050.056 1.5235621313817428e-09
53100.056 8.011715515400625e-09
53150.056 7.970029839199946e-09
53200.056 3.2356094593099066e-09
53250.056 6.391655746999761e-09
53300.056 7.011219043551234e-09
53350.056 5.666909886100088e-09
53400.056 3.2293509368994622e-09
53450.056 7.893254027397477e-10
53500.056 1.6183563496695881e-10
53550.056 3.1997482279799984e-10
