galfind/configs/Brown_Dwarf_templates/sonora_bobcat/m+0.5/1000g/sp_t475g1000nc_m+0.5_resample.dat
# %ECSV 1.0
# ---
# datatype:
# - {name: wav, unit: Angstrom, datatype: float64}
# - {name: flux_nu, unit: erg / (cm2 Hz s), datatype: float64}
# meta: {C/O: '1.00', Kzz: '1.0000E+05', Teff: '475.', Y: '0.28', '[Fe/H]': '0.50', f_hole: '1.00', f_rain: '0.00', grav: '1000.'}
# schema: astropy-2.0
wav flux_nu
4000.0559999999996 nan
4050.0559999999996 7.428866819380177e-17
4100.056 3.8866793398900695e-15
4150.056 3.111494034100031e-14
4200.056 3.137324278573714e-14
4250.056 2.631203123270023e-13
4300.056 6.030566504400024e-13
4350.056 1.100360270820004e-12
4400.056 1.825898128100006e-12
4450.056 2.8610126383000073e-12
4500.056 4.271179945200009e-12
4550.056 4.142812331659974e-12
4600.056 5.261922311699971e-13
4650.056 2.6324434963999845e-13
4700.056 1.3057744026799914e-13
4750.056 6.355797807999963e-14
4800.056 3.795256811399984e-14
4850.056 2.3804405718999903e-14
4900.056 1.7160173365999956e-14
4950.056 1.3221925653999966e-14
5000.056 9.308070691499963e-15
5050.056 6.9918735051000085e-15
5100.056 7.277952453000031e-15
5150.056 7.92520710420001e-15
5200.056 8.600249047800014e-15
5250.056 9.225487030800005e-15
5300.056 9.885587121700007e-15
5350.056 1.0654928000000011e-14
5400.056 1.1481648482000015e-14
5450.056 1.244215890500004e-14
5500.056 1.3496291490000023e-14
5550.056 1.4547361884000008e-14
5600.056 1.5459104600000005e-14
5650.056 1.609051363799999e-14
5700.056 1.6084224176000014e-14
5750.056 1.5591194545999993e-14
5800.056 1.4099614732999967e-14
5850.056 1.0115592879999888e-14
5900.056 3.3321175271521548e-15
5950.056 1.907649715560043e-14
6000.056 3.797248880299995e-14
6050.056 6.701913246700064e-14
6100.056 1.084999271720009e-13
6150.056 1.6385308951000097e-13
6200.056 2.380509983100012e-13
6250.056 3.334975190500011e-13
6300.056 4.682098389900011e-13
6350.056 6.458346804100019e-13
6400.056 8.771016309300041e-13
6450.056 1.1242769364999944e-12
6500.056 1.49892394009001e-12
6550.056 2.0135073259999847e-12
6600.056 2.683919789800041e-12
6650.056 3.568518854700021e-12
6700.056 4.383755860200025e-12
6750.056 5.796360340100021e-12
6800.056 6.6999483586000225e-12
6850.056 6.723698743799993e-12
6900.056 5.59984358370003e-12
6950.056 4.478813970699997e-12
7000.056 4.5590843270999624e-12
7050.056 4.740609706499964e-12
7100.056 5.157201150099968e-12
7150.056 4.556433041339915e-12
7200.056 4.076155114473918e-12
7250.056 4.2881308755798245e-12
7300.056 4.186199326690264e-12
7350.056 4.591014049039953e-12
7400.056 4.964614847000129e-12
7450.056 5.53374026680016e-12
7500.056 5.955663262799998e-12
7550.056 6.2007513337000055e-12
7600.056 6.157869455399989e-12
7650.056 3.22555851592994e-12
7700.056 3.152767513430061e-12
7750.056 7.03345473510007e-12
7800.056 9.3955368297e-12
7850.056 1.249998866709996e-11
7900.056 1.596732759479996e-11
7950.056 1.847441114620007e-11
8000.056 2.4710121505000194e-11
8050.056 3.0293067972000324e-11
8100.056 3.0039346254399104e-11
8150.056 3.0220730685070655e-11
8200.056 4.684258772854174e-11
8250.056 5.280486476259284e-11
8300.056 6.480478362508007e-11
8350.056 7.655193471029838e-11
8400.056 9.374872840640001e-11
8450.056 1.2247128730999945e-10
8500.056 1.4402516036299763e-10
8550.056 1.8075086948000298e-10
8600.056 2.197160384100013e-10
8650.056 2.5647974486000173e-10
8700.056 2.8692152188000237e-10
8750.056 3.2721148304000184e-10
8800.056 3.564487632100004e-10
8850.056 3.398304392599936e-10
8900.056 1.541858050259902e-10
8950.056 1.358776294179019e-10
9000.056 1.2991328553905313e-10
9050.056 3.21346326440844e-10
9100.056 3.6436613319214327e-10
9150.056 4.0253690320303853e-10
9200.056 5.594953941750197e-10
9250.056 4.880420646931635e-10
9300.056 4.7029494786915687e-11
9350.056 7.262368892382474e-11
9400.056 2.2867124147442557e-10
9450.056 2.102306025826368e-10
9500.056 1.7516480811775705e-10
9550.056 1.849523967957904e-10
9600.056 2.0127906196467853e-10
9650.056 3.1126364590730497e-10
9700.056 6.406901763636042e-10
9750.056 6.233102685641283e-10
9800.056 7.569972758944617e-10
9850.056 9.178448334041781e-10
9900.056 1.229308321321055e-09
9950.056 1.3263157719800551e-09
10000.056 1.4180136814999744e-09
10050.056 1.8467825803000319e-09
10100.056 2.1739818819000265e-09
10150.056 2.184743057440022e-09
10200.056 2.0462738402701447e-09
10250.056 2.448914901669048e-09
10300.056 3.206912000669803e-09
10350.056 2.9959166881201254e-09
10400.056 4.361878009380129e-09
10450.056 5.418611887599335e-09
10500.056 6.518939167599889e-09
10550.056 7.868978513000072e-09
10600.056 8.697888273400032e-09
10650.056 9.315274166800136e-09
10700.056 9.226390429000034e-09
10750.056 9.660491139900014e-09
10800.056 9.525077450100072e-09
10850.056 8.801000928000157e-09
10900.056 6.7077414837997826e-09
10950.056 3.266594323639984e-09
11000.056 1.7656635755977645e-09
11050.056 8.31084892938262e-10
11100.056 3.9065101675733313e-10
11150.056 1.4847257445985688e-10
11200.056 1.1261617262563434e-10
11250.056 1.5105001515276154e-10
11300.056 2.2210893380142929e-10
11350.056 6.197507325152115e-11
11400.056 3.2288002922853285e-10
11450.056 1.7289148261135596e-10
11500.056 1.5919556867657951e-10
11550.056 3.832702579375389e-11
11600.056 2.1507157211414297e-11
11650.056 8.781273789141443e-11
11700.056 1.1683530713505643e-10
11750.056 3.180869625748595e-11
11800.056 1.89156457375043e-10
11850.056 3.1084359096867337e-10
11900.056 3.8325052125187384e-10
11950.056 6.451362727751008e-10
12000.056 1.063743141195264e-09
12050.056 1.7427024242890225e-09
12100.056 2.453131946844704e-09
12150.056 3.6203876838699717e-09
12200.056 4.458118902620128e-09
12250.056 6.540161987557543e-09
12300.056 9.737774874850603e-09
12350.056 1.082054111959988e-08
12400.056 1.5630522915499705e-08
12450.056 2.0909087500200434e-08
12500.056 2.3808851504801465e-08
12550.056 2.7593059046699653e-08
12600.056 3.063635327950091e-08
12650.056 3.1679368426799454e-08
12700.056 3.081231492100024e-08
12750.056 2.3274429455100732e-08
12800.056 1.7889885160099454e-08
12850.056 1.0822478033259835e-08
12900.056 7.88551904065156e-09
12950.056 6.03446956267146e-09
13000.056 6.62402016995106e-09
13050.056 4.1753248533430086e-09
13100.056 3.971205116897071e-09
13150.056 2.4004282511181435e-09
13200.056 2.431368740009533e-09
13250.056 1.7130827974919378e-09
13300.056 6.04200958571846e-10
13350.056 1.7901419798352382e-10
13400.056 5.383960230302757e-11
13450.056 1.4781300999588634e-11
13500.056 5.091412766936492e-12
13550.056 1.4329800239886827e-12
13600.056 3.4799970701592877e-13
13650.056 2.7621923699252757e-12
13700.056 1.3726193922291696e-12
13750.056 4.7706735725559975e-12
13800.056 4.596504895522606e-12
13850.056 1.8429096869351892e-12
13900.056 3.060557110835614e-12
13950.056 2.812785265441654e-12
14000.056 3.539947531546382e-12
14050.056 6.043972892817237e-12
14100.056 5.079211997391732e-12
14150.056 1.140179424967317e-11
14200.056 7.06036218665487e-12
14250.056 1.0060739859635922e-11
14300.056 3.530561365912778e-11
14350.056 2.777428423896015e-11
14400.056 2.8108404884407788e-11
14450.056 5.61940994219785e-11
14500.056 1.258637404643758e-10
14550.056 1.3043253725822164e-10
14600.056 2.132958780995057e-10
14650.056 1.0926556706842665e-10
14700.056 4.742738454374398e-11
14750.056 2.5273527643463285e-11
14800.056 3.8832557895490505e-11
14850.056 4.660118188170091e-11
14900.056 4.654856498614405e-11
14950.056 3.797686233995447e-11
15000.056 1.166544886583496e-10
15050.056 1.0884403210277617e-10
15100.056 6.05470372482085e-11
15150.056 2.98042008182899e-11
15200.056 9.630451512836775e-11
15250.056 2.389875559934869e-10
15300.056 3.1274387902833825e-10
15350.056 4.4204364785398266e-10
15400.056 5.940358723166452e-10
15450.056 8.627454623485296e-10
15500.056 1.0668000218881534e-09
15550.056 1.960407634244452e-09
15600.056 3.091328640658672e-09
15650.056 4.995359086730627e-09
15700.056 7.916109846300123e-09
15750.056 1.0037434656500339e-08
15800.056 1.2026993640799872e-08
15850.056 1.4412734402400866e-08
15900.056 1.4113696715300093e-08
15950.056 1.3900739182499616e-08
16000.056 1.0620076702100268e-08
16050.056 6.12091499999961e-09
16100.056 3.4714773351598182e-09
16150.056 1.7103024379188383e-09
16200.056 7.925882964925377e-10
16250.056 4.782483883812878e-10
16300.056 2.8433220341208324e-10
16350.056 3.8694603133564077e-10
16400.056 4.788372023959235e-10
16450.056 4.526227345222541e-10
16500.056 3.996679678844358e-10
16550.056 4.040475399308049e-10
16600.056 7.118924679212618e-10
16650.056 4.942091981459742e-10
16700.056 6.234351235712233e-11
16750.056 2.4692126254091153e-10
16800.056 4.1473032632081065e-10
16850.056 4.5859623275264915e-10
16900.056 2.0828734779883573e-10
16950.056 1.3028290678414962e-10
17000.056 6.636053622338522e-11
17050.056 1.484172999051065e-10
17100.056 2.796678510398981e-10
17150.056 1.5364570391818089e-10
17200.056 5.377036142880463e-10
17250.056 2.5782371543514074e-10
17300.056 1.7251455763425846e-10
17350.056 1.9203848233036692e-10
17400.056 3.400675948707549e-10
17450.056 4.489514057685519e-10
17500.056 6.010081684448802e-10
17550.056 4.947160985336373e-10
17600.056 3.908929485732557e-10
17650.056 3.044159811635814e-10
17700.056 2.474122318182931e-10
17750.056 2.043976990929048e-10
17800.056 4.572543499797421e-10
17850.056 2.077975509910761e-10
17900.056 1.4868131344355523e-10
17950.056 9.720644221370187e-11
18000.056 1.8576342111918263e-10
18050.056 9.431602104557721e-11
18100.056 1.1981966676977834e-10
18150.056 9.787232355858586e-11
18200.056 6.29870900124216e-11
18250.056 2.64527455775202e-10
18300.056 4.119219926685181e-11
18350.056 3.547288110679875e-11
18400.056 2.3243830884893107e-11
18450.056 1.4143862747499636e-10
18500.056 1.4161619221895346e-10
18550.056 6.744687916303788e-11
18600.056 8.777718338835261e-11
18650.056 5.37692899995248e-11
18700.056 1.2492061882035479e-11
18750.056 3.211367680908686e-11
18800.056 2.3838653947040204e-10
18850.056 2.2536196116827123e-10
18900.056 1.8709874664955293e-10
18950.056 3.831356473346601e-10
19000.056 8.383209933735485e-11
19050.056 3.255652371624012e-11
19100.056 9.557397186027621e-11
19150.056 3.4403578776541646e-11
19200.056 6.15053704081077e-11
19250.056 3.9527462623585543e-11
19300.056 2.498187217818705e-11
19350.056 2.2243157017204383e-11
19400.056 1.9092571536382622e-11
19450.056 3.5890269850785683e-11
19500.056 2.446814642594855e-11
19550.056 4.641972681756357e-11
19600.056 1.0693430199365323e-10
19650.056 7.034129244983574e-11
19700.056 1.0254186564606546e-10
19750.056 1.8256804633631945e-10
19800.056 1.1008622898928547e-10
19850.056 1.3895913380665797e-10
19900.056 2.0490135010918883e-10
19950.056 3.4444304219098363e-10
20000.056 4.632835719076009e-10
20050.056 3.1753762781913626e-10
20100.056 6.483201147477025e-10
20150.056 3.310068397357721e-10
20200.056 2.1016719693919138e-10
20250.056 5.177539835167569e-10
20300.056 6.408315455897261e-10
20350.056 7.216611190114135e-10
20400.056 5.42885134863267e-10
20450.056 1.2425627611615921e-09
20500.056 1.4921523849698704e-09
20550.056 1.7971264592915842e-09
20600.056 1.9951769899444277e-09
20650.056 2.7121246105208574e-09
20700.056 3.1903859677359304e-09
20750.056 3.794553625199704e-09
20800.056 3.82380831196925e-09
20850.056 4.765674702900169e-09
20900.056 5.224205610299581e-09
20950.056 5.117205333100327e-09
21000.056 5.05667119780017e-09
21050.056 5.445673125899669e-09
21100.056 5.13221869040013e-09
21150.056 5.119056183579507e-09
21200.056 4.693995734500336e-09
21250.056 4.253471580279428e-09
21300.056 3.446922660180213e-09
21350.056 3.3706419163913585e-09
21400.056 3.1497063600442395e-09
21450.056 2.3909424329447968e-09
21500.056 1.991431428107924e-09
21550.056 1.7507065732857217e-09
21600.056 1.4283663602729572e-09
21650.056 9.336755644187902e-10
21700.056 8.043358489525907e-10
21750.056 7.160671850917263e-10
21800.056 4.3800850980670914e-10
21850.056 4.0859597305249907e-10
21900.056 2.651280387035329e-10
21950.056 9.833547343033172e-11
22000.056 1.3940378430650613e-11
22050.056 2.210964824035044e-11
22100.056 9.972888444361974e-11
22150.056 6.92990083210378e-11
22200.056 7.242277949887012e-11
22250.056 5.859792052110282e-11
22300.056 2.61157149594431e-11
22350.056 3.552308967679305e-11
22400.056 1.1003433914105858e-11
22450.056 1.9712808563558828e-11
22500.056 1.5535548641509537e-11
22550.056 7.808371009110107e-12
22600.056 6.188997090213888e-12
22650.056 1.3296807754981192e-11
22700.056 1.098772061702613e-11
22750.056 1.6175996341034296e-11
22800.056 1.747717409390079e-11
22850.056 1.1689871927140989e-11
22900.056 8.478851476501235e-12
22950.056 6.8490619114076565e-12
23000.056 9.257851039158217e-12
23050.056 1.2132727504311219e-11
23100.056 8.323004930843152e-11
23150.056 7.536054995540211e-11
23200.056 2.2173368913368015e-12
23250.056 1.1916627144406896e-11
23300.056 1.0072707028859547e-11
23350.056 1.5088205471373985e-11
23400.056 1.067009364293145e-11
23450.056 6.487956888781428e-12
23500.056 7.458908459506403e-12
23550.056 1.628593281709989e-11
23600.056 3.7844811995921774e-11
23650.056 4.8838570638075626e-11
23700.056 7.690980960945666e-12
23750.056 8.207428104347682e-12
23800.056 4.395320439793845e-11
23850.056 2.7299210564627465e-11
23900.056 6.894227105110076e-11
23950.056 3.3573317947691123e-11
24000.056 8.363914098377053e-11
24050.056 9.498793648446888e-11
24100.056 1.1183078532164663e-10
24150.056 1.6990038764207367e-10
24200.056 1.0468604298811604e-10
24250.056 8.36414856736601e-11
24300.056 1.753976883359536e-10
24350.056 1.2660028424476359e-10
24400.056 3.231218226918411e-10
24450.056 3.4214269536542247e-10
24500.056 2.8861526158858156e-10
24550.056 5.03665351047843e-10
24600.056 5.249716861646113e-10
24650.056 8.349547645640891e-10
24700.056 4.463403048728019e-10
24750.056 5.951648826741955e-10
24800.056 4.704060688482532e-10
24850.056 8.912227138408995e-10
24900.056 2.9092257720567954e-10
24950.056 7.051522257989304e-10
25000.056 6.426263987350186e-10
25050.056 3.413218267763088e-10
25100.056 6.187949813316557e-10
25150.056 2.533669987971563e-10
25200.056 3.7322639001607234e-10
25250.056 1.2227690990173614e-10
25300.056 1.8521911361507018e-10
25350.056 7.600690590810219e-11
25400.056 2.184983722661001e-10
25450.056 5.893553449088905e-11
25500.056 4.8048424719413254e-11
25550.056 1.1307638114201383e-10
25600.056 5.876629401502905e-11
25650.056 2.485854224330165e-11
25700.056 2.794863045270563e-11
25750.056 6.8969581880307526e-12
25800.056 4.659400965726834e-11
25850.056 7.0902819051674815e-12
25900.056 1.0454198309400719e-11
25950.056 2.050775267900369e-12
26000.056 4.021159322190432e-11
26050.056 3.4380364987060457e-12
26100.056 2.2741674379819528e-11
26150.056 8.561375576375974e-12
26200.056 1.1729090950194224e-11
26250.056 1.0834188280791225e-10
26300.056 1.6935342327476925e-11
26350.056 2.0314511958675674e-10
26400.056 3.094353249831977e-10
26450.056 1.7739726261704418e-10
26500.056 4.6206660867324416e-10
26550.056 3.773580920230175e-11
26600.056 4.510669829704692e-11
26650.056 4.8963731021237885e-12
26700.056 2.6885915113795152e-12
26750.056 4.4292787825273734e-12
26800.056 1.6748338731992982e-11
26850.056 8.863368916142574e-12
26900.056 5.400648146015343e-11
26950.056 1.5686281374411777e-11
27000.056 1.0425626582193606e-10
27050.056 1.3095878505527781e-10
27100.056 1.0475907312127214e-11
27150.056 1.565420597721526e-10
27200.056 1.0167691706303927e-11
27250.056 4.4902365390068013e-11
27300.056 4.15891753261928e-10
27350.056 1.154710210109071e-10
27400.056 4.538411138104497e-12
27450.056 1.580136094804239e-10
27500.056 2.0708033827881094e-10
27550.056 2.350618280572607e-11
27600.056 8.150271161630735e-11
27650.056 1.7858803698946548e-11
27700.056 1.6476043650676243e-11
27750.056 1.3401522897047903e-10
27800.056 3.558390761022201e-11
27850.056 6.407701726416283e-11
27900.056 6.903396239667838e-11
27950.056 1.8560925696720634e-10
28000.056 1.6613752571476425e-10
28050.056 1.63775203857296e-11
28100.056 1.745923020850899e-10
28150.056 1.2321236067195766e-10
28200.056 2.8525830969131178e-11
28250.056 2.4843148824456217e-10
28300.056 2.2537238425702177e-10
28350.056 3.7305256346847416e-11
28400.056 1.5670019806326521e-10
28450.056 3.0250807463734704e-10
28500.056 1.7017694902278838e-10
28550.056 3.0647182870611434e-11
28600.056 2.9343713971525497e-10
28650.056 1.8109557326762948e-10
28700.056 2.8637131550354483e-10
28750.056 4.554575439164573e-10
28800.056 1.7805308928924905e-10
28850.056 4.485499731404762e-10
