galfind/configs/Brown_Dwarf_templates/sonora_bobcat/m+0.5/1000g/sp_t2300g1000nc_m+0.5_resample.dat
# %ECSV 1.0
# ---
# datatype:
# - {name: wav, unit: Angstrom, datatype: float64}
# - {name: flux_nu, unit: erg / (cm2 Hz s), datatype: float64}
# meta: {C/O: '1.00', Kzz: '1.0000E+05', Teff: '2300.', Y: '0.28', '[Fe/H]': '0.50', f_hole: '1.00', f_rain: '0.00', grav: '1000.'}
# schema: astropy-2.0
wav flux_nu
4000.0559999999996 nan
4050.0559999999996 2.60107030741568e-08
4100.056 2.8879265129620984e-08
4150.056 2.37532663238725e-08
4200.056 1.770859542315538e-08
4250.056 1.532350744948345e-08
4300.056 1.0126857379364088e-08
4350.056 1.0408035754570355e-08
4400.056 1.0363950437103708e-08
4450.056 5.8485467194506e-09
4500.056 6.115680019590987e-09
4550.056 7.655236662527933e-09
4600.056 6.188559591179068e-09
4650.056 4.800849002349878e-09
4700.056 5.893723986290865e-09
4750.056 7.439311545597767e-09
4800.056 4.525828045561087e-09
4850.056 5.951688836881922e-09
4900.056 1.1838927930098796e-08
4950.056 1.4426210993140281e-08
5000.056 6.291610133149267e-09
5050.056 9.165572880901743e-09
5100.056 1.667610891028376e-08
5150.056 1.781814440643522e-08
5200.056 1.0240395523650169e-08
5250.056 1.49527445351991e-08
5300.056 1.8731527218300236e-08
5350.056 1.9027462497502317e-08
5400.056 2.134608448239986e-08
5450.056 1.6942911151397825e-08
5500.056 1.319477807189877e-08
5550.056 1.7389649631099546e-08
5600.056 1.4605197272301085e-08
5650.056 1.2850908907500504e-08
5700.056 1.4772321981800751e-08
5750.056 1.3444300272099083e-08
5800.056 1.1804783949599658e-08
5850.056 5.4121230080200325e-09
5900.056 6.005557100065364e-10
5950.056 7.958491445700042e-09
6000.056 1.6669821056699534e-08
6050.056 2.7626435366001704e-08
6100.056 3.7342563504000514e-08
6150.056 3.96859664189945e-08
6200.056 2.5828937307000467e-08
6250.056 2.87442335520017e-08
6300.056 4.014335620100096e-08
6350.056 5.076597797800235e-08
6400.056 6.167651520400209e-08
6450.056 7.778244970098423e-08
6500.056 8.004398565698398e-08
6550.056 9.805892547598218e-08
6600.056 8.670947459700614e-08
6650.056 7.154013746400776e-08
6700.056 5.34049020417841e-08
6750.056 6.544524535400537e-08
6800.056 7.258154306700313e-08
6850.056 8.773122451499798e-08
6900.056 1.0721728208600168e-07
6950.056 1.4219308884099343e-07
7000.056 2.242215898209774e-07
7050.056 2.137167310610196e-07
7100.056 1.0863741978499261e-07
7150.056 8.760489344800816e-08
7200.056 1.2084075587299461e-07
7250.056 1.7630249611602002e-07
7300.056 2.855812874300485e-07
7350.056 4.2315742149999556e-07
7400.056 5.43873158450052e-07
7450.056 5.876080361399584e-07
7500.056 6.412709180700162e-07
7550.056 6.969605682300202e-07
7600.056 4.5165992226997517e-07
7650.056 1.1237004016555815e-07
7700.056 6.015416210381857e-08
7750.056 2.588673372300307e-07
7800.056 3.3940711277487034e-07
7850.056 3.9903825645999244e-07
7900.056 4.6283018718006016e-07
7950.056 4.837384571356084e-07
8000.056 6.040958894699153e-07
8050.056 8.742671393299271e-07
8100.056 1.2148671759402134e-06
8150.056 1.6186697080200288e-06
8200.056 1.0846450840938665e-06
8250.056 1.398468656909909e-06
8300.056 1.1446840311603395e-06
8350.056 1.2173154212303774e-06
8400.056 1.2292587495401754e-06
8450.056 7.348173617398699e-07
8500.056 6.510909125277177e-07
8550.056 8.266552494400666e-07
8600.056 1.0134209762896437e-06
8650.056 1.2845174296098565e-06
8700.056 1.4304682878901943e-06
8750.056 1.717234271790185e-06
8800.056 2.2008225786503834e-06
8850.056 2.0861957601201778e-06
8900.056 1.4444211979800614e-06
8950.056 1.58287160977771e-06
9000.056 1.959981725360219e-06
9050.056 2.0720873341895846e-06
9100.056 2.6001455738301337e-06
9150.056 3.0259768280800333e-06
9200.056 2.936410606870617e-06
9250.056 2.0917436433199564e-06
9300.056 1.7979208604901566e-06
9350.056 1.9883318187597353e-06
9400.056 2.176478583410554e-06
9450.056 2.4370416843393326e-06
9500.056 2.8826659348798036e-06
9550.056 3.19103934975042e-06
9600.056 3.439695229400649e-06
9650.056 3.853013359790929e-06
9700.056 4.15654696035966e-06
9750.056 3.3620668933300473e-06
9800.056 3.629360956959755e-06
9850.056 3.531641342899818e-06
9900.056 3.090383637389902e-06
9950.056 2.8958490240302122e-06
10000.056 2.9232307590298208e-06
10050.056 2.845789430379885e-06
10100.056 3.4037103429711154e-06
10150.056 3.339341462499831e-06
10200.056 3.612142501979612e-06
10250.056 3.5293689181188723e-06
10300.056 3.4690101588694827e-06
10350.056 3.905195317649683e-06
10400.056 4.182016939009964e-06
10450.056 4.4464140951607e-06
10500.056 4.541718554829061e-06
10550.056 4.717680776450437e-06
10600.056 5.045624037820456e-06
10650.056 5.0936371280095865e-06
10700.056 5.300361095470237e-06
10750.056 5.6322541170504295e-06
10800.056 5.951587311639478e-06
10850.056 6.248052993469799e-06
10900.056 6.279753880509614e-06
10950.056 6.18960337029861e-06
11000.056 5.8828235336001994e-06
11050.056 4.54534633275982e-06
11100.056 4.943619963720771e-06
11150.056 5.238196305739718e-06
11200.056 5.316533817190416e-06
11250.056 5.897313783190035e-06
11300.056 5.931394927750117e-06
11350.056 5.622728811689899e-06
11400.056 4.2280159726499385e-06
11450.056 6.019868139449051e-06
11500.056 6.670977332699436e-06
11550.056 6.560883717990043e-06
11600.056 6.773624977178869e-06
11650.056 6.883417457940691e-06
11700.056 5.458749780089967e-06
11750.056 5.706718266349559e-06
11800.056 5.725926910940312e-06
11850.056 7.0335722123002294e-06
11900.056 7.304549854098745e-06
11950.056 7.117315696599781e-06
12000.056 6.70027689990038e-06
12050.056 7.3208305379002575e-06
12100.056 7.245320373599746e-06
12150.056 7.831176412899717e-06
12200.056 7.857942453899706e-06
12250.056 8.248024722899439e-06
12300.056 8.380614644500843e-06
12350.056 8.407748328900414e-06
12400.056 7.623322075899391e-06
12450.056 6.3913471869001e-06
12500.056 6.919571077398843e-06
12550.056 6.918330345570166e-06
12600.056 7.693747715100026e-06
12650.056 7.972134836699487e-06
12700.056 8.254891942399587e-06
12750.056 8.326149734200143e-06
12800.056 8.813521846999058e-06
12850.056 8.641857787000226e-06
12900.056 8.45157452939918e-06
12950.056 8.666855746499232e-06
13000.056 8.94383492739918e-06
13050.056 9.12360055479949e-06
13100.056 9.136999274499414e-06
13150.056 9.237635061499671e-06
13200.056 9.008139618099712e-06
13250.056 8.55222215763013e-06
13300.056 7.808140838728928e-06
13350.056 5.541125202500739e-06
13400.056 5.3517607648980046e-06
13450.056 4.901726711581853e-06
13500.056 4.861855083637449e-06
13550.056 4.6746231926409765e-06
13600.056 4.405206013033035e-06
13650.056 4.723182609504949e-06
13700.056 4.416675403298511e-06
13750.056 4.5231830666490715e-06
13800.056 4.9666887333109195e-06
13850.056 4.914685169321492e-06
13900.056 4.727296669219175e-06
13950.056 4.547739665227897e-06
14000.056 4.299119995000155e-06
14050.056 4.403019711189118e-06
14100.056 4.019473616634491e-06
14150.056 4.05205728256033e-06
14200.056 3.828631667108503e-06
14250.056 3.7967668219851646e-06
14300.056 3.853138883009389e-06
14350.056 3.902602743118385e-06
14400.056 4.035766624348275e-06
14450.056 4.2020087354502825e-06
14500.056 4.463655730099618e-06
14550.056 4.489386000509864e-06
14600.056 4.660627046451102e-06
14650.056 4.588830978308466e-06
14700.056 4.306597007349528e-06
14750.056 4.509565182410694e-06
14800.056 4.582308388330925e-06
14850.056 4.864365751499116e-06
14900.056 4.853000506139658e-06
14950.056 4.891868350460852e-06
15000.056 4.999750779800638e-06
15050.056 5.388656679989134e-06
15100.056 5.344915869200595e-06
15150.056 5.403298441040351e-06
15200.056 5.695973272759671e-06
15250.056 5.700711527699804e-06
15300.056 5.9138520539999155e-06
15350.056 6.082005383600192e-06
15400.056 6.19828372770003e-06
15450.056 6.402781205200363e-06
15500.056 6.4949915649992795e-06
15550.056 6.747924125599683e-06
15600.056 6.739417407200753e-06
15650.056 6.9563570468999795e-06
15700.056 7.2930377116018055e-06
15750.056 7.493023743899356e-06
15800.056 7.571855362200875e-06
15850.056 7.204525601300627e-06
15900.056 7.386700460200623e-06
15950.056 7.476156216399995e-06
16000.056 7.595401039499632e-06
16050.056 7.812654236000662e-06
16100.056 7.98023946160026e-06
16150.056 7.855836624600315e-06
16200.056 8.08643025059968e-06
16250.056 8.050329824099912e-06
16300.056 8.145117438300112e-06
16350.056 8.511324915199543e-06
16400.056 8.378858333101018e-06
16450.056 8.609377310100552e-06
16500.056 8.796529584900432e-06
16550.056 9.15037296319945e-06
16600.056 8.816702601500446e-06
16650.056 9.384185127800775e-06
16700.056 9.104361515898705e-06
16750.056 9.214069521799432e-06
16800.056 9.417636669400195e-06
16850.056 9.487846971499352e-06
16900.056 9.255325565500405e-06
16950.056 9.226171383199e-06
17000.056 9.217917857900963e-06
17050.056 9.097518959000589e-06
17100.056 8.761898089400475e-06
17150.056 8.644575577900243e-06
17200.056 8.123567021399606e-06
17250.056 7.800896901499914e-06
17300.056 7.944918097219072e-06
17350.056 7.656078811030623e-06
17400.056 7.711563385849943e-06
17450.056 7.319357377467094e-06
17500.056 7.08255098985914e-06
17550.056 6.959983320290769e-06
17600.056 6.729505117460182e-06
17650.056 6.852793083849071e-06
17700.056 6.105487229478959e-06
17750.056 5.986806913209857e-06
17800.056 5.875550047581251e-06
17850.056 5.614550683580671e-06
17900.056 5.636010457229999e-06
17950.056 5.502679320409377e-06
18000.056 5.1389346043005025e-06
18050.056 5.199085923381786e-06
18100.056 5.0236197709697816e-06
18150.056 5.412373691871561e-06
18200.056 4.747659536080213e-06
18250.056 5.338822771279051e-06
18300.056 5.145207708989708e-06
18350.056 4.9864531269800705e-06
18400.056 4.875504627110038e-06
18450.056 4.48702456741225e-06
18500.056 4.626381888540668e-06
18550.056 4.400471828160162e-06
18600.056 3.8162327253882985e-06
18650.056 4.355690101560958e-06
18700.056 4.652187225490787e-06
18750.056 4.4515941599416325e-06
18800.056 4.5323879947916695e-06
18850.056 5.088126844979553e-06
18900.056 4.901973765528258e-06
18950.056 4.943576356949634e-06
19000.056 5.216299164689057e-06
19050.056 5.093151645130104e-06
19100.056 5.1783763227715154e-06
19150.056 5.34744137213979e-06
19200.056 5.2986283836114414e-06
19250.056 5.104265052488945e-06
19300.056 5.322779266469106e-06
19350.056 5.397275845589705e-06
19400.056 4.936685008918924e-06
19450.056 5.38012759203066e-06
19500.056 5.4103171541794895e-06
19550.056 4.837244566850922e-06
19600.056 5.369991917549354e-06
19650.056 5.276939341137221e-06
19700.056 5.304157558790339e-06
19750.056 4.979125157770323e-06
19800.056 5.208446628729378e-06
19850.056 5.188760157311196e-06
19900.056 4.809453115241405e-06
19950.056 5.341085109679736e-06
20000.056 4.800301202150676e-06
20050.056 5.094667671631276e-06
20100.056 5.141813679087337e-06
20150.056 5.097218358891043e-06
20200.056 5.189717173738802e-06
20250.056 5.352247822079916e-06
20300.056 5.378962502950515e-06
20350.056 5.428417860249403e-06
20400.056 5.408490001717545e-06
20450.056 5.616550408999446e-06
20500.056 5.622732661030086e-06
20550.056 5.738842430599763e-06
20600.056 5.9643184507205265e-06
20650.056 5.8215999474208816e-06
20700.056 6.043766788700308e-06
20750.056 6.071907991099249e-06
20800.056 6.275771146600101e-06
20850.056 6.238239887800022e-06
20900.056 6.497042986799849e-06
20950.056 6.542338133799601e-06
21000.056 6.765236851099631e-06
21050.056 6.816850809200196e-06
21100.056 6.847506355900023e-06
21150.056 7.119146058400308e-06
21200.056 7.126932970100448e-06
21250.056 7.38515169899931e-06
21300.056 7.2104767609999785e-06
21350.056 7.595864156200425e-06
21400.056 7.413057222100334e-06
21450.056 8.007275103900062e-06
21500.056 7.661666334000316e-06
21550.056 7.858625278099554e-06
21600.056 8.057713177400617e-06
21650.056 8.049669643500361e-06
21700.056 8.314885652099671e-06
21750.056 8.187928171299996e-06
21800.056 8.234176228099651e-06
21850.056 8.313794436999776e-06
21900.056 8.511716868600702e-06
21950.056 8.413209075700316e-06
22000.056 8.69044564499956e-06
22050.056 8.292325943199285e-06
22100.056 8.547826779099742e-06
22150.056 8.76433998430058e-06
22200.056 8.58625296470118e-06
22250.056 9.03372180340048e-06
22300.056 8.93127170459972e-06
22350.056 8.73331925670032e-06
22400.056 9.10360559410021e-06
22450.056 8.995176311599163e-06
22500.056 9.118154608299761e-06
22550.056 9.06008485949894e-06
22600.056 9.032849647299671e-06
22650.056 9.030951530901315e-06
22700.056 9.026388845701331e-06
22750.056 9.280548219499459e-06
22800.056 8.993862870700117e-06
22850.056 9.151432255600624e-06
22900.056 9.320464388399507e-06
22950.056 7.0632102378207675e-06
23000.056 7.871395849580423e-06
23050.056 8.13455436425892e-06
23100.056 7.8583211487298e-06
23150.056 8.066230990480775e-06
23200.056 8.041558129970144e-06
23250.056 6.662175766398604e-06
23300.056 7.218242649780165e-06
23350.056 7.3838638552700295e-06
23400.056 7.22086548457022e-06
23450.056 7.424883627340235e-06
23500.056 7.261999683288664e-06
23550.056 6.379805586221843e-06
23600.056 6.577863913321304e-06
23650.056 7.063866301969041e-06
23700.056 6.965644451268388e-06
23750.056 6.970697749000812e-06
23800.056 6.869516255040946e-06
23850.056 5.870520658950591e-06
23900.056 6.330847246829613e-06
23950.056 6.5203585776015665e-06
24000.056 6.125069144298901e-06
24050.056 6.045820535181027e-06
24100.056 5.5989227826884825e-06
24150.056 5.465900802830725e-06
24200.056 5.510921593438476e-06
24250.056 5.416982449450363e-06
24300.056 5.1910896449503365e-06
24350.056 4.908103475540176e-06
24400.056 5.279439137249827e-06
24450.056 4.860900971409901e-06
24500.056 4.514302818670371e-06
24550.056 4.433140479389943e-06
24600.056 4.448690507730747e-06
24650.056 4.810382252279886e-06
24700.056 4.144810006670035e-06
24750.056 3.956176215550805e-06
24800.056 3.881203353650322e-06
24850.056 4.403673855380191e-06
24900.056 3.554318008431906e-06
24950.056 4.298848950799509e-06
25000.056 3.850176416400323e-06
25050.056 3.229517719450846e-06
25100.056 3.8033983028598285e-06
25150.056 3.3688095379699264e-06
25200.056 3.585522233549546e-06
25250.056 3.435291708459054e-06
25300.056 3.592204206810303e-06
25350.056 3.1401508545099573e-06
25400.056 3.377581565391369e-06
25450.056 3.168403272940046e-06
25500.056 3.343280738751129e-06
25550.056 3.1753095699601684e-06
25600.056 3.2545442832201123e-06
25650.056 2.9727297641699185e-06
25700.056 3.5950325711186778e-06
25750.056 2.811871479130501e-06
25800.056 3.3902407323705258e-06
25850.056 3.2062670545397207e-06
25900.056 3.403737663080831e-06
25950.056 3.112472475160393e-06
26000.056 3.3490993366008737e-06
26050.056 3.6336141175500082e-06
26100.056 3.4977208981606205e-06
26150.056 3.544082409349043e-06
26200.056 3.3540268213202485e-06
26250.056 3.4391055155706554e-06
26300.056 3.476912431609881e-06
26350.056 3.430568839719706e-06
26400.056 3.509272761479425e-06
26450.056 3.450745059120382e-06
26500.056 3.6144636957089403e-06
26550.056 3.682417878149276e-06
26600.056 4.134109981319138e-06
26650.056 3.4445277641092924e-06
26700.056 3.507887372179798e-06
26750.056 3.2638781468686326e-06
26800.056 3.5419232700590164e-06
26850.056 3.0463602540004496e-06
26900.056 3.697067162100001e-06
26950.056 2.701921568200121e-06
27000.056 3.4828020446907254e-06
27050.056 3.006752333099548e-06
27100.056 3.0219887117394367e-06
27150.056 3.15730216353991e-06
27200.056 3.1438242842206308e-06
27250.056 2.867333897401318e-06
27300.056 3.1872271008402514e-06
27350.056 3.096650494378876e-06
27400.056 2.7351048877700435e-06
27450.056 3.367614849138832e-06
27500.056 3.086258102670237e-06
27550.056 3.0271477232399066e-06
27600.056 3.342584285509627e-06
27650.056 2.7880166694597166e-06
27700.056 2.752736217200242e-06
27750.056 3.4098060335582736e-06
27800.056 2.6510605346599497e-06
27850.056 2.874329302708939e-06
27900.056 2.8842865828900574e-06
27950.056 3.272769591599723e-06
28000.056 3.113325854650807e-06
28050.056 2.5214821894005945e-06
28100.056 3.3622567152114903e-06
28150.056 2.7937814758000972e-06
28200.056 2.4576952053501567e-06
28250.056 2.954913596250017e-06
28300.056 3.3198165998807543e-06
28350.056 2.773363009708986e-06
28400.056 2.8846884684200697e-06
28450.056 2.897100277489518e-06
28500.056 2.9623329485694595e-06
28550.056 2.3370988425292358e-06
28600.056 3.312086709410274e-06
28650.056 3.099069385369724e-06
28700.056 2.7716804483095e-06
28750.056 3.0530669978697543e-06
28800.056 3.0008435685605204e-06
28850.056 3.074033410370292e-06
28900.056 2.5683509309602088e-06
28950.056 3.4071543865596064e-06
29000.056 2.8388104557191976e-06
