galfind/configs/Brown_Dwarf_templates/sonora_bobcat/m+0.5/1000g/sp_t325g1000nc_m+0.5_resample.dat
# %ECSV 1.0
# ---
# datatype:
# - {name: wav, unit: Angstrom, datatype: float64}
# - {name: flux_nu, unit: erg / (cm2 Hz s), datatype: float64}
# meta: {C/O: '1.00', Kzz: '1.0000E+05', Teff: '325.', Y: '0.28', '[Fe/H]': '0.50', f_hole: '1.00', f_rain: '0.00', grav: '1000.'}
# schema: astropy-2.0
wav flux_nu
4000.0559999999996 nan
4050.0559999999996 5.420500103030108e-18
4100.056 1.4973496925600212e-16
4150.056 7.750151918500062e-16
4200.056 9.75746647240005e-16
4250.056 4.850799415700036e-15
4300.056 1.0390220353500047e-14
4350.056 1.8554815849000068e-14
4400.056 3.083428942300011e-14
4450.056 4.8193441658000146e-14
4500.056 7.312433577900021e-14
4550.056 9.27818427089999e-14
4600.056 6.525986855999994e-14
4650.056 5.430609115599988e-14
4700.056 3.946016287599987e-14
4750.056 2.5158852793999904e-14
4800.056 1.7243426961999945e-14
4850.056 1.1967706750999961e-14
4900.056 9.217814050899981e-15
4950.056 7.463710228999985e-15
5000.056 5.4003771905999785e-15
5050.056 3.9596113579000036e-15
5100.056 4.111834567900014e-15
5150.056 4.5311766790000015e-15
5200.056 5.060848710700009e-15
5250.056 5.495139412500005e-15
5300.056 5.922555158500006e-15
5350.056 6.381271776200005e-15
5400.056 6.710596001200005e-15
5450.056 7.22985714950002e-15
5500.056 7.900163971700005e-15
5550.056 8.643324215600005e-15
5600.056 9.307605947100007e-15
5650.056 9.8139784906e-15
5700.056 9.63693737970001e-15
5750.056 9.559290685699996e-15
5800.056 8.693014845699981e-15
5850.056 6.284654073999927e-15
5900.056 1.9022518131330894e-15
5950.056 1.0718075421200242e-14
6000.056 2.156263764800005e-14
6050.056 4.0437200860000295e-14
6100.056 6.782715630900051e-14
6150.056 1.0461902203200062e-13
6200.056 1.5472970936000078e-13
6250.056 2.1308698986000057e-13
6300.056 3.0131737566000094e-13
6350.056 4.1554251433000104e-13
6400.056 5.604769336100021e-13
6450.056 6.659819647199961e-13
6500.056 8.7961311720001e-13
6550.056 1.215094870369987e-12
6600.056 1.6631121907100244e-12
6650.056 2.3088914504000132e-12
6700.056 2.8621374942000114e-12
6750.056 3.883993378700016e-12
6800.056 4.415764500100007e-12
6850.056 4.2095572574999906e-12
6900.056 3.0430527331999808e-12
6950.056 1.922663034190014e-12
7000.056 2.0310269228299562e-12
7050.056 1.97969334078e-12
7100.056 2.1893241464999866e-12
7150.056 1.5390274659423494e-12
7200.056 9.617694084334736e-13
7250.056 1.0622085931569494e-12
7300.056 1.042474669755666e-12
7350.056 1.4185541477149974e-12
7400.056 1.8358093008700272e-12
7450.056 2.48386242170005e-12
7500.056 3.0404103990000047e-12
7550.056 3.4744476037000046e-12
7600.056 3.691519547499999e-12
7650.056 2.2696310154199694e-12
7700.056 2.386627216920031e-12
7750.056 4.4873100621000394e-12
7800.056 5.703959378000018e-12
7850.056 6.55353231719994e-12
7900.056 7.951797837799997e-12
7950.056 9.386198599500018e-12
8000.056 1.1520673771900047e-11
8050.056 1.3606986011400102e-11
8100.056 9.277113433619654e-12
8150.056 5.333132083102708e-12
8200.056 1.3454732993076147e-11
8250.056 1.4335262975768744e-11
8300.056 1.5658491972192795e-11
8350.056 1.8469490502959977e-11
8400.056 2.51749910366006e-11
8450.056 3.9900144195000163e-11
8500.056 5.1780126154000095e-11
8550.056 6.701084496500099e-11
8600.056 8.342824475900051e-11
8650.056 9.48340505230004e-11
8700.056 9.475061202900032e-11
8750.056 9.927657212700033e-11
8800.056 9.222897158799898e-11
8850.056 6.457832963199708e-11
8900.056 7.118257981369181e-12
8950.056 2.5791263953911105e-12
9000.056 2.6699698144460022e-12
9050.056 1.6741356658327768e-11
9100.056 1.8515198722997797e-11
9150.056 2.3068301027296762e-11
9200.056 4.730976848114969e-11
9250.056 3.040047667185904e-11
9300.056 8.444791234550577e-14
9350.056 1.346038314688004e-13
9400.056 2.456470947434699e-12
9450.056 1.1074627716480289e-12
9500.056 8.586536153885137e-13
9550.056 7.326023060506444e-13
9600.056 1.2747494907211026e-12
9650.056 3.669010124995124e-12
9700.056 2.036492852286519e-11
9750.056 1.5009772226562446e-11
9800.056 2.0323071342435166e-11
9850.056 2.8301438798909497e-11
9900.056 4.709915235440347e-11
9950.056 5.17469787358025e-11
10000.056 5.425909699488956e-11
10050.056 6.682556322299972e-11
10100.056 6.445512441200023e-11
10150.056 3.7483847874999065e-11
10200.056 1.3053384930001048e-11
10250.056 1.917952217340006e-11
10300.056 4.229506998588732e-11
10350.056 1.7780322647331334e-11
10400.056 5.621906065890414e-11
10450.056 1.0177521982799083e-10
10500.056 1.7173024671500506e-10
10550.056 3.00160424230004e-10
10600.056 3.9575448137000714e-10
10650.056 4.3318261472999973e-10
10700.056 3.823813492299971e-10
10750.056 3.97098944388994e-10
10800.056 3.682305112780056e-10
10850.056 3.0637777767900256e-10
10900.056 2.1035980017399046e-10
10950.056 8.152434611259815e-11
11000.056 2.979185103338639e-11
11050.056 8.479225640023258e-12
11100.056 2.066803286129851e-12
11150.056 3.7576755081972687e-13
11200.056 1.6883808734152163e-13
11250.056 1.780437360359038e-13
11300.056 5.708525986441308e-13
11350.056 8.55202550788113e-14
11400.056 1.4115435555416366e-12
11450.056 4.778014623932887e-13
11500.056 5.23966122304795e-13
11550.056 8.51721340371136e-14
11600.056 1.7534180976283576e-14
11650.056 2.1259567828720694e-13
11700.056 3.7396270597899955e-13
11750.056 1.0366978783652967e-13
11800.056 7.988479758414365e-13
11850.056 8.956635946392488e-13
11900.056 9.690278261328803e-13
11950.056 1.677948523180165e-12
12000.056 2.725620151381424e-12
12050.056 4.943919994240064e-12
12100.056 5.705874447222552e-12
12150.056 8.954193993481568e-12
12200.056 1.0035683502899893e-11
12250.056 2.173949153526623e-11
12300.056 4.8160654470923566e-11
12350.056 6.511873789780199e-11
12400.056 1.2424882426799996e-10
12450.056 2.358836857160052e-10
12500.056 2.9617158765599924e-10
12550.056 3.538343050220072e-10
12600.056 5.654029633790295e-10
12650.056 8.733195064000032e-10
12700.056 9.35194727539987e-10
12750.056 5.022411153760048e-10
12800.056 2.4430113935398025e-10
12850.056 9.249837766199349e-11
12900.056 5.3506382864702045e-11
12950.056 3.581676828383154e-11
13000.056 4.379711812220622e-11
13050.056 2.1213008598788405e-11
13100.056 2.0027398409958006e-11
13150.056 7.84063770853622e-12
13200.056 1.0374959443533683e-11
13250.056 1.008808472428607e-11
13300.056 2.9118350566184977e-12
13350.056 1.358361835692302e-12
13400.056 3.026328374152002e-13
13450.056 3.796867095917483e-14
13500.056 5.898005594564042e-15
13550.056 5.24361267677606e-16
13600.056 5.1506098595600684e-17
13650.056 6.345016748733724e-16
13700.056 2.386775233519693e-16
13750.056 2.4544104417924828e-15
13800.056 2.4703588344179985e-15
13850.056 4.912620703245892e-16
13900.056 1.899566077417209e-15
13950.056 1.320925685549049e-15
14000.056 3.535223114958091e-15
14050.056 4.282452205687012e-15
14100.056 4.26139781776525e-15
14150.056 2.0673494437789634e-14
14200.056 1.3907303887957532e-14
14250.056 2.64643324848136e-14
14300.056 1.3240914213521314e-13
14350.056 8.659096601435511e-14
14400.056 8.139494582564292e-14
14450.056 2.3974961751781214e-13
14500.056 6.336394705748929e-13
14550.056 9.258955937704978e-13
14600.056 1.619269926708142e-12
14650.056 4.0276875031253644e-13
14700.056 1.4625516790170014e-13
14750.056 3.944370715885977e-14
14800.056 4.651097855448527e-14
14850.056 4.813146348411732e-14
14900.056 4.205490763653067e-14
14950.056 2.1974351287019583e-14
15000.056 1.1111075197119554e-13
15050.056 1.7927272762989687e-13
15100.056 4.5465046610440817e-14
15150.056 1.0742851443813494e-14
15200.056 1.0473130612021169e-13
15250.056 2.522739496889022e-13
15300.056 4.199121694460763e-13
15350.056 6.244358687128858e-13
15400.056 6.963188752746656e-13
15450.056 1.2091908331920114e-12
15500.056 1.8684438758274903e-12
15550.056 5.964122308411087e-12
15600.056 1.3528200718687937e-11
15650.056 3.3548215773906414e-11
15700.056 8.050102612100543e-11
15750.056 1.2475118716600435e-10
15800.056 1.8464964516100243e-10
15850.056 2.728288389930256e-10
15900.056 3.3485413124199575e-10
15950.056 4.319695683000006e-10
16000.056 3.7906936804999636e-10
16050.056 2.3665526065998783e-10
16100.056 1.1293568336100116e-10
16150.056 4.516832094369462e-11
16200.056 1.3768995660141076e-11
16250.056 5.104331998821696e-12
16300.056 2.011928642031767e-12
16350.056 2.5521717570887692e-12
16400.056 3.0160950140469986e-12
16450.056 3.411780449942296e-12
16500.056 2.2983587698059403e-12
16550.056 2.4430873476232382e-12
16600.056 9.453480344282434e-12
16650.056 4.719844009501496e-12
16700.056 4.983368048406142e-13
16750.056 2.339309961713434e-12
16800.056 4.311163995877934e-12
16850.056 4.4161297661628995e-12
16900.056 1.139745313392489e-12
16950.056 6.671614797259578e-13
17000.056 2.302572121448725e-13
17050.056 5.976506644271208e-13
17100.056 1.8029398583277005e-12
17150.056 8.491455836623465e-13
17200.056 4.822225830436975e-12
17250.056 9.32050488150557e-13
17300.056 6.740268248548242e-13
17350.056 1.1016671586597036e-12
17400.056 3.047020135602943e-12
17450.056 4.252960457342214e-12
17500.056 7.553415885955654e-12
17550.056 5.949841057510535e-12
17600.056 5.491779820156413e-12
17650.056 2.8061535479738e-12
17700.056 2.5346760123278305e-12
17750.056 1.7853974532379417e-12
17800.056 5.924089860316139e-12
17850.056 1.8068252551759615e-12
17900.056 1.0343338973387107e-12
17950.056 5.75795949728535e-13
18000.056 1.4500229490534855e-12
18050.056 4.779475758049939e-13
18100.056 5.466556263754673e-13
18150.056 2.526033463838352e-13
18200.056 1.795105351582593e-13
18250.056 1.147973820353735e-12
18300.056 5.69597763630152e-14
18350.056 5.322762829302873e-14
18400.056 2.052786508333646e-14
18450.056 4.254027769807352e-13
18500.056 3.9732034876446153e-13
18550.056 1.1433598863953916e-13
18600.056 2.879148507346038e-13
18650.056 1.8865040338898768e-13
18700.056 7.501262566966728e-15
18750.056 1.966807843022714e-14
18800.056 1.0732846211774323e-12
18850.056 8.129000861419404e-13
18900.056 1.1233964241703356e-12
18950.056 1.7305178838665477e-12
19000.056 1.2145550370449952e-13
19050.056 4.4100844387410476e-14
19100.056 2.4208289142409193e-13
19150.056 7.4975940492483e-14
19200.056 2.436990032449151e-13
19250.056 1.4799504372166307e-13
19300.056 6.619552386771886e-14
19350.056 7.558556695960597e-14
19400.056 4.6977864937050817e-14
19450.056 7.392837948878622e-14
19500.056 5.38967998004202e-14
19550.056 2.051320970986467e-13
19600.056 5.850235119543889e-13
19650.056 3.607985216356068e-13
19700.056 7.493317585595511e-13
19750.056 1.2160891902174604e-12
19800.056 5.397131249237443e-13
19850.056 7.127565217842816e-13
19900.056 1.5114677407953714e-12
19950.056 2.5946930520305845e-12
20000.056 3.480818248599409e-12
20050.056 2.027931518645882e-12
20100.056 3.5383559541239174e-12
20150.056 2.350403290144316e-12
20200.056 1.1522757232886142e-12
20250.056 4.11265899630901e-12
20300.056 6.115169802968911e-12
20350.056 7.255397896723779e-12
20400.056 5.248818528594766e-12
20450.056 1.3274768238119464e-11
20500.056 1.5867507140649922e-11
20550.056 1.8940319324188246e-11
20600.056 2.224208163375414e-11
20650.056 2.8358440950397353e-11
20700.056 3.334326323869875e-11
20750.056 3.8009624374799506e-11
20800.056 3.6602437655995546e-11
20850.056 4.637605476900105e-11
20900.056 4.930391527999991e-11
20950.056 4.785414906300071e-11
21000.056 4.656416880300015e-11
21050.056 5.085148575299917e-11
21100.056 4.8632343170999745e-11
21150.056 4.833024981899953e-11
21200.056 4.5301005608001034e-11
21250.056 4.232226288299678e-11
21300.056 3.5666572750701254e-11
21350.056 3.439000385305812e-11
21400.056 3.442106406824146e-11
21450.056 2.5074276973583794e-11
21500.056 2.017533664227053e-11
21550.056 1.998035789967459e-11
21600.056 1.68651986387499e-11
21650.056 1.0550563676821663e-11
21700.056 8.091863513634526e-12
21750.056 8.282018790730982e-12
21800.056 4.6072581204326944e-12
21850.056 4.2724486378419144e-12
21900.056 2.64039443639122e-12
21950.056 7.713957426737903e-13
22000.056 3.4982704468489773e-14
22050.056 1.0881709749830928e-13
22100.056 5.305484938647504e-13
22150.056 2.8961869468478855e-13
22200.056 2.558684243721475e-13
22250.056 2.0084632825851545e-13
22300.056 5.1214118423087176e-14
22350.056 1.0161854243200672e-13
22400.056 2.1075916988736316e-14
22450.056 5.761366986695899e-14
22500.056 3.891219924457938e-14
22550.056 1.0361339471287733e-14
22600.056 6.87249032408569e-15
22650.056 1.3373801411022467e-14
22700.056 1.6540938888395635e-14
22750.056 4.668239636912488e-14
22800.056 5.749248847742702e-14
22850.056 3.300240738437306e-14
22900.056 1.89862257358304e-14
22950.056 9.90628739820819e-15
23000.056 1.5280045789151484e-14
23050.056 1.1485880016745154e-14
23100.056 4.492082776692101e-13
23150.056 5.033600182677246e-13
23200.056 3.5770751750627754e-15
23250.056 4.5109870939807105e-14
23300.056 3.033744104986543e-14
23350.056 4.687167969971209e-14
23400.056 3.75502558924928e-14
23450.056 1.0435622202344422e-14
23500.056 1.2417958015769343e-14
23550.056 4.68467775857444e-14
23600.056 2.025826147851502e-13
23650.056 2.5898993347559674e-13
23700.056 1.4934166023280453e-14
23750.056 2.469955936890881e-14
23800.056 3.3358464064228005e-13
23850.056 1.2645355912464578e-13
23900.056 4.558471897978168e-13
23950.056 1.1149204641246343e-13
24000.056 5.783750552739732e-13
24050.056 6.122919726974923e-13
24100.056 1.2861076034192156e-12
24150.056 1.8572900205869374e-12
24200.056 8.761723742079724e-13
24250.056 5.722231132000975e-13
24300.056 1.9549997187625508e-12
24350.056 1.304490786527262e-12
24400.056 5.300168356000377e-12
24450.056 5.40571723098336e-12
24500.056 4.080345230604032e-12
24550.056 9.95709657088088e-12
24600.056 1.2033515340163459e-11
24650.056 2.03632843992599e-11
24700.056 1.2113890465644114e-11
24750.056 1.823979098536221e-11
24800.056 1.2327809412791799e-11
24850.056 2.0711984130002067e-11
24900.056 7.037693295352052e-12
24950.056 1.3843132328530992e-11
25000.056 1.7766956091223263e-11
25050.056 7.88469196249628e-12
25100.056 1.4337287314358256e-11
25150.056 4.750397284803955e-12
25200.056 7.306004077324595e-12
25250.056 1.934380619742098e-12
25300.056 2.0371452683116572e-12
25350.056 8.836935701479962e-13
25400.056 2.5211169973221287e-12
25450.056 4.695987844660355e-13
25500.056 3.3998806961271317e-13
25550.056 1.1922215284063956e-12
25600.056 4.259462407496829e-13
25650.056 1.3457823809762722e-13
25700.056 8.036732996644374e-14
25750.056 2.6136188072225433e-14
25800.056 1.5037758606162928e-13
25850.056 2.141456425867908e-14
25900.056 2.6513703790316714e-14
25950.056 9.400054642115849e-15
26000.056 9.059715550293539e-14
26050.056 1.2321373946100844e-14
26100.056 4.53982006813265e-14
26150.056 1.9008141465015012e-14
26200.056 2.5909972528317597e-14
26250.056 1.9818447865049491e-13
26300.056 3.074355031825456e-14
26350.056 7.215218604638342e-13
26400.056 1.7701833561146798e-12
26450.056 6.284926069715687e-13
26500.056 2.5658112183681564e-12
26550.056 1.1618617995434852e-13
26600.056 9.74433529662653e-14
26650.056 1.8417323481186757e-14
26700.056 1.842327094761182e-14
26750.056 2.6427138818640516e-14
26800.056 9.669461403441999e-14
26850.056 5.965618224301696e-14
26900.056 2.7755636756921614e-13
26950.056 6.641380161243424e-14
27000.056 3.847498357443392e-13
27050.056 8.156064851089642e-13
27100.056 3.7838734412059083e-14
27150.056 5.954712232555673e-13
27200.056 4.2342150315586623e-14
27250.056 1.5214764207173429e-13
27300.056 2.375892619361162e-12
27350.056 4.763294735298029e-13
27400.056 3.4389954061570576e-14
27450.056 7.927241897954442e-13
27500.056 1.1337831717911366e-12
27550.056 1.3705994304228213e-13
27600.056 4.778639818332837e-13
27650.056 1.175760520526139e-13
27700.056 1.4454435217013284e-13
27750.056 1.0019061986438216e-12
27800.056 2.9198282382064285e-13
27850.056 6.850804804389265e-13
27900.056 9.987613807753662e-13
27950.056 1.853991140744755e-12
28000.056 2.4924670306431833e-12
28050.056 1.6613205882845447e-13
28100.056 3.042909352266017e-12
28150.056 2.0725473508043634e-12
28200.056 3.123420385356033e-13
28250.056 4.073294781955666e-12
28300.056 3.737001719375085e-12
28350.056 3.80670949226198e-13
28400.056 2.227322574963498e-12
28450.056 4.713924874777128e-12
28500.056 1.7647418066717446e-12
28550.056 3.4175589724324457e-13
28600.056 4.402745141500418e-12
28650.056 1.6149952764004335e-12
28700.056 4.48983658703653e-12
28750.056 7.77952833201459e-12
28800.056 1.5319525218411144e-12
28850.056 1.0620879978584569e-11
