galfind/configs/Brown_Dwarf_templates/sonora_bobcat/m-0.5/31g/sp_t2000g31nc_m-0.5_resample.dat
# %ECSV 1.0
# ---
# datatype:
# - {name: wav, unit: Angstrom, datatype: float64}
# - {name: flux_nu, unit: erg / (cm2 Hz s), datatype: float64}
# meta: {C/O: '1.00', Kzz: '1.0000E+05', Teff: '2000.', Y: '0.28', '[Fe/H]': '-0.50', f_hole: '1.00', f_rain: '0.00', grav: '32.'}
# schema: astropy-2.0
wav flux_nu
[from data line 498]
28900.056 1.4906713112401357e-06
28950.056 2.0613168098097846e-06
29000.056 1.6762818369394736e-06
29050.056 1.740609319869818e-06
29100.056 1.4509578017601518e-06
29150.056 1.8517616240702588e-06
29200.056 1.6547850402703576e-06
29250.056 1.8488778307300618e-06
29300.056 1.5626963866591755e-06
29350.056 2.083643713239673e-06
29400.056 1.7114465470598346e-06
29450.056 1.7276342810299311e-06
29500.056 1.8291844885997898e-06
29550.056 1.7551192217701536e-06
29600.056 1.878631676959864e-06
29650.056 1.823942050799887e-06
29700.056 1.6207821407498156e-06
29750.056 2.0348098106309157e-06
29800.056 2.0063920121099057e-06
29850.056 1.9242396387497763e-06
29900.056 1.739436209840475e-06
29950.056 2.0734265697496217e-06
30000.056 2.041687751219433e-06
30050.056 1.913912563689914e-06
30100.056 1.5817268348795562e-06
30150.056 2.377123272049831e-06
30200.056 2.1102020930901802e-06
30250.056 2.044255601290556e-06
30300.056 2.04387414656979e-06
30350.056 1.962186002840339e-06
30400.056 2.363805345750432e-06
30450.056 1.8878061237202059e-06
30500.056 1.8003168037202658e-06
30550.056 2.4237775424805002e-06
30600.056 2.309797592950297e-06
30650.056 2.3294351137301025e-06
30700.056 2.1593470111499276e-06
30750.056 2.0841766962000616e-06
30800.056 2.502426915610621e-06
30850.056 2.160583250529946e-06
30900.056 2.1770896775298263e-06
30950.056 2.1038297664002704e-06
31000.056 2.438699038289937e-06
31050.056 2.1035169690600054e-06
31100.056 2.282323390689899e-06
31150.056 2.3948575298396745e-06
31200.056 2.3779668057997326e-06
31250.056 2.6043227069104725e-06
31300.056 2.3137676310798127e-06
31350.056 2.334145575149993e-06
31400.056 2.355893407730508e-06
31450.056 2.4070223922000873e-06
31500.056 2.4329275983803716e-06
31550.056 2.270429675939978e-06
31600.056 2.3859860093698206e-06
31650.056 2.5240376348099505e-06
31700.056 2.5175434054798855e-06
31750.056 2.233891840150212e-06
31800.056 2.6009914902001916e-06
31850.056 2.7824512408301437e-06
31900.056 2.758258852919791e-06
31950.056 2.1780320128998004e-06
32000.056 2.3709627361705096e-06
32050.056 2.758384490750294e-06
32100.056 2.7680022437596583e-06
32150.056 2.7645643536700483e-06
32200.056 2.655657422979943e-06
32250.056 2.5328618712701974e-06
32300.056 2.738024813570105e-06
32350.056 2.9434744837004316e-06
32400.056 2.62499639910002e-06
32450.056 2.5861108096802287e-06
32500.056 2.8284144644002644e-06
32550.056 3.1215433164601126e-06
32600.056 3.059472355479799e-06
32650.056 2.9655229554008932e-06
32700.056 2.8475055803001895e-06
32750.056 2.95518301554005e-06
32800.056 2.7066175418402203e-06
32850.056 3.2161281534597186e-06
32900.056 3.1037031133100054e-06
32950.056 2.669711350289831e-06
33000.056 2.904505345130279e-06
33050.056 2.986832897239627e-06
33100.056 3.0701049921591515e-06
33150.056 2.9340020155301626e-06
33200.056 2.609369667530337e-06
33250.056 2.8857190414799696e-06
33300.056 3.053379486160379e-06
33350.056 2.914212343080149e-06
33400.056 2.6976440925696403e-06
33450.056 2.95272913931917e-06
33500.056 3.075274032600296e-06
33550.056 2.968899703319653e-06
33600.056 3.0787717114406567e-06
33650.056 3.2112471849007424e-06
33700.056 3.3055075270195477e-06
33750.056 3.301916301800108e-06
33800.056 3.1691631486800144e-06
33850.056 3.106574642570164e-06
33900.056 3.5193177018995092e-06
33950.056 3.1195099247996253e-06
34000.056 3.159895175499279e-06
34050.056 3.205054680109929e-06
34100.056 3.4265649421404474e-06
34150.056 3.334877538799547e-06
34200.056 3.162981214529449e-06
34250.056 3.54373746579956e-06
34300.056 3.248938545099462e-06
34350.056 3.3782334513997314e-06
34400.056 3.169833415909625e-06
34450.056 3.1564383464400543e-06
34500.056 3.3557093081006536e-06
34550.056 3.198429775999772e-06
34600.056 3.3532360031200226e-06
34650.056 3.3917057507000286e-06
34700.056 3.283615149899343e-06
34750.056 3.517124864600264e-06
34800.056 3.596602199799594e-06
34850.056 3.2388939022400772e-06
34900.056 3.4506387909602515e-06
34950.056 3.3682372968192913e-06
35000.056 3.2721045697795764e-06
35050.056 3.7117773743006205e-06
35100.056 3.4732565425993075e-06
35150.056 3.503704039679818e-06
35200.056 3.5527745576997454e-06
35250.056 3.206215111600224e-06
35300.056 3.508560843080276e-06
35350.056 3.673244559899754e-06
35400.056 3.4306412268997418e-06
35450.056 3.3499095866003945e-06
35500.056 3.6485043232998674e-06
35550.056 3.4822710746998665e-06
35600.056 3.3361982772994676e-06
35650.056 3.772438085400455e-06
35700.056 3.3762059109003664e-06
35750.056 3.5152345378996943e-06
35800.056 3.642480515199687e-06
35850.056 3.648693996699828e-06
35900.056 3.852142047099563e-06
35950.056 3.66368104859982e-06
36000.056 3.3636391018996216e-06
36050.056 3.834585091400306e-06
36100.056 3.933228721499666e-06
36150.056 3.5235939154004273e-06
36200.056 3.839519844999569e-06
36250.056 3.548673963699367e-06
36300.056 4.07929082624068e-06
36350.056 3.8569244240994586e-06
36400.056 3.744173991299932e-06
36450.056 4.061828638299664e-06
36500.056 3.7704163535002736e-06
36550.056 3.681933181700565e-06
36600.056 3.7439821513003166e-06
36650.056 3.877083832600397e-06
36700.056 4.098721856800113e-06
36750.056 3.755722157300383e-06
36800.056 3.877904401199664e-06
36850.056 3.930649824000236e-06
36900.056 3.9775425326006016e-06
36950.056 3.964857757999994e-06
37000.056 4.046667468100062e-06
37050.056 4.11774145389989e-06
37100.056 3.981439859100408e-06
37150.056 3.960927631399238e-06
37200.056 4.1265809745000555e-06
37250.056 4.142651095400244e-06
37300.056 4.173255521200751e-06
37350.056 3.917066183000509e-06
37400.056 4.116643839799722e-06
37450.056 4.073266346600295e-06
37500.056 4.1887693662997324e-06
37550.056 4.083638469399304e-06
37600.056 4.291397472299506e-06
37650.056 3.992839598899664e-06
37700.056 4.0897017333000905e-06
37750.056 4.28993706129945e-06
37800.056 4.364553222999866e-06
37850.056 4.181035847399811e-06
37900.056 4.272447375900338e-06
37950.056 4.3131799844001814e-06
38000.056 4.223858016200527e-06
38050.056 4.2564264709003055e-06
38100.056 4.102316645600221e-06
38150.056 4.397814215199491e-06
38200.056 4.4692280129994784e-06
38250.056 4.1465107931005484e-06
38300.056 4.0974300683999505e-06
38350.056 4.261793018799904e-06
38400.056 4.340083610799786e-06
38450.056 4.3899672358003624e-06
38500.056 4.2645743470998084e-06
38550.056 4.2751961733002585e-06
38600.056 4.635244182399813e-06
38650.056 4.11159780250015e-06
38700.056 4.184123918000687e-06
38750.056 4.387599686699951e-06
38800.056 4.3104505252005686e-06
38850.056 4.297280812500255e-06
38900.056 4.155004727099866e-06
38950.056 4.393092633499695e-06
39000.056 4.274839029600137e-06
39050.056 4.346887321299916e-06
39100.056 4.115266879700005e-06
39150.056 4.25013086150018e-06
39200.056 4.376315880300158e-06
39250.056 4.343111027299394e-06
39300.056 4.3394110560992805e-06
39350.056 4.3117554857004405e-06
39400.056 4.247652474500117e-06
39450.056 4.270011354599805e-06
39500.056 4.2031374119997605e-06
39550.056 4.132641947499256e-06
39600.056 4.474716024700177e-06
39650.056 4.062300565800079e-06
39700.056 4.222578029699885e-06
39750.056 4.213922458099554e-06
39800.056 4.0026174535002646e-06
39850.056 4.133352444099746e-06
39900.056 4.0474721094998224e-06
39950.056 4.240732471099844e-06
40000.056 3.929274014699771e-06
40050.056 3.681429020699925e-06
40100.056 3.952894745399759e-06
40150.056 3.7252975859991856e-06
40200.056 3.8925400644997055e-06
40250.056 3.848030413698968e-06
40300.056 3.5667885092004207e-06
40350.056 3.7916134766001517e-06
40400.056 3.840220936299931e-06
40450.056 3.5027835097006944e-06
40500.056 3.32271961990008e-06
40550.056 3.859296089599732e-06
40600.056 3.453574614500312e-06
40650.056 3.6168194183006698e-06
40700.056 3.7776139765002254e-06
40750.056 3.3422383452990056e-06
40800.056 3.3097995737004875e-06
40850.056 3.1178006046007027e-06
40900.056 3.113356164700565e-06
40950.056 3.339443008299975e-06
41000.056 3.445627398300256e-06
41050.056 3.361121206199315e-06
41100.056 3.1647159613003627e-06
41150.056 3.436222382700133e-06
41200.056 3.2125519439001023e-06
41250.056 3.2687575744002413e-06
41300.056 2.8696397450996654e-06
41350.056 3.3763047307001377e-06
41400.056 3.1741964795000663e-06
41450.056 3.0612187198999075e-06
41500.056 3.3137638334001468e-06
41550.056 3.2472215058800706e-06
41600.056 3.348104589400016e-06
41650.056 2.978001979400475e-06
41700.056 2.871486797039619e-06
41750.056 3.1169501362000416e-06
41800.056 3.017682547919731e-06
41850.056 2.7737601341004086e-06
41900.056 3.1893531439195693e-06
41950.056 2.9302290777004245e-06
42000.056 3.064420282800262e-06
42050.056 2.7989344326790506e-06
42100.056 3.153588888800332e-06
42150.056 2.6204909810894458e-06
42200.056 2.6895886934701783e-06
42250.056 2.9668829208997936e-06
42300.056 2.72991309074006e-06
42350.056 3.038590012380578e-06
42400.056 2.731878673400241e-06
42450.056 2.392086350690096e-06
42500.056 2.5003628910502472e-06
42550.056 2.7602521425998182e-06
42600.056 2.6564602219004273e-06
42650.056 2.598188124799038e-06
42700.056 2.718205748600575e-06
42750.056 2.5584068304000993e-06
42800.056 2.607796363470223e-06
42850.056 2.83058217219964e-06
42900.056 2.7185382854802166e-06
42950.056 2.37535314554904e-06
43000.056 2.577367379849951e-06
43050.056 2.4297555976110858e-06
43100.056 2.56223368756963e-06
43150.056 2.637544175020629e-06
43200.056 2.4861035976000183e-06
43250.056 2.537005884860357e-06
43300.056 2.5542365174001136e-06
43350.056 2.349906534709548e-06
43400.056 2.3526488503797004e-06
43450.056 2.3617863559106707e-06
43500.056 2.3114565119995536e-06
43550.056 2.3665917378999775e-06
43600.056 2.497385689060062e-06
43650.056 2.2126328050602538e-06
43700.056 2.1710317342000706e-06
43750.056 2.222142216180123e-06
43800.056 2.138260678299973e-06
43850.056 2.163756029900499e-06
43900.056 2.2082749765799562e-06
43950.056 2.0747607848401534e-06
44000.056 1.8969430144300564e-06
44050.056 1.888434420460085e-06
44100.056 2.0436704831204042e-06
44150.056 2.1387536920797557e-06
44200.056 1.96392909613017e-06
44250.056 1.8893283228099038e-06
44300.056 1.8117926894003997e-06
44350.056 1.8148325656701882e-06
44400.056 1.874274005059924e-06
44450.056 1.956129664200096e-06
44500.056 1.9356642703603695e-06
44550.056 1.730750556219592e-06
44600.056 1.7538704063002186e-06
44650.056 1.9115111508400325e-06
44700.056 1.7087590889602083e-06
44750.056 1.8424787432897348e-06
44800.056 1.8107787476999404e-06
44850.056 1.822187316940084e-06
44900.056 1.6916625290002507e-06
44950.056 1.5905045920500385e-06
45000.056 1.7474059561999214e-06
45050.056 1.746970587989765e-06
45100.056 1.7991129523399146e-06
45150.056 1.6826864200700266e-06
45200.056 1.5322207658499226e-06
45250.056 1.6020912725997885e-06
45300.056 1.7155593755401223e-06
45350.056 1.778556077529807e-06
45400.056 1.6760985407902275e-06
45450.056 1.5245586649797642e-06
45500.056 1.572285819199932e-06
45550.056 1.7717474758098351e-06
45600.056 1.6260991866299528e-06
45650.056 1.4622803268896672e-06
45700.056 1.698068149920171e-06
45750.056 1.5662219964899428e-06
45800.056 1.5431179263999579e-06
45850.056 1.8204048775999992e-06
45900.056 1.8037353761200716e-06
45950.056 1.567399380519958e-06
46000.056 1.8693801974099857e-06
46050.056 1.848916867040423e-06
46100.056 1.539043186330121e-06
46150.056 1.613871971219939e-06
46200.056 1.7933077485704182e-06
46250.056 1.4700713055799458e-06
46300.056 1.908721142839927e-06
46350.056 1.553029842379832e-06
46400.056 1.648986656149785e-06
46450.056 1.6512300646903577e-06
46500.056 1.5459631724398923e-06
46550.056 1.8359248965499607e-06
46600.056 1.6905090433599632e-06
46650.056 2.1191909064499263e-06
46700.056 1.978177455400564e-06
46750.056 1.6046580615098769e-06
46800.056 1.7753578899902984e-06
46850.056 1.87075921464013e-06
46900.056 1.7776826620796553e-06
46950.056 1.977652269940118e-06
47000.056 1.735294531939973e-06
47050.056 1.91729960257973e-06
47100.056 1.6127452100001045e-06
47150.056 1.77624278942033e-06
47200.056 1.8064830038905298e-06
47250.056 1.6800601447196018e-06
47300.056 1.768011727979545e-06
47350.056 1.486500730399679e-06
47400.056 1.8287761958695413e-06
47450.056 1.7516234684698535e-06
47500.056 1.7680156390696044e-06
47550.056 1.675067632889732e-06
47600.056 1.8769144848798711e-06
47650.056 1.3645237503096166e-06
47700.056 1.8899575930700512e-06
47750.056 1.3174868177603834e-06
47800.056 1.8532756266898196e-06
47850.056 1.42738603167965e-06
47900.056 1.8934760918701181e-06
47950.056 1.3910559028803222e-06
48000.056 2.0699133521000062e-06
48050.056 1.5314777501003076e-06
48100.056 1.6850550965499638e-06
48150.056 1.5242775651602057e-06
48200.056 1.8931821348203532e-06
48250.056 1.551051165789855e-06
48300.056 2.0361629412297478e-06
48350.056 1.3733869142997548e-06
48400.056 1.8547103360599738e-06
48450.056 1.5359405663201062e-06
48500.056 2.038362225440033e-06
48550.056 1.412148065760049e-06
48600.056 1.8958292309398143e-06
48650.056 1.4402858397299787e-06
48700.056 1.8121166254400809e-06
48750.056 1.2983376249202012e-06
48800.056 2.0479119513001327e-06
48850.056 1.4343949810097143e-06
48900.056 1.864539789300127e-06
48950.056 1.6840003290200943e-06
49000.056 1.6725590447298677e-06
49050.056 1.7454714823298784e-06
49100.056 1.6305704817801606e-06
49150.056 1.6826731926700462e-06
49200.056 1.6749954938999294e-06
49250.056 1.6670958666300484e-06
49300.056 1.49215076787976e-06
49350.056 1.5638907474899645e-06
49400.056 1.8582283266701904e-06
49450.056 1.5830498871303854e-06
49500.056 1.6528118671101925e-06
49550.056 1.4671605079599686e-06
49600.056 1.5797736903403467e-06
49650.056 1.6365001276601657e-06
49700.056 1.4055734688898808e-06
49750.056 2.0906331114996612e-06
49800.056 1.609405176860068e-06
49850.056 1.972762928260039e-06
49900.056 1.5948028935201195e-06
49950.056 1.6857628202595098e-06
50000.056 1.6369819336195946e-06
50050.056 1.6743066545701281e-06
50100.056 1.7687002344298617e-06
50150.056 1.5414739037000074e-06
50200.056 1.4213211690401581e-06
50250.056 1.6023410781201324e-06
50300.056 1.5146473335798209e-06
50350.056 1.748000834329983e-06
50400.056 1.586677308320013e-06
50450.056 1.5485991093202106e-06
50500.056 2.0050169007503037e-06
50550.056 1.616609213109882e-06
50600.056 1.734824785580089e-06
50650.056 1.6338428709104113e-06
50700.056 1.8004263586994648e-06
50750.056 1.7976034962002366e-06
50800.056 1.3951929477598745e-06
50850.056 1.6487662043202646e-06
50900.056 1.6961168933899512e-06
50950.056 1.763487740190288e-06
51000.056 2.000210911110205e-06
51050.056 1.5402516016802473e-06
51100.056 1.5265453591399038e-06
51150.056 1.7488290896999703e-06
51200.056 1.6268882152199083e-06
51250.056 1.818233058840007e-06
51300.056 1.5318115587304794e-06
51350.056 1.7369434145397645e-06
51400.056 1.6447228882295452e-06
51450.056 1.210393993299815e-06
51500.056 1.684059706479984e-06
51550.056 2.0345061421401965e-06
51600.056 1.3763895238599856e-06
51650.056 1.6700961741597263e-06
51700.056 1.5193001989595097e-06
51750.056 1.4985694170801012e-06
51800.056 1.7570977170997654e-06
51850.056 1.7542783448998314e-06
51900.056 1.8351254171602762e-06
51950.056 1.6531808209798212e-06
52000.056 1.469959537519962e-06
52050.056 1.714093066449859e-06
52100.056 1.6283491856996758e-06
52150.056 1.6448738310601914e-06
52200.056 1.5776103697600951e-06
52250.056 1.6018718338099745e-06
52300.056 1.6991629015899768e-06
52350.056 1.888675413560208e-06
52400.056 1.3988877651401226e-06
52450.056 1.6151208357399698e-06
52500.056 1.7701113527495686e-06
52550.056 1.6313808464795351e-06
52600.056 1.706265321230168e-06
52650.056 1.9180437194403237e-06
52700.056 1.6396058371900497e-06
52750.056 1.3487693745798478e-06
52800.056 1.5275050276101493e-06
52850.056 1.4391094972998774e-06
52900.056 1.6311646708601388e-06
52950.056 1.5828539875597301e-06
53000.056 1.7758060966598045e-06
53050.056 1.6358066330197038e-06
53100.056 1.4951536672396757e-06
53150.056 1.8333356128003664e-06
53200.056 1.3168354448602673e-06
53250.056 1.8482397781199213e-06
53300.056 1.7916535997806936e-06
53350.056 1.7867693710998014e-06
