galfind/configs/Brown_Dwarf_templates/sonora_bobcat/m-0.5/31g/sp_t2300g31nc_m-0.5_resample.dat
# %ECSV 1.0
# ---
# datatype:
# - {name: wav, unit: Angstrom, datatype: float64}
# - {name: flux_nu, unit: erg / (cm2 Hz s), datatype: float64}
# meta: {C/O: '1.00', Kzz: '1.0000E+05', Teff: '2300.', Y: '0.28', '[Fe/H]': '-0.50', f_hole: '1.00', f_rain: '0.00', grav: '32.'}
# schema: astropy-2.0
wav flux_nu
4000.0559999999996 nan
4050.0559999999996 2.8217118706771744e-08
4100.056 2.9791131919658506e-08
4150.056 2.5341886411923874e-08
4200.056 2.016767452158141e-08
4250.056 1.7840853897545797e-08
4300.056 1.1865956766383573e-08
4350.056 1.1994835687860375e-08
4400.056 1.1303758799083777e-08
4450.056 5.554436731600066e-09
4500.056 6.2974368840808044e-09
4550.056 8.026204202207195e-09
4600.056 6.070887401968766e-09
4650.056 4.070076217731681e-09
4700.056 5.112330972071968e-09
4750.056 6.992842859036795e-09
4800.056 3.967124242503262e-09
4850.056 4.96179223371309e-09
4900.056 1.4493442969087278e-08
4950.056 1.8809131386578613e-08
5000.056 6.0926761868303645e-09
5050.056 8.780752813304252e-09
5100.056 2.1753466204974425e-08
5150.056 2.4225250982847736e-08
5200.056 1.0255880067760506e-08
5250.056 1.4648374132277742e-08
5300.056 1.8119590472431943e-08
5350.056 1.500185905383324e-08
5400.056 1.5792150333098937e-08
5450.056 1.2020789075456889e-08
5500.056 8.706103091088032e-09
5550.056 1.3035962359298296e-08
5600.056 7.624493605599676e-09
5650.056 5.658325407401169e-09
5700.056 8.325811873501323e-09
5750.056 9.933715157398767e-09
5800.056 1.2840168733399613e-08
5850.056 7.973878221600846e-09
5900.056 1.6871311711489723e-09
5950.056 5.595934711400269e-09
6000.056 9.43989346899945e-09
6050.056 1.6776119353002214e-08
6100.056 2.561199735289928e-08
6150.056 2.617554055219186e-08
6200.056 8.674480995201323e-09
6250.056 9.197013814201262e-09
6300.056 1.522698530760034e-08
6350.056 2.3297722522803008e-08
6400.056 3.3734974848404276e-08
6450.056 5.022491932217692e-08
6500.056 4.737746420838531e-08
6550.056 6.621720338497672e-08
6600.056 4.3738509223009856e-08
6650.056 2.8576133701605368e-08
6700.056 2.080555814671452e-08
6750.056 2.4874368736804913e-08
6800.056 3.0037514338900726e-08
6850.056 4.790201216599836e-08
6900.056 8.244659663199557e-08
6950.056 1.3051206514097614e-07
7000.056 2.1721502261297498e-07
7050.056 1.8187604905942463e-07
7100.056 6.504882662669302e-08
7150.056 3.536696569600999e-08
7200.056 5.943446027699198e-08
7250.056 1.0884714068701152e-07
7300.056 2.3731236035005977e-07
7350.056 4.3586876810294825e-07
7400.056 7.184234332299675e-07
7450.056 9.123735708199544e-07
7500.056 1.0859044948800235e-06
7550.056 1.1845897910000436e-06
7600.056 6.652525173440055e-07
7650.056 1.7363838536408152e-07
7700.056 9.63133108623126e-08
7750.056 2.434704022920895e-07
7800.056 2.9724179307112035e-07
7850.056 3.2023932607698323e-07
7900.056 4.130562169850791e-07
7950.056 4.786217884408684e-07
8000.056 6.400400393498644e-07
8050.056 9.832361825599063e-07
8100.056 1.3837918864303285e-06
8150.056 1.852816156020055e-06
8200.056 1.2339785763337938e-06
8250.056 1.4271842298698765e-06
8300.056 1.0960075908603976e-06
8350.056 1.1635224303104355e-06
8400.056 1.1712217013402853e-06
8450.056 5.515180307758398e-07
8500.056 4.512991961653103e-07
8550.056 6.432877770400248e-07
8600.056 8.80412355039604e-07
8650.056 1.2652405777698343e-06
8700.056 1.5716673392201463e-06
8750.056 1.9472322602602203e-06
8800.056 2.4559526270404446e-06
8850.056 2.2309735014002343e-06
8900.056 1.4716225562000534e-06
8950.056 1.6184175767708307e-06
9000.056 2.0006905211902266e-06
9050.056 2.1610811768193242e-06
9100.056 2.680182268250211e-06
9150.056 3.0592166923199187e-06
9200.056 2.9042592602106943e-06
9250.056 1.938620948919808e-06
9300.056 1.6282855724502127e-06
9350.056 1.8572427851795823e-06
9400.056 2.0758211880606546e-06
9450.056 2.3486263693692243e-06
9500.056 2.8201664318397646e-06
9550.056 3.148467658140566e-06
9600.056 3.4323728919607878e-06
9650.056 3.782709221700873e-06
9700.056 4.033475366869633e-06
9750.056 3.288427077590151e-06
9800.056 3.5584172128997123e-06
9850.056 3.4677697110099577e-06
9900.056 3.295541580489959e-06
9950.056 3.30972706861026e-06
10000.056 3.3146092295398386e-06
10050.056 3.1980863890498098e-06
10100.056 3.70620660763147e-06
10150.056 3.612575582949666e-06
10200.056 3.869331003869152e-06
10250.056 3.797815166308436e-06
10300.056 3.819491590399584e-06
10350.056 4.1863029808196715e-06
10400.056 4.396684787780057e-06
10450.056 4.672494321780507e-06
10500.056 4.8224114422787115e-06
10550.056 4.988007704820383e-06
10600.056 5.263139304070293e-06
10650.056 5.343442594989147e-06
10700.056 5.5318823844401615e-06
10750.056 5.764031837150296e-06
10800.056 5.930201868999575e-06
10850.056 6.139092875440052e-06
10900.056 6.0495993176096024e-06
10950.056 5.864629320098513e-06
11000.056 5.697532921700289e-06
11050.056 4.516846482889422e-06
11100.056 4.823469697200996e-06
11150.056 5.0247462855894515e-06
11200.056 5.11375999436011e-06
11250.056 5.555864160020003e-06
11300.056 5.618477772890002e-06
11350.056 5.3952577173798245e-06
11400.056 4.63682049036994e-06
11450.056 5.703871561078984e-06
11500.056 6.078053519249349e-06
11550.056 6.004468680709969e-06
11600.056 6.146664226668905e-06
11650.056 6.359954609900765e-06
11700.056 5.830565726089782e-06
11750.056 5.875095783249621e-06
11800.056 5.899532006490211e-06
11850.056 6.504310388600063e-06
11900.056 6.605717428488822e-06
11950.056 6.622454759499717e-06
12000.056 6.462138906400501e-06
12050.056 6.818179892500514e-06
12100.056 6.836954760300145e-06
12150.056 7.186517043999852e-06
12200.056 7.310375672099972e-06
12250.056 7.549539425299491e-06
12300.056 7.660761793700891e-06
12350.056 7.741458326100475e-06
12400.056 7.380867463099325e-06
12450.056 6.72044841974009e-06
12500.056 7.13189867709885e-06
12550.056 7.151994784769925e-06
12600.056 7.374148187500029e-06
12650.056 7.597929929499547e-06
12700.056 7.787084469399364e-06
12750.056 7.860906752200363e-06
12800.056 8.190679625099023e-06
12850.056 8.1320797119002e-06
12900.056 8.078506796099452e-06
12950.056 8.256446750198992e-06
13000.056 8.412135650099142e-06
13050.056 8.507343924999616e-06
13100.056 8.468706774499157e-06
13150.056 8.506493462099561e-06
13200.056 8.326421812699291e-06
13250.056 8.019876860960197e-06
13300.056 7.357312810128838e-06
13350.056 5.452865810360663e-06
13400.056 5.333331081071903e-06
13450.056 4.908516089809767e-06
13500.056 4.923561892665555e-06
13550.056 4.744789304241186e-06
13600.056 4.413311644676948e-06
13650.056 4.6460881667020115e-06
13700.056 4.339590810000363e-06
13750.056 4.3901417522390805e-06
13800.056 4.774553049770092e-06
13850.056 4.778666405015445e-06
13900.056 4.635809143752065e-06
13950.056 4.473962518277806e-06
14000.056 4.250057388970165e-06
14050.056 4.321886260243196e-06
14100.056 4.011357042889606e-06
14150.056 3.976621580044386e-06
14200.056 3.809168745858576e-06
14250.056 3.7863810022190925e-06
14300.056 3.821764995929348e-06
14350.056 3.857054221120411e-06
14400.056 3.989484907210289e-06
14450.056 4.163853617870293e-06
14500.056 4.374313587729562e-06
14550.056 4.395559415929957e-06
14600.056 4.517716713851104e-06
14650.056 4.455792343858584e-06
14700.056 4.20524750491942e-06
14750.056 4.386465428160604e-06
14800.056 4.4353396887709055e-06
14850.056 4.682624884349084e-06
14900.056 4.703943894829689e-06
14950.056 4.734872743240805e-06
15000.056 4.823712533100722e-06
15050.056 5.1645524552691325e-06
15100.056 5.130158981300691e-06
15150.056 5.2692009681503395e-06
15200.056 5.446087501999678e-06
15250.056 5.432590074099749e-06
15300.056 5.6445671545999104e-06
15350.056 5.765123325300273e-06
15400.056 5.8667503589000555e-06
15450.056 6.055765710200418e-06
15500.056 6.131639235599138e-06
15550.056 6.364399811399746e-06
15600.056 6.357191642400761e-06
15650.056 6.5496637471999345e-06
15700.056 6.852494049901916e-06
15750.056 7.025095264399405e-06
15800.056 7.10947870520088e-06
15850.056 6.9887003053005775e-06
15900.056 7.124419926400801e-06
15950.056 7.256866761899996e-06
16000.056 7.372985199799496e-06
16050.056 7.576337220300449e-06
16100.056 7.702607533400303e-06
16150.056 7.696571303500373e-06
16200.056 7.8685633586995e-06
16250.056 7.923068770999914e-06
16300.056 7.997304333200117e-06
16350.056 8.29584157089947e-06
16400.056 8.251177315501328e-06
16450.056 8.439031924000564e-06
16500.056 8.578982285800762e-06
16550.056 8.850368154099305e-06
16600.056 8.624376270900609e-06
16650.056 9.105861085300936e-06
16700.056 8.92266743599853e-06
16750.056 9.053459015999341e-06
16800.056 9.213902756100363e-06
16850.056 9.217692101199425e-06
16900.056 9.06785177270009e-06
16950.056 9.014702456999151e-06
17000.056 8.954429835001157e-06
17050.056 8.847805579800451e-06
17100.056 8.508803921099994e-06
17150.056 8.357360321399802e-06
17200.056 7.926556957599772e-06
17250.056 7.695679671699833e-06
17300.056 7.828007664199103e-06
17350.056 7.52819869840013e-06
17400.056 7.654785298300202e-06
17450.056 7.273104911477027e-06
17500.056 7.065415169819006e-06
17550.056 7.000940725750333e-06
17600.056 6.792453043210318e-06
17650.056 6.88906493771858e-06
17700.056 6.28417468417888e-06
17750.056 6.113858786940074e-06
17800.056 6.016376051081279e-06
17850.056 5.849853847030822e-06
17900.056 5.817893113360059e-06
17950.056 5.676206214739187e-06
18000.056 5.349558159390528e-06
18050.056 5.406817039382292e-06
18100.056 5.226617727390089e-06
18150.056 5.5762890399116955e-06
18200.056 4.997266065790015e-06
18250.056 5.464503678848979e-06
18300.056 5.316213273889497e-06
18350.056 5.161414559880131e-06
18400.056 5.05876188231998e-06
18450.056 4.702957534882382e-06
18500.056 4.795407242260789e-06
18550.056 4.628112376020109e-06
18600.056 4.057265645237947e-06
18650.056 4.5820098063710704e-06
18700.056 4.832282685320661e-06
18750.056 4.637946852522054e-06
18800.056 4.673171484171859e-06
18850.056 5.197098895519489e-06
18900.056 5.031344607268354e-06
18950.056 5.011038220109644e-06
19000.056 5.281596035868969e-06
19050.056 5.180703522700119e-06
19100.056 5.215438295971776e-06
19150.056 5.397455574519681e-06
19200.056 5.369649220771436e-06
19250.056 5.172536178128715e-06
19300.056 5.348746436029306e-06
19350.056 5.469987060289621e-06
19400.056 5.159579320658714e-06
19450.056 5.43550981451091e-06
19500.056 5.4677650745594285e-06
19550.056 5.024673885660957e-06
19600.056 5.51094303918927e-06
19650.056 5.396155446577239e-06
19700.056 5.446411191070447e-06
19750.056 5.1784982449402655e-06
19800.056 5.365429910129354e-06
19850.056 5.298311089081598e-06
19900.056 5.020669476221776e-06
19950.056 5.443498157769817e-06
20000.056 4.946478002760808e-06
20050.056 5.169537686871387e-06
20100.056 5.266117239497102e-06
20150.056 5.1607875397411636e-06
20200.056 5.250119422878525e-06
20250.056 5.4118777389402355e-06
20300.056 5.405269931140541e-06
20350.056 5.416022386789477e-06
20400.056 5.3790898399374766e-06
20450.056 5.605352283949599e-06
20500.056 5.560357353100168e-06
20550.056 5.672043481699603e-06
20600.056 5.868518834900629e-06
20650.056 5.7210183980011325e-06
20700.056 5.911515412000061e-06
20750.056 5.931693475599192e-06
20800.056 6.103382236200255e-06
20850.056 6.0952802239000155e-06
20900.056 6.2826571305998214e-06
20950.056 6.329593901499659e-06
21000.056 6.5411137632995625e-06
21050.056 6.551757975700265e-06
21100.056 6.601394253500085e-06
21150.056 6.8475187420003e-06
21200.056 6.83268448300051e-06
21250.056 7.052780064699305e-06
21300.056 6.89477915419983e-06
21350.056 7.230058860900436e-06
21400.056 7.072921449000341e-06
21450.056 7.567562696500077e-06
21500.056 7.284593471200309e-06
21550.056 7.441459562099559e-06
21600.056 7.609239314200624e-06
21650.056 7.604061873500457e-06
21700.056 7.821310295999556e-06
21750.056 7.727613791799961e-06
21800.056 7.746656248499747e-06
21850.056 7.82891843249981e-06
21900.056 7.977100578300708e-06
21950.056 7.907909700400421e-06
22000.056 8.131679322999526e-06
22050.056 7.89651673789927e-06
22100.056 8.081817075999692e-06
22150.056 8.189503120000577e-06
22200.056 8.037256683601184e-06
22250.056 8.384581750700457e-06
22300.056 8.3040971611997e-06
22350.056 8.164401832000254e-06
22400.056 8.44016620030018e-06
22450.056 8.355845878299229e-06
22500.056 8.453129226399804e-06
22550.056 8.395411023098967e-06
22600.056 8.3751175700997e-06
22650.056 8.39780393650131e-06
22700.056 8.380594781901314e-06
22750.056 8.56041051369941e-06
22800.056 8.349007943699995e-06
22850.056 8.45060240680067e-06
22900.056 8.595986935699415e-06
22950.056 7.035654959610792e-06
23000.056 7.679633706220439e-06
23050.056 7.85714307600872e-06
23100.056 7.64734920235017e-06
23150.056 7.76440711899089e-06
23200.056 7.767810234670137e-06
23250.056 6.758579730768311e-06
23300.056 7.167159865280315e-06
23350.056 7.280076274999888e-06
23400.056 7.127649456160219e-06
23450.056 7.279546935480291e-06
23500.056 7.066217847298622e-06
23550.056 6.445146873172044e-06
23600.056 6.6343603606414375e-06
23650.056 6.99605680835891e-06
23700.056 6.925524093088233e-06
23750.056 6.904143158410615e-06
23800.056 6.822043279271083e-06
23850.056 5.968215777770491e-06
23900.056 6.363802722629498e-06
23950.056 6.486260304701835e-06
24000.056 6.2115903565989846e-06
24050.056 6.089751545621219e-06
24100.056 5.721497850048266e-06
24150.056 5.598795573300734e-06
24200.056 5.65726478954852e-06
24250.056 5.603407643470684e-06
24300.056 5.33051383522027e-06
24350.056 5.148093064629992e-06
24400.056 5.471205364489765e-06
24450.056 5.131491005820081e-06
24500.056 4.779437780550359e-06
24550.056 4.741781843949666e-06
24600.056 4.706075175210927e-06
24650.056 5.0577382608196485e-06
24700.056 4.489376509449965e-06
24750.056 4.308781792841043e-06
24800.056 4.213304385550321e-06
24850.056 4.672447130200393e-06
24900.056 3.975894489982253e-06
24950.056 4.639548606359459e-06
25000.056 4.17938768690032e-06
25050.056 3.6913982665808454e-06
25100.056 4.176150664909792e-06
25150.056 3.7645423754002724e-06
25200.056 3.989966482819329e-06
25250.056 3.887792469558897e-06
25300.056 3.951130470810408e-06
25350.056 3.6064251339899442e-06
25400.056 3.7500252539515082e-06
25450.056 3.6261246572702144e-06
25500.056 3.770303217291364e-06
25550.056 3.575809292490032e-06
25600.056 3.668585510570103e-06
25650.056 3.4129109105597955e-06
25700.056 3.923218431288342e-06
25750.056 3.2907345568907522e-06
25800.056 3.7572322213905212e-06
25850.056 3.601303573239669e-06
25900.056 3.7743698387510615e-06
25950.056 3.555712510350712e-06
26000.056 3.653654289440798e-06
26050.056 4.047589814840138e-06
26100.056 3.8103362760009267e-06
26150.056 3.882526436499e-06
26200.056 3.6725539773103563e-06
26250.056 3.725572800670992e-06
26300.056 3.8005563310197886e-06
26350.056 3.6651466523995273e-06
26400.056 3.7585662003093374e-06
26450.056 3.699531148430396e-06
26500.056 3.851249299318797e-06
26550.056 3.976944828339099e-06
26600.056 4.358311121178941e-06
26650.056 3.8225403413890456e-06
26700.056 3.864364224319565e-06
26750.056 3.749426709948557e-06
26800.056 3.932808371258738e-06
26850.056 3.6385242686906215e-06
26900.056 4.129565116090015e-06
26950.056 3.1908267748803327e-06
27000.056 3.935445496781016e-06
27050.056 3.516528041749306e-06
27100.056 3.5044181731895876e-06
27150.056 3.624055826059716e-06
27200.056 3.6047868582607546e-06
27250.056 3.3408061148517202e-06
27300.056 3.527673570590187e-06
27350.056 3.516346005558666e-06
27400.056 3.209496327340098e-06
27450.056 3.7043176450886566e-06
27500.056 3.440579859850378e-06
27550.056 3.4726764225399658e-06
27600.056 3.6474154422095597e-06
27650.056 3.1775153605896902e-06
27700.056 3.2124593925104646e-06
27750.056 3.71492776118784e-06
27800.056 3.0258975937099874e-06
27850.056 3.2674526988287927e-06
27900.056 3.239899195870018e-06
27950.056 3.5749860094696552e-06
28000.056 3.4820748721508536e-06
28050.056 2.949895174560545e-06
28100.056 3.669905094021887e-06
28150.056 3.138392675530161e-06
28200.056 2.8175868376202085e-06
28250.056 3.2336615175999383e-06
28300.056 3.5848999202109975e-06
28350.056 3.2196327657788483e-06
28400.056 3.204883416990106e-06
28450.056 3.1736760179094118e-06
28500.056 3.2767902944994744e-06
28550.056 2.7937314971790863e-06
28600.056 3.5483479103604586e-06
28650.056 3.422613823859652e-06
28700.056 3.123859451009365e-06
28750.056 3.3479838710396475e-06
28800.056 3.310030310680514e-06
28850.056 3.3876322564502333e-06
28900.056 2.994872589540369e-06
28950.056 3.710303761599397e-06
29000.056 3.1015199475489916e-06
