galfind/configs/Brown_Dwarf_templates/sonora_bobcat/m-0.5/31g/sp_t1300g31nc_m-0.5_resample.dat
# %ECSV 1.0
# ---
# datatype:
# - {name: wav, unit: Angstrom, datatype: float64}
# - {name: flux_nu, unit: erg / (cm2 Hz s), datatype: float64}
# meta: {C/O: '1.00', Kzz: '1.0000E+05', Teff: '1300.', Y: '0.28', '[Fe/H]': '-0.50', f_hole: '1.00', f_rain: '0.00', grav: '32.'}
# schema: astropy-2.0
wav flux_nu
4000.0559999999996 nan
4050.0559999999996 4.5757721335728805e-11
4100.056 1.9508100085166988e-10
4150.056 1.846474298690292e-10
4200.056 1.399024638337354e-10
4250.056 1.6072892342455286e-10
4300.056 1.354365823571252e-10
4350.056 1.4319069796901012e-10
4400.056 1.6713524606903307e-10
4450.056 1.349119368070064e-10
4500.056 1.427594963540133e-10
4550.056 1.8412088693670123e-10
4600.056 1.8546587292099735e-10
4650.056 1.7061650220898218e-10
4700.056 2.0917465589901974e-10
4750.056 2.263706662019693e-10
4800.056 1.3514049632600934e-10
4850.056 1.2642562930699805e-10
4900.056 1.3085433948199992e-10
4950.056 9.550604697999898e-11
5000.056 3.801901973899822e-11
5050.056 1.506662048820058e-11
5100.056 1.1795930031500429e-11
5150.056 1.0003559862200437e-11
5200.056 9.284357375299842e-12
5250.056 7.790683806999971e-12
5300.056 6.2615798878999935e-12
5350.056 5.042593371899966e-12
5400.056 4.07884237499999e-12
5450.056 3.3210367798999937e-12
5500.056 2.685361134100001e-12
5550.056 2.0842637616000045e-12
5600.056 1.5869983634999918e-12
5650.056 1.1634921906999966e-12
5700.056 8.075436465099963e-13
5750.056 5.129738925099965e-13
5800.056 2.8911103410999747e-13
5850.056 1.2570598211599813e-13
5900.056 2.309217877452058e-14
5950.056 2.9449560884000513e-13
6000.056 1.031312622300018e-12
6050.056 2.8792560301000335e-12
6100.056 6.813077321800058e-12
6150.056 1.4420629740100143e-11
6200.056 2.7992486660000233e-11
6250.056 5.078453686700038e-11
6300.056 8.785126908600068e-11
6350.056 1.4691935832000084e-10
6400.056 2.3682306698000173e-10
6450.056 3.684413700900032e-10
6500.056 5.45584322060007e-10
6550.056 7.934714638599977e-10
6600.056 1.1354989014500198e-09
6650.056 1.5351304477000284e-09
6700.056 1.058949888937996e-09
6750.056 2.477404273100027e-09
6800.056 3.3559694345000587e-09
6850.056 3.8478665816000295e-09
6900.056 3.6396560962000557e-09
6950.056 3.1308956032999455e-09
7000.056 3.00233730870001e-09
7050.056 3.2511876891000114e-09
7100.056 3.567595806399981e-09
7150.056 3.781451492199963e-09
7200.056 4.017881320000047e-09
7250.056 3.9761224612999345e-09
7300.056 3.591110605299999e-09
7350.056 2.9444124964999934e-09
7400.056 2.3652617272000083e-09
7450.056 1.9234980373999875e-09
7500.056 1.5108144879999875e-09
7550.056 1.0891371709899915e-09
7600.056 6.650423183399908e-10
7650.056 9.149493080846874e-11
7700.056 3.286303422207614e-11
7750.056 4.5585864765001317e-10
7800.056 1.0715603711306616e-09
7850.056 2.4909155795000223e-09
7900.056 3.959493838800046e-09
7950.056 4.545716847735196e-09
8000.056 7.747039374000045e-09
8050.056 1.1051685828099676e-08
8100.056 1.5376397250399902e-08
8150.056 2.0981285650700397e-08
8200.056 2.5187083587600665e-08
8250.056 3.354080792240082e-08
8300.056 3.976436506100319e-08
8350.056 4.741657893699934e-08
8400.056 5.4927936618998225e-08
8450.056 5.562495776199784e-08
8500.056 5.525040219612336e-08
8550.056 6.537766535500307e-08
8600.056 7.032308223199338e-08
8650.056 6.755812206298765e-08
8700.056 6.713545428599917e-08
8750.056 7.767446218200294e-08
8800.056 9.955624852100726e-08
8850.056 1.1170683046598998e-07
8900.056 1.1089767658000052e-07
8950.056 1.0822414023336874e-07
9000.056 1.4406744351399786e-07
9050.056 1.5211986172300524e-07
9100.056 1.8027312507390253e-07
9150.056 1.9783358385400818e-07
9200.056 2.1232145288399065e-07
9250.056 1.8481292127920163e-07
9300.056 1.3158791300105133e-07
9350.056 1.4999818894715117e-07
9400.056 1.7780779990993304e-07
9450.056 2.0588408582148718e-07
9500.056 2.207896006757067e-07
9550.056 2.4221495599230193e-07
9600.056 2.3202243034087092e-07
9650.056 2.5534448942064137e-07
9700.056 2.843770364326397e-07
9750.056 2.6190127119611406e-07
9800.056 2.8736923664378156e-07
9850.056 3.04242933336995e-07
9900.056 2.5185930014297676e-07
9950.056 2.0891111364998563e-07
10000.056 1.857385605779835e-07
10050.056 2.3254057386199645e-07
10100.056 2.8291349006899887e-07
10150.056 2.9379674000795266e-07
10200.056 3.269895773599857e-07
10250.056 3.419038401999633e-07
10300.056 3.377373605000021e-07
10350.056 3.878519377399991e-07
10400.056 4.4262646948998404e-07
10450.056 4.542562987000389e-07
10500.056 4.2036868193999484e-07
10550.056 4.2394504512005623e-07
10600.056 4.5926591847004254e-07
10650.056 4.982386379500345e-07
10700.056 5.307328847900378e-07
10750.056 6.019302489500399e-07
10800.056 6.67918078419998e-07
10850.056 7.460325207799219e-07
10900.056 7.041952517339642e-07
10950.056 5.890515567521861e-07
11000.056 5.612269439481645e-07
11050.056 4.6525613764336667e-07
11100.056 4.538966226983557e-07
11150.056 4.3270312008552904e-07
11200.056 4.3649799241710136e-07
11250.056 5.244286344272333e-07
11300.056 5.078811546735878e-07
11350.056 3.823410163563197e-07
11400.056 4.023218809023968e-07
11450.056 4.6494575121596e-07
11500.056 5.490565783054487e-07
11550.056 4.6645483120708177e-07
11600.056 5.097271049960542e-07
11650.056 5.308805578080272e-07
11700.056 4.250868277488458e-07
11750.056 3.861275576652081e-07
11800.056 4.514310392593746e-07
11850.056 6.145930673371465e-07
11900.056 6.655269020444895e-07
11950.056 7.000512737209523e-07
12000.056 6.485933828199997e-07
12050.056 7.990410455370984e-07
12100.056 8.117351670599513e-07
12150.056 9.52818509932922e-07
12200.056 9.785592597597597e-07
12250.056 1.096468974389841e-06
12300.056 1.1822433060801571e-06
12350.056 1.187850040040031e-06
12400.056 1.0905332099599643e-06
12450.056 1.0008988151700292e-06
12500.056 1.0717589790899276e-06
12550.056 1.105551087670065e-06
12600.056 1.30267038050004e-06
12650.056 1.320696414819934e-06
12700.056 1.4515606435801717e-06
12750.056 1.4220216831300177e-06
12800.056 1.5058978264900365e-06
12850.056 1.403713404476073e-06
12900.056 1.2900757210739242e-06
12950.056 1.3427476983339248e-06
13000.056 1.3677436988466818e-06
13050.056 1.396954205891814e-06
13100.056 1.3798387279876638e-06
13150.056 1.309988177464577e-06
13200.056 1.2266709620169783e-06
13250.056 1.0651771175607046e-06
13300.056 7.668885188445973e-07
13350.056 3.432626272010731e-07
13400.056 2.678246489823228e-07
13450.056 1.98177835557492e-07
13500.056 1.7453779111236123e-07
13550.056 1.4880866341581249e-07
13600.056 1.2230414815356783e-07
13650.056 1.7392959786142638e-07
13700.056 1.4678323956508582e-07
13750.056 1.4867901941113573e-07
13800.056 1.8091606087160184e-07
13850.056 1.679463421642798e-07
13900.056 1.70914355474465e-07
13950.056 1.598534114188755e-07
14000.056 1.487629843907033e-07
14050.056 1.5530884903473795e-07
14100.056 1.3217403428430284e-07
14150.056 1.5283287168755725e-07
14200.056 1.3199252866309846e-07
14250.056 1.3203838519698665e-07
14300.056 1.5487110997012085e-07
14350.056 1.5253024834420357e-07
14400.056 1.7085538952655558e-07
14450.056 1.7754754827539603e-07
14500.056 2.31914244341029e-07
14550.056 2.4593847181242165e-07
14600.056 2.7499816463411827e-07
14650.056 2.787977785426029e-07
14700.056 2.487263979361144e-07
14750.056 2.8019828274494557e-07
14800.056 3.1789936350542326e-07
14850.056 3.491874026148681e-07
14900.056 3.5033760873884387e-07
14950.056 3.6309741223025876e-07
15000.056 3.8467087518531176e-07
15050.056 4.417483633237564e-07
15100.056 4.6196507484915474e-07
15150.056 5.081984812696444e-07
15200.056 5.131572084209305e-07
15250.056 5.497075821209567e-07
15300.056 5.978884887339396e-07
15350.056 6.369067099869601e-07
15400.056 6.899561678270341e-07
15450.056 7.407373184530644e-07
15500.056 7.679819632448996e-07
15550.056 8.374228024189426e-07
15600.056 8.235665765550644e-07
15650.056 8.817466097700747e-07
15700.056 9.805322249203273e-07
15750.056 1.0371655519799403e-06
15800.056 1.0183887868002414e-06
15850.056 1.0373103533799773e-06
15900.056 1.0475484197400924e-06
15950.056 1.0736385150498719e-06
16000.056 1.0561933374599597e-06
16050.056 1.0146105720500031e-06
16100.056 9.874202733999995e-07
16150.056 8.942328434240117e-07
16200.056 8.437936268967601e-07
16250.056 8.190120018058875e-07
16300.056 7.898316283281795e-07
16350.056 8.388499358738898e-07
16400.056 8.836172326560419e-07
16450.056 9.118391105061567e-07
16500.056 9.615042238159265e-07
16550.056 9.561434113270274e-07
16600.056 9.19938823248211e-07
16650.056 8.618251496415885e-07
16700.056 6.833519250053712e-07
16750.056 7.321210558889243e-07
16800.056 8.624994877100173e-07
16850.056 8.585670906089879e-07
16900.056 8.235557422589859e-07
16950.056 7.75251164875993e-07
17000.056 7.172392156601712e-07
17050.056 7.89221000544088e-07
17100.056 7.830944257561221e-07
17150.056 7.211447782678999e-07
17200.056 7.24476814456854e-07
17250.056 6.703415532827968e-07
17300.056 6.30999265756989e-07
17350.056 5.866185775555355e-07
17400.056 5.986215179059848e-07
17450.056 5.604089641047404e-07
17500.056 5.659147688433946e-07
17550.056 5.50873958110644e-07
17600.056 5.202114893019711e-07
17650.056 5.172909825191368e-07
17700.056 4.2610647409348667e-07
17750.056 3.999279360209834e-07
17800.056 4.4194517778696946e-07
17850.056 3.644150304815473e-07
17900.056 3.7252402804368096e-07
17950.056 3.469888948235646e-07
18000.056 3.350204424831981e-07
18050.056 3.3151206335026803e-07
18100.056 3.250708823648995e-07
18150.056 3.866268775235577e-07
18200.056 2.884843597517718e-07
18250.056 3.9266907592647994e-07
18300.056 3.552981205542092e-07
18350.056 3.206531168730796e-07
18400.056 3.1741526811817357e-07
18450.056 2.990927045618727e-07
18500.056 3.197311807068782e-07
18550.056 2.9079657898117995e-07
18600.056 2.4763482190246826e-07
18650.056 2.727265882524561e-07
18700.056 2.9666386749139034e-07
18750.056 2.984456725719319e-07
18800.056 3.422955147724926e-07
18850.056 3.885195801882807e-07
18900.056 3.811625261418764e-07
18950.056 4.2014392942980714e-07
19000.056 4.172665989339559e-07
19050.056 3.866981215883654e-07
19100.056 4.4350012907158515e-07
19150.056 4.293139545816326e-07
19200.056 4.4160727989737357e-07
19250.056 4.053244402712772e-07
19300.056 4.2058679151840713e-07
19350.056 3.8791560346230294e-07
19400.056 3.2516568327282153e-07
19450.056 4.1062598034160706e-07
19500.056 4.051969628884294e-07
19550.056 3.3256063233833373e-07
19600.056 3.9695710985078734e-07
19650.056 4.07158206262016e-07
19700.056 4.1421282108513863e-07
19750.056 3.931526187101801e-07
19800.056 4.196502439929396e-07
19850.056 4.5253971838217156e-07
19900.056 3.9182984563276194e-07
19950.056 4.831039032530268e-07
20000.056 4.3563848507702215e-07
20050.056 4.762280148961872e-07
20100.056 4.98376093799263e-07
20150.056 5.046327592350432e-07
20200.056 5.303330650789304e-07
20250.056 5.653757140209353e-07
20300.056 5.592054689030391e-07
20350.056 5.982310196678863e-07
20400.056 5.951383111067744e-07
20450.056 6.338925887748472e-07
20500.056 6.477333506309602e-07
20550.056 6.514981626989697e-07
20600.056 7.013693327401592e-07
20650.056 6.910301922482038e-07
20700.056 7.125393835921221e-07
20750.056 7.294848489049497e-07
20800.056 7.488016717600309e-07
20850.056 7.368882468309577e-07
20900.056 7.624088235398601e-07
20950.056 7.618448258499397e-07
21000.056 7.728764604100358e-07
21050.056 7.70190884189998e-07
21100.056 7.610322119500211e-07
21150.056 7.805254221399259e-07
21200.056 7.564425466099965e-07
21250.056 7.649990865499222e-07
21300.056 7.260617422698965e-07
21350.056 7.434232571780015e-07
21400.056 7.15498751410174e-07
21450.056 7.212869391899904e-07
21500.056 6.906104047671369e-07
21550.056 6.743135466500383e-07
21600.056 6.52971113840126e-07
21650.056 6.251351573200265e-07
21700.056 6.29541043789989e-07
21750.056 5.825378345620078e-07
21800.056 5.487195275538339e-07
21850.056 5.188684568960271e-07
21900.056 4.668127454479508e-07
21950.056 3.870085198640838e-07
22000.056 2.751999572920314e-07
22050.056 2.1682641111484985e-07
22100.056 2.485474491391245e-07
22150.056 2.956775993650063e-07
22200.056 3.145805753759705e-07
22250.056 3.094315096781706e-07
22300.056 2.856220814769857e-07
22350.056 2.717640169810102e-07
22400.056 2.421116995990079e-07
22450.056 2.2018929715493628e-07
22500.056 2.1979517014109396e-07
22550.056 1.9812894822890288e-07
22600.056 2.027785489431254e-07
22650.056 1.988616768959999e-07
22700.056 1.8480578711898729e-07
22750.056 1.8747371323205327e-07
22800.056 1.7205799862194764e-07
22850.056 1.585688539710373e-07
22900.056 1.5115767969394853e-07
22950.056 1.3776910574997041e-07
23000.056 1.571019346130007e-07
23050.056 1.9090704489095508e-07
23100.056 2.3276975281504312e-07
23150.056 2.4525090014499683e-07
23200.056 1.4168754186700195e-07
23250.056 1.387525379450297e-07
23300.056 1.1997448646705114e-07
23350.056 1.1714896884399808e-07
23400.056 1.2301450425103467e-07
23450.056 1.2902094936801493e-07
23500.056 1.390907549430431e-07
23550.056 1.5923706759602735e-07
23600.056 1.717485955319821e-07
23650.056 1.9720692875096184e-07
23700.056 1.5786655097102237e-07
23750.056 1.4081576594902646e-07
23800.056 1.268582239960089e-07
23850.056 1.4151564571600186e-07
23900.056 1.8204232488201545e-07
23950.056 2.016749099540524e-07
24000.056 2.1217610293892798e-07
24050.056 2.3772314730697972e-07
24100.056 2.2505246902692842e-07
24150.056 2.3904392028810686e-07
24200.056 2.455816313029276e-07
24250.056 2.2973553228301378e-07
24300.056 2.4584099835805576e-07
24350.056 2.202553665249536e-07
24400.056 2.5664698078109187e-07
24450.056 2.4414660860785456e-07
24500.056 2.4795776433895584e-07
24550.056 2.6358919279409167e-07
24600.056 2.721537764940347e-07
24650.056 3.071401467650309e-07
24700.056 2.616385528219093e-07
24750.056 2.7284998151708036e-07
24800.056 2.767676147740414e-07
24850.056 3.2386637659405283e-07
24900.056 2.555840173267632e-07
24950.056 3.31106979849039e-07
25000.056 3.105413766780764e-07
25050.056 2.57359451410927e-07
25100.056 3.0895156015038516e-07
25150.056 2.617035476804652e-07
25200.056 2.9786796892482196e-07
25250.056 2.700158858139916e-07
25300.056 3.145857130430223e-07
25350.056 2.517142414400033e-07
25400.056 3.139450801350895e-07
25450.056 2.58636379252967e-07
25500.056 2.697964218590644e-07
25550.056 2.6117525227297203e-07
25600.056 2.6179649288998827e-07
25650.056 2.3221735258899847e-07
25700.056 3.0928581266986334e-07
25750.056 2.147531355400776e-07
25800.056 3.0133737233304686e-07
25850.056 2.411823764799521e-07
25900.056 2.825361433889824e-07
25950.056 2.3365780805002887e-07
26000.056 3.18269381641136e-07
26050.056 3.0724791411095126e-07
26100.056 3.2605442616197287e-07
26150.056 3.0635833218396866e-07
26200.056 3.084534090209995e-07
26250.056 3.417910631169618e-07
26300.056 3.210626567460333e-07
26350.056 3.71272485496934e-07
26400.056 3.788439674559553e-07
26450.056 3.8724553561106056e-07
26500.056 4.0561132890086273e-07
26550.056 3.533920502548448e-07
26600.056 4.4125820424892167e-07
26650.056 3.1338833894895836e-07
26700.056 3.2055042904703936e-07
26750.056 2.616699725728957e-07
26800.056 3.280922682339143e-07
26850.056 2.4268090510399087e-07
26900.056 3.5192528655704137e-07
26950.056 2.3664203679293765e-07
27000.056 3.524831538500978e-07
27050.056 2.9808639324902624e-07
27100.056 2.934294885049333e-07
27150.056 3.4671496150001896e-07
27200.056 3.177638246720884e-07
27250.056 3.133600288531334e-07
27300.056 4.069776912230241e-07
27350.056 3.7628183739190184e-07
27400.056 2.7321159034595927e-07
27450.056 4.416229343538392e-07
27500.056 4.081028693889247e-07
27550.056 3.352212088679134e-07
27600.056 4.457461311549344e-07
27650.056 3.122034516179606e-07
27700.056 2.9127455987904937e-07
27750.056 4.422985332418693e-07
27800.056 2.9386451362396753e-07
27850.056 3.330527172888011e-07
27900.056 3.494290346040407e-07
27950.056 4.3682612925498435e-07
28000.056 4.0024111550310216e-07
28050.056 2.671323179710698e-07
28100.056 4.6190871941112697e-07
28150.056 3.46788920453044e-07
28200.056 2.745760025220297e-07
28250.056 4.1383474004002425e-07
28300.056 4.887911933760416e-07
28350.056 3.2078261290590395e-07
28400.056 3.687679163179572e-07
28450.056 4.144357785968769e-07
28500.056 3.984661060948976e-07
28550.056 2.557490617068997e-07
28600.056 4.710851876249272e-07
28650.056 4.2718748370496215e-07
28700.056 3.8882890234693353e-07
28750.056 4.517502595420229e-07
28800.056 4.156449242481101e-07
28850.056 4.580993992250671e-07
