galfind/configs/Brown_Dwarf_templates/sonora_bobcat/m-0.5/31g/sp_t275g31nc_m-0.5_resample.dat
# %ECSV 1.0
# ---
# datatype:
# - {name: wav, unit: Angstrom, datatype: float64}
# - {name: flux_nu, unit: erg / (cm2 Hz s), datatype: float64}
# meta: {C/O: '1.00', Kzz: '1.0000E+05', Teff: '275.', Y: '0.28', '[Fe/H]': '-0.50', f_hole: '1.00', f_rain: '0.00', grav: '32.'}
# schema: astropy-2.0
wav flux_nu
[from data line 499]
28950.056 1.6400931764028585e-12
29000.056 7.776739210781905e-13
29050.056 1.5336437215242917e-12
29100.056 5.620245911958678e-13
29150.056 4.697124673124484e-13
29200.056 5.292603351757337e-12
29250.056 2.26357129552538e-12
29300.056 1.3798313256514992e-12
29350.056 3.846777466853935e-12
29400.056 2.339033673976911e-12
29450.056 4.734488728415995e-13
29500.056 5.3605321375437214e-12
29550.056 1.135389110091541e-12
29600.056 9.990772958517998e-13
29650.056 7.46860978610676e-12
29700.056 7.594481218995125e-13
29750.056 5.7686115957225025e-12
29800.056 2.001393032721896e-12
29850.056 6.57732295183362e-12
29900.056 1.9025798146637624e-12
29950.056 2.7376515693304987e-12
30000.056 1.697854247708501e-14
30050.056 3.3553188474103137e-13
30100.056 2.186164246807075e-12
30150.056 8.814606352066494e-12
30200.056 4.679785812220633e-12
30250.056 6.318080262775758e-12
30300.056 1.1343900294639954e-11
30350.056 1.1628442517134703e-12
30400.056 1.1345568764504608e-11
30450.056 1.2969665513932272e-11
30500.056 2.054357440675823e-12
30550.056 2.248100224612017e-12
30600.056 7.425892277669977e-11
30650.056 2.0874189962646443e-11
30700.056 4.802149619502433e-12
30750.056 1.666210216568796e-11
30800.056 2.7793305421628935e-11
30850.056 2.487641883275053e-11
30900.056 1.0976041564589073e-11
30950.056 5.92884464285976e-12
31000.056 9.704400979405741e-12
31050.056 2.8653578819084855e-12
31100.056 2.897191960129019e-12
31150.056 6.083670555660106e-12
31200.056 3.881338278530334e-11
31250.056 1.7574105869741768e-11
31300.056 5.8128801764523586e-12
31350.056 3.5773753422190676e-11
31400.056 2.2560443434411923e-11
31450.056 2.0857335227509128e-11
31500.056 5.060524424289773e-12
31550.056 1.1680534837925705e-11
31600.056 1.0040159411070651e-11
31650.056 7.51408689989782e-12
31700.056 4.570816625909367e-12
31750.056 2.566142337332258e-12
31800.056 4.372945589704478e-12
31850.056 5.231395700584716e-13
31900.056 1.3109757273602685e-12
31950.056 8.3363262138581e-13
32000.056 3.284817518208221e-13
32050.056 5.653113599211733e-13
32100.056 5.213279960028541e-13
32150.056 3.2119576714060947e-13
32200.056 1.249274295360597e-13
32250.056 2.98830350102551e-13
32300.056 6.258639264931465e-14
32350.056 2.595430333004881e-13
32400.056 1.3124227326565378e-14
32450.056 1.333432172641778e-13
32500.056 1.0900768982498599e-14
32550.056 1.0729995282640975e-13
32600.056 5.957096466801029e-15
32650.056 2.900175710696223e-13
32700.056 1.263112099773778e-14
32750.056 9.412946167225025e-13
32800.056 2.9765973746951293e-13
32850.056 3.6518871080398285e-12
32900.056 2.5431964624056456e-12
32950.056 2.647950003829235e-12
33000.056 5.17535007659844e-13
33050.056 3.358663861881195e-13
33100.056 4.4810140464632554e-14
33150.056 3.434353662527478e-17
33200.056 3.8031988584998e-15
33250.056 7.84366553305306e-15
33300.056 2.331271053769151e-13
33350.056 3.3411558821583285e-13
33400.056 2.1625409634486957e-12
33450.056 2.445225070307265e-13
33500.056 2.0118300882357428e-12
33550.056 2.2634416499385317e-13
33600.056 8.09093951330533e-13
33650.056 8.539831348342382e-13
33700.056 9.899991677792537e-14
33750.056 1.1104730504471723e-12
33800.056 3.268656845635203e-14
33850.056 5.088284009732288e-13
33900.056 5.898928192353563e-13
33950.056 6.129286301361686e-13
34000.056 1.6918202282683993e-12
34050.056 2.4764970784798894e-13
34100.056 2.0424710069761946e-12
34150.056 6.18129346422242e-13
34200.056 2.9992812717986225e-12
34250.056 9.257578480546712e-13
34300.056 1.531106720697135e-12
34350.056 8.283597755620777e-12
34400.056 9.910647760055489e-13
34450.056 5.634330495628848e-12
34500.056 1.4963972005533384e-12
34550.056 3.871110396982759e-12
34600.056 1.9342986336575887e-11
34650.056 7.353004398160734e-13
34700.056 9.234407140944958e-12
34750.056 4.588195662389301e-12
34800.056 3.4052110399090197e-12
34850.056 1.7183142333518328e-11
34900.056 1.2494607852867846e-12
34950.056 2.272630042345331e-11
35000.056 2.4546100619365005e-11
35050.056 2.2968596242473692e-11
35100.056 4.2619240468534904e-11
35150.056 3.260044726616981e-11
35200.056 2.4225240609284006e-11
35250.056 5.475884136246982e-11
35300.056 1.290423542779766e-11
35350.056 9.25515758774777e-12
35400.056 5.614725525367487e-12
35450.056 6.304658172159606e-12
35500.056 3.0609315907032697e-11
35550.056 1.5446660414044884e-11
35600.056 3.645586654065119e-11
35650.056 6.15359269443263e-11
35700.056 6.419000056849258e-11
35750.056 4.538025126925938e-11
35800.056 2.131287879215789e-11
35850.056 9.940304583820323e-12
35900.056 1.1801104082635655e-11
35950.056 2.5389839052973144e-11
36000.056 3.498448007638333e-11
36050.056 2.1958681223487162e-11
36100.056 2.1712934964891734e-11
36150.056 1.1907968490125923e-10
36200.056 8.915276608865172e-11
36250.056 4.4426541094422494e-11
36300.056 1.8612389845459666e-10
36350.056 8.441973156306088e-11
36400.056 1.4873181979409027e-10
36450.056 1.1109846025231924e-10
36500.056 1.062932597370391e-10
36550.056 2.83687969425852e-10
36600.056 2.4597926084090563e-10
36650.056 1.2874946692286394e-10
36700.056 2.070314878959421e-10
36750.056 2.829636392632088e-10
36800.056 3.794041962126921e-10
36850.056 1.0599019548111138e-10
36900.056 1.8181268884998646e-10
36950.056 3.880124468492426e-10
37000.056 2.1135900973224563e-10
37050.056 4.308134469365803e-10
37100.056 1.1885394477761232e-10
37150.056 2.019917127995853e-10
37200.056 5.654386717300296e-10
37250.056 2.9803511852615436e-10
37300.056 1.0919245812153921e-10
37350.056 2.2927523815998925e-10
37400.056 4.2185590047875173e-10
37450.056 1.1845331046969396e-10
37500.056 2.401261304623788e-10
37550.056 6.915534653613762e-10
37600.056 1.3933535324619157e-09
37650.056 2.027921728160177e-10
37700.056 4.5543740855160046e-10
37750.056 3.7593779403503844e-10
37800.056 2.8593333304514425e-10
37850.056 1.329236260000668e-10
37900.056 1.468429159051493e-10
37950.056 4.027828770082912e-10
38000.056 3.613854458032232e-10
38050.056 8.484759544806572e-10
38100.056 1.0005676896707354e-09
38150.056 1.4685464859203232e-09
38200.056 8.458967009495334e-10
38250.056 1.4174414702285539e-09
38300.056 2.315035537430105e-09
38350.056 1.3658282022556877e-09
38400.056 3.1216905352635375e-10
38450.056 7.031908319146884e-11
38500.056 6.960613350129248e-11
38550.056 4.91474231363853e-10
38600.056 6.420777744702407e-10
38650.056 6.85941078936183e-10
38700.056 3.14168425065474e-10
38750.056 5.638879408489006e-10
38800.056 5.076846819239474e-10
38850.056 7.43955483354708e-10
38900.056 8.890226163786109e-10
38950.056 4.249138363601272e-10
39000.056 1.1492337561942652e-09
39050.056 2.941870055422431e-10
39100.056 7.551995770932715e-10
39150.056 1.4286137480251938e-09
39200.056 7.608055471697712e-10
39250.056 1.6512577662914105e-09
39300.056 7.373578572617432e-10
39350.056 2.070717488276905e-09
39400.056 8.253468808933874e-10
39450.056 1.6268013570035424e-09
39500.056 1.5363197764360722e-09
39550.056 4.3678208605642157e-10
39600.056 1.5677076373523334e-09
39650.056 1.998598371379839e-09
39700.056 2.147136636158483e-09
39750.056 6.201282968781398e-10
39800.056 6.655389714701005e-10
39850.056 2.2787133376604593e-09
39900.056 3.2785284704503013e-09
39950.056 7.878093430697537e-10
40000.056 1.8587556091659093e-09
40050.056 2.4484734642238713e-09
40100.056 5.312236787945873e-10
40150.056 1.9789922405774255e-09
40200.056 2.338159362260465e-09
40250.056 2.7620338761710047e-09
40300.056 2.9152786659600552e-09
40350.056 1.2258471593948854e-09
40400.056 1.8131555502239484e-09
40450.056 6.139404616540274e-10
40500.056 2.902454133365494e-09
40550.056 3.002588704382199e-09
40600.056 2.566704025929956e-09
40650.056 1.648278386214197e-09
40700.056 3.4240417349165926e-09
40750.056 2.30085156217229e-09
40800.056 1.1092353903960052e-09
40850.056 5.010996835581273e-09
40900.056 4.351028379219121e-09
40950.056 3.372125271422902e-09
41000.056 2.151443564582431e-09
41050.056 5.549381321859084e-09
41100.056 4.604891720633872e-09
41150.056 1.0572715578047465e-09
41200.056 5.7121526266709085e-09
41250.056 4.1591270692309345e-09
41300.056 4.357502276068245e-09
41350.056 6.8577170729997884e-09
41400.056 4.934363478479432e-09
41450.056 7.380894674218644e-09
41500.056 3.825933158179461e-09
41550.056 3.2254861096519162e-09
41600.056 3.695975020236464e-09
41650.056 6.279754551729061e-09
41700.056 9.602499521998626e-09
41750.056 6.515781086439364e-09
41800.056 6.400642717800784e-09
41850.056 6.161357519908712e-09
41900.056 4.213130540945145e-09
41950.056 3.965329882735783e-09
42000.056 1.0188288576159004e-09
42050.056 2.147229005512283e-09
42100.056 2.6529590155309397e-09
42150.056 3.685304971882748e-09
42200.056 5.295439865522171e-09
42250.056 3.866838683661368e-09
42300.056 3.0967862303815288e-09
42350.056 6.724546580390217e-09
42400.056 8.805752948000972e-09
42450.056 9.99564954570133e-09
42500.056 1.0480560440499086e-08
42550.056 8.60387361049914e-09
42600.056 7.389778598742625e-09
42650.056 1.1296319126217974e-08
42700.056 3.933350024593902e-09
42750.056 9.292244728301652e-09
42800.056 1.467199383380073e-08
42850.056 1.4529552448297615e-08
42900.056 1.397618655170129e-08
42950.056 1.142182852990047e-08
43000.056 1.3287759953500266e-08
43050.056 5.9528051890217635e-09
43100.056 1.0094022737040135e-08
43150.056 8.845292822300424e-09
43200.056 1.4481052304800795e-08
43250.056 1.7410265423300758e-08
43300.056 1.6181153018500163e-08
43350.056 9.495835702397957e-09
43400.056 1.3496415068800731e-08
43450.056 7.737110659430004e-09
43500.056 6.690803455372737e-09
43550.056 8.384666675740576e-09
43600.056 1.59168495976012e-08
43650.056 9.017783568809705e-09
43700.056 1.6809698441004226e-08
43750.056 1.7645824761998276e-08
43800.056 1.4132443917199047e-08
43850.056 1.2893997887101565e-08
43900.056 8.481974280639358e-09
43950.056 5.981557565299562e-09
44000.056 6.776690751799558e-09
44050.056 1.71421045597006e-08
44100.056 2.0786221101000357e-08
44150.056 1.8507629398599312e-08
44200.056 1.8329609792100886e-08
44250.056 9.832814066498707e-09
44300.056 7.208243606000807e-09
44350.056 7.33108041981178e-09
44400.056 6.728999233799755e-09
44450.056 1.4347658303101577e-08
44500.056 1.2587121236801248e-08
44550.056 1.7612562680999782e-08
44600.056 1.3695634363459933e-08
44650.056 1.3324202242900631e-08
44700.056 9.564092494198513e-09
44750.056 1.5363144620802166e-08
44800.056 8.909813663260447e-09
44850.056 1.237137270890022e-08
44900.056 1.2577237448499891e-08
44950.056 1.4611318058601724e-08
45000.056 1.826024574300042e-08
45050.056 1.4966196018298317e-08
45100.056 1.363711067420063e-08
45150.056 1.1313722366598429e-08
45200.056 8.392189303650848e-09
45250.056 1.0469000707497621e-08
45300.056 1.021786162875125e-08
45350.056 6.82398462776144e-09
45400.056 2.1164252832001346e-08
45450.056 1.5851886644731878e-08
45500.056 1.9442924787800482e-08
45550.056 2.0097712250796278e-08
45600.056 1.7093120950001718e-08
45650.056 1.5360856220299503e-08
45700.056 9.518207861519291e-09
45750.056 8.723998683770654e-09
45800.056 2.0057181216901034e-08
45850.056 1.444892049837071e-08
45900.056 2.0212900901999402e-08
45950.056 2.0743623478298805e-08
46000.056 1.9456338638501913e-08
46050.056 1.4162013875401681e-08
46100.056 2.3682826803999073e-08
46150.056 1.4673362709299887e-08
46200.056 1.1341427108018349e-08
46250.056 4.092897571386805e-09
46300.056 1.3859079312100426e-08
46350.056 1.3800094574521972e-08
46400.056 1.4235390522000447e-08
46450.056 1.2441344870489214e-08
46500.056 1.4636671840202106e-08
46550.056 7.098278295019526e-09
46600.056 9.063843111358802e-09
46650.056 1.531038684630068e-08
46700.056 1.0834158130597984e-08
46750.056 4.1081169407606675e-09
46800.056 2.430550694839833e-09
46850.056 1.3532972448301939e-08
46900.056 1.6840329324899233e-08
46950.056 1.7216475290899476e-08
47000.056 1.7583243648001365e-08
47050.056 1.0675480204441059e-08
47100.056 8.694179435200563e-09
47150.056 1.3715361617201585e-08
47200.056 1.513377127119899e-08
47250.056 6.699817421088801e-09
47300.056 4.591720320756171e-09
47350.056 1.5562376804801378e-08
47400.056 1.6277711091898872e-08
47450.056 9.645102373566369e-09
47500.056 1.6886273659500806e-08
47550.056 1.5849649738300112e-08
47600.056 1.1594628854048623e-08
47650.056 1.4224343117203506e-08
47700.056 1.1090041106344909e-08
47750.056 8.568692604599875e-09
47800.056 5.988248569000793e-09
47850.056 2.1931992718304375e-09
47900.056 4.229427625910071e-09
47950.056 1.2357717579900447e-08
48000.056 1.5817459338199e-08
48050.056 1.1993719555900086e-08
48100.056 5.524397137282537e-09
48150.056 1.1189795484200467e-08
48200.056 6.02668290048711e-09
48250.056 9.125421784399939e-09
48300.056 1.518525299399977e-08
48350.056 8.70174050359879e-09
48400.056 1.4784508106215436e-09
48450.056 3.1397361530688138e-09
48500.056 6.530766436618518e-09
48550.056 7.736822353403369e-09
48600.056 1.4263226167399638e-08
48650.056 1.7076341039399353e-08
48700.056 1.1368886132201988e-08
48750.056 1.0064885673000933e-08
48800.056 1.4131047865200477e-08
48850.056 6.754920214198988e-09
48900.056 6.371203386849248e-09
48950.056 3.136175610699862e-09
49000.056 1.8689556115167355e-09
49050.056 7.144729947419096e-09
49100.056 1.0426712849162797e-08
49150.056 8.500259446770577e-09
49200.056 1.4541229769001279e-08
49250.056 1.4644425099699924e-08
49300.056 1.189985256109922e-08
49350.056 4.035392725656443e-09
49400.056 6.209422151518437e-09
49450.056 4.996231972986073e-09
49500.056 3.658293988283256e-09
49550.056 4.682637178270079e-10
49600.056 1.617916714608745e-09
49650.056 6.604457764000892e-09
49700.056 8.621047256398523e-09
49750.056 6.048063948048975e-09
49800.056 3.446177369610147e-09
49850.056 9.675567336021253e-09
49900.056 1.017359330689965e-08
49950.056 9.934571827099903e-09
50000.056 4.94277095879757e-09
50050.056 6.118907318070769e-09
50100.056 5.460768067899568e-09
50150.056 1.7559823178896103e-09
50200.056 1.823972787750923e-10
50250.056 1.60246076489001e-09
50300.056 1.0587039335332592e-09
50350.056 6.114778964301038e-09
50400.056 8.161591403498861e-09
50450.056 6.947559514860873e-09
50500.056 1.0271586185890084e-08
50550.056 1.0096038424100503e-08
50600.056 6.2692653183733944e-09
50650.056 1.1299505314901253e-08
50700.056 9.853203485899534e-09
50750.056 5.310669049199959e-09
50800.056 1.1421800960107343e-09
50850.056 4.1830988012722695e-10
50900.056 4.5518237093005955e-09
50950.056 5.5392104929993696e-09
51000.056 3.4252074824194627e-09
51050.056 7.136536775299295e-09
51100.056 2.1884929242350414e-09
51150.056 1.7004526496498421e-09
51200.056 8.077874796900076e-09
51250.056 6.32669045275904e-09
51300.056 3.938666823740642e-09
51350.056 2.567288843134046e-09
51400.056 4.4775599045001597e-10
51450.056 4.271955891375576e-10
51500.056 4.440994233305857e-10
51550.056 2.435664953870589e-09
51600.056 3.1673150077707e-09
51650.056 5.193735577900107e-09
51700.056 4.353068554158229e-09
51750.056 2.703225573325673e-09
51800.056 6.325845373099692e-09
51850.056 4.8469649417497485e-09
51900.056 4.025100080100015e-09
51950.056 1.6364082918997309e-09
52000.056 1.0844423165256538e-10
52050.056 7.43296475270067e-10
52100.056 3.20829562716919e-10
52150.056 1.6007664832126977e-10
52200.056 1.046298154120023e-09
52250.056 2.0870299686704036e-09
52300.056 2.0972263275997938e-09
52350.056 3.766487394385407e-10
52400.056 4.658813724860044e-10
52450.056 2.9553887115602367e-09
52500.056 1.83260801093471e-09
52550.056 3.6138714018199116e-09
52600.056 3.3056466501302208e-09
52650.056 3.965737693800057e-09
52700.056 2.1563085647997562e-09
52750.056 4.297449546056212e-10
52800.056 1.1066018795302276e-09
52850.056 1.3661099001396429e-09
52900.056 2.922578739746488e-10
52950.056 6.340006684251333e-10
53000.056 1.843948594740222e-09
53050.056 5.164023066658732e-10
53100.056 3.0590104172001197e-09
53150.056 2.8379767590701086e-09
53200.056 1.2807995352659314e-09
53250.056 2.1780154871098982e-09
53300.056 2.5288896146984116e-09
53350.056 1.9543602577101087e-09
53400.056 1.09499099996973e-09
53450.056 2.503024310839162e-10
53500.056 4.286822986548837e-11
53550.056 8.752721376460103e-11
