galfind/configs/Brown_Dwarf_templates/sonora_bobcat/m-0.5/31g/sp_t1700g31nc_m-0.5_resample.dat
# %ECSV 1.0
# ---
# datatype:
# - {name: wav, unit: Angstrom, datatype: float64}
# - {name: flux_nu, unit: erg / (cm2 Hz s), datatype: float64}
# meta: {C/O: '1.00', Kzz: '1.0000E+05', Teff: '1700.', Y: '0.28', '[Fe/H]': '-0.50', f_hole: '1.00', f_rain: '0.00', grav: '32.'}
# schema: astropy-2.0
wav flux_nu
[from data line 498]
28900.056 7.868623202460505e-07
28950.056 1.1478199525399524e-06
29000.056 9.418909909597551e-07
29050.056 9.852232007398898e-07
29100.056 8.055481167651181e-07
29150.056 1.0567129739802068e-06
29200.056 9.218912435582063e-07
29250.056 1.0649670195060157e-06
29300.056 8.596710159195802e-07
29350.056 1.236479136889792e-06
29400.056 9.773964094998423e-07
29450.056 1.0108168663199753e-06
29500.056 1.050952359949864e-06
29550.056 1.0119389998200474e-06
29600.056 1.1010100148598164e-06
29650.056 1.049417500839899e-06
29700.056 9.377091944998308e-07
29750.056 1.1737144988405472e-06
29800.056 1.186469031909916e-06
29850.056 1.1319220629998638e-06
29900.056 1.030075504620306e-06
29950.056 1.2193146220297978e-06
30000.056 1.1992763332397492e-06
30050.056 1.1216832611199083e-06
30100.056 9.460496574297264e-07
30150.056 1.4000315105099093e-06
30200.056 1.21909464735009e-06
30250.056 1.2349995452003461e-06
30300.056 1.1992840413798508e-06
30350.056 1.14355759899015e-06
30400.056 1.3956498170602423e-06
30450.056 1.1047335249001161e-06
30500.056 1.0178342785201499e-06
30550.056 1.345689663910292e-06
30600.056 1.304880303320163e-06
30650.056 1.3181305311299825e-06
30700.056 1.2076401904599499e-06
30750.056 1.1558171563900303e-06
30800.056 1.3246583573902785e-06
30850.056 1.1163721774798871e-06
30900.056 1.1469039446098825e-06
30950.056 1.078234461220171e-06
31000.056 1.1794455468599372e-06
31050.056 1.111900381409986e-06
31100.056 1.0451323844199264e-06
31150.056 1.1647105019997828e-06
31200.056 1.1666922132499137e-06
31250.056 1.1804543283300702e-06
31300.056 1.0859002750398583e-06
31350.056 1.041187633599961e-06
31400.056 1.0070277812002612e-06
31450.056 1.016018071119959e-06
31500.056 1.0469068881499467e-06
31550.056 9.723877373900272e-07
31600.056 9.577055387499034e-07
31650.056 9.636290298799649e-07
31700.056 9.6567165095991e-07
31750.056 8.791723897002344e-07
31800.056 1.034323676819951e-06
31850.056 1.0144859368501263e-06
31900.056 1.1368460441899654e-06
31950.056 8.254945178799589e-07
32000.056 9.575738970900237e-07
32050.056 1.1141875938300885e-06
32100.056 1.0872365269499376e-06
32150.056 1.1679816670599373e-06
32200.056 1.079173296559956e-06
32250.056 1.169095573150169e-06
32300.056 1.0850554736799694e-06
32350.056 1.3131821722101848e-06
32400.056 1.0427412002500023e-06
32450.056 1.192113655039797e-06
32500.056 1.2676915811102752e-06
32550.056 1.400770143940076e-06
32600.056 1.39630854333993e-06
32650.056 1.4534840234003473e-06
32700.056 1.4041286036002037e-06
32750.056 1.4155013202599931e-06
32800.056 1.3553734212600967e-06
32850.056 1.582107379519749e-06
32900.056 1.61901839517998e-06
32950.056 1.3795214984898709e-06
33000.056 1.4545668129400466e-06
33050.056 1.420335296939972e-06
33100.056 1.3208297119197298e-06
33150.056 9.415412522201023e-07
33200.056 6.777460106698148e-07
33250.056 5.544688529897234e-07
33300.056 4.787913758100963e-07
33350.056 5.445879689900355e-07
33400.056 5.71797644699932e-07
33450.056 6.50835403489945e-07
33500.056 8.36414223320199e-07
33550.056 9.222660146700535e-07
33600.056 1.0986371652401554e-06
33650.056 1.271695053050329e-06
33700.056 1.2857891559498492e-06
33750.056 1.519136161089977e-06
33800.056 1.443139736059754e-06
33850.056 1.5193487761700098e-06
33900.056 1.5642081410997553e-06
33950.056 1.4418918971399727e-06
34000.056 1.4834093798495873e-06
34050.056 1.4291809603496437e-06
34100.056 1.6721320356501015e-06
34150.056 1.5233906831195948e-06
34200.056 1.3675175718595328e-06
34250.056 1.5942461622797048e-06
34300.056 1.3556216336890992e-06
34350.056 1.36176625856002e-06
34400.056 1.3140736743900335e-06
34450.056 1.4141276906799902e-06
34500.056 1.4901590096301002e-06
34550.056 1.3092688992699753e-06
34600.056 1.5407431489200001e-06
34650.056 1.529002572040016e-06
34700.056 1.4515836831397477e-06
34750.056 1.64887453110026e-06
34800.056 1.5841763656895466e-06
34850.056 1.4370636861000608e-06
34900.056 1.588450270280264e-06
34950.056 1.455717124669623e-06
35000.056 1.6349691687498956e-06
35050.056 1.7065876422601663e-06
35100.056 1.5371100647796317e-06
35150.056 1.673402000179929e-06
35200.056 1.6851421866600696e-06
35250.056 1.6362026463399503e-06
35300.056 1.6522289895900542e-06
35350.056 1.6683433699598254e-06
35400.056 1.657969600420138e-06
35450.056 1.4334974869805534e-06
35500.056 1.8296962753998645e-06
35550.056 1.72661263411999e-06
35600.056 1.5878789144900058e-06
35650.056 1.94181144295017e-06
35700.056 1.615578405460202e-06
35750.056 1.7891037492496612e-06
35800.056 2.0162031533399043e-06
35850.056 1.7948853946099973e-06
35900.056 2.1174646623997025e-06
35950.056 1.954103525040066e-06
36000.056 1.825352220749963e-06
36050.056 2.134745493350228e-06
36100.056 2.1405601953791485e-06
36150.056 1.9745712210803095e-06
36200.056 2.231710374679737e-06
36250.056 1.998836109289691e-06
36300.056 2.3887190223603887e-06
36350.056 2.214482350179829e-06
36400.056 2.1519748668000387e-06
36450.056 2.4435240024997838e-06
36500.056 2.2590813863401046e-06
36550.056 2.246880738400581e-06
36600.056 2.317566148610152e-06
36650.056 2.3916428735000197e-06
36700.056 2.557705578600001e-06
36750.056 2.374650327000222e-06
36800.056 2.46388216539984e-06
36850.056 2.5060749447002372e-06
36900.056 2.524552786900384e-06
36950.056 2.5593227294198645e-06
37000.056 2.6455340115999498e-06
37050.056 2.6595955219998932e-06
37100.056 2.6358368663203342e-06
37150.056 2.6291186366995897e-06
37200.056 2.737989379100045e-06
37250.056 2.7691629080000904e-06
37300.056 2.7619904693003118e-06
37350.056 2.591319638600389e-06
37400.056 2.7628926258997816e-06
37450.056 2.6988334256701893e-06
37500.056 2.7850936061997606e-06
37550.056 2.773038563699582e-06
37600.056 2.9195667205997247e-06
37650.056 2.742673400599837e-06
37700.056 2.8538140388000264e-06
37750.056 2.920971975499788e-06
37800.056 2.9953269878999425e-06
37850.056 2.8331591184998854e-06
37900.056 2.920608890500258e-06
37950.056 2.9447560428000465e-06
38000.056 2.9324685804003046e-06
38050.056 2.957763594200176e-06
38100.056 2.8209785636002296e-06
38150.056 3.0912033777997457e-06
38200.056 3.1321264635997345e-06
38250.056 2.859417579700394e-06
38300.056 2.8545485118999694e-06
38350.056 2.9791406044998815e-06
38400.056 3.024193607499783e-06
38450.056 3.1375236496001717e-06
38500.056 3.0037834845999265e-06
38550.056 3.0244382723001234e-06
38600.056 3.2989523455998576e-06
38650.056 2.9369154190000783e-06
38700.056 2.986434215800532e-06
38750.056 3.111054259499974e-06
38800.056 3.075945623700287e-06
38850.056 3.0115158665001798e-06
38900.056 2.940399503299848e-06
38950.056 3.1586323590998346e-06
39000.056 3.0334462183001006e-06
39050.056 3.119068429699891e-06
39100.056 2.9212667056001103e-06
39150.056 3.050314856500093e-06
39200.056 3.1514988874000915e-06
39250.056 3.112847247399517e-06
39300.056 3.088419785399493e-06
39350.056 3.098779586700298e-06
39400.056 3.0605487900000846e-06
39450.056 3.065660868999862e-06
39500.056 2.990553324599764e-06
39550.056 2.9639381568395897e-06
39600.056 3.2206614819999972e-06
39650.056 2.8947978652000044e-06
39700.056 3.003844414699877e-06
39750.056 2.976046597839701e-06
39800.056 2.8310394911001475e-06
39850.056 2.9345702835997977e-06
39900.056 2.8924093853000204e-06
39950.056 3.0247038931998533e-06
40000.056 2.7520322331998913e-06
40050.056 2.63428058889999e-06
40100.056 2.810034235599836e-06
40150.056 2.6473067857994623e-06
40200.056 2.742861573099761e-06
40250.056 2.662104279809343e-06
40300.056 2.5239182346002964e-06
40350.056 2.7197098789002004e-06
40400.056 2.6931850367000205e-06
40450.056 2.516377159000363e-06
40500.056 2.344982654700171e-06
40550.056 2.7240960595998134e-06
40600.056 2.3879673718902716e-06
40650.056 2.5177853806002437e-06
40700.056 2.6399327241001134e-06
40750.056 2.3546416441992062e-06
40800.056 2.303784871530315e-06
40850.056 2.2170765518404965e-06
40900.056 2.221073537500292e-06
40950.056 2.3522692034199794e-06
41000.056 2.3809974209000328e-06
41050.056 2.339738331209626e-06
41100.056 2.2086946457700983e-06
41150.056 2.35530815070005e-06
41200.056 2.2411546807500843e-06
41250.056 2.2625457798801804e-06
41300.056 1.9868233404696926e-06
41350.056 2.3435040621800638e-06
41400.056 2.1664581331001485e-06
41450.056 2.153234234630098e-06
41500.056 2.279391022320148e-06
41550.056 2.2139038487100153e-06
41600.056 2.275941922100058e-06
41650.056 2.06776870566036e-06
41700.056 1.981004361149728e-06
41750.056 2.1058878140299342e-06
41800.056 2.130099776259707e-06
41850.056 1.8616470642403472e-06
41900.056 2.1936551598398064e-06
41950.056 2.019618419850413e-06
42000.056 2.0662813672601982e-06
42050.056 1.867621638939427e-06
42100.056 2.1557054089002636e-06
42150.056 1.6893968813895768e-06
42200.056 1.7964674300701162e-06
42250.056 1.986962168139914e-06
42300.056 1.7527201281700676e-06
42350.056 2.0381523444904123e-06
42400.056 1.7782344218503112e-06
42450.056 1.5592704549800622e-06
42500.056 1.6552298937302417e-06
42550.056 1.764616486079931e-06
42600.056 1.7159067252203237e-06
42650.056 1.6489572971292805e-06
42700.056 1.7737222636204356e-06
42750.056 1.653259490040028e-06
42800.056 1.664591153040333e-06
42850.056 1.822432058419668e-06
42900.056 1.7409284274501116e-06
42950.056 1.5405423702793793e-06
43000.056 1.6290092929399571e-06
43050.056 1.4904091085907036e-06
43100.056 1.5999148089399862e-06
43150.056 1.6297151031002943e-06
43200.056 1.561208765990118e-06
43250.056 1.5791899442499855e-06
43300.056 1.6248770257300824e-06
43350.056 1.428907500049815e-06
43400.056 1.4878514051998405e-06
43450.056 1.4781920569303792e-06
43500.056 1.4621775841398093e-06
43550.056 1.5073468303700304e-06
43600.056 1.585438294090065e-06
43650.056 1.380778872310087e-06
43700.056 1.3524719926999065e-06
43750.056 1.4040181436101622e-06
43800.056 1.3262160826300462e-06
43850.056 1.334870180030321e-06
43900.056 1.3801935713399253e-06
43950.056 1.2731497808200675e-06
44000.056 1.1808458255800578e-06
44050.056 1.1725410519500734e-06
44100.056 1.264974564560183e-06
44150.056 1.3074405434998468e-06
44200.056 1.2082600454500713e-06
44250.056 1.1732136970399961e-06
44300.056 1.1305717840101593e-06
44350.056 1.1145676081900976e-06
44400.056 1.1646108241799334e-06
44450.056 1.1803425040200467e-06
44500.056 1.1692702073101701e-06
44550.056 1.0638755432397834e-06
44600.056 1.0724340841501201e-06
44650.056 1.150325272200038e-06
44700.056 1.0424349477701069e-06
44750.056 1.0997120315798796e-06
44800.056 1.0884243191199482e-06
44850.056 1.081682482090076e-06
44900.056 1.0124693825501165e-06
44950.056 9.668560221200438e-07
45000.056 1.0461897171799313e-06
45050.056 1.0521074096999092e-06
45100.056 1.077177522479973e-06
45150.056 9.937971124399943e-07
45200.056 9.220573140599914e-07
45250.056 9.561236917799197e-07
45300.056 1.0279623816300464e-06
45350.056 1.061719099429924e-06
45400.056 9.997004374601158e-07
45450.056 9.213175123098659e-07
45500.056 9.54110022449972e-07
45550.056 1.0451033322599425e-06
45600.056 9.607104194599787e-07
45650.056 8.834119534598418e-07
45700.056 1.0340455784700685e-06
45750.056 9.372368595900053e-07
45800.056 9.234041982399687e-07
45850.056 1.0906992209599648e-06
45900.056 1.085654055690045e-06
45950.056 9.426010676599928e-07
46000.056 1.116272364980018e-06
46050.056 1.1028080983001965e-06
46100.056 9.128274093900908e-07
46150.056 1.0010669238399547e-06
46200.056 1.0695998805002162e-06
46250.056 8.904454217199937e-07
46300.056 1.1486651205299697e-06
46350.056 9.68861115879902e-07
46400.056 9.979994124998896e-07
46450.056 1.034198013510152e-06
46500.056 9.387851683499275e-07
46550.056 1.1557492222099895e-06
46600.056 1.0618252155100382e-06
46650.056 1.3594189560198566e-06
46700.056 1.2593880199703699e-06
46750.056 1.0000389168399146e-06
46800.056 1.0986818496401615e-06
46850.056 1.184434877970125e-06
46900.056 1.1052272620298103e-06
46950.056 1.2475989513600382e-06
47000.056 1.045989058979994e-06
47050.056 1.248831141579828e-06
47100.056 9.727406423900867e-07
47150.056 1.0841979423801379e-06
47200.056 1.159899476830273e-06
47250.056 1.0265893419898662e-06
47300.056 1.0779982531397632e-06
47350.056 9.251478455198304e-07
47400.056 1.148874299029787e-06
47450.056 1.0114502267599224e-06
47500.056 1.1291544645898417e-06
47550.056 1.0129929811799093e-06
47600.056 1.1545960947599151e-06
47650.056 8.505846791898028e-07
47700.056 1.1831895159300427e-06
47750.056 8.201713742601811e-07
47800.056 1.151853225549887e-06
47850.056 8.883530954198707e-07
47900.056 1.1516800379900644e-06
47950.056 8.684913094801516e-07
48000.056 1.2933695077599967e-06
48050.056 9.68666625260152e-07
48100.056 1.0769970964599724e-06
48150.056 9.735026818401338e-07
48200.056 1.16627193213014e-06
48250.056 9.649399951499888e-07
48300.056 1.2699632362298053e-06
48350.056 8.680280423199162e-07
48400.056 1.1420900736399905e-06
48450.056 9.298633351000251e-07
48500.056 1.2869888432700358e-06
48550.056 8.86442233110024e-07
48600.056 1.1882690364498963e-06
48650.056 9.191559703799752e-07
48700.056 1.1633097007800807e-06
48750.056 8.271822667300716e-07
48800.056 1.2978191467000707e-06
48850.056 9.019443606798284e-07
48900.056 1.191077371030106e-06
48950.056 1.0603756564900156e-06
49000.056 1.0519247755798868e-06
49050.056 1.1262930914999592e-06
49100.056 1.0268161152001043e-06
49150.056 1.0930181771199965e-06
49200.056 1.0255100447199583e-06
49250.056 1.0844292857400082e-06
49300.056 9.415162201599116e-07
49350.056 1.0200236658999746e-06
49400.056 1.191334401210076e-06
49450.056 1.0151511797002248e-06
49500.056 1.0718518920300615e-06
49550.056 9.334456199399844e-07
49600.056 1.026893669860223e-06
49650.056 1.0758085075200412e-06
49700.056 9.230813306299272e-07
49750.056 1.3859602916798198e-06
49800.056 1.0244867430900557e-06
49850.056 1.3211733782800568e-06
49900.056 1.0366829301600717e-06
49950.056 1.1076818589397414e-06
50000.056 1.0886672177397643e-06
50050.056 1.0900101961300772e-06
50100.056 1.1835140812299298e-06
50150.056 9.92160025810035e-07
50200.056 9.394764960101128e-07
50250.056 1.0953560131600603e-06
50300.056 1.0124070704899358e-06
50350.056 1.2049841330999883e-06
50400.056 1.044272333809969e-06
50450.056 1.0435427651601545e-06
50500.056 1.3281528241501976e-06
50550.056 1.0801460744499556e-06
50600.056 1.1789960991400192e-06
50650.056 1.10210507049023e-06
50700.056 1.2207282182096935e-06
50750.056 1.2612851858701697e-06
50800.056 9.271735568598914e-07
50850.056 1.1098463116101834e-06
50900.056 1.1895079132199592e-06
50950.056 1.1933271193202037e-06
51000.056 1.385260822640121e-06
51050.056 1.044992834200133e-06
51100.056 1.0240930484699231e-06
51150.056 1.1863239094099195e-06
51200.056 1.12919372672996e-06
51250.056 1.2442822147599713e-06
51300.056 1.021756347120316e-06
51350.056 1.1672858994598133e-06
51400.056 1.0882487187497511e-06
51450.056 8.211694811098658e-07
51500.056 1.104301036360017e-06
51550.056 1.4037148825401302e-06
51600.056 9.474852827000471e-07
51650.056 1.1345932715598305e-06
51700.056 1.063483004349693e-06
51750.056 1.0122798970900727e-06
51800.056 1.2270465496697812e-06
51850.056 1.2019908731498517e-06
51900.056 1.2741852929902097e-06
51950.056 1.1661759104098943e-06
52000.056 9.887360824499536e-07
52050.056 1.1589622110599243e-06
52100.056 1.0770133679198087e-06
52150.056 1.0936478460400716e-06
52200.056 1.051020127710047e-06
52250.056 1.1023086747399999e-06
52300.056 1.2122052899499816e-06
52350.056 1.2990503998601435e-06
52400.056 9.448361708701428e-07
52450.056 1.1130096510799889e-06
52500.056 1.2473581113297742e-06
52550.056 1.1548667666796682e-06
52600.056 1.1764018023501457e-06
52650.056 1.3197701390001864e-06
52700.056 1.1176316532600258e-06
52750.056 9.322990985898956e-07
52800.056 1.0487032351300985e-06
52850.056 9.917091781898887e-07
52900.056 1.1199272384800584e-06
52950.056 1.0945649341098599e-06
53000.056 1.245765812789902e-06
53050.056 1.083806067519785e-06
53100.056 1.0372557697797796e-06
53150.056 1.297917835950211e-06
53200.056 9.049730575601294e-07
53250.056 1.278403882489962e-06
53300.056 1.2533896027505067e-06
53350.056 1.238400327699859e-06
53400.056 1.1501940419000897e-06
