galfind/configs/Brown_Dwarf_templates/sonora_bobcat/m-0.5/31g/sp_t1500g31nc_m-0.5_resample.dat
# %ECSV 1.0
# ---
# datatype:
# - {name: wav, unit: Angstrom, datatype: float64}
# - {name: flux_nu, unit: erg / (cm2 Hz s), datatype: float64}
# meta: {C/O: '1.00', Kzz: '1.0000E+05', Teff: '1500.', Y: '0.28', '[Fe/H]': '-0.50', f_hole: '1.00', f_rain: '0.00', grav: '32.'}
# schema: astropy-2.0
wav flux_nu
[from data line 500]
29000.056 6.438416502688427e-07
29050.056 6.759208985019215e-07
29100.056 5.495251777450939e-07
29150.056 7.294365678091562e-07
29200.056 6.303566896881244e-07
29250.056 7.410236536939981e-07
29300.056 5.856201068057165e-07
29350.056 8.683106525398343e-07
29400.056 6.748360830568745e-07
29450.056 7.05387932824981e-07
29500.056 7.263692961588919e-07
29550.056 7.023404636500211e-07
29600.056 7.67640706304838e-07
29650.056 7.285747875979233e-07
29700.056 6.492571893938461e-07
29750.056 8.049971246283552e-07
29800.056 8.225124074689287e-07
29850.056 7.872616629938959e-07
29900.056 7.231561560942408e-07
29950.056 8.383208344498599e-07
30000.056 8.22997791062848e-07
30050.056 7.699622893099354e-07
30100.056 6.611998512597984e-07
30150.056 9.360408935999438e-07
30200.056 8.083498209700394e-07
30250.056 8.504619165902185e-07
30300.056 7.975318885599271e-07
30350.056 7.555128712900783e-07
30400.056 8.906126157800945e-07
30450.056 7.185666076560899e-07
30500.056 6.375008789800912e-07
30550.056 7.672430302901483e-07
30600.056 7.695983287200634e-07
30650.056 7.421931607399256e-07
30700.056 6.90814950171989e-07
30750.056 6.585295278699923e-07
30800.056 6.765821175801268e-07
30850.056 5.850541007798946e-07
30900.056 6.075770575699173e-07
30950.056 5.507931833270959e-07
31000.056 5.4374183238998e-07
31050.056 5.556944943600006e-07
31100.056 4.87247831209967e-07
31150.056 5.280550179099488e-07
31200.056 5.464232326000012e-07
31250.056 4.899770565999728e-07
31300.056 4.763490582759466e-07
31350.056 4.450824909079979e-07
31400.056 4.174137099350692e-07
31450.056 4.1688004654995977e-07
31500.056 4.0992379732893997e-07
31550.056 4.08861696608005e-07
31600.056 3.761689121299717e-07
31650.056 3.683439677839945e-07
31700.056 3.6955804802996156e-07
31750.056 3.424211940180957e-07
31800.056 3.886749584999525e-07
31850.056 3.5560443862004605e-07
31900.056 4.0061911037999825e-07
31950.056 3.215226910690288e-07
32000.056 3.661781917549511e-07
32050.056 3.894212150670274e-07
32100.056 3.870632097200278e-07
32150.056 4.0910015410996235e-07
32200.056 3.709433322149848e-07
32250.056 4.415506709700434e-07
32300.056 3.7851580546998254e-07
32350.056 4.679046943499896e-07
32400.056 3.7452631013999556e-07
32450.056 4.6200485027986143e-07
32500.056 4.676391001700824e-07
32550.056 4.833832963799992e-07
32600.056 4.862573336559874e-07
32650.056 5.587352305200078e-07
32700.056 5.351248399500641e-07
32750.056 5.566318743900063e-07
32800.056 5.444040485400261e-07
32850.056 5.764320421998899e-07
32900.056 6.275789207999701e-07
32950.056 5.775156933499521e-07
33000.056 5.611360230399227e-07
33050.056 5.083998497800546e-07
33100.056 4.3270015288996113e-07
33150.056 3.096332081510111e-07
33200.056 2.3668711095194418e-07
33250.056 1.9252891988994166e-07
33300.056 1.8052549560002438e-07
33350.056 2.0518402936000297e-07
33400.056 2.2425217888997122e-07
33450.056 2.5177012554999534e-07
33500.056 2.9979702248004234e-07
33550.056 3.2547007922005e-07
33600.056 3.772697965300032e-07
33650.056 4.218144949000309e-07
33700.056 4.257873341699682e-07
33750.056 5.178414200300042e-07
33800.056 5.17651907524946e-07
33850.056 5.641454977399634e-07
33900.056 5.403218485599597e-07
33950.056 5.134902311199745e-07
34000.056 5.612658774399521e-07
34050.056 5.054730638799025e-07
34100.056 5.911704679799491e-07
34150.056 5.402680010599141e-07
34200.056 4.6573324292986756e-07
34250.056 5.444033322098521e-07
34300.056 4.752675111897217e-07
34350.056 4.3516738700998376e-07
34400.056 4.3834107526001686e-07
34450.056 4.991105766599737e-07
34500.056 4.987290999799936e-07
34550.056 4.660134064699873e-07
34600.056 5.435891002400179e-07
34650.056 5.228183979799445e-07
34700.056 5.064359525899255e-07
34750.056 5.588037865000281e-07
34800.056 5.299634968598665e-07
34850.056 4.958869725000056e-07
34900.056 5.790798212599884e-07
34950.056 5.20803207609895e-07
35000.056 6.245910386600382e-07
35050.056 5.455599493299203e-07
35100.056 5.606819060599411e-07
35150.056 6.074942457999753e-07
35200.056 6.020939672000706e-07
35250.056 6.326542612799378e-07
35300.056 6.029366896900763e-07
35350.056 5.793568284798989e-07
35400.056 6.137427172601132e-07
35450.056 4.949315175702316e-07
35500.056 6.68321384070036e-07
35550.056 6.63454715479939e-07
35600.056 6.061535505800835e-07
35650.056 7.088712798100137e-07
35700.056 6.174846723200172e-07
35750.056 6.771252258698179e-07
35800.056 8.322876726100433e-07
35850.056 6.804788718599604e-07
35900.056 8.362671854599003e-07
35950.056 7.94229729640032e-07
36000.056 7.848934617000244e-07
36050.056 8.493595014600196e-07
36100.056 8.722378107094742e-07
36150.056 8.560411305000946e-07
36200.056 9.67413664149917e-07
36250.056 9.007271436598746e-07
36300.056 1.0254731414401173e-06
36350.056 9.75366279789886e-07
36400.056 9.651692422700257e-07
36450.056 1.0994990329099693e-06
36500.056 1.0547544193399524e-06
36550.056 1.1097336854303603e-06
36600.056 1.1499392243500675e-06
36650.056 1.1765114183598007e-06
36700.056 1.2755361116099435e-06
36750.056 1.2465515968201918e-06
36800.056 1.3013722425699226e-06
36850.056 1.3304588809499946e-06
36900.056 1.3180355636501514e-06
36950.056 1.429330510659875e-06
37000.056 1.4611306947399426e-06
37050.056 1.451181664209942e-06
37100.056 1.5118236323401782e-06
37150.056 1.4821242260599206e-06
37200.056 1.5666795736000454e-06
37250.056 1.6001160216999488e-06
37300.056 1.5348501910499143e-06
37350.056 1.4939658200502802e-06
37400.056 1.6804059329998688e-06
37450.056 1.5972862960401546e-06
37500.056 1.646184498889823e-06
37550.056 1.7161401501798993e-06
37600.056 1.8093681135999118e-06
37650.056 1.6820053128999729e-06
37700.056 1.8271945074000824e-06
37750.056 1.7871112211199862e-06
37800.056 1.8627218698001776e-06
37850.056 1.7431816530399348e-06
37900.056 1.8127854872002515e-06
37950.056 1.8080018650799595e-06
38000.056 1.9055112261901482e-06
38050.056 1.903093249200105e-06
38100.056 1.8057986415202129e-06
38150.056 2.032972576299892e-06
38200.056 2.059159291499959e-06
38250.056 1.8721256329002415e-06
38300.056 1.9345719661999546e-06
38350.056 2.0261521297999367e-06
38400.056 1.9737787999597907e-06
38450.056 2.1132279385000678e-06
38500.056 1.994152321100079e-06
38550.056 2.0757314289000864e-06
38600.056 2.2296246302998564e-06
38650.056 2.025982807300027e-06
38700.056 2.0836754780703e-06
38750.056 2.145839580400018e-06
38800.056 2.106404109200017e-06
38850.056 2.0585471413100798e-06
38900.056 2.049562699619925e-06
38950.056 2.1992128492999276e-06
39000.056 2.122978012400058e-06
39050.056 2.186354007899862e-06
39100.056 2.0324987370801924e-06
39150.056 2.144087782000059e-06
39200.056 2.224578994600036e-06
39250.056 2.203102904799632e-06
39300.056 2.1533796522996213e-06
39350.056 2.2016699989902084e-06
39400.056 2.1844119555000794e-06
39450.056 2.178931774299901e-06
39500.056 2.1007643138898694e-06
39550.056 2.116120108839823e-06
39600.056 2.279243301699849e-06
39650.056 2.0869848765999834e-06
39700.056 2.144513952999929e-06
39750.056 2.100817878819867e-06
39800.056 2.0403212144000217e-06
39850.056 2.1169681909498757e-06
39900.056 2.0865844758400964e-06
39950.056 2.167671891599824e-06
40000.056 2.0002259511999922e-06
40050.056 1.948842424400037e-06
40100.056 2.0464055331599152e-06
40150.056 1.9446634286996777e-06
40200.056 1.9938140567997952e-06
40250.056 1.909832448759549e-06
40300.056 1.8549959841001863e-06
40350.056 2.0033724229001706e-06
40400.056 1.9575848026400992e-06
40450.056 1.8944308188002213e-06
40500.056 1.7553128764301713e-06
40550.056 2.0017619730998907e-06
40600.056 1.7588536025102235e-06
40650.056 1.8405699034000077e-06
40700.056 1.953646676000045e-06
40750.056 1.7597055964994056e-06
40800.056 1.6874005419401404e-06
40850.056 1.6999503121403671e-06
40900.056 1.671364901260111e-06
40950.056 1.7612455627799857e-06
41000.056 1.7600471947999512e-06
41050.056 1.7554312656597984e-06
41100.056 1.6599287076899988e-06
41150.056 1.711686778700003e-06
41200.056 1.6876022538400555e-06
41250.056 1.684555593270102e-06
41300.056 1.4994607753497172e-06
41350.056 1.7550902354900435e-06
41400.056 1.625609661860149e-06
41450.056 1.6401622789002e-06
41500.056 1.6657897626600715e-06
41550.056 1.646075122929992e-06
41600.056 1.6983395087400508e-06
41650.056 1.5766807577902706e-06
41700.056 1.5100854738798026e-06
41750.056 1.5738637699199187e-06
41800.056 1.6395843273197636e-06
41850.056 1.3714648010102508e-06
41900.056 1.636135226549864e-06
41950.056 1.5264716233203462e-06
42000.056 1.5381851923501757e-06
42050.056 1.3811675442596357e-06
42100.056 1.6322844180402085e-06
42150.056 1.2517991568096925e-06
42200.056 1.3420431006000713e-06
42250.056 1.4674380765299516e-06
42300.056 1.2850453964500529e-06
42350.056 1.524672386910283e-06
42400.056 1.3167806769802691e-06
42450.056 1.1713369638300597e-06
42500.056 1.2407795232501976e-06
42550.056 1.287531939449938e-06
42600.056 1.257313155580293e-06
42650.056 1.2274812537094574e-06
42700.056 1.3126284976103125e-06
42750.056 1.2215175541799937e-06
42800.056 1.2149167664902896e-06
42850.056 1.344090145289713e-06
42900.056 1.2836421100700885e-06
42950.056 1.1475435216795417e-06
43000.056 1.1973776862799922e-06
43050.056 1.0708211671904947e-06
43100.056 1.1566793626600449e-06
43150.056 1.165489864720173e-06
43200.056 1.1429234397801075e-06
43250.056 1.1503375849099056e-06
43300.056 1.2044831307900457e-06
43350.056 1.0490191126398952e-06
43400.056 1.097664672679912e-06
43450.056 1.0897416977302308e-06
43500.056 1.0826770181298782e-06
43550.056 1.1224839618100545e-06
43600.056 1.1851901583300466e-06
43650.056 1.0372035528100392e-06
43700.056 1.0303464044598867e-06
43750.056 1.0655858670101567e-06
43800.056 1.0047492930200333e-06
43850.056 1.009374412450214e-06
43900.056 1.047211557849913e-06
43950.056 9.547849055200252e-07
44000.056 9.033707072900474e-07
44050.056 9.104385842800584e-07
44100.056 9.744749543301139e-07
44150.056 9.934523223198805e-07
44200.056 9.325947652500399e-07
44250.056 9.048818919600052e-07
44300.056 8.750121825500945e-07
44350.056 8.650882813700647e-07
44400.056 9.015137673999562e-07
44450.056 9.049973084000179e-07
44500.056 9.070304045801219e-07
44550.056 8.436569570398451e-07
44600.056 8.357008373300939e-07
44650.056 8.922633446000517e-07
44700.056 8.109872758900656e-07
44750.056 8.611468731099136e-07
44800.056 8.548832284999602e-07
44850.056 8.419348968300739e-07
44900.056 7.876161935700765e-07
44950.056 7.658777940000414e-07
45000.056 8.169021462799467e-07
45050.056 8.227489378199432e-07
45100.056 8.459227827599809e-07
45150.056 7.838838407099903e-07
45200.056 7.329780735200124e-07
45250.056 7.546143899099312e-07
45300.056 8.015862974900288e-07
45350.056 8.254327000899444e-07
45400.056 7.879058101000798e-07
45450.056 7.305261559498916e-07
45500.056 7.559856969799744e-07
45550.056 8.173693962899519e-07
45600.056 7.602042213799888e-07
45650.056 7.010582816398776e-07
45700.056 8.175041220400605e-07
45750.056 7.374346744300122e-07
45800.056 7.332566152899716e-07
45850.056 8.56688237259963e-07
45900.056 8.452853875600346e-07
45950.056 7.39221468300003e-07
46000.056 8.594136959300265e-07
46050.056 8.482727650701334e-07
46100.056 7.213486248100683e-07
46150.056 7.939891161699665e-07
46200.056 8.305266660201559e-07
46250.056 7.0741509088999e-07
46300.056 8.877387219499843e-07
46350.056 7.652949547299279e-07
46400.056 7.866013063999254e-07
46450.056 8.197035568300936e-07
46500.056 7.404288818799534e-07
46550.056 9.036642504099839e-07
46600.056 8.376335086200363e-07
46650.056 1.0531496396098498e-06
46700.056 9.74442470120304e-07
46750.056 7.84515579909942e-07
46800.056 8.566078808201099e-07
46850.056 9.247889520701033e-07
46900.056 8.689338914498601e-07
46950.056 9.646881944700199e-07
47000.056 8.163293530999972e-07
47050.056 9.749646858998619e-07
47100.056 7.60136643180073e-07
47150.056 8.341047182600831e-07
47200.056 9.011217566001672e-07
47250.056 8.006606377899319e-07
47300.056 8.247905005098321e-07
47350.056 7.42566541769878e-07
47400.056 9.009932800998629e-07
47450.056 7.829959069099549e-07
47500.056 8.940231151398944e-07
47550.056 7.938351417099377e-07
47600.056 8.948910555999397e-07
47650.056 6.784538172098589e-07
47700.056 9.201033912200561e-07
47750.056 6.543680312901278e-07
47800.056 9.034935321499109e-07
47850.056 7.044240605198967e-07
47900.056 8.874864058800387e-07
47950.056 6.920684850900965e-07
48000.056 9.920532839200087e-07
48050.056 7.686112567201e-07
48100.056 8.488639271099893e-07
48150.056 7.726809794801042e-07
48200.056 9.051140851700951e-07
48250.056 7.598008542700127e-07
48300.056 9.76043292859826e-07
48350.056 6.939019346599565e-07
48400.056 8.751908819099924e-07
48450.056 7.403861054100258e-07
48500.056 9.9613121179003e-07
48550.056 7.076374861800112e-07
48600.056 9.174895708799311e-07
48650.056 7.386867196999731e-07
48700.056 9.058557460700557e-07
48750.056 6.662784100300559e-07
48800.056 1.0069665497000375e-06
48850.056 7.173955769798635e-07
48900.056 9.383975837600807e-07
48950.056 8.459634215300206e-07
49000.056 8.086700665898913e-07
49050.056 8.932824860199884e-07
49100.056 8.096970074800633e-07
49150.056 8.659759953399773e-07
49200.056 8.140172533999709e-07
49250.056 8.651997328700213e-07
49300.056 7.518886085099472e-07
49350.056 8.063652000999952e-07
49400.056 9.288259189000473e-07
49450.056 8.094506346501806e-07
49500.056 8.435366509000205e-07
49550.056 7.385743062099953e-07
49600.056 8.152648632201665e-07
49650.056 8.500872709700167e-07
49700.056 7.409646685999251e-07
49750.056 1.0642500555898595e-06
49800.056 8.107688795600382e-07
49850.056 1.0326888488600708e-06
49900.056 8.196266304000449e-07
49950.056 8.79887022049827e-07
50000.056 8.635808190598329e-07
50050.056 8.690290713600501e-07
50100.056 9.263617866399504e-07
50150.056 7.776221196400265e-07
50200.056 7.332031481700689e-07
50250.056 8.76990318480021e-07
50300.056 8.164172538299586e-07
50350.056 9.659907914099941e-07
50400.056 8.356188520399689e-07
50450.056 8.264413950401311e-07
50500.056 1.0235119251501436e-06
50550.056 8.588682730499794e-07
50600.056 9.250187163499994e-07
50650.056 8.861180213201607e-07
50700.056 9.682966899597852e-07
50750.056 1.0018118864001314e-06
50800.056 7.413407683899036e-07
50850.056 8.710803757001489e-07
50900.056 9.548592058699673e-07
50950.056 9.335687856701805e-07
51000.056 1.0828000454201e-06
51050.056 8.286414851300895e-07
51100.056 8.012830274999327e-07
51150.056 9.30437317859931e-07
51200.056 9.192276172699728e-07
51250.056 9.634239399899603e-07
51300.056 8.122166731202603e-07
51350.056 8.985932148298682e-07
51400.056 8.224473149398426e-07
51450.056 6.49946248069878e-07
51500.056 8.444582767600449e-07
51550.056 1.0916365597101035e-06
51600.056 7.664009177700617e-07
51650.056 8.897749312198837e-07
51700.056 8.470791199597746e-07
51750.056 7.967250364000571e-07
51800.056 9.596478535997772e-07
51850.056 9.461432852999015e-07
51900.056 1.0151392304901691e-06
51950.056 9.275918537899268e-07
52000.056 7.708079738899679e-07
52050.056 9.043240596699511e-07
52100.056 8.295990669198684e-07
52150.056 8.432929647300423e-07
52200.056 7.979864938000113e-07
52250.056 8.581399469600118e-07
52300.056 9.663597765299813e-07
52350.056 1.0088363334200898e-06
52400.056 7.40604620170119e-07
52450.056 8.802191374499963e-07
52500.056 9.724682297498375e-07
52550.056 9.257818788497507e-07
52600.056 9.10020018250118e-07
52650.056 1.0084246444401602e-06
52700.056 8.724514182800137e-07
52750.056 7.379222756999295e-07
52800.056 8.258807334600736e-07
52850.056 7.878309450898991e-07
52900.056 8.703453667500469e-07
52950.056 8.595279245399097e-07
53000.056 9.741039502999374e-07
53050.056 8.269835639898235e-07
53100.056 7.932174597098268e-07
53150.056 1.023357618960133e-06
53200.056 7.125867451900732e-07
53250.056 1.0040397020399872e-06
53300.056 9.754698413903896e-07
53350.056 9.667643419998992e-07
53400.056 9.178302521200775e-07
53450.056 8.065136840000426e-07
53500.056 6.855623997598707e-07
53550.056 8.625644564699037e-07
53600.056 9.392775380501545e-07
53650.056 7.706556507400811e-07
53700.056 8.066652181501567e-07
53750.056 8.661807275900236e-07
