galfind/configs/Brown_Dwarf_templates/sonora_bobcat/m-0.5/31g/sp_t200g31nc_m-0.5_resample.dat
# %ECSV 1.0
# ---
# datatype:
# - {name: wav, unit: Angstrom, datatype: float64}
# - {name: flux_nu, unit: erg / (cm2 Hz s), datatype: float64}
# meta: {C/O: '1.00', Kzz: '1.0000E+05', Teff: '200.', Y: '0.28', '[Fe/H]': '-0.50', f_hole: '1.00', f_rain: '0.00', grav: '32.'}
# schema: astropy-2.0
wav flux_nu
[from data line 499]
28950.056 1.7219700262545413e-14
29000.056 8.312749111697711e-15
29050.056 1.848522354973187e-14
29100.056 2.8429093971506944e-15
29150.056 1.1166881511208656e-15
29200.056 9.573613607122545e-14
29250.056 1.8568923597466104e-14
29300.056 5.730911547903877e-15
29350.056 3.222401191341129e-14
29400.056 3.627370659733757e-14
29450.056 3.3030220275341752e-15
29500.056 5.910337023046888e-14
29550.056 1.5581631737986424e-14
29600.056 4.769753985642181e-15
29650.056 5.640348750391307e-14
29700.056 9.936261505103948e-15
29750.056 8.91106048551228e-14
29800.056 1.312508661552502e-14
29850.056 7.543544952870388e-14
29900.056 1.9009628367346614e-14
29950.056 2.318176298968351e-14
30000.056 5.181031093102784e-17
30050.056 7.616638704445783e-15
30100.056 3.590827540670282e-14
30150.056 7.963540745991095e-14
30200.056 8.849786547931092e-14
30250.056 5.948272196350586e-14
30300.056 1.0888189292695301e-13
30350.056 1.65932315177155e-14
30400.056 1.614105829274656e-13
30450.056 3.3252142788685246e-13
30500.056 1.3750044856981479e-14
30550.056 2.307279463573121e-14
30600.056 2.5041777417314196e-12
30650.056 5.733050297098451e-13
30700.056 2.527142605222175e-14
30750.056 2.2348475423082677e-13
30800.056 1.1230790793711263e-12
30850.056 6.776720660717328e-13
30900.056 2.820635940213789e-13
30950.056 1.127033771540974e-13
31000.056 1.6002721960224633e-13
31050.056 2.5528347854083417e-14
31100.056 2.447740590388341e-14
31150.056 1.391435198848457e-13
31200.056 1.0501613644358313e-12
31250.056 7.359716264068557e-13
31300.056 7.284239446087809e-14
31350.056 1.1740981367116364e-12
31400.056 6.969324939945209e-13
31450.056 6.013274772061532e-13
31500.056 1.2195731312408163e-13
31550.056 3.6144402009696353e-13
31600.056 3.8407046691985367e-13
31650.056 2.438186024227462e-13
31700.056 1.2779696224194462e-13
31750.056 6.911313315828028e-14
31800.056 1.0126207595588287e-13
31850.056 7.514461681003763e-15
31900.056 2.5185975621014002e-14
31950.056 1.241316959277117e-14
32000.056 5.500073898250176e-15
32050.056 5.1200304454431225e-15
32100.056 4.886633959663183e-15
32150.056 1.843292404127561e-15
32200.056 4.834079163936631e-16
32250.056 1.286432211993717e-15
32300.056 1.177865390413859e-16
32350.056 4.1302044604714533e-16
32400.056 1.0824552249901253e-17
32450.056 1.906292377999981e-16
32500.056 7.023821960198043e-18
32550.056 9.026577516374103e-17
32600.056 2.4462789648603806e-18
32650.056 1.5641236816178752e-16
32700.056 3.9561549779318275e-18
32750.056 7.320493296951683e-16
32800.056 1.2788676251836846e-16
32850.056 6.244856528666054e-15
32900.056 2.492695098558774e-15
32950.056 6.35896771488603e-15
33000.056 1.2590813593131734e-15
33050.056 2.355390111691454e-16
33100.056 2.39855439837489e-17
33150.056 5.137037461250529e-20
33200.056 1.222728769566277e-17
33250.056 2.587791177390503e-17
33300.056 1.56149001474246e-15
33350.056 4.451356602621933e-16
33400.056 7.342705869028045e-15
33450.056 1.221453098356817e-16
33500.056 3.2813604594608586e-15
33550.056 2.4973977993728924e-16
33600.056 1.4838976550334222e-15
33650.056 2.156365176973609e-15
33700.056 9.939464795333523e-17
33750.056 2.603142958475105e-15
33800.056 3.714162691195126e-17
33850.056 1.195687725241504e-15
33900.056 1.5368967222342755e-15
33950.056 2.3691177720615434e-15
34000.056 8.92185097746229e-15
34050.056 1.2641597827429682e-15
34100.056 1.3321001018532854e-14
34150.056 4.348119990025699e-15
34200.056 2.9576364307756914e-14
34250.056 5.046343500078449e-15
34300.056 1.1744754892907042e-14
34350.056 1.7122456351768924e-13
34400.056 9.478796055795774e-15
34450.056 7.33523815921385e-14
34500.056 1.1396388186112264e-14
34550.056 1.0777810870886532e-13
34600.056 6.483954805828779e-13
34650.056 6.017535604310054e-15
34700.056 2.225354833847101e-13
34750.056 6.686255362354592e-14
34800.056 4.0035980915969814e-14
34850.056 2.147629727312825e-13
34900.056 2.0943168698132982e-14
34950.056 5.482520939009544e-13
35000.056 3.5810034514686123e-13
35050.056 8.631043103035415e-13
35100.056 1.0474213334914294e-12
35150.056 8.667250324035196e-13
35200.056 1.082446912246511e-12
35250.056 2.2625795448784502e-12
35300.056 2.361786789119385e-13
35350.056 4.18065219240269e-14
35400.056 2.610274866235304e-14
35450.056 3.465419979443698e-14
35500.056 2.8479317339922553e-13
35550.056 2.149293072930182e-13
35600.056 7.302280668859069e-13
35650.056 1.419440794828614e-12
35700.056 1.9568317634014137e-12
35750.056 5.74429406106805e-13
35800.056 1.871532192814667e-13
35850.056 1.0697076341092048e-13
35900.056 1.6393499336801703e-13
35950.056 5.923552625881279e-13
36000.056 8.663080831157612e-13
36050.056 6.82614006987806e-13
36100.056 5.940925619992858e-13
36150.056 8.2676839718388e-12
36200.056 2.803486293246681e-12
36250.056 1.005597230076514e-12
36300.056 7.314743826283092e-12
36350.056 4.552641272030528e-12
36400.056 4.7503666196810386e-12
36450.056 3.37902004604766e-12
36500.056 2.5209229684059995e-12
36550.056 1.4140921000188498e-11
36600.056 1.1948443833373602e-11
36650.056 3.9885375302219335e-12
36700.056 1.1224208254181268e-11
36750.056 1.7335618694111795e-11
36800.056 2.377428409382202e-11
36850.056 4.239863298702197e-12
36900.056 5.133513729074059e-12
36950.056 2.7409209428957808e-11
37000.056 1.656203867624274e-11
37050.056 2.976967601485519e-11
37100.056 2.9408116932715934e-12
37150.056 7.760654888034846e-12
37200.056 4.6432312978155187e-11
37250.056 2.470303143558835e-11
37300.056 4.069257760362051e-12
37350.056 6.358726251456328e-12
37400.056 1.2443351013825364e-11
37450.056 3.968621149797025e-12
37500.056 8.214689636729108e-12
37550.056 4.587865946910738e-11
37600.056 1.2165060120004918e-10
37650.056 7.5567274783625e-12
37700.056 2.0989225352277904e-11
37750.056 2.3142382433705683e-11
37800.056 1.3305103187192045e-11
37850.056 7.582153255175926e-12
37900.056 5.311662523208471e-12
37950.056 1.4364068908998603e-11
38000.056 1.1105821124642172e-11
38050.056 5.45725722962747e-11
38100.056 6.549997538101788e-11
38150.056 1.3126911727748518e-10
38200.056 5.99796784766005e-11
38250.056 1.3859563707296134e-10
38300.056 2.892871023619894e-10
38350.056 7.112074039442329e-11
38400.056 7.710240675406189e-12
38450.056 1.2094199086441746e-12
38500.056 2.9758648983677123e-12
38550.056 3.3898537828511394e-11
38600.056 6.358654876719714e-11
38650.056 4.277017864127572e-11
38700.056 9.728494574107664e-12
38750.056 3.6817069186191496e-11
38800.056 2.7679641191011517e-11
38850.056 4.9107210947303275e-11
38900.056 6.469223735634517e-11
38950.056 2.391478125058984e-11
39000.056 1.1270045749616178e-10
39050.056 9.154142712488767e-12
39100.056 3.7592722842994636e-11
39150.056 1.1153956676370111e-10
39200.056 6.17967734081751e-11
39250.056 1.1608274432563071e-10
39300.056 4.360370065219397e-11
39350.056 2.011673953200043e-10
39400.056 5.123053443489662e-11
39450.056 1.480922172475877e-10
39500.056 1.53107836661181e-10
39550.056 2.5964051637761822e-11
39600.056 1.454977974055835e-10
39650.056 2.2498618926098686e-10
39700.056 2.5775863866214795e-10
39750.056 4.1641286522467e-11
39800.056 3.4256301201259044e-11
39850.056 1.9896599486004255e-10
39900.056 4.064466952110463e-10
39950.056 6.039044201974115e-11
40000.056 1.6235814805811842e-10
40050.056 2.501707836964366e-10
40100.056 3.371548489081165e-11
40150.056 1.8141461970021475e-10
40200.056 2.3921694827335915e-10
40250.056 3.125822637202912e-10
40300.056 3.7023218301501276e-10
40350.056 1.0247367276785962e-10
40400.056 1.2211671807910617e-10
40450.056 3.384872864066557e-11
40500.056 3.4217070148569345e-10
40550.056 3.0667388270490925e-10
40600.056 3.8792550622498486e-10
40650.056 1.7627758781887259e-10
40700.056 2.645997309441141e-10
40750.056 2.118012955041594e-10
40800.056 9.408764760943673e-11
40850.056 6.815456398121567e-10
40900.056 6.269990276558508e-10
40950.056 4.0425543295419844e-10
41000.056 1.9870703377881254e-10
41050.056 7.662474002349523e-10
41100.056 6.491341869747647e-10
41150.056 8.022228363200114e-11
41200.056 9.048013867043485e-10
41250.056 6.2558047844111e-10
41300.056 5.169237910344375e-10
41350.056 1.2994527453100395e-09
41400.056 8.188735286798709e-10
41450.056 1.1234091480698132e-09
41500.056 4.711338314504264e-10
41550.056 3.5378686461012276e-10
41600.056 4.69653505791461e-10
41650.056 1.1301540720062275e-09
41700.056 1.8164225458198986e-09
41750.056 1.2709005119499747e-09
41800.056 1.2560831231300025e-09
41850.056 9.37697532731812e-10
41900.056 5.264757098324937e-10
41950.056 4.4902141820741207e-10
42000.056 2.8661140979522993e-11
42050.056 1.2355816833083129e-10
42100.056 2.4661509162073196e-10
42150.056 3.9819301704366705e-10
42200.056 8.376395940830817e-10
42250.056 5.928307932652105e-10
42300.056 4.024612782419271e-10
42350.056 1.228761382098021e-09
42400.056 1.8700514790802014e-09
42450.056 2.5113889774001676e-09
42500.056 2.6921704404999315e-09
42550.056 2.17311192135991e-09
42600.056 1.4485020638803994e-09
42650.056 2.125705051439652e-09
42700.056 5.330470935176137e-10
42750.056 2.2270487532003094e-09
42800.056 3.776321060200129e-09
42850.056 3.65640760629969e-09
42900.056 3.2015781343001557e-09
42950.056 2.6827628803302506e-09
43000.056 3.0836709270199666e-09
43050.056 1.2621864614339646e-09
43100.056 1.954479901848143e-09
43150.056 2.2653201144400483e-09
43200.056 3.772910028000075e-09
43250.056 3.919593594700097e-09
43300.056 3.8069985061999835e-09
43350.056 2.569223351579664e-09
43400.056 3.06400144733007e-09
43450.056 1.4632015917129073e-09
43500.056 1.063991727373556e-09
43550.056 1.8605280702100514e-09
43600.056 3.726685030700026e-09
43650.056 2.096685710050002e-09
43700.056 3.7473886463008154e-09
43750.056 4.452990796599692e-09
43800.056 3.157816412439897e-09
43850.056 2.7361757620602816e-09
43900.056 1.6383022229280791e-09
43950.056 1.425632086400013e-09
44000.056 1.847946715569891e-09
44050.056 4.064525396200271e-09
44100.056 4.80675978620007e-09
44150.056 4.283101522099865e-09
44200.056 4.208700128800085e-09
44250.056 2.513549657999804e-09
44300.056 1.7127575944901124e-09
44350.056 1.504736737326024e-09
44400.056 1.4535260172600574e-09
44450.056 3.434542812870389e-09
44500.056 3.0637680850201205e-09
44550.056 4.093750373900061e-09
44600.056 3.064268511149997e-09
44650.056 3.12698959690012e-09
44700.056 2.556296146699597e-09
44750.056 3.80826310240022e-09
44800.056 2.103428961960038e-09
44850.056 2.766754055700036e-09
44900.056 3.091682857399965e-09
44950.056 3.727856792800311e-09
45000.056 4.605725715300014e-09
45050.056 3.667987426499627e-09
45100.056 3.4081190848402333e-09
45150.056 2.814211772899751e-09
45200.056 2.056432916690111e-09
45250.056 2.5253465033395596e-09
45300.056 2.4268255790002084e-09
45350.056 1.5230790986502294e-09
45400.056 4.8033627185001226e-09
45450.056 3.4267660816604394e-09
45500.056 4.45124362680007e-09
45550.056 4.464524780349431e-09
45600.056 4.00019341790019e-09
45650.056 3.888333495399795e-09
45700.056 2.3073304283298282e-09
45750.056 2.0957297778401926e-09
45800.056 4.406216546900089e-09
45850.056 2.9885770335202018e-09
45900.056 4.612751065199951e-09
45950.056 5.05202876209969e-09
46000.056 4.4916370182002895e-09
46050.056 3.102777806730431e-09
46100.056 5.215315552799875e-09
46150.056 3.613817019599967e-09
46200.056 2.6182829757996883e-09
46250.056 9.039829986009995e-10
46300.056 3.1707881713201743e-09
46350.056 3.0637006620402527e-09
46400.056 3.3508815023001113e-09
46450.056 2.487304879060834e-09
46500.056 3.430471946600257e-09
46550.056 1.7499132400897642e-09
46600.056 1.7372261245378366e-09
46650.056 3.2830590821601367e-09
46700.056 2.526180279799711e-09
46750.056 7.929096241760721e-10
46800.056 4.2303480147497e-10
46850.056 2.6671744647103908e-09
46900.056 3.8038365687999175e-09
46950.056 4.01215798129997e-09
47000.056 4.234551485000143e-09
47050.056 2.250895283889486e-09
47100.056 2.249468169100032e-09
47150.056 2.9486501025202553e-09
47200.056 3.441617455599873e-09
47250.056 1.3933177161817118e-09
47300.056 1.0132895872123051e-09
47350.056 3.348595869200234e-09
47400.056 3.8114152114999035e-09
47450.056 1.9275057708159637e-09
47500.056 3.3661515099603957e-09
47550.056 3.7076560774999648e-09
47600.056 2.1832320549197567e-09
47650.056 2.823980395893846e-09
47700.056 2.3630320213782973e-09
47750.056 2.075681603299946e-09
47800.056 1.241442827180027e-09
47850.056 3.8361428382008336e-10
47900.056 8.179257766250346e-10
47950.056 2.6108988598001528e-09
48000.056 3.0818621894997207e-09
48050.056 2.3061431545300747e-09
48100.056 1.2612777958800718e-09
48150.056 2.4409808608000918e-09
48200.056 1.064862606619776e-09
48250.056 1.8078914039300801e-09
48300.056 2.7985537027999484e-09
48350.056 1.5637725651597877e-09
48400.056 2.4645120364992487e-10
48450.056 4.819563605691241e-10
48500.056 1.05737637530984e-09
48550.056 1.2713685679722848e-09
48600.056 2.9712107685000027e-09
48650.056 3.411624587199947e-09
48700.056 2.592747739600252e-09
48750.056 2.7027073140000005e-09
48800.056 2.8970343181000175e-09
48850.056 1.2901001993548132e-09
48900.056 9.444701807838727e-10
48950.056 4.37012975915988e-10
49000.056 3.235634550130924e-10
49050.056 1.2252183839278629e-09
49100.056 1.911160318621318e-09
49150.056 1.7401713320200494e-09
49200.056 2.9854907402001498e-09
49250.056 2.858181445699927e-09
49300.056 2.1620238255897867e-09
49350.056 7.635718227092222e-10
49400.056 1.1518988953847559e-09
49450.056 8.545409401401669e-10
49500.056 5.705707185578772e-10
49550.056 9.063560289399865e-11
49600.056 2.3150384543504948e-10
49650.056 1.07107905468016e-09
49700.056 1.6279527422999434e-09
49750.056 9.054651035569628e-10
49800.056 5.361200953660502e-10
49850.056 1.6701157590801954e-09
49900.056 2.1104107595999643e-09
49950.056 1.947247580499934e-09
50000.056 7.51366223375795e-10
50050.056 7.995408011971361e-10
50100.056 8.279986109599406e-10
50150.056 2.434628954159498e-10
50200.056 4.500208760581054e-11
50250.056 2.2220216971000282e-10
50300.056 1.6569567398003515e-10
50350.056 9.32600025200123e-10
50400.056 1.4103851412898786e-09
50450.056 1.5093193068201365e-09
50500.056 1.8144848649499913e-09
50550.056 1.9999584193000073e-09
50600.056 1.014517983099893e-09
50650.056 2.0026707625000857e-09
50700.056 1.6069166884999121e-09
50750.056 8.261316341999419e-10
50800.056 1.7746205886835258e-10
50850.056 8.091595757702807e-11
50900.056 6.09993140070087e-10
50950.056 8.278373448799189e-10
51000.056 4.846729718020758e-10
51050.056 1.1936276909599392e-09
51100.056 3.9833384207596345e-10
51150.056 2.498707056980661e-10
51200.056 1.1914422773400628e-09
51250.056 9.878618905998822e-10
51300.056 6.207626991100125e-10
51350.056 3.0044307545092763e-10
51400.056 7.903687956201523e-11
51450.056 7.919297494968133e-11
51500.056 8.635522215742463e-11
51550.056 3.38763800170056e-10
51600.056 5.518579851000657e-10
51650.056 9.13724593350035e-10
51700.056 6.870511900848553e-10
51750.056 4.7015729020011e-10
51800.056 1.0443400602299998e-09
51850.056 8.042098756599631e-10
51900.056 5.431399969099828e-10
51950.056 2.2939489057396268e-10
52000.056 4.163300132599398e-11
52050.056 1.2353252699400315e-10
52100.056 7.231557260799188e-11
52150.056 4.580345828861225e-11
52200.056 1.7556127341001259e-10
52250.056 3.05395359370033e-10
52300.056 2.854711668499729e-10
52350.056 7.809634531899463e-11
52400.056 9.400386551500143e-11
52450.056 3.7482778408003495e-10
52500.056 2.2411440423298245e-10
52550.056 5.39346657380004e-10
52600.056 6.371365976460526e-10
52650.056 7.194508117199714e-10
52700.056 3.6624395349995145e-10
52750.056 8.635125807057957e-11
52800.056 1.8512765588002725e-10
52850.056 2.1741296087996004e-10
52900.056 6.718280310738053e-11
52950.056 1.1436495435801938e-10
53000.056 2.7896572349001524e-10
53050.056 1.1304201014298889e-10
53100.056 4.5112000402003723e-10
53150.056 3.3169862921996186e-10
53200.056 1.7569382812076806e-10
53250.056 2.668380129785921e-10
53300.056 3.0520122250103574e-10
53350.056 2.6042762279200515e-10
53400.056 1.7644859516997454e-10
53450.056 6.88432969769898e-11
53500.056 2.4229702362294464e-11
53550.056 3.770024260960103e-11
53600.056 1.0042281758902557e-10
