galfind/configs/Brown_Dwarf_templates/sonora_bobcat/m-0.5/31g/sp_t1900g31nc_m-0.5_resample.dat
# %ECSV 1.0
# ---
# datatype:
# - {name: wav, unit: Angstrom, datatype: float64}
# - {name: flux_nu, unit: erg / (cm2 Hz s), datatype: float64}
# meta: {C/O: '1.00', Kzz: '1.0000E+05', Teff: '1900.', Y: '0.28', '[Fe/H]': '-0.50', f_hole: '1.00', f_rain: '0.00', grav: '32.'}
# schema: astropy-2.0
wav flux_nu
4000.0559999999996 nan
4050.0559999999996 4.000640196544723e-09
4100.056 5.156633002370477e-09
4150.056 3.650144804297065e-09
4200.056 2.457411734140442e-09
4250.056 1.967405855150466e-09
4300.056 1.016969921514335e-09
4350.056 1.108912962243126e-09
4400.056 1.0252846297303858e-09
4450.056 4.694677964790771e-10
4500.056 5.634066585010953e-10
4550.056 7.418552657177147e-10
4600.056 6.093591419408603e-10
4650.056 4.5155630871212403e-10
4700.056 5.665078125851794e-10
4750.056 7.869331361577262e-10
4800.056 4.5626006770400696e-10
4850.056 5.739440343501389e-10
4900.056 1.4288341893897094e-09
4950.056 1.9265417563299516e-09
5000.056 6.358918876999616e-10
5050.056 8.266421283801481e-10
5100.056 1.5862449866123775e-09
5150.056 1.7041415550887992e-09
5200.056 9.310357846110059e-10
5250.056 1.2153637206000147e-09
5300.056 1.5128255318200569e-09
5350.056 1.5184347039602098e-09
5400.056 1.6908677250599756e-09
5450.056 1.3959664336598746e-09
5500.056 1.055029341209915e-09
5550.056 1.25909069565989e-09
5600.056 1.1041655299500437e-09
5650.056 9.72231318090002e-10
5700.056 8.842745661200144e-10
5750.056 5.781572356999708e-10
5800.056 3.320664915399911e-10
5850.056 9.41847700835967e-11
5900.056 7.068252766804668e-12
5950.056 2.3530553788200406e-10
6000.056 8.740829679500064e-10
6050.056 1.9448170025000605e-09
6100.056 2.961956790370164e-09
6150.056 3.8392632810997155e-09
6200.056 3.72222003870004e-09
6250.056 4.650099267900153e-09
6300.056 6.405346937000099e-09
6350.056 8.114786697200354e-09
6400.056 1.0032403632600129e-08
6450.056 1.2615221439198126e-08
6500.056 1.2898717985698326e-08
6550.056 1.566514812279696e-08
6600.056 1.4615478145801034e-08
6650.056 1.3653691117501268e-08
6700.056 1.0206740774322067e-08
6750.056 1.4594007792600956e-08
6800.056 1.691613074950074e-08
6850.056 2.146925264300025e-08
6900.056 2.666489303299968e-08
6950.056 3.1756379400996007e-08
7000.056 4.1608124263996556e-08
7050.056 3.6313860322602535e-08
7100.056 2.246954739979863e-08
7150.056 2.1143283407000936e-08
7200.056 2.7501868760999303e-08
7250.056 3.743239552300225e-08
7300.056 5.711253736900751e-08
7350.056 8.185809364199783e-08
7400.056 1.0443998296599985e-07
7450.056 1.1078313793097918e-07
7500.056 1.1981206112199633e-07
7550.056 1.219959292810025e-07
7600.056 6.643222809799852e-08
7650.056 1.0964670167725909e-08
7700.056 3.8946176876732445e-09
7750.056 3.735161335500229e-08
7800.056 5.908461494443414e-08
7850.056 7.590274637599927e-08
7900.056 8.357765897501489e-08
7950.056 8.386015196386326e-08
8000.056 1.1213904825598177e-07
8050.056 1.858626856699713e-07
8100.056 3.0251124048608047e-07
8150.056 4.7246662232002855e-07
8200.056 3.1839097435314865e-07
8250.056 3.6710296423799064e-07
8300.056 2.8464034244711816e-07
8350.056 3.126556955801141e-07
8400.056 3.237311723100474e-07
8450.056 1.8721267951394714e-07
8500.056 1.6094279603114108e-07
8550.056 2.0127203841002762e-07
8600.056 2.4494439262489275e-07
8650.056 3.2504726738395395e-07
8700.056 3.864077035420913e-07
8750.056 5.170363904011047e-07
8800.056 7.55591082408199e-07
8850.056 7.301568192741256e-07
8900.056 4.305051904149856e-07
8950.056 4.7020874663285524e-07
9000.056 6.316434613100642e-07
9050.056 6.820317064838296e-07
9100.056 9.231651831800596e-07
9150.056 1.1163595808099851e-06
9200.056 1.0388190508801532e-06
9250.056 5.774272114799317e-07
9300.056 4.575892903330566e-07
9350.056 5.393279148338404e-07
9400.056 6.303169442641533e-07
9450.056 7.449004542457771e-07
9500.056 9.500227551218314e-07
9550.056 1.1237552758922853e-06
9600.056 1.2383131413933604e-06
9650.056 1.456504157253365e-06
9700.056 1.6205958011967733e-06
9750.056 1.1748267667269896e-06
9800.056 1.3331132495368623e-06
9850.056 1.302976003529825e-06
9900.056 1.1424661679619512e-06
9950.056 1.0256992692610532e-06
10000.056 9.970634309698778e-07
10050.056 1.0082214865949442e-06
10100.056 1.2975256576604666e-06
10150.056 1.2527342653298244e-06
10200.056 1.3842133649099232e-06
10250.056 1.3529961884695239e-06
10300.056 1.3379889685697262e-06
10350.056 1.5659759213497519e-06
10400.056 1.728667405599903e-06
10450.056 1.8840616805303765e-06
10500.056 1.8937410854497017e-06
10550.056 1.9882943683603956e-06
10600.056 2.194485103930363e-06
10650.056 2.2701630123398728e-06
10700.056 2.418994910300134e-06
10750.056 2.6568395201502733e-06
10800.056 2.835731293669723e-06
10850.056 3.0534753937097794e-06
10900.056 2.9635344499297927e-06
10950.056 2.7621569019893237e-06
11000.056 2.634845676560045e-06
11050.056 1.8369230321310763e-06
11100.056 2.0358312572063955e-06
11150.056 2.153380996940494e-06
11200.056 2.212851643364181e-06
11250.056 2.547424106221853e-06
11300.056 2.556753921601111e-06
11350.056 2.3345444425730465e-06
11400.056 1.9331380513960784e-06
11450.056 2.566263109296315e-06
11500.056 2.9028552378359367e-06
11550.056 2.7972835250067175e-06
11600.056 2.934380889062201e-06
11650.056 3.0331235549525456e-06
11700.056 2.4463940422521217e-06
11750.056 2.4990914043779593e-06
11800.056 2.5310690074590763e-06
11850.056 3.136424571598222e-06
11900.056 3.24677977090123e-06
11950.056 3.2468117283198267e-06
12000.056 3.000832866420167e-06
12050.056 3.403382109910282e-06
12100.056 3.3703937421998023e-06
12150.056 3.7400231686897575e-06
12200.056 3.7982414353594752e-06
12250.056 4.06319384664949e-06
12300.056 4.2056244368805705e-06
12350.056 4.246035817060369e-06
12400.056 3.813681039059649e-06
12450.056 3.2018516406200947e-06
12500.056 3.5150677188593188e-06
12550.056 3.5552168784500526e-06
12600.056 3.895943401700053e-06
12650.056 4.086181032799628e-06
12700.056 4.36132963999985e-06
12750.056 4.335977552500201e-06
12800.056 4.645725577399505e-06
12850.056 4.51754147661013e-06
12900.056 4.368472450469498e-06
12950.056 4.523479980069387e-06
13000.056 4.665447958259164e-06
13050.056 4.769700188619606e-06
13100.056 4.7610082682594815e-06
13150.056 4.749709055395596e-06
13200.056 4.567512473179646e-06
13250.056 4.251086900526147e-06
13300.056 3.640905512429589e-06
13350.056 2.2686292173292593e-06
13400.056 2.078004375407531e-06
13450.056 1.7934920665322675e-06
13500.056 1.7556580399818187e-06
13550.056 1.6276706189215835e-06
13600.056 1.4717535830333137e-06
13650.056 1.6551741611118907e-06
13700.056 1.4594227462155683e-06
13750.056 1.4655351896935506e-06
13800.056 1.7042491344595605e-06
13850.056 1.680499067675826e-06
13900.056 1.6546000712927803e-06
13950.056 1.5639170967718803e-06
14000.056 1.4545129961449025e-06
14050.056 1.4748021039544572e-06
14100.056 1.3094749842455311e-06
14150.056 1.3312277300024658e-06
14200.056 1.2335072116351914e-06
14250.056 1.2149766644555367e-06
14300.056 1.2560067886670873e-06
14350.056 1.2520818091798613e-06
14400.056 1.3432469322145034e-06
14450.056 1.4063110303311346e-06
14500.056 1.5807052375907722e-06
14550.056 1.6126767606019518e-06
14600.056 1.69100988224565e-06
14650.056 1.666905810432301e-06
14700.056 1.5373727480757628e-06
14750.056 1.6448216666304353e-06
14800.056 1.7195642576925727e-06
14850.056 1.857292116484462e-06
14900.056 1.8657460279069762e-06
14950.056 1.8825701072773572e-06
15000.056 1.946658096064473e-06
15050.056 2.1465643516834267e-06
15100.056 2.1579129867903194e-06
15150.056 2.2716139871792013e-06
15200.056 2.3541845827098234e-06
15250.056 2.3756505535598118e-06
15300.056 2.525183173259835e-06
15350.056 2.6074255964000824e-06
15400.056 2.7172915866700784e-06
15450.056 2.857221883580249e-06
15500.056 2.9194800671494856e-06
15550.056 3.096699899279823e-06
15600.056 3.073304715080387e-06
15650.056 3.234074331070099e-06
15700.056 3.4767311048012227e-06
15750.056 3.6203980058396917e-06
15800.056 3.6428904037808105e-06
15850.056 3.482575745400253e-06
15900.056 3.5864301968004706e-06
15950.056 3.6638051102998874e-06
16000.056 3.746316975999774e-06
16050.056 3.881504212600381e-06
16100.056 4.017676871800289e-06
16150.056 3.931576671000317e-06
16200.056 4.094235012799718e-06
16250.056 4.0799643705999145e-06
16300.056 4.121490614500072e-06
16350.056 4.354151361999756e-06
16400.056 4.277925073100676e-06
16450.056 4.387713627100306e-06
16500.056 4.540024330400492e-06
16550.056 4.731671870799759e-06
16600.056 4.505228804580529e-06
16650.056 4.868269091200345e-06
16700.056 4.680327342619161e-06
16750.056 4.757510030229529e-06
16800.056 4.911089906820093e-06
16850.056 4.915512592109729e-06
16900.056 4.760937372550254e-06
16950.056 4.753602652279415e-06
17000.056 4.741410618100626e-06
17050.056 4.671458474600215e-06
17100.056 4.43235472952077e-06
17150.056 4.353203885269921e-06
17200.056 4.00895616736968e-06
17250.056 3.7854006965799154e-06
17300.056 3.845101686559385e-06
17350.056 3.678388594580504e-06
17400.056 3.7420445692300674e-06
17450.056 3.486208669368129e-06
17500.056 3.335250148654034e-06
17550.056 3.310041350627331e-06
17600.056 3.1561311266859783e-06
17650.056 3.2126048575625075e-06
17700.056 2.768665364715568e-06
17750.056 2.6675541387509933e-06
17800.056 2.6611025289765753e-06
17850.056 2.4453430478233703e-06
17900.056 2.4754649886548915e-06
17950.056 2.3976723284495152e-06
18000.056 2.18308999774525e-06
18050.056 2.200341722264911e-06
18100.056 2.107132014014939e-06
18150.056 2.35388376446477e-06
18200.056 1.939679472435406e-06
18250.056 2.301648305212496e-06
18300.056 2.1970350908539294e-06
18350.056 2.0530517782742283e-06
18400.056 2.021296998635113e-06
18450.056 1.8434452540194566e-06
18500.056 1.9156014384144535e-06
18550.056 1.7880304258873625e-06
18600.056 1.5143226913170185e-06
18650.056 1.7523364519785066e-06
18700.056 1.8962537154884181e-06
18750.056 1.812060985977522e-06
18800.056 1.882115953306772e-06
18850.056 2.1630577743297826e-06
18900.056 2.091550326947963e-06
18950.056 2.1174990495879365e-06
19000.056 2.246816066879571e-06
19050.056 2.172640658372992e-06
19100.056 2.246393152267716e-06
19150.056 2.3248579749909178e-06
19200.056 2.2966959734259137e-06
19250.056 2.1817686496484335e-06
19300.056 2.2935191406641565e-06
19350.056 2.261997102934076e-06
19400.056 2.00545772701832e-06
19450.056 2.2938737014792868e-06
19500.056 2.279463110643685e-06
19550.056 1.9537340787446743e-06
19600.056 2.253444667689818e-06
19650.056 2.22842976915041e-06
19700.056 2.243865237830263e-06
19750.056 2.09104097551132e-06
19800.056 2.2015518448256746e-06
19850.056 2.2337709414550765e-06
19900.056 2.0015725965035456e-06
19950.056 2.3266038082000134e-06
20000.056 2.0677113384003234e-06
20050.056 2.2125075776309267e-06
20100.056 2.3002065683096563e-06
20150.056 2.267732551000292e-06
20200.056 2.3364087463993082e-06
20250.056 2.450534508379943e-06
20300.056 2.456545304320202e-06
20350.056 2.5169075247596757e-06
20400.056 2.502436583888733e-06
20450.056 2.6658244711396727e-06
20500.056 2.658001439400148e-06
20550.056 2.7183861451500105e-06
20600.056 2.8878866085005156e-06
20650.056 2.8250364312607178e-06
20700.056 2.946933332950277e-06
20750.056 3.004023961189571e-06
20800.056 3.1186534985101887e-06
20850.056 3.1063071735998902e-06
20900.056 3.2480086875696567e-06
20950.056 3.288053025449868e-06
21000.056 3.441295305299814e-06
21050.056 3.449661458960103e-06
21100.056 3.4903322444200143e-06
21150.056 3.6630269864200883e-06
21200.056 3.6338314118002708e-06
21250.056 3.8021043244997105e-06
21300.056 3.6909434617799044e-06
21350.056 3.930876771400113e-06
21400.056 3.7972804498003773e-06
21450.056 4.1177024688999755e-06
21500.056 3.933951396300264e-06
21550.056 4.018161817199753e-06
21600.056 4.114286846300467e-06
21650.056 4.076315131400284e-06
21700.056 4.246412030399797e-06
21750.056 4.141890551199932e-06
21800.056 4.142996773199695e-06
21850.056 4.159270741799753e-06
21900.056 4.2636166362004325e-06
21950.056 4.171328705600222e-06
22000.056 4.270172752599897e-06
22050.056 4.13579878519944e-06
22100.056 4.250616776899882e-06
22150.056 4.2609715771002735e-06
22200.056 4.12424138536077e-06
22250.056 4.307779754000397e-06
22300.056 4.268864968499845e-06
22350.056 4.145136996300161e-06
22400.056 4.29887807946019e-06
22450.056 4.214480166099545e-06
22500.056 4.275616609359886e-06
22550.056 4.200944781089365e-06
22600.056 4.22562201743995e-06
22650.056 4.158172897020814e-06
22700.056 4.135971723080911e-06
22750.056 4.264405508759747e-06
22800.056 4.0950420117600585e-06
22850.056 4.149188772860392e-06
22900.056 4.227994107749822e-06
22950.056 3.2070497104904643e-06
23000.056 3.5363488389102e-06
23050.056 3.6724457920994767e-06
23100.056 3.506986071339821e-06
23150.056 3.6381219472375653e-06
23200.056 3.5914233633601353e-06
23250.056 3.071454534289311e-06
23300.056 3.261456155111115e-06
23350.056 3.374090838100073e-06
23400.056 3.258367429250047e-06
23450.056 3.3540100297901444e-06
23500.056 3.284864756059377e-06
23550.056 2.988229470050794e-06
23600.056 3.0132378714506495e-06
23650.056 3.1998577244555365e-06
23700.056 3.1392702878871044e-06
23750.056 3.1454097668255696e-06
23800.056 3.1068718663463442e-06
23850.056 2.717041118166376e-06
23900.056 2.9769804686977704e-06
23950.056 3.041258130520899e-06
24000.056 2.881655955959417e-06
24050.056 2.8712696455103584e-06
24100.056 2.6341920591692916e-06
24150.056 2.598145403220569e-06
24200.056 2.6026647955591006e-06
24250.056 2.550908079430351e-06
24300.056 2.455731063610092e-06
24350.056 2.2990790383301825e-06
24400.056 2.5331080957897957e-06
24450.056 2.2641378429798086e-06
24500.056 2.1123478769898665e-06
24550.056 2.0752782720999895e-06
24600.056 2.1194941840604102e-06
24650.056 2.299967456119915e-06
24700.056 1.928071955789939e-06
24750.056 1.832046169470627e-06
24800.056 1.7845220784143792e-06
24850.056 2.082085876149942e-06
24900.056 1.594410685008021e-06
24950.056 1.9957062082297457e-06
25000.056 1.7810584771481037e-06
25050.056 1.4212040867314223e-06
25100.056 1.7142472432700114e-06
25150.056 1.468829584727005e-06
25200.056 1.5855766451856857e-06
25250.056 1.4884679599466266e-06
25300.056 1.6215912209130943e-06
25350.056 1.3384745244390264e-06
25400.056 1.5135064122916362e-06
25450.056 1.3447603616100049e-06
25500.056 1.4425924496515168e-06
25550.056 1.3484308508851977e-06
25600.056 1.4033034031041155e-06
25650.056 1.2457618592609876e-06
25700.056 1.5972917200223502e-06
25750.056 1.1505219886812213e-06
25800.056 1.5199743780583185e-06
25850.056 1.3427279125397805e-06
25900.056 1.5103950275553148e-06
25950.056 1.3007092462679466e-06
26000.056 1.5094400834905641e-06
26050.056 1.607914831362105e-06
26100.056 1.582609677332114e-06
26150.056 1.5877384069915252e-06
26200.056 1.504789750905053e-06
26250.056 1.5476562656853874e-06
26300.056 1.5574545517121412e-06
26350.056 1.5707338230598291e-06
26400.056 1.618749885239545e-06
26450.056 1.5986929934902526e-06
26500.056 1.685083723829328e-06
26550.056 1.6395590992395455e-06
26600.056 1.9438161754915318e-06
26650.056 1.5015192444397586e-06
26700.056 1.539956045091008e-06
26750.056 1.3556396622223966e-06
26800.056 1.5466112928634466e-06
26850.056 1.2318223312170903e-06
26900.056 1.6193358958331327e-06
26950.056 1.1150497761829598e-06
27000.056 1.5353459354644862e-06
27050.056 1.287254262609934e-06
27100.056 1.2993784739617269e-06
27150.056 1.3947414754699334e-06
27200.056 1.3731035192854012e-06
27250.056 1.2682586147516365e-06
27300.056 1.4820670114799986e-06
27350.056 1.4281378255074414e-06
27400.056 1.1906526057629747e-06
27450.056 1.5920345065393302e-06
27500.056 1.4528987575999815e-06
27550.056 1.374678054569892e-06
27600.056 1.616719114739716e-06
27650.056 1.242709893739813e-06
27700.056 1.2108130669701488e-06
27750.056 1.6264593640691075e-06
27800.056 1.1607323923198732e-06
27850.056 1.3082204605892106e-06
27900.056 1.3399396851101545e-06
27950.056 1.5541982741798918e-06
28000.056 1.4752986935404702e-06
28050.056 1.116050299730315e-06
28100.056 1.6318105703106839e-06
28150.056 1.2973673675400315e-06
28200.056 1.1026392219400915e-06
28250.056 1.4196334532901093e-06
28300.056 1.6383332679302727e-06
28350.056 1.2711576699994666e-06
28400.056 1.3446688280599435e-06
28450.056 1.389891439019661e-06
28500.056 1.4141580992596436e-06
28550.056 1.0253197514595932e-06
28600.056 1.6306695255699841e-06
28650.056 1.4982136628398255e-06
28700.056 1.3373380117596463e-06
28750.056 1.5130917977499445e-06
