galfind/configs/Brown_Dwarf_templates/sonora_bobcat/m-0.5/31g/sp_t2000g31nc_m-0.5_resample.dat
# %ECSV 1.0
# ---
# datatype:
# - {name: wav, unit: Angstrom, datatype: float64}
# - {name: flux_nu, unit: erg / (cm2 Hz s), datatype: float64}
# meta: {C/O: '1.00', Kzz: '1.0000E+05', Teff: '2000.', Y: '0.28', '[Fe/H]': '-0.50', f_hole: '1.00', f_rain: '0.00', grav: '32.'}
# schema: astropy-2.0
wav flux_nu
4000.0559999999996 nan
4050.0559999999996 7.057436277132987e-09
4100.056 8.401520840361285e-09
4150.056 6.218128706285588e-09
4200.056 4.3658922059223936e-09
4250.056 3.546850494872303e-09
4300.056 1.9209140250376208e-09
4350.056 2.0678134735761856e-09
4400.056 1.8829513393846936e-09
4450.056 8.260690144081575e-10
4500.056 1.0003927942832354e-09
4550.056 1.3037737769655092e-09
4600.056 1.0323999789966913e-09
4650.056 7.188026586362928e-10
4700.056 9.029054507803192e-10
4750.056 1.2867890637544496e-09
4800.056 7.013555349169939e-10
4850.056 8.824099691603258e-10
4900.056 2.5364657993993866e-09
4950.056 3.4191471818698736e-09
5000.056 9.9247843933998e-10
5050.056 1.4101956909003486e-09
5100.056 3.1031410277447747e-09
5150.056 3.4125136068156574e-09
5200.056 1.5814882912040304e-09
5250.056 2.1847714271299e-09
5300.056 2.791058852020172e-09
5350.056 2.644622577620442e-09
5400.056 2.962129311699915e-09
5450.056 2.4131665762096793e-09
5500.056 1.8227802147698006e-09
5550.056 2.368866882679771e-09
5600.056 1.9656730390100817e-09
5650.056 1.7756948628000457e-09
5700.056 1.8851062004000745e-09
5750.056 1.4776884681299069e-09
5800.056 1.1121075794599675e-09
5850.056 4.0495164653299245e-10
5900.056 3.1929096989249465e-11
5950.056 7.902794530300054e-10
6000.056 2.1299052034999818e-09
6050.056 3.996356913200192e-09
6100.056 5.6124518183002446e-09
6150.056 6.500790469199191e-09
6200.056 5.016624789100097e-09
6250.056 5.977474533600261e-09
6300.056 8.319951149500144e-09
6350.056 1.0631848269700639e-08
6400.056 1.3296025560500384e-08
6450.056 1.7151855524496387e-08
6500.056 1.7138617149597158e-08
6550.056 2.1447613444294622e-08
6600.056 1.8398533985401826e-08
6650.056 1.6137533136801746e-08
6700.056 1.2263127016007605e-08
6750.056 1.65426812231014e-08
6800.056 1.9145861517000833e-08
6850.056 2.5171591291000165e-08
6900.056 3.351822634299917e-08
6950.056 4.3231094712993135e-08
7000.056 6.153438090299376e-08
7050.056 5.206184131490459e-08
7100.056 2.702042628759795e-08
7150.056 2.3680767999001657e-08
7200.056 3.1963303246998705e-08
7250.056 4.64465949880032e-08
7300.056 7.889632739801286e-08
7350.056 1.2598876794499237e-07
7400.056 1.8161882899999597e-07
7450.056 2.0971027989296735e-07
7500.056 2.3811188234299633e-07
7550.056 2.491717368660065e-07
7600.056 1.283151340009981e-07
7650.056 2.2423740530807473e-08
7700.056 9.538743600647321e-09
7750.056 6.149041221300714e-08
7800.056 8.931564249670143e-08
7850.056 1.0717601119999751e-07
7900.056 1.2267069908802421e-07
7950.056 1.2843382119182272e-07
8000.056 1.7411772777296557e-07
8050.056 2.910610356529536e-07
8100.056 4.6499928915013406e-07
8150.056 7.06928110500037e-07
8200.056 4.566225991625205e-07
8250.056 5.325260245599736e-07
8300.056 3.998396967301826e-07
8350.056 4.3541954136017783e-07
8400.056 4.462473668800826e-07
8450.056 2.3464942341692092e-07
8500.056 1.955756673252735e-07
8550.056 2.5566966561003616e-07
8600.056 3.2560778778984063e-07
8650.056 4.545505227419399e-07
8700.056 5.594589637161158e-07
8750.056 7.443855084591583e-07
8800.056 1.0563580113132673e-06
8850.056 9.995367427571854e-07
8900.056 5.893937765299837e-07
8950.056 6.470670995513243e-07
9000.056 8.56063084720089e-07
9050.056 9.267793660497367e-07
9100.056 1.2373375281000926e-06
9150.056 1.4806240532299734e-06
9200.056 1.3771051388002497e-06
9250.056 7.788109630199061e-07
9300.056 6.186610368840852e-07
9350.056 7.286450580947767e-07
9400.056 8.466609202302505e-07
9450.056 9.954083042176645e-07
9500.056 1.2662387840377918e-06
9550.056 1.4836149081633562e-06
9600.056 1.6414577329984726e-06
9650.056 1.905063585886501e-06
9700.056 2.098063435851714e-06
9750.056 1.555927373274019e-06
9800.056 1.7479572797298283e-06
9850.056 1.7011451977798114e-06
9900.056 1.5189783382659427e-06
9950.056 1.4217942144370945e-06
10000.056 1.3950645517998475e-06
10050.056 1.3814078655259213e-06
10100.056 1.7376867148106736e-06
10150.056 1.6768588996797961e-06
10200.056 1.8421215073898316e-06
10250.056 1.7949704668393112e-06
10300.056 1.786301126509628e-06
10350.056 2.0595651385496843e-06
10400.056 2.240079451319897e-06
10450.056 2.4333523165104438e-06
10500.056 2.4817269462795107e-06
10550.056 2.5989291560404277e-06
10600.056 2.835893339900382e-06
10650.056 2.911381903869709e-06
10700.056 3.080939672700151e-06
10750.056 3.3272220015203118e-06
10800.056 3.509094979339645e-06
10850.056 3.732120927979819e-06
10900.056 3.633148822529732e-06
10950.056 3.4199662109790933e-06
11000.056 3.2704545019900984e-06
11050.056 2.3460042145299757e-06
11100.056 2.5833809698095386e-06
11150.056 2.7218506725477312e-06
11200.056 2.792089568874379e-06
11250.056 3.163674668406934e-06
11300.056 3.1845974040181103e-06
11350.056 2.946656849568993e-06
11400.056 2.4330399462400594e-06
11450.056 3.203027748868192e-06
11500.056 3.5645319133693864e-06
11550.056 3.4620530106901026e-06
11600.056 3.6063542550500428e-06
11650.056 3.7387515013826334e-06
11700.056 3.105821121634077e-06
11750.056 3.166313558537905e-06
11800.056 3.19866370516911e-06
11850.056 3.8495344424901995e-06
11900.056 3.960932910409087e-06
11950.056 3.9669488992797975e-06
12000.056 3.7294442555202683e-06
12050.056 4.135385552500352e-06
12100.056 4.110300170249851e-06
12150.056 4.489915698559764e-06
12200.056 4.567145942119565e-06
12250.056 4.834031354199464e-06
12300.056 4.9738705875006685e-06
12350.056 5.026776625480428e-06
12400.056 4.5887626582595545e-06
12450.056 3.912429299660113e-06
12500.056 4.268779167649172e-06
12550.056 4.307520174390031e-06
12600.056 4.644312719900062e-06
12650.056 4.849735592399596e-06
12700.056 5.1120496110997085e-06
12750.056 5.107276168100259e-06
12800.056 5.434700723499362e-06
12850.056 5.316761923300167e-06
12900.056 5.185370785999448e-06
12950.056 5.349805804199244e-06
13000.056 5.500839264619112e-06
13050.056 5.604515158449589e-06
13100.056 5.588678180459374e-06
13150.056 5.588526451279557e-06
13200.056 5.398322286259523e-06
13250.056 5.073815754960162e-06
13300.056 4.429880029542402e-06
13350.056 2.893101876147361e-06
13400.056 2.707858639710632e-06
13450.056 2.3785448508514367e-06
13500.056 2.3528573172097516e-06
13550.056 2.2034023150762956e-06
13600.056 2.0003231700861883e-06
13650.056 2.1981210441340945e-06
13700.056 1.9625930588513173e-06
13750.056 1.970045533590436e-06
13800.056 2.2551447901290165e-06
13850.056 2.240038217256471e-06
13900.056 2.195433202520582e-06
13950.056 2.083642879142565e-06
14000.056 1.9441370468029344e-06
14050.056 1.97065655054811e-06
14100.056 1.7727716937097112e-06
14150.056 1.7800823517226361e-06
14200.056 1.6659623824366518e-06
14250.056 1.644364228223718e-06
14300.056 1.6841641739977136e-06
14350.056 1.6845818458583102e-06
14400.056 1.791341896256251e-06
14450.056 1.8789383224411625e-06
14500.056 2.0706934354017125e-06
14550.056 2.103021091279951e-06
14600.056 2.1907306640327873e-06
14650.056 2.1568244763231347e-06
14700.056 2.0004348807436897e-06
14750.056 2.1260744575515013e-06
14800.056 2.20039404259768e-06
14850.056 2.3644569833113455e-06
14900.056 2.37789091404993e-06
14950.056 2.3967828479004644e-06
15000.056 2.4684451890505516e-06
15050.056 2.7033170222893326e-06
15100.056 2.706502707480408e-06
15150.056 2.82843688925024e-06
15200.056 2.936255978319793e-06
15250.056 2.950298475649782e-06
15300.056 3.1200502074698334e-06
15350.056 3.2118262324901286e-06
15400.056 3.326556426390083e-06
15450.056 3.482736839080295e-06
15500.056 3.5497798542993832e-06
15550.056 3.7459962117997928e-06
15600.056 3.7246197650704773e-06
15650.056 3.898968662150074e-06
15700.056 4.16356158850142e-06
15750.056 4.317908736499629e-06
15800.056 4.354862753700885e-06
15850.056 4.190792486400347e-06
15900.056 4.305567025100582e-06
15950.056 4.397381269999926e-06
16000.056 4.49115973559972e-06
16050.056 4.647399398400449e-06
16100.056 4.789432644800328e-06
16150.056 4.715733538600356e-06
16200.056 4.891585594099662e-06
16250.056 4.891011620199898e-06
16300.056 4.9417031111000986e-06
16350.056 5.201199392599687e-06
16400.056 5.1223950559008854e-06
16450.056 5.254179113600376e-06
16500.056 5.413089589400594e-06
16550.056 5.632868462399634e-06
16600.056 5.393708412200571e-06
16650.056 5.807100317400523e-06
16700.056 5.609636654298934e-06
16750.056 5.703089282699445e-06
16800.056 5.8656793404001795e-06
16850.056 5.871628104499634e-06
16900.056 5.7057219160002945e-06
16950.056 5.693204179499283e-06
17000.056 5.672929837300801e-06
17050.056 5.590248987900301e-06
17100.056 5.318768381000698e-06
17150.056 5.225103125769876e-06
17200.056 4.843525928959672e-06
17250.056 4.60628532907992e-06
17300.056 4.687475901929274e-06
17350.056 4.4878613072905384e-06
17400.056 4.572265030530108e-06
17450.056 4.281026747937738e-06
17500.056 4.106039439738913e-06
17550.056 4.078233261310353e-06
17600.056 3.90147794315403e-06
17650.056 3.975713846882293e-06
17700.056 3.4714323356834387e-06
17750.056 3.3554680117159923e-06
17800.056 3.3272228965537005e-06
17850.056 3.1136710901624786e-06
17900.056 3.1278575836058853e-06
17950.056 3.0381297382373893e-06
18000.056 2.7808479112153238e-06
18050.056 2.814175439737253e-06
18100.056 2.6973097690709714e-06
18150.056 2.9762596727299485e-06
18200.056 2.51022250739242e-06
18250.056 2.908641575430347e-06
18300.056 2.7935570746848746e-06
18350.056 2.6358137993452104e-06
18400.056 2.5921631713700876e-06
18450.056 2.3719541562647576e-06
18500.056 2.449066182315546e-06
18550.056 2.307036212424397e-06
18600.056 1.963576534059734e-06
18650.056 2.2720075909966548e-06
18700.056 2.44584663440651e-06
18750.056 2.333355890658788e-06
18800.056 2.3979977307210137e-06
18850.056 2.7429214503977422e-06
18900.056 2.6510146219667713e-06
18950.056 2.6620988426398963e-06
19000.056 2.8320436084494204e-06
19050.056 2.753300743774002e-06
19100.056 2.815997255577972e-06
19150.056 2.9255818725398224e-06
19200.056 2.891304097970092e-06
19250.056 2.7559893720592304e-06
19300.056 2.8864196922000707e-06
19350.056 2.885250354245047e-06
19400.056 2.601598147985123e-06
19450.056 2.907026485720422e-06
19500.056 2.8968515052606074e-06
19550.056 2.5253332305547814e-06
19600.056 2.882998108050724e-06
19650.056 2.840482767045055e-06
19700.056 2.8612142287323355e-06
19750.056 2.674271004363355e-06
19800.056 2.805249018221599e-06
19850.056 2.8209378867013157e-06
19900.056 2.5630932782857703e-06
19950.056 2.928282674639993e-06
20000.056 2.609477609460438e-06
20050.056 2.774538450311106e-06
20100.056 2.8767100917683103e-06
20150.056 2.8233578344704443e-06
20200.056 2.8999268287691045e-06
20250.056 3.031473153359997e-06
20300.056 3.0358614257802628e-06
20350.056 3.0881208343296395e-06
20400.056 3.068508125788418e-06
20450.056 3.257179929209655e-06
20500.056 3.236873621220186e-06
20550.056 3.313683620509969e-06
20600.056 3.4988450050405864e-06
20650.056 3.4170497522108567e-06
20700.056 3.5593235880402616e-06
20750.056 3.6150262879994733e-06
20800.056 3.7471387505002266e-06
20850.056 3.737685878109905e-06
20900.056 3.896756686609654e-06
20950.056 3.9414797233998314e-06
21000.056 4.119608145199748e-06
21050.056 4.1276453857001454e-06
21100.056 4.176103243920031e-06
21150.056 4.376959244800148e-06
21200.056 4.348803580000349e-06
21250.056 4.541344659999609e-06
21300.056 4.414764642099881e-06
21350.056 4.69359958760019e-06
21400.056 4.545856655300409e-06
21450.056 4.9287837630999946e-06
21500.056 4.7119687275002955e-06
21550.056 4.818847373599692e-06
21600.056 4.9397059735005455e-06
21650.056 4.907435647700349e-06
21700.056 5.104323809699726e-06
21750.056 4.996043547599927e-06
21800.056 5.002788855499687e-06
21850.056 5.036512181099738e-06
21900.056 5.163064251700541e-06
21950.056 5.072683530700276e-06
22000.056 5.215564541899808e-06
22050.056 5.0537614995993554e-06
22100.056 5.193395153399825e-06
22150.056 5.2218881475003595e-06
22200.056 5.068974792980942e-06
22250.056 5.303373992600441e-06
22300.056 5.254861488499798e-06
22350.056 5.117652057500183e-06
22400.056 5.315876882540228e-06
22450.056 5.228157495669413e-06
22500.056 5.301369476839842e-06
22550.056 5.224997300379223e-06
22600.056 5.243698033299888e-06
22650.056 5.189384103480993e-06
22700.056 5.171551680271105e-06
22750.056 5.320470213719652e-06
22800.056 5.12688365413007e-06
22850.056 5.199990190780489e-06
22900.056 5.30353800640974e-06
22950.056 4.0728026576305805e-06
23000.056 4.50388642475026e-06
23050.056 4.6581865248393e-06
23100.056 4.4596572914698365e-06
23150.056 4.6039361094406914e-06
23200.056 4.579073506430139e-06
23250.056 3.90057606819906e-06
23300.056 4.162172613130137e-06
23350.056 4.289890684340068e-06
23400.056 4.151885750510048e-06
23450.056 4.267239363880166e-06
23500.056 4.153749865679146e-06
23550.056 3.7602058658510907e-06
23600.056 3.818146806660862e-06
23650.056 4.054050441929405e-06
23700.056 3.999499120528809e-06
23750.056 3.996894915720656e-06
23800.056 3.949407047700538e-06
23850.056 3.4336041878504614e-06
23900.056 3.7397061960896813e-06
23950.056 3.814832861541146e-06
24000.056 3.6123287113993377e-06
24050.056 3.5832663639405146e-06
24100.056 3.2990897448590383e-06
24150.056 3.241012325890637e-06
24200.056 3.2531362489189075e-06
24250.056 3.1941245410504332e-06
24300.056 3.05713006382013e-06
24350.056 2.88524883001017e-06
24400.056 3.1529043479097656e-06
24450.056 2.84793723875982e-06
24500.056 2.64336380914994e-06
24550.056 2.6021516590999045e-06
24600.056 2.6378668767505397e-06
24650.056 2.861291469739843e-06
24700.056 2.4250057259399444e-06
24750.056 2.3025148934907397e-06
24800.056 2.240675110700433e-06
24850.056 2.592927947009976e-06
24900.056 2.02867862278131e-06
24950.056 2.5068384508396682e-06
25000.056 2.231617220290123e-06
25050.056 1.816255624200555e-06
25100.056 2.1667856288199856e-06
25150.056 1.8716556030070378e-06
25200.056 2.019735353537573e-06
25250.056 1.9113457224614765e-06
25300.056 2.046924449330124e-06
25350.056 1.7218002710480285e-06
25400.056 1.912068154930852e-06
25450.056 1.7339405479520359e-06
25500.056 1.849957061670675e-06
25550.056 1.7296919626202263e-06
25600.056 1.798082192640176e-06
25650.056 1.6087787865000028e-06
25700.056 2.0144290558291624e-06
25750.056 1.4958888941102736e-06
25800.056 1.9154972831103926e-06
25850.056 1.7315757265197768e-06
25900.056 1.913687676690438e-06
25950.056 1.682666750849989e-06
26000.056 1.8921392989606557e-06
26050.056 2.049914446360112e-06
26100.056 1.9810501906902547e-06
26150.056 2.002590891189365e-06
26200.056 1.8933429807201167e-06
26250.056 1.9326829460405355e-06
26300.056 1.9593531394201133e-06
26350.056 1.9417940859597623e-06
26400.056 2.0030452539294512e-06
26450.056 1.9738600257603235e-06
26500.056 2.0794628209791806e-06
26550.056 2.0638685994294508e-06
26600.056 2.4051253699794e-06
26650.056 1.909682394349661e-06
26700.056 1.95162542391995e-06
26750.056 1.7671237275592084e-06
26800.056 1.9711360324092824e-06
26850.056 1.6191695620701663e-06
26900.056 2.0648640212501476e-06
26950.056 1.4489532996500083e-06
27000.056 1.9547625992906465e-06
27050.056 1.650534580249851e-06
27100.056 1.6647932746496763e-06
27150.056 1.767321393079891e-06
27200.056 1.7497908717404897e-06
27250.056 1.6083113774308446e-06
27300.056 1.835323520280003e-06
27350.056 1.7862309194692672e-06
27400.056 1.5219001713600113e-06
27450.056 1.96585129951917e-06
27500.056 1.7943604885400368e-06
27550.056 1.731917149869907e-06
27600.056 1.983561894769663e-06
27650.056 1.5618100138997667e-06
27700.056 1.5367487632701754e-06
27750.056 2.0029710485188163e-06
27800.056 1.4609557322798483e-06
27850.056 1.6396079555490498e-06
27900.056 1.6642456452401798e-06
27950.056 1.9100479203998462e-06
28000.056 1.8255518731205643e-06
28050.056 1.4123388247203852e-06
28100.056 1.9973451362109063e-06
28150.056 1.6102670987600307e-06
28200.056 1.3819142344601257e-06
28250.056 1.7347367780701145e-06
28300.056 1.986803841480384e-06
28350.056 1.596503518979316e-06
28400.056 1.6611383125399534e-06
28450.056 1.6940174576296003e-06
28500.056 1.7359378092695888e-06
28550.056 1.3019335051694846e-06
28600.056 1.979080857280043e-06
28650.056 1.8365065736997703e-06
28700.056 1.640538615919549e-06
28750.056 1.8367216253798931e-06
28800.056 1.7547622708804055e-06
