galfind/configs/Brown_Dwarf_templates/sonora_bobcat/m-0.5/31g/sp_t225g31nc_m-0.5_resample.dat
# %ECSV 1.0
# ---
# datatype:
# - {name: wav, unit: Angstrom, datatype: float64}
# - {name: flux_nu, unit: erg / (cm2 Hz s), datatype: float64}
# meta: {C/O: '1.00', Kzz: '1.0000E+05', Teff: '225.', Y: '0.28', '[Fe/H]': '-0.50', f_hole: '1.00', f_rain: '0.00', grav: '32.'}
# schema: astropy-2.0
wav flux_nu
[from data line 500]
29000.056 4.279241500384684e-14
29050.056 9.229072592304108e-14
29100.056 2.3347884987795096e-14
29150.056 1.168830455691868e-14
29200.056 4.661521516227322e-13
29250.056 1.1182157840180748e-13
29300.056 5.187180771940594e-14
29350.056 2.0247622124799705e-13
29400.056 1.824820362180083e-13
29450.056 1.9820026729342104e-14
29500.056 3.4238139253619525e-13
29550.056 7.092574750586305e-14
29600.056 3.706296654133428e-14
29650.056 3.9780544421672716e-13
29700.056 4.265848426487177e-14
29750.056 4.236295799616675e-13
29800.056 8.68854452377022e-14
29850.056 4.249178933684721e-13
29900.056 1.0808782451637359e-13
29950.056 1.4464210094345046e-13
30000.056 4.775332321297646e-16
30050.056 2.9707365121352033e-14
30100.056 1.7438736262165474e-13
30150.056 5.19625219679232e-13
30200.056 3.7000376156828014e-13
30250.056 3.4948890227865134e-13
30300.056 6.690921179662773e-13
30350.056 6.591082049736895e-14
30400.056 8.032827807337386e-13
30450.056 1.3726994415878713e-12
30500.056 7.913553822691607e-14
30550.056 1.2202136784356126e-13
30600.056 9.620149820975332e-12
30650.056 2.322504026435523e-12
30700.056 1.9924401965644555e-13
30750.056 1.1838331328838867e-12
30800.056 3.978942763754777e-12
30850.056 2.6595480772039525e-12
30900.056 1.155757521887509e-12
30950.056 4.54493493349144e-13
31000.056 7.515107046384422e-13
31050.056 1.4436547725390365e-13
31100.056 1.5111085680449683e-13
31150.056 5.597712106079601e-13
31200.056 4.394055424319225e-12
31250.056 2.444140075858692e-12
31300.056 3.7965842181925853e-13
31350.056 4.552204519494924e-12
31400.056 2.70130276070842e-12
31450.056 2.442159608591184e-12
31500.056 5.0448748799627e-13
31550.056 1.3754717953726414e-12
31600.056 1.3612568318562755e-12
31650.056 9.395441244504207e-13
31700.056 4.890673714004118e-13
31750.056 2.716461956723053e-13
31800.056 4.2263134400181743e-13
31850.056 3.7591936467993385e-14
31900.056 1.1024209706045984e-13
31950.056 6.145583840369177e-14
32000.056 2.289465456294004e-14
32050.056 3.006002780657144e-14
32100.056 2.8994848359396265e-14
32150.056 1.3271969108209589e-14
32200.056 4.044868476303386e-15
32250.056 1.0349819617518012e-14
32300.056 1.3878294562465959e-15
32350.056 5.210787920719651e-15
32400.056 1.7165150014077989e-16
32450.056 2.6067403992996644e-15
32500.056 1.256150497738542e-16
32550.056 1.5885814958621895e-15
32600.056 5.11418920482074e-17
32650.056 3.400608459193321e-15
32700.056 9.545618656878929e-17
32750.056 1.4053664544134493e-14
32800.056 3.068489079485866e-15
32850.056 8.756239980687587e-14
32900.056 4.441084457111781e-14
32950.056 7.336295474006385e-14
33000.056 1.440428747434531e-14
33050.056 4.3969569610923816e-15
33100.056 4.816493911879653e-16
33150.056 8.840170314706627e-19
33200.056 1.304790890839599e-16
33250.056 2.7794188000515076e-16
33300.056 1.2904522326963246e-14
33350.056 6.879464585502175e-15
33400.056 7.86904165632173e-14
33450.056 2.602665195722722e-15
33500.056 4.4782074965917515e-14
33550.056 3.906968841274899e-15
33600.056 1.9009213089099443e-14
33650.056 2.3768814831510716e-14
33700.056 1.4943267324815765e-15
33750.056 2.8616478952653936e-14
33800.056 5.2759256041155e-16
33850.056 1.3122839190525639e-14
33900.056 1.5664792467643395e-14
33950.056 2.1040319649825317e-14
34000.056 6.901703583982027e-14
34050.056 1.031984060134264e-14
34100.056 9.625828643818168e-14
34150.056 2.93530242921746e-14
34200.056 1.7745957110794545e-13
34250.056 3.7626831201375795e-14
34300.056 7.93442986991874e-14
34350.056 7.906299283960498e-13
34400.056 5.791197132494701e-14
34450.056 4.1357897682100036e-13
34500.056 7.579016463874842e-14
34550.056 4.629313407986471e-13
34600.056 2.4923699128919788e-12
34650.056 3.9532270024176925e-14
34700.056 9.684361209883988e-13
34750.056 3.6688498493410417e-13
34800.056 2.2701115412296836e-13
34850.056 1.2617840162245154e-12
34900.056 9.257219291740465e-14
34950.056 2.661307978332287e-12
35000.056 1.996402523282395e-12
35050.056 3.2991238815507668e-12
35100.056 4.903367358269513e-12
35150.056 3.588173028085188e-12
35200.056 3.472836671689318e-12
35250.056 7.880349638194437e-12
35300.056 1.1768102471148821e-12
35350.056 3.712110600206924e-13
35400.056 2.2569766056244256e-13
35450.056 2.7946196061739355e-13
35500.056 1.8444850587909863e-12
35550.056 1.1594268285648958e-12
35600.056 3.6005606042014055e-12
35650.056 6.803152468348144e-12
35700.056 8.233905135036596e-12
35750.056 3.3369671844150728e-12
35800.056 1.185574665985327e-12
35850.056 6.403266478494981e-13
35900.056 8.478344192310997e-13
35950.056 2.4937195328555607e-12
36000.056 3.5862819703507327e-12
36050.056 2.5544497947721787e-12
36100.056 2.399732898285876e-12
36150.056 2.3527409375662116e-11
36200.056 1.120213052910019e-11
36250.056 4.4299826364448e-12
36300.056 2.685895459746274e-11
36350.056 1.4318199218788267e-11
36400.056 1.899662013310099e-11
36450.056 1.3262131580202013e-11
36500.056 1.1010947044860005e-11
36550.056 4.587485284228369e-11
36600.056 3.850732809461916e-11
36650.056 1.533096736099993e-11
36700.056 3.4903558458443576e-11
36750.056 5.080371854885653e-11
36800.056 7.047638125074716e-11
36850.056 1.4626347787532502e-11
36900.056 2.061344761403297e-11
36950.056 7.769043904182564e-11
37000.056 4.3531534086275155e-11
37050.056 8.412612241162898e-11
37100.056 1.235333013450799e-11
37150.056 2.8776224384035235e-11
37200.056 1.2356496374969032e-10
37250.056 6.517183630138842e-11
37300.056 1.445969826672472e-11
37350.056 2.631518013925397e-11
37400.056 5.0891770380239585e-11
37450.056 1.4703882219409273e-11
37500.056 3.11704952802785e-11
37550.056 1.3704096865113602e-10
37600.056 3.2448817897362736e-10
37650.056 2.8135490000504338e-11
37700.056 7.065771201593507e-11
37750.056 6.976637121085211e-11
37800.056 4.426086691021377e-11
37850.056 2.2418403936667974e-11
37900.056 1.9005768247501487e-11
37950.056 5.409490945544689e-11
38000.056 4.5558310442881e-11
38050.056 1.6501986203844314e-10
38100.056 1.9414119600110173e-10
38150.056 3.5137704320760027e-10
38200.056 1.7054391463705892e-10
38250.056 3.594678602351112e-10
38300.056 6.660609968368565e-10
38350.056 2.350376573330557e-10
38400.056 3.44193844554295e-11
38450.056 5.8750906167610086e-12
38500.056 9.756239359749665e-12
38550.056 9.427644004282568e-11
38600.056 1.5378981722009033e-10
38650.056 1.2838142922127406e-10
38700.056 3.904577376888908e-11
38750.056 1.0788275659149547e-10
38800.056 8.563611566573256e-11
38850.056 1.445356395275209e-10
38900.056 1.8023684290107944e-10
38950.056 7.260925820299554e-11
39000.056 2.769348690897383e-10
39050.056 3.568382105498535e-11
39100.056 1.2618484781868227e-10
39150.056 3.0956058719588585e-10
39200.056 1.6284856058761516e-10
39250.056 3.4156092084569557e-10
39300.056 1.3154844464420917e-10
39350.056 5.020296135673998e-10
39400.056 1.5384822231925239e-10
39450.056 3.812329372784514e-10
39500.056 3.7235027422697614e-10
39550.056 7.669873734884646e-11
39600.056 3.7092988259983385e-10
39650.056 5.193025612029632e-10
39700.056 5.858423344241254e-10
39750.056 1.1669013403173535e-10
39800.056 1.1044415299612336e-10
39850.056 5.204274731311114e-10
39900.056 9.121871587401055e-10
39950.056 1.6035621519356982e-10
40000.056 4.1834287223234514e-10
40050.056 6.080528944279558e-10
40100.056 9.719996455313807e-11
40150.056 4.5932900051262057e-10
40200.056 5.859091310499998e-10
40250.056 7.285276068743637e-10
40300.056 8.222606356620267e-10
40350.056 2.657244523533286e-10
40400.056 3.5658277209151274e-10
40450.056 1.0267823460818186e-10
40500.056 7.802749862354465e-10
40550.056 7.346759524369852e-10
40600.056 7.89199356569974e-10
40650.056 4.1088267957539364e-10
40700.056 7.359495439681952e-10
40750.056 5.432898747815206e-10
40800.056 2.4054769343629134e-10
40850.056 1.4601885465023582e-09
40900.056 1.3247901077996897e-09
40950.056 9.189864825173616e-10
41000.056 5.057873830782273e-10
41050.056 1.6500822500778373e-09
41100.056 1.3853160280679377e-09
41150.056 2.1492582005438422e-10
41200.056 1.8381888488983016e-09
41250.056 1.2803336410330834e-09
41300.056 1.1934993666499807e-09
41350.056 2.4533257214000315e-09
41400.056 1.6080203684397554e-09
41450.056 2.3229175284095733e-09
41500.056 1.0576007942830115e-09
41550.056 8.265919760587973e-10
41600.056 1.0467999936206997e-09
41650.056 2.1754534159751793e-09
41700.056 3.470241117899733e-09
41750.056 2.369309070629889e-09
41800.056 2.3261185137000922e-09
41850.056 1.946278676670201e-09
41900.056 1.1652647260591589e-09
41950.056 1.0520194358420903e-09
42000.056 1.197380641046587e-10
42050.056 3.7881385822109256e-10
42100.056 6.170125355596688e-10
42150.056 9.459913614282216e-10
42200.056 1.7058043971871337e-09
42250.056 1.206627308865451e-09
42300.056 8.640134068058458e-10
42350.056 2.349552007942052e-09
42400.056 3.3645519658603794e-09
42450.056 4.26396948350037e-09
42500.056 4.560119029199802e-09
42550.056 3.698750660499803e-09
42600.056 2.7017228187608253e-09
42650.056 4.0755606296793265e-09
42700.056 1.1331597954705327e-09
42750.056 3.854300682070596e-09
42800.056 6.3954600239002205e-09
42850.056 6.230587369299311e-09
42900.056 5.6401814655003575e-09
42950.056 4.6750563571803995e-09
43000.056 5.423949033519982e-09
43050.056 2.2759053087804937e-09
43100.056 3.703235792066212e-09
43150.056 3.809975226930076e-09
43200.056 6.3274728285001965e-09
43250.056 7.018545700400228e-09
43300.056 6.638259695800008e-09
43350.056 4.2168792961993104e-09
43400.056 5.462379192530205e-09
43450.056 2.8418719305238803e-09
43500.056 2.1781113234532306e-09
43550.056 3.2859554777001263e-09
43600.056 6.562917326300201e-09
43650.056 3.6143451834499533e-09
43700.056 6.685276498101576e-09
43750.056 7.63959691109937e-09
43800.056 5.639684459999764e-09
43850.056 5.025665261010574e-09
43900.056 3.089486068528019e-09
43950.056 2.4431368770999363e-09
44000.056 2.9897246671998073e-09
44050.056 7.107891795500412e-09
44100.056 8.490662314400144e-09
44150.056 7.544214757299728e-09
44200.056 7.470868384300256e-09
44250.056 4.2308592849995715e-09
44300.056 2.9247329989202446e-09
44350.056 2.753586851736127e-09
44400.056 2.587182075200035e-09
44450.056 5.9561270270006985e-09
44500.056 5.236037332420313e-09
44550.056 7.1715426613000526e-09
44600.056 5.396445090319995e-09
44650.056 5.431024866400212e-09
44700.056 4.2023385873992986e-09
44750.056 6.525837979400554e-09
44800.056 3.607524238790105e-09
44850.056 4.912001743500061e-09
44900.056 5.27147301009992e-09
44950.056 6.273270599500634e-09
45000.056 7.85426856510007e-09
45050.056 6.278499714599331e-09
45100.056 5.797885256300362e-09
45150.056 4.751694330199488e-09
45200.056 3.4593253743502575e-09
45250.056 4.303628564979139e-09
45300.056 4.188869046580426e-09
45350.056 2.661052716560469e-09
45400.056 8.56026969260032e-09
45450.056 6.168973924540781e-09
45500.056 7.832065058500126e-09
45550.056 7.978851821898836e-09
45600.056 6.949890250600442e-09
45650.056 6.580525619299668e-09
45700.056 3.932080221739726e-09
45750.056 3.565136615650309e-09
45800.056 7.895210852200261e-09
45850.056 5.445717697650356e-09
45900.056 8.132656092099863e-09
45950.056 8.800850283999421e-09
46000.056 7.88874602930063e-09
46050.056 5.550601432340772e-09
46100.056 9.381272934799716e-09
46150.056 6.164029292599943e-09
46200.056 4.551231389569411e-09
46250.056 1.5642983281479758e-09
46300.056 5.554547750500262e-09
46350.056 5.423857908080593e-09
46400.056 5.830789193000201e-09
46450.056 4.62856637238968e-09
46500.056 5.991283809300582e-09
46550.056 2.9460689717296492e-09
46600.056 3.226303213571642e-09
46650.056 5.887639322000247e-09
46700.056 4.364790168799388e-09
46750.056 1.441017089830175e-09
46800.056 7.950632284279392e-10
46850.056 4.928634154700723e-09
46900.056 6.731818917299776e-09
46950.056 7.026707782299903e-09
47000.056 7.3722405038003576e-09
47050.056 4.080569561808981e-09
47100.056 3.731357850600106e-09
47150.056 5.331106058400534e-09
47200.056 6.0740626945997105e-09
47250.056 2.4953461737095003e-09
47300.056 1.7728120811455159e-09
47350.056 6.002528200500479e-09
47400.056 6.690463304899736e-09
47450.056 3.516957473910004e-09
47500.056 6.270350927720618e-09
47550.056 6.488368902599972e-09
47600.056 4.112348088909517e-09
47650.056 5.262525551581759e-09
47700.056 4.262061941689595e-09
47750.056 3.5312609758999088e-09
47800.056 2.2244774559001533e-09
47850.056 7.175328823441527e-10
47900.056 1.4959692097930547e-09
47950.056 4.714726014000234e-09
48000.056 5.753324887499512e-09
48050.056 4.294375159640096e-09
48100.056 2.173978161270161e-09
48150.056 4.355067218700186e-09
48200.056 2.052668721509594e-09
48250.056 3.3722767265000917e-09
48300.056 5.344885532799914e-09
48350.056 2.98628340439959e-09
48400.056 4.620051943288524e-10
48450.056 9.501942368082492e-10
48500.056 2.0931821945596226e-09
48550.056 2.5246217641925375e-09
48600.056 5.494798771799949e-09
48650.056 6.366744803599849e-09
48700.056 4.544022586300594e-09
48750.056 4.5159550698000936e-09
48800.056 5.317846211300089e-09
48850.056 2.4022974116246486e-09
48900.056 1.9200286778277538e-09
48950.056 8.887217839599678e-10
49000.056 6.053224674791839e-10
49050.056 2.3612358468597212e-09
49100.056 3.630653161261615e-09
49150.056 3.158336616310135e-09
49200.056 5.512247455100338e-09
49250.056 5.378312463399893e-09
49300.056 4.202338179069615e-09
49350.056 1.435565703950468e-09
49400.056 2.1720479487955063e-09
49450.056 1.6408799636773336e-09
49500.056 1.1252984395667556e-09
49550.056 1.454233371299998e-10
49600.056 4.5251843394609984e-10
49650.056 2.1290798089003205e-09
49700.056 3.0913648545997767e-09
49750.056 1.8368237245289537e-09
49800.056 1.0513187053630824e-09
49850.056 3.2354576861404044e-09
49900.056 3.879306860099912e-09
49950.056 3.6648363312998994e-09
50000.056 1.5052079905395661e-09
50050.056 1.712087093384276e-09
50100.056 1.6860930044998723e-09
50150.056 4.817152354268927e-10
50200.056 6.364665884482141e-11
50250.056 4.261405876600049e-10
50300.056 3.0193365266407406e-10
50350.056 1.8780257098002765e-09
50400.056 2.749385046399688e-09
50450.056 2.7031580420203046e-09
50500.056 3.5386684970899977e-09
50550.056 3.783323716100082e-09
50600.056 2.0411881692706653e-09
50650.056 3.940124796300271e-09
50700.056 3.2342969693998344e-09
50750.056 1.661079806699911e-09
50800.056 3.281263290595107e-10
50850.056 1.2738080669705545e-10
50900.056 1.2660923278101849e-09
50950.056 1.6946851428298224e-09
51000.056 9.848876846641475e-10
51050.056 2.354428718489847e-09
51100.056 7.293004983799546e-10
51150.056 4.782841329621336e-10
51200.056 2.4657691243000993e-09
51250.056 2.0011441968897302e-09
51300.056 1.2310596698900827e-09
51350.056 6.385540109178424e-10
51400.056 1.23942090818028e-10
51450.056 1.2453458385186583e-10
51500.056 1.3616722160984749e-10
51550.056 6.701530262301443e-10
51600.056 1.0460789428001691e-09
51650.056 1.7817781864300595e-09
51700.056 1.3641200627057174e-09
51750.056 8.84668786956222e-10
51800.056 2.0926140806999832e-09
51850.056 1.590662832879924e-09
51900.056 1.1170433572499803e-09
51950.056 4.3098784553992223e-10
52000.056 5.16870577429906e-11
52050.056 2.0795308493201026e-10
52100.056 1.0494691495498163e-10
52150.056 6.118881918481948e-11
52200.056 3.0393910099001924e-10
52250.056 5.896356866500857e-10
52300.056 5.515468173599398e-10
52350.056 1.1605941506358707e-10
52400.056 1.4197456845100165e-10
52450.056 7.639574927600712e-10
52500.056 4.49735882322956e-10
52550.056 1.0834437974199952e-09
52600.056 1.1891311180881032e-09
52650.056 1.3838688550799678e-09
52700.056 6.831244729099067e-10
52750.056 1.3433300023735652e-10
52800.056 3.232650377960578e-10
52850.056 3.896837845599078e-10
52900.056 9.637496572736434e-11
52950.056 1.829549146840357e-10
53000.056 5.280067842400412e-10
53050.056 1.7124576521197292e-10
53100.056 9.117275310900718e-10
53150.056 7.6569514808142e-10
53200.056 3.680039963799543e-10
53250.056 5.806818086051693e-10
53300.056 6.471808134670763e-10
53350.056 5.241734856800172e-10
53400.056 3.1123182445994053e-10
53450.056 9.46426425329812e-11
53500.056 2.872522895449317e-11
53550.056 4.595495775760106e-11
53600.056 1.6175095767404217e-10
