galfind/configs/Brown_Dwarf_templates/sonora_bobcat/m-0.5/31g/sp_t1600g31nc_m-0.5_resample.dat
# %ECSV 1.0
# ---
# datatype:
# - {name: wav, unit: Angstrom, datatype: float64}
# - {name: flux_nu, unit: erg / (cm2 Hz s), datatype: float64}
# meta: {C/O: '1.00', Kzz: '1.0000E+05', Teff: '1600.', Y: '0.28', '[Fe/H]': '-0.50', f_hole: '1.00', f_rain: '0.00', grav: '32.'}
# schema: astropy-2.0
wav flux_nu
[from data line 499]
28950.056 9.500042475099711e-07
29000.056 7.849573808918058e-07
29050.056 8.223837947919104e-07
29100.056 6.723370620321048e-07
29150.056 8.832372893301787e-07
29200.056 7.684433380501606e-07
29250.056 8.935134459960042e-07
29300.056 7.157382716246572e-07
29350.056 1.0415927384998174e-06
29400.056 8.186829637638586e-07
29450.056 8.5071204588298e-07
29500.056 8.798559171848799e-07
29550.056 8.494201372900312e-07
29600.056 9.25731578819828e-07
29650.056 8.802015554599122e-07
29700.056 7.879699880698409e-07
29750.056 9.789879949104418e-07
29800.056 9.954381147199227e-07
29850.056 9.510003915998811e-07
29900.056 8.700669396502683e-07
29950.056 1.0197018942398338e-06
30000.056 1.0022530976898047e-06
30050.056 9.389431141399193e-07
30100.056 7.991979023697675e-07
30150.056 1.1580997720899267e-06
30200.056 1.0056625673000636e-06
30250.056 1.035853082300279e-06
30300.056 9.923416579698883e-07
30350.056 9.433606540801104e-07
30400.056 1.1358502667101662e-06
30450.056 9.064166714701011e-07
30500.056 8.23531826380119e-07
30550.056 1.047901730900224e-06
30600.056 1.0307819821601123e-06
30650.056 1.0242292289899482e-06
30700.056 9.411328804099757e-07
30750.056 8.998681922500139e-07
30800.056 9.85700496810193e-07
30850.056 8.391344623398869e-07
30900.056 8.662823730599e-07
30950.056 7.999317583201325e-07
31000.056 8.360744397399559e-07
31050.056 8.196985808399904e-07
31100.056 7.455343479899507e-07
31150.056 8.225322838598747e-07
31200.056 8.334622037399628e-07
31250.056 8.027494765600069e-07
31300.056 7.523662355499026e-07
31350.056 7.09478931309981e-07
31400.056 6.753270055501531e-07
31450.056 6.748688762299462e-07
31500.056 6.893005105199322e-07
31550.056 6.592748955900153e-07
31600.056 6.236611409099434e-07
31650.056 6.187623915399827e-07
31700.056 6.183363702499422e-07
31750.056 5.714424427801556e-07
31800.056 6.597003698899449e-07
31850.056 6.19815794230075e-07
31900.056 7.018180063299928e-07
31950.056 5.35179169630013e-07
32000.056 6.202637327299585e-07
32050.056 6.923035030500529e-07
32100.056 6.749145518900064e-07
32150.056 7.281120611999466e-07
32200.056 6.618946779599779e-07
32250.056 7.635152111300957e-07
32300.056 6.741987845799592e-07
32350.056 8.311498143100586e-07
32400.056 6.548028010899937e-07
32450.056 7.898253601498027e-07
32500.056 8.222463065301763e-07
32550.056 8.891064992800299e-07
32600.056 8.887827742399668e-07
32650.056 9.645677368301259e-07
32700.056 9.297523130901262e-07
32750.056 9.478832493999985e-07
32800.056 9.23344954750043e-07
32850.056 1.0239587649598086e-06
32900.056 1.0910521347999617e-06
32950.056 9.509778084399104e-07
33000.056 9.70843333479957e-07
33050.056 9.086452668100355e-07
33100.056 7.978439650398778e-07
33150.056 5.574874963800455e-07
33200.056 4.0760211262989495e-07
33250.056 3.339776736898868e-07
33300.056 3.040822606100483e-07
33350.056 3.4325222690000997e-07
33400.056 3.6366866061996256e-07
33450.056 4.059466277799916e-07
33500.056 4.89966086740083e-07
33550.056 5.390905393000619e-07
33600.056 6.389577560400465e-07
33650.056 7.431401618701235e-07
33700.056 7.686899598899366e-07
33750.056 9.38022945119993e-07
33800.056 9.189985368498602e-07
33850.056 9.890739628699687e-07
33900.056 9.889305437298761e-07
33950.056 9.198142381199662e-07
34000.056 9.745449723997968e-07
34050.056 9.167739454397912e-07
34100.056 1.073239477019989e-06
34150.056 9.68058750399759e-07
34200.056 8.389914589297188e-07
34250.056 9.973392572497656e-07
34300.056 8.550073187094266e-07
34350.056 8.042387547699911e-07
34400.056 8.000090864300363e-07
34450.056 8.909454959599817e-07
34500.056 9.096750457800141e-07
34550.056 8.184695161099972e-07
34600.056 9.700087345500231e-07
34650.056 9.516936127199623e-07
34700.056 9.087122990798417e-07
34750.056 1.0256635577801443e-06
34800.056 9.785085060796827e-07
34850.056 8.94939188810008e-07
34900.056 1.0301190829200998e-06
34950.056 9.172253050497693e-07
35000.056 1.0811903809500003e-06
35050.056 1.033332340839949e-06
35100.056 9.755572113097948e-07
35150.056 1.0882397764899496e-06
35200.056 1.0757718399801174e-06
35250.056 1.0847287296499196e-06
35300.056 1.0638546781400955e-06
35350.056 1.0378651747998531e-06
35400.056 1.0829240930001428e-06
35450.056 8.781083647304371e-07
35500.056 1.1841311068499541e-06
35550.056 1.1380578006599642e-06
35600.056 1.0426858797100712e-06
35650.056 1.2666459672000728e-06
35700.056 1.0611738710400984e-06
35750.056 1.1756851027096956e-06
35800.056 1.3944299134300004e-06
35850.056 1.1748328714699858e-06
35900.056 1.4387705066697954e-06
35950.056 1.3445255692100558e-06
36000.056 1.2781905023600089e-06
36050.056 1.4625211690701208e-06
36100.056 1.4708057062792065e-06
36150.056 1.4013139974102071e-06
36200.056 1.5928102175198287e-06
36250.056 1.4386885891698001e-06
36300.056 1.7040836639202507e-06
36350.056 1.5893313255998656e-06
36400.056 1.5488884696500447e-06
36450.056 1.7781058764998796e-06
36500.056 1.6599950174800138e-06
36550.056 1.6899874870005198e-06
36600.056 1.7520414523801079e-06
36650.056 1.800551885889867e-06
36700.056 1.937371895859959e-06
36750.056 1.835391034000208e-06
36800.056 1.9096371092098843e-06
36850.056 1.947991179440133e-06
36900.056 1.950121428300277e-06
36950.056 2.024183634579848e-06
37000.056 2.089186737599937e-06
37050.056 2.088452345999915e-06
37100.056 2.1091591216802715e-06
37150.056 2.0969492784597475e-06
37200.056 2.1917675064000494e-06
37250.056 2.226412951760022e-06
37300.056 2.1852348226000955e-06
37350.056 2.0803760896203402e-06
37400.056 2.255145024599817e-06
37450.056 2.1789713128401617e-06
37500.056 2.253591763899787e-06
37550.056 2.2825915344997214e-06
37600.056 2.403490574099816e-06
37650.056 2.2551458033999055e-06
37700.056 2.3813295440000428e-06
37750.056 2.3955225573998967e-06
37800.056 2.474820505800032e-06
37850.056 2.32803293459991e-06
37900.056 2.4101311457002432e-06
37950.056 2.4204081920000028e-06
38000.056 2.4552278517002245e-06
38050.056 2.469746195300131e-06
38100.056 2.349221919700225e-06
38150.056 2.602691552599824e-06
38200.056 2.636091031599842e-06
38250.056 2.397856359600325e-06
38300.056 2.4208791356999675e-06
38350.056 2.5309434996999e-06
38400.056 2.537868619659787e-06
38450.056 2.666657020600116e-06
38500.056 2.541340510599986e-06
38550.056 2.5824511254000968e-06
38600.056 2.80388686979986e-06
38650.056 2.514838298500055e-06
38700.056 2.564396362800433e-06
38750.056 2.658190444499995e-06
38800.056 2.627277337000169e-06
38850.056 2.5637357764001336e-06
38900.056 2.519210178399871e-06
38950.056 2.713602111399886e-06
39000.056 2.6038261900000808e-06
39050.056 2.6837942398998793e-06
39100.056 2.503464304820152e-06
39150.056 2.6267261244000737e-06
39200.056 2.717459164800066e-06
39250.056 2.6830666862995734e-06
39300.056 2.6493623089995637e-06
39350.056 2.6751003518302517e-06
39400.056 2.64625555280008e-06
39450.056 2.6469133856998823e-06
39500.056 2.5700892728998016e-06
39550.056 2.561751409339702e-06
39600.056 2.7765487463999347e-06
39650.056 2.507330695099989e-06
39700.056 2.5918818902998982e-06
39750.056 2.5574888728797733e-06
39800.056 2.4476903473000946e-06
39850.056 2.5379407323998337e-06
39900.056 2.5048859204000686e-06
39950.056 2.6117064585998453e-06
40000.056 2.380613573499939e-06
40050.056 2.300725385600011e-06
40100.056 2.440677444999873e-06
40150.056 2.30186909629957e-06
40200.056 2.3742297658997814e-06
40250.056 2.28924500510945e-06
40300.056 2.195155772150241e-06
40350.056 2.3706918523001894e-06
40400.056 2.3284203374800652e-06
40450.056 2.2115404004002798e-06
40500.056 2.050496315800178e-06
40550.056 2.3671571412998525e-06
40600.056 2.07166070817025e-06
40650.056 2.181688880510123e-06
40700.056 2.295093308400081e-06
40750.056 2.0564579932992967e-06
40800.056 1.9961776955402424e-06
40850.056 1.9567813622804323e-06
40900.056 1.947460876380201e-06
40950.056 2.0579679365999816e-06
41000.056 2.0666856395999803e-06
41050.056 2.0414829146497187e-06
41100.056 1.9319482317200392e-06
41150.056 2.034133941900026e-06
41200.056 1.9596358432500746e-06
41250.056 1.9703589188601442e-06
41300.056 1.7394203775197033e-06
41350.056 2.042777568320048e-06
41400.056 1.8875958948001525e-06
41450.056 1.8927891613201552e-06
41500.056 1.9722606060601217e-06
41550.056 1.92342321445e-06
41600.056 1.977601886000057e-06
41650.056 1.8156257698803167e-06
41700.056 1.7396378734997711e-06
41750.056 1.8304181591899205e-06
41800.056 1.8794766021797317e-06
41850.056 1.6095860141603028e-06
41900.056 1.9100159407998474e-06
41950.056 1.7680011715803816e-06
42000.056 1.7944207782301832e-06
42050.056 1.6168064887395387e-06
42100.056 1.884060895700236e-06
42150.056 1.4594684094696372e-06
42200.056 1.561897309480093e-06
42250.056 1.721152116159944e-06
42300.056 1.5097837152400612e-06
42350.056 1.7710504417903474e-06
42400.056 1.5367573541602941e-06
42450.056 1.3560188601300624e-06
42500.056 1.4394210091702231e-06
42550.056 1.5130639878399406e-06
42600.056 1.477599429860303e-06
42650.056 1.4260828771693691e-06
42700.056 1.532633909850375e-06
42750.056 1.427003873400009e-06
42800.056 1.4288450864703166e-06
42850.056 1.56906426497969e-06
42900.056 1.4977732840300959e-06
42950.056 1.333468039859469e-06
43000.056 1.3992834968499774e-06
43050.056 1.2664620616205852e-06
43100.056 1.3628893903000313e-06
43150.056 1.3816376492802236e-06
43200.056 1.336858567320118e-06
43250.056 1.3475889259399347e-06
43300.056 1.399151430680064e-06
43350.056 1.223088170209865e-06
43400.056 1.2795566545798805e-06
43450.056 1.2696476564302982e-06
43500.056 1.26015534297985e-06
43550.056 1.3020233514000423e-06
43600.056 1.3691467789900555e-06
43650.056 1.1947858784400565e-06
43700.056 1.1769629891798901e-06
43750.056 1.2210980571301588e-06
43800.056 1.1516721702100442e-06
43850.056 1.158789857090262e-06
43900.056 1.1993026215399174e-06
43950.056 1.1018332835900462e-06
44000.056 1.0326379643200539e-06
44050.056 1.0295578757500644e-06
44100.056 1.104685882630143e-06
44150.056 1.1355153830998673e-06
44200.056 1.057675092770052e-06
44250.056 1.027630973200002e-06
44300.056 9.930749536501174e-07
44350.056 9.798199471600752e-07
44400.056 1.021690161979946e-06
44450.056 1.0297154194100315e-06
44500.056 1.0247557159801392e-06
44550.056 9.42656459519819e-07
44600.056 9.445411007801046e-07
44650.056 1.0075482410800428e-06
44700.056 9.172283992000831e-07
44750.056 9.687518887199002e-07
44800.056 9.60694910599953e-07
44850.056 9.500732679200739e-07
44900.056 8.911249052700928e-07
44950.056 8.579274396100424e-07
45000.056 9.211894124199418e-07
45050.056 9.261758603599298e-07
45100.056 9.506957283799778e-07
45150.056 8.793449801799924e-07
45200.056 8.208848704900023e-07
45250.056 8.465839996499312e-07
45300.056 9.046931849700334e-07
45350.056 9.328926213399368e-07
45400.056 8.84659149830094e-07
45450.056 8.193373615098838e-07
45500.056 8.467119488799757e-07
45550.056 9.190912324599516e-07
45600.056 8.508129931399829e-07
45650.056 7.864230283798636e-07
45700.056 9.165274297700608e-07
45750.056 8.301196779500093e-07
45800.056 8.205354018399699e-07
45850.056 9.61514905729963e-07
45900.056 9.52164996900038e-07
45950.056 8.325717413199986e-07
46000.056 9.739632765800237e-07
46050.056 9.626780446001575e-07
46100.056 8.080259459000805e-07
46150.056 8.900778094499623e-07
46200.056 9.385470884101783e-07
46250.056 7.930097728699939e-07
46300.056 1.004842636199979e-06
46350.056 8.585628220899148e-07
46400.056 8.831072663899087e-07
46450.056 9.179747495901164e-07
46500.056 8.323357087299408e-07
46550.056 1.018699162309987e-06
46600.056 9.395403741600388e-07
46650.056 1.1920621796298513e-06
46700.056 1.1044688646803317e-06
46750.056 8.849280883299281e-07
46800.056 9.68245303900132e-07
46850.056 1.0420127953001121e-06
46900.056 9.759728380398398e-07
46950.056 1.0922017665300257e-06
47000.056 9.20506206159997e-07
47050.056 1.1008354111798523e-06
47100.056 8.592488746900774e-07
47150.056 9.485326235401043e-07
47200.056 1.0197889091102135e-06
47250.056 9.04341937919906e-07
47300.056 9.403278305898012e-07
47350.056 8.270833363998571e-07
47400.056 1.013236115099834e-06
47450.056 8.853803322899393e-07
47500.056 1.0003580636398754e-06
47550.056 8.93668101839928e-07
47600.056 1.01215627530993e-06
47650.056 7.598028216098372e-07
47700.056 1.039519109690046e-06
47750.056 7.343183914801507e-07
47800.056 1.0172503027699006e-06
47850.056 7.918767833998882e-07
47900.056 1.0072394372200525e-06
47950.056 7.756877870601208e-07
48000.056 1.1280094773200023e-06
48050.056 8.606313344001223e-07
48100.056 9.55063370019982e-07
48150.056 8.657798703701173e-07
48200.056 1.023670778480113e-06
48250.056 8.549472141500055e-07
48300.056 1.109501201359822e-06
48350.056 7.768416216999384e-07
48400.056 9.98330807649994e-07
48450.056 8.274043879400188e-07
48500.056 1.1274709821900359e-06
48550.056 7.92574081260017e-07
48600.056 1.0409711515499149e-06
48650.056 8.234719086599746e-07
48700.056 1.0250374932100674e-06
48750.056 7.442980345500569e-07
48800.056 1.1378726071900517e-06
48850.056 8.048762015398494e-07
48900.056 1.0538736109100916e-06
48950.056 9.449806586200156e-07
49000.056 9.233582218398924e-07
49050.056 1.0007170241299765e-06
49100.056 9.103345714200786e-07
49150.056 9.71590072949984e-07
49200.056 9.108633323099643e-07
49250.056 9.668223048600131e-07
49300.056 8.405275180499341e-07
49350.056 9.087673725999837e-07
49400.056 1.0501615674500599e-06
49450.056 9.054805848201971e-07
49500.056 9.513501003200386e-07
49550.056 8.319684552699897e-07
49600.056 9.150368827901911e-07
49650.056 9.571661120400261e-07
49700.056 8.287647786099306e-07
49750.056 1.2150811185398464e-06
49800.056 9.111787246400466e-07
49850.056 1.1676722008500617e-06
49900.056 9.21778905110056e-07
49950.056 9.871310482597888e-07
50000.056 9.700743946198019e-07
50050.056 9.716065286700612e-07
50100.056 1.0486006514799404e-06
50150.056 8.81329745180032e-07
50200.056 8.363143697900926e-07
50250.056 9.812138505100408e-07
50300.056 9.104600427899488e-07
50350.056 1.0788305115099913e-06
50400.056 9.346619650199683e-07
50450.056 9.315472191301396e-07
50500.056 1.1676507861801682e-06
50550.056 9.65437770159969e-07
50600.056 1.0479771205300103e-06
50650.056 9.883918339301886e-07
50700.056 1.087664870759749e-06
50750.056 1.1267412114801483e-06
50800.056 8.320838162698978e-07
50850.056 9.868260594501637e-07
50900.056 1.0674527419399626e-06
50950.056 1.0598680641201878e-06
51000.056 1.2286003083301066e-06
51050.056 9.339170710701091e-07
51100.056 9.10880848259929e-07
51150.056 1.0538360446299253e-06
51200.056 1.019348665119968e-06
51250.056 1.1006346359299683e-06
51300.056 9.139551550002817e-07
51350.056 1.0298020126198405e-06
51400.056 9.543088714998007e-07
51450.056 7.371496438098742e-07
51500.056 9.710430231500288e-07
51550.056 1.2417234259901132e-06
51600.056 8.555676218300555e-07
51650.056 1.0091441866798602e-06
51700.056 9.541670081497394e-07
51750.056 9.034949509600646e-07
51800.056 1.0905797365097808e-06
51850.056 1.0703103486998754e-06
51900.056 1.139127989050187e-06
51950.056 1.0446747989299126e-06
52000.056 8.794248313599602e-07
52050.056 1.0274740643099383e-06
52100.056 9.509193013098416e-07
52150.056 9.656698085200538e-07
52200.056 9.238978302600299e-07
52250.056 9.79174157090006e-07
52300.056 1.086974643379983e-06
52350.056 1.1502653416601154e-06
52400.056 8.428204635101328e-07
52450.056 9.93810300519992e-07
52500.056 1.108781993909812e-06
52550.056 1.0374311682497134e-06
52600.056 1.0415817304001304e-06
52650.056 1.1625284197901654e-06
52700.056 9.926713172400198e-07
52750.056 8.356936268199129e-07
52800.056 9.359524118800852e-07
52850.056 8.885971427098957e-07
52900.056 9.937696628600497e-07
52950.056 9.758263046898875e-07
53000.056 1.1085089587299202e-06
53050.056 9.538667852998092e-07
53100.056 9.168274779998072e-07
53150.056 1.1576651746801698e-06
53200.056 8.100920329500986e-07
53250.056 1.137438255289974e-06
53300.056 1.1122712441104427e-06
53350.056 1.10003068937988e-06
53400.056 1.0327378058400815e-06
53450.056 9.226961554000446e-07
53500.056 7.859738113798579e-07
53550.056 9.902172812899046e-07
53600.056 1.0755240858301752e-06
53650.056 8.732186696301116e-07
