galfind/configs/Brown_Dwarf_templates/sonora_bobcat/m-0.5/31g/sp_t2100g31nc_m-0.5_resample.dat
# %ECSV 1.0
# ---
# datatype:
# - {name: wav, unit: Angstrom, datatype: float64}
# - {name: flux_nu, unit: erg / (cm2 Hz s), datatype: float64}
# meta: {C/O: '1.00', Kzz: '1.0000E+05', Teff: '2100.', Y: '0.28', '[Fe/H]': '-0.50', f_hole: '1.00', f_rain: '0.00', grav: '32.'}
# schema: astropy-2.0
wav flux_nu
[from data line 499]
28950.056 2.5045549652196684e-06
29000.056 2.044883137159332e-06
29050.056 2.117622663999817e-06
29100.056 1.7918262658701483e-06
29150.056 2.2408576926002485e-06
29200.056 2.0285191151803796e-06
29250.056 2.2324345916600612e-06
29300.056 1.9282791104689772e-06
29350.056 2.481812786919623e-06
29400.056 2.078336240479847e-06
29450.056 2.0760251428998997e-06
29500.056 2.2096740539597633e-06
29550.056 2.1223487861702127e-06
29600.056 2.2521774632899172e-06
29650.056 2.204068831119906e-06
29700.056 1.9638381952698222e-06
29750.056 2.4407151153410164e-06
29800.056 2.3887383702098996e-06
29850.056 2.3007232571997285e-06
29900.056 2.082974729720544e-06
29950.056 2.470632248489549e-06
30000.056 2.4325558901692788e-06
30050.056 2.287203952339933e-06
30100.056 1.887540847809493e-06
30150.056 2.8060072058397964e-06
30200.056 2.51533493907021e-06
30250.056 2.4085082272806163e-06
30300.056 2.4260818296497903e-06
30350.056 2.3337215666804316e-06
30400.056 2.7675119218904626e-06
30450.056 2.2281911658202554e-06
30500.056 2.1504405853403255e-06
30550.056 2.8557215776505758e-06
30600.056 2.7135779467803223e-06
30650.056 2.717580175840137e-06
30700.056 2.531065436599943e-06
30750.056 2.4435673253600857e-06
30800.056 2.9234537791807647e-06
30850.056 2.544388303409967e-06
30900.056 2.5623202292897992e-06
30950.056 2.4805049056103005e-06
31000.056 2.8535063464799283e-06
31050.056 2.4586363387700317e-06
31100.056 2.7107831046399208e-06
31150.056 2.795911865659678e-06
31200.056 2.8046797877196914e-06
31250.056 3.0586690963805903e-06
31300.056 2.7154051906098013e-06
31350.056 2.7266109545799978e-06
31400.056 2.7965081563205276e-06
31450.056 2.8263941765601312e-06
31500.056 2.887873821320459e-06
31550.056 2.6701434970199656e-06
31600.056 2.8223982973298316e-06
31650.056 2.958526587479945e-06
31700.056 2.976959455699898e-06
31750.056 2.6484866465101677e-06
31800.056 3.032776374100241e-06
31850.056 3.286463062660043e-06
31900.056 3.199742186649754e-06
31950.056 2.606717035039749e-06
32000.056 2.8114754655206753e-06
32050.056 3.222180136320319e-06
32100.056 3.2427785582596195e-06
32150.056 3.211400022850076e-06
32200.056 3.110764005349961e-06
32250.056 2.9404205154601793e-06
32300.056 3.1988209915901247e-06
32350.056 3.396991942700471e-06
32400.056 3.081334006319964e-06
32450.056 2.988048740250291e-06
32500.056 3.2715486030002437e-06
32550.056 3.580338237500128e-06
32600.056 3.5050104803797823e-06
32650.056 3.392519324600985e-06
32700.056 3.2554586929001564e-06
32750.056 3.3884245141600484e-06
32800.056 3.1172200138802947e-06
32850.056 3.6619295702397158e-06
32900.056 3.527919221390026e-06
32950.056 3.0645269039098344e-06
33000.056 3.3369070806102805e-06
33050.056 3.4211265918995746e-06
33100.056 3.5201133704490524e-06
33150.056 3.4716251654401675e-06
33200.056 3.218827055420641e-06
33250.056 3.501656397080155e-06
33300.056 3.768782527420299e-06
33350.056 3.521349001780197e-06
33400.056 3.243792214149625e-06
33450.056 3.5411215711290017e-06
33500.056 3.5802916124002823e-06
33550.056 3.4821777695795065e-06
33600.056 3.5605319476006882e-06
33650.056 3.674372892300786e-06
33700.056 3.805748742159497e-06
33750.056 3.764785225280147e-06
33800.056 3.6568246531000573e-06
33850.056 3.5531597650601323e-06
33900.056 3.9994094469994895e-06
33950.056 3.5587179223995708e-06
34000.056 3.611371893009205e-06
34050.056 3.6922569530000405e-06
34100.056 3.908753360520488e-06
34150.056 3.815613042299529e-06
34200.056 3.6283899064994567e-06
34250.056 4.030345956199477e-06
34300.056 3.7625697554495694e-06
34350.056 3.879481924099612e-06
34400.056 3.6466132119195624e-06
34450.056 3.625634313800061e-06
34500.056 3.8089432247007637e-06
34550.056 3.6806601631997653e-06
34600.056 3.819525707200003e-06
34650.056 3.858895582799984e-06
34700.056 3.725956896199345e-06
34750.056 3.9822590238002734e-06
34800.056 4.085975013699583e-06
34850.056 3.698593582540055e-06
34900.056 3.953357752800285e-06
34950.056 3.848451619999221e-06
35000.056 3.733761464799507e-06
35050.056 4.177563661300609e-06
35100.056 3.974628763499236e-06
35150.056 3.964481508179731e-06
35200.056 4.026919003799717e-06
35250.056 3.6276047900002986e-06
35300.056 3.9813776715003675e-06
35350.056 4.157358370899726e-06
35400.056 3.907338038599719e-06
35450.056 3.820260365300355e-06
35500.056 4.1017257040999144e-06
35550.056 3.936272753699875e-06
35600.056 3.8111098341993387e-06
35650.056 4.233700381200505e-06
35700.056 3.84179694810037e-06
35750.056 3.952386704199694e-06
35800.056 4.089120221299668e-06
35850.056 4.135036759199778e-06
35900.056 4.296199705299541e-06
35950.056 4.129894495499709e-06
36000.056 3.792315786199562e-06
36050.056 4.282183693800282e-06
36100.056 4.408971948099787e-06
36150.056 3.962662198600419e-06
36200.056 4.288686580599546e-06
36250.056 3.98996912379932e-06
36300.056 4.5434587975007304e-06
36350.056 4.327837392899366e-06
36400.056 4.1946977152999e-06
36450.056 4.512821872399659e-06
36500.056 4.203083175600298e-06
36550.056 4.10765541610056e-06
36600.056 4.168240679100374e-06
36650.056 4.314168841700462e-06
36700.056 4.541908734600137e-06
36750.056 4.179699006300464e-06
36800.056 4.30973785609961e-06
36850.056 4.374119795100159e-06
36900.056 4.418134267900652e-06
36950.056 4.408764870800038e-06
37000.056 4.473347666000106e-06
37050.056 4.566472091899908e-06
37100.056 4.399309920500408e-06
37150.056 4.371223330699162e-06
37200.056 4.556180204300076e-06
37250.056 4.5708173816002785e-06
37300.056 4.589858854000822e-06
37350.056 4.337998734200537e-06
37400.056 4.550153464199718e-06
37450.056 4.507132678200323e-06
37500.056 4.634144774699737e-06
37550.056 4.50971981569925e-06
37600.056 4.730764032599452e-06
37650.056 4.389566940999617e-06
37700.056 4.48823216430013e-06
37750.056 4.72028831509935e-06
37800.056 4.800836759499884e-06
37850.056 4.61455188199979e-06
37900.056 4.705761360600362e-06
37950.056 4.74560659240022e-06
38000.056 4.645904350200582e-06
38050.056 4.676046437200339e-06
38100.056 4.52007551050021e-06
38150.056 4.8191148758994186e-06
38200.056 4.9013218836994254e-06
38250.056 4.574773690300576e-06
38300.056 4.518533185499941e-06
38350.056 4.696289006999933e-06
38400.056 4.767159208299792e-06
38450.056 4.79183242050042e-06
38500.056 4.6818443014997845e-06
38550.056 4.698183874000311e-06
38600.056 5.0627105208997945e-06
38650.056 4.50600179960017e-06
38700.056 4.586942103400696e-06
38750.056 4.8132339794999574e-06
38800.056 4.717549415000646e-06
38850.056 4.729832889600254e-06
38900.056 4.5626306501998855e-06
38950.056 4.80020024599967e-06
39000.056 4.69390789420014e-06
39050.056 4.7563211959999245e-06
39100.056 4.517227187399979e-06
39150.056 4.651760877900209e-06
39200.056 4.780585824300178e-06
39250.056 4.752684199399376e-06
39300.056 4.754978400699228e-06
39350.056 4.716507372700476e-06
39400.056 4.642183036400131e-06
39450.056 4.672887112299799e-06
39500.056 4.608652586999795e-06
39550.056 4.527504462399156e-06
39600.056 4.883552312200238e-06
39650.056 4.468494421300106e-06
39700.056 4.634294119899911e-06
39750.056 4.631952187299527e-06
39800.056 4.407681323300285e-06
39850.056 4.542404941999749e-06
39900.056 4.439752067299761e-06
39950.056 4.644572610399837e-06
40000.056 4.345619683399743e-06
40050.056 4.051573294199901e-06
40100.056 4.350115769299744e-06
40150.056 4.098536953799114e-06
40200.056 4.2921435667997e-06
40250.056 4.2564383573988514e-06
40300.056 3.941081874900446e-06
40350.056 4.161328412800099e-06
40400.056 4.231712696799939e-06
40450.056 3.855713448400811e-06
40500.056 3.6776417281000294e-06
40550.056 4.251952205799718e-06
40600.056 3.842815397500316e-06
40650.056 4.009978124500807e-06
40700.056 4.182584217100255e-06
40750.056 3.7023279366989506e-06
40800.056 3.669839362500541e-06
40850.056 3.4593342510007686e-06
40900.056 3.436414734600643e-06
40950.056 3.7034235874999825e-06
41000.056 3.832565558300335e-06
41050.056 3.7330140188992274e-06
41100.056 3.524356521100463e-06
41150.056 3.829820886800157e-06
41200.056 3.5734195569001196e-06
41250.056 3.6432615358002295e-06
41300.056 3.2138166258996664e-06
41350.056 3.755720600100162e-06
41400.056 3.5553090644000193e-06
41450.056 3.408892128999853e-06
41500.056 3.690925957500125e-06
41550.056 3.6420936464200774e-06
41600.056 3.7542881443999833e-06
41650.056 3.333000673500502e-06
41700.056 3.2261796668196016e-06
41750.056 3.5068192483000885e-06
41800.056 3.35978459699977e-06
41850.056 3.1263117173004e-06
41900.056 3.564897386299471e-06
41950.056 3.2883637856003905e-06
42000.056 3.459065536200263e-06
42050.056 3.167775955398941e-06
42100.056 3.5371202272003358e-06
42150.056 3.0151904589994475e-06
42200.056 3.0645089373001713e-06
42250.056 3.363487878999794e-06
42300.056 3.1421628510000527e-06
42350.056 3.437435014900627e-06
42400.056 3.127011744400155e-06
42450.056 2.757208309900127e-06
42500.056 2.8473867527002356e-06
42550.056 3.161767717399755e-06
42600.056 3.0475426015004642e-06
42650.056 3.020592536999008e-06
42700.056 3.1039320362005975e-06
42750.056 2.9365560599001126e-06
42800.056 3.001852195340112e-06
42850.056 3.235458270999635e-06
42900.056 3.1177474409002698e-06
42950.056 2.722090866198912e-06
43000.056 2.9751326839599913e-06
43050.056 2.8160474726211683e-06
43100.056 2.945286792799467e-06
43150.056 3.044342892700754e-06
43200.056 2.865104601199968e-06
43250.056 2.9360137667005895e-06
43300.056 2.939284312900107e-06
43350.056 2.752651231669441e-06
43400.056 2.7155328269096604e-06
43450.056 2.73520353202076e-06
43500.056 2.673075870999426e-06
43550.056 2.7315289283199586e-06
43600.056 2.8847537420000487e-06
43650.056 2.5850065954203203e-06
43700.056 2.5523496013001664e-06
43750.056 2.593538335730085e-06
43800.056 2.5123040684999193e-06
43850.056 2.5551783229005257e-06
43900.056 2.5898386656199508e-06
43950.056 2.4475435167801967e-06
44000.056 2.247369490780056e-06
44050.056 2.24408327790008e-06
44100.056 2.4067700497805155e-06
44150.056 2.532853259399712e-06
44200.056 2.3327248402102103e-06
44250.056 2.23428002111984e-06
44300.056 2.1499469908304996e-06
44350.056 2.1716267109001925e-06
44400.056 2.219420640129949e-06
44450.056 2.3379428666001114e-06
44500.056 2.322852896000476e-06
44550.056 2.077461430059511e-06
44600.056 2.109399106820275e-06
44650.056 2.2902565892400274e-06
44700.056 2.053985598560245e-06
44750.056 2.2346096318696628e-06
44800.056 2.1875032219299346e-06
44850.056 2.2158125537000953e-06
44900.056 2.060540056240315e-06
44950.056 1.9284419781400277e-06
45000.056 2.117568711699942e-06
45050.056 2.106844122779695e-06
45100.056 2.178015519779871e-06
45150.056 2.0661168223900572e-06
45200.056 1.8847442162598818e-06
45250.056 1.9620953706597092e-06
45300.056 2.0681287700501373e-06
45350.056 2.15191303720972e-06
45400.056 2.0495908233602733e-06
45450.056 1.871065828489712e-06
45500.056 1.911737966579915e-06
45550.056 2.1485816807097485e-06
45600.056 1.9973489917799444e-06
45650.056 1.7968323656195473e-06
45700.056 2.038226992280242e-06
45750.056 1.922210120299897e-06
45800.056 1.9003434937199504e-06
45850.056 2.1959007456000247e-06
45900.056 2.1623573944200695e-06
45950.056 1.9020756860599385e-06
46000.056 2.2291099419099814e-06
46050.056 2.216621555950523e-06
46100.056 1.8870766330301247e-06
46150.056 1.9470281733099435e-06
46200.056 2.1685632316305046e-06
46250.056 1.8022064973499235e-06
46300.056 2.2753249648399043e-06
46350.056 1.8568280260398048e-06
46400.056 1.99906134084974e-06
46450.056 1.9694669917504565e-06
46500.056 1.8781109047999026e-06
46550.056 2.1709212873399195e-06
46600.056 2.002776998269895e-06
46650.056 2.458493617199956e-06
46700.056 2.301953946580647e-06
46750.056 1.9174768219798786e-06
46800.056 2.1148764722303587e-06
46850.056 2.1914173667901047e-06
46900.056 2.108645238439589e-06
46950.056 2.3071833083401605e-06
47000.056 2.0892576402899734e-06
47050.056 2.2166512167997058e-06
47100.056 1.958098952740095e-06
47150.056 2.1115681556104135e-06
47200.056 2.1059904359006065e-06
47250.056 2.0161672059294647e-06
47300.056 2.091686510669439e-06
47350.056 1.7982116158596136e-06
47400.056 2.1522417785294486e-06
47450.056 2.1433044331998394e-06
47500.056 2.0680311479394887e-06
47550.056 2.0122181416296195e-06
47600.056 2.220649387159877e-06
47650.056 1.6536884365195428e-06
47700.056 2.217509235040054e-06
47750.056 1.6030257083504887e-06
47800.056 2.1968829660997935e-06
47850.056 1.7284557733094697e-06
47900.056 2.2483617472801318e-06
47950.056 1.6824826677804184e-06
48000.056 2.4106318446000235e-06
48050.056 1.8268447457003783e-06
48100.056 1.9828051528399813e-06
48150.056 1.8135013912002267e-06
48200.056 2.2369327128804867e-06
48250.056 1.855925041049789e-06
48300.056 2.3787225588997494e-06
48350.056 1.6530292195296593e-06
48400.056 2.1932661412499663e-06
48450.056 1.8742939066201561e-06
48500.056 2.3693906682600393e-06
48550.056 1.7087201988600421e-06
48600.056 2.220504528099786e-06
48650.056 1.7212046854699808e-06
48700.056 2.1086913320400652e-06
48750.056 1.5710981123802683e-06
48800.056 2.3756027724601435e-06
48850.056 1.7302093664996697e-06
48900.056 2.1852751794001065e-06
48950.056 2.0072063525801703e-06
49000.056 1.973602867119869e-06
49050.056 2.0428361963198394e-06
49100.056 1.93931296683015e-06
49150.056 1.96997402397006e-06
49200.056 2.016934874259919e-06
49250.056 1.959847178700095e-06
49300.056 1.7903617904596944e-06
49350.056 1.8286640701799842e-06
49400.056 2.169555987490263e-06
49450.056 1.872625342100461e-06
49500.056 1.938568361740264e-06
49550.056 1.7513858042399655e-06
49600.056 1.8545139197003857e-06
49650.056 1.9091250859602426e-06
49700.056 1.6586991717098436e-06
49750.056 2.382304987799588e-06
49800.056 1.9075271647200583e-06
49850.056 2.2583205073600356e-06
49900.056 1.8659691358201222e-06
49950.056 1.9691665012094103e-06
50000.056 1.896148276949534e-06
50050.056 1.9633308983901285e-06
50100.056 2.0321675739598283e-06
50150.056 1.8194003887899756e-06
50200.056 1.6670354341601577e-06
50250.056 1.8367267004101609e-06
50300.056 1.7710685884197443e-06
50350.056 1.9927147417699805e-06
50400.056 1.8611612752100452e-06
50450.056 1.7912963884002274e-06
50500.056 2.2964128224403397e-06
50550.056 1.8818493717398534e-06
50600.056 1.9871669771601313e-06
50650.056 1.8934128818304808e-06
50700.056 2.0626053976193856e-06
50750.056 2.0297820784602566e-06
50800.056 1.6429040421398742e-06
50850.056 1.8990807261402946e-06
50900.056 1.9208718048999474e-06
50950.056 2.0253363159003236e-06
51000.056 2.2584796616602366e-06
51050.056 1.776290347190299e-06
51100.056 1.7664956728899012e-06
51150.056 2.00448943600002e-06
51200.056 1.868580202579878e-06
51250.056 2.0661539124600307e-06
51300.056 1.7840999564205464e-06
51350.056 1.9893283800897658e-06
51400.056 1.8956511845094669e-06
51450.056 1.4160714579197876e-06
51500.056 1.9489896566699675e-06
51550.056 2.2938333479402175e-06
51600.056 1.591759218709954e-06
51650.056 1.9163025653596977e-06
51700.056 1.729043214089437e-06
51750.056 1.7326113967801188e-06
51800.056 1.984830344779749e-06
51850.056 2.0015353343998456e-06
51900.056 2.0824284353002872e-06
51950.056 1.8696406602897907e-06
52000.056 1.6976559667599656e-06
52050.056 1.9634222249698416e-06
52100.056 1.8839796805796078e-06
52150.056 1.8950831467302567e-06
52200.056 1.814463746940106e-06
52250.056 1.8202013032799682e-06
52300.056 1.9093703542199805e-06
52350.056 2.140022664660218e-06
52400.056 1.6191843812800923e-06
52450.056 1.8416562825399656e-06
52500.056 1.989288746489478e-06
52550.056 1.8403377085195007e-06
52600.056 1.9339423278101596e-06
52650.056 2.1674881480703886e-06
52700.056 1.8720167127600603e-06
52750.056 1.5505145358298391e-06
52800.056 1.7466431121401779e-06
52850.056 1.6553434446098865e-06
52900.056 1.8596064618801856e-06
52950.056 1.8024842199596713e-06
53000.056 2.004476211359758e-06
53050.056 1.8848202375896857e-06
53100.056 1.6926676055996288e-06
53150.056 2.0562577290804266e-06
53200.056 1.5170945172703202e-06
53250.056 2.096151100899914e-06
53300.056 2.0183272255007275e-06
53350.056 2.025193490419789e-06
53400.056 1.8079097629101434e-06
53450.056 1.715159549900045e-06
53500.056 1.5497566040096993e-06
