galfind/configs/Brown_Dwarf_templates/sonora_bobcat/m-0.5/31g/sp_t550g31nc_m-0.5_resample.dat
# %ECSV 1.0
# ---
# datatype:
# - {name: wav, unit: Angstrom, datatype: float64}
# - {name: flux_nu, unit: erg / (cm2 Hz s), datatype: float64}
# meta: {C/O: '1.00', Kzz: '1.0000E+05', Teff: '550.', Y: '0.28', '[Fe/H]': '-0.50', f_hole: '1.00', f_rain: '0.00', grav: '32.'}
# schema: astropy-2.0
wav flux_nu
[from data line 498]
28900.056 1.2996293381663302e-09
28950.056 2.3185555014561664e-09
29000.056 1.7479576131562275e-09
29050.056 2.424470995246061e-09
29100.056 1.485355247780316e-09
29150.056 2.1191320332305978e-09
29200.056 2.2813044781275303e-09
29250.056 3.625761870208747e-09
29300.056 1.5964926010063685e-09
29350.056 4.7328873915781605e-09
29400.056 2.2842701013771424e-09
29450.056 2.2357963355206357e-09
29500.056 3.6459588373335633e-09
29550.056 2.1102629901186574e-09
29600.056 2.9373495944990817e-09
29650.056 4.918090463201809e-09
29700.056 2.047340609691752e-09
29750.056 4.056587526599062e-09
29800.056 3.880074276838396e-09
29850.056 4.5785562197440245e-09
29900.056 3.5151045354386973e-09
29950.056 3.591970693155071e-09
30000.056 1.6916578732480637e-10
30050.056 5.342850993574622e-10
30100.056 1.3165813443420778e-09
30150.056 3.3416027912181834e-09
30200.056 2.805237928454315e-09
30250.056 5.819616332380803e-09
30300.056 6.899386393097674e-09
30350.056 3.2612294684628927e-09
30400.056 7.108556611649793e-09
30450.056 4.28933153344078e-09
30500.056 4.471894651810809e-09
30550.056 3.849324326920772e-09
30600.056 8.504267797637713e-09
30650.056 4.902813311161577e-09
30700.056 3.92228221795078e-09
30750.056 6.5051237492577815e-09
30800.056 4.441173965783188e-09
30850.056 4.956287563022957e-09
30900.056 2.934980028398009e-09
30950.056 3.4161544875875083e-09
31000.056 3.1976998104590716e-09
31050.056 3.0736841342665617e-09
31100.056 1.929245244511138e-09
31150.056 3.3844525151199693e-09
31200.056 5.0585465076191e-09
31250.056 3.331578522855205e-09
31300.056 2.348251821815989e-09
31350.056 3.457662236135891e-09
31400.056 2.506390091569511e-09
31450.056 2.7188654869305095e-09
31500.056 1.3628814449864149e-09
31550.056 1.962559726838586e-09
31600.056 1.263476039583413e-09
31650.056 1.265429831869344e-09
31700.056 1.3422834005293061e-09
31750.056 7.072601461212886e-10
31800.056 1.4076187214613273e-09
31850.056 4.2820181127280626e-10
31900.056 8.24362922741461e-10
31950.056 4.86632180012404e-10
32000.056 5.63217684294321e-10
32050.056 7.181430404452993e-10
32100.056 6.364830519683174e-10
32150.056 8.028478845324044e-10
32200.056 4.378745229519918e-10
32250.056 1.061170281795115e-09
32300.056 4.173112711451686e-10
32350.056 9.88891938596537e-10
32400.056 3.2577991565543607e-10
32450.056 8.616731842185932e-10
32500.056 4.2611022249088374e-10
32550.056 6.712187913751887e-10
32600.056 5.945421080870876e-10
32650.056 1.5819956713435019e-09
32700.056 8.154793339334373e-10
32750.056 2.2596740439656727e-09
32800.056 1.6900839577299127e-09
32850.056 2.9174221979645318e-09
32900.056 2.7697390250902066e-09
32950.056 3.1181750905024422e-09
33000.056 1.8047107679943101e-09
33050.056 2.23565059683953e-09
33100.056 6.461148242452403e-10
33150.056 3.2111076746580997e-12
33200.056 2.3022052702239573e-11
33250.056 2.0060746192869717e-11
33300.056 7.418584826587317e-11
33350.056 2.3775019164544675e-10
33400.056 6.349677957461296e-10
33450.056 7.236532307660701e-10
33500.056 1.989971050960799e-09
33550.056 7.152278762490261e-10
33600.056 1.765441981053303e-09
33650.056 1.6572692923299183e-09
33700.056 9.566935749578035e-10
33750.056 2.347054517488611e-09
33800.056 5.714486404818612e-10
33850.056 1.4229355223441084e-09
33900.056 1.334296090588415e-09
33950.056 1.1262604450657834e-09
34000.056 2.147767941228236e-09
34050.056 5.173550761436973e-10
34100.056 1.8868595352150007e-09
34150.056 1.0092330893370426e-09
34200.056 1.903256580027333e-09
34250.056 1.4181641724417598e-09
34300.056 1.2527592648775873e-09
34350.056 1.7164298145644106e-09
34400.056 8.407912485821095e-10
34450.056 1.9676088360819596e-09
34500.056 1.3322037895279455e-09
34550.056 7.180543749445234e-10
34600.056 2.660553712150544e-09
34650.056 8.644113679030058e-10
34700.056 2.1565507421122296e-09
34750.056 1.577219627157193e-09
34800.056 1.2976509375581595e-09
34850.056 2.6858442621421247e-09
34900.056 1.5064953493727188e-09
34950.056 2.619433476888741e-09
35000.056 5.073562382733729e-09
35050.056 2.1186693974741245e-09
35100.056 4.415516033032144e-09
35150.056 3.771728164359706e-09
35200.056 3.503586522303777e-09
35250.056 5.86952548564422e-09
35300.056 3.0731511347524903e-09
35350.056 3.72272522464513e-09
35400.056 3.880992060825148e-09
35450.056 2.657960437419962e-09
35500.056 8.113143334273531e-09
35550.056 5.720598116234901e-09
35600.056 5.249207355206683e-09
35650.056 5.613726325742502e-09
35700.056 5.3841519899026725e-09
35750.056 8.20743947386182e-09
35800.056 9.283429696023586e-09
35850.056 4.043271437313114e-09
35900.056 5.774448103893409e-09
35950.056 6.609874365665528e-09
36000.056 6.916230364190006e-09
36050.056 5.419252064300688e-09
36100.056 5.303949531880871e-09
36150.056 8.238529144670351e-09
36200.056 9.25436730322885e-09
36250.056 7.13091758072417e-09
36300.056 1.2460646544194337e-08
36350.056 8.91835853365729e-09
36400.056 1.1399132951815534e-08
36450.056 1.2569802856787156e-08
36500.056 1.4486147676929495e-08
36550.056 1.5853747071147826e-08
36600.056 1.848765611327313e-08
36650.056 1.539512787407154e-08
36700.056 1.616520263434143e-08
36750.056 1.914914323051237e-08
36800.056 2.0644691998058096e-08
36850.056 1.4841000517652516e-08
36900.056 2.1113163572787876e-08
36950.056 2.16165909883968e-08
37000.056 1.7074157380973868e-08
37050.056 2.2299361116806217e-08
37100.056 2.0296266590202854e-08
37150.056 1.8144277807585782e-08
37200.056 2.5373991294492183e-08
37250.056 1.994133417587663e-08
37300.056 1.6891860937530955e-08
37350.056 2.3296542573081627e-08
37400.056 3.3751679135471416e-08
37450.056 1.8465178220275756e-08
37500.056 2.1306586975708373e-08
37550.056 3.2012973087996206e-08
37600.056 4.106788221833076e-08
37650.056 1.8777932961936394e-08
37700.056 3.444311734678279e-08
37750.056 2.31432474491938e-08
37800.056 2.4908381740284657e-08
37850.056 1.472893011511314e-08
37900.056 1.8945004698171132e-08
37950.056 3.02473184668613e-08
38000.056 3.131842849710507e-08
38050.056 3.60563375151568e-08
38100.056 4.0502380067182276e-08
38150.056 4.3474276100600745e-08
38200.056 4.212687125010602e-08
38250.056 3.9417688932005965e-08
38300.056 5.72260221475834e-08
38350.056 5.7510142634019046e-08
38400.056 3.008993178427505e-08
38450.056 2.3307872690765683e-08
38500.056 1.5140885182003296e-08
38550.056 3.312685798211316e-08
38600.056 3.344718557265555e-08
38650.056 3.632336982904115e-08
38700.056 3.4111548362048665e-08
38750.056 3.5239207095457455e-08
38800.056 3.5229561974667466e-08
38850.056 3.677018785562318e-08
38900.056 4.923649720399557e-08
38950.056 3.403701617341685e-08
39000.056 4.573892678301931e-08
39050.056 3.578459629811691e-08
39100.056 4.360991418553875e-08
39150.056 5.056421510142432e-08
39200.056 4.255532646145417e-08
39250.056 5.752347109172939e-08
39300.056 4.312049077678382e-08
39350.056 6.640628468270292e-08
39400.056 4.548462773022389e-08
39450.056 5.620661131409239e-08
39500.056 5.859544568069704e-08
39550.056 4.23729218575398e-08
39600.056 5.8575536640787736e-08
39650.056 6.807687242518664e-08
39700.056 6.357783129460891e-08
39750.056 4.341581755635071e-08
39800.056 5.042054527825093e-08
39850.056 7.816805897200633e-08
39900.056 8.137990433800451e-08
39950.056 5.263528007300812e-08
40000.056 7.839329937200994e-08
40050.056 7.561154738739712e-08
40100.056 4.4813842061079694e-08
40150.056 7.512957525372346e-08
40200.056 7.733069898937451e-08
40250.056 8.306616723997905e-08
40300.056 8.040021903280337e-08
40350.056 6.634024633368695e-08
40400.056 8.699139939798775e-08
40450.056 5.9049631631279244e-08
40500.056 9.28990817880893e-08
40550.056 9.717740593103814e-08
40600.056 8.291795331300857e-08
40650.056 6.98273966720425e-08
40700.056 1.137805580819913e-07
40750.056 8.196918586598218e-08
40800.056 6.201344846966678e-08
40850.056 1.2413785783603378e-07
40900.056 1.0761693863039915e-07
40950.056 9.764569592073406e-08
41000.056 8.689222381729004e-08
41050.056 1.2835990514856555e-07
41100.056 1.0957182055260014e-07
41150.056 6.340761288037116e-08
41200.056 1.2733910989370872e-07
41250.056 1.0296933215489144e-07
41300.056 1.0048467653658724e-07
41350.056 1.3070591841698974e-07
41400.056 1.1691653377001304e-07
41450.056 1.3906877734997953e-07
41500.056 1.0132449331942828e-07
41550.056 9.853035617301495e-08
41600.056 1.0848779087617184e-07
41650.056 1.246546276579066e-07
41700.056 1.302836087399599e-07
41750.056 1.175883783979793e-07
41800.056 1.308259079530361e-07
41850.056 1.1056293421458338e-07
41900.056 1.1567858421354947e-07
41950.056 1.1647784828501782e-07
42000.056 9.454757082301992e-08
42050.056 9.458418137417493e-08
42100.056 1.192814338815916e-07
42150.056 1.0205534283200617e-07
42200.056 1.0358842870739778e-07
42250.056 9.996157250745234e-08
42300.056 1.0014437877590086e-07
42350.056 1.2913323450701163e-07
42400.056 1.344955774330202e-07
42450.056 1.2036439790004283e-07
42500.056 1.1848944358698429e-07
42550.056 1.0604041155097256e-07
42600.056 1.1886165085904467e-07
42650.056 1.6602901493194091e-07
42700.056 1.1004943255846334e-07
42750.056 1.1893714579001233e-07
42800.056 1.5171875205802314e-07
42850.056 1.6026371758294998e-07
42900.056 1.7083668525703904e-07
42950.056 1.349460441439715e-07
43000.056 1.5147848456402546e-07
43050.056 9.293603747262143e-08
43100.056 1.3122899265298084e-07
43150.056 1.1358371423901547e-07
43200.056 1.5427825089000685e-07
43250.056 1.9082931146501461e-07
43300.056 1.8635819735399707e-07
43350.056 1.1331325994196671e-07
43400.056 1.5032838382799832e-07
43450.056 1.1294215812001379e-07
43500.056 1.1465890105202484e-07
43550.056 1.2399219409782201e-07
43600.056 1.7279511191602242e-07
43650.056 1.2220115689550555e-07
43700.056 1.9280980473303713e-07
43750.056 1.6727328951400022e-07
43800.056 1.5680930593498676e-07
43850.056 1.3890669727901562e-07
43900.056 1.337131557762854e-07
43950.056 9.144283747899055e-08
44000.056 8.838047440709616e-08
44050.056 1.8088925720800364e-07
44100.056 2.242717834789988e-07
44150.056 2.0523138166640156e-07
44200.056 1.81640855066998e-07
44250.056 1.1858133813700139e-07
44300.056 9.989229821141846e-08
44350.056 1.1403923810081122e-07
44400.056 1.0644902731578866e-07
44450.056 1.6374670529499027e-07
44500.056 1.5592441217803412e-07
44550.056 2.0673787523997945e-07
44600.056 1.8438121747870311e-07
44650.056 1.642732565920245e-07
44700.056 1.1548744698499737e-07
44750.056 1.6842090151703914e-07
44800.056 1.3086471068261266e-07
44850.056 1.7240181462901318e-07
44900.056 1.4041642337981058e-07
44950.056 1.6506070679001026e-07
45000.056 1.7937047197800707e-07
45050.056 1.6858464972498052e-07
45100.056 1.5731388867300047e-07
45150.056 1.5580473666957203e-07
45200.056 1.2486784440000686e-07
45250.056 1.4270200984495704e-07
45300.056 1.218767551640196e-07
45350.056 1.14850382302821e-07
45400.056 2.2139880268902346e-07
45450.056 1.903854953540144e-07
45500.056 2.1133703547161257e-07
45550.056 2.2228142829193136e-07
45600.056 2.133634441300395e-07
45650.056 1.7445858494889953e-07
45700.056 1.2710706290889548e-07
45750.056 1.239895838871024e-07
45800.056 2.353378754440045e-07
45850.056 2.056278388579908e-07
45900.056 2.3343191513399228e-07
45950.056 1.95753779324e-07
46000.056 2.1895203578802292e-07
46050.056 1.7092873095999896e-07
46100.056 2.476572039199788e-07
46150.056 1.6513714254100814e-07
46200.056 1.510581524219876e-07
46250.056 7.847784493149758e-08
46300.056 1.7044370255499962e-07
46350.056 1.7831598715902226e-07
46400.056 1.578884145770051e-07
46450.056 1.4714644716751757e-07
46500.056 1.6787566013974127e-07
46550.056 1.0614922988200779e-07
46600.056 1.4824187104758114e-07
46650.056 2.1156538734701558e-07
46700.056 1.4606574060596236e-07
46750.056 9.282186698301162e-08
46800.056 6.622928175918543e-08
46850.056 2.08746801339031e-07
46900.056 1.9372657568299373e-07
46950.056 1.8937328403498472e-07
47000.056 1.8488973278403153e-07
47050.056 1.4793573248366957e-07
47100.056 1.0664274356621509e-07
47150.056 1.4955235805222365e-07
47200.056 1.781120903199939e-07
47250.056 1.15472350166989e-07
47300.056 7.963530720880086e-08
47350.056 2.075597504439934e-07
47400.056 1.7391386492598358e-07
47450.056 1.6423674133348077e-07
47500.056 2.0184841219497572e-07
47550.056 1.7754900615400853e-07
47600.056 1.7498171069399157e-07
47650.056 1.7663348827062521e-07
47700.056 1.4573258493692045e-07
47750.056 1.1232975409790419e-07
47800.056 1.038626535600102e-07
47850.056 6.28388395909107e-08
47900.056 9.002513871828701e-08
47950.056 1.5786632593600807e-07
48000.056 2.09629434000027e-07
48050.056 1.8492239054199675e-07
48100.056 9.033642468040956e-08
48150.056 1.484218474840019e-07
48200.056 1.1212100814060017e-07
48250.056 1.293826484120039e-07
48300.056 1.9588602825997096e-07
48350.056 1.2591507177400028e-07
48400.056 4.902873514874831e-08
48450.056 9.671928487222448e-08
48500.056 1.3853183922297026e-07
48550.056 1.3817499346441208e-07
48600.056 1.5139861419200055e-07
48650.056 1.8525107663598585e-07
48700.056 1.3496509366201193e-07
48750.056 9.043301633104354e-08
48800.056 1.7663948379000222e-07
48850.056 1.0735835462208077e-07
48900.056 1.5461962928308643e-07
48950.056 9.428697669700549e-08
49000.056 5.000840697507708e-08
49050.056 1.3355048365998015e-07
49100.056 1.5739924890542758e-07
49150.056 1.2064038415894075e-07
49200.056 1.7540351785703243e-07
49250.056 1.7033177297502086e-07
49300.056 1.4927832644199867e-07
49350.056 7.144129291403426e-08
49400.056 1.0205670411447515e-07
49450.056 1.0513479260748046e-07
49500.056 8.386992528569226e-08
49550.056 2.7370240157902006e-08
49600.056 6.487428008786848e-08
49650.056 1.0945191527099596e-07
49700.056 1.1141958985296159e-07
49750.056 1.2327057322809126e-07
49800.056 8.999569603871967e-08
49850.056 1.532430551790305e-07
49900.056 1.2249778727938835e-07
49950.056 1.2151671334800212e-07
50000.056 1.0427272111917663e-07
50050.056 1.264181416899999e-07
50100.056 9.966199918699612e-08
50150.056 5.739033195718921e-08
50200.056 1.5873944329005724e-08
50250.056 7.460159319799395e-08
50300.056 5.098102640046675e-08
50350.056 1.1828761341901408e-07
50400.056 1.1277142638578824e-07
50450.056 8.727018388880443e-08
50500.056 1.2577977386901274e-07
50550.056 1.1031269563000808e-07
50600.056 8.421333569897975e-08
50650.056 1.3069797557002132e-07
50700.056 1.3338324869296964e-07
50750.056 9.426473049301241e-08
50800.056 4.289123902193235e-08
50850.056 2.9663148619793042e-08
50900.056 1.1381305140899977e-07
50950.056 9.132047322099964e-08
51000.056 8.341878228986576e-08
51050.056 1.0507804245098806e-07
51100.056 4.57558119776013e-08
51150.056 5.976627633999927e-08
51200.056 1.3379014850099462e-07
51250.056 8.954688896728499e-08
51300.056 6.74346245033294e-08
51350.056 6.866168675113232e-08
51400.056 3.158018714796352e-08
51450.056 2.4876569510456193e-08
51500.056 2.472804999788816e-08
51550.056 7.699590881808916e-08
51600.056 5.719536126421423e-08
51650.056 6.697976992498939e-08
51700.056 7.479031984904017e-08
51750.056 5.079358853860884e-08
51800.056 8.354260544598529e-08
51850.056 7.049897824739405e-08
51900.056 1.0019224179999414e-07
51950.056 6.532683034699245e-08
52000.056 1.1018688220356234e-08
52050.056 4.012019066480578e-08
52100.056 2.6896020229797337e-08
52150.056 1.7935775234415518e-08
52200.056 3.535353496100026e-08
52250.056 4.9707333469913736e-08
52300.056 7.252856863399668e-08
52350.056 3.3984108822650776e-08
52400.056 3.0612537422272214e-08
52450.056 8.015685859900575e-08
52500.056 6.669386134638074e-08
52550.056 6.774387726899251e-08
52600.056 5.0815669795798955e-08
52650.056 5.966023001260744e-08
52700.056 4.660658561959834e-08
52750.056 2.366104585453632e-08
52800.056 3.713254880360412e-08
52850.056 4.184473857898717e-08
52900.056 2.619023788990193e-08
52950.056 3.5033332988123483e-08
53000.056 5.2425223509010966e-08
53050.056 2.369214885989369e-08
53100.056 5.489941745899093e-08
53150.056 6.332564418900593e-08
53200.056 2.884004737381847e-08
53250.056 5.885513143120358e-08
53300.056 7.123396294290074e-08
53350.056 5.5060209038802416e-08
53400.056 3.999369845399249e-08
53450.056 1.8460532672544294e-08
