galfind/configs/Brown_Dwarf_templates/sonora_bobcat/m-0.5/31g/sp_t1400g31nc_m-0.5_resample.dat
# %ECSV 1.0
# ---
# datatype:
# - {name: wav, unit: Angstrom, datatype: float64}
# - {name: flux_nu, unit: erg / (cm2 Hz s), datatype: float64}
# meta: {C/O: '1.00', Kzz: '1.0000E+05', Teff: '1400.', Y: '0.28', '[Fe/H]': '-0.50', f_hole: '1.00', f_rain: '0.00', grav: '32.'}
# schema: astropy-2.0
wav flux_nu
4000.0559999999996 nan
4050.0559999999996 1.1071960381087166e-10
4100.056 3.454391774170456e-10
4150.056 2.8547809170765544e-10
4200.056 2.0528812107038836e-10
4250.056 2.1800808724309093e-10
4300.056 1.676065199963346e-10
4350.056 1.7739956982701273e-10
4400.056 2.039464264520472e-10
4450.056 1.5451840404900834e-10
4500.056 1.6553373545701464e-10
4550.056 2.1526066470088906e-10
4600.056 2.114638811859951e-10
4650.056 1.9220991052298141e-10
4700.056 2.3731842968203027e-10
4750.056 2.6883831291195606e-10
4800.056 1.6948897433901275e-10
4850.056 1.8054240352300025e-10
4900.056 2.2564702154999887e-10
4950.056 1.988344175819973e-10
5000.056 8.683056689999349e-11
5050.056 4.33280841810029e-11
5100.056 3.555651163900317e-11
5150.056 2.8937117638004085e-11
5200.056 2.885728952399915e-11
5250.056 2.525791384500065e-11
5300.056 2.0646044957000256e-11
5350.056 1.6901153528000172e-11
5400.056 1.343579344299995e-11
5450.056 1.0629407419600012e-11
5500.056 8.271905283399978e-12
5550.056 6.31505167730001e-12
5600.056 4.7184886498999685e-12
5650.056 3.391127676999991e-12
5700.056 2.2929392268999883e-12
5750.056 1.4072538441999916e-12
5800.056 7.413402046999925e-13
5850.056 2.9458129708699495e-13
5900.056 4.949882845889406e-14
5950.056 7.026473239300137e-13
6000.056 2.645621011800046e-12
6050.056 7.599787733800093e-12
6100.056 1.8114580743000122e-11
6150.056 3.846008866300042e-11
6200.056 7.589011775700071e-11
6250.056 1.3977509644000117e-10
6300.056 2.433059164300021e-10
6350.056 4.051305676000015e-10
6400.056 6.418007138900028e-10
6450.056 9.72639344930001e-10
6500.056 1.3372386469199992e-09
6550.056 1.848028426599956e-09
6600.056 2.4775016230000604e-09
6650.056 3.086782102400115e-09
6700.056 2.0071940274825423e-09
6750.056 4.433312759200085e-09
6800.056 5.7890857876001646e-09
6850.056 6.796968231800089e-09
6900.056 6.785950571700141e-09
6950.056 6.068056521199885e-09
7000.056 5.938741566999982e-09
7050.056 6.200495406200062e-09
7100.056 6.339958250099923e-09
7150.056 6.663623128799968e-09
7200.056 7.495257913900049e-09
7250.056 7.999120354000039e-09
7300.056 7.895617821600163e-09
7350.056 6.625951680400088e-09
7400.056 5.0545288728000085e-09
7450.056 4.003859491299848e-09
7500.056 3.221589601999947e-09
7550.056 2.384486085699988e-09
7600.056 1.4272881100799789e-09
7650.056 1.8627602865042673e-10
7700.056 6.674085418283025e-11
7750.056 9.325028381900276e-10
7800.056 2.308739709153645e-09
7850.056 5.438870124400066e-09
7900.056 7.988043989200276e-09
7950.056 8.645201533573672e-09
8000.056 1.3809885115199995e-08
8050.056 2.0347979761998785e-08
8100.056 2.9438846786000078e-08
8150.056 4.129836008400148e-08
8200.056 4.574647787560005e-08
8250.056 5.98091682070011e-08
8300.056 6.653433871600718e-08
8350.056 7.747665181700135e-08
8400.056 8.694551575199862e-08
8450.056 7.923485199899608e-08
8500.056 7.671407965846379e-08
8550.056 9.016753960900552e-08
8600.056 9.651697145298553e-08
8650.056 9.499854542397936e-08
8700.056 9.209274341500358e-08
8750.056 1.0742900653100403e-07
8800.056 1.419878498370127e-07
8850.056 1.557647154069861e-07
8900.056 1.4531182530800254e-07
8950.056 1.4565132777480982e-07
9000.056 1.9285446413000558e-07
9050.056 1.9957190421700323e-07
9100.056 2.4211474646000247e-07
9150.056 2.709717920540093e-07
9200.056 2.83131049134999e-07
9250.056 2.2947608970777707e-07
9300.056 1.7050875503493393e-07
9350.056 1.9406343410191145e-07
9400.056 2.2710702203158292e-07
9450.056 2.6246856523515194e-07
9500.056 2.891662576473377e-07
9550.056 3.205782947965488e-07
9600.056 3.1282038875720415e-07
9650.056 3.492742659830642e-07
9700.056 3.892324888543898e-07
9750.056 3.376053258026662e-07
9800.056 3.7249543442091766e-07
9850.056 3.887456443129844e-07
9900.056 3.2004751190797346e-07
9950.056 2.5834487588898635e-07
10000.056 2.3421950860198013e-07
10050.056 2.853433803769917e-07
10100.056 3.5185997061601395e-07
10150.056 3.6095771804994276e-07
10200.056 4.002624296499843e-07
10250.056 4.1396452022994183e-07
10300.056 4.040849463999957e-07
10350.056 4.6668564283999185e-07
10400.056 5.361863275999776e-07
10450.056 5.551564097800632e-07
10500.056 5.116171953999905e-07
10550.056 5.201196939100891e-07
10600.056 5.693409890700743e-07
10650.056 6.148147707800495e-07
10700.056 6.552019811300488e-07
10750.056 7.524632993500584e-07
10800.056 8.406919921299876e-07
10850.056 9.456886925898901e-07
10900.056 9.035084074399553e-07
10950.056 7.796079069449512e-07
11000.056 7.462144722747676e-07
11050.056 5.923457382287302e-07
11100.056 5.972052163120713e-07
11150.056 5.922194794461655e-07
11200.056 6.010766006789759e-07
11250.056 7.222154082348893e-07
11300.056 7.012886723121166e-07
11350.056 5.578239715437583e-07
11400.056 5.513892469416839e-07
11450.056 6.628989881920872e-07
11500.056 7.911596377263897e-07
11550.056 7.013913554861699e-07
11600.056 7.627160021056204e-07
11650.056 7.801255144517452e-07
11700.056 6.143119754038622e-07
11750.056 5.90826290007014e-07
11800.056 6.461719910019943e-07
11850.056 8.680662581010819e-07
11900.056 9.311307056189219e-07
11950.056 9.505780756709407e-07
12000.056 8.524446986539998e-07
12050.056 1.0542570782741091e-06
12100.056 1.0518209050559268e-06
12150.056 1.2358276179998928e-06
12200.056 1.25484600706968e-06
12250.056 1.4055932064697967e-06
12300.056 1.5046352480202114e-06
12350.056 1.5079841181500498e-06
12400.056 1.3497503874299426e-06
12450.056 1.2106537479800346e-06
12500.056 1.3038950942198778e-06
12550.056 1.3389050599000674e-06
12600.056 1.5657480330500374e-06
12650.056 1.6046464648198938e-06
12700.056 1.7767094085401793e-06
12750.056 1.7414026066700163e-06
12800.056 1.8609840509200142e-06
12850.056 1.7465682235260659e-06
12900.056 1.6113585067188624e-06
12950.056 1.6820719570428992e-06
13000.056 1.7276220137176024e-06
13050.056 1.7791629261798658e-06
13100.056 1.7688841634366385e-06
13150.056 1.7062549127584375e-06
13200.056 1.6073703193939697e-06
13250.056 1.4140591491317794e-06
13300.056 1.0655720354149025e-06
13350.056 5.084276079564297e-07
13400.056 4.0759413973299303e-07
13450.056 3.1159605851139376e-07
13500.056 2.811402664344806e-07
13550.056 2.4413222525706537e-07
13600.056 2.0875114932517896e-07
13650.056 2.8213464972098685e-07
13700.056 2.384284351196314e-07
13750.056 2.4202273897868127e-07
13800.056 2.96170659207472e-07
13850.056 2.781921410819535e-07
13900.056 2.8146230582742067e-07
13950.056 2.6385380914371203e-07
14000.056 2.447626359346251e-07
14050.056 2.5196061756162763e-07
14100.056 2.1288607608866725e-07
14150.056 2.3988483607313433e-07
14200.056 2.0900325369315626e-07
14250.056 2.0721111656419256e-07
14300.056 2.354221420763479e-07
14350.056 2.3149448684514577e-07
14400.056 2.5756019779385867e-07
14450.056 2.668699416635591e-07
14500.056 3.386435483364549e-07
14550.056 3.560122061423858e-07
14600.056 3.9245289010107194e-07
14650.056 3.9506371430570744e-07
14700.056 3.5381761399944774e-07
14750.056 3.943518739919546e-07
14800.056 4.402441712800925e-07
14850.056 4.831260881355698e-07
14900.056 4.831854556949083e-07
14950.056 4.967450304787833e-07
15000.056 5.238806734321516e-07
15050.056 5.979551802411061e-07
15100.056 6.195207842170752e-07
15150.056 6.77794115840362e-07
15200.056 6.870917503329162e-07
15250.056 7.256190712879415e-07
15300.056 7.864514445229218e-07
15350.056 8.322576531529619e-07
15400.056 8.9572956526804e-07
15450.056 9.588364909060833e-07
15500.056 9.923024485998611e-07
15550.056 1.077594889747928e-06
15600.056 1.060086519680092e-06
15650.056 1.1352580653300927e-06
15700.056 1.257444136180432e-06
15750.056 1.3299180105299136e-06
15800.056 1.3117360571203214e-06
15850.056 1.301995956359988e-06
15900.056 1.3294575606301215e-06
15950.056 1.3659373863798532e-06
16000.056 1.3695529411099356e-06
16050.056 1.3619669876100275e-06
16100.056 1.3742573536300393e-06
16150.056 1.282430263460055e-06
16200.056 1.269198423569745e-06
16250.056 1.2440495818998959e-06
16300.056 1.2257584103059795e-06
16350.056 1.296453198467984e-06
16400.056 1.325037279040168e-06
16450.056 1.3578236367900394e-06
16500.056 1.4278978517911822e-06
16550.056 1.4448972709600405e-06
16600.056 1.3836891769202745e-06
16650.056 1.3546258821749246e-06
16700.056 1.2006259061729944e-06
16750.056 1.2567088268298913e-06
16800.056 1.3904774921459683e-06
16850.056 1.377207864279962e-06
16900.056 1.3331634092399974e-06
16950.056 1.2880433593519448e-06
17000.056 1.2370527841602275e-06
17050.056 1.2909954358000646e-06
17100.056 1.2429072725252412e-06
17150.056 1.1756507817828843e-06
17200.056 1.121985252463836e-06
17250.056 1.040365823934804e-06
17300.056 1.0073665032849195e-06
17350.056 9.469888239479797e-07
17400.056 9.564462881499933e-07
17450.056 8.781265727275714e-07
17500.056 8.65572581289773e-07
17550.056 8.460173276670908e-07
17600.056 8.024193812098353e-07
17650.056 7.98942734151124e-07
17700.056 6.616023294377528e-07
17750.056 6.185505201600022e-07
17800.056 6.630254751602334e-07
17850.056 5.530019256143715e-07
17900.056 5.744010558797845e-07
17950.056 5.38925275646738e-07
18000.056 5.061467771330986e-07
18050.056 4.967985127854143e-07
18100.056 4.805809843338777e-07
18150.056 5.681073114379959e-07
18200.056 4.2604990227941435e-07
18250.056 5.674946180763387e-07
18300.056 5.194067356217007e-07
18350.056 4.6962779970801627e-07
18400.056 4.642476206410159e-07
18450.056 4.2894992309108487e-07
18500.056 4.572358653208215e-07
18550.056 4.168245989730057e-07
18600.056 3.5196404675640444e-07
18650.056 3.9190347678489145e-07
18700.056 4.284908975725143e-07
18750.056 4.245947887901582e-07
18800.056 4.742652413680364e-07
18850.056 5.419717021382644e-07
18900.056 5.288204584567929e-07
18950.056 5.725716756405066e-07
19000.056 5.773649805769312e-07
19050.056 5.393539702178683e-07
19100.056 6.059537267738148e-07
19150.056 5.953582458142404e-07
19200.056 6.058780863849435e-07
19250.056 5.601055990741499e-07
19300.056 5.8521245849574e-07
19350.056 5.418014666157083e-07
19400.056 4.5619762875548726e-07
19450.056 5.683350494766179e-07
19500.056 5.617675749938066e-07
19550.056 4.606651011945841e-07
19600.056 5.462335367114752e-07
19650.056 5.555655974889096e-07
19700.056 5.636085904283545e-07
19750.056 5.313828787991013e-07
19800.056 5.660431468384166e-07
19850.056 6.038917986982372e-07
19900.056 5.233426817868904e-07
19950.056 6.408018135730257e-07
20000.056 5.754498786460401e-07
20050.056 6.279315396232496e-07
20100.056 6.55284894925676e-07
20150.056 6.629958625660492e-07
20200.056 6.943015743168823e-07
20250.056 7.373105717789245e-07
20300.056 7.328092091070516e-07
20350.056 7.791989737178601e-07
20400.056 7.755887802556864e-07
20450.056 8.273779931748128e-07
20500.056 8.430677996419683e-07
20550.056 8.505179550859783e-07
20600.056 9.172901657401988e-07
20650.056 9.032053089922542e-07
20700.056 9.357337654241528e-07
20750.056 9.59759764789923e-07
20800.056 9.902937883500442e-07
20850.056 9.76822758259944e-07
20900.056 1.01637969123983e-06
20950.056 1.0218809655199304e-06
21000.056 1.0479634371900174e-06
21050.056 1.0473028326100018e-06
21100.056 1.0430698682600135e-06
21150.056 1.0774596976099246e-06
21200.056 1.0517083007000097e-06
21250.056 1.0788265708799207e-06
21300.056 1.032843378009907e-06
21350.056 1.070963912840002e-06
21400.056 1.0308325653701985e-06
21450.056 1.0624200344199914e-06
21500.056 1.0189673818801342e-06
21550.056 1.010073301240008e-06
21600.056 9.959617445501532e-07
21650.056 9.64061189930034e-07
21700.056 9.807309360999895e-07
21750.056 9.215975613299954e-07
21800.056 8.879705136097889e-07
21850.056 8.539641163300282e-07
21900.056 8.078007690499856e-07
21950.056 7.101568491200961e-07
22000.056 5.758500795620672e-07
22050.056 4.890600613208039e-07
22100.056 5.359095542331514e-07
22150.056 5.90522170984037e-07
22200.056 6.023504719699772e-07
22250.056 6.061836343192409e-07
22300.056 5.734752438879599e-07
22350.056 5.481606461910673e-07
22400.056 5.118555593499792e-07
22450.056 4.7616380775492006e-07
22500.056 4.820702041981506e-07
22550.056 4.436206602098576e-07
22600.056 4.5416525220013666e-07
22650.056 4.399522142630652e-07
22700.056 4.1534631579002164e-07
22750.056 4.228314458150683e-07
22800.056 3.936233732919261e-07
22850.056 3.703215964110641e-07
22900.056 3.6151484709091005e-07
22950.056 3.090386613099714e-07
23000.056 3.456546402590123e-07
23050.056 4.036461820869071e-07
23100.056 4.5101203667804425e-07
23150.056 4.666567768510151e-07
23200.056 3.19043302196009e-07
23250.056 3.0378777833503756e-07
23300.056 2.700504354541008e-07
23350.056 2.6597629281600057e-07
23400.056 2.724878085950731e-07
23450.056 2.8759627546805166e-07
23500.056 3.0472418929606045e-07
23550.056 3.333086202190614e-07
23600.056 3.4964207066597965e-07
23650.056 3.9099599677393e-07
23700.056 3.2322703329203626e-07
23750.056 3.035487133510685e-07
23800.056 2.770549266780192e-07
23850.056 2.930204595700211e-07
23900.056 3.6188219638603286e-07
23950.056 3.916447751811086e-07
24000.056 4.055584161258353e-07
24050.056 4.369831331250045e-07
24100.056 4.093401459418871e-07
24150.056 4.263891819502105e-07
24200.056 4.3750429563787707e-07
24250.056 4.171189063240524e-07
24300.056 4.340575629970611e-07
24350.056 3.910544855919688e-07
24400.056 4.488485506391014e-07
24450.056 4.1517503968981065e-07
24500.056 4.142579777779632e-07
24550.056 4.265955839061166e-07
24600.056 4.419452104960707e-07
24650.056 4.920393997730466e-07
24700.056 4.137535177028973e-07
24750.056 4.2022547507812846e-07
24800.056 4.207799638230779e-07
24850.056 4.914303044590399e-07
24900.056 3.809814711152345e-07
24950.056 4.882554161730278e-07
25000.056 4.530883113150873e-07
25050.056 3.6909425137104743e-07
25100.056 4.418429183079895e-07
25150.056 3.765974292669614e-07
25200.056 4.198546744610011e-07
25250.056 3.8368172640296504e-07
25300.056 4.4022519920403326e-07
25350.056 3.565905935520038e-07
25400.056 4.3103197689912615e-07
25450.056 3.6207000684096817e-07
25500.056 3.8195941723310767e-07
25550.056 3.6691575554499573e-07
25600.056 3.740635193799873e-07
25650.056 3.311399127109954e-07
25700.056 4.374636439188129e-07
25750.056 3.0740174405509964e-07
25800.056 4.261231006530701e-07
25850.056 3.4774365671392473e-07
25900.056 4.0744234017301767e-07
25950.056 3.3824260448101637e-07
26000.056 4.40859301915181e-07
26050.056 4.354060984599802e-07
26100.056 4.5688944408496964e-07
26150.056 4.370785237609349e-07
26200.056 4.3064610772498743e-07
26250.056 4.678514205159965e-07
26300.056 4.4721059025204383e-07
26350.056 4.993488498569307e-07
26400.056 5.11188250559915e-07
26450.056 5.156520629620652e-07
26500.056 5.400454168598066e-07
26550.056 4.807435342218158e-07
26600.056 5.935735152268808e-07
26650.056 4.311025530749353e-07
26700.056 4.4062090158004284e-07
26750.056 3.653118712078514e-07
26800.056 4.462169651698777e-07
26850.056 3.3812916365698867e-07
26900.056 4.7399089106904825e-07
26950.056 3.245333421399347e-07
27000.056 4.6658439329811884e-07
27050.056 3.9671479147102584e-07
27100.056 3.9411109527891294e-07
27150.056 4.5138464420301307e-07
27200.056 4.241490221931164e-07
27250.056 4.121750184111738e-07
27300.056 5.185817320190234e-07
27350.056 4.85181696515869e-07
27400.056 3.693554525959488e-07
27450.056 5.616122726487917e-07
27500.056 5.190451941719218e-07
27550.056 4.434025415969054e-07
27600.056 5.703825889569111e-07
27650.056 4.124795585919471e-07
27700.056 3.8946524408606507e-07
27750.056 5.667064611078108e-07
27800.056 3.87929418530964e-07
27850.056 4.373193692617498e-07
27900.056 4.568624804570463e-07
27950.056 5.562617793169766e-07
28000.056 5.149704393551407e-07
28050.056 3.5997744904409154e-07
28100.056 5.878651850591745e-07
28150.056 4.4983878198704763e-07
28200.056 3.6708459817503256e-07
28250.056 5.247292786640357e-07
28300.056 6.154698611680598e-07
28350.056 4.2321037385287797e-07
28400.056 4.755119037949551e-07
28450.056 5.240313522228585e-07
28500.056 5.105816662848731e-07
28550.056 3.41517251384874e-07
28600.056 5.985911648919223e-07
28650.056 5.441424538399517e-07
28700.056 4.949272139919159e-07
28750.056 5.700156000350188e-07
28800.056 5.278780416931364e-07
28850.056 5.769485109850815e-07
28900.056 4.230451927370093e-07
