galfind/configs/Brown_Dwarf_templates/sonora_bobcat/m-0.5/31g/sp_t900g31nc_m-0.5_resample.dat
# %ECSV 1.0
# ---
# datatype:
# - {name: wav, unit: Angstrom, datatype: float64}
# - {name: flux_nu, unit: erg / (cm2 Hz s), datatype: float64}
# meta: {C/O: '1.00', Kzz: '1.0000E+05', Teff: '900.', Y: '0.28', '[Fe/H]': '-0.50', f_hole: '1.00', f_rain: '0.00', grav: '32.'}
# schema: astropy-2.0
wav flux_nu
[from data line 497]
28850.056 6.593028226068717e-08
28900.056 3.5817851437165694e-08
28950.056 7.326110264092857e-08
29000.056 5.959394894912907e-08
29050.056 6.626470574979425e-08
29100.056 4.7312897929864437e-08
29150.056 8.140450556416198e-08
29200.056 5.940945080500704e-08
29250.056 8.40356861018414e-08
29300.056 4.8091602859708984e-08
29350.056 1.1783582963043495e-07
29400.056 6.736102354006549e-08
29450.056 7.34071464397251e-08
29500.056 8.122422438564343e-08
29550.056 7.12136327994719e-08
29600.056 8.495173599459336e-08
29650.056 8.836657995792493e-08
29700.056 6.539800150232494e-08
29750.056 9.09781314311514e-08
29800.056 9.384309431342899e-08
29850.056 9.890888232077674e-08
29900.056 9.166982832804948e-08
29950.056 9.15222926893211e-08
30000.056 4.2620789681742704e-08
30050.056 5.1647865118131146e-08
30100.056 4.802274133539242e-08
30150.056 8.664027547308915e-08
30200.056 7.023130859410587e-08
30250.056 1.081267844596205e-07
30300.056 9.641961722441094e-08
30350.056 8.245236318226477e-08
30400.056 1.0069950080659026e-07
30450.056 7.259815321417149e-08
30500.056 6.36245912125633e-08
30550.056 6.699355130441848e-08
30600.056 7.854397673069833e-08
30650.056 6.184130975108853e-08
30700.056 5.857106515760543e-08
30750.056 6.377642175178917e-08
30800.056 5.329996111551222e-08
30850.056 4.9866689266076894e-08
30900.056 4.309363199519226e-08
30950.056 4.3014596753360945e-08
31000.056 3.732589264420418e-08
31050.056 3.834623815370056e-08
31100.056 3.0437203133036733e-08
31150.056 3.755905063978845e-08
31200.056 3.970515934190941e-08
31250.056 2.940798924937495e-08
31300.056 2.7826785024785378e-08
31350.056 2.855306620370144e-08
31400.056 2.256460766907119e-08
31450.056 2.445498874229428e-08
31500.056 1.9248599584655244e-08
31550.056 2.1884578333597807e-08
31600.056 1.674377660915069e-08
31650.056 1.5610653225454037e-08
31700.056 1.5831562212898044e-08
31750.056 1.3108784071444912e-08
31800.056 1.6933194904198667e-08
31850.056 1.282899564700175e-08
31900.056 1.5451626374799508e-08
31950.056 1.004855708382026e-08
32000.056 1.3069204166158948e-08
32050.056 1.4318543428700455e-08
32100.056 1.3855365777962543e-08
32150.056 1.4794998422258465e-08
32200.056 1.2429866508071225e-08
32250.056 1.6978391164522793e-08
32300.056 1.2077037802967558e-08
32350.056 1.7749284969877692e-08
32400.056 1.1970034004596426e-08
32450.056 1.645096849389452e-08
32500.056 1.502988713644301e-08
32550.056 1.4525056009028187e-08
32600.056 1.7537729943181448e-08
32650.056 2.4651591356005426e-08
32700.056 2.1039796583504665e-08
32750.056 2.529262544160393e-08
32800.056 2.3649910375524084e-08
32850.056 2.673401755939697e-08
32900.056 2.996197540173551e-08
32950.056 3.115756897230793e-08
33000.056 2.5786025518781126e-08
33050.056 2.4416298967713557e-08
33100.056 1.2452735667656587e-08
33150.056 3.6450012652701442e-09
33200.056 3.4213817014588283e-09
33250.056 2.0315578175595006e-09
33300.056 2.49257058089058e-09
33350.056 4.414731356310152e-09
33400.056 6.546522300597355e-09
33450.056 9.576905408199228e-09
33500.056 1.51334903361087e-08
33550.056 1.3747145229686183e-08
33600.056 2.143561117461711e-08
33650.056 2.1797366482396997e-08
33700.056 1.8646237837486234e-08
33750.056 2.6737502182406915e-08
33800.056 2.147765930244462e-08
33850.056 2.518490020043705e-08
33900.056 2.0252895379179503e-08
33950.056 2.0715777465955673e-08
34000.056 2.6759969301310364e-08
34050.056 1.4946235483224318e-08
34100.056 2.6341600619400552e-08
34150.056 2.08246970347589e-08
34200.056 2.1551043894439852e-08
34250.056 2.2163237891087423e-08
34300.056 1.973567385890035e-08
34350.056 1.775772354109982e-08
34400.056 1.5898951181897076e-08
34450.056 2.2034516049591916e-08
34500.056 2.0328366039002717e-08
34550.056 1.6049773412921493e-08
34600.056 2.6541913366498466e-08
34650.056 1.8562782918440854e-08
34700.056 2.2707205664197936e-08
34750.056 2.2494982376691994e-08
34800.056 2.0157725740453497e-08
34850.056 2.3087943437407645e-08
34900.056 2.466417665296913e-08
34950.056 2.606997554679424e-08
35000.056 3.752174527350984e-08
35050.056 2.365186672123889e-08
35100.056 3.037025598460312e-08
35150.056 2.9249117586346878e-08
35200.056 3.1315118865426464e-08
35250.056 4.0369036475666844e-08
35300.056 3.192640904900691e-08
35350.056 3.203062107668833e-08
35400.056 3.6306775205500423e-08
35450.056 2.5035801162004133e-08
35500.056 4.750895613139853e-08
35550.056 4.422342642659159e-08
35600.056 3.8003174179019224e-08
35650.056 4.330071269129796e-08
35700.056 3.932838903029138e-08
35750.056 4.9733196009192335e-08
35800.056 6.434841168320106e-08
35850.056 3.983250222989476e-08
35900.056 5.322121906560403e-08
35950.056 5.0412666504887106e-08
36000.056 5.0513101111009147e-08
36050.056 4.7539696182283214e-08
36100.056 5.0193592448769525e-08
36150.056 5.3458039779786833e-08
36200.056 5.7807197829083905e-08
36250.056 5.4135351692081906e-08
36300.056 6.504355680360278e-08
36350.056 6.161552307740771e-08
36400.056 6.116363729019084e-08
36450.056 7.337005322490443e-08
36500.056 7.66433073509995e-08
36550.056 7.787821024752326e-08
36600.056 9.167424861299576e-08
36650.056 8.839168627678148e-08
36700.056 9.348335951118104e-08
36750.056 1.0099954045305089e-07
36800.056 1.002812608660006e-07
36850.056 9.420891874517942e-08
36900.056 1.0299603131138612e-07
36950.056 1.1400756832598319e-07
37000.056 1.0809454878898966e-07
37050.056 1.0833916471899217e-07
37100.056 1.1855500482349829e-07
37150.056 1.0256023369219686e-07
37200.056 1.213044051839876e-07
37250.056 1.2202765189097685e-07
37300.056 1.0889870029004991e-07
37350.056 1.1350996053872217e-07
37400.056 1.5814282860899554e-07
37450.056 1.257296974991956e-07
37500.056 1.2474908539038744e-07
37550.056 1.4716360074908548e-07
37600.056 1.6221760213801292e-07
37650.056 1.217719018820029e-07
37700.056 1.709978102752177e-07
37750.056 1.3367135537500046e-07
37800.056 1.4210143803308276e-07
37850.056 1.1038863148900636e-07
37900.056 1.2463732875704557e-07
37950.056 1.4542928767016745e-07
38000.056 1.72413954713995e-07
38050.056 1.6893258404703608e-07
38100.056 1.660309802766318e-07
38150.056 1.8886304351699443e-07
38200.056 1.9728854107604378e-07
38250.056 1.844480587810159e-07
38300.056 2.300013169269669e-07
38350.056 2.3675943417602874e-07
38400.056 1.6644760514294293e-07
38450.056 1.7595653794995156e-07
38500.056 1.3334519347401914e-07
38550.056 1.8976492359604945e-07
38600.056 1.9358654037100106e-07
38650.056 1.8954380738497082e-07
38700.056 2.0454435104699218e-07
38750.056 2.1727244173500958e-07
38800.056 1.9034086764087925e-07
38850.056 1.9509664366002326e-07
38900.056 2.4673205766301666e-07
38950.056 2.081832762719778e-07
39000.056 2.2861732389299136e-07
39050.056 2.1294096336499473e-07
39100.056 2.2736575760501688e-07
39150.056 2.3106391696699875e-07
39200.056 2.354636871869815e-07
39250.056 2.6126638099295783e-07
39300.056 2.2521630010591676e-07
39350.056 2.8200545192201737e-07
39400.056 2.507325831900754e-07
39450.056 2.6097980663098733e-07
39500.056 2.5510104901404396e-07
39550.056 2.61938503840365e-07
39600.056 2.7848799525091904e-07
39650.056 2.9922848386498657e-07
39700.056 2.8766929498802673e-07
39750.056 2.503944811340724e-07
39800.056 2.8402557909593616e-07
39850.056 3.2814382287000323e-07
39900.056 3.22139551410016e-07
39950.056 2.9782308059993057e-07
40000.056 3.670950799300664e-07
40050.056 3.285711736100079e-07
40100.056 2.877340227302048e-07
40150.056 3.4123481434397107e-07
40200.056 3.4657663113988567e-07
40250.056 3.3869745768989814e-07
40300.056 3.4038228910005304e-07
40350.056 3.502710998889781e-07
40400.056 3.896118853044206e-07
40450.056 3.533351277020473e-07
40500.056 3.869836093899949e-07
40550.056 3.9147560007193346e-07
40600.056 3.7930073287004786e-07
40650.056 3.5455759688021105e-07
40700.056 4.445972536049883e-07
40750.056 3.832888266399344e-07
40800.056 3.256288200828535e-07
40850.056 4.559747277100996e-07
40900.056 4.213608086500207e-07
40950.056 4.002995395980203e-07
41000.056 4.027049000699879e-07
41050.056 4.7439313470996114e-07
41100.056 4.119124453800017e-07
41150.056 3.3826036849695955e-07
41200.056 4.5988403323996764e-07
41250.056 4.0406914932697174e-07
41300.056 3.7871121303992044e-07
41350.056 4.837545286400505e-07
41400.056 4.4526535678806125e-07
41450.056 4.661343981000601e-07
41500.056 3.9574960523180235e-07
41550.056 4.02849511677067e-07
41600.056 4.7022775549125603e-07
41650.056 4.647710363100356e-07
41700.056 4.3148353854986914e-07
41750.056 4.427387980399805e-07
41800.056 5.091470573299914e-07
41850.056 3.7480484552601074e-07
41900.056 4.446651305249147e-07
41950.056 4.371609053700793e-07
42000.056 4.26189598439925e-07
42050.056 3.8743886685400143e-07
42100.056 5.273510298800337e-07
42150.056 4.0289935903000513e-07
42200.056 3.9458865755300456e-07
42250.056 4.166217190949232e-07
42300.056 4.1003515496598727e-07
42350.056 4.882782493600714e-07
42400.056 4.557544114001059e-07
42450.056 4.0872409513204196e-07
42500.056 4.06448309320992e-07
42550.056 3.964229404819471e-07
42600.056 4.221398453391019e-07
42650.056 5.052012278988169e-07
42700.056 4.415131543699585e-07
42750.056 4.0301785757001365e-07
42800.056 4.371472441370433e-07
42850.056 4.827780567898538e-07
42900.056 5.039245780661225e-07
42950.056 4.041834652788678e-07
43000.056 4.5204334754604157e-07
43050.056 3.3256094815313875e-07
43100.056 4.0555901802992506e-07
43150.056 3.870754988110536e-07
43200.056 4.388667942699941e-07
43250.056 5.1558575067005e-07
43300.056 5.146212181200062e-07
43350.056 3.735044445258914e-07
43400.056 4.344294976339528e-07
43450.056 3.931667397260701e-07
43500.056 3.825087494229903e-07
43550.056 4.0367614559207615e-07
43600.056 5.102995499960457e-07
43650.056 4.0136945854200833e-07
43700.056 4.956392553400727e-07
43750.056 4.6958020058707736e-07
43800.056 4.4653611171793163e-07
43850.056 3.9855917441007397e-07
43900.056 4.411232544899521e-07
43950.056 3.336846642659705e-07
44000.056 3.194929368379922e-07
44050.056 4.6146635769001314e-07
44100.056 5.350514465200418e-07
44150.056 5.062956551559422e-07
44200.056 4.626912073499976e-07
44250.056 3.7723504872500736e-07
44300.056 3.413092818300639e-07
44350.056 3.7367595366309697e-07
44400.056 3.755012416749958e-07
44450.056 4.3110320777795585e-07
44500.056 4.4313695694011806e-07
44550.056 5.001596578299322e-07
44600.056 4.2848550004305217e-07
44650.056 4.5761255362408644e-07
44700.056 3.543326531500091e-07
44750.056 4.406849290100435e-07
44800.056 4.071649671700354e-07
44850.056 4.549007132000734e-07
44900.056 3.8293763430204153e-07
44950.056 4.185804171400203e-07
45000.056 4.357310413799735e-07
45050.056 4.325895414659941e-07
45100.056 4.34343081971989e-07
45150.056 4.353242443029565e-07
45200.056 3.739653690490269e-07
45250.056 4.052649235718798e-07
45300.056 3.677895662560569e-07
45350.056 3.7738593518797317e-07
45400.056 4.801185143300376e-07
45450.056 4.3442956981996625e-07
45500.056 4.412990940600062e-07
45550.056 4.904199714198803e-07
45600.056 4.837938550000437e-07
45650.056 3.9717637331294144e-07
45700.056 3.8780172826704205e-07
45750.056 3.715787551739911e-07
45800.056 4.750384312700056e-07
45850.056 5.004018206799963e-07
45900.056 5.144975394000137e-07
45950.056 4.296078011429893e-07
46000.056 4.90182868430023e-07
46050.056 4.3790118858902824e-07
46100.056 4.865068078499699e-07
46150.056 4.1553171854497825e-07
46200.056 4.110531320320414e-07
46250.056 3.1569629293654543e-07
46300.056 4.5167595622999515e-07
46350.056 4.2226189658002743e-07
46400.056 4.164306161400119e-07
46450.056 3.9653697937505674e-07
46500.056 4.093866427160797e-07
46550.056 3.6558095644199026e-07
46600.056 4.1816652177798867e-07
46650.056 5.390688602299769e-07
46700.056 4.324900084700073e-07
46750.056 3.372689054179974e-07
46800.056 2.909854516160326e-07
46850.056 5.277945874200962e-07
46900.056 4.756610962799507e-07
46950.056 4.834709722899969e-07
47000.056 4.4121174502003937e-07
47050.056 4.3693266568584863e-07
47100.056 3.28652508612054e-07
47150.056 3.877505648510517e-07
47200.056 4.547622441060278e-07
47250.056 3.6814036045996737e-07
47300.056 2.9933988902319954e-07
47350.056 4.7064898679995123e-07
47400.056 4.587046576999512e-07
47450.056 4.4814247036003776e-07
47500.056 4.854816785989355e-07
47550.056 4.4081207033999816e-07
47600.056 4.395911015599679e-07
47650.056 3.8749685342992673e-07
47700.056 4.234300686631056e-07
47750.056 3.139786556670142e-07
47800.056 3.560544255760079e-07
47850.056 2.8045661100200016e-07
47900.056 3.4589349404494823e-07
47950.056 3.8244484253603555e-07
48000.056 5.096019993000757e-07
48050.056 4.6017362088001405e-07
48100.056 3.2395967739002055e-07
48150.056 3.9685048603003094e-07
48200.056 3.785322604520037e-07
48250.056 3.710152562100104e-07
48300.056 4.7163395845986923e-07
48350.056 3.2324809514402843e-07
48400.056 2.479584008973595e-07
48450.056 3.6953085845109607e-07
48500.056 4.4876902904994486e-07
48550.056 3.667324634980016e-07
48600.056 4.039026341600072e-07
48650.056 4.102378839499721e-07
48700.056 3.8397947711898657e-07
48750.056 2.714313432211323e-07
48800.056 4.854965555079942e-07
48850.056 3.218460346719391e-07
48900.056 4.6049711807400014e-07
48950.056 3.5543454875004474e-07
49000.056 2.3339380752195416e-07
49050.056 3.994020814199723e-07
49100.056 4.174519883360709e-07
49150.056 3.706693212561304e-07
49200.056 4.486018727500502e-07
49250.056 4.2781276261006085e-07
49300.056 3.8180058888598943e-07
49350.056 2.652852181820428e-07
49400.056 3.453252553659638e-07
49450.056 3.5723213521111364e-07
49500.056 3.0265788586797297e-07
49550.056 1.9549539485202329e-07
49600.056 2.918150015700661e-07
49650.056 3.3209341780198844e-07
49700.056 3.1339721864491326e-07
49750.056 3.805027942299132e-07
49800.056 3.247795976310233e-07
49850.056 4.364417325560998e-07
49900.056 3.609608803039763e-07
49950.056 3.4909034361598304e-07
50000.056 3.292067154459795e-07
50050.056 3.892046462799864e-07
50100.056 3.2701191300901706e-07
50150.056 2.404088842799748e-07
50200.056 1.3741582407401812e-07
50250.056 3.200238593199592e-07
50300.056 2.687640632840218e-07
50350.056 3.914523407370383e-07
50400.056 3.440947277529801e-07
50450.056 2.8306678342202886e-07
50500.056 3.521206762680486e-07
50550.056 3.2667160057001763e-07
50600.056 2.8703579269693764e-07
50650.056 3.684488174400759e-07
50700.056 3.899963954198628e-07
50750.056 3.224547264250507e-07
50800.056 2.1404551384397954e-07
50850.056 2.0828794826006216e-07
50900.056 3.8121818895199495e-07
50950.056 3.022586650390423e-07
51000.056 3.330623168970267e-07
51050.056 3.1361578252900053e-07
51100.056 1.913447871909758e-07
51150.056 2.6434642721357493e-07
51200.056 4.1519541875997306e-07
51250.056 2.8333797978794305e-07
51300.056 2.435473845921104e-07
51350.056 2.629451225599835e-07
51400.056 1.694607392619941e-07
51450.056 1.4713822517816123e-07
51500.056 1.6450436421445426e-07
51550.056 3.2435764372002433e-07
51600.056 2.3903168282303397e-07
51650.056 2.401975058919526e-07
51700.056 2.6592275075896006e-07
51750.056 2.0053599062002116e-07
51800.056 2.844927832719326e-07
51850.056 2.6490407236298787e-07
51900.056 3.66028804724054e-07
51950.056 2.849060001089771e-07
52000.056 1.2890401348097985e-07
52050.056 2.290600908960286e-07
52100.056 1.7689161127498582e-07
52150.056 1.608378743620102e-07
52200.056 1.7251924125699844e-07
52250.056 2.1761514753303107e-07
52300.056 3.113106929999765e-07
52350.056 2.3317895496600899e-07
52400.056 1.65927792055015e-07
52450.056 2.7720032479301605e-07
52500.056 2.7228653384492795e-07
52550.056 2.753575400879376e-07
52600.056 2.3366642684803364e-07
52650.056 2.4467529926804377e-07
52700.056 2.194221534929973e-07
52750.056 1.5379409566699703e-07
52800.056 1.9300501821602592e-07
52850.056 2.0389074759093885e-07
52900.056 1.8824605905979145e-07
52950.056 2.0045786628200114e-07
53000.056 2.646973105460077e-07
53050.056 1.5425383299494997e-07
53100.056 2.0571126738794874e-07
53150.056 2.9498637091003344e-07
53200.056 1.496664772026941e-07
53250.056 2.6694703564701843e-07
53300.056 2.770715117151472e-07
53350.056 2.613356799019896e-07
53400.056 2.4600067648001333e-07
