galfind/configs/Brown_Dwarf_templates/sonora_bobcat/m-0.5/31g/sp_t1000g31nc_m-0.5_resample.dat
# %ECSV 1.0
# ---
# datatype:
# - {name: wav, unit: Angstrom, datatype: float64}
# - {name: flux_nu, unit: erg / (cm2 Hz s), datatype: float64}
# meta: {C/O: '1.00', Kzz: '1.0000E+05', Teff: '1000.', Y: '0.28', '[Fe/H]': '-0.50', f_hole: '1.00', f_rain: '0.00', grav: '32.'}
# schema: astropy-2.0
wav flux_nu
[from data line 498]
28900.056 7.266167928383627e-08
28950.056 1.425110879394732e-07
29000.056 1.1568056501748196e-07
29050.056 1.2519843214588069e-07
29100.056 9.059652346438354e-08
29150.056 1.5174036390221834e-07
29200.056 1.129941868593421e-07
29250.056 1.542082063640251e-07
29300.056 9.542828835149268e-08
29350.056 2.0802397040588755e-07
29400.056 1.2669380048702113e-07
29450.056 1.3885428782580605e-07
29500.056 1.4890588810417906e-07
29550.056 1.35442334837977e-07
29600.056 1.5698619067333542e-07
29650.056 1.5501116563218458e-07
29700.056 1.2122739626030936e-07
29750.056 1.6210926541470455e-07
29800.056 1.6878976002330619e-07
29850.056 1.724941055851491e-07
29900.056 1.5933953255560125e-07
29950.056 1.6710169642343888e-07
30000.056 1.0992448102391097e-07
30050.056 1.1843108076170736e-07
30100.056 1.0789981299646711e-07
30150.056 1.6768512795698346e-07
30200.056 1.324081715506044e-07
30250.056 1.8240644084304054e-07
30300.056 1.5595243669201132e-07
30350.056 1.3749919224140726e-07
30400.056 1.6100756463620196e-07
30450.056 1.2299226074432015e-07
30500.056 1.02086803263205e-07
30550.056 1.0876541307880131e-07
30600.056 1.2102299025999393e-07
30650.056 1.015191416561766e-07
30700.056 9.886259290618215e-08
30750.056 9.720176398968456e-08
30800.056 8.454963119841872e-08
30850.056 7.772813672096877e-08
30900.056 7.412984222958625e-08
30950.056 6.820690349291833e-08
31000.056 6.089819366250364e-08
31050.056 6.479898228000429e-08
31100.056 5.033393006489498e-08
31150.056 5.788242099589698e-08
31200.056 6.264837742501196e-08
31250.056 4.6779609102991335e-08
31300.056 4.6384261082202755e-08
31350.056 4.530535819440123e-08
31400.056 3.6711509539601926e-08
31450.056 3.9342685896592295e-08
31500.056 3.260229603569096e-08
31550.056 3.588357975345713e-08
31600.056 2.9041456659549684e-08
31650.056 2.712125286458302e-08
31700.056 2.7221692871095117e-08
31750.056 2.3437626150229583e-08
31800.056 2.875986071549588e-08
31850.056 2.420284852414387e-08
31900.056 2.7934216618098844e-08
31950.056 1.8608393394151363e-08
32000.056 2.3989944052197132e-08
32050.056 2.5580058260900915e-08
32100.056 2.5096149409504868e-08
32150.056 2.6172657454896502e-08
32200.056 2.3067250659801096e-08
32250.056 2.9415655671604337e-08
32300.056 2.2569876625898003e-08
32350.056 3.1078672010695834e-08
32400.056 2.2254021186294787e-08
32450.056 2.9075755749189782e-08
32500.056 2.792933828340482e-08
32550.056 2.6417731850896697e-08
32600.056 3.108964120260124e-08
32650.056 4.156177120849331e-08
32700.056 3.673549681030713e-08
32750.056 4.129983495970515e-08
32800.056 3.915819896520525e-08
32850.056 4.300060247989393e-08
32900.056 4.849950667959417e-08
32950.056 4.9572829467895566e-08
33000.056 4.190294336248632e-08
33050.056 3.8879555332219916e-08
33100.056 2.2420106386396028e-08
33150.056 1.0122514085500754e-08
33200.056 8.253495723298164e-09
33250.056 5.03872843469853e-09
33300.056 5.651423292101301e-09
33350.056 8.724788895300354e-09
33400.056 1.1915206214495975e-08
33450.056 1.6502774394199075e-08
33500.056 2.4175991388211106e-08
33550.056 2.386365753480902e-08
33600.056 3.4478981325095584e-08
33650.056 3.5880454257395796e-08
33700.056 3.168592456729389e-08
33750.056 4.2971420655107374e-08
33800.056 3.8181546565404384e-08
33850.056 4.269671049959493e-08
33900.056 3.50476786375989e-08
33950.056 3.5602222183795523e-08
34000.056 4.375426143081369e-08
34050.056 2.843845402988903e-08
34100.056 4.372569146979711e-08
34150.056 3.6776680101596774e-08
34200.056 3.561742891998531e-08
34250.056 3.7860475287880054e-08
34300.056 3.424150758018248e-08
34350.056 2.998911883649989e-08
34400.056 2.8641549636695848e-08
34450.056 3.695365484699046e-08
34500.056 3.473469073310241e-08
34550.056 2.984664972210229e-08
34600.056 4.3292657109997355e-08
34650.056 3.374454371689978e-08
34700.056 3.764319005449703e-08
34750.056 3.835287410098846e-08
34800.056 3.5579016183490625e-08
34850.056 3.766092086241133e-08
34900.056 4.2011966400385964e-08
34950.056 4.2615156462991324e-08
35000.056 5.760259524401488e-08
35050.056 3.965208179619612e-08
35100.056 4.751222476000283e-08
35150.056 4.660183991290699e-08
35200.056 5.030701915119585e-08
35250.056 6.123496736658315e-08
35300.056 5.1871503092811154e-08
35350.056 5.034586047088369e-08
35400.056 5.5942449966006116e-08
35450.056 4.0532146790520215e-08
35500.056 6.968867948880079e-08
35550.056 6.68576101282892e-08
35600.056 5.835781690722461e-08
35650.056 6.57093196949984e-08
35700.056 6.04476619149921e-08
35750.056 7.298094828298862e-08
35800.056 9.431300944900101e-08
35850.056 6.229906921589232e-08
35900.056 8.086539620250195e-08
35950.056 7.58414807449858e-08
36000.056 7.68380967550132e-08
36050.056 7.39643859269787e-08
36100.056 7.831751993595439e-08
36150.056 8.055690824298347e-08
36200.056 8.677514930498015e-08
36250.056 8.302379548417375e-08
36300.056 9.434993449240703e-08
36350.056 9.198039599060605e-08
36400.056 9.065506231019191e-08
36450.056 1.0698024086020487e-07
36500.056 1.101884808655937e-07
36550.056 1.1244579877203046e-07
36600.056 1.2930254383599983e-07
36650.056 1.2683078047267557e-07
36700.056 1.3378798303378115e-07
36750.056 1.430147297460621e-07
36800.056 1.4228475126699988e-07
36850.056 1.373176062179674e-07
36900.056 1.4395797237118292e-07
36950.056 1.6210116543198047e-07
37000.056 1.573334028779914e-07
37050.056 1.546218477809882e-07
37100.056 1.7104361647249125e-07
37150.056 1.4858833207600225e-07
37200.056 1.7161386408699015e-07
37250.056 1.7600267134196844e-07
37300.056 1.582328176623334e-07
37350.056 1.615288161840294e-07
37400.056 2.1905273838199497e-07
37450.056 1.8326092660800193e-07
37500.056 1.809140011812801e-07
37550.056 2.0779656602310084e-07
37600.056 2.2342487433201245e-07
37650.056 1.8123794713700177e-07
37700.056 2.384290882460255e-07
37750.056 1.9400498141800097e-07
37800.056 2.0441259598812085e-07
37850.056 1.7135782221200672e-07
37900.056 1.854006387120698e-07
37950.056 2.0671508319595678e-07
38000.056 2.4566239561699695e-07
38050.056 2.4133670746804344e-07
38100.056 2.3033725039104392e-07
38150.056 2.6405650814398653e-07
38200.056 2.738247290400586e-07
38250.056 2.610373877510164e-07
38300.056 3.140149129579631e-07
38350.056 3.242898871660304e-07
38400.056 2.4207974220593173e-07
38450.056 2.5979371586295124e-07
38500.056 2.0618642962203951e-07
38550.056 2.7843554210005235e-07
38600.056 2.8368139884300483e-07
38650.056 2.785697743569675e-07
38700.056 2.9951018542198117e-07
38750.056 3.1796076554000843e-07
38800.056 2.774704542448327e-07
38850.056 2.823345199370247e-07
38900.056 3.45787625664033e-07
38950.056 3.0574309100597516e-07
39000.056 3.304597856689904e-07
39050.056 3.1150612331997816e-07
39100.056 3.272621206740357e-07
39150.056 3.315313546749966e-07
39200.056 3.4088681152797856e-07
39250.056 3.7109453673993597e-07
39300.056 3.275270618798812e-07
39350.056 3.929465584400189e-07
39400.056 3.665196313800766e-07
39450.056 3.7105149012898997e-07
39500.056 3.567777043000554e-07
39550.056 3.764711491330621e-07
39600.056 3.9391770780387944e-07
39650.056 4.2030108567999444e-07
39700.056 4.061951651300275e-07
39750.056 3.6453400367908215e-07
39800.056 4.097897959698948e-07
39850.056 4.545284025099987e-07
39900.056 4.4369462934002447e-07
39950.056 4.2727028255990096e-07
40000.056 5.057841727400894e-07
40050.056 4.5833076299402044e-07
40100.056 4.193562719860095e-07
40150.056 4.785937735519524e-07
40200.056 4.867362157898579e-07
40250.056 4.6278983841987913e-07
40300.056 4.681081851800661e-07
40350.056 4.902487819129929e-07
40400.056 5.317579023680023e-07
40450.056 5.042192032100884e-07
40500.056 5.203494903000149e-07
40550.056 5.311477037879346e-07
40600.056 5.154976504200625e-07
40650.056 4.955241513538998e-07
40700.056 5.958896808699847e-07
40750.056 5.288042487999068e-07
40800.056 4.619079414938221e-07
40850.056 5.969958225801248e-07
40900.056 5.543683551280239e-07
40950.056 5.367781473020274e-07
41000.056 5.484704868600005e-07
41050.056 6.214323693799664e-07
41100.056 5.440230384100008e-07
41150.056 4.739951620949469e-07
41200.056 6.009954240699598e-07
41250.056 5.397044665019701e-07
41300.056 5.062914855198901e-07
41350.056 6.299418352700717e-07
41400.056 5.874955926900748e-07
41450.056 6.0220410133011e-07
41500.056 5.298825913989964e-07
41550.056 5.42874453048062e-07
41600.056 6.255295680460559e-07
41650.056 6.045428077100555e-07
41700.056 5.621766556598432e-07
41750.056 5.816571247899827e-07
41800.056 6.588574014799565e-07
41850.056 4.872047427830304e-07
41900.056 5.836012364718986e-07
41950.056 5.681641269301051e-07
42000.056 5.699754786200103e-07
42050.056 5.123680280899665e-07
42100.056 6.802433563600728e-07
42150.056 5.226608168799794e-07
42200.056 5.192263682969918e-07
42250.056 5.405928763748865e-07
42300.056 5.27561898703984e-07
42350.056 6.26265256090091e-07
42400.056 5.690449922201359e-07
42450.056 5.191680936900202e-07
42500.056 5.200579774550056e-07
42550.056 5.150582537899326e-07
42600.056 5.338312585011331e-07
42650.056 6.14145091059775e-07
42700.056 5.625593917659896e-07
42750.056 5.122146923300088e-07
42800.056 5.410479456740531e-07
42850.056 6.034715927798277e-07
42900.056 6.189624767801389e-07
42950.056 5.08140104209818e-07
43000.056 5.622850431580353e-07
43050.056 4.3211787375319366e-07
43100.056 5.093611555499182e-07
43150.056 4.932715042480705e-07
43200.056 5.4189143841e-07
43250.056 6.129388344500471e-07
43300.056 6.190771118600025e-07
43350.056 4.7572208575486996e-07
43400.056 5.33313395128938e-07
43450.056 4.98795287574082e-07
43500.056 4.833533944989691e-07
43550.056 5.066733745060875e-07
43600.056 6.222861300740448e-07
43650.056 5.067994935740075e-07
43700.056 5.850711029800707e-07
43750.056 5.680242117711026e-07
43800.056 5.391375279779179e-07
43850.056 4.948786107600985e-07
43900.056 5.457208795699338e-07
43950.056 4.3030230297196276e-07
44000.056 4.106807466569911e-07
44050.056 5.371675923500212e-07
44100.056 6.109456127000512e-07
44150.056 5.80549363077926e-07
44200.056 5.418234003300072e-07
44250.056 4.6709630791600297e-07
44300.056 4.3255293438308054e-07
44350.056 4.572138993171041e-07
44400.056 4.704079314789959e-07
44450.056 5.084700679499663e-07
44500.056 5.260705043701361e-07
44550.056 5.640975019799163e-07
44600.056 4.886181162980669e-07
44650.056 5.366384973650967e-07
44700.056 4.3027349364001785e-07
44750.056 5.147784336030204e-07
44800.056 4.89284714822035e-07
44850.056 5.194502687200829e-07
44900.056 4.493912358540486e-07
44950.056 4.813514326920282e-07
45000.056 5.005800063599592e-07
45050.056 5.011632129319949e-07
45100.056 5.065343171839864e-07
45150.056 4.983033169199623e-07
45200.056 4.409608296100282e-07
45250.056 4.721523052798753e-07
45300.056 4.444316342500594e-07
45350.056 4.5437963300795117e-07
45400.056 5.296887447200437e-07
45450.056 4.840690575299437e-07
45500.056 4.930596616519935e-07
45550.056 5.448526661998854e-07
45600.056 5.337735966700301e-07
45650.056 4.453010391889227e-07
45700.056 4.661767103760615e-07
45750.056 4.3901294252398516e-07
45800.056 5.156603468200022e-07
45850.056 5.602131429699944e-07
45900.056 5.691892699700155e-07
45950.056 4.818961519469977e-07
46000.056 5.495218534500233e-07
46050.056 5.064235583710374e-07
46100.056 5.258043985699803e-07
46150.056 4.799408751849719e-07
46200.056 4.855202224200753e-07
46250.056 3.978275251079424e-07
46300.056 5.249555734119842e-07
46350.056 4.824920641900154e-07
46400.056 4.838833316500054e-07
46450.056 4.699522711640602e-07
46500.056 4.6524214195006687e-07
46550.056 4.630275042129857e-07
46600.056 4.947238424359984e-07
46650.056 6.207456149599536e-07
46700.056 5.256108350600586e-07
46750.056 4.1541664029799316e-07
46800.056 3.865361425960435e-07
46850.056 5.954937262301065e-07
46900.056 5.434905517899317e-07
46950.056 5.65896398880009e-07
47000.056 5.040037724600236e-07
47050.056 5.256946468438326e-07
47100.056 4.0427695494806723e-07
47150.056 4.601828631850503e-07
47200.056 5.302813921100461e-07
47250.056 4.4585798432996554e-07
47300.056 3.855889962659794e-07
47350.056 5.164526018199431e-07
47400.056 5.378544941899356e-07
47450.056 5.08910682212028e-07
47500.056 5.554900647309239e-07
47550.056 5.020923754499862e-07
47600.056 5.106384485799541e-07
47650.056 4.366723759929057e-07
47700.056 5.105533499961134e-07
47750.056 3.70261011655025e-07
47800.056 4.5135877010599974e-07
47850.056 3.571487043849826e-07
47900.056 4.390188903099479e-07
47950.056 4.340024092260394e-07
48000.056 5.826002852400716e-07
48050.056 5.188218347800299e-07
48100.056 4.1342275947801633e-07
48150.056 4.6413548148004416e-07
48200.056 4.6868807496001343e-07
48250.056 4.412736330300027e-07
48300.056 5.458007616998396e-07
48350.056 3.8469010718003114e-07
48400.056 3.4249254587795766e-07
48450.056 4.4282875006510504e-07
48500.056 5.423479269399493e-07
48550.056 4.228373050739999e-07
48600.056 4.846142219600064e-07
48650.056 4.63511046419972e-07
48700.056 4.6784466582198933e-07
48750.056 3.400894575211416e-07
48800.056 5.762321344829963e-07
48850.056 3.887930816399232e-07
48900.056 5.409943297700117e-07
48950.056 4.486134689000567e-07
49000.056 3.204220291319335e-07
49050.056 4.853333077799778e-07
49100.056 4.856567365200791e-07
49150.056 4.5604746690702594e-07
49200.056 5.126339192900393e-07
49250.056 5.029291077700651e-07
49300.056 4.46427703895985e-07
49350.056 3.479736968020496e-07
49400.056 4.4099391154997117e-07
49450.056 4.3772279463313887e-07
49500.056 3.8805350997996826e-07
49550.056 2.834476516730287e-07
49600.056 3.825851347720824e-07
49650.056 4.1330513057999194e-07
49700.056 3.8388608028390067e-07
49750.056 4.760926737698847e-07
49800.056 4.067122449640272e-07
49850.056 5.28845190500112e-07
49900.056 4.3785302056598584e-07
49950.056 4.2967236376996666e-07
50000.056 4.136625118699718e-07
50050.056 4.72893106459988e-07
50100.056 4.1721969829601566e-07
50150.056 3.199058137899748e-07
50200.056 2.0764663602001447e-07
50250.056 4.160202387799508e-07
50300.056 3.613238748450168e-07
50350.056 4.891841479980391e-07
50400.056 4.2443363270997506e-07
50450.056 3.62799855033049e-07
50500.056 4.413418659000591e-07
50550.056 4.0571394123001836e-07
50600.056 3.7694256036393126e-07
50650.056 4.532331557300962e-07
50700.056 4.81953619709834e-07
50750.056 4.239989933200697e-07
50800.056 2.923843638079698e-07
50850.056 3.003394906470809e-07
50900.056 4.7394450923999786e-07
50950.056 3.90186118490066e-07
51000.056 4.414234985830405e-07
51050.056 3.9061696587001125e-07
51100.056 2.6539106175896683e-07
51150.056 3.573205862629596e-07
51200.056 5.015279846299714e-07
51250.056 3.712621218749244e-07
51300.056 3.2272176054114955e-07
51350.056 3.474121728699797e-07
51400.056 2.407513579949836e-07
51450.056 2.1081153100894534e-07
51500.056 2.4432686674807227e-07
51550.056 4.344472001440379e-07
51600.056 3.246896123060391e-07
51650.056 3.249105353899403e-07
51700.056 3.491604137989277e-07
51750.056 2.729890205940264e-07
51800.056 3.7658758270990295e-07
51850.056 3.5779145575998937e-07
51900.056 4.6841879108409297e-07
51950.056 3.7953632579996426e-07
52000.056 2.0238140019797808e-07
52050.056 3.2654949901403164e-07
52100.056 2.563313118099743e-07
52150.056 2.415318806750125e-07
52200.056 2.449558727109913e-07
52250.056 2.97126257072033e-07
52300.056 4.127901737299634e-07
52350.056 3.3576397845601513e-07
52400.056 2.3533304919901878e-07
52450.056 3.5622724737002097e-07
52500.056 3.613755144979106e-07
52550.056 3.7548615709990957e-07
52600.056 3.2095626130405563e-07
52650.056 3.360549314520694e-07
52700.056 3.069836156139996e-07
52750.056 2.243943151569899e-07
52800.056 2.746409877300318e-07
52850.056 2.8097784490592025e-07
52900.056 2.741709129230115e-07
52950.056 2.85344731131992e-07
53000.056 3.619558993929979e-07
53050.056 2.284951676069163e-07
53100.056 2.7601935989393513e-07
53150.056 3.9969370341003445e-07
53200.056 2.165815118709919e-07
53250.056 3.7070126540002845e-07
53300.056 3.6540357472018793e-07
53350.056 3.5581981598997837e-07
53400.056 3.514446626800271e-07
53450.056 2.2853760001199855e-07
53500.056 1.5958925349095205e-07
53550.056 2.3665352078395676e-07
53600.056 3.150996938250472e-07
