galfind/configs/Brown_Dwarf_templates/sonora_bobcat/m-0.5/31g/sp_t400g31nc_m-0.5_resample.dat
# %ECSV 1.0
# ---
# datatype:
# - {name: wav, unit: Angstrom, datatype: float64}
# - {name: flux_nu, unit: erg / (cm2 Hz s), datatype: float64}
# meta: {C/O: '1.00', Kzz: '1.0000E+05', Teff: '400.', Y: '0.28', '[Fe/H]': '-0.50', f_hole: '1.00', f_rain: '0.00', grav: '32.'}
# schema: astropy-2.0
wav flux_nu
[from data line 499]
28950.056 1.4029805744257712e-10
29000.056 9.276267405614843e-11
29050.056 1.4514890598907495e-10
29100.056 7.525765376520616e-11
29150.056 1.0147293832078761e-10
29200.056 2.030759536555127e-10
29250.056 2.313171171545542e-10
29300.056 1.2090583291754195e-10
29350.056 3.2453270206371006e-10
29400.056 1.4987115239076996e-10
29450.056 9.634328121200109e-11
29500.056 3.156609264437499e-10
29550.056 1.1636346400215887e-10
29600.056 1.565569176018156e-10
29650.056 4.535416682460203e-10
29700.056 1.0664756556919531e-10
29750.056 3.2446243815262946e-10
29800.056 2.402792556124479e-10
29850.056 3.833711216083104e-10
29900.056 1.9717058572541984e-10
29950.056 2.4920393756524133e-10
30000.056 4.748116194903162e-12
30050.056 2.7771807367354788e-11
30100.056 1.0870710762876348e-10
30150.056 3.8143175175235083e-10
30200.056 2.531612526138171e-10
30250.056 4.797185886229629e-10
30300.056 6.644545666225808e-10
30350.056 1.7320581090875834e-10
30400.056 6.308626606064157e-10
30450.056 4.3136049129854324e-10
30500.056 3.08393467277858e-10
30550.056 2.508261511799468e-10
30600.056 1.3708886096697277e-09
30650.056 5.995394548516226e-10
30700.056 3.776807922725796e-10
30750.056 7.670279510813397e-10
30800.056 5.810357104288451e-10
30850.056 6.864774127537665e-10
30900.056 3.4962512529849413e-10
30950.056 3.390917610235086e-10
31000.056 3.9297371010669867e-10
31050.056 2.7809165874034333e-10
31100.056 1.804834094775872e-10
31150.056 3.377139794571054e-10
31200.056 8.748122031966105e-10
31250.056 4.737310995997742e-10
31300.056 3.02844731573187e-10
31350.056 6.427743990558301e-10
31400.056 4.330360656299156e-10
31450.056 4.527213488543301e-10
31500.056 1.6615959806946367e-10
31550.056 2.8798365334721933e-10
31600.056 1.9776959482416232e-10
31650.056 1.7432228490985095e-10
31700.056 1.619134430029736e-10
31750.056 8.251769662330514e-11
31800.056 1.659790690084598e-10
31850.056 3.0977901398109055e-11
31900.056 7.344528756574146e-11
31950.056 4.5615951506861637e-11
32000.056 3.487857619889222e-11
32050.056 5.5746665188180774e-11
32100.056 4.73268414776295e-11
32150.056 5.063330485740738e-11
32200.056 2.393605585208009e-11
32250.056 6.396201728351829e-11
32300.056 1.8359944113007566e-11
32350.056 6.1691222350717e-11
32400.056 9.825503419360024e-12
32450.056 4.6286903210831696e-11
32500.056 1.1736166485603379e-11
32550.056 3.517007467914656e-11
32600.056 1.3575179521144926e-11
32650.056 9.680707185749015e-11
32700.056 2.1347304080422926e-11
32750.056 1.9152679903699713e-10
32800.056 1.0274151626506633e-10
32850.056 3.440664036706898e-10
32900.056 2.9283216780503505e-10
32950.056 3.0945588955433585e-10
33000.056 1.0116121578981237e-10
33050.056 1.354610464551151e-10
33100.056 2.7604269385695265e-11
33150.056 1.0943740807663554e-14
33200.056 7.307284889207002e-13
33250.056 1.0064130328079736e-12
33300.056 8.824288139903196e-12
33350.056 2.953175357756007e-11
33400.056 1.1067637455439432e-10
33450.056 6.879962229025382e-11
33500.056 2.4693122266171506e-10
33550.056 4.8501651629591247e-11
33600.056 1.3886253476489425e-10
33650.056 1.2477512133046675e-10
33700.056 4.305342818202494e-11
33750.056 1.854796343953375e-10
33800.056 1.741919669268921e-11
33850.056 8.966353701634996e-11
33900.056 9.935951019805421e-11
33950.056 7.577391063080239e-11
34000.056 1.795684823167937e-10
34050.056 2.696339007066226e-11
34100.056 1.6656711390702472e-10
34150.056 6.809554256720934e-11
34200.056 1.9416240128738973e-10
34250.056 1.1096156228326104e-10
34300.056 1.1529998338201774e-10
34350.056 2.544883209178729e-10
34400.056 7.158642857116466e-11
34450.056 2.4301042309600316e-10
34500.056 1.1956650424416981e-10
34550.056 8.313817052407121e-11
34600.056 4.098494329045301e-10
34650.056 6.262134720358935e-11
34700.056 2.8549232233519747e-10
34750.056 1.7776509735949241e-10
34800.056 1.5637800796508374e-10
34850.056 4.922538596105355e-10
34900.056 1.1407783186357231e-10
34950.056 4.3171002780558184e-10
35000.056 7.934608023335625e-10
35050.056 3.6355935452195005e-10
35100.056 8.477327901544165e-10
35150.056 6.844338309979892e-10
35200.056 5.493095665491058e-10
35250.056 1.0387407674511188e-09
35300.056 4.14798263922858e-10
35350.056 5.417319813038819e-10
35400.056 4.276305757328469e-10
35450.056 3.736802898542564e-10
35500.056 1.3266942395431537e-09
35550.056 7.397828534539837e-10
35600.056 8.82758702940741e-10
35650.056 1.0083938788718189e-09
35700.056 1.0536047229520636e-09
35750.056 1.4401259653202614e-09
35800.056 1.2408580589816503e-09
35850.056 4.72848396264972e-10
35900.056 6.382824268916674e-10
35950.056 8.682031837055938e-10
36000.056 1.048714296917474e-09
36050.056 7.14966417035511e-10
36100.056 6.716513310507551e-10
36150.056 1.5882132079105687e-09
36200.056 1.7124349786870076e-09
36250.056 1.1497181446353975e-09
36300.056 2.7345277031241964e-09
36350.056 1.4719719351299119e-09
36400.056 2.4734022258497486e-09
36450.056 2.3954885217609203e-09
36500.056 2.6203663760273043e-09
36550.056 3.761668544235495e-09
36600.056 3.892097787201469e-09
36650.056 2.8343825702038495e-09
36700.056 3.110122385248507e-09
36750.056 3.925871488584739e-09
36800.056 4.682689909373754e-09
36850.056 2.368912581158684e-09
36900.056 4.130184706072253e-09
36950.056 4.6065071486217545e-09
37000.056 3.0750215320331975e-09
37050.056 5.128568314023688e-09
37100.056 3.339149991961808e-09
37150.056 3.426317801441652e-09
37200.056 5.932504422258386e-09
37250.056 3.683053811094337e-09
37300.056 2.592466532921655e-09
37350.056 4.677208287792929e-09
37400.056 7.21431628565122e-09
37450.056 2.834030374778978e-09
37500.056 4.174175255024975e-09
37550.056 7.597394790354677e-09
37600.056 1.1529550092216808e-08
37650.056 3.5095441969307016e-09
37700.056 6.973781913426545e-09
37750.056 4.7446518216531486e-09
37800.056 4.674951838449919e-09
37850.056 2.4131018983043398e-09
37900.056 3.2124464140145903e-09
37950.056 6.569664109953001e-09
38000.056 6.048428223192063e-09
38050.056 8.859324331123087e-09
38100.056 1.0464800731723906e-08
38150.056 1.160560268220914e-08
38200.056 9.466609214521342e-09
38250.056 1.0521840265775919e-08
38300.056 1.5719968128754276e-08
38350.056 1.4824775363006408e-08
38400.056 6.075988073444331e-09
38450.056 2.8817173069323627e-09
38500.056 1.87049396298748e-09
38550.056 6.574628614331776e-09
38600.056 6.870860935607028e-09
38650.056 8.15959730256446e-09
38700.056 6.087107966400386e-09
38750.056 6.926919628083409e-09
38800.056 7.2503233845606425e-09
38850.056 8.266003892545677e-09
38900.056 1.0562865234299595e-08
38950.056 6.354258236947605e-09
39000.056 1.0848936788737502e-08
39050.056 6.310373750252543e-09
39100.056 9.55042548414627e-09
39150.056 1.3024800476340037e-08
39200.056 8.861410429373004e-09
39250.056 1.473403747611563e-08
39300.056 9.456404942655891e-09
39350.056 1.7471257890909238e-08
39400.056 9.757122548202776e-09
39450.056 1.4216743139836434e-08
39500.056 1.4390307906743359e-08
39550.056 7.1443809867065954e-09
39600.056 1.401144030778324e-08
39650.056 1.7259875905797565e-08
39700.056 1.6562492862442555e-08
39750.056 8.547809131962305e-09
39800.056 9.786924157235906e-09
39850.056 2.0216464948602917e-08
39900.056 2.3354110042501043e-08
39950.056 1.018923439696912e-08
40000.056 1.8226853878940183e-08
40050.056 2.0148151546999e-08
40100.056 7.831721014271313e-09
40150.056 1.844395645865709e-08
40200.056 1.9350665017458148e-08
40250.056 2.1745105451346304e-08
40300.056 2.1504930007499773e-08
40350.056 1.3694465344563144e-08
40400.056 1.9459032619312857e-08
40450.056 1.0287591049480921e-08
40500.056 2.3626691658400743e-08
40550.056 2.5891105982646668e-08
40600.056 1.9608445624800717e-08
40650.056 1.577987580110855e-08
40700.056 3.037166059011651e-08
40750.056 2.0076909338094348e-08
40800.056 1.2776739476094865e-08
40850.056 3.529847844780875e-08
40900.056 2.900933314811694e-08
40950.056 2.576613959197284e-08
41000.056 2.0019552751770936e-08
41050.056 3.688414527039011e-08
41100.056 3.080656614269998e-08
41150.056 1.3015475256360115e-08
41200.056 3.6352113321304736e-08
41250.056 2.8732036923624734e-08
41300.056 3.0032429920372397e-08
41350.056 3.8174873122995674e-08
41400.056 3.227545479160035e-08
41450.056 4.4109895331192164e-08
41500.056 2.8397680039096537e-08
41550.056 2.6204071101932283e-08
41600.056 2.7520274292717542e-08
41650.056 3.649233424240373e-08
41700.056 4.619524744098767e-08
41750.056 3.553337401599395e-08
41800.056 3.624021194380899e-08
41850.056 3.574106508942268e-08
41900.056 3.174872925665646e-08
41950.056 3.131618689670081e-08
42000.056 1.8804371232973507e-08
42050.056 2.377748633048773e-08
42100.056 2.5739870873327162e-08
42150.056 2.8377014525590304e-08
42200.056 3.1688119599348794e-08
42250.056 2.632906022200488e-08
42300.056 2.5093153717558466e-08
42350.056 3.800399276990168e-08
42400.056 4.39498360749047e-08
42450.056 4.170748607501078e-08
42500.056 4.208808749189392e-08
42550.056 3.605046520719154e-08
42600.056 3.7983658092945224e-08
42650.056 5.638701928138395e-08
42700.056 2.9332460162738202e-08
42750.056 4.072350030890681e-08
42800.056 5.803222660240727e-08
42850.056 5.9139620118983926e-08
42900.056 6.177874149961023e-08
42950.056 4.9442653316394506e-08
43000.056 5.61937160598059e-08
43050.056 3.01198797250035e-08
43100.056 4.738558624649589e-08
43150.056 3.813110060290511e-08
43200.056 5.81897620740045e-08
43250.056 7.23194880480034e-08
43300.056 6.922817496299933e-08
43350.056 3.9590529460688666e-08
43400.056 5.688826654990249e-08
43450.056 3.7304556891302555e-08
43500.056 3.785353034050899e-08
43550.056 4.147859902970519e-08
43600.056 6.52944774640086e-08
43650.056 4.2284595653900076e-08
43700.056 7.369600828201638e-08
43750.056 6.662042826299494e-08
43800.056 6.045361677829492e-08
43850.056 5.451761439500533e-08
43900.056 4.3899912175193176e-08
43950.056 2.8941906405696682e-08
44000.056 2.983352755589857e-08
44050.056 7.04893352610004e-08
44100.056 8.665510877099972e-08
44150.056 7.793381007680023e-08
44200.056 7.330796839550155e-08
44250.056 4.180118987039645e-08
44300.056 3.415895887000558e-08
44350.056 3.727899532158823e-08
44400.056 3.439481895399624e-08
44450.056 6.046583033950249e-08
44500.056 5.547209001060915e-08
44550.056 7.655698974999569e-08
44600.056 6.563370985453898e-08
44650.056 5.904877442490556e-08
44700.056 4.046125615619676e-08
44750.056 6.333059792051333e-08
44800.056 4.3083674224903446e-08
44850.056 5.757388077700282e-08
44900.056 5.214442597600258e-08
44950.056 6.085130672960607e-08
45000.056 7.130151203900338e-08
45050.056 6.340172254099193e-08
45100.056 5.706638170560086e-08
45150.056 5.158784570049104e-08
45200.056 4.0598658462703714e-08
45250.056 4.84157284188876e-08
45300.056 4.461518453230655e-08
45350.056 3.513926598522837e-08
45400.056 8.716318556800929e-08
45450.056 7.104748842220704e-08
45500.056 8.415306239760483e-08
45550.056 8.690240436697664e-08
45600.056 7.742163677501298e-08
45650.056 6.464661335120052e-08
45700.056 4.346880973019636e-08
45750.056 4.1435180618002264e-08
45800.056 8.983424539400439e-08
45850.056 7.119902833229871e-08
45900.056 8.900999618399529e-08
45950.056 7.972435691199875e-08
46000.056 8.421733852000946e-08
46050.056 6.362595068340234e-08
46100.056 1.0066667227499398e-07
46150.056 6.229221146040146e-08
46200.056 5.341785376989227e-08
46250.056 2.3167365694033458e-08
46300.056 6.235089772500025e-08
46350.056 6.530969587440953e-08
46400.056 6.026639236090144e-08
46450.056 5.6792795640431317e-08
46500.056 6.271096387481357e-08
46550.056 3.43822718106015e-08
46600.056 5.0033542724372825e-08
46650.056 7.468287410120493e-08
46700.056 5.14180756717876e-08
46750.056 2.6239321344704734e-08
46800.056 1.740028123427997e-08
46850.056 7.162929896600984e-08
46900.056 7.429530929099759e-08
46950.056 7.349233936199493e-08
47000.056 7.124554526800967e-08
47050.056 5.181277755692426e-08
47100.056 3.798853433980488e-08
47150.056 5.952381096380782e-08
47200.056 6.662528835899532e-08
47250.056 3.678231891019571e-08
47300.056 2.4495644733889412e-08
47350.056 7.513321641500336e-08
47400.056 6.7477764696993e-08
47450.056 5.2878813217015204e-08
47500.056 7.87162399215945e-08
47550.056 6.800895906400266e-08
47600.056 6.21600898054945e-08
47650.056 6.752400579500852e-08
47700.056 5.249098451409136e-08
47750.056 3.9570268740401103e-08
47800.056 3.324072744960498e-08
47850.056 1.6020221396653047e-08
47900.056 2.5995827228978358e-08
47950.056 5.8988954002002245e-08
48000.056 7.822059904900224e-08
48050.056 6.456307730379953e-08
48100.056 2.874115850990322e-08
48150.056 5.2777733567201414e-08
48200.056 3.518064231399854e-08
48250.056 4.489066681799902e-08
48300.056 7.597190002999483e-08
48350.056 4.6942803722295235e-08
48400.056 1.192904058801985e-08
48450.056 2.486458671323602e-08
48500.056 4.2061355626989755e-08
48550.056 4.530309903948458e-08
48600.056 6.03607604819986e-08
48650.056 7.563447103899495e-08
48700.056 5.101306864910871e-08
48750.056 3.6719109177911936e-08
48800.056 6.626237579600265e-08
48850.056 3.639269095648378e-08
48900.056 4.569338364594707e-08
48950.056 2.578695400839988e-08
49000.056 1.3508988778569539e-08
49050.056 4.3914319891193835e-08
49100.056 5.5809317312639866e-08
49150.056 4.267950749797345e-08
49200.056 6.594430857501007e-08
49250.056 6.704071885900367e-08
49300.056 5.709017989999951e-08
49350.056 2.2621339251286998e-08
49400.056 3.420233498729075e-08
49450.056 3.213570234222794e-08
49500.056 2.5221216109036606e-08
49550.056 5.2200806066341265e-09
49600.056 1.5423520043102816e-08
49650.056 3.8070768014501756e-08
49700.056 4.207976644068621e-08
49750.056 3.9974203173029687e-08
49800.056 2.5558553040375652e-08
49850.056 5.4066862314008176e-08
49900.056 4.5780904102996924e-08
49950.056 4.6046419556000446e-08
50000.056 3.363947643317071e-08
50050.056 4.172684844780179e-08
50100.056 3.343271527879752e-08
50150.056 1.541919964530688e-08
50200.056 2.5399145524872026e-09
50250.056 1.7117066852499547e-08
50300.056 1.1014365936453907e-08
50350.056 3.8745248376006336e-08
50400.056 4.175202223839433e-08
50450.056 3.193005535250272e-08
50500.056 4.929123647890242e-08
50550.056 4.2893734719003065e-08
50600.056 3.159053150889154e-08
50650.056 5.185446792600746e-08
50700.056 5.031968628199491e-08
50750.056 3.196291024840248e-08
50800.056 1.0618252958329983e-08
50850.056 5.394661552932691e-09
50900.056 3.474147147200219e-08
50950.056 3.1995233357997073e-08
51000.056 2.472540193134241e-08
51050.056 3.847618991339431e-08
51100.056 1.4061825808865225e-08
51150.056 1.5315132875460505e-08
51200.056 4.6614607707998836e-08
51250.056 3.405566432519405e-08
51300.056 2.2985604838308204e-08
51350.056 2.1114202356212974e-08
51400.056 6.643955693185296e-09
51450.056 5.29683846456567e-09
51500.056 5.096042149647354e-09
51550.056 2.0863319091483852e-08
51600.056 1.8547086619244656e-08
51650.056 2.491800706789872e-08
51700.056 2.566061569899149e-08
51750.056 1.644177686023851e-08
51800.056 3.123110446799542e-08
51850.056 2.516355820169836e-08
51900.056 3.035299913799911e-08
51950.056 1.6704242275698252e-08
52000.056 1.5084360469603834e-09
52050.056 8.829161700401205e-09
52100.056 4.811154743369139e-09
52150.056 2.6155165244812637e-09
52200.056 9.4051087791098e-09
52250.056 1.517886397614377e-08
52300.056 1.954364946759884e-08
52350.056 5.834850701348309e-09
52400.056 6.358652707157987e-09
52450.056 2.4707056005101748e-08
52500.056 1.800646070434303e-08
52550.056 2.2232656330398645e-08
52600.056 1.6686094472219827e-08
52650.056 2.0164813201001728e-08
52700.056 1.405943309781914e-08
52750.056 4.924182267421503e-09
52800.056 9.782730415891649e-09
52850.056 1.1515624839176794e-08
52900.056 4.4516178098631954e-09
52950.056 7.814296329881105e-09
53000.056 1.4474855995402596e-08
53050.056 5.289719730136345e-09
53100.056 1.8658500208598947e-08
53150.056 1.9041145882701304e-08
53200.056 8.774663524719768e-09
53250.056 1.706555473480055e-08
53300.056 2.0847931740252844e-08
53350.056 1.5911274393341098e-08
53400.056 1.0173060136497573e-08
53450.056 3.279369133743753e-09
53500.056 4.856525426548012e-10
53550.056 1.4496424291236353e-09
53600.056 7.904293378541436e-09
