galfind/configs/Brown_Dwarf_templates/sonora_bobcat/m-0.5/31g/sp_t700g31nc_m-0.5_resample.dat
# %ECSV 1.0
# ---
# datatype:
# - {name: wav, unit: Angstrom, datatype: float64}
# - {name: flux_nu, unit: erg / (cm2 Hz s), datatype: float64}
# meta: {C/O: '1.00', Kzz: '1.0000E+05', Teff: '700.', Y: '0.28', '[Fe/H]': '-0.50', f_hole: '1.00', f_rain: '0.00', grav: '32.'}
# schema: astropy-2.0
wav flux_nu
[from data line 499]
28950.056 1.441765244436429e-08
29000.056 1.1451025526730807e-08
29050.056 1.4167785052866474e-08
29100.056 9.60893926446188e-09
29150.056 1.528378730058191e-08
29200.056 1.2428449444714944e-08
29250.056 1.92512062807633e-08
29300.056 9.109823013441587e-09
29350.056 2.6459317162389283e-08
29400.056 1.382353105654004e-08
29450.056 1.4823657796278785e-08
29500.056 1.8089205621097953e-08
29550.056 1.4039612894182082e-08
29600.056 1.7889796729410195e-08
29650.056 2.223099054067005e-08
29700.056 1.3239908291411458e-08
29750.056 2.115272829377278e-08
29800.056 2.101824269228672e-08
29850.056 2.3506132533210772e-08
29900.056 2.116129417525739e-08
29950.056 1.9576095813203087e-08
30000.056 2.7819087781358256e-09
30050.056 5.48415697201537e-09
30100.056 8.018364878883715e-09
30150.056 1.6877615269170474e-08
30200.056 1.4484779386512555e-08
30250.056 2.7728704845131912e-08
30300.056 2.823461956266412e-08
30350.056 1.9499083250226974e-08
30400.056 3.047263742947501e-08
30450.056 1.944661131206816e-08
30500.056 1.9430514665605787e-08
30550.056 1.8920303172682917e-08
30600.056 2.6956409625931548e-08
30650.056 1.836218736904443e-08
30700.056 1.6296960897332918e-08
30750.056 2.2392246592033174e-08
30800.056 1.6648840072143183e-08
30850.056 1.7037525778955024e-08
30900.056 1.1580418456897555e-08
30950.056 1.3573629800859481e-08
31000.056 1.144139386143269e-08
31050.056 1.1861099738612357e-08
31100.056 8.645564609159954e-09
31150.056 1.296778032726893e-08
31200.056 1.4521124576613412e-08
31250.056 1.037790440414819e-08
31300.056 8.31042529627421e-09
31350.056 1.0226345817465099e-08
31400.056 7.795626416207308e-09
31450.056 8.373924159037323e-09
31500.056 5.541521948319582e-09
31550.056 6.901933063828121e-09
31600.056 4.695046648825302e-09
31650.056 4.597128004830136e-09
31700.056 4.927772484829847e-09
31750.056 3.302144612743569e-09
31800.056 5.244628353100495e-09
31850.056 2.705894064236719e-09
31900.056 3.884838781454052e-09
31950.056 2.4361617319306243e-09
32000.056 3.182178502132413e-09
32050.056 3.6005574642222426e-09
32100.056 3.3814131283467955e-09
32150.056 3.961643621671797e-09
32200.056 2.748256528801624e-09
32250.056 4.86159982493617e-09
32300.056 2.678281745783947e-09
32350.056 4.822681923549396e-09
32400.056 2.5251446287229663e-09
32450.056 4.413231073036813e-09
32500.056 3.168678190928089e-09
32550.056 3.637064344295086e-09
32600.056 4.244384081427171e-09
32650.056 7.2933033389317984e-09
32700.056 5.312895232109933e-09
32750.056 8.514463559391659e-09
32800.056 7.410800086106515e-09
32850.056 9.587731930298977e-09
32900.056 1.0045708065099355e-08
32950.056 1.0967787270889087e-08
33000.056 8.369040119854237e-09
33050.056 8.712048947662418e-09
33100.056 3.3562404630531344e-09
33150.056 1.672389444438034e-10
33200.056 3.3234429888944064e-10
33250.056 2.109041366658732e-10
33300.056 4.0502902167208173e-10
33350.056 1.032940763572888e-09
33400.056 1.989776747543024e-09
33450.056 2.8827569842870698e-09
33500.056 5.848160061244683e-09
33550.056 3.694282081903233e-09
33600.056 7.1525738706024835e-09
33650.056 6.964067342909474e-09
33700.056 5.2468409079276365e-09
33750.056 9.124380748957125e-09
33800.056 4.7604485449645976e-09
33850.056 7.18548136759853e-09
33900.056 5.90039337954225e-09
33950.056 5.799618603446215e-09
34000.056 8.733401444058288e-09
34050.056 3.2740909064024893e-09
34100.056 8.114755779996487e-09
34150.056 5.337523749788792e-09
34200.056 7.175503122245047e-09
34250.056 6.430479716162287e-09
34300.056 5.510435385430452e-09
34350.056 5.786461043379783e-09
34400.056 4.059744165824069e-09
34450.056 7.117017212825331e-09
34500.056 5.930622741008951e-09
34550.056 3.7094849209843237e-09
34600.056 8.98760805695052e-09
34650.056 4.563909543099611e-09
34700.056 7.552995601948993e-09
34750.056 6.604679265056169e-09
34800.056 5.492245906311518e-09
34850.056 8.11340393202719e-09
34900.056 7.0738603214837395e-09
34950.056 8.770358797897284e-09
35000.056 1.4871356287512803e-08
35050.056 7.4371730860241214e-09
35100.056 1.204939320970225e-08
35150.056 1.0924150240714486e-08
35200.056 1.1147136552001698e-08
35250.056 1.646373138778485e-08
35300.056 1.0703438263270058e-08
35350.056 1.1754627390563416e-08
35400.056 1.3523232858586107e-08
35450.056 8.778329404240189e-09
35500.056 2.093272753580285e-08
35550.056 1.7623207837525983e-08
35600.056 1.5060266010270972e-08
35650.056 1.713039154445078e-08
35700.056 1.5403386876842475e-08
35750.056 2.1672782082797975e-08
35800.056 2.6999331900301452e-08
35850.056 1.4270603027132338e-08
35900.056 1.9890720084109494e-08
35950.056 2.0255540929882026e-08
36000.056 2.0183589044653197e-08
36050.056 1.7600014937003066e-08
36100.056 1.8104401923591305e-08
36150.056 2.217679561460312e-08
36200.056 2.44661519334616e-08
36250.056 2.1145448595958577e-08
36300.056 2.9802690261246355e-08
36350.056 2.5372148983126616e-08
36400.056 2.727523041933203e-08
36450.056 3.21408355554127e-08
36500.056 3.541930610203741e-08
36550.056 3.615555569896152e-08
36600.056 4.344275274219091e-08
36650.056 3.942517853587718e-08
36700.056 4.168225682308154e-08
36750.056 4.687518839242797e-08
36800.056 4.752003774659969e-08
36850.056 4.0546366323114696e-08
36900.056 4.953460209891339e-08
36950.056 5.2539005243790425e-08
37000.056 4.610796232909024e-08
37050.056 5.0973634299696773e-08
37100.056 5.262680853235354e-08
37150.056 4.565424428419869e-08
37200.056 5.775036878758754e-08
37250.056 5.324255003778964e-08
37300.056 4.6832804488195814e-08
37350.056 5.398095625644188e-08
37400.056 7.746680138547922e-08
37450.056 5.277670713713191e-08
37500.056 5.456656901585764e-08
37550.056 7.11666114432502e-08
37600.056 8.374712022321384e-08
37650.056 5.019951308330249e-08
37700.056 8.20559394052083e-08
37750.056 5.883691087510225e-08
37800.056 6.341661951014967e-08
37850.056 4.2492811585506646e-08
37900.056 5.200545587311399e-08
37950.056 6.91653046221549e-08
38000.056 7.857734447912505e-08
38050.056 8.018282734002854e-08
38100.056 8.4655064890335e-08
38150.056 9.359889928300155e-08
38200.056 9.672947575101953e-08
38250.056 8.707414821845095e-08
38300.056 1.192015863499744e-07
38350.056 1.2157747073702503e-07
38400.056 7.386559086362024e-08
38450.056 7.129750770546262e-08
38500.056 4.970439171620212e-08
38550.056 8.342261629903253e-08
38600.056 8.472740285959482e-08
38650.056 8.515177464998081e-08
38700.056 8.860585359390045e-08
38750.056 9.31154212187131e-08
38800.056 8.58942870903503e-08
38850.056 8.863003333931136e-08
38900.056 1.1700045417839652e-07
38950.056 8.962469552650973e-08
39000.056 1.0529960589018674e-07
39050.056 9.334043107701575e-08
39100.056 1.0308278670699158e-07
39150.056 1.0983910553180358e-07
39200.056 1.050579339186817e-07
39250.056 1.2559623640788823e-07
39300.056 1.0134985747665908e-07
39350.056 1.4102708507201217e-07
39400.056 1.1074587470405863e-07
39450.056 1.2422899388528296e-07
39500.056 1.2651434508963287e-07
39550.056 1.145680768537607e-07
39600.056 1.331889777751743e-07
39650.056 1.4545335471037875e-07
39700.056 1.3871242795601747e-07
39750.056 1.0999595443291586e-07
39800.056 1.2643683396799112e-07
39850.056 1.6530633970200693e-07
39900.056 1.6473719172900812e-07
39950.056 1.333113617391694e-07
40000.056 1.7767668548703222e-07
40050.056 1.6149055772699645e-07
40100.056 1.226453363006614e-07
40150.056 1.6367421147799502e-07
40200.056 1.6811204272094464e-07
40250.056 1.7335308134994338e-07
40300.056 1.7044347310101848e-07
40350.056 1.6179734244177604e-07
40400.056 1.941405643374568e-07
40450.056 1.5307636567535894e-07
40500.056 1.9720136393597446e-07
40550.056 2.0026236143954026e-07
40600.056 1.8625860058302448e-07
40650.056 1.6302787410140712e-07
40700.056 2.286631688099862e-07
40750.056 1.8297919446496683e-07
40800.056 1.48862448767919e-07
40850.056 2.4456168360305784e-07
40900.056 2.22510789984006e-07
40950.056 2.0509746700101406e-07
41000.056 1.9525724655758996e-07
41050.056 2.527052689069523e-07
41100.056 2.1931866645400226e-07
41150.056 1.5377361418896187e-07
41200.056 2.494818018339942e-07
41250.056 2.0845039414638227e-07
41300.056 1.9582071133596733e-07
41350.056 2.595739942100043e-07
41400.056 2.3633816396603149e-07
41450.056 2.6013147025999224e-07
41500.056 2.050876547548707e-07
41550.056 2.0568027212215425e-07
41600.056 2.3562672961814084e-07
41650.056 2.488240197280111e-07
41700.056 2.3774146720192467e-07
41750.056 2.3296419630797143e-07
41800.056 2.6884107446904195e-07
41850.056 2.078083996944866e-07
41900.056 2.3402303480154473e-07
41950.056 2.3368263248004642e-07
42000.056 2.148317766729103e-07
42050.056 2.0131313387684033e-07
42100.056 2.6905359078397716e-07
42150.056 2.1149722050601318e-07
42200.056 2.064354598560048e-07
42250.056 2.153751476054841e-07
42300.056 2.1496212907540174e-07
42350.056 2.6075997786903286e-07
42400.056 2.5660431516604815e-07
42450.056 2.2607476581006696e-07
42500.056 2.2246899187998144e-07
42550.056 2.0872748232196256e-07
42600.056 2.315754176455709e-07
42650.056 2.9985380298089587e-07
42700.056 2.3182666690634583e-07
42750.056 2.2426189670901297e-07
42800.056 2.616160544970323e-07
42850.056 2.825618318179126e-07
42900.056 2.9988974703907543e-07
42950.056 2.3731055128993862e-07
43000.056 2.659407645360414e-07
43050.056 1.8005076558105923e-07
43100.056 2.346897973549591e-07
43150.056 2.1597558890102753e-07
43200.056 2.648745653239998e-07
43250.056 3.240187789400356e-07
43300.056 3.191737621660013e-07
43350.056 2.102602328019404e-07
43400.056 2.6088725166898295e-07
43450.056 2.169953980620365e-07
43500.056 2.1497727926902228e-07
43550.056 2.3049502470204394e-07
43600.056 3.0308564386403546e-07
43650.056 2.2690748651611012e-07
43700.056 3.210479439860561e-07
43750.056 2.862073733440269e-07
43800.056 2.7113726138296974e-07
43850.056 2.390910686050343e-07
43900.056 2.5235677219698175e-07
43950.056 1.8128099189098434e-07
44000.056 1.7241776969049545e-07
44050.056 3.031536663960077e-07
44100.056 3.650677325400146e-07
44150.056 3.402131138059844e-07
44200.056 3.0028261125499284e-07
44250.056 2.196228478900099e-07
44300.056 1.890290984180346e-07
44350.056 2.1720396223645985e-07
44400.056 2.0752489574098722e-07
44450.056 2.790571618439652e-07
44500.056 2.769729258970676e-07
44550.056 3.449837860099611e-07
44600.056 3.002876392567203e-07
44650.056 2.9007604201105167e-07
44700.056 2.1303993339600048e-07
44750.056 2.873053250790579e-07
44800.056 2.447329874030214e-07
44850.056 3.028634058060356e-07
44900.056 2.460878696390208e-07
44950.056 2.8026617951801223e-07
45000.056 2.9447142940000026e-07
45050.056 2.8627175129798067e-07
45100.056 2.7777888760499633e-07
45150.056 2.841638966713572e-07
45200.056 2.322330668740144e-07
45250.056 2.5757508592491733e-07
45300.056 2.2114804747703691e-07
45350.056 2.244671842940151e-07
45400.056 3.515800080330282e-07
45450.056 3.107058282050022e-07
45500.056 3.236982790370166e-07
45550.056 3.539891665458955e-07
45600.056 3.4912908350005613e-07
45650.056 2.8372506125498036e-07
45700.056 2.342509043200088e-07
45750.056 2.3017746436400148e-07
45800.056 3.6202024739100434e-07
45850.056 3.4979748350799085e-07
45900.056 3.7267321102000185e-07
45950.056 3.0722044176799326e-07
46000.056 3.491409383545258e-07
46050.056 2.903073929390081e-07
46100.056 3.742963619399655e-07
46150.056 2.782372879839997e-07
46200.056 2.6253558867199963e-07
46250.056 1.651140641968684e-07
46300.056 2.947069704739994e-07
46350.056 2.912787599570322e-07
46400.056 2.7107286139801205e-07
46450.056 2.5203888649103983e-07
46500.056 2.8158030301606985e-07
46550.056 2.0415455295000516e-07
46600.056 2.634031718471764e-07
46650.056 3.610133790730111e-07
46700.056 2.6156807018695295e-07
46750.056 1.9018305198640926e-07
46800.056 1.4608713980821738e-07
46850.056 3.591762855840597e-07
46900.056 3.2164401595098254e-07
46950.056 3.160838056859832e-07
47000.056 3.04026964012047e-07
47050.056 2.6549412396970413e-07
47100.056 1.952123891280285e-07
47150.056 2.5051985656103985e-07
47200.056 2.9885999208000013e-07
47250.056 2.1931316147597953e-07
47300.056 1.613910330736941e-07
47350.056 3.4240525655997576e-07
47400.056 2.9585543755197465e-07
47450.056 2.972365823736368e-07
47500.056 3.302973893279582e-07
47550.056 2.981803394180094e-07
47600.056 2.9451408873498707e-07
47650.056 2.7798370036376463e-07
47700.056 2.5860354338317345e-07
47750.056 2.0030733229300512e-07
47800.056 1.986681251320111e-07
47850.056 1.4294533458101384e-07
47900.056 1.859872413399671e-07
47950.056 2.6292880038201956e-07
48000.056 3.4753984754005876e-07
48050.056 3.149434119879944e-07
48100.056 1.7742934011181683e-07
48150.056 2.5875563039700926e-07
48200.056 2.171531428470005e-07
48250.056 2.3302712128001102e-07
48300.056 3.1870739890993373e-07
48350.056 2.1079320089001406e-07
48400.056 1.1568308247647488e-07
48450.056 2.0851462702245604e-07
48500.056 2.651940635229544e-07
48550.056 2.4444904357601344e-07
48600.056 2.558409540700046e-07
48650.056 2.9204219080997787e-07
48700.056 2.3418197358200164e-07
48750.056 1.587156056920838e-07
48800.056 3.052287135999969e-07
48850.056 1.9675084479796407e-07
48900.056 2.894393367021863e-07
48950.056 1.9381636403401885e-07
49000.056 1.1149393718898234e-07
49050.056 2.4165235073296995e-07
49100.056 2.723341824320464e-07
49150.056 2.1841444601052104e-07
49200.056 3.0009409924005224e-07
49250.056 2.819751213640417e-07
49300.056 2.5145763985699534e-07
49350.056 1.419039307540251e-07
49400.056 1.927460850769631e-07
49450.056 2.0461003424956293e-07
49500.056 1.6670646450698583e-07
49550.056 7.924134004830894e-08
49600.056 1.4663855608451176e-07
49650.056 1.9749008567998854e-07
49700.056 1.9213812016193947e-07
49750.056 2.246476344439667e-07
49800.056 1.819260435420081e-07
49850.056 2.6917201693006137e-07
49900.056 2.1858208564197875e-07
49950.056 2.1283140947800135e-07
50000.056 1.9196804824997483e-07
50050.056 2.331440937699943e-07
50100.056 1.8561953981100325e-07
50150.056 1.231752182859817e-07
50200.056 5.1422091597412074e-08
50250.056 1.6626076024698058e-07
50300.056 1.2587246455271416e-07
50350.056 2.2442382666302407e-07
50400.056 2.0326432447498592e-07
50450.056 1.6047398241500826e-07
50500.056 2.138245691660275e-07
50550.056 1.9531191387101348e-07
50600.056 1.5649701233996238e-07
50650.056 2.2497058359504052e-07
50700.056 2.3421003856792647e-07
50750.056 1.7684705440802658e-07
50800.056 1.0120263373418702e-07
50850.056 8.58872162748313e-08
50900.056 2.1886525063799514e-07
50950.056 1.695864863160129e-07
51000.056 1.72613540173412e-07
51050.056 1.8658811838898935e-07
51100.056 9.543653631648842e-08
51150.056 1.3204200366831574e-07
51200.056 2.490484227699845e-07
51250.056 1.5905403231997262e-07
51300.056 1.30663106932058e-07
51350.056 1.3830900213638774e-07
51400.056 7.794280418910297e-08
51450.056 6.440906077248184e-08
51500.056 6.727680445552472e-08
51550.056 1.648740808092133e-07
51600.056 1.1806019702292477e-07
51650.056 1.2675835113597325e-07
51700.056 1.4377685680939428e-07
51750.056 1.0321878424101363e-07
51800.056 1.5448249080397077e-07
51850.056 1.3737978990998839e-07
51900.056 1.9898410146199842e-07
51950.056 1.4333188709198697e-07
52000.056 4.2858766044588825e-08
52050.056 1.006841172004143e-07
52100.056 7.51121983969951e-08
52150.056 6.043048550660712e-08
52200.056 8.039463050890104e-08
52250.056 1.0666233529702419e-07
52300.056 1.5565854057299376e-07
52350.056 9.745118268788333e-08
52400.056 7.595526975290876e-08
52450.056 1.5627226584800965e-07
52500.056 1.4105743759596244e-07
52550.056 1.374909121889768e-07
52600.056 1.1081048528200409e-07
52650.056 1.2239538129901818e-07
52700.056 1.0297123342899698e-07
52750.056 6.467445811639749e-08
52800.056 8.737830576501125e-08
52850.056 9.591961569136963e-08
52900.056 7.66854048831388e-08
52950.056 8.866501099200545e-08
53000.056 1.2155863972002014e-07
53050.056 6.309335871678502e-08
53100.056 1.0800482985297353e-07
53150.056 1.393484739980176e-07
53200.056 6.540565281379803e-08
53250.056 1.2728967037600604e-07
53300.056 1.472832112103744e-07
53350.056 1.235281981949997e-07
53400.056 1.0107276162099023e-07
53450.056 5.6956854120986743e-08
53500.056 2.5336628325352248e-08
53550.056 4.8205408816896585e-08
