galfind/configs/Brown_Dwarf_templates/sonora_bobcat/m-0.5/31g/sp_t300g31nc_m-0.5_resample.dat
# %ECSV 1.0
# ---
# datatype:
# - {name: wav, unit: Angstrom, datatype: float64}
# - {name: flux_nu, unit: erg / (cm2 Hz s), datatype: float64}
# meta: {C/O: '1.00', Kzz: '1.0000E+05', Teff: '300.', Y: '0.28', '[Fe/H]': '-0.50', f_hole: '1.00', f_rain: '0.00', grav: '32.'}
# schema: astropy-2.0
wav flux_nu
4000.0559999999996 nan
4050.0559999999996 4.2365492486390755e-20
4100.056 1.149972159340019e-18
4150.056 6.361632218200056e-18
4200.056 7.023361613359038e-18
4250.056 4.94270796850004e-17
4300.056 1.1723060375400039e-16
4350.056 2.3003386247000106e-16
4400.056 4.135867666100007e-16
4450.056 6.989403553700004e-16
4500.056 1.1843557097000046e-15
4550.056 1.4623376195299973e-15
4600.056 7.559182381899983e-16
4650.056 5.436776949599979e-16
4700.056 3.1888612930999894e-16
4750.056 1.7778196562999967e-16
4800.056 1.1160912629499952e-16
4850.056 6.370248400899971e-17
4900.056 4.416594047099992e-17
4950.056 3.667562811799995e-17
5000.056 3.124648959499993e-17
5050.056 2.836219509100027e-17
5100.056 3.368603019900033e-17
5150.056 4.130625181000011e-17
5200.056 5.019330839500012e-17
5250.056 6.069818051400013e-17
5300.056 7.311732469900014e-17
5350.056 8.770151905000018e-17
5400.056 1.0283233915000026e-16
5450.056 1.2060337127000082e-16
5500.056 1.4099974789000043e-16
5550.056 1.629393454900002e-16
5600.056 1.8359629089000034e-16
5650.056 1.9987109566e-16
5700.056 1.9959406533000015e-16
5750.056 1.9784425007000026e-16
5800.056 1.761233702999991e-16
5850.056 1.1279504834099836e-16
5900.056 3.0185939076042746e-17
5950.056 2.2174488920300866e-16
6000.056 5.717753833199987e-16
6050.056 1.1711649435400127e-15
6100.056 2.0654228719000194e-15
6150.056 3.3128404658000216e-15
6200.056 4.987001348900027e-15
6250.056 7.032059423600011e-15
6300.056 9.822112564400016e-15
6350.056 1.3447184508200036e-14
6400.056 1.8114115743000043e-14
6450.056 2.1765545137399642e-14
6500.056 2.8191096264600346e-14
6550.056 3.8153584095798895e-14
6600.056 5.158836147970144e-14
6650.056 7.099463777400051e-14
6700.056 9.469123860100044e-14
6750.056 1.2430069836000055e-13
6800.056 1.5356632559000096e-13
6850.056 1.7798353449000033e-13
6900.056 1.6773389179900257e-13
6950.056 1.389512304613021e-13
7000.056 1.6978249499099552e-13
7050.056 1.8256984799700018e-13
7100.056 2.1404333541799707e-13
7150.056 1.638197249597384e-13
7200.056 1.208133461091059e-13
7250.056 1.4708539612099827e-13
7300.056 1.5741304064850214e-13
7350.056 2.2614949203696904e-13
7400.056 2.992479028320122e-13
7450.056 4.027589491500164e-13
7500.056 4.804446143500021e-13
7550.056 5.202059446100003e-13
7600.056 5.104529705299986e-13
7650.056 1.8458848651479263e-13
7700.056 1.36973386431005e-13
7750.056 5.301325984400081e-13
7800.056 7.774859429500045e-13
7850.056 1.1271139776899868e-12
7900.056 1.3785863515899688e-12
7950.056 1.5038984482100026e-12
8000.056 1.9581303159100117e-12
8050.056 2.250730085380036e-12
8100.056 1.5717296916145184e-12
8150.056 1.0169256454138004e-12
8200.056 2.114554180335226e-12
8250.056 2.1642460668432915e-12
8300.056 2.37639605667873e-12
8350.056 2.555099489957141e-12
8400.056 3.164607940122259e-12
8450.056 4.761987010369973e-12
8500.056 5.8571889137999694e-12
8550.056 7.342598671200116e-12
8600.056 8.791397428300028e-12
8650.056 9.649505101800041e-12
8700.056 9.088257768400079e-12
8750.056 9.037957222800014e-12
8800.056 8.014375715999835e-12
8850.056 5.7522154280996886e-12
8900.056 5.974895623350881e-13
8950.056 3.18827180457236e-13
9000.056 2.905626576163855e-13
9050.056 1.4648769284354408e-12
9100.056 1.8897092082537374e-12
9150.056 2.8748756824143525e-12
9200.056 6.536302024183132e-12
9250.056 4.9709549397727465e-12
9300.056 6.077773088970104e-14
9350.056 8.179596450873212e-14
9400.056 7.630701123852033e-13
9450.056 5.896180827913337e-13
9500.056 4.686850526568802e-13
9550.056 4.646382088348262e-13
9600.056 6.384824099246243e-13
9650.056 1.5971104645102263e-12
9700.056 6.6086469998706105e-12
9750.056 4.4030414099928145e-12
9800.056 4.816690332666728e-12
9850.056 5.577224109393221e-12
9900.056 8.040667768685774e-12
9950.056 8.039411881640938e-12
10000.056 7.029536989277432e-12
10050.056 7.2372227363999585e-12
10100.056 5.922114213699979e-12
10150.056 3.049682849500042e-12
10200.056 8.931046266158666e-13
10250.056 1.203825571882441e-12
10300.056 2.3875148750187398e-12
10350.056 8.675447299057027e-13
10400.056 2.817289710574476e-12
10450.056 4.747232307862084e-12
10500.056 7.504158013322188e-12
10550.056 1.1766433435500263e-11
10600.056 1.4101346324800439e-11
10650.056 1.3746386400400007e-11
10700.056 1.0840985700499852e-11
10750.056 9.857295783069813e-12
10800.056 8.738043411260117e-12
10850.056 7.223783168762118e-12
10900.056 5.6704027469258856e-12
10950.056 3.3934706152999495e-12
11000.056 1.9079566839396426e-12
11050.056 9.20513623128265e-13
11100.056 3.6990970063279727e-13
11150.056 1.0078968062395577e-13
11200.056 4.171059168134168e-14
11250.056 3.156109644514666e-14
11300.056 1.0120120631664981e-13
11350.056 1.7021312138004422e-14
11400.056 1.8758345818352266e-13
11450.056 9.01488364787486e-14
11500.056 8.919850838707792e-14
11550.056 1.5738362981664048e-14
11600.056 3.802930053219324e-15
11650.056 3.95576377135487e-14
11700.056 5.451142694237052e-14
11750.056 1.4006154798182406e-14
11800.056 8.837346569347472e-14
11850.056 8.392184574274989e-14
11900.056 8.132007728287222e-14
11950.056 1.2940709878310687e-13
12000.056 1.931257192050415e-13
12050.056 3.0182800896038556e-13
12100.056 3.631055933429154e-13
12150.056 5.040671031961814e-13
12200.056 5.638772140146104e-13
12250.056 1.1957157601462273e-12
12300.056 2.507316497405589e-12
12350.056 3.1959979171902148e-12
12400.056 5.752022719869915e-12
12450.056 1.0768145161580218e-11
12500.056 1.3821107212890878e-11
12550.056 1.5660931697960084e-11
12600.056 2.6262044374112593e-11
12650.056 4.5110388513599594e-11
12700.056 5.302074832190012e-11
12750.056 3.63920753428025e-11
12800.056 2.1082547394798194e-11
12850.056 1.0241110783411797e-11
12900.056 7.0405522252072584e-12
12950.056 5.736940092621652e-12
13000.056 6.373772898020078e-12
13050.056 3.947459500492674e-12
13100.056 3.747510759801759e-12
13150.056 1.85096698337983e-12
13200.056 2.484934563264163e-12
13250.056 2.7680660230253887e-12
13300.056 1.0383537639255816e-12
13350.056 4.968835273091242e-13
13400.056 1.8851670020707304e-13
13450.056 2.9671854546766134e-14
13500.056 5.3137547264170655e-15
13550.056 6.739972242168164e-16
13600.056 5.2979128305359497e-17
13650.056 8.080969232360416e-16
13700.056 2.7391801129626796e-16
13750.056 2.0037724266195797e-15
13800.056 1.5799776044968033e-15
13850.056 4.831608466606193e-16
13900.056 1.6849683096785e-15
13950.056 1.1110468082417274e-15
14000.056 2.2470399002545133e-15
14050.056 3.280702982669308e-15
14100.056 3.74194577497908e-15
14150.056 1.7144863221273482e-14
14200.056 1.0043771413984708e-14
14250.056 1.9383206551773107e-14
14300.056 7.967332266771648e-14
14350.056 6.187642958833414e-14
14400.056 5.96498981126027e-14
14450.056 1.545531049599868e-13
14500.056 4.0960979160503796e-13
14550.056 5.260515415329346e-13
14600.056 6.316707936136034e-13
14650.056 1.8761176312052163e-13
14700.056 6.88164572614447e-14
14750.056 1.3990455634197032e-14
14800.056 2.3114446978888693e-14
14850.056 2.817038955244262e-14
14900.056 2.5258110017024988e-14
14950.056 1.3263041148362804e-14
15000.056 5.983584899935282e-14
15050.056 7.215186696720559e-14
15100.056 2.1961832853420635e-14
15150.056 5.825418433021026e-15
15200.056 5.088578515521492e-14
15250.056 1.1809811979310784e-13
15300.056 1.7273127164682231e-13
15350.056 2.803781462278057e-13
15400.056 3.1725214116688263e-13
15450.056 5.056277621690355e-13
15500.056 6.998430852016414e-13
15550.056 2.1671132036756193e-12
15600.056 4.196226705943755e-12
15650.056 9.501336082580417e-12
15700.056 2.030897572280115e-11
15750.056 3.133256931580185e-11
15800.056 4.0050120173101416e-11
15850.056 5.4348039100608495e-11
15900.056 6.551755717579763e-11
15950.056 8.314343421299826e-11
16000.056 7.692337044600376e-11
16050.056 5.2822035739195863e-11
16100.056 2.926033528455937e-11
16150.056 1.311547060940807e-11
16200.056 4.977379365970589e-12
16250.056 2.1546356221188505e-12
16300.056 8.984425104652532e-13
16350.056 1.2526668728248714e-12
16400.056 1.5902530856827706e-12
16450.056 1.406243642782021e-12
16500.056 9.044609730975555e-13
16550.056 8.590402933532643e-13
16600.056 2.83180650007792e-12
16650.056 1.5598883724767829e-12
16700.056 1.906583430318713e-13
16750.056 8.028179188883229e-13
16800.056 1.3533081279235085e-12
16850.056 1.4505829973575192e-12
16900.056 4.152745744279712e-13
16950.056 2.1562255640939042e-13
17000.056 7.746774937540487e-14
17050.056 1.758528736361618e-13
17100.056 5.116572339854747e-13
17150.056 2.2679837024791713e-13
17200.056 1.2867409613200828e-12
17250.056 3.242103126059537e-13
17300.056 2.1389262998987335e-13
17350.056 3.39186394467801e-13
17400.056 8.485790691184087e-13
17450.056 1.0618986717243284e-12
17500.056 1.740769678085866e-12
17550.056 1.529092723373344e-12
17600.056 1.2259259984546648e-12
17650.056 7.937069736951429e-13
17700.056 6.675280408574874e-13
17750.056 5.705157526289876e-13
17800.056 1.73628816770638e-12
17850.056 5.826305593097579e-13
17900.056 3.7697472793276175e-13
17950.056 2.898777988319637e-13
18000.056 4.956588823516357e-13
18050.056 3.0498940861822865e-13
18100.056 3.7329513034214646e-13
18150.056 1.8091888739477746e-13
18200.056 1.3630732120076782e-13
18250.056 6.035492496577047e-13
18300.056 5.616378435506832e-14
18350.056 4.3103818556235184e-14
18400.056 1.935579500073036e-14
18450.056 2.3663740288515065e-13
18500.056 1.9889070883487732e-13
18550.056 8.365050220989963e-14
18600.056 1.936227188273235e-13
18650.056 1.3862188952598448e-13
18700.056 8.926749402024229e-15
18750.056 2.0039756789933717e-14
18800.056 3.6937458211171807e-13
18850.056 3.06839064736922e-13
18900.056 3.5928585611019e-13
18950.056 4.071402393697715e-13
19000.056 6.97114773688018e-14
19050.056 2.8244047864962804e-14
19100.056 1.0452079239211305e-13
19150.056 4.100624529051817e-14
19200.056 8.66800216471125e-14
19250.056 6.330206478543255e-14
19300.056 3.409513823807291e-14
19350.056 3.4358696934365516e-14
19400.056 2.562829588242515e-14
19450.056 3.2046905447472136e-14
19500.056 2.2771317212222623e-14
19550.056 6.109522258839227e-14
19600.056 1.3717593160848412e-13
19650.056 8.703303373666722e-14
19700.056 1.2606373501897066e-13
19750.056 1.6945358906877593e-13
19800.056 1.0698796931773713e-13
19850.056 1.23977040925098e-13
19900.056 2.0365642913460486e-13
19950.056 2.3032733457263676e-13
20000.056 2.735918562598598e-13
20050.056 1.9736038011904672e-13
20100.056 2.960521836136002e-13
20150.056 1.8471976856867154e-13
20200.056 1.1845723359261487e-13
20250.056 2.5520885437323344e-13
20300.056 3.0293041027791877e-13
20350.056 3.012133362098528e-13
20400.056 2.792427033830559e-13
20450.056 4.051980277779729e-13
20500.056 4.197421540854016e-13
20550.056 4.280420468521949e-13
20600.056 4.268644200467123e-13
20650.056 4.41034443657056e-13
20700.056 4.387650531465922e-13
20750.056 4.2141310047298645e-13
20800.056 3.8053798361794476e-13
20850.056 3.876102072940008e-13
20900.056 3.7026244691999024e-13
20950.056 3.414963323900074e-13
21000.056 3.195032021300027e-13
21050.056 3.2147656144999513e-13
21100.056 3.142646840500039e-13
21150.056 3.2075840390000217e-13
21200.056 3.2648181117401925e-13
21250.056 3.4109350438998455e-13
21300.056 3.4041149207699007e-13
21350.056 3.578911793860259e-13
21400.056 4.005195844530569e-13
21450.056 3.759419304733287e-13
21500.056 3.711887905657244e-13
21550.056 3.8655214579804677e-13
21600.056 3.6234365757802306e-13
21650.056 3.1172076182859975e-13
21700.056 2.9222974896051076e-13
21750.056 3.166339081298632e-13
21800.056 2.5512817537571403e-13
21850.056 2.484551941228133e-13
21900.056 2.0901864220283513e-13
21950.056 9.317709131844889e-14
22000.056 8.806377487541777e-15
22050.056 2.2782587617239968e-14
22100.056 8.290891996458008e-14
22150.056 4.942276334163617e-14
22200.056 4.4023919436205414e-14
22250.056 3.511192769410694e-14
22300.056 1.4968759977902076e-14
22350.056 2.4141539444865772e-14
22400.056 8.297555225890759e-15
22450.056 1.4393849916748562e-14
22500.056 1.0470164953573726e-14
22550.056 4.396722593460184e-15
22600.056 3.361277231559099e-15
22650.056 6.1854336697785685e-15
22700.056 6.535931616405523e-15
22750.056 1.1127669988645884e-14
22800.056 1.466616236735671e-14
22850.056 9.496478004560596e-15
22900.056 5.561639657299634e-15
22950.056 3.597237351458448e-15
23000.056 4.857563096094199e-15
23050.056 4.3636272961736025e-15
23100.056 4.85313098726685e-14
23150.056 4.6182180956908224e-14
23200.056 1.5916581151957285e-15
23250.056 1.101227310633659e-14
23300.056 7.562418444010072e-15
23350.056 1.2101475939786488e-14
23400.056 8.976445799180871e-15
23450.056 3.939311948473543e-15
23500.056 3.945356768231987e-15
23550.056 1.0392417252786735e-14
23600.056 2.737713287004356e-14
23650.056 3.5947112013817716e-14
23700.056 4.715600062869423e-15
23750.056 6.483602652240306e-15
23800.056 3.813019731674887e-14
23850.056 2.060432047516015e-14
23900.056 4.401219064546996e-14
23950.056 1.8389391714405007e-14
24000.056 5.6658114767701025e-14
24050.056 6.681567073397488e-14
24100.056 9.547403747075366e-14
24150.056 1.4007664986570796e-13
24200.056 9.210075898745782e-14
24250.056 7.184782101377702e-14
24300.056 1.5944644434585293e-13
24350.056 1.5144233396655637e-13
24400.056 3.457823348636228e-13
24450.056 4.3179590169036003e-13
24500.056 3.993190268950105e-13
24550.056 6.717889355167957e-13
24600.056 8.716397685248211e-13
24650.056 1.241875440080708e-12
24700.056 1.0693964235217707e-12
24750.056 1.5261156156769112e-12
24800.056 1.4609242722169293e-12
24850.056 2.093115254370121e-12
24900.056 1.4343124247083746e-12
24950.056 2.1863096145671635e-12
25000.056 2.9358829672682127e-12
25050.056 2.1128376763674164e-12
25100.056 2.926768540358388e-12
25150.056 1.5053377665515509e-12
25200.056 2.5361838356083207e-12
25250.056 1.1572996740161815e-12
25300.056 1.1593491672139646e-12
25350.056 6.621342624399456e-13
25400.056 1.5182909430576203e-12
25450.056 3.7919632142657247e-13
25500.056 2.9036540972720504e-13
25550.056 8.521976167346125e-13
25600.056 3.036193027709679e-13
25650.056 1.2312957062358224e-13
25700.056 7.173799729309162e-14
25750.056 1.878337802814915e-14
25800.056 1.3729464747073563e-13
25850.056 1.3642068185831114e-14
25900.056 1.8498709179251228e-14
25950.056 2.9681062300298642e-15
26000.056 8.049477202781514e-14
26050.056 4.313540402890484e-15
26100.056 2.8750667099010516e-14
26150.056 7.98496088430668e-15
26200.056 1.259310245305761e-14
26250.056 1.7443544720725156e-13
26300.056 1.467669999147642e-14
26350.056 6.382383897422153e-13
26400.056 1.5980152287839552e-12
26450.056 6.926306546817666e-13
26500.056 2.707876768238729e-12
26550.056 9.070553223983879e-14
26600.056 7.798012373764344e-14
26650.056 6.7597424815745246e-15
26700.056 4.778188138986242e-15
26750.056 1.1645545299247487e-14
26800.056 7.327310096745886e-14
26850.056 3.712011242236925e-14
26900.056 2.742072273643216e-13
26950.056 4.635107807785333e-14
27000.056 3.9182082761039573e-13
27050.056 8.685911131190464e-13
27100.056 1.629291653188534e-14
27150.056 6.00258644600991e-13
27200.056 1.8669952084044786e-14
27250.056 1.377820198915889e-13
27300.056 2.6963064174198063e-12
27350.056 5.121100884088451e-13
27400.056 1.3969922351369705e-14
27450.056 9.44410324355597e-13
27500.056 1.2774061328768842e-12
27550.056 1.0976539935450275e-13
27600.056 5.030017151689897e-13
27650.056 8.392184759555553e-14
27700.056 1.0931193865081389e-13
27750.056 1.1510866184503463e-12
27800.056 2.633128627291731e-13
27850.056 7.088972691048664e-13
27900.056 9.11144526664052e-13
27950.056 2.0545689074584686e-12
28000.056 2.7937066385472348e-12
28050.056 1.3164166143004719e-13
28100.056 2.9112916114204557e-12
28150.056 2.1180285571205553e-12
28200.056 2.8077826678820815e-13
28250.056 4.134436340832461e-12
28300.056 3.682526412686652e-12
28350.056 3.808729624591588e-13
28400.056 2.1473841812389343e-12
28450.056 4.867826010761436e-12
28500.056 1.9902722716512795e-12
28550.056 3.278367994959429e-13
28600.056 4.4954088480432145e-12
28650.056 1.9504057902491804e-12
28700.056 5.034921324505819e-12
28750.056 7.508336876347869e-12
28800.056 1.6929974681189473e-12
