galfind/configs/Brown_Dwarf_templates/sonora_bobcat/m-0.5/31g/sp_t375g31nc_m-0.5_resample.dat
# %ECSV 1.0
# ---
# datatype:
# - {name: wav, unit: Angstrom, datatype: float64}
# - {name: flux_nu, unit: erg / (cm2 Hz s), datatype: float64}
# meta: {C/O: '1.00', Kzz: '1.0000E+05', Teff: '375.', Y: '0.28', '[Fe/H]': '-0.50', f_hole: '1.00', f_rain: '0.00', grav: '32.'}
# schema: astropy-2.0
wav flux_nu
4000.0559999999996 nan
4050.0559999999996 2.966398418905971e-19
4100.056 2.4966709145800516e-17
4150.056 2.617127671470028e-16
4200.056 2.832530159129717e-16
4250.056 2.980672514230029e-15
4300.056 7.648255159600026e-15
4350.056 1.560072504300006e-14
4400.056 2.8895936353000066e-14
4450.056 4.981290312200004e-14
4500.056 8.238526434300018e-14
4550.056 8.400767088549969e-14
4600.056 1.484177325379992e-14
4650.056 7.296308727799947e-15
4700.056 2.7461244412999766e-15
4750.056 8.819201855199934e-16
4800.056 3.7561885094999737e-16
4850.056 1.7841546260999901e-16
4900.056 1.168245544599997e-16
4950.056 9.357989904499981e-17
5000.056 7.791295763399976e-17
5050.056 7.244160716500068e-17
5100.056 8.439578424800064e-17
5150.056 1.0017422338000027e-16
5200.056 1.1775798266000013e-16
5250.056 1.3905323316000018e-16
5300.056 1.6392281059000019e-16
5350.056 1.935796209700004e-16
5400.056 2.2778235085000043e-16
5450.056 2.665770259800013e-16
5500.056 3.1025543919000104e-16
5550.056 3.5685158071000063e-16
5600.056 4.014125384000006e-16
5650.056 4.3654892937999986e-16
5700.056 4.440033411500001e-16
5750.056 4.2821693081000006e-16
5800.056 3.758672400199985e-16
5850.056 2.5727348218499665e-16
5900.056 7.574274010323659e-17
5950.056 5.229696794000177e-16
6000.056 1.2503430278399994e-15
6050.056 2.453247208200029e-15
6100.056 4.125915671400035e-15
6150.056 6.322810864000037e-15
6200.056 9.241235542500047e-15
6250.056 1.3073105400000032e-14
6300.056 1.8351054050000054e-14
6350.056 2.5384909763000115e-14
6400.056 3.45094194150001e-14
6450.056 4.349738385699931e-14
6500.056 5.699360348800027e-14
6550.056 7.563529203699856e-14
6600.056 9.970375672300296e-14
6650.056 1.321332482450008e-13
6700.056 1.7063821442000108e-13
6750.056 2.2227882654000087e-13
6800.056 2.753903271600018e-13
6850.056 3.2209134683000076e-13
6900.056 3.234201788200073e-13
6950.056 3.0167326297300083e-13
7000.056 3.5163185712399624e-13
7050.056 3.8528897009199616e-13
7100.056 4.426733446699938e-13
7150.056 3.8287634528202704e-13
7200.056 3.44555005854217e-13
7250.056 3.985688001530902e-13
7300.056 4.1831906137008763e-13
7350.056 5.110649142828488e-13
7400.056 5.93930406080026e-13
7450.056 6.860365898500277e-13
7500.056 7.286952048700013e-13
7550.056 7.14195689439999e-13
7600.056 6.45868708999997e-13
7650.056 2.0676321453739104e-13
7700.056 1.4442642164760548e-13
7750.056 6.46143339060011e-13
7800.056 1.0620747020380069e-12
7850.056 1.686918981299992e-12
7900.056 2.2541697469999562e-12
7950.056 2.560595588680015e-12
8000.056 3.5487988541000327e-12
8050.056 4.230674406900083e-12
8100.056 3.702757912195833e-12
8150.056 3.279485434701861e-12
8200.056 5.351185169517844e-12
8250.056 5.683740718048196e-12
8300.056 6.701731469744071e-12
8350.056 7.278110125583348e-12
8400.056 8.663272765776106e-12
8450.056 1.17290306181199e-11
8500.056 1.3790607620999738e-11
8550.056 1.721756684700024e-11
8600.056 2.0603794907000102e-11
8650.056 2.3220602911000178e-11
8700.056 2.3913386466000274e-11
8750.056 2.5615514695000104e-11
8800.056 2.5615611168999756e-11
8850.056 2.1668379590499103e-11
8900.056 5.260539428455559e-12
8950.056 4.70837303262197e-12
9000.056 4.033372692461776e-12
9050.056 1.3641022552828546e-11
9100.056 1.6879070129003612e-11
9150.056 2.1954369085538493e-11
9200.056 3.775355044972327e-11
9250.056 3.401297138349108e-11
9300.056 2.715555511600205e-12
9350.056 3.6953486524939795e-12
9400.056 1.3186565020629836e-11
9450.056 1.3551098653093533e-11
9500.056 1.1314912635383565e-11
9550.056 1.2580755036601365e-11
9600.056 1.3933010372953535e-11
9650.056 2.4143233721975164e-11
9700.056 5.897546265448485e-11
9750.056 5.0858150236201926e-11
9800.056 5.6929007826499144e-11
9850.056 6.621616014124989e-11
9900.056 8.958305872213772e-11
9950.056 9.291846346400925e-11
10000.056 8.558985331236901e-11
10050.056 1.064133531330015e-10
10100.056 1.081795176419992e-10
10150.056 7.882168964000185e-11
10200.056 4.699256332922474e-11
10250.056 6.381799140531603e-11
10300.056 9.661496628147599e-11
10350.056 5.835094103114405e-11
10400.056 1.1808837528881637e-10
10450.056 1.717016242564621e-10
10500.056 2.3067297619780233e-10
10550.056 3.088322156970096e-10
10600.056 3.5344957041000464e-10
10650.056 3.6190077550000483e-10
10700.056 3.233164630089984e-10
10750.056 3.190332360452005e-10
10800.056 2.994047789180037e-10
10850.056 2.626602745757071e-10
10900.056 2.0644126155049377e-10
10950.056 1.1796812751675825e-10
11000.056 6.996210560681315e-11
11050.056 3.702903882504236e-11
11100.056 1.7984005395540205e-11
11150.056 6.202456465158286e-12
11200.056 3.402020522994714e-12
11250.056 3.502643051768621e-12
11300.056 7.474887157533917e-12
11350.056 1.7306365547122555e-12
11400.056 1.0542717983317876e-11
11450.056 6.209384225142787e-12
11500.056 5.102422409924721e-12
11550.056 9.412868212194218e-13
11600.056 4.307908413222478e-13
11650.056 2.5708376560165017e-12
11700.056 3.1768037183151985e-12
11750.056 6.788360660649026e-13
11800.056 4.428040278490034e-12
11850.056 5.403640801856191e-12
11900.056 5.140669594812533e-12
11950.056 7.73420096587756e-12
12000.056 1.2307489316127659e-11
12050.056 2.0008835357176744e-11
12100.056 2.6108794664439473e-11
12150.056 3.718358025439209e-11
12200.056 4.255111835248196e-11
12250.056 7.16374462644183e-11
12300.056 1.2673681014961345e-10
12350.056 1.5490176714467898e-10
12400.056 2.4459927520359214e-10
12450.056 3.7860214221001317e-10
12500.056 4.5421799706905486e-10
12550.056 5.378948662240004e-10
12600.056 7.747072438366741e-10
12650.056 1.06218033192197e-09
12700.056 1.162458177700028e-09
12750.056 8.313919156470629e-10
12800.056 5.255544521859648e-10
12850.056 2.8944387681689873e-10
12900.056 2.2554206604777722e-10
12950.056 1.858385723508197e-10
13000.056 2.053413357027079e-10
13050.056 1.2914716226968452e-10
13100.056 1.2110700978117258e-10
13150.056 6.945040645150724e-11
13200.056 8.075140030505644e-11
13250.056 7.42835724803623e-11
13300.056 2.9067039211586002e-11
13350.056 1.1302897966477189e-11
13400.056 4.9970399793162586e-12
13450.056 1.190744425305418e-12
13500.056 3.4829827737513513e-13
13550.056 8.514297532460643e-14
13600.056 1.2254141214329525e-14
13650.056 1.4290740169030964e-13
13700.056 6.256135618285195e-14
13750.056 2.216416438059611e-13
13800.056 1.7792053090492106e-13
13850.056 7.549885065341633e-14
13900.056 1.627267686976066e-13
13950.056 1.2442958383222537e-13
14000.056 1.6845937048612996e-13
14050.056 3.0647841499147085e-13
14100.056 3.109926030749523e-13
14150.056 8.404605296743039e-13
14200.056 4.699580989563541e-13
14250.056 7.750143256101038e-13
14300.056 2.5288380993297746e-12
14350.056 2.217033497697171e-12
14400.056 2.2560338008754663e-12
14450.056 4.647732305303013e-12
14500.056 1.0840567481067493e-11
14550.056 1.1345871004877467e-11
14600.056 1.3005953890697922e-11
14650.056 5.349872134037781e-12
14700.056 2.1306271565788584e-12
14750.056 6.559467161921437e-13
14800.056 1.1054073281688242e-12
14850.056 1.5589188025626337e-12
14900.056 1.5001497507437683e-12
14950.056 8.765898127634161e-13
15000.056 3.0932132354534447e-12
15050.056 2.650909947806541e-12
15100.056 1.2656354178530981e-12
15150.056 5.209011367447417e-13
15200.056 2.132509183815699e-12
15250.056 4.7625920189146e-12
15300.056 6.099141361089342e-12
15350.056 8.410573417711425e-12
15400.056 1.1498315414435474e-11
15450.056 1.625218340477431e-11
15500.056 2.0490819112600917e-11
15550.056 4.637704039141765e-11
15600.056 7.39505237832129e-11
15650.056 1.4629951239421782e-10
15700.056 2.593920666046968e-10
15750.056 3.883041828906227e-10
15800.056 4.839644505090028e-10
15850.056 6.243670807450943e-10
15900.056 7.163910663050027e-10
15950.056 8.282621920199482e-10
16000.056 7.27381426430075e-10
16050.056 4.786412200829493e-10
16100.056 2.863182941659737e-10
16150.056 1.4166379510258046e-10
16200.056 6.533884273753879e-11
16250.056 3.666797651136312e-11
16300.056 1.959376070337801e-11
16350.056 2.6951094181966894e-11
16400.056 3.3708079768894664e-11
16450.056 2.8384861380208765e-11
16500.056 2.074631429779227e-11
16550.056 2.0344405212613177e-11
16600.056 4.460611721350921e-11
16650.056 2.949066368686545e-11
16700.056 3.878799158002436e-12
16750.056 1.6005297157727805e-11
16800.056 2.5098414116276056e-11
16850.056 2.8018384255185262e-11
16900.056 1.1169546802370519e-11
16950.056 6.074594407991724e-12
17000.056 2.7844913076538375e-12
17050.056 6.304597548005802e-12
17100.056 1.3431877868493295e-11
17150.056 6.56784054417097e-12
17200.056 2.8597449985989756e-11
17250.056 1.182928270308206e-11
17300.056 7.353266304651617e-12
17350.056 9.446483270718775e-12
17400.056 1.9267908183166037e-11
17450.056 2.440565091610041e-11
17500.056 3.431730660283778e-11
17550.056 3.038225818811114e-11
17600.056 2.3103565457803507e-11
17650.056 1.8494135302394476e-11
17700.056 1.517508387566409e-11
17750.056 1.388758412006081e-11
17800.056 3.511384728603976e-11
17850.056 1.497203438782484e-11
17900.056 1.0007182169818811e-11
17950.056 7.862082609609904e-12
18000.056 1.273924161371824e-11
18050.056 8.794016016582478e-12
18100.056 1.0950110157322421e-11
18150.056 7.264557099904011e-12
18200.056 5.2604903807255884e-12
18250.056 1.8579256289359684e-11
18300.056 3.2685150709919047e-12
18350.056 2.4685405346100283e-12
18400.056 1.5351078195712606e-12
18450.056 9.644982736085073e-12
18500.056 8.746759440503145e-12
18550.056 4.5791926861552175e-12
18600.056 7.446340354485816e-12
18650.056 4.943905001710784e-12
18700.056 8.537131408132713e-13
18750.056 1.9553241068560568e-12
18800.056 1.313787588867983e-11
18850.056 1.2001749566259664e-11
18900.056 1.1441567482099387e-11
18950.056 1.49213773871452e-11
19000.056 4.157118082451791e-12
19050.056 1.7734133948502528e-12
19100.056 4.608665811966304e-12
19150.056 2.016646727144156e-12
19200.056 3.133625974712623e-12
19250.056 2.393754716812364e-12
19300.056 1.5484096365478596e-12
19350.056 1.4037774150387603e-12
19400.056 1.1980704157441385e-12
19450.056 1.7379093050519697e-12
19500.056 1.2164857228105692e-12
19550.056 2.4196999445211674e-12
19600.056 5.257639367632905e-12
19650.056 3.4722058172475654e-12
19700.056 4.542196592111631e-12
19750.056 6.567987979350814e-12
19800.056 4.4358021800023915e-12
19850.056 5.158078398063624e-12
19900.056 7.381392126128603e-12
19950.056 9.110919429809675e-12
20000.056 1.1281576032222644e-11
20050.056 8.22570653127404e-12
20100.056 1.3178856579696786e-11
20150.056 7.886046958050844e-12
20200.056 5.3956586821389145e-12
20250.056 1.0767307223655926e-11
20300.056 1.2611913918416044e-11
20350.056 1.2849721011458343e-11
20400.056 1.1614946165373544e-11
20450.056 1.7584295778450598e-11
20500.056 1.943317524278894e-11
20550.056 2.0594130244306718e-11
20600.056 2.125662445090884e-11
20650.056 2.3957967712812272e-11
20700.056 2.505469516364077e-11
20750.056 2.5895285438748175e-11
20800.056 2.424491866759562e-11
20850.056 2.6307159212000577e-11
20900.056 2.6486417803398068e-11
20950.056 2.5261784826001364e-11
21000.056 2.447097235990098e-11
21050.056 2.5309595079999064e-11
21100.056 2.458515401510084e-11
21150.056 2.4668198896199242e-11
21200.056 2.4163790252302046e-11
21250.056 2.3832789741097275e-11
21300.056 2.235415971455937e-11
21350.056 2.2506338859786525e-11
21400.056 2.3733808186753723e-11
21450.056 2.1083805456238533e-11
21500.056 2.0133998762346093e-11
21550.056 1.9544330065792485e-11
21600.056 1.7806320449793565e-11
21650.056 1.4574402140014878e-11
21700.056 1.3830014253341043e-11
21750.056 1.397018512196045e-11
21800.056 1.0926400557570945e-11
21850.056 1.0681757102743849e-11
21900.056 8.606477757760992e-12
21950.056 3.7872714847628144e-12
22000.056 5.561092342514934e-13
22050.056 1.090125247236781e-12
22100.056 4.004358375268424e-12
22150.056 2.7146153223283033e-12
22200.056 2.6332121220795587e-12
22250.056 2.185508078116987e-12
22300.056 1.0822010844902934e-12
22350.056 1.5162384780578932e-12
22400.056 5.623968221737124e-13
22450.056 8.591304391469485e-13
22500.056 6.493426844314187e-13
22550.056 3.618366375647281e-13
22600.056 2.8539155591068626e-13
22650.056 5.559455290484082e-13
22700.056 4.966451231707633e-13
22750.056 6.811995665629166e-13
22800.056 8.189034022849827e-13
22850.056 5.599208169619642e-13
22900.056 3.6618566213771216e-13
22950.056 2.8874539789931453e-13
23000.056 3.8986231603907003e-13
23050.056 4.4520764498020365e-13
23100.056 2.642829978443366e-12
23150.056 2.3665668100335016e-12
23200.056 1.1267825120435438e-13
23250.056 5.692289534085474e-13
23300.056 4.822200260163508e-13
23350.056 7.269297203618248e-13
23400.056 5.322690619794027e-13
23450.056 3.006881740514651e-13
23500.056 3.093552752247845e-13
23550.056 6.819755499840074e-13
23600.056 1.4504807874799362e-12
23650.056 1.9438171529766414e-12
23700.056 3.50786327048008e-13
23750.056 3.999870867283646e-13
23800.056 1.8654898975790543e-12
23850.056 1.1720848017536194e-12
23900.056 2.4265438419289347e-12
23950.056 1.2141721511404265e-12
24000.056 2.9150323872167643e-12
24050.056 3.482591236651111e-12
24100.056 4.246591815323745e-12
24150.056 6.115381181923529e-12
24200.056 4.086048811478642e-12
24250.056 3.2841315919775753e-12
24300.056 6.391829839990123e-12
24350.056 5.6119747732178425e-12
24400.056 1.2001469723057707e-11
24450.056 1.4172859918685938e-11
24500.056 1.2905280716964654e-11
24550.056 1.964778681199888e-11
24600.056 2.2848123785617904e-11
24650.056 3.2066204879128813e-11
24700.056 2.4737992298887524e-11
24750.056 3.304769863819432e-11
24800.056 3.0499980976100775e-11
24850.056 4.676613701234129e-11
24900.056 2.6575568089987406e-11
24950.056 4.604324831394837e-11
25000.056 5.2222489480601355e-11
25050.056 3.633069015999645e-11
25100.056 5.336211738977269e-11
25150.056 2.7070630292559522e-11
25200.056 4.299457440654358e-11
25250.056 1.8820805008569415e-11
25300.056 2.363275104522579e-11
25350.056 1.1819462145156362e-11
25400.056 2.8421044929940096e-11
25450.056 8.421960713991346e-12
25500.056 6.768322011120974e-12
25550.056 1.640411066455065e-11
25600.056 6.997680972252227e-12
25650.056 3.4980343102102973e-12
25700.056 3.1932270738352122e-12
25750.056 8.073754989879468e-13
25800.056 5.54150646018516e-12
25850.056 7.304919410360743e-13
25900.056 1.0392757326476983e-12
25950.056 1.7226889612030508e-13
26000.056 4.327176248650498e-12
26050.056 2.789748345209565e-13
26100.056 2.0260857866240782e-12
26150.056 6.555417799157107e-13
26200.056 9.997017433245673e-13
26250.056 1.0919630546110538e-11
26300.056 1.356042243073295e-12
26350.056 2.2395709889312003e-11
26400.056 4.0447527568863204e-11
26450.056 2.4649220013079023e-11
26500.056 6.90560391902502e-11
26550.056 4.388328346337589e-12
26600.056 4.811116691727204e-12
26650.056 4.3618284665545074e-13
26700.056 2.2639516756789288e-13
26750.056 5.215133589917097e-13
26800.056 2.4458161158725167e-12
26850.056 1.2826891969876085e-12
26900.056 8.67625921689848e-12
26950.056 2.114751024816934e-12
27000.056 1.5277970166245666e-11
27050.056 2.2908325513097992e-11
27100.056 1.0415907577299055e-12
27150.056 2.2632630055431983e-11
27200.056 1.0478760167018716e-12
27250.056 6.024636223842187e-12
27300.056 6.897376573191278e-11
27350.056 1.7387517172293895e-11
27400.056 5.33843099648259e-13
27450.056 2.6060412179043095e-11
27500.056 3.374695118117124e-11
27550.056 3.5657332641489586e-12
27600.056 1.3661071617159926e-11
27650.056 2.6553629585656222e-12
27700.056 2.735336655967566e-12
27750.056 2.4641794535218536e-11
27800.056 6.097824380753098e-12
27850.056 1.2468160131890646e-11
27900.056 1.3220905552177863e-11
27950.056 3.617264293923413e-11
28000.056 3.738143710957199e-11
28050.056 2.866886778077389e-12
28100.056 3.661577371916625e-11
28150.056 2.7505999274631005e-11
28200.056 5.2868405526513865e-12
28250.056 5.279053411092918e-11
28300.056 4.702849628204549e-11
28350.056 7.14656841901551e-12
28400.056 3.1734494190848584e-11
28450.056 6.392342614082539e-11
28500.056 3.402138931341103e-11
28550.056 5.979906675507758e-12
28600.056 6.168829472853013e-11
28650.056 3.533032620753366e-11
28700.056 6.703351568542796e-11
28750.056 9.680949596457628e-11
28800.056 3.2761933452029786e-11
