galfind/configs/Brown_Dwarf_templates/sonora_bobcat/m-0.5/31g/sp_t350g31nc_m-0.5_resample.dat
# %ECSV 1.0
# ---
# datatype:
# - {name: wav, unit: Angstrom, datatype: float64}
# - {name: flux_nu, unit: erg / (cm2 Hz s), datatype: float64}
# meta: {C/O: '1.00', Kzz: '1.0000E+05', Teff: '350.', Y: '0.28', '[Fe/H]': '-0.50', f_hole: '1.00', f_rain: '0.00', grav: '32.'}
# schema: astropy-2.0
wav flux_nu
[from data line 499]
28950.056 3.268583348769006e-11
29000.056 1.9416329586462475e-11
29050.056 3.2821649777477874e-11
29100.056 1.5118977922598852e-11
29150.056 1.895840949091732e-11
29200.056 6.129146459392449e-11
29250.056 5.25198911608268e-11
29300.056 3.0141913414591516e-11
29350.056 7.885229819224085e-11
29400.056 3.710817916252233e-11
29450.056 1.685003090539686e-11
29500.056 8.593645636663358e-11
29550.056 2.5468001570778798e-11
29600.056 3.0958565893531536e-11
29650.056 1.2597705906132094e-10
29700.056 2.126291413360549e-11
29750.056 8.817934129984492e-11
29800.056 5.267330001131741e-11
29850.056 1.0466930493952128e-10
29900.056 4.3017674029683834e-11
29950.056 5.898654625132136e-11
30000.056 7.510537801056232e-13
30050.056 6.1872087272948255e-12
30100.056 3.043487845583578e-11
30150.056 1.219279854796491e-10
30200.056 7.056100433235053e-11
30250.056 1.2296539355683668e-10
30300.056 1.857807115287959e-10
30350.056 3.3962988183505105e-11
30400.056 1.7533189810554835e-10
30450.056 1.3576366978595625e-10
30500.056 6.515249010450363e-11
30550.056 5.4798444237690046e-11
30600.056 5.392886008117004e-10
30650.056 2.006173467801147e-10
30700.056 9.99888417143458e-11
30750.056 2.319415817148989e-10
30800.056 2.1023890241998285e-10
30850.056 2.387225977070067e-10
30900.056 1.1338454527416561e-10
30950.056 9.379426219238037e-11
31000.056 1.2338451867542425e-10
31050.056 6.675753247066879e-11
31100.056 4.988469030847047e-11
31150.056 9.122634439992736e-11
31200.056 3.285769660559597e-10
31250.056 1.5938543079024128e-10
31300.056 9.080699508336343e-11
31350.056 2.595456869085238e-10
31400.056 1.7047303155157895e-10
31450.056 1.7024056246648892e-10
31500.056 5.418865539528664e-11
31550.056 1.0281400806899899e-10
31600.056 7.555000199760026e-11
31650.056 6.186927298090593e-11
31700.056 5.0593505979920176e-11
31750.056 2.6848207510922677e-11
31800.056 5.119883956983979e-11
31850.056 8.182638589846136e-12
31900.056 1.9627522483004122e-11
31950.056 1.2576563150516146e-11
32000.056 7.601206124797606e-12
32050.056 1.2977042441548187e-11
32100.056 1.1136223950699743e-11
32150.056 1.0005197358806972e-11
32200.056 4.580168629383778e-12
32250.056 1.1639454149807641e-11
32300.056 3.0044413611672974e-12
32350.056 1.1556085149157454e-11
32400.056 1.2205360537258007e-12
32450.056 7.597323290435198e-12
32500.056 1.276412410098365e-12
32550.056 5.9115659557700465e-12
32600.056 1.2173269526114e-12
32650.056 1.7029191820423235e-11
32700.056 2.08064379141854e-12
32750.056 4.031839515092318e-11
32800.056 1.797661185751159e-11
32850.056 9.108450630008072e-11
32900.056 7.411237406156611e-11
32950.056 7.466609915547837e-11
33000.056 1.9055982072551792e-11
33050.056 2.206591326050856e-11
33100.056 3.8318066581356506e-12
33150.056 9.719720753966684e-16
33200.056 1.2261088982670538e-13
33250.056 2.0988669584003725e-13
33300.056 2.9059920087540526e-12
33350.056 8.334145453403697e-12
33400.056 3.622178553472205e-11
33450.056 1.4169948550371663e-11
33500.056 6.110960177521811e-11
33550.056 9.610157684565379e-12
33600.056 2.8662525026919102e-11
33650.056 2.6624401482740352e-11
33700.056 6.534919065074995e-12
33750.056 3.8724119429472054e-11
33800.056 2.3572342379965633e-12
33850.056 1.793580251898827e-11
33900.056 2.0710377519333344e-11
33950.056 1.671485914925559e-11
34000.056 4.148851682135462e-11
34050.056 5.7510339344422e-12
34100.056 4.1803011310198275e-11
34150.056 1.4958882848527136e-11
34200.056 5.186679952257133e-11
34250.056 2.4552670297028995e-11
34300.056 2.948440429052063e-11
34350.056 8.612236104591127e-11
34400.056 1.8125254144949434e-11
34450.056 7.43982414689767e-11
34500.056 3.0238365976018e-11
34550.056 2.983792797648403e-11
34600.056 1.5160665378013997e-10
34650.056 1.4820641291220827e-11
34700.056 9.360389696096213e-11
34750.056 5.4946944199544865e-11
34800.056 4.789712469314821e-11
34850.056 1.8231506157554995e-10
34900.056 2.5898302244268982e-11
34950.056 1.6640805163553718e-10
35000.056 2.7074041042757364e-10
35050.056 1.481009791527543e-10
35100.056 3.3258158560461173e-10
35150.056 2.6550451482199804e-10
35200.056 1.9905542201252606e-10
35250.056 4.0079947967029523e-10
35300.056 1.3692373202433833e-10
35350.056 1.6604233986569405e-10
35400.056 1.152684345902166e-10
35450.056 1.1303120744605079e-10
35500.056 4.2962993478199775e-10
35550.056 2.2021871403636708e-10
35600.056 3.244572838531549e-10
35650.056 4.2796473907892287e-10
35700.056 4.3925616774160196e-10
35750.056 5.076608754747527e-10
35800.056 3.614351237796688e-10
35850.056 1.4102776556244345e-10
35900.056 1.792536960235899e-10
35950.056 2.7889923732769735e-10
36000.056 3.56923581597796e-10
36050.056 2.2904185450920054e-10
36100.056 2.1878890195401457e-10
36150.056 6.691802888529927e-10
36200.056 6.717770471417245e-10
36250.056 4.1582498902297176e-10
36300.056 1.180377526764117e-09
36350.056 5.641594090953659e-10
36400.056 1.0369994191098885e-09
36450.056 9.206014220363227e-10
36500.056 9.669048883463083e-10
36550.056 1.6823111626409771e-09
36600.056 1.620975516814629e-09
36650.056 1.0787557016570022e-09
36700.056 1.2899074644046878e-09
36750.056 1.6739773191042042e-09
36800.056 2.0884605859011753e-09
36850.056 8.627352169150446e-10
36900.056 1.5732733058291413e-09
36950.056 2.043621352590934e-09
37000.056 1.2478215340512963e-09
37050.056 2.307745625704612e-09
37100.056 1.1715762070227312e-09
37150.056 1.3810410795435699e-09
37200.056 2.7457516013594945e-09
37250.056 1.5628035473131814e-09
37300.056 9.233276715129897e-10
37350.056 1.8423446725562896e-09
37400.056 3.026504848973256e-09
37450.056 1.017252683381381e-09
37500.056 1.7100887334354024e-09
37550.056 3.491304570933055e-09
37600.056 5.853588299200882e-09
37650.056 1.4160945445380179e-09
37700.056 2.917566687875913e-09
37750.056 2.0755937665263426e-09
37800.056 1.8976624687299865e-09
37850.056 9.240553485054881e-10
37900.056 1.2077054665465408e-09
37950.056 2.7665107605439675e-09
38000.056 2.4987575640191193e-09
38050.056 4.189460986655293e-09
38100.056 4.9793288535991125e-09
38150.056 5.917157816548991e-09
38200.056 4.315300260738649e-09
38250.056 5.430083815916202e-09
38300.056 8.278452051940877e-09
38350.056 7.07727353360615e-09
38400.056 2.4449955141438736e-09
38450.056 8.851753074036885e-10
38500.056 6.19391022386739e-10
38550.056 2.813805809388568e-09
38600.056 3.0869880817516112e-09
38650.056 3.6828213556507073e-09
38700.056 2.3792415921845575e-09
38750.056 3.0433297617860242e-09
38800.056 3.0917875347603563e-09
38850.056 3.804409931345727e-09
38900.056 4.707846862979814e-09
38950.056 2.636786110542089e-09
39000.056 5.167929007128552e-09
39050.056 2.4050621715498332e-09
39100.056 4.254497356689964e-09
39150.056 6.404637685219254e-09
39200.056 3.930083173855864e-09
39250.056 7.316040108975216e-09
39300.056 4.182970370470346e-09
39350.056 8.746339637289431e-09
39400.056 4.396596267302569e-09
39450.056 7.014508161713682e-09
39500.056 6.894888803501214e-09
39550.056 2.8287854972918586e-09
39600.056 6.824673012499407e-09
39650.056 8.459425328819081e-09
39700.056 8.418653653531516e-09
39750.056 3.6326756471024403e-09
39800.056 4.100610753367874e-09
39850.056 9.998815549301685e-09
39900.056 1.2290974285630651e-08
39950.056 4.373826656424048e-09
40000.056 8.65212549190781e-09
40050.056 1.0173609490369489e-08
40100.056 3.214614439372785e-09
40150.056 8.906804337700307e-09
40200.056 9.647130234014614e-09
40250.056 1.1019628311043152e-08
40300.056 1.1078456844599924e-08
40350.056 6.163775149251916e-09
40400.056 9.03091901408828e-09
40450.056 4.099681236566988e-09
40500.056 1.1757681734761079e-08
40550.056 1.2892233681521323e-08
40600.056 9.746177721500142e-09
40650.056 7.444721385931443e-09
40700.056 1.5128925896100152e-08
40750.056 9.879669354806926e-09
40800.056 5.6968849995529075e-09
40850.056 1.8530458723204547e-08
40900.056 1.5329236951897833e-08
40950.056 1.3137716816847646e-08
41000.056 9.577073608641323e-09
41050.056 1.9697299601895303e-08
41100.056 1.6338365789139894e-08
41150.056 5.706678326731882e-09
41200.056 1.942377886010276e-08
41250.056 1.505286085977282e-08
41300.056 1.606580044839887e-08
41350.056 2.1201917580798108e-08
41400.056 1.7074459688199362e-08
41450.056 2.448697836209575e-08
41500.056 1.4691124141858521e-08
41550.056 1.3238576394775118e-08
41600.056 1.4036342473327833e-08
41650.056 2.0053575677122342e-08
41700.056 2.752950857999361e-08
41750.056 1.987904940919701e-08
41800.056 1.989241054840421e-08
41850.056 2.0123563839510807e-08
41900.056 1.633453445108286e-08
41950.056 1.5836701221799805e-08
42000.056 7.652487660016325e-09
42050.056 1.1312495797088053e-08
42100.056 1.211944735418156e-08
42150.056 1.4678808840589647e-08
42200.056 1.7518598692409614e-08
42250.056 1.3779686397833547e-08
42300.056 1.2474747331300794e-08
42350.056 2.1096874845320835e-08
42400.056 2.5434306076102548e-08
42450.056 2.5483164045105315e-08
42500.056 2.6033306541496524e-08
42550.056 2.1941674299395836e-08
42600.056 2.1849482829028574e-08
42650.056 3.291070684379224e-08
42700.056 1.5050705196124056e-08
42750.056 2.4499888631304424e-08
42800.056 3.6242533550803485e-08
42850.056 3.6550314556991364e-08
42900.056 3.7341210607005155e-08
42950.056 3.0085096528898356e-08
43000.056 3.4542631576202367e-08
43050.056 1.7317920675941114e-08
43100.056 2.8447417717198467e-08
43150.056 2.2899002118502476e-08
43200.056 3.607655401200268e-08
43250.056 4.481947738400216e-08
43300.056 4.233425685160011e-08
43350.056 2.4042645616093624e-08
43400.056 3.510296832670191e-08
43450.056 2.188685949800107e-08
43500.056 2.141323265015431e-08
43550.056 2.4057958128902476e-08
43600.056 4.059108448300488e-08
43650.056 2.5036000327699445e-08
43700.056 4.4976677763410684e-08
43750.056 4.2569039550996194e-08
43800.056 3.731952078829693e-08
43850.056 3.3953908789203604e-08
43900.056 2.5226022291556345e-08
43950.056 1.6714335231198236e-08
44000.056 1.7756488902299065e-08
44050.056 4.3852458217000426e-08
44100.056 5.364852799300037e-08
44150.056 4.80566504399992e-08
44200.056 4.638688600550173e-08
44250.056 2.5351393924696984e-08
44300.056 2.0079319956402926e-08
44350.056 2.144406832106093e-08
44400.056 1.9700697652698236e-08
44450.056 3.709629119910274e-08
44500.056 3.339816639490479e-08
44550.056 4.6553698396998126e-08
44600.056 3.8504092042709474e-08
44650.056 3.56657461593026e-08
44700.056 2.45125240481973e-08
44750.056 3.905752860700761e-08
44800.056 2.502967404520179e-08
44850.056 3.3978155802501224e-08
44900.056 3.228062015910084e-08
44950.056 3.735049099370416e-08
45000.056 4.505931449400185e-08
45050.056 3.886468359099522e-08
45100.056 3.492129336300089e-08
45150.056 3.045235664189496e-08
45200.056 2.3498890992202455e-08
45250.056 2.8605627377493006e-08
45300.056 2.7129021545703783e-08
45350.056 1.995115138294469e-08
45400.056 5.440505070400511e-08
45450.056 4.3116337062904503e-08
45500.056 5.1603571938002475e-08
45550.056 5.340069015448718e-08
45600.056 4.630778350600687e-08
45650.056 3.942554093709988e-08
45700.056 2.579583907239777e-08
45750.056 2.4241023003501504e-08
45800.056 5.437756971700307e-08
45850.056 4.161944842550035e-08
45900.056 5.4089243337997536e-08
45950.056 5.0730406446998406e-08
46000.056 5.1476870199505624e-08
46050.056 3.8514694479502704e-08
46100.056 6.246964673899686e-08
46150.056 3.8156245490400236e-08
46200.056 3.150949651539519e-08
46250.056 1.2709675658728877e-08
46300.056 3.762493711380045e-08
46350.056 3.864299089490589e-08
46400.056 3.716603232410095e-08
46450.056 3.4626707150789353e-08
46500.056 3.8374562296107555e-08
46550.056 1.9807813026800186e-08
46600.056 2.8294277273835922e-08
46650.056 4.376358181110245e-08
46700.056 3.025721225409316e-08
46750.056 1.3890716052802546e-08
46800.056 8.87258474797971e-09
46850.056 4.097919198410563e-08
46900.056 4.525258728719816e-08
46950.056 4.520350228299747e-08
47000.056 4.4395585136405126e-08
47050.056 3.041080177903906e-08
47100.056 2.285623206180254e-08
47150.056 3.6828944115904594e-08
47200.056 4.0498336082596946e-08
47250.056 2.057367183909714e-08
47300.056 1.3734123115218802e-08
47350.056 4.427134051700315e-08
47400.056 4.189905916799588e-08
47450.056 2.9734439946818343e-08
47500.056 4.765235427279857e-08
47550.056 4.16890007980011e-08
47600.056 3.565127593294631e-08
47650.056 4.0412195226574356e-08
47700.056 3.116751854887368e-08
47750.056 2.3425372389800313e-08
47800.056 1.853498022810295e-08
47850.056 8.091944390251552e-09
47900.056 1.3945044993689604e-08
47950.056 3.5090415417201196e-08
48000.056 4.630640216899943e-08
48050.056 3.687613523419982e-08
48100.056 1.62707639267818e-08
48150.056 3.1302472427101014e-08
48200.056 1.9444691038844558e-08
48250.056 2.630248597249921e-08
48300.056 4.519632936499824e-08
48350.056 2.722462983879652e-08
48400.056 5.837702130987372e-09
48450.056 1.2333057303099056e-08
48500.056 2.2600230581594402e-08
48550.056 2.5318910845883124e-08
48600.056 3.764155028299889e-08
48650.056 4.6812531409997374e-08
48700.056 3.0887680015905746e-08
48750.056 2.3657852707305613e-08
48800.056 3.9827138018001714e-08
48850.056 2.077824402980662e-08
48900.056 2.3785693883671377e-08
48950.056 1.285832632869964e-08
49000.056 6.914454226307333e-09
49050.056 2.4111692744696722e-08
49100.056 3.220025861860568e-08
49150.056 2.4946674350682007e-08
49200.056 4.0015175213005206e-08
49250.056 4.095268810300112e-08
49300.056 3.434504633979917e-08
49350.056 1.2610811917877897e-08
49400.056 1.9403281470484767e-08
49450.056 1.725761099939902e-08
49500.056 1.3351810950904831e-08
49550.056 2.2650800388040457e-09
49600.056 7.215352202096187e-09
49650.056 2.1612809582001822e-08
49700.056 2.5068698270392766e-08
49750.056 2.1635471597300036e-08
49800.056 1.3120433888842034e-08
49850.056 3.092581414440428e-08
49900.056 2.7850468896598498e-08
49950.056 2.7873740194400148e-08
50000.056 1.803089745637292e-08
50050.056 2.2716284743401587e-08
50100.056 1.862505363939859e-08
50150.056 7.563954046168433e-09
50200.056 9.993608922843093e-10
50250.056 7.742602751599926e-09
50300.056 4.967218749174992e-09
50350.056 2.1375228403903774e-08
50400.056 2.478406631689647e-08
50450.056 1.918702385400199e-08
50500.056 2.993350649237087e-08
50550.056 2.6782840894001848e-08
50600.056 1.8982857977234603e-08
50650.056 3.1962370418004364e-08
50700.056 3.001663939099796e-08
50750.056 1.792635836990089e-08
50800.056 5.047596966923023e-09
50850.056 2.234347217987178e-09
50900.056 1.8108482095101674e-08
50950.056 1.834792085519799e-08
51000.056 1.3059456083399469e-08
51050.056 2.2423123125996883e-08
51100.056 7.576885827426358e-09
51150.056 7.403162658487517e-09
51200.056 2.6801574184999507e-08
51250.056 2.010049408077658e-08
51300.056 1.3061054337383838e-08
51350.056 1.09652718907452e-08
51400.056 2.7352670686606207e-09
51450.056 2.295934637694262e-09
51500.056 2.225600239507148e-09
51550.056 1.0349554937702198e-08
51600.056 1.0399108552822554e-08
51650.056 1.5050487601299768e-08
51700.056 1.4555061134831449e-08
51750.056 9.107339584037051e-09
51800.056 1.8794700683997764e-08
51850.056 1.485716585839911e-08
51900.056 1.5897901288299912e-08
51950.056 7.854533663799074e-09
52000.056 5.599011671177642e-10
52050.056 3.881580893200479e-09
52100.056 1.8952888311995876e-09
52150.056 9.627933207095876e-10
52200.056 4.5927671129499074e-09
52250.056 8.082650241641863e-09
52300.056 9.534988545099325e-09
52350.056 2.277412674305328e-09
52400.056 2.6383879462369823e-09
52450.056 1.2717792131400886e-08
52500.056 8.705631320584878e-09
52550.056 1.2445991465399424e-08
52600.056 9.714614776380175e-09
52650.056 1.1776364329800721e-08
52700.056 7.593989955159404e-09
52750.056 2.1571173880430183e-09
52800.056 4.794873380660919e-09
52850.056 5.783675675748463e-09
52900.056 1.7361774380838854e-09
52950.056 3.4088132879805716e-09
53000.056 7.409160886101189e-09
53050.056 2.4012319727472673e-09
53100.056 1.0506526076699795e-08
53150.056 1.032637066352058e-08
53200.056 4.71171257365588e-09
53250.056 8.79165717586003e-09
53300.056 1.0674467012295896e-08
53350.056 8.156894315360566e-09
53400.056 4.923712176298757e-09
53450.056 1.3283419972344765e-09
53500.056 1.5811748257843823e-10
