galfind/configs/Brown_Dwarf_templates/sonora_bobcat/m-0.5/31g/sp_t950g31nc_m-0.5_resample.dat
# %ECSV 1.0
# ---
# datatype:
# - {name: wav, unit: Angstrom, datatype: float64}
# - {name: flux_nu, unit: erg / (cm2 Hz s), datatype: float64}
# meta: {C/O: '1.00', Kzz: '1.0000E+05', Teff: '950.', Y: '0.28', '[Fe/H]': '-0.50', f_hole: '1.00', f_rain: '0.00', grav: '32.'}
# schema: astropy-2.0
wav flux_nu
[from data line 499]
28950.056 1.0323237634918413e-07
29000.056 8.397534330201685e-08
29050.056 9.19094877536952e-08
29100.056 6.602191273322756e-08
29150.056 1.1267337559390998e-07
29200.056 8.273432075629513e-08
29250.056 1.1495825931390888e-07
29300.056 6.833680881695513e-08
29350.056 1.586070800326171e-07
29400.056 9.329968664682293e-08
29450.056 1.021039883101525e-07
29500.056 1.1121559198803275e-07
29550.056 9.929215173839327e-08
29600.056 1.1675085473919988e-07
29650.056 1.1809083958011138e-07
29700.056 9.004030841536501e-08
29750.056 1.2269946844644148e-07
29800.056 1.272253704356832e-07
29850.056 1.3204118051415755e-07
29900.056 1.2227133534339382e-07
29950.056 1.2524807619550926e-07
30000.056 7.04404627769236e-08
30050.056 8.018700342461551e-08
30100.056 7.277816437508298e-08
30150.056 1.2242276534738574e-07
30200.056 9.756212395910607e-08
30250.056 1.4186459680803054e-07
30300.056 1.2364769143801142e-07
30350.056 1.0767610839540575e-07
30400.056 1.2804295882520153e-07
30450.056 9.515184757870506e-08
30500.056 8.095740104740384e-08
30550.056 8.599208063979987e-08
30600.056 9.814592696799627e-08
30650.056 7.99574279897831e-08
30700.056 7.687543884838388e-08
30750.056 7.91675811728869e-08
30800.056 6.762962051301529e-08
30850.056 6.266715870377284e-08
30900.056 5.713282593608968e-08
30950.056 5.453810073267442e-08
31000.056 4.8109926721304e-08
31050.056 5.02382146720021e-08
31100.056 3.935621465869598e-08
31150.056 4.678234440559786e-08
31200.056 5.0111654269010757e-08
31250.056 3.721151992155327e-08
31300.056 3.61882288411141e-08
31350.056 3.608644634794132e-08
31400.056 2.8790663986471483e-08
31450.056 3.112969635579339e-08
31500.056 2.514244870531334e-08
31550.056 2.8119526726797402e-08
31600.056 2.2130097444000303e-08
31650.056 2.062788213184361e-08
31700.056 2.0775038378196794e-08
31750.056 1.7576237871746987e-08
31800.056 2.2087397337097443e-08
31850.056 1.7740072883402674e-08
31900.056 2.087216424649922e-08
31950.056 1.3663683201420683e-08
32000.056 1.777092825909819e-08
32050.056 1.9182379420930642e-08
32100.056 1.8679179149613526e-08
32150.056 1.9701752346797656e-08
32200.056 1.698813830322122e-08
32250.056 2.2368445370703485e-08
32300.056 1.6540919633557665e-08
32350.056 2.3533955062296884e-08
32400.056 1.6368672982895606e-08
32450.056 2.188066316159249e-08
32500.056 2.0566166262883842e-08
32550.056 1.959481447500747e-08
32600.056 2.341733684524139e-08
32650.056 3.2058010490294465e-08
32700.056 2.787537922320576e-08
32750.056 3.230763378900459e-08
32800.056 3.0436985957764607e-08
32850.056 3.386478127379572e-08
32900.056 3.815115827351489e-08
32950.056 3.932312020229685e-08
33000.056 3.286041655159896e-08
33050.056 3.0767328971416584e-08
33100.056 1.6659588355596272e-08
33150.056 6.129066496020365e-09
33200.056 5.3105671843285005e-09
33250.056 3.1825065993091265e-09
33300.056 3.7257772435208745e-09
33350.056 6.160829354200255e-09
33400.056 8.756871819596728e-09
33450.056 1.2511357662619177e-08
33500.056 1.9028854947709885e-08
33550.056 1.8099066079687506e-08
33600.056 2.7172693781496376e-08
33650.056 2.7950466324396306e-08
33700.056 2.4309648993555182e-08
33750.056 3.388965347670727e-08
33800.056 2.876452335552474e-08
33850.056 3.283149325559616e-08
33900.056 2.6618494190999215e-08
33950.056 2.7158541865395508e-08
34000.056 3.421271471181206e-08
34050.056 2.0634706551881992e-08
34100.056 3.3954637587399107e-08
34150.056 2.7714617845607967e-08
34200.056 2.766016625728776e-08
34250.056 2.8970266207384036e-08
34300.056 2.6008669122926965e-08
34350.056 2.300765473729984e-08
34400.056 2.1326295613176514e-08
34450.056 2.8489388956291094e-08
34500.056 2.655545499030267e-08
34550.056 2.1899124054821914e-08
34600.056 3.387015299559784e-08
34650.056 2.5030089142300508e-08
34700.056 2.9189119652697545e-08
34750.056 2.9367590448690277e-08
34800.056 2.677284550739211e-08
34850.056 2.9423545297109416e-08
34900.056 3.2211855075387555e-08
34950.056 3.330593775769294e-08
35000.056 4.643155199301226e-08
35050.056 3.0602330294397714e-08
35100.056 3.788619731820306e-08
35150.056 3.68417010762071e-08
35200.056 3.964956066929604e-08
35250.056 4.965692785838504e-08
35300.056 4.0720556325508914e-08
35350.056 4.013331021188613e-08
35400.056 4.506450047240289e-08
35450.056 3.179034889481698e-08
35500.056 5.74944909273995e-08
35550.056 5.436128756459039e-08
35600.056 4.7046414303621795e-08
35650.056 5.3313512605898086e-08
35700.056 4.872941493879155e-08
35750.056 6.019120374459051e-08
35800.056 7.796877723640093e-08
35850.056 4.983824053789358e-08
35900.056 6.569175355750326e-08
35950.056 6.181060785478629e-08
36000.056 6.226615531001107e-08
36050.056 5.930365704938075e-08
36100.056 6.277368826296269e-08
36150.056 6.558004657688512e-08
36200.056 7.074307693698195e-08
36250.056 6.702298026877796e-08
36300.056 7.822585152840474e-08
36350.056 7.529841432820717e-08
36400.056 7.433802693059117e-08
36450.056 8.858568382450457e-08
36500.056 9.180698868049701e-08
36550.056 9.348965334802664e-08
36600.056 1.0888150636899772e-07
36650.056 1.0593485471617881e-07
36700.056 1.1191585027298088e-07
36750.056 1.2021009580605669e-07
36800.056 1.1940236993000037e-07
36850.056 1.1375324804877376e-07
36900.056 1.2173174455758444e-07
36950.056 1.359396777659817e-07
37000.056 1.3054355153099036e-07
37050.056 1.2929108442099025e-07
37100.056 1.424160970954951e-07
37150.056 1.2340768032839895e-07
37200.056 1.441366307389886e-07
37250.056 1.4662791599397285e-07
37300.056 1.3129781761304188e-07
37350.056 1.352175588230256e-07
37400.056 1.8599049134499506e-07
37450.056 1.5193961898719828e-07
37500.056 1.502611720281839e-07
37550.056 1.7461811586409328e-07
37600.056 1.899962508310126e-07
37650.056 1.4867473566900247e-07
37700.056 2.0173716436002115e-07
37750.056 1.6095726552200066e-07
37800.056 1.7036838924010087e-07
37850.056 1.3752853768600616e-07
37900.056 1.5191616580805708e-07
37950.056 1.7308542751186236e-07
38000.056 2.0572013618699606e-07
38050.056 2.0164405510403888e-07
38100.056 1.9504713015503732e-07
38150.056 2.2286125792199082e-07
38200.056 2.320352930680508e-07
38250.056 2.1927048327901605e-07
38300.056 2.682074392849651e-07
38350.056 2.764911385180296e-07
38400.056 2.004546337329377e-07
38450.056 2.138345324739511e-07
38500.056 1.657005764490279e-07
38550.056 2.295453993100511e-07
38600.056 2.34011667010003e-07
38650.056 2.29486870655969e-07
38700.056 2.4728272042798706e-07
38750.056 2.627186743780087e-07
38800.056 2.292798781648571e-07
38850.056 2.3415173809002448e-07
38900.056 2.917537389600243e-07
38950.056 2.519460036559762e-07
39000.056 2.743468707459915e-07
39050.056 2.5710451578998704e-07
39100.056 2.7259149572802567e-07
39150.056 2.7616499389199744e-07
39200.056 2.829523073269807e-07
39250.056 3.1084235848194774e-07
39300.056 2.713807484819004e-07
39350.056 3.321853997400177e-07
39400.056 3.029876032490753e-07
39450.056 3.106454705109891e-07
39500.056 3.010565311890488e-07
39550.056 3.139836152700642e-07
39600.056 3.306821741289004e-07
39650.056 3.5434957686099035e-07
39700.056 3.4144033204602767e-07
39750.056 3.019657550850776e-07
39800.056 3.412477528099158e-07
39850.056 3.857126333900013e-07
39900.056 3.775827272200197e-07
39950.056 3.5683034230991694e-07
40000.056 4.313639977900778e-07
40050.056 3.878121388400135e-07
40100.056 3.4761040095600717e-07
40150.056 4.0449595559196263e-07
40200.056 4.115445301698714e-07
40250.056 3.9589898440488907e-07
40300.056 3.991571367550605e-07
40350.056 4.1498526595298424e-07
40400.056 4.55817554384011e-07
40450.056 4.237387496280685e-07
40500.056 4.4921839100000427e-07
40550.056 4.5624623053193384e-07
40600.056 4.431964413800546e-07
40650.056 4.2035812711490465e-07
40700.056 5.159875754249877e-07
40750.056 4.51459275809922e-07
40800.056 3.891126334878374e-07
40850.056 5.229513626001122e-07
40900.056 4.844649025540233e-07
40950.056 4.6429789049202393e-07
41000.056 4.716114186799936e-07
41050.056 5.445775837199644e-07
41100.056 4.742298860800011e-07
41150.056 4.0176287852595307e-07
41200.056 5.270692655339632e-07
41250.056 4.680610820789706e-07
41300.056 4.3931136441990537e-07
41350.056 5.535614080200623e-07
41400.056 5.128133176820679e-07
41450.056 5.308148105600841e-07
41500.056 4.589631491229999e-07
41550.056 4.68596249260066e-07
41600.056 5.446055286610565e-07
41650.056 5.317924569400447e-07
41700.056 4.936123724198554e-07
41750.056 5.090632960299823e-07
41800.056 5.81810933419974e-07
41850.056 4.2810173361601987e-07
41900.056 5.110755518449066e-07
41950.056 4.999594798600906e-07
42000.056 4.953406842099639e-07
42050.056 4.4716697410798377e-07
42100.056 6.028341971200547e-07
42150.056 4.6099566636999433e-07
42200.056 4.5457078869699803e-07
42250.056 4.7663860616490364e-07
42300.056 4.672856763699843e-07
42350.056 5.554217642100814e-07
42400.056 5.113921516701212e-07
42450.056 4.6277051908003036e-07
42500.056 4.6176535686499785e-07
42550.056 4.5388316101593996e-07
42600.056 4.7678716048011547e-07
42650.056 5.597484699077956e-07
42700.056 5.010289114159716e-07
42750.056 4.56058428160012e-07
42800.056 4.879210401200474e-07
42850.056 5.416205496498398e-07
42900.056 5.608591755201319e-07
42950.056 4.5446960324984376e-07
43000.056 5.06157299248039e-07
43050.056 3.8032878771516475e-07
43100.056 4.5624978627991987e-07
43150.056 4.3858361508706174e-07
43200.056 4.89331885259996e-07
43250.056 5.647118469600495e-07
43300.056 5.667768595700047e-07
43350.056 4.2308943541587907e-07
43400.056 4.832640543619448e-07
43450.056 4.4492520624707694e-07
43500.056 4.317988881619798e-07
43550.056 4.53949167653083e-07
43600.056 5.664038843720458e-07
43650.056 4.5290330319300747e-07
43700.056 5.404254220300734e-07
43750.056 5.188287030870903e-07
43800.056 4.929300329969233e-07
43850.056 4.4535172228008616e-07
43900.056 4.931469958499424e-07
43950.056 3.8031791984496664e-07
44000.056 3.637266308419912e-07
44050.056 4.997207656500165e-07
44100.056 5.738732119200471e-07
44150.056 5.441698205649334e-07
44200.056 5.027202227580019e-07
44250.056 4.214597876420053e-07
44300.056 3.860475853190726e-07
44350.056 4.1515991728010224e-07
44400.056 4.225553425399964e-07
44450.056 4.697035759949603e-07
44500.056 4.847812429701286e-07
44550.056 5.332134562799242e-07
44600.056 4.5846415810606005e-07
44650.056 4.977784808210927e-07
44700.056 3.9184776610001315e-07
44750.056 4.780126364240331e-07
44800.056 4.485499728480371e-07
44850.056 4.880718603600793e-07
44900.056 4.162862937940457e-07
44950.056 4.5048689123202403e-07
45000.056 4.6863807448996594e-07
45050.056 4.6725027667499563e-07
45100.056 4.710383905379876e-07
45150.056 4.6781765713995905e-07
45200.056 4.0789297657002785e-07
45250.056 4.3948838498587625e-07
45300.056 4.0601928916605895e-07
45350.056 4.158992399519614e-07
45400.056 5.057001459800407e-07
45450.056 4.599639839399551e-07
45500.056 4.6752304135300036e-07
45550.056 5.18497793669882e-07
45600.056 5.099268011400371e-07
45650.056 4.2160921761993187e-07
45700.056 4.2705164850105175e-07
45750.056 4.057011993019877e-07
45800.056 4.961713510500044e-07
45850.056 5.311722105599961e-07
45900.056 5.428343656500147e-07
45950.056 4.564076795699926e-07
46000.056 5.206404215850229e-07
46050.056 4.7259061210403277e-07
46100.056 5.070689538399744e-07
46150.056 4.4791664588997446e-07
46200.056 4.483859207900578e-07
46250.056 3.570506016729431e-07
46300.056 4.887618450599904e-07
46350.056 4.527534666400223e-07
46400.056 4.5071969094000925e-07
46450.056 4.332074518320586e-07
46500.056 4.3776000073407504e-07
46550.056 4.131754883119875e-07
46600.056 4.567002865939936e-07
46650.056 5.802806639099656e-07
46700.056 4.787252288300316e-07
46750.056 3.76083327524995e-07
46800.056 3.367095250370378e-07
46850.056 5.628712598601023e-07
46900.056 5.103330349799411e-07
46950.056 5.249591581200028e-07
47000.056 4.72875323890032e-07
47050.056 4.813058845958391e-07
47100.056 3.65799129221061e-07
47150.056 4.235450808830515e-07
47200.056 4.929110754200369e-07
47250.056 4.069066837699658e-07
47300.056 3.4081327086159053e-07
47350.056 4.945574142399467e-07
47400.056 4.986657582099435e-07
47450.056 4.796615386220335e-07
47500.056 5.211196183949295e-07
47550.056 4.722345416699925e-07
47600.056 4.74989324509961e-07
47650.056 4.1236183709991613e-07
47700.056 4.669187086261103e-07
47750.056 3.42044241266019e-07
47800.056 4.025842217820049e-07
47850.056 3.1840104676299243e-07
47900.056 3.916127959899469e-07
47950.056 4.0876605439003777e-07
48000.056 5.465858866900746e-07
48050.056 4.90577668340022e-07
48100.056 3.67520858876019e-07
48150.056 4.305533089100375e-07
48200.056 4.2290589105700753e-07
48250.056 4.060365077300069e-07
48300.056 5.087820542598535e-07
48350.056 3.533933987300303e-07
48400.056 2.9240326508295797e-07
48450.056 4.070403704711019e-07
48500.056 4.95690284039946e-07
48550.056 3.9488266166799985e-07
48600.056 4.4368458884000716e-07
48650.056 4.371210613799719e-07
48700.056 4.253203028399867e-07
48750.056 3.0493834315913907e-07
48800.056 5.311342350829949e-07
48850.056 3.548939909019316e-07
48900.056 5.010521733600056e-07
48950.056 4.014817639400513e-07
49000.056 2.744879886929445e-07
49050.056 4.4203052531997474e-07
49100.056 4.520335736570759e-07
49150.056 4.1288708272402946e-07
49200.056 4.813992785900453e-07
49250.056 4.651830660900634e-07
49300.056 4.1410051357398747e-07
49350.056 3.0469505790304674e-07
49400.056 3.9164344330996697e-07
49450.056 3.974922573301267e-07
49500.056 3.4374017383297005e-07
49550.056 2.3667120877502633e-07
49600.056 3.357817036124746e-07
49650.056 3.7142528969399e-07
49700.056 3.478551115079067e-07
49750.056 4.2658422179989833e-07
49800.056 3.6480346875402573e-07
49850.056 4.819758476401068e-07
49900.056 3.9907536733198003e-07
49950.056 3.880887153919753e-07
50000.056 3.6998133183997747e-07
50050.056 4.307691536299863e-07
50100.056 3.7041488407801764e-07
50150.056 2.781745848599744e-07
50200.056 1.6934555483601735e-07
50250.056 3.6659542765995455e-07
50300.056 3.1333114145002037e-07
50350.056 4.3923656057703963e-07
50400.056 3.8344548454797747e-07
50450.056 3.211152239460381e-07
50500.056 3.9470813473005375e-07
50550.056 3.6492834533001823e-07
50600.056 3.2961129790593344e-07
50650.056 4.096709305500861e-07
50700.056 4.347933306598476e-07
50750.056 3.704020781980596e-07
50800.056 2.5092622511697536e-07
50850.056 2.511000224810714e-07
50900.056 4.2679324778999623e-07
50950.056 3.441628485100531e-07
51000.056 3.8466848187703285e-07
51050.056 3.5091793177000534e-07
51100.056 2.2532737946097157e-07
51150.056 3.080566309193677e-07
51200.056 4.5816284156997176e-07
51250.056 3.2469834422493343e-07
51300.056 2.807110952481289e-07
51350.056 3.02977464294982e-07
51400.056 2.0204417785698965e-07
51450.056 1.764661023019539e-07
51500.056 2.007500569580634e-07
51550.056 3.764893808840302e-07
51600.056 2.797466939820364e-07
51650.056 2.7957494399994674e-07
51700.056 3.053787225499452e-07
51750.056 2.3399615951902354e-07
51800.056 3.278674972799184e-07
51850.056 3.0836586512398877e-07
51900.056 4.158423202200741e-07
51950.056 3.300388132399713e-07
52000.056 1.6197847195397865e-07
52050.056 2.746284737920309e-07
52100.056 2.1339652794598095e-07
52150.056 1.9757945435701118e-07
52200.056 2.0581961546199557e-07
52250.056 2.547977567930322e-07
52300.056 3.603921050699694e-07
52350.056 2.807551272736117e-07
52400.056 1.9780339902501636e-07
52450.056 3.1457017006001845e-07
52500.056 3.143559982139188e-07
52550.056 3.2268378769992445e-07
52600.056 2.747455572060444e-07
52650.056 2.871011344440553e-07
52700.056 2.602177276019981e-07
52750.056 1.8604218138599412e-07
52800.056 2.3078434821202887e-07
52850.056 2.399889091069296e-07
52900.056 2.279310685426007e-07
52950.056 2.3980420434799715e-07
53000.056 3.111669503700022e-07
53050.056 1.8809654275093439e-07
53100.056 2.385199104879421e-07
53150.056 3.4508809847003416e-07
53200.056 1.805423463339927e-07
53250.056 3.157430948400236e-07
53300.056 3.1856929698716736e-07
53350.056 3.0616625369598464e-07
53400.056 2.9632463060002036e-07
53450.056 1.8647013145799116e-07
53500.056 1.2429546747376135e-07
53550.056 1.8910997582797033e-07
53600.056 2.666157305890357e-07
