galfind/configs/Brown_Dwarf_templates/sonora_bobcat/m-0.5/31g/sp_t575g31nc_m-0.5_resample.dat
# %ECSV 1.0
# ---
# datatype:
# - {name: wav, unit: Angstrom, datatype: float64}
# - {name: flux_nu, unit: erg / (cm2 Hz s), datatype: float64}
# meta: {C/O: '1.00', Kzz: '1.0000E+05', Teff: '575.', Y: '0.28', '[Fe/H]': '-0.50', f_hole: '1.00', f_rain: '0.00', grav: '32.'}
# schema: astropy-2.0
wav flux_nu
[from data line 497]
28850.056 3.3662029148254364e-09
28900.056 1.7528672609611528e-09
28950.056 3.265360343386041e-09
29000.056 2.4666773572256398e-09
29050.056 3.394034251477339e-09
29100.056 2.08109193667793e-09
29150.056 3.0394490246877476e-09
29200.056 3.1023403922717955e-09
29250.056 5.020305508341842e-09
29300.056 2.1672018816436896e-09
29350.056 6.612904026461287e-09
29400.056 3.1641759968935527e-09
29450.056 3.1934927309132494e-09
29500.056 4.932552358612843e-09
29550.056 2.9824176556449438e-09
29600.056 4.13373219933356e-09
29650.056 6.603723749379193e-09
29700.056 2.8680413743962537e-09
29750.056 5.5765089388690506e-09
29800.056 5.393094487196551e-09
29850.056 6.264036075710318e-09
29900.056 4.964427056439145e-09
29950.056 4.9629358655377215e-09
30000.056 2.5547713959604186e-10
30050.056 7.459002585884005e-10
30100.056 1.7915425043321115e-09
30150.056 4.465721255257731e-09
30200.056 3.784368851472136e-09
30250.056 7.91328193568751e-09
30300.056 9.148917443914635e-09
30350.056 4.551602408860277e-09
30400.056 9.57280331336348e-09
30450.056 5.72706248429327e-09
30500.056 6.0057320809647816e-09
30550.056 5.244895557108465e-09
30600.056 1.0762878594452908e-08
30650.056 6.357315423886174e-09
30700.056 5.159158146107881e-09
30750.056 8.376578403742219e-09
30800.056 5.736935463152977e-09
30850.056 6.316246362443095e-09
30900.056 3.755790212474618e-09
30950.056 4.409187590319171e-09
31000.056 4.054062263869526e-09
31050.056 3.973677787352721e-09
31100.056 2.4998140455605207e-09
31150.056 4.357059454094089e-09
31200.056 6.233140276868201e-09
31250.056 4.133037782559213e-09
31300.056 2.9122345645553875e-09
31350.056 4.214481429512803e-09
31400.056 3.0574660494538575e-09
31450.056 3.3096650536850585e-09
31500.056 1.6927110188021116e-09
31550.056 2.3982169702637527e-09
31600.056 1.5380221749272252e-09
31650.056 1.5488646056119814e-09
31700.056 1.641038000692088e-09
31750.056 8.609820685840796e-10
31800.056 1.7261371997153795e-09
31850.056 5.468484765198297e-10
31900.056 1.0249021811331965e-09
31950.056 5.970183501816326e-10
32000.056 7.178911428318376e-10
32050.056 8.985861674842114e-10
32100.056 8.041855651835018e-10
32150.056 1.0110130652581502e-09
32200.056 5.602764954938183e-10
32250.056 1.3370605350678436e-09
32300.056 5.408008608127531e-10
32350.056 1.2513589501014946e-09
32400.056 4.3388002961951913e-10
32450.056 1.0961947165876143e-09
32500.056 5.687285448141645e-10
32550.056 8.50466825282714e-10
32600.056 7.971466930851849e-10
32650.056 2.009521757583907e-09
32700.056 1.0887633529453717e-09
32750.056 2.832990293490801e-09
32800.056 2.16975143748372e-09
32850.056 3.586583562665447e-09
32900.056 3.451736205981205e-09
32950.056 3.900481037251347e-09
33000.056 2.3487059841808377e-09
33050.056 2.8274771719674514e-09
33100.056 8.403475487953663e-10
33150.056 5.710103591062912e-12
33200.056 3.3103464687677336e-11
33250.056 2.7506091061437363e-11
33300.056 9.220536802113702e-11
33350.056 2.852845101362004e-10
33400.056 7.239469952936814e-10
33450.056 8.657827649062046e-10
33500.056 2.3411872348151136e-09
33550.056 9.007336119006281e-10
33600.056 2.188569711876143e-09
33650.056 2.0725730018789306e-09
33700.056 1.2382399442899673e-09
33750.056 2.9394883866843766e-09
33800.056 7.678749268506389e-10
33850.056 1.8153066112574343e-09
33900.056 1.680392295061772e-09
33950.056 1.4267691208852098e-09
34000.056 2.6846647866563678e-09
34050.056 6.678779467802939e-10
34100.056 2.3461989394458223e-09
34150.056 1.2868396303429616e-09
34200.056 2.31392748830167e-09
34250.056 1.765850462597805e-09
34300.056 1.554866422673695e-09
34350.056 2.0389575371841436e-09
34400.056 1.0482010428893415e-09
34450.056 2.382956484894652e-09
34500.056 1.6571895938895531e-09
34550.056 8.844019876630866e-10
34600.056 3.2041597296406348e-09
34650.056 1.0947691974789364e-09
34700.056 2.604189429978341e-09
34750.056 1.934595063089732e-09
34800.056 1.5928812027749004e-09
34850.056 3.1647388940240995e-09
34900.056 1.895563071704082e-09
34950.056 3.1375489936585037e-09
35000.056 6.12913553366101e-09
35050.056 2.5232169559534626e-09
35100.056 5.228985920011285e-09
35150.056 4.513546693314092e-09
35200.056 4.221352690507589e-09
35250.056 7.067375335332292e-09
35300.056 3.729485879311089e-09
35350.056 4.4972979701616725e-09
35400.056 4.830606832975671e-09
35450.056 3.2014208102212294e-09
35500.056 9.783917370449587e-09
35550.056 7.023787796242055e-09
35600.056 6.314732535637766e-09
35650.056 6.856235056791468e-09
35700.056 6.452251678976201e-09
35750.056 9.899030508913824e-09
35800.056 1.1441884276130175e-08
35850.056 5.013270020115004e-09
35900.056 7.231387673805456e-09
35950.056 8.192490557148427e-09
36000.056 8.441333829741358e-09
36050.056 6.69344573724817e-09
36100.056 6.580780588957321e-09
36150.056 9.970125937143804e-09
36200.056 1.1180330292149092e-08
36250.056 8.709441135039934e-09
36300.056 1.490763080878254e-08
36350.056 1.089293535366314e-08
36400.056 1.3605134889655114e-08
36450.056 1.5183816286510512e-08
36500.056 1.7523032875570183e-08
36550.056 1.886697990843493e-08
36600.056 2.2163415885252147e-08
36650.056 1.8684776833038513e-08
36700.056 1.9643190400716587e-08
36750.056 2.3136139213254938e-08
36800.056 2.467497708534808e-08
36850.056 1.8276977160603278e-08
36900.056 2.5352071784155296e-08
36950.056 2.6087948139695782e-08
37000.056 2.091652593127282e-08
37050.056 2.661784347208784e-08
37100.056 2.480762156593816e-08
37150.056 2.204019411811205e-08
37200.056 3.028289086249089e-08
37250.056 2.4441592010395798e-08
37300.056 2.088388378309848e-08
37350.056 2.7983975475471747e-08
37400.056 4.048572585681376e-08
37450.056 2.290610548395381e-08
37500.056 2.5892277800068514e-08
37550.056 3.8074050024346715e-08
37600.056 4.816407162557198e-08
37650.056 2.2964861398984602e-08
37700.056 4.15987034819236e-08
37750.056 2.8128194452484022e-08
37800.056 3.038533389829434e-08
37850.056 1.8181655054529016e-08
37900.056 2.32905009812932e-08
37950.056 3.623694972126286e-08
38000.056 3.811444678690092e-08
38050.056 4.282472410803961e-08
38100.056 4.768565080943417e-08
38150.056 5.144017271360098e-08
38200.056 5.0546156177957835e-08
38250.056 4.666760230049283e-08
38300.056 6.740816040118121e-08
38350.056 6.773308390992112e-08
38400.056 3.622075092724313e-08
38450.056 2.9364836147191697e-08
38500.056 1.9221136103154323e-08
38550.056 4.02902006668164e-08
38600.056 4.072220799060501e-08
38650.056 4.356118149103916e-08
38700.056 4.173718295237898e-08
38750.056 4.311818784898895e-08
38800.056 4.260367309073299e-08
38850.056 4.431350998841422e-08
38900.056 5.939027508795477e-08
38950.056 4.1676921117925946e-08
39000.056 5.469287858384779e-08
39050.056 4.37594937526187e-08
39100.056 5.2314741130027626e-08
39150.056 5.983406853127485e-08
39200.056 5.159457965555629e-08
39250.056 6.806753793509825e-08
39300.056 5.176819124647981e-08
39350.056 7.838098431590417e-08
39400.056 5.494266713368999e-08
39450.056 6.66871775869224e-08
39500.056 6.941933343492021e-08
39550.056 5.239421116901711e-08
39600.056 7.00188659301755e-08
39650.056 8.03419362291844e-08
39700.056 7.535570389441044e-08
39750.056 5.27290613586503e-08
39800.056 6.135712068940067e-08
39850.056 9.226901845000684e-08
39900.056 9.505307868100524e-08
39950.056 6.423523714298499e-08
40000.056 9.36643785296136e-08
40050.056 8.916898272319665e-08
40100.056 5.53997356990186e-08
40150.056 8.905946362120281e-08
40200.056 9.176900931157006e-08
40250.056 9.780642107197348e-08
40300.056 9.4745400193505e-08
40350.056 8.036074807948474e-08
40400.056 1.0398828923434087e-07
40450.056 7.249126019799092e-08
40500.056 1.0948507796338579e-07
40550.056 1.1383227965515368e-07
40600.056 9.908837210801101e-08
40650.056 8.376765879230714e-08
40700.056 1.3266216289799048e-07
40750.056 9.749255861997957e-08
40800.056 7.497764319405906e-08
40850.056 1.4429915657903866e-07
40900.056 1.2650312369920031e-07
40950.056 1.148889147026954e-07
41000.056 1.0372281927778987e-07
41050.056 1.492234301589614e-07
41100.056 1.2791512683220015e-07
41150.056 7.648748663575791e-08
41200.056 1.4792589131680787e-07
41250.056 1.202427472152201e-07
41300.056 1.1629701103378423e-07
41350.056 1.522405669399904e-07
41400.056 1.3666842323601632e-07
41450.056 1.5959297758097904e-07
41500.056 1.1808351968624722e-07
41550.056 1.1571005548657982e-07
41600.056 1.2838901868108057e-07
41650.056 1.4505331750190724e-07
41700.056 1.4838012737295395e-07
41750.056 1.3639566320097664e-07
41800.056 1.5351635881004052e-07
41850.056 1.2699218427788285e-07
41900.056 1.350898607249648e-07
41950.056 1.358461391410227e-07
42000.056 1.132139564622132e-07
42050.056 1.1148624499202661e-07
42100.056 1.4298477186228756e-07
42150.056 1.1945768716100748e-07
42200.056 1.2018935561709856e-07
42250.056 1.1822587407950077e-07
42300.056 1.1836066117952122e-07
42350.056 1.5047757276001489e-07
42400.056 1.547197441990241e-07
42450.056 1.38104830693049e-07
42500.056 1.3587946899998293e-07
42550.056 1.2256864209296985e-07
42600.056 1.3736616433175027e-07
42650.056 1.8928547002093286e-07
42700.056 1.292940812100387e-07
42750.056 1.3656384280101308e-07
42800.056 1.7105201419402532e-07
42850.056 1.8156653800494362e-07
42900.056 1.9333073784804518e-07
42950.056 1.5278003995196652e-07
43000.056 1.7133747875302855e-07
43050.056 1.0706492332512636e-07
43100.056 1.490037532209777e-07
43150.056 1.3073991488001736e-07
43200.056 1.738459705710062e-07
43250.056 2.1463730070901808e-07
43300.056 2.100586024579974e-07
43350.056 1.2962979829096226e-07
43400.056 1.6958594853799636e-07
43450.056 1.3003177262661714e-07
43500.056 1.3137720325802637e-07
43550.056 1.4195629302242555e-07
43600.056 1.95270316375025e-07
43650.056 1.3958720975570634e-07
43700.056 2.1609911585304082e-07
43750.056 1.8800321909600332e-07
43800.056 1.7654076237198418e-07
43850.056 1.563373441170186e-07
43900.056 1.535550372369846e-07
43950.056 1.0602741852798933e-07
44000.056 1.0192655465079585e-07
44050.056 2.0301828938400436e-07
44100.056 2.5056491645000053e-07
44150.056 2.3033341107540018e-07
44200.056 2.0306271588399738e-07
44250.056 1.3558011482600249e-07
44300.056 1.1455101041362128e-07
44350.056 1.311946596732363e-07
44400.056 1.2284998079848763e-07
44450.056 1.847384300309864e-07
44500.056 1.770960283540399e-07
44550.056 2.3249376054797602e-07
44600.056 2.067689723905054e-07
44650.056 1.8638664426602898e-07
44700.056 1.321244698239976e-07
44750.056 1.8981241119804407e-07
44800.056 1.5029307469401429e-07
44850.056 1.9647643070001631e-07
44900.056 1.5920451829441222e-07
44950.056 1.8615215678401075e-07
45000.056 2.006316162610069e-07
45050.056 1.8994584493397928e-07
45100.056 1.7853517826300022e-07
45150.056 1.7862028305676835e-07
45200.056 1.4340558373000762e-07
45250.056 1.6293117908794992e-07
45300.056 1.386438943340227e-07
45350.056 1.3324004377462165e-07
45400.056 2.4668557074502495e-07
45450.056 2.1349177152401413e-07
45500.056 2.3361433206391346e-07
45550.056 2.4761762350692386e-07
45600.056 2.394256596300439e-07
45650.056 1.956492357049975e-07
45700.056 1.454092257149966e-07
45750.056 1.4235921686960211e-07
45800.056 2.6116932326200437e-07
45850.056 2.325000064189903e-07
45900.056 2.6026545277599347e-07
45950.056 2.172128126689994e-07
46000.056 2.4405147511852455e-07
46050.056 1.924779427629993e-07
46100.056 2.733453682199758e-07
46150.056 1.85690020724008e-07
46200.056 1.7085950051898886e-07
46250.056 9.180734269940488e-08
46300.056 1.9270666807899916e-07
46350.056 1.995858648310247e-07
46400.056 1.780255360020063e-07
46450.056 1.6556608445952123e-07
46500.056 1.8897021840964692e-07
46550.056 1.2220052752800834e-07
46600.056 1.6847704175017939e-07
46650.056 2.389215059680164e-07
46700.056 1.6603880225095846e-07
46750.056 1.0830556624841208e-07
46800.056 7.797487055446728e-08
46850.056 2.3631938007503565e-07
46900.056 2.171388267709923e-07
46950.056 2.1225587200098346e-07
47000.056 2.0716623633803523e-07
47050.056 1.6806141816558186e-07
47100.056 1.2166960670371725e-07
47150.056 1.6750538637682692e-07
47200.056 2.0026974803599407e-07
47250.056 1.3265185466398742e-07
47300.056 9.221871943134177e-08
47350.056 2.3338819169999068e-07
47400.056 1.956035774519821e-07
47450.056 1.8792906893020393e-07
47500.056 2.2542362510597233e-07
47550.056 1.9940043670100907e-07
47600.056 1.968543981944912e-07
47650.056 1.964161268536223e-07
47700.056 1.651176954331765e-07
47750.056 1.277286673541043e-07
47800.056 1.1948488982901103e-07
47850.056 7.432346479991199e-08
47900.056 1.0505488231068376e-07
47950.056 1.7738550962200945e-07
48000.056 2.3517551806003263e-07
48050.056 2.086206211979955e-07
48100.056 1.0421745984041088e-07
48150.056 1.6816611821900254e-07
48200.056 1.2912751297620044e-07
48250.056 1.4740643636200503e-07
48300.056 2.186706119999656e-07
48350.056 1.414388481740022e-07
48400.056 5.804006368641629e-08
48450.056 1.1390385165288938e-07
48500.056 1.597805205489666e-07
48550.056 1.5732838313541333e-07
48600.056 1.6981420711000118e-07
48650.056 2.0572076385198442e-07
48700.056 1.5212783009501125e-07
48750.056 1.0191848833105036e-07
48800.056 1.9902010419100164e-07
48850.056 1.2248572226207795e-07
48900.056 1.778458890651252e-07
48950.056 1.0999928709100715e-07
49000.056 5.865542617901586e-08
49050.056 1.5228713057297733e-07
49100.056 1.7798725830023117e-07
49150.056 1.3704287813277244e-07
49200.056 1.9782870296303651e-07
49250.056 1.9054671408002448e-07
49300.056 1.677207178249981e-07
49350.056 8.235270189481614e-08
49400.056 1.1689607880087225e-07
49450.056 1.213273464936857e-07
49500.056 9.701781778799143e-08
49550.056 3.289222085200292e-08
49600.056 7.669986472491511e-08
49650.056 1.2445839149499454e-07
49700.056 1.255358734089568e-07
49750.056 1.4056418646448807e-07
49800.056 1.0457873673072046e-07
49850.056 1.735624293170357e-07
49900.056 1.3895635670258682e-07
49950.056 1.3723696192900238e-07
50000.056 1.1887685434227474e-07
50050.056 1.4444321921299937e-07
50100.056 1.1398069700199629e-07
50150.056 6.686198908518745e-08
50200.056 1.9281961155526963e-08
50250.056 8.845031511899219e-08
50300.056 6.089395869697796e-08
50350.056 1.358882138330159e-07
50400.056 1.2800983485878733e-07
50450.056 9.92261883248049e-08
50500.056 1.4134625145101507e-07
50550.056 1.2489078838400927e-07
50600.056 9.569908866497678e-08
50650.056 1.4719347134402458e-07
50700.056 1.5083356761496308e-07
50750.056 1.0775513159721497e-07
50800.056 5.051614089669134e-08
50850.056 3.5781195185715965e-08
50900.056 1.3134981064499907e-07
50950.056 1.0428070129000102e-07
51000.056 9.695905042629642e-08
51050.056 1.1906131624798728e-07
51100.056 5.2724812837803316e-08
51150.056 7.010205311979066e-08
51200.056 1.532618423549931e-07
51250.056 1.0125693926328292e-07
51300.056 7.717438554753447e-08
51350.056 7.92224347956916e-08
51400.056 3.713867512660379e-08
51450.056 2.9325114439244902e-08
51500.056 2.9362213426132224e-08
51550.056 9.015550893881004e-08
51600.056 6.597506055971618e-08
51650.056 7.627205864098676e-08
51700.056 8.565373667077024e-08
51750.056 5.830794034055981e-08
51800.056 9.507619377398274e-08
51850.056 8.070824912699279e-08
51900.056 1.1608480512199367e-07
51950.056 7.663023139799109e-08
52000.056 1.3375717027255468e-08
52050.056 4.7463198367806954e-08
52100.056 3.20059756143969e-08
52150.056 2.184384308166397e-08
52200.056 4.095287175050045e-08
52250.056 5.747430463191602e-08
52300.056 8.486235564899622e-08
52350.056 4.114464151547793e-08
52400.056 3.6079288074903124e-08
52450.056 9.226183192600635e-08
52500.056 7.761146005967754e-08
52550.056 7.807867992999049e-08
52600.056 5.877860506459933e-08
52650.056 6.866787847860898e-08
52700.056 5.400041530479804e-08
52750.056 2.8080291363235932e-08
52800.056 4.319574304530465e-08
52850.056 4.862302094188469e-08
52900.056 3.166335768466708e-08
52950.056 4.119308937684394e-08
53000.056 6.144772532301321e-08
53050.056 2.769213366789257e-08
53100.056 6.274029331438869e-08
53150.056 7.378839022600733e-08
53200.056 3.30136566623878e-08
53250.056 6.846848827470438e-08
53300.056 8.26434700393969e-08
53350.056 6.419833788960225e-08
53400.056 4.699862090799138e-08
53450.056 2.1887344744493253e-08
