galfind/configs/Brown_Dwarf_templates/sonora_bobcat/m-0.5/31g/sp_t475g31nc_m-0.5_resample.dat
# %ECSV 1.0
# ---
# datatype:
# - {name: wav, unit: Angstrom, datatype: float64}
# - {name: flux_nu, unit: erg / (cm2 Hz s), datatype: float64}
# meta: {C/O: '1.00', Kzz: '1.0000E+05', Teff: '475.', Y: '0.28', '[Fe/H]': '-0.50', f_hole: '1.00', f_rain: '0.00', grav: '32.'}
# schema: astropy-2.0
wav flux_nu
[from data line 499]
28950.056 7.091204877823361e-10
29000.056 5.124460795956962e-10
29050.056 7.462862915302093e-10
29100.056 4.319766525653806e-10
29150.056 5.975067390699067e-10
29200.056 8.037458501162126e-10
29250.056 1.156230178290426e-09
29300.056 5.41351120127543e-10
29350.056 1.5228518446775816e-09
29400.056 7.229203220283199e-10
29450.056 6.164047987321649e-10
29500.056 1.3051567551271091e-09
29550.056 6.220638580515769e-10
29600.056 8.763037874325273e-10
29650.056 1.8063262128110157e-09
29700.056 6.055380170051249e-10
29750.056 1.3840181240996544e-09
29800.056 1.2218030015336342e-09
29850.056 1.5958543214774435e-09
29900.056 1.0487835175257836e-09
29950.056 1.1768326108926487e-09
30000.056 3.654193353519338e-11
30050.056 1.5137487696573904e-10
30100.056 4.519994496227849e-10
30150.056 1.3068466878176294e-09
30200.056 1.0164689022276453e-09
30250.056 2.0479819036407283e-09
30300.056 2.605507337027645e-09
30350.056 9.807053388468721e-10
30400.056 2.565348009335823e-09
30450.056 1.605560038473388e-09
30500.056 1.5282395363181286e-09
30550.056 1.2632509867190082e-09
30600.056 3.913814657997406e-09
30650.056 2.0265638032608813e-09
30700.056 1.502278363199548e-09
30750.056 2.71040002518553e-09
30800.056 1.866349991427483e-09
30850.056 2.1705720245655276e-09
30900.056 1.2118705862887568e-09
30950.056 1.3322872905067229e-09
31000.056 1.3541333285279257e-09
31050.056 1.1846955112473024e-09
31100.056 7.250318429478373e-10
31150.056 1.3359286303208953e-09
31200.056 2.468576007066616e-09
31250.056 1.518455901488412e-09
31300.056 1.032976006032025e-09
31350.056 1.7194724501422248e-09
31400.056 1.2076804112210198e-09
31450.056 1.301694783682369e-09
31500.056 5.68528432871866e-10
31550.056 8.873399744067257e-10
31600.056 5.788622054480142e-10
31650.056 5.56762954011891e-10
31700.056 5.696618749326897e-10
31750.056 2.87473908304248e-10
31800.056 5.914374434351753e-10
31850.056 1.4116308763140747e-10
31900.056 3.0827313915008173e-10
31950.056 1.843714717239321e-10
32000.056 1.8173119896850254e-10
32050.056 2.569678528293764e-10
32100.056 2.215721471120162e-10
32150.056 2.708979517906486e-10
32200.056 1.3566111600560867e-10
32250.056 3.5894895600608084e-10
32300.056 1.2102412125472725e-10
32350.056 3.3379355286841947e-10
32400.056 8.212392856145325e-11
32450.056 2.778482312328115e-10
32500.056 1.0704386668237014e-10
32550.056 2.1290688531581518e-10
32600.056 1.412148798811769e-10
32650.056 5.37066450571014e-10
32700.056 2.059673237329184e-10
32750.056 8.706633024158377e-10
32800.056 5.742086136451922e-10
32850.056 1.2663686141378081e-09
32900.056 1.1426776860356518e-09
32950.056 1.2659015532810347e-09
33000.056 5.79885513934638e-10
33050.056 7.800245885390753e-10
33100.056 1.9350720060060922e-10
33150.056 3.0068841582188363e-13
33200.056 5.2294341430350365e-12
33250.056 5.552380741721581e-12
33300.056 2.989057769174641e-11
33350.056 1.0253089103920868e-10
33400.056 3.223775309878179e-10
33450.056 2.944670423922316e-10
33500.056 9.1242693011683e-10
33550.056 2.4689980530146753e-10
33600.056 6.619344265425662e-10
33650.056 6.039097278563269e-10
33700.056 2.868836272166238e-10
33750.056 8.803591233555016e-10
33800.056 1.4061333934362038e-10
33850.056 4.738353191978517e-10
33900.056 4.814955247677529e-10
33950.056 3.7796173061446637e-10
34000.056 8.084951818544175e-10
34050.056 1.5441430869070134e-10
34100.056 7.126405128328639e-10
34150.056 3.4065057776680576e-10
34200.056 7.701870911927651e-10
34250.056 5.183776976815724e-10
34300.056 4.807331518611528e-10
34350.056 7.96234861674845e-10
34400.056 3.1037857103929263e-10
34450.056 8.476432127371868e-10
34500.056 5.043919494652128e-10
34550.056 2.8324165476182754e-10
34600.056 1.230318235716313e-09
34650.056 2.975408031808516e-10
34700.056 9.505909747776681e-10
34750.056 6.420343029417802e-10
34800.056 5.438963416460128e-10
34850.056 1.3516732477793867e-09
34900.056 5.387356309007358e-10
34950.056 1.2391237446603447e-09
35000.056 2.415871878758411e-09
35050.056 1.0072283772639558e-09
35100.056 2.264998888349142e-09
35150.056 1.8794724424457634e-09
35200.056 1.6448620982990709e-09
35250.056 2.9030836891750817e-09
35300.056 1.3628575028095188e-09
35350.056 1.73337801053093e-09
35400.056 1.6144617093156387e-09
35450.056 1.2175511504889503e-09
35500.056 4.0189183616385875e-09
35550.056 2.55108886020771e-09
35600.056 2.557397809543162e-09
35650.056 2.68765511122284e-09
35700.056 2.7309273758158513e-09
35750.056 4.117855877747608e-09
35800.056 4.225858652908067e-09
35850.056 1.701433376939736e-09
35900.056 2.402506849283393e-09
35950.056 2.9278133446654885e-09
36000.056 3.2512813312224066e-09
36050.056 2.4014327977801112e-09
36100.056 2.2856090005612677e-09
36150.056 4.173521248209295e-09
36200.056 4.665556465350658e-09
36250.056 3.3942141014253547e-09
36300.056 6.709133290970979e-09
36350.056 4.271084669991682e-09
36400.056 6.147350888509077e-09
36450.056 6.453151037593969e-09
36500.056 7.354508713803872e-09
36550.056 8.814316395103607e-09
36600.056 9.84930228264776e-09
36650.056 7.78342622873165e-09
36700.056 8.194904201220775e-09
36750.056 9.985346102286646e-09
36800.056 1.124338571658113e-08
36850.056 7.053733767290248e-09
36900.056 1.105934086605145e-08
36950.056 1.1385357734678828e-08
37000.056 8.40903512924431e-09
37050.056 1.2205774966106976e-08
37100.056 9.886699664713006e-09
37150.056 9.18726148158699e-09
37200.056 1.3918581250455578e-08
37250.056 9.847438127384528e-09
37300.056 7.904839599265137e-09
37350.056 1.2267611566422598e-08
37400.056 1.8005532163842922e-08
37450.056 8.588215310565958e-09
37500.056 1.0887407569248842e-08
37550.056 1.7730058484122177e-08
37600.056 2.42413252386908e-08
37650.056 9.386777768378748e-09
37700.056 1.790438337184929e-08
37750.056 1.1938708050781647e-08
37800.056 1.251735261841322e-08
37850.056 6.980405376296333e-09
37900.056 9.154971030588822e-09
37950.056 1.6280631629733256e-08
38000.056 1.586613696523938e-08
38050.056 2.0136940494699625e-08
38100.056 2.3255417410671556e-08
38150.056 2.4898845344159777e-08
38200.056 2.2634859237457907e-08
38250.056 2.2502901469912228e-08
38300.056 3.3085721276469155e-08
38350.056 3.283782863237278e-08
38400.056 1.5700686817418596e-08
38450.056 1.0032520191139197e-08
38500.056 6.4018269082341755e-09
38550.056 1.6893552289005923e-08
38600.056 1.716785937716944e-08
38650.056 1.9540203132135595e-08
38700.056 1.681394890440802e-08
38750.056 1.7676825350033835e-08
38800.056 1.833807198433844e-08
38850.056 1.9613051988387428e-08
38900.056 2.591157361794371e-08
38950.056 1.6900228775160434e-08
39000.056 2.5006582931223766e-08
39050.056 1.7606598957630788e-08
39100.056 2.3223150136655763e-08
39150.056 2.866138181104667e-08
39200.056 2.2077856143941078e-08
39250.056 3.2419527472750905e-08
39300.056 2.301145860901281e-08
39350.056 3.791207533694014e-08
39400.056 2.3826440233653498e-08
39450.056 3.152529116755509e-08
39500.056 3.269159157884908e-08
39550.056 2.018024739910186e-08
39600.056 3.1922498819781045e-08
39650.056 3.8456897095893e-08
39700.056 3.593733775824505e-08
39750.056 2.2057299944124608e-08
39800.056 2.5518085226230448e-08
39850.056 4.436304463040483e-08
39900.056 4.815863446520239e-08
39950.056 2.6414372607835207e-08
40000.056 4.236667938336285e-08
40050.056 4.3324540537998116e-08
40100.056 2.1481474325292182e-08
40150.056 4.1758973992942953e-08
40200.056 4.302828723798595e-08
40250.056 4.725247973009053e-08
40300.056 4.6027898179100446e-08
40350.056 3.4092478780672256e-08
40400.056 4.645965349566744e-08
40450.056 2.857292610771514e-08
40500.056 5.238286116429729e-08
40550.056 5.613193282909277e-08
40600.056 4.4874604988203206e-08
40650.056 3.72829120703951e-08
40700.056 6.597491577569386e-08
40750.056 4.5231722041189004e-08
40800.056 3.196650333694476e-08
40850.056 7.340747425251964e-08
40900.056 6.157410884283677e-08
40950.056 5.5704361418549525e-08
41000.056 4.678710028239159e-08
41050.056 7.598353625397842e-08
41100.056 6.419322387100001e-08
41150.056 3.282919270550226e-08
41200.056 7.530772530640802e-08
41250.056 6.029388929661473e-08
41300.056 6.068054421107558e-08
41350.056 7.725129419999135e-08
41400.056 6.793298556400491e-08
41450.056 8.610416970798488e-08
41500.056 5.961046939199504e-08
41550.056 5.6552421023131716e-08
41600.056 6.058843135145926e-08
41650.056 7.389649877900573e-08
41700.056 8.386013628797544e-08
41750.056 7.068051038708722e-08
41800.056 7.520972079572112e-08
41850.056 6.870662617835719e-08
41900.056 6.739325758016115e-08
41950.056 6.761934085600645e-08
42000.056 4.905210544142063e-08
42050.056 5.319999871183257e-08
42100.056 6.237271341315918e-08
42150.056 5.947529956700275e-08
42200.056 6.262195633779751e-08
42250.056 5.643685081700518e-08
42300.056 5.5954782498279086e-08
42350.056 7.65007195666048e-08
42400.056 8.348555838301081e-08
42450.056 7.593612599302456e-08
42500.056 7.54263945489891e-08
42550.056 6.604080836598238e-08
42600.056 7.290113446082888e-08
42650.056 1.0535524199496437e-07
42700.056 6.300012133145639e-08
42750.056 7.487414533351019e-08
42800.056 1.0089847168301519e-07
42850.056 1.0474282947496823e-07
42900.056 1.1124494177482253e-07
42950.056 8.829989544298472e-08
43000.056 9.94251691300148e-08
43050.056 5.753394067551024e-08
43100.056 8.523638566948951e-08
43150.056 7.083270533331023e-08
43200.056 1.022421963750069e-07
43250.056 1.2676180535300692e-07
43300.056 1.2288078090199755e-07
43350.056 7.210719236577848e-08
43400.056 9.961772814360188e-08
43450.056 7.019750225940658e-08
43500.056 7.199555688151779e-08
43550.056 7.80534531738122e-08
43600.056 1.1407396093001521e-07
43650.056 7.780225133490252e-08
43700.056 1.292194849020263e-07
43750.056 1.1277437222799516e-07
43800.056 1.048330033960914e-07
43850.056 9.344086507700928e-08
43900.056 8.336216140108842e-08
43950.056 5.575480349049365e-08
44000.056 5.5351257733897426e-08
44050.056 1.2156735789000144e-07
44100.056 1.5091339065199777e-07
44150.056 1.367084359796022e-07
44200.056 1.2384552375200016e-07
44250.056 7.573479951999778e-08
44300.056 6.329133500931135e-08
44350.056 7.093540411687817e-08
44400.056 6.580313728049229e-08
44450.056 1.0747007449799893e-07
44500.056 1.005564288894196e-07
44550.056 1.3636666279498898e-07
44600.056 1.2108444755829933e-07
44650.056 1.0635552978611327e-07
44700.056 7.357021790899666e-08
44750.056 1.1137873535002498e-07
44800.056 8.156738733420736e-08
44850.056 1.0838451799000647e-07
44900.056 9.175473701860634e-08
44950.056 1.082380087478087e-07
45000.056 1.2154846859200583e-07
45050.056 1.1162189004998593e-07
45100.056 1.0206386874700073e-07
45150.056 9.708674990378253e-08
45200.056 7.746443019910523e-08
45250.056 9.021376784227482e-08
45300.056 7.935912592011224e-08
45350.056 6.910649675861537e-08
45400.056 1.5015231021301695e-07
45450.056 1.2625541243101174e-07
45500.056 1.4585375270920878e-07
45550.056 1.508559649109549e-07
45600.056 1.4034497081402548e-07
45650.056 1.1547811362510136e-07
45700.056 8.04150325162948e-08
45750.056 7.768399588230287e-08
45800.056 1.5921525144100503e-07
45850.056 1.3226476632099446e-07
45900.056 1.57103446818992e-07
45950.056 1.3478995504200002e-07
46000.056 1.477865362545166e-07
46050.056 1.1299757860189999e-07
46100.056 1.7190190729998737e-07
46150.056 1.0968713492200528e-07
46200.056 9.805572283758825e-08
46250.056 4.668015251875365e-08
46300.056 1.1148226196279988e-07
46350.056 1.183651793910157e-07
46400.056 1.0501708711300264e-07
46450.056 9.867095400770788e-08
46500.056 1.1088458040592589e-07
46550.056 6.583564488600472e-08
46600.056 9.463850737192698e-08
46650.056 1.3732446519501055e-07
46700.056 9.425670987797568e-08
46750.056 5.456364350480872e-08
46800.056 3.7750368247581664e-08
46850.056 1.3426727449701904e-07
46900.056 1.3003691672199638e-07
46950.056 1.2754724733198969e-07
47000.056 1.2382356412001977e-07
47050.056 9.529189235631333e-08
47100.056 6.873548052980956e-08
47150.056 1.0166622301081486e-07
47200.056 1.1807983992899386e-07
47250.056 7.153505971119291e-08
47300.056 4.824209241756749e-08
47350.056 1.3643338665200013e-07
47400.056 1.1658447334398827e-07
47450.056 1.02221481731132e-07
47500.056 1.3682838793338553e-07
47550.056 1.1877311960500586e-07
47600.056 1.1470546760299256e-07
47650.056 1.1970588702463194e-07
47700.056 9.498632557565476e-08
47750.056 7.242378285560278e-08
47800.056 6.456272883600793e-08
47850.056 3.527677748110651e-08
47900.056 5.3337163324834156e-08
47950.056 1.0511950347400461e-07
48000.056 1.39627345490012e-07
48050.056 1.2012776928459885e-07
48100.056 5.566262056544608e-08
48150.056 9.61314246530016e-08
48200.056 6.899364157505919e-08
48250.056 8.283905275200057e-08
48300.056 1.33034138680985e-07
48350.056 8.422462087699604e-08
48400.056 2.7074750636223277e-08
48450.056 5.492465853705335e-08
48500.056 8.44595374999805e-08
48550.056 8.700310981820787e-08
48600.056 1.0276873870199907e-07
48650.056 1.280557203199904e-07
48700.056 8.983123869161185e-08
48750.056 6.145048616212583e-08
48800.056 1.1719706102900321e-07
48850.056 6.832991540358783e-08
48900.056 9.385070376310856e-08
48950.056 5.53150214860017e-08
49000.056 2.887322489687233e-08
49050.056 8.465831732668764e-08
49100.056 1.0249310751371799e-07
49150.056 7.811783104909649e-08
49200.056 1.1616153305002029e-07
49250.056 1.1559235178001083e-07
49300.056 1.000908570555996e-07
49350.056 4.408359558871977e-08
49400.056 6.46023637821832e-08
49450.056 6.428585387001738e-08
49500.056 5.095610643553461e-08
49550.056 1.3654279403760592e-08
49600.056 3.5911285506994527e-08
49650.056 7.068740006199975e-08
49700.056 7.446568479547419e-08
49750.056 7.779748003909727e-08
49800.056 5.345518539268098e-08
49850.056 9.964445859881753e-08
49900.056 8.063198620539317e-08
49950.056 8.078490798400116e-08
50000.056 6.580029563334311e-08
50050.056 8.006438249400128e-08
50100.056 6.333285548999594e-08
50150.056 3.3476792080093406e-08
50200.056 7.3879655593710525e-09
50250.056 4.0934880856997724e-08
50300.056 2.698711265007395e-08
50350.056 7.421038440941016e-08
50400.056 7.417808279299102e-08
50450.056 5.702660778780362e-08
50500.056 8.508381507420665e-08
50550.056 7.359634444200525e-08
50600.056 5.547367498448647e-08
50650.056 8.842166810301354e-08
50700.056 8.85627806379853e-08
50750.056 6.012433454680656e-08
50800.056 2.4062596227875443e-08
50850.056 1.4593105318766762e-08
50900.056 6.980206533900162e-08
50950.056 5.8841138952997095e-08
51000.056 5.002573781216399e-08
51050.056 6.923798521799052e-08
51100.056 2.7990148800706848e-08
51150.056 3.4056670337459606e-08
51200.056 8.551980525599735e-08
51250.056 5.986039705478978e-08
51300.056 4.294152871481759e-08
51350.056 4.219171948660474e-08
51400.056 1.690008625324252e-08
51450.056 1.3187062091715522e-08
51500.056 1.2847322475207353e-08
51550.056 4.484081321692661e-08
51600.056 3.552117176350897e-08
51650.056 4.39585493699952e-08
51700.056 4.7728220141937416e-08
51750.056 3.166223692435615e-08
51800.056 5.5001684745990927e-08
51850.056 4.541825653079663e-08
51900.056 6.101664477899656e-08
51950.056 3.7416327909995934e-08
52000.056 4.772214769768218e-09
52050.056 2.1577132929103092e-08
52100.056 1.3355497136198252e-08
52150.056 8.081109003464007e-09
52200.056 2.050657578731986e-08
52250.056 3.020669688280812e-08
52300.056 4.2242576998597906e-08
52350.056 1.6485271346110204e-08
52400.056 1.6272677552220502e-08
52450.056 4.9548368186003624e-08
52500.056 3.9017504766578614e-08
52550.056 4.229435501999639e-08
52600.056 3.136058926079909e-08
52650.056 3.746665565280411e-08
52700.056 2.8075504365298794e-08
52750.056 1.2318492314333255e-08
52800.056 2.1350281112102818e-08
52850.056 2.4445473577192794e-08
52900.056 1.2632968083669896e-08
52950.056 1.899023432720221e-08
53000.056 3.042526345000603e-08
53050.056 1.274155769289627e-08
53100.056 3.4974949274196074e-08
53150.056 3.7928041033203126e-08
53200.056 1.7478601964759313e-08
53250.056 3.513352658040191e-08
53300.056 4.2830263654324595e-08
53350.056 3.272966287720198e-08
53400.056 2.2512966974995244e-08
53450.056 9.027756306896911e-09
53500.056 1.8869345123302884e-09
53550.056 5.011556473732091e-09
53600.056 2.0210372801692868e-08
