galfind/configs/Brown_Dwarf_templates/sonora_bobcat/m-0.5/31g/sp_t2200g31nc_m-0.5_resample.dat
# %ECSV 1.0
# ---
# datatype:
# - {name: wav, unit: Angstrom, datatype: float64}
# - {name: flux_nu, unit: erg / (cm2 Hz s), datatype: float64}
# meta: {C/O: '1.00', Kzz: '1.0000E+05', Teff: '2200.', Y: '0.28', '[Fe/H]': '-0.50', f_hole: '1.00', f_rain: '0.00', grav: '32.'}
# schema: astropy-2.0
wav flux_nu
[from data line 500]
29000.056 2.5174183369791615e-06
29050.056 2.6032701932198685e-06
29100.056 2.2430571130301386e-06
29150.056 2.733795779130215e-06
29200.056 2.5114531789903524e-06
29250.056 2.717531144030032e-06
29300.056 2.4050190718987567e-06
29350.056 2.9771597000795724e-06
29400.056 2.552211427949862e-06
29450.056 2.5213583163298657e-06
29500.056 2.691504203529724e-06
29550.056 2.5921026619202796e-06
29600.056 2.7264545161499797e-06
29650.056 2.6868713723499415e-06
29700.056 2.4114883763098217e-06
29750.056 2.941570774321083e-06
29800.056 2.865303641479881e-06
29850.056 2.7719929737896597e-06
29900.056 2.522694161560641e-06
29950.056 2.9624304627594827e-06
30000.056 2.9171947471090812e-06
30050.056 2.7587154822999636e-06
30100.056 2.2853252047094247e-06
30150.056 3.3198742040997604e-06
30200.056 3.014533969750237e-06
30250.056 2.8604790334906485e-06
30300.056 2.899183368119807e-06
30350.056 2.802317404680537e-06
30400.056 3.2521888897504816e-06
30450.056 2.6525416786003204e-06
30500.056 2.5913058764803907e-06
30550.056 3.363486595700636e-06
30600.056 3.1927880164103314e-06
30650.056 3.176611424980173e-06
30700.056 2.9723295657299623e-06
30750.056 2.880095520450113e-06
30800.056 3.4037383057809183e-06
30850.056 2.9898170580899896e-06
30900.056 3.010910717819767e-06
30950.056 2.916170625660322e-06
31000.056 3.3210349131999167e-06
31050.056 2.884314449940068e-06
31100.056 3.186592075839961e-06
31150.056 3.241258547299692e-06
31200.056 3.293487311469653e-06
31250.056 3.5306482363506727e-06
31300.056 3.158628964499781e-06
31350.056 3.1519451899200046e-06
31400.056 3.27041168070054e-06
31450.056 3.2820885948601804e-06
31500.056 3.3659805595305157e-06
31550.056 3.1026004057999593e-06
31600.056 3.269033942399841e-06
31650.056 3.408876074999927e-06
31700.056 3.465471929999921e-06
31750.056 3.085061154000146e-06
31800.056 3.479590046000275e-06
31850.056 3.7763496141999556e-06
31900.056 3.6664573663997154e-06
31950.056 3.0618259551997053e-06
32000.056 3.2683622973807314e-06
32050.056 3.6985496122003756e-06
32100.056 3.7282978455996227e-06
32150.056 3.6846818732800853e-06
32200.056 3.5630616784999467e-06
32250.056 3.3841196657001612e-06
32300.056 3.6610714703001237e-06
32350.056 3.87290652880051e-06
32400.056 3.531976028329954e-06
32450.056 3.422078565000314e-06
32500.056 3.727130471500226e-06
32550.056 4.048326550700139e-06
32600.056 3.953060592839763e-06
32650.056 3.846933360501047e-06
32700.056 3.687795788500129e-06
32750.056 3.845594610600033e-06
32800.056 3.5580517552404035e-06
32850.056 4.130624631099726e-06
32900.056 3.979006318500069e-06
32950.056 3.5066998558998554e-06
33000.056 3.804473286870261e-06
33050.056 3.87920440261955e-06
33100.056 3.983621869379008e-06
33150.056 3.954968772000223e-06
33200.056 3.7135884276006797e-06
33250.056 3.981190829320211e-06
33300.056 4.296067707980307e-06
33350.056 4.0105001289002575e-06
33400.056 3.7288607195996226e-06
33450.056 4.057309873398871e-06
33500.056 4.042292625100261e-06
33550.056 3.972394378799398e-06
33600.056 4.034774325000661e-06
33650.056 4.1331785053008135e-06
33700.056 4.27857225981943e-06
33750.056 4.2366906976001805e-06
33800.056 4.147676210100022e-06
33850.056 4.021448445900078e-06
33900.056 4.473928661699493e-06
33950.056 4.013928951799536e-06
34000.056 4.0724852429991525e-06
34050.056 4.17360799890009e-06
34100.056 4.401020838000503e-06
34150.056 4.29872987749951e-06
34200.056 4.095928097899441e-06
34250.056 4.513899048299394e-06
34300.056 4.232116288299536e-06
34350.056 4.3790752395995034e-06
34400.056 4.1157014924995234e-06
34450.056 4.102314842300064e-06
34500.056 4.266857272400842e-06
34550.056 4.159157800399769e-06
34600.056 4.292873278099963e-06
34650.056 4.327191442099927e-06
34700.056 4.167813553899402e-06
34750.056 4.454769580400283e-06
34800.056 4.5605579357995995e-06
34850.056 4.163271505300033e-06
34900.056 4.440880021500349e-06
34950.056 4.322787659499167e-06
35000.056 4.21184667689949e-06
35050.056 4.634045337600613e-06
35100.056 4.4781024831991825e-06
35150.056 4.41321259739965e-06
35200.056 4.5010094843997e-06
35250.056 4.072940511900364e-06
35300.056 4.452357471300427e-06
35350.056 4.637200475699694e-06
35400.056 4.390715080199757e-06
35450.056 4.2906438874003015e-06
35500.056 4.561658755099974e-06
35550.056 4.401708383799896e-06
35600.056 4.300174441799243e-06
35650.056 4.697574403100531e-06
35700.056 4.316693573100363e-06
35750.056 4.397275076399695e-06
35800.056 4.553031852599665e-06
35850.056 4.625497428099738e-06
35900.056 4.7465095085995346e-06
35950.056 4.602378885999603e-06
36000.056 4.241613270199528e-06
36050.056 4.73783343200025e-06
36100.056 4.889655105899901e-06
36150.056 4.418639135100391e-06
36200.056 4.752140346099537e-06
36250.056 4.449144610499295e-06
36300.056 5.013172148400757e-06
36350.056 4.810662329299313e-06
36400.056 4.659766678499874e-06
36450.056 4.9731671016996595e-06
36500.056 4.651523989100316e-06
36550.056 4.554667275600538e-06
36600.056 4.610842464800426e-06
36650.056 4.766497772400506e-06
36700.056 4.994574511500148e-06
36750.056 4.62371545220054e-06
36800.056 4.760085379499573e-06
36850.056 4.839289028900062e-06
36900.056 4.8751239959006815e-06
36950.056 4.870267585800081e-06
37000.056 4.915281878000141e-06
37050.056 5.028869168299923e-06
37100.056 4.833865962400397e-06
37150.056 4.800671429799107e-06
37200.056 4.998264207200099e-06
37250.056 5.013595029500303e-06
37300.056 5.0165009940008735e-06
37350.056 4.780139821600558e-06
37400.056 4.996982523999726e-06
37450.056 4.95765970970035e-06
37500.056 5.094721737399746e-06
37550.056 4.95264052429922e-06
37600.056 5.18099080869941e-06
37650.056 4.803766478599573e-06
37700.056 4.903831363300172e-06
37750.056 5.159764725899261e-06
37800.056 5.245330719799909e-06
37850.056 5.061637310999774e-06
37900.056 5.150266321800378e-06
37950.056 5.188130168200252e-06
38000.056 5.0826094232006225e-06
38050.056 5.107418022200361e-06
38100.056 4.953446871400197e-06
38150.056 5.248893488099359e-06
38200.056 5.34190641669939e-06
38250.056 5.020734147600586e-06
38300.056 4.9565101027999315e-06
38350.056 5.14577562959997e-06
38400.056 5.205038372399806e-06
38450.056 5.202739157000474e-06
38500.056 5.112563769699764e-06
38550.056 5.13859701500036e-06
38600.056 5.494438748199779e-06
38650.056 4.9173747463001845e-06
38700.056 5.005122314700679e-06
38750.056 5.2523968238999665e-06
38800.056 5.1374636889007085e-06
38850.056 5.1762591668002464e-06
38900.056 4.984795264599913e-06
38950.056 5.216586000399656e-06
39000.056 5.1253581407001315e-06
39050.056 5.1760722538999415e-06
39100.056 4.934119337199957e-06
39150.056 5.065979939900229e-06
39200.056 5.191678389800196e-06
39250.056 5.171515445599374e-06
39300.056 5.1798707809991885e-06
39350.056 5.132034216300496e-06
39400.056 5.044427459400144e-06
39450.056 5.086534383099801e-06
39500.056 5.024265927399839e-06
39550.056 4.935035238499077e-06
39600.056 5.295366262900299e-06
39650.056 4.888203249500129e-06
39700.056 5.054852890199944e-06
39750.056 5.060750887799511e-06
39800.056 4.8249850186002914e-06
39850.056 4.961983024199763e-06
39900.056 4.843235966599711e-06
39950.056 5.053584552199828e-06
40000.056 4.7780811859997215e-06
40050.056 4.448073870399875e-06
40100.056 4.768083791699748e-06
40150.056 4.49221690949908e-06
40200.056 4.709618997599704e-06
40250.056 4.674851773998756e-06
40300.056 4.345711540700435e-06
40350.056 4.550891968500055e-06
40400.056 4.638367561499969e-06
40450.056 4.2427946807009075e-06
40500.056 4.067527279099972e-06
40550.056 4.659831999999708e-06
40600.056 4.255052473000312e-06
40650.056 4.421598794000922e-06
40700.056 4.606694283100274e-06
40750.056 4.091350942198909e-06
40800.056 4.058195494000572e-06
40850.056 3.840474628400828e-06
40900.056 3.794321178200693e-06
40950.056 4.099900711100002e-06
41000.056 4.245021570000388e-06
41050.056 4.132786053599175e-06
41100.056 3.9201908735005384e-06
41150.056 4.246082510600171e-06
41200.056 3.965074979200134e-06
41250.056 4.047918036900205e-06
41300.056 3.602485409999678e-06
41350.056 4.1610288608001934e-06
41400.056 3.964788213299972e-06
41450.056 3.7971478247998383e-06
41500.056 4.091431537800098e-06
41550.056 4.0665156288400766e-06
41600.056 4.183829206099937e-06
41650.056 3.7282428635005134e-06
41700.056 3.624693488099612e-06
41750.056 3.9291747507001275e-06
41800.056 3.7393883285998126e-06
41850.056 3.5166199577003986e-06
41900.056 3.967219026299387e-06
41950.056 3.687839374500352e-06
42000.056 3.887806216500254e-06
42050.056 3.5743610560988693e-06
42100.056 3.949564205800331e-06
42150.056 3.456204880199476e-06
42200.056 3.493245194700149e-06
42250.056 3.799911637699833e-06
42300.056 3.5975288570000447e-06
42350.056 3.869960323200661e-06
42400.056 3.561646932700064e-06
42450.056 3.1789016504001634e-06
42500.056 3.2348666939002274e-06
42550.056 3.5988792792996924e-06
42600.056 3.4804752477004857e-06
42650.056 3.4925836842990394e-06
42700.056 3.527332658500602e-06
42750.056 3.3625792633001034e-06
42800.056 3.4429660210999713e-06
42850.056 3.6744805910996315e-06
42900.056 3.5494666123003148e-06
42950.056 3.112433337398793e-06
43000.056 3.405493870500023e-06
43050.056 3.236122981781205e-06
43100.056 3.3587127760993196e-06
43150.056 3.4828008771008554e-06
43200.056 3.2804008902999213e-06
43250.056 3.376153677500855e-06
43300.056 3.364877100500095e-06
43350.056 3.1975517800993596e-06
43400.056 3.121833327319636e-06
43450.056 3.1551837610008163e-06
43500.056 3.0797843057992864e-06
43550.056 3.1411825755999396e-06
43600.056 3.3156549316000275e-06
43650.056 3.0097392551203773e-06
43700.056 2.9975889490002596e-06
43750.056 3.022766701300035e-06
43800.056 2.9442313171998664e-06
43850.056 3.0166239208005063e-06
43900.056 3.0342439618199264e-06
43950.056 2.879678089660245e-06
44000.056 2.671588090000071e-06
44050.056 2.6748254579000794e-06
44100.056 2.828752389600628e-06
44150.056 2.9941516700996597e-06
44200.056 2.7716327042502503e-06
44250.056 2.6435274752397684e-06
44300.056 2.5602379873105857e-06
44350.056 2.6064128551301706e-06
44400.056 2.631288861299989e-06
44450.056 2.7894796517001224e-06
44500.056 2.787309032500584e-06
44550.056 2.5027007522794315e-06
44600.056 2.547776313570351e-06
44650.056 2.736498507860011e-06
44700.056 2.4800680966602775e-06
44750.056 2.7027524570395903e-06
44800.056 2.637243582209921e-06
44850.056 2.696117289400149e-06
44900.056 2.5212535404003814e-06
44950.056 2.3480989023000238e-06
45000.056 2.5716889640999724e-06
45050.056 2.5402188844996242e-06
45100.056 2.6361905357998197e-06
45150.056 2.538614385170092e-06
45200.056 2.333031485219832e-06
45250.056 2.4097610355396184e-06
45300.056 2.4857195594901255e-06
45350.056 2.6038603191496e-06
45400.056 2.5125727947203114e-06
45450.056 2.314561441919637e-06
45500.056 2.335792461179896e-06
45550.056 2.59348185734963e-06
45600.056 2.4555947908099395e-06
45650.056 2.2262511906993853e-06
45700.056 2.4425131322603306e-06
45750.056 2.372604428259856e-06
45800.056 2.3542894226199367e-06
45850.056 2.641886725600054e-06
45900.056 2.5879034600400474e-06
45950.056 2.3158251973799156e-06
46000.056 2.638068071829991e-06
46050.056 2.6485460693006233e-06
46100.056 2.314399318480128e-06
46150.056 2.3668147547399484e-06
46200.056 2.6169704817805884e-06
46250.056 2.2224667728299136e-06
46300.056 2.6962515812598802e-06
46350.056 2.234885494929782e-06
46400.056 2.4273649147397035e-06
46450.056 2.3608158750205524e-06
46500.056 2.290546892089942e-06
46550.056 2.575801628159863e-06
46600.056 2.3739212760998118e-06
46650.056 2.8430588113299724e-06
46700.056 2.672153494920736e-06
46750.056 2.2979837003298977e-06
46800.056 2.5165143560804266e-06
46850.056 2.5666004621100595e-06
46900.056 2.4970055270395245e-06
46950.056 2.6809545809601964e-06
47000.056 2.5122509600599924e-06
47050.056 2.565832751419707e-06
47100.056 2.376058251620081e-06
47150.056 2.5004714003004765e-06
47200.056 2.4643298761406657e-06
47250.056 2.423693626139335e-06
47300.056 2.4611180566793262e-06
47350.056 2.1922728172395614e-06
47400.056 2.534790927799375e-06
47450.056 2.604182823079834e-06
47500.056 2.418618605959374e-06
47550.056 2.416918941549495e-06
47600.056 2.614896480299897e-06
47650.056 2.023235271859472e-06
47700.056 2.5979151899000624e-06
47750.056 1.9667416820406063e-06
47800.056 2.597837129899765e-06
47850.056 2.1102879269192277e-06
47900.056 2.654183398470137e-06
47950.056 2.0527471791605373e-06
48000.056 2.7870988613000436e-06
48050.056 2.1987364307604497e-06
48100.056 2.3382498829000142e-06
48150.056 2.1817451878802382e-06
48200.056 2.6260005140006415e-06
48250.056 2.230897620939749e-06
48300.056 2.765069661399774e-06
48350.056 2.005322386679555e-06
48400.056 2.5816062919799536e-06
48450.056 2.286759908420201e-06
48500.056 2.7361856598400516e-06
48550.056 2.088408401660017e-06
48600.056 2.5912226483997583e-06
48650.056 2.0736594250199796e-06
48700.056 2.447089853400056e-06
48750.056 1.9235609282903348e-06
48800.056 2.732228446220149e-06
48850.056 2.103469805749607e-06
48900.056 2.5582974253000716e-06
48950.056 2.398471048040275e-06
49000.056 2.33308509231987e-06
49050.056 2.3965092200997964e-06
49100.056 2.3120076911001156e-06
49150.056 2.3130848202200608e-06
49200.056 2.426951682639925e-06
49250.056 2.3162580762301585e-06
49300.056 2.1602412851996506e-06
49350.056 2.147616969200014e-06
49400.056 2.531363640900354e-06
49450.056 2.2262022363505336e-06
49500.056 2.2828422954003495e-06
49550.056 2.105578430029961e-06
49600.056 2.1859977519803995e-06
49650.056 2.241482828320337e-06
49700.056 1.9736994699197862e-06
49750.056 2.7063243310995146e-06
49800.056 2.2705460209400416e-06
49850.056 2.5901431864000415e-06
49900.056 2.1899154400801108e-06
49950.056 2.3170130980993187e-06
50000.056 2.207069897259474e-06
50050.056 2.3159303455701086e-06
50100.056 2.339186734399796e-06
50150.056 2.159936374799938e-06
50200.056 1.9803576428001497e-06
50250.056 2.1159154901201914e-06
50300.056 2.091345885129653e-06
50350.056 2.28213358801997e-06
50400.056 2.1977672669000856e-06
50450.056 2.0894537155802277e-06
50500.056 2.6248670947003746e-06
50550.056 2.208495821979824e-06
50600.056 2.2896706398501913e-06
50650.056 2.2106345657005496e-06
50700.056 2.3681549510193333e-06
50750.056 2.3066846540402746e-06
50800.056 1.9614424251098725e-06
50850.056 2.200797334740327e-06
50900.056 2.190493655599945e-06
50950.056 2.3368538012503605e-06
51000.056 2.5528526180702644e-06
51050.056 2.066969754000357e-06
51100.056 2.060908732119895e-06
51150.056 2.3087923131900892e-06
51200.056 2.168793857899845e-06
51250.056 2.355486818800072e-06
51300.056 2.0911232823306043e-06
51350.056 2.2828383758997645e-06
51400.056 2.1942046232393957e-06
51450.056 1.6812915681697558e-06
51500.056 2.2625134184799493e-06
51550.056 2.581585310820234e-06
51600.056 1.863566839029921e-06
51650.056 2.21670601189968e-06
51700.056 1.986494420499362e-06
51750.056 2.0189030051001384e-06
51800.056 2.2556382714997266e-06
51850.056 2.29352444859987e-06
51900.056 2.3713213591002884e-06
51950.056 2.128647716759758e-06
52000.056 1.9757782727099705e-06
52050.056 2.2592019100298277e-06
52100.056 2.1886009866995256e-06
52150.056 2.1907848785803262e-06
52200.056 2.0957447819501116e-06
52250.056 2.0800950177099676e-06
52300.056 2.160232112209986e-06
52350.056 2.426134876400222e-06
52400.056 1.8916437906000539e-06
52450.056 2.1129507906499685e-06
52500.056 2.24434531986938e-06
52550.056 2.0883888666994707e-06
52600.056 2.2019055886201446e-06
52650.056 2.451768323810452e-06
52700.056 2.1470087072600703e-06
52750.056 1.8007788862598295e-06
52800.056 2.0124080040002133e-06
52850.056 1.9242710676899093e-06
52900.056 2.1355826884202366e-06
52950.056 2.068659593699615e-06
53000.056 2.273932800479697e-06
53050.056 2.1774353809396743e-06
53100.056 1.9286666987295723e-06
53150.056 2.3121020488004708e-06
53200.056 1.7712018366103647e-06
53250.056 2.3835642046999157e-06
53300.056 2.280110153100739e-06
53350.056 2.30687918019979e-06
53400.056 2.04636647310015e-06
53450.056 1.9638406888500322e-06
53500.056 1.823196157969679e-06
53550.056 2.2221182623399027e-06
53600.056 2.2204885282403584e-06
