galfind/configs/Brown_Dwarf_templates/sonora_bobcat/m-0.5/31g/sp_t250g31nc_m-0.5_resample.dat
# %ECSV 1.0
# ---
# datatype:
# - {name: wav, unit: Angstrom, datatype: float64}
# - {name: flux_nu, unit: erg / (cm2 Hz s), datatype: float64}
# meta: {C/O: '1.00', Kzz: '1.0000E+05', Teff: '250.', Y: '0.28', '[Fe/H]': '-0.50', f_hole: '1.00', f_rain: '0.00', grav: '32.'}
# schema: astropy-2.0
wav flux_nu
4000.0559999999996 nan
4050.0559999999996 1.1982770062930185e-20
4100.056 2.1608758850100302e-19
4150.056 8.776296087000067e-19
4200.056 1.0016705694550059e-18
4250.056 5.401688823000039e-18
4300.056 1.2096432400600035e-17
4350.056 2.28514482180001e-17
4400.056 3.682487489500003e-17
4450.056 5.669043446999997e-17
4500.056 1.0058217573500044e-16
4550.056 1.4757650452000024e-16
4600.056 1.4411120429999998e-16
4650.056 1.3586553606999978e-16
4700.056 1.015229321829999e-16
4750.056 7.335358452199997e-17
4800.056 5.641289619999984e-17
4850.056 3.4916808028999835e-17
4900.056 2.505198948199997e-17
4950.056 2.094372275199998e-17
5000.056 1.724218681599997e-17
5050.056 1.4807496587000117e-17
5100.056 1.803286072200021e-17
5150.056 2.289911329200004e-17
5200.056 2.829550615000008e-17
5250.056 3.4195291155000067e-17
5300.056 4.1173043699000105e-17
5350.056 4.941914926100009e-17
5400.056 5.710388739500014e-17
5450.056 6.737858575700053e-17
5500.056 8.07152289310002e-17
5550.056 9.660827613600012e-17
5600.056 1.123942005100002e-16
5650.056 1.2505249987e-16
5700.056 1.220072719000002e-16
5750.056 1.2230331504900022e-16
5800.056 1.084972661899995e-16
5850.056 6.81067682339989e-17
5900.056 1.57315094326514e-17
5950.056 1.2265647341600507e-16
6000.056 3.4117864459699936e-16
6050.056 7.488882755800071e-16
6100.056 1.3413498214300126e-15
6150.056 2.146867616600014e-15
6200.056 3.2335987759000175e-15
6250.056 4.5137355827000025e-15
6300.056 6.362612210000004e-15
6350.056 8.773807837500004e-15
6400.056 1.1799971684300027e-14
6450.056 1.3076708813199773e-14
6500.056 1.641136854660029e-14
6550.056 2.2552066200199222e-14
6600.056 3.13195770834008e-14
6650.056 4.5270043947000346e-14
6700.056 6.283659678900032e-14
6750.056 8.460476192900044e-14
6800.056 1.0422120574700058e-13
6850.056 1.1830945632000015e-13
6900.056 1.0127065644300048e-13
6950.056 6.983962388170184e-14
7000.056 9.003282131309656e-14
7050.056 9.47496843592011e-14
7100.056 1.1418200782499858e-13
7150.056 7.714080687643136e-14
7200.056 4.1120636524341743e-14
7250.056 5.092691930547929e-14
7300.056 5.689757545375874e-14
7350.056 9.87888904033113e-14
7400.056 1.5422078358340532e-13
7450.056 2.516862315400096e-13
7500.056 3.394436655300017e-13
7550.056 4.003682847100007e-13
7600.056 4.199391032699995e-13
7650.056 1.8113809613639384e-13
7700.056 1.506117417400052e-13
7750.056 4.841966012300058e-13
7800.056 6.027306203800028e-13
7850.056 7.969163960799865e-13
7900.056 9.008996453719847e-13
7950.056 9.677312792199973e-13
8000.056 1.1675449911500037e-12
8050.056 1.2924934500900165e-12
8100.056 6.898695291994899e-13
8150.056 2.732774372711866e-13
8200.056 8.151576167128929e-13
8250.056 8.431013341673327e-13
8300.056 7.959624493430995e-13
8350.056 8.770966073366787e-13
8400.056 1.1958941717790428e-12
8450.056 2.0802659959199996e-12
8500.056 2.705439127750004e-12
8550.056 3.459559234000057e-12
8600.056 4.193752116900017e-12
8650.056 4.5060528428000085e-12
8700.056 3.830125816900013e-12
8750.056 3.503241818299993e-12
8800.056 2.68821233699992e-12
8850.056 1.625523808709892e-12
8900.056 6.919101639071882e-14
8950.056 1.498886163093759e-14
9000.056 1.6124139510250403e-14
9050.056 1.2567112447765572e-13
9100.056 1.7675388162681545e-13
9150.056 3.3416407421152486e-13
9200.056 1.10787194155212e-12
9250.056 7.103374823869848e-13
9300.056 1.518411475328695e-15
9350.056 1.378207040209757e-15
9400.056 3.5618564352920816e-14
9450.056 1.7252895242186033e-14
9500.056 1.523626315389994e-14
9550.056 1.302363886908827e-14
9600.056 2.6454826748010042e-14
9650.056 9.841604782462397e-14
9700.056 7.449763612675903e-13
9750.056 3.7893688178854397e-13
9800.056 4.2304835668119754e-13
9850.056 4.952614126656543e-13
9900.056 7.602379281287418e-13
9950.056 7.293113429150909e-13
10000.056 6.150763103222219e-13
10050.056 5.098125103579852e-13
10100.056 3.535849353680007e-13
10150.056 1.5121340666100003e-13
10200.056 2.4363149156418986e-14
10250.056 2.6456145197503998e-14
10300.056 6.991121779141658e-14
10350.056 1.947287187254991e-14
10400.056 9.379147833119749e-14
10450.056 1.701385780484704e-13
10500.056 3.066583690186099e-13
10550.056 5.375939511860068e-13
10600.056 6.418710690900223e-13
10650.056 5.801814809699952e-13
10700.056 4.019600518099933e-13
10750.056 3.255106919289897e-13
10800.056 2.706467858980045e-13
10850.056 2.1129004915340051e-13
10900.056 1.6299366112399764e-13
10950.056 9.847368902610896e-14
11000.056 5.388086386397127e-14
11050.056 2.481988892612943e-14
11100.056 8.636124503751583e-15
11150.056 1.8668706328789796e-15
11200.056 5.926356638090677e-16
11250.056 3.088833069643864e-16
11300.056 1.4413891109439664e-15
11350.056 1.9124510012156746e-16
11400.056 3.236520455851544e-15
11450.056 1.3794659261669097e-15
11500.056 1.5867872361398022e-15
11550.056 3.143768400990295e-16
11600.056 4.5746283573250224e-17
11650.056 6.602308530651671e-16
11700.056 1.0449080457462267e-15
11750.056 3.473517335305762e-16
11800.056 1.9758806470186256e-15
11850.056 1.5621377439227428e-15
11900.056 1.773696590668427e-15
11950.056 3.034048609181801e-15
12000.056 4.039375933042346e-15
12050.056 5.965830905472922e-15
12100.056 6.964793576167773e-15
12150.056 9.901537062370076e-15
12200.056 1.1433803213386223e-14
12250.056 3.1230695079102836e-14
12300.056 7.289765785991627e-14
12350.056 9.272312523892553e-14
12400.056 1.9265952821959973e-13
12450.056 4.31486941452009e-13
12500.056 6.034532655810153e-13
12550.056 6.764678115480027e-13
12600.056 1.2286340562201152e-12
12650.056 2.493616818777422e-12
12700.056 3.1370128879299754e-12
12750.056 2.205763030160165e-12
12800.056 1.3508413367438807e-12
12850.056 5.987054097939851e-13
12900.056 3.4257326186594484e-13
12950.056 2.7787993996748107e-13
13000.056 3.035537814521553e-13
13050.056 1.8166516305373303e-13
13100.056 1.772062658567699e-13
13150.056 7.320393628218663e-14
13200.056 1.0811928766019978e-13
13250.056 1.4504744687234184e-13
13300.056 4.874247397062281e-14
13350.056 2.6841090336014708e-14
13400.056 9.673808282464549e-15
13450.056 1.1114289838331816e-15
13500.056 1.1382645872712066e-16
13550.056 7.776604611235724e-18
13600.056 3.300335186861721e-19
13650.056 5.329402864971023e-18
13700.056 1.4555966209473485e-18
13750.056 2.0762529853392732e-17
13800.056 1.8842488701787993e-17
13850.056 4.201289240083145e-18
13900.056 2.17276646180858e-17
13950.056 1.1344000606817966e-17
14000.056 4.327798170243655e-17
14050.056 4.30983348810599e-17
14100.056 5.6887754566733e-17
14150.056 4.517318025084829e-16
14200.056 3.042912510042319e-16
14250.056 6.675251228908153e-16
14300.056 3.0788300960381113e-15
14350.056 2.18749731419471e-15
14400.056 2.0100211948802454e-15
14450.056 5.890025790380948e-15
14500.056 1.768110269832706e-14
14550.056 3.244886329305698e-14
14600.056 3.851564170011801e-14
14650.056 8.295006463067227e-15
14700.056 2.76012552644582e-15
14750.056 4.275231494552157e-16
14800.056 7.059800554133243e-16
14850.056 6.969789834239212e-16
14900.056 5.508050804101191e-16
14950.056 2.4340335023559524e-16
15000.056 1.3217519695048524e-15
15050.056 2.8552869952794576e-15
15100.056 4.846883502320145e-16
15150.056 8.397859395522152e-17
15200.056 1.67203317405394e-15
15250.056 3.681845769542905e-15
15300.056 6.645802292807691e-15
15350.056 1.3474080388363095e-14
15400.056 1.1838196513501556e-14
15450.056 2.2792094945752773e-14
15500.056 3.476986215528064e-14
15550.056 1.5660804167215783e-13
15600.056 3.72475623065427e-13
15650.056 9.640245217872244e-13
15700.056 2.3838605226382194e-12
15750.056 3.6119465989421263e-12
15800.056 4.612575583360198e-12
15850.056 6.440935745430944e-12
15900.056 7.8246807215295e-12
15950.056 1.0536152266899962e-11
16000.056 1.0016126926300128e-11
16050.056 6.9844213387696364e-12
16100.056 3.695998423250093e-12
16150.056 1.5669263641997772e-12
16200.056 4.844434917353594e-13
16250.056 1.6001462566856897e-13
16300.056 4.9583321566872465e-14
16350.056 6.118115009412441e-14
16400.056 7.702714763602329e-14
16450.056 7.62861639922836e-14
16500.056 4.8108076799979144e-14
16550.056 4.6705006667087275e-14
16600.056 2.144565659677818e-13
16650.056 8.930461164075437e-14
16700.056 1.2084652520704285e-14
16750.056 4.3056365336177164e-14
16800.056 8.566884563230704e-14
16850.056 8.693593432688224e-14
16900.056 1.830337308539136e-14
16950.056 9.685319411187063e-15
17000.056 2.9280946933117317e-15
17050.056 5.877041203758264e-15
17100.056 2.3565767022295035e-14
17150.056 9.610835325629916e-15
17200.056 6.469308737321594e-14
17250.056 9.260794609732275e-15
17300.056 7.40634532624976e-15
17350.056 1.5049189586190706e-14
17400.056 4.33822239781136e-14
17450.056 5.528476550087541e-14
17500.056 1.0702588841902295e-13
17550.056 9.478941370968819e-14
17600.056 8.45855707404526e-14
17650.056 4.1658937586646584e-14
17700.056 3.4852840766892376e-14
17750.056 2.7452415093125582e-14
17800.056 9.927162431799412e-14
17850.056 2.61508896588391e-14
17900.056 1.6829808886470476e-14
17950.056 1.3475201679446001e-14
18000.056 2.2680237831507495e-14
18050.056 1.3713901995288718e-14
18100.056 1.601131802543371e-14
18150.056 5.92314268244998e-15
18200.056 4.633844295757052e-15
18250.056 2.430483157133568e-14
18300.056 1.3133135689219596e-15
18350.056 1.0590283919286585e-15
18400.056 3.1780740102929447e-16
18450.056 6.379707282913248e-15
18500.056 4.588196740506394e-15
18550.056 1.6627477540759065e-15
18600.056 5.703381378668788e-15
18650.056 4.921229219199127e-15
18700.056 1.3539433891323672e-16
18750.056 2.603663429384497e-16
18800.056 1.2072180391251854e-14
18850.056 8.610004314026497e-15
18900.056 1.3464779698199011e-14
18950.056 1.2777931917647833e-14
19000.056 1.4374477457191677e-15
19050.056 6.093106131656369e-16
19100.056 2.958061960426129e-15
19150.056 1.159946600195697e-15
19200.056 3.0768274652560398e-15
19250.056 2.203285459196679e-15
19300.056 1.02775907513249e-15
19350.056 1.1629110175907876e-15
19400.056 7.578089862975831e-16
19450.056 7.261830560318316e-16
19500.056 5.439642170849671e-16
19550.056 1.791236076483706e-15
19600.056 3.882361605657104e-15
19650.056 2.3887819788211998e-15
19700.056 3.812899074822421e-15
19750.056 4.810370379849404e-15
19800.056 2.924302965357536e-15
19850.056 3.4132497045772625e-15
19900.056 6.138747819002389e-15
19950.056 6.283184802669724e-15
20000.056 6.871726426347944e-15
20050.056 5.244819058768176e-15
20100.056 7.439543248957597e-15
20150.056 4.629623190867286e-15
20200.056 2.933817740362704e-15
20250.056 6.492128580500495e-15
20300.056 7.693849109200607e-15
20350.056 7.549363465012792e-15
20400.056 7.22580495754116e-15
20450.056 9.665095056575313e-15
20500.056 9.35891815938346e-15
20550.056 9.093459959364136e-15
20600.056 8.57522983223292e-15
20650.056 8.204387683906529e-15
20700.056 7.726377239289675e-15
20750.056 6.898608517299838e-15
20800.056 5.957011161799384e-15
20850.056 5.614955068299939e-15
20900.056 5.032337420499915e-15
20950.056 4.431671804500012e-15
21000.056 3.98877412639997e-15
21050.056 3.880915392499949e-15
21100.056 3.797197656200011e-15
21150.056 3.9668920127000765e-15
21200.056 4.232057832540201e-15
21250.056 4.7388910083999674e-15
21300.056 5.146825565199911e-15
21350.056 5.772935511757929e-15
21400.056 6.926355122290869e-15
21450.056 6.960623355728339e-15
21500.056 7.155622734909074e-15
21550.056 7.867456098227748e-15
21600.056 7.621990543470365e-15
21650.056 6.886247964587916e-15
21700.056 6.327892850032437e-15
21750.056 7.212060397028201e-15
21800.056 6.041475653437282e-15
21850.056 5.926449411208979e-15
21900.056 5.091232778678773e-15
21950.056 2.395474194146541e-15
22000.056 1.793859159478555e-16
22050.056 4.604260909766116e-16
22100.056 1.610490771310154e-15
22150.056 9.062840211375813e-16
22200.056 7.67744252940244e-16
22250.056 5.86765668331558e-16
22300.056 2.1369398753085292e-16
22350.056 4.040039608249149e-16
22400.056 1.473534382608004e-16
22450.056 2.693574550628691e-16
22500.056 1.9759476843509859e-16
22550.056 6.417952161196715e-17
22600.056 4.514846817222338e-17
22650.056 6.927587036790618e-17
22700.056 9.144801129791243e-17
22750.056 1.8135068091627563e-16
22800.056 2.611956791395738e-16
22850.056 1.5950546373120976e-16
22900.056 8.827454142654942e-17
22950.056 5.073920727419598e-17
23000.056 6.136742307889104e-17
23050.056 4.0435742906086e-17
23100.056 9.12899455215928e-16
23150.056 9.271164086266594e-16
23200.056 2.6419227330905117e-17
23250.056 2.2341735209476464e-16
23300.056 1.1688913958101247e-16
23350.056 2.0551358514662174e-16
23400.056 1.7308658785911418e-16
23450.056 5.97052560821491e-17
23500.056 5.912794808104023e-17
23550.056 1.6124911395782025e-16
23600.056 4.877066206395018e-16
23650.056 6.7431596278605e-16
23700.056 7.005256731271932e-17
23750.056 1.0818846733430305e-16
23800.056 7.079167316007634e-16
23850.056 3.490547870135307e-16
23900.056 7.728030792636094e-16
23950.056 3.021442164371103e-16
24000.056 1.0996313272199414e-15
24050.056 1.2732747191542561e-15
24100.056 2.098398611902162e-15
24150.056 3.1737288562805305e-15
24200.056 2.2097160340760327e-15
24250.056 1.6839957851924268e-15
24300.056 4.136872793988174e-15
24350.056 4.47546766195185e-15
24400.056 1.0069201112018959e-14
24450.056 1.3637678002644386e-14
24500.056 1.3423471036011083e-14
24550.056 2.4323394212934124e-14
24600.056 3.536629356184752e-14
24650.056 5.251043254804686e-14
24700.056 4.817269801488408e-14
24750.056 7.445119184714202e-14
24800.056 7.641830076513397e-14
24850.056 1.0310517951163408e-13
24900.056 8.593508114822504e-14
24950.056 1.2087728617484776e-13
25000.056 1.8082120646684357e-13
25050.056 1.416708910059773e-13
25100.056 1.8265650571336196e-13
25150.056 1.001093370846881e-13
25200.056 1.7795868514111862e-13
25250.056 9.04645364238819e-14
25300.056 7.255611557672948e-14
25350.056 5.146164660683691e-14
25400.056 1.0788856439440092e-13
25450.056 2.4910141351045982e-14
25500.056 1.911641030416266e-14
25550.056 5.939804933790208e-14
25600.056 1.9621415036688886e-14
25650.056 6.867760721463347e-15
25700.056 3.6850025244343844e-15
25750.056 1.2882114068883715e-15
25800.056 7.14654325196214e-15
25850.056 9.417679748288502e-16
25900.056 1.045233688489691e-15
25950.056 4.646908357795654e-16
26000.056 3.744121689413155e-15
26050.056 5.742771280644839e-16
26100.056 1.778064142589982e-15
26150.056 8.047403850138382e-16
26200.056 1.0463421459145629e-15
26250.056 6.634088232864708e-15
26300.056 1.3051156655896595e-15
26350.056 2.64612836564592e-14
26400.056 7.671192522717232e-14
26450.056 3.003299875492903e-14
26500.056 1.1985390459023188e-13
26550.056 5.549886806943944e-15
26600.056 4.552798702478647e-15
26650.056 9.929274553987528e-16
26700.056 1.102891224049536e-15
26750.056 1.6759829745758085e-15
26800.056 6.284312053042091e-15
26850.056 4.0315516684840345e-15
26900.056 1.7863817923358922e-14
26950.056 3.5163659607648298e-15
27000.056 2.017012702089561e-14
27050.056 4.982082085548613e-14
27100.056 2.155431284873479e-15
27150.056 3.1086249621835036e-14
27200.056 2.6772632683319846e-15
27250.056 9.223979329714029e-15
27300.056 1.4790664323738322e-13
27350.056 3.2024457095636906e-14
27400.056 2.5105057599450805e-15
27450.056 5.902063412528856e-14
27500.056 7.773657092358112e-14
27550.056 1.083749250780106e-14
27600.056 3.834856244316304e-14
27650.056 9.379634399271714e-15
27700.056 1.2883676569480202e-14
27750.056 8.98392337520145e-14
27800.056 2.5082957376413264e-14
27850.056 6.831235140927327e-14
27900.056 1.0118129644322359e-13
27950.056 1.6779255082660573e-13
28000.056 2.9089753272617215e-13
28050.056 1.4329902139545524e-14
28100.056 3.113170184082787e-13
28150.056 2.265229248983757e-13
28200.056 2.8080231925358304e-14
28250.056 4.186449928344764e-13
28300.056 3.821750681677806e-13
28350.056 3.479589168612486e-14
28400.056 2.055303634694565e-13
28450.056 4.196279808614035e-13
28500.056 1.451710174965455e-13
28550.056 3.48407809076478e-14
28600.056 4.407870536041692e-13
28650.056 1.3794973690768394e-13
28700.056 4.359095394322582e-13
28750.056 6.291636652082629e-13
28800.056 1.0745935338016286e-13
28850.056 1.4208544305218374e-12
28900.056 3.0139998711430286e-13
