galfind/configs/Brown_Dwarf_templates/sonora_bobcat/m-0.5/31g/sp_t1800g31nc_m-0.5_resample.dat
# %ECSV 1.0
# ---
# datatype:
# - {name: wav, unit: Angstrom, datatype: float64}
# - {name: flux_nu, unit: erg / (cm2 Hz s), datatype: float64}
# meta: {C/O: '1.00', Kzz: '1.0000E+05', Teff: '1800.', Y: '0.28', '[Fe/H]': '-0.50', f_hole: '1.00', f_rain: '0.00', grav: '32.'}
# schema: astropy-2.0
wav flux_nu
[from data line 496]
28800.056 1.1714979355302978e-06
28850.056 1.2534549719301743e-06
28900.056 9.663063047900712e-07
28950.056 1.39530922572992e-06
29000.056 1.1387963255396838e-06
29050.056 1.188651154629865e-06
29100.056 9.744015807901328e-07
29150.056 1.2725163283402335e-06
29200.056 1.1164049242802579e-06
29250.056 1.2780019469500308e-06
29300.056 1.044054332699477e-06
29350.056 1.47243398982976e-06
29400.056 1.1753429204498315e-06
29450.056 1.2075849966299675e-06
29500.056 1.2628249582798405e-06
29550.056 1.213626217190073e-06
29600.056 1.3155136574998134e-06
29650.056 1.2598547815198885e-06
29700.056 1.1226298262898208e-06
29750.056 1.412137310110668e-06
29800.056 1.4165612719899108e-06
29850.056 1.3517236416598412e-06
29900.056 1.225709071000356e-06
29950.056 1.4590782930397507e-06
30000.056 1.4364030191096676e-06
30050.056 1.3429466409599036e-06
30100.056 1.1235739456796755e-06
30150.056 1.6833128684798875e-06
30200.056 1.4732394414401193e-06
30250.056 1.4685128742504163e-06
30300.056 1.44232981564982e-06
30350.056 1.3797340160701996e-06
30400.056 1.688968327750319e-06
30450.056 1.3366871212201373e-06
30500.056 1.2460414462101823e-06
30550.056 1.6797678474003575e-06
30600.056 1.6151069626402138e-06
30650.056 1.6411950795800256e-06
30700.056 1.507841078989927e-06
30750.056 1.4497541771400387e-06
30800.056 1.7088229640603798e-06
30850.056 1.4427920973598996e-06
30900.056 1.4732512724298675e-06
30950.056 1.4060119986802065e-06
31000.056 1.5935924194299334e-06
31050.056 1.4406811550499855e-06
31100.056 1.422641680959905e-06
31150.056 1.5707010776197105e-06
31200.056 1.5628494536598493e-06
31250.056 1.6296361796201629e-06
31300.056 1.4916255343798273e-06
31350.056 1.4735257569799635e-06
31400.056 1.4335267870303704e-06
31450.056 1.4791675333499985e-06
31500.056 1.49446139711006e-06
31550.056 1.3917589234700206e-06
31600.056 1.4156551737498687e-06
31650.056 1.468016582289953e-06
31700.056 1.4693097992198825e-06
31750.056 1.3146666427602809e-06
31800.056 1.5573832060300106e-06
31850.056 1.5859890623001909e-06
31900.056 1.710787025729895e-06
31950.056 1.2492959140598838e-06
32000.056 1.4183231455401635e-06
32050.056 1.6702190776701726e-06
32100.056 1.6477992028098503e-06
32150.056 1.7281558760699533e-06
32200.056 1.6212401662799288e-06
32250.056 1.650141128270217e-06
32300.056 1.6345813274400155e-06
32350.056 1.8973566315003127e-06
32400.056 1.5713588679400447e-06
32450.056 1.6778856220399183e-06
32500.056 1.7977490163503202e-06
32550.056 2.007816196310098e-06
32600.056 1.9859021477998767e-06
32650.056 2.0026609367206e-06
32700.056 1.9302643091302423e-06
32750.056 1.9635268103400083e-06
32800.056 1.8251618757301788e-06
32850.056 2.1973829341497246e-06
32900.056 2.1683907749700044e-06
32950.056 1.8445495428598433e-06
33000.056 1.9803353817901647e-06
33050.056 1.9997201401198483e-06
33100.056 1.9737407366895117e-06
33150.056 1.5238807749501497e-06
33200.056 1.1548813382897342e-06
33250.056 1.069579197319466e-06
33300.056 9.815910938902376e-07
33350.056 1.08654330035013e-06
33400.056 1.1179893578898117e-06
33450.056 1.2623516342897116e-06
33500.056 1.5589614961603102e-06
33550.056 1.6015164149599982e-06
33600.056 1.8072393871503586e-06
33650.056 1.9957190608705452e-06
33700.056 1.9748807499197015e-06
33750.056 2.1944269786400045e-06
33800.056 2.0521850441297184e-06
33850.056 2.105986635510096e-06
33900.056 2.271547312099639e-06
33950.056 2.0573809124498924e-06
34000.056 2.0850735527294118e-06
34050.056 2.0302213253295803e-06
34100.056 2.325860282120256e-06
34150.056 2.174367999109532e-06
34200.056 2.0188892289293893e-06
34250.056 2.3150582139596735e-06
34300.056 1.960289631208941e-06
34350.056 2.0987933819899805e-06
34400.056 1.966895480569894e-06
34450.056 2.0408274498200037e-06
34500.056 2.2004914044602914e-06
34550.056 1.9614006929898676e-06
34600.056 2.218910214120002e-06
34650.056 2.2130437982400594e-06
34700.056 2.124750692639598e-06
34750.056 2.36802465002029e-06
34800.056 2.317541645299563e-06
34850.056 2.102924314890108e-06
34900.056 2.221090263760368e-06
34950.056 2.1378501972794975e-06
35000.056 2.24014553569977e-06
35050.056 2.4808821068405205e-06
35100.056 2.243402699449494e-06
35150.056 2.329272848499932e-06
35200.056 2.3785439208698976e-06
35250.056 2.2323050885400386e-06
35300.056 2.330860649700027e-06
35350.056 2.4327941453998064e-06
35400.056 2.3042604317900385e-06
35450.056 2.1423638577805088e-06
35500.056 2.534631255699825e-06
35550.056 2.389737895999948e-06
35600.056 2.2172425323198573e-06
35650.056 2.654306168710289e-06
35700.056 2.25889383630029e-06
35750.056 2.4545137507396818e-06
35800.056 2.6355696386997974e-06
35850.056 2.489776369999953e-06
35900.056 2.796801060699636e-06
35950.056 2.583283532560034e-06
36000.056 2.397811868299845e-06
36050.056 2.7951814152002987e-06
36100.056 2.8264889890993122e-06
36150.056 2.5500613994603813e-06
36200.056 2.843064215139663e-06
36250.056 2.570993976299556e-06
36300.056 3.036422014760514e-06
36350.056 2.8260752800997246e-06
36400.056 2.7479650726000065e-06
36450.056 3.061956021699713e-06
36500.056 2.8277067746001875e-06
36550.056 2.7776703837005766e-06
36600.056 2.844761181900202e-06
36650.056 2.9439333735001862e-06
36700.056 3.1340419996000474e-06
36750.056 2.8767248674002527e-06
36800.056 2.978460673499786e-06
36850.056 3.022828964700288e-06
36900.056 3.056302269600472e-06
36950.056 3.060844289559907e-06
37000.056 3.1555230010999787e-06
37050.056 3.1877180145998818e-06
37100.056 3.120872367100374e-06
37150.056 3.1133903441994486e-06
37200.056 3.238998607100041e-06
37250.056 3.2640599200001526e-06
37300.056 3.2855568882005116e-06
37350.056 3.0643353828004333e-06
37400.056 3.2390111133997536e-06
37450.056 3.1880244964002287e-06
37500.056 3.2816222085997427e-06
37550.056 3.2312798779994663e-06
37600.056 3.4012616387996405e-06
37650.056 3.188494878999773e-06
37700.056 3.2891360376000315e-06
37750.056 3.4073332291996716e-06
37800.056 3.477257704399886e-06
37850.056 3.3057928834998603e-06
37900.056 3.395414109800282e-06
37950.056 3.4297193113000934e-06
38000.056 3.381298088300386e-06
38050.056 3.412431640000224e-06
38100.056 3.2663579566002306e-06
38150.056 3.5470699701996592e-06
38200.056 3.597036130699634e-06
38250.056 3.3006637755004537e-06
38300.056 3.274603235099966e-06
38350.056 3.4123347330998762e-06
38400.056 3.4816301870997807e-06
38450.056 3.575566754700234e-06
38500.056 3.4382173953998784e-06
38550.056 3.448515054600162e-06
38600.056 3.7643413724998484e-06
38650.056 3.3380486906001032e-06
38700.056 3.3926452695006068e-06
38750.056 3.5462508298999573e-06
38800.056 3.500674622000392e-06
38850.056 3.4464843267002147e-06
38900.056 3.350900573399843e-06
38950.056 3.5818148998997833e-06
39000.056 3.4519041865001163e-06
39050.056 3.5368094265999003e-06
39100.056 3.325727824600069e-06
39150.056 3.457887866100119e-06
39200.056 3.568989688100114e-06
39250.056 3.530087658499468e-06
39300.056 3.5136448728994184e-06
39350.056 3.509989119700348e-06
39400.056 3.463134531100093e-06
39450.056 3.47306679239984e-06
39500.056 3.4008088947997435e-06
39550.056 3.3576077142094764e-06
39600.056 3.649642213100057e-06
39650.056 3.280706701400026e-06
39700.056 3.411857082199867e-06
39750.056 3.3908487198996392e-06
39800.056 3.2174335183001937e-06
39850.056 3.3326695318997705e-06
39900.056 3.2779034207999588e-06
39950.056 3.4343405803998547e-06
40000.056 3.134717054599846e-06
40050.056 2.975099866199969e-06
40100.056 3.185165028499804e-06
40150.056 3.0014520416993582e-06
40200.056 3.1203601283997386e-06
40250.056 3.0496636396992246e-06
40300.056 2.862690188350344e-06
40350.056 3.0737791521002026e-06
40400.056 3.070579143999976e-06
40450.056 2.8338769465004623e-06
40500.056 2.6573271291001528e-06
40550.056 3.0944485018997794e-06
40600.056 2.7252430376802898e-06
40650.056 2.8706311597003808e-06
40700.056 3.0048423125001507e-06
40750.056 2.669816403999132e-06
40800.056 2.6281973985203745e-06
40850.056 2.497441988620562e-06
40900.056 2.5080536694003867e-06
40950.056 2.664432635939977e-06
41000.056 2.718457545900101e-06
41050.056 2.6627472142595227e-06
41100.056 2.507601330910174e-06
41150.056 2.6975529842000784e-06
41200.056 2.5458753755500875e-06
41250.056 2.578085490100213e-06
41300.056 2.2585133105196846e-06
41350.056 2.6690409198000867e-06
41400.056 2.4767173824001346e-06
41450.056 2.435665157230033e-06
41500.056 2.6073178103801607e-06
41550.056 2.533001125740036e-06
41600.056 2.6059550454000524e-06
41650.056 2.3464404509604003e-06
41700.056 2.2503642130596864e-06
41750.056 2.41436762826996e-06
41800.056 2.4039417197396967e-06
41850.056 2.142373701040382e-06
41900.056 2.503033680999745e-06
41950.056 2.2977403309004325e-06
42000.056 2.3695725685402183e-06
42050.056 2.1496294444893045e-06
42100.056 2.459781221400292e-06
42150.056 1.9592710459095198e-06
42200.056 2.062123068310141e-06
42250.056 2.282879473469872e-06
42300.056 2.0355501524600702e-06
42350.056 2.3395447727304736e-06
42400.056 2.0579032460003133e-06
42450.056 1.7983787141200649e-06
42500.056 1.9042944172902537e-06
42550.056 2.0588636478299083e-06
42600.056 1.9916286576603496e-06
42650.056 1.9158844358691927e-06
42700.056 2.0524549338104904e-06
42750.056 1.918021654300051e-06
42800.056 1.9404404508803278e-06
42850.056 2.119937776819654e-06
42900.056 2.027225687710136e-06
42950.056 1.7848156022292775e-06
43000.056 1.9023269710699375e-06
43050.056 1.7622954467008362e-06
43100.056 1.8835913548399018e-06
43150.056 1.925938004730388e-06
43200.056 1.8308873496301015e-06
43250.056 1.858137287080068e-06
43300.056 1.8950823849500992e-06
43350.056 1.6859454890097442e-06
43400.056 1.7381045396897948e-06
43450.056 1.7320769091204717e-06
43500.056 1.7062000711197482e-06
43550.056 1.7548025850200142e-06
43600.056 1.8471405775200695e-06
43650.056 1.612115588410131e-06
43700.056 1.5749963919299387e-06
43750.056 1.6309883398501594e-06
43800.056 1.5477287649700376e-06
43850.056 1.558694691620386e-06
43900.056 1.6075201709799362e-06
43950.056 1.4908795904300918e-06
44000.056 1.3712796064600598e-06
44050.056 1.3599703525100813e-06
44100.056 1.4741368785202387e-06
44150.056 1.5299333384998216e-06
44200.056 1.4066475628100978e-06
44250.056 1.3632662074999807e-06
44300.056 1.3094767185002214e-06
44350.056 1.2943962380901285e-06
44400.056 1.3520459899799225e-06
44450.056 1.381909910660064e-06
44500.056 1.3651099513402172e-06
44550.056 1.2312493847097333e-06
44600.056 1.2449119520201432e-06
44650.056 1.3450961649700347e-06
44700.056 1.2116911914401366e-06
44750.056 1.2825594122498457e-06
44800.056 1.266916979269945e-06
44850.056 1.2645893255800787e-06
44900.056 1.1794611024301507e-06
44950.056 1.119094023340045e-06
45000.056 1.2198468762199206e-06
45050.056 1.226240248449876e-06
45100.056 1.2547692423599634e-06
45150.056 1.1571890226599978e-06
45200.056 1.0650030639499756e-06
45250.056 1.1106677341898947e-06
45300.056 1.1994405797500685e-06
45350.056 1.240399975929902e-06
45400.056 1.1621602933601465e-06
45450.056 1.0642589485198397e-06
45500.056 1.1040533484999645e-06
45550.056 1.2237080339699235e-06
45600.056 1.1183373119999722e-06
45650.056 1.0197025911598067e-06
45700.056 1.1987662513500863e-06
45750.056 1.087304365419996e-06
45800.056 1.0688455683999666e-06
45850.056 1.2720152445499695e-06
45900.056 1.269229457410055e-06
45950.056 1.0958988090999848e-06
46000.056 1.3116609850000082e-06
46050.056 1.2944822683402537e-06
46100.056 1.0619395344601026e-06
46150.056 1.1524269489299457e-06
46200.056 1.25077259759027e-06
46250.056 1.0271719387899863e-06
46300.056 1.345168674079958e-06
46350.056 1.1176918180498844e-06
46400.056 1.1575091204998636e-06
46450.056 1.1913944771002033e-06
46500.056 1.0868064506299134e-06
46550.056 1.3349720997999896e-06
46600.056 1.2251523239100294e-06
46650.056 1.5702360107898718e-06
46700.056 1.4569061839404211e-06
46750.056 1.1537452564699001e-06
46800.056 1.2728924443501992e-06
46850.056 1.3693248151901355e-06
46900.056 1.2789322472097695e-06
46950.056 1.4478943319600574e-06
47000.056 1.2189016660499891e-06
47050.056 1.4350982374397965e-06
47100.056 1.1292457250200972e-06
47150.056 1.2650490864001862e-06
47200.056 1.33772433044035e-06
47250.056 1.1919792090998049e-06
47300.056 1.2614639541697096e-06
47350.056 1.0610710466697922e-06
47400.056 1.3291926340597201e-06
47450.056 1.191280007609901e-06
47500.056 1.2998087360897865e-06
47550.056 1.1789986443798752e-06
47600.056 1.3448865097998963e-06
47650.056 9.751332293797523e-07
47700.056 1.3728912011400437e-06
47750.056 9.381429467602276e-07
47800.056 1.3332158796598682e-06
47850.056 1.0197691384998354e-06
47900.056 1.3456059811000802e-06
47950.056 9.951272879901936e-07
48000.056 1.5071369564199942e-06
48050.056 1.1126476792401923e-06
48100.056 1.2368281490599633e-06
48150.056 1.1152649104601546e-06
48200.056 1.357123533330184e-06
48250.056 1.113216370959959e-06
48300.056 1.4790358261097832e-06
48350.056 9.915547589498824e-07
48400.056 1.3311464962699853e-06
48450.056 1.074049910170041e-06
48500.056 1.493873928730034e-06
48550.056 1.0141765288300338e-06
48600.056 1.3799011856598726e-06
48650.056 1.0488743957399758e-06
48700.056 1.340061865500091e-06
48750.056 9.397389530801002e-07
48800.056 1.5045930102600927e-06
48850.056 1.0327401324497986e-06
48900.056 1.3701675686301206e-06
48950.056 1.2172981798500236e-06
49000.056 1.2173799087298793e-06
49050.056 1.2905543425599376e-06
49100.056 1.1815574559801323e-06
49150.056 1.2499113224400127e-06
49200.056 1.1853085209099507e-06
49250.056 1.2373677421100087e-06
49300.056 1.078125236909876e-06
49350.056 1.1639951899199665e-06
49400.056 1.3719648164401003e-06
49450.056 1.1610403185702648e-06
49500.056 1.2263165853600935e-06
49550.056 1.0679558374799792e-06
49600.056 1.1721605247702603e-06
49650.056 1.2262529188700666e-06
49700.056 1.0464484643799191e-06
49750.056 1.5913340129797791e-06
49800.056 1.1747224021500647e-06
49850.056 1.5070816537700508e-06
49900.056 1.1847740313000898e-06
49950.056 1.262071872409679e-06
50000.056 1.2379133858897147e-06
50050.056 1.244002663860097e-06
50100.056 1.3479547982299127e-06
50150.056 1.1355792121700342e-06
50200.056 1.0677030478901314e-06
50250.056 1.2361226328200815e-06
50300.056 1.1433167944799128e-06
50350.056 1.3581273191499848e-06
50400.056 1.1859428462499748e-06
50450.056 1.1819305076101717e-06
50500.056 1.5219867009802315e-06
50550.056 1.2236652898099359e-06
50600.056 1.3361644538900338e-06
50650.056 1.2453094881102831e-06
50700.056 1.3831897093296256e-06
50750.056 1.418082973790193e-06
50800.056 1.0488371001498852e-06
50850.056 1.2598805344102074e-06
50900.056 1.3346880759599562e-06
50950.056 1.3534390949302251e-06
51000.056 1.5663731237401435e-06
51050.056 1.1813743761101647e-06
51100.056 1.1625964420699161e-06
51150.056 1.345399092449922e-06
51200.056 1.264838484949949e-06
51250.056 1.4115445462399784e-06
51300.056 1.1579761809603602e-06
51350.056 1.3304078372497878e-06
51400.056 1.2471336207496912e-06
51450.056 9.243247074198536e-07
51500.056 1.2668367591200065e-06
51550.056 1.5904494233301504e-06
51600.056 1.0623868239600326e-06
51650.056 1.2856119457897967e-06
51700.056 1.193003890359639e-06
51750.056 1.1455479528900791e-06
51800.056 1.3839112598297809e-06
51850.056 1.3591044645898358e-06
51900.056 1.4346137379002336e-06
51950.056 1.3070433855898743e-06
52000.056 1.1218687013899516e-06
52050.056 1.3168606067599049e-06
52100.056 1.2307030345197722e-06
52150.056 1.248698095930099e-06
52200.056 1.201874442620065e-06
52250.056 1.2470575876699926e-06
52300.056 1.3557156609999784e-06
52350.056 1.4715979600101697e-06
52400.056 1.0692136841701458e-06
52450.056 1.2557018121699835e-06
52500.056 1.4035683298497201e-06
52550.056 1.2928526792296214e-06
52600.056 1.3319529978701588e-06
52650.056 1.4981503799502194e-06
52700.056 1.2666260427600324e-06
52750.056 1.0478315170798774e-06
52800.056 1.1840668548401125e-06
52850.056 1.1159922421698818e-06
52900.056 1.2673739244800756e-06
52950.056 1.2347217899098247e-06
53000.056 1.4019516616998768e-06
53050.056 1.2398725734497564e-06
53100.056 1.1737534087697487e-06
53150.056 1.4572879725802565e-06
53200.056 1.0190203695301685e-06
