galfind/configs/Brown_Dwarf_templates/sonora_bobcat/m-0.5/31g/sp_t450g31nc_m-0.5_resample.dat
# %ECSV 1.0
# ---
# datatype:
# - {name: wav, unit: Angstrom, datatype: float64}
# - {name: flux_nu, unit: erg / (cm2 Hz s), datatype: float64}
# meta: {C/O: '1.00', Kzz: '1.0000E+05', Teff: '450.', Y: '0.28', '[Fe/H]': '-0.50', f_hole: '1.00', f_rain: '0.00', grav: '32.'}
# schema: astropy-2.0
wav flux_nu
[from data line 499]
28950.056 4.4036951265608045e-10
29000.056 3.1123477116463853e-10
29050.056 4.622430754317922e-10
29100.056 2.6007542726867666e-10
29150.056 3.575384564103538e-10
29200.056 5.331401746280947e-10
29250.056 7.236197115665893e-10
29300.056 3.4946815449828997e-10
29350.056 9.67326665391791e-10
29400.056 4.5479807239065455e-10
29450.056 3.613548655868205e-10
29500.056 8.617757088534073e-10
29550.056 3.8050602303317123e-10
29600.056 5.329754928383003e-10
29650.056 1.2057966670481081e-09
29700.056 3.6648919796866165e-10
29750.056 9.018885165249238e-10
29800.056 7.616446399586627e-10
29850.056 1.048897901210254e-09
29900.056 6.431717770876346e-10
29950.056 7.486912693290617e-10
30000.056 2.0036532939597564e-11
30050.056 9.187514326644522e-11
30100.056 2.965810552292872e-10
30150.056 9.080264351801461e-10
30200.056 6.767337771760129e-10
30250.056 1.342410760127541e-09
30300.056 1.7506234306879068e-09
30350.056 5.953694082004433e-10
30400.056 1.6990835028270568e-09
30450.056 1.086665986119119e-09
30500.056 9.68651146520528e-10
30550.056 7.933712864494015e-10
30600.056 2.8683987471323015e-09
30650.056 1.416800030744569e-09
30700.056 1.0100168416973624e-09
30750.056 1.883465437480235e-09
30800.056 1.3197172959729868e-09
30850.056 1.5507551201618585e-09
30900.056 8.428620044211255e-10
30950.056 8.981423441611374e-10
31000.056 9.468032840543387e-10
31050.056 7.86756589299014e-10
31100.056 4.839884373070671e-10
31150.056 9.018680550582466e-10
31200.056 1.8305679238611826e-09
31250.056 1.0875715273151229e-09
31300.056 7.290121046065759e-10
31350.056 1.2907916308390716e-09
31400.056 8.947476254982285e-10
31450.056 9.583032121015774e-10
31500.056 3.9691824253907807e-10
31550.056 6.393429490249775e-10
31600.056 4.2192533021094847e-10
31650.056 3.9633597936563346e-10
31700.056 3.96354111129435e-10
31750.056 1.9926234563791532e-10
31800.056 4.099528398781305e-10
31850.056 9.011708457230622e-11
31900.056 2.0374812146005515e-10
31950.056 1.2306876914140645e-10
32000.056 1.1284218800026952e-10
32050.056 1.6609286050300097e-10
32100.056 1.421467936861628e-10
32150.056 1.6873499042894505e-10
32200.056 8.25875949630924e-11
32250.056 2.2174117960619628e-10
32300.056 7.08881469823191e-11
32350.056 2.0776461575876494e-10
32400.056 4.5171243386479195e-11
32450.056 1.6864750033712585e-10
32500.056 5.795729958694295e-11
32550.056 1.2856222990816636e-10
32600.056 7.404684722210373e-11
32650.056 3.332655246018552e-10
32700.056 1.1050162023121271e-10
32750.056 5.715882900470432e-10
32800.056 3.556850831253353e-10
32850.056 8.798790748478876e-10
32900.056 7.792784587020112e-10
32950.056 8.534799173051664e-10
33000.056 3.533628908625427e-10
33050.056 4.826917892748663e-10
33100.056 1.1282878342517836e-10
33150.056 1.1454247410160665e-13
33200.056 2.9231341243557093e-12
33250.056 3.3563887177745734e-12
33300.056 2.089056756755748e-11
33350.056 7.21328991653939e-11
33400.056 2.396190033122944e-10
33450.056 1.9771417091809006e-10
33500.056 6.39319112741578e-10
33550.056 1.5617656383754258e-10
33600.056 4.288450019866425e-10
33650.056 3.876133082825372e-10
33700.056 1.6876964563803232e-10
33750.056 5.703920685756947e-10
33800.056 7.751800793362641e-11
33850.056 2.953453807712654e-10
33900.056 3.090079008522474e-10
33950.056 2.3807984255696947e-10
34000.056 5.287311577024755e-10
34050.056 9.28128149525136e-11
34100.056 4.703615201285448e-10
34150.056 2.1483358898302382e-10
34200.056 5.207452887108045e-10
34250.056 3.3556573915052745e-10
34300.056 3.198401600180452e-10
34350.056 5.745895169235995e-10
34400.056 2.0370286307858928e-10
34450.056 5.925614649461543e-10
34500.056 3.342275773538554e-10
34550.056 1.9592316370167268e-10
34600.056 8.930947222442426e-10
34650.056 1.89858860112729e-10
34700.056 6.722613404108883e-10
34750.056 4.419675775479506e-10
34800.056 3.7962768077291267e-10
34850.056 1.0129869522486573e-09
34900.056 3.4660248631962706e-10
34950.056 9.104442192325147e-10
35000.056 1.7592990054488054e-09
35050.056 7.452731302135754e-10
35100.056 1.7084237203599355e-09
35150.056 1.403921614789896e-09
35200.056 1.1980033894242112e-09
35250.056 2.1580450279122946e-09
35300.056 9.673974050556518e-10
35350.056 1.2496379424359726e-09
35400.056 1.108266667719661e-09
35450.056 8.725186060382996e-10
35500.056 2.9506518653809744e-09
35550.056 1.7981324728336947e-09
35600.056 1.8845029261342383e-09
35650.056 2.0027901180077454e-09
35700.056 2.067427384611258e-09
35750.056 3.0609324357537496e-09
35800.056 2.998054776995674e-09
35850.056 1.1784037409995898e-09
35900.056 1.648021711135611e-09
35950.056 2.0659450780900386e-09
36000.056 2.354143763120267e-09
36050.056 1.6976489233782461e-09
36100.056 1.6035463867164577e-09
36150.056 3.1470619740146363e-09
36200.056 3.494763422764904e-09
36250.056 2.4848459977970395e-09
36300.056 5.176843428729923e-09
36350.056 3.1341828914072223e-09
36400.056 4.735447244516472e-09
36450.056 4.864167592768211e-09
36500.056 5.486994054236703e-09
36550.056 6.895571611761125e-09
36600.056 7.54445636554866e-09
36650.056 5.830009563829416e-09
36700.056 6.179322923625008e-09
36750.056 7.611613351675139e-09
36800.056 8.722238616595252e-09
36850.056 5.1498957426567335e-09
36900.056 8.370364192812087e-09
36950.056 8.737174590189251e-09
37000.056 6.2689266668210655e-09
37050.056 9.492731413887704e-09
37100.056 7.261984625937072e-09
37150.056 6.905304178972962e-09
37200.056 1.0852318038416619e-08
37250.056 7.3692267779689535e-09
37300.056 5.732754834231492e-09
37350.056 9.323203066042443e-09
37400.056 1.3835949669536134e-08
37450.056 6.2318536586310685e-09
37500.056 8.243727625129256e-09
37550.056 1.3864473087949945e-08
37600.056 1.95148585971974e-08
37650.056 7.051230516482685e-09
37700.056 1.362355940713497e-08
37750.056 9.105847295912135e-09
37800.056 9.401123673134078e-09
37850.056 5.121581534148408e-09
37900.056 6.762323730511588e-09
37950.056 1.2546961494118899e-08
38000.056 1.1976946970915268e-08
38050.056 1.584465100020754e-08
38100.056 1.8455322359204503e-08
38150.056 1.986818730309949e-08
38200.056 1.753446497071231e-08
38250.056 1.7955651295028107e-08
38300.056 2.6513324787030964e-08
38350.056 2.605841111349058e-08
38400.056 1.1955555729019108e-08
38450.056 7.015946480332806e-09
38500.056 4.47303918579189e-09
38550.056 1.2811047964824199e-08
38600.056 1.3094840766993046e-08
38650.056 1.5140998829352738e-08
38700.056 1.252251275425002e-08
38750.056 1.338802415699488e-08
38800.056 1.3998776377109093e-08
38850.056 1.5207358456166103e-08
38900.056 1.9916492026762746e-08
38950.056 1.2684321138118219e-08
39000.056 1.955368632986518e-08
39050.056 1.309312573930855e-08
39100.056 1.791221164506519e-08
39150.056 2.273355854545808e-08
39200.056 1.6881752327832544e-08
39250.056 2.5681924815860947e-08
39300.056 1.7758314876354932e-08
39350.056 3.0175125316079636e-08
39400.056 1.8313701821723052e-08
39450.056 2.4922405763737954e-08
39500.056 2.5702318453046874e-08
39550.056 1.4877072257000511e-08
39600.056 2.4989790738061325e-08
39650.056 3.0394323320294796e-08
39700.056 2.8552266439764063e-08
39750.056 1.6708014102117757e-08
39800.056 1.9283305525880213e-08
39850.056 3.5200000994704225e-08
39900.056 3.889791561710183e-08
39950.056 1.9944848089816888e-08
40000.056 3.300234437886156e-08
40050.056 3.456727476979841e-08
40100.056 1.5942727135120772e-08
40150.056 3.282794251380235e-08
40200.056 3.392981609298909e-08
40250.056 3.754456562699299e-08
40300.056 3.672162914750003e-08
40350.056 2.601355640193371e-08
40400.056 3.591608836167211e-08
40450.056 2.1175524107394736e-08
40500.056 4.140397412539894e-08
40550.056 4.4749958620965704e-08
40600.056 3.5015431382302075e-08
40650.056 2.8891897725860492e-08
40700.056 5.256587910279472e-08
40750.056 3.553801057319097e-08
40800.056 2.4374094038709e-08
40850.056 5.9142432763515446e-08
40900.056 4.914106860197658e-08
40950.056 4.432525198288788e-08
41000.056 3.635616895129258e-08
41050.056 6.131634861518268e-08
41100.056 5.161041895800001e-08
41150.056 2.502120342406386e-08
41200.056 6.068249898350703e-08
41250.056 4.8419995609265506e-08
41300.056 4.932902172647766e-08
41350.056 6.248686011799269e-08
41400.056 5.443141593300293e-08
41450.056 7.069243677518738e-08
41500.056 4.793275965630002e-08
41550.056 4.5070504319495555e-08
41600.056 4.7861903270309906e-08
41650.056 5.983141196140517e-08
41700.056 7.02264858789799e-08
41750.056 5.753551950848966e-08
41800.056 6.027760450861647e-08
41850.056 5.661437714225897e-08
41900.056 5.3973930862330536e-08
41950.056 5.3937867615503906e-08
42000.056 3.717824120407168e-08
42050.056 4.20226866463547e-08
42100.056 4.784844557348029e-08
42150.056 4.779191381310179e-08
42200.056 5.1137218158497864e-08
42250.056 4.4892784627905386e-08
42300.056 4.41163954896787e-08
42350.056 6.20017641978034e-08
42400.056 6.892277156900839e-08
42450.056 6.330768384501927e-08
42500.056 6.318420477799078e-08
42550.056 5.492936067098565e-08
42600.056 5.995559534752398e-08
42650.056 8.750234452597157e-08
42700.056 5.021664092770059e-08
42750.056 6.231213235400917e-08
42800.056 8.55613837500124e-08
42850.056 8.825817038597394e-08
42900.056 9.339502565141788e-08
42950.056 7.430909101598843e-08
43000.056 8.385784209901149e-08
43050.056 4.743378650540754e-08
43100.056 7.158989748949197e-08
43150.056 5.872902143930847e-08
43200.056 8.64442753550063e-08
43250.056 1.0725805569200537e-07
43300.056 1.0362401360999809e-07
43350.056 6.020143938778211e-08
43400.056 8.433156719730238e-08
43450.056 5.806164975120493e-08
43500.056 5.9565874865914825e-08
43550.056 6.469051301270949e-08
43600.056 9.65487269970129e-08
43650.056 6.487783251240156e-08
43700.056 1.0954188597702287e-07
43750.056 9.633376800099463e-08
43800.056 8.907166878889264e-08
43850.056 7.965300471000773e-08
43900.056 6.888808059118985e-08
43950.056 4.578291158239469e-08
44000.056 4.597673579509786e-08
44050.056 1.0344679580100091e-07
44100.056 1.280596510479984e-07
44150.056 1.1569638376580169e-07
44200.056 1.0601012803800074e-07
44250.056 6.335749019329703e-08
44300.056 5.268296476530924e-08
44350.056 5.857654368063444e-08
44400.056 5.424109749549366e-08
44450.056 9.050953608700065e-08
44500.056 8.420456503461559e-08
44550.056 1.1491590416799165e-07
44600.056 1.011958716939989e-07
44650.056 8.923677351811027e-08
44700.056 6.147224762839658e-08
44750.056 9.415827675802071e-08
44800.056 6.741591350760587e-08
44850.056 8.962647141100506e-08
44900.056 7.7430649120805e-08
44950.056 9.112704242740794e-08
45000.056 1.0371936037900501e-07
45050.056 9.438038166098798e-08
45100.056 8.576329256520075e-08
45150.056 8.026466895288567e-08
45200.056 6.385839127950477e-08
45250.056 7.48927552485797e-08
45300.056 6.685073116871017e-08
45350.056 5.6382189797813006e-08
45400.056 1.2782261773701436e-07
45450.056 1.0649206710301017e-07
45500.056 1.243127010228075e-07
45550.056 1.2831012065796262e-07
45600.056 1.1774866937002102e-07
45650.056 9.722645713080119e-08
45700.056 6.689647801899514e-08
45750.056 6.438730586280282e-08
45800.056 1.3465009767600507e-07
45850.056 1.1013319632849597e-07
45900.056 1.3297869142299285e-07
45950.056 1.1538167375299962e-07
46000.056 1.2528141707501414e-07
46050.056 9.536133832480084e-08
46100.056 1.4707774618498982e-07
46150.056 9.276319108300386e-08
46200.056 8.197792552348939e-08
46250.056 3.789516261955516e-08
46300.056 9.382421354679997e-08
46350.056 9.94795911002136e-08
46400.056 8.906695085000215e-08
46450.056 8.387918444110527e-08
46500.056 9.360550755482141e-08
46550.056 5.425460878250355e-08
46600.056 7.854494086026902e-08
46650.056 1.1479871109900853e-07
46700.056 7.882460718598004e-08
46750.056 4.3942840815407404e-08
46800.056 3.002557093222089e-08
46850.056 1.1171543518001565e-07
46900.056 1.1032610072099689e-07
46950.056 1.0844451661699155e-07
47000.056 1.0504502886401604e-07
47050.056 7.960976521865088e-08
47100.056 5.761057815070789e-08
47150.056 8.687545758921224e-08
47200.056 9.968863782099413e-08
47250.056 5.879546911469396e-08
47300.056 3.9422799091646404e-08
47350.056 1.1455095629000169e-07
47400.056 9.914944692098986e-08
47450.056 8.413856358085748e-08
47500.056 1.1645391618458875e-07
47550.056 1.0076189538100479e-07
47600.056 9.601774229899306e-08
47650.056 1.0134385110831769e-07
47700.056 7.974906133640319e-08
47750.056 6.056394347820221e-08
47800.056 5.311651519800702e-08
47850.056 2.7920069076705223e-08
47900.056 4.311772258907589e-08
47950.056 8.880147385300373e-08
48000.056 1.1791422717700804e-07
48050.056 1.0026388106859917e-07
48100.056 4.574837516968505e-08
48150.056 8.049227823600161e-08
48200.056 5.65795124294989e-08
48250.056 6.91017380939998e-08
48300.056 1.1313959869998881e-07
48350.056 7.115196780799534e-08
48400.056 2.1255460141542622e-08
48450.056 4.3530204016220514e-08
48500.056 6.885365048798378e-08
48550.056 7.181967533140659e-08
48600.056 8.783928567099879e-08
48650.056 1.0983060852399193e-07
48700.056 7.60636049919111e-08
48750.056 5.2689123678020723e-08
48800.056 9.911578612500318e-08
48850.056 5.678877266728997e-08
48900.056 7.613802948054008e-08
48950.056 4.4314069634800876e-08
49000.056 2.308497928170496e-08
49050.056 6.997995803998991e-08
49100.056 8.58202540325151e-08
49150.056 6.540010817596535e-08
49200.056 9.827043170701657e-08
49250.056 9.855771641900804e-08
49300.056 8.493062420359969e-08
49350.056 3.620906308819844e-08
49400.056 5.3596533524085814e-08
49450.056 5.248895901901379e-08
49500.056 4.14981903767353e-08
49550.056 1.0280330004320362e-08
49600.056 2.8076165733865056e-08
49650.056 5.902541028000067e-08
49700.056 6.30508674443783e-08
49750.056 6.415673774969841e-08
49800.056 4.3104114368865144e-08
49850.056 8.338956137241396e-08
49900.056 6.817202144839459e-08
49950.056 6.84597030820009e-08
50000.056 5.4226041206505655e-08
50050.056 6.628467873300156e-08
50100.056 5.2569227974996354e-08
50150.056 2.6740983751494674e-08
50200.056 5.398025979788335e-09
50250.056 3.180089476299853e-08
50300.056 2.0759452623693182e-08
50350.056 6.136689798620892e-08
50400.056 6.264735793879208e-08
50450.056 4.803551670960334e-08
50500.056 7.252505644740501e-08
50550.056 6.265421987500448e-08
50600.056 4.697309440228827e-08
50650.056 7.556528910501132e-08
50700.056 7.502982343098921e-08
50750.056 5.0000847309005e-08
50800.056 1.8963899889800393e-08
50850.056 1.0902579532995161e-08
50900.056 5.702649352300201e-08
50950.056 4.921879731799683e-08
51000.056 4.066885774659946e-08
51050.056 5.8343207882991665e-08
51100.056 2.2883036479238462e-08
51150.056 2.698692762515135e-08
51200.056 7.151413074299792e-08
51250.056 5.080242593411124e-08
51300.056 3.574433883971418e-08
51350.056 3.4534949712731504e-08
51400.056 1.2949282804141119e-08
51450.056 1.0122745886077469e-08
51500.056 9.807005129656109e-09
51550.056 3.5888873041285697e-08
51600.056 2.9322765238127407e-08
51650.056 3.715340576499664e-08
51700.056 3.9791588816724055e-08
51750.056 2.6124167831480244e-08
51800.056 4.653096357599253e-08
51850.056 3.81282280296973e-08
51900.056 4.979660348599752e-08
51950.056 2.9654382942996865e-08
52000.056 3.3969960011586924e-09
52050.056 1.6662148140702365e-08
52100.056 9.94467799619856e-09
52150.056 5.812410195775577e-09
52200.056 1.63576704540898e-08
52250.056 2.4692029576406496e-08
52300.056 3.378814241139824e-08
52350.056 1.2195161887174981e-08
52400.056 1.2437006019740218e-08
52450.056 4.0557674300002957e-08
52500.056 3.1212776336170957e-08
52550.056 3.4995756633997305e-08
52600.056 2.595502485079931e-08
52650.056 3.114798324320321e-08
52700.056 2.289508432519891e-08
52750.056 9.424424785225658e-09
52800.056 1.7009241188902437e-08
52850.056 1.9623961340594302e-08
52900.056 9.329141249976066e-09
52950.056 1.4706165909321807e-08
53000.056 2.4451790423504716e-08
53050.056 9.861298132047027e-09
53100.056 2.9105010366597257e-08
53150.056 3.091979989560243e-08
53200.056 1.4275713911779507e-08
53250.056 2.8463862483001405e-08
53300.056 3.474822732638887e-08
53350.056 2.6520800688801706e-08
53400.056 1.784754653119607e-08
53450.056 6.718032285487616e-09
53500.056 1.2642344589590047e-09
53550.056 3.4899866451720793e-09
53600.056 1.5417726202109365e-08
