galfind/configs/Brown_Dwarf_templates/sonora_bobcat/m-0.5/31g/sp_t2400g31nc_m-0.5_resample.dat
# %ECSV 1.0
# ---
# datatype:
# - {name: wav, unit: Angstrom, datatype: float64}
# - {name: flux_nu, unit: erg / (cm2 Hz s), datatype: float64}
# meta: {C/O: '1.00', Kzz: '1.0000E+05', Teff: '2400.', Y: '0.28', '[Fe/H]': '-0.50', f_hole: '1.00', f_rain: '0.00', grav: '32.'}
# schema: astropy-2.0
wav flux_nu
[from data line 503]
29150.056 4.051674105100095e-06
29200.056 3.801648437830173e-06
29250.056 3.98840213123989e-06
29300.056 3.677600505988472e-06
29350.056 4.272791262999527e-06
29400.056 3.824706752319857e-06
29450.056 3.720743294529837e-06
29500.056 3.9582865681796255e-06
29550.056 3.8477284663504e-06
29600.056 3.993484642500112e-06
29650.056 3.9457204288200585e-06
29700.056 3.6418693254297805e-06
29750.056 4.226469582281035e-06
29800.056 4.114111581899774e-06
29850.056 4.000274475629517e-06
29900.056 3.697893164450891e-06
29950.056 4.237289219899388e-06
30000.056 4.1681030305986856e-06
30050.056 3.997922344400043e-06
30100.056 3.3914681214993043e-06
30150.056 4.599935116299724e-06
30200.056 4.301645437800271e-06
30250.056 4.042066579600616e-06
30300.056 4.120468672699874e-06
30350.056 4.0558646186007265e-06
30400.056 4.4910466689004775e-06
30450.056 3.7781356548004714e-06
30500.056 3.780793185700504e-06
30550.056 4.632188580300682e-06
30600.056 4.394730948100299e-06
30650.056 4.362010062200246e-06
30700.056 4.098170048399993e-06
30750.056 4.039516264000143e-06
30800.056 4.596086356801183e-06
30850.056 4.139605234100053e-06
30900.056 4.150882245099726e-06
30950.056 4.023843489800298e-06
31000.056 4.513372237499894e-06
31050.056 4.034948479400141e-06
31100.056 4.364124036800064e-06
31150.056 4.3676971407997345e-06
31200.056 4.5021364866995705e-06
31250.056 4.677434953200785e-06
31300.056 4.288679873899733e-06
31350.056 4.218443414100008e-06
31400.056 4.450067135300515e-06
31450.056 4.4197770998002925e-06
31500.056 4.532001458900532e-06
31550.056 4.192835292599948e-06
31600.056 4.3769470141998905e-06
31650.056 4.527342443299843e-06
31700.056 4.649463980099997e-06
31750.056 4.188414046900081e-06
31800.056 4.566047351200322e-06
31850.056 4.918503287299803e-06
31900.056 4.799361448599641e-06
31950.056 4.22037943419965e-06
32000.056 4.382842758700664e-06
32050.056 4.8257362345005196e-06
32100.056 4.892555270899644e-06
32150.056 4.840822845100088e-06
32200.056 4.6583734052999015e-06
32250.056 4.495374148000139e-06
32300.056 4.762261705700086e-06
32350.056 5.0174583452005704e-06
32400.056 4.623126029899977e-06
32450.056 4.5111461155003114e-06
32500.056 4.824607824100169e-06
32550.056 5.148376228200143e-06
32600.056 5.012050708099714e-06
32650.056 4.94355528580104e-06
32700.056 4.744858872700087e-06
32750.056 4.938186890399976e-06
32800.056 4.628552295800613e-06
32850.056 5.223425940199785e-06
32900.056 5.059316170300206e-06
32950.056 4.625758678499908e-06
33000.056 4.921230830900223e-06
33050.056 4.9640971979995975e-06
33100.056 5.062241176799032e-06
33150.056 5.0468174129003475e-06
33200.056 4.8156870960005625e-06
33250.056 5.022986348500295e-06
33300.056 5.382146984800305e-06
33350.056 5.076032079700339e-06
33400.056 4.8357336225996505e-06
33450.056 5.171716965498728e-06
33500.056 5.095251880800175e-06
33550.056 5.070166944199264e-06
33600.056 5.113141513100492e-06
33650.056 5.1849861395008134e-06
33700.056 5.325823249599312e-06
33750.056 5.3015703580002436e-06
33800.056 5.247807878399907e-06
33850.056 5.10088731499997e-06
33900.056 5.5364012281995295e-06
33950.056 5.090264204499498e-06
34000.056 5.125213435999184e-06
34050.056 5.270719757900142e-06
34100.056 5.479883810000474e-06
34150.056 5.389871128699508e-06
34200.056 5.165340379099458e-06
34250.056 5.587705591499283e-06
34300.056 5.28420748319945e-06
34350.056 5.4871441158993885e-06
34400.056 5.202458115199512e-06
34450.056 5.1758496741001016e-06
34500.056 5.324609959100914e-06
34550.056 5.2478293127997935e-06
34600.056 5.360768640299871e-06
34650.056 5.393346078899815e-06
34700.056 5.198510361099593e-06
34750.056 5.517961233800268e-06
34800.056 5.595085392699684e-06
34850.056 5.221306859599987e-06
34900.056 5.510217123400428e-06
34950.056 5.388641202799159e-06
35000.056 5.299733468399582e-06
35050.056 5.655390682100567e-06
35100.056 5.583098515999172e-06
35150.056 5.4242924825995176e-06
35200.056 5.545029651399741e-06
35250.056 5.124026756300465e-06
35300.056 5.5041869637004895e-06
35350.056 5.687551735099623e-06
35400.056 5.464757325499904e-06
35450.056 5.3531621730001564e-06
35500.056 5.591076717200106e-06
35550.056 5.458753633999937e-06
35600.056 5.403282069799158e-06
35650.056 5.718818027200509e-06
35700.056 5.392093083600311e-06
35750.056 5.4078229493997016e-06
35800.056 5.5993538049996995e-06
35850.056 5.696232381399723e-06
35900.056 5.741710453699565e-06
35950.056 5.635319124599431e-06
36000.056 5.280508323399501e-06
36050.056 5.73379268040017e-06
36100.056 5.923435707900084e-06
36150.056 5.438877487500302e-06
36200.056 5.7648612864995225e-06
36250.056 5.482194283499314e-06
36300.056 6.011301086200735e-06
36350.056 5.846082113699343e-06
36400.056 5.681940052399845e-06
36450.056 5.966573756199693e-06
36500.056 5.644918723500321e-06
36550.056 5.556511870200457e-06
36600.056 5.591523133600492e-06
36650.056 5.7526701639005225e-06
36700.056 5.968225427600135e-06
36750.056 5.59947005090065e-06
36800.056 5.749384703099579e-06
36850.056 5.845800455199896e-06
36900.056 5.865838655200666e-06
36950.056 5.862364091800144e-06
37000.056 5.871458909100165e-06
37050.056 6.008305745099921e-06
37100.056 5.7828370170003615e-06
37150.056 5.746114527099087e-06
37200.056 5.939577941400124e-06
37250.056 5.965026727600307e-06
37300.056 5.935629566100886e-06
37350.056 5.749997012800564e-06
37400.056 5.949772964299766e-06
37450.056 5.921611699500367e-06
37500.056 6.072876031999772e-06
37550.056 5.9028335141992466e-06
37600.056 6.122100777899382e-06
37650.056 5.713958620899522e-06
37700.056 5.814719747800229e-06
37750.056 6.082180012499167e-06
37800.056 6.167931322799969e-06
37850.056 6.00622375559978e-06
37900.056 6.081014033500362e-06
37950.056 6.113866538700287e-06
38000.056 6.008416872600638e-06
38050.056 6.0181112542003745e-06
38100.056 5.8793862333001626e-06
38150.056 6.148143922399307e-06
38200.056 6.252893894699383e-06
38250.056 5.965636994600548e-06
38300.056 5.8857499624999205e-06
38350.056 6.084527273300046e-06
38400.056 6.118032101199855e-06
38450.056 6.06772783430055e-06
38500.056 6.020289889399752e-06
38550.056 6.0685089242004234e-06
38600.056 6.375983422299768e-06
38650.056 5.805881000700197e-06
38700.056 5.8961627601005775e-06
38750.056 6.1637551561999935e-06
38800.056 6.018387652900772e-06
38850.056 6.104877004800206e-06
38900.056 5.874597563099984e-06
38950.056 6.082301712199666e-06
39000.056 6.02406348930009e-06
39050.056 6.048640028399983e-06
39100.056 5.8148459371999285e-06
39150.056 5.937008641600233e-06
39200.056 6.037838097800215e-06
39250.056 6.038315386899432e-06
39300.056 6.056563210099172e-06
39350.056 5.999810535800493e-06
39400.056 5.88065896500016e-06
39450.056 5.949243788799836e-06
39500.056 5.889205941199935e-06
39550.056 5.787722037699011e-06
39600.056 6.129558296700385e-06
39650.056 5.767993372100157e-06
39700.056 5.918955369500006e-06
39750.056 5.949095863799528e-06
39800.056 5.6936415279002634e-06
39850.056 5.829690777099798e-06
39900.056 5.6882732039996705e-06
39950.056 5.89060190819981e-06
40000.056 5.6741832111997075e-06
40050.056 5.338936263299837e-06
40100.056 5.668723973899841e-06
40150.056 5.364084372899185e-06
40200.056 5.59412074999974e-06
40250.056 5.539629793998683e-06
40300.056 5.266566541600234e-06
40350.056 5.409400820700083e-06
40400.056 5.512098386600088e-06
40450.056 5.147444074300958e-06
40500.056 4.971488052099899e-06
40550.056 5.536120325499684e-06
40600.056 5.14578874330029e-06
40650.056 5.290421969801016e-06
40700.056 5.509519447800276e-06
40750.056 4.967851693998883e-06
40800.056 4.947888517000524e-06
40850.056 4.7391506774009015e-06
40900.056 4.645023556500679e-06
40950.056 4.993638810400058e-06
41000.056 5.142147831200382e-06
41050.056 5.026136748799208e-06
41100.056 4.8359639119005265e-06
41150.056 5.136388507600202e-06
41200.056 4.852682231900099e-06
41250.056 4.9500333254001525e-06
41300.056 4.517370583099742e-06
41350.056 5.041821375600269e-06
41400.056 4.862303241199917e-06
41450.056 4.704499806499983e-06
41500.056 4.9543061712000325e-06
41550.056 4.970841994100072e-06
41600.056 5.0851349027998375e-06
41650.056 4.632750783500507e-06
41700.056 4.543716175199724e-06
41750.056 4.851643401900128e-06
41800.056 4.622603822599914e-06
41850.056 4.409604994400472e-06
41900.056 4.838596314699301e-06
41950.056 4.6024540734003105e-06
42000.056 4.807057048200217e-06
42050.056 4.487589667598873e-06
42100.056 4.842463747200314e-06
42150.056 4.4253509709995495e-06
42200.056 4.462386568700078e-06
42250.056 4.740752452199919e-06
42300.056 4.570739439700039e-06
42350.056 4.7893537579006545e-06
42400.056 4.5035756228999465e-06
42450.056 4.142590655000206e-06
42500.056 4.1249000264001815e-06
42550.056 4.53492576259962e-06
42600.056 4.421359324700504e-06
42650.056 4.503098923199215e-06
42700.056 4.45297890870054e-06
42750.056 4.307895698700008e-06
42800.056 4.422883950999719e-06
42850.056 4.617357865799642e-06
42900.056 4.480455702500364e-06
42950.056 3.997452300598679e-06
43000.056 4.315634517500023e-06
43050.056 4.136644567701159e-06
43100.056 4.253049260599181e-06
43150.056 4.412930731600928e-06
43200.056 4.18667948089982e-06
43250.056 4.307057237301184e-06
43300.056 4.293770673400108e-06
43350.056 4.148899761799321e-06
43400.056 4.042021427199642e-06
43450.056 4.093425870400812e-06
43500.056 3.989570648199063e-06
43550.056 4.049989919699898e-06
43600.056 4.247980839899973e-06
43650.056 3.955619231100398e-06
43700.056 3.9950515788003635e-06
43750.056 3.976092154899931e-06
43800.056 3.903290398599837e-06
43850.056 4.047693645100355e-06
43900.056 4.0277206274998544e-06
43950.056 3.843617603500325e-06
44000.056 3.660004909200135e-06
44050.056 3.693073462500118e-06
44100.056 3.778868784900756e-06
44150.056 4.027224620599549e-06
44200.056 3.757767851500304e-06
44250.056 3.58534326999969e-06
44300.056 3.5342498974007004e-06
44350.056 3.5999478619001003e-06
44400.056 3.5758282754000125e-06
44450.056 3.793157757100137e-06
44500.056 3.836127180000716e-06
44550.056 3.4796887330993053e-06
44600.056 3.556849107100501e-06
44650.056 3.713502416499953e-06
44700.056 3.467262446900331e-06
44750.056 3.7153117141995527e-06
44800.056 3.6243919885998854e-06
44850.056 3.759317402500348e-06
44900.056 3.591105066500466e-06
44950.056 3.313819596800071e-06
45000.056 3.5982251822000215e-06
45050.056 3.524829590299532e-06
45100.056 3.666424537899748e-06
45150.056 3.6024032628001554e-06
45200.056 3.3625099116997217e-06
45250.056 3.4251732917995322e-06
45300.056 3.422827073000042e-06
45350.056 3.6007524932993557e-06
45400.056 3.5720024803003087e-06
45450.056 3.3561701680993954e-06
45500.056 3.3299754203998593e-06
45550.056 3.5652406323993673e-06
45600.056 3.4854165229999543e-06
45650.056 3.268704805599132e-06
45700.056 3.3509033891005067e-06
45750.056 3.4034184125997935e-06
45800.056 3.4111146198999514e-06
45850.056 3.6213757439001317e-06
45900.056 3.537015129399883e-06
45950.056 3.2592717012999445e-06
46000.056 3.505393972600036e-06
46050.056 3.6072667944008543e-06
46100.056 3.274762866000143e-06
46150.056 3.326770512199945e-06
46200.056 3.5885436866006907e-06
46250.056 3.17910473799994e-06
46300.056 3.60099717739984e-06
46350.056 3.1460896811997846e-06
46400.056 3.3913922617996373e-06
46450.056 3.2660675553006638e-06
46500.056 3.2271425980000366e-06
46550.056 3.48480479859983e-06
46600.056 3.223095324299704e-06
46650.056 3.67780725029994e-06
46700.056 3.483818691500882e-06
46750.056 3.1679666640000023e-06
46800.056 3.386194162300541e-06
46850.056 3.4254241209999598e-06
46900.056 3.3509808565994454e-06
46950.056 3.499297636800187e-06
47000.056 3.4220931983000507e-06
47050.056 3.381140504799782e-06
47100.056 3.3099404381000975e-06
47150.056 3.3577026251004633e-06
47200.056 3.2985366205007266e-06
47250.056 3.355541152699154e-06
47300.056 3.2669400466991603e-06
47350.056 3.1126463595995284e-06
47400.056 3.4036956731993784e-06
47450.056 3.5608707208998532e-06
47500.056 3.2118202609992292e-06
47550.056 3.3282758846993415e-06
47600.056 3.4569252198999297e-06
47650.056 2.9312340850993916e-06
47700.056 3.4437614339000523e-06
47750.056 2.8438694277007992e-06
47800.056 3.4590120833997573e-06
47850.056 3.004632981598815e-06
47900.056 3.511614618200129e-06
47950.056 2.944889266100714e-06
48000.056 3.5739035216000637e-06
48050.056 3.1045927318005426e-06
48100.056 3.1441917084000713e-06
48150.056 3.0602718974003147e-06
48200.056 3.4489263033008614e-06
48250.056 3.1092781822997907e-06
48300.056 3.5968200038998796e-06
48350.056 2.832436932299337e-06
48400.056 3.4044425961998954e-06
48450.056 3.20741883380026e-06
48500.056 3.5118040135000184e-06
48550.056 2.974971892899966e-06
48600.056 3.40829135229974e-06
48650.056 2.911382734699955e-06
48700.056 3.2025270651000863e-06
48750.056 2.7774926327004696e-06
48800.056 3.460226937400181e-06
48850.056 2.9677729496994173e-06
48900.056 3.370549073900027e-06
48950.056 3.2610004855004535e-06
49000.056 3.141907927599829e-06
49050.056 3.193859917899749e-06
49100.056 3.1396122160000638e-06
49150.056 3.080058699800036e-06
49200.056 3.3250322820000008e-06
49250.056 3.1260780755002896e-06
49300.056 3.0096109207996505e-06
49350.056 2.893711070600022e-06
49400.056 3.3215049797005075e-06
49450.056 3.0453089168006245e-06
49500.056 3.053002679300443e-06
49550.056 2.943785331699962e-06
49600.056 2.9470622553002983e-06
49650.056 3.015241931900534e-06
49700.056 2.7230772328996737e-06
49750.056 3.417102208299431e-06
49800.056 3.1070704915999645e-06
49850.056 3.3396617066000875e-06
49900.056 2.956995944600047e-06
49950.056 3.110188758599125e-06
50000.056 2.9279310406993687e-06
50050.056 3.1291378036000448e-06
50100.056 3.0581776692997535e-06
50150.056 2.9306768645998472e-06
50200.056 2.732194649500136e-06
50250.056 2.7820987064002465e-06
50300.056 2.8458475845994975e-06
50350.056 2.9543315761999303e-06
50400.056 2.9759288596001473e-06
50450.056 2.798411429500179e-06
50500.056 3.3439035840004262e-06
50550.056 2.9746177848997692e-06
50600.056 2.9978998027003112e-06
50650.056 2.9349391090006344e-06
50700.056 3.0623453277993358e-06
50750.056 2.9674347976002805e-06
50800.056 2.712695250699894e-06
50850.056 2.896086111700321e-06
50900.056 2.8684866857999722e-06
50950.056 3.0512611723004295e-06
51000.056 3.21430068330029e-06
51050.056 2.7619782408004654e-06
51100.056 2.7674803498998746e-06
51150.056 3.0125742818002203e-06
51200.056 2.8752705908798145e-06
51250.056 3.021321506600206e-06
51300.056 2.8066944906006017e-06
51350.056 2.959649750899765e-06
51400.056 2.8897470769993372e-06
51450.056 2.34204827399976e-06
51500.056 2.978192465399928e-06
51550.056 3.2167940930002515e-06
51600.056 2.53175779109986e-06
51650.056 2.933396981299688e-06
51700.056 2.6244371960992562e-06
51750.056 2.6939765484001778e-06
51800.056 2.8954707362996733e-06
51850.056 2.9622936744999283e-06
51900.056 3.033944932500267e-06
51950.056 2.7530786345997067e-06
52000.056 2.622051237100036e-06
52050.056 2.937932162299784e-06
52100.056 2.8859909027994054e-06
52150.056 2.8613339505004247e-06
52200.056 2.7474957031601e-06
52250.056 2.7064229642999715e-06
52300.056 2.759404503999968e-06
52350.056 3.049605406600251e-06
52400.056 2.564914090100009e-06
52450.056 2.7687099814000155e-06
52500.056 2.8493904976992083e-06
52550.056 2.6865979946994357e-06
52600.056 2.8326160116001224e-06
52650.056 3.086439815800537e-06
52700.056 2.780981122900086e-06
52750.056 2.3946716316998252e-06
52800.056 2.6498624694002696e-06
52850.056 2.5613277808999555e-06
52900.056 2.8105021614603045e-06
52950.056 2.702549615499545e-06
53000.056 2.8997761085995328e-06
53050.056 2.8328302850996478e-06
53100.056 2.496174247899481e-06
53150.056 2.9042526370004713e-06
53200.056 2.395320098800427e-06
53250.056 3.018449900199955e-06
53300.056 2.8867636034007184e-06
53350.056 2.9708174851998284e-06
53400.056 2.6547276712001508e-06
53450.056 2.56107158679999e-06
53500.056 2.454219042839677e-06
53550.056 2.8791691771000628e-06
53600.056 2.797768829100423e-06
53650.056 2.6042958762206716e-06
53700.056 2.6232672682005797e-06
53750.056 2.8973443874997125e-06
53800.056 2.8896068733003707e-06
