galfind/configs/Brown_Dwarf_templates/sonora_bobcat/m-0.5/31g/sp_t700g31nc_m-0.5_resample.dat
# %ECSV 1.0
# ---
# datatype:
# - {name: wav, unit: Angstrom, datatype: float64}
# - {name: flux_nu, unit: erg / (cm2 Hz s), datatype: float64}
# meta: {C/O: '1.00', Kzz: '1.0000E+05', Teff: '700.', Y: '0.28', '[Fe/H]': '-0.50', f_hole: '1.00', f_rain: '0.00', grav: '32.'}
# schema: astropy-2.0
wav flux_nu
4000.0559999999996 nan
4050.0559999999996 9.821245680615634e-15
4100.056 8.64879024192977e-13
4150.056 3.976018087810181e-12
4200.056 3.5679147947493853e-12
4250.056 1.038726300650043e-11
4300.056 1.5474051815200935e-11
4350.056 1.852815091270059e-11
4400.056 2.4071836477900443e-11
4450.056 2.93319037498003e-11
4500.056 3.103986170600142e-11
4550.056 3.5196070239649466e-11
4600.056 3.246090844032009e-11
4650.056 2.7387160322999002e-11
4700.056 2.1291420634999896e-11
4750.056 8.372356804199941e-12
4800.056 1.9789716073899655e-12
4850.056 4.0119682852999385e-13
4900.056 1.0998603158199879e-13
4950.056 3.330051274999956e-14
5000.056 8.860687090199879e-15
5050.056 3.690256357800012e-15
5100.056 3.312903776000006e-15
5150.056 3.259858050599987e-15
5200.056 3.2718560465999947e-15
5250.056 3.3553963976999955e-15
5300.056 3.4888105415e-15
5350.056 3.686033676100003e-15
5400.056 3.963652151099995e-15
5450.056 4.2250635492999824e-15
5500.056 4.463353282900002e-15
5550.056 4.677479708100004e-15
5600.056 4.857664640299992e-15
5650.056 4.948457109900008e-15
5700.056 4.896099955200004e-15
5750.056 4.464651274199991e-15
5800.056 3.657020659999988e-15
5850.056 2.302152571739969e-15
5900.056 6.36589354996478e-16
5950.056 4.986167450900089e-15
6000.056 1.2081083193800099e-14
6050.056 2.3125996977000198e-14
6100.056 3.893387678200018e-14
6150.056 6.163032393200033e-14
6200.056 9.447234040800043e-14
6250.056 1.4213375207000054e-13
6300.056 2.0907106533000123e-13
6350.056 3.0472056247000184e-13
6400.056 4.4209425798000167e-13
6450.056 6.306561886099936e-13
6500.056 9.159100861399997e-13
6550.056 1.336551933010002e-12
6600.056 1.96861285670004e-12
6650.056 2.917359181100022e-12
6700.056 3.897842587140041e-12
6750.056 6.2749713200000335e-12
6800.056 8.60003253830005e-12
6850.056 1.0261643853300022e-11
6900.056 1.0003158819700123e-11
6950.056 8.998465706899941e-12
7000.056 9.213504123300102e-12
7050.056 1.012388654439985e-11
7100.056 1.1237978495299938e-11
7150.056 1.1276028044679812e-11
7200.056 1.0927787162423124e-11
7250.056 1.0597602450799352e-11
7300.056 9.780228860570159e-12
7350.056 9.11013119052979e-12
7400.056 8.466495933600228e-12
7450.056 7.68845889870014e-12
7500.056 6.76354378099998e-12
7550.056 5.620488722999977e-12
7600.056 4.431509128499969e-12
7650.056 1.11130673205914e-12
7700.056 6.44364227739037e-13
7750.056 4.2496227839000856e-12
7800.056 7.669891646428111e-12
7850.056 1.4414604417000047e-11
7900.056 2.1935926335999994e-11
7950.056 2.688125900013235e-11
8000.056 4.7228064382000616e-11
8050.056 6.69809399780016e-11
8100.056 8.77524746997998e-11
8150.056 1.1617782284238878e-10
8200.056 1.6926013601685178e-10
8250.056 2.2124341647481453e-10
8300.056 2.9621446149381355e-10
8350.056 3.786723931456703e-10
8400.056 4.883860411989888e-10
8450.056 6.446443414079832e-10
8500.056 7.344708048031433e-10
8550.056 1.0078363067900253e-09
8600.056 1.3304608518400182e-09
8650.056 1.6477963299000334e-09
8700.056 1.974724653800025e-09
8750.056 2.3746933666000173e-09
8800.056 2.757129458500051e-09
8850.056 2.927850423999963e-09
8900.056 2.121485540779824e-09
8950.056 2.1343062715422356e-09
9000.056 2.413489347573164e-09
9050.056 4.266183999296416e-09
9100.056 5.052973220157996e-09
9150.056 5.483944870931012e-09
9200.056 6.876362489497909e-09
9250.056 6.848160999918162e-09
9300.056 2.8074665579114484e-09
9350.056 3.4373560335033023e-09
9400.056 5.223620038474866e-09
9450.056 6.294177033612767e-09
9500.056 5.872242510681652e-09
9550.056 6.724766512630178e-09
9600.056 6.656980597453932e-09
9650.056 7.969709098320935e-09
9700.056 1.0404284555829084e-08
9750.056 1.0866741425832676e-08
9800.056 1.2230032676671076e-08
9850.056 1.3862638850527276e-08
9900.056 1.67959513175542e-08
9950.056 1.7582608733490173e-08
10000.056 1.6092634091098522e-08
10050.056 2.1933364608200274e-08
10100.056 2.601369882419848e-08
10150.056 2.9103371552998256e-08
10200.056 3.232644495000133e-08
10250.056 3.6682291163201756e-08
10300.056 4.263073875489713e-08
10350.056 4.621887417400084e-08
10400.056 5.400586759699992e-08
10450.056 5.936174549199357e-08
10500.056 6.384775817599915e-08
10550.056 6.845560720500096e-08
10600.056 7.130609638899757e-08
10650.056 7.449251267900224e-08
10700.056 7.46922903663029e-08
10750.056 7.638581733400225e-08
10800.056 7.556996249020182e-08
10850.056 7.12587227194987e-08
10900.056 5.540806584029861e-08
10950.056 3.225127991844508e-08
11000.056 2.4911421357232674e-08
11050.056 1.7859236614398022e-08
11100.056 1.251406895165822e-08
11150.056 7.225547662060881e-09
11200.056 6.363155064891769e-09
11250.056 7.569820195790953e-09
11300.056 8.776243260785892e-09
11350.056 3.969767659840388e-09
11400.056 8.216302362555328e-09
11450.056 6.406996934007225e-09
11500.056 5.0614738638458846e-09
11550.056 2.0051656901994445e-09
11600.056 2.1735722123391416e-09
11650.056 4.332061322974961e-09
11700.056 4.727737806545614e-09
11750.056 1.4114570801801788e-09
11800.056 5.4958500909251415e-09
11850.056 8.85709475693228e-09
11900.056 1.0705499139481983e-08
11950.056 1.5512200052751926e-08
12000.056 2.1629678240669863e-08
12050.056 2.9112777213925486e-08
12100.056 3.855069321233112e-08
12150.056 4.9827069516525964e-08
12200.056 5.925682582674362e-08
12250.056 7.302302611638576e-08
12300.056 8.94881544268093e-08
12350.056 9.462370096289902e-08
12400.056 1.1404012293599365e-07
12450.056 1.2541932015000667e-07
12500.056 1.3489214631900766e-07
12550.056 1.4646981065100365e-07
12600.056 1.6399745152700876e-07
12650.056 1.6305305554699814e-07
12700.056 1.633908843325177e-07
12750.056 1.5019129400281538e-07
12800.056 1.414772007014028e-07
12850.056 1.1393371607756987e-07
12900.056 9.68573736675732e-08
12950.056 9.017554913225803e-08
13000.056 8.552131993861548e-08
13050.056 6.923799649497594e-08
13100.056 6.367375793707752e-08
13150.056 4.9118363872241366e-08
13200.056 4.2884934277136086e-08
13250.056 3.277671724651688e-08
13300.056 1.5365359788747926e-08
13350.056 5.103546902478276e-09
13400.056 3.325697650574482e-09
13450.056 1.6088610770542039e-09
13500.056 9.422843655637584e-10
13550.056 5.909416447677801e-10
13600.056 2.4204299294616635e-10
13650.056 8.166926819105224e-10
13700.056 5.894220963983086e-10
13750.056 6.927103496758159e-10
13800.056 7.388456511865341e-10
13850.056 5.484130325286253e-10
13900.056 6.156885325630378e-10
13950.056 5.333022983299466e-10
14000.056 5.540966604620365e-10
14050.056 7.510192224751506e-10
14100.056 7.379490738546233e-10
14150.056 1.1333010870242656e-09
14200.056 8.413150234649731e-10
14250.056 9.908204812189774e-10
14300.056 1.7890746640422265e-09
14350.056 1.881530481869279e-09
14400.056 2.1261680300987563e-09
14450.056 2.5831393210784153e-09
14500.056 4.741870234954998e-09
14550.056 5.3840794856010124e-09
14600.056 6.829154685603674e-09
14650.056 6.1569579389441934e-09
14700.056 4.267951134093928e-09
14750.056 4.292339204382149e-09
14800.056 6.551518893785788e-09
14850.056 7.51232780743154e-09
14900.056 7.853404561736141e-09
14950.056 8.233497537025267e-09
15000.056 1.1690396706535824e-08
15050.056 1.1627661079027697e-08
15100.056 1.1354182936611777e-08
15150.056 1.1678882150141616e-08
15200.056 1.4349461354755528e-08
15250.056 2.1208341199119595e-08
15300.056 2.4975900335532454e-08
15350.056 2.9214109060090762e-08
15400.056 3.491941914009145e-08
15450.056 4.032998771957247e-08
15500.056 4.430904973130288e-08
15550.056 5.359877716099201e-08
15600.056 6.069183970599984e-08
15650.056 6.843468805900091e-08
15700.056 7.975427548021194e-08
15750.056 8.54031436789934e-08
15800.056 8.742626330000564e-08
15850.056 9.16050771760068e-08
15900.056 8.262369301700142e-08
15950.056 7.48657299929901e-08
16000.056 5.8275242587005574e-08
16050.056 3.7599185959697767e-08
16100.056 2.5927716869666767e-08
16150.056 1.653288913424702e-08
16200.056 1.0402328663575955e-08
16250.056 8.290643775881553e-09
16300.056 6.132776868315232e-09
16350.056 7.0163727841877026e-09
16400.056 8.561189268189875e-09
16450.056 8.747520234531744e-09
16500.056 8.849475459737159e-09
16550.056 8.7889431887e-09
16600.056 9.453497782764868e-09
16650.056 7.24421115426848e-09
16700.056 1.9876270577950924e-09
16750.056 3.762701613235187e-09
16800.056 6.377797111374515e-09
16850.056 7.12414184124768e-09
16900.056 5.0752159429663916e-09
16950.056 3.669152233398988e-09
17000.056 2.526215497038747e-09
17050.056 4.313060967691144e-09
17100.056 6.0496390725080794e-09
17150.056 4.107248400321412e-09
17200.056 8.121043002302625e-09
17250.056 6.546818299735309e-09
17300.056 4.637956228884337e-09
17350.056 4.51414422533756e-09
17400.056 5.801414395206431e-09
17450.056 7.173310406745583e-09
17500.056 8.630530479721871e-09
17550.056 8.070100519200726e-09
17600.056 6.642532736552642e-09
17650.056 6.541216717246848e-09
17700.056 5.072391330567329e-09
17750.056 4.995192914474592e-09
17800.056 8.034813089960476e-09
17850.056 5.245617690376907e-09
17900.056 4.390831927064628e-09
17950.056 3.7111864538722686e-09
18000.056 4.705503747789909e-09
18050.056 4.4997538293598575e-09
18100.056 5.133898603049546e-09
18150.056 5.8512567032103555e-09
18200.056 3.880313861094329e-09
18250.056 8.24866049392212e-09
18300.056 4.655916253051573e-09
18350.056 3.791765066932468e-09
18400.056 3.5093083226567396e-09
18450.056 5.5715090578646215e-09
18500.056 5.76041222125066e-09
18550.056 4.4073082272072335e-09
18600.056 4.225603834977062e-09
18650.056 3.761705274286681e-09
18700.056 2.748518178564075e-09
18750.056 4.270431650265454e-09
18800.056 7.995474880872513e-09
18850.056 8.478208677248972e-09
18900.056 7.919759545515754e-09
18950.056 1.0894523255628948e-08
19000.056 6.726324466661507e-09
19050.056 4.629842125278675e-09
19100.056 7.325815579943158e-09
19150.056 4.869764217627764e-09
19200.056 5.816530468101912e-09
19250.056 4.4793544709844724e-09
19300.056 3.849668516576587e-09
19350.056 3.2854371946614964e-09
19400.056 2.738081978485804e-09
19450.056 4.422837676689132e-09
19500.056 3.815185675627485e-09
19550.056 3.4620769499188296e-09
19600.056 5.2226518795710374e-09
19650.056 5.080378751846086e-09
19700.056 5.317471083302703e-09
19750.056 6.776608489177692e-09
19800.056 6.217240254115879e-09
19850.056 7.967090567050768e-09
19900.056 7.523725838808241e-09
19950.056 1.034560553997084e-08
20000.056 1.0733279040085443e-08
20050.056 1.0472919345397642e-08
20100.056 1.3758084724542532e-08
20150.056 1.0576325332484424e-08
20200.056 1.0480899894406882e-08
20250.056 1.382065814493178e-08
20300.056 1.4624907636892532e-08
20350.056 1.5413378878780426e-08
20400.056 1.4922947561875028e-08
20450.056 1.8537763789621005e-08
20500.056 2.039393965108771e-08
20550.056 2.0956592702723192e-08
20600.056 2.2098531312329173e-08
20650.056 2.4001584444800177e-08
20700.056 2.507155348152502e-08
20750.056 2.6276253400197635e-08
20800.056 2.6277470856814972e-08
20850.056 2.7018052920100753e-08
20900.056 2.7925919540993748e-08
20950.056 2.6906670426401635e-08
21000.056 2.6232321458304573e-08
21050.056 2.6409618550196478e-08
21100.056 2.5218175632202013e-08
21150.056 2.5204559824995772e-08
21200.056 2.36682032681023e-08
21250.056 2.234376825203412e-08
21300.056 1.9836100702157337e-08
21350.056 1.9666453279405128e-08
21400.056 1.8936700118340806e-08
21450.056 1.6986484701721758e-08
21500.056 1.5680650575375592e-08
21550.056 1.4294885171593984e-08
21600.056 1.2685634001450805e-08
21650.056 1.0638617255391924e-08
21700.056 1.0580642021111298e-08
21750.056 9.538144297939006e-09
21800.056 8.066791620270056e-09
21850.056 7.553509005307095e-09
21900.056 5.660786114772285e-09
21950.056 3.2493482307334308e-09
22000.056 1.2323346996075808e-09
22050.056 9.844412498230383e-10
22100.056 2.188373801455552e-09
22150.056 2.7371992775253375e-09
22200.056 2.9888583035812357e-09
22250.056 2.461502085376948e-09
22300.056 1.8208948866046473e-09
22350.056 1.951619000923121e-09
22400.056 1.1847605856257207e-09
22450.056 1.2356030574966799e-09
22500.056 1.058890485364359e-09
22550.056 8.438561904946121e-10
22600.056 8.126591969546829e-10
22650.056 1.0462859236147614e-09
22700.056 8.316869375198265e-10
22750.056 8.81207599733539e-10
22800.056 8.676156765961046e-10
22850.056 7.332923592608247e-10
22900.056 6.017485434141367e-10
22950.056 5.743373565910179e-10
23000.056 7.661664185348342e-10
23050.056 9.741951359155598e-10
23100.056 2.2519018782935162e-09
23150.056 2.248070401598219e-09
23200.056 3.7762399810029397e-10
23250.056 6.467847598099935e-10
23300.056 6.154573389320652e-10
23350.056 7.074058289346348e-10
23400.056 7.542423526807541e-10
23450.056 6.336527697726186e-10
23500.056 6.935803801504228e-10
23550.056 9.718506314511569e-10
23600.056 1.1613038219610287e-09
23650.056 1.6909405611942879e-09
23700.056 7.751514629986089e-10
23750.056 6.314579664779002e-10
23800.056 1.0887189608165886e-09
23850.056 1.0857075245539267e-09
23900.056 1.8145499697882965e-09
23950.056 1.6692864392953362e-09
24000.056 2.1871690131805495e-09
24050.056 2.690416493978922e-09
24100.056 2.5548044135584184e-09
24150.056 3.1974103200307883e-09
24200.056 2.760850870106685e-09
24250.056 2.3954833621593217e-09
24300.056 3.2446568399975423e-09
24350.056 2.878366652864174e-09
24400.056 4.286106044746186e-09
24450.056 4.406986063797202e-09
24500.056 4.417315862965487e-09
24550.056 5.593822341588738e-09
24600.056 5.678053906263385e-09
24650.056 7.519211080203151e-09
24700.056 5.380725669442507e-09
24750.056 6.3396875004294785e-09
24800.056 6.3720062219538295e-09
24850.056 8.97420417925856e-09
24900.056 5.340070331294077e-09
24950.056 9.32002659848483e-09
25000.056 8.640129616646057e-09
25050.056 6.31242345749406e-09
25100.056 8.911456021543882e-09
25150.056 5.673208020105146e-09
25200.056 7.855693045272843e-09
25250.056 4.7265926510399e-09
25300.056 7.1155430057027334e-09
25350.056 3.9654512907909935e-09
25400.056 7.745203579083421e-09
25450.056 3.822796168152992e-09
25500.056 3.7187439217373605e-09
25550.056 4.878705874312181e-09
25600.056 3.5489360698436496e-09
25650.056 2.4713515358589395e-09
25700.056 4.575340562957346e-09
25750.056 1.7517603271481393e-09
25800.056 5.165173054756362e-09
25850.056 1.9066222115478728e-09
25900.056 2.713324059128944e-09
25950.056 1.2855639978087792e-09
26000.056 5.203064656951158e-09
26050.056 2.0586056016362187e-09
26100.056 4.7216945407654246e-09
26150.056 3.2061569533442315e-09
26200.056 3.8651388361054186e-09
26250.056 8.539210348053804e-09
26300.056 4.4197081538380755e-09
26350.056 1.0410668424510334e-08
26400.056 1.0517288923547328e-08
26450.056 1.11204044237178e-08
26500.056 1.3626276719398742e-08
26550.056 5.478711046677405e-09
26600.056 7.70621321002782e-09
26650.056 2.6349693963060433e-09
26700.056 2.2549936879970905e-09
26750.056 1.6636708111703272e-09
26800.056 3.3720753146512426e-09
26850.056 1.8545815980999962e-09
26900.056 5.4818640661639806e-09
26950.056 2.4915057257328507e-09
27000.056 8.116055947479804e-09
27050.056 6.892545440705292e-09
27100.056 3.410946398831564e-09
27150.056 9.978667833696656e-09
27200.056 3.58842911258923e-09
27250.056 5.770730433755198e-09
27300.056 1.650029506864987e-08
27350.056 1.0278968266351727e-08
27400.056 1.7504613562386454e-09
27450.056 1.2267267859855745e-08
27500.056 1.228528826264132e-08
27550.056 4.171991954625767e-09
27600.056 8.364395447428865e-09
27650.056 3.5071763529319172e-09
27700.056 2.7281487508123984e-09
27750.056 9.45383450145968e-09
27800.056 3.4804474782676558e-09
27850.056 4.902253003504541e-09
27900.056 4.976877641325211e-09
27950.056 1.0133724297472928e-08
28000.056 8.172040654222551e-09
28050.056 2.067245372083462e-09
28100.056 8.650259946485322e-09
28150.056 6.189486874243087e-09
28200.056 2.7495683028218397e-09
28250.056 1.0075586693687652e-08
28300.056 1.1096717462538222e-08
28350.056 3.730392029626714e-09
28400.056 7.962128163916381e-09
28450.056 1.1029665515533053e-08
28500.056 8.146514371298481e-09
28550.056 2.7971074951261816e-09
28600.056 1.2674192610552725e-08
28650.056 9.748057233731706e-09
28700.056 1.0110751790126023e-08
28750.056 1.4661162216761111e-08
28800.056 9.923070361142502e-09
28850.056 1.3267991518531414e-08
