galfind/configs/Brown_Dwarf_templates/sonora_bobcat/m-0.5/31g/sp_t2100g31nc_m-0.5_resample.dat
# %ECSV 1.0
# ---
# datatype:
# - {name: wav, unit: Angstrom, datatype: float64}
# - {name: flux_nu, unit: erg / (cm2 Hz s), datatype: float64}
# meta: {C/O: '1.00', Kzz: '1.0000E+05', Teff: '2100.', Y: '0.28', '[Fe/H]': '-0.50', f_hole: '1.00', f_rain: '0.00', grav: '32.'}
# schema: astropy-2.0
wav flux_nu
4000.0559999999996 nan
4050.0559999999996 1.1757091790738947e-08
4100.056 1.3249743896569064e-08
4150.056 1.0308339760452226e-08
4200.056 7.568099331996748e-09
4250.056 6.3173649128433655e-09
4300.056 3.6732336370311543e-09
4350.056 3.867777399978247e-09
4400.056 3.540273078581266e-09
4450.056 1.575609796273317e-09
4500.056 1.883568849393525e-09
4550.056 2.4331671497391193e-09
4600.056 1.8815113996373492e-09
4650.056 1.2668192337405964e-09
4700.056 1.5869830015806083e-09
4750.056 2.2647063277528457e-09
4800.056 1.2157860302429881e-09
4850.056 1.5235102438307453e-09
4900.056 4.669143090208879e-09
4950.056 6.2132068474696675e-09
5000.056 1.7586758191700346e-09
5050.056 2.5752159744408603e-09
5100.056 6.127731650977523e-09
5150.056 6.808034002073257e-09
5200.056 2.8981935074720773e-09
5250.056 4.121489629229586e-09
5300.056 5.265639967790448e-09
5350.056 4.703002273900918e-09
5400.056 5.199044033999773e-09
5450.056 4.134396533689255e-09
5500.056 3.0671339551395473e-09
5550.056 4.2593026184695095e-09
5600.056 3.1966451778000914e-09
5650.056 2.8196231810001796e-09
5700.056 3.40152046300024e-09
5750.056 3.1185799576597555e-09
5800.056 2.966035725709905e-09
5850.056 1.394759630520021e-09
5900.056 1.5342617784051907e-10
5950.056 1.9598633001900163e-09
6000.056 4.091115576799894e-09
6050.056 7.051877743200501e-09
6100.056 9.730235377000264e-09
6150.056 1.0497605273598037e-08
6200.056 6.270661868500249e-09
6250.056 7.2097352957004555e-09
6300.056 1.0429764850700203e-08
6350.056 1.381255745230111e-08
6400.056 1.7874643027300962e-08
6450.056 2.4117528024193004e-08
6500.056 2.3534151629495053e-08
6550.056 3.0657307396090695e-08
6600.056 2.3948812812003335e-08
6650.056 1.9329679141902548e-08
6700.056 1.4643971200169022e-08
6750.056 1.885145944500215e-08
6800.056 2.1982687998600922e-08
6850.056 3.048808288299996e-08
6900.056 4.417611839999838e-08
6950.056 6.164572764098875e-08
7000.056 9.409330527398922e-08
7050.056 7.83255697415083e-08
7100.056 3.408650861999683e-08
7150.056 2.653077991800301e-08
7200.056 3.806439279099751e-08
7250.056 6.01567857700047e-08
7300.056 1.1362026117302227e-07
7350.056 1.953907370369826e-07
7400.056 3.029867044169886e-07
7450.056 3.690165514329554e-07
7500.056 4.3347886728999963e-07
7550.056 4.660434553000148e-07
7600.056 2.408043666619983e-07
7650.056 4.507735981611916e-08
7700.056 2.2127255212303966e-08
7750.056 9.890860055701958e-08
7800.056 1.3525017242396197e-07
7850.056 1.543422492369943e-07
7900.056 1.841538047640388e-07
7950.056 2.0003142866728903e-07
8000.056 2.7213933638394037e-07
8050.056 4.5018118618293216e-07
8100.056 6.951313464401982e-07
8150.056 1.015917854180046e-06
8200.056 6.499806109598861e-07
8250.056 7.648905581999463e-07
8300.056 5.715027846302592e-07
8350.056 6.165677280802568e-07
8400.056 6.266247782401346e-07
8450.056 3.0828887888589145e-07
8500.056 2.518797985857287e-07
8550.056 3.432198336600424e-07
8600.056 4.5260167826976873e-07
8650.056 6.47571187519913e-07
8700.056 8.067749639011394e-07
8750.056 1.052754359105203e-06
8800.056 1.438088546530326e-06
8850.056 1.3388386266482325e-06
8900.056 8.149966337299936e-07
8950.056 8.967399574701194e-07
9000.056 1.1599335570901283e-06
9050.056 1.254601413089619e-06
9100.056 1.63687634161013e-06
9150.056 1.92874215041996e-06
9200.056 1.8043156710903795e-06
9250.056 1.072694718629876e-06
9300.056 8.620267975201216e-07
9350.056 1.007393771423708e-06
9400.056 1.1574630029803697e-06
9450.056 1.3454547941595249e-06
9500.056 1.6844456565697632e-06
9550.056 1.9427900786484296e-06
9600.056 2.141070799530589e-06
9650.056 2.4418729254106363e-06
9700.056 2.6583513033496653e-06
9750.056 2.0368356938900587e-06
9800.056 2.258793311399786e-06
9850.056 2.196600057039829e-06
9900.056 2.0011275642499385e-06
9950.056 1.9355834869611475e-06
10000.056 1.9145915354298325e-06
10050.056 1.8713815026238887e-06
10100.056 2.2894999697309154e-06
10150.056 2.215376562459759e-06
10200.056 2.414981857039671e-06
10250.056 2.354050481759046e-06
10300.056 2.3535379026895543e-06
10350.056 2.666271574419643e-06
10400.056 2.8614560692299138e-06
10450.056 3.0870467197704912e-06
10500.056 3.170239806559271e-06
10550.056 3.3036709744304433e-06
10600.056 3.561480321450382e-06
10650.056 3.639302479099516e-06
10700.056 3.823749087680163e-06
10750.056 4.071653312530329e-06
10800.056 4.252568673479592e-06
10850.056 4.475641640169884e-06
10900.056 4.373870288949674e-06
10950.056 4.158069698078862e-06
11000.056 3.9930945691601655e-06
11050.056 2.9677878292598168e-06
11100.056 3.2332004150087017e-06
11150.056 3.3908291614386487e-06
11200.056 3.4696612350193273e-06
11250.056 3.8713875355079226e-06
11300.056 3.904213682580086e-06
11350.056 3.656522506322919e-06
11400.056 3.039837661220029e-06
11450.056 3.935111636419088e-06
11500.056 4.311515204209355e-06
11550.056 4.214657350661067e-06
11600.056 4.36201585076092e-06
11650.056 4.5269447268757055e-06
11700.056 3.887666280493e-06
11750.056 3.948295929759827e-06
11800.056 3.98025600292515e-06
11850.056 4.645334830630159e-06
11900.056 4.755238688198965e-06
11950.056 4.767414274279766e-06
12000.056 4.549110703320375e-06
12050.056 4.946770162770422e-06
12100.056 4.9339065714999355e-06
12150.056 5.312989060999788e-06
12200.056 5.408610582499697e-06
12250.056 5.671542580619458e-06
12300.056 5.804698107600768e-06
12350.056 5.869018420650465e-06
12400.056 5.44537521509946e-06
12450.056 4.742304454150119e-06
12500.056 5.129586444199035e-06
12550.056 5.1654119124600004e-06
12600.056 5.4805265109000616e-06
12650.056 5.693896866099575e-06
12700.056 5.934999749399571e-06
12750.056 5.955429978800309e-06
12800.056 6.290277688799234e-06
12850.056 6.187250902100199e-06
12900.056 6.078341407199421e-06
12950.056 6.249284305999123e-06
13000.056 6.404865519999087e-06
13050.056 6.506132895989586e-06
13100.056 6.482064681719276e-06
13150.056 6.493236956579536e-06
13200.056 6.300482171699409e-06
13250.056 5.97462674831018e-06
13300.056 5.309676811256196e-06
13350.056 3.6237672859964662e-06
13400.056 3.4542607329056777e-06
13450.056 3.083080898038806e-06
13500.056 3.073493591445505e-06
13550.056 2.905251371339623e-06
13600.056 2.6517009210329604e-06
13650.056 2.861198334075999e-06
13700.056 2.5898639671432687e-06
13750.056 2.6022593064033097e-06
13800.056 2.9311037863417864e-06
13850.056 2.926499067819608e-06
13900.056 2.8565233602131585e-06
13950.056 2.7244057794717626e-06
14000.056 2.55335193418699e-06
14050.056 2.5891532690559642e-06
14100.056 2.3566060648793146e-06
14150.056 2.347128585429311e-06
14200.056 2.215670340863504e-06
14250.056 2.1921741501202113e-06
14300.056 2.2298625111296143e-06
14350.056 2.237783945805355e-06
14400.056 2.3580890719682884e-06
14450.056 2.4742043388851975e-06
14500.056 2.678775176222654e-06
14550.056 2.7100412337749537e-06
14600.056 2.8076551874509243e-06
14650.056 2.7636538668299488e-06
14700.056 2.577200648989604e-06
14750.056 2.72196401667056e-06
14800.056 2.792129942780785e-06
14850.056 2.984016162249237e-06
14900.056 3.0021134557998628e-06
14950.056 3.0241007755805872e-06
15000.056 3.1025768226906242e-06
15050.056 3.3742530491392423e-06
15100.056 3.3667038336205077e-06
15150.056 3.496375351170278e-06
15200.056 3.6296721997197563e-06
15250.056 3.635665188949758e-06
15300.056 3.823912712609843e-06
15350.056 3.9259326559901785e-06
15400.056 4.0421120166700846e-06
15450.056 4.213102924260342e-06
15500.056 4.284299978749283e-06
15550.056 4.497604273979765e-06
15600.056 4.480088228900573e-06
15650.056 4.664901012100038e-06
15700.056 4.948244808301611e-06
15750.056 5.11138657949956e-06
15800.056 5.163875600900931e-06
15850.056 5.005066288300446e-06
15900.056 5.1292181577006865e-06
15950.056 5.236159319099959e-06
16000.056 5.3396389439996505e-06
16050.056 5.514199980500485e-06
16100.056 5.65619292260035e-06
16150.056 5.6000275738003815e-06
16200.056 5.782177509799599e-06
16250.056 5.797605323699892e-06
16300.056 5.857027987500119e-06
16350.056 6.137594982299612e-06
16400.056 6.063759210801082e-06
16450.056 6.216936859300452e-06
16500.056 6.3754303518006965e-06
16550.056 6.617751067699498e-06
16600.056 6.374841827100608e-06
16650.056 6.8253948081007035e-06
16700.056 6.625259425598726e-06
16750.056 6.7340490945993756e-06
16800.056 6.901932441800257e-06
16850.056 6.907754777699541e-06
16900.056 6.739027756300279e-06
16950.056 6.716104104799181e-06
17000.056 6.6845368896009695e-06
17050.056 6.5923940435003765e-06
17100.056 6.291758669700529e-06
17150.056 6.1799350692798275e-06
17200.056 5.770889285259694e-06
17250.056 5.527847426629903e-06
17300.056 5.628398286229178e-06
17350.056 5.395250290820489e-06
17400.056 5.498510134810156e-06
17450.056 5.173096800847378e-06
17500.056 4.97992141866885e-06
17550.056 4.9462168277003534e-06
17600.056 4.751912773130108e-06
17650.056 4.840059319759042e-06
17700.056 4.286497010179283e-06
17750.056 4.152777914750006e-06
17800.056 4.101212495506856e-06
17850.056 3.899060807609593e-06
17900.056 3.894504940041911e-06
17950.056 3.789625225909274e-06
18000.056 3.496701578810386e-06
18050.056 3.5441024610846305e-06
18100.056 3.402507318390017e-06
18150.056 3.711216118996159e-06
18200.056 3.199841889592371e-06
18250.056 3.626392882373203e-06
18300.056 3.501244933585793e-06
18350.056 3.3361560166101784e-06
18400.056 3.276832163208041e-06
18450.056 3.010168908182035e-06
18500.056 3.0919147905356463e-06
18550.056 2.9396469500513828e-06
18600.056 2.5188264138164304e-06
18650.056 2.9031173084428147e-06
18700.056 3.1072026325095944e-06
18750.056 2.964896651155147e-06
18800.056 3.0189006874012896e-06
18850.056 3.43062025186169e-06
18900.056 3.3155984123955883e-06
18950.056 3.3106663222698375e-06
19000.056 3.520986248779251e-06
19050.056 3.4372707947060247e-06
19100.056 3.487383438211259e-06
19150.056 3.6278266580767325e-06
19200.056 3.5923146668872576e-06
19250.056 3.4341424173870194e-06
19300.056 3.5823894369820568e-06
19350.056 3.619748513477973e-06
19400.056 3.318730828846935e-06
19450.056 3.6259437574365825e-06
19500.056 3.6251807458835248e-06
19550.056 3.2168733333148695e-06
19600.056 3.628545103937591e-06
19650.056 3.5639101843177127e-06
19700.056 3.5932184933533993e-06
19750.056 3.3734904129203626e-06
19800.056 3.524677421309518e-06
19850.056 3.5168147070815155e-06
19900.056 3.2424541031910596e-06
19950.056 3.638401444499954e-06
20000.056 3.256884759790568e-06
20050.056 3.4408615851412638e-06
20100.056 3.5529620847879247e-06
20150.056 3.477403509200646e-06
20200.056 3.561016152808878e-06
20250.056 3.7078473324300743e-06
20300.056 3.708990651400337e-06
20350.056 3.7490758527996e-06
20400.056 3.7234948886480786e-06
20450.056 3.933844073969638e-06
20500.056 3.901235130040209e-06
20550.056 3.9936129798598875e-06
20600.056 4.189829743220643e-06
20650.056 4.086429181470989e-06
20700.056 4.248373772670221e-06
20750.056 4.297744870179375e-06
20800.056 4.445895989220258e-06
20850.056 4.439094972989931e-06
20900.056 4.612007472699677e-06
20950.056 4.660019500099783e-06
21000.056 4.858093474799677e-06
21050.056 4.865730060000193e-06
21100.056 4.918925452100051e-06
21150.056 5.1433949723002034e-06
21200.056 5.117371830200421e-06
21250.056 5.328244820599501e-06
21300.056 5.187295443899855e-06
21350.056 5.497272080400273e-06
21400.056 5.34006512710042e-06
21450.056 5.775575967800017e-06
21500.056 5.529796253100318e-06
21550.056 5.657213767499634e-06
21600.056 5.7992505003006096e-06
21650.056 5.774515584500404e-06
21700.056 5.989308073999655e-06
21750.056 5.88115891949993e-06
21800.056 5.892729529799689e-06
21850.056 5.9441867683997445e-06
21900.056 6.085603090700633e-06
21950.056 5.9985420350003316e-06
22000.056 6.1773281607997115e-06
22050.056 5.985302602299289e-06
22100.056 6.147171308999771e-06
22150.056 6.201714438600443e-06
22200.056 6.040444761301078e-06
22250.056 6.322394705200479e-06
22300.056 6.262627062399754e-06
22350.056 6.11770495260021e-06
22400.056 6.352682055700241e-06
22450.056 6.2631951988393116e-06
22500.056 6.348000958439812e-06
22550.056 6.272780592099096e-06
22600.056 6.281975749099825e-06
22650.056 6.2490953380411606e-06
22700.056 6.232914025291254e-06
22750.056 6.398069275879558e-06
22800.056 6.188645953120059e-06
22850.056 6.275348151040576e-06
22900.056 6.400527704879635e-06
22950.056 5.002962276880686e-06
23000.056 5.529699213540324e-06
23050.056 5.699684499879104e-06
23100.056 5.482828110189903e-06
23150.056 5.6275715349708035e-06
23200.056 5.617063487260132e-06
23250.056 4.794571075568789e-06
23300.056 5.11822654940019e-06
23350.056 5.251128641530022e-06
23400.056 5.09681440329008e-06
23450.056 5.230969298160209e-06
23500.056 5.073170930748924e-06
23550.056 4.591755807231424e-06
23600.056 4.691767847981073e-06
23650.056 4.9772470559392525e-06
23700.056 4.920893994448536e-06
23750.056 4.909326807090702e-06
23800.056 4.849911979380761e-06
23850.056 4.209114769870516e-06
23900.056 4.558696662259605e-06
23950.056 4.646042796931403e-06
24000.056 4.409716247629234e-06
24050.056 4.35518399315072e-06
24100.056 4.030573413438758e-06
24150.056 3.949819849110707e-06
24200.056 3.975320106218726e-06
24250.056 3.912591031240521e-06
24300.056 3.728962588370173e-06
24350.056 3.5477895878801318e-06
24400.056 3.843293546679759e-06
24450.056 3.5145640619098605e-06
24500.056 3.2544103609400643e-06
24550.056 3.2127773896797973e-06
24600.056 3.231939358590682e-06
24650.056 3.500606770149762e-06
24700.056 3.007973733409949e-06
24750.056 2.8608570011708425e-06
24800.056 2.7839248396104598e-06
24850.056 3.185618397600051e-06
24900.056 2.5582137187116385e-06
24950.056 3.1108858600295887e-06
25000.056 2.769713990850157e-06
25050.056 2.3119044146706917e-06
25100.056 2.7158456424399405e-06
25150.056 2.3723951732600896e-06
25200.056 2.5548237340794585e-06
25250.056 2.439260300679287e-06
25300.056 2.56496146183017e-06
25350.056 2.2112756091300147e-06
25400.056 2.4044084041510978e-06
25450.056 2.2303251423900845e-06
25500.056 2.361172135370872e-06
25550.056 2.2137766661402205e-06
25600.056 2.2942385756302237e-06
25650.056 2.0752082922300076e-06
25700.056 2.5277649536289253e-06
25750.056 1.9506371778403593e-06
25800.056 2.406521842720459e-06
25850.056 2.2235894189597787e-06
25900.056 2.4131062279705965e-06
25950.056 2.1710505959201026e-06
26000.056 2.362807189140731e-06
26050.056 2.5952884352301118e-06
26100.056 2.4701244845004543e-06
26150.056 2.5110568362892013e-06
26200.056 2.3707846400901984e-06
26250.056 2.407959330440701e-06
26300.056 2.454358838690043e-06
26350.056 2.3967838375796757e-06
26400.056 2.4726332584093693e-06
26450.056 2.431953381020393e-06
26500.056 2.556426864549025e-06
26550.056 2.583096323719344e-06
26600.056 2.951520730629246e-06
26650.056 2.4204301217895076e-06
26700.056 2.4624302705598585e-06
26750.056 2.2945630995589906e-06
26800.056 2.499724348769096e-06
26850.056 2.1353710065802824e-06
26900.056 2.6221510041201455e-06
26950.056 1.8918113066700924e-06
27000.056 2.483872961150822e-06
27050.056 2.1265600729497167e-06
27100.056 2.139619453769635e-06
27150.056 2.246833032189841e-06
27200.056 2.2336998641205864e-06
27250.056 2.049955725261105e-06
27300.056 2.277716461380027e-06
27350.056 2.2398647250090664e-06
27400.056 1.9542611602800577e-06
27450.056 2.4280158829289937e-06
27500.056 2.223296952540126e-06
27550.056 2.1866803055099284e-06
27600.056 2.430650934249616e-06
27650.056 1.9730068247297225e-06
27700.056 1.9619044355902167e-06
27750.056 2.4632958464384863e-06
27800.056 1.8524156331898422e-06
27850.056 2.062309885728907e-06
27900.056 2.073288463480183e-06
27950.056 2.349778688759791e-06
28000.056 2.2624821026906584e-06
28050.056 1.7998165561904552e-06
28100.056 2.4448488500811833e-06
28150.056 2.0060221149300425e-06
28200.056 1.7432519357401708e-06
28250.056 2.125640697620096e-06
28300.056 2.4113730208305407e-06
28350.056 2.0147921080591482e-06
28400.056 2.0601385160599813e-06
28450.056 2.074416136419536e-06
28500.056 2.1363176340995403e-06
28550.056 1.6719171638293617e-06
28600.056 2.4001204399001345e-06
28650.056 2.255409038799715e-06
28700.056 2.022244752739448e-06
28750.056 2.234426534689824e-06
28800.056 2.1585303096404542e-06
28850.056 2.2533604410102663e-06
