galfind/configs/Brown_Dwarf_templates/sonora_bobcat/m-0.5/31g/sp_t425g31nc_m-0.5_resample.dat
# %ECSV 1.0
# ---
# datatype:
# - {name: wav, unit: Angstrom, datatype: float64}
# - {name: flux_nu, unit: erg / (cm2 Hz s), datatype: float64}
# meta: {C/O: '1.00', Kzz: '1.0000E+05', Teff: '425.', Y: '0.28', '[Fe/H]': '-0.50', f_hole: '1.00', f_rain: '0.00', grav: '32.'}
# schema: astropy-2.0
wav flux_nu
4000.0559999999996 nan
4050.0559999999996 1.4944895273505556e-18
4100.056 3.5867929030000836e-16
4150.056 4.492622002400042e-15
4200.056 4.71154413925692e-15
4250.056 5.05703869560005e-14
4300.056 1.2281328645200045e-13
4350.056 2.3249466462000077e-13
4400.056 3.968191394800012e-13
4450.056 6.41384448720002e-13
4500.056 9.551574186800035e-13
4550.056 9.200421774921948e-13
4600.056 1.5133087125399902e-13
4650.056 7.085110148099949e-14
4700.056 2.3436733608999736e-14
4750.056 5.004212166999931e-15
4800.056 1.3760059392299864e-15
4850.056 4.895209905499961e-16
4900.056 2.7437266436999894e-16
4950.056 2.0310392203999945e-16
5000.056 1.5901029157999932e-16
5050.056 1.3908830907000125e-16
5100.056 1.5763769568000094e-16
5150.056 1.8402645114000042e-16
5200.056 2.1462422703000013e-16
5250.056 2.520203286000002e-16
5300.056 2.950173025100002e-16
5350.056 3.446800988000007e-16
5400.056 4.016707117100005e-16
5450.056 4.614981676500012e-16
5500.056 5.235045659600016e-16
5550.056 5.85531142300001e-16
5600.056 6.453719118800004e-16
5650.056 6.9770429175999995e-16
5700.056 7.241385087300004e-16
5750.056 7.165195372999999e-16
5800.056 6.353781998999978e-16
5850.056 4.219004600099944e-16
5900.056 1.2781473246903187e-16
5950.056 8.867816945000265e-16
6000.056 2.0801277110900012e-15
6050.056 3.831164575700044e-15
6100.056 6.327468662200048e-15
6150.056 9.828173204300057e-15
6200.056 1.4626635919000074e-14
6250.056 2.0919811714000056e-14
6300.056 2.91599395190001e-14
6350.056 3.9844304259000193e-14
6400.056 5.3688374920000156e-14
6450.056 6.861209039199893e-14
6500.056 9.07559385330001e-14
6550.056 1.211037437349983e-13
6600.056 1.6081223328800483e-13
6650.056 2.1359114091000126e-13
6700.056 2.739028799800024e-13
6750.056 3.5989062039000143e-13
6800.056 4.45552982450003e-13
6850.056 5.194501922300013e-13
6900.056 5.278724860700127e-13
6950.056 5.043159194669986e-13
7000.056 5.734442054799985e-13
7050.056 6.296912831709912e-13
7100.056 7.160302921699902e-13
7150.056 6.509442872788022e-13
7200.056 6.177214508605602e-13
7250.056 6.921772025341565e-13
7300.056 7.181766513745537e-13
7350.056 8.193669281669795e-13
7400.056 9.029094868000389e-13
7450.056 9.805157770500366e-13
7500.056 9.971413019300007e-13
7550.056 9.410179267699977e-13
7600.056 8.148292652399954e-13
7650.056 2.4694396326998895e-13
7700.056 1.7080700727920675e-13
7750.056 8.093243764000139e-13
7800.056 1.3898358752140103e-12
7850.056 2.2911245188999968e-12
7900.056 3.1267792996799507e-12
7950.056 3.622802845440028e-12
8000.056 5.184945673100058e-12
8050.056 6.351344629600138e-12
8100.056 6.142967509288764e-12
8150.056 6.0758149876926626e-12
8200.056 9.16428774310152e-12
8250.056 1.0035932976835327e-11
8300.056 1.2055621147847473e-11
8350.056 1.3321557050268531e-11
8400.056 1.5825552992008137e-11
8450.056 2.0708155635799786e-11
8500.056 2.3952077871799306e-11
8550.056 3.014635909900041e-11
8600.056 3.644098462300025e-11
8650.056 4.19253345770004e-11
8700.056 4.5230715975000535e-11
8750.056 5.044148697100025e-11
8800.056 5.3417995560999896e-11
8850.056 4.9046338635998294e-11
8900.056 1.733632755909856e-11
8950.056 1.7400348098080062e-11
9000.056 1.5609458599803208e-11
9050.056 4.4277307138755875e-11
9100.056 5.473682811875967e-11
9150.056 6.778486283278091e-11
9200.056 1.0615058763621567e-10
9250.056 1.0180512368685228e-10
9300.056 1.5677742200656555e-11
9350.056 2.074809541010708e-11
9400.056 5.405848309637745e-11
9450.056 6.031153281299417e-11
9500.056 5.214994557420615e-11
9550.056 5.981416386114606e-11
9600.056 6.285808365573614e-11
9650.056 9.661138438766479e-11
9700.056 1.9319896912130966e-10
9750.056 1.8290137813878311e-10
9800.056 2.0884256890622463e-10
9850.056 2.435249511914957e-10
9900.056 3.2325485652059057e-10
9950.056 3.3838713282903e-10
10000.056 3.1956479042612697e-10
10050.056 4.2272161844000886e-10
10100.056 4.708874863899945e-10
10150.056 4.118813000400078e-10
10200.056 3.271467058696341e-10
10250.056 4.225302082760035e-10
10300.056 5.795472327698193e-10
10350.056 4.512563151808519e-10
10400.056 7.422520015440802e-10
10450.056 9.832349327907798e-10
10500.056 1.219904256736992e-09
10550.056 1.5102742957900437e-09
10600.056 1.6647599360799978e-09
10650.056 1.7175648070300342e-09
10700.056 1.5985342843600067e-09
10750.056 1.6035439575560195e-09
10800.056 1.5269142615940209e-09
10850.056 1.3652826119830368e-09
10900.056 1.0600682704179644e-09
10950.056 5.886040514482965e-10
11000.056 3.660840448393735e-10
11050.056 2.0603809984539866e-10
11100.056 1.1050046625637998e-10
11150.056 4.294575933813925e-11
11200.056 2.7202652023963694e-11
11250.056 3.0786899403316346e-11
11300.056 5.41007630560731e-11
11350.056 1.4922499111255528e-11
11400.056 6.66415753138653e-11
11450.056 4.3430977600713154e-11
11500.056 3.351357851791253e-11
11550.056 6.942121668597323e-12
11600.056 4.296135606692895e-12
11650.056 1.8853659748307307e-11
11700.056 2.2487193107829054e-11
11750.056 4.689469505235325e-12
11800.056 2.9637539816156274e-11
11850.056 4.139108970924924e-11
11900.056 4.1966250567302706e-11
11950.056 6.34171544476129e-11
12000.056 1.0212726896910952e-10
12050.056 1.6487538248090002e-10
12100.056 2.274394476111305e-10
12150.056 3.287741061631893e-10
12200.056 3.885269884714159e-10
12250.056 5.949435430516442e-10
12300.056 9.456102351104893e-10
12350.056 1.1012960791958858e-09
12400.056 1.6311660266179219e-09
12450.056 2.3065325307201085e-09
12500.056 2.6863192589903838e-09
12550.056 3.190966181379963e-09
12600.056 4.094634502514352e-09
12650.056 4.934172658799826e-09
12700.056 5.201062470610219e-09
12750.056 3.957312807920362e-09
12800.056 2.820819006899884e-09
12850.056 1.7065037299560446e-09
12900.056 1.3585732096474379e-09
12950.056 1.1392532240644148e-09
13000.056 1.2138361010418084e-09
13050.056 7.870700172126412e-10
13100.056 7.381107571689965e-10
13150.056 4.561711328172823e-10
13200.056 4.790557835436066e-10
13250.056 4.0101527750470783e-10
13300.056 1.574017706202714e-10
13350.056 5.464253961248114e-11
13400.056 2.6602779969506364e-11
13450.056 7.77032173387489e-12
13500.056 2.7667673173888135e-12
13550.056 9.136153675635692e-13
13600.056 1.7343299480892112e-13
13650.056 1.6083716080604278e-12
13700.056 7.912271887664065e-13
13750.056 2.0177985607910046e-12
13800.056 1.7501246555466906e-12
13850.056 8.598766376205105e-13
13900.056 1.4814431756099595e-12
13950.056 1.1799822881514182e-12
14000.056 1.440440110726434e-12
14050.056 2.598224104999237e-12
14100.056 2.5714749938499196e-12
14150.056 5.6734743352008056e-12
14200.056 3.26430545487516e-12
14250.056 4.935120359417862e-12
14300.056 1.4005219900114718e-11
14350.056 1.310339597492797e-11
14400.056 1.3641259044079945e-11
14450.056 2.46379255499335e-11
14500.056 5.409966119949124e-11
14550.056 5.547479743371535e-11
14600.056 6.377086223046791e-11
14650.056 3.106102635013582e-11
14700.056 1.3020763787237693e-11
14750.056 5.120947756324872e-12
14800.056 9.140403320623303e-12
14850.056 1.293167869727315e-11
14900.056 1.2682240196447585e-11
14950.056 8.155031535981945e-12
15000.056 2.4949245494566292e-11
15050.056 1.981950296517238e-11
15100.056 1.1032378234143939e-11
15150.056 5.604716533691221e-12
15200.056 1.6868214487246118e-11
15250.056 3.684723289125966e-11
15300.056 4.572013468948446e-11
15350.056 6.046518086928609e-11
15400.056 8.724991940178121e-11
15450.056 1.1986067095772706e-10
15500.056 1.442123319506329e-10
15550.056 2.802191259990417e-10
15600.056 4.110259376746699e-10
15650.056 7.270148665192695e-10
15700.056 1.1478324861685537e-09
15750.056 1.601536599398048e-09
15800.056 1.924696440961997e-09
15850.056 2.3664551322403233e-09
15900.056 2.5508171924300447e-09
15950.056 2.7455812751697564e-09
16000.056 2.3145873769402944e-09
16050.056 1.4815209929798356e-09
16100.056 9.236852722368833e-10
16150.056 4.845467568348419e-10
16200.056 2.4309011388075425e-10
16250.056 1.5174909436585694e-10
16300.056 8.921784429404871e-11
16350.056 1.1772596283992392e-10
16400.056 1.4624780632030527e-10
16450.056 1.2567294340212353e-10
16500.056 1.0126421735724433e-10
16550.056 1.0077867334641734e-10
16600.056 1.7784915974227815e-10
16650.056 1.2406179469384752e-10
16700.056 1.8105963475323363e-11
16750.056 6.745130082131523e-11
16800.056 1.0729204195621e-10
16850.056 1.2039491342429909e-10
16900.056 5.606586329125176e-11
16950.056 3.2070373559901936e-11
17000.056 1.6573926971226548e-11
17050.056 3.586763275176763e-11
17100.056 6.681184355620676e-11
17150.056 3.4835576383787304e-11
17200.056 1.2785572885596234e-10
17250.056 6.514468955920882e-11
17300.056 4.101155091980322e-11
17350.056 4.8210260661653405e-11
17400.056 8.744985289076867e-11
17450.056 1.1198260084201317e-10
17500.056 1.4859217465452726e-10
17550.056 1.3275790781498032e-10
17600.056 1.0093723964556571e-10
17650.056 8.711800634552718e-11
17700.056 7.001180403657792e-11
17750.056 6.595986642527903e-11
17800.056 1.5029331003534157e-10
17850.056 7.146834865310993e-11
17900.056 4.968378175010892e-11
17950.056 3.983429477451836e-11
18000.056 6.16403957775646e-11
18050.056 4.597907109505955e-11
18100.056 5.69451230468429e-11
18150.056 4.429216420986981e-11
18200.056 3.1259800040145445e-11
18250.056 9.779078575427468e-11
18300.056 2.3565462018407625e-11
18350.056 1.7914401463021344e-11
18400.056 1.2543270368466252e-11
18450.056 5.5274796373404376e-11
18500.056 5.1046566967722756e-11
18550.056 3.001499777761898e-11
18600.056 4.14990155349297e-11
18650.056 2.8241667371471546e-11
18700.056 7.54341112255958e-12
18750.056 1.6649673504962228e-11
18800.056 7.240365937266424e-11
18850.056 6.823716435924788e-11
18900.056 6.194260385220813e-11
18950.056 8.31491444106529e-11
19000.056 2.8661885976438013e-11
19050.056 1.3281936697645358e-11
19100.056 2.865836647805398e-11
19150.056 1.3723940056899596e-11
19200.056 1.857789866412455e-11
19250.056 1.4510934015574265e-11
19300.056 1.0220348491380719e-11
19350.056 8.918505972020164e-12
19400.056 7.940667233999368e-12
19450.056 1.1913869967312265e-11
19500.056 8.421070438294495e-12
19550.056 1.4204462533885812e-11
19600.056 2.954532178582413e-11
19650.056 2.0232726000769227e-11
19700.056 2.512971997677186e-11
19750.056 3.685761330360679e-11
19800.056 2.6191037149726124e-11
19850.056 3.097326344721182e-11
19900.056 4.087082029460468e-11
19950.056 5.188028008710603e-11
20000.056 6.422194733867517e-11
20050.056 4.867611099569237e-11
20100.056 7.867099956541481e-11
20150.056 4.623344077202841e-11
20200.056 3.35378376677794e-11
20250.056 6.280846833876053e-11
20300.056 7.268856687232024e-11
20350.056 7.459320419934325e-11
20400.056 6.762951329175866e-11
20450.056 1.0206887281722057e-10
20500.056 1.1554816536839818e-10
20550.056 1.241942110507558e-10
20600.056 1.2884455517822572e-10
20650.056 1.500710899929209e-10
20700.056 1.6033647097121042e-10
20750.056 1.706687590629814e-10
20800.056 1.628374140043692e-10
20850.056 1.7997442846300649e-10
20900.056 1.850072321159785e-10
20950.056 1.7813259891101304e-10
21000.056 1.7470403077201101e-10
21050.056 1.8229028094998835e-10
21100.056 1.7638101071900857e-10
21150.056 1.7652107525698928e-10
21200.056 1.7069733128501811e-10
21250.056 1.6514733831657367e-10
21300.056 1.5178645390249485e-10
21350.056 1.510920708007894e-10
21400.056 1.5518123097338515e-10
21450.056 1.3534430078610884e-10
21500.056 1.2712132923721403e-10
21550.056 1.1930650920247566e-10
21600.056 1.0756089295689075e-10
21650.056 8.645658710571586e-11
21700.056 8.249613461010008e-11
21750.056 8.031980686621584e-11
21800.056 6.2508311972225e-11
21850.056 6.11293246544609e-11
21900.056 4.8053722729941546e-11
21950.056 2.161208230040618e-11
22000.056 4.110689715140103e-12
22050.056 6.446326213701058e-12
22100.056 2.2840562605034574e-11
22150.056 1.7321942613992666e-11
22200.056 1.7553743251005513e-11
22250.056 1.4606130964876665e-11
22300.056 7.844009635985791e-12
22350.056 1.0354718531302505e-11
22400.056 4.173111620103125e-12
22450.056 5.91967063527055e-12
22500.056 4.56826624817469e-12
22550.056 2.880215108573501e-12
22600.056 2.3071397113894547e-12
22650.056 4.321613012619675e-12
22700.056 3.656758836892702e-12
22750.056 4.525006753541346e-12
22800.056 5.192701974055944e-12
22850.056 3.705178834370836e-12
22900.056 2.5632075085100286e-12
22950.056 2.2240960386106e-12
23000.056 2.9530675903964285e-12
23050.056 3.5992381541298592e-12
23100.056 1.660042272922665e-11
23150.056 1.4629803833544302e-11
23200.056 8.786464667015746e-13
23250.056 3.567072411382789e-12
23300.056 3.2376063228256514e-12
23350.056 4.6980620032816434e-12
23400.056 3.6568389849495055e-12
23450.056 2.296997727723838e-12
23500.056 2.4150574157337097e-12
23550.056 4.730622042561268e-12
23600.056 8.774963815227366e-12
23650.056 1.2152178825094885e-11
23700.056 2.664450350057085e-12
23750.056 2.7007903538116423e-12
23800.056 1.0693223634844152e-11
23850.056 7.396194380732117e-12
23900.056 1.494734710309655e-11
23950.056 8.517421168077251e-12
24000.056 1.769932123312637e-11
24050.056 2.1159561996636354e-11
24100.056 2.3990019409802266e-11
24150.056 3.40655400449601e-11
24200.056 2.3629496500735367e-11
24250.056 1.9371409733037464e-11
24300.056 3.4892311912285424e-11
24350.056 3.0304943568952724e-11
24400.056 6.056233754794523e-11
24450.056 6.964786669084201e-11
24500.056 6.417553602572043e-11
24550.056 9.291360634169974e-11
24600.056 1.031233005855093e-10
24650.056 1.449875106947441e-10
24700.056 1.0501512833025618e-10
24750.056 1.3683281872503491e-10
24800.056 1.2685001292251342e-10
24850.056 1.9749236393896635e-10
24900.056 1.0652168102969089e-10
24950.056 1.9444844058811323e-10
25000.056 2.0345409311544855e-10
25050.056 1.4145384763730424e-10
25100.056 2.107068958226981e-10
25150.056 1.0906178255609843e-10
25200.056 1.686437139045293e-10
25250.056 7.550679781031203e-11
25300.056 1.0381676747052278e-10
25350.056 5.066449722508815e-11
25400.056 1.217013668835084e-10
25450.056 3.9775937257955755e-11
25500.056 3.3187813808294943e-11
25550.056 7.076790541549721e-11
25600.056 3.403876274789903e-11
25650.056 1.851181979468935e-11
25700.056 2.1686456125407965e-11
25750.056 5.699556869708131e-12
25800.056 3.477219662588504e-11
25850.056 5.6794432695932124e-12
25900.056 8.121375024077375e-12
25950.056 1.7412521473120676e-12
26000.056 3.018358557484571e-11
26050.056 2.853323224645794e-12
26100.056 1.7093399361681776e-11
26150.056 6.745547065136711e-12
26200.056 9.382237379643256e-12
26250.056 7.539783421226342e-11
26300.056 1.3582695242473123e-11
26350.056 1.2293444733629777e-10
26400.056 1.8299536686662791e-10
26450.056 1.32494234803419e-10
26500.056 3.0064595738006075e-10
26550.056 3.010126266206455e-11
26600.056 3.668146119030081e-11
26650.056 4.326412846160015e-12
26700.056 2.3796442395213626e-12
26750.056 4.064909298386104e-12
26800.056 1.4991874051058406e-11
26850.056 8.078365576262296e-12
26900.056 4.714813305492705e-11
26950.056 1.3774555034416983e-11
27000.056 8.666834809774579e-11
27050.056 1.0715706556986503e-10
27100.056 9.355396409380552e-12
27150.056 1.2491730799149513e-10
27200.056 9.24785252618655e-12
27250.056 3.87625372162207e-11
27300.056 3.140545510685946e-10
27350.056 9.82232658946815e-11
27400.056 4.044923150214477e-12
27450.056 1.3106260289042493e-10
27500.056 1.618320037327868e-10
27550.056 2.1702516130484806e-11
27600.056 7.155760549628907e-11
27650.056 1.6364107560188358e-11
27700.056 1.4996733759011354e-11
27750.056 1.1344609261102953e-10
27800.056 3.0024997981183715e-11
27850.056 5.402851255754224e-11
27900.056 5.418920923978738e-11
27950.056 1.4812837146401754e-10
28000.056 1.3916505759393929e-10
28050.056 1.4154905404052702e-11
28100.056 1.3235769991384034e-10
28150.056 1.012117732638507e-10
28200.056 2.407899618147165e-11
28250.056 1.8720368815964926e-10
28300.056 1.7026841713061912e-10
28350.056 3.231937755966997e-11
28400.056 1.228052887258282e-10
28450.056 2.2305587719532332e-10
28500.056 1.3402602173622184e-10
28550.056 2.6812165819360862e-11
28600.056 2.287920373874443e-10
28650.056 1.434873128149251e-10
28700.056 2.330902174621296e-10
28750.056 3.31348566908223e-10
28800.056 1.36998527077897e-10
