galfind/configs/Brown_Dwarf_templates/sonora_bobcat/m-0.5/31g/sp_t325g31nc_m-0.5_resample.dat
# %ECSV 1.0
# ---
# datatype:
# - {name: wav, unit: Angstrom, datatype: float64}
# - {name: flux_nu, unit: erg / (cm2 Hz s), datatype: float64}
# meta: {C/O: '1.00', Kzz: '1.0000E+05', Teff: '325.', Y: '0.28', '[Fe/H]': '-0.50', f_hole: '1.00', f_rain: '0.00', grav: '32.'}
# schema: astropy-2.0
wav flux_nu
4000.0559999999996 nan
4050.0559999999996 7.91755119967715e-20
4100.056 2.83938372967005e-18
4150.056 1.9428687684900178e-17
4200.056 2.1333419267549115e-17
4250.056 1.7577533202200146e-16
4300.056 4.315768192100018e-16
4350.056 8.622687159900038e-16
4400.056 1.5884736967000036e-15
4450.056 2.7337614745000036e-15
4500.056 4.597495817000017e-15
4550.056 5.292154499199982e-15
4600.056 1.8595437639999937e-15
4650.056 1.1607107759299938e-15
4700.056 5.888527922199973e-16
4750.056 2.8085411277999914e-16
4800.056 1.5859282449999917e-16
4850.056 8.614751298899959e-17
4900.056 5.916835550999987e-17
4950.056 4.8492967539999915e-17
5000.056 4.1412272141999903e-17
5050.056 3.856101481900038e-17
5100.056 4.5438614746000416e-17
5150.056 5.4765735650000165e-17
5200.056 6.533509563200012e-17
5250.056 7.812018416100014e-17
5300.056 9.334048258900015e-17
5350.056 1.116274407900002e-16
5400.056 1.3185438096000032e-16
5450.056 1.55571666240001e-16
5500.056 1.8287367044000059e-16
5550.056 2.122497339900003e-16
5600.056 2.3968616106000044e-16
5650.056 2.6025521590999995e-16
5700.056 2.601400396400001e-16
5750.056 2.5183483436000016e-16
5800.056 2.2267861184999903e-16
5850.056 1.4933133809799794e-16
5900.056 4.1538788007803794e-17
5950.056 2.960650874550112e-16
6000.056 7.350518268599989e-16
6050.056 1.501776913690017e-15
6100.056 2.6086909611000236e-15
6150.056 4.0757453179000255e-15
6200.056 6.002540570100032e-15
6250.056 8.439886779200016e-15
6300.056 1.1831800197400028e-14
6350.056 1.636051299700006e-14
6400.056 2.226409819000006e-14
6450.056 2.7428387402999552e-14
6500.056 3.579593173050035e-14
6550.056 4.8040007210398766e-14
6600.056 6.407683409700185e-14
6650.056 8.640718775600059e-14
6700.056 1.1340271573200054e-13
6750.056 1.4782164944000063e-13
6800.056 1.829532275500012e-13
6850.056 2.1324871746000044e-13
6900.056 2.0743629343700388e-13
6950.056 1.8267735027580192e-13
7000.056 2.1954515218399546e-13
7050.056 2.384596905199992e-13
7100.056 2.775024643829961e-13
7150.056 2.227410791028225e-13
7200.056 1.7932834653951367e-13
7250.056 2.1472177486213353e-13
7300.056 2.2765461337297643e-13
7350.056 3.06017310962545e-13
7400.056 3.834834721750163e-13
7450.056 4.8457871085002e-13
7500.056 5.501883613800019e-13
7550.056 5.704699817799999e-13
7600.056 5.431571013599982e-13
7650.056 1.890034492766922e-13
7700.056 1.3543954236200506e-13
7750.056 5.574632620800089e-13
7800.056 8.527664420200052e-13
7850.056 1.283066641409988e-12
7900.056 1.640355145559964e-12
7950.056 1.8164189207900057e-12
8000.056 2.4361888940500177e-12
8050.056 2.835451271700049e-12
8100.056 2.1574365631502926e-12
8150.056 1.5986581112892076e-12
8200.056 2.995301082998955e-12
8250.056 3.0902504030288025e-12
8300.056 3.5120152291511444e-12
8350.056 3.772314840358364e-12
8400.056 4.570728016135069e-12
8450.056 6.567229124239954e-12
8500.056 7.926391381399926e-12
8550.056 9.894230978400153e-12
8600.056 1.1824367383700041e-11
8650.056 1.3102194058000071e-11
8700.056 1.2784508935000128e-11
8750.056 1.3088460680000036e-11
8800.056 1.2180033877099796e-11
8850.056 9.31476279889954e-12
8900.056 1.3481220928663741e-12
8950.056 9.203806320835387e-13
9000.056 8.025570173022013e-13
9050.056 3.4648011766035856e-12
9100.056 4.377114889391502e-12
9150.056 6.218232945970227e-12
9200.056 1.2553256342676147e-11
9250.056 1.0207658774284932e-11
9300.056 2.666067247241951e-13
9350.056 3.70291779444711e-13
9400.056 2.3080242890514226e-12
9450.056 2.0361475461922556e-12
9500.056 1.6315969586644621e-12
9550.056 1.7028461483091689e-12
9600.056 2.107371849675658e-12
9650.056 4.512371817468776e-12
9700.056 1.504859327502114e-11
9750.056 1.1128745303781541e-11
9800.056 1.22160536950415e-11
9850.056 1.4146802829645404e-11
9900.056 1.985550007318886e-11
9950.056 2.0169198476592255e-11
10000.056 1.7952356057041428e-11
10050.056 2.001916474170005e-11
10100.056 1.775263103709991e-11
10150.056 1.026388508706019e-11
10200.056 3.938451391202734e-12
10250.056 5.462023068241984e-12
10300.056 9.712295769358623e-12
10350.056 4.179311029777122e-12
10400.056 1.1390095281179823e-11
10450.056 1.8338103667786267e-11
10500.056 2.734154412412059e-11
10550.056 4.0548162848301083e-11
10600.056 4.806830665100127e-11
10650.056 4.796628365600023e-11
10700.056 3.980353692869953e-11
10750.056 3.757500341689955e-11
10800.056 3.4124141430940426e-11
10850.056 2.8878863394370617e-11
10900.056 2.2729711970249464e-11
10950.056 1.340409759955578e-11
11000.056 7.641876404533534e-12
11050.056 3.796075899865807e-12
11100.056 1.631815128708405e-12
11150.056 4.859585386834972e-13
11200.056 2.2323264493777154e-13
11250.056 1.924492483281316e-13
11300.056 5.296819192526323e-13
11350.056 9.979190174297211e-14
11400.056 8.905620485451275e-13
11450.056 4.593858864066934e-13
11500.056 4.2262381029693823e-13
11550.056 7.39080901051393e-14
11600.056 2.2605384397982336e-14
11650.056 1.9432588440547758e-13
11700.056 2.555876904253477e-13
11750.056 6.03421430074138e-14
11800.056 3.897359346921207e-13
11850.056 4.039401939980634e-13
11900.056 3.801746948660279e-13
11950.056 5.875602123850211e-13
12000.056 9.024169791049417e-13
12050.056 1.4369141147815474e-12
12100.056 1.768162134159893e-12
12150.056 2.4625729821824846e-12
12200.056 2.7538880277344238e-12
12250.056 5.327197190895995e-12
12300.056 1.0561756901721792e-11
12350.056 1.3361007932851008e-11
12400.056 2.285807598553955e-11
12450.056 3.986175145390093e-11
12500.056 4.976031753610416e-11
12550.056 5.718437017250033e-11
12600.056 9.182785672620914e-11
12650.056 1.4629369491959764e-10
12700.056 1.6756703794000142e-10
12750.056 1.1533146573500784e-10
12800.056 6.728697714219445e-11
12850.056 3.4037841549179394e-11
12900.056 2.4814276441199572e-11
12950.056 2.0291041271046005e-11
13000.056 2.2633836301226242e-11
13050.056 1.4107311906842428e-11
13100.056 1.3302207829826844e-11
13150.056 6.9740049636210955e-12
13200.056 8.945750503171391e-12
13250.056 9.300617926265465e-12
13300.056 3.58050481753533e-12
13350.056 1.5999678361724154e-12
13400.056 6.367096176617476e-13
13450.056 1.165599602087288e-13
13500.056 2.5492218938553635e-14
13550.056 4.1518532031944165e-15
13600.056 4.131597483235252e-16
13650.056 5.8527255549946144e-15
13700.056 2.1869848178071266e-15
13750.056 1.2117459919907297e-14
13800.056 9.38272022461417e-15
13850.056 3.2616121351921604e-15
13900.056 9.510408711018367e-15
13950.056 6.713286814743243e-15
14000.056 1.1278877246184091e-14
14050.056 1.849893649229307e-14
14100.056 2.0026233723363214e-14
14150.056 7.422742120709428e-14
14200.056 4.212540794602171e-14
14250.056 7.683156648862474e-14
14300.056 2.926221413024469e-13
14350.056 2.3719190904133245e-13
14400.056 2.336543627272165e-13
14450.056 5.597684222501644e-13
14500.056 1.4141682171733073e-12
14550.056 1.642473860880328e-12
14600.056 1.938044225040168e-12
14650.056 6.530679861515827e-13
14700.056 2.4777774588693285e-13
14750.056 5.824182880610229e-14
14800.056 9.616878960889541e-14
14850.056 1.2566628528330662e-13
14900.056 1.1653523503141305e-13
14950.056 6.366538973844896e-14
15000.056 2.630807361654835e-13
15050.056 2.7006493017687834e-13
15100.056 1.0001538928040835e-13
15150.056 3.153010500054665e-14
15200.056 2.0224574410724849e-13
15250.056 4.661668842065561e-13
15300.056 6.411042603912738e-13
15350.056 9.644639605452898e-13
15400.056 1.187591588801792e-12
15450.056 1.7886062547640462e-12
15500.056 2.3898840877513723e-12
15550.056 6.492539311855904e-12
15600.056 1.1628789128306235e-11
15650.056 2.5078739213188504e-11
15700.056 5.017583919235176e-11
15750.056 7.732582220330498e-11
15800.056 9.836166954780248e-11
15850.056 1.3156771226632076e-10
15900.056 1.5705642910999654e-10
15950.056 1.9368935350599355e-10
16000.056 1.7647321362701195e-10
16050.056 1.1969232074598924e-10
16100.056 6.808607789149689e-11
16150.056 3.1563397164565374e-11
16200.056 1.2943938104069594e-11
16250.056 6.2160953844080965e-12
16300.056 2.873091049900325e-12
16350.056 4.039533514676645e-12
16400.056 5.1054751924030176e-12
16450.056 4.3793619008519285e-12
16500.056 2.9134602181728985e-12
16550.056 2.7930597107362014e-12
16600.056 7.957713039477743e-12
16650.056 4.755760186503355e-12
16700.056 5.849178420886382e-13
16750.056 2.5121298215586847e-12
16800.056 4.056699887303619e-12
16850.056 4.433808274284101e-12
16900.056 1.4397756100547138e-12
16950.056 7.542753914985198e-13
17000.056 2.957135860761128e-13
17050.056 6.807102195312896e-13
17100.056 1.7551458843335675e-12
17150.056 8.041174673497562e-13
17200.056 4.181425607007823e-12
17250.056 1.2843294539812273e-12
17300.056 8.149173928249402e-13
17350.056 1.1879156426848444e-12
17400.056 2.7696491602094314e-12
17450.056 3.4706565224708917e-12
17500.056 5.347403180162986e-12
17550.056 4.701344802371758e-12
17600.056 3.663400910737727e-12
17650.056 2.5941051360910345e-12
17700.056 2.1687266591338667e-12
17750.056 1.904337649721129e-12
17800.056 5.419532890166297e-12
17850.056 1.9961333186604282e-12
17900.056 1.300528675972394e-12
17950.056 1.0020851153596912e-12
18000.056 1.6914080268239349e-12
18050.056 1.0769789549689575e-12
18100.056 1.3323311474840545e-12
18150.056 7.248309076254035e-13
18200.056 5.387181050602959e-13
18250.056 2.19980733512186e-12
18300.056 2.5932332494981163e-13
18350.056 1.9682767032304786e-13
18400.056 1.0148351220120593e-13
18450.056 9.764044024672268e-13
18500.056 8.532508129956223e-13
18550.056 3.8726850613080645e-13
18600.056 7.804184472077373e-13
18650.056 5.336062264804879e-13
18700.056 5.012803013601322e-14
18750.056 1.1518786571859643e-13
18800.056 1.4366081648364072e-12
18850.056 1.246343989483108e-12
18900.056 1.329772365949291e-12
18950.056 1.6062635263434997e-12
19000.056 3.312884963955939e-13
19050.056 1.3457418484329837e-13
19100.056 4.394555438079569e-13
19150.056 1.7717730669403412e-13
19200.056 3.3431577997043734e-13
19250.056 2.4773577458256247e-13
19300.056 1.42755139424768e-13
19350.056 1.3770589730053316e-13
19400.056 1.0850481511961954e-13
19450.056 1.4576242512884008e-13
19500.056 1.0239783530750966e-13
19550.056 2.474121863925422e-13
19600.056 5.536122631582944e-13
19650.056 3.554492096699692e-13
19700.056 4.956284870429584e-13
19750.056 6.874692912004292e-13
19800.056 4.4291397257707843e-13
19850.056 5.124958224173166e-13
19900.056 8.029284262972453e-13
19950.056 9.419394487222584e-13
20000.056 1.1442062203813188e-12
20050.056 8.201001701973212e-13
20100.056 1.2649254351931487e-12
20150.056 7.796068030799839e-13
20200.056 5.081042341295757e-13
20250.056 1.0719091107754027e-12
20300.056 1.2686252069875227e-12
20350.056 1.2726051635318955e-12
20400.056 1.1647532438570748e-12
20450.056 1.7284420912078454e-12
20500.056 1.8371857812774116e-12
20550.056 1.9036517720943896e-12
20600.056 1.9306811019921476e-12
20650.056 2.062714615688401e-12
20700.056 2.092303498611994e-12
20750.056 2.0676339996599157e-12
20800.056 1.893772264449696e-12
20850.056 1.9811401230900164e-12
20900.056 1.933862243549927e-12
20950.056 1.8102235734400587e-12
21000.056 1.7178376212100312e-12
21050.056 1.7483924378999658e-12
21100.056 1.7060988338100328e-12
21150.056 1.7277161588199932e-12
21200.056 1.7303709514601147e-12
21250.056 1.7645609085198806e-12
21300.056 1.7141694152199504e-12
21350.056 1.7674865199693046e-12
21400.056 1.9314816702442874e-12
21450.056 1.7716429549534194e-12
21500.056 1.7264044173602917e-12
21550.056 1.752491275402159e-12
21600.056 1.623692917556342e-12
21650.056 1.369513090106414e-12
21700.056 1.2904914314944104e-12
21750.056 1.363284725023421e-12
21800.056 1.0837483526861729e-12
21850.056 1.0561812587788852e-12
21900.056 8.758483868998318e-13
21950.056 3.85611408067084e-13
22000.056 4.214214320541409e-14
22050.056 1.0162318649184964e-13
22100.056 3.7404876378796616e-13
22150.056 2.3114317846536733e-13
22200.056 2.11970472853326e-13
22250.056 1.7213400638843154e-13
22300.056 7.765923426223805e-14
22350.056 1.1843661552646058e-13
22400.056 4.1173687331975245e-14
22450.056 6.855373421220061e-14
22500.056 5.043547331111268e-14
22550.056 2.358484769302576e-14
22600.056 1.8342619772687356e-14
22650.056 3.5120192025659004e-14
22700.056 3.451758461250632e-14
22750.056 5.439530053569614e-14
22800.056 6.923612422775581e-14
22850.056 4.564638461387426e-14
22900.056 2.7786233105642868e-14
22950.056 1.9253769265874092e-14
23000.056 2.6268531335897296e-14
23050.056 2.6202974174009516e-14
23100.056 2.2615992841790224e-13
23150.056 2.0985584010774494e-13
23200.056 8.018422835223488e-15
23250.056 5.013004232868026e-14
23300.056 3.7609804866994284e-14
23350.056 5.881419505147556e-14
23400.056 4.2544492400787125e-14
23450.056 2.0636292902654548e-14
23500.056 2.078816345922349e-14
23550.056 5.20146388299349e-14
23600.056 1.2754137547900903e-13
23650.056 1.6728356722439992e-13
23700.056 2.4477577433626323e-14
23750.056 3.169135261516398e-14
23800.056 1.7330379353423127e-13
23850.056 9.833619956662957e-14
23900.056 2.0785195634912762e-13
23950.056 9.162705717259325e-14
24000.056 2.5927483444264047e-13
24050.056 3.077290447013726e-13
24100.056 4.1415026060002294e-13
24150.056 6.033384373590298e-13
24200.056 3.9506640868943075e-13
24250.056 3.1135981925144653e-13
24300.056 6.599015920245955e-13
24350.056 6.03813916444001e-13
24400.056 1.3601462575001594e-12
24450.056 1.659626728004951e-12
24500.056 1.5164254844795476e-12
24550.056 2.460513823701061e-12
24600.056 3.0583246268893262e-12
24650.056 4.316391401573826e-12
24700.056 3.586971077424388e-12
24750.056 4.9778260338020924e-12
24800.056 4.670334982292686e-12
24850.056 6.885162978598487e-12
24900.056 4.3623799486761966e-12
24950.056 6.969550005016621e-12
25000.056 8.810505578049138e-12
25050.056 6.220970575725222e-12
25100.056 8.840802880836655e-12
25150.056 4.491326153392258e-12
25200.056 7.394059501373229e-12
25250.056 3.2848276087422296e-12
25300.056 3.6009585504132817e-12
25350.056 1.931747856333951e-12
25400.056 4.537153971418388e-12
25450.056 1.2024152106285454e-12
25500.056 9.336421827148126e-13
25550.056 2.5764665097179455e-12
25600.056 9.726930672701231e-13
25650.056 4.2791473114656536e-13
25700.056 2.89097064160163e-13
25750.056 7.285687972940912e-14
25800.056 5.381667403310653e-13
25850.056 5.689683198136075e-14
25900.056 7.957802761510938e-14
25950.056 1.1067627838417701e-14
26000.056 3.5144292386953363e-13
26050.056 1.721952734428209e-14
26100.056 1.3347302990056948e-13
26150.056 3.628897847451445e-14
26200.056 5.909564316854985e-14
26250.056 8.244908062503162e-13
26300.056 7.128551058607707e-14
26350.056 2.438419517489678e-12
26400.056 5.493829724340985e-12
26450.056 2.6799356750247895e-12
26500.056 9.445793070075153e-12
26550.056 3.757155734592235e-13
26600.056 3.5189245429884374e-13
26650.056 2.709704114814704e-14
26700.056 1.5439388365810647e-14
26750.056 4.264941942464089e-14
26800.056 2.6043919080221485e-13
26850.056 1.3096437740759354e-13
26900.056 9.891027760045873e-13
26950.056 1.8744310660196362e-13
27000.056 1.5488673538574846e-12
27050.056 2.9992336668159857e-12
27100.056 6.743946377893993e-14
27150.056 2.3478841817389143e-12
27200.056 7.285712884719177e-14
27250.056 5.503726603995554e-13
27300.056 9.223874549393852e-12
27350.056 1.887354958989338e-12
27400.056 4.714415547165492e-14
27450.056 3.2582501267454224e-12
27500.056 4.366797182087443e-12
27550.056 3.822285459146998e-13
27600.056 1.6943788958383458e-12
27650.056 2.861942689158484e-13
27700.056 3.4474363357596426e-13
27750.056 3.5798515879165186e-12
27800.056 8.300040124888111e-13
27850.056 2.0345666169579707e-12
27900.056 2.415310275077661e-12
27950.056 6.003641078325568e-12
28000.056 7.304851208101325e-12
28050.056 4.015345867256997e-13
28100.056 7.451461325946952e-12
28150.056 5.4761306581272175e-12
28200.056 8.203693310818843e-13
28250.056 1.0713324224130717e-11
28300.056 9.483822622169378e-12
28350.056 1.1159732091620051e-12
28400.056 5.836251696789582e-12
28450.056 1.2917710456835007e-11
28500.056 5.814645490920011e-12
28550.056 9.399393939801093e-13
28600.056 1.1904910252007373e-11
28650.056 5.8118209997232975e-12
28700.056 1.3441324341961139e-11
28750.056 1.9882990045640596e-11
