galfind/configs/Brown_Dwarf_templates/sonora_bobcat/m-0.5/31g/sp_t1000g31nc_m-0.5_resample.dat
# %ECSV 1.0
# ---
# datatype:
# - {name: wav, unit: Angstrom, datatype: float64}
# - {name: flux_nu, unit: erg / (cm2 Hz s), datatype: float64}
# meta: {C/O: '1.00', Kzz: '1.0000E+05', Teff: '1000.', Y: '0.28', '[Fe/H]': '-0.50', f_hole: '1.00', f_rain: '0.00', grav: '32.'}
# schema: astropy-2.0
wav flux_nu
4000.0559999999996 nan
4050.0559999999996 1.373681757268572e-12
4100.056 2.6395091482656902e-11
4150.056 4.590126675050474e-11
4200.056 3.852586768120828e-11
4250.056 5.855338764510993e-11
4300.056 6.378709591790812e-11
4350.056 6.833806247630477e-11
4400.056 8.250531686800768e-11
4450.056 8.024345419600205e-11
4500.056 8.244975591400743e-11
4550.056 1.027098295927135e-10
4600.056 1.0973177690160025e-10
4650.056 1.0187964630898978e-10
4700.056 1.1556858742700356e-10
4750.056 9.476586102099533e-11
4800.056 4.043621349900115e-11
4850.056 1.75002933226995e-11
4900.056 8.46659169379989e-12
4950.056 3.8792956327999676e-12
5000.056 1.3261519968399898e-12
5050.056 4.768004198999938e-13
5100.056 3.6521002634999605e-13
5150.056 3.0518340642999207e-13
5200.056 2.474406699400025e-13
5250.056 1.932669138899991e-13
5300.056 1.5170176301999955e-13
5350.056 1.2166423954999966e-13
5400.056 1.0017816838799964e-13
5450.056 8.33896007119995e-14
5500.056 6.997897228799975e-14
5550.056 5.941906705899986e-14
5600.056 5.087365715699981e-14
5650.056 4.339222643100002e-14
5700.056 3.680304937399997e-14
5750.056 2.926719311899988e-14
5800.056 2.1127787653999906e-14
5850.056 1.1488746528199859e-14
5900.056 2.612371149733043e-15
5950.056 2.6003954609000364e-14
6000.056 7.1446667317001e-14
6050.056 1.5721566626000113e-13
6100.056 3.16385257500002e-13
6150.056 6.193600088400052e-13
6200.056 1.1924958803200095e-12
6250.056 2.252204666500019e-12
6300.056 4.133543977700038e-12
6350.056 7.366534518300065e-12
6400.056 1.2687078711400097e-11
6450.056 2.0996122252000056e-11
6500.056 3.37382789000002e-11
6550.056 5.257906642900038e-11
6600.056 7.990988267500067e-11
6650.056 1.1780046606400038e-10
6700.056 1.1929061107850345e-10
6750.056 2.2845271323000143e-10
6800.056 3.057049357800004e-10
6850.056 3.447806348399999e-10
6900.056 3.2858152303000106e-10
6950.056 2.9572574626999944e-10
7000.056 2.969085850900021e-10
7050.056 3.242982278099974e-10
7100.056 3.5794377086000024e-10
7150.056 3.696085343749953e-10
7200.056 3.6182035776600685e-10
7250.056 3.417766670199851e-10
7300.056 3.0298006256699924e-10
7350.056 2.635190359289953e-10
7400.056 2.2425088063000285e-10
7450.056 1.7989680132000126e-10
7500.056 1.343216365299991e-10
7550.056 9.028254587199921e-11
7600.056 5.3992522366999275e-11
7650.056 7.726874966199432e-12
7700.056 3.0542134404424637e-12
7750.056 3.8856266078001224e-11
7800.056 9.679938663738242e-11
7850.056 2.449290445400025e-10
7900.056 4.306784831200025e-10
7950.056 5.411840793490074e-10
8000.056 1.0473708606100132e-09
8050.056 1.4652305388000288e-09
8100.056 1.9035258319299974e-09
8150.056 2.4406534414299904e-09
8200.056 3.1879383072001328e-09
8250.056 3.9983244986560835e-09
8300.056 4.996826634810393e-09
8350.056 6.073161045399683e-09
8400.056 7.370505930419706e-09
8450.056 9.144100365399734e-09
8500.056 9.718144918442225e-09
8550.056 1.2344620011700262e-08
8600.056 1.4795146536099998e-08
8650.056 1.5841696639999483e-08
8700.056 1.817959914199878e-08
8750.056 2.107574987200043e-08
8800.056 2.4631851981000612e-08
8850.056 2.759291141899905e-08
8900.056 2.659755448729909e-08
8950.056 2.4579774815946315e-08
9000.056 3.194312427573504e-08
9050.056 4.166377684551155e-08
9100.056 4.759827442211465e-08
9150.056 5.0813442861393314e-08
9200.056 5.8521135090111665e-08
9250.056 5.8595353872299424e-08
9300.056 3.442566690767473e-08
9350.056 4.053380429799472e-08
9400.056 5.229343114034606e-08
9450.056 6.182262557243074e-08
9500.056 6.182211449330569e-08
9550.056 6.855710007509449e-08
9600.056 6.601965893226819e-08
9650.056 7.292004615304504e-08
9700.056 8.368843802316392e-08
9750.056 8.725590205135959e-08
9800.056 9.611241950339727e-08
9850.056 1.0636109091182151e-07
9900.056 9.794801621718808e-08
9950.056 9.196219726949331e-08
10000.056 7.848530703299206e-08
10050.056 1.035417314040004e-07
10100.056 1.240662361849915e-07
10150.056 1.3441851526497922e-07
10200.056 1.5265102517799523e-07
10250.056 1.65719736822996e-07
10300.056 1.74431306989003e-07
10350.056 1.9980656869100183e-07
10400.056 2.2318129440999428e-07
10450.056 2.314652993000044e-07
10500.056 2.2721637895000013e-07
10550.056 2.2981096887001018e-07
10600.056 2.436793551799986e-07
10650.056 2.6420082900601117e-07
10700.056 2.7946935335801725e-07
10750.056 3.0108289828401356e-07
10800.056 3.1945918012600485e-07
10850.056 3.3506134715097865e-07
10900.056 2.9219426491298535e-07
10950.056 2.0726390491345597e-07
11000.056 1.856992488112905e-07
11050.056 1.5740570986134887e-07
11100.056 1.3345082220949193e-07
11150.056 1.0459022315629093e-07
11200.056 1.0184428995210933e-07
11250.056 1.2077914645834684e-07
11300.056 1.2167358475353034e-07
11350.056 7.180402255580339e-08
11400.056 9.821992724454673e-08
11450.056 9.639400668942594e-08
11500.056 9.798999757668026e-08
11550.056 6.25506649694634e-08
11600.056 6.985319745491098e-08
11650.056 8.962167358347853e-08
11700.056 7.907161539644209e-08
11750.056 4.597322580169116e-08
11800.056 8.881097595775618e-08
11850.056 1.3081089499358315e-07
11900.056 1.4903750628602698e-07
11950.056 1.8749875784248906e-07
12000.056 2.1082498099509154e-07
12050.056 2.5753161054985183e-07
12100.056 2.917744975779867e-07
12150.056 3.441879059309785e-07
12200.056 3.7967495233293363e-07
12250.056 4.272202410539292e-07
12300.056 4.769166764200471e-07
12350.056 4.905869608390116e-07
12400.056 5.046857276899895e-07
12450.056 4.867236855900174e-07
12500.056 5.185585092199947e-07
12550.056 5.464664048000432e-07
12600.056 6.513024352600275e-07
12650.056 6.453941515859933e-07
12700.056 6.763162707710976e-07
12750.056 6.571299510620338e-07
12800.056 6.686664272110245e-07
12850.056 6.01003561605969e-07
12900.056 5.464565745693214e-07
12950.056 5.52022522203888e-07
13000.056 5.386576091122925e-07
13050.056 5.098832287620594e-07
13100.056 4.81495718416336e-07
13150.056 4.203634374374052e-07
13200.056 3.7770022191021277e-07
13250.056 3.0711133302792384e-07
13300.056 1.7736226607946343e-07
13350.056 6.598194467703977e-08
13400.056 4.8938242286903184e-08
13450.056 3.1103502954918454e-08
13500.056 2.3768834563517053e-08
13550.056 1.814896777476295e-08
13600.056 1.1118058452848961e-08
13650.056 2.1372489286953327e-08
13700.056 1.7883311528846204e-08
13750.056 1.7688084942353168e-08
13800.056 2.014170823541122e-08
13850.056 1.7380457186751205e-08
13900.056 1.8086185606366968e-08
13950.056 1.6348695098529352e-08
14000.056 1.5765837246580176e-08
14050.056 1.8272993533005003e-08
14100.056 1.682872759527308e-08
14150.056 2.2184320676025745e-08
14200.056 1.8361996969809623e-08
14250.056 1.954783698808403e-08
14300.056 2.7244915406155567e-08
14350.056 2.782571268045859e-08
14400.056 3.20669097505852e-08
14450.056 3.433175269911646e-08
14500.056 5.211930047008845e-08
14550.056 5.7902238765133015e-08
14600.056 6.970646233799067e-08
14650.056 7.156784046137711e-08
14700.056 6.232799877639782e-08
14750.056 7.275292539296295e-08
14800.056 8.846499253399796e-08
14850.056 9.706485325778323e-08
14900.056 1.0022263539807658e-07
14950.056 1.0886069892157222e-07
15000.056 1.2003083151474882e-07
15050.056 1.3811658217954635e-07
15100.056 1.4838025615193933e-07
15150.056 1.642078669825788e-07
15200.056 1.6750442476089355e-07
15250.056 1.9260110381989504e-07
15300.056 2.126751305700702e-07
15350.056 2.3317970425767778e-07
15400.056 2.586611692175288e-07
15450.056 2.8109645960442335e-07
15500.056 2.926508021929596e-07
15550.056 3.2335878333098616e-07
15600.056 3.26872766575017e-07
15650.056 3.4475353547202173e-07
15700.056 3.8355544520910546e-07
15750.056 4.0105524889898454e-07
15800.056 3.9312423890807166e-07
15850.056 4.144767548179945e-07
15900.056 3.932365615600224e-07
15950.056 3.797987774999439e-07
16000.056 3.307071645800001e-07
16050.056 2.5934355595699203e-07
16100.056 2.0702888043587975e-07
16150.056 1.565012671543366e-07
16200.056 1.1668760405897745e-07
16250.056 1.0405528035368722e-07
16300.056 8.744475544659874e-08
16350.056 9.576832143497028e-08
16400.056 1.1223450386222458e-07
16450.056 1.1969886304858425e-07
16500.056 1.2758325509442047e-07
16550.056 1.2394557425302e-07
16600.056 1.187918189902895e-07
16650.056 9.960376861711752e-08
16700.056 4.2898977742999264e-08
16750.056 5.1894788373498094e-08
16800.056 8.188931048474776e-08
16850.056 8.94363942886509e-08
16900.056 7.637756210483438e-08
16950.056 6.324383600172867e-08
17000.056 4.9746045228727435e-08
17050.056 7.21227474507498e-08
17100.056 8.790106364506545e-08
17150.056 7.050522524440439e-08
17200.056 9.707949805118511e-08
17250.056 8.845566817256987e-08
17300.056 7.147157319648535e-08
17350.056 6.560113275013622e-08
17400.056 7.30531999339762e-08
17450.056 8.050473894480353e-08
17500.056 9.097303050437223e-08
17550.056 8.798318011010727e-08
17600.056 7.854804857572844e-08
17650.056 7.863769992660028e-08
17700.056 6.239269128662519e-08
17750.056 6.071328798038257e-08
17800.056 7.969299944811155e-08
17850.056 6.087544601900465e-08
17900.056 5.626140396724655e-08
17950.056 4.998860459125672e-08
18000.056 5.511378192681791e-08
18050.056 5.685832716306362e-08
18100.056 6.018009074762391e-08
18150.056 7.428295367829691e-08
18200.056 5.1081339549685464e-08
18250.056 8.472592627168108e-08
18300.056 6.71582107809857e-08
18350.056 5.80167060294494e-08
18400.056 5.739925962991784e-08
18450.056 6.227238591194948e-08
18500.056 6.783364940247538e-08
18550.056 5.7675542268959556e-08
18600.056 5.0267503649203665e-08
18650.056 5.253189479143039e-08
18700.056 5.322980245393332e-08
18750.056 6.14356175154768e-08
18800.056 8.59304743598239e-08
18850.056 9.707139364300764e-08
18900.056 9.545584176509677e-08
18950.056 1.1874954632324696e-07
19000.056 1.0392028307394202e-07
19050.056 8.756701639039646e-08
19100.056 1.172765492049164e-07
19150.056 1.0071292515627786e-07
19200.056 1.1140472407183716e-07
19250.056 9.499015399668934e-08
19300.056 9.45668247481132e-08
19350.056 8.392693921849044e-08
19400.056 6.538729450743611e-08
19450.056 9.68632701217889e-08
19500.056 9.437486941476491e-08
19550.056 7.383610911008059e-08
19600.056 9.596442350784198e-08
19650.056 1.0288867799105931e-07
19700.056 1.0531207438746503e-07
19750.056 1.0711747662939196e-07
19800.056 1.1221295452037123e-07
19850.056 1.3046796145654527e-07
19900.056 1.0964193223754473e-07
19950.056 1.4899133523281636e-07
20000.056 1.347554307328843e-07
20050.056 1.481138446872323e-07
20100.056 1.6305693243405218e-07
20150.056 1.5985665709404257e-07
20200.056 1.7166929909996585e-07
20250.056 1.9027396945269276e-07
20300.056 1.8688118454040167e-07
20350.056 2.04452388713715e-07
20400.056 2.014728262164513e-07
20450.056 2.2078819989135502e-07
20500.056 2.293238111396521e-07
20550.056 2.2875888508299816e-07
20600.056 2.4660338550526505e-07
20650.056 2.4471006624506235e-07
20700.056 2.4949535914075544e-07
20750.056 2.5482181889557797e-07
20800.056 2.5733942539759703e-07
20850.056 2.5093081468698663e-07
20900.056 2.562613501859389e-07
20950.056 2.487734097119833e-07
21000.056 2.4313494106403575e-07
21050.056 2.3969051700198965e-07
21100.056 2.2966871239301802e-07
21150.056 2.3092088713676275e-07
21200.056 2.1639093897500034e-07
21250.056 2.0759908137535625e-07
21300.056 1.8700347195536156e-07
21350.056 1.8672734963549015e-07
21400.056 1.7723966197065527e-07
21450.056 1.6720460044300908e-07
21500.056 1.5635754000836683e-07
21550.056 1.4548578887405635e-07
21600.056 1.3117002931918073e-07
21650.056 1.1824088686440304e-07
21700.056 1.1745866512720158e-07
21750.056 1.0450363269554086e-07
21800.056 9.138664509770563e-08
21850.056 8.340866395191642e-08
21900.056 6.503139086477399e-08
21950.056 4.448617318779664e-08
22000.056 2.224984684824862e-08
22050.056 1.5940445867359785e-08
22100.056 2.332810886496052e-08
22150.056 3.193713010156557e-08
22200.056 3.616912081902007e-08
22250.056 3.237824273015496e-08
22300.056 2.7378601869092473e-08
22350.056 2.639626156019806e-08
22400.056 2.0616536427026743e-08
22450.056 1.8216746684683967e-08
22500.056 1.737391436628608e-08
22550.056 1.472551724691227e-08
22600.056 1.5293921461574044e-08
22650.056 1.6133484224783365e-08
22700.056 1.4212256667843146e-08
22750.056 1.4944004192471418e-08
22800.056 1.3616561316184038e-08
22850.056 1.2193372928664437e-08
22900.056 1.0902497537010215e-08
22950.056 1.0311917829046373e-08
23000.056 1.2946617316368788e-08
23050.056 1.6591262680940437e-08
23100.056 2.6265797304282455e-08
23150.056 2.8618532177543045e-08
23200.056 9.633724172167821e-09
23250.056 1.1244886474292526e-08
23300.056 1.009755956118603e-08
23350.056 1.014253507904736e-08
23400.056 1.1048667617885215e-08
23450.056 1.0794936940877252e-08
23500.056 1.1806981610909942e-08
23550.056 1.4575647400074694e-08
23600.056 1.636404752856933e-08
23650.056 2.083052422119854e-08
23700.056 1.404922967606861e-08
23750.056 1.1525684109718896e-08
23800.056 1.2135686179730943e-08
23850.056 1.4044353478410538e-08
23900.056 2.0282805541351662e-08
23950.056 2.2415801295946198e-08
24000.056 2.4412377288970556e-08
24050.056 2.973880489728004e-08
24100.056 2.7765719405708316e-08
24150.056 3.146987451754451e-08
24200.056 3.1061955991445956e-08
24250.056 2.702041751877563e-08
24300.056 3.2165276825481067e-08
24350.056 2.8048915184458803e-08
24400.056 3.602688341807567e-08
24450.056 3.580256643591567e-08
24500.056 3.6523680136137015e-08
24550.056 4.2912520682317274e-08
24600.056 4.360732921955376e-08
24650.056 5.269374839893537e-08
24700.056 4.298370425664906e-08
24750.056 4.781497204842941e-08
24800.056 4.969626870966085e-08
24850.056 6.172305424396246e-08
24900.056 4.4581931164083136e-08
24950.056 6.608480123079094e-08
25000.056 6.155435047424206e-08
25050.056 4.875279012704806e-08
25100.056 6.352000462354284e-08
25150.056 4.764658430403567e-08
25200.056 6.003786225723908e-08
25250.056 4.6783338006465195e-08
25300.056 6.242946022344439e-08
25350.056 4.2209465340454216e-08
25400.056 6.53111480780832e-08
25450.056 4.344302725106685e-08
25500.056 4.4020964543267486e-08
25550.056 4.675010651029379e-08
25600.056 4.135563347970447e-08
25650.056 3.346189700597332e-08
25700.056 5.460533894081376e-08
25750.056 2.8854052634872474e-08
25800.056 5.3736555849308713e-08
25850.056 3.2043115507247306e-08
25900.056 4.145917303426938e-08
25950.056 2.8077467223123414e-08
26000.056 5.9192533355615374e-08
26050.056 4.1889495542330455e-08
26100.056 5.7108189837809395e-08
26150.056 4.707026355915962e-08
26200.056 5.300138665468462e-08
26250.056 7.174794953327469e-08
26300.056 5.572946534627909e-08
26350.056 8.4987890104062e-08
26400.056 8.478679615988702e-08
26450.056 9.128885449827745e-08
26500.056 9.806286959432401e-08
26550.056 6.589971326939324e-08
26600.056 9.138577448257081e-08
26650.056 4.9091037239636944e-08
26700.056 4.852195587923148e-08
26750.056 3.392562544581211e-08
26800.056 5.2888015617057406e-08
26850.056 3.2017486895663714e-08
26900.056 6.446856626650435e-08
26950.056 3.5721320224872116e-08
27000.056 7.644327314127328e-08
27050.056 6.051221832229669e-08
27100.056 5.0628910891910725e-08
27150.056 8.232560298842454e-08
27200.056 5.5893652033246763e-08
27250.056 6.294715447083605e-08
27300.056 1.1754972502246892e-07
27350.056 9.286708585976063e-08
27400.056 3.9104005389248607e-08
27450.056 1.1780594232846347e-07
27500.056 1.1026910004844856e-07
27550.056 6.208936430093207e-08
27600.056 1.0531419920180715e-07
27650.056 5.520629029311491e-08
27700.056 4.6595759893042356e-08
27750.056 1.070874439296876e-07
27800.056 5.276276871516297e-08
27850.056 6.552191443049345e-08
27900.056 7.062669854928132e-08
27950.056 1.1004700755269459e-07
28000.056 9.185030383547875e-08
28050.056 4.0612262019184354e-08
28100.056 1.1494643855516424e-07
28150.056 7.554268368883714e-08
28200.056 4.439146650494936e-08
28250.056 1.0840743967626252e-07
28300.056 1.3489791401583322e-07
28350.056 5.828080266398128e-08
28400.056 8.7804950927752e-08
28450.056 1.1015277603995314e-07
28500.056 9.251922340652132e-08
28550.056 4.2742242830317034e-08
28600.056 1.2561591416030626e-07
28650.056 1.0732236901331592e-07
28700.056 9.698624600116861e-08
28750.056 1.3014676855515089e-07
28800.056 1.0875272182412383e-07
