galfind/configs/Brown_Dwarf_templates/sonora_bobcat/m-0.5/31g/sp_t425g31nc_m-0.5_resample.dat
# %ECSV 1.0
# ---
# datatype:
# - {name: wav, unit: Angstrom, datatype: float64}
# - {name: flux_nu, unit: erg / (cm2 Hz s), datatype: float64}
# meta: {C/O: '1.00', Kzz: '1.0000E+05', Teff: '425.', Y: '0.28', '[Fe/H]': '-0.50', f_hole: '1.00', f_rain: '0.00', grav: '32.'}
# schema: astropy-2.0
wav flux_nu
[from data line 498]
28900.056 1.6960784014829985e-10
28950.056 2.5741922059027796e-10
29000.056 1.7673291754654725e-10
29050.056 2.68711190509256e-10
29100.056 1.4581071710119265e-10
29150.056 1.9903652601294831e-10
29200.056 3.377460938983307e-10
29250.056 4.247365295567739e-10
29300.056 2.1280551546096701e-10
29350.056 5.799462950673671e-10
29400.056 2.698741693634388e-10
29450.056 1.9561214589963398e-10
29500.056 5.386504133771906e-10
29550.056 2.1839803222989905e-10
29600.056 3.01603778608229e-10
29650.056 7.633575683487944e-10
29700.056 2.062726886875059e-10
29750.056 5.577520750968843e-10
29800.056 4.447746380112547e-10
29850.056 6.542156514891526e-10
29900.056 3.698282983225374e-10
29950.056 4.4803662990581387e-10
30000.056 1.0199185486347808e-11
30050.056 5.236001714828771e-11
30100.056 1.8497178272107122e-10
30150.056 6.045191407599833e-10
30200.056 4.272170676236449e-10
30250.056 8.309010459293699e-10
30300.056 1.114025518725974e-09
30350.056 3.3553124380138633e-10
30400.056 1.0677882748639254e-09
30450.056 7.026971633425384e-10
30500.056 5.709023889768869e-10
30550.056 4.647424167258611e-10
30600.056 2.0255670581992433e-09
30650.056 9.461558674296816e-10
30700.056 6.401578812076602e-10
30750.056 1.240755040633606e-09
30800.056 8.958769097038732e-10
30850.056 1.0592552923290712e-09
30900.056 5.581712241323758e-10
30950.056 5.710226034988699e-10
31000.056 6.286594370278738e-10
31050.056 4.875962090758685e-10
31100.056 3.053503621390268e-10
31150.056 5.723330648858486e-10
31200.056 1.2988503756234634e-09
31250.056 7.394996105884075e-10
31300.056 4.861915890546537e-10
31350.056 9.318317971530476e-10
31400.056 6.36852323583069e-10
31450.056 6.754505255709996e-10
31500.056 2.6401311142327054e-10
31550.056 4.4033118215223426e-10
31600.056 2.954990056481591e-10
31650.056 2.6954202271974916e-10
31700.056 2.6121418505359903e-10
31750.056 1.3171632076819602e-10
31800.056 2.6904217464859155e-10
31850.056 5.445671237686598e-11
31900.056 1.2664229051955944e-10
31950.056 7.747540280668457e-11
32000.056 6.529598722628697e-11
32050.056 1.0019296129029071e-10
32100.056 8.527088405250419e-11
32150.056 9.690200968389938e-11
32200.056 4.6527878946561506e-11
32250.056 1.2540896776933744e-10
32300.056 3.7987851919899736e-11
32350.056 1.189797181241661e-10
32400.056 2.240642543271192e-11
32450.056 9.337957264065758e-11
32500.056 2.794839976920023e-11
32550.056 7.093274673964697e-11
32600.056 3.423242786958131e-11
32650.056 1.8940121401679172e-10
32700.056 5.235156211824912e-11
32750.056 3.470873657129618e-10
32800.056 2.0162152840269838e-10
32850.056 5.727066520365498e-10
32900.056 4.974089887616353e-10
32950.056 5.363154171655336e-10
33000.056 1.9823085000296863e-10
33050.056 2.7110803044447125e-10
33100.056 5.93580804475311e-11
33150.056 3.798933996782025e-14
33200.056 1.5246542158490321e-12
33250.056 1.9094345325463167e-12
33300.056 1.3954446628490143e-11
33350.056 4.788037009468115e-11
33400.056 1.6854684565923256e-10
33450.056 1.2270576991497055e-10
33500.056 4.159975334182712e-10
33550.056 9.12874064120702e-11
33600.056 2.5623342135401147e-10
33650.056 2.301557560846514e-10
33700.056 9.022656810628143e-11
33750.056 3.41192249819681e-10
33800.056 3.8868291141541336e-11
33850.056 1.7033308010589565e-10
33900.056 1.8353900408103122e-10
33950.056 1.3984441585402397e-10
34000.056 3.215517660156556e-10
34050.056 5.196047024356234e-11
34100.056 2.907488144430021e-10
34150.056 1.260813784874309e-10
34200.056 3.300749430249321e-10
34250.056 2.0167702966111636e-10
34300.056 1.9945304686048164e-10
34350.056 3.939520657631941e-10
34400.056 1.2532724208178693e-10
34450.056 3.9186488143980754e-10
34500.056 2.0763178543539026e-10
34550.056 1.3027394949119958e-10
34600.056 6.20175872281181e-10
34650.056 1.1328040583820423e-10
34700.056 4.512627539603647e-10
34750.056 2.887379841171948e-10
34800.056 2.514187303483016e-10
34850.056 7.258198205984724e-10
34900.056 2.0742812952681704e-10
34950.056 6.417877180264621e-10
35000.056 1.2175408396141597e-09
35050.056 5.31358982488388e-10
35100.056 1.2343150764052444e-09
35150.056 1.0048464836862447e-09
35200.056 8.330261279347938e-10
35250.056 1.535219877012539e-09
35300.056 6.523573909324834e-10
35350.056 8.51916632246774e-10
35400.056 7.147972311366803e-10
35450.056 5.912188158759442e-10
35500.056 2.047513562729626e-09
35550.056 1.194534500852725e-09
35600.056 1.3250304900510547e-09
35650.056 1.4462117571509713e-09
35700.056 1.508075795510224e-09
35750.056 2.1640500395212857e-09
35800.056 2.0012890811858096e-09
35850.056 7.712787570224477e-10
35900.056 1.0630028843746085e-09
35950.056 1.3809366505662564e-09
36000.056 1.6189312108361552e-09
36050.056 1.1366076353630535e-09
36100.056 1.0683466264897172e-09
36150.056 2.283645284275872e-09
36200.056 2.5074999388081395e-09
36250.056 1.7364701648067077e-09
36300.056 3.846000431691662e-09
36350.056 2.200681371036177e-09
36400.056 3.504205640713961e-09
36450.056 3.5056872180548916e-09
36500.056 3.9003268504162275e-09
36550.056 5.2025871108338345e-09
36600.056 5.548254982115512e-09
36650.056 4.174283381091921e-09
36700.056 4.481238887248639e-09
36750.056 5.585403487243833e-09
36800.056 6.524893596377426e-09
36850.056 3.5871829286139113e-09
36900.056 6.045621014139262e-09
36950.056 6.471254547179555e-09
37000.056 4.48969052154177e-09
37050.056 7.122082545960908e-09
37100.056 5.072135562454321e-09
37150.056 4.979694496124509e-09
37200.056 8.178542129497573e-09
37250.056 5.314637028973289e-09
37300.056 3.96199447751118e-09
37350.056 6.778272453938947e-09
37400.056 1.0223992329857763e-08
37450.056 4.3160759878819445e-09
37500.056 6.001789071331661e-09
37550.056 1.0469808356406337e-08
37600.056 1.525469400601204e-08
37650.056 5.090561562522414e-09
37700.056 9.968320164174725e-09
37750.056 6.704728881331623e-09
37800.056 6.782630683426167e-09
37850.056 3.600768531099078e-09
37900.056 4.781236136121507e-09
37950.056 9.293897451259588e-09
38000.056 8.700488685112187e-09
38050.056 1.2069797505479681e-08
38100.056 1.4167217294731923e-08
38150.056 1.5421522348529266e-08
38200.056 1.3132356059235339e-08
38250.056 1.394910581632653e-08
38300.056 2.070351316337269e-08
38350.056 2.002661038402842e-08
38400.056 8.734612312746867e-09
38450.056 4.643093869223463e-09
38500.056 2.973582746482437e-09
38550.056 9.367806985742819e-09
38600.056 9.660676233783584e-09
38650.056 1.1335736336259697e-08
38700.056 8.943629676400143e-09
38750.056 9.80975583963407e-09
38800.056 1.02937635469306e-08
38850.056 1.1419560499298861e-08
38900.056 1.479030084580309e-08
38950.056 9.16990579741412e-09
39000.056 1.4821018581726439e-08
39050.056 9.323490366436426e-09
39100.056 1.334205748619695e-08
39150.056 1.750174098205253e-08
39200.056 1.246997280170486e-08
39250.056 1.976793578484083e-08
39300.056 1.3226254223826624e-08
39350.056 2.3336469254829345e-08
39400.056 1.3618947572128962e-08
39450.056 1.913428356630549e-08
39500.056 1.9576278565584954e-08
39550.056 1.0540819822809681e-08
39600.056 1.9010431878244362e-08
39650.056 2.3296498040796338e-08
39700.056 2.2076204964103234e-08
39750.056 1.2201553579136769e-08
39800.056 1.4035036252190019e-08
39850.056 2.7122123672103586e-08
39900.056 3.0591991694401376e-08
39950.056 1.453949089522219e-08
40000.056 2.49436946976207e-08
40050.056 2.6814795729898706e-08
40100.056 1.1405667000444008e-08
40150.056 2.502981364038569e-08
40200.056 2.6018663940299832e-08
40250.056 2.9012430731644885e-08
40300.056 2.851882794699982e-08
40350.056 1.921461130222501e-08
40400.056 2.6899919265061186e-08
40450.056 1.5089545792191493e-08
40500.056 3.177971781100006e-08
40550.056 3.461762313115041e-08
40600.056 2.658253624840127e-08
40650.056 2.1713627842751552e-08
40700.056 4.06291541368556e-08
40750.056 2.713308605139275e-08
40800.056 1.7974805249262352e-08
40850.056 4.637259773921178e-08
40900.056 3.825372317723664e-08
40950.056 3.4309408713614304e-08
41000.056 2.7418923702617725e-08
41050.056 4.821988241018663e-08
41100.056 4.043126280430001e-08
41150.056 1.8403746503818548e-08
41200.056 4.762531225340589e-08
41250.056 3.7846893937958166e-08
41300.056 3.905657291293928e-08
41350.056 4.941098815159418e-08
41400.056 4.24926721358014e-08
41450.056 5.660586601178987e-08
41500.056 3.7473449083122594e-08
41550.056 3.491339294527571e-08
41600.056 3.681017855139603e-08
41650.056 4.7313547632504476e-08
41700.056 5.760554874998398e-08
41750.056 4.576416708749195e-08
41800.056 4.726083959611239e-08
41850.056 4.556835339578084e-08
41900.056 4.203496424058767e-08
41950.056 4.1766183668902025e-08
42000.056 2.706345949268102e-08
42050.056 3.218635434533043e-08
42100.056 3.563715392570889e-08
42150.056 3.738966318211095e-08
42200.056 4.078263028849832e-08
42250.056 3.4837845866805275e-08
42300.056 3.379576799335849e-08
42350.056 4.912188537670238e-08
42400.056 5.568020838200633e-08
42450.056 5.1855069325014644e-08
42500.056 5.20319633208924e-08
42550.056 4.4906003867988744e-08
42600.056 4.826809729694939e-08
42650.056 7.107788709777821e-08
42700.056 3.895420572240457e-08
42750.056 5.088080347820803e-08
42800.056 7.118191223200972e-08
42850.056 7.296763840897918e-08
42900.056 7.679703690321374e-08
42950.056 6.127262073299172e-08
43000.056 6.936000977480845e-08
43050.056 3.825059305720529e-08
43100.056 5.890272722299411e-08
43150.056 4.778319275390673e-08
43200.056 7.165587338500545e-08
43250.056 8.898429143700422e-08
43300.056 8.561490623799875e-08
43350.056 4.930782277648554e-08
43400.056 7.000095844260255e-08
43450.056 4.70493200315036e-08
43500.056 4.812053498131184e-08
43550.056 5.242800475740713e-08
43600.056 8.01973807450107e-08
43650.056 5.297585341940073e-08
43700.056 9.089740124201957e-08
43750.056 8.08659700899946e-08
43800.056 7.419102525909382e-08
43850.056 6.660860318900644e-08
43900.056 5.5666530661291474e-08
43950.056 3.680853777179572e-08
44000.056 3.743266661329824e-08
44050.056 8.631414342600059e-08
44100.056 1.0647345468299911e-07
44150.056 9.596467867280097e-08
44200.056 8.906124706000122e-08
44250.056 5.199241673739659e-08
44300.056 4.292072860050731e-08
44350.056 4.729880305346111e-08
44400.056 4.3720622526294985e-08
44450.056 7.473969419230178e-08
44500.056 6.90899449060121e-08
44550.056 9.483721468899388e-08
44600.056 8.252341876219884e-08
44650.056 7.337965522400771e-08
44700.056 5.0382544408396627e-08
44750.056 7.803920935801681e-08
44800.056 5.452099124350457e-08
44850.056 7.258537184100387e-08
44900.056 6.416626471540375e-08
44950.056 7.522958540840704e-08
45000.056 8.686051364900421e-08
45050.056 7.820523577199001e-08
45100.056 7.06783049498008e-08
45150.056 6.502480456188854e-08
45200.056 5.150548868520427e-08
45250.056 6.087803379468397e-08
45300.056 5.521091077370826e-08
45350.056 4.5016906881810626e-08
45400.056 1.0666476169901175e-07
45450.056 8.795470790580854e-08
45500.056 1.0352086045770618e-07
45550.056 1.0681985965096998e-07
45600.056 9.659492009101681e-08
45650.056 8.014147192780088e-08
45700.056 5.4517815551995704e-08
45750.056 5.2246363599502593e-08
45800.056 1.1128952528800482e-07
45850.056 8.962657948849743e-08
45900.056 1.1007696280399402e-07
45950.056 9.687211635799913e-08
46000.056 1.0390653571801172e-07
46050.056 7.879239163100169e-08
46100.056 1.2310049927599205e-07
46150.056 7.685672450100253e-08
46200.056 6.698119814009077e-08
46250.056 3.002305668998642e-08
46300.056 7.735109403680011e-08
46350.056 8.162773072201155e-08
46400.056 7.406331749200175e-08
46450.056 6.983788640844306e-08
46500.056 7.744530988551728e-08
46550.056 4.370890455740244e-08
46600.056 6.356708270605098e-08
46650.056 9.376112596020663e-08
46700.056 6.445203735598405e-08
46750.056 3.445362458330605e-08
46800.056 2.3212729201280334e-08
46850.056 9.067384061301255e-08
46900.056 9.161212032799727e-08
46950.056 9.030111431499331e-08
47000.056 8.739636904701267e-08
47050.056 6.502085781469587e-08
47100.056 4.730412485370633e-08
47150.056 7.274419040180988e-08
47200.056 8.241638535199465e-08
47250.056 4.713676564939488e-08
47300.056 3.146834658433136e-08
47350.056 9.395983131500276e-08
47400.056 8.268093408199145e-08
47450.056 6.758921933632318e-08
47500.056 9.694712208039176e-08
47550.056 8.372789831100368e-08
47600.056 7.835577006369372e-08
47650.056 8.377914281885123e-08
47700.056 6.549116859356803e-08
47750.056 4.954238932360163e-08
47800.056 4.260638364500602e-08
47850.056 2.1477966334334057e-08
47900.056 3.395711561277729e-08
47950.056 7.331086801100294e-08
48000.056 9.729540858300478e-08
48050.056 8.159428583479938e-08
48100.056 3.672443092966409e-08
48150.056 6.595132031900157e-08
48200.056 4.524053964049869e-08
48250.056 5.6377133185999265e-08
48300.056 9.397621110099213e-08
48350.056 5.8629670439495066e-08
48400.056 1.618866432564782e-08
48450.056 3.345865636483607e-08
48500.056 5.46290356499869e-08
48550.056 5.7831646252005495e-08
48600.056 7.362208068199863e-08
48650.056 9.223578179099348e-08
48700.056 6.303898784901002e-08
48750.056 4.4401212550116066e-08
48800.056 8.2030926526003e-08
48850.056 4.6075087288391966e-08
48900.056 5.996622914639562e-08
48950.056 3.4408171194400266e-08
49000.056 1.7939791007781364e-08
49050.056 5.6294085502491984e-08
49100.056 7.015195130344237e-08
49150.056 5.351120614314434e-08
49200.056 8.143385420501315e-08
49250.056 8.226976508600562e-08
49300.056 7.050503846059966e-08
49350.056 2.901215424103718e-08
49400.056 4.340053007628837e-08
49450.056 4.1702282574960627e-08
49500.056 3.286600458865596e-08
49550.056 7.468365777700217e-09
49600.056 2.1209695972587825e-08
49650.056 4.8081928477001354e-08
49700.056 5.217943187338237e-08
49750.056 5.1452687135099195e-08
49800.056 3.374802378118539e-08
49850.056 6.809396498041083e-08
49900.056 5.649629501039583e-08
49950.056 5.6815505104600656e-08
50000.056 4.3420640284868205e-08
50050.056 5.342411952420174e-08
50100.056 4.25413921957969e-08
50150.056 2.068258489469585e-08
50200.056 3.786094838885715e-09
50250.056 2.381435890399913e-08
50300.056 1.5417563959831503e-08
50350.056 4.948252259940764e-08
50400.056 5.178672383159321e-08
50450.056 3.962367200480304e-08
50500.056 6.052663108370359e-08
50550.056 5.237567951400374e-08
50600.056 3.898213318588995e-08
50650.056 6.332194016900929e-08
50700.056 6.22201738789924e-08
50750.056 4.0557833490603635e-08
50800.056 1.4460068981599252e-08
50850.056 7.835427483023803e-09
50900.056 4.52697300660022e-08
50950.056 4.022396650999684e-08
51000.056 3.2200038564037925e-08
51050.056 4.802699241019297e-08
51100.056 1.8212172509974923e-08
51150.056 2.0705997487658966e-08
51200.056 5.85000445019984e-08
51250.056 4.215745979113266e-08
51300.056 2.905669051721103e-08
51350.056 2.7470759179586262e-08
51400.056 9.508403111856702e-09
51450.056 7.481883265660826e-09
51500.056 7.216130732324037e-09
51550.056 2.785334941432477e-08
51600.056 2.3638214462745956e-08
51650.056 3.077885212349782e-08
51700.056 3.239995418415872e-08
51750.056 2.1023387418904356e-08
51800.056 3.857341551599403e-08
51850.056 3.135052041129788e-08
51900.056 3.9521181894998387e-08
51950.056 2.2707825728597642e-08
52000.056 2.3168369928540805e-09
52050.056 1.2392312300601736e-08
52100.056 7.088607671498856e-09
52150.056 3.996888866915193e-09
52200.056 1.2634594071089783e-08
52250.056 1.966071465320504e-08
52300.056 2.6180296657798566e-08
52350.056 8.64183973685782e-09
52400.056 9.111474650231056e-09
52450.056 3.2224156666102324e-08
52500.056 2.416690987791313e-08
52550.056 2.8279510371998046e-08
52600.056 2.1048754900199567e-08
52650.056 2.5357709088902412e-08
52700.056 1.820275892709902e-08
52750.056 6.953650840230086e-09
52800.056 1.3133724703802048e-08
52850.056 1.5293231447895644e-08
52900.056 6.600942411659435e-09
52950.056 1.0961347479381443e-08
53000.056 1.911684838310357e-08
53050.056 7.366786040607724e-09
53100.056 2.3635928221098222e-08
53150.056 2.460214142660182e-08
53200.056 1.1360955803779654e-08
53250.056 2.2410776422540946e-08
53300.056 2.7381065796120612e-08
53350.056 2.0890918705301398e-08
53400.056 1.371992366079685e-08
53450.056 4.800771473293234e-09
53500.056 8.048153814441756e-10
53550.056 2.3121703834870576e-09
53600.056 1.1298174957804887e-08
