galfind/configs/Brown_Dwarf_templates/sonora_bobcat/m-0.5/31g/sp_t600g31nc_m-0.5_resample.dat
# %ECSV 1.0
# ---
# datatype:
# - {name: wav, unit: Angstrom, datatype: float64}
# - {name: flux_nu, unit: erg / (cm2 Hz s), datatype: float64}
# meta: {C/O: '1.00', Kzz: '1.0000E+05', Teff: '600.', Y: '0.28', '[Fe/H]': '-0.50', f_hole: '1.00', f_rain: '0.00', grav: '32.'}
# schema: astropy-2.0
wav flux_nu
4000.0559999999996 nan
4050.0559999999996 9.427833198976596e-16
4100.056 1.4649540694960194e-13
4150.056 9.394185858500187e-13
4200.056 8.731583703947394e-13
4250.056 3.696909586500029e-12
4300.056 6.274016147300245e-12
4350.056 8.293046209900136e-12
4400.056 1.1349653147300118e-11
4450.056 1.5127396765200163e-11
4500.056 1.6884391372500474e-11
4550.056 1.7985416264338054e-11
4600.056 1.2295696309700012e-11
4650.056 9.182338068699914e-12
4700.056 5.501253558599947e-12
4750.056 1.5413900400899768e-12
4800.056 2.916084391799952e-13
4850.056 4.7210609311999176e-14
4900.056 1.1194627020099867e-14
4950.056 4.0248177205999605e-15
5000.056 1.7378807059999848e-15
5050.056 1.0906865345800075e-15
5100.056 1.1013640599500036e-15
5150.056 1.173023185599998e-15
5200.056 1.2597587789999983e-15
5250.056 1.3752813569999991e-15
5300.056 1.5105300325000001e-15
5350.056 1.6725971558000027e-15
5400.056 1.8709620737999993e-15
5450.056 2.064748086599995e-15
5500.056 2.2477143778000038e-15
5550.056 2.4134012552000034e-15
5600.056 2.5572158587999975e-15
5650.056 2.6570314589000023e-15
5700.056 2.6814714629000025e-15
5750.056 2.5257931341999966e-15
5800.056 2.1336451666999932e-15
5850.056 1.3806689006199814e-15
5900.056 4.068040422452257e-16
5950.056 2.9615529279000594e-15
6000.056 7.02075541690004e-15
6050.056 1.3108020102900129e-14
6100.056 2.186727866700012e-14
6150.056 3.426860480500019e-14
6200.056 5.152537362800025e-14
6250.056 7.526288693500023e-14
6300.056 1.0717385648800054e-13
6350.056 1.5073143565000087e-13
6400.056 2.1017637677000068e-13
6450.056 2.8465289527999616e-13
6500.056 3.9261233838999915e-13
6550.056 5.413352830199984e-13
6600.056 7.469519750000186e-13
6650.056 1.0313548732400065e-12
6700.056 1.3367533489700158e-12
6750.056 1.9262770996000086e-12
6800.056 2.505919697100016e-12
6850.056 2.9574096514000074e-12
6900.056 2.9795854900000545e-12
6950.056 2.823887496109977e-12
7000.056 3.0214223953000313e-12
7050.056 3.330151419909943e-12
7100.056 3.724463222199967e-12
7150.056 3.687430752627931e-12
7200.056 3.647684183329394e-12
7250.056 3.763382626909782e-12
7300.056 3.704604121574129e-12
7350.056 3.729884080786907e-12
7400.056 3.714684250300125e-12
7450.056 3.60606338150009e-12
7500.056 3.3613464713999932e-12
7550.056 2.9480844396999893e-12
7600.056 2.4249722560999845e-12
7650.056 6.597066773627668e-13
7700.056 4.1501747442102066e-13
7750.056 2.3957082490000444e-12
7800.056 4.195280274256049e-12
7850.056 7.396366389000013e-12
7900.056 1.0654328402599944e-11
7950.056 1.2659151046120138e-11
8000.056 1.998638238900025e-11
8050.056 2.6266982559000638e-11
8100.056 3.104181739139968e-11
8150.056 3.748399097726462e-11
8200.056 5.312727746305175e-11
8250.056 6.554849385127067e-11
8300.056 8.486000190442312e-11
8350.056 1.0459230367817125e-10
8400.056 1.328371142083982e-10
8450.056 1.7580856424599634e-10
8500.056 2.0373855011638663e-10
8550.056 2.7959014696800654e-10
8600.056 3.6981171144000487e-10
8650.056 4.6308986745000803e-10
8700.056 5.603103457000081e-10
8750.056 6.863492094300052e-10
8800.056 8.08780238040014e-10
8850.056 8.554780947799845e-10
8900.056 5.458467677259512e-10
8950.056 5.686143802734975e-10
9000.056 6.163567621201748e-10
9050.056 1.2532654745310121e-09
9100.056 1.532625303080161e-09
9150.056 1.717659921505969e-09
9200.056 2.28640137174311e-09
9250.056 2.2726452926643602e-09
9300.056 7.542124324843428e-10
9350.056 9.476848747555583e-10
9400.056 1.6158283885573538e-09
9450.056 1.951893577184149e-09
9500.056 1.7776191019146992e-09
9550.056 2.0571853784025626e-09
9600.056 2.0345320584515837e-09
9650.056 2.5749007479126967e-09
9700.056 3.6831464374455806e-09
9750.056 3.812097018533991e-09
9800.056 4.341819301625817e-09
9850.056 4.962925626238138e-09
9900.056 6.327977093447536e-09
9950.056 6.627543781319325e-09
10000.056 6.296397753829503e-09
10050.056 8.678226799500172e-09
10100.056 1.0347112408799553e-08
10150.056 1.138595873089972e-08
10200.056 1.2229769351800815e-08
10250.056 1.4198548148926883e-08
10300.056 1.707606267052851e-08
10350.056 1.778008687580028e-08
10400.056 2.2017860109000445e-08
10450.056 2.4977958854295984e-08
10500.056 2.7650839017799374e-08
10550.056 3.0540417878000457e-08
10600.056 3.18207354179991e-08
10650.056 3.287162441380091e-08
10700.056 3.218148095430088e-08
10750.056 3.2558642661900866e-08
10800.056 3.1622643676860686e-08
10850.056 2.9073093269399992e-08
10900.056 2.220268764702943e-08
10950.056 1.2399523885907541e-08
11000.056 8.974043424321635e-09
11050.056 5.969782725617257e-09
11100.056 3.898747721829459e-09
11150.056 2.0050086164444456e-09
11200.056 1.6493327159284343e-09
11250.056 1.978733935929344e-09
11300.056 2.491209639616968e-09
11350.056 9.991095824944873e-10
11400.056 2.4599830868905527e-09
11450.056 1.8497020399032946e-09
11500.056 1.4066085960577233e-09
11550.056 4.609797292985268e-10
11600.056 4.5544977350600624e-10
11650.056 1.0891662264018657e-09
11700.056 1.2312957979955666e-09
11750.056 3.1371149994772953e-10
11800.056 1.4702957492434683e-09
11850.056 2.396427752977477e-09
11900.056 2.8586245416784725e-09
11950.056 4.268724290413772e-09
12000.056 6.311653862489985e-09
12050.056 9.035330551440257e-09
12100.056 1.2529371395486215e-08
12150.056 1.7014474509318564e-08
12200.056 2.0503795712908986e-08
12250.056 2.676137348956446e-08
12300.056 3.469717481530389e-08
12350.056 3.707922468339931e-08
12400.056 4.74531865537969e-08
12450.056 5.6360043287203336e-08
12500.056 6.146777010200593e-08
12550.056 6.808338712519955e-08
12600.056 7.499417729410469e-08
12650.056 7.586321148179813e-08
12700.056 7.601904881580687e-08
12750.056 6.709163901910732e-08
12800.056 6.027841240996084e-08
12850.056 4.555624054129676e-08
12900.056 3.7502525309296125e-08
12950.056 3.385671983661574e-08
13000.056 3.261685928126603e-08
13050.056 2.4774245334270474e-08
13100.056 2.295279796344725e-08
13150.056 1.680867084896313e-08
13200.056 1.4961791318878664e-08
13250.056 1.1410454366021146e-08
13300.056 4.971179873834531e-09
13350.056 1.6155492942753802e-09
13400.056 9.827393475148283e-10
13450.056 4.244377840724601e-10
13500.056 2.1964233685472506e-10
13550.056 1.2217760108799117e-10
13600.056 4.1312675379771864e-11
13650.056 1.8511113792064147e-10
13700.056 1.204850433970062e-10
13750.056 1.6621942409965608e-10
13800.056 1.7114124922618055e-10
13850.056 1.1529858634758387e-10
13900.056 1.3965109696781757e-10
13950.056 1.1823495867735e-10
14000.056 1.2735425451557813e-10
14050.056 1.8732591324100618e-10
14100.056 1.8536305171435308e-10
14150.056 3.053793093007691e-10
14200.056 2.1170340987817676e-10
14250.056 2.6373158432211376e-10
14300.056 5.320375274736087e-10
14350.056 5.556946030211193e-10
14400.056 6.140712484495126e-10
14450.056 8.134511711237392e-10
14500.056 1.5767545123844352e-09
14550.056 1.7499429968949581e-09
14600.056 2.190631860930896e-09
14650.056 1.7197003790715704e-09
14700.056 1.0250017229961484e-09
14750.056 8.538548791306786e-10
14800.056 1.4390758164191723e-09
14850.056 1.720679572200958e-09
14900.056 1.7861637465477124e-09
14950.056 1.6949087055785483e-09
15000.056 2.933350788813157e-09
15050.056 2.6512483897892997e-09
15100.056 2.2573058814283856e-09
15150.056 2.0836022365631553e-09
15200.056 3.0579202149710776e-09
15250.056 5.235121892563349e-09
15300.056 6.3089822575835536e-09
15350.056 7.604758508831238e-09
15400.056 9.626863715468769e-09
15450.056 1.1579958132142232e-08
15500.056 1.3163087539883615e-08
15550.056 1.7281147247134768e-08
15600.056 2.0797495427973574e-08
15650.056 2.5507271905811245e-08
15700.056 3.125799290354226e-08
15750.056 3.491696862819764e-08
15800.056 3.699965420200106e-08
15850.056 3.983686229900414e-08
15900.056 3.665472608140044e-08
15950.056 3.3892547388995853e-08
16000.056 2.6426451028003302e-08
16050.056 1.6679265630498664e-08
16100.056 1.124726967698846e-08
16150.056 6.837094310492516e-09
16200.056 4.0777186385485255e-09
16250.056 3.0841025944642324e-09
16300.056 2.1668394252378526e-09
16350.056 2.545502342965355e-09
16400.056 3.1295248333621893e-09
16450.056 3.055066632220896e-09
16500.056 2.9473578311063806e-09
16550.056 2.9531965449324767e-09
16600.056 3.5016434344014075e-09
16650.056 2.5995261923231796e-09
16700.056 5.912797161635242e-10
16750.056 1.39103918656502e-09
16800.056 2.343801303614962e-09
16850.056 2.611664692151065e-09
16900.056 1.6854410943992644e-09
16950.056 1.1412194104689158e-09
17000.056 7.320557899253487e-10
17050.056 1.336567295187766e-09
17100.056 1.988773028340412e-09
17150.056 1.2519446253990674e-09
17200.056 2.9224820758444826e-09
17250.056 2.133170068467291e-09
17300.056 1.4494432837315694e-09
17350.056 1.474622891196793e-09
17400.056 2.057518734213733e-09
17450.056 2.5996978723929382e-09
17500.056 3.186182348649027e-09
17550.056 2.9317125960885135e-09
17600.056 2.3432918721854285e-09
17650.056 2.257345616978787e-09
17700.056 1.7500938081965373e-09
17750.056 1.7118267213450907e-09
17800.056 3.022579469486093e-09
17850.056 1.8136304625321178e-09
17900.056 1.4419477714579612e-09
17950.056 1.2046232502046322e-09
18000.056 1.6194360754183258e-09
18050.056 1.4548885406636353e-09
18100.056 1.7098402467280906e-09
18150.056 1.7988253453335233e-09
18200.056 1.2008335949985157e-09
18250.056 2.841744894065973e-09
18300.056 1.307413837221468e-09
18350.056 1.0347644718124217e-09
18400.056 8.97854892040291e-10
18450.056 1.8308688955293127e-09
18500.056 1.8185188060760987e-09
18550.056 1.3157003310654172e-09
18600.056 1.3591517482303699e-09
18650.056 1.1092414755171955e-09
18700.056 6.407993951447812e-10
18750.056 1.1396968879439246e-09
18800.056 2.532228308144676e-09
18850.056 2.5872305063405372e-09
18900.056 2.3559879882782812e-09
18950.056 3.247969257774579e-09
19000.056 1.6841955571715429e-09
19050.056 1.032758814046352e-09
19100.056 1.7237946969382122e-09
19150.056 1.0251227794926569e-09
19200.056 1.2306874660277514e-09
19250.056 9.405121546669749e-10
19300.056 7.591515087309548e-10
19350.056 6.413770230489498e-10
19400.056 5.573055595216119e-10
19450.056 8.868448875562847e-10
19500.056 7.007287132152664e-10
19550.056 7.587582577977044e-10
19600.056 1.2913960648932702e-09
19650.056 1.1091634435466497e-09
19700.056 1.1985792147382355e-09
19750.056 1.681227306411572e-09
19800.056 1.4039620179805067e-09
19850.056 1.8012646728514359e-09
19900.056 1.889030147320651e-09
19950.056 2.5109449100881458e-09
20000.056 2.8534182905477436e-09
20050.056 2.570679009428695e-09
20100.056 3.6860422721533817e-09
20150.056 2.445810482928861e-09
20200.056 2.193705702196309e-09
20250.056 3.28016033887184e-09
20300.056 3.620180135541192e-09
20350.056 3.724094366355223e-09
20400.056 3.557008373141325e-09
20450.056 4.801998032860453e-09
20500.056 5.404711195627472e-09
20550.056 5.71514807845053e-09
20600.056 5.94659161023548e-09
20650.056 6.78748082162353e-09
20700.056 7.227438089621161e-09
20750.056 7.712393145749091e-09
20800.056 7.648595779878494e-09
20850.056 8.16055510930041e-09
20900.056 8.505301401318206e-09
20950.056 8.218707006300734e-09
21000.056 8.071986036671147e-09
21050.056 8.274375642498896e-09
21100.056 7.936095407900594e-09
21150.056 7.93857751975885e-09
21200.056 7.516221319510934e-09
21250.056 7.114405540248225e-09
21300.056 6.3505680003683804e-09
21350.056 6.28387125051162e-09
21400.056 6.135926677113756e-09
21450.056 5.391868210501382e-09
21500.056 4.9616455467649e-09
21550.056 4.498630057047118e-09
21600.056 3.9990915619885315e-09
21650.056 3.255226959197872e-09
21700.056 3.1895191675135495e-09
21750.056 2.9078699127613e-09
21800.056 2.3685042203419958e-09
21850.056 2.2482409196065185e-09
21900.056 1.6824280211468061e-09
21950.056 8.644535070926584e-10
22000.056 2.6955625160663657e-10
22050.056 2.486053288337433e-10
22100.056 6.926201664395752e-10
22150.056 7.557097024341695e-10
22200.056 8.147909510933484e-10
22250.056 6.581847331333806e-10
22300.056 4.382897363055625e-10
22350.056 5.063288373949261e-10
22400.056 2.5865098305885756e-10
22450.056 3.038548327850132e-10
22500.056 2.4684174494678537e-10
22550.056 1.8473402625141796e-10
22600.056 1.632432568576575e-10
22650.056 2.4567629639349923e-10
22700.056 1.9245781009878614e-10
22750.056 2.0618507773920696e-10
22800.056 2.1125619648347676e-10
22850.056 1.6887622784653107e-10
22900.056 1.3070635707770198e-10
22950.056 1.2535486215706264e-10
23000.056 1.6817324334414326e-10
23050.056 2.1576185638910584e-10
23100.056 6.35663975102272e-10
23150.056 5.95692268155863e-10
23200.056 6.42335228491213e-11
23250.056 1.4705871834046382e-10
23300.056 1.4126418355658885e-10
23350.056 1.7919873956819624e-10
23400.056 1.752696461499809e-10
23450.056 1.3362141859012368e-10
23500.056 1.4640355935472754e-10
23550.056 2.2859800211265873e-10
23600.056 3.078433199011391e-10
23650.056 4.603641773661257e-10
23700.056 1.6115753326014117e-10
23750.056 1.3085982222177344e-10
23800.056 3.1558683268678865e-10
23850.056 2.7913867058414145e-10
23900.056 5.170680033001344e-10
23950.056 4.0957274075829463e-10
24000.056 6.210701128778012e-10
24050.056 7.584162069022953e-10
24100.056 7.495204828335369e-10
24150.056 9.981898743998377e-10
24200.056 7.91400569675301e-10
24250.056 6.785187128356398e-10
24300.056 1.0096472429652767e-09
24350.056 8.880229080595976e-10
24400.056 1.4686630029032475e-09
24450.056 1.5624433024918924e-09
24500.056 1.5227411205559602e-09
24550.056 2.015759770010359e-09
24600.056 2.0780311649276873e-09
24650.056 2.868798837255677e-09
24700.056 1.95455819764233e-09
24750.056 2.392927430037669e-09
24800.056 2.3358117611275415e-09
24850.056 3.4989582620210444e-09
24900.056 1.9171292419551716e-09
24950.056 3.566890113896154e-09
25000.056 3.3479523272689913e-09
25050.056 2.3655968890450384e-09
25100.056 3.4659811873187836e-09
25150.056 2.0175992814351524e-09
25200.056 2.924311820153244e-09
25250.056 1.5348056985052926e-09
25300.056 2.373075649236148e-09
25350.056 1.2013093969246857e-09
25400.056 2.648144934115436e-09
25450.056 1.098816036149889e-09
25500.056 1.0222122542764322e-09
25550.056 1.575862637421225e-09
25600.056 1.0121452654041623e-09
25650.056 6.315044408821684e-10
25700.056 1.1391108644494574e-09
25750.056 3.529506543960618e-10
25800.056 1.4315633252968894e-09
25850.056 3.884822284560879e-10
25900.056 5.677724483289728e-10
25950.056 2.0255222937377816e-10
26000.056 1.3950046997267726e-09
26050.056 3.390878726724375e-10
26100.056 1.1402214215628194e-09
26150.056 6.643786746444965e-10
26200.056 8.144773103245613e-10
26250.056 2.767071788842888e-09
26300.056 1.0509774767562592e-09
26350.056 3.5046509346891224e-09
26400.056 3.775609627548214e-09
26450.056 3.70361497910844e-09
26500.056 5.276403182903223e-09
26550.056 1.4206610182292898e-09
26600.056 2.013530931720113e-09
26650.056 4.703362896018877e-10
26700.056 3.3445819881583434e-10
26750.056 2.9594920987825503e-10
26800.056 7.25508472970714e-10
26850.056 3.828666138198505e-10
26900.056 1.5178928113841583e-09
26950.056 5.846123781717054e-10
27000.056 2.5634955553613313e-09
27050.056 2.314470207733546e-09
27100.056 7.157707943564937e-10
27150.056 3.330373538894386e-09
27200.056 7.325662412875721e-10
27250.056 1.5718336825846764e-09
27300.056 6.1446123217981615e-09
27350.056 3.1556019069500992e-09
27400.056 2.9025534458642503e-10
27450.056 3.7180742791606013e-09
27500.056 3.9414810915134965e-09
27550.056 9.585305401048997e-10
27600.056 2.280917089644399e-09
27650.056 7.639587777438748e-10
27700.056 5.862097048159753e-10
27750.056 2.818864110564192e-09
27800.056 8.686649938419229e-10
27850.056 1.3362882916035148e-09
27900.056 1.3197605769788954e-09
27950.056 3.1012538594998134e-09
28000.056 2.553633103694521e-09
28050.056 4.5271012489496695e-10
28100.056 2.477939260015062e-09
28150.056 1.8503035332849988e-09
28200.056 6.590895649988892e-10
28250.056 3.1793141172344606e-09
28300.056 3.2312291272669054e-09
28350.056 8.884466242923492e-10
28400.056 2.408519162902636e-09
28450.056 3.59294035831556e-09
28500.056 2.515578073828377e-09
28550.056 6.74933314005146e-10
28600.056 4.106400892854635e-09
28650.056 2.9585252325253776e-09
28700.056 3.451629464906961e-09
28750.056 5.043081866417277e-09
28800.056 2.939006358685225e-09
