galfind/configs/Brown_Dwarf_templates/sonora_cholla/logkzz4/1000g/1000K_1000g_logkzz4_resample.dat
# %ECSV 1.0
# ---
# datatype:
# - {name: wav, unit: Angstrom, datatype: float64}
# - {name: flux_nu, unit: erg / (cm2 Hz s), datatype: float64}
# schema: astropy-2.0
wav flux_nu
[from data line 1162]
68100.00000000009 1.617041609218881e-07
68150.00000000009 1.3009842169618477e-07
68200.00000000009 1.32787117102726e-07
68250.00000000009 5.9380563352914356e-08
68300.00000000009 1.1773467203325637e-07
68350.00000000009 7.372668938283545e-08
68400.00000000009 1.63406217637472e-07
68450.00000000009 1.53090550361329e-07
68500.00000000009 1.2680547413476263e-07
68550.00000000009 8.351622639894123e-08
68600.00000000009 8.888221577272659e-08
68650.00000000009 5.74784506609306e-08
68700.00000000009 9.800417068277234e-08
68750.00000000009 1.2392873280557892e-07
68800.00000000009 1.3928341648189564e-07
68850.00000000009 7.329860393300102e-08
68900.00000000009 1.7469144044678616e-07
68950.00000000009 1.8391017742300573e-07
69000.00000000009 1.6223576613709154e-07
69050.00000000009 1.0077873962800191e-07
69100.00000000009 1.7850742778380462e-07
69150.00000000009 2.0654095201826275e-07
69200.00000000009 1.2789965257825982e-07
69250.00000000009 1.950738176070549e-07
69300.00000000009 1.2900484916873864e-07
69350.00000000009 1.8152605498166422e-07
69400.00000000009 8.879917626910536e-08
69450.00000000009 1.8705784350024685e-07
69500.00000000009 1.1604213578488766e-07
69550.00000000009 1.2219607913268984e-07
69600.00000000009 4.828574628915986e-08
69650.00000000009 1.0989490138404841e-07
69700.00000000009 1.6898104129238565e-07
69750.00000000009 1.2110711847228885e-07
69800.00000000009 1.535536156291433e-07
69850.00000000009 1.6333429071117558e-07
69900.00000000009 1.263564090358716e-07
69950.00000000009 1.30195623594599e-07
70000.00000000009 1.1372874845445127e-07
70050.00000000009 1.822787335076821e-07
70100.00000000009 1.2860837096032202e-07
70150.00000000009 1.331387724980236e-07
70200.00000000009 9.987705394358316e-08
70250.00000000009 1.316800602909113e-07
70300.00000000009 1.7342808223451853e-07
70350.00000000009 1.3270364139593527e-07
70400.00000000009 1.0531632693893178e-07
70450.00000000009 5.037428427055307e-08
70500.00000000009 8.702876288354485e-08
70550.00000000009 9.018196486198792e-08
70600.00000000009 9.147082582462355e-08
70650.00000000009 1.5122048037436174e-07
70700.00000000009 1.3662247161679923e-07
70750.00000000009 1.702853441397116e-07
70800.00000000009 1.0989300523003941e-07
70850.00000000009 1.0374066426094921e-07
70900.00000000009 1.0897836474163749e-07
70950.00000000009 1.572706826602696e-07
71000.00000000009 1.3528545899806266e-07
71050.00000000009 1.3779105069493245e-07
71100.00000000009 1.2106945053132498e-07
71150.00000000009 1.1418408995161906e-07
71200.00000000009 1.0157616290286728e-07
71250.00000000009 1.1632626363061569e-07
71300.00000000009 1.4665396242639062e-07
71350.00000000009 1.4550557078800127e-07
71400.00000000009 1.3919214876690374e-07
71450.00000000009 7.964544798863783e-08
71500.00000000009 9.542256162405077e-08
71550.00000000009 1.0300745737303975e-07
71600.00000000009 1.2323291682721414e-07
71650.00000000009 1.0503739605568992e-07
71700.00000000009 8.401572928167944e-08
71750.00000000009 1.0913796901000881e-07
71800.00000000009 1.386154005323334e-07
71850.00000000009 1.3809939751508572e-07
71900.00000000009 9.271469328906202e-08
71950.00000000009 1.0461732814966786e-07
72000.00000000009 1.030764768341443e-07
72050.00000000009 7.888027259036274e-08
72100.00000000009 9.300234404699042e-08
72150.00000000009 7.994420937863443e-08
72200.00000000009 1.0616575825854658e-07
72250.00000000009 1.2615194275169693e-07
72300.00000000009 1.0602414858661377e-07
72350.00000000009 1.0999140826193638e-07
72400.00000000009 9.568438024428756e-08
72450.00000000009 8.25940297790707e-08
72500.00000000009 1.0512053286513992e-07
72550.00000000009 6.174696247647046e-08
72600.00000000009 7.311682527231447e-08
72650.00000000009 1.1456597718303641e-07
72700.00000000009 1.0819018864110952e-07
72750.00000000009 9.600578240111647e-08
72800.00000000009 8.304055907618972e-08
72850.00000000009 8.515324048446088e-08
72900.00000000009 1.2026958948738834e-07
72950.00000000009 1.0279549685265776e-07
73000.00000000009 1.0371407030723604e-07
73050.00000000009 7.960721818431648e-08
73100.00000000009 7.315221646068311e-08
73150.00000000009 1.3712017232889206e-07
73200.00000000009 7.758184893982238e-08
73250.00000000009 9.512968632964796e-08
73300.00000000009 9.249844815825673e-08
73350.00000000009 7.267534662910924e-08
73400.00000000009 9.721685555779187e-08
73450.00000000009 6.647878493632158e-08
73500.00000000009 6.284691876648921e-08
73550.00000000009 9.117903471587887e-08
73600.00000000009 7.301907343336741e-08
73650.00000000009 9.27816406786955e-08
73700.00000000009 1.0479837493085417e-07
73750.00000000009 6.147071886593318e-08
73800.00000000009 8.758293029934796e-08
73850.00000000009 9.709484365793132e-08
73900.00000000009 9.555729147203281e-08
73950.00000000009 8.306657374984941e-08
74000.00000000009 6.789032190789847e-08
74050.00000000009 1.3081700767766688e-07
74100.00000000009 8.503605434510292e-08
74150.00000000009 9.209939860156715e-08
74200.00000000009 7.978759818319496e-08
74250.00000000009 4.420618459352422e-08
74300.00000000009 8.252507030278329e-08
74350.00000000009 1.0850315917413954e-07
74400.00000000009 1.0050114510875271e-07
74450.00000000009 5.724084532838413e-08
74500.00000000009 6.176164593089647e-08
74550.00000000009 8.479988731580707e-08
74600.00000000009 8.291084201715024e-08
74650.00000000009 8.147457136953112e-08
74700.00000000009 6.30952448288755e-08
74750.00000000009 6.816299545816152e-08
74800.00000000009 7.698155724368635e-08
74850.00000000009 6.679818299860505e-08
74900.00000000009 1.1051484603687314e-07
74950.00000000009 1.1005719765561985e-07
75000.00000000009 8.410675689996616e-08
75050.00000000009 5.596721256629964e-08
75100.00000000009 1.1804979016700632e-07
75150.00000000009 9.893288905642997e-08
75200.00000000009 1.1492152705366545e-07
75250.00000000009 1.1591604462365575e-07
75300.00000000009 1.1567983628309501e-07
75350.00000000009 6.399598947066544e-08
75400.00000000009 1.2374210507697892e-07
75450.00000000009 1.0026041116080569e-07
75500.00000000009 9.664568175677162e-08
75550.00000000009 1.1372554876906282e-07
75600.00000000009 1.4287416781699325e-07
75650.00000000009 9.164775135911055e-08
75700.00000000009 1.0513785452400524e-07
75750.00000000009 7.330058400304065e-08
75800.00000000009 1.0986256947699614e-07
75850.00000000009 1.2812921605560174e-07
75900.00000000009 1.1399443963577245e-07
75950.00000000009 8.044846159293078e-08
76000.00000000009 1.1134058643975908e-07
76050.00000000009 1.1604377785005146e-07
76100.00000000009 1.0686936291488892e-07
76150.00000000009 1.1974901948159131e-07
76200.00000000009 1.191897627602628e-07
76250.00000000009 1.2659350109278888e-07
76300.00000000009 1.6746159253113688e-07
76350.00000000009 1.8505156869558484e-07
76400.00000000009 1.458035791885671e-07
76450.00000000009 1.4027264932482784e-07
76500.00000000009 1.1369686409935428e-07
76550.00000000009 8.572006932648955e-08
76600.00000000009 3.810862819750551e-08
76650.00000000009 4.598686833203711e-08
76700.00000000009 4.7791553418840126e-08
76750.00000000009 4.7602031623117304e-08
76800.00000000009 7.61431665226031e-08
76850.00000000009 3.139281819627658e-08
76900.00000000009 4.0537203195299734e-08
76950.00000000009 6.415170521257555e-08
77000.00000000009 6.951804842014141e-08
77050.00000000009 4.710703416122615e-08
77100.00000000009 5.355791582164818e-08
77150.00000000009 7.677337291314275e-08
77200.00000000009 6.521147923955089e-08
77250.00000000009 7.221098653831539e-08
77300.00000000009 7.046213337829798e-08
77350.00000000009 4.525692378160208e-08
77400.00000000009 4.610751485712088e-08
77450.00000000009 5.8030629737291765e-08
77500.00000000009 5.137193901403374e-08
77550.00000000009 6.416262878710771e-08
77600.00000000009 6.897839675197347e-08
77650.00000000009 6.611235345897937e-08
77700.00000000009 5.096835996084071e-08
77750.00000000009 8.746433748315678e-08
77800.00000000009 7.0683371667822e-08
77850.00000000009 1.0976750411549789e-07
77900.00000000009 8.773100472158449e-08
77950.00000000009 5.478632295256305e-08
78000.00000000009 7.464137992575635e-08
78050.00000000009 7.786467375179216e-08
78100.00000000009 6.31679167228338e-08
78150.00000000009 9.864483092320057e-08
78200.00000000009 9.837823369698747e-08
78250.00000000009 1.0669704409350227e-07
78300.00000000009 9.975610087656494e-08
78350.00000000009 9.584887495925195e-08
78400.00000000009 7.811285269963148e-08
78450.00000000009 1.1386188040937395e-07
78500.00000000009 1.1317249644972152e-07
78550.00000000009 1.1982952525297383e-07
78600.00000000009 1.0503453680806932e-07
78650.00000000009 4.755299038124212e-08
78700.00000000009 7.337767600304379e-08
78750.00000000009 7.31093291934299e-08
78800.00000000009 1.0242877360976563e-07
78850.00000000009 5.9451692636301145e-08
78900.00000000009 9.511428343775796e-08
78950.00000000009 9.091205113279702e-08
79000.00000000009 8.979299024489682e-08
79050.00000000009 8.152519804614912e-08
79100.00000000009 8.728960885556537e-08
79150.00000000009 9.721806342443527e-08
79200.00000000009 1.0534449815137207e-07
79250.00000000009 8.75486147382562e-08
79300.00000000009 6.680404496473164e-08
79350.00000000009 1.0418144146090252e-07
79400.00000000009 8.155438793698739e-08
79450.00000000009 1.0918342880072949e-07
79500.00000000009 1.4428463617006082e-07
79550.00000000009 1.1810526737002675e-07
79600.00000000009 7.275400850309906e-08
79650.00000000009 9.831290179803978e-08
79700.00000000009 1.1012587339052275e-07
79750.00000000009 1.1342488810437962e-07
79800.00000000009 8.490408795359984e-08
79850.00000000009 9.469996562579064e-08
79900.00000000009 1.506954403345936e-07
79950.00000000009 1.104089742950242e-07
