galfind/configs/Brown_Dwarf_templates/sonora_cholla/logkzz4/1000g/1050K_1000g_logkzz4_resample.dat
# %ECSV 1.0
# ---
# datatype:
# - {name: wav, unit: Angstrom, datatype: float64}
# - {name: flux_nu, unit: erg / (cm2 Hz s), datatype: float64}
# schema: astropy-2.0
wav flux_nu
[from data line 1161]
68050.00000000009 1.732304213855995e-07
68100.00000000009 1.884349153199298e-07
68150.00000000009 1.5174064250176464e-07
68200.00000000009 1.573610323216447e-07
68250.00000000009 7.57934459324277e-08
68300.00000000009 1.391387968738917e-07
68350.00000000009 8.713853511831306e-08
68400.00000000009 1.8903222651117302e-07
68450.00000000009 1.801224629917308e-07
68500.00000000009 1.5220111852534397e-07
68550.00000000009 1.0490660981193301e-07
68600.00000000009 1.1183654483498045e-07
68650.00000000009 7.517366768739677e-08
68700.00000000009 1.2220832602735538e-07
68750.00000000009 1.4987655047579656e-07
68800.00000000009 1.6682163844316694e-07
68850.00000000009 9.282503088596104e-08
68900.00000000009 2.0527715780579253e-07
68950.00000000009 2.1816287502352212e-07
69000.00000000009 1.9697869319715153e-07
69050.00000000009 1.2504263076127038e-07
69100.00000000009 2.1154498883721942e-07
69150.00000000009 2.4054789734278964e-07
69200.00000000009 1.5026903812587546e-07
69250.00000000009 2.2525798134338713e-07
69300.00000000009 1.5900288033384064e-07
69350.00000000009 2.0905773977667606e-07
69400.00000000009 1.0790397630850151e-07
69450.00000000009 2.175059909520709e-07
69500.00000000009 1.4048119595899267e-07
69550.00000000009 1.4917811576650993e-07
69600.00000000009 6.233993653483833e-08
69650.00000000009 1.3486792845607834e-07
69700.00000000009 1.9922659591688593e-07
69750.00000000009 1.4469840129725805e-07
69800.00000000009 1.8131463262595488e-07
69850.00000000009 1.925979254892952e-07
69900.00000000009 1.495136742068498e-07
69950.00000000009 1.5724344912620168e-07
70000.00000000009 1.3589097124438876e-07
70050.00000000009 2.1087120664443126e-07
70100.00000000009 1.5093407649973803e-07
70150.00000000009 1.603344882260764e-07
70200.00000000009 1.213798129701594e-07
70250.00000000009 1.5622733066396665e-07
70300.00000000009 1.995125821091023e-07
70350.00000000009 1.552110290776202e-07
70400.00000000009 1.2908493354082346e-07
70450.00000000009 6.634441168169308e-08
70500.00000000009 1.0683365956947502e-07
70550.00000000009 1.1125034896128853e-07
70600.00000000009 1.1495535013663691e-07
70650.00000000009 1.753687933124186e-07
70700.00000000009 1.5940066214135588e-07
70750.00000000009 1.9587384911836667e-07
70800.00000000009 1.3125681037938423e-07
70850.00000000009 1.2356059008601739e-07
70900.00000000009 1.2743794974715194e-07
70950.00000000009 1.8352146481773147e-07
71000.00000000009 1.5770008112958079e-07
71050.00000000009 1.6200582052233984e-07
71100.00000000009 1.4436739537786332e-07
71150.00000000009 1.3834062553577518e-07
71200.00000000009 1.2332642735689367e-07
71250.00000000009 1.3855864080680945e-07
71300.00000000009 1.710025942955465e-07
71350.00000000009 1.6757788319220649e-07
71400.00000000009 1.6325901982438944e-07
71450.00000000009 9.719610894835446e-08
71500.00000000009 1.1705326323898813e-07
71550.00000000009 1.2466318873418323e-07
71600.00000000009 1.4807205976983567e-07
71650.00000000009 1.2898453509847242e-07
71700.00000000009 1.0473670716339954e-07
71750.00000000009 1.3068079411745192e-07
71800.00000000009 1.6317317320559776e-07
71850.00000000009 1.636035077712115e-07
71900.00000000009 1.1304348528710184e-07
71950.00000000009 1.2489726250256326e-07
72000.00000000009 1.2325371323816715e-07
72050.00000000009 9.740264016477568e-08
72100.00000000009 1.1441164853484962e-07
72150.00000000009 9.979515687057256e-08
72200.00000000009 1.2614877650380893e-07
72250.00000000009 1.485494241285827e-07
72300.00000000009 1.2828745597139e-07
72350.00000000009 1.3056581348288654e-07
72400.00000000009 1.1346626748088303e-07
72450.00000000009 1.0091129191822766e-07
72500.00000000009 1.2530828836808517e-07
72550.00000000009 7.681150187086073e-08
72600.00000000009 8.620212100101228e-08
72650.00000000009 1.3535464135656072e-07
72700.00000000009 1.3210706189501817e-07
72750.00000000009 1.1613154090418289e-07
72800.00000000009 1.0370293936904961e-07
72850.00000000009 1.0392140312110656e-07
72900.00000000009 1.4154734538627857e-07
72950.00000000009 1.248787848363672e-07
73000.00000000009 1.2490268860284393e-07
73050.00000000009 1.0054497302963314e-07
73100.00000000009 8.967972545893803e-08
73150.00000000009 1.614974784086541e-07
73200.00000000009 9.660136753441381e-08
73250.00000000009 1.162153733446038e-07
73300.00000000009 1.1356991048771569e-07
73350.00000000009 9.165126198274398e-08
73400.00000000009 1.1785569330384462e-07
73450.00000000009 8.087575693605294e-08
73500.00000000009 7.982789997914851e-08
73550.00000000009 1.1057524635503999e-07
73600.00000000009 8.878498161206043e-08
73650.00000000009 1.1249992862500496e-07
73700.00000000009 1.292906186742572e-07
73750.00000000009 7.850594432282952e-08
73800.00000000009 1.0682054199844659e-07
73850.00000000009 1.1619235354710874e-07
73900.00000000009 1.1929320003791885e-07
73950.00000000009 1.015308089122056e-07
74000.00000000009 8.762284423510123e-08
74050.00000000009 1.5740162635359736e-07
74100.00000000009 1.0312643441419855e-07
74150.00000000009 1.1287034820808895e-07
74200.00000000009 9.802006888394484e-08
74250.00000000009 5.968432691948887e-08
74300.00000000009 1.0214050566719273e-07
74350.00000000009 1.2912042136573294e-07
74400.00000000009 1.198058447599156e-07
74450.00000000009 7.18870397969377e-08
74500.00000000009 7.984685912622879e-08
74550.00000000009 1.0482534153433338e-07
74600.00000000009 1.0129230965557075e-07
74650.00000000009 9.932855811500513e-08
74700.00000000009 7.817905880542588e-08
74750.00000000009 8.701398224996686e-08
74800.00000000009 9.551641267867275e-08
74850.00000000009 7.93762006696272e-08
74900.00000000009 1.3620532813243513e-07
74950.00000000009 1.3201857197959063e-07
75000.00000000009 1.0741340616313505e-07
75050.00000000009 7.537072447981413e-08
75100.00000000009 1.4276157774260336e-07
75150.00000000009 1.1825314776114824e-07
75200.00000000009 1.3769332456314244e-07
75250.00000000009 1.3637058938180538e-07
75300.00000000009 1.393702159885396e-07
75350.00000000009 7.97060524216316e-08
75400.00000000009 1.448044379990208e-07
75450.00000000009 1.1842174628144939e-07
75500.00000000009 1.1549828839886347e-07
75550.00000000009 1.3864989558620366e-07
75600.00000000009 1.700138905456589e-07
75650.00000000009 1.1170337869758584e-07
75700.00000000009 1.2406090646041243e-07
75750.00000000009 8.871593846166448e-08
75800.00000000009 1.3093061512414335e-07
75850.00000000009 1.519001285192144e-07
75900.00000000009 1.3488157308601004e-07
75950.00000000009 1.0142981287623169e-07
76000.00000000009 1.2987683920252612e-07
76050.00000000009 1.3755850563765172e-07
76100.00000000009 1.2606072379151823e-07
76150.00000000009 1.4121063436615443e-07
76200.00000000009 1.4174005388139374e-07
76250.00000000009 1.5218797871396165e-07
76300.00000000009 1.9473478495792442e-07
76350.00000000009 2.1406651242136656e-07
76400.00000000009 1.7010403324193684e-07
76450.00000000009 1.6471094314068262e-07
76500.00000000009 1.3382468150566268e-07
76550.00000000009 1.0995585068057403e-07
76600.00000000009 5.169547129098931e-08
76650.00000000009 6.124737175751832e-08
76700.00000000009 6.482789151216954e-08
76750.00000000009 6.271014024235271e-08
76800.00000000009 9.697931903725004e-08
76850.00000000009 4.432174272806314e-08
76900.00000000009 5.215005511262782e-08
76950.00000000009 8.046114892689967e-08
77000.00000000009 8.572552191859023e-08
77050.00000000009 6.199749336807115e-08
77100.00000000009 6.758291925958933e-08
77150.00000000009 9.507154758954323e-08
77200.00000000009 8.203840684548662e-08
77250.00000000009 9.023366503719809e-08
77300.00000000009 8.651331562951967e-08
77350.00000000009 5.716381368768775e-08
77400.00000000009 5.6918744647771536e-08
77450.00000000009 6.881915756840506e-08
77500.00000000009 6.724751840047214e-08
77550.00000000009 8.089897414107048e-08
77600.00000000009 8.787002878589832e-08
77650.00000000009 8.428339315259522e-08
77700.00000000009 6.600456696288235e-08
77750.00000000009 1.0576382224970989e-07
77800.00000000009 8.661088948235812e-08
77850.00000000009 1.283375521340575e-07
77900.00000000009 1.0570426159469508e-07
77950.00000000009 7.00538805424423e-08
78000.00000000009 8.886609832444886e-08
78050.00000000009 9.57222600347189e-08
78100.00000000009 7.734776173401524e-08
78150.00000000009 1.1626781018475684e-07
78200.00000000009 1.1725413236518196e-07
78250.00000000009 1.2565015879024175e-07
78300.00000000009 1.2137170974912683e-07
78350.00000000009 1.1366435515849712e-07
78400.00000000009 9.723116808495183e-08
78450.00000000009 1.3638305926634267e-07
78500.00000000009 1.339313759754644e-07
78550.00000000009 1.3867389139018802e-07
78600.00000000009 1.2246718823170052e-07
78650.00000000009 6.036824638558415e-08
78700.00000000009 9.257283245358641e-08
78750.00000000009 8.917040922398223e-08
78800.00000000009 1.2300080809592738e-07
78850.00000000009 7.624183322716863e-08
78900.00000000009 1.1469344625137358e-07
78950.00000000009 1.0674964623326888e-07
79000.00000000009 1.0886690763311308e-07
79050.00000000009 9.855202158688694e-08
79100.00000000009 1.0562633984792786e-07
79150.00000000009 1.1855894302954969e-07
79200.00000000009 1.2762786045041306e-07
79250.00000000009 1.09604450228504e-07
79300.00000000009 8.330368147482974e-08
79350.00000000009 1.268738732862778e-07
79400.00000000009 1.0202702542337703e-07
79450.00000000009 1.2554107976658228e-07
79500.00000000009 1.6734918581827007e-07
79550.00000000009 1.3807538874993494e-07
79600.00000000009 9.022733032763279e-08
79650.00000000009 1.1616760788515306e-07
79700.00000000009 1.337718137057502e-07
79750.00000000009 1.3662261967827943e-07
79800.00000000009 1.0498161582010401e-07
79850.00000000009 1.1276670765233765e-07
79900.00000000009 1.754322390842223e-07
79950.00000000009 1.2851448825031256e-07
