galfind/configs/Brown_Dwarf_templates/sonora_cholla/logkzz4/1000g/1050K_1000g_logkzz4_resample.dat
# %ECSV 1.0
# ---
# datatype:
# - {name: wav, unit: Angstrom, datatype: float64}
# - {name: flux_nu, unit: erg / (cm2 Hz s), datatype: float64}
# schema: astropy-2.0
wav flux_nu
[from data line 775]
48750.000000000095 1.573306669775893e-07
48800.000000000095 2.6475719261309174e-07
48850.000000000095 1.7823129619288954e-07
48900.000000000095 2.649232030795229e-07
48950.000000000095 2.2874651287356976e-07
49000.000000000095 1.973490912359225e-07
49050.000000000095 2.548981328957631e-07
49100.000000000095 1.8708533971465887e-07
49150.000000000095 2.841433185763238e-07
49200.000000000095 1.97688215482054e-07
49250.000000000095 2.8296567389111066e-07
49300.000000000095 2.1131377809302542e-07
49350.000000000095 2.226224322007583e-07
49400.000000000095 2.583171048691838e-07
49450.000000000095 2.447918330339704e-07
49500.000000000095 2.2719866320360424e-07
49550.000000000095 1.3884284764696847e-07
49600.000000000095 2.3429475748762995e-07
49650.000000000095 2.252227313680944e-07
49700.000000000095 2.0867674041001233e-07
49750.000000000095 3.263352906684212e-07
49800.000000000095 2.0406320205994781e-07
49850.000000000095 3.5134371079526095e-07
49900.000000000095 2.7320083542697093e-07
49950.000000000095 2.8350386389023e-07
50000.000000000095 3.1557279875918864e-07
50050.000000000095 2.926357851970443e-07
50100.000000000095 3.531925215108991e-07
50150.000000000095 2.024542071203333e-07
50200.000000000095 1.4164753226356684e-07
50250.000000000095 3.039119430153782e-07
50300.000000000095 2.248904050243588e-07
50350.000000000095 3.233706707807904e-07
50400.000000000095 2.7006235413227975e-07
50450.000000000095 2.64947186580181e-07
50500.000000000095 3.554948687245148e-07
50550.000000000095 2.8859990175992957e-07
50600.000000000095 2.990563875600792e-07
50650.000000000095 2.8778243247712655e-07
50700.000000000095 4.1473604154960247e-07
50750.000000000095 3.658505851533233e-07
50800.000000000095 2.0022512280043504e-07
50850.000000000095 2.0794446875445124e-07
50900.000000000095 3.65136457823159e-07
50950.000000000095 3.592884476049587e-07
51000.000000000095 3.4097459081097114e-07
51050.000000000095 3.1231177418728687e-07
51100.000000000095 1.9835236706386735e-07
51150.000000000095 2.596448430284825e-07
51200.000000000095 3.8675134103620006e-07
51250.000000000095 3.2633951453176594e-07
51300.000000000095 2.3373000494305028e-07
51350.000000000095 2.9158108405606626e-07
51400.000000000095 2.0777015133818122e-07
51450.000000000095 1.8572472642936316e-07
51500.000000000095 1.7192123324633647e-07
51550.000000000095 3.195361329231683e-07
51600.000000000095 2.2872927447323924e-07
51650.000000000095 2.9082178020999017e-07
51700.000000000095 3.0746672532211966e-07
51750.000000000095 2.076028645343829e-07
51800.000000000095 3.810776564557959e-07
51850.000000000095 3.1500891493048633e-07
51900.000000000095 4.0648865844270165e-07
51950.000000000095 3.2612674090488255e-07
52000.000000000095 1.2731405539346288e-07
52050.000000000095 2.2988969975385524e-07
52100.000000000095 2.049964038733788e-07
52150.000000000095 1.6711162313790393e-07
52200.000000000095 1.7977110742797414e-07
52250.000000000095 2.3677510625808428e-07
52300.000000000095 3.886127424657154e-07
52350.000000000095 2.482770867309649e-07
52400.000000000095 2.0241976275475373e-07
52450.000000000095 3.211992762059503e-07
52500.000000000095 2.973193349891477e-07
52550.000000000095 3.063484377777631e-07
52600.000000000095 2.539731831668225e-07
52650.000000000095 2.7011427801541355e-07
52700.000000000095 2.2732530198972643e-07
52750.000000000095 1.839587531495669e-07
52800.000000000095 2.0111039521188453e-07
52850.000000000095 2.3116467704599882e-07
52900.000000000095 1.8915977113527606e-07
52950.000000000095 2.0162491091895298e-07
53000.000000000095 3.402762495385298e-07
53050.000000000095 1.5387736863609539e-07
53100.000000000095 3.1076865516821853e-07
53150.000000000095 3.7556651757440283e-07
53200.000000000095 1.8056640626430868e-07
53250.000000000095 3.322204730454785e-07
53300.000000000095 3.5288334750779084e-07
53350.000000000095 3.38209783986011e-07
53400.000000000095 3.38830134903853e-07
53450.000000000095 1.6587315498757858e-07
53500.000000000095 1.0780326446703698e-07
53550.000000000095 1.650685637137794e-07
53600.000000000095 2.4367008821277405e-07
53650.000000000095 2.0199207011793927e-07
53700.000000000095 1.8879653837075411e-07
53750.000000000095 1.8846502560640306e-07
53800.000000000095 1.9007909222672468e-07
53850.000000000095 2.5405286768446795e-07
53900.000000000095 2.417659220109256e-07
53950.000000000095 3.200575273945319e-07
54000.000000000095 2.241984948856524e-07
54050.000000000095 2.271541071125493e-07
54100.000000000095 1.1725129330040139e-07
54150.000000000095 1.6958791522457856e-07
54200.000000000095 8.93954776360289e-08
54250.000000000095 1.1102111764369509e-07
54300.000000000095 1.7223448803639523e-07
54350.000000000095 2.315828249627479e-07
54400.000000000095 2.3358718325691652e-07
54450.000000000095 2.014653301667807e-07
54500.000000000095 1.7790824351804764e-07
54550.000000000095 1.5538690525602027e-07
54600.000000000095 1.935630826212438e-07
54650.000000000095 1.0917420659230817e-07
54700.000000000095 2.3014694872915794e-07
54750.000000000095 2.1431977560050724e-07
54800.000000000095 1.5347023130442422e-07
54850.000000000095 1.8154072572097807e-07
54900.000000000095 2.4300715425617686e-07
54950.000000000095 3.1224859268718606e-07
55000.000000000095 1.4448009971424658e-07
55050.000000000095 2.0807666351582063e-07
55100.000000000095 1.9562629816087792e-07
55150.000000000095 1.6103611525869393e-07
55200.000000000095 1.591888111074739e-07
55250.000000000095 1.767148842043494e-07
55300.000000000095 1.3076475106297774e-07
55350.000000000095 2.0780152134683694e-07
55400.000000000095 2.55433258409457e-07
55450.000000000095 1.8169247024171252e-07
55500.000000000095 1.0191251015096412e-07
55550.000000000095 1.396885307587692e-07
55600.000000000095 1.3757559024059e-07
55650.000000000095 1.175752359098757e-07
55700.000000000095 1.4846659552749044e-07
55750.000000000095 1.6451058919654907e-07
55800.000000000095 1.2096160260332643e-07
55850.000000000095 1.1022011707348428e-07
55900.000000000095 1.969395617539061e-07
55950.000000000095 2.5430478446814075e-07
56000.000000000095 1.2660687949711826e-07
56050.000000000095 1.6693532204782248e-07
56100.000000000095 1.9512980132930128e-07
56150.000000000095 1.4195538707414368e-07
56200.000000000095 1.6153586765543499e-07
56250.000000000095 1.7812507887913002e-07
56300.000000000095 1.8063697445897504e-07
56350.000000000095 1.810392938241651e-07
56400.000000000095 1.1812511338655923e-07
56450.000000000095 1.0587206950515909e-07
56500.000000000095 1.4385718637500703e-07
56550.000000000095 9.343836438158393e-08
56600.000000000095 1.9017567853374735e-07
56650.000000000095 1.7951037447926885e-07
56700.000000000095 2.0017261604803657e-07
56750.000000000095 1.0654451543634552e-07
56800.000000000095 1.9066891998947135e-07
56850.000000000095 1.5596740603701968e-07
56900.000000000095 1.240162602958795e-07
56950.000000000095 1.9715144640643515e-07
57000.000000000095 2.1924226286047295e-07
57050.000000000095 1.421581727290228e-07
57100.000000000095 7.681121962383447e-08
57150.000000000095 1.1474057330824648e-07
57200.000000000095 9.28066600743455e-08
57250.000000000095 1.3041904608211146e-07
57300.000000000095 1.688533535072999e-07
57350.000000000095 1.0215308419581618e-07
57400.000000000095 1.7379533455321302e-07
57450.000000000095 1.5059620862634213e-07
57500.000000000095 1.4130170519136011e-07
57550.000000000095 1.813636939222038e-07
57600.000000000095 1.887263102976345e-07
57650.000000000095 7.889812106418544e-08
57700.000000000095 1.0086758465348446e-07
57750.000000000095 1.2540197982110657e-07
57800.000000000095 5.587776058861333e-08
57850.000000000095 2.2779185495318683e-07
57900.000000000095 2.629027792440722e-07
57950.000000000095 2.376812697497512e-07
58000.000000000095 1.268833576150935e-07
58050.000000000095 1.6968792351781794e-07
58100.000000000095 2.0408761346287356e-07
58150.000000000095 1.5567387229090897e-07
58200.000000000095 8.385823585932161e-08
58250.000000000095 1.1187118275268522e-07
58300.000000000095 9.169770377749706e-08
58350.000000000095 1.1313568412461048e-07
58400.000000000095 1.5408037242528782e-07
58450.000000000095 1.6679471580825793e-07
58500.000000000095 1.536646007614815e-07
58550.000000000095 1.74781935855955e-07
58600.000000000095 1.0291472232046347e-07
58650.000000000095 1.2622757793769333e-07
58700.000000000095 1.3536229753883187e-07
58750.000000000095 1.5235211268055643e-07
58800.000000000095 7.067394113805753e-08
58850.000000000095 1.2381051900189124e-07
58900.000000000095 1.6032554693090215e-07
58950.000000000095 9.757828505301082e-08
59000.000000000095 1.590328677128819e-07
59050.000000000095 1.7593921754007217e-07
59100.000000000095 2.0626833188491648e-07
59150.000000000095 1.4972358346886314e-07
59200.000000000095 1.563680899343341e-07
59250.000000000095 1.687141069522354e-07
59300.000000000095 1.6033938801937778e-07
59350.000000000095 8.105500314154772e-08
59400.000000000095 6.551832927639438e-08
59450.000000000095 1.4299613364157044e-07
59500.000000000095 8.938361957007863e-08
59550.000000000095 1.73335172208445e-07
59600.000000000095 1.840129264459518e-07
59650.000000000095 1.4989753359742863e-07
59700.000000000095 1.0372610882863642e-07
59750.000000000095 2.2540097541769702e-07
59800.000000000095 1.3405857851664235e-07
59850.000000000095 1.8285106539756013e-07
59900.000000000095 9.11356974367905e-08
59950.000000000095 1.5214030713114975e-07
60000.000000000095 2.501085562028907e-07
60050.000000000095 2.1485030437960347e-07
60100.000000000095 2.1390578602868472e-07
60150.000000000095 1.4464468745649402e-07
60200.000000000095 1.734409976523028e-07
60250.000000000095 2.1510837517085343e-07
60300.000000000095 1.9779669779014218e-07
60350.000000000095 1.3918259573228828e-07
60400.000000000095 1.7856394218378454e-07
60450.000000000095 9.2956670050891e-08
60500.000000000095 6.084747041359867e-08
60550.000000000095 1.8003808949240386e-07
60600.000000000095 1.7660236828473994e-07
60650.000000000095 1.4563285440048212e-07
60700.000000000095 1.2676309178004238e-07
60750.000000000095 9.688444015066882e-08
60800.000000000095 1.7901148153848818e-07
60850.000000000095 2.6728601497733864e-07
60900.000000000095 2.3673926536366824e-07
60950.000000000095 2.1281766253072777e-07
61000.000000000095 1.709896256654061e-07
61050.000000000095 1.203956050970125e-07
61100.000000000095 1.6225828569247603e-07
61150.000000000095 7.062915847083158e-08
61200.000000000095 2.1383570620630716e-07
61250.000000000095 2.4596446336001495e-07
61300.000000000095 2.1410291888004274e-07
61350.000000000095 2.7224379186323573e-07
61400.000000000095 1.7741047848474072e-07
61450.000000000095 1.1038929881311168e-07
61500.000000000095 1.3175177205435772e-07
61550.000000000095 1.4012663308829036e-07
61600.000000000095 1.011547351562603e-07
61650.000000000095 1.5385668572527466e-07
61700.000000000095 1.3200601264554685e-07
61750.000000000095 1.5841646306671887e-07
61800.000000000095 1.7814477858473845e-07
61850.000000000095 1.1285072892404358e-07
61900.000000000095 2.3082020936119578e-07
61950.000000000095 2.2363870780780222e-07
62000.000000000095 2.199378973598259e-07
62050.000000000095 2.0445557638339865e-07
62100.000000000095 2.102037387570817e-07
62150.000000000095 2.1887701765408452e-07
62200.000000000095 1.9399292869094864e-07
62250.000000000095 1.9482912785074966e-07
62300.000000000095 2.720451957086838e-07
62350.000000000095 2.241832057373353e-07
62400.000000000095 1.32403454024603e-07
62450.000000000095 1.855643541245726e-07
62500.000000000095 2.499907258147822e-07
62550.000000000095 2.447322341756937e-07
62600.000000000095 2.6264226871167957e-07
62650.000000000095 2.0934893024708162e-07
62700.000000000095 2.1956710033861398e-07
62750.000000000095 2.7549211694520723e-07
62800.000000000095 1.7677547096660123e-07
62850.000000000095 2.3645422660332855e-07
62900.000000000095 1.913742708367871e-07
62950.000000000095 2.586760990975906e-07
63000.000000000095 2.2233562680220183e-07
63050.000000000095 2.9638541905647034e-07
63100.000000000095 2.734553340542615e-07
63150.000000000095 1.974238733633912e-07
63200.000000000095 2.4855378827393545e-07
63250.000000000095 2.2006720813916941e-07
63300.000000000095 2.5645444325511644e-07
63350.000000000095 2.3473858707285262e-07
63400.000000000095 1.4351238159969157e-07
63450.000000000095 1.1300848426190744e-07
63500.000000000095 2.1369088929379144e-07
63550.000000000095 2.1176358512907016e-07
63600.000000000095 2.4373360034208e-07
63650.000000000095 1.7712119235155893e-07
63700.000000000095 1.2281261043858383e-07
63750.000000000095 1.708956044779453e-07
63800.000000000095 2.0804341450002803e-07
63850.000000000095 1.9492815181426257e-07
63900.000000000095 1.3569841821465033e-07
63950.000000000095 1.97534768383936e-07
64000.000000000095 2.2112372966760782e-07
64050.000000000095 1.593972652986161e-07
64100.000000000095 6.30893603191531e-08
64150.000000000095 8.789451969927665e-08
64200.000000000095 9.93543087192522e-08
64250.000000000095 1.5980827145239252e-07
64300.000000000095 1.2621425304458584e-07
64350.000000000095 1.061390589084486e-07
64400.000000000095 1.7643321502696306e-07
64450.000000000095 1.8450153032886267e-07
64500.000000000095 1.0411554143270918e-07
64550.000000000095 1.5897988165620312e-07
64600.000000000095 9.52216592807552e-08
64650.000000000095 1.530032222588863e-07
64700.000000000095 8.444478904900922e-08
64750.000000000095 1.0469607816175986e-07
64800.000000000095 1.0111183100982818e-07
64850.000000000095 9.02224854063117e-08
64900.000000000095 1.0143515874979045e-07
64950.000000000095 9.516271843456319e-08
65000.000000000095 1.1680598026697224e-07
65050.000000000095 1.1980677338679853e-07
65100.000000000095 1.5313252238054592e-07
65150.000000000095 1.0411400342973182e-07
65200.000000000095 8.973951703415166e-08
65250.000000000095 1.4292004776599447e-07
65300.000000000095 1.228627516630537e-07
65350.000000000095 2.182527326386962e-07
65400.000000000095 1.1707452410233104e-07
65450.000000000095 1.21303036522052e-07
65500.000000000095 1.4119512442107166e-07
65550.00000000009 9.457662232983593e-08
65600.00000000009 1.2133412854489066e-07
65650.00000000009 1.233403845580885e-07
65700.00000000009 1.132738179693791e-07
65750.00000000009 9.168534818040175e-08
65800.00000000009 1.3162164546482754e-07
65850.00000000009 1.5636300071752924e-07
65900.00000000009 8.99905720393867e-08
65950.00000000009 8.050662506425593e-08
66000.00000000009 1.1264810163147865e-07
66050.00000000009 1.9536033737801064e-07
66100.00000000009 1.233820006250971e-07
66150.00000000009 9.62706580847398e-08
66200.00000000009 9.500141004356368e-08
66250.00000000009 9.021022544740712e-08
66300.00000000009 4.8507415311015016e-08
66350.00000000009 6.686232664892053e-08
66400.00000000009 8.935061838200737e-08
66450.00000000009 1.4674480507323144e-07
66500.00000000009 1.9563124489601226e-07
66550.00000000009 1.818451520138884e-07
66600.00000000009 1.4147772601477625e-07
66650.00000000009 1.3085704484409257e-07
66700.00000000009 1.1884694530762841e-07
66750.00000000009 1.1091266694425129e-07
66800.00000000009 1.4029320628838632e-07
66850.00000000009 9.683146097441015e-08
66900.00000000009 1.5846531737131658e-07
66950.00000000009 1.9623669563205198e-07
67000.00000000009 1.940926958723963e-07
67050.00000000009 1.3009206064475929e-07
67100.00000000009 1.0879152609675751e-07
67150.00000000009 1.1204553721926874e-07
67200.00000000009 1.3154787228189555e-07
67250.00000000009 1.3080047870775095e-07
67300.00000000009 1.4824406569685502e-07
67350.00000000009 1.0046269426272845e-07
67400.00000000009 1.8628495688320374e-07
67450.00000000009 1.4273894960304507e-07
67500.00000000009 1.3100343579236194e-07
67550.00000000009 1.582616261841448e-07
67600.00000000009 2.496899687824893e-07
67650.00000000009 1.8650092878148733e-07
67700.00000000009 1.4650646360251385e-07
67750.00000000009 1.2673670792038955e-07
67800.00000000009 1.6372784814932796e-07
67850.00000000009 1.0390609108842118e-07
67900.00000000009 1.284779050310042e-07
67950.00000000009 9.471938347762102e-08
