galfind/configs/Brown_Dwarf_templates/sonora_cholla/logkzz4/1000g/1100K_1000g_logkzz4_resample.dat
# %ECSV 1.0
# ---
# datatype:
# - {name: wav, unit: Angstrom, datatype: float64}
# - {name: flux_nu, unit: erg / (cm2 Hz s), datatype: float64}
# schema: astropy-2.0
wav flux_nu
10000.000000000093 nan
10050.000000000093 1.626741588830925e-07
10100.000000000093 1.9075183240420413e-07
10150.000000000093 1.9836601870646638e-07
10200.000000000093 2.2079117342932667e-07
10250.000000000093 2.409701654894601e-07
10300.000000000093 2.553795843722329e-07
10350.000000000093 2.9377817970223646e-07
10400.000000000093 3.273986265065134e-07
10450.000000000093 3.48278138354623e-07
10500.000000000093 3.557342454725328e-07
10550.000000000093 3.68494483253477e-07
10600.000000000093 3.9001348782459836e-07
10650.000000000093 4.1444664606947673e-07
10700.000000000093 4.400339788663424e-07
10750.000000000093 4.6316631410337826e-07
10800.000000000093 4.809210049152603e-07
10850.000000000093 5.021844493198757e-07
10900.000000000093 4.431312658313166e-07
10950.000000000093 3.1379578718076814e-07
11000.000000000093 2.490547665274035e-07
11050.000000000093 1.8574254436156172e-07
11100.000000000093 1.4610924955453982e-07
11150.000000000093 1.1203418603811406e-07
11200.000000000093 1.1885888946357978e-07
11250.000000000093 1.5150352028146774e-07
11300.000000000093 1.506987874849956e-07
11350.000000000093 8.47873942104393e-08
11400.000000000093 1.713591279585145e-07
11450.000000000093 1.3089985513774219e-07
11500.000000000093 1.536265825509727e-07
11550.000000000093 1.0752154648476758e-07
11600.000000000093 1.126685533115094e-07
11650.000000000093 1.391913028173043e-07
11700.000000000093 1.4644400390912895e-07
11750.000000000093 1.1835536115313873e-07
11800.000000000093 1.7773538693174142e-07
11850.000000000093 2.2174573164675607e-07
11900.000000000093 2.6377752190782636e-07
11950.000000000093 2.9675483642987624e-07
12000.000000000093 3.6868251308508536e-07
12050.000000000093 4.3856089683008286e-07
12100.000000000093 4.875536388156872e-07
12150.000000000093 5.570601650660704e-07
12200.000000000093 6.125664627932104e-07
12250.000000000093 6.796180279638107e-07
12300.000000000093 7.432509448096887e-07
12350.000000000093 7.636973999798904e-07
12400.000000000093 8.050597987022089e-07
12450.000000000093 8.787349872669824e-07
12500.000000000093 9.222337183191479e-07
12550.000000000093 9.703783507502957e-07
12600.000000000093 9.676459540973714e-07
12650.000000000093 9.323441044367317e-07
12700.000000000093 9.389697473701606e-07
12750.000000000093 9.409561306109128e-07
12800.000000000093 9.591977300465213e-07
12850.000000000093 8.580261131309683e-07
12900.000000000093 7.92223225692696e-07
12950.000000000093 7.8048547658941e-07
13000.000000000093 7.735860690670018e-07
13050.000000000093 7.301471892869717e-07
13100.000000000093 7.003160471772131e-07
13150.000000000093 6.020168474228958e-07
13200.000000000093 5.51632396247615e-07
13250.000000000093 4.0626615100388466e-07
13300.000000000093 2.3216348558233713e-07
13350.000000000093 7.694912531362673e-08
13400.000000000093 3.690972268448916e-08
13450.000000000093 2.4429383472956185e-08
13500.000000000093 1.4763523390643405e-08
13550.000000000093 1.1536248166947943e-08
13600.000000000093 8.543972415001681e-09
13650.000000000093 1.9696437673691083e-08
13700.000000000093 1.55606942685708e-08
13750.000000000093 2.0595947825986704e-08
13800.000000000093 2.6531029637584146e-08
13850.000000000093 1.858700732750189e-08
13900.000000000093 1.8746099318322476e-08
13950.000000000093 1.7969867101989036e-08
14000.000000000093 1.7234569235513696e-08
14050.000000000093 2.1229184542730286e-08
14100.000000000093 1.5967658776219985e-08
14150.000000000093 2.2788795077102432e-08
14200.000000000093 1.756744143996107e-08
14250.000000000093 1.8631502918324145e-08
14300.000000000093 2.8949836387092414e-08
14350.000000000093 2.7972150815747857e-08
14400.000000000093 2.9509194277734135e-08
14450.000000000093 3.4264732000916433e-08
14500.000000000093 5.6724999853392705e-08
14550.000000000093 5.717305617599487e-08
14600.000000000093 7.902074746297356e-08
14650.000000000093 7.918365403407097e-08
14700.000000000093 6.136217013411066e-08
14750.000000000093 7.88646998033388e-08
14800.000000000093 9.677381602931403e-08
14850.000000000093 1.016271979088652e-07
14900.000000000093 1.0589490257410096e-07
14950.000000000093 1.2094820521794434e-07
15000.000000000093 1.3585749355635015e-07
15050.000000000093 1.6364884916576537e-07
15100.000000000093 1.794337713581744e-07
15150.000000000093 1.9337297424740973e-07
15200.000000000093 1.9792896807846219e-07
15250.000000000093 2.3969588144367855e-07
15300.000000000093 2.695096058265763e-07
15350.000000000093 3.1217006804578314e-07
15400.000000000093 3.4037563381006893e-07
15450.000000000093 3.743389473493638e-07
15500.000000000093 3.929225158030537e-07
15550.000000000093 4.412058825417632e-07
15600.000000000093 4.5926817329479007e-07
15650.000000000093 4.705071742957747e-07
15700.000000000093 5.210503222212133e-07
15750.000000000093 5.428079670034831e-07
15800.000000000093 5.384553259806436e-07
15850.000000000093 5.625332855684229e-07
15900.000000000093 5.43148601449321e-07
15950.000000000093 5.306366279201249e-07
16000.000000000093 4.85508148256983e-07
16050.000000000093 4.1413189012655026e-07
16100.000000000093 3.5928324763381675e-07
16150.000000000093 2.858472858604815e-07
16200.000000000093 2.266596600788425e-07
16250.000000000093 2.2313515409181027e-07
16300.000000000093 1.9826908749776062e-07
16350.000000000093 2.140584585862735e-07
16400.000000000095 2.358865937057653e-07
16450.000000000095 2.5252967462695455e-07
16500.000000000095 2.7068398243992173e-07
16550.000000000095 2.618209019444617e-07
16600.000000000095 2.6419411050774344e-07
16650.000000000095 1.996527583297628e-07
16700.000000000095 1.2672526176998634e-07
16750.000000000095 1.615857077164451e-07
16800.000000000095 2.1198015808364396e-07
16850.000000000095 2.0890794258636987e-07
16900.000000000095 1.9192289090300471e-07
16950.000000000095 1.7897082660407814e-07
17000.000000000095 1.6003560944512214e-07
17050.000000000095 1.9523523470891585e-07
17100.000000000095 2.1021382016822052e-07
17150.000000000095 1.8485686945419876e-07
17200.000000000095 2.1840030031857034e-07
17250.000000000095 1.903431558696733e-07
17300.000000000095 1.7051209742512906e-07
17350.000000000095 1.600428452053657e-07
17400.000000000095 1.5499951582408948e-07
17450.000000000095 1.5177397459801535e-07
17500.000000000095 1.6324378356201865e-07
17550.000000000095 1.4107630280258928e-07
17600.000000000095 1.2758037440138683e-07
17650.000000000095 1.247765823011531e-07
17700.000000000095 9.650549759832722e-08
17750.000000000095 8.401685072897511e-08
17800.000000000095 9.729817891322267e-08
17850.000000000095 6.793748884656633e-08
17900.000000000095 7.973577176327465e-08
17950.000000000095 6.018812243951203e-08
18000.000000000095 6.52057753064548e-08
18050.000000000095 5.858350160600554e-08
18100.000000000095 5.5502123879917134e-08
18150.000000000095 7.262964126503264e-08
18200.000000000095 4.674013253710039e-08
18250.000000000095 9.034139375685276e-08
18300.000000000095 5.67696693416887e-08
18350.000000000095 5.270346649387619e-08
18400.000000000095 4.691177851676578e-08
18450.000000000095 5.609550692747964e-08
18500.000000000095 5.962744121667642e-08
18550.000000000095 4.696371515094188e-08
18600.000000000095 4.1826550537481385e-08
18650.000000000095 3.7543090779877015e-08
18700.000000000095 3.6435424282156036e-08
18750.000000000095 4.806363999351652e-08
18800.000000000095 8.223059389135786e-08
18850.000000000095 9.146826690977026e-08
18900.000000000095 8.014260631543314e-08
18950.000000000095 1.2489033218325107e-07
19000.000000000095 8.744520858079759e-08
19050.000000000095 6.734287727474273e-08
19100.000000000095 1.0946358004817359e-07
19150.000000000095 8.226755840318544e-08
19200.000000000095 9.976880004730735e-08
19250.000000000095 8.08523934205809e-08
19300.000000000095 7.393724234872525e-08
19350.000000000095 6.917364580262673e-08
19400.000000000095 4.4456708909249865e-08
19450.000000000095 7.908836064262513e-08
19500.000000000095 7.693657527765056e-08
19550.000000000095 6.110699278577369e-08
19600.000000000095 7.744148740553749e-08
19650.000000000095 9.168374201624975e-08
19700.000000000095 9.0614897571739e-08
19750.000000000095 9.174333906782295e-08
19800.000000000095 1.0628680768638181e-07
19850.000000000095 1.2969212699873713e-07
19900.000000000095 9.953052188197125e-08
19950.000000000095 1.4549678534208319e-07
20000.000000000095 1.3661339101014782e-07
20050.000000000095 1.5303327048303564e-07
20100.000000000095 1.58471386173501e-07
20150.000000000095 1.6341288075478306e-07
20200.000000000095 1.860957968997982e-07
20250.000000000095 2.0545188394789165e-07
20300.000000000095 1.945087471845735e-07
20350.000000000095 2.2324532897604015e-07
20400.000000000095 2.2185026496547994e-07
20450.000000000095 2.4963214561118456e-07
20500.000000000095 2.604012755404101e-07
20550.000000000095 2.548981534051565e-07
20600.000000000095 2.8479551646791e-07
20650.000000000095 2.7510252434806793e-07
20700.000000000095 2.793481093790694e-07
20750.000000000095 2.9306438800055914e-07
20800.000000000095 2.932144924849694e-07
20850.000000000095 2.941930109426752e-07
20900.000000000095 3.040957595050801e-07
20950.000000000095 2.9491620562713975e-07
21000.000000000095 2.994180088419943e-07
21050.000000000095 2.897250897940602e-07
21100.000000000095 2.868541525519121e-07
21150.000000000095 2.8927393142281954e-07
21200.000000000095 2.7869631747470734e-07
21250.000000000095 2.78521739851664e-07
21300.000000000095 2.601408946597093e-07
21350.000000000095 2.615736992689338e-07
21400.000000000095 2.4774471741533263e-07
21450.000000000095 2.3689141978351102e-07
21500.000000000095 2.365137512384744e-07
21550.000000000095 2.2650939078254064e-07
21600.000000000095 2.1726390526895803e-07
21650.000000000095 2.032217930077269e-07
21700.000000000095 2.0550891159131387e-07
21750.000000000095 1.9098370935588845e-07
21800.000000000095 1.746734825213174e-07
21850.000000000095 1.571911916258455e-07
21900.000000000095 1.443770282566481e-07
21950.000000000095 9.996750081633375e-08
22000.000000000095 6.295240476770025e-08
22050.000000000095 4.906242329145328e-08
22100.000000000095 7.370772670406208e-08
22150.000000000095 8.322278076880842e-08
22200.000000000095 8.279325496217829e-08
22250.000000000095 7.728627578415028e-08
22300.000000000095 7.254449281074057e-08
22350.000000000095 6.74102185957875e-08
22400.000000000095 5.6256705926386985e-08
22450.000000000095 5.114150819849104e-08
22500.000000000095 5.436044868065101e-08
22550.000000000095 3.926856031863215e-08
22600.000000000095 4.645964840575729e-08
22650.000000000095 4.890812501884349e-08
22700.000000000095 4.617621543213628e-08
22750.000000000095 4.701838245072033e-08
22800.000000000095 4.403554132444861e-08
22850.000000000095 3.87933420342959e-08
22900.000000000095 3.621408131083688e-08
22950.000000000095 3.611608835551186e-08
23000.000000000095 3.251672603356926e-08
23050.000000000095 4.33396239822136e-08
23100.000000000095 6.41105639184111e-08
23150.000000000095 6.299595898774359e-08
23200.000000000095 2.6428636494212316e-08
23250.000000000095 2.9167474608886198e-08
23300.000000000095 2.8257631384507568e-08
23350.000000000095 2.4620710541786522e-08
23400.000000000095 3.103227199837849e-08
23450.000000000095 2.8605140504491442e-08
23500.000000000095 2.9279164411699543e-08
23550.000000000095 3.99206212087475e-08
23600.000000000095 4.419495021247124e-08
23650.000000000095 4.884026223925259e-08
23700.000000000095 2.8486990666731538e-08
23750.000000000095 2.7230104350921068e-08
23800.000000000095 3.47146440794642e-08
23850.000000000095 3.443310051096403e-08
23900.000000000095 5.126575810215227e-08
23950.000000000095 4.952879400597657e-08
24000.000000000095 6.390868709743893e-08
24050.000000000095 6.648266346834687e-08
24100.000000000095 5.4698475245510065e-08
24150.000000000095 6.279833458053548e-08
24200.000000000095 6.88430425582772e-08
24250.000000000095 5.9051162741164995e-08
24300.000000000095 6.867951698408928e-08
24350.000000000095 5.800177197048374e-08
24400.000000000095 8.282998225497368e-08
24450.000000000095 6.677937818228369e-08
24500.000000000095 7.539540927038887e-08
24550.000000000095 7.508590975709078e-08
24600.000000000095 8.276385779083114e-08
24650.000000000095 9.364145118151656e-08
24700.000000000095 7.012159762258535e-08
24750.000000000095 6.631961607648476e-08
24800.000000000095 7.076084533822801e-08
24850.000000000095 9.796229610692199e-08
24900.000000000095 4.9632361881306153e-08
24950.000000000095 8.217269847180089e-08
25000.000000000095 7.900816675324317e-08
25050.000000000095 5.417311868212014e-08
25100.000000000095 7.22435207105284e-08
25150.000000000095 4.5337957912045646e-08
25200.000000000095 6.237863702265034e-08
25250.000000000095 4.022691047805056e-08
25300.000000000095 5.667665041660386e-08
25350.000000000095 3.2677659305787083e-08
25400.000000000095 5.815754470765864e-08
25450.000000000095 3.65048248301195e-08
25500.000000000095 3.559714923208784e-08
25550.000000000095 4.554596999824247e-08
25600.000000000095 3.902667676353198e-08
25650.000000000095 2.6779093040799583e-08
25700.000000000095 5.142714748243877e-08
25750.000000000095 2.5897957310737164e-08
25800.000000000095 5.264666642438944e-08
25850.000000000095 2.5872898201152008e-08
25900.000000000095 3.780878350508837e-08
25950.000000000095 2.3415432835825874e-08
26000.000000000095 4.9846735568710733e-08
26050.000000000095 3.272236234721682e-08
26100.000000000095 5.744035617275647e-08
26150.000000000095 4.538258476159798e-08
26200.000000000095 4.9773757935512485e-08
26250.000000000095 7.291670473589834e-08
26300.000000000095 4.914893153200198e-08
26350.000000000095 7.98071347940764e-08
26400.000000000095 8.732071484580156e-08
26450.000000000095 8.416968455984374e-08
26500.000000000095 8.27882116537756e-08
26550.000000000095 5.7150466415661826e-08
26600.000000000095 6.723096953492674e-08
26650.000000000095 3.404200386607932e-08
26700.000000000095 2.727614096260173e-08
26750.000000000095 2.500031924524072e-08
26800.000000000095 3.58586841103871e-08
26850.000000000095 2.111650543720557e-08
26900.000000000095 4.452141716588316e-08
26950.000000000095 2.3398033710968717e-08
27000.000000000095 5.369072433298862e-08
27050.000000000095 4.9469986579524776e-08
27100.000000000095 3.515120998978633e-08
27150.000000000095 6.34009441094e-08
27200.000000000095 3.787246077878637e-08
27250.000000000095 4.539859086424054e-08
27300.000000000095 9.820498616139104e-08
27350.000000000095 7.241707709545022e-08
27400.000000000095 2.352162353514806e-08
27450.000000000095 8.732554675083698e-08
27500.000000000095 9.285593897432902e-08
27550.000000000095 4.4817058919143505e-08
27600.000000000095 7.650567618781599e-08
27650.000000000095 3.731807841928224e-08
27700.000000000095 3.146994162354874e-08
27750.000000000095 7.708914654686198e-08
27800.000000000095 4.0188969513600204e-08
27850.000000000095 4.4859806986395785e-08
27900.000000000095 5.894644111550324e-08
27950.000000000095 7.804195889375111e-08
28000.000000000095 6.848703342037369e-08
28050.000000000095 3.0951204442272294e-08
28100.000000000095 9.056504459136007e-08
28150.000000000095 6.304814747519869e-08
28200.000000000095 3.042060138299232e-08
28250.000000000095 9.052310980238344e-08
28300.000000000095 1.1339065073788703e-07
28350.000000000095 3.546995005815114e-08
28400.000000000095 7.836786423273014e-08
28450.000000000095 9.414417210420868e-08
28500.000000000095 7.416594657465426e-08
28550.000000000095 3.447260125608816e-08
28600.000000000095 1.0176305855951731e-07
28650.000000000095 8.792781399555008e-08
28700.000000000095 7.529305324769495e-08
28750.000000000095 1.0386827910552509e-07
28800.000000000095 9.597195046258047e-08
28850.000000000095 1.1392654390241554e-07
28900.000000000095 5.774929337563659e-08
28950.000000000095 1.3079536021669722e-07
29000.000000000095 9.205851539949149e-08
29050.000000000095 1.0897821163156293e-07
29100.000000000095 7.12266840751367e-08
29150.000000000095 1.4548431039884242e-07
29200.000000000095 9.397492015233827e-08
29250.000000000095 1.2844141898538052e-07
29300.000000000095 8.051460668545674e-08
29350.000000000095 2.2446107232658206e-07
