galfind/configs/Brown_Dwarf_templates/sonora_cholla/logkzz4/1000g/1150K_1000g_logkzz4_resample.dat
# %ECSV 1.0
# ---
# datatype:
# - {name: wav, unit: Angstrom, datatype: float64}
# - {name: flux_nu, unit: erg / (cm2 Hz s), datatype: float64}
# schema: astropy-2.0
wav flux_nu
[from data line 1163]
68150.00000000009 1.9906397006938315e-07
68200.00000000009 2.1142425377815931e-07
68250.00000000009 1.1575505810704935e-07
68300.00000000009 1.8792885118617298e-07
68350.00000000009 1.2080714269779248e-07
68400.00000000009 2.460471955326466e-07
68450.00000000009 2.4134787517335445e-07
68500.00000000009 2.0974832892671824e-07
68550.00000000009 1.5257910104569756e-07
68600.00000000009 1.659270760201713e-07
68650.00000000009 1.1897376905406474e-07
68700.00000000009 1.7816790878833946e-07
68750.00000000009 2.0865330412704052e-07
68800.00000000009 2.2740007760207356e-07
68850.00000000009 1.3899000605177028e-07
68900.00000000009 2.728057448443868e-07
68950.00000000009 2.951406295878696e-07
69000.00000000009 2.736665197517123e-07
69050.00000000009 1.8156635681537561e-07
69100.00000000009 2.828761735613375e-07
69150.00000000009 3.1357355399836056e-07
69200.00000000009 2.0083671676058822e-07
69250.00000000009 2.868034140249072e-07
69300.00000000009 2.3111141425444783e-07
69350.00000000009 2.6864863018716376e-07
69400.00000000009 1.562411964721581e-07
69450.00000000009 2.88846188925832e-07
69500.00000000009 1.9815766719149703e-07
69550.00000000009 2.104601290710418e-07
69600.00000000009 9.61452287704469e-08
69650.00000000009 1.925338272465316e-07
69700.00000000009 2.617494957557326e-07
69750.00000000009 1.9964032740073394e-07
69800.00000000009 2.439335009848897e-07
69850.00000000009 2.655763025515833e-07
69900.00000000009 1.996875035207506e-07
69950.00000000009 2.2083987393001107e-07
70000.00000000009 1.8629126410293546e-07
70050.00000000009 2.7277376146389576e-07
70100.00000000009 2.009082090974241e-07
70150.00000000009 2.21771430744081e-07
70200.00000000009 1.7140276684975644e-07
70250.00000000009 2.0995828028355382e-07
70300.00000000009 2.5630824820053976e-07
70350.00000000009 2.0485890153083026e-07
70400.00000000009 1.8420127192860892e-07
70450.00000000009 1.051696004837471e-07
70500.00000000009 1.5225916348811017e-07
70550.00000000009 1.6042791330747165e-07
70600.00000000009 1.7080645962057443e-07
70650.00000000009 2.2581283632593513e-07
70700.00000000009 2.08441823929672e-07
70750.00000000009 2.505533084133705e-07
70800.00000000009 1.773686959232535e-07
70850.00000000009 1.6684587971883758e-07
70900.00000000009 1.7031993893211451e-07
70950.00000000009 2.431104403871762e-07
71000.00000000009 2.0959297479684995e-07
71050.00000000009 2.177702002000096e-07
71100.00000000009 1.9701411965625384e-07
71150.00000000009 1.933829601759179e-07
71200.00000000009 1.7236196446709007e-07
71250.00000000009 1.8947893113569313e-07
71300.00000000009 2.2479797930182847e-07
71350.00000000009 2.15387709862056e-07
71400.00000000009 2.1606086517799006e-07
71450.00000000009 1.4020548571408294e-07
71500.00000000009 1.687886106859745e-07
71550.00000000009 1.7437173911027054e-07
71600.00000000009 2.0330232738582028e-07
71650.00000000009 1.8303508458898403e-07
71700.00000000009 1.5297996205783568e-07
71750.00000000009 1.794011804927416e-07
71800.00000000009 2.1852351976442014e-07
71850.00000000009 2.2187035178474597e-07
71900.00000000009 1.5949972555946735e-07
71950.00000000009 1.715260109369306e-07
72000.00000000009 1.696486498657466e-07
72050.00000000009 1.4094302351936256e-07
72100.00000000009 1.6279035512647034e-07
72150.00000000009 1.4473543064574584e-07
72200.00000000009 1.7058723422781652e-07
72250.00000000009 1.9701854775335361e-07
72300.00000000009 1.7935580041829316e-07
72350.00000000009 1.778152174849983e-07
72400.00000000009 1.5313244385165292e-07
72450.00000000009 1.4418885313184832e-07
72500.00000000009 1.7073309243040332e-07
72550.00000000009 1.0987003295653754e-07
72600.00000000009 1.1531599033289227e-07
72650.00000000009 1.8359945318434953e-07
72700.00000000009 1.8657905712756185e-07
72750.00000000009 1.6386906646643735e-07
72800.00000000009 1.529130387804247e-07
72850.00000000009 1.4951625997337997e-07
72900.00000000009 1.8914538002131386e-07
72950.00000000009 1.7140087908397675e-07
73000.00000000009 1.732048952319671e-07
73050.00000000009 1.4828232166557028e-07
73100.00000000009 1.2998440203095602e-07
73150.00000000009 2.1453646012940004e-07
73200.00000000009 1.4164076719978529e-07
73250.00000000009 1.637350011748287e-07
73300.00000000009 1.6209873137520815e-07
73350.00000000009 1.359983572149124e-07
73400.00000000009 1.6496435418564345e-07
73450.00000000009 1.1323012679847408e-07
73500.00000000009 1.193561504643627e-07
73550.00000000009 1.5376427290531785e-07
73600.00000000009 1.2816615511863545e-07
73650.00000000009 1.5675099142706794e-07
73700.00000000009 1.8436881630121375e-07
73750.00000000009 1.2237859771998632e-07
73800.00000000009 1.4891091175262914e-07
73850.00000000009 1.588311589260659e-07
73900.00000000009 1.7234591122586504e-07
73950.00000000009 1.4288417480616548e-07
74000.00000000009 1.3462896694871583e-07
74050.00000000009 2.1474976032332033e-07
74100.00000000009 1.419424909120755e-07
74150.00000000009 1.6116599913330353e-07
74200.00000000009 1.4657092715925235e-07
74250.00000000009 1.0381324319003815e-07
74300.00000000009 1.4915367167060777e-07
74350.00000000009 1.7525130170118125e-07
74400.00000000009 1.6252203804484604e-07
74450.00000000009 1.0499329312254113e-07
74500.00000000009 1.2266104496943743e-07
74550.00000000009 1.498578524485138e-07
74600.00000000009 1.4480443932196107e-07
74650.00000000009 1.4178461972424773e-07
74700.00000000009 1.1564657748881372e-07
74750.00000000009 1.3091457115999148e-07
74800.00000000009 1.3783690470282094e-07
74850.00000000009 1.0932278107726545e-07
74900.00000000009 1.9302328248576083e-07
74950.00000000009 1.798179061032188e-07
75000.00000000009 1.5593813999184136e-07
75050.00000000009 1.261428082606782e-07
75100.00000000009 1.9635672409781179e-07
75150.00000000009 1.6404415641683677e-07
75200.00000000009 1.9243607626020384e-07
75250.00000000009 1.8294433655040198e-07
75300.00000000009 1.9139639379918368e-07
75350.00000000009 1.1712201776494944e-07
75400.00000000009 1.8982256288863245e-07
75450.00000000009 1.6313945330998896e-07
75500.00000000009 1.553528606850999e-07
75550.00000000009 1.947717868660848e-07
75600.00000000009 2.3001327332948686e-07
75650.00000000009 1.6194907567327504e-07
75700.00000000009 1.6739197496542532e-07
75750.00000000009 1.2767589296437418e-07
75800.00000000009 1.7967991641676858e-07
75850.00000000009 2.040170541610671e-07
75900.00000000009 1.820555110455765e-07
75950.00000000009 1.4963702305578054e-07
76000.00000000009 1.7140113983739084e-07
76050.00000000009 1.8543599056204846e-07
76100.00000000009 1.694656372190154e-07
76150.00000000009 1.8864191860482202e-07
76200.00000000009 1.9164632451543769e-07
76250.00000000009 2.2176265628515038e-07
76300.00000000009 2.5026649292989306e-07
76350.00000000009 2.8364545969381e-07
76400.00000000009 2.2318416999519688e-07
76450.00000000009 2.1686061066606805e-07
76500.00000000009 1.7776171150997507e-07
76550.00000000009 1.6309010918549954e-07
76600.00000000009 8.555082585975522e-08
76650.00000000009 9.807567847110488e-08
76700.00000000009 1.1038663337688114e-07
76750.00000000009 9.897927264470424e-08
76800.00000000009 1.4725298828022337e-07
76850.00000000009 7.63381149185139e-08
76900.00000000009 8.564104837151931e-08
76950.00000000009 1.2191149833373351e-07
77000.00000000009 1.2688257770763159e-07
77050.00000000009 9.845673944739092e-08
77100.00000000009 1.0228037999198317e-07
77150.00000000009 1.339441223504438e-07
77200.00000000009 1.213722545475744e-07
77250.00000000009 1.306676948482136e-07
77300.00000000009 1.238133917847551e-07
77350.00000000009 8.73595194925979e-08
77400.00000000009 8.476017081583877e-08
77450.00000000009 9.469590920696716e-08
77500.00000000009 1.0946769172443097e-07
77550.00000000009 1.224262769573533e-07
77600.00000000009 1.302022389249495e-07
77650.00000000009 1.271654993876437e-07
77700.00000000009 1.072006438700221e-07
77750.00000000009 1.4710748523125247e-07
77800.00000000009 1.267864393846981e-07
77850.00000000009 1.69974026822503e-07
77900.00000000009 1.455789933567031e-07
77950.00000000009 1.0330539023117329e-07
78000.00000000009 1.2674121175478434e-07
78050.00000000009 1.3616444236674366e-07
78100.00000000009 1.066277440650348e-07
78150.00000000009 1.5725102784412908e-07
78200.00000000009 1.5694887911645948e-07
78250.00000000009 1.7626193160137482e-07
78300.00000000009 1.6848094239638385e-07
78350.00000000009 1.5681477729891902e-07
78400.00000000009 1.405511719654994e-07
78450.00000000009 1.8466196488134728e-07
78500.00000000009 1.7990900726842858e-07
78550.00000000009 1.8014834392604347e-07
78600.00000000009 1.6102672186291603e-07
78650.00000000009 9.268696060281931e-08
78700.00000000009 1.3877076027321195e-07
78750.00000000009 1.2912868379110665e-07
78800.00000000009 1.6898119274911743e-07
78850.00000000009 1.1683107720545022e-07
78900.00000000009 1.552744242801746e-07
78950.00000000009 1.44434181263692e-07
79000.00000000009 1.5531780935067906e-07
79050.00000000009 1.39311420334693e-07
79100.00000000009 1.461454463470245e-07
79150.00000000009 1.672477521437568e-07
79200.00000000009 1.79713716943885e-07
79250.00000000009 1.5911056755572076e-07
79300.00000000009 1.2125974773507443e-07
79350.00000000009 1.7711429554724408e-07
79400.00000000009 1.4726133646221234e-07
79450.00000000009 1.625656021771007e-07
79500.00000000009 2.1704814266956055e-07
79550.00000000009 1.8344368359646657e-07
79600.00000000009 1.2832540468021686e-07
79650.00000000009 1.5479449482356613e-07
79700.00000000009 1.867449888260181e-07
79750.00000000009 1.8608717786697517e-07
79800.00000000009 1.550399166091297e-07
79850.00000000009 1.5245438581517166e-07
79900.00000000009 2.330699036493781e-07
79950.00000000009 1.707628651529127e-07
