galfind/configs/Brown_Dwarf_templates/sonora_cholla/logkzz4/1000g/1200K_1000g_logkzz4_resample.dat
# %ECSV 1.0
# ---
# datatype:
# - {name: wav, unit: Angstrom, datatype: float64}
# - {name: flux_nu, unit: erg / (cm2 Hz s), datatype: float64}
# schema: astropy-2.0
wav flux_nu
10000.000000000093 nan
10050.000000000093 2.127637885028791e-07
10100.000000000093 2.4824004110333187e-07
10150.000000000093 2.5389472610824207e-07
10200.000000000093 2.8040538743958654e-07
10250.000000000093 3.0416328287263646e-07
10300.000000000093 3.161853046775377e-07
10350.000000000093 3.6406634948720027e-07
10400.000000000093 4.0462353954954635e-07
10450.000000000093 4.275307973093488e-07
10500.000000000093 4.325508330106002e-07
10550.000000000093 4.461411025266856e-07
10600.000000000093 4.739774956045227e-07
10650.000000000093 5.050547348586717e-07
10700.000000000093 5.39941312273054e-07
10750.000000000093 5.725123654093074e-07
10800.000000000093 6.00877711482139e-07
10850.000000000093 6.412719072365435e-07
10900.000000000093 5.911822434892598e-07
10950.000000000093 4.566480920148314e-07
11000.000000000093 3.821288442960209e-07
11050.000000000093 3.0359897889368015e-07
11100.000000000093 2.555904504536084e-07
11150.000000000093 2.0991849590665418e-07
11200.000000000093 2.2218670045416202e-07
11250.000000000093 2.79430788719694e-07
11300.000000000093 2.726635569782278e-07
11350.000000000093 1.6758875014127112e-07
11400.000000000093 3.1176635586416965e-07
11450.000000000093 2.466189500400631e-07
11500.000000000093 2.9858619082332923e-07
11550.000000000093 2.2453247443008438e-07
11600.000000000093 2.3901729529780303e-07
11650.000000000093 2.770788984519635e-07
11700.000000000093 2.8554717273557863e-07
11750.000000000093 2.526102545992504e-07
11800.000000000093 3.344363906601028e-07
11850.000000000093 3.871168257341767e-07
11900.000000000093 4.53300192882073e-07
11950.000000000093 4.6865481227942547e-07
12000.000000000093 5.599691490839878e-07
12050.000000000093 6.588798067681572e-07
12100.000000000093 7.106671582583184e-07
12150.000000000093 8.045848844408714e-07
12200.000000000093 8.63075680911905e-07
12250.000000000093 9.473039908665276e-07
12300.000000000093 1.020041474734859e-06
12350.000000000093 1.0345158107792313e-06
12400.000000000093 1.0523395019384753e-06
12450.000000000093 1.136739711155676e-06
12500.000000000093 1.1855045975180851e-06
12550.000000000093 1.2483417866993967e-06
12600.000000000093 1.2569539199089811e-06
12650.000000000093 1.2170099117516238e-06
12700.000000000093 1.2463428896575041e-06
12750.000000000093 1.251681806314705e-06
12800.000000000093 1.2886833192605086e-06
12850.000000000093 1.181391772110999e-06
12900.000000000093 1.1028939578371477e-06
12950.000000000093 1.1069512623184897e-06
13000.000000000093 1.109731442587096e-06
13050.000000000093 1.079863004868958e-06
13100.000000000093 1.0475165378028236e-06
13150.000000000093 9.360161951787551e-07
13200.000000000093 8.680327890919537e-07
13250.000000000093 6.665968141438078e-07
13300.000000000093 4.038847830545867e-07
13350.000000000093 1.370358772906709e-07
13400.000000000093 7.043206007778663e-08
13450.000000000093 4.941653754470736e-08
13500.000000000093 3.1771256993148205e-08
13550.000000000093 2.5878240013973674e-08
13600.000000000093 2.0977297885574864e-08
13650.000000000093 4.3546895793350384e-08
13700.000000000093 3.5375059222692764e-08
13750.000000000093 4.3683571070482824e-08
13800.000000000093 5.671923301602558e-08
13850.000000000093 4.197718014625737e-08
13900.000000000093 4.202127936356933e-08
13950.000000000093 3.98788582038024e-08
14000.000000000093 3.752547044980909e-08
14050.000000000093 4.485920611178504e-08
14100.000000000093 3.3542428561739394e-08
14150.000000000093 4.618669258856967e-08
14200.000000000093 3.651821546852264e-08
14250.000000000093 3.7933662180940596e-08
14300.000000000093 5.416878327761066e-08
14350.000000000093 5.299037590977894e-08
14400.000000000093 5.5765621364045125e-08
14450.000000000093 6.260273960305083e-08
14500.000000000093 9.84756378351071e-08
14550.000000000093 9.871326115746161e-08
14600.000000000093 1.31761931779765e-07
14650.000000000093 1.3227291423647706e-07
14700.000000000093 1.0605739461498518e-07
14750.000000000093 1.3169695313147003e-07
14800.000000000093 1.590711539612943e-07
14850.000000000093 1.6719777824502374e-07
14900.000000000093 1.7240780296082903e-07
14950.000000000093 1.9076498167379122e-07
15000.000000000093 2.1141470587669308e-07
15050.000000000093 2.5507396090442503e-07
15100.000000000093 2.7487689210366374e-07
15150.000000000093 2.9602187855269187e-07
15200.000000000093 3.002834431300717e-07
15250.000000000093 3.534404407679971e-07
15300.000000000093 3.956310302051617e-07
15350.000000000093 4.5112331176215604e-07
15400.000000000093 4.871415236456864e-07
15450.000000000093 5.341426724979781e-07
15500.000000000093 5.597480290292179e-07
15550.000000000093 6.231046473476802e-07
15600.000000000093 6.404448026639687e-07
15650.000000000093 6.594827674446601e-07
15700.000000000093 7.315530487131573e-07
15750.000000000093 7.639467769519654e-07
15800.000000000093 7.56518337917798e-07
15850.000000000093 7.938026759260126e-07
15900.000000000093 7.792401593408095e-07
15950.000000000093 7.771449055347799e-07
16000.000000000093 7.355173787338496e-07
16050.000000000093 6.628002742047963e-07
16100.000000000093 6.046089853810926e-07
16150.000000000093 5.098681496727592e-07
16200.000000000093 4.3505412925088583e-07
16250.000000000093 4.334492564081843e-07
16300.000000000093 3.974898672186509e-07
16350.000000000093 4.226887389606169e-07
16400.000000000095 4.5511821184952046e-07
16450.000000000095 4.801921706813596e-07
16500.000000000095 5.085144152451405e-07
16550.000000000095 4.962448403958799e-07
16600.000000000095 4.895539569753271e-07
16650.000000000095 4.006286086516337e-07
16700.000000000095 2.911966299302068e-07
16750.000000000095 3.384149877289816e-07
16800.000000000095 4.1521367938231237e-07
16850.000000000095 4.062276363822507e-07
16900.000000000095 3.8427893275036456e-07
16950.000000000095 3.634744329786852e-07
17000.000000000095 3.3525707633732413e-07
17050.000000000095 3.890581943461249e-07
17100.000000000095 3.995727410193379e-07
17150.000000000095 3.5723486796192937e-07
17200.000000000095 3.897980774039533e-07
17250.000000000095 3.474330879098714e-07
17300.000000000095 3.166916976424499e-07
17350.000000000095 2.974091125444542e-07
17400.000000000095 2.825440524796819e-07
17450.000000000095 2.6659585934202664e-07
17500.000000000095 2.7889376777423177e-07
17550.000000000095 2.4426165134505904e-07
17600.000000000095 2.261002633349351e-07
17650.000000000095 2.2257560543478137e-07
17700.000000000095 1.709935398562027e-07
17750.000000000095 1.5206524499011454e-07
17800.000000000095 1.6979281365662344e-07
17850.000000000095 1.213018410854488e-07
17900.000000000095 1.447179405549727e-07
17950.000000000095 1.1390587547504082e-07
18000.000000000095 1.174681573511822e-07
18050.000000000095 1.0902803558044555e-07
18100.000000000095 1.0202820076309278e-07
18150.000000000095 1.3074281494123043e-07
18200.000000000095 8.841186083282554e-08
18250.000000000095 1.5663480713906374e-07
18300.000000000095 1.0716326940348286e-07
18350.000000000095 1.010319385504605e-07
18400.000000000095 9.147195452872098e-08
18450.000000000095 9.886934047240328e-08
18500.000000000095 1.0627224688981127e-07
18550.000000000095 8.648558878067301e-08
18600.000000000095 7.584151787578929e-08
18650.000000000095 7.144243678541627e-08
18700.000000000095 7.294027825015603e-08
18750.000000000095 8.891296827492731e-08
18800.000000000095 1.3781548321854077e-07
18850.000000000095 1.5540416581921868e-07
18900.000000000095 1.3755763717873655e-07
18950.000000000095 2.025128902423017e-07
19000.000000000095 1.54305617436565e-07
19050.000000000095 1.237641419284345e-07
19100.000000000095 1.8582571143427617e-07
19150.000000000095 1.4887619273904712e-07
19200.000000000095 1.7097349180596687e-07
19250.000000000095 1.4431608133953168e-07
19300.000000000095 1.3613650248140203e-07
19350.000000000095 1.2569196949053076e-07
19400.000000000095 8.231838308087371e-08
19450.000000000095 1.387031881580542e-07
19500.000000000095 1.3503668044204614e-07
19550.000000000095 1.078899594079427e-07
19600.000000000095 1.331607386327878e-07
19650.000000000095 1.545715764027974e-07
19700.000000000095 1.515817261844895e-07
19750.000000000095 1.4831915734255562e-07
19800.000000000095 1.7185454784333612e-07
19850.000000000095 2.043590435583382e-07
19900.000000000095 1.573000785797605e-07
19950.000000000095 2.230055408901807e-07
20000.000000000095 2.1096496013452942e-07
20050.000000000095 2.3598224384126543e-07
20100.000000000095 2.393583236673474e-07
20150.000000000095 2.50876138805759e-07
20200.000000000095 2.8275373564412775e-07
20250.000000000095 3.0706000894552946e-07
20300.000000000095 2.913742173394264e-07
20350.000000000095 3.3104863822420165e-07
20400.000000000095 3.331058213661652e-07
20450.000000000095 3.692911703880789e-07
20500.000000000095 3.857772640001717e-07
20550.000000000095 3.7755357128613406e-07
20600.000000000095 4.2285037262826946e-07
20650.000000000095 4.064120158642018e-07
20700.000000000095 4.1689934060820525e-07
20750.000000000095 4.373237139960978e-07
20800.000000000095 4.4035887445987764e-07
20850.000000000095 4.403830294542629e-07
20900.000000000095 4.5815710458842293e-07
20950.000000000095 4.468857251046174e-07
21000.000000000095 4.5611364225559823e-07
21050.000000000095 4.4340058990751653e-07
21100.000000000095 4.4217534950110334e-07
21150.000000000095 4.474443535440697e-07
21200.000000000095 4.336155085540446e-07
21250.000000000095 4.3717084221678985e-07
21300.000000000095 4.1197885271183784e-07
21350.000000000095 4.1790632930976533e-07
21400.000000000095 3.956510694100421e-07
21450.000000000095 3.886101184121059e-07
21500.000000000095 3.8589580867638844e-07
21550.000000000095 3.727445375773765e-07
21600.000000000095 3.619548942443263e-07
21650.000000000095 3.4203266030883754e-07
21700.000000000095 3.4422152040007976e-07
21750.000000000095 3.21885521591855e-07
21800.000000000095 3.0001248217804056e-07
21850.000000000095 2.7450048154218433e-07
21900.000000000095 2.58842696862911e-07
21950.000000000095 1.9367540071930164e-07
22000.000000000095 1.4032829743233737e-07
22050.000000000095 1.0989229373417173e-07
22100.000000000095 1.4702580007078707e-07
22150.000000000095 1.6219593036694292e-07
22200.000000000095 1.638422362708647e-07
22250.000000000095 1.5353341701949553e-07
22300.000000000095 1.5001530207573308e-07
22350.000000000095 1.394618211305749e-07
22400.000000000095 1.234584195767597e-07
22450.000000000095 1.1212103941802974e-07
22500.000000000095 1.164225754299404e-07
22550.000000000095 9.229840052469221e-08
22600.000000000095 1.0479653124284375e-07
22650.000000000095 1.0496832490506042e-07
22700.000000000095 1.0239196272613676e-07
22750.000000000095 1.0354275626079258e-07
22800.000000000095 9.73226926988942e-08
22850.000000000095 8.699362356560694e-08
22900.000000000095 8.409714326439672e-08
22950.000000000095 8.272172277540042e-08
23000.000000000095 7.106932490877498e-08
23050.000000000095 9.330786177848939e-08
23100.000000000095 1.2201024352691106e-07
23150.000000000095 1.2119909471174177e-07
23200.000000000095 6.475661687309173e-08
23250.000000000095 6.711894134090844e-08
23300.000000000095 6.344660184697676e-08
23350.000000000095 5.606805501522929e-08
23400.000000000095 6.750592066376954e-08
23450.000000000095 6.419581617119678e-08
23500.000000000095 6.674961173908855e-08
23550.000000000095 8.738297168948333e-08
23600.000000000095 9.365662820533275e-08
23650.000000000095 1.0113395376609306e-07
23700.000000000095 6.619326919321936e-08
23750.000000000095 6.554234644334871e-08
23800.000000000095 7.354442792886786e-08
23850.000000000095 7.393887570582863e-08
23900.000000000095 1.0249044633119685e-07
23950.000000000095 1.0196897717158732e-07
24000.000000000095 1.26117272297757e-07
24050.000000000095 1.2723037301499459e-07
24100.000000000095 1.07490922856957e-07
24150.000000000095 1.2052442842424386e-07
24200.000000000095 1.3121920727004365e-07
24250.000000000095 1.1856365081072949e-07
24300.000000000095 1.272623762754357e-07
24350.000000000095 1.1279073248714481e-07
24400.000000000095 1.5045760556201195e-07
24450.000000000095 1.223058974384479e-07
24500.000000000095 1.3581330189594752e-07
24550.000000000095 1.305874701305588e-07
24600.000000000095 1.4138317444591262e-07
24650.000000000095 1.5943452119663407e-07
24700.000000000095 1.212228520057402e-07
24750.000000000095 1.118742369157843e-07
24800.000000000095 1.217458759671458e-07
24850.000000000095 1.6112927798567648e-07
24900.000000000095 8.567951342750815e-08
24950.000000000095 1.3659892152484046e-07
25000.000000000095 1.322494640639312e-07
25050.000000000095 9.370153035730797e-08
25100.000000000095 1.2149239945308036e-07
25150.000000000095 7.93288632531086e-08
25200.000000000095 1.0564860497308012e-07
25250.000000000095 7.38149290905896e-08
25300.000000000095 1.0023706515000524e-07
25350.000000000095 6.104750050491223e-08
25400.000000000095 1.0048041902220683e-07
25450.000000000095 6.779276925833363e-08
25500.000000000095 6.639885986176288e-08
25550.000000000095 8.216182425385492e-08
25600.000000000095 7.45341566243946e-08
25650.000000000095 5.248926007944256e-08
25700.000000000095 9.659191675357734e-08
25750.000000000095 5.2395842053601017e-08
25800.000000000095 9.56813334483647e-08
25850.000000000095 5.327174440136515e-08
25900.000000000095 7.608585632071276e-08
25950.000000000095 5.0444916522850654e-08
26000.000000000095 8.989316847725728e-08
26050.000000000095 6.874157478571287e-08
26100.000000000095 1.0662741645469012e-07
26150.000000000095 8.888025458388249e-08
26200.000000000095 9.497344348205303e-08
26250.000000000095 1.2450887761375899e-07
26300.000000000095 9.261371383876957e-08
26350.000000000095 1.3277996869135035e-07
26400.000000000095 1.4574097437701873e-07
26450.000000000095 1.4158785957687367e-07
26500.000000000095 1.360231240272085e-07
26550.000000000095 1.055511732247266e-07
26600.000000000095 1.2335638215737564e-07
26650.000000000095 6.89552088067586e-08
26700.000000000095 5.79947793911664e-08
26750.000000000095 5.210600837604021e-08
26800.000000000095 7.090999782721303e-08
26850.000000000095 4.309638670129527e-08
26900.000000000095 8.211971771911143e-08
26950.000000000095 4.5256242275984864e-08
27000.000000000095 9.304326672659912e-08
27050.000000000095 8.598884686977368e-08
27100.000000000095 6.682951680282523e-08
27150.000000000095 1.0623761413484836e-07
27200.000000000095 7.286561501033659e-08
27250.000000000095 8.131164272929311e-08
27300.000000000095 1.5485470165507148e-07
27350.000000000095 1.2082168988762613e-07
27400.000000000095 4.815587216052322e-08
27450.000000000095 1.4701676533071612e-07
27500.000000000095 1.470773969884664e-07
27550.000000000095 8.405896623088012e-08
27600.000000000095 1.3562670746019795e-07
27650.000000000095 6.965275515986578e-08
27700.000000000095 6.069415636641872e-08
27750.000000000095 1.3295521378839658e-07
27800.000000000095 7.418884415723505e-08
27850.000000000095 8.162234162978507e-08
27900.000000000095 1.0509161665691269e-07
27950.000000000095 1.2870297482601345e-07
28000.000000000095 1.1742387843161138e-07
28050.000000000095 5.92284872053096e-08
28100.000000000095 1.5038238765317747e-07
28150.000000000095 1.1011774065027633e-07
28200.000000000095 5.719020230002606e-08
28250.000000000095 1.4696175514806835e-07
28300.000000000095 1.8236149743601982e-07
28350.000000000095 6.335831000667146e-08
28400.000000000095 1.3317419918806025e-07
28450.000000000095 1.4853929317282535e-07
28500.000000000095 1.2547584861884892e-07
28550.000000000095 6.302041325674967e-08
28600.000000000095 1.6489032339878152e-07
28650.000000000095 1.4232463021277635e-07
28700.000000000095 1.232163306204125e-07
28750.000000000095 1.6161507582971633e-07
28800.000000000095 1.5063033290935957e-07
28850.000000000095 1.806009526165005e-07
28900.000000000095 9.487642357963921e-08
28950.000000000095 1.9873979924886588e-07
29000.000000000095 1.4307255019296994e-07
29050.000000000095 1.6859861242980234e-07
29100.000000000095 1.1194765316441464e-07
29150.000000000095 2.1388192945792363e-07
29200.000000000095 1.4621472064623837e-07
29250.000000000095 1.9331202941031272e-07
29300.000000000095 1.2449734716331051e-07
