galfind/configs/Brown_Dwarf_templates/sonora_cholla/logkzz4/1000g/1250K_1000g_logkzz4_resample.dat
# %ECSV 1.0
# ---
# datatype:
# - {name: wav, unit: Angstrom, datatype: float64}
# - {name: flux_nu, unit: erg / (cm2 Hz s), datatype: float64}
# schema: astropy-2.0
wav flux_nu
[from data line 775]
48750.000000000095 2.613481989912268e-07
48800.000000000095 4.074565218782209e-07
48850.000000000095 2.8572128175728524e-07
48900.000000000095 4.1372287936717337e-07
48950.000000000095 3.521320083619907e-07
49000.000000000095 3.21899846778908e-07
49050.000000000095 3.858254831121841e-07
49100.000000000095 2.980118511169808e-07
49150.000000000095 4.126355506948337e-07
49200.000000000095 3.147614877795398e-07
49250.000000000095 4.070281561731586e-07
49300.000000000095 3.3353361904438606e-07
49350.000000000095 3.5453834832978506e-07
49400.000000000095 4.090866209771183e-07
49450.000000000095 3.7176565124975317e-07
49500.000000000095 3.639647127292789e-07
49550.000000000095 2.5878024927142085e-07
49600.000000000095 3.7280166331279757e-07
49650.000000000095 3.5200341181692375e-07
49700.000000000095 3.13072164414058e-07
49750.000000000095 4.7642261081471617e-07
49800.000000000095 3.25217771342034e-07
49850.000000000095 4.991408166430333e-07
49900.000000000095 4.0114732837808873e-07
49950.000000000095 4.11866364794968e-07
50000.000000000095 4.6608894639443985e-07
50050.000000000095 4.1889550863414e-07
50100.000000000095 5.292106336754801e-07
50150.000000000095 3.356413068978247e-07
50200.000000000095 2.735480139325202e-07
50250.000000000095 4.7887571393713e-07
50300.000000000095 3.5590043696138414e-07
50350.000000000095 4.7609858242038925e-07
50400.000000000095 4.027826174815628e-07
50450.000000000095 4.0624577444083295e-07
50500.000000000095 5.03824461456399e-07
50550.000000000095 4.139773205524923e-07
50600.000000000095 4.591863252541024e-07
50650.000000000095 4.217664513280623e-07
50700.000000000095 5.733297116443016e-07
50750.000000000095 5.619961593940512e-07
50800.000000000095 3.360405802963909e-07
50850.000000000095 3.944801398526507e-07
50900.000000000095 5.296783460424298e-07
50950.000000000095 5.395231722943867e-07
51000.000000000095 5.438987820586639e-07
51050.000000000095 4.590615194141729e-07
51100.000000000095 3.5450431536513265e-07
51150.000000000095 4.1990580424697917e-07
51200.000000000095 5.351162746463889e-07
51250.000000000095 5.104174545883288e-07
51300.000000000095 3.550740435752622e-07
51350.000000000095 4.563592063948266e-07
51400.000000000095 3.8259479339731855e-07
51450.000000000095 3.383833948099485e-07
51500.000000000095 3.2684011925339614e-07
51550.000000000095 5.260018921596265e-07
51600.000000000095 3.607957529841377e-07
51650.000000000095 4.6761137392567683e-07
51700.000000000095 4.820845762882921e-07
51750.000000000095 3.509141098554939e-07
51800.000000000095 5.946729135345337e-07
51850.000000000095 4.847731038193395e-07
51900.000000000095 5.986556763003168e-07
51950.000000000095 5.225610569794279e-07
52000.000000000095 2.688647846730286e-07
52050.000000000095 3.9299747128902016e-07
52100.000000000095 3.78349019570048e-07
52150.000000000095 3.312306450313781e-07
52200.000000000095 3.3302415264689545e-07
52250.000000000095 3.757449491154331e-07
52300.000000000095 5.773781340621597e-07
52350.000000000095 4.579311203126491e-07
52400.000000000095 3.5252798059707996e-07
52450.000000000095 4.927613800979264e-07
52500.000000000095 4.5597815446489076e-07
52550.000000000095 4.899075247221268e-07
52600.000000000095 4.145509173828044e-07
52650.000000000095 4.664519738647218e-07
52700.000000000095 3.8599847782926095e-07
52750.000000000095 3.4511871443919426e-07
52800.000000000095 3.5469510318104476e-07
52850.000000000095 4.003205975940567e-07
52900.000000000095 3.506433915396073e-07
52950.000000000095 3.4401030017009935e-07
53000.000000000095 5.512429665551462e-07
53050.000000000095 2.99497150735963e-07
53100.000000000095 4.899303356440884e-07
53150.000000000095 5.826176134928733e-07
53200.000000000095 3.155411195867092e-07
53250.000000000095 5.265191894768035e-07
53300.000000000095 5.468273911506319e-07
53350.000000000095 5.194587724442267e-07
53400.000000000095 5.519884628470812e-07
53450.000000000095 3.2855062204831915e-07
53500.000000000095 2.4144916133403936e-07
53550.000000000095 3.3993694588789974e-07
53600.000000000095 4.21464144789988e-07
53650.000000000095 3.5559303189656834e-07
53700.000000000095 3.403369793760451e-07
53750.000000000095 3.514981075895917e-07
53800.000000000095 3.523986028681264e-07
53850.000000000095 4.424268006720584e-07
53900.000000000095 3.837367212838792e-07
53950.000000000095 5.167849074731195e-07
54000.000000000095 3.8632106714456294e-07
54050.000000000095 3.8079006258868543e-07
54100.000000000095 2.435505862084425e-07
54150.000000000095 3.286795741993997e-07
54200.000000000095 2.0413052234720664e-07
54250.000000000095 2.303284516094967e-07
54300.000000000095 3.1441204828968314e-07
54350.000000000095 4.041604369620098e-07
54400.000000000095 4.201348334732442e-07
54450.000000000095 3.7055432406892975e-07
54500.000000000095 3.2561080494121705e-07
54550.000000000095 2.863287848599677e-07
54600.000000000095 3.5487442025115294e-07
54650.000000000095 2.544246601258347e-07
54700.000000000095 4.141690991565431e-07
54750.000000000095 3.975840369991139e-07
54800.000000000095 3.096549791988543e-07
54850.000000000095 3.3862156063733935e-07
54900.000000000095 4.3013297253453293e-07
54950.000000000095 5.232722699539927e-07
55000.000000000095 2.964937927015587e-07
55050.000000000095 3.789918051121552e-07
55100.000000000095 3.3615370925797607e-07
55150.000000000095 3.101722836337321e-07
55200.000000000095 3.112627753285976e-07
55250.000000000095 3.234041402126767e-07
55300.000000000095 2.6337892793668254e-07
55350.000000000095 3.5485092707949325e-07
55400.000000000095 4.427874736663082e-07
55450.000000000095 3.518393804292523e-07
55500.000000000095 2.2139561471594233e-07
55550.000000000095 2.8865981282855895e-07
55600.000000000095 2.765517582152863e-07
55650.000000000095 2.2445820048919067e-07
55700.000000000095 2.9472909972934837e-07
55750.000000000095 3.376624149053595e-07
55800.000000000095 2.7504858718133125e-07
55850.000000000095 2.3557999777355364e-07
55900.000000000095 3.671636069175103e-07
55950.000000000095 4.6573625062764066e-07
56000.000000000095 2.507053048873305e-07
56050.000000000095 3.392959451110146e-07
56100.000000000095 3.669918888542513e-07
56150.000000000095 2.854053298527498e-07
56200.000000000095 3.166150055940901e-07
56250.000000000095 3.068776759533176e-07
56300.000000000095 3.4323840111668415e-07
56350.000000000095 3.694119595076823e-07
56400.000000000095 2.734461387272096e-07
56450.000000000095 2.478781515438888e-07
56500.000000000095 2.756801964643929e-07
56550.000000000095 2.092477849628463e-07
56600.000000000095 3.477107768567374e-07
56650.000000000095 3.1899593839489356e-07
56700.000000000095 3.8103791547090885e-07
56750.000000000095 2.3348465395771722e-07
56800.000000000095 3.666462316954062e-07
56850.000000000095 2.9365312769715825e-07
56900.000000000095 2.6601782815991877e-07
56950.000000000095 3.735026805259231e-07
57000.000000000095 3.9545151388017427e-07
57050.000000000095 3.000488436968715e-07
57100.000000000095 1.8310222018512328e-07
57150.000000000095 2.5604206942562293e-07
57200.000000000095 2.0182461493163438e-07
57250.000000000095 2.8129056224393556e-07
57300.000000000095 3.3177955617495693e-07
57350.000000000095 2.1542640552210311e-07
57400.000000000095 3.253788376710403e-07
57450.000000000095 3.147653458984755e-07
57500.000000000095 2.992476530788657e-07
57550.000000000095 3.5480833136557473e-07
57600.000000000095 3.8162902971093787e-07
57650.000000000095 1.907186513266948e-07
57700.000000000095 2.2734442594260387e-07
57750.000000000095 2.7277590499980297e-07
57800.000000000095 1.3466441334840856e-07
57850.000000000095 3.963458271263263e-07
57900.000000000095 4.55847018723458e-07
57950.000000000095 4.0159512969771793e-07
58000.000000000095 2.600762022182304e-07
58050.000000000095 3.214178461354138e-07
58100.000000000095 3.932512395844659e-07
58150.000000000095 3.2175596681979705e-07
58200.000000000095 2.020482581659574e-07
58250.000000000095 2.5646856042581033e-07
58300.000000000095 2.0503604669931463e-07
58350.000000000095 2.4193773501866527e-07
58400.000000000095 2.948916019781481e-07
58450.000000000095 3.1376781990178104e-07
58500.000000000095 2.87278092174364e-07
58550.000000000095 3.3068117331941365e-07
58600.000000000095 2.2507468730191976e-07
58650.000000000095 2.7542299095413604e-07
58700.000000000095 2.6264895631096095e-07
58750.000000000095 2.946228809522976e-07
58800.000000000095 1.8282836573623424e-07
58850.000000000095 2.657070311186767e-07
58900.000000000095 3.2304204846962003e-07
58950.000000000095 2.2459004684802158e-07
59000.000000000095 3.1080850955819615e-07
59050.000000000095 3.250783982804831e-07
59100.000000000095 3.8546506416644956e-07
59150.000000000095 3.0381294364564366e-07
59200.000000000095 3.087038186775544e-07
59250.000000000095 3.290751894451455e-07
59300.000000000095 3.1458015019356684e-07
59350.000000000095 2.0154637378396632e-07
59400.000000000095 1.6313994446134835e-07
59450.000000000095 2.7812791726983243e-07
59500.000000000095 1.9309780658398624e-07
59550.000000000095 3.45582718624261e-07
59600.000000000095 3.371752146698373e-07
59650.000000000095 3.1649012298695444e-07
59700.000000000095 2.2023454376809215e-07
59750.000000000095 4.0993877871524345e-07
59800.000000000095 2.8851385251475746e-07
59850.000000000095 3.5058473204292823e-07
59900.000000000095 2.0830286546058456e-07
59950.000000000095 3.0698384756292184e-07
60000.000000000095 4.524442720914734e-07
60050.000000000095 3.789303274087744e-07
60100.000000000095 4.0213945166240835e-07
60150.000000000095 3.0451444481166206e-07
60200.000000000095 3.3027273883856684e-07
60250.000000000095 3.7530389556926197e-07
60300.000000000095 3.502732857828843e-07
60350.000000000095 2.783623306652446e-07
60400.000000000095 3.419336877120873e-07
60450.000000000095 2.1650338584616006e-07
60500.000000000095 1.5473905629574837e-07
60550.000000000095 3.4885515397433703e-07
60600.000000000095 3.3413034325535705e-07
60650.000000000095 3.027627445356683e-07
60700.000000000095 2.7730507704094544e-07
60750.000000000095 2.419305248067437e-07
60800.000000000095 3.468784699173824e-07
60850.000000000095 4.6437131253432396e-07
60900.000000000095 4.083740011890227e-07
60950.000000000095 3.9285606929277733e-07
61000.000000000095 3.1546911271141314e-07
61050.000000000095 2.5715083786917906e-07
61100.000000000095 3.4128810649691534e-07
61150.000000000095 1.5684228709002645e-07
61200.000000000095 4.1284534158318974e-07
61250.000000000095 4.731751641541853e-07
61300.000000000095 4.158996213360637e-07
61350.000000000095 4.792515666812712e-07
61400.000000000095 3.7350065073314797e-07
61450.000000000095 2.812016610464963e-07
61500.000000000095 2.8226768829606626e-07
61550.000000000095 2.6932167805044084e-07
61600.000000000095 2.0518041944112608e-07
61650.000000000095 3.0800242769514937e-07
61700.000000000095 2.619613343837529e-07
61750.000000000095 3.151056421135449e-07
61800.000000000095 3.4918998227913564e-07
61850.000000000095 2.5824152219926607e-07
61900.000000000095 4.136074935036654e-07
61950.000000000095 4.007581263162018e-07
62000.000000000095 3.8143680916192763e-07
62050.000000000095 3.685176623938545e-07
62100.000000000095 4.072008943585179e-07
62150.000000000095 3.8517194606690514e-07
62200.000000000095 3.4314577197659634e-07
62250.000000000095 3.8106272641389316e-07
62300.000000000095 4.5961680141725354e-07
62350.000000000095 3.947750034425978e-07
62400.000000000095 2.622455536493587e-07
62450.000000000095 3.4725490993272585e-07
62500.000000000095 4.350513978439873e-07
62550.000000000095 4.048825554438011e-07
62600.000000000095 4.4799278350154866e-07
62650.000000000095 3.724454949241696e-07
62700.000000000095 4.0234093092049376e-07
62750.000000000095 4.777004077594407e-07
62800.000000000095 3.375396818952668e-07
62850.000000000095 4.3071747793651064e-07
62900.000000000095 3.5952748084465465e-07
62950.000000000095 4.305324088242285e-07
63000.000000000095 4.037739376418881e-07
63050.000000000095 4.972477692781215e-07
63100.000000000095 4.570352452353173e-07
63150.000000000095 3.3873315066064944e-07
63200.000000000095 4.377424954174548e-07
63250.000000000095 3.996743165161018e-07
63300.000000000095 4.6674874923736725e-07
63350.000000000095 4.063332282138486e-07
63400.000000000095 2.8389596256103615e-07
63450.000000000095 2.5405294450061263e-07
63500.000000000095 4.0312105177215674e-07
63550.000000000095 3.6606873422728653e-07
63600.000000000095 4.471695118225278e-07
63650.000000000095 3.368707216550589e-07
63700.000000000095 2.7239183452254103e-07
63750.000000000095 3.4137415265106803e-07
63800.000000000095 3.431367885317484e-07
63850.000000000095 3.484933483322265e-07
63900.000000000095 2.8071121351843476e-07
63950.000000000095 3.748856244238511e-07
64000.000000000095 4.053052986989478e-07
64050.000000000095 3.2335796045336863e-07
64100.000000000095 1.5334475851327605e-07
64150.000000000095 2.0016338826999085e-07
64200.000000000095 2.2976480889237508e-07
64250.000000000095 3.206106648323817e-07
64300.000000000095 2.626596090245313e-07
64350.000000000095 2.3610380529210362e-07
64400.000000000095 3.28226957940447e-07
64450.000000000095 3.3284737992619245e-07
64500.000000000095 2.2470923192853744e-07
64550.000000000095 3.11176434278049e-07
64600.000000000095 2.11371819471367e-07
64650.000000000095 2.9668931799157865e-07
64700.000000000095 1.854812131143948e-07
64750.000000000095 2.136719588877731e-07
64800.000000000095 2.179475190817864e-07
64850.000000000095 2.0662894921003812e-07
64900.000000000095 2.388006865962381e-07
64950.000000000095 2.1899081973537562e-07
65000.000000000095 2.5012488881372747e-07
65050.000000000095 2.4155560810137063e-07
65100.000000000095 2.873771969992425e-07
65150.000000000095 2.3235527082939787e-07
65200.000000000095 2.0434612428466943e-07
65250.000000000095 2.7554978382487336e-07
65300.000000000095 2.3890150003146763e-07
65350.000000000095 3.836439540391175e-07
65400.000000000095 2.3585159303428397e-07
65450.000000000095 2.4276054188064214e-07
65500.000000000095 2.6863532028719845e-07
65550.00000000009 2.054699056941187e-07
65600.00000000009 2.2899874708230982e-07
65650.00000000009 2.5093980667283266e-07
65700.00000000009 2.2084667245615958e-07
65750.00000000009 2.0363832036832006e-07
65800.00000000009 2.6169803090954516e-07
65850.00000000009 2.884203042080694e-07
65900.00000000009 2.0129992299633597e-07
65950.00000000009 1.5780804337568982e-07
66000.00000000009 2.259033817459895e-07
66050.00000000009 3.4884164250948107e-07
66100.00000000009 2.437540667153213e-07
66150.00000000009 1.8855504686501738e-07
66200.00000000009 1.925091195972326e-07
66250.00000000009 1.849275212764523e-07
66300.00000000009 1.1338036457465703e-07
66350.00000000009 1.6073508695697762e-07
66400.00000000009 1.883069573801059e-07
66450.00000000009 2.729381673777968e-07
66500.00000000009 3.500531894645791e-07
66550.00000000009 3.252255830586622e-07
66600.00000000009 2.588664087561802e-07
66650.00000000009 2.635656078436198e-07
66700.00000000009 2.3425442029115692e-07
66750.00000000009 2.181668776802702e-07
66800.00000000009 2.682689000496776e-07
66850.00000000009 2.0804186966757862e-07
66900.00000000009 2.710165974889541e-07
66950.00000000009 3.4238174013195734e-07
67000.00000000009 3.3902709339141814e-07
67050.00000000009 2.495379192705598e-07
67100.00000000009 2.2869638686806707e-07
67150.00000000009 2.2877734215733e-07
67200.00000000009 2.4095820726443984e-07
67250.00000000009 2.5201360393191813e-07
67300.00000000009 2.5871976028982525e-07
67350.00000000009 2.071418004000815e-07
67400.00000000009 3.2229155646194947e-07
67450.00000000009 2.683084903245979e-07
67500.00000000009 2.4563368263512455e-07
67550.00000000009 2.747878912470125e-07
67600.00000000009 4.049373557212075e-07
67650.00000000009 3.113831401980733e-07
67700.00000000009 2.6899555329720925e-07
67750.00000000009 2.4933823506305153e-07
67800.00000000009 3.009085374822752e-07
67850.00000000009 2.1449205845618594e-07
67900.00000000009 2.594765521366161e-07
67950.00000000009 1.8724833188920192e-07
68000.00000000009 2.3415072145128087e-07
