galfind/configs/Brown_Dwarf_templates/sonora_cholla/logkzz4/1000g/1300K_1000g_logkzz4_resample.dat
# %ECSV 1.0
# ---
# datatype:
# - {name: wav, unit: Angstrom, datatype: float64}
# - {name: flux_nu, unit: erg / (cm2 Hz s), datatype: float64}
# schema: astropy-2.0
wav flux_nu
[from data line 387]
29350.000000000095 4.2260048005248796e-07
29400.000000000095 2.7940613144009463e-07
29450.000000000095 2.6770046568885567e-07
29500.000000000095 2.924153222257486e-07
29550.000000000095 2.6785632186285686e-07
29600.000000000095 3.513546061851941e-07
29650.000000000095 2.79788844842033e-07
29700.000000000095 2.8048917409923786e-07
29750.000000000095 3.337213516517171e-07
29800.000000000095 3.650337741023164e-07
29850.000000000095 3.5446401896203046e-07
29900.000000000095 3.4018118834574883e-07
29950.000000000095 3.381037124204752e-07
30000.000000000095 3.4613067309022473e-07
30050.000000000095 2.8190770527919757e-07
30100.000000000095 3.079269290411243e-07
30150.000000000095 4.099816660338675e-07
30200.000000000095 3.201960975059889e-07
30250.000000000095 4.0247937471155966e-07
30300.000000000095 3.54840714839864e-07
30350.000000000095 3.3932569700579563e-07
30400.000000000095 3.7276099848129993e-07
30450.000000000095 3.1587091614478246e-07
30500.000000000095 3.066593781150942e-07
30550.000000000095 3.3281276476128843e-07
30600.000000000095 3.545650873447512e-07
30650.000000000095 3.3091590883051155e-07
30700.000000000095 2.973755128841544e-07
30750.000000000095 2.775203621730368e-07
30800.000000000095 2.8344327315217674e-07
30850.000000000095 2.60973545943112e-07
30900.000000000095 2.6700611276812726e-07
30950.000000000095 1.957418125713143e-07
31000.000000000095 2.308876614925339e-07
31050.000000000095 2.4982910584682616e-07
31100.000000000095 1.8048966181555917e-07
31150.000000000095 2.0958616384475262e-07
31200.000000000095 2.1721968838395118e-07
31250.000000000095 1.912235970411603e-07
31300.000000000095 1.8418530223960253e-07
31350.000000000095 1.7786762129006105e-07
31400.000000000095 1.410469914241206e-07
31450.000000000095 1.7910533204223365e-07
31500.000000000095 1.5331303655676607e-07
31550.000000000095 1.692632190285052e-07
31600.000000000095 1.3651350963824369e-07
31650.000000000095 1.4087749347520053e-07
31700.000000000095 1.4929966208105559e-07
31750.000000000095 1.2254054408020994e-07
31800.000000000095 1.3792506550977414e-07
31850.000000000095 1.2844905237277853e-07
31900.000000000095 1.2627275864390312e-07
31950.000000000095 1.3016244983065362e-07
32000.000000000095 1.2845440937413109e-07
32050.000000000095 1.1388502796818956e-07
32100.000000000095 1.06473470837776e-07
32150.000000000095 1.373608501411736e-07
32200.000000000095 1.0940280173061044e-07
32250.000000000095 1.3715760222383047e-07
32300.000000000095 1.0404207688281998e-07
32350.000000000095 1.685807522192981e-07
32400.000000000095 1.2676649633026644e-07
32450.000000000095 1.6611071487934883e-07
32500.000000000095 1.3574840580664689e-07
32550.000000000095 1.5649719846191203e-07
32600.000000000095 1.7778469225277527e-07
32650.000000000095 1.951937848678744e-07
32700.000000000095 1.7185729059417158e-07
32750.000000000095 2.157743753016464e-07
32800.000000000095 1.7949361962120563e-07
32850.000000000095 2.1979118207834783e-07
32900.000000000095 2.382993334198382e-07
32950.000000000095 2.4193964311362686e-07
33000.000000000095 2.2265559969185472e-07
33050.000000000095 2.0980664280101292e-07
33100.000000000095 1.454678237376455e-07
33150.000000000095 6.110092547044989e-08
33200.000000000095 6.170317166671212e-08
33250.000000000095 4.06897602451263e-08
33300.000000000095 4.347793527462894e-08
33350.000000000095 5.987669608768106e-08
33400.000000000095 7.594364862862415e-08
33450.000000000095 9.126669628591301e-08
33500.000000000095 1.1339461240441976e-07
33550.000000000095 1.1697847654194473e-07
33600.000000000095 1.56592108375984e-07
33650.000000000095 1.7389924044606842e-07
33700.000000000095 1.5972202743133186e-07
33750.000000000095 2.0407221247907482e-07
33800.000000000095 1.6038559763784682e-07
33850.000000000095 2.0404889079252974e-07
33900.000000000095 1.7923000504561512e-07
33950.000000000095 1.986850237167622e-07
34000.000000000095 2.0104619083186255e-07
34050.000000000095 1.2309424437395577e-07
34100.000000000095 1.9767178618126827e-07
34150.000000000095 1.5150574818537035e-07
34200.000000000095 1.7944404043317404e-07
34250.000000000095 1.6773455349654226e-07
34300.000000000095 1.352092297573044e-07
34350.000000000095 1.753884476101445e-07
34400.000000000095 1.5120887550546674e-07
34450.000000000095 1.907299981517868e-07
34500.000000000095 1.8165451927378315e-07
34550.000000000095 1.3355438535967428e-07
34600.000000000095 2.0311860976949835e-07
34650.000000000095 1.4635352673474776e-07
34700.000000000095 1.5858599770483568e-07
34750.000000000095 1.6939952564631472e-07
34800.000000000095 1.19468665526943e-07
34850.000000000095 1.728310195909276e-07
34900.000000000095 1.9082621902152312e-07
34950.000000000095 1.6341789827606118e-07
35000.000000000095 2.1789517198211648e-07
35050.000000000095 1.7035450035220128e-07
35100.000000000095 2.089811184446587e-07
35150.000000000095 1.9260158410003742e-07
35200.000000000095 2.3427247866712985e-07
35250.000000000095 2.6596607974159017e-07
35300.000000000095 1.7584373441840533e-07
35350.000000000095 2.3768204857428388e-07
35400.000000000095 2.369301364182273e-07
35450.000000000095 2.1019229055288225e-07
35500.000000000095 2.816948051682041e-07
35550.000000000095 2.602910251344683e-07
35600.000000000095 2.7209865903338714e-07
35650.000000000095 2.861614685417695e-07
35700.000000000095 2.092748050025239e-07
35750.000000000095 2.8890838940888683e-07
35800.000000000095 3.0463024965960425e-07
35850.000000000095 2.469867263793571e-07
35900.000000000095 3.308757515722641e-07
35950.000000000095 3.1029864976231837e-07
36000.000000000095 2.8737446729692715e-07
36050.000000000095 3.484118474870556e-07
36100.000000000095 3.1747615860976874e-07
36150.000000000095 3.52470917360643e-07
36200.000000000095 3.6802703299439347e-07
36250.000000000095 3.6068584310103863e-07
36300.000000000095 4.019059970567896e-07
36350.000000000095 4.0216271541933065e-07
36400.000000000095 4.4707933953637296e-07
36450.000000000095 4.415389147424426e-07
36500.000000000095 4.4663763896194995e-07
36550.000000000095 4.630909338002417e-07
36600.000000000095 5.075534770265898e-07
36650.000000000095 5.020145629490235e-07
36700.000000000095 5.358380344732363e-07
36750.000000000095 5.716883315674844e-07
36800.000000000095 5.617404094706927e-07
36850.000000000095 5.546450571592184e-07
36900.000000000095 5.394268544662893e-07
36950.000000000095 6.118184094995208e-07
37000.000000000095 5.850768535840758e-07
37050.000000000095 6.176005398720015e-07
37100.000000000095 6.230737420332277e-07
37150.000000000095 6.558275198467453e-07
37200.000000000095 6.790812511283524e-07
37250.000000000095 6.314176928178091e-07
37300.000000000095 6.479278801817597e-07
37350.000000000095 6.799445985051742e-07
37400.000000000095 7.590439806105535e-07
37450.000000000095 7.250137421376198e-07
37500.000000000095 6.93654824271799e-07
37550.000000000095 8.067818382623609e-07
37600.000000000095 8.399531128926356e-07
37650.000000000095 7.471897276366992e-07
37700.000000000095 8.159969100832451e-07
37750.000000000095 7.147765649942008e-07
37800.000000000095 8.132544373522512e-07
37850.000000000095 7.127459399754123e-07
37900.000000000095 8.123289739013281e-07
37950.000000000095 8.531110272537244e-07
38000.000000000095 9.029441732720957e-07
38050.000000000095 8.451284721553707e-07
38100.000000000095 8.939803899395794e-07
38150.000000000095 8.948268228783288e-07
38200.000000000095 9.499008567369968e-07
38250.000000000095 9.087333581900641e-07
38300.000000000095 9.902796055355524e-07
38350.000000000095 1.0198085038882047e-06
38400.000000000095 8.602829219401441e-07
38450.000000000095 9.930782677081305e-07
38500.000000000095 9.392416594764419e-07
38550.000000000095 1.0000013921581965e-06
38600.000000000095 1.0198586368559055e-06
38650.000000000095 1.0789860093751839e-06
38700.000000000095 1.083882289841496e-06
38750.000000000095 1.069100028241163e-06
38800.000000000095 1.0272740295639785e-06
38850.000000000095 1.1195609259573574e-06
38900.000000000095 1.0988063041523846e-06
38950.000000000095 1.0995820927135756e-06
39000.000000000095 1.172899815665745e-06
39050.000000000095 1.1405184357370773e-06
39100.000000000095 1.0675439129280751e-06
39150.000000000095 1.1558781787651065e-06
39200.000000000095 1.1144878531334847e-06
39250.000000000095 1.1838853505328454e-06
39300.000000000095 1.182586316408862e-06
39350.000000000095 1.2395130896473687e-06
39400.000000000095 1.2448617378260502e-06
39450.000000000095 1.2496396043076101e-06
39500.000000000095 1.1503806246549941e-06
39550.000000000095 1.2044022850680002e-06
39600.000000000095 1.2290709050721755e-06
39650.000000000095 1.271114967697779e-06
39700.000000000095 1.2268556184447317e-06
39750.000000000095 1.164633809651922e-06
39800.000000000095 1.2225234114287086e-06
39850.000000000095 1.2687381205015854e-06
39900.000000000095 1.2415037836887665e-06
39950.000000000095 1.2634354732655826e-06
40000.000000000095 1.2259605574959132e-06
40050.000000000095 1.2722059000133027e-06
40100.000000000095 1.2537134990939107e-06
40150.000000000095 1.3107700935835022e-06
40200.000000000095 1.3337233085497094e-06
40250.000000000095 1.1788540190597698e-06
40300.000000000095 1.2563947213196935e-06
40350.000000000095 1.228696301206789e-06
40400.000000000095 1.2798645899057563e-06
40450.000000000095 1.2688028112102033e-06
40500.000000000095 1.1414401214469697e-06
40550.000000000095 1.302623549719244e-06
40600.000000000095 1.1424328354371366e-06
40650.000000000095 1.3026867392758849e-06
40700.000000000095 1.3766778427265922e-06
40750.000000000095 1.2007318074515684e-06
40800.000000000095 1.1097896180912354e-06
40850.000000000095 1.2201559621964628e-06
40900.000000000095 1.1886613726456344e-06
40950.000000000095 1.201875495581876e-06
41000.000000000095 1.208623812708397e-06
41050.000000000095 1.2371343627672072e-06
41100.000000000095 1.1359150576181493e-06
41150.000000000095 1.1302142903115152e-06
41200.000000000095 1.210654815897791e-06
41250.000000000095 1.2065867562475935e-06
41300.000000000095 1.012602675367728e-06
41350.000000000095 1.2327581152322832e-06
41400.000000000095 1.1625084436718023e-06
41450.000000000095 1.193927080274313e-06
41500.000000000095 1.1670228214828985e-06
41550.000000000095 1.103456689169699e-06
41600.000000000095 1.1238632488110868e-06
41650.000000000095 1.1265792856115532e-06
41700.000000000095 1.0528798606040432e-06
41750.000000000095 1.0029470709050295e-06
41800.000000000095 1.2264525511021153e-06
41850.000000000095 8.111545367318133e-07
41900.000000000095 1.039177736683589e-06
41950.000000000095 1.1003254402754683e-06
42000.000000000095 1.0814178779578118e-06
42050.000000000095 9.392644813093514e-07
42100.000000000095 1.0538234377636014e-06
42150.000000000095 8.292850004844849e-07
42200.000000000095 9.082539757725726e-07
42250.000000000095 9.410315128203921e-07
42300.000000000095 9.069938689599705e-07
42350.000000000095 9.593589730407832e-07
42400.000000000095 8.7418531418742e-07
42450.000000000095 8.075157273410826e-07
42500.000000000095 8.116212327274577e-07
42550.000000000095 8.08876603637096e-07
42600.000000000095 9.201593312961426e-07
42650.000000000095 1.0295868337696085e-06
42700.000000000095 8.987926331271153e-07
42750.000000000095 8.220704818808201e-07
42800.000000000095 7.940584875209943e-07
42850.000000000095 8.976431923965623e-07
42900.000000000095 9.18759924891489e-07
42950.000000000095 7.09325280345998e-07
43000.000000000095 9.115878405641819e-07
43050.000000000095 6.483164276784266e-07
43100.000000000095 8.167702620618266e-07
43150.000000000095 8.545149174817345e-07
43200.000000000095 8.220458564903849e-07
43250.000000000095 8.510058396371203e-07
43300.000000000095 9.172729224857559e-07
43350.000000000095 7.314156851433011e-07
43400.000000000095 8.358542421320714e-07
43450.000000000095 7.090479923275018e-07
43500.000000000095 7.201468479004371e-07
43550.000000000095 6.730958469576123e-07
43600.000000000095 7.972582076825824e-07
43650.000000000095 5.832959478585902e-07
43700.000000000095 7.953004682508158e-07
43750.000000000095 8.002243802339879e-07
43800.000000000095 6.593866860065546e-07
43850.000000000095 6.862152802690073e-07
43900.000000000095 6.090594304426514e-07
43950.000000000095 6.13103216981176e-07
44000.000000000095 4.469182588143064e-07
44050.000000000095 5.793678884725712e-07
44100.000000000095 6.068486213580389e-07
44150.000000000095 6.041914173742159e-07
44200.000000000095 5.303155729742507e-07
44250.000000000095 5.139602664613245e-07
44300.000000000095 4.942708312703413e-07
44350.000000000095 4.1253402516876506e-07
44400.000000000095 4.526140090941815e-07
44450.000000000095 4.611887721629277e-07
44500.000000000095 3.807604174651904e-07
44550.000000000095 4.1613647175517104e-07
44600.000000000095 3.7268386456347333e-07
44650.000000000095 4.224166708427021e-07
44700.000000000095 3.982319099381396e-07
44750.000000000095 4.162703096046163e-07
44800.000000000095 3.9386350127098993e-07
44850.000000000095 3.765489830609554e-07
44900.000000000095 3.2821288981875284e-07
44950.000000000095 3.3411423333940305e-07
45000.000000000095 3.443252647559581e-07
45050.000000000095 3.5368225242080093e-07
45100.000000000095 3.2928005480252976e-07
45150.000000000095 3.150746611007489e-07
45200.000000000095 2.678252798961774e-07
45250.000000000095 2.8844624902699935e-07
45300.000000000095 3.227352413645971e-07
45350.000000000095 3.2553524264549325e-07
45400.000000000095 2.7119755393916727e-07
45450.000000000095 2.7237112878707674e-07
45500.000000000095 2.786771253366402e-07
45550.000000000095 3.1511025484352034e-07
45600.000000000095 2.7091896144956897e-07
45650.000000000095 2.657785438716025e-07
45700.000000000095 3.2187536725674696e-07
45750.000000000095 2.8665007228015963e-07
45800.000000000095 2.618298226555423e-07
45850.000000000095 3.565990103972818e-07
45900.000000000095 3.467204551743243e-07
45950.000000000095 2.746529642703889e-07
46000.000000000095 3.4001484455134537e-07
46050.000000000095 3.5646977521157686e-07
46100.000000000095 2.7353689206698077e-07
46150.000000000095 3.3543471657784957e-07
46200.000000000095 3.239723247949618e-07
46250.000000000095 2.2133123593674924e-07
46300.000000000095 3.7900984443836906e-07
46350.000000000095 2.8369254645150805e-07
46400.000000000095 3.281734894737421e-07
46450.000000000095 3.93945852081728e-07
46500.000000000095 3.261885251087641e-07
46550.000000000095 3.956751499516466e-07
46600.000000000095 3.895314440797345e-07
46650.000000000095 5.479546839371438e-07
46700.000000000095 4.465119915085127e-07
46750.000000000095 3.661384275868926e-07
46800.000000000095 3.292748256280494e-07
46850.000000000095 4.1599608289083307e-07
46900.000000000095 3.6773720628882454e-07
46950.000000000095 4.720103763123845e-07
47000.000000000095 3.1813646779594517e-07
47050.000000000095 4.806388080197538e-07
47100.000000000095 2.916234855346358e-07
47150.000000000095 3.5188183976279435e-07
47200.000000000095 3.9748596499663434e-07
47250.000000000095 3.1870483025898627e-07
47300.000000000095 3.5029907530686594e-07
47350.000000000095 2.8412817468572265e-07
47400.000000000095 4.211725845002239e-07
47450.000000000095 2.972337500051607e-07
47500.000000000095 4.4073773831897266e-07
47550.000000000095 3.016724749269945e-07
47600.000000000095 4.1643122544901156e-07
47650.000000000095 2.960638416124452e-07
47700.000000000095 3.969128841978205e-07
47750.000000000095 2.580852635482933e-07
47800.000000000095 3.8294248565071514e-07
47850.000000000095 2.2891765262490324e-07
47900.000000000095 3.627003234591456e-07
47950.000000000095 2.95277800305977e-07
48000.000000000095 4.5701493395078674e-07
48050.000000000095 3.2515380282703206e-07
48100.000000000095 4.072198031612361e-07
48150.000000000095 3.085297711461392e-07
48200.000000000095 4.1666883454913717e-07
48250.000000000095 3.3091261675881537e-07
48300.000000000095 4.915252449136167e-07
48350.000000000095 3.0662233130907805e-07
48400.000000000095 3.96825447949613e-07
48450.000000000095 2.788775687499044e-07
48500.000000000095 4.860127621674421e-07
48550.000000000095 2.8326546606362587e-07
48600.000000000095 4.403885061098438e-07
