galfind/configs/Brown_Dwarf_templates/sonora_cholla/logkzz4/1000g/500K_1000g_logkzz4_resample.dat
# %ECSV 1.0
# ---
# datatype:
# - {name: wav, unit: Angstrom, datatype: float64}
# - {name: flux_nu, unit: erg / (cm2 Hz s), datatype: float64}
# schema: astropy-2.0
wav flux_nu
[from data line 417]
23850.04800076804 4.04072689303812e-12
23900.04800076804 1.0014342542136621e-11
23950.04800076804 4.100653585749641e-12
24000.04800076804 1.1600319431294612e-11
24050.04800076804 1.2133824881121057e-11
24100.04800076804 1.5536191121686925e-11
24150.04800076804 2.3694189870353087e-11
24200.04800076804 1.8465882964641632e-11
24250.04800076804 1.1613523029991574e-11
24300.04800076804 3.151239842269869e-11
24350.04800076804 1.915082413005114e-11
24400.04800076804 4.9802595805018335e-11
24450.04800076804 4.8742976181175286e-11
24500.04800076804 4.060232854326006e-11
24550.04800076804 7.92623139737302e-11
24600.04800076804 9.488094544982276e-11
24650.04800076804 1.1738861254343625e-10
24700.04800076804 8.593099895873406e-11
24750.04800076804 1.1534328844700995e-10
24800.04800076804 9.514130180729658e-11
24850.04800076804 1.347200165799192e-10
24900.04800076804 5.3297951847949424e-11
24950.04800076804 1.031681560617995e-10
25000.04800076804 1.1786227906349386e-10
25050.04800076804 5.636424485990962e-11
25100.04800076804 9.794919459872883e-11
25150.04800076804 3.8640553724808143e-11
25200.04800076804 6.134380927067178e-11
25250.04800076804 1.94178615843172e-11
25300.04800076804 2.437775168416457e-11
25350.04800076804 9.592026552889075e-12
25400.04800076804 2.930529615524258e-11
25450.04800076804 7.246111416911847e-12
25500.04800076804 5.6588493115535364e-12
25550.04800076804 1.724112354205667e-11
25600.04800076804 6.913040860771562e-12
25650.04800076804 2.6398226920303526e-12
25700.04800076804 2.218074529290938e-12
25750.04800076804 6.883480947405066e-13
25800.04800076804 4.356878278484045e-12
25850.04800076804 5.434683525697112e-13
25900.04800076804 9.115892128780301e-13
25950.04800076804 1.658437760871411e-13
26000.04800076804 3.0647430238379658e-12
26050.04800076804 2.315059298797759e-13
26100.04800076804 1.794078659742075e-12
26150.04800076804 5.554018144631378e-13
26200.04800076804 8.096514702584578e-13
26250.04800076804 7.903514265989636e-12
26300.04800076804 8.656182776165153e-13
26350.04800076804 1.9837706460909697e-11
26400.04800076804 4.122784778392382e-11
26450.04800076804 1.5319967607887984e-11
26500.04800076804 5.1185463699768966e-11
26550.04800076804 3.213446009123325e-12
26600.04800076804 2.6276030126946568e-12
26650.04800076804 3.4361683677457265e-13
26700.04800076804 1.7519418892826458e-13
26750.04800076804 4.3258242276543953e-13
26800.04800076804 1.657309313710589e-12
26850.04800076804 1.0211110082360427e-12
26900.04800076804 5.566559083576794e-12
26950.04800076804 1.317973861460934e-12
27000.04800076804 9.144457077997685e-12
27050.04800076804 1.506708940313186e-11
27100.04800076804 8.07722197963429e-13
27150.04800076804 1.4805738085373466e-11
27200.04800076804 7.46833594720921e-13
27250.04800076804 3.3783437657308205e-12
27300.04800076804 4.9252641705677336e-11
27350.04800076804 1.0759939409605293e-11
27400.04800076804 4.362357276669305e-13
27450.04800076804 1.5826948063852286e-11
27500.04800076804 2.3914317798753975e-11
27550.04800076804 2.371071650282172e-12
27600.04800076804 9.065128155672584e-12
27650.04800076804 1.9003395009689816e-12
27700.04800076804 2.127817627828503e-12
27750.04800076804 1.596125435390456e-11
27800.04800076804 4.949326660741952e-12
27850.04800076804 8.859103931305547e-12
27900.04800076804 1.473413325271064e-11
27950.04800076804 3.277218890602291e-11
28000.04800076804 3.006841801771753e-11
28050.04800076804 2.898166690707588e-12
28100.04800076804 4.73202790009153e-11
28150.04800076804 3.083298671965583e-11
28200.04800076804 6.328702555534358e-12
28250.04800076804 6.863967262222905e-11
28300.04800076804 8.079639917844048e-11
28350.04800076804 7.665648494945517e-12
28400.04800076804 4.46683788434169e-11
28450.04800076804 1.1366153671058074e-10
28500.04800076804 4.015646155637831e-11
28550.04800076804 1.056460485735201e-11
28600.04800076804 8.100801962785357e-11
28650.04800076804 5.448056205018767e-11
28700.04800076804 7.166971999734805e-11
28750.04800076804 2.0253972319251257e-10
28800.04800076804 8.291863053770087e-11
28850.04800076804 1.6977490276616717e-10
28900.04800076804 8.710722633186667e-11
28950.04800076804 1.560544746625868e-10
29000.04800076804 9.794989304548619e-11
29050.04800076804 1.420614323004288e-10
29100.04800076804 7.140383120258638e-11
29150.04800076804 1.450539447902562e-10
29200.04800076804 2.415696419487249e-10
29250.04800076804 2.4756527205113565e-10
29300.04800076804 1.6052063801577997e-10
29350.04800076804 5.591787434858501e-10
29400.04800076804 1.43138321105375e-10
29450.04800076804 8.545958434101229e-11
29500.04800076804 5.071891169377991e-10
29550.04800076804 1.5563933306767347e-10
29600.04800076804 2.484389375981416e-10
29650.04800076804 7.337928789371652e-10
29700.04800076804 1.0191442935409091e-10
29750.04800076804 3.4421081686350185e-10
29800.04800076804 2.440861854048285e-10
29850.04800076804 7.142450290282176e-10
29900.04800076804 4.0441021493993085e-10
29950.04800076804 2.916802552397606e-10
30000.04800076804 1.1005624744945413e-11
30050.04800076804 6.61642012680491e-11
30100.04800076804 2.428321751912368e-10
30150.04800076804 6.670008074252194e-10
30200.04800076804 3.217940789573161e-10
30250.04800076804 9.246017920964332e-10
30300.04800076804 9.720295535554932e-10
30350.04800076804 1.9658788915292272e-10
30400.04800076804 1.0245717081306343e-09
30450.04800076804 7.38847601707653e-10
30500.04800076804 4.255167944878727e-10
30550.04800076804 3.048326215000618e-10
30600.04800076804 2.692107404374103e-09
30650.04800076804 1.1365206194233794e-09
30700.04800076804 5.923242674543175e-10
30750.04800076804 1.2360227730263627e-09
30800.04800076804 9.91321577427503e-10
30850.04800076804 1.1663659977034397e-09
30900.04800076804 7.395401491538592e-10
30950.04800076804 3.709504289734825e-10
31000.04800076804 6.699015523480282e-10
31050.04800076804 4.753644132372115e-10
31100.04800076804 2.3628132115604087e-10
31150.04800076804 4.559136038017124e-10
31200.04800076804 1.4140915594447097e-09
31250.04800076804 4.4516996473692764e-10
31300.04800076804 3.1545026889879564e-10
31350.04800076804 8.421708008325246e-10
31400.04800076804 4.2878334471201356e-10
31450.04800076804 5.160666733717805e-10
31500.04800076804 1.8681132852457338e-10
31550.04800076804 2.824824717194718e-10
31600.04800076804 2.365796304005121e-10
31650.04800076804 1.5935479386668915e-10
31700.04800076804 1.6166701109240366e-10
31750.04800076804 5.360621827444403e-11
31800.04800076804 1.3456660311529708e-10
31850.04800076804 2.2700052359425687e-11
31900.04800076804 6.557762726553379e-11
31950.04800076804 3.1941705324131056e-11
32000.04800076804 2.428137153685332e-11
32050.04800076804 2.7562941747687403e-11
32100.04800076804 2.1032773314106957e-11
32150.04800076804 2.3935152479729568e-11
32200.04800076804 1.1898959597360332e-11
32250.04800076804 2.7317616097512974e-11
32300.04800076804 7.896202438109844e-12
32350.04800076804 2.9967154800646655e-11
32400.04800076804 4.93714529351082e-12
32450.04800076804 1.9405894492663153e-11
32500.04800076804 4.994168894571441e-12
32550.04800076804 2.070841909887976e-11
32600.04800076804 4.904792535948793e-12
32650.04800076804 3.924900191988975e-11
32700.04800076804 7.86893309468052e-12
32750.04800076804 8.933693013502718e-11
32800.04800076804 4.3373462836619974e-11
32850.04800076804 1.867308090109355e-10
32900.04800076804 1.5075886999257795e-10
32950.04800076804 1.6672956897349442e-10
33000.04800076804 4.671436507159185e-11
33050.04800076804 4.892797757623472e-11
33100.04800076804 1.1139825789581265e-11
33150.04800076804 3.701549737358808e-15
33200.04800076804 5.815976436619504e-13
33250.04800076804 1.0447257745720824e-12
33300.04800076804 1.3717649518285731e-11
33350.04800076804 3.2465259222172e-11
33400.04800076804 1.0068123457146428e-10
33450.04800076804 3.118580501027724e-11
33500.04800076804 1.5020455057709123e-10
33550.04800076804 3.0596049923600956e-11
33600.04800076804 6.045017818750756e-11
33650.04800076804 7.053234437524657e-11
33700.04800076804 2.0737919254094234e-11
33750.04800076804 8.684734044196748e-11
33800.04800076804 8.807964466131288e-12
33850.04800076804 4.384985551285765e-11
33900.04800076804 4.5782692044868796e-11
33950.04800076804 4.227871899125618e-11
34000.04800076804 1.0404579000593943e-10
34050.04800076804 1.499860963981041e-11
34100.04800076804 8.393949484760391e-11
34150.04800076804 2.8873844817574556e-11
34200.04800076804 9.830541335980025e-11
34250.04800076804 5.1418090881532736e-11
34300.04800076804 5.397574799406139e-11
34350.04800076804 2.0031899460615466e-10
34400.04800076804 3.542020334472239e-11
34450.04800076804 1.5975884717308492e-10
34500.04800076804 7.204975881257286e-11
34550.04800076804 9.404199751723031e-11
34600.04800076804 4.230968003415195e-10
34650.04800076804 3.470356109005393e-11
34700.04800076804 2.4243710100439356e-10
34750.04800076804 1.2848378353888157e-10
34800.04800076804 1.010409567213772e-10
34850.04800076804 4.1333518298408903e-10
34900.04800076804 6.410340118955977e-11
34950.04800076804 3.675282171387927e-10
35000.04800076804 5.495724622738275e-10
35050.04800076804 3.472430978451672e-10
35100.04800076804 8.806360250330974e-10
35150.04800076804 7.494572567708894e-10
35200.04800076804 5.690474984779264e-10
35250.04800076804 9.643843755857254e-10
35300.04800076804 2.599088494298135e-10
35350.04800076804 3.7079071332103253e-10
35400.04800076804 2.449489161498289e-10
35450.04800076804 2.0689852710105421e-10
35500.04800076804 9.701782852131772e-10
35550.04800076804 5.41774408296887e-10
35600.04800076804 8.531362005470264e-10
35650.04800076804 9.957718217015695e-10
35700.04800076804 9.7106845996784e-10
35750.04800076804 1.5366078264225785e-09
35800.04800076804 6.700978246775782e-10
35850.04800076804 3.2185835721292897e-10
35900.04800076804 6.310220813685708e-10
35950.04800076804 1.0076411842983358e-09
36000.04800076804 7.946487723078886e-10
36050.04800076804 7.230192099302903e-10
36100.04800076804 6.770328316253771e-10
36150.04800076804 2.2902134430525145e-09
36200.04800076804 2.048446056392925e-09
36250.04800076804 1.2279029458481418e-09
36300.04800076804 3.154310765728017e-09
36350.04800076804 1.8165831303727636e-09
36400.04800076804 3.2429335527473398e-09
36450.04800076804 1.948968252377935e-09
36500.04800076804 2.097159679179648e-09
36550.04800076804 4.9404229949376785e-09
36600.04800076804 5.508563247732444e-09
36650.04800076804 2.927184273675214e-09
36700.04800076804 3.394748045350672e-09
36750.04800076804 5.292423868612807e-09
36800.04800076804 5.831051772399588e-09
36850.04800076804 2.4872927649684466e-09
36900.04800076804 3.5224220380415836e-09
36950.04800076804 6.054643285328096e-09
37000.04800076804 3.874490355482583e-09
37050.04800076804 6.46181062499708e-09
37100.04800076804 2.4934461700444345e-09
37150.04800076804 4.282811833362026e-09
37200.04800076804 8.197299977008002e-09
37250.04800076804 4.164169645795519e-09
37300.04800076804 2.759698032235255e-09
37350.04800076804 5.2929518501341465e-09
37400.04800076804 8.78406009473355e-09
37450.04800076804 3.010638981952219e-09
37500.04800076804 4.159901831362469e-09
37550.04800076804 1.148545257912549e-08
37600.04800076804 1.7220218575033054e-08
37650.04800076804 4.414186331234854e-09
37700.04800076804 8.385241214302905e-09
37750.04800076804 5.852485984013864e-09
37800.04800076804 6.2193195062348816e-09
37850.04800076804 3.351581360593467e-09
37900.04800076804 4.063812968411428e-09
37950.04800076804 7.00183354484088e-09
38000.04800076804 6.967909427944775e-09
38050.04800076804 1.0633586738962311e-08
38100.04800076804 1.4792372156888115e-08
38150.04800076804 1.6186669477047412e-08
38200.04800076804 1.1173607610364823e-08
38250.04800076804 1.5043962198435603e-08
38300.04800076804 2.7457824091366622e-08
38350.04800076804 1.963926669629586e-08
38400.04800076804 7.83175071576564e-09
38450.04800076804 3.366467670740987e-09
38500.04800076804 2.7753649962847693e-09
38550.04800076804 9.468110371204067e-09
38600.04800076804 1.1956513654468109e-08
38650.04800076804 1.2990231686997371e-08
38700.04800076804 1.2017083404062161e-08
38750.04800076804 1.3319118879916136e-08
38800.04800076804 1.0918038355464633e-08
38850.04800076804 1.4784211392811271e-08
38900.04800076804 1.589477474774346e-08
38950.04800076804 9.632894762311246e-09
39000.04800076804 1.8390457316229472e-08
39050.04800076804 8.855870445362049e-09
39100.04800076804 1.4038669276423898e-08
39150.04800076804 1.950956199132009e-08
39200.04800076804 1.4719962340006367e-08
39250.04800076804 1.969533794723333e-08
39300.04800076804 1.4884814758596637e-08
39350.04800076804 3.0372296743917205e-08
39400.04800076804 1.7504546163634494e-08
39450.04800076804 2.3639098420424276e-08
39500.04800076804 2.8176467025499993e-08
39550.04800076804 1.343554131006512e-08
39600.04800076804 2.1771466643420672e-08
39650.04800076804 3.654729482754103e-08
39700.04800076804 2.944160240371441e-08
39750.04800076804 1.1236853759300973e-08
39800.04800076804 1.2495745943983379e-08
39850.04800076804 3.612885395224648e-08
39900.04800076804 4.037752622204123e-08
39950.04800076804 1.9176205254639837e-08
40000.04800076804 3.444203527278643e-08
40050.04800076804 3.3417515556359784e-08
40100.04800076804 9.690522087503708e-09
40150.04800076804 3.0156381420289425e-08
40200.04800076804 3.716169167955741e-08
40250.04800076804 4.171899774513789e-08
40300.04800076804 3.8874705657053586e-08
40350.04800076804 1.7775043078883638e-08
40400.04800076804 3.139165510643162e-08
40450.04800076804 1.676679757777626e-08
40500.04800076804 4.016269395273561e-08
40550.04800076804 3.6790066388171974e-08
40600.04800076804 3.870901408477399e-08
40650.04800076804 2.6862378535738553e-08
40700.04800076804 5.638122853915492e-08
40750.04800076804 3.830591577662533e-08
40800.04800076804 1.98084156217012e-08
40850.04800076804 5.7278254639791494e-08
40900.04800076804 5.5386056639015627e-08
40950.04800076804 3.303306209164055e-08
41000.04800076804 3.923671295808619e-08
41050.04800076804 6.346255111559278e-08
41100.04800076804 4.778176713499461e-08
41150.04800076804 1.6473580154534813e-08
41200.04800076804 5.7394010005143516e-08
41250.04800076804 4.927804759673298e-08
41300.04800076804 5.513023689188509e-08
41350.04800076804 7.092401176114317e-08
41400.04800076804 5.474639043545481e-08
41450.04800076804 6.448089475879915e-08
41500.04800076804 3.739401653169502e-08
41550.04800076804 3.3611158094102554e-08
41600.04800076804 4.241317081183421e-08
41650.04800076804 6.40234693271783e-08
41700.04800076804 7.294949205300257e-08
41750.04800076804 5.881685591883646e-08
41800.04800076804 7.175949683580346e-08
41850.04800076804 4.789220146724014e-08
41900.04800076804 3.961100640488648e-08
41950.04800076804 4.9248958975805467e-08
42000.04800076804 4.3201715742909315e-08
42050.04800076804 4.1320512796678724e-08
42100.04800076804 5.599682940433693e-08
42150.04800076804 4.947611323735829e-08
42200.04800076804 5.332664509012165e-08
42250.04800076804 4.033039411626906e-08
42300.04800076804 3.532592461619442e-08
42350.04800076804 5.844444401519557e-08
42400.04800076804 6.83512824761749e-08
42450.04800076804 6.577824413995505e-08
42500.04800076804 6.714413647402188e-08
42550.04800076804 6.035139335576463e-08
42600.04800076804 5.324079723103774e-08
42650.04800076804 8.008103600346217e-08
42700.04800076804 3.823743460433787e-08
42750.04800076804 5.0745667411291796e-08
42800.04800076804 7.129066164156285e-08
42850.04800076804 7.673181988581164e-08
42900.04800076804 7.691587412668216e-08
42950.04800076804 5.813438623256218e-08
43000.04800076804 7.007078160928707e-08
43050.04800076804 3.367804401917586e-08
43100.04800076804 5.9417852618507325e-08
43150.04800076804 5.5147877358957696e-08
43200.04800076804 6.71869082772422e-08
43250.04800076804 9.92406568783406e-08
43300.04800076804 8.371344643276609e-08
43350.04800076804 4.5751634549804574e-08
43400.04800076804 6.574663626334224e-08
43450.04800076804 5.004487644985543e-08
43500.04800076804 5.112898264110422e-08
43550.04800076804 4.719960318300958e-08
43600.04800076804 7.848238401631639e-08
