galfind/configs/Brown_Dwarf_templates/sonora_cholla/logkzz4/1000g/500K_1000g_logkzz4_resample.dat
# %ECSV 1.0
# ---
# datatype:
# - {name: wav, unit: Angstrom, datatype: float64}
# - {name: flux_nu, unit: erg / (cm2 Hz s), datatype: float64}
# schema: astropy-2.0
wav flux_nu
3000.0480007680403 nan
3050.0480007680403 0.0
3100.0480007680403 0.0
3150.0480007680403 0.0
3200.0480007680403 0.0
3250.0480007680403 0.0
3300.0480007680403 0.0
3350.0480007680403 0.0
3400.0480007680403 0.0
3450.0480007680403 0.0
3500.0480007680403 0.0
3550.0480007680403 0.0
3600.0480007680403 0.0
3650.0480007680403 0.0
3700.0480007680403 0.0
3750.0480007680403 0.0
3800.0480007680403 0.0
3850.0480007680403 0.0
3900.0480007680403 0.0
3950.0480007680403 0.0
4000.0480007680403 0.0
4050.0480007680403 0.0
4100.04800076804 0.0
4150.04800076804 0.0
4200.04800076804 0.0
4250.04800076804 0.0
4300.04800076804 0.0
4350.04800076804 0.0
4400.04800076804 0.0
4450.04800076804 0.0
4500.04800076804 0.0
4550.04800076804 0.0
4600.04800076804 0.0
4650.04800076804 0.0
4700.04800076804 0.0
4750.04800076804 0.0
4800.04800076804 0.0
4850.04800076804 0.0
4900.04800076804 0.0
4950.04800076804 0.0
5000.04800076804 1.7895295228694106e-11
5050.04800076804 4.344371382272494e-11
5100.04800076804 4.9263623050002936e-11
5150.04800076804 5.7189074148491826e-11
5200.04800076804 6.641718895378536e-11
5250.04800076804 7.475658730057892e-11
5300.04800076804 8.429750596684997e-11
5350.04800076804 9.457064932824402e-11
5400.04800076804 1.0386697122657074e-10
5450.04800076804 1.1478907847620762e-10
5500.04800076804 1.2691515460884303e-10
5550.04800076804 1.4053110913421152e-10
5600.04800076804 1.531609114980696e-10
5650.04800076804 1.630376080999885e-10
5700.04800076804 1.6370762974890432e-10
5750.04800076804 1.6458526022015164e-10
5800.04800076804 1.5002009847726215e-10
5850.04800076804 1.1367473945003075e-10
5900.04800076804 2.6499683028714706e-11
5950.04800076804 5.0328911228060255e-11
6000.04800076804 1.8424151684499943e-10
6050.04800076804 3.0972176772567804e-10
6100.04800076804 4.3911962078807786e-10
6150.04800076804 5.627013175062878e-10
6200.04800076804 6.826263881151444e-10
6250.04800076804 7.882719326529483e-10
6300.04800076804 9.180748678191902e-10
6350.04800076804 1.0570660420031782e-09
6400.04800076804 1.1797896464617544e-09
6450.04800076804 1.1588479512910541e-09
6500.04800076804 1.2633210121476536e-09
6550.04800076804 1.4503765066337853e-09
6600.04800076804 1.6201251028894475e-09
6650.04800076804 1.870852513386117e-09
6700.04800076804 2.198133713213408e-09
6750.04800076804 2.4937900113150275e-09
6800.04800076804 2.7604222092859826e-09
6850.04800076804 3.042461821946958e-09
6900.04800076804 2.6470117373937924e-09
6950.04800076804 2.2476490337092836e-09
7000.04800076804 2.700308280625117e-09
7050.04800076804 2.5488410122233517e-09
7100.04800076804 2.586882935407448e-09
7150.04800076804 1.6060616814635943e-09
7200.04800076804 1.0289436741481002e-09
7250.04800076804 1.282752231594998e-09
7300.04800076804 1.2549410014007012e-09
7350.04800076804 1.5300287988663738e-09
7400.04800076804 1.9268811808668983e-09
7450.04800076804 2.457700322097567e-09
7500.04800076804 2.78183760853218e-09
7550.04800076804 3.0926275365208524e-09
7600.04800076804 3.3384813488361063e-09
7650.04800076804 3.386219441927052e-09
7700.04800076804 2.1301616196553566e-09
7750.04800076804 8.213684075459891e-10
7800.04800076804 2.7300129782967555e-09
7850.04800076804 2.7333035617445626e-09
7900.04800076804 2.835158736651625e-09
7950.04800076804 3.082476111183941e-09
8000.04800076804 3.2077688557707974e-09
8050.04800076804 3.2917903191530287e-09
8100.04800076804 1.871381723422713e-09
8150.04800076804 1.163686352766114e-09
8200.04800076804 2.4066231014295623e-09
8250.04800076804 2.3049802543379056e-09
8300.04800076804 2.4534537274788076e-09
8350.04800076804 2.339851275903113e-09
8400.04800076804 2.4827730350726514e-09
8450.04800076804 2.9858868577566187e-09
8500.04800076804 3.386795612432e-09
8550.04800076804 4.056418311039197e-09
8600.04800076804 5.070760606918822e-09
8650.04800076804 5.864273155556355e-09
8700.04800076804 6.050707190005041e-09
8750.04800076804 6.5512181523403515e-09
8800.04800076804 6.123771953503899e-09
8850.04800076804 4.066639202985933e-09
8900.04800076804 7.778557355401164e-10
8950.04800076804 3.90471075584283e-10
9000.04800076804 3.892090232999433e-10
9050.04800076804 1.7463201869021642e-09
9100.04800076804 1.7618882147138253e-09
9150.04800076804 1.5039689999105243e-09
9200.04800076804 2.0667097388678353e-09
9250.04800076804 1.2153934971460467e-09
9300.04800076804 8.829497227419579e-12
9350.04800076804 1.8994851662557782e-11
9400.04800076804 1.756946375003105e-10
9450.04800076804 8.530672859733793e-11
9500.04800076804 6.494613231589762e-11
9550.04800076804 6.332579789237077e-11
9600.04800076804 8.224252690937572e-11
9650.04800076804 1.6208989175794542e-10
9700.04800076804 5.020798883879495e-10
9750.04800076804 4.952961332546052e-10
9800.04800076804 6.667257318136385e-10
9850.04800076804 9.072421758914775e-10
9900.04800076804 1.3476167539352675e-09
9950.04800076804 1.4475790749176945e-09
10000.04800076804 1.802953255787491e-09
10050.04800076804 1.6953778965975844e-09
10100.04800076804 1.7946232970913585e-09
10150.04800076804 1.5453444272191719e-09
10200.04800076804 1.2634086689200406e-09
10250.04800076804 1.4587107655750394e-09
10300.04800076804 1.7626602921153697e-09
10350.04800076804 1.3897968795683898e-09
10400.04800076804 1.8050772376604777e-09
10450.04800076804 2.0428480749198773e-09
10500.04800076804 2.1949076094634048e-09
10550.04800076804 2.36627500992273e-09
10600.04800076804 2.3492230875997094e-09
10650.04800076804 2.2323133098314663e-09
10700.04800076804 1.9983107844637876e-09
10750.04800076804 1.8743045147164396e-09
10800.04800076804 1.7052188206493897e-09
10850.04800076804 1.5088844884316124e-09
10900.04800076804 1.226736547546325e-09
10950.04800076804 7.023869029468195e-10
11000.04800076804 3.716029069425584e-10
11050.04800076804 1.4685790928792086e-10
11100.04800076804 5.1467529600755965e-11
11150.04800076804 1.5517196527952e-11
11200.04800076804 1.1234332301188455e-11
11250.04800076804 1.719371356170456e-11
11300.04800076804 2.923531097188678e-11
11350.04800076804 8.45892960657143e-12
11400.04800076804 5.8093541688732335e-11
11450.04800076804 2.5166810150608063e-11
11500.04800076804 2.7189172537122983e-11
11550.04800076804 7.321125529959148e-12
11600.04800076804 3.5544419696520547e-12
11650.04800076804 1.7328488693100764e-11
11700.04800076804 2.616507541988579e-11
11750.04800076804 1.0419162829947379e-11
11800.04800076804 5.686948479432966e-11
11850.04800076804 8.49838778759218e-11
11900.04800076804 1.1123947646260677e-10
11950.04800076804 1.7893098178125654e-10
12000.04800076804 2.6867325188464703e-10
12050.04800076804 3.9504994276184795e-10
12100.04800076804 4.943553979744465e-10
12150.04800076804 6.622403715352005e-10
12200.04800076804 7.720712242601594e-10
12250.04800076804 1.0097843121917912e-09
12300.04800076804 1.3868718746223974e-09
12350.04800076804 1.5969894067740237e-09
12400.04800076804 2.09805394100048e-09
12450.04800076804 2.6768663700130217e-09
12500.04800076804 3.0794530386446526e-09
12550.04800076804 3.4799537668468378e-09
12600.04800076804 4.2168549838727e-09
12650.04800076804 4.905624488755901e-09
12700.04800076804 5.236615634788381e-09
12750.04800076804 4.465617909235032e-09
12800.04800076804 3.643548905218151e-09
12850.04800076804 2.5875560824402155e-09
12900.04800076804 2.0326090339592137e-09
12950.04800076804 1.6010323750957343e-09
13000.04800076804 1.7592325594792925e-09
13050.04800076804 1.1893799832261911e-09
13100.04800076804 1.195932975802156e-09
13150.04800076804 7.300783155232526e-10
13200.04800076804 7.736633730428793e-10
13250.04800076804 5.772336551994577e-10
13300.04800076804 1.881420641778239e-10
13350.04800076804 6.948359884143567e-11
13400.04800076804 1.1239793682619675e-11
13450.04800076804 1.964800536023584e-12
13500.04800076804 4.590527612962589e-13
13550.04800076804 7.284947252605282e-14
13600.04800076804 1.3797482733890172e-14
13650.04800076804 1.389948441078577e-13
13700.04800076804 6.289022930217851e-14
13750.04800076804 4.5335966241078915e-13
13800.04800076804 4.739779657663144e-13
13850.04800076804 1.0153246240034749e-13
13900.04800076804 2.5626490889060605e-13
13950.04800076804 2.2458406494663853e-13
14000.04800076804 4.127113697480559e-13
14050.04800076804 5.73007316348888e-13
14100.04800076804 4.865910127027653e-13
14150.04800076804 1.4976457267477572e-12
14200.04800076804 9.978798497093255e-13
14250.04800076804 1.6333757241420893e-12
14300.04800076804 7.737739363275321e-12
14350.04800076804 5.662546671360106e-12
14400.04800076804 5.562224025081559e-12
14450.04800076804 1.3760604451863898e-11
14500.04800076804 3.422443985149453e-11
14550.04800076804 4.224822937457684e-11
14600.04800076804 1.0067691409381638e-10
14650.04800076804 4.9408510900230684e-11
14700.04800076804 2.1010623719568966e-11
14750.04800076804 1.9292882632625676e-11
14800.04800076804 1.9230227905140895e-11
14850.04800076804 2.2136300136508318e-11
14900.04800076804 2.3408379020258204e-11
14950.04800076804 2.4633817052333433e-11
15000.04800076804 6.245854416023777e-11
15050.04800076804 7.901325705594112e-11
15100.04800076804 4.5482057700165536e-11
15150.04800076804 2.5731369500306516e-11
15200.04800076804 6.833787261455203e-11
15250.04800076804 1.4481225540451182e-10
15300.04800076804 1.945928730244322e-10
15350.04800076804 2.4913945398667855e-10
15400.04800076804 3.2443616537664273e-10
15450.04800076804 4.282396886489545e-10
15500.04800076804 5.856673988745402e-10
15550.04800076804 8.913263869328127e-10
15600.04800076804 1.3271166221944691e-09
15650.04800076804 1.966327648746511e-09
15700.04800076804 2.7704096127902286e-09
15750.04800076804 3.2998654071659015e-09
15800.04800076804 3.8340996622087864e-09
15850.04800076804 4.420299704520862e-09
15900.04800076804 4.412286044166705e-09
15950.04800076804 4.5006984233546735e-09
16000.04800076804 3.818726286932322e-09
16050.04800076804 2.6578053754493718e-09
16100.04800076804 1.6086744963729546e-09
16150.04800076804 8.143108782692517e-10
16200.04800076804 3.437361425300514e-10
16250.04800076804 1.9327187807547347e-10
16300.04800076804 1.1436530959512462e-10
16350.04800076804 1.3012255039403516e-10
16400.04800076804 1.5517838693161225e-10
16450.04800076804 1.647788750978588e-10
16500.04800076804 1.4640247886893726e-10
16550.04800076804 1.5570547746184147e-10
16600.04800076804 3.350585993293883e-10
16650.04800076804 1.9417869437230087e-10
16700.04800076804 2.7781027938233172e-11
16750.04800076804 1.2534598585580532e-10
16800.04800076804 1.8093523832734034e-10
16850.04800076804 1.7196966397903871e-10
16900.04800076804 7.68310813787371e-11
16950.04800076804 5.4313139622266766e-11
17000.04800076804 2.6136624355910578e-11
17050.04800076804 5.214736536299291e-11
17100.04800076804 9.450852873899716e-11
17150.04800076804 5.744430010817779e-11
17200.04800076804 1.8596903299573967e-10
17250.04800076804 6.813013780478162e-11
17300.04800076804 4.837359234100271e-11
17350.04800076804 6.454089633481093e-11
17400.04800076804 1.1016182710957354e-10
17450.04800076804 1.3863663021858246e-10
17500.04800076804 1.9479886167727217e-10
17550.04800076804 1.455088135972135e-10
17600.04800076804 1.2711631066126395e-10
17650.04800076804 8.311827421167154e-11
17700.04800076804 7.339619008165065e-11
17750.04800076804 4.950506615424098e-11
17800.04800076804 8.978892793336706e-11
17850.04800076804 4.447621536851534e-11
17900.04800076804 3.024405066701583e-11
17950.04800076804 1.5904350610620203e-11
18000.04800076804 3.2339704943359524e-11
18050.04800076804 1.2356084339598628e-11
18100.04800076804 1.3225982194866783e-11
18150.04800076804 9.424129395434264e-12
18200.04800076804 5.493691428303148e-12
18250.04800076804 2.62603180670302e-11
18300.04800076804 2.934439370507163e-12
18350.04800076804 2.502689684685819e-12
18400.04800076804 1.350765853219408e-12
18450.04800076804 1.3450214126843596e-11
18500.04800076804 1.2826306171679305e-11
18550.04800076804 4.697430741755073e-12
18600.04800076804 8.35322691471662e-12
18650.04800076804 4.878862019664706e-12
18700.04800076804 5.568033132680917e-13
18750.04800076804 1.5011710261307776e-12
18800.04800076804 2.6964430488211957e-11
18850.04800076804 2.2335447105589207e-11
18900.04800076804 2.320713170039523e-11
18950.04800076804 4.0042300566795964e-11
19000.04800076804 5.8210303990066176e-12
19050.04800076804 2.7659728534250045e-12
19100.04800076804 1.0995484744283055e-11
19150.04800076804 4.142427304385527e-12
19200.04800076804 1.1480880362187739e-11
19250.04800076804 7.786223132666384e-12
19300.04800076804 3.998866188722799e-12
19350.04800076804 5.466430621708534e-12
19400.04800076804 3.699883992554598e-12
19450.04800076804 6.461430498354672e-12
19500.04800076804 6.8078534193478194e-12
19550.04800076804 9.357232664075725e-12
19600.04800076804 1.9043776289181594e-11
19650.04800076804 1.7976909006983832e-11
19700.04800076804 2.5491231018059864e-11
19750.04800076804 3.60794451578371e-11
19800.04800076804 2.561304536069822e-11
19850.04800076804 3.420606284661892e-11
19900.04800076804 4.93100569090056e-11
19950.04800076804 5.8180812867108165e-11
20000.04800076804 6.451210732253969e-11
20050.04800076804 5.551532582658716e-11
20100.04800076804 8.560072229476339e-11
20150.04800076804 5.93759846028448e-11
20200.04800076804 4.616256999518816e-11
20250.04800076804 7.756629701110888e-11
20300.04800076804 8.235062199007296e-11
20350.04800076804 8.912960203557601e-11
20400.04800076804 8.330192937615489e-11
20450.04800076804 1.2299734756473085e-10
20500.04800076804 1.283766512130047e-10
20550.04800076804 1.3288797095005048e-10
20600.04800076804 1.3797853686872114e-10
20650.04800076804 1.430044495854039e-10
20700.04800076804 1.435108908726151e-10
20750.04800076804 1.4458526090215168e-10
20800.04800076804 1.3734285427535793e-10
20850.04800076804 1.4094124713330495e-10
20900.04800076804 1.389198556622879e-10
20950.04800076804 1.3339240334068443e-10
21000.04800076804 1.2883656877382847e-10
21050.04800076804 1.2927576578265896e-10
21100.04800076804 1.2604541858875485e-10
21150.04800076804 1.254039152440928e-10
21200.04800076804 1.2263228848379328e-10
21250.04800076804 1.2007436682321429e-10
21300.04800076804 1.1369320857937364e-10
21350.04800076804 1.1047739459152387e-10
21400.04800076804 1.1394574755839799e-10
21450.04800076804 9.71971329614453e-11
21500.04800076804 9.395455007093928e-11
21550.04800076804 9.203412157345197e-11
21600.04800076804 8.608159017170883e-11
21650.04800076804 7.533991564611736e-11
21700.04800076804 7.569379609641022e-11
21750.04800076804 7.602008529415771e-11
21800.04800076804 6.143756468106884e-11
21850.04800076804 5.5949493404867256e-11
21900.04800076804 4.6541380085680883e-11
21950.04800076804 2.104287551487119e-11
22000.04800076804 2.375962885428635e-12
22050.04800076804 4.664298977285045e-12
22100.04800076804 1.9089041253764214e-11
22150.04800076804 1.288056741884756e-11
22200.04800076804 1.0683290315663224e-11
22250.04800076804 9.383632679366268e-12
22300.04800076804 4.364972862370504e-12
22350.04800076804 5.680897173349079e-12
22400.04800076804 2.159473030331957e-12
22450.04800076804 3.0551151380645613e-12
22500.04800076804 2.806107062281237e-12
22550.04800076804 1.290113140882078e-12
22600.04800076804 1.2723585106137249e-12
22650.04800076804 2.4266969071724564e-12
22700.04800076804 1.8721060323310743e-12
22750.04800076804 2.1846236976896152e-12
22800.04800076804 3.4346992720078756e-12
22850.04800076804 2.3712473901958952e-12
22900.04800076804 1.4019991491331212e-12
22950.04800076804 8.44094196283672e-13
23000.04800076804 1.2869077575760365e-12
23050.04800076804 1.3393575349317173e-12
23100.04800076804 1.3651037124897755e-11
23150.04800076804 1.254217683459842e-11
23200.04800076804 3.4536370221361566e-13
23250.04800076804 2.0181666343285606e-12
23300.04800076804 2.1304122801106467e-12
23350.04800076804 1.8984968169101367e-12
23400.04800076804 1.898562296812075e-12
23450.04800076804 7.571049259446932e-13
23500.04800076804 9.02956773914324e-13
23550.04800076804 2.2884772548714124e-12
23600.04800076804 5.86923059922988e-12
23650.04800076804 6.3970988368903885e-12
23700.04800076804 8.058627879761163e-13
23750.04800076804 1.3558388705651666e-12
