galfind/configs/Brown_Dwarf_templates/sonora_cholla/logkzz4/1000g/550K_1000g_logkzz4_resample.dat
# %ECSV 1.0
# ---
# datatype:
# - {name: wav, unit: Angstrom, datatype: float64}
# - {name: flux_nu, unit: erg / (cm2 Hz s), datatype: float64}
# schema: astropy-2.0
wav flux_nu
[from data line 418]
23900.04800076804 3.866315676120186e-11
23950.04800076804 1.8177773387667693e-11
24000.04800076804 4.497120944416449e-11
24050.04800076804 4.7323560754779766e-11
24100.04800076804 5.469681307106983e-11
24150.04800076804 8.220943939512186e-11
24200.04800076804 6.627431478750301e-11
24250.04800076804 4.2529832107450976e-11
24300.04800076804 1.0683534937430486e-10
24350.04800076804 6.461672193760637e-11
24400.04800076804 1.604286978270596e-10
24450.04800076804 1.5395405642541592e-10
24500.04800076804 1.311785397580839e-10
24550.04800076804 2.403831163102052e-10
24600.04800076804 2.7939314827534194e-10
24650.04800076804 3.397810623687671e-10
24700.04800076804 2.426352593545651e-10
24750.04800076804 3.1325653162269004e-10
24800.04800076804 2.5996568608929036e-10
24850.04800076804 3.877519686990255e-10
24900.04800076804 1.4420033930548372e-10
24950.04800076804 2.941904553425903e-10
25000.04800076804 3.099944612397947e-10
25050.04800076804 1.524665218543442e-10
25100.04800076804 2.6569790765294534e-10
25150.04800076804 1.083532670306353e-10
25200.04800076804 1.6664107546588152e-10
25250.04800076804 5.540252940989391e-11
25300.04800076804 7.57913857999106e-11
25350.04800076804 2.979297577141676e-11
25400.04800076804 8.974401806936687e-11
25450.04800076804 2.5468903550785814e-11
25500.04800076804 2.017493442390787e-11
25550.04800076804 5.422509159664271e-11
25600.04800076804 2.3978138848081365e-11
25650.04800076804 1.0072185107753095e-11
25700.04800076804 1.0530223792741125e-11
25750.04800076804 3.4038027564912026e-12
25800.04800076804 1.9609948159485585e-11
25850.04800076804 2.8779244792882857e-12
25900.04800076804 4.828894733370731e-12
25950.04800076804 1.079185166199086e-12
26000.04800076804 1.5322996199252655e-11
26050.04800076804 1.5274164290770643e-12
26100.04800076804 1.0313735512641314e-11
26150.04800076804 3.6137617725620135e-12
26200.04800076804 4.998157353951547e-12
26250.04800076804 4.077555010300407e-11
26300.04800076804 5.913555343436572e-12
26350.04800076804 8.18355423316725e-11
26400.04800076804 1.467169673109063e-10
26450.04800076804 6.463801748925938e-11
26500.04800076804 1.836236361246304e-10
26550.04800076804 1.5865157309671992e-11
26600.04800076804 1.4033093400962838e-11
26650.04800076804 2.20071206328121e-12
26700.04800076804 1.1696357828264474e-12
26750.04800076804 2.339697303310305e-12
26800.04800076804 7.2442831855542e-12
26850.04800076804 4.605421625032594e-12
26900.04800076804 2.2889144274094198e-11
26950.04800076804 6.434382464321237e-12
27000.04800076804 3.88376957784868e-11
27050.04800076804 5.5502574034061025e-11
27100.04800076804 4.8259927731067675e-12
27150.04800076804 6.41140594742937e-11
27200.04800076804 4.406604345220039e-12
27250.04800076804 1.657488945203894e-11
27300.04800076804 1.8079665678202632e-10
27350.04800076804 4.625062045301252e-11
27400.04800076804 2.3207551370068226e-12
27450.04800076804 6.425137394185214e-11
27500.04800076804 9.527621047056655e-11
27550.04800076804 1.0734949086780696e-11
27600.04800076804 3.6263478489223104e-11
27650.04800076804 8.705016430583553e-12
27700.04800076804 8.884688321115609e-12
27750.04800076804 5.840803102689325e-11
27800.04800076804 1.942259331200061e-11
27850.04800076804 3.0819924488539085e-11
27900.04800076804 4.796943259048009e-11
27950.04800076804 1.1178578534841713e-10
28000.04800076804 9.117712418100167e-11
28050.04800076804 1.1538776463715171e-11
28100.04800076804 1.466164249281385e-10
28150.04800076804 9.251851013491479e-11
28200.04800076804 2.2419278313139343e-11
28250.04800076804 2.0416770659857582e-10
28300.04800076804 2.5125172250639256e-10
28350.04800076804 2.7257713240020507e-11
28400.04800076804 1.3849661991929948e-10
28450.04800076804 3.3211977527591526e-10
28500.04800076804 1.2862769400463107e-10
28550.04800076804 3.425132147270594e-11
28600.04800076804 2.482104895108182e-10
28650.04800076804 1.9088846307572637e-10
28700.04800076804 2.0756918354452195e-10
28750.04800076804 5.608511989815942e-10
28800.04800076804 2.9251758637893695e-10
28850.04800076804 4.6033787296114116e-10
28900.04800076804 2.3156892155237984e-10
28950.04800076804 5.04960136021983e-10
29000.04800076804 3.379862792006438e-10
29050.04800076804 4.2860525901084363e-10
29100.04800076804 2.6541668802473616e-10
29150.04800076804 5.524617653152099e-10
29200.04800076804 6.221790148390496e-10
29250.04800076804 7.536026342091146e-10
29300.04800076804 4.454021492347556e-10
29350.04800076804 1.7743472053975348e-09
29400.04800076804 4.075765854725229e-10
29450.04800076804 3.3800490561913833e-10
29500.04800076804 1.4019757230272628e-09
29550.04800076804 5.20358282573231e-10
29600.04800076804 8.479315135009913e-10
29650.04800076804 1.899698129213677e-09
29700.04800076804 3.449730679330267e-10
29750.04800076804 9.886548183962774e-10
29800.04800076804 7.974151500458727e-10
29850.04800076804 1.99070784536395e-09
29900.04800076804 1.38832257251698e-09
29950.04800076804 9.380260253856185e-10
30000.04800076804 5.6220210163420735e-11
30050.04800076804 2.4394303281290304e-10
30100.04800076804 7.652592458171008e-10
30150.04800076804 1.8174832197746476e-09
30200.04800076804 9.195972108238791e-10
30250.04800076804 2.767579656436922e-09
30300.04800076804 2.6637046822843407e-09
30350.04800076804 7.326915807460017e-10
30400.04800076804 2.8288303536300442e-09
30450.04800076804 1.8917480710584327e-09
30500.04800076804 1.3454924522899886e-09
30550.04800076804 9.466184199696631e-10
30600.04800076804 5.6193296057302405e-09
30650.04800076804 2.6619448118079547e-09
30700.04800076804 1.6130693441112006e-09
30750.04800076804 2.8910005244170215e-09
30800.04800076804 2.1106637196865542e-09
30850.04800076804 2.58090507101306e-09
30900.04800076804 1.8099467030869391e-09
30950.04800076804 9.041993670154588e-10
31000.04800076804 1.5823501311382938e-09
31050.04800076804 1.2921155120470945e-09
31100.04800076804 6.7736167644513e-10
31150.04800076804 1.178776488324144e-09
31200.04800076804 2.9308270482209225e-09
31250.04800076804 9.864912739320782e-10
31300.04800076804 8.096507563667813e-10
31350.04800076804 1.6367723515080407e-09
31400.04800076804 8.781170919815841e-10
31450.04800076804 1.1021368551056155e-09
31500.04800076804 4.2658997933406676e-10
31550.04800076804 6.026131650296537e-10
31600.04800076804 4.87622431436815e-10
31650.04800076804 3.446457711223039e-10
31700.04800076804 3.8849983463066597e-10
31750.04800076804 1.3061814539578948e-10
31800.04800076804 3.352312945356983e-10
31850.04800076804 6.716151531056291e-11
31900.04800076804 1.7831620819351057e-10
31950.04800076804 9.068698255361757e-11
32000.04800076804 7.808900048253734e-11
32050.04800076804 8.419468478690983e-11
32100.04800076804 6.334002422733878e-11
32150.04800076804 7.91501347580384e-11
32200.04800076804 4.072874878545199e-11
32250.04800076804 9.552488648893077e-11
32300.04800076804 2.876667665000786e-11
32350.04800076804 1.0595503100293136e-10
32400.04800076804 2.1529955305049284e-11
32450.04800076804 7.242627960354632e-11
32500.04800076804 2.3770302749321448e-11
32550.04800076804 7.43612922796674e-11
32600.04800076804 2.5288466690665736e-11
32650.04800076804 1.363197534782079e-10
32700.04800076804 3.860520451842516e-11
32750.04800076804 2.829970001661473e-10
32800.04800076804 1.606488790717676e-10
32850.04800076804 5.294618969737944e-10
32900.04800076804 4.4603948711912586e-10
32950.04800076804 4.921265006685513e-10
33000.04800076804 1.6331244679579808e-10
33050.04800076804 1.8216906540473575e-10
33100.04800076804 4.636391202734321e-11
33150.04800076804 3.485597511406067e-14
33200.04800076804 2.11731303917809e-12
33250.04800076804 3.647829745180314e-12
33300.04800076804 3.207902716356258e-11
33350.04800076804 8.644795682592376e-11
33400.04800076804 2.43355465073771e-10
33450.04800076804 1.0680315500977761e-10
33500.04800076804 4.2963024983387946e-10
33550.04800076804 1.0812638530093532e-10
33600.04800076804 1.9278529367404764e-10
33650.04800076804 2.161528807761658e-10
33700.04800076804 7.89304097061321e-11
33750.04800076804 2.7210490146602893e-10
33800.04800076804 3.4788211768617005e-11
33850.04800076804 1.3888991764839268e-10
33900.04800076804 1.5025481372406893e-10
33950.04800076804 1.3186705198553536e-10
34000.04800076804 3.0055174991914873e-10
34050.04800076804 4.629992688615601e-11
34100.04800076804 2.363842274213321e-10
34150.04800076804 8.892017574847317e-11
34200.04800076804 2.539559633538757e-10
34250.04800076804 1.5756922328501325e-10
34300.04800076804 1.480571383288545e-10
34350.04800076804 4.6562055323522855e-10
34400.04800076804 1.0264949718198785e-10
34450.04800076804 4.024282217569345e-10
34500.04800076804 1.9762293352061643e-10
34550.04800076804 2.0047147108582796e-10
34600.04800076804 8.52886836757196e-10
34650.04800076804 9.848649572432322e-11
34700.04800076804 4.899566010743902e-10
34750.04800076804 3.0417451273189847e-10
34800.04800076804 2.364422006340953e-10
34850.04800076804 8.840908569815986e-10
34900.04800076804 1.8726247973071713e-10
34950.04800076804 7.234965010973135e-10
35000.04800076804 1.1839119808173936e-09
35050.04800076804 6.495084174755531e-10
35100.04800076804 1.6929637996539902e-09
35150.04800076804 1.4370607911693546e-09
35200.04800076804 1.1011062597389156e-09
35250.04800076804 1.7939980239971841e-09
35300.04800076804 5.710620045642104e-10
35350.04800076804 9.34948771417814e-10
35400.04800076804 6.43942327197727e-10
35450.04800076804 5.333342591171349e-10
35500.04800076804 2.2430379070903824e-09
35550.04800076804 1.1962236620291425e-09
35600.04800076804 1.7248534993704616e-09
35650.04800076804 1.951317590413251e-09
35700.04800076804 1.7592138388984776e-09
35750.04800076804 3.194179866753665e-09
35800.04800076804 1.6222932877748887e-09
35850.04800076804 7.790786516252964e-10
35900.04800076804 1.4968149530306182e-09
35950.04800076804 2.121227739600597e-09
36000.04800076804 1.5539450453139628e-09
36050.04800076804 1.5638695422570832e-09
36100.04800076804 1.4145227322008136e-09
36150.04800076804 4.077959446395194e-09
36200.04800076804 3.808092135092911e-09
36250.04800076804 2.5498656167236025e-09
36300.04800076804 5.718440029559426e-09
36350.04800076804 3.453897808645376e-09
36400.04800076804 6.0575435653772905e-09
36450.04800076804 3.901933868091152e-09
36500.04800076804 4.2280566259481435e-09
36550.04800076804 8.865960391909004e-09
36600.04800076804 9.802168239181792e-09
36650.04800076804 5.939559265636651e-09
36700.04800076804 6.384378599476523e-09
36750.04800076804 9.338842429604094e-09
36800.04800076804 1.015320043274014e-08
36850.04800076804 4.888125815288128e-09
36900.04800076804 6.973880085682888e-09
36950.04800076804 1.037867014236055e-08
37000.04800076804 7.000392893553456e-09
37050.04800076804 1.1233566366578125e-08
37100.04800076804 5.4057595930472236e-09
37150.04800076804 8.198981640503921e-09
37200.04800076804 1.36204319258847e-08
37250.04800076804 7.475988670259035e-09
37300.04800076804 5.598748122108535e-09
37350.04800076804 1.0015732917597895e-08
37400.04800076804 1.6054310834495687e-08
37450.04800076804 5.88059529794764e-09
37500.04800076804 8.090075268672479e-09
37550.04800076804 1.9485782192314546e-08
37600.04800076804 2.756422362374663e-08
37650.04800076804 8.575168925550474e-09
37700.04800076804 1.5298393063818796e-08
37750.04800076804 1.04866622226671e-08
37800.04800076804 1.1448806827129906e-08
37850.04800076804 6.339960887044679e-09
37900.04800076804 7.961467729343027e-09
37950.04800076804 1.3244780718741618e-08
38000.04800076804 1.3621828568562884e-08
38050.04800076804 1.8243897664377172e-08
38100.04800076804 2.4768702079052698e-08
38150.04800076804 2.5925960931901205e-08
38200.04800076804 1.9878882740257623e-08
38250.04800076804 2.4383547184832035e-08
38300.04800076804 4.2626396993135736e-08
38350.04800076804 3.282631269327418e-08
38400.04800076804 1.4545254594368052e-08
38450.04800076804 7.563029805474563e-09
38500.04800076804 5.654635130365258e-09
38550.04800076804 1.6636072726460402e-08
38600.04800076804 1.993535947095836e-08
38650.04800076804 2.30267419768852e-08
38700.04800076804 2.2240592681160672e-08
38750.04800076804 2.3797542176699866e-08
38800.04800076804 1.9087780419802596e-08
38850.04800076804 2.616858205117586e-08
38900.04800076804 2.808050009731574e-08
38950.04800076804 1.750089252520249e-08
39000.04800076804 3.141901429793439e-08
39050.04800076804 1.734530900453335e-08
39100.04800076804 2.558246421928164e-08
39150.04800076804 3.2285861316715996e-08
39200.04800076804 2.504468579609759e-08
39250.04800076804 3.366369776023711e-08
39300.04800076804 2.6591345291460736e-08
39350.04800076804 4.8978919972294187e-08
39400.04800076804 3.0790991417577695e-08
39450.04800076804 3.874216984546183e-08
39500.04800076804 4.5626389370334997e-08
39550.04800076804 2.530815781055623e-08
39600.04800076804 3.7083743859071784e-08
39650.04800076804 5.832873635172147e-08
39700.04800076804 4.672896578387356e-08
39750.04800076804 2.032710434508779e-08
39800.04800076804 2.4035948061131272e-08
39850.04800076804 5.836655736672913e-08
39900.04800076804 6.304911933555036e-08
39950.04800076804 3.425804346179351e-08
40000.04800076804 5.798633785455152e-08
40050.04800076804 5.459098862540326e-08
40100.04800076804 1.8611765511665283e-08
40150.04800076804 5.133599655544933e-08
40200.04800076804 6.032819917977577e-08
40250.04800076804 6.663747767074264e-08
40300.04800076804 6.25034036082362e-08
40350.04800076804 3.169043370583326e-08
40400.04800076804 5.492889281996909e-08
40450.04800076804 3.1751333003421796e-08
40500.04800076804 6.625060354652555e-08
40550.04800076804 5.994450677488625e-08
40600.04800076804 6.173402979582177e-08
40650.04800076804 4.569626641626296e-08
40700.04800076804 9.109534381435419e-08
40750.04800076804 6.278600212326501e-08
40800.04800076804 3.490868160199364e-08
40850.04800076804 9.04135596116526e-08
40900.04800076804 8.645739875694412e-08
40950.04800076804 5.3553216257232146e-08
41000.04800076804 6.565927970106873e-08
41050.04800076804 9.768136516969482e-08
41100.04800076804 7.372725356986484e-08
41150.04800076804 2.9571326225845277e-08
41200.04800076804 9.033661342938385e-08
41250.04800076804 7.669880678560928e-08
41300.04800076804 8.253476108672725e-08
41350.04800076804 1.0584842380184503e-07
41400.04800076804 8.406539747721344e-08
41450.04800076804 9.658311235916584e-08
41500.04800076804 5.998448308323655e-08
41550.04800076804 5.371137989986165e-08
41600.04800076804 6.872942596648433e-08
41650.04800076804 9.613067449374804e-08
41700.04800076804 1.0217693790740902e-07
41750.04800076804 8.606237962544003e-08
41800.04800076804 1.0777612239338246e-07
41850.04800076804 7.032918166442892e-08
41900.04800076804 6.12428547682507e-08
41950.04800076804 7.841919655808087e-08
42000.04800076804 7.78940563202537e-08
42050.04800076804 6.941597012033817e-08
42100.04800076804 9.295846000934831e-08
42150.04800076804 7.556556405936918e-08
42200.04800076804 7.985397320475844e-08
42250.04800076804 6.284489157388452e-08
42300.04800076804 5.597398475179248e-08
42350.04800076804 8.662764987715128e-08
42400.04800076804 9.920714038207082e-08
42450.04800076804 9.118877161389672e-08
42500.04800076804 9.168443792712912e-08
42550.04800076804 8.308850012817003e-08
42600.04800076804 7.782630429602395e-08
42650.04800076804 1.158793192174129e-07
42700.04800076804 5.7570238457134406e-08
42750.04800076804 7.068322968495609e-08
42800.04800076804 9.512086832839002e-08
42850.04800076804 1.0460191833985046e-07
42900.04800076804 1.073054695632618e-07
42950.04800076804 8.0137323534465e-08
43000.04800076804 9.801542457407409e-08
43050.04800076804 4.633523254690572e-08
43100.04800076804 8.242217065456752e-08
43150.04800076804 7.577043156708967e-08
43200.04800076804 9.1440231393269e-08
43250.04800076804 1.3654975507307224e-07
43300.04800076804 1.1653991369444482e-07
43350.04800076804 6.24450040380357e-08
43400.04800076804 8.962402042941463e-08
43450.04800076804 6.799828432010063e-08
43500.04800076804 7.309400059386304e-08
43550.04800076804 6.66622159063129e-08
43600.04800076804 1.070936015125855e-07
43650.04800076804 5.510651127022536e-08
