galfind/configs/Brown_Dwarf_templates/sonora_cholla/logkzz4/1000g/550K_1000g_logkzz4_resample.dat
# %ECSV 1.0
# ---
# datatype:
# - {name: wav, unit: Angstrom, datatype: float64}
# - {name: flux_nu, unit: erg / (cm2 Hz s), datatype: float64}
# schema: astropy-2.0
wav flux_nu
3000.0480007680403 nan
3050.0480007680403 0.0
3100.0480007680403 0.0
3150.0480007680403 0.0
3200.0480007680403 0.0
3250.0480007680403 0.0
3300.0480007680403 0.0
3350.0480007680403 0.0
3400.0480007680403 0.0
3450.0480007680403 0.0
3500.0480007680403 0.0
3550.0480007680403 0.0
3600.0480007680403 0.0
3650.0480007680403 0.0
3700.0480007680403 0.0
3750.0480007680403 0.0
3800.0480007680403 0.0
3850.0480007680403 0.0
3900.0480007680403 0.0
3950.0480007680403 0.0
4000.0480007680403 0.0
4050.0480007680403 0.0
4100.04800076804 0.0
4150.04800076804 0.0
4200.04800076804 0.0
4250.04800076804 0.0
4300.04800076804 0.0
4350.04800076804 0.0
4400.04800076804 0.0
4450.04800076804 0.0
4500.04800076804 0.0
4550.04800076804 0.0
4600.04800076804 0.0
4650.04800076804 0.0
4700.04800076804 0.0
4750.04800076804 0.0
4800.04800076804 0.0
4850.04800076804 0.0
4900.04800076804 0.0
4950.04800076804 0.0
5000.04800076804 1.3042327480796211e-11
5050.04800076804 3.1777108837139935e-11
5100.04800076804 3.562650498003131e-11
5150.04800076804 4.086560397441288e-11
5200.04800076804 4.70825489957606e-11
5250.04800076804 5.2926795476643463e-11
5300.04800076804 5.9048210497209e-11
5350.04800076804 6.56848994272308e-11
5400.04800076804 7.207287580939948e-11
5450.04800076804 7.973566481402308e-11
5500.04800076804 8.84707116792988e-11
5550.04800076804 9.836915650085022e-11
5600.04800076804 1.0852182780334342e-10
5650.04800076804 1.1836316110387054e-10
5700.04800076804 1.2519300947420893e-10
5750.04800076804 1.3276617305471206e-10
5800.04800076804 1.329649638594565e-10
5850.04800076804 1.1689153304574924e-10
5900.04800076804 3.464699240265062e-11
5950.04800076804 6.146167437730498e-11
6000.04800076804 1.8274658978084653e-10
6050.04800076804 2.633436150147993e-10
6100.04800076804 3.392164876573993e-10
6150.04800076804 4.135950280321117e-10
6200.04800076804 4.911873214893107e-10
6250.04800076804 5.672626188023829e-10
6300.04800076804 6.611546061363586e-10
6350.04800076804 7.658197128667805e-10
6400.04800076804 8.65253317080792e-10
6450.04800076804 8.836570585376766e-10
6500.04800076804 9.78445450869421e-10
6550.04800076804 1.1261275368861273e-09
6600.04800076804 1.2695670341924442e-09
6650.04800076804 1.4679586618876555e-09
6700.04800076804 1.7254266330377726e-09
6750.04800076804 1.9693662947486987e-09
6800.04800076804 2.2009749018246728e-09
6850.04800076804 2.4516967668090854e-09
6900.04800076804 2.24150003980977e-09
6950.04800076804 2.0231751610748575e-09
7000.04800076804 2.3750254528058996e-09
7050.04800076804 2.3226683088126727e-09
7100.04800076804 2.4169009715371375e-09
7150.04800076804 1.7181000577600786e-09
7200.04800076804 1.3417191199847356e-09
7250.04800076804 1.6217252833975079e-09
7300.04800076804 1.6342782397315392e-09
7350.04800076804 1.9469735211378447e-09
7400.04800076804 2.351234643491198e-09
7450.04800076804 2.8730772637882634e-09
7500.04800076804 3.229469637491622e-09
7550.04800076804 3.581298735163089e-09
7600.04800076804 3.8832585502707855e-09
7650.04800076804 4.032344316796731e-09
7700.04800076804 2.751182679571164e-09
7750.04800076804 1.2825219766557365e-09
7800.04800076804 3.896184757663398e-09
7850.04800076804 4.126825149959944e-09
7900.04800076804 4.439862454272708e-09
7950.04800076804 4.862638775079707e-09
8000.04800076804 5.0512449658029336e-09
8050.04800076804 5.158168378577283e-09
8100.04800076804 3.3479045434933293e-09
8150.04800076804 2.404624402662728e-09
8200.04800076804 4.209488614519831e-09
8250.04800076804 3.96489042532812e-09
8300.04800076804 4.278033743149908e-09
8350.04800076804 4.190805855361698e-09
8400.04800076804 4.448685791563221e-09
8450.04800076804 5.2848115814704125e-09
8500.04800076804 5.989870503402319e-09
8550.04800076804 6.976048871812631e-09
8600.04800076804 8.293192106181667e-09
8650.04800076804 9.222176631591068e-09
8700.04800076804 9.411422373381835e-09
8750.04800076804 1.0060194861561797e-08
8800.04800076804 9.633967680681428e-09
8850.04800076804 7.0593346206669915e-09
8900.04800076804 1.9271082974524804e-09
8950.04800076804 1.190441611297602e-09
9000.04800076804 1.160933587350727e-09
9050.04800076804 3.919474592688377e-09
9100.04800076804 4.019669493961892e-09
9150.04800076804 3.4828414418680676e-09
9200.04800076804 4.512255503218141e-09
9250.04800076804 2.81787995918362e-09
9300.04800076804 3.909238756307095e-11
9350.04800076804 8.514766147526976e-11
9400.04800076804 5.579603495979516e-10
9450.04800076804 3.266644099104965e-10
9500.04800076804 2.455371760385435e-10
9550.04800076804 2.45089114105897e-10
9600.04800076804 2.871003023766604e-10
9650.04800076804 5.063820898432568e-10
9700.04800076804 1.2898042436656921e-09
9750.04800076804 1.296608108449381e-09
9800.04800076804 1.6947083008823433e-09
9850.04800076804 2.2361592004428556e-09
9900.04800076804 3.222183161328618e-09
9950.04800076804 3.460204143051325e-09
10000.04800076804 4.312837224559129e-09
10050.04800076804 4.2427532013562175e-09
10100.04800076804 4.701207932333537e-09
10150.04800076804 4.465688433173735e-09
10200.04800076804 4.165606702391943e-09
10250.04800076804 4.753067379255726e-09
10300.04800076804 5.498047716457901e-09
10350.04800076804 4.8427641074378145e-09
10400.04800076804 5.8192890055042585e-09
10450.04800076804 6.3480837595923936e-09
10500.04800076804 6.653583555223934e-09
10550.04800076804 6.985373147988031e-09
10600.04800076804 6.872695620938048e-09
10650.04800076804 6.597876556994337e-09
10700.04800076804 6.036676662713604e-09
10750.04800076804 5.745552069622479e-09
10800.04800076804 5.29251315096785e-09
10850.04800076804 4.7353332244552625e-09
10900.04800076804 3.792192193439508e-09
10950.04800076804 2.110607827428593e-09
11000.04800076804 1.140199711297296e-09
11050.04800076804 4.81264038272642e-10
11100.04800076804 1.9158734192159577e-10
11150.04800076804 6.736842649937199e-11
11200.04800076804 5.4412112043973814e-11
11250.04800076804 8.43177835495417e-11
11300.04800076804 1.2515614312764388e-10
11350.04800076804 3.878155023174404e-11
11400.04800076804 2.222262510488295e-10
11450.04800076804 1.0472916787446436e-10
11500.04800076804 1.1127764591815048e-10
11550.04800076804 3.24966555938052e-11
11600.04800076804 1.8377118958196208e-11
11650.04800076804 7.186617087858096e-11
11700.04800076804 1.0172721498489672e-10
11750.04800076804 4.0412018303190466e-11
11800.04800076804 2.0660590079987105e-10
11850.04800076804 3.2765641886896613e-10
11900.04800076804 4.3486073538640197e-10
11950.04800076804 6.961372762248109e-10
12000.04800076804 1.039663644629306e-09
12050.04800076804 1.5019871749029937e-09
12100.04800076804 1.9174247019647504e-09
12150.04800076804 2.5236062997777256e-09
12200.04800076804 2.9483483197516994e-09
12250.04800076804 3.705709771014802e-09
12300.04800076804 4.815350955779248e-09
12350.04800076804 5.3530907409427354e-09
12400.04800076804 6.777964347030838e-09
12450.04800076804 8.249400111656906e-09
12500.04800076804 9.288009091512245e-09
12550.04800076804 1.0411024293632101e-08
12600.04800076804 1.1955985610275815e-08
12650.04800076804 1.3129780856959037e-08
12700.04800076804 1.3647370930555784e-08
12750.04800076804 1.1827334723548598e-08
12800.04800076804 1.006140156741364e-08
12850.04800076804 7.461120361153666e-09
12900.04800076804 6.0253773358705166e-09
12950.04800076804 4.8432149082410745e-09
13000.04800076804 5.251492932752192e-09
13050.04800076804 3.7185651682852208e-09
13100.04800076804 3.7026500561064022e-09
13150.04800076804 2.4161269361220764e-09
13200.04800076804 2.4835118207581674e-09
13250.04800076804 1.7461532800289167e-09
13300.04800076804 6.119918974393792e-10
13350.04800076804 2.0618663505571037e-10
13400.04800076804 3.671668843219431e-11
13450.04800076804 8.045967902354525e-12
13500.04800076804 2.2707223571915502e-12
13550.04800076804 4.843623437145634e-13
13600.04800076804 1.1149486079648401e-13
13650.04800076804 1.0037570292292766e-12
13700.04800076804 4.834860283303416e-13
13750.04800076804 2.6536523717148618e-12
13800.04800076804 2.755614103008974e-12
13850.04800076804 7.169651892769686e-13
13900.04800076804 1.4523391419874802e-12
13950.04800076804 1.3503093631810184e-12
14000.04800076804 2.0591886531922752e-12
14050.04800076804 3.135323308936852e-12
14100.04800076804 2.545855060165186e-12
14150.04800076804 6.654030038192595e-12
14200.04800076804 4.353997397615506e-12
14250.04800076804 6.684072291989743e-12
14300.04800076804 2.8900392083033797e-11
14350.04800076804 2.1440576362882243e-11
14400.04800076804 2.1418142402659062e-11
14450.04800076804 4.801855328011267e-11
14500.04800076804 1.137486762175965e-10
14550.04800076804 1.2949191846623254e-10
14600.04800076804 2.973765879081962e-10
14650.04800076804 1.7731161479915617e-10
14700.04800076804 8.26208647328813e-11
14750.04800076804 9.144575960147918e-11
14800.04800076804 9.899796594187179e-11
14850.04800076804 1.1192063510553195e-10
14900.04800076804 1.254203098306485e-10
14950.04800076804 1.4764414635853086e-10
15000.04800076804 3.0802404227677094e-10
15050.04800076804 3.612707090609275e-10
15100.04800076804 2.654052063851328e-10
15150.04800076804 1.856908875039497e-10
15200.04800076804 3.77372968389789e-10
15250.04800076804 7.11319394444295e-10
15300.04800076804 8.982895026712938e-10
15350.04800076804 1.1527794633079673e-09
15400.04800076804 1.4602425485928412e-09
15450.04800076804 1.8034754017523867e-09
15500.04800076804 2.280001093434628e-09
15550.04800076804 3.1075926069532906e-09
15600.04800076804 4.154548761448501e-09
15650.04800076804 5.496265390047532e-09
15700.04800076804 7.13823524145861e-09
15750.04800076804 8.136997382872568e-09
15800.04800076804 9.054172375172793e-09
15850.04800076804 1.006857001236023e-08
15900.04800076804 9.784086922070265e-09
15950.04800076804 9.657335404197218e-09
16000.04800076804 8.097398272637308e-09
16050.04800076804 5.6209881832798855e-09
16100.04800076804 3.5392062650623566e-09
16150.04800076804 1.8926664191239392e-09
16200.04800076804 8.851762965203429e-10
16250.04800076804 5.582794553372146e-10
16300.04800076804 3.619213621092657e-10
16350.04800076804 4.221520993735544e-10
16400.04800076804 5.076550538330088e-10
16450.04800076804 5.230750840995144e-10
16500.04800076804 4.961084347961968e-10
16550.04800076804 5.11767293793919e-10
16600.04800076804 9.296874832710944e-10
16650.04800076804 5.80523612167504e-10
16700.04800076804 8.697531378740138e-11
16750.04800076804 3.6345874967135537e-10
16800.04800076804 5.359848501337365e-10
16850.04800076804 5.160698624253852e-10
16900.04800076804 2.5931677452541246e-10
16950.04800076804 1.872533733385414e-10
17000.04800076804 9.819738024952426e-11
17050.04800076804 1.8521866031848908e-10
17100.04800076804 3.0719864511826656e-10
17150.04800076804 1.9117946830338677e-10
17200.04800076804 5.569643826414324e-10
17250.04800076804 2.4554637732237164e-10
17300.04800076804 1.731758037025284e-10
17350.04800076804 2.1397473827672523e-10
17400.04800076804 3.3213894984364377e-10
17450.04800076804 4.116752712359042e-10
17500.04800076804 5.493324035092934e-10
17550.04800076804 4.1195033217510087e-10
17600.04800076804 3.472597864673169e-10
17650.04800076804 2.4484470405622593e-10
17700.04800076804 2.1179400627417279e-10
17750.04800076804 1.4799735849581572e-10
17800.04800076804 2.5731768304629635e-10
17850.04800076804 1.3260943784042473e-10
17900.04800076804 9.821164974054798e-11
17950.04800076804 5.3252269127384834e-11
18000.04800076804 1.0229532131126751e-10
18050.04800076804 4.40019722422665e-11
18100.04800076804 4.829850840943721e-11
18150.04800076804 3.907018766988792e-11
18200.04800076804 2.243733924137355e-11
18250.04800076804 9.853523791023933e-11
18300.04800076804 1.421524830482338e-11
18350.04800076804 1.206765404052525e-11
18400.04800076804 7.249257486723598e-12
18450.04800076804 5.44693603074711e-11
18500.04800076804 5.238704085834569e-11
18550.04800076804 2.1922267702187965e-11
18600.04800076804 3.33910573645675e-11
18650.04800076804 1.9300575169047444e-11
18700.04800076804 3.4545905778831005e-12
18750.04800076804 9.007698379459169e-12
18800.04800076804 1.059747472208601e-10
18850.04800076804 9.000172800528266e-11
18900.04800076804 8.472542967911429e-11
18950.04800076804 1.6155312428686732e-10
19000.04800076804 3.047292713620767e-11
19050.04800076804 1.4922111061174426e-11
19100.04800076804 5.187777577135807e-11
19150.04800076804 2.0388789638647377e-11
19200.04800076804 5.121146893432931e-11
19250.04800076804 3.439372664269415e-11
19300.04800076804 1.9422059463332524e-11
19350.04800076804 2.5484744754886624e-11
19400.04800076804 1.765618190946142e-11
19450.04800076804 3.3752792484838315e-11
19500.04800076804 3.447751663730537e-11
19550.04800076804 3.870010177192809e-11
19600.04800076804 7.373649035138195e-11
19650.04800076804 7.596977709317135e-11
19700.04800076804 9.792393628079988e-11
19750.04800076804 1.4569208359574164e-10
19800.04800076804 1.1206821764187854e-10
19850.04800076804 1.528624908032154e-10
19900.04800076804 1.9125771293893033e-10
19950.04800076804 2.4017015280721707e-10
20000.04800076804 2.5705061303269955e-10
20050.04800076804 2.3357840192398363e-10
20100.04800076804 3.5289091142609105e-10
20150.04800076804 2.46791603271487e-10
20200.04800076804 2.0779360208370343e-10
20250.04800076804 3.247846393419554e-10
20300.04800076804 3.336673177967455e-10
20350.04800076804 3.657095089148736e-10
20400.04800076804 3.3634078935479173e-10
20450.04800076804 4.784767739996536e-10
20500.04800076804 4.990915213187097e-10
20550.04800076804 5.148913602924314e-10
20600.04800076804 5.357031162370744e-10
20650.04800076804 5.55732022668387e-10
20700.04800076804 5.549915256563819e-10
20750.04800076804 5.666778676283456e-10
20800.04800076804 5.414592343719463e-10
20850.04800076804 5.577221695163598e-10
20900.04800076804 5.526650278433648e-10
20950.04800076804 5.330718590633368e-10
21000.04800076804 5.17086132410636e-10
21050.04800076804 5.165384593271917e-10
21100.04800076804 5.025990891454477e-10
21150.04800076804 4.978935850501326e-10
21200.04800076804 4.822305811758309e-10
21250.04800076804 4.663554175961945e-10
21300.04800076804 4.3622655752830594e-10
21350.04800076804 4.222576564339719e-10
21400.04800076804 4.2894967606209153e-10
21450.04800076804 3.6487157987272116e-10
21500.04800076804 3.5541883303567624e-10
21550.04800076804 3.447744392436923e-10
21600.04800076804 3.2040904836759565e-10
21650.04800076804 2.8149320016004116e-10
21700.04800076804 2.8688517877904033e-10
21750.04800076804 2.861003374198216e-10
21800.04800076804 2.3584707903924294e-10
21850.04800076804 2.130330820948374e-10
21900.04800076804 1.7899670611761293e-10
21950.04800076804 8.219288923554697e-11
22000.04800076804 1.1261295260356655e-11
22050.04800076804 1.9951814868055933e-11
22100.04800076804 7.81161166918568e-11
22150.04800076804 5.6929810388954125e-11
22200.04800076804 4.741237067368314e-11
22250.04800076804 4.2990209095895006e-11
22300.04800076804 2.1514883484249848e-11
22350.04800076804 2.6671755548628083e-11
22400.04800076804 1.1214715336305969e-11
22450.04800076804 1.3822202258252205e-11
22500.04800076804 1.3555490038477814e-11
22550.04800076804 6.746460305798313e-12
22600.04800076804 7.389558154497114e-12
22650.04800076804 1.3771887262108643e-11
22700.04800076804 9.732156485159074e-12
22750.04800076804 1.0134749529904959e-11
22800.04800076804 1.505192611662062e-11
22850.04800076804 1.1269086465990469e-11
22900.04800076804 6.876230768210225e-12
22950.04800076804 4.329280806900099e-12
23000.04800076804 6.894427092653215e-12
23050.04800076804 7.673394759885139e-12
23100.04800076804 5.6877952831206535e-11
23150.04800076804 5.295144502307422e-11
23200.04800076804 1.828100551334482e-12
23250.04800076804 8.726468645468923e-12
23300.04800076804 9.974745999152907e-12
23350.04800076804 8.34331395703532e-12
23400.04800076804 8.684761840266847e-12
23450.04800076804 3.968728709989829e-12
23500.04800076804 4.688759248057382e-12
23550.04800076804 1.048633492531268e-11
23600.04800076804 2.348549992174943e-11
23650.04800076804 2.560928588259899e-11
23700.04800076804 3.975712993492307e-12
23750.04800076804 5.904301526910773e-12
23800.04800076804 2.8821853797973612e-11
