galfind/configs/Brown_Dwarf_templates/sonora_cholla/logkzz4/1000g/600K_1000g_logkzz4_resample.dat
# %ECSV 1.0
# ---
# datatype:
# - {name: wav, unit: Angstrom, datatype: float64}
# - {name: flux_nu, unit: erg / (cm2 Hz s), datatype: float64}
# schema: astropy-2.0
wav flux_nu
[from data line 417]
23850.04800076804 5.378835591191198e-11
23900.04800076804 1.2070456040192298e-10
23950.04800076804 6.543935648963186e-11
24000.04800076804 1.4286634379695343e-10
24050.04800076804 1.5085123710930257e-10
24100.04800076804 1.6028080000744802e-10
24150.04800076804 2.350188293507788e-10
24200.04800076804 1.9771737847286523e-10
24250.04800076804 1.3020124073878837e-10
24300.04800076804 2.9838842814959906e-10
24350.04800076804 1.830930601606949e-10
24400.04800076804 4.3109092896080086e-10
24450.04800076804 4.049072271572011e-10
24500.04800076804 3.57369997511477e-10
24550.04800076804 6.093118249792337e-10
24600.04800076804 6.960653321084763e-10
24650.04800076804 8.35997494800285e-10
24700.04800076804 5.836287927468847e-10
24750.04800076804 7.279777478804137e-10
24800.04800076804 6.132595892145578e-10
24850.04800076804 9.50942390430937e-10
24900.04800076804 3.4361740248331303e-10
24950.04800076804 7.215314379419961e-10
25000.04800076804 7.16920519231276e-10
25050.04800076804 3.6339000794251475e-10
25100.04800076804 6.272341640000175e-10
25150.04800076804 2.6676619125784655e-10
25200.04800076804 3.9992064938997456e-10
25250.04800076804 1.4201989385130813e-10
25300.04800076804 2.0302205494409897e-10
25350.04800076804 8.206604501689744e-11
25400.04800076804 2.402369024409075e-10
25450.04800076804 7.69058370338773e-11
25500.04800076804 6.19824506432187e-11
25550.04800076804 1.484020453400388e-10
25600.04800076804 7.199391677986821e-11
25650.04800076804 3.274301733708216e-11
25700.04800076804 4.092388843973996e-11
25750.04800076804 1.3811446875754356e-11
25800.04800076804 7.18261185705941e-11
25850.04800076804 1.2171733729485665e-11
25900.04800076804 2.0447843017651698e-11
25950.04800076804 5.397995997394378e-12
26000.04800076804 6.024749501204029e-11
26050.04800076804 7.751759453685492e-12
26100.04800076804 4.513810181274004e-11
26150.04800076804 1.7938195457679382e-11
26200.04800076804 2.3447457404163322e-11
26250.04800076804 1.5742444888251038e-10
26300.04800076804 2.9604162272661553e-11
26350.04800076804 2.6854774165182874e-10
26400.04800076804 4.241065784207795e-10
26450.04800076804 2.1729765824514575e-10
26500.04800076804 5.244432875843562e-10
26550.04800076804 6.1836150117152e-11
26600.04800076804 5.839201830428257e-11
26650.04800076804 1.0826683797030856e-11
26700.04800076804 5.978928968301073e-12
26750.04800076804 1.007763653700509e-11
26800.04800076804 2.6415853350444525e-11
26850.04800076804 1.695835347717498e-11
26900.04800076804 7.684049910819693e-11
26950.04800076804 2.440640270478847e-11
27000.04800076804 1.3055334490729845e-10
27050.04800076804 1.6705666179906763e-10
27100.04800076804 2.180411032477523e-11
27150.04800076804 2.1524904157550237e-10
27200.04800076804 2.0117855958285657e-11
27250.04800076804 6.424889171211513e-11
27300.04800076804 5.383816318692496e-10
27350.04800076804 1.6051016651475207e-10
27400.04800076804 9.858854210011334e-12
27450.04800076804 2.1490691538564108e-10
27500.04800076804 3.121445361025979e-10
27550.04800076804 4.030514850349908e-11
27600.04800076804 1.218013288515956e-10
27650.04800076804 3.292434905463375e-11
27700.04800076804 3.122116119519241e-11
27750.04800076804 1.8270557091718143e-10
27800.04800076804 6.378643876697532e-11
27850.04800076804 9.310373650236606e-11
27900.04800076804 1.384570206622462e-10
27950.04800076804 3.2495069265672563e-10
28000.04800076804 2.44892582774984e-10
28050.04800076804 3.9000371932992305e-11
28100.04800076804 4.002459078332313e-10
28150.04800076804 2.45158031504452e-10
28200.04800076804 6.775819253838905e-11
28250.04800076804 5.331958612274195e-10
28300.04800076804 6.786792478969079e-10
28350.04800076804 8.342410497464449e-11
28400.04800076804 3.7042012675050783e-10
28450.04800076804 8.348127021928937e-10
28500.04800076804 3.5086304270801274e-10
28550.04800076804 9.445403957038674e-11
28600.04800076804 6.613303938724642e-10
28650.04800076804 5.501106514672116e-10
28700.04800076804 5.230168133067374e-10
28750.04800076804 1.3202061225774262e-09
28800.04800076804 8.346438889493608e-10
28850.04800076804 1.1010317868891747e-09
28900.04800076804 5.338428097609455e-10
28950.04800076804 1.3647011577423239e-09
29000.04800076804 9.486754010597183e-10
29050.04800076804 1.0934810566287104e-09
29100.04800076804 7.760497034942985e-10
29150.04800076804 1.6437573050794232e-09
29200.04800076804 1.3967321943454009e-09
29250.04800076804 1.879960429682931e-09
29300.04800076804 1.0438874124793852e-09
29350.04800076804 4.633191836779996e-09
29400.04800076804 1.0309390638995874e-09
29450.04800076804 1.070069468487503e-09
29500.04800076804 3.245397026502919e-09
29550.04800076804 1.426282807707662e-09
29600.04800076804 2.298382904863171e-09
29650.04800076804 4.0621623195753035e-09
29700.04800076804 9.702937806082998e-10
29750.04800076804 2.4234525181971843e-09
29800.04800076804 2.135789344017914e-09
29850.04800076804 4.635028524663166e-09
29900.04800076804 3.777116635720339e-09
29950.04800076804 2.488204576020937e-09
30000.04800076804 2.388806015963234e-10
30050.04800076804 7.697148120195642e-10
30100.04800076804 2.0603643260802018e-09
30150.04800076804 4.190309347968235e-09
30200.04800076804 2.252488400104827e-09
30250.04800076804 6.680573632337406e-09
30300.04800076804 6.0439252972457495e-09
30350.04800076804 2.201240979888823e-09
30400.04800076804 6.487342339382297e-09
30450.04800076804 4.1469081575629756e-09
30500.04800076804 3.3842224433640714e-09
30550.04800076804 2.434463497643189e-09
30600.04800076804 1.021594718747186e-08
30650.04800076804 5.422294846313239e-09
30700.04800076804 3.623590006119234e-09
30750.04800076804 5.717259016262691e-09
30800.04800076804 4.012585367441595e-09
30850.04800076804 4.948839219547464e-09
30900.04800076804 3.767894408564605e-09
30950.04800076804 1.9034893389240113e-09
31000.04800076804 3.1990928667396127e-09
31050.04800076804 2.86634215106695e-09
31100.04800076804 1.615494971574493e-09
31150.04800076804 2.5535990902580223e-09
31200.04800076804 5.256025978107465e-09
31250.04800076804 1.9456491402632685e-09
31300.04800076804 1.7200008276879407e-09
31350.04800076804 2.8157488543728377e-09
31400.04800076804 1.5905964177767441e-09
31450.04800076804 2.0671418444771336e-09
31500.04800076804 8.618658528132275e-10
31550.04800076804 1.1636422920461586e-09
31600.04800076804 9.016293945475114e-10
31650.04800076804 6.737462609884161e-10
31700.04800076804 8.229019607866085e-10
31750.04800076804 2.8855392508151923e-10
31800.04800076804 7.322078034175303e-10
31850.04800076804 1.753247585108322e-10
31900.04800076804 4.2476539871075e-10
31950.04800076804 2.2498805108981148e-10
32000.04800076804 2.1320923833226761e-10
32050.04800076804 2.182642430274215e-10
32100.04800076804 1.6342382932857402e-10
32150.04800076804 2.197975574852714e-10
32200.04800076804 1.1615344398386832e-10
32250.04800076804 2.7618893506563235e-10
32300.04800076804 8.673131601444666e-11
32350.04800076804 3.0675784756254355e-10
32400.04800076804 7.448451359421538e-11
32450.04800076804 2.194125538586753e-10
32500.04800076804 8.845259457265208e-11
32550.04800076804 2.189022211079311e-10
32600.04800076804 9.925297548037162e-11
32650.04800076804 3.8245973895935615e-10
32700.04800076804 1.4435144574737958e-10
32750.04800076804 7.257048811166111e-10
32800.04800076804 4.699161847365553e-10
32850.04800076804 1.2313070104902529e-09
32900.04800076804 1.0731041323151556e-09
32950.04800076804 1.1955292398782072e-09
33000.04800076804 4.694394869666191e-10
33050.04800076804 5.40018673989336e-10
33100.04800076804 1.5346606198183793e-10
33150.04800076804 2.725649192680531e-13
33200.04800076804 6.905934691941638e-12
33250.04800076804 1.0720814608611741e-11
33300.04800076804 6.584670152948755e-11
33350.04800076804 1.9032901920779574e-10
33400.04800076804 4.940672559653095e-10
33450.04800076804 2.82308426221158e-10
33500.04800076804 9.849198408199978e-10
33550.04800076804 3.068942784084316e-10
33600.04800076804 5.129217784178542e-10
33650.04800076804 5.464573797383465e-10
33700.04800076804 2.39982373485335e-10
33750.04800076804 7.076040291391341e-10
33800.04800076804 1.1087547447674725e-10
33850.04800076804 3.691812872661155e-10
33900.04800076804 4.0561347704251783e-10
33950.04800076804 3.498542215787472e-10
34000.04800076804 7.358117618136784e-10
34050.04800076804 1.2589576771389987e-10
34100.04800076804 5.734605260587277e-10
34150.04800076804 2.3502900277968297e-10
34200.04800076804 5.798629639953424e-10
34250.04800076804 4.0655567980446637e-10
34300.04800076804 3.5408766937678344e-10
34350.04800076804 9.694017591559101e-10
34400.04800076804 2.632998874222199e-10
34450.04800076804 8.966746217318402e-10
34500.04800076804 4.635253574829418e-10
34550.04800076804 3.978019305179721e-10
34600.04800076804 1.5716430947333585e-09
34650.04800076804 2.4588103978326174e-10
34700.04800076804 9.120658469373332e-10
34750.04800076804 6.48891729665366e-10
34800.04800076804 4.828289926606524e-10
34850.04800076804 1.653842426273892e-09
34900.04800076804 4.731800474986818e-10
34950.04800076804 1.2985694285758454e-09
35000.04800076804 2.2175885224429138e-09
35050.04800076804 1.138766112378216e-09
35100.04800076804 2.9270864079861047e-09
35150.04800076804 2.478159365612872e-09
35200.04800076804 1.9919815284540486e-09
35250.04800076804 3.0848549757450863e-09
35300.04800076804 1.1479605379224112e-09
35350.04800076804 1.9912126781475432e-09
35400.04800076804 1.4433715827059902e-09
35450.04800076804 1.1790440684391696e-09
35500.04800076804 4.407389394364114e-09
35550.04800076804 2.342069311554946e-09
35600.04800076804 3.154096227611884e-09
35650.04800076804 3.4668054388823056e-09
35700.04800076804 2.9313122244369557e-09
35750.04800076804 5.826992129528762e-09
35800.04800076804 3.3204252915541973e-09
35850.04800076804 1.6613087129710284e-09
35900.04800076804 3.0896895371128207e-09
35950.04800076804 4.005399297037973e-09
36000.04800076804 2.7718244935046046e-09
36050.04800076804 3.0827343525908135e-09
36100.04800076804 2.7184558454655663e-09
36150.04800076804 6.748758291109054e-09
36200.04800076804 6.4146465391791215e-09
36250.04800076804 4.7719441399362486e-09
36300.04800076804 9.387007567711634e-09
36350.04800076804 6.028568432403825e-09
36400.04800076804 1.024148030784788e-08
36450.04800076804 7.038763256752209e-09
36500.04800076804 7.590340712892202e-09
36550.04800076804 1.4495109242108693e-08
36600.04800076804 1.5968360671492397e-08
36650.04800076804 1.0807559812899728e-08
36700.04800076804 1.1065319183857012e-08
36750.04800076804 1.5274008357262878e-08
36800.04800076804 1.6307864011911327e-08
36850.04800076804 8.743044025500915e-09
36900.04800076804 1.2393846158605146e-08
36950.04800076804 1.6547849796878838e-08
37000.04800076804 1.1834642660676499e-08
37050.04800076804 1.8062383295396662e-08
37100.04800076804 1.0434695586750746e-08
37150.04800076804 1.4290991353926946e-08
37200.04800076804 2.121674739010637e-08
37250.04800076804 1.2565129671682852e-08
37300.04800076804 1.0339064958592794e-08
37350.04800076804 1.7144942378883952e-08
37400.04800076804 2.6497832451782982e-08
37450.04800076804 1.066308236850665e-08
37500.04800076804 1.4191783925804529e-08
37550.04800076804 3.063696364914133e-08
37600.04800076804 4.1272347049591366e-08
37650.04800076804 1.517910420718738e-08
37700.04800076804 2.5536319034694744e-08
37750.04800076804 1.740157341829711e-08
37800.04800076804 1.947051900181329e-08
37850.04800076804 1.1170699731232123e-08
37900.04800076804 1.4317663890942268e-08
37950.04800076804 2.2736281891144712e-08
38000.04800076804 2.411806964769444e-08
38050.04800076804 2.89857371752168e-08
38100.04800076804 3.8421260093117496e-08
38150.04800076804 3.8887689687214977e-08
38200.04800076804 3.2543155051765984e-08
38250.04800076804 3.7161297154982515e-08
38300.04800076804 6.207752550107745e-08
38350.04800076804 5.049612083705968e-08
38400.04800076804 2.4584207316486446e-08
38450.04800076804 1.5098969418552862e-08
38500.04800076804 1.0684430423554092e-08
38550.04800076804 2.7248698634394492e-08
38600.04800076804 3.138218718305119e-08
38650.04800076804 3.770062160141434e-08
38700.04800076804 3.732377277600662e-08
38750.04800076804 3.9142140974071206e-08
38800.04800076804 3.0862361736916634e-08
38850.04800076804 4.2717601340319264e-08
38900.04800076804 4.568953740016841e-08
38950.04800076804 2.9391018321275468e-08
39000.04800076804 4.9907916328326e-08
39050.04800076804 3.0651299930198004e-08
39100.04800076804 4.21766399261699e-08
39150.04800076804 4.956819459857678e-08
39200.04800076804 3.975862951062913e-08
39250.04800076804 5.3162861845073015e-08
39300.04800076804 4.368669030923932e-08
39350.04800076804 7.342720681976376e-08
39400.04800076804 4.9746229612094004e-08
39450.04800076804 5.934130265416848e-08
39500.04800076804 6.862597234663178e-08
39550.04800076804 4.345778201304593e-08
39600.04800076804 5.8377464250788783e-08
39650.04800076804 8.67461292243069e-08
39700.04800076804 6.95141505735813e-08
39750.04800076804 3.389787230047573e-08
39800.04800076804 4.188780469929418e-08
39850.04800076804 8.726367407277539e-08
39900.04800076804 9.198831676714367e-08
39950.04800076804 5.631963291064014e-08
40000.04800076804 8.952988882456786e-08
40050.04800076804 8.274425504278769e-08
40100.04800076804 3.281294366872179e-08
40150.04800076804 8.062361495816952e-08
40200.04800076804 9.082877514672719e-08
40250.04800076804 9.869017317347932e-08
40300.04800076804 9.371189044637342e-08
40350.04800076804 5.213194780654034e-08
40400.04800076804 8.72607968280964e-08
40450.04800076804 5.4443047957898884e-08
40500.04800076804 1.0038514727186262e-07
40550.04800076804 9.125639095704848e-08
40600.04800076804 9.251609841422195e-08
40650.04800076804 7.24243668363754e-08
40700.04800076804 1.3530740568264116e-07
40750.04800076804 9.523258464245544e-08
40800.04800076804 5.711586763201689e-08
40850.04800076804 1.3271098081040132e-07
40900.04800076804 1.262518718601699e-07
40950.04800076804 8.123972907720695e-08
41000.04800076804 1.0070257886553908e-07
41050.04800076804 1.400709801835557e-07
41100.04800076804 1.0653365651150938e-07
41150.04800076804 4.924714207879948e-08
41200.04800076804 1.3243879402984847e-07
41250.04800076804 1.1200544374105369e-07
41300.04800076804 1.1548362763751543e-07
41350.04800076804 1.4913965714259728e-07
41400.04800076804 1.214573136218075e-07
41450.04800076804 1.3635686450734925e-07
41500.04800076804 9.006886294616296e-08
41550.04800076804 8.051183087885999e-08
41600.04800076804 1.0376700692272196e-07
41650.04800076804 1.357956012118196e-07
41700.04800076804 1.3633323633458994e-07
41750.04800076804 1.1942339134961098e-07
41800.04800076804 1.5263722021383013e-07
41850.04800076804 9.72333381313734e-08
41900.04800076804 8.918831441860281e-08
41950.04800076804 1.1554455994893993e-07
42000.04800076804 1.2293585386372644e-07
42050.04800076804 1.0490726907910644e-07
42100.04800076804 1.4056826188607882e-07
42150.04800076804 1.073153896305151e-07
42200.04800076804 1.1196261308895572e-07
42250.04800076804 9.206400938482958e-08
42300.04800076804 8.376586365163145e-08
42350.04800076804 1.2122608527161958e-07
42400.04800076804 1.3645808082962726e-07
42450.04800076804 1.2122003439435955e-07
42500.04800076804 1.2053178393336727e-07
42550.04800076804 1.1014613865528104e-07
42600.04800076804 1.0841730790805893e-07
42650.04800076804 1.5883459861388343e-07
42700.04800076804 8.212866022831167e-08
42750.04800076804 9.518772508258841e-08
42800.04800076804 1.2271261405400542e-07
42850.04800076804 1.37277516509755e-07
42900.04800076804 1.4382023168542466e-07
42950.04800076804 1.0632969781200324e-07
43000.04800076804 1.3176055885101347e-07
43050.04800076804 6.189282421615896e-08
43100.04800076804 1.0961034038301591e-07
43150.04800076804 1.0108793943759463e-07
43200.04800076804 1.2056548367668395e-07
43250.04800076804 1.7956387132771558e-07
43300.04800076804 1.5608515463414515e-07
43350.04800076804 8.265559921201147e-08
43400.04800076804 1.1832790313054513e-07
43450.04800076804 8.911439571699911e-08
43500.04800076804 9.946729859161838e-08
43550.04800076804 9.098810301636475e-08
