galfind/configs/Brown_Dwarf_templates/sonora_cholla/logkzz4/1000g/600K_1000g_logkzz4_resample.dat
# %ECSV 1.0
# ---
# datatype:
# - {name: wav, unit: Angstrom, datatype: float64}
# - {name: flux_nu, unit: erg / (cm2 Hz s), datatype: float64}
# schema: astropy-2.0
wav flux_nu
[from data line 1211]
63550.04800076804 1.3105804783111854e-08
63600.04800076804 1.0043451939993557e-08
63650.04800076804 7.439042016701281e-09
63700.04800076804 1.6156252481741546e-09
63750.04800076804 4.960959474029743e-09
63800.04800076804 1.3209015664068238e-08
63850.04800076804 1.000642961804662e-08
63900.04800076804 2.5254448147705334e-09
63950.04800076804 6.638727815031127e-09
64000.04800076804 9.612225467771913e-09
64050.04800076804 3.1738962184253336e-09
64100.04800076804 6.128397837719248e-10
64150.04800076804 9.565055914074309e-10
64200.04800076804 1.2410602134398667e-09
64250.04800076804 4.927508175182105e-09
64300.04800076804 4.1902466187761295e-09
64350.04800076804 2.6486409142974826e-09
64400.04800076804 7.967605250744396e-09
64450.04800076804 8.953655095604183e-09
64500.04800076804 3.544306029500411e-09
64550.04800076804 7.874797541700867e-09
64600.04800076804 5.491354865351063e-09
64650.04800076804 7.711342025431764e-09
64700.04800076804 2.1276015945921757e-09
64750.04800076804 3.5380316537330998e-09
64800.04800076804 1.6548104055126105e-09
64850.04800076804 1.1738155981853384e-09
64900.04800076804 1.1176694733095716e-09
64950.04800076804 8.379998626230641e-10
65000.04800076804 1.8374703247455358e-09
65050.04800076804 4.510738799749867e-09
65100.04800076804 6.246385398124926e-09
65150.04800076804 2.9663626286977795e-09
65200.04800076804 9.44647169715578e-10
65250.04800076804 3.2881625310027045e-09
65300.04800076804 5.067045088697148e-09
65350.04800076804 1.187336189499703e-08
65400.04800076804 4.432662955544897e-09
65450.04800076804 4.358828770857907e-09
65500.04800076804 5.249234458720043e-09
65550.04800076805 1.9181243337592216e-09
65600.04800076805 4.946350036122426e-09
65650.04800076805 2.7540352888132812e-09
65700.04800076805 2.5257922170539257e-09
65750.04800076805 1.7006012658729872e-09
65800.04800076805 4.508335823467927e-09
65850.04800076805 6.958145133709326e-09
65900.04800076805 1.3640420748809642e-09
65950.04800076805 3.0791515206625467e-09
66000.04800076805 3.845116805048751e-09
66050.04800076805 8.809392757762683e-09
66100.04800076805 4.794852313124253e-09
66150.04800076805 4.910583100454141e-09
66200.04800076805 4.53603060030672e-09
66250.04800076805 2.2183409832250588e-09
66300.04800076805 8.329383685793854e-10
66350.04800076805 5.668280134120418e-10
66400.04800076805 1.2845686134216372e-09
66450.04800076805 5.083441491132739e-09
66500.04800076805 8.376205988263734e-09
66550.04800076805 8.381767893710847e-09
66600.04800076805 6.6546183691719305e-09
66650.04800076805 4.406698960592763e-09
66700.04800076805 2.688458820566342e-09
66750.04800076805 3.4408268004968525e-09
66800.04800076805 3.7078528223625245e-09
66850.04800076805 2.3736178938560933e-09
66900.04800076805 9.817565055748892e-09
66950.04800076805 8.521905066641265e-09
67000.04800076805 1.1815400318628966e-08
67050.04800076805 5.84027967290359e-09
67100.04800076805 2.8903229189724884e-09
67150.04800076805 4.502186572290393e-09
67200.04800076805 6.808912884957842e-09
67250.04800076805 5.845157098676375e-09
67300.04800076805 1.0941516671323734e-08
67350.04800076805 4.281744628590001e-09
67400.04800076805 1.1238471061626258e-08
67450.04800076805 6.741429061229791e-09
67500.04800076805 6.367476526109551e-09
67550.04800076805 1.5445325145747743e-08
67600.04800076805 2.3753203372486192e-08
67650.04800076805 1.6469466961636058e-08
67700.04800076805 8.803400284938945e-09
67750.04800076805 4.7342360717794765e-09
67800.04800076805 7.393844730032314e-09
67850.04800076805 2.916708404730926e-09
67900.04800076805 3.6350190697412342e-09
67950.04800076805 2.9384578194403557e-09
68000.04800076805 8.327372631184159e-09
68050.04800076805 8.54137935567438e-09
68100.04800076805 1.5024104663333262e-08
68150.04800076805 1.3302722408470802e-08
68200.04800076805 9.184956425937661e-09
68250.04800076805 1.715095661107203e-09
68300.04800076805 9.920606957434616e-09
68350.04800076805 1.4017972660688886e-08
68400.04800076805 1.849951134568249e-08
68450.04800076805 1.511585676280752e-08
68500.04800076805 8.090982284342386e-09
68550.04800076805 2.8241252542692297e-09
68600.04800076805 2.8899474811585883e-09
68650.04800076805 1.3038271522955645e-09
68700.04800076805 4.261742287974782e-09
68750.04800076805 8.397538108391364e-09
68800.04800076805 9.428816377368978e-09
68850.04800076805 4.242106302722346e-09
68900.04800076805 1.643902335940332e-08
68950.04800076805 1.7476594712712773e-08
69000.04800076805 1.0670780240362491e-08
69050.04800076805 4.6437176592713375e-09
69100.04800076805 1.3542862373069759e-08
69150.04800076805 2.131451658243974e-08
69200.04800076805 1.692179454059733e-08
69250.04800076805 2.2548081381647192e-08
69300.04800076805 1.4023634117468079e-08
69350.04800076805 2.4994415917324895e-08
69400.04800076805 9.112234030780637e-09
69450.04800076805 2.0961686551916016e-08
69500.04800076805 1.0339228608604077e-08
69550.04800076805 6.89217803309463e-09
69600.04800076805 1.5481342737909281e-09
69650.04800076805 7.314788612203723e-09
69700.04800076805 1.4784551087111711e-08
69750.04800076805 8.707388347372635e-09
69800.04800076805 1.5631998662124543e-08
69850.04800076805 1.6220621442587048e-08
69900.04800076805 1.0009227612208559e-08
69950.04800076805 9.380197942783155e-09
70000.04800076805 1.0894123775469967e-08
70050.04800076805 2.1779085142881832e-08
70100.04800076805 1.6156096518195778e-08
70150.04800076805 1.2871089366472524e-08
70200.04800076805 7.64438905101505e-09
70250.04800076805 9.863225958020555e-09
70300.04800076805 1.980611240705265e-08
70350.04800076805 1.5672457428356787e-08
70400.04800076805 7.143388687275951e-09
70450.04800076805 8.576690985700347e-10
70500.04800076805 6.148615213689764e-09
70550.04800076805 5.74339415917067e-09
70600.04800076805 6.923204261386921e-09
70650.04800076805 1.6466375701297515e-08
70700.04800076805 1.930838565798799e-08
70750.04800076805 2.8909030907245493e-08
70800.04800076805 1.2009249516075278e-08
70850.04800076805 1.277066103888439e-08
70900.04800076805 1.6151449167511473e-08
70950.04800076805 2.2145938968401054e-08
71000.04800076805 2.1173272642712792e-08
71050.04800076805 2.124415865312192e-08
71100.04800076805 1.6413454410683635e-08
71150.04800076805 8.86558187098556e-09
71200.04800076805 8.861874147167205e-09
71250.04800076805 1.678973750528942e-08
71300.04800076805 2.2872537074163714e-08
71350.04800076805 2.2560564498746862e-08
71400.04800076805 1.6117569151423707e-08
71450.04800076805 5.493254236627155e-09
71500.04800076805 7.702795369748953e-09
71550.04800076805 9.23666529422491e-09
71600.04800076805 1.1542789508602892e-08
71650.04800076805 6.250436077341154e-09
71700.04800076805 4.316314660110856e-09
71750.04800076805 1.15283645046867e-08
71800.04800076805 1.7721669970872104e-08
71850.04800076805 1.741435612536963e-08
71900.04800076805 8.664420254332817e-09
71950.04800076805 1.3880448124479495e-08
72000.04800076805 1.2204944020717788e-08
72050.04800076805 4.997510529841891e-09
72100.04800076805 6.787423105719318e-09
72150.04800076805 9.01187844472268e-09
72200.04800076805 1.3193541671091088e-08
72250.04800076805 2.17125375918928e-08
72300.04800076805 1.1575910271387843e-08
72350.04800076805 1.3926394311279481e-08
72400.04800076805 1.2931885686247637e-08
72450.04800076805 1.0004627472506103e-08
72500.04800076805 1.3997288245414464e-08
72550.04800076805 4.443908954250684e-09
72600.04800076805 8.839755669579291e-09
72650.04800076805 1.695571153509933e-08
72700.04800076805 8.31015161549629e-09
72750.04800076805 9.00324716354104e-09
72800.04800076805 4.965679583669491e-09
72850.04800076805 7.851012025398866e-09
72900.04800076805 1.8013097977537757e-08
72950.04800076805 9.417912474410462e-09
73000.04800076805 1.0140651456871927e-08
73050.04800076805 4.4973946446700135e-09
73100.04800076805 6.74275603421931e-09
73150.04800076805 1.6920100593966896e-08
73200.04800076805 6.26993623463953e-09
73250.04800076805 8.04797115462608e-09
73300.04800076805 5.4840937214680564e-09
73350.04800076805 3.644396633402172e-09
73400.04800076805 7.89498284999141e-09
73450.04800076805 4.369131434201887e-09
73500.04800076805 3.681648081042942e-09
73550.04800076805 6.978043924104856e-09
73600.04800076805 7.913872574860186e-09
73650.04800076805 7.38443621772451e-09
73700.04800076805 6.731092432327469e-09
73750.04800076805 1.874560829109592e-09
73800.04800076805 6.099298028027668e-09
73850.04800076805 9.853754506009348e-09
73900.04800076805 4.096202486317897e-09
73950.04800076805 4.989668501918531e-09
74000.04800076805 2.0370981397672056e-09
74050.04800076805 1.0300904033155068e-08
74100.04800076805 7.36153945619274e-09
74150.04800076805 7.765619746972423e-09
74200.04800076805 3.308704577848283e-09
74250.04800076805 5.297258040929297e-10
74300.04800076805 7.603820722149192e-09
74350.04800076805 1.0841799948595049e-08
74400.04800076805 9.79493722869042e-09
74450.04800076805 3.2567945196098145e-09
74500.04800076805 1.5186739457031598e-09
74550.04800076805 4.1751909760202514e-09
74600.04800076805 6.074759706275563e-09
74650.04800076805 6.3488834536058535e-09
74700.04800076805 4.191906279954544e-09
74750.04800076805 2.0099348752249834e-09
74800.04800076805 3.0488109975946327e-09
74850.04800076805 8.31282052400046e-09
74900.04800076805 1.0145419529107029e-08
74950.04800076805 8.89282014750879e-09
75000.04800076805 3.696016984874521e-09
75050.04800076805 5.205307516959374e-10
75100.04800076805 8.136952114652985e-09
75150.04800076805 1.2207257491000119e-08
75200.04800076805 1.1867242589391615e-08
75250.04800076805 1.101553780412216e-08
75300.04800076805 7.109149210864798e-09
75350.04800076805 1.6809398567483571e-09
75400.04800076805 1.158746781813107e-08
75450.04800076805 1.3180324979469591e-08
75500.04800076805 1.2034676290871709e-08
75550.04800076805 9.720429123565634e-09
75600.04800076805 1.1054296475988505e-08
75650.04800076805 5.684013716904473e-09
75700.04800076805 1.4232038559988093e-08
75750.04800076805 8.442374831765836e-09
75800.04800076805 1.1021620697519134e-08
75850.04800076805 1.2552668922214837e-08
75900.04800076805 1.3051904559827482e-08
75950.04800076805 5.8776169202468015e-09
76000.04800076805 1.6808326640552247e-08
76050.04800076805 1.4634286058369805e-08
76100.04800076805 1.2556825442252184e-08
76150.04800076805 1.4290928538986495e-08
76200.04800076805 1.1646964994023065e-08
76250.04800076805 5.8899820328148e-09
76300.04800076805 1.919394265786684e-08
76350.04800076805 2.1989516235717e-08
76400.04800076805 1.704199564134554e-08
76450.04800076805 1.2426649041553198e-08
76500.04800076805 8.757266406331622e-09
76550.04800076805 2.570210164928397e-09
76600.04800076805 4.730889361744033e-10
76650.04800076805 4.905162123827735e-10
76700.04800076805 9.217606470137665e-10
76750.04800076805 1.1105698894641945e-09
76800.04800076805 2.5043684933422078e-09
76850.04800076805 1.5075072683993283e-09
76900.04800076805 1.1270999168997238e-09
76950.04800076805 3.110044870211771e-09
77000.04800076805 6.258390547079134e-09
77050.04800076805 9.28098403483941e-10
77100.04800076805 1.3589911958812639e-09
77150.04800076805 7.1826336595648925e-09
77200.04800076805 3.4652803350472914e-09
77250.04800076805 2.2972695577877315e-09
77300.04800076805 5.9763979743404284e-09
77350.04800076805 2.947283472930141e-09
77400.04800076805 3.771226698666973e-09
77450.04800076805 1.0295287786239332e-08
77500.04800076805 6.825470420218588e-09
77550.04800076805 4.440115464525973e-09
77600.04800076805 2.1082603412496145e-09
77650.04800076805 3.0653678709934468e-09
77700.04800076805 3.1606135951391945e-09
77750.04800076805 8.6206130863152e-09
77800.04800076805 9.804925376607758e-09
77850.04800076805 1.5968001496455346e-08
77900.04800076805 6.196075819688521e-09
77950.04800076805 1.1142183408650646e-09
78000.04800076805 5.316058154937791e-09
78050.04800076805 6.1230884491228e-09
78100.04800076805 8.034115328284767e-09
78150.04800076805 1.3125808658844191e-08
78200.04800076805 1.6371228882031665e-08
78250.04800076805 1.2103960048322896e-08
78300.04800076805 3.8360813811721896e-09
78350.04800076805 9.266018493633981e-09
78400.04800076805 3.2320853999240387e-09
78450.04800076805 8.395253165368029e-09
78500.04800076805 1.5829438663887586e-08
78550.04800076805 1.9764834884051323e-08
78600.04800076805 1.3607289671709707e-08
78650.04800076805 1.4050192662046675e-09
78700.04800076805 3.447109383521039e-09
78750.04800076805 7.456397938243472e-09
78800.04800076805 5.6757764043522485e-09
78850.04800076805 1.9386652227204296e-09
78900.04800076805 6.817674282264248e-09
78950.04800076805 1.1826507212561618e-08
79000.04800076805 8.25062138333697e-09
79050.04800076805 6.303293180566499e-09
79100.04800076805 9.51120344785145e-09
79150.04800076805 6.36665467174041e-09
79200.04800076805 8.340656741844155e-09
79250.04800076805 3.791214906323271e-09
79300.04800076805 5.022445517331478e-09
79350.04800076805 6.779066049060972e-09
79400.04800076805 3.3664400892326506e-09
79450.04800076805 1.3833747595848902e-08
79500.04800076805 1.8752638788522075e-08
79550.04800076805 1.5167060248702742e-08
79600.04800076805 7.122550951843997e-09
79650.04800076805 1.2765451206717685e-08
79700.04800076805 8.585932870291901e-09
79750.04800076805 8.035434031506648e-09
79800.04800076805 4.998444475515348e-09
79850.04800076805 1.1585622647294486e-08
79900.04800076805 2.147765030025918e-08
79950.04800076805 2.2664440683698742e-08
