galfind/configs/Brown_Dwarf_templates/sonora_cholla/logkzz4/1000g/650K_1000g_logkzz4_resample.dat
# %ECSV 1.0
# ---
# datatype:
# - {name: wav, unit: Angstrom, datatype: float64}
# - {name: flux_nu, unit: erg / (cm2 Hz s), datatype: float64}
# schema: astropy-2.0
wav flux_nu
3000.0480007680403 nan
3050.0480007680403 0.0
3100.0480007680403 0.0
3150.0480007680403 0.0
3200.0480007680403 0.0
3250.0480007680403 0.0
3300.0480007680403 0.0
3350.0480007680403 0.0
3400.0480007680403 0.0
3450.0480007680403 0.0
3500.0480007680403 0.0
3550.0480007680403 0.0
3600.0480007680403 0.0
3650.0480007680403 0.0
3700.0480007680403 0.0
3750.0480007680403 0.0
3800.0480007680403 0.0
3850.0480007680403 0.0
3900.0480007680403 0.0
3950.0480007680403 0.0
4000.0480007680403 0.0
4050.0480007680403 0.0
4100.04800076804 0.0
4150.04800076804 0.0
4200.04800076804 0.0
4250.04800076804 0.0
4300.04800076804 0.0
4350.04800076804 0.0
4400.04800076804 0.0
4450.04800076804 0.0
4500.04800076804 0.0
4550.04800076804 0.0
4600.04800076804 0.0
4650.04800076804 0.0
4700.04800076804 0.0
4750.04800076804 0.0
4800.04800076804 0.0
4850.04800076804 0.0
4900.04800076804 0.0
4950.04800076804 0.0
5000.04800076804 8.699486144089409e-12
5050.04800076804 2.2963930571726677e-11
5100.04800076804 2.6578585218141054e-11
5150.04800076804 3.1037409421953264e-11
5200.04800076804 3.622154281411117e-11
5250.04800076804 4.1981796480551045e-11
5300.04800076804 4.8500883841720955e-11
5350.04800076804 5.586909572835888e-11
5400.04800076804 6.397229632155515e-11
5450.04800076804 7.322278069602156e-11
5500.04800076804 8.365638984670995e-11
5550.04800076804 9.531113277132154e-11
5600.04800076804 1.0799172905319961e-10
5650.04800076804 1.2143607322377714e-10
5700.04800076804 1.3426489997086972e-10
5750.04800076804 1.4781624152858186e-10
5800.04800076804 1.5728251315458209e-10
5850.04800076804 1.546427492227568e-10
5900.04800076804 6.26555485998218e-11
5950.04800076804 1.0140436581791876e-10
6000.04800076804 2.3283454179485426e-10
6050.04800076804 2.9831586889222077e-10
6100.04800076804 3.568022542373441e-10
6150.04800076804 4.130441533567539e-10
6200.04800076804 4.70572327071144e-10
6250.04800076804 5.289390587826703e-10
6300.04800076804 5.952773742643945e-10
6350.04800076804 6.671795451065194e-10
6400.04800076804 7.427584743547899e-10
6450.04800076804 7.9881589655471e-10
6500.04800076804 8.837013955961719e-10
6550.04800076804 9.889190497331778e-10
6600.04800076804 1.0990910044484101e-09
6650.04800076804 1.2312346188027741e-09
6700.04800076804 1.3859942579534495e-09
6750.04800076804 1.5446707453899386e-09
6800.04800076804 1.7096308238556259e-09
6850.04800076804 1.8883266979601995e-09
6900.04800076804 1.9215516937369478e-09
6950.04800076804 1.938347071705133e-09
7000.04800076804 2.1774491842313384e-09
7050.04800076804 2.2673866823383065e-09
7100.04800076804 2.429146979105858e-09
7150.04800076804 2.0861898524012087e-09
7200.04800076804 1.9801976300340875e-09
7250.04800076804 2.279055200136083e-09
7300.04800076804 2.3722353597100584e-09
7350.04800076804 2.7176765038800964e-09
7400.04800076804 3.1137622413908805e-09
7450.04800076804 3.5900006481514416e-09
7500.04800076804 3.968126904972534e-09
7550.04800076804 4.350830884196364e-09
7600.04800076804 4.708872602789337e-09
7650.04800076804 4.99884554122791e-09
7700.04800076804 3.904126437215222e-09
7750.04800076804 2.4447951284915804e-09
7800.04800076804 5.613759960044435e-09
7850.04800076804 5.993105554683427e-09
7900.04800076804 6.4312428454719855e-09
7950.04800076804 6.934130726351655e-09
8000.04800076804 7.259930175726559e-09
8050.04800076804 7.530336740794796e-09
8100.04800076804 6.076882572556036e-09
8150.04800076804 5.2256946272351824e-09
8200.04800076804 7.321658202184429e-09
8250.04800076804 7.0163647444545806e-09
8300.04800076804 7.632430432974715e-09
8350.04800076804 7.758232957077114e-09
8400.04800076804 8.22341258745631e-09
8450.04800076804 9.417426745934012e-09
8500.04800076804 1.0449946807752845e-08
8550.04800076804 1.1652441185463337e-08
8600.04800076804 1.3036635958485247e-08
8650.04800076804 1.402886051490019e-08
8700.04800076804 1.4411282698552263e-08
8750.04800076804 1.5284082285038445e-08
8800.04800076804 1.5275288602174627e-08
8850.04800076804 1.3024362782150228e-08
8900.04800076804 6.049732293543769e-09
8950.04800076804 4.89662616863882e-09
9000.04800076804 4.669851637113066e-09
9050.04800076804 1.0249273722969576e-08
9100.04800076804 1.06880422348367e-08
9150.04800076804 9.838057465768347e-09
9200.04800076804 1.1798179449681834e-08
9250.04800076804 8.571937888094651e-09
9300.04800076804 4.3312172354541745e-10
9350.04800076804 8.266542756641412e-10
9400.04800076804 3.0803294112660168e-09
9450.04800076804 2.3287913398600782e-09
9500.04800076804 1.8414720805802372e-09
9550.04800076804 1.8911360357635758e-09
9600.04800076804 1.975831195475332e-09
9650.04800076804 2.915358390590242e-09
9700.04800076804 5.456056950252244e-09
9750.04800076804 5.59857956775175e-09
9800.04800076804 6.8967356850529305e-09
9850.04800076804 8.561394754914253e-09
9900.04800076804 1.1455846216066882e-08
9950.04800076804 1.2248634035306236e-08
10000.04800076804 1.5061550645738454e-08
10050.04800076804 1.5741097191456968e-08
10100.04800076804 1.8113883290468146e-08
10150.04800076804 1.9231127820015537e-08
10200.04800076804 2.0374905307539258e-08
10250.04800076804 2.274809284364857e-08
10300.04800076804 2.5430159605388835e-08
10350.04800076804 2.556477305560696e-08
10400.04800076804 2.875455565826865e-08
10450.04800076804 3.048091317713205e-08
10500.04800076804 3.1559230353016583e-08
10550.04800076804 3.265803956462604e-08
10600.04800076804 3.2270089346436425e-08
10650.04800076804 3.174585788531928e-08
10700.04800076804 3.010529112815289e-08
10750.04800076804 2.931036342449541e-08
10800.04800076804 2.759047739892017e-08
10850.04800076804 2.512982988851409e-08
10900.04800076804 1.9663967515516464e-08
10950.04800076804 1.0742539721781874e-08
11000.04800076804 6.2600033969925265e-09
11050.04800076804 3.0575773709608164e-09
11100.04800076804 1.517990392042383e-09
11150.04800076804 6.873168487421255e-10
11200.04800076804 6.329645001613937e-10
11250.04800076804 9.462885162275178e-10
11300.04800076804 1.183584477422368e-09
11350.04800076804 4.202914349649072e-10
11400.04800076804 1.7227974412171324e-09
11450.04800076804 9.664884153414987e-10
11500.04800076804 9.974400867607738e-10
11550.04800076804 3.5895410486849733e-10
11600.04800076804 2.5981227260050285e-10
11650.04800076804 6.928230329410347e-10
11700.04800076804 8.87714334850821e-10
11750.04800076804 3.778418708925263e-10
11800.04800076804 1.5571817269259752e-09
11850.04800076804 2.5589007956018374e-09
11900.04800076804 3.391009112497291e-09
11950.04800076804 5.225602282428105e-09
12000.04800076804 7.434451038910028e-09
12050.04800076804 1.0240687220113223e-08
12100.04800076804 1.310245875020152e-08
12150.04800076804 1.664242021245245e-08
12200.04800076804 1.945577524918704e-08
12250.04800076804 2.3451808196365324e-08
12300.04800076804 2.8512589446727254e-08
12350.04800076804 3.042730758622625e-08
12400.04800076804 3.684124568164878e-08
12450.04800076804 4.254554787520613e-08
12500.04800076804 4.650783930306294e-08
12550.04800076804 5.064237251257975e-08
12600.04800076804 5.405784921260673e-08
12650.04800076804 5.534804053614893e-08
12700.04800076804 5.562952894225943e-08
12750.04800076804 4.959142998748467e-08
12800.04800076804 4.4941618135250936e-08
12850.04800076804 3.5345073350959827e-08
12900.04800076804 2.955708520249442e-08
12950.04800076804 2.498619230174564e-08
13000.04800076804 2.6179075319947432e-08
13050.04800076804 2.012133633784481e-08
13100.04800076804 1.9854945438633646e-08
13150.04800076804 1.4264123268799142e-08
13200.04800076804 1.3923543025212779e-08
13250.04800076804 9.455253523221556e-09
13300.04800076804 3.805039384830725e-09
13350.04800076804 1.1716610358815274e-09
13400.04800076804 2.6461758657481195e-10
13450.04800076804 8.377131279140672e-11
13500.04800076804 3.0450109561102175e-11
13550.04800076804 1.0342673273372577e-11
13600.04800076804 3.2504698365351947e-12
13650.04800076804 2.199102627250995e-11
13700.04800076804 1.2041706815040019e-11
13750.04800076804 4.196115340426976e-11
13800.04800076804 4.585277479216309e-11
13850.04800076804 1.6353587773105056e-11
13900.04800076804 2.396916277128862e-11
13950.04800076804 2.341381456264065e-11
14000.04800076804 2.8700449845633615e-11
14050.04800076804 4.62774138005476e-11
14100.04800076804 3.584675774419114e-11
14150.04800076804 7.454031090620114e-11
14200.04800076804 4.895582456493098e-11
14250.04800076804 6.735506130350093e-11
14300.04800076804 2.3059683574218095e-10
14350.04800076804 1.8105419696686443e-10
14400.04800076804 1.8577686276641767e-10
14450.04800076804 3.433148779421091e-10
14500.04800076804 7.545617382156909e-10
14550.04800076804 7.985152047310712e-10
14600.04800076804 1.6170468448129726e-09
14650.04800076804 1.2604705111173524e-09
14700.04800076804 6.858313899040451e-10
14750.04800076804 9.490693720534242e-10
14800.04800076804 1.1381802967157412e-09
14850.04800076804 1.2187935764616461e-09
14900.04800076804 1.4224072843739255e-09
14950.04800076804 1.852980188943324e-09
15000.04800076804 2.923548032695607e-09
15050.04800076804 3.267719108753846e-09
15100.04800076804 3.27276857371272e-09
15150.04800076804 3.012645398195785e-09
15200.04800076804 4.293348798802503e-09
15250.04800076804 6.776571196747711e-09
15300.04800076804 8.021736962562103e-09
15350.04800076804 1.0338163913490317e-08
15400.04800076804 1.2401139101002347e-08
15450.04800076804 1.430864584668526e-08
15500.04800076804 1.6338119513465197e-08
15550.04800076804 2.0019072619737395e-08
15600.04800076804 2.3517643107525963e-08
15650.04800076804 2.6888209349758806e-08
15700.04800076804 3.17622741733624e-08
15750.04800076804 3.4233241592527367e-08
15800.04800076804 3.5909687975676584e-08
15850.04800076804 3.8112197713878895e-08
15900.04800076804 3.574564359978906e-08
15950.04800076804 3.378630921511015e-08
16000.04800076804 2.788517285318938e-08
16050.04800076804 1.9355479699824247e-08
16100.04800076804 1.297366505726161e-08
16150.04800076804 7.584623969639347e-09
16200.04800076804 4.101758348577752e-09
16250.04800076804 3.0573426117498724e-09
16300.04800076804 2.211628746170858e-09
16350.04800076804 2.585382361871608e-09
16400.04800076804 3.1026922433818376e-09
16450.04800076804 3.1545804158477004e-09
16500.04800076804 3.274070946841796e-09
16550.04800076804 3.2238221880007576e-09
16600.04800076804 4.617095367910588e-09
16650.04800076804 3.091885603555379e-09
16700.04800076804 5.810245729915856e-10
16750.04800076804 1.9276098272885975e-09
16800.04800076804 2.94499866407154e-09
16850.04800076804 2.8796028378208916e-09
16900.04800076804 1.7622878071152261e-09
16950.04800076804 1.3486287477112973e-09
17000.04800076804 8.260906030958843e-10
17050.04800076804 1.3854050116035785e-09
17100.04800076804 2.0108709132706236e-09
17150.04800076804 1.3470831815884971e-09
17200.04800076804 3.169845630056201e-09
17250.04800076804 1.8197516522274619e-09
17300.04800076804 1.3226638243499134e-09
17350.04800076804 1.462963099320586e-09
17400.04800076804 1.93461062347833e-09
17450.04800076804 2.322813422637067e-09
17500.04800076804 2.887620791052147e-09
17550.04800076804 2.22678537845023e-09
17600.04800076804 1.8100160953281165e-09
17650.04800076804 1.4440544957103884e-09
17700.04800076804 1.201117728143735e-09
17750.04800076804 8.993411996209722e-10
17800.04800076804 1.4188132630463807e-09
17850.04800076804 7.888709979967862e-10
17900.04800076804 6.757421042232413e-10
17950.04800076804 3.903758387000011e-10
18000.04800076804 6.600163768105864e-10
18050.04800076804 3.5562807355961665e-10
18100.04800076804 3.937777783433037e-10
18150.04800076804 3.926456802387607e-10
18200.04800076804 2.1849595422331323e-10
18250.04800076804 8.112705995413151e-10
18300.04800076804 1.8040430747683351e-10
18350.04800076804 1.5437868453329715e-10
18400.04800076804 1.0521264590298567e-10
18450.04800076804 4.772123779796114e-10
18500.04800076804 4.5574433509068577e-10
18550.04800076804 2.4033734690279854e-10
18600.04800076804 2.9471319152486703e-10
18650.04800076804 1.7772833029836944e-10
18700.04800076804 6.210171776102768e-11
18750.04800076804 1.4488958120560113e-10
18800.04800076804 8.96867508355286e-10
18850.04800076804 7.995783447340038e-10
18900.04800076804 6.848573537493201e-10
18950.04800076804 1.4268628576143219e-09
19000.04800076804 4.034451730609478e-10
19050.04800076804 2.1824965723001918e-10
19100.04800076804 6.18231065899561e-10
19150.04800076804 2.7181342549089134e-10
19200.04800076804 5.742708707394335e-10
19250.04800076804 3.827339294680887e-10
19300.04800076804 2.498865632915201e-10
19350.04800076804 3.0467927582843297e-10
19400.04800076804 2.106823369972818e-10
19450.04800076804 4.422867652451017e-10
19500.04800076804 4.218951419904184e-10
19550.04800076804 3.783203878314904e-10
19600.04800076804 6.286916871569789e-10
19650.04800076804 7.561428330828749e-10
19700.04800076804 8.335544721856706e-10
19750.04800076804 1.2301370835792757e-09
19800.04800076804 1.111599674502361e-09
19850.04800076804 1.5728372399638986e-09
19900.04800076804 1.5459041436838501e-09
19950.04800076804 2.1805489641456057e-09
20000.04800076804 2.171654261519932e-09
20050.04800076804 2.1680323465891815e-09
20100.04800076804 3.0040028856511527e-09
20150.04800076804 2.25390043061179e-09
20200.04800076804 2.22235451419021e-09
20250.04800076804 3.081235652028463e-09
20300.04800076804 3.017004373168274e-09
20350.04800076804 3.4008366793508296e-09
20400.04800076804 3.103062890544574e-09
20450.04800076804 4.088865140549175e-09
20500.04800076804 4.216211257800493e-09
20550.04800076804 4.301789064377568e-09
20600.04800076804 4.51013417277472e-09
20650.04800076804 4.622690046011965e-09
20700.04800076804 4.562542733341953e-09
20750.04800076804 4.7373706002075325e-09
20800.04800076804 4.567066179227695e-09
20850.04800076804 4.702707974914958e-09
20900.04800076804 4.6890715645612395e-09
20950.04800076804 4.533851008761053e-09
21000.04800076804 4.4268338452406365e-09
21050.04800076804 4.3635788040417236e-09
21100.04800076804 4.236768420706078e-09
21150.04800076804 4.1889622691135895e-09
21200.04800076804 4.005580337368325e-09
21250.04800076804 3.833502491505238e-09
21300.04800076804 3.537232966882625e-09
21350.04800076804 3.4281115844011886e-09
21400.04800076804 3.3998893573568494e-09
21450.04800076804 2.9140014773558705e-09
21500.04800076804 2.8803704092869935e-09
21550.04800076804 2.7566521335145756e-09
21600.04800076804 2.541282544577077e-09
21650.04800076804 2.263271676898679e-09
21700.04800076804 2.3473265656842904e-09
21750.04800076804 2.3025328761543913e-09
21800.04800076804 1.9596849369685308e-09
21850.04800076804 1.735052093079414e-09
21900.04800076804 1.4684041854850144e-09
21950.04800076804 7.009544179298341e-10
22000.04800076804 1.383923162359794e-10
22050.04800076804 1.9656363623882743e-10
22100.04800076804 6.429951949452722e-10
22150.04800076804 5.568759576351519e-10
22200.04800076804 4.73237747482628e-10
22250.04800076804 4.4963147220557883e-10
22300.04800076804 2.5720284168775325e-10
22350.04800076804 2.9763680552461134e-10
22400.04800076804 1.511837495401763e-10
22450.04800076804 1.5437376106113175e-10
22500.04800076804 1.6584980995862986e-10
22550.04800076804 8.852480347541743e-11
22600.04800076804 1.117476761897521e-10
22650.04800076804 1.839608538379673e-10
22700.04800076804 1.2182392993367984e-10
22750.04800076804 1.2269374965382975e-10
22800.04800076804 1.5692021808344313e-10
22850.04800076804 1.2800323938483075e-10
22900.04800076804 8.363190449601481e-11
22950.04800076804 6.040535257156379e-11
23000.04800076804 9.609160626901177e-11
23050.04800076804 1.1344603334148515e-10
23100.04800076804 5.047382569544854e-10
23150.04800076804 4.922792087998329e-10
23200.04800076804 2.9108542631089023e-11
23250.04800076804 9.007669448346908e-11
23300.04800076804 1.0772522827299935e-10
23350.04800076804 8.286890885341446e-11
23400.04800076804 9.903387741717696e-11
23450.04800076804 5.7182937642725655e-11
23500.04800076804 6.398707644307556e-11
23550.04800076804 1.1703414354658557e-10
23600.04800076804 2.0811816602427304e-10
23650.04800076804 2.352688454608967e-10
23700.04800076804 5.313777850744759e-11
23750.04800076804 6.228816281121686e-11
