galfind/configs/Brown_Dwarf_templates/sonora_cholla/logkzz4/1000g/650K_1000g_logkzz4_resample.dat
# %ECSV 1.0
# ---
# datatype:
# - {name: wav, unit: Angstrom, datatype: float64}
# - {name: flux_nu, unit: erg / (cm2 Hz s), datatype: float64}
# schema: astropy-2.0
wav flux_nu
[from data line 1210]
63500.04800076804 1.567498983833525e-08
63550.04800076804 2.2955868931890403e-08
63600.04800076804 1.9109821660322808e-08
63650.04800076804 1.3322241811159804e-08
63700.04800076804 3.6187617620513413e-09
63750.04800076804 9.698093428555147e-09
63800.04800076804 2.336948635510365e-08
63850.04800076804 1.7590673117481822e-08
63900.04800076804 5.3281052317391114e-09
63950.04800076804 1.2772707406625876e-08
64000.04800076804 1.7532394521681412e-08
64050.04800076804 6.620432493798226e-09
64100.04800076804 1.425148859258141e-09
64150.04800076804 2.248014953291937e-09
64200.04800076804 2.855851617965962e-09
64250.04800076804 9.24088132827732e-09
64300.04800076804 7.575294912629658e-09
64350.04800076804 5.017273395413696e-09
64400.04800076804 1.4343486592601835e-08
64450.04800076804 1.565521918462934e-08
64500.04800076804 6.177646359690302e-09
64550.04800076804 1.3460633717398816e-08
64600.04800076804 8.999908627249459e-09
64650.04800076804 1.3069213151897458e-08
64700.04800076804 3.988355055619871e-09
64750.04800076804 6.44087497954464e-09
64800.04800076804 3.537323580656918e-09
64850.04800076804 2.5794722711901375e-09
64900.04800076804 2.610295245719647e-09
64950.04800076804 2.1100347031382387e-09
65000.04800076804 3.955293052689722e-09
65050.04800076804 8.078905671666052e-09
65100.04800076804 1.1266009672541817e-08
65150.04800076804 5.446728207432513e-09
65200.04800076804 2.2069911679989356e-09
65250.04800076804 6.61521588520551e-09
65300.04800076804 8.802366199823628e-09
65350.04800076804 2.0805092230989752e-08
65400.04800076804 7.904084521785278e-09
65450.04800076804 7.797711273630235e-09
65500.04800076804 9.394836920847703e-09
65550.04800076805 3.7794679257483025e-09
65600.04800076805 9.10628032177092e-09
65650.04800076805 5.508145365482985e-09
65700.04800076805 5.100156390769371e-09
65750.04800076805 3.4207797966157595e-09
65800.04800076805 8.150328642524001e-09
65850.04800076805 1.228829124561912e-08
65900.04800076805 2.910052265373331e-09
65950.04800076805 5.547367230247677e-09
66000.04800076805 6.960871632291655e-09
66050.04800076805 1.554610335615149e-08
66100.04800076805 8.416555686808242e-09
66150.04800076805 8.212141233224209e-09
66200.04800076805 7.486596932372648e-09
66250.04800076805 4.1968345964839965e-09
66300.04800076805 1.6756103275987925e-09
66350.04800076805 1.3965410529967957e-09
66400.04800076805 2.8925748757719717e-09
66450.04800076805 9.62821812377328e-09
66500.04800076805 1.4936439431688634e-08
66550.04800076805 1.4436914836203108e-08
66600.04800076805 1.1349124156467932e-08
66650.04800076805 8.146159930266579e-09
66700.04800076805 5.346783125827434e-09
66750.04800076805 6.133358531159583e-09
66800.04800076805 7.106283919326903e-09
66850.04800076805 4.559121647987634e-09
66900.04800076805 1.6763088703100527e-08
66950.04800076805 1.5245325382226658e-08
67000.04800076805 1.963702403169771e-08
67050.04800076805 1.0002346732916685e-08
67100.04800076805 5.4339235741830906e-09
67150.04800076805 7.548176422546916e-09
67200.04800076805 1.1664274657279722e-08
67250.04800076805 1.0052511796543213e-08
67300.04800076805 1.73049161346959e-08
67350.04800076805 7.3300372244492325e-09
67400.04800076805 1.8612523761001743e-08
67450.04800076805 1.1191486282157433e-08
67500.04800076805 1.0739937898168077e-08
67550.04800076805 2.2982240719511158e-08
67600.04800076805 3.631033355756431e-08
67650.04800076805 2.5660796026278408e-08
67700.04800076805 1.4298302956825907e-08
67750.04800076805 8.373705773514443e-09
67800.04800076805 1.2848813371550458e-08
67850.04800076805 5.348218331836921e-09
67900.04800076805 6.7634232679925754e-09
67950.04800076805 5.301877202819342e-09
68000.04800076805 1.3587991535157043e-08
68050.04800076805 1.4793520789696937e-08
68100.04800076805 2.4047652133788076e-08
68150.04800076805 2.0780297580193783e-08
68200.04800076805 1.533688963431114e-08
68250.04800076805 3.189778445679299e-09
68300.04800076805 1.6447688797072822e-08
68350.04800076805 1.9605601086999216e-08
68400.04800076805 2.881346262677674e-08
68450.04800076805 2.3385755732359042e-08
68500.04800076805 1.372364400538577e-08
68550.04800076805 5.300817688964227e-09
68600.04800076805 5.5353169743541375e-09
68650.04800076805 2.6094811283331213e-09
68700.04800076805 7.556372019149887e-09
68750.04800076805 1.3775933398627119e-08
68800.04800076805 1.551493199718702e-08
68850.04800076805 6.699555740915113e-09
68900.04800076805 2.5582302985695014e-08
68950.04800076805 2.694524295165504e-08
69000.04800076805 1.7327737913707047e-08
69050.04800076805 8.044486469466838e-09
69100.04800076805 2.1941415408100707e-08
69150.04800076805 3.257996209532445e-08
69200.04800076805 2.4020259490408643e-08
69250.04800076805 3.3812410923770794e-08
69300.04800076805 2.0955297014306254e-08
69350.04800076805 3.638463864995951e-08
69400.04800076805 1.3120836941805726e-08
69450.04800076805 3.176496219483514e-08
69500.04800076805 1.5756563445784377e-08
69550.04800076805 1.1612994990860928e-08
69600.04800076805 2.8974480988171044e-09
69650.04800076805 1.1871427468415858e-08
69700.04800076805 2.3178409761273544e-08
69750.04800076805 1.3934242866941069e-08
69800.04800076805 2.3571296376917894e-08
69850.04800076805 2.497343721415462e-08
69900.04800076805 1.6252836631917423e-08
69950.04800076805 1.5248031140980685e-08
70000.04800076805 1.6524959784976992e-08
70050.04800076805 3.242127018260003e-08
70100.04800076805 2.335366502401848e-08
70150.04800076805 1.9474763985454894e-08
70200.04800076805 1.213000700848751e-08
70250.04800076805 1.6208099802446245e-08
70300.04800076805 3.06585250594395e-08
70350.04800076805 2.3576719597926963e-08
70400.04800076805 1.1503829560640141e-08
70450.04800076805 1.82042273565831e-09
70500.04800076805 9.635369812186636e-09
70550.04800076805 9.196478954226995e-09
70600.04800076805 1.0517035006550758e-08
70650.04800076805 2.493606991837519e-08
70700.04800076805 2.726342533153071e-08
70750.04800076805 4.06357291023729e-08
70800.04800076805 1.7814221483399285e-08
70850.04800076805 1.82540634341436e-08
70900.04800076805 2.271595567490903e-08
70950.04800076805 3.113662411708406e-08
71000.04800076805 2.9286166148893395e-08
71050.04800076805 2.9320744269743885e-08
71100.04800076805 2.3096152199823757e-08
71150.04800076805 1.3977719119691055e-08
71200.04800076805 1.3238886138071036e-08
71250.04800076805 2.3217651600429047e-08
71300.04800076805 3.122887369254358e-08
71350.04800076805 3.160864167809594e-08
71400.04800076805 2.3847623968361614e-08
71450.04800076805 9.121463262805437e-09
71500.04800076805 1.169374158792737e-08
71550.04800076805 1.3924216565159686e-08
71600.04800076805 1.7459568834886657e-08
71650.04800076805 1.0327517659497864e-08
71700.04800076805 7.347617784164532e-09
71750.04800076805 1.7385709461315555e-08
71800.04800076805 2.570449786513117e-08
71850.04800076805 2.4951492777584442e-08
71900.04800076805 1.2805038816447643e-08
71950.04800076805 1.964161901566386e-08
72000.04800076805 1.7590085408459637e-08
72050.04800076805 8.088718246538147e-09
72100.04800076805 1.0569741586899104e-08
72150.04800076805 1.2531206044456213e-08
72200.04800076805 1.8815945524288715e-08
72250.04800076805 2.923000292508253e-08
72300.04800076805 1.6707801796230984e-08
72350.04800076805 1.9708071189750663e-08
72400.04800076805 1.8184876569525896e-08
72450.04800076805 1.4296705622491073e-08
72500.04800076805 1.9736083102984333e-08
72550.04800076805 6.7613432130279535e-09
72600.04800076805 1.2954120167277792e-08
72650.04800076805 2.4053745893687922e-08
72700.04800076805 1.3179934745749977e-08
72750.04800076805 1.4116561865353478e-08
72800.04800076805 8.079263612083245e-09
72850.04800076805 1.1797387719080007e-08
72900.04800076805 2.562226800893746e-08
72950.04800076805 1.4213199291134383e-08
73000.04800076805 1.5111118684198222e-08
73050.04800076805 7.42130729792415e-09
73100.04800076805 1.0232212681587818e-08
73150.04800076805 2.4879600112465077e-08
73200.04800076805 9.699725820472088e-09
73250.04800076805 1.2642382169451273e-08
73300.04800076805 9.047000394437096e-09
73350.04800076805 6.2081109443763976e-09
73400.04800076805 1.2343870835502608e-08
73450.04800076805 6.9838799255638444e-09
73500.04800076805 6.126986622832729e-09
73550.04800076805 1.1164271077409782e-08
73600.04800076805 1.1901041969833653e-08
73650.04800076805 1.1824729510746826e-08
73700.04800076805 1.1049185262649016e-08
73750.04800076805 3.551653456995183e-09
73800.04800076805 9.907429001954974e-09
73850.04800076805 1.4988307384616913e-08
73900.04800076805 7.357518015589075e-09
73950.04800076805 8.281315688614919e-09
74000.04800076805 3.964718841607587e-09
74050.04800076805 1.674593275798766e-08
74100.04800076805 1.162515489311233e-08
74150.04800076805 1.2124683133190299e-08
74200.04800076805 6.224902919652125e-09
74250.04800076805 1.223809954943978e-09
74300.04800076805 1.184339301616536e-08
74350.04800076805 1.6788835471878858e-08
74400.04800076805 1.5561853254575567e-08
74450.04800076805 5.835334168202376e-09
74500.04800076805 3.1230452443953704e-09
74550.04800076805 7.498264515291714e-09
74600.04800076805 9.719941946660812e-09
74650.04800076805 9.910754357760933e-09
74700.04800076805 6.6333389574542666e-09
74750.04800076805 4.0411603776447676e-09
74800.04800076805 5.825412394964917e-09
74850.04800076805 1.1637646663328064e-08
74900.04800076805 1.5866638609784223e-08
74950.04800076805 1.4529790363628466e-08
75000.04800076805 6.476468364476697e-09
75050.04800076805 1.5242013620841453e-09
75100.04800076805 1.386551087693042e-08
75150.04800076805 1.7769261259949854e-08
75200.04800076805 1.7754584899951882e-08
75250.04800076805 1.7802086792188223e-08
75300.04800076805 1.2852593425959917e-08
75350.04800076805 3.6612566185468704e-09
75400.04800076805 1.9199028003517034e-08
75450.04800076805 1.8882997785761403e-08
75500.04800076805 1.741941144307857e-08
75550.04800076805 1.5218430554926974e-08
75600.04800076805 1.8565951604693406e-08
75650.04800076805 1.0252352368591039e-08
75700.04800076805 2.079146393101829e-08
75750.04800076805 1.1905939778722547e-08
75800.04800076805 1.6744392424815687e-08
75850.04800076805 1.9260898300385107e-08
75900.04800076805 1.9480548037695142e-08
75950.04800076805 9.347954142662686e-09
76000.04800076805 2.3656070495347537e-08
76050.04800076805 2.0873878288651206e-08
76100.04800076805 1.861050775944381e-08
76150.04800076805 2.0977385836141143e-08
76200.04800076805 1.8054380588216825e-08
76250.04800076805 1.1078792515914991e-08
76300.04800076805 3.043606805548333e-08
76350.04800076805 3.41068743647393e-08
76400.04800076805 2.614290589231092e-08
76450.04800076805 2.0005103962540106e-08
76500.04800076805 1.4400809962433037e-08
76550.04800076805 5.16207746666042e-09
76600.04800076805 1.121023922891857e-09
76650.04800076805 1.2880725781357158e-09
76700.04800076805 2.1115314240252955e-09
76750.04800076805 2.2704196966764495e-09
76800.04800076805 5.067314145517435e-09
76850.04800076805 2.459389608358101e-09
76900.04800076805 2.0593480651976373e-09
76950.04800076805 5.578216753665283e-09
77000.04800076805 9.149399126608244e-09
77050.04800076805 2.0397040217867507e-09
77100.04800076805 2.652358982396474e-09
77150.04800076805 1.0662982351823034e-08
77200.04800076805 5.999984548275608e-09
77250.04800076805 4.861385511654126e-09
77300.04800076805 9.265508292632394e-09
77350.04800076805 4.44530246841184e-09
77400.04800076805 5.477877244357207e-09
77450.04800076805 1.329809797063288e-08
77500.04800076805 9.358386093878485e-09
77550.04800076805 7.1728040030238095e-09
77600.04800076805 4.122937041295198e-09
77650.04800076805 5.6842402944619905e-09
77700.04800076805 5.3376828792011236e-09
77750.04800076805 1.308798407573735e-08
77800.04800076805 1.3636450549412003e-08
77850.04800076805 2.3590120671877754e-08
77900.04800076805 1.064649927742977e-08
77950.04800076805 2.5508602185915477e-09
78000.04800076805 8.519663637725838e-09
78050.04800076805 9.684580778019537e-09
78100.04800076805 1.1290782837686253e-08
78150.04800076805 1.8909491009305807e-08
78200.04800076805 2.2333126513366224e-08
78250.04800076805 1.862510779924861e-08
78300.04800076805 7.626699536686835e-09
78350.04800076805 1.5041019508231883e-08
78400.04800076805 5.739946189476908e-09
78450.04800076805 1.4118926725197268e-08
78500.04800076805 2.29602823323371e-08
78550.04800076805 2.7985201267507854e-08
78600.04800076805 2.0100049635873226e-08
78650.04800076805 2.7021551759781144e-09
78700.04800076805 6.112276088926669e-09
78750.04800076805 1.1211612793383242e-08
78800.04800076805 1.0192341995624042e-08
78850.04800076805 3.83042981251781e-09
78900.04800076805 1.1206676216474723e-08
78950.04800076805 1.7263503716030274e-08
79000.04800076805 1.3226078979589485e-08
79050.04800076805 1.0060632631148373e-08
79100.04800076805 1.4140314824135807e-08
79150.04800076805 1.08116717472739e-08
79200.04800076805 1.3639404556960112e-08
79250.04800076805 6.94141136857803e-09
79300.04800076805 7.931971284250496e-09
79350.04800076805 1.1304274260513537e-08
79400.04800076805 5.990519723082492e-09
79450.04800076805 2.045828914380595e-08
79500.04800076805 2.7760232746452278e-08
79550.04800076805 2.2446125430093186e-08
79600.04800076805 1.0516677484852014e-08
79650.04800076805 1.805976866990359e-08
79700.04800076805 1.370170596808e-08
79750.04800076805 1.3168515211501011e-08
79800.04800076805 8.1496154873907e-09
79850.04800076805 1.6843226813768193e-08
79900.04800076805 3.113253871454848e-08
79950.04800076805 3.053791744469873e-08
