galfind/configs/Brown_Dwarf_templates/sonora_cholla/logkzz4/1000g/700K_1000g_logkzz4_resample.dat
# %ECSV 1.0
# ---
# datatype:
# - {name: wav, unit: Angstrom, datatype: float64}
# - {name: flux_nu, unit: erg / (cm2 Hz s), datatype: float64}
# schema: astropy-2.0
wav flux_nu
[from data line 418]
23900.04800076804 7.379879105458956e-10
23950.04800076804 5.089247230611697e-10
24000.04800076804 9.068770560814498e-10
24050.04800076804 9.68910559833956e-10
24100.04800076804 9.039705533005385e-10
24150.04800076804 1.2444827049775553e-09
24200.04800076804 1.1395377318439032e-09
24250.04800076804 7.965507971463098e-10
24300.04800076804 1.5119241237428693e-09
24350.04800076804 9.850661627148842e-10
24400.04800076804 2.0697904730880207e-09
24450.04800076804 1.851014003275711e-09
24500.04800076804 1.7832676818535637e-09
24550.04800076804 2.610566603982013e-09
24600.04800076804 2.934568228859225e-09
24650.04800076804 3.475907154150961e-09
24700.04800076804 2.3800044708456473e-09
24750.04800076804 2.7744516759556118e-09
24800.04800076804 2.456795136575262e-09
24850.04800076804 3.946990567561035e-09
24900.04800076804 1.4521515592976671e-09
24950.04800076804 3.0477391895134048e-09
25000.04800076804 2.8449854080036572e-09
25050.04800076804 1.5477824133306032e-09
25100.04800076804 2.5536051375835847e-09
25150.04800076804 1.200568997937185e-09
25200.04800076804 1.7462152191586062e-09
25250.04800076804 7.183894029460213e-10
25300.04800076804 1.066839491018695e-09
25350.04800076804 4.682169935818678e-10
25400.04800076804 1.2546333569487624e-09
25450.04800076804 4.900713541115998e-10
25500.04800076804 4.132977819528814e-10
25550.04800076804 8.055182652666703e-10
25600.04800076804 4.5640386614830577e-10
25650.04800076804 2.398744924059572e-10
25700.04800076804 3.8614315509562763e-10
25750.04800076804 1.4119129391323712e-10
25800.04800076804 5.924924671820964e-10
25850.04800076804 1.310606901105251e-10
25900.04800076804 2.176836973903904e-10
25950.04800076804 7.41300591065185e-11
26000.04800076804 5.333448099279755e-10
26050.04800076804 1.084483478749428e-10
26100.04800076804 4.6520663575251825e-10
26150.04800076804 2.326484333255002e-10
26200.04800076804 2.815178291457539e-10
26250.04800076804 1.2470004428445553e-09
26300.04800076804 3.646371459251682e-10
26350.04800076804 1.733974325985732e-09
26400.04800076804 2.2630962245849954e-09
26450.04800076804 1.5064951888151773e-09
26500.04800076804 2.6454590309055495e-09
26550.04800076804 5.479954422904529e-10
26600.04800076804 5.761704108976345e-10
26650.04800076804 1.4131810456286826e-10
26700.04800076804 8.481785572204524e-11
26750.04800076804 1.1135900556078254e-10
26800.04800076804 2.3117189680765315e-10
26850.04800076804 1.442314023420522e-10
26900.04800076804 5.522063161317688e-10
26950.04800076804 2.07144404644348e-10
27000.04800076804 9.024324631596444e-10
27050.04800076804 9.81147647537064e-10
27100.04800076804 2.405545582845923e-10
27150.04800076804 1.3908872256809236e-09
27200.04800076804 2.2965694570304696e-10
27250.04800076804 5.495531610965424e-10
27300.04800076804 2.9975653205550873e-09
27350.04800076804 1.1906038493798205e-09
27400.04800076804 1.0698139294033944e-10
27450.04800076804 1.513194370667088e-09
27500.04800076804 2.086558897329824e-09
27550.04800076804 3.60763073195491e-10
27600.04800076804 9.121605735391384e-10
27650.04800076804 2.9837890406242287e-10
27700.04800076804 2.5411317007652746e-10
27750.04800076804 1.2089384675715424e-09
27800.04800076804 4.571246469877812e-10
27850.04800076804 5.991081510466638e-10
27900.04800076804 8.499889065878209e-10
27950.04800076804 1.844470947577768e-09
28000.04800076804 1.3223005101551318e-09
28050.04800076804 2.9750051223120633e-10
28100.04800076804 2.1140393800316215e-09
28150.04800076804 1.2732763959322842e-09
28200.04800076804 4.183391520202711e-10
28250.04800076804 2.5918025181561145e-09
28300.04800076804 3.361430507237483e-09
28350.04800076804 5.323225963516029e-10
28400.04800076804 1.866385509022093e-09
28450.04800076804 3.652372670631872e-09
28500.04800076804 1.7876653622618533e-09
28550.04800076804 5.132273498639481e-10
28600.04800076804 3.1971808815859585e-09
28650.04800076804 2.785234213052379e-09
28700.04800076804 2.3702688416382305e-09
28750.04800076804 5.055249427257612e-09
28800.04800076804 3.980811318163192e-09
28850.04800076804 4.523112063663375e-09
28900.04800076804 2.1034394577113877e-09
28950.04800076804 6.205099478807426e-09
29000.04800076804 4.3034136675699515e-09
29050.04800076804 4.729155272799969e-09
29100.04800076804 3.556149257680746e-09
29150.04800076804 7.883600500082053e-09
29200.04800076804 4.998325247950265e-09
29250.04800076804 7.342345267987625e-09
29300.04800076804 4.035320663371569e-09
29350.04800076804 1.8608685629059084e-08
29400.04800076804 4.6001886273506215e-09
29450.04800076804 5.717029978128369e-09
29500.04800076804 1.109373273768467e-08
29550.04800076804 6.304870300949305e-09
29600.04800076804 9.556789251790714e-09
29650.04800076804 1.2336754276049395e-08
29700.04800076804 4.8144536789559875e-09
29750.04800076804 9.585063412632026e-09
29800.04800076804 9.332690806386282e-09
29850.04800076804 1.567757807976551e-08
29900.04800076804 1.521571649107098e-08
29950.04800076804 1.0377722714709891e-08
30000.04800076804 2.2577934800303973e-09
30050.04800076804 4.47884866140571e-09
30100.04800076804 9.0575190206546e-09
30150.04800076804 1.4881311314545218e-08
30200.04800076804 8.943460734818986e-09
30250.04800076804 2.2531171324060128e-08
30300.04800076804 1.9294285610579298e-08
30350.04800076804 1.0783736979947257e-08
30400.04800076804 2.1090066123481472e-08
30450.04800076804 1.3224282097630975e-08
30500.04800076804 1.2396161001891955e-08
30550.04800076804 9.844647861782267e-09
30600.04800076804 2.4427741551555154e-08
30650.04800076804 1.5703712131185694e-08
30700.04800076804 1.1709762796698488e-08
30750.04800076804 1.5185523174708233e-08
30800.04800076804 1.0977291598920476e-08
30850.04800076804 1.294324242686714e-08
30900.04800076804 1.123157583116917e-08
30950.04800076804 6.004272709841865e-09
31000.04800076804 9.07488987051396e-09
31050.04800076804 9.059373895021503e-09
31100.04800076804 5.730824293590348e-09
31150.04800076804 7.755969023141392e-09
31200.04800076804 1.2207148520961643e-08
31250.04800076804 5.708705221599444e-09
31300.04800076804 5.3010218147185525e-09
31350.04800076804 6.607706115252526e-09
31400.04800076804 4.0665692004057454e-09
31450.04800076804 5.605383517811664e-09
31500.04800076804 2.727901765741866e-09
31550.04800076804 3.5005065563365506e-09
31600.04800076804 2.523537289621692e-09
31650.04800076804 2.0808259466932145e-09
31700.04800076804 2.759827336231225e-09
31750.04800076804 1.1105701268528087e-09
31800.04800076804 2.5546180931107636e-09
31850.04800076804 8.652239876692843e-10
31900.04800076804 1.7373841018944937e-09
31950.04800076804 1.0097755457984205e-09
32000.04800076804 1.0780330915644425e-09
32050.04800076804 1.0045906329600653e-09
32100.04800076804 7.692922763732187e-10
32150.04800076804 1.1144175944993985e-09
32200.04800076804 6.206712535194332e-10
32250.04800076804 1.4663797627722743e-09
32300.04800076804 5.017347348298409e-10
32350.04800076804 1.6332112969796772e-09
32400.04800076804 5.231727415075112e-10
32450.04800076804 1.2315579322973555e-09
32500.04800076804 6.79786986697715e-10
32550.04800076804 1.2090564193634071e-09
32600.04800076804 8.202088813598381e-10
32650.04800076804 1.918163554129662e-09
32700.04800076804 1.0953096415423796e-09
32750.04800076804 3.066827167215911e-09
32800.04800076804 2.39300727613564e-09
32850.04800076804 4.47700205320284e-09
32900.04800076804 4.145651278734903e-09
32950.04800076804 4.6713199591673e-09
33000.04800076804 2.4633010562517693e-09
33050.04800076804 2.812824198905884e-09
33100.04800076804 9.83596664892941e-10
33150.04800076804 8.042465261349146e-12
33200.04800076804 5.499737809192811e-11
33250.04800076804 6.238647096900026e-11
33300.04800076804 2.1454963677183134e-10
33350.04800076804 6.439659155011475e-10
33400.04800076804 1.4615797954948143e-09
33450.04800076804 1.2071769944088578e-09
33500.04800076804 3.294929943825674e-09
33550.04800076804 1.5006905476395393e-09
33600.04800076804 2.377070294960986e-09
33650.04800076804 2.3173738800643705e-09
33700.04800076804 1.3343411686310841e-09
33750.04800076804 3.126187542079146e-09
33800.04800076804 7.09637936145115e-10
33850.04800076804 1.7713779072539534e-09
33900.04800076804 1.9004576553569118e-09
33950.04800076804 1.7284575911473107e-09
34000.04800076804 3.0105635067905112e-09
34050.04800076804 6.883037705054119e-10
34100.04800076804 2.4172085098752326e-09
34150.04800076804 1.1422689116663408e-09
34200.04800076804 2.2623269186772674e-09
34250.04800076804 1.8154840690446165e-09
34300.04800076804 1.476516451434469e-09
34350.04800076804 3.250801036450436e-09
34400.04800076804 1.2639363195382753e-09
34450.04800076804 3.2789075004158976e-09
34500.04800076804 1.8400270387553783e-09
34550.04800076804 1.3426375179076255e-09
34600.04800076804 4.410115274026456e-09
34650.04800076804 1.109680923428761e-09
34700.04800076804 2.6820944815000684e-09
34750.04800076804 2.3017297402604417e-09
34800.04800076804 1.5405855947748758e-09
34850.04800076804 4.4404296024728705e-09
34900.04800076804 2.1323602599902436e-09
34950.04800076804 3.5196634227980503e-09
35000.04800076804 5.939910830151984e-09
35050.04800076804 3.123146074771707e-09
35100.04800076804 7.065812372776956e-09
35150.04800076804 6.000564415054329e-09
35200.04800076804 5.57835459072194e-09
35250.04800076804 7.725623482011925e-09
35300.04800076804 3.6642930587932973e-09
35350.04800076804 6.355638376393192e-09
35400.04800076804 5.126286179905193e-09
35450.04800076804 4.1642976469217705e-09
35500.04800076804 1.2041861537106644e-08
35550.04800076804 6.8886287175662445e-09
35600.04800076804 8.528086104246967e-09
35650.04800076804 9.071279053523574e-09
35700.04800076804 6.906455482888615e-09
35750.04800076804 1.4631027985355817e-08
35800.04800076804 9.70243272250252e-09
35850.04800076804 5.548603949047612e-09
35900.04800076804 9.63226603652399e-09
35950.04800076804 1.114112533874245e-08
36000.04800076804 7.408385013214605e-09
36050.04800076804 9.409998066004601e-09
36100.04800076804 8.16350785987838e-09
36150.04800076804 1.5562078039807047e-08
36200.04800076804 1.4782601137656675e-08
36250.04800076804 1.321048221722038e-08
36300.04800076804 2.045266470098101e-08
36350.04800076804 1.5126250490034414e-08
36400.04800076804 2.3608234729201903e-08
36450.04800076804 1.8245338562360864e-08
36500.04800076804 1.907427789851118e-08
36550.04800076804 3.1196868497653346e-08
36600.04800076804 3.4458971847493374e-08
36650.04800076804 2.7563427603841633e-08
36700.04800076804 2.725432546110002e-08
36750.04800076804 3.397017727797445e-08
36800.04800076804 3.4822302156925376e-08
36850.04800076804 2.2581209850131965e-08
36900.04800076804 3.025630883525541e-08
36950.04800076804 3.5439158416005754e-08
37000.04800076804 2.8286332796950717e-08
37050.04800076804 3.868428832051288e-08
37100.04800076804 2.9188768080221554e-08
37150.04800076804 3.4740590013481775e-08
37200.04800076804 4.391245812980712e-08
37250.04800076804 2.9863215795492005e-08
37300.04800076804 2.7729263194050855e-08
37350.04800076804 4.0332614716699555e-08
37400.04800076804 5.723271341245911e-08
37450.04800076804 2.901974138674319e-08
37500.04800076804 3.431229630001628e-08
37550.04800076804 6.310670063988831e-08
37600.04800076804 7.862975450998389e-08
37650.04800076804 3.7695340854307885e-08
37700.04800076804 5.708791177189101e-08
37750.04800076804 3.9395272257424315e-08
37800.04800076804 4.574352030552597e-08
37850.04800076804 2.8682263682394607e-08
37900.04800076804 3.6749646658063134e-08
37950.04800076804 5.295763619678755e-08
38000.04800076804 5.885323112813353e-08
38050.04800076804 6.075592180044663e-08
38100.04800076804 7.629539925576059e-08
38150.04800076804 7.478741431220454e-08
38200.04800076804 7.030866107269233e-08
38250.04800076804 7.356396646213106e-08
38300.04800076804 1.1208748926935738e-07
38350.04800076804 9.88612882466174e-08
38400.04800076804 5.596796599426338e-08
38450.04800076804 4.4044631150063004e-08
38500.04800076804 3.0832504463273576e-08
38550.04800076804 6.049265009723255e-08
38600.04800076804 6.63027882512383e-08
38650.04800076804 8.207131833717638e-08
38700.04800076804 8.300285255286551e-08
38750.04800076804 8.485954215404472e-08
38800.04800076804 6.629579056488836e-08
38850.04800076804 9.15711273137143e-08
38900.04800076804 9.734479051007954e-08
38950.04800076804 6.742805090202424e-08
39000.04800076804 1.0335246811042643e-07
39050.04800076804 7.374253111587962e-08
39100.04800076804 9.037730007274334e-08
39150.04800076804 9.734828317678049e-08
39200.04800076804 8.317634863925907e-08
39250.04800076804 1.0913815698726333e-07
39300.04800076804 9.5191078850989e-08
39350.04800076804 1.3826340412964684e-07
39400.04800076804 1.056013898834398e-07
39450.04800076804 1.1706117174360178e-07
39500.04800076804 1.292530861237454e-07
39550.04800076804 9.913116586089489e-08
39600.04800076804 1.1795236401705052e-07
39650.04800076804 1.6045202208135348e-07
39700.04800076804 1.3018236114866443e-07
39750.04800076804 7.662047471255148e-08
39800.04800076804 9.86582260116603e-08
39850.04800076804 1.6106694522449563e-07
39900.04800076804 1.6523780628717291e-07
39950.04800076804 1.2082298542845994e-07
40000.04800076804 1.7056799921995708e-07
40050.04800076804 1.5724007834193658e-07
40100.04800076804 8.099129409768522e-08
40150.04800076804 1.6036592294299779e-07
40200.04800076804 1.7007206332636532e-07
40250.04800076804 1.7883210585598522e-07
40300.04800076804 1.7537403145938885e-07
40350.04800076804 1.1316867471367541e-07
40400.04800076804 1.7249394199876766e-07
40450.04800076804 1.227015665195221e-07
40500.04800076804 1.8546657001553763e-07
40550.04800076804 1.7534811676458428e-07
40600.04800076804 1.7324835968903051e-07
40650.04800076804 1.4879074565808512e-07
40700.04800076804 2.4278559468474755e-07
40750.04800076804 1.8003925272424623e-07
40800.04800076804 1.2395012231546007e-07
40850.04800076804 2.3596968793029072e-07
40900.04800076804 2.2417543908005548e-07
40950.04800076804 1.56416982571728e-07
41000.04800076804 1.901164756582625e-07
41050.04800076804 2.409511894562869e-07
41100.04800076804 1.8682863059934587e-07
41150.04800076804 1.107762569004327e-07
41200.04800076804 2.3588478864903616e-07
41250.04800076804 2.0235149178927178e-07
41300.04800076804 1.9304636149129328e-07
41350.04800076804 2.5303992198008014e-07
41400.04800076804 2.135153416889293e-07
41450.04800076804 2.3331864177136339e-07
41500.04800076804 1.6988269912391113e-07
41550.04800076804 1.5317616470185164e-07
41600.04800076804 1.9480125887949525e-07
41650.04800076804 2.3003864974801637e-07
41700.04800076804 2.1577730179394295e-07
41750.04800076804 1.993219317959608e-07
41800.04800076804 2.593743645228583e-07
41850.04800076804 1.6102386061528097e-07
41900.04800076804 1.6177973446533573e-07
41950.04800076804 2.0623639878149333e-07
42000.04800076804 2.282297267740611e-07
42050.04800076804 1.8861465114905258e-07
42100.04800076804 2.53136229250836e-07
42150.04800076804 1.812258838419285e-07
42200.04800076804 1.8743282205636917e-07
42250.04800076804 1.6715389884457498e-07
42300.04800076804 1.5976072837544922e-07
42350.04800076804 2.0482067951936593e-07
42400.04800076804 2.232572987155341e-07
42450.04800076804 1.9168371276678997e-07
42500.04800076804 1.884426150025589e-07
42550.04800076804 1.7502174169744746e-07
42600.04800076804 1.8467210006469756e-07
42650.04800076804 2.598271699997438e-07
42700.04800076804 1.4552760850568413e-07
42750.04800076804 1.5691539818030265e-07
42800.04800076804 1.8773986375236443e-07
42850.04800076804 2.1399755956076876e-07
42900.04800076804 2.3046184751380443e-07
42950.04800076804 1.6860787448931425e-07
43000.04800076804 2.1382466375454295e-07
43050.04800076804 1.0238275521407564e-07
43100.04800076804 1.7453937487906732e-07
43150.04800076804 1.6547880816340469e-07
43200.04800076804 1.9125110106318492e-07
43250.04800076804 2.766701750192023e-07
43300.04800076804 2.5105981212176907e-07
43350.04800076804 1.3335527050938843e-07
43400.04800076804 1.8931024053257211e-07
43450.04800076804 1.4027353089390652e-07
43500.04800076804 1.629798925978199e-07
43550.04800076804 1.5318296027882659e-07
43600.04800076804 2.1855027605380412e-07
