galfind/configs/Brown_Dwarf_templates/sonora_cholla/logkzz4/1000g/750K_1000g_logkzz4_resample.dat
# %ECSV 1.0
# ---
# datatype:
# - {name: wav, unit: Angstrom, datatype: float64}
# - {name: flux_nu, unit: erg / (cm2 Hz s), datatype: float64}
# schema: astropy-2.0
wav flux_nu
[from data line 814]
43700.04800076804 2.939798396728009e-07
43750.04800076804 2.739156627631714e-07
43800.04800076804 2.2058813576805795e-07
43850.04800076804 2.2085783454302328e-07
43900.04800076804 1.992854061607902e-07
43950.04800076804 1.4930551378209094e-07
44000.04800076804 1.1452057264379556e-07
44050.04800076804 2.2506420400517189e-07
44100.04800076804 2.7567043295967e-07
44150.04800076804 2.6470256837191124e-07
44200.04800076804 2.2791536075184656e-07
44250.04800076804 1.5081150187224494e-07
44300.04800076804 1.2473208804034453e-07
44350.04800076804 1.3279126279556088e-07
44400.04800076804 1.3353401862440156e-07
44450.04800076804 1.6542777233012276e-07
44500.04800076804 1.3774625390575876e-07
44550.04800076804 1.8053521093966925e-07
44600.04800076804 1.300420170515382e-07
44650.04800076804 1.5653274421346952e-07
44700.04800076804 1.1988171471024788e-07
44750.04800076804 1.380484764928655e-07
44800.04800076804 1.1321835754830089e-07
44850.04800076804 1.31073767880574e-07
44900.04800076804 1.0039898204633224e-07
44950.04800076804 9.216168483111891e-08
45000.04800076804 1.0895007695001859e-07
45050.04800076804 1.122946192336847e-07
45100.04800076804 1.1282343970198333e-07
45150.04800076804 8.935860158578761e-08
45200.04800076804 5.74071101459219e-08
45250.04800076804 6.634965550113137e-08
45300.04800076804 8.509205599628937e-08
45350.04800076804 7.651038654809617e-08
45400.04800076804 7.26255980961975e-08
45450.04800076804 6.735396775732911e-08
45500.04800076804 7.695729721682426e-08
45550.04800076804 8.802755876014072e-08
45600.04800076804 6.552101007772417e-08
45650.04800076804 6.302267218654315e-08
45700.04800076804 7.619266980850813e-08
45750.04800076804 5.82164995918178e-08
45800.04800076804 5.585856284155088e-08
45850.04800076804 8.568881000962229e-08
45900.04800076804 9.205502303790825e-08
45950.04800076804 5.4362953199323036e-08
46000.04800076804 8.72068681646502e-08
46050.04800076804 9.07579079693725e-08
46100.04800076804 5.967760416335321e-08
46150.04800076804 8.051099054733767e-08
46200.04800076804 7.074072287440622e-08
46250.04800076804 3.9341448495453624e-08
46300.04800076804 1.0002821746892082e-07
46350.04800076804 7.241081994838588e-08
46400.04800076804 8.947316918805962e-08
46450.04800076804 1.1608127950982845e-07
46500.04800076804 8.230603995311137e-08
46550.04800076804 8.973591136803497e-08
46600.04800076804 9.348910337296677e-08
46650.04800076804 1.9719814880537714e-07
46700.04800076804 1.267091179613297e-07
46750.04800076804 7.704010955678367e-08
46800.04800076804 4.894059295709873e-08
46850.04800076804 1.2576232855420234e-07
46900.04800076804 1.0525402961817556e-07
46950.04800076804 1.4425911101103803e-07
47000.04800076804 7.303333852357405e-08
47050.04800076804 1.285064577705253e-07
47100.04800076804 4.844745082280996e-08
47150.04800076804 8.107868800375297e-08
47200.04800076804 1.0492229549392956e-07
47250.04800076804 6.387570263761178e-08
47300.04800076804 6.515844075214943e-08
47350.04800076804 6.764372196428111e-08
47400.04800076804 1.3030456083869755e-07
47450.04800076804 6.06728433935699e-08
47500.04800076804 1.4477971499714984e-07
47550.04800076804 6.718630587400036e-08
47600.04800076804 1.2280835127142824e-07
47650.04800076804 6.172281560436642e-08
47700.04800076804 1.1614912400167182e-07
47750.04800076804 5.108316715406664e-08
47800.04800076804 8.358243224478911e-08
47850.04800076804 4.160981683088043e-08
47900.04800076804 6.589206602695179e-08
47950.04800076804 7.947505711281988e-08
48000.04800076804 1.4375993835142012e-07
48050.04800076804 8.93512559398388e-08
48100.04800076804 8.428017761925392e-08
48150.04800076804 7.899844516521353e-08
48200.04800076804 1.0555746017678348e-07
48250.04800076804 7.93400781923917e-08
48300.04800076804 1.6362424905196998e-07
48350.04800076804 7.204188473982202e-08
48400.04800076804 5.145711163989813e-08
48450.04800076804 6.718798607751594e-08
48500.04800076804 1.276594784560393e-07
48550.04800076804 7.194149399372713e-08
48600.04800076804 1.390300999231543e-07
48650.04800076804 9.271699027117748e-08
48700.04800076804 1.43269492816488e-07
48750.04800076804 7.988586224825565e-08
48800.04800076804 1.5170003136078441e-07
48850.04800076804 8.942963578117678e-08
48900.04800076804 1.239384279174145e-07
48950.04800076804 9.652630646797713e-08
49000.04800076804 6.48539730502885e-08
49050.04800076804 1.3458680372920912e-07
49100.04800076804 1.0875739715083287e-07
49150.04800076804 1.4010853540142475e-07
49200.04800076804 1.213340591705155e-07
49250.04800076804 1.7180342269735734e-07
49300.04800076804 1.1721661721369508e-07
49350.04800076804 7.943374810999804e-08
49400.04800076804 1.0612625791425811e-07
49450.04800076804 1.1027204347781509e-07
49500.04800076804 9.485645707181998e-08
49550.04800076804 3.06727857833501e-08
49600.04800076804 7.331952135227693e-08
49650.04800076804 9.729591238678564e-08
49700.04800076804 1.1607796759382202e-07
49750.04800076804 1.4532646642920394e-07
49800.04800076804 8.549786794854733e-08
49850.04800076804 1.7833924731404823e-07
49900.04800076804 1.4524504274036336e-07
49950.04800076804 1.3914291559072766e-07
50000.04800076804 1.3368677390086366e-07
50050.04800076804 1.4600025495556614e-07
50100.04800076804 1.3218766165274475e-07
50150.04800076804 6.583753812976668e-08
50200.04800076804 2.3046376327896837e-08
50250.04800076804 8.655636600152687e-08
50300.04800076804 6.21511455665807e-08
50350.04800076804 1.4400166253666783e-07
50400.04800076804 1.3693188115549962e-07
50450.04800076804 1.0702570832651228e-07
50500.04800076804 1.6485375702082782e-07
50550.04800076804 1.606590862836452e-07
50600.04800076804 1.1755809498491224e-07
50650.04800076804 1.5179827460955123e-07
50700.04800076804 1.908692982004005e-07
50750.04800076804 1.2591237786297608e-07
50800.04800076804 5.615512450265584e-08
50850.04800076804 3.829896761412307e-08
50900.04800076804 1.4382501028341565e-07
50950.04800076804 1.3739816906818322e-07
51000.04800076804 1.103334192556971e-07
51050.04800076804 1.3371293555142814e-07
51100.04800076804 5.255893868753226e-08
51150.04800076804 7.2359004465986e-08
51200.04800076804 1.8445945675460928e-07
51250.04800076804 1.1897767214443866e-07
51300.04800076804 8.884682051252625e-08
51350.04800076804 1.0112016728435687e-07
51400.04800076804 4.6196431313299244e-08
51450.04800076804 3.858412786100212e-08
51500.04800076804 3.292925196146386e-08
51550.04800076804 8.909087553930808e-08
51600.04800076804 7.61034249715924e-08
51650.04800076804 9.951102244548349e-08
51700.04800076804 1.0235133417054905e-07
51750.04800076804 6.329241475472276e-08
51800.04800076804 1.3549169279049458e-07
51850.04800076804 1.1059654764766972e-07
51900.04800076804 1.4395434578764437e-07
51950.04800076804 9.128163891739865e-08
52000.04800076804 1.76197506987848e-08
52050.04800076804 5.356822932465037e-08
52100.04800076804 3.96836331287372e-08
52150.04800076804 2.650813919639281e-08
52200.04800076804 4.650510751152226e-08
52250.04800076804 7.761500091803654e-08
52300.04800076804 1.2143964070422875e-07
52350.04800076804 4.6105325533087e-08
52400.04800076804 4.6133677273053274e-08
52450.04800076804 1.1266099017779139e-07
52500.04800076804 1.0169969437156435e-07
52550.04800076804 9.781859364139463e-08
52600.04800076804 8.088931652841579e-08
52650.04800076804 8.318235455920253e-08
52700.04800076804 6.330937001866967e-08
52750.04800076804 3.762849799860201e-08
52800.04800076804 5.0357178825297496e-08
52850.04800076804 6.162283206774156e-08
52900.04800076804 3.627715250892251e-08
52950.04800076804 5.07675727510004e-08
53000.04800076804 9.710122730015589e-08
53050.04800076804 3.388536043442615e-08
53100.04800076804 1.0624476291539893e-07
53150.04800076804 1.2330927833069187e-07
53200.04800076804 4.8439970509383505e-08
53250.04800076804 1.0739573989431419e-07
53300.04800076804 1.1680905588420115e-07
53350.04800076804 1.16028327512449e-07
53400.04800076804 8.79641900558064e-08
53450.04800076804 2.9138402345954333e-08
53500.04800076804 1.189561628251013e-08
53550.04800076804 2.241645354557588e-08
53600.04800076804 5.851980792011938e-08
53650.04800076804 5.303736025812542e-08
53700.04800076804 4.585811265726731e-08
53750.04800076804 4.246226422452029e-08
53800.04800076804 4.33321073433661e-08
53850.04800076804 6.742261912001757e-08
53900.04800076804 8.781886040208512e-08
53950.04800076804 9.919031499287074e-08
54000.04800076804 6.191014467017204e-08
54050.04800076804 6.634841503300647e-08
54100.04800076804 1.9853869948304747e-08
54150.04800076804 3.093873056858029e-08
54200.04800076804 8.881116956243996e-09
54250.04800076804 1.7837754082999506e-08
54300.04800076804 3.900718391923121e-08
54350.04800076804 5.595564373976974e-08
54400.04800076804 4.92094543146959e-08
54450.04800076804 4.4254275817913925e-08
54500.04800076804 3.891110530557589e-08
54550.04800076804 3.5172615267134657e-08
54600.04800076804 3.81602979378627e-08
54650.04800076804 1.0505870224592797e-08
54700.04800076804 4.469412868250001e-08
54750.04800076804 4.073206403361448e-08
54800.04800076804 2.4226002454844108e-08
54850.04800076804 3.4633580692328814e-08
54900.04800076804 5.651962742708778e-08
54950.04800076804 8.167063778263373e-08
55000.04800076804 2.8431022702756663e-08
55050.04800076804 4.471350077658684e-08
55100.04800076804 5.249720287402259e-08
55150.04800076804 3.218018364533404e-08
55200.04800076804 2.660950914521079e-08
55250.04800076804 3.677486536446464e-08
55300.04800076804 2.3636618535316504e-08
55350.04800076804 4.7402881098828254e-08
55400.04800076804 5.499474630733461e-08
55450.04800076804 3.3658702309664533e-08
55500.04800076804 1.484131125917904e-08
55550.04800076804 1.7647096995890342e-08
55600.04800076804 2.539543180768604e-08
55650.04800076804 2.2467675596510796e-08
55700.04800076804 2.5656533610160312e-08
55750.04800076804 2.4454113340693742e-08
55800.04800076804 1.2749577446394993e-08
55850.04800076804 1.6114256615278288e-08
55900.04800076804 3.7924748662075603e-08
55950.04800076804 5.500402621876866e-08
56000.04800076804 2.1479562572507088e-08
56050.04800076804 2.704912895401926e-08
56100.04800076804 3.850308504578606e-08
56150.04800076804 2.0821242110850913e-08
56200.04800076804 2.7071833220355825e-08
56250.04800076804 4.4462958347194066e-08
56300.04800076804 3.1489358276519054e-08
56350.04800076804 2.4311970650168193e-08
56400.04800076804 1.0801995348187784e-08
56450.04800076804 1.0135088020247879e-08
56500.04800076804 2.6208292803380673e-08
56550.04800076804 1.182468853673778e-08
56600.04800076804 3.711662678351413e-08
56650.04800076804 4.112242236448712e-08
56700.04800076804 3.5135162844449274e-08
56750.04800076804 1.3064755581053295e-08
56800.04800076804 2.656920289816871e-08
56850.04800076804 2.8713529780430965e-08
56900.04800076804 1.8101201895851273e-08
56950.04800076804 3.4812217646798005e-08
57000.04800076804 4.374109354136271e-08
57050.04800076804 2.2154394845718446e-08
57100.04800076804 8.053871616240238e-09
57150.04800076804 1.4392393667850071e-08
57200.04800076804 1.1654137873197461e-08
57250.04800076804 1.7076155156029368e-08
57300.04800076804 2.5388593579149466e-08
57350.04800076804 1.3257324623715905e-08
57400.04800076804 3.389488408377862e-08
57450.04800076804 1.9783276191947504e-08
57500.04800076804 1.800703418445695e-08
57550.04800076804 2.577188958709166e-08
57600.04800076804 2.3695581618067085e-08
57650.04800076804 6.525932819445207e-09
57700.04800076804 1.1146652533707786e-08
57750.04800076804 1.832618852091774e-08
57800.04800076804 7.2230446024568006e-09
57850.04800076804 4.79466863786918e-08
57900.04800076804 5.6484778182677096e-08
57950.04800076804 5.968244955346932e-08
58000.04800076804 2.045533798931142e-08
58050.04800076804 3.3241830809180216e-08
58100.04800076804 3.350076199804247e-08
58150.04800076804 2.1819500985475462e-08
58200.04800076804 6.934321155312608e-09
58250.04800076804 1.061519841144078e-08
58300.04800076804 1.1401874681015672e-08
58350.04800076804 1.3705173259979472e-08
58400.04800076804 2.8766495029228708e-08
58450.04800076804 3.3923674707603617e-08
58500.04800076804 3.3911414009345207e-08
58550.04800076804 2.998837732718226e-08
58600.04800076804 1.3300554959595648e-08
58650.04800076804 1.6923721749327317e-08
58700.04800076804 2.2139565364073196e-08
58750.04800076804 2.0600991373183338e-08
58800.04800076804 4.5166922022959774e-09
58850.04800076804 1.4555547357010971e-08
58900.04800076804 1.952126659154942e-08
58950.04800076804 9.06127263204003e-09
59000.04800076804 2.1110859742491235e-08
59050.04800076804 3.0744021413753013e-08
59100.04800076804 3.1599185405622175e-08
59150.04800076804 2.3617766453969037e-08
59200.04800076804 2.625112900141181e-08
59250.04800076804 2.745248177381579e-08
59300.04800076804 2.3118078845596082e-08
59350.04800076804 5.915318418621264e-09
59400.04800076804 6.185727065448639e-09
59450.04800076804 2.3843393772376975e-08
59500.04800076804 1.2581194278192732e-08
59550.04800076804 2.8395864355062167e-08
59600.04800076804 3.568989413501746e-08
59650.04800076804 1.7815874985628837e-08
59700.04800076804 1.2711254433306749e-08
59750.04800076804 4.1419728971194374e-08
59800.04800076804 1.8375610003378424e-08
59850.04800076804 2.5884594138402566e-08
59900.04800076804 9.495957769050975e-09
59950.04800076804 2.2470853719386693e-08
60000.04800076804 4.7632880628438223e-08
60050.04800076804 4.573808511933109e-08
60100.04800076804 3.614006194529438e-08
60150.04800076804 1.6633064379069834e-08
60200.04800076804 3.008593422775151e-08
60250.04800076804 5.089782148888757e-08
60300.04800076804 4.4553911137610506e-08
60350.04800076804 2.567483707771145e-08
60400.04800076804 2.6925579702228146e-08
60450.04800076804 8.269396170762583e-09
60500.04800076804 3.576490847517645e-09
60550.04800076804 2.3772906745667267e-08
60600.04800076804 3.067332464465633e-08
60650.04800076804 1.9788443081368143e-08
60700.04800076804 1.4607635496943014e-08
60750.04800076804 7.76004844154711e-09
60800.04800076804 2.878415431764935e-08
60850.04800076804 5.448718435046033e-08
60900.04800076804 4.806167391252092e-08
60950.04800076804 3.598657135933616e-08
61000.04800076804 3.504271913674017e-08
61050.04800076804 1.4838183901632958e-08
61100.04800076804 1.8358889017462746e-08
61150.04800076804 6.8962923132596364e-09
61200.04800076804 3.127456214931134e-08
61250.04800076804 3.754943915668966e-08
61300.04800076804 3.185667594430717e-08
61350.04800076804 5.447546855439364e-08
61400.04800076804 2.108450178587651e-08
61450.04800076804 9.62348686048166e-09
61500.04800076804 1.1105432999497716e-08
61550.04800076804 2.230207378859371e-08
61600.04800076804 1.047085248813628e-08
61650.04800076804 2.0362791238830586e-08
61700.04800076804 2.2704930609466475e-08
61750.04800076804 2.6181686023962792e-08
61800.04800076804 2.2511922320051182e-08
61850.04800076804 9.660116047841e-09
61900.04800076804 3.949962647792676e-08
61950.04800076804 4.7317882166945505e-08
62000.04800076804 4.464005130726621e-08
62050.04800076804 5.1876295206095423e-08
62100.04800076804 3.245524250923748e-08
62150.04800076804 4.6573843819074405e-08
62200.04800076804 4.067284919713835e-08
62250.04800076804 3.069842142871752e-08
62300.04800076804 6.749559283406168e-08
62350.04800076804 5.6300505638859725e-08
62400.04800076804 2.84501065311036e-08
62450.04800076804 3.733966063825672e-08
62500.04800076804 6.445434616142088e-08
62550.04800076804 7.61846759238833e-08
62600.04800076804 6.204811379786083e-08
62650.04800076804 4.6247029111052845e-08
62700.04800076804 3.897158769399813e-08
62750.04800076804 5.998439090192456e-08
62800.04800076804 3.4962773905859535e-08
62850.04800076804 5.263286184138606e-08
62900.04800076804 4.3387632233884246e-08
62950.04800076804 7.870262859465386e-08
63000.04800076804 5.057366654522758e-08
63050.04800076804 9.804705555316853e-08
63100.04800076804 8.858481467602964e-08
63150.04800076804 5.857186033290251e-08
63200.04800076804 5.968566073304643e-08
63250.04800076804 6.59035326885165e-08
63300.04800076804 4.743572987862094e-08
63350.04800076804 4.5660982480648345e-08
63400.04800076804 1.935676260467113e-08
63450.04800076804 1.1249161470185475e-08
