galfind/configs/Brown_Dwarf_templates/sonora_cholla/logkzz4/1000g/800K_1000g_logkzz4_resample.dat
# %ECSV 1.0
# ---
# datatype:
# - {name: wav, unit: Angstrom, datatype: float64}
# - {name: flux_nu, unit: erg / (cm2 Hz s), datatype: float64}
# schema: astropy-2.0
wav flux_nu
[from data line 1209]
63450.04800076804 1.8893729290042335e-08
63500.04800076804 5.960884713664409e-08
63550.04800076804 7.297380153294982e-08
63600.04800076804 7.177170857994628e-08
63650.04800076804 4.830896793000701e-08
63700.04800076804 2.116089164104961e-08
63750.04800076804 4.160483782773756e-08
63800.04800076804 7.491581480370387e-08
63850.04800076804 5.990627741375212e-08
63900.04800076804 2.7054016651236693e-08
63950.04800076804 5.186261911065172e-08
64000.04800076804 6.434067926293481e-08
64050.04800076804 3.3131794407844983e-08
64100.04800076804 9.225766878161943e-09
64150.04800076804 1.4390454097061311e-08
64200.04800076804 1.7098096196610088e-08
64250.04800076804 3.789777967587461e-08
64300.04800076804 2.910509362800261e-08
64350.04800076804 2.23674804741787e-08
64400.04800076804 5.1634102429921476e-08
64450.04800076804 5.4406183530772404e-08
64500.04800076804 2.3435757654729973e-08
64550.04800076804 4.4747434118303904e-08
64600.04800076804 2.610985063252523e-08
64650.04800076804 4.363035517870641e-08
64700.04800076804 1.721125647796264e-08
64750.04800076804 2.533166723913069e-08
64800.04800076804 1.9233753663312718e-08
64850.04800076804 1.4986793871610046e-08
64900.04800076804 1.6091931601191637e-08
64950.04800076804 1.472388321642729e-08
65000.04800076804 2.147724599309558e-08
65050.04800076804 3.0619197081278315e-08
65100.04800076804 4.143290328259385e-08
65150.04800076804 2.247299509133814e-08
65200.04800076804 1.3879408769603208e-08
65250.04800076804 3.1395889939193004e-08
65300.04800076804 3.099406593253554e-08
65350.04800076804 6.942212038408894e-08
65400.04800076804 2.9104271742646778e-08
65450.04800076804 2.951316561910278e-08
65500.04800076804 3.5808654259791585e-08
65550.04800076805 1.823382975989142e-08
65600.04800076805 3.41395133744294e-08
65650.04800076805 2.5881116898156414e-08
65700.04800076805 2.431676333640977e-08
65750.04800076805 1.6878907732641616e-08
65800.04800076805 3.1477116275410654e-08
65850.04800076805 4.3832650719913135e-08
65900.04800076805 1.5808856994863142e-08
65950.04800076805 2.0327809672320967e-08
66000.04800076805 2.684845619055871e-08
66050.04800076805 5.521153482214848e-08
66100.04800076805 3.0720827483125235e-08
66150.04800076805 2.6374203503699283e-08
66200.04800076805 2.4589603050418835e-08
66250.04800076805 1.8725594181089544e-08
66300.04800076805 8.422839258773046e-09
66350.04800076805 9.779499426142615e-09
66400.04800076805 1.6802144541865317e-08
66450.04800076805 3.82678073989394e-08
66500.04800076805 5.4646631806933366e-08
66550.04800076805 5.026032900586097e-08
66600.04800076805 3.943891123790049e-08
66650.04800076805 3.293883132199169e-08
66700.04800076805 2.5613586597828873e-08
66750.04800076805 2.4233458231140402e-08
66800.04800076805 3.149145304483694e-08
66850.04800076805 2.0517774559299746e-08
66900.04800076805 5.342930936012908e-08
66950.04800076805 5.4686572577439e-08
67000.04800076805 6.040923465288643e-08
67050.04800076805 3.4466687771045055e-08
67100.04800076805 2.3322093265326703e-08
67150.04800076805 2.6260992401088874e-08
67200.04800076805 3.860452245944977e-08
67250.04800076805 3.4905752549865264e-08
67300.04800076805 4.875937120870613e-08
67350.04800076805 2.640097026432784e-08
67400.04800076805 5.793223267968616e-08
67450.04800076805 3.854247212823e-08
67500.04800076805 3.5938221677605865e-08
67550.04800076805 5.6650008933075034e-08
67600.04800076805 9.407258473434416e-08
67650.04800076805 6.831985261633399e-08
67700.04800076805 4.402485214737236e-08
67750.04800076805 3.164474037114011e-08
67800.04800076805 4.5580475432853064e-08
67850.04800076805 2.2370393969417728e-08
67900.04800076805 2.840719222187567e-08
67950.04800076805 2.0906549857200782e-08
68000.04800076805 4.159105559775458e-08
68050.04800076805 5.1489966589164615e-08
68100.04800076805 6.7828654633824e-08
68150.04800076805 5.5466972804504827e-08
68200.04800076805 4.964719009427936e-08
68250.04800076805 1.4811156909553411e-08
68300.04800076805 4.8177782443552164e-08
68350.04800076805 3.7530800726376766e-08
68400.04800076805 7.40946810524349e-08
68450.04800076805 6.287422841522805e-08
68500.04800076805 4.5191132304352126e-08
68550.04800076805 2.251903448145927e-08
68600.04800076805 2.41912466640901e-08
68650.04800076805 1.3197976574037265e-08
68700.04800076805 2.8941232044047578e-08
68750.04800076805 4.372892018668501e-08
68800.04800076805 4.976155145393811e-08
68850.04800076805 2.1432092954485405e-08
68900.04800076805 7.136496205805012e-08
68950.04800076805 7.366609347608568e-08
69000.04800076805 5.550287868723963e-08
69050.04800076805 2.9688327334487338e-08
69100.04800076805 6.733806620790015e-08
69150.04800076805 8.694967454044239e-08
69200.04800076805 5.593482460527229e-08
69250.04800076805 8.579052940946112e-08
69300.04800076805 5.521675125544696e-08
69350.04800076805 8.504780671332858e-08
69400.04800076805 3.2912362206354815e-08
69450.04800076805 8.198530164867016e-08
69500.04800076805 4.240123519171495e-08
69550.04800076805 4.025669506296102e-08
69600.04800076805 1.2419613428314274e-08
69650.04800076805 3.739865695739698e-08
69700.04800076805 6.616296576819434e-08
69750.04800076805 4.3441333760861045e-08
69800.04800076805 6.269212230728116e-08
69850.04800076805 6.793244233880168e-08
69900.04800076805 4.897849316356772e-08
69950.04800076805 4.729471666799369e-08
70000.04800076805 4.418483657315987e-08
70050.04800076805 8.175163716258816e-08
70100.04800076805 5.5891045731746554e-08
70150.04800076805 5.3343929021216076e-08
70200.04800076805 3.6237874054356966e-08
70250.04800076805 4.9965906084991725e-08
70300.04800076805 8.010572715207668e-08
70350.04800076805 5.881249971885937e-08
70400.04800076805 3.555482158625403e-08
70450.04800076805 1.0759535686379868e-08
70500.04800076805 2.9280996816173414e-08
70550.04800076805 2.9487662450155095e-08
70600.04800076805 3.043106126760297e-08
70650.04800076805 6.56077263370849e-08
70700.04800076805 6.203029197099338e-08
70750.04800076805 8.72097475587161e-08
70800.04800076805 4.5396413665283024e-08
70850.04800076805 4.3568473163089813e-08
70900.04800076805 4.995339538010547e-08
70950.04800076805 7.078033693834359e-08
71000.04800076805 6.379128137610893e-08
71050.04800076805 6.409168936558785e-08
71100.04800076805 5.317731616569156e-08
71150.04800076805 4.145941192831415e-08
71200.04800076805 3.678586331071764e-08
71250.04800076805 5.1658070030678846e-08
71300.04800076805 6.714607334091894e-08
71350.04800076805 6.93693452118182e-08
71400.04800076805 5.96600574960538e-08
71450.04800076805 2.8724589985740203e-08
71500.04800076805 3.310793899533997e-08
71550.04800076805 3.839607326612293e-08
71600.04800076805 4.7283865196295725e-08
71650.04800076805 3.431081738873206e-08
71700.04800076805 2.5941431911302087e-08
71750.04800076805 4.550395981668848e-08
71800.04800076805 6.167117774529319e-08
71850.04800076805 5.980002506547042e-08
71900.04800076805 3.4577182638474805e-08
71950.04800076805 4.5503597745250354e-08
72000.04800076805 4.268792278252661e-08
72050.04800076805 2.602416264883694e-08
72100.04800076805 3.152072177053745e-08
72150.04800076805 2.975911828787858e-08
72200.04800076805 4.5525676003906333e-08
72250.04800076805 6.004846202360929e-08
72300.04800076805 4.1674047379697836e-08
72350.04800076805 4.691429432962923e-08
72400.04800076805 4.1496256446166894e-08
72450.04800076805 3.4679273685431826e-08
72500.04800076805 4.566124103789838e-08
72550.04800076805 1.9629238651447815e-08
72600.04800076805 3.220051556386221e-08
72650.04800076805 5.2388142273885964e-08
72700.04800076805 3.934932609663449e-08
72750.04800076805 3.9575837883705425e-08
72800.04800076805 2.6927529314916116e-08
72850.04800076805 3.2151046830708626e-08
72900.04800076805 5.7806593102880015e-08
72950.04800076805 3.944495123182214e-08
73000.04800076805 4.006595532006752e-08
73050.04800076805 2.495884713920254e-08
73100.04800076805 2.7861626232657238e-08
73150.04800076805 6.110618484213582e-08
73200.04800076805 2.7353286992674276e-08
73250.04800076805 3.68201288311595e-08
73300.04800076805 3.03760023033273e-08
73350.04800076805 2.2148465047259833e-08
73400.04800076805 3.591602134582924e-08
73450.04800076805 2.2465765127257474e-08
73500.04800076805 2.0231552886513485e-08
73550.04800076805 3.468110264133321e-08
73600.04800076805 3.0910760987288376e-08
73650.04800076805 3.481148687991339e-08
73700.04800076805 3.589031084797527e-08
73750.04800076805 1.6541791985517295e-08
73800.04800076805 3.104516858018686e-08
73850.04800076805 3.935440029444311e-08
73900.04800076805 2.8861015727472868e-08
73950.04800076805 2.7768305271727225e-08
74000.04800076805 1.8234046668537907e-08
74050.04800076805 5.029324189363426e-08
74100.04800076805 3.31689328525806e-08
74150.04800076805 3.46916603271143e-08
74200.04800076805 2.572243340603454e-08
74250.04800076805 8.806615986454713e-09
74300.04800076805 3.2149280909119386e-08
74350.04800076805 4.544342468807299e-08
74400.04800076805 4.3444306395876683e-08
74450.04800076805 1.998372984490042e-08
74500.04800076805 1.5045932550519548e-08
74550.04800076805 2.78890374845586e-08
74600.04800076805 2.9395126364664684e-08
74650.04800076805 2.894919324701142e-08
74700.04800076805 2.0448207434623066e-08
74750.04800076805 1.795790378632281e-08
74800.04800076805 2.3706349624133285e-08
74850.04800076805 2.6598707273899308e-08
74900.04800076805 4.33465109527873e-08
74950.04800076805 4.294203880622755e-08
75000.04800076805 2.3569718809857784e-08
75050.04800076805 1.2326936976992024e-08
75100.04800076805 4.384064747015427e-08
75150.04800076805 4.229390186861157e-08
75200.04800076805 4.634693834185649e-08
75250.04800076805 5.061173031256432e-08
75300.04800076805 4.4001456938194866e-08
75350.04800076805 1.8376781910169962e-08
75400.04800076805 5.4091360526287325e-08
75450.04800076805 4.4128087553406575e-08
75500.04800076805 4.073800036240265e-08
75550.04800076805 4.3662021585285705e-08
75600.04800076805 5.7148148315633054e-08
75650.04800076805 3.5534889106276365e-08
75700.04800076805 4.83021320295484e-08
75750.04800076805 2.8641796230918166e-08
75800.04800076805 4.453678945516076e-08
75850.04800076805 5.2783317657152674e-08
75900.04800076805 4.822114833560161e-08
75950.04800076805 2.7116198983377184e-08
76000.04800076805 5.1424931946521454e-08
76050.04800076805 4.9214916744786046e-08
76100.04800076805 4.69745948713814e-08
76150.04800076805 5.1402235754398e-08
76200.04800076805 4.8521145174894177e-08
76250.04800076805 4.325986033748749e-08
76300.04800076805 7.851559146373286e-08
76350.04800076805 8.666051048194888e-08
76400.04800076805 6.617341063458084e-08
76450.04800076805 5.8427366202275136e-08
76500.04800076805 4.4047612073113734e-08
76550.04800076805 2.3747197206999544e-08
76600.04800076805 7.618548558953518e-09
76650.04800076805 9.451644169129699e-09
76700.04800076805 1.2331468905121249e-08
76750.04800076805 1.1900448240502415e-08
76800.04800076805 2.218939633152588e-08
76850.04800076805 8.48223381842489e-09
76900.04800076805 9.743843264447368e-09
76950.04800076805 2.0045257099696474e-08
77000.04800076805 2.462788485037056e-08
77050.04800076805 1.1566152150345658e-08
77100.04800076805 1.4668972442105219e-08
77150.04800076805 2.77739626514946e-08
77200.04800076805 2.093392149858542e-08
77250.04800076805 2.1992421000414045e-08
77300.04800076805 2.6009135129225604e-08
77350.04800076805 1.287871149126922e-08
77400.04800076805 1.5884878683663414e-08
77450.04800076805 2.5105767888193516e-08
77500.04800076805 2.1418193511705295e-08
77550.04800076805 2.1585892546027244e-08
77600.04800076805 1.8591242861106775e-08
77650.04800076805 2.103170089909543e-08
77700.04800076805 1.8356261897187918e-08
77750.04800076805 3.451164264977684e-08
77800.04800076805 3.064083322038396e-08
77850.04800076805 5.357894349982565e-08
77900.04800076805 3.3934628952825694e-08
77950.04800076805 1.43425757164447e-08
78000.04800076805 2.670319299851799e-08
78050.04800076805 2.805623671798358e-08
78100.04800076805 2.6678108516290593e-08
78150.04800076805 4.46645777966382e-08
78200.04800076805 4.466454107648191e-08
78250.04800076805 4.79197911806769e-08
78300.04800076805 3.2364289548115577e-08
78350.04800076805 4.171799719163188e-08
78400.04800076805 2.220972560254821e-08
78450.04800076805 4.4247702739923664e-08
78500.04800076805 5.3331536925324284e-08
78550.04800076805 5.999788427650253e-08
78600.04800076805 4.781108937302496e-08
78650.04800076805 1.3177580916161798e-08
78700.04800076805 2.332426806614465e-08
78750.04800076805 2.8912260973565377e-08
78800.04800076805 3.698766530100167e-08
78850.04800076805 1.6561283233011206e-08
78900.04800076805 3.297287899888275e-08
78950.04800076805 4.1004252232130374e-08
79000.04800076805 3.707149168121214e-08
79050.04800076805 3.062238984563362e-08
79100.04800076805 3.541113366283282e-08
79150.04800076805 3.568367463089676e-08
79200.04800076805 4.11443454033456e-08
79250.04800076805 2.7312601762263326e-08
79300.04800076805 2.3637748585637023e-08
79350.04800076805 3.690546340709563e-08
79400.04800076805 2.396248215169005e-08
79450.04800076805 5.029375899172934e-08
79500.04800076805 6.773425915863927e-08
79550.04800076805 5.441839587932042e-08
79600.04800076805 2.7047637273891775e-08
79650.04800076805 4.124063912014993e-08
79700.04800076805 4.0171268475069846e-08
79750.04800076805 4.183639936050027e-08
79800.04800076805 2.6554153235275865e-08
79850.04800076805 4.059746801897355e-08
79900.04800076805 7.333117458909459e-08
79950.04800076805 5.936805622528453e-08
