galfind/configs/Brown_Dwarf_templates/sonora_cholla/logkzz4/1000g/850K_1000g_logkzz4_resample.dat
# %ECSV 1.0
# ---
# datatype:
# - {name: wav, unit: Angstrom, datatype: float64}
# - {name: flux_nu, unit: erg / (cm2 Hz s), datatype: float64}
# schema: astropy-2.0
wav flux_nu
[from data line 774]
48700.000000000095 1.81776510295993e-07
48750.000000000095 1.0222832361935113e-07
48800.000000000095 1.8667320222611307e-07
48850.000000000095 1.1584385641184408e-07
48900.000000000095 1.6905057821773625e-07
48950.000000000095 1.4139949796797815e-07
49000.000000000095 1.0464460512689614e-07
49050.000000000095 1.7552209186111978e-07
49100.000000000095 1.3099037567834765e-07
49150.000000000095 1.9156810902236618e-07
49200.000000000095 1.417896266361767e-07
49250.000000000095 2.07436789720945e-07
49300.000000000095 1.4262938318630467e-07
49350.000000000095 1.2113464205373943e-07
49400.000000000095 1.514372464903738e-07
49450.000000000095 1.5662965321167375e-07
49500.000000000095 1.342631514344396e-07
49550.000000000095 5.730851753755249e-08
49600.000000000095 1.2314114252159332e-07
49650.000000000095 1.3472918055286897e-07
49700.000000000095 1.4467581233746004e-07
49750.000000000095 2.0615377921710386e-07
49800.000000000095 1.2224983893344142e-07
49850.000000000095 2.387753378726029e-07
49900.000000000095 1.8640393987639992e-07
49950.000000000095 1.859555578677366e-07
50000.000000000095 1.9343786964697559e-07
50050.000000000095 1.9902249128466295e-07
50100.000000000095 1.989098386704186e-07
50150.000000000095 1.0416250330270761e-07
50200.000000000095 4.8782226039796816e-08
50250.000000000095 1.5047482846867224e-07
50300.000000000095 1.1067696129952423e-07
50350.000000000095 2.0268673231574013e-07
50400.000000000095 1.7768725362780728e-07
50450.000000000095 1.5398454626562938e-07
50500.000000000095 2.2626443738186796e-07
50550.000000000095 2.0384508935458609e-07
50600.000000000095 1.694927503393687e-07
50650.000000000095 1.9375617940577285e-07
50700.000000000095 2.6709821769352193e-07
50750.000000000095 1.9419433095815044e-07
50800.000000000095 9.63359053996112e-08
50850.000000000095 7.647513466742517e-08
50900.000000000095 2.155447882158155e-07
50950.000000000095 2.038174627494227e-07
51000.000000000095 1.7391526797061587e-07
51050.000000000095 1.8995457875569822e-07
51100.000000000095 8.771541401248644e-08
51150.000000000095 1.227309896504299e-07
51200.000000000095 2.5672159153614987e-07
51250.000000000095 1.764122010288174e-07
51300.000000000095 1.3390325423049744e-07
51350.000000000095 1.5772907776485324e-07
51400.000000000095 8.532679741989965e-08
51450.000000000095 7.359988763618257e-08
51500.000000000095 6.397275557251408e-08
51550.000000000095 1.4972430218437507e-07
51600.000000000095 1.1915901100995306e-07
51650.000000000095 1.5018198377985053e-07
51700.000000000095 1.5858282061465496e-07
51750.000000000095 1.0025328864941106e-07
51800.000000000095 2.0312832272139228e-07
51850.000000000095 1.6790600699335888e-07
51900.000000000095 2.2527479849318956e-07
51950.000000000095 1.5537045539432497e-07
52000.000000000095 3.9399842472960405e-08
52050.000000000095 9.8161579270761e-08
52100.000000000095 7.83864061030073e-08
52150.000000000095 5.676757702383909e-08
52200.000000000095 7.881485112743037e-08
52250.000000000095 1.2114020731086702e-07
52300.000000000095 2.0105695169768942e-07
52350.000000000095 9.303404568805393e-08
52400.000000000095 8.591015850014533e-08
52450.000000000095 1.7341823014378984e-07
52500.000000000095 1.5970465838280764e-07
52550.000000000095 1.5378013288602102e-07
52600.000000000095 1.2692137131915275e-07
52650.000000000095 1.301381808013769e-07
52700.000000000095 1.0507535191227581e-07
52750.000000000095 7.152951637710263e-08
52800.000000000095 8.735631765356292e-08
52850.000000000095 1.0445268277985462e-07
52900.000000000095 7.195189958895471e-08
52950.000000000095 8.952143497870758e-08
53000.000000000095 1.619254140317611e-07
53050.000000000095 6.143050797317169e-08
53100.000000000095 1.6266873515294964e-07
53150.000000000095 1.9354429354749743e-07
53200.000000000095 8.114723665599249e-08
53250.000000000095 1.69347992113107e-07
53300.000000000095 1.8383858178469728e-07
53350.000000000095 1.806109550772124e-07
53400.000000000095 1.5506423435221175e-07
53450.000000000095 5.8903407841506887e-08
53500.000000000095 2.937803775861095e-08
53550.000000000095 5.1277229808797245e-08
53600.000000000095 1.0603129304334336e-07
53650.000000000095 8.986862896585654e-08
53700.000000000095 8.00314818298379e-08
53750.000000000095 7.650159128952387e-08
53800.000000000095 7.832005246259143e-08
53850.000000000095 1.1382374058048484e-07
53900.000000000095 1.3024646719512832e-07
53950.000000000095 1.594530903867858e-07
54000.000000000095 1.0270323726955118e-07
54050.000000000095 1.0882727961055329e-07
54100.000000000095 4.011121877298408e-08
54150.000000000095 6.18643108499666e-08
54200.000000000095 2.2791179346366687e-08
54250.000000000095 3.779390949539765e-08
54300.000000000095 7.145475921620427e-08
54350.000000000095 1.0009505374434699e-07
54400.000000000095 9.360379860451193e-08
54450.000000000095 8.266997905380299e-08
54500.000000000095 7.163994542934443e-08
54550.000000000095 6.360965379285633e-08
54600.000000000095 7.430161163745061e-08
54650.000000000095 2.803014856405953e-08
54700.000000000095 8.978642222037063e-08
54750.000000000095 8.109250530925704e-08
54800.000000000095 5.141817996303808e-08
54850.000000000095 6.844807512832037e-08
54900.000000000095 1.0248892948094296e-07
54950.000000000095 1.4159807045264568e-07
55000.000000000095 5.326823786335486e-08
55050.000000000095 8.407102523676082e-08
55100.000000000095 8.882017560859522e-08
55150.000000000095 6.163964798654117e-08
55200.000000000095 5.599402517886259e-08
55250.000000000095 7.013719363943092e-08
55300.000000000095 4.701909970110761e-08
55350.000000000095 8.879664811130965e-08
55400.000000000095 1.0546202946268481e-07
55450.000000000095 6.660303844380165e-08
55500.000000000095 3.187329160486795e-08
55550.000000000095 4.1817571741194324e-08
55600.000000000095 5.0092221780466266e-08
55650.000000000095 4.4502505114664666e-08
55700.000000000095 5.2674376779889784e-08
55750.000000000095 5.479112453070044e-08
55800.000000000095 3.279046404330809e-08
55850.000000000095 3.532273775245811e-08
55900.000000000095 7.542716191244265e-08
55950.000000000095 1.0405212999370915e-07
56000.000000000095 4.3785302847319524e-08
56050.000000000095 5.658417255421389e-08
56100.000000000095 7.553081350967886e-08
56150.000000000095 4.6352323677752954e-08
56200.000000000095 5.6944479483382354e-08
56250.000000000095 7.941134857865152e-08
56300.000000000095 6.531742150931171e-08
56350.000000000095 5.69525239798062e-08
56400.000000000095 2.9606109257526556e-08
56450.000000000095 2.703991046012166e-08
56500.000000000095 5.3198793746488246e-08
56550.000000000095 2.7219297677810742e-08
56600.000000000095 7.35274249380202e-08
56650.000000000095 7.625341096852656e-08
56700.000000000095 7.378275985411248e-08
56750.000000000095 3.067495640207484e-08
56800.000000000095 6.211508772981553e-08
56850.000000000095 5.864530659223211e-08
56900.000000000095 3.9759957072459655e-08
56950.000000000095 7.124772563877165e-08
57000.000000000095 8.57261279332141e-08
57050.000000000095 4.7199959160784e-08
57100.000000000095 1.997452848253878e-08
57150.000000000095 3.418631372422488e-08
57200.000000000095 2.765320070075082e-08
57250.000000000095 3.91345628332497e-08
57300.000000000095 5.591779608617355e-08
57350.000000000095 3.0895768769550793e-08
57400.000000000095 6.750003431448032e-08
57450.000000000095 4.625690738549405e-08
57500.000000000095 4.298881653104569e-08
57550.000000000095 5.923538509562645e-08
57600.000000000095 5.7535100381066806e-08
57650.000000000095 1.8139409579165212e-08
57700.000000000095 2.78193431921466e-08
57750.000000000095 3.972843788256656e-08
57800.000000000095 1.6610978492447673e-08
57850.000000000095 9.388862452629063e-08
57900.000000000095 1.0876270133841738e-07
57950.000000000095 1.0698041882653416e-07
58000.000000000095 4.344491126042457e-08
58050.000000000095 6.45199162903467e-08
58100.000000000095 7.213895100612152e-08
58150.000000000095 4.8693595391551845e-08
58200.000000000095 1.9778114316447284e-08
58250.000000000095 2.7362241240124647e-08
58300.000000000095 2.6989209246967704e-08
58350.000000000095 3.271293012369903e-08
58400.000000000095 5.756199137304649e-08
58450.000000000095 6.567113908823428e-08
58500.000000000095 6.25176925587965e-08
58550.000000000095 6.382312284366747e-08
58600.000000000095 3.1252226067503285e-08
58650.000000000095 3.899117811192188e-08
58700.000000000095 4.6784016956306996e-08
58750.000000000095 4.799509869212746e-08
58800.000000000095 1.4299283924722396e-08
58850.000000000095 3.5603731979201886e-08
58900.000000000095 4.8368533899126725e-08
58950.000000000095 2.457224670966176e-08
59000.000000000095 5.0200543512754906e-08
59050.000000000095 6.479748404115736e-08
59100.000000000095 7.144809784609915e-08
59150.000000000095 5.183494811986447e-08
59200.000000000095 5.5033026540164884e-08
59250.000000000095 5.821012556606868e-08
59300.000000000095 5.167206485381903e-08
59350.000000000095 1.7808230496635806e-08
59400.000000000095 1.6001453508556594e-08
59450.000000000095 5.1403637248442627e-08
59500.000000000095 2.7392331619215767e-08
59550.000000000095 6.033973772844072e-08
59600.000000000095 7.190125156395029e-08
59650.000000000095 4.2719545030871246e-08
59700.000000000095 3.037681545930539e-08
59750.000000000095 8.517082237549852e-08
59800.000000000095 4.17000983940682e-08
59850.000000000095 5.969110526076081e-08
59900.000000000095 2.4483348961538858e-08
59950.000000000095 5.0162933992186064e-08
60000.000000000095 9.698932286486859e-08
60050.000000000095 8.616162715492156e-08
60100.000000000095 7.714599975119193e-08
60150.000000000095 4.183729821909079e-08
60200.000000000095 6.346181566676933e-08
60250.000000000095 9.423318737687369e-08
60300.000000000095 8.373865450848717e-08
60350.000000000095 5.177300619668593e-08
60400.000000000095 6.03763720733045e-08
60450.000000000095 2.2873017522779958e-08
60500.000000000095 1.1618514033247855e-08
60550.000000000095 5.707533964510885e-08
60600.000000000095 6.426896503301544e-08
60650.000000000095 4.6193070140136894e-08
60700.000000000095 3.59471082718189e-08
60750.000000000095 2.2363153434675827e-08
60800.000000000095 6.278643059512845e-08
60850.000000000095 1.0956710261042968e-07
60900.000000000095 9.672313421742611e-08
60950.000000000095 7.835402901189416e-08
61000.000000000095 6.752574466986501e-08
61050.000000000095 3.5555648975802394e-08
61100.000000000095 4.716101245388076e-08
61150.000000000095 1.9020657772571874e-08
61200.000000000095 7.086232371029942e-08
61250.000000000095 8.368957981211031e-08
61300.000000000095 7.29255480964475e-08
61350.000000000095 1.1051581181526549e-07
61400.000000000095 5.248195450501707e-08
61450.000000000095 2.7392129537406836e-08
61500.000000000095 3.3462754953246406e-08
61550.000000000095 4.8524883790238765e-08
61600.000000000095 2.7800416571503024e-08
61650.000000000095 4.904710461102589e-08
61700.000000000095 4.805084301557976e-08
61750.000000000095 5.610631676639986e-08
61800.000000000095 5.540004297357457e-08
61850.000000000095 2.752204907227781e-08
61900.000000000095 8.580032579864486e-08
61950.000000000095 9.328565258603753e-08
62000.000000000095 9.166135523471243e-08
62050.000000000095 9.122695223706493e-08
62100.000000000095 7.362710174651118e-08
62150.000000000095 9.035629114615304e-08
62200.000000000095 7.917002593908977e-08
62250.000000000095 6.68339446740201e-08
62300.000000000095 1.2321217481395065e-07
62350.000000000095 1.0127968752683145e-07
62400.000000000095 5.2011929624191056e-08
62450.000000000095 7.243453575327648e-08
62500.000000000095 1.1416948320684579e-07
62550.000000000095 1.2212767533650806e-07
62600.000000000095 1.1674476806414386e-07
62650.000000000095 8.803141712915233e-08
62700.000000000095 8.300971274731022e-08
62750.000000000095 1.148206448696526e-07
62800.000000000095 6.748013905472129e-08
62850.000000000095 1.0026059335179054e-07
62900.000000000095 7.791613152222926e-08
62950.000000000095 1.2885097660825734e-07
63000.000000000095 9.48697838765681e-08
63050.000000000095 1.5158939216330325e-07
63100.000000000095 1.4020618546503423e-07
63150.000000000095 9.548049725582585e-08
63200.000000000095 1.0884329923218411e-07
63250.000000000095 1.071265081263369e-07
63300.000000000095 9.839379782883924e-08
63350.000000000095 9.413491340703694e-08
63400.000000000095 4.527781421115835e-08
63450.000000000095 2.994263188870565e-08
63500.000000000095 8.276030848225348e-08
63550.000000000095 9.621109518157235e-08
63600.000000000095 9.810162647504243e-08
63650.000000000095 6.740705672359568e-08
63700.000000000095 3.310535271004794e-08
63750.000000000095 5.952305659949282e-08
63800.000000000095 9.820729667285406e-08
63850.000000000095 8.111758249549833e-08
63900.000000000095 4.042433291724176e-08
63950.000000000095 7.292599616469252e-08
64000.000000000095 8.83438026578336e-08
64050.000000000095 4.974104275207359e-08
64100.000000000095 1.4873346250217369e-08
64150.000000000095 2.290035107267839e-08
64200.000000000095 2.658649711103819e-08
64250.000000000095 5.43588865887003e-08
64300.000000000095 4.1590851542083266e-08
64350.000000000095 3.3244001742142316e-08
64400.000000000095 7.064030468814823e-08
64450.000000000095 7.428507057378165e-08
64500.000000000095 3.3910380493819685e-08
64550.000000000095 6.087694253630474e-08
64600.000000000095 3.47864808527428e-08
64650.000000000095 5.964155154305045e-08
64700.000000000095 2.5444077898050222e-08
64750.000000000095 3.596790145154936e-08
64800.000000000095 2.9416902826394364e-08
64850.000000000095 2.335547000335435e-08
64900.000000000095 2.5619233779388e-08
64950.000000000095 2.3729901556855172e-08
65000.000000000095 3.298522594424697e-08
65050.000000000095 4.321946169324573e-08
65100.000000000095 5.7549493837608465e-08
65150.000000000095 3.283863162736182e-08
65200.000000000095 2.1918396637049604e-08
65250.000000000095 4.6614352979217894e-08
65300.000000000095 4.328572415432673e-08
65350.000000000095 9.306807497963932e-08
65400.000000000095 4.0896094510568625e-08
65450.000000000095 4.181255274444096e-08
65500.000000000095 5.0724931637140235e-08
65550.00000000009 2.7529188875944076e-08
65600.00000000009 4.700701948952406e-08
65650.00000000009 3.836045589196381e-08
65700.00000000009 3.6375100638868266e-08
65750.00000000009 2.5617266121802023e-08
65800.00000000009 4.483261370470028e-08
65850.00000000009 6.051525927579396e-08
65900.00000000009 2.44320422580057e-08
65950.00000000009 2.8439218338208607e-08
66000.00000000009 3.8232621007314226e-08
66050.00000000009 7.657040777256571e-08
66100.00000000009 4.3451033887489925e-08
66150.00000000009 3.609001569080619e-08
66200.00000000009 3.405809508706984e-08
66250.00000000009 2.7744246296305326e-08
66300.00000000009 1.2939928996514644e-08
66350.00000000009 1.579218661171863e-08
66400.00000000009 2.5970792377243313e-08
66450.00000000009 5.381230649278477e-08
66500.00000000009 7.574279272670369e-08
66550.00000000009 6.954268135662976e-08
66600.00000000009 5.439545308922349e-08
66650.00000000009 4.645018678944092e-08
66700.00000000009 3.816142161176159e-08
66750.00000000009 3.502968466035087e-08
66800.00000000009 4.612182361115721e-08
66850.00000000009 3.045986249803669e-08
66900.00000000009 7.080941719844535e-08
66950.00000000009 7.574582309660173e-08
67000.00000000009 7.966038164982875e-08
67050.00000000009 4.784999520368633e-08
67100.00000000009 3.416213468634832e-08
67150.00000000009 3.723629181759301e-08
67200.00000000009 5.245475471832883e-08
67250.00000000009 4.849474856931521e-08
67300.00000000009 6.374267035363521e-08
67350.00000000009 3.704059094986286e-08
67400.00000000009 7.752875450333236e-08
67450.00000000009 5.356415213835269e-08
67500.00000000009 4.9407780127541725e-08
67550.00000000009 7.233896000216286e-08
67600.00000000009 1.2011424635555365e-07
67650.00000000009 8.768694991206272e-08
67700.00000000009 5.919805745842679e-08
67750.00000000009 4.472445659433387e-08
67800.00000000009 6.315687018323326e-08
67850.00000000009 3.271121490792549e-08
67900.00000000009 4.1500744076092735e-08
67950.00000000009 3.004258944455104e-08
68000.00000000009 5.5124938977850184e-08
