galfind/configs/Brown_Dwarf_templates/sonora_cholla/logkzz4/1000g/900K_1000g_logkzz4_resample.dat
# %ECSV 1.0
# ---
# datatype:
# - {name: wav, unit: Angstrom, datatype: float64}
# - {name: flux_nu, unit: erg / (cm2 Hz s), datatype: float64}
# schema: astropy-2.0
wav flux_nu
[from data line 774]
48700.000000000095 2.0463953099128374e-07
48750.000000000095 1.1578001721575941e-07
48800.000000000095 2.0705008178812966e-07
48850.000000000095 1.312855402598951e-07
48900.000000000095 1.9462056500585418e-07
48950.000000000095 1.653450020412103e-07
49000.000000000095 1.2810804353808776e-07
49050.000000000095 1.971513338234815e-07
49100.000000000095 1.444680569616796e-07
49150.000000000095 2.1836157914013397e-07
49200.000000000095 1.5543901952885464e-07
49250.000000000095 2.2741547355944022e-07
49300.000000000095 1.5911912169954294e-07
49350.000000000095 1.459835344984272e-07
49400.000000000095 1.7743937564660175e-07
49450.000000000095 1.8096264174119988e-07
49500.000000000095 1.564920323897027e-07
49550.000000000095 7.500508854649398e-08
49600.000000000095 1.5163731932462235e-07
49650.000000000095 1.5687702984688216e-07
49700.000000000095 1.6031813197610885e-07
49750.000000000095 2.3812701266949642e-07
49800.000000000095 1.4288133460176584e-07
49850.000000000095 2.689455106043211e-07
49900.000000000095 2.092926931074927e-07
49950.000000000095 2.1079882396400404e-07
50000.000000000095 2.254694453538741e-07
50050.000000000095 2.255191083533092e-07
50100.000000000095 2.371531678767483e-07
50150.000000000095 1.2730987169768434e-07
50200.000000000095 6.733806869419782e-08
50250.000000000095 1.885804399505605e-07
50300.000000000095 1.3976332560867308e-07
50350.000000000095 2.3364206980756471e-07
50400.000000000095 2.0031649281419196e-07
50450.000000000095 1.8057425051657098e-07
50500.000000000095 2.5914995242234114e-07
50550.000000000095 2.2548994509282862e-07
50600.000000000095 1.9992347015147773e-07
50650.000000000095 2.1670747972979215e-07
50700.000000000095 3.06811251476731e-07
50750.000000000095 2.3464852986225115e-07
50800.000000000095 1.205153608423456e-07
50850.000000000095 1.0317136579104139e-07
50900.000000000095 2.539104273462984e-07
50950.000000000095 2.413116814322715e-07
51000.000000000095 2.1191541263285515e-07
51050.000000000095 2.202873113555141e-07
51100.000000000095 1.1073979338254012e-07
51150.000000000095 1.541238332914987e-07
51200.000000000095 2.9214823300844055e-07
51250.000000000095 2.103901230058955e-07
51300.000000000095 1.5931791568174345e-07
51350.000000000095 1.896498159057025e-07
51400.000000000095 1.1091571335914888e-07
51450.000000000095 9.702915516427314e-08
51500.000000000095 8.564900223640506e-08
51550.000000000095 1.8780640418785625e-07
51600.000000000095 1.4507673033649646e-07
51650.000000000095 1.8145927304200724e-07
51700.000000000095 1.9236486358686198e-07
51750.000000000095 1.2347379008947703e-07
51800.000000000095 2.4337101181102595e-07
51850.000000000095 2.0172429905758653e-07
51900.000000000095 2.707690635136101e-07
51950.000000000095 1.943731879951573e-07
52000.000000000095 5.586530000168099e-08
52050.000000000095 1.27249352510779e-07
52100.000000000095 1.0465847051386595e-07
52150.000000000095 7.860317589172601e-08
52200.000000000095 9.934800864826499e-08
52250.000000000095 1.4723950752034303e-07
52300.000000000095 2.470421739709755e-07
52350.000000000095 1.2529035789561257e-07
52400.000000000095 1.1132900575275221e-07
52450.000000000095 2.083410165371372e-07
52500.000000000095 1.923067279190666e-07
52550.000000000095 1.8802449364144217e-07
52600.000000000095 1.5482624965946763e-07
52650.000000000095 1.5945971104771155e-07
52700.000000000095 1.314797954035865e-07
52750.000000000095 9.447233520754725e-08
52800.000000000095 1.1137833122403589e-07
52850.000000000095 1.3160791334062697e-07
52900.000000000095 9.610940436976709e-08
52950.000000000095 1.1371029923597156e-07
53000.000000000095 2.018596332228564e-07
53050.000000000095 7.975562398091067e-08
53100.000000000095 1.960255064504709e-07
53150.000000000095 2.3548961786452935e-07
53200.000000000095 1.0222938752154689e-07
53250.000000000095 2.0655941251136666e-07
53300.000000000095 2.2318608591832127e-07
53350.000000000095 2.175630130125578e-07
53400.000000000095 1.9662831411000836e-07
53450.000000000095 7.98209720823744e-08
53500.000000000095 4.328966638841922e-08
53550.000000000095 7.297377596513412e-08
53600.000000000095 1.3606259619790703e-07
53650.000000000095 1.1364467153475974e-07
53700.000000000095 1.026377349454199e-07
53750.000000000095 9.944273983947576e-08
53800.000000000095 1.0144357074034959e-07
53850.000000000095 1.4367846682085473e-07
53900.000000000095 1.551370575018872e-07
53950.000000000095 1.9545359841454766e-07
54000.000000000095 1.2842482696229287e-07
54050.000000000095 1.349013650482217e-07
54100.000000000095 5.463153430153414e-08
54150.000000000095 8.34015652179666e-08
54200.000000000095 3.4379997361235554e-08
54250.000000000095 5.2076653686711834e-08
54300.000000000095 9.250995593685826e-08
54350.000000000095 1.2836007463368655e-07
54400.000000000095 1.2318107378817768e-07
54450.000000000095 1.075956319238714e-07
54500.000000000095 9.375205040771665e-08
54550.000000000095 8.24467539399871e-08
54600.000000000095 9.890102099407801e-08
54650.000000000095 4.210527807262839e-08
54700.000000000095 1.199698825741595e-07
54750.000000000095 1.0864374941793817e-07
54800.000000000095 7.115552595650015e-08
54850.000000000095 9.156426845673587e-08
54900.000000000095 1.3231348510099877e-07
54950.000000000095 1.7907595485745484e-07
55000.000000000095 7.070368421814664e-08
55050.000000000095 1.1023708581262279e-07
55100.000000000095 1.1185594241204374e-07
55150.000000000095 8.138888678033275e-08
55200.000000000095 7.657291786584651e-08
55250.000000000095 9.234009283304766e-08
55300.000000000095 6.337492563960334e-08
55350.000000000095 1.1513006571050226e-07
55400.000000000095 1.3819728164810325e-07
55450.000000000095 8.958496191043397e-08
55500.000000000095 4.4676998109604836e-08
55550.000000000095 6.018178086765542e-08
55600.000000000095 6.711747099943447e-08
55650.000000000095 5.934014178177104e-08
55700.000000000095 7.155799706483143e-08
55750.000000000095 7.656076133469453e-08
55800.000000000095 4.8700031048250695e-08
55850.000000000095 4.949219507116351e-08
55900.000000000095 1.005907622250293e-07
55950.000000000095 1.358079469783489e-07
56000.000000000095 5.994823882451212e-08
56050.000000000095 7.774807932545203e-08
56100.000000000095 1.0018978722667002e-07
56150.000000000095 6.488072333749768e-08
56200.000000000095 7.782912620603494e-08
56250.000000000095 1.0105538856561019e-07
56300.000000000095 8.876381718008144e-08
56350.000000000095 8.091113014583302e-08
56400.000000000095 4.50535590281631e-08
56450.000000000095 4.08015712138038e-08
56500.000000000095 7.15553429943966e-08
56550.000000000095 3.900591539666888e-08
56600.000000000095 9.794158659192134e-08
56650.000000000095 9.848844888176251e-08
56700.000000000095 9.973841766558988e-08
56750.000000000095 4.4269326627863293e-08
56800.000000000095 8.783263021325784e-08
56850.000000000095 7.890054873076414e-08
56900.000000000095 5.547024720918596e-08
56950.000000000095 9.664812378464598e-08
57000.000000000095 1.1381534223851823e-07
57050.000000000095 6.539018938567389e-08
57100.000000000095 2.9644429278835807e-08
57150.000000000095 4.963418893059618e-08
57200.000000000095 3.984301202753995e-08
57250.000000000095 5.577625834597665e-08
57300.000000000095 7.808828795326607e-08
57350.000000000095 4.420469064928243e-08
57400.000000000095 8.967711644905143e-08
57450.000000000095 6.584741946573987e-08
57500.000000000095 6.135268762462824e-08
57550.000000000095 8.345989419899768e-08
57600.000000000095 8.303157952482545e-08
57650.000000000095 2.8111208852368464e-08
57700.000000000095 4.1022419316606344e-08
57750.000000000095 5.574222536723164e-08
57800.000000000095 2.39330003369079e-08
57850.000000000095 1.233595690667636e-07
57900.000000000095 1.4249215594678186e-07
57950.000000000095 1.3595027677135965e-07
58000.000000000095 5.953048133212161e-08
58050.000000000095 8.566307781960814e-08
58100.000000000095 9.899948624642928e-08
58150.000000000095 6.889480203594672e-08
58200.000000000095 3.0527246027602784e-08
58250.000000000095 4.153196972731725e-08
58300.000000000095 3.877813976759113e-08
58350.000000000095 4.750235844573778e-08
58400.000000000095 7.719018012165227e-08
58450.000000000095 8.64639989422829e-08
58500.000000000095 8.113473326285567e-08
58550.000000000095 8.672746126727101e-08
58600.000000000095 4.448592494019936e-08
58650.000000000095 5.535544126505672e-08
58700.000000000095 6.417067049557723e-08
58750.000000000095 6.857301350066775e-08
58800.000000000095 2.2994215627323046e-08
58850.000000000095 5.179908702979072e-08
58900.000000000095 7.01121911635835e-08
58950.000000000095 3.7298760767824294e-08
59000.000000000095 7.170270003767457e-08
59050.000000000095 8.75884334993348e-08
59100.000000000095 9.915814781042839e-08
59150.000000000095 7.124689982940416e-08
59200.000000000095 7.511816936202666e-08
59250.000000000095 8.007490365380959e-08
59300.000000000095 7.253600416790089e-08
59350.000000000095 2.8170200033141072e-08
59400.000000000095 2.4363050158516175e-08
59450.000000000095 7.055579295035338e-08
59500.000000000095 3.873362450709439e-08
59550.000000000095 8.261539454925332e-08
59600.000000000095 9.526363371312924e-08
59650.000000000095 6.260570935915094e-08
59700.000000000095 4.39143373380034e-08
59750.000000000095 1.1440327957318992e-07
59800.000000000095 5.89461393184556e-08
59850.000000000095 8.422167117980387e-08
59900.000000000095 3.626923214097317e-08
59950.000000000095 7.002884954246373e-08
60000.000000000095 1.2931918556280432e-07
60050.000000000095 1.1288996002270373e-07
60100.000000000095 1.054256662681525e-07
60150.000000000095 6.137812328591676e-08
60200.000000000095 8.615332871639323e-08
60250.000000000095 1.2092789609227125e-07
60300.000000000095 1.083799129023529e-07
60350.000000000095 6.939058069286849e-08
60400.000000000095 8.430951592952989e-08
60450.000000000095 3.496903272964535e-08
60500.000000000095 1.8922270992071685e-08
60550.000000000095 8.161821962864011e-08
60600.000000000095 8.729427752115832e-08
60650.000000000095 6.538304109254953e-08
60700.000000000095 5.238049479924399e-08
60750.000000000095 3.505584169885833e-08
60800.000000000095 8.663847847275373e-08
60850.000000000095 1.4449032668932808e-07
60900.000000000095 1.2778269366426356e-07
60950.000000000095 1.0660222856523947e-07
61000.000000000095 8.856181673618441e-08
61050.000000000095 5.152966956558819e-08
61100.000000000095 6.88919644044566e-08
61150.000000000095 2.8836947486343804e-08
61200.000000000095 9.922284606206553e-08
61250.000000000095 1.1640361162199692e-07
61300.000000000095 1.0205117964015819e-07
61350.000000000095 1.4625611147659234e-07
61400.000000000095 7.668388428335746e-08
61450.000000000095 4.144310141015054e-08
61500.000000000095 5.144031891106769e-08
61550.000000000095 6.707891083605897e-08
61600.000000000095 4.1832681370362055e-08
61650.000000000095 6.976750110679293e-08
61700.000000000095 6.504658824804674e-08
61750.000000000095 7.66813009854328e-08
61800.000000000095 8.046871831196094e-08
61850.000000000095 4.242050111200309e-08
61900.000000000095 1.1694874680173569e-07
61950.000000000095 1.2160572659749868e-07
62000.000000000095 1.205939932700075e-07
62050.000000000095 1.1504245084749305e-07
62100.000000000095 1.0159176911390069e-07
62150.000000000095 1.1828913974867942e-07
62200.000000000095 1.0395924666495661e-07
62250.000000000095 9.260315201271487e-08
62300.000000000095 1.5698648162902027e-07
62350.000000000095 1.2847732827890285e-07
62400.000000000095 6.76693522692341e-08
62450.000000000095 9.543244533382593e-08
62500.000000000095 1.438928676996697e-07
62550.000000000095 1.4907231275164973e-07
62600.000000000095 1.4998583650492575e-07
62650.000000000095 1.1450765650503848e-07
62700.000000000095 1.1222847059680475e-07
62750.000000000095 1.4966004660943143e-07
62800.000000000095 8.944016146173299e-08
62850.000000000095 1.290248097968004e-07
62900.000000000095 1.0054069002331912e-07
62950.000000000095 1.5803021523283115e-07
63000.000000000095 1.2220837730557963e-07
63050.000000000095 1.8280663295416575e-07
63100.000000000095 1.6947737409900215e-07
63150.000000000095 1.1798101712225381e-07
63200.000000000095 1.3954642575108254e-07
63250.000000000095 1.3061580886497644e-07
63300.000000000095 1.3212750113982899e-07
63350.000000000095 1.255930748572633e-07
63400.000000000095 6.450993522582081e-08
63450.000000000095 4.5044744177070585e-08
63500.000000000095 1.103782503601745e-07
63550.000000000095 1.218122071671613e-07
63600.000000000095 1.2876915790485297e-07
63650.000000000095 9.057188943180459e-08
63700.000000000095 4.9354669266435826e-08
63750.000000000095 8.15389433497985e-08
63800.000000000095 1.2367720181537495e-07
63850.000000000095 1.0562062669838691e-07
63900.000000000095 5.797207372509416e-08
63950.000000000095 9.84681294866603e-08
64000.000000000095 1.1646361585663205e-07
64050.000000000095 7.114980685045281e-08
64100.000000000095 2.2825833092256322e-08
64150.000000000095 3.446235392419603e-08
64200.000000000095 3.9397541706639495e-08
64250.000000000095 7.509485668996664e-08
64300.000000000095 5.7496534135780347e-08
64350.000000000095 4.734203112934141e-08
64400.000000000095 9.297313832821899e-08
64450.000000000095 9.768212909121412e-08
64500.000000000095 4.7093864218606843e-08
64550.000000000095 8.044465164086594e-08
64600.000000000095 4.591996443192988e-08
64650.000000000095 7.877430982906228e-08
64700.000000000095 3.619724704664929e-08
64750.000000000095 4.9233096000827716e-08
64800.000000000095 4.272892646959258e-08
64850.000000000095 3.4875420725362323e-08
64900.000000000095 3.8877779854522067e-08
64950.000000000095 3.61897246033554e-08
65000.000000000095 4.837358315374136e-08
65050.000000000095 5.8765094027335825e-08
65100.000000000095 7.711482123250952e-08
65150.000000000095 4.5559749587675305e-08
65200.000000000095 3.307853826672703e-08
65250.000000000095 6.602470183272254e-08
65300.000000000095 5.887984433064271e-08
65350.000000000095 1.2025910759600423e-07
65400.000000000095 5.565565976301284e-08
65450.000000000095 5.72306023859389e-08
65500.000000000095 6.91084551712137e-08
65550.00000000009 3.9739590261205134e-08
65600.00000000009 6.23467107434595e-08
65650.00000000009 5.45949294515101e-08
65700.00000000009 5.1667296103345494e-08
65750.00000000009 3.740442277218266e-08
65800.00000000009 6.175663506268772e-08
65850.00000000009 8.046913721040444e-08
65900.00000000009 3.600684711669391e-08
65950.00000000009 3.867093679212764e-08
66000.00000000009 5.2640998153924125e-08
66050.00000000009 1.020753428334235e-07
66100.00000000009 5.930400643009119e-08
66150.00000000009 4.805914493882986e-08
66200.00000000009 4.587252528142213e-08
66250.00000000009 3.947680692071539e-08
66300.00000000009 1.916378330932269e-08
66350.00000000009 2.4226076965376396e-08
66400.00000000009 3.8122595114766244e-08
66450.00000000009 7.287785354431307e-08
66500.00000000009 1.0112628909976458e-07
66550.00000000009 9.285758294235213e-08
66600.00000000009 7.232939266514214e-08
66650.00000000009 6.25391710145267e-08
66700.00000000009 5.402539937087318e-08
66750.00000000009 4.922197381977415e-08
66800.00000000009 6.469965376856146e-08
66850.00000000009 4.314172700939683e-08
66900.00000000009 9.039050017759526e-08
66950.00000000009 1.0133935162559097e-07
67000.00000000009 1.0250345538237878e-07
67050.00000000009 6.430615172651166e-08
67100.00000000009 4.8171852091978436e-08
67150.00000000009 5.152970279140313e-08
67200.00000000009 6.900323292934432e-08
67250.00000000009 6.513639287300421e-08
67300.00000000009 8.132408636155099e-08
67350.00000000009 4.96522158135684e-08
67400.00000000009 1.007009828173393e-07
67450.00000000009 7.174880497306664e-08
67500.00000000009 6.58783919188986e-08
67550.00000000009 9.064200452423584e-08
67600.00000000009 1.4930881664391614e-07
67650.00000000009 1.0955090624485006e-07
67700.00000000009 7.726745679699825e-08
67750.00000000009 6.09705952996801e-08
67800.00000000009 8.42995440890981e-08
67850.00000000009 4.6073373048542646e-08
67900.00000000009 5.823056181416382e-08
67950.00000000009 4.2187915614911777e-08
68000.00000000009 7.052251307986585e-08
68050.00000000009 9.255612381659398e-08
