galfind/configs/Brown_Dwarf_templates/sonora_cholla/logkzz4/1000g/950K_1000g_logkzz4_resample.dat
# %ECSV 1.0
# ---
# datatype:
# - {name: wav, unit: Angstrom, datatype: float64}
# - {name: flux_nu, unit: erg / (cm2 Hz s), datatype: float64}
# schema: astropy-2.0
wav flux_nu
[from data line 774]
48700.000000000095 2.2424979677454965e-07
48750.000000000095 1.2733585578482735e-07
48800.000000000095 2.2332164156661722e-07
48850.000000000095 1.4485537561908745e-07
48900.000000000095 2.1602647488642147e-07
48950.000000000095 1.859590710794217e-07
49000.000000000095 1.5073907114879841e-07
49050.000000000095 2.1461270024041094e-07
49100.000000000095 1.557958849094608e-07
49150.000000000095 2.4018576993985086e-07
49200.000000000095 1.661279894972385e-07
49250.000000000095 2.4381817120595093e-07
49300.000000000095 1.7380003908878723e-07
49350.000000000095 1.7073132966607632e-07
49400.000000000095 2.0287195326897643e-07
49450.000000000095 2.0146737135636374e-07
49500.000000000095 1.7811773047010787e-07
49550.000000000095 9.440889701418625e-08
49600.000000000095 1.7908785431993548e-07
49650.000000000095 1.783332819421203e-07
49700.000000000095 1.7447435135388013e-07
49750.000000000095 2.6757012328765734e-07
49800.000000000095 1.6197613838081131e-07
49850.000000000095 2.9589250636228e-07
49900.000000000095 2.2928279570890996e-07
49950.000000000095 2.341339156716711e-07
50000.000000000095 2.553821267992594e-07
50050.000000000095 2.4769613240706124e-07
50100.000000000095 2.7576401205941494e-07
50150.000000000095 1.5114129480589862e-07
50200.000000000095 8.934129356364469e-08
50250.000000000095 2.2691823786908707e-07
50300.000000000095 1.6859152792421248e-07
50350.000000000095 2.628264839490851e-07
50400.000000000095 2.2171952606388611e-07
50450.000000000095 2.074480401481634e-07
50500.000000000095 2.9110062101494276e-07
50550.000000000095 2.450236852660715e-07
50600.000000000095 2.3177322918177846e-07
50650.000000000095 2.384593206893717e-07
50700.000000000095 3.4395829070921683e-07
50750.000000000095 2.7731467092783035e-07
50800.000000000095 1.4568644841256024e-07
50850.000000000095 1.3453927663124517e-07
50900.000000000095 2.9125026504838885e-07
50950.000000000095 2.797978254423086e-07
51000.000000000095 2.5285266599018175e-07
51050.000000000095 2.5041994063712975e-07
51100.000000000095 1.3718264817551244e-07
51150.000000000095 1.8803687256955514e-07
51200.000000000095 3.240839643425978e-07
51250.000000000095 2.470409927644177e-07
51300.000000000095 1.8418040696177387e-07
51350.000000000095 2.2236905862578196e-07
51400.000000000095 1.4011658430260854e-07
51450.000000000095 1.2392099114382594e-07
51500.000000000095 1.1121720002203226e-07
51550.000000000095 2.2948781195203533e-07
51600.000000000095 1.7216139296526034e-07
51650.000000000095 2.1573888788909968e-07
51700.000000000095 2.289293686733496e-07
51750.000000000095 1.4928346375713087e-07
51800.000000000095 2.8691107840577565e-07
51850.000000000095 2.3796134769244812e-07
51900.000000000095 3.1642499636460336e-07
51950.000000000095 2.3655049784371513e-07
52000.000000000095 7.62614419844615e-08
52050.000000000095 1.5965454589305606e-07
52100.000000000095 1.3500355102778702e-07
52150.000000000095 1.0467902535349568e-07
52200.000000000095 1.2304213188657554e-07
52250.000000000095 1.7548063960687025e-07
52300.000000000095 2.9448466087654e-07
52350.000000000095 1.6255563203056109e-07
52400.000000000095 1.3957445361455692e-07
52450.000000000095 2.449583515970857e-07
52500.000000000095 2.2637587441735765e-07
52550.000000000095 2.2538297509158085e-07
52600.000000000095 1.855029327875607e-07
52650.000000000095 1.927638105069406e-07
52700.000000000095 1.6098700342886135e-07
52750.000000000095 1.211075309455556e-07
52800.000000000095 1.386867500521971e-07
52850.000000000095 1.6207510502263937e-07
52900.000000000095 1.2411009528224453e-07
52950.000000000095 1.4066947218890086e-07
53000.000000000095 2.45484656711796e-07
53050.000000000095 1.0133543668601481e-07
53100.000000000095 2.3215679862309717e-07
53150.000000000095 2.804194526188964e-07
53200.000000000095 1.2608567434475595e-07
53250.000000000095 2.465372051245479e-07
53300.000000000095 2.650339642618952e-07
53350.000000000095 2.564648586863511e-07
53400.000000000095 2.418030144438591e-07
53450.000000000095 1.0486870744004397e-07
53500.000000000095 6.107592679353668e-08
53550.000000000095 9.939965183809058e-08
53600.000000000095 1.6938857592838554e-07
53650.000000000095 1.4053672603064403e-07
53700.000000000095 1.2865212370335184e-07
53750.000000000095 1.2598093642154482e-07
53800.000000000095 1.2805995740551242e-07
53850.000000000095 1.7730862816652352e-07
53900.000000000095 1.8221047650493531e-07
53950.000000000095 2.3462980599222494e-07
54000.000000000095 1.5751021848793045e-07
54050.000000000095 1.6354967975722885e-07
54100.000000000095 7.238622814703025e-08
54150.000000000095 1.0886893504641239e-07
54200.000000000095 4.956096230115243e-08
54250.000000000095 6.923853100499324e-08
54300.000000000095 1.1651320588997243e-07
54350.000000000095 1.6005646999943855e-07
54400.000000000095 1.5689318286493e-07
54450.000000000095 1.3596831648647733e-07
54500.000000000095 1.1944778570926345e-07
54550.000000000095 1.0423849117434478e-07
54600.000000000095 1.274724476077206e-07
54650.000000000095 6.020692236119278e-08
54700.000000000095 1.5412000966036553e-07
54750.000000000095 1.4054911708507392e-07
54800.000000000095 9.502115640217137e-08
54850.000000000095 1.1828580558516968e-07
54900.000000000095 1.6606980074575533e-07
54950.000000000095 2.2058524837846873e-07
55000.000000000095 9.179514869788923e-08
55050.000000000095 1.4001423353569301e-07
55100.000000000095 1.376121868583802e-07
55150.000000000095 1.0458354629309563e-07
55200.000000000095 1.0087162032987784e-07
55250.000000000095 1.178170981835179e-07
55300.000000000095 8.283390802333099e-08
55350.000000000095 1.4418539964774026e-07
55400.000000000095 1.747095616241628e-07
55450.000000000095 1.1675763257962886e-07
55500.000000000095 6.068872703372807e-08
55550.000000000095 8.290695381982885e-08
55600.000000000095 8.741666775539636e-08
55650.000000000095 7.664727318790461e-08
55700.000000000095 9.393919062030673e-08
55750.000000000095 1.0236717603897537e-07
55800.000000000095 6.878255934533634e-08
55850.000000000095 6.677978441994073e-08
55900.000000000095 1.2957208616381962e-07
55950.000000000095 1.716707585940287e-07
56000.000000000095 7.953210420331849e-08
56050.000000000095 1.0332901449604026e-07
56100.000000000095 1.2852267594331966e-07
56150.000000000095 8.728605145004398e-08
56200.000000000095 1.0250119982321875e-07
56250.000000000095 1.2499760562760378e-07
56300.000000000095 1.161868587239859e-07
56350.000000000095 1.0983124499743729e-07
56400.000000000095 6.503866069781865e-08
56450.000000000095 5.8683856754486245e-08
56500.000000000095 9.308675253027312e-08
56550.000000000095 5.39104071310622e-08
56600.000000000095 1.2595370971529253e-07
56650.000000000095 1.234045780779912e-07
56700.000000000095 1.2973069284524873e-07
56750.000000000095 6.153716838324927e-08
56800.000000000095 1.1831613862154478e-07
56850.000000000095 1.0220675691401262e-07
56900.000000000095 7.478035526470127e-08
56950.000000000095 1.2649174061562585e-07
57000.000000000095 1.459137132840807e-07
57050.000000000095 8.745269576536733e-08
57100.000000000095 4.231661796372617e-08
57150.000000000095 6.851408614421253e-08
57200.000000000095 5.486864128558945e-08
57250.000000000095 7.664986938059548e-08
57300.000000000095 1.0471559142021857e-07
57350.000000000095 6.067541292424507e-08
57400.000000000095 1.1503218455269352e-07
57450.000000000095 8.997269395614199e-08
57500.000000000095 8.378649195672124e-08
57550.000000000095 1.1243552595233043e-07
57600.000000000095 1.1395901539645783e-07
57650.000000000095 4.1633036530436004e-08
57700.000000000095 5.775963087258495e-08
57750.000000000095 7.547500523196863e-08
57800.000000000095 3.303570490887425e-08
57850.000000000095 1.5601150667254293e-07
57900.000000000095 1.8000424510030126e-07
57950.000000000095 1.6776776614081208e-07
58000.000000000095 7.89127197511818e-08
58050.000000000095 1.1051661072920927e-07
58100.000000000095 1.3031915343473e-07
58150.000000000095 9.4399658270592e-08
58200.000000000095 4.4750948173093186e-08
58250.000000000095 6.053878613674626e-08
58300.000000000095 5.352418645287367e-08
58350.000000000095 6.601683674680478e-08
58400.000000000095 1.001112472425538e-07
58450.000000000095 1.1043954957888805e-07
58500.000000000095 1.02771165146276e-07
58550.000000000095 1.131491099428249e-07
58600.000000000095 6.082829067092863e-08
58650.000000000095 7.543069698827472e-08
58700.000000000095 8.51588834868403e-08
58750.000000000095 9.353557504921933e-08
58800.000000000095 3.5122376611947796e-08
58850.000000000095 7.213257985298277e-08
58900.000000000095 9.65588795878825e-08
58950.000000000095 5.383031355802177e-08
59000.000000000095 9.75759953682977e-08
59050.000000000095 1.1402875298839296e-07
59100.000000000095 1.3143277972437437e-07
59150.000000000095 9.4295733535567e-08
59200.000000000095 9.895664308932312e-08
59250.000000000095 1.0616659402777662e-07
59300.000000000095 9.785688679150064e-08
59350.000000000095 4.2159533728142035e-08
59400.000000000095 3.549378925940339e-08
59450.000000000095 9.241503816469815e-08
59500.000000000095 5.300860040581208e-08
59550.000000000095 1.09119831937791e-07
59600.000000000095 1.2200686715404145e-07
59650.000000000095 8.772897501535895e-08
59700.000000000095 6.084134983972098e-08
59750.000000000095 1.4804589116216433e-07
59800.000000000095 8.010674667071905e-08
59850.000000000095 1.135657638599965e-07
59900.000000000095 5.130761709686407e-08
59950.000000000095 9.392301574620276e-08
60000.000000000095 1.6612896451306418e-07
60050.000000000095 1.4389305601921838e-07
60100.000000000095 1.3821425169359026e-07
60150.000000000095 8.562276032957066e-08
60200.000000000095 1.126094111173754e-07
60250.000000000095 1.5020918614754833e-07
60300.000000000095 1.3578706364350987e-07
60350.000000000095 8.99542521969911e-08
60400.000000000095 1.1263049009779383e-07
60450.000000000095 5.074833654960661e-08
60500.000000000095 2.986811057512785e-08
60550.000000000095 1.1099633801121406e-07
60600.000000000095 1.1412253429420772e-07
60650.000000000095 8.83885467944338e-08
60700.000000000095 7.3167341107091e-08
60750.000000000095 5.1780175896298776e-08
60800.000000000095 1.146274123551192e-07
60850.000000000095 1.8292187605006613e-07
60900.000000000095 1.6207774525600346e-07
60950.000000000095 1.3886913291268973e-07
61000.000000000095 1.129449181163305e-07
61050.000000000095 7.130466168204729e-08
61100.000000000095 9.547227222883404e-08
61150.000000000095 4.0658753049325446e-08
61200.000000000095 1.3307113567944695e-07
61250.000000000095 1.5512222263812258e-07
61300.000000000095 1.3604745008064007e-07
61350.000000000095 1.8557715022690714e-07
61400.000000000095 1.0611563438018755e-07
61450.000000000095 5.976306283835784e-08
61500.000000000095 7.408511119648317e-08
61550.000000000095 8.907016415071923e-08
61600.000000000095 5.9259643143035725e-08
61650.000000000095 9.4361891664567e-08
61700.000000000095 8.478819259847385e-08
61750.000000000095 1.0079344590196459e-07
61800.000000000095 1.1001018739508496e-07
61850.000000000095 6.177943901852974e-08
61900.000000000095 1.521223419389521e-07
61950.000000000095 1.5322431757880025e-07
62000.000000000095 1.5185282072664885e-07
62050.000000000095 1.4185423823058014e-07
62100.000000000095 1.3384651805449709e-07
62150.000000000095 1.49457538821894e-07
62200.000000000095 1.3174391379546258e-07
62250.000000000095 1.230676611899132e-07
62300.000000000095 1.933861399284456e-07
62350.000000000095 1.581771839658939e-07
62400.000000000095 8.629774191982959e-08
62450.000000000095 1.2206098675112134e-07
62500.000000000095 1.7622392985014697e-07
62550.000000000095 1.7871703657827574e-07
62600.000000000095 1.8591595701445063e-07
62650.000000000095 1.4409228257303228e-07
62700.000000000095 1.4520198982840417e-07
62750.000000000095 1.8852481049878414e-07
62800.000000000095 1.1511118758782058e-07
62850.000000000095 1.6103207042830726e-07
62900.000000000095 1.271017017629878e-07
62950.000000000095 1.896153128928065e-07
63000.000000000095 1.5257233160939492e-07
63050.000000000095 2.175475325885258e-07
63100.000000000095 2.0136146477325343e-07
63150.000000000095 1.430867747901428e-07
63200.000000000095 1.7342803052727053e-07
63250.000000000095 1.569782117089285e-07
63300.000000000095 1.7024921902408314e-07
63350.000000000095 1.603150920121194e-07
63400.000000000095 8.777789154839292e-08
63450.000000000095 6.424292206394322e-08
63500.000000000095 1.4206551553039415e-07
63550.000000000095 1.498876307852666e-07
63600.000000000095 1.6345442172601753e-07
63650.000000000095 1.1707048015445656e-07
63700.000000000095 7.01449601666014e-08
63750.000000000095 1.0753913544102591e-07
63800.000000000095 1.5084921849227795e-07
63850.000000000095 1.3318780647211022e-07
63900.000000000095 7.997424023591146e-08
63950.000000000095 1.28055218885163e-07
64000.000000000095 1.483192183074271e-07
64050.000000000095 9.711865429179897e-08
64100.000000000095 3.3472257812474535e-08
64150.000000000095 4.9187171441695634e-08
64200.000000000095 5.584358132592567e-08
64250.000000000095 1.0004833868650163e-07
64300.000000000095 7.697045449929962e-08
64350.000000000095 6.472351332167689e-08
64400.000000000095 1.1830651323382883e-07
64450.000000000095 1.2422995114427465e-07
64500.000000000095 6.331089306802991e-08
64550.000000000095 1.0349148989752513e-07
64600.000000000095 5.958069446440192e-08
64650.000000000095 1.0087460510782398e-07
64700.000000000095 4.964966559115255e-08
64750.000000000095 6.512101364158836e-08
64800.000000000095 5.922485542173804e-08
64850.000000000095 5.002972169086088e-08
64900.000000000095 5.60372878893704e-08
64950.000000000095 5.2373644434772134e-08
65000.000000000095 6.76880668974812e-08
65050.000000000095 7.685157366913105e-08
65100.000000000095 9.985092763603646e-08
65150.000000000095 6.189337885903618e-08
65200.000000000095 4.818990693186854e-08
65250.000000000095 8.913724652029703e-08
65300.000000000095 7.754884148480041e-08
65350.000000000095 1.5053252486296165e-07
65400.000000000095 7.345620058220568e-08
65450.000000000095 7.57595462222369e-08
65500.000000000095 9.062470534323962e-08
65550.00000000009 5.502818664549478e-08
65600.00000000009 8.005105129393596e-08
65650.00000000009 7.458498966634142e-08
65700.00000000009 7.002857919578859e-08
65750.00000000009 5.246791363924597e-08
65800.00000000009 8.212307552860861e-08
65850.00000000009 1.0350826707361855e-07
65900.00000000009 5.077154683053977e-08
65950.00000000009 5.12095218975712e-08
66000.00000000009 7.005762692158354e-08
66050.00000000009 1.3104154582640008e-07
66100.00000000009 7.832465162158245e-08
66150.00000000009 6.241843509500946e-08
66200.00000000009 6.016203150082291e-08
66250.00000000009 5.396459710649689e-08
66300.00000000009 2.7325596825613727e-08
66350.00000000009 3.5475649720673204e-08
66400.00000000009 5.308565862557332e-08
66450.00000000009 9.517679209115376e-08
66500.00000000009 1.301826746458755e-07
66550.00000000009 1.1987746048789964e-07
66600.00000000009 9.307313975051737e-08
66650.00000000009 8.188014948141331e-08
66700.00000000009 7.294489478690668e-08
66750.00000000009 6.711926939669532e-08
66800.00000000009 8.700721890092738e-08
66850.00000000009 5.859270818965367e-08
66900.00000000009 1.1159164960402712e-07
66950.00000000009 1.310680934347225e-07
67000.00000000009 1.2949212040631283e-07
67050.00000000009 8.373326321250515e-08
67100.00000000009 6.546957325225843e-08
67150.00000000009 6.910110154862732e-08
67200.00000000009 8.789726929113542e-08
67250.00000000009 8.465532771495699e-08
67300.00000000009 1.0146619683221409e-07
67350.00000000009 6.433786025682977e-08
67400.00000000009 1.2707713510683892e-07
67450.00000000009 9.280260429043864e-08
67500.00000000009 8.522601225094763e-08
67550.00000000009 1.1128756992797527e-07
67600.00000000009 1.8108070259955754e-07
67650.00000000009 1.3355099384418274e-07
67700.00000000009 9.808548179515876e-08
67750.00000000009 8.02417358173365e-08
67800.00000000009 1.0856818808789618e-07
67850.00000000009 6.255603403439434e-08
67900.00000000009 7.851593089747804e-08
67950.00000000009 5.677921507733178e-08
68000.00000000009 8.79021642821361e-08
