galfind/configs/Brown_Dwarf_templates/sonora_cholla/logkzz4/1000g/950K_1000g_logkzz4_resample.dat
# %ECSV 1.0
# ---
# datatype:
# - {name: wav, unit: Angstrom, datatype: float64}
# - {name: flux_nu, unit: erg / (cm2 Hz s), datatype: float64}
# schema: astropy-2.0
wav flux_nu
[from data line 1162]
68100.00000000009 1.3537920603738916e-07
68150.00000000009 1.0892900985858772e-07
68200.00000000009 1.0913939512639901e-07
68250.00000000009 4.478645333548906e-08
68300.00000000009 9.784997378086091e-08
68350.00000000009 6.261604308271682e-08
68400.00000000009 1.3881526801268192e-07
68450.00000000009 1.2766789453536092e-07
68500.00000000009 1.0294456849754495e-07
68550.00000000009 6.393301061192273e-08
68600.00000000009 6.805940576921939e-08
68650.00000000009 4.2251935136854024e-08
68700.00000000009 7.594629075649603e-08
68750.00000000009 9.965726000624972e-08
68800.00000000009 1.127508821071079e-07
68850.00000000009 5.578202558623896e-08
68900.00000000009 1.4606927299676885e-07
68950.00000000009 1.5336744549130158e-07
69000.00000000009 1.3030388199350307e-07
69050.00000000009 7.825560136954371e-08
69100.00000000009 1.4646819254466065e-07
69150.00000000009 1.7290983252819776e-07
69200.00000000009 1.0686779669139074e-07
69250.00000000009 1.6500463020446234e-07
69300.00000000009 1.0632038002769405e-07
69350.00000000009 1.5482567683506781e-07
69400.00000000009 7.266318724056103e-08
69450.00000000009 1.5931198668473227e-07
69500.00000000009 9.292521652944327e-08
69550.00000000009 9.717569326109638e-08
69600.00000000009 3.601231897462617e-08
69650.00000000009 8.718599195904635e-08
69700.00000000009 1.3945053975771623e-07
69750.00000000009 9.860742103041229e-08
69800.00000000009 1.2765090618382813e-07
69850.00000000009 1.390473227018131e-07
69900.00000000009 1.0425690271863783e-07
69950.00000000009 1.0526633136092776e-07
70000.00000000009 9.41505121045901e-08
70050.00000000009 1.5448140192160487e-07
70100.00000000009 1.0760192108459766e-07
70150.00000000009 1.0949424557253445e-07
70200.00000000009 8.062498339630244e-08
70250.00000000009 1.080742491901149e-07
70300.00000000009 1.4908895719653896e-07
70350.00000000009 1.122133875371861e-07
70400.00000000009 8.369826566726584e-08
70450.00000000009 3.6443070443914814e-08
70500.00000000009 6.897269560759886e-08
70550.00000000009 7.098973881685075e-08
70600.00000000009 7.15620021471076e-08
70650.00000000009 1.276506809807372e-07
70700.00000000009 1.1538915913569364e-07
70750.00000000009 1.475836051919407e-07
70800.00000000009 9.086352218747348e-08
70850.00000000009 8.576517054523824e-08
70900.00000000009 9.252983235188876e-08
70950.00000000009 1.336339901671957e-07
71000.00000000009 1.1628001909700677e-07
71050.00000000009 1.1637020052199602e-07
71100.00000000009 1.009186351313338e-07
71150.00000000009 9.204158991409936e-08
71200.00000000009 8.155330414110312e-08
71250.00000000009 9.690302561648601e-08
71300.00000000009 1.240098864796549e-07
71350.00000000009 1.2423765326554633e-07
71400.00000000009 1.1634008018913e-07
71450.00000000009 6.396846692258763e-08
71500.00000000009 7.596165507050988e-08
71550.00000000009 8.331682279985235e-08
71600.00000000009 1.0056747777990567e-07
71650.00000000009 8.294570922129095e-08
71700.00000000009 6.54098500318011e-08
71750.00000000009 9.033259382863891e-08
71800.00000000009 1.1648880900746904e-07
71850.00000000009 1.1553334208098529e-07
71900.00000000009 7.47728888726557e-08
71950.00000000009 8.7330261367952e-08
72000.00000000009 8.50912810696404e-08
72050.00000000009 6.229431400109631e-08
72100.00000000009 7.376411419937213e-08
72150.00000000009 6.388768631118169e-08
72200.00000000009 8.86134976400654e-08
72250.00000000009 1.0654503324797042e-07
72300.00000000009 8.644995839630308e-08
72350.00000000009 9.126351035635314e-08
72400.00000000009 7.979711889011667e-08
72450.00000000009 6.760127397531066e-08
72500.00000000009 8.72910525130272e-08
72550.00000000009 4.817405069596304e-08
72600.00000000009 6.148161358287522e-08
72650.00000000009 9.613467580025488e-08
72700.00000000009 8.707764715677602e-08
72750.00000000009 7.969552410964604e-08
72800.00000000009 6.538584260517646e-08
72850.00000000009 6.975213422751105e-08
72900.00000000009 1.0234146238478871e-07
72950.00000000009 8.334525129805565e-08
73000.00000000009 8.455446400341494e-08
73050.00000000009 6.16521790579156e-08
73100.00000000009 5.91598935437143e-08
73150.00000000009 1.154309073163406e-07
73200.00000000009 6.179482678224351e-08
73250.00000000009 7.754403156256983e-08
73300.00000000009 7.365623584822917e-08
73350.00000000009 5.630397667374721e-08
73400.00000000009 7.86568429980784e-08
73450.00000000009 5.329313210593223e-08
73500.00000000009 4.902649182559953e-08
73550.00000000009 7.458087974227011e-08
73600.00000000009 6.021648335951947e-08
73650.00000000009 7.547965558446943e-08
73700.00000000009 8.361218411715794e-08
73750.00000000009 4.73498803284848e-08
73800.00000000009 7.029348390065831e-08
73850.00000000009 8.015572334157454e-08
73900.00000000009 7.473344683828788e-08
73950.00000000009 6.629261882127077e-08
74000.00000000009 5.121691663884984e-08
74050.00000000009 1.071509703386382e-07
74100.00000000009 6.928863327249329e-08
74150.00000000009 7.441398923068509e-08
74200.00000000009 6.463760667180097e-08
74250.00000000009 3.237481571523835e-08
74300.00000000009 6.664771731751307e-08
74350.00000000009 9.031704275257306e-08
74400.00000000009 8.371559875541607e-08
74450.00000000009 4.52431985902793e-08
74500.00000000009 4.630508527320274e-08
74550.00000000009 6.721760578686111e-08
74600.00000000009 6.650812788906599e-08
74650.00000000009 6.576020578909493e-08
74700.00000000009 4.964971382283642e-08
74750.00000000009 5.1595621501249835e-08
74800.00000000009 6.040051226513487e-08
74850.00000000009 5.49092764294483e-08
74900.00000000009 8.937050252822436e-08
74950.00000000009 9.045948096857837e-08
75000.00000000009 6.269102098359313e-08
75050.00000000009 4.059720347823938e-08
75100.00000000009 9.602761158185383e-08
75150.00000000009 8.191515970371972e-08
75200.00000000009 9.560213265053745e-08
75250.00000000009 9.949340220181414e-08
75300.00000000009 9.498285916640622e-08
75350.00000000009 5.003116379312912e-08
75400.00000000009 1.0429891368665469e-07
75450.00000000009 8.389496680934381e-08
75500.00000000009 7.951168640529375e-08
75550.00000000009 9.256246383546907e-08
75600.00000000009 1.1852280927111811e-07
75650.00000000009 7.558325270418114e-08
75700.00000000009 8.870236524963849e-08
75750.00000000009 5.999158118501696e-08
75800.00000000009 9.131250344238439e-08
75850.00000000009 1.0635495660895312e-07
75900.00000000009 9.469339976340039e-08
75950.00000000009 6.269388838899751e-08
76000.00000000009 9.417836929990493e-08
76050.00000000009 9.623445133467407e-08
76100.00000000009 8.968056719687816e-08
76150.00000000009 9.988395677070396e-08
76200.00000000009 9.833828919334809e-08
76250.00000000009 1.0624970345563982e-07
76300.00000000009 1.427263794344883e-07
76350.00000000009 1.649641655031131e-07
76400.00000000009 1.2359752096585248e-07
76450.00000000009 1.174169355074501e-07
76500.00000000009 9.4535320179417e-08
76550.00000000009 6.521084043185634e-08
76600.00000000009 2.718014385539139e-08
76650.00000000009 3.35674997814743e-08
76700.00000000009 3.538425804331308e-08
76750.00000000009 3.522145009767716e-08
76800.00000000009 5.870363343319524e-08
76850.00000000009 2.287069046362685e-08
76900.00000000009 3.079571639057692e-08
76950.00000000009 5.036036958697287e-08
77000.00000000009 5.594820724750708e-08
77050.00000000009 3.497333866788849e-08
77100.00000000009 4.1223856984380166e-08
77150.00000000009 6.091504385455947e-08
77200.00000000009 5.094898703135598e-08
77250.00000000009 5.640167624756311e-08
77300.00000000009 5.634127256037014e-08
77350.00000000009 3.526449092798054e-08
77400.00000000009 3.6914809795401305e-08
77450.00000000009 4.764027506269913e-08
77500.00000000009 4.054401331617846e-08
77550.00000000009 5.033852944481069e-08
77600.00000000009 5.272671852608611e-08
77650.00000000009 5.15533611710277e-08
77700.00000000009 4.1039255265032274e-08
77750.00000000009 7.14658472799702e-08
77800.00000000009 5.806467950496711e-08
77850.00000000009 9.406612606326366e-08
77900.00000000009 7.241992548771169e-08
77950.00000000009 4.162219765260807e-08
78000.00000000009 6.159867891317508e-08
78050.00000000009 6.249835386633368e-08
78100.00000000009 5.152591297845927e-08
78150.00000000009 8.344084479057119e-08
78200.00000000009 8.144352564763457e-08
78250.00000000009 9.563890248757428e-08
78300.00000000009 8.006629824785918e-08
78350.00000000009 8.065834982552824e-08
78400.00000000009 6.09497275605047e-08
78450.00000000009 9.383854090714454e-08
78500.00000000009 9.601020242958474e-08
78550.00000000009 1.0293065233649471e-07
78600.00000000009 8.908861959133126e-08
78650.00000000009 3.693354949316158e-08
78700.00000000009 5.751589536963079e-08
78750.00000000009 5.950430860384677e-08
78800.00000000009 8.437272244993547e-08
78850.00000000009 4.5298226206085405e-08
78900.00000000009 7.689092889311304e-08
78950.00000000009 7.721727374190114e-08
79000.00000000009 7.404315389779646e-08
79050.00000000009 6.675625540539929e-08
79100.00000000009 7.144704052028226e-08
79150.00000000009 7.915238298790633e-08
79200.00000000009 8.630775788067351e-08
79250.00000000009 6.865999397466487e-08
79300.00000000009 5.339152088157322e-08
79350.00000000009 8.463667122613018e-08
79400.00000000009 6.370854905101674e-08
79450.00000000009 9.434161575214998e-08
79500.00000000009 1.2348491010790457e-07
79550.00000000009 1.0196668980483422e-07
79600.00000000009 5.773430097784885e-08
79650.00000000009 8.148665492752782e-08
79700.00000000009 8.891232306644487e-08
79750.00000000009 9.27913393351705e-08
79800.00000000009 6.952028574962195e-08
79850.00000000009 7.841749866877711e-08
79900.00000000009 1.29498235897614e-07
79950.00000000009 9.585309750393091e-08
