galfind/configs/Brown_Dwarf_templates/sonora_cholla/logkzz4/3162g/1000K_3162g_logkzz4_resample.dat
# %ECSV 1.0
# ---
# datatype:
# - {name: wav, unit: Angstrom, datatype: float64}
# - {name: flux_nu, unit: erg / (cm2 Hz s), datatype: float64}
# schema: astropy-2.0
wav flux_nu
[from data line 775]
48750.000000000095 1.6874253028669504e-07
48800.000000000095 2.940775025565019e-07
48850.000000000095 1.8668815379732075e-07
48900.000000000095 2.7902447956870487e-07
48950.000000000095 2.338082574788503e-07
49000.000000000095 1.8470005873442487e-07
49050.000000000095 2.772037733994615e-07
49100.000000000095 2.1227029057802322e-07
49150.000000000095 2.938543374806968e-07
49200.000000000095 2.262536903989375e-07
49250.000000000095 3.0411581982514146e-07
49300.000000000095 2.2927516889299258e-07
49350.000000000095 2.088241045518102e-07
49400.000000000095 2.504234225214085e-07
49450.000000000095 2.4938736816879786e-07
49500.000000000095 2.2304587341258698e-07
49550.000000000095 1.1426957946618292e-07
49600.000000000095 2.0906476144922094e-07
49650.000000000095 2.1810185006943768e-07
49700.000000000095 2.324984547066484e-07
49750.000000000095 3.143966317937295e-07
49800.000000000095 2.046254970801945e-07
49850.000000000095 3.4730881935371345e-07
49900.000000000095 2.863491018812681e-07
49950.000000000095 2.7651333649661463e-07
50000.000000000095 2.9977413108761835e-07
50050.000000000095 2.96415702308421e-07
50100.000000000095 3.102285277940829e-07
50150.000000000095 1.8243223143094508e-07
50200.000000000095 1.0520382155251355e-07
50250.000000000095 2.5777150019377234e-07
50300.000000000095 1.951641862534923e-07
50350.000000000095 3.2260516821550657e-07
50400.000000000095 2.6728357711834856e-07
50450.000000000095 2.370033210425835e-07
50500.000000000095 3.380216412660743e-07
50550.000000000095 3.046253761917941e-07
50600.000000000095 2.537072509124804e-07
50650.000000000095 2.8604475321375196e-07
50700.000000000095 3.948571108994156e-07
50750.000000000095 2.994403879141349e-07
50800.000000000095 1.7180673097403966e-07
50850.000000000095 1.535315985401431e-07
50900.000000000095 3.326462126206056e-07
50950.000000000095 3.158966066578103e-07
51000.000000000095 2.980328087147562e-07
51050.000000000095 2.939882551757839e-07
51100.000000000095 1.6724219423591898e-07
51150.000000000095 2.1144987171778505e-07
51200.000000000095 3.756818578433411e-07
51250.000000000095 2.771625405318867e-07
51300.000000000095 2.1501881558950803e-07
51350.000000000095 2.5551889010973703e-07
51400.000000000095 1.613204426798979e-07
51450.000000000095 1.4192766659422316e-07
51500.000000000095 1.266734226729692e-07
51550.000000000095 2.5354733498276104e-07
51600.000000000095 1.9617187923091442e-07
51650.000000000095 2.341539906255823e-07
51700.000000000095 2.552909457839707e-07
51750.000000000095 1.750276137249033e-07
51800.000000000095 3.1274159129520494e-07
51850.000000000095 2.607302939569654e-07
51900.000000000095 3.4905718593845383e-07
51950.000000000095 2.606399934302467e-07
52000.000000000095 9.02949886750848e-08
52050.000000000095 1.804976494363153e-07
52100.000000000095 1.524089245982827e-07
52150.000000000095 1.2086182381522917e-07
52200.000000000095 1.4644897447468968e-07
52250.000000000095 2.0131393307257192e-07
52300.000000000095 3.280829061071505e-07
52350.000000000095 1.817493118254069e-07
52400.000000000095 1.5843154463272632e-07
52450.000000000095 2.7171046211887067e-07
52500.000000000095 2.522128179266094e-07
52550.000000000095 2.4899766422222705e-07
52600.000000000095 2.1490824926822835e-07
52650.000000000095 2.2170614099876282e-07
52700.000000000095 1.772329507249633e-07
52750.000000000095 1.360617362818663e-07
52800.000000000095 1.5716480526451529e-07
52850.000000000095 1.8249132964461774e-07
52900.000000000095 1.4391874722625443e-07
52950.000000000095 1.693912513147737e-07
53000.000000000095 2.6423467920338506e-07
53050.000000000095 1.1750277718403349e-07
53100.000000000095 2.605766604081209e-07
53150.000000000095 3.0543057097545384e-07
53200.000000000095 1.405664171474358e-07
53250.000000000095 2.651804151794199e-07
53300.000000000095 2.9384326138088654e-07
53350.000000000095 2.847687718605616e-07
53400.000000000095 2.634146934506217e-07
53450.000000000095 1.216816874452316e-07
53500.000000000095 7.332439201665098e-08
53550.000000000095 1.1418145158838742e-07
53600.000000000095 1.9236326737419518e-07
53650.000000000095 1.5424720898882447e-07
53700.000000000095 1.4473314494145774e-07
53750.000000000095 1.396151970554887e-07
53800.000000000095 1.470719130681026e-07
53850.000000000095 2.0051189482536648e-07
53900.000000000095 2.115224117109759e-07
53950.000000000095 2.664397648828251e-07
54000.000000000095 1.8091850414354118e-07
54050.000000000095 1.8126369911022974e-07
54100.000000000095 8.445691158856834e-08
54150.000000000095 1.2474401363330842e-07
54200.000000000095 6.134607928517305e-08
54250.000000000095 8.339637905957781e-08
54300.000000000095 1.3334591687337413e-07
54350.000000000095 1.7883458867443306e-07
54400.000000000095 1.7577728906402986e-07
54450.000000000095 1.5981976418484191e-07
54500.000000000095 1.4116347039884263e-07
54550.000000000095 1.1766380540942696e-07
54600.000000000095 1.4433061130243112e-07
54650.000000000095 7.382881654483168e-08
54700.000000000095 1.7424950450998654e-07
54750.000000000095 1.579216038470593e-07
54800.000000000095 1.0882012663746765e-07
54850.000000000095 1.3250087085781076e-07
54900.000000000095 1.866692687731616e-07
54950.000000000095 2.420051568697583e-07
55000.000000000095 1.1105055538906151e-07
55050.000000000095 1.5560151862747011e-07
55100.000000000095 1.5940172763072067e-07
55150.000000000095 1.2468388330955124e-07
55200.000000000095 1.1820557384782462e-07
55250.000000000095 1.3407200195219935e-07
55300.000000000095 9.572074599565597e-08
55350.000000000095 1.6117619727625494e-07
55400.000000000095 1.919484938445134e-07
55450.000000000095 1.3327289190298888e-07
55500.000000000095 7.201931846278376e-08
55550.000000000095 9.781896792414952e-08
55600.000000000095 1.0422002186491989e-07
55650.000000000095 8.804828174707244e-08
55700.000000000095 1.0789171075875032e-07
55750.000000000095 1.1935543023777514e-07
55800.000000000095 8.268373767013905e-08
55850.000000000095 7.854195295426958e-08
55900.000000000095 1.4698505197768118e-07
55950.000000000095 1.943294207391721e-07
56000.000000000095 9.278894475317653e-08
56050.000000000095 1.2094765008978934e-07
56100.000000000095 1.4399785071341197e-07
56150.000000000095 1.0176206651335366e-07
56200.000000000095 1.165661795430135e-07
56250.000000000095 1.4425335855451556e-07
56300.000000000095 1.3293267273868043e-07
56350.000000000095 1.2821908495832734e-07
56400.000000000095 7.896023589486665e-08
56450.000000000095 7.185126659069821e-08
56500.000000000095 1.1565287154946031e-07
56550.000000000095 6.593203755228908e-08
56600.000000000095 1.4463587032328103e-07
56650.000000000095 1.4009401113242958e-07
56700.000000000095 1.5221405437224406e-07
56750.000000000095 7.623438867562184e-08
56800.000000000095 1.3176752858616342e-07
56850.000000000095 1.1500884010970106e-07
56900.000000000095 9.013360533551978e-08
56950.000000000095 1.4472115952273713e-07
57000.000000000095 1.6693974088222195e-07
57050.000000000095 1.0277844119743854e-07
57100.000000000095 5.2291722633902127e-08
57150.000000000095 8.427403701270329e-08
57200.000000000095 6.594268469155971e-08
57250.000000000095 9.218562965362787e-08
57300.000000000095 1.1951572157430106e-07
57350.000000000095 7.374145059291129e-08
57400.000000000095 1.3735306971899173e-07
57450.000000000095 1.0947751392083108e-07
57500.000000000095 9.80715803444507e-08
57550.000000000095 1.2865681345235222e-07
57600.000000000095 1.2976277445439842e-07
57650.000000000095 5.268752084209559e-08
57700.000000000095 7.00629918416604e-08
57750.000000000095 8.904464205272877e-08
57800.000000000095 4.050049628310673e-08
57850.000000000095 1.729102998623999e-07
57900.000000000095 2.0136598226799145e-07
57950.000000000095 1.8891825470871926e-07
58000.000000000095 9.72745944475445e-08
58050.000000000095 1.2688410970945914e-07
58100.000000000095 1.4974887749589767e-07
58150.000000000095 1.1409443317219891e-07
58200.000000000095 5.597122425070438e-08
58250.000000000095 7.518809326227665e-08
58300.000000000095 6.621740202836219e-08
58350.000000000095 7.836326614607526e-08
58400.000000000095 1.1541300283694352e-07
58450.000000000095 1.301130467311084e-07
58500.000000000095 1.2107073367218255e-07
58550.000000000095 1.3399641400647464e-07
58600.000000000095 7.553083079610081e-08
58650.000000000095 9.148291888317903e-08
58700.000000000095 1.0045309392455811e-07
58750.000000000095 1.1227359839400231e-07
58800.000000000095 4.635705828734115e-08
58850.000000000095 8.677213222381733e-08
58900.000000000095 1.1213472683301625e-07
58950.000000000095 6.598123120391379e-08
59000.000000000095 1.143906138941015e-07
59050.000000000095 1.3300461603329086e-07
59100.000000000095 1.5346423442168207e-07
59150.000000000095 1.1398835728073079e-07
59200.000000000095 1.1477925355546129e-07
59250.000000000095 1.221246666196063e-07
59300.000000000095 1.1747610733054447e-07
59350.000000000095 5.361672938628672e-08
59400.000000000095 4.622986029085423e-08
59450.000000000095 1.0867521913871853e-07
59500.000000000095 6.456935808565323e-08
59550.000000000095 1.2916059932990356e-07
59600.000000000095 1.4890012668269513e-07
59650.000000000095 1.0457966639184604e-07
59700.000000000095 7.388769702665592e-08
59750.000000000095 1.732907024382513e-07
59800.000000000095 9.82727277219597e-08
59850.000000000095 1.3336364869849833e-07
59900.000000000095 6.378751636938573e-08
59950.000000000095 1.1222438701723785e-07
60000.000000000095 1.990986793310479e-07
60050.000000000095 1.6997130560479397e-07
60100.000000000095 1.6025712486706613e-07
60150.000000000095 1.0354734622963928e-07
60200.000000000095 1.3112047360728956e-07
60250.000000000095 1.7279969982716577e-07
60300.000000000095 1.580216482550215e-07
60350.000000000095 1.0353822276602229e-07
60400.000000000095 1.3211379668980255e-07
60450.000000000095 6.302143349753016e-08
60500.000000000095 3.918961891553703e-08
60550.000000000095 1.2898855740841679e-07
60600.000000000095 1.3107357302589087e-07
60650.000000000095 1.0472446771994806e-07
60700.000000000095 8.968552279099763e-08
60750.000000000095 6.427841744923787e-08
60800.000000000095 1.3450852219752852e-07
60850.000000000095 2.0644881748921732e-07
60900.000000000095 1.8207571264738554e-07
60950.000000000095 1.5699107554907888e-07
61000.000000000095 1.3713363091936392e-07
61050.000000000095 8.598697646477972e-08
61100.000000000095 1.1281248847199155e-07
61150.000000000095 5.133552035756361e-08
61200.000000000095 1.5814998522298298e-07
61250.000000000095 1.7420561285987507e-07
61300.000000000095 1.4840685400751648e-07
61350.000000000095 2.0331250500952853e-07
61400.000000000095 1.1880448642457328e-07
61450.000000000095 7.339721468655593e-08
61500.000000000095 8.43547828897013e-08
61550.000000000095 1.0481470577874726e-07
61600.000000000095 7.107712986526787e-08
61650.000000000095 1.0619642209249141e-07
61700.000000000095 9.819331445126378e-08
61750.000000000095 1.1583127175002088e-07
61800.000000000095 1.2881480584797116e-07
61850.000000000095 7.47565824458263e-08
61900.000000000095 1.7362689070637603e-07
61950.000000000095 1.7969666883364777e-07
62000.000000000095 1.6606601873148197e-07
62050.000000000095 1.6510488179512313e-07
62100.000000000095 1.5634892623903038e-07
62150.000000000095 1.66832327376879e-07
62200.000000000095 1.4941047813522812e-07
62250.000000000095 1.3948231044051853e-07
62300.000000000095 2.1318730104660894e-07
62350.000000000095 1.8349070599789333e-07
62400.000000000095 1.0765760708774683e-07
62450.000000000095 1.38711390643527e-07
62500.000000000095 1.9791908708419673e-07
62550.000000000095 2.0667953198672233e-07
62600.000000000095 2.052825401873995e-07
62650.000000000095 1.62720653832349e-07
62700.000000000095 1.6187207316850946e-07
62750.000000000095 2.0936363062588607e-07
62800.000000000095 1.3412584736284654e-07
62850.000000000095 1.812393605564176e-07
62900.000000000095 1.5235870236992785e-07
62950.000000000095 2.2281318226000245e-07
63000.000000000095 1.7649997848149937e-07
63050.000000000095 2.4888451692108116e-07
63100.000000000095 2.3624120907684902e-07
63150.000000000095 1.6266122591205056e-07
63200.000000000095 1.920753527798187e-07
63250.000000000095 1.970757047670173e-07
63300.000000000095 1.8987368220240425e-07
63350.000000000095 1.825035709133481e-07
63400.000000000095 1.042497221474457e-07
63450.000000000095 7.77443688523113e-08
63500.000000000095 1.6763560632629912e-07
63550.000000000095 1.7754566268939732e-07
63600.000000000095 1.8856823755098735e-07
63650.000000000095 1.4444750811996015e-07
63700.000000000095 8.561328927124458e-08
63750.000000000095 1.2664913010078922e-07
63800.000000000095 1.7156245043427575e-07
63850.000000000095 1.528370344708343e-07
63900.000000000095 9.742417265066669e-08
63950.000000000095 1.4923147287242756e-07
64000.000000000095 1.7205122904674917e-07
64050.000000000095 1.1565127022524441e-07
64100.000000000095 4.295124618889374e-08
64150.000000000095 6.133207116071843e-08
64200.000000000095 7.036991649395024e-08
64250.000000000095 1.1690980754952461e-07
64300.000000000095 9.372055210819844e-08
64350.000000000095 7.866773191881312e-08
64400.000000000095 1.384338601267921e-07
64450.000000000095 1.4326260061752353e-07
64500.000000000095 7.586519299115648e-08
64550.000000000095 1.2214397294170615e-07
64600.000000000095 8.152946423222613e-08
64650.000000000095 1.2608109170845956e-07
64700.000000000095 6.164777591157845e-08
64750.000000000095 7.699740905102123e-08
64800.000000000095 7.095956569701301e-08
64850.000000000095 6.26830503180528e-08
64900.000000000095 7.077176386269367e-08
64950.000000000095 6.489752050003142e-08
65000.000000000095 8.22126480885344e-08
65050.000000000095 9.393746078256151e-08
65100.000000000095 1.1586078838776565e-07
65150.000000000095 8.070677985413049e-08
65200.000000000095 6.200989163257999e-08
65250.000000000095 1.0132332885013925e-07
65300.000000000095 9.605561521540109e-08
65350.000000000095 1.7102564786356783e-07
65400.000000000095 8.654692821937395e-08
65450.000000000095 8.834579830064207e-08
65500.000000000095 1.0356717502291569e-07
65550.00000000009 6.665144368774657e-08
65600.00000000009 9.426262505151532e-08
65650.00000000009 8.88586505769939e-08
65700.00000000009 8.309466630654506e-08
65750.00000000009 6.413466684794986e-08
65800.00000000009 9.607391455357616e-08
65850.00000000009 1.2151821197707375e-07
65900.00000000009 6.287611648887506e-08
65950.00000000009 6.160624255910073e-08
66000.00000000009 8.171266585656914e-08
66050.00000000009 1.4555972311689178e-07
66100.00000000009 9.04107623898814e-08
66150.00000000009 7.490498958740435e-08
66200.00000000009 7.080414743077866e-08
66250.00000000009 6.419456486927727e-08
66300.00000000009 3.4567723781409966e-08
66350.00000000009 4.534700783936878e-08
66400.00000000009 6.522227467854232e-08
66450.00000000009 1.1067859642883653e-07
66500.00000000009 1.4934791649382196e-07
66550.00000000009 1.323691072466637e-07
66600.00000000009 1.055537334348239e-07
66650.00000000009 9.721120103530928e-08
66700.00000000009 8.573787389008254e-08
66750.00000000009 8.04489358683522e-08
66800.00000000009 1.0142279817778306e-07
66850.00000000009 6.990497751823563e-08
66900.00000000009 1.247941541585099e-07
66950.00000000009 1.5175432947587626e-07
67000.00000000009 1.5651890456330377e-07
67050.00000000009 9.716151098168514e-08
67100.00000000009 7.901657674514614e-08
67150.00000000009 8.38502776711274e-08
67200.00000000009 1.0359654598651478e-07
67250.00000000009 9.74348745774395e-08
67300.00000000009 1.1636981702788259e-07
67350.00000000009 7.658447660719737e-08
67400.00000000009 1.4527665808088713e-07
67450.00000000009 1.0539922907778199e-07
67500.00000000009 9.918542746937159e-08
67550.00000000009 1.258203179563195e-07
67600.00000000009 2.0114812247407927e-07
67650.00000000009 1.4848633745224683e-07
67700.00000000009 1.1289455248876033e-07
67750.00000000009 9.434941197315467e-08
67800.00000000009 1.237882375303622e-07
67850.00000000009 7.495573949852381e-08
67900.00000000009 9.286890900764137e-08
67950.00000000009 6.844105488505015e-08
68000.00000000009 1.0370913848026468e-07
