galfind/configs/Brown_Dwarf_templates/sonora_cholla/logkzz4/3162g/1000K_3162g_logkzz4_resample.dat
# %ECSV 1.0
# ---
# datatype:
# - {name: wav, unit: Angstrom, datatype: float64}
# - {name: flux_nu, unit: erg / (cm2 Hz s), datatype: float64}
# schema: astropy-2.0
wav flux_nu
[from data line 387]
29350.000000000095 1.388753496120664e-07
29400.000000000095 6.19709911148012e-08
29450.000000000095 6.821225870468502e-08
29500.000000000095 8.317697168694591e-08
29550.000000000095 6.882264094702753e-08
29600.000000000095 8.936031717836372e-08
29650.000000000095 8.079968626878588e-08
29700.000000000095 6.479578289242528e-08
29750.000000000095 9.050209166971961e-08
29800.000000000095 9.302058269230731e-08
29850.000000000095 1.0674838731285584e-07
29900.000000000095 1.131615998018099e-07
29950.000000000095 9.735879117391789e-08
30000.000000000095 6.151159352722116e-08
30050.000000000095 6.234794265717181e-08
30100.000000000095 8.56759776517847e-08
30150.000000000095 1.2147270659145575e-07
30200.000000000095 8.595172783290112e-08
30250.000000000095 1.3847441649000589e-07
30300.000000000095 1.18694916646228e-07
30350.000000000095 1.0729382914035e-07
30400.000000000095 1.3006711653725613e-07
30450.000000000095 9.131100596705599e-08
30500.000000000095 9.476384761556766e-08
30550.000000000095 9.311670936409096e-08
30600.000000000095 1.2332492392685112e-07
30650.000000000095 1.0116082468115323e-07
30700.000000000095 8.689726778533461e-08
30750.000000000095 8.635840107909548e-08
30800.000000000095 7.889743999747099e-08
30850.000000000095 7.590262714365954e-08
30900.000000000095 7.668960654170155e-08
30950.000000000095 5.0332291173949644e-08
31000.000000000095 6.000104207322739e-08
31050.000000000095 6.911372040755813e-08
31100.000000000095 4.867593314082123e-08
31150.000000000095 5.4773413333425546e-08
31200.000000000095 6.768364066585395e-08
31250.000000000095 4.600702716829707e-08
31300.000000000095 4.587813132596609e-08
31350.000000000095 4.499874711228467e-08
31400.000000000095 3.2366247294358444e-08
31450.000000000095 4.2855645405976406e-08
31500.000000000095 2.923049049007351e-08
31550.000000000095 3.476792465007037e-08
31600.000000000095 2.6302376497623744e-08
31650.000000000095 2.3842087968663077e-08
31700.000000000095 3.059094407385437e-08
31750.000000000095 1.849526450462419e-08
31800.000000000095 2.7716864838174375e-08
31850.000000000095 1.8287435443969295e-08
31900.000000000095 2.4377224077799168e-08
31950.000000000095 1.894396461385904e-08
32000.000000000095 2.0929417337280707e-08
32050.000000000095 1.855471153348086e-08
32100.000000000095 1.599601859621328e-08
32150.000000000095 2.202206136089855e-08
32200.000000000095 1.4584736540335e-08
32250.000000000095 2.5478588085361585e-08
32300.000000000095 1.307233488225632e-08
32350.000000000095 2.940903107365537e-08
32400.000000000095 1.6592477133665866e-08
32450.000000000095 2.6721798811991003e-08
32500.000000000095 2.002137083752577e-08
32550.000000000095 2.5192292064135328e-08
32600.000000000095 2.6669937425961556e-08
32650.000000000095 3.316447991069234e-08
32700.000000000095 2.977288925576432e-08
32750.000000000095 4.1071825731865814e-08
32800.000000000095 3.841855737475899e-08
32850.000000000095 4.881425842643352e-08
32900.000000000095 5.1269785485497715e-08
32950.000000000095 5.407306666703795e-08
33000.000000000095 4.351045028532109e-08
33050.000000000095 4.411461306068633e-08
33100.000000000095 2.317296441958694e-08
33150.000000000095 2.6606059427573033e-09
33200.000000000095 3.946439129578359e-09
33250.000000000095 2.9942377230366946e-09
33300.000000000095 4.381053889647459e-09
33350.000000000095 9.097046632306778e-09
33400.000000000095 1.473972378868813e-08
33450.000000000095 1.7833692349787845e-08
33500.000000000095 2.9601275033583543e-08
33550.000000000095 2.3349004175097444e-08
33600.000000000095 3.614094525273588e-08
33650.000000000095 3.668304231319255e-08
33700.000000000095 2.775584288186483e-08
33750.000000000095 4.478541808041905e-08
33800.000000000095 2.1521048436794258e-08
33850.000000000095 3.3920809349607004e-08
33900.000000000095 3.114710450804042e-08
33950.000000000095 3.397782697625099e-08
34000.000000000095 4.039740365364433e-08
34050.000000000095 1.68804930766412e-08
34100.000000000095 3.6779947592073193e-08
34150.000000000095 2.220669034611845e-08
34200.000000000095 3.247202746621115e-08
34250.000000000095 2.992015773089103e-08
34300.000000000095 2.2799174981360118e-08
34350.000000000095 3.7372136860894717e-08
34400.000000000095 2.3190414012318265e-08
34450.000000000095 3.9177586063558284e-08
34500.000000000095 3.0925577222607e-08
34550.000000000095 2.1379621376782816e-08
34600.000000000095 4.31167410458865e-08
34650.000000000095 2.127223272366974e-08
34700.000000000095 3.121069740282842e-08
34750.000000000095 3.218577924826669e-08
34800.000000000095 1.8678547989961233e-08
34850.000000000095 3.9352186679831476e-08
34900.000000000095 3.4053883081165404e-08
34950.000000000095 3.567957666433448e-08
35000.000000000095 4.914885520348084e-08
35050.000000000095 3.195598835491037e-08
35100.000000000095 5.221011372207417e-08
35150.000000000095 4.545781728122261e-08
35200.000000000095 5.100373868502857e-08
35250.000000000095 6.629347644558472e-08
35300.000000000095 3.608530980243652e-08
35350.000000000095 5.5495913051396495e-08
35400.000000000095 5.513163418611105e-08
35450.000000000095 4.5387243678210105e-08
35500.000000000095 7.872503625615813e-08
35550.000000000095 6.131258189858519e-08
35600.000000000095 6.948949548255081e-08
35650.000000000095 7.697675095047618e-08
35700.000000000095 5.191914137934364e-08
35750.000000000095 8.877854255983791e-08
35800.000000000095 8.027361226012509e-08
35850.000000000095 5.846128726167228e-08
35900.000000000095 8.849800633921995e-08
35950.000000000095 8.901071555141582e-08
36000.000000000095 7.542518318463664e-08
36050.000000000095 9.169070749867432e-08
36100.000000000095 7.95254335353644e-08
36150.000000000095 1.0446698712121752e-07
36200.000000000095 1.0865098122103274e-07
36250.000000000095 1.0296007354901526e-07
36300.000000000095 1.2318512892326704e-07
36350.000000000095 1.1820220744948149e-07
36400.000000000095 1.4127259272003986e-07
36450.000000000095 1.32430034685334e-07
36500.000000000095 1.3020805429232172e-07
36550.000000000095 1.6504683413311548e-07
36600.000000000095 1.82604770802791e-07
36650.000000000095 1.6579868130108045e-07
36700.000000000095 1.6875526413366406e-07
36750.000000000095 1.924538917219809e-07
36800.000000000095 1.8886965885524866e-07
36850.000000000095 1.6934586140939994e-07
36900.000000000095 1.790619267600104e-07
36950.000000000095 2.0667965237749498e-07
37000.000000000095 1.873079933639979e-07
37050.000000000095 2.114753276347176e-07
37100.000000000095 1.9722123317792357e-07
37150.000000000095 2.1868287197940483e-07
37200.000000000095 2.40343556665417e-07
37250.000000000095 1.9830913733810585e-07
37300.000000000095 1.9296350410644547e-07
37350.000000000095 2.4064869456628435e-07
37400.000000000095 2.8206401475206925e-07
37450.000000000095 2.25818333490295e-07
37500.000000000095 2.1835577190247995e-07
37550.000000000095 2.983162629053708e-07
37600.000000000095 3.2469282077718914e-07
37650.000000000095 2.3174519130894277e-07
37700.000000000095 2.9441789291872443e-07
37750.000000000095 2.2921032739434587e-07
37800.000000000095 2.7555290129817655e-07
37850.000000000095 2.099852659710972e-07
37900.000000000095 2.545081454427033e-07
37950.000000000095 2.8795623507803523e-07
38000.000000000095 3.2130353250522477e-07
38050.000000000095 2.908428805561995e-07
38100.000000000095 3.331929091848493e-07
38150.000000000095 3.30105800225345e-07
38200.000000000095 3.3126863254570314e-07
38250.000000000095 3.323663731729196e-07
38300.000000000095 4.02583734868854e-07
38350.000000000095 3.980674907102288e-07
38400.000000000095 2.9802769614815055e-07
38450.000000000095 3.2147682842651404e-07
38500.000000000095 2.786143120963859e-07
38550.000000000095 3.438526060722674e-07
38600.000000000095 3.469819852486224e-07
38650.000000000095 3.9022618352457607e-07
38700.000000000095 4.052405426768404e-07
38750.000000000095 3.957525425320411e-07
38800.000000000095 3.533815023525802e-07
38850.000000000095 4.144956693673116e-07
38900.000000000095 4.3040389109515803e-07
38950.000000000095 3.818859724623631e-07
39000.000000000095 4.3912604728556365e-07
39050.000000000095 4.0179627677488575e-07
39100.000000000095 4.020686662243402e-07
39150.000000000095 4.325348742396541e-07
39200.000000000095 4.10933664495686e-07
39250.000000000095 4.6242271268603964e-07
39300.000000000095 4.433684932723896e-07
39350.000000000095 5.003317702347105e-07
39400.000000000095 4.6872642089378083e-07
39450.000000000095 4.832268798189182e-07
39500.000000000095 4.84856416707506e-07
39550.000000000095 4.6205982462056137e-07
39600.000000000095 4.738560952487352e-07
39650.000000000095 5.474695542379157e-07
39700.000000000095 5.002514406969653e-07
39750.000000000095 4.245127500053041e-07
39800.000000000095 4.7161848093021526e-07
39850.000000000095 5.531388462692141e-07
39900.000000000095 5.53754865915615e-07
39950.000000000095 5.151340568252886e-07
40000.000000000095 5.681848116652986e-07
40050.000000000095 5.528607407882031e-07
40100.000000000095 4.523810407533432e-07
40150.000000000095 5.766145177797853e-07
40200.000000000095 5.82879783641982e-07
40250.000000000095 5.686789842406782e-07
40300.000000000095 5.820611947199572e-07
40350.000000000095 4.946933192780292e-07
40400.000000000095 5.875641536500217e-07
40450.000000000095 5.33198631841954e-07
40500.000000000095 5.761484049311752e-07
40550.000000000095 5.955626035373509e-07
40600.000000000095 5.757852024545582e-07
40650.000000000095 5.7296945880207e-07
40700.000000000095 6.840997041045577e-07
40750.000000000095 5.794561516173892e-07
40800.000000000095 5.175242361465651e-07
40850.000000000095 6.479680016155866e-07
40900.000000000095 6.442472830020223e-07
40950.000000000095 5.600151809743954e-07
41000.000000000095 5.96033682352922e-07
41050.000000000095 6.414253703478779e-07
41100.000000000095 5.72782464845269e-07
41150.000000000095 5.081014454737563e-07
41200.000000000095 6.481254625142674e-07
41250.000000000095 6.103916177253545e-07
41300.000000000095 5.364948803372086e-07
41350.000000000095 6.608427926907771e-07
41400.000000000095 6.021693371629059e-07
41450.000000000095 6.368401290787592e-07
41500.000000000095 5.652019606431557e-07
41550.000000000095 5.219654831960609e-07
41600.000000000095 5.830486936679601e-07
41650.000000000095 6.142995969770868e-07
41700.000000000095 5.589151766778875e-07
41750.000000000095 5.562315461544872e-07
41800.000000000095 6.634217784351127e-07
41850.000000000095 4.488474010067295e-07
41900.000000000095 5.094496162378e-07
41950.000000000095 6.014729212611406e-07
42000.000000000095 6.20305971608932e-07
42050.000000000095 5.256490155424204e-07
42100.000000000095 6.531720274977109e-07
42150.000000000095 4.773232666118242e-07
42200.000000000095 5.010565544711443e-07
42250.000000000095 5.188662821464245e-07
42300.000000000095 5.126013402357413e-07
42350.000000000095 5.614221924518463e-07
42400.000000000095 5.716855333548809e-07
42450.000000000095 4.820512579561547e-07
42500.000000000095 4.862388114991617e-07
42550.000000000095 4.627827487611172e-07
42600.000000000095 5.288800167615653e-07
42650.000000000095 6.365815454265346e-07
42700.000000000095 4.787989775778728e-07
42750.000000000095 4.307799702264924e-07
42800.000000000095 4.807517511462917e-07
42850.000000000095 5.366533557298959e-07
42900.000000000095 5.614287086550592e-07
42950.000000000095 4.386947992088414e-07
43000.000000000095 5.438090759692669e-07
43050.000000000095 3.2378688719968114e-07
43100.000000000095 4.790791087575054e-07
43150.000000000095 4.6531912961751206e-07
43200.000000000095 4.805460786077137e-07
43250.000000000095 6.157831759355962e-07
43300.000000000095 5.959186961888421e-07
43350.000000000095 3.762458115296953e-07
43400.000000000095 4.961202197656664e-07
43450.000000000095 4.035134266870908e-07
43500.000000000095 4.4265522084265087e-07
43550.000000000095 4.270301650679269e-07
43600.000000000095 5.292195727778158e-07
43650.000000000095 3.3400186882635057e-07
43700.000000000095 5.495697197931516e-07
43750.000000000095 5.290915965746671e-07
43800.000000000095 4.4368631961605555e-07
43850.000000000095 4.3062799413065225e-07
43900.000000000095 4.1806583874255374e-07
43950.000000000095 3.485830899297404e-07
44000.000000000095 2.6367277801949287e-07
44050.000000000095 4.006692510923071e-07
44100.000000000095 4.5264894878211773e-07
44150.000000000095 4.405611608152253e-07
44200.000000000095 3.878369875461825e-07
44250.000000000095 3.067419179718341e-07
44300.000000000095 2.7834674384588865e-07
44350.000000000095 2.733424892463437e-07
44400.000000000095 2.747445332681632e-07
44450.000000000095 3.0437969093826106e-07
44500.000000000095 2.591752024708202e-07
44550.000000000095 2.992615835596705e-07
44600.000000000095 2.3792378377653502e-07
44650.000000000095 2.75914725023053e-07
44700.000000000095 2.4150937323397744e-07
44750.000000000095 2.591169085581919e-07
44800.000000000095 2.3286126387117636e-07
44850.000000000095 2.416214043767866e-07
44900.000000000095 1.986191432238484e-07
44950.000000000095 1.9018096619825956e-07
45000.000000000095 2.0698394500586958e-07
45050.000000000095 2.1490726833907234e-07
45100.000000000095 2.1677624415913046e-07
45150.000000000095 1.866624732009178e-07
45200.000000000095 1.3901947792650004e-07
45250.000000000095 1.5468406878533726e-07
45300.000000000095 1.855589670654879e-07
45350.000000000095 1.754722525331986e-07
45400.000000000095 1.5773775193838897e-07
45450.000000000095 1.515865944769528e-07
45500.000000000095 1.675767568093502e-07
45550.000000000095 1.9081525841985106e-07
45600.000000000095 1.5097748696150472e-07
45650.000000000095 1.441187529932339e-07
45700.000000000095 1.7756813155279908e-07
45750.000000000095 1.4712870088470322e-07
45800.000000000095 1.361104908532871e-07
45850.000000000095 2.0010951823963217e-07
45900.000000000095 1.9941335335259853e-07
45950.000000000095 1.3888475254598785e-07
46000.000000000095 1.9576273346615367e-07
46050.000000000095 2.0291646735880225e-07
46100.000000000095 1.44594106809448e-07
46150.000000000095 1.8404136757188846e-07
46200.000000000095 1.7709111193733925e-07
46250.000000000095 1.1399310886299563e-07
46300.000000000095 2.212775802594141e-07
46350.000000000095 1.66638255403365e-07
46400.000000000095 1.9487385336353484e-07
46450.000000000095 2.439957163564741e-07
46500.000000000095 1.837973768702487e-07
46550.000000000095 2.272844857060704e-07
46600.000000000095 2.145572452044401e-07
46650.000000000095 3.696813700914867e-07
46700.000000000095 2.796667227668617e-07
46750.000000000095 1.920200368964196e-07
46800.000000000095 1.5340372692646526e-07
46850.000000000095 2.5898398226284015e-07
46900.000000000095 2.2233128699286284e-07
46950.000000000095 2.9764458053775274e-07
47000.000000000095 1.7220919030307382e-07
47050.000000000095 2.84201267059765e-07
47100.000000000095 1.3789137467197753e-07
47150.000000000095 2.0179633788053598e-07
47200.000000000095 2.3165849879046258e-07
47250.000000000095 1.6384299113211505e-07
47300.000000000095 1.746197705601818e-07
47350.000000000095 1.5832932088022122e-07
47400.000000000095 2.685560356194865e-07
47450.000000000095 1.5354075106435204e-07
47500.000000000095 2.8103774602515064e-07
47550.000000000095 1.5891845101065545e-07
47600.000000000095 2.5624846378330316e-07
47650.000000000095 1.5245870013339366e-07
47700.000000000095 2.4070096450346594e-07
47750.000000000095 1.3213816657955234e-07
47800.000000000095 2.0610123715195357e-07
47850.000000000095 1.1334520074643937e-07
47900.000000000095 1.8101192053370753e-07
47950.000000000095 1.7070659619186293e-07
48000.000000000095 2.7996662079928507e-07
48050.000000000095 1.8767899796945752e-07
48100.000000000095 2.1003979226699755e-07
48150.000000000095 1.7179242927814548e-07
48200.000000000095 2.394056509338764e-07
48250.000000000095 1.770511758724793e-07
48300.000000000095 3.1188714025895795e-07
48350.000000000095 1.6784677500300227e-07
48400.000000000095 1.6380452757425052e-07
48450.000000000095 1.6001394678833e-07
48500.000000000095 2.8460507121895396e-07
48550.000000000095 1.6101412529705434e-07
48600.000000000095 2.7750668410944247e-07
48650.000000000095 1.7451917810290266e-07
