galfind/configs/Brown_Dwarf_templates/sonora_cholla/logkzz4/3162g/1050K_3162g_logkzz4_resample.dat
# %ECSV 1.0
# ---
# datatype:
# - {name: wav, unit: Angstrom, datatype: float64}
# - {name: flux_nu, unit: erg / (cm2 Hz s), datatype: float64}
# schema: astropy-2.0
wav flux_nu
[from data line 387]
29350.000000000095 1.7404651349024147e-07
29400.000000000095 8.363541901552542e-08
29450.000000000095 9.009905935360629e-08
29500.000000000095 1.063552328527808e-07
29550.000000000095 9.059008647131562e-08
29600.000000000095 1.1663075437833077e-07
29650.000000000095 1.0251704436513206e-07
29700.000000000095 8.69146129013698e-08
29750.000000000095 1.1768888580393352e-07
29800.000000000095 1.2150678246088104e-07
29850.000000000095 1.3434578798858938e-07
29900.000000000095 1.4181480655215022e-07
29950.000000000095 1.2657090924700798e-07
30000.000000000095 8.866943355424047e-08
30050.000000000095 8.440186950807767e-08
30100.000000000095 1.1070085492115388e-07
30150.000000000095 1.5522956155991497e-07
30200.000000000095 1.1202920413392634e-07
30250.000000000095 1.7106151981504864e-07
30300.000000000095 1.47119544826207e-07
30350.000000000095 1.3677386907818747e-07
30400.000000000095 1.6067590038537988e-07
30450.000000000095 1.1601737452460225e-07
30500.000000000095 1.200133920403509e-07
30550.000000000095 1.1980667206526175e-07
30600.000000000095 1.5091892684487206e-07
30650.000000000095 1.267671793706147e-07
30700.000000000095 1.1074784452416435e-07
30750.000000000095 1.079254414843346e-07
30800.000000000095 1.0111018188537136e-07
30850.000000000095 9.567914246194201e-08
30900.000000000095 9.763883847021184e-08
30950.000000000095 6.543670252768565e-08
31000.000000000095 7.704726760044508e-08
31050.000000000095 8.878240065416953e-08
31100.000000000095 6.282886168196461e-08
31150.000000000095 7.035116698165508e-08
31200.000000000095 8.443789302521648e-08
31250.000000000095 6.012242213209834e-08
31300.000000000095 5.966558401275204e-08
31350.000000000095 5.8260233589058235e-08
31400.000000000095 4.271756000852753e-08
31450.000000000095 5.582168529951497e-08
31500.000000000095 3.996285744059203e-08
31550.000000000095 4.67613479434466e-08
31600.000000000095 3.58834286787431e-08
31650.000000000095 3.317570462206191e-08
31700.000000000095 4.149290255733958e-08
31750.000000000095 2.6653715743629812e-08
31800.000000000095 3.7545003141170787e-08
31850.000000000095 2.6761741919905927e-08
31900.000000000095 3.362229539860937e-08
31950.000000000095 2.7424050525714957e-08
32000.000000000095 2.976983230642095e-08
32050.000000000095 2.6424202499796622e-08
32100.000000000095 2.3340912079458422e-08
32150.000000000095 3.1553957883636194e-08
32200.000000000095 2.1522921116627025e-08
32250.000000000095 3.558152566530776e-08
32300.000000000095 1.957475668859241e-08
32350.000000000095 4.139396336256608e-08
32400.000000000095 2.488575664239778e-08
32450.000000000095 3.8295627808906894e-08
32500.000000000095 2.935045705090824e-08
32550.000000000095 3.5935092323917165e-08
32600.000000000095 3.902936676875672e-08
32650.000000000095 4.679525359276786e-08
32700.000000000095 4.276900666019705e-08
32750.000000000095 5.648891646602737e-08
32800.000000000095 5.269519805800464e-08
32850.000000000095 6.54982870877328e-08
32900.000000000095 6.931492963358652e-08
32950.000000000095 7.26090263784582e-08
33000.000000000095 6.039729091644117e-08
33050.000000000095 6.029423799614228e-08
33100.000000000095 3.3416072667256785e-08
33150.000000000095 5.049015409587919e-09
33200.000000000095 6.753443557657379e-09
33250.000000000095 4.99956173046301e-09
33300.000000000095 6.632459471524729e-09
33350.000000000095 1.2951378807679219e-08
33400.000000000095 1.9984161062284662e-08
33450.000000000095 2.4460370326684204e-08
33500.000000000095 3.835959667793491e-08
33550.000000000095 3.212307762824232e-08
33600.000000000095 4.8869977187596373e-08
33650.000000000095 5.029730338738029e-08
33700.000000000095 3.953630836558959e-08
33750.000000000095 6.070686414028676e-08
33800.000000000095 3.211668901490428e-08
33850.000000000095 4.8411314415465945e-08
33900.000000000095 4.384981078089463e-08
33950.000000000095 4.846109184865819e-08
34000.000000000095 5.524878607452046e-08
34050.000000000095 2.489898413231346e-08
34100.000000000095 5.108702819270882e-08
34150.000000000095 3.226402684202929e-08
34200.000000000095 4.510261328996906e-08
34250.000000000095 4.179873268597361e-08
34300.000000000095 3.225644972296532e-08
34350.000000000095 5.0575681018491546e-08
34400.000000000095 3.331122218566043e-08
34450.000000000095 5.304648884539833e-08
34500.000000000095 4.3735011667678076e-08
34550.000000000095 3.0516426687404265e-08
34600.000000000095 5.7944631632977536e-08
34650.000000000095 3.0803248087400057e-08
34700.000000000095 4.235932404676039e-08
34750.000000000095 4.449890965447072e-08
34800.000000000095 2.641714619683732e-08
34850.000000000095 5.211672809334048e-08
34900.000000000095 4.755369302454238e-08
34950.000000000095 4.765459797737665e-08
35000.000000000095 6.499542497145414e-08
35050.000000000095 4.3636870235265956e-08
35100.000000000095 6.755799811712091e-08
35150.000000000095 5.921775806861745e-08
35200.000000000095 6.764575319175304e-08
35250.000000000095 8.688819594650999e-08
35300.000000000095 4.848383001404794e-08
35350.000000000095 7.3014372384325e-08
35400.000000000095 7.31420329489313e-08
35450.000000000095 6.073325281523093e-08
35500.000000000095 9.966665392222103e-08
35550.000000000095 8.081222181769708e-08
35600.000000000095 9.020766134520747e-08
35650.000000000095 9.974133134982965e-08
35700.000000000095 6.748770076184192e-08
35750.000000000095 1.1074977199028001e-07
35800.000000000095 1.0411775678454696e-07
35850.000000000095 7.707180915600568e-08
35900.000000000095 1.146965001647449e-07
35950.000000000095 1.1342319406408754e-07
36000.000000000095 9.85849984987525e-08
36050.000000000095 1.1948701247485875e-07
36100.000000000095 1.0399306490844015e-07
36150.000000000095 1.3223247869167655e-07
36200.000000000095 1.3829378817427576e-07
36250.000000000095 1.3134242841582957e-07
36300.000000000095 1.5421399936858988e-07
36350.000000000095 1.4989505095715584e-07
36400.000000000095 1.7587696784718252e-07
36450.000000000095 1.6755253975594997e-07
36500.000000000095 1.6473599656820268e-07
36550.000000000095 2.019999190474917e-07
36600.000000000095 2.2276530787995034e-07
36650.000000000095 2.048412612066522e-07
36700.000000000095 2.1071611220050636e-07
36750.000000000095 2.3622931783391064e-07
36800.000000000095 2.3260996058267894e-07
36850.000000000095 2.1388717920926606e-07
36900.000000000095 2.216770357971135e-07
36950.000000000095 2.5532924805227545e-07
37000.000000000095 2.3435564837192476e-07
37050.000000000095 2.609240631851102e-07
37100.000000000095 2.468817288363586e-07
37150.000000000095 2.713411541752114e-07
37200.000000000095 2.9372668696583384e-07
37250.000000000095 2.496648614233363e-07
37300.000000000095 2.4415109452598075e-07
37350.000000000095 2.9603609318285415e-07
37400.000000000095 3.403711231953995e-07
37450.000000000095 2.8524886098666907e-07
37500.000000000095 2.7329342090471277e-07
37550.000000000095 3.597406387704933e-07
37600.000000000095 3.868687332060033e-07
37650.000000000095 2.902198687502938e-07
37700.000000000095 3.5816492444305514e-07
37750.000000000095 2.84380685850992e-07
37800.000000000095 3.398149336713551e-07
37850.000000000095 2.6644721733751184e-07
37900.000000000095 3.1913242577269144e-07
37950.000000000095 3.536597266415543e-07
38000.000000000095 3.9161752889665117e-07
38050.000000000095 3.5517792263201015e-07
38100.000000000095 3.999094201339491e-07
38150.000000000095 3.9717783531517476e-07
38200.000000000095 4.030912100646849e-07
38250.000000000095 4.0108060804223663e-07
38300.000000000095 4.744992954768946e-07
38350.000000000095 4.7281802620214686e-07
38400.000000000095 3.6501655214625936e-07
38450.000000000095 4.006999657857145e-07
38500.000000000095 3.543015735251537e-07
38550.000000000095 4.209349846374111e-07
38600.000000000095 4.234492458677198e-07
38650.000000000095 4.707315250560241e-07
38700.000000000095 4.869795323111913e-07
38750.000000000095 4.753327003634582e-07
38800.000000000095 4.3207787960104454e-07
38850.000000000095 4.973539585330086e-07
38900.000000000095 5.12885751862659e-07
38950.000000000095 4.669623027862386e-07
39000.000000000095 5.243086438912262e-07
39050.000000000095 4.880236060455809e-07
39100.000000000095 4.834734595608956e-07
39150.000000000095 5.184942165200454e-07
39200.000000000095 4.948699677695185e-07
39250.000000000095 5.495635592679563e-07
39300.000000000095 5.315575129596216e-07
39350.000000000095 5.883465560588875e-07
39400.000000000095 5.598053434989931e-07
39450.000000000095 5.738770524557378e-07
39500.000000000095 5.687823114245569e-07
39550.000000000095 5.524445885793988e-07
39600.000000000095 5.632915750482333e-07
39650.000000000095 6.364613149252532e-07
39700.000000000095 5.888992907334426e-07
39750.000000000095 5.155213000810083e-07
39800.000000000095 5.640118421766304e-07
39850.000000000095 6.420147574078454e-07
39900.000000000095 6.421959252371491e-07
39950.000000000095 6.090495266149076e-07
40000.000000000095 6.547258923509794e-07
40050.000000000095 6.428274045755281e-07
40100.000000000095 5.498747669209071e-07
40150.000000000095 6.703181912138448e-07
40200.000000000095 6.749365839749668e-07
40250.000000000095 6.523837387049985e-07
40300.000000000095 6.710702587869001e-07
40350.000000000095 5.900870309092035e-07
40400.000000000095 6.782844170358831e-07
40450.000000000095 6.286628305230702e-07
40500.000000000095 6.564538070231157e-07
40550.000000000095 6.884592699076927e-07
40600.000000000095 6.587397399949445e-07
40650.000000000095 6.684029776652639e-07
40700.000000000095 7.750988600472836e-07
40750.000000000095 6.64675659770158e-07
40800.000000000095 6.051939429537093e-07
40850.000000000095 7.282417320697159e-07
40900.000000000095 7.270791978702043e-07
40950.000000000095 6.498380677827053e-07
41000.000000000095 6.797471628794e-07
41050.000000000095 7.209836731530282e-07
41100.000000000095 6.524030752741252e-07
41150.000000000095 5.996633625811464e-07
41200.000000000095 7.299039612561318e-07
41250.000000000095 6.938828004656881e-07
41300.000000000095 6.056197021021868e-07
41350.000000000095 7.407173278347868e-07
41400.000000000095 6.79809475388835e-07
41450.000000000095 7.16917279810856e-07
41500.000000000095 6.491641305663963e-07
41550.000000000095 6.010232676893233e-07
41600.000000000095 6.628459598104982e-07
41650.000000000095 6.897131372726357e-07
41700.000000000095 6.28311002114451e-07
41750.000000000095 6.271159166049375e-07
41800.000000000095 7.432899036264219e-07
41850.000000000095 5.080289431898533e-07
41900.000000000095 5.851306912549278e-07
41950.000000000095 6.814428966347442e-07
42000.000000000095 6.951427108618776e-07
42050.000000000095 5.921135557937368e-07
42100.000000000095 7.271136121404979e-07
42150.000000000095 5.351545642723264e-07
42200.000000000095 5.64712932841388e-07
42250.000000000095 5.93430855623825e-07
42300.000000000095 5.830560764405681e-07
42350.000000000095 6.317636621116962e-07
42400.000000000095 6.373504627472932e-07
42450.000000000095 5.41028591518831e-07
42500.000000000095 5.461420226784881e-07
42550.000000000095 5.215508957978534e-07
42600.000000000095 5.995803727122721e-07
42650.000000000095 7.096404879240093e-07
42700.000000000095 5.50806341386795e-07
42750.000000000095 4.908968341495399e-07
42800.000000000095 5.380113413059936e-07
42850.000000000095 6.000523533840946e-07
42900.000000000095 6.265008368476115e-07
42950.000000000095 4.906066890835064e-07
43000.000000000095 6.094493542817241e-07
43050.000000000095 3.7315187009449006e-07
43100.000000000095 5.382514706856724e-07
43150.000000000095 5.270859387807398e-07
43200.000000000095 5.387007561195627e-07
43250.000000000095 6.734445805723791e-07
43300.000000000095 6.594738877234815e-07
43350.000000000095 4.2989676111844465e-07
43400.000000000095 5.568903263830136e-07
43450.000000000095 4.571272554267709e-07
43500.000000000095 4.969189965032245e-07
43550.000000000095 4.780560459681701e-07
43600.000000000095 5.80735615322245e-07
43650.000000000095 3.7564701168407854e-07
43700.000000000095 5.944463370022804e-07
43750.000000000095 5.774421080853996e-07
43800.000000000095 4.832427416775966e-07
43850.000000000095 4.6886845400506716e-07
43900.000000000095 4.5567595267953885e-07
43950.000000000095 3.8804390149084997e-07
44000.000000000095 2.911764189541566e-07
44050.000000000095 4.2364100877719397e-07
44100.000000000095 4.7175906880668505e-07
44150.000000000095 4.5852508468612064e-07
44200.000000000095 4.064601471572545e-07
44250.000000000095 3.341591315294123e-07
44300.000000000095 3.092438699917754e-07
44350.000000000095 2.9548193911506894e-07
44400.000000000095 2.9781237298553953e-07
44450.000000000095 3.228848025597473e-07
44500.000000000095 2.7548524511342104e-07
44550.000000000095 3.098260478347327e-07
44600.000000000095 2.5132558602348467e-07
44650.000000000095 2.899242479543514e-07
44700.000000000095 2.5974227850486846e-07
44750.000000000095 2.7585120266427277e-07
44800.000000000095 2.508157770978306e-07
44850.000000000095 2.5388695299148935e-07
44900.000000000095 2.1148230781231557e-07
44950.000000000095 2.042688472692219e-07
45000.000000000095 2.1899342681111342e-07
45050.000000000095 2.2716756671223668e-07
45100.000000000095 2.2652239186975705e-07
45150.000000000095 1.9850455253938606e-07
45200.000000000095 1.5218160193838366e-07
45250.000000000095 1.6838465089664278e-07
45300.000000000095 1.992016197962785e-07
45350.000000000095 1.9120044622801507e-07
45400.000000000095 1.6859931061800495e-07
45450.000000000095 1.6244443970450332e-07
45500.000000000095 1.7820068803040721e-07
45550.000000000095 2.0260541647926816e-07
45600.000000000095 1.6205737211430228e-07
45650.000000000095 1.545624867279268e-07
45700.000000000095 1.9177899364953828e-07
45750.000000000095 1.6141572578144682e-07
45800.000000000095 1.4697811666684244e-07
45850.000000000095 2.1487532016900692e-07
45900.000000000095 2.1205013023316275e-07
45950.000000000095 1.51507775616325e-07
46000.000000000095 2.081033355552378e-07
46050.000000000095 2.173447660597788e-07
46100.000000000095 1.5559491744417114e-07
46150.000000000095 1.994263286859333e-07
46200.000000000095 1.94367952243498e-07
46250.000000000095 1.2553235171517056e-07
46300.000000000095 2.36522542578198e-07
46350.000000000095 1.7779198879075768e-07
46400.000000000095 2.0714693970635058e-07
46450.000000000095 2.5911771889624925e-07
46500.000000000095 1.9715641477757102e-07
46550.000000000095 2.504532495571246e-07
46600.000000000095 2.3462684276805e-07
46650.000000000095 3.8993370438210206e-07
46700.000000000095 3.0228496575040643e-07
46750.000000000095 2.1337985352390258e-07
46800.000000000095 1.7629725553785492e-07
46850.000000000095 2.7328427687623935e-07
46900.000000000095 2.3596856167776234e-07
46950.000000000095 3.176322923478614e-07
47000.000000000095 1.8591888986201493e-07
47050.000000000095 3.0776772898545653e-07
47100.000000000095 1.554200633845716e-07
47150.000000000095 2.196407610938897e-07
47200.000000000095 2.486144013578439e-07
47250.000000000095 1.802564149695683e-07
47300.000000000095 1.9600725005719095e-07
47350.000000000095 1.6882672117721557e-07
47400.000000000095 2.8300693987607475e-07
47450.000000000095 1.6680092682401592e-07
47500.000000000095 2.951302262120694e-07
47550.000000000095 1.7185116252132427e-07
47600.000000000095 2.7196610634466636e-07
47650.000000000095 1.666384534501775e-07
47700.000000000095 2.564847322731628e-07
47750.000000000095 1.4552047751020575e-07
47800.000000000095 2.2845431335054256e-07
47850.000000000095 1.2626953920686268e-07
47900.000000000095 2.0373981207069475e-07
47950.000000000095 1.8184829303813028e-07
48000.000000000095 2.9722939631423054e-07
48050.000000000095 2.005637421527722e-07
48100.000000000095 2.3545333748379509e-07
48150.000000000095 1.863478229374914e-07
48200.000000000095 2.618500012321564e-07
48250.000000000095 1.9330038546349252e-07
48300.000000000095 3.307736636925824e-07
48350.000000000095 1.8444161902058385e-07
48400.000000000095 1.9421665651240956e-07
48450.000000000095 1.7446706930901272e-07
48500.000000000095 3.0945732357903114e-07
48550.000000000095 1.7436326635396932e-07
48600.000000000095 2.967213181538351e-07
48650.000000000095 1.8341893230876297e-07
