galfind/configs/Brown_Dwarf_templates/sonora_cholla/logkzz4/3162g/1100K_3162g_logkzz4_resample.dat
# %ECSV 1.0
# ---
# datatype:
# - {name: wav, unit: Angstrom, datatype: float64}
# - {name: flux_nu, unit: erg / (cm2 Hz s), datatype: float64}
# schema: astropy-2.0
wav flux_nu
[from data line 1162]
68100.00000000009 2.0398401831134138e-07
68150.00000000009 1.6704420447898953e-07
68200.00000000009 1.7483583838192714e-07
68250.00000000009 8.965178482828652e-08
68300.00000000009 1.5584170090857132e-07
68350.00000000009 1.0708641167987612e-07
68400.00000000009 2.0424036993292825e-07
68450.00000000009 1.9619767003245358e-07
68500.00000000009 1.6811800001436785e-07
68550.00000000009 1.1921872695048597e-07
68600.00000000009 1.2755236141202932e-07
68650.00000000009 8.83855838035083e-08
68700.00000000009 1.3842192841948147e-07
68750.00000000009 1.6626844454822742e-07
68800.00000000009 1.837929842034829e-07
68850.00000000009 1.0916994955735015e-07
68900.00000000009 2.2748508190947244e-07
68950.00000000009 2.49058499074132e-07
69000.00000000009 2.1973617955282758e-07
69050.00000000009 1.4147811881043884e-07
69100.00000000009 2.3400018545717376e-07
69150.00000000009 2.6061724413386283e-07
69200.00000000009 1.645922820832175e-07
69250.00000000009 2.446411357010046e-07
69300.00000000009 1.936273139869897e-07
69350.00000000009 2.265357852283325e-07
69400.00000000009 1.2796220410062838e-07
69450.00000000009 2.393464406929569e-07
69500.00000000009 1.5964583333729813e-07
69550.00000000009 1.687431256281415e-07
69600.00000000009 7.394476720605708e-08
69650.00000000009 1.5197134326510589e-07
69700.00000000009 2.1978908536030558e-07
69750.00000000009 1.6502658985157572e-07
69800.00000000009 2.0029661485523536e-07
69850.00000000009 2.18101345435808e-07
69900.00000000009 1.7381203517584586e-07
69950.00000000009 1.7872397317950017e-07
70000.00000000009 1.5093353957372621e-07
70050.00000000009 2.328648638250738e-07
70100.00000000009 1.659672403037804e-07
70150.00000000009 1.8214521438601145e-07
70200.00000000009 1.397104743808001e-07
70250.00000000009 1.736939431475182e-07
70300.00000000009 2.2140715665654008e-07
70350.00000000009 1.7549343727808792e-07
70400.00000000009 1.4590607433939836e-07
70450.00000000009 7.825642043769805e-08
70500.00000000009 1.2195508884101238e-07
70550.00000000009 1.2556270541267346e-07
70600.00000000009 1.3704364695838412e-07
70650.00000000009 1.9672651480540583e-07
70700.00000000009 1.780214243239501e-07
70750.00000000009 2.2160074921798876e-07
70800.00000000009 1.5008126888549152e-07
70850.00000000009 1.4060195996942022e-07
70900.00000000009 1.4620925672902255e-07
70950.00000000009 2.0085801194694961e-07
71000.00000000009 1.7738913575297593e-07
71050.00000000009 1.8096108808633317e-07
71100.00000000009 1.644163336184771e-07
71150.00000000009 1.5357010888672537e-07
71200.00000000009 1.3803989667855283e-07
71250.00000000009 1.5684073205171936e-07
71300.00000000009 1.8653994604822849e-07
71350.00000000009 1.8335876582607506e-07
71400.00000000009 1.795181711165122e-07
71450.00000000009 1.1218814723247764e-07
71500.00000000009 1.3469990701419716e-07
71550.00000000009 1.3882613906543915e-07
71600.00000000009 1.696843414502126e-07
71650.00000000009 1.4465429714726868e-07
71700.00000000009 1.1901793901503256e-07
71750.00000000009 1.4857147712072676e-07
71800.00000000009 1.790817721455869e-07
71850.00000000009 1.828342456208509e-07
71900.00000000009 1.2753224006833132e-07
71950.00000000009 1.435383515277108e-07
72000.00000000009 1.385255723692894e-07
72050.00000000009 1.1136562644574692e-07
72100.00000000009 1.3002237313931633e-07
72150.00000000009 1.1822889079306917e-07
72200.00000000009 1.429097523483172e-07
72250.00000000009 1.6870407754235661e-07
72300.00000000009 1.4380164439321264e-07
72350.00000000009 1.431666864537303e-07
72400.00000000009 1.3089365360379475e-07
72450.00000000009 1.1773078003668379e-07
72500.00000000009 1.4417813617761391e-07
72550.00000000009 8.9435976179338e-08
72600.00000000009 1.044352751535486e-07
72650.00000000009 1.5174543107807612e-07
72700.00000000009 1.464741987334946e-07
72750.00000000009 1.3338189579063515e-07
72800.00000000009 1.1829517195443744e-07
72850.00000000009 1.2006990176581803e-07
72900.00000000009 1.658481098409896e-07
72950.00000000009 1.3847680668599913e-07
73000.00000000009 1.3896962992097986e-07
73050.00000000009 1.1390306673888566e-07
73100.00000000009 1.0296810469915318e-07
73150.00000000009 1.802056259672294e-07
73200.00000000009 1.1248742176409059e-07
73250.00000000009 1.3408531637500418e-07
73300.00000000009 1.2721921093640193e-07
73350.00000000009 1.0541265951427468e-07
73400.00000000009 1.3336577951702952e-07
73450.00000000009 9.438597472394663e-08
73500.00000000009 9.439490508036223e-08
73550.00000000009 1.2987959687542606e-07
73600.00000000009 1.0847904309103157e-07
73650.00000000009 1.2851036314155286e-07
73700.00000000009 1.4511446200747466e-07
73750.00000000009 9.211905700152827e-08
73800.00000000009 1.2172874451889804e-07
73850.00000000009 1.3249615444015294e-07
73900.00000000009 1.3356128942973476e-07
73950.00000000009 1.1318842019694037e-07
74000.00000000009 1.003822236664041e-07
74050.00000000009 1.7455486710205046e-07
74100.00000000009 1.187747985603172e-07
74150.00000000009 1.2912518912481995e-07
74200.00000000009 1.1335137619365728e-07
74250.00000000009 7.288663284928861e-08
74300.00000000009 1.1929995246221317e-07
74350.00000000009 1.4629399834701748e-07
74400.00000000009 1.3669565530162291e-07
74450.00000000009 8.675574481222275e-08
74500.00000000009 9.220601906338565e-08
74550.00000000009 1.2082398530829863e-07
74600.00000000009 1.1550243131980126e-07
74650.00000000009 1.1256168495134196e-07
74700.00000000009 9.133917233327543e-08
74750.00000000009 1.0002884149564147e-07
74800.00000000009 1.0909857061905916e-07
74850.00000000009 9.774095000083895e-08
74900.00000000009 1.5853110697218373e-07
74950.00000000009 1.467233788072675e-07
75000.00000000009 1.2532939956780146e-07
75050.00000000009 8.984219931507342e-08
75100.00000000009 1.6194553717921756e-07
75150.00000000009 1.3484309653811113e-07
75200.00000000009 1.5286633887990558e-07
75250.00000000009 1.583672814144694e-07
75300.00000000009 1.5834908140848197e-07
75350.00000000009 9.165063448301317e-08
75400.00000000009 1.6282407640402523e-07
75450.00000000009 1.3481499659928663e-07
75500.00000000009 1.3249972673643553e-07
75550.00000000009 1.5486413199491858e-07
75600.00000000009 1.885800640309553e-07
75650.00000000009 1.3184274699989598e-07
75700.00000000009 1.424399491132595e-07
75750.00000000009 1.0682889463071867e-07
75800.00000000009 1.4816269924071797e-07
75850.00000000009 1.675045490184846e-07
75900.00000000009 1.4825798183009386e-07
75950.00000000009 1.1582630477982193e-07
76000.00000000009 1.473836889815017e-07
76050.00000000009 1.5105536659173621e-07
76100.00000000009 1.4488321413446502e-07
76150.00000000009 1.566572829460459e-07
76200.00000000009 1.558019746703362e-07
76250.00000000009 1.7204950113242778e-07
76300.00000000009 2.172168970523206e-07
76350.00000000009 2.3728411991760403e-07
76400.00000000009 1.8724787138023536e-07
76450.00000000009 1.828019941004203e-07
76500.00000000009 1.5152569107923667e-07
76550.00000000009 1.2349943607278017e-07
76600.00000000009 6.103526829453429e-08
76650.00000000009 7.444690663935204e-08
76700.00000000009 7.817540631725888e-08
76750.00000000009 7.393529028106014e-08
76800.00000000009 1.1238710155062911e-07
76850.00000000009 5.991064321272093e-08
76900.00000000009 6.384412249706091e-08
76950.00000000009 9.465929397145982e-08
77000.00000000009 9.950499943183139e-08
77050.00000000009 7.650266222723382e-08
77100.00000000009 8.068957966169365e-08
77150.00000000009 1.0737405403384737e-07
77200.00000000009 9.612240426085252e-08
77250.00000000009 1.044966574706785e-07
77300.00000000009 9.996896450259973e-08
77350.00000000009 6.803041562926038e-08
77400.00000000009 6.845902325916364e-08
77450.00000000009 8.206255109472151e-08
77500.00000000009 8.353348364657941e-08
77550.00000000009 9.647579387757142e-08
77600.00000000009 1.0434958535763881e-07
77650.00000000009 1.0292302107387362e-07
77700.00000000009 8.551781604818238e-08
77750.00000000009 1.2246897233802953e-07
77800.00000000009 1.0810339925439601e-07
77850.00000000009 1.4581028827054965e-07
77900.00000000009 1.2268705416873624e-07
77950.00000000009 8.55789788811433e-08
78000.00000000009 1.0611592011121499e-07
78050.00000000009 1.0842446976715169e-07
78100.00000000009 8.984142385767311e-08
78150.00000000009 1.3158972383298809e-07
78200.00000000009 1.364557619570856e-07
78250.00000000009 1.4581124801860374e-07
78300.00000000009 1.3673102483045237e-07
78350.00000000009 1.3155568456451255e-07
78400.00000000009 1.1032549866286757e-07
78450.00000000009 1.5303747758285632e-07
78500.00000000009 1.5616137928101768e-07
78550.00000000009 1.5425623022335506e-07
78600.00000000009 1.3858641322319306e-07
78650.00000000009 7.47422129423252e-08
78700.00000000009 1.0930941395888946e-07
78750.00000000009 1.072651195107417e-07
78800.00000000009 1.411934752386196e-07
78850.00000000009 8.863381051696326e-08
78900.00000000009 1.3049050995519248e-07
78950.00000000009 1.2132828319215817e-07
79000.00000000009 1.2856464527993356e-07
79050.00000000009 1.1503353584139257e-07
79100.00000000009 1.2312508539922172e-07
79150.00000000009 1.3698265367406772e-07
79200.00000000009 1.430256735697873e-07
79250.00000000009 1.2358567719596385e-07
79300.00000000009 9.915288316782931e-08
79350.00000000009 1.4461901970666442e-07
79400.00000000009 1.1542510159760582e-07
79450.00000000009 1.4623509235838083e-07
79500.00000000009 1.8682691842616724e-07
79550.00000000009 1.587565814315687e-07
79600.00000000009 1.0409590223524497e-07
79650.00000000009 1.3123436831974954e-07
79700.00000000009 1.4757501582812121e-07
79750.00000000009 1.5380115720084226e-07
79800.00000000009 1.1989134502404994e-07
79850.00000000009 1.287218991808336e-07
79900.00000000009 1.9939617354919487e-07
79950.00000000009 1.530367593229255e-07
