galfind/configs/Brown_Dwarf_templates/sonora_cholla/logkzz4/3162g/1100K_3162g_logkzz4_resample.dat
# %ECSV 1.0
# ---
# datatype:
# - {name: wav, unit: Angstrom, datatype: float64}
# - {name: flux_nu, unit: erg / (cm2 Hz s), datatype: float64}
# schema: astropy-2.0
wav flux_nu
10000.000000000093 nan
10050.000000000093 2.2486660090734146e-07
10100.000000000093 2.595684781963027e-07
10150.000000000093 2.6743421503286535e-07
10200.000000000093 2.9251082851944804e-07
10250.000000000093 3.128374401168852e-07
10300.000000000093 3.320701352512434e-07
10350.000000000093 3.720016087946281e-07
10400.000000000093 4.023538585412434e-07
10450.000000000093 4.2485022129586327e-07
10500.000000000093 4.3363667895193483e-07
10550.000000000093 4.4435033743517407e-07
10600.000000000093 4.615832887026863e-07
10650.000000000093 4.808250381733239e-07
10700.000000000093 4.986910942294617e-07
10750.000000000093 5.142312751459514e-07
10800.000000000093 5.232698221534281e-07
10850.000000000093 5.267974203113228e-07
10900.000000000093 4.5741990624672567e-07
10950.000000000093 3.209143868390399e-07
11000.000000000093 2.440746399025814e-07
11050.000000000093 1.7430686887992818e-07
11100.000000000093 1.2499754076704788e-07
11150.000000000093 9.385207295624642e-08
11200.000000000093 1.0179465214486995e-07
11250.000000000093 1.3429742856612693e-07
11300.000000000093 1.3647962941744332e-07
11350.000000000093 7.402702901878153e-08
11400.000000000093 1.5703561586825338e-07
11450.000000000093 1.1824650112910572e-07
11500.000000000093 1.3464200165870348e-07
11550.000000000093 9.580742752972425e-08
11600.000000000093 9.681908798705236e-08
11650.000000000093 1.2511320312466463e-07
11700.000000000093 1.314087802263512e-07
11750.000000000093 1.0829365910854824e-07
11800.000000000093 1.6329999903674615e-07
11850.000000000093 2.0575651176491396e-07
11900.000000000093 2.45442276881208e-07
11950.000000000093 2.8289235290578434e-07
12000.000000000093 3.4167487682767763e-07
12050.000000000093 3.97182084834551e-07
12100.000000000093 4.419594502993224e-07
12150.000000000093 4.991336950072778e-07
12200.000000000093 5.471983972969035e-07
12250.000000000093 5.995973277376861e-07
12300.000000000093 6.527293487111284e-07
12350.000000000093 6.74440981452168e-07
12400.000000000093 7.209853799146544e-07
12450.000000000093 7.774474235984102e-07
12500.000000000093 8.163557457165599e-07
12550.000000000093 8.51655288308124e-07
12600.000000000093 8.512347162953476e-07
12650.000000000093 8.300341633207836e-07
12700.000000000093 8.311639085691775e-07
12750.000000000093 8.241045601882091e-07
12800.000000000093 8.245277650846696e-07
12850.000000000093 7.45539981844117e-07
12900.000000000093 7.004843152045017e-07
12950.000000000093 6.775871048829322e-07
13000.000000000093 6.642340715327143e-07
13050.000000000093 6.196412854868227e-07
13100.000000000093 6.007196118415051e-07
13150.000000000093 5.139886866081447e-07
13200.000000000093 4.753854140646588e-07
13250.000000000093 3.448904847621219e-07
13300.000000000093 2.0410146251910437e-07
13350.000000000093 7.164323995134395e-08
13400.000000000093 2.978670854261122e-08
13450.000000000093 2.010080924340115e-08
13500.000000000093 1.2138639091684301e-08
13550.000000000093 9.113257212753497e-09
13600.000000000093 7.085819961652952e-09
13650.000000000093 1.680160414369999e-08
13700.000000000093 1.3402567463830413e-08
13750.000000000093 1.9782876713715956e-08
13800.000000000093 2.4644825132876633e-08
13850.000000000093 1.5911284171924627e-08
13900.000000000093 1.5624167928313112e-08
13950.000000000093 1.5125295208615784e-08
14000.000000000093 1.5591918787714087e-08
14050.000000000093 1.9216646160369078e-08
14100.000000000093 1.4666916394411071e-08
14150.000000000093 2.0437340296632542e-08
14200.000000000093 1.6070583548116663e-08
14250.000000000093 1.73110856714984e-08
14300.000000000093 2.8034497946991435e-08
14350.000000000093 2.7126744405158053e-08
14400.000000000093 2.7803219685868095e-08
14450.000000000093 3.4386637657057985e-08
14500.000000000093 5.436028011563047e-08
14550.000000000093 5.3801440542713234e-08
14600.000000000093 7.970733781287354e-08
14650.000000000093 7.709400756416006e-08
14700.000000000093 6.083160340986708e-08
14750.000000000093 7.871866972356313e-08
14800.000000000093 9.256155728673548e-08
14850.000000000093 1.006340150734366e-07
14900.000000000093 1.0238912289287562e-07
14950.000000000093 1.205935772564179e-07
15000.000000000093 1.3758347263261935e-07
15050.000000000093 1.6110980683090518e-07
15100.000000000093 1.7429200318533586e-07
15150.000000000093 1.889972566456341e-07
15200.000000000093 2.0222709046346613e-07
15250.000000000093 2.4131855418965035e-07
15300.000000000093 2.6483753805614637e-07
15350.000000000093 3.0438618500494754e-07
15400.000000000093 3.3157196166399523e-07
15450.000000000093 3.581478298721195e-07
15500.000000000093 3.747395405277194e-07
15550.000000000093 4.1318890471965465e-07
15600.000000000093 4.3303705872211066e-07
15650.000000000093 4.4222464629373797e-07
15700.000000000093 4.765581100140403e-07
15750.000000000093 4.889093082473034e-07
15800.000000000093 4.897483696359375e-07
15850.000000000093 5.009189002913921e-07
15900.000000000093 4.845180980916243e-07
15950.000000000093 4.678738628987112e-07
16000.000000000093 4.29412209860319e-07
16050.000000000093 3.6832743568800783e-07
16100.000000000093 3.1882761883971537e-07
16150.000000000093 2.5934555532987076e-07
16200.000000000093 2.0769795062579484e-07
16250.000000000093 1.9960880001279791e-07
16300.000000000093 1.8018063778086866e-07
16350.000000000093 1.9275038726508587e-07
16400.000000000095 2.0932478652228549e-07
16450.000000000095 2.223369740020985e-07
16500.000000000095 2.39716566106432e-07
16550.000000000095 2.3500935219631367e-07
16600.000000000095 2.410514516005183e-07
16650.000000000095 1.7567073089662962e-07
16700.000000000095 1.1816976094087593e-07
16750.000000000095 1.5445231739219528e-07
16800.000000000095 1.955621073978191e-07
16850.000000000095 1.928015056345306e-07
16900.000000000095 1.7959443819433952e-07
16950.000000000095 1.666313298002363e-07
17000.000000000095 1.506218195760612e-07
17050.000000000095 1.8209132079513106e-07
17100.000000000095 1.960251724711711e-07
17150.000000000095 1.7693337558078518e-07
17200.000000000095 2.0613514485445405e-07
17250.000000000095 1.81827464762563e-07
17300.000000000095 1.660000732013329e-07
17350.000000000095 1.535941068513282e-07
17400.000000000095 1.4824345015680198e-07
17450.000000000095 1.4590377477765902e-07
17500.000000000095 1.5207963854911243e-07
17550.000000000095 1.309741178859941e-07
17600.000000000095 1.19431864850703e-07
17650.000000000095 1.1315287253987207e-07
17700.000000000095 9.00112715253071e-08
17750.000000000095 7.717383725387175e-08
17800.000000000095 8.57998936867168e-08
17850.000000000095 6.030145115971612e-08
17900.000000000095 7.06792445709556e-08
17950.000000000095 5.248829500180745e-08
18000.000000000095 5.7758472523496476e-08
18050.000000000095 4.7797684252170127e-08
18100.000000000095 4.901032384745483e-08
18150.000000000095 5.974145356996182e-08
18200.000000000095 3.931987605372135e-08
18250.000000000095 7.760188098136378e-08
18300.000000000095 4.5840028510163154e-08
18350.000000000095 4.400877467655896e-08
18400.000000000095 3.841979742071456e-08
18450.000000000095 5.0449056075155105e-08
18500.000000000095 5.07923028695613e-08
18550.000000000095 3.881865404497082e-08
18600.000000000095 3.558026125988377e-08
18650.000000000095 3.137558001474772e-08
18700.000000000095 2.8687503956112287e-08
18750.000000000095 4.070409366646909e-08
18800.000000000095 7.419896474391756e-08
18850.000000000095 8.036016597116289e-08
18900.000000000095 6.994257983804834e-08
18950.000000000095 1.1198317717286017e-07
19000.000000000095 7.355917861932086e-08
19050.000000000095 5.578709885736214e-08
19100.000000000095 9.218025385852996e-08
19150.000000000095 6.574448711307877e-08
19200.000000000095 8.212914737055124e-08
19250.000000000095 6.43298796901691e-08
19300.000000000095 5.966594443236704e-08
19350.000000000095 5.676253195315271e-08
19400.000000000095 3.735642955901514e-08
19450.000000000095 6.574981385671136e-08
19500.000000000095 6.517796378323621e-08
19550.000000000095 5.187895840556296e-08
19600.000000000095 6.457540947470303e-08
19650.000000000095 7.96093509886362e-08
19700.000000000095 7.856231731690753e-08
19750.000000000095 8.009446268087516e-08
19800.000000000095 9.211076038120183e-08
19850.000000000095 1.1644553733845466e-07
19900.000000000095 8.93375577590427e-08
19950.000000000095 1.3105459310913907e-07
20000.000000000095 1.2013574307315382e-07
20050.000000000095 1.385375839792491e-07
20100.000000000095 1.418019096285294e-07
20150.000000000095 1.4846911630632677e-07
20200.000000000095 1.6366402888931233e-07
20250.000000000095 1.8189086637198597e-07
20300.000000000095 1.7429002808977687e-07
20350.000000000095 1.9855565701614802e-07
20400.000000000095 1.947229945682984e-07
20450.000000000095 2.1620593706864324e-07
20500.000000000095 2.237614618073905e-07
20550.000000000095 2.2197483062143625e-07
20600.000000000095 2.403828474754017e-07
20650.000000000095 2.3669634153745846e-07
20700.000000000095 2.3902091179902074e-07
20750.000000000095 2.4564977439045276e-07
20800.000000000095 2.468055913320563e-07
20850.000000000095 2.47984579890735e-07
20900.000000000095 2.5290612703272066e-07
20950.000000000095 2.478117222000148e-07
21000.000000000095 2.481350565723859e-07
21050.000000000095 2.4332373123225195e-07
21100.000000000095 2.4076881822865486e-07
21150.000000000095 2.4155972238778105e-07
21200.000000000095 2.347238497029528e-07
21250.000000000095 2.3285822684445895e-07
21300.000000000095 2.2198442154300876e-07
21350.000000000095 2.203655660882681e-07
21400.000000000095 2.1373202470302176e-07
21450.000000000095 2.0386733060211661e-07
21500.000000000095 2.0176351337889328e-07
21550.000000000095 1.9571351059711153e-07
21600.000000000095 1.880054386310926e-07
21650.000000000095 1.78671338493193e-07
21700.000000000095 1.7973501564780274e-07
21750.000000000095 1.679039003886677e-07
21800.000000000095 1.5594224866343827e-07
21850.000000000095 1.4236930112279723e-07
21900.000000000095 1.3073112640535592e-07
21950.000000000095 9.690481787885102e-08
22000.000000000095 5.995682732151814e-08
22050.000000000095 4.941467836342484e-08
22100.000000000095 7.345947309754214e-08
22150.000000000095 8.024844914322882e-08
22200.000000000095 7.962794572483785e-08
22250.000000000095 7.549046684853824e-08
22300.000000000095 6.839508421780796e-08
22350.000000000095 6.509335160241902e-08
22400.000000000095 5.403612884172807e-08
22450.000000000095 4.917542192729988e-08
22500.000000000095 5.1667065879604864e-08
22550.000000000095 3.9982046871908176e-08
22600.000000000095 4.527211075571016e-08
22650.000000000095 4.837474172944495e-08
22700.000000000095 4.557371914292746e-08
22750.000000000095 4.635461500668553e-08
22800.000000000095 4.5017159935127815e-08
22850.000000000095 3.8962657563646556e-08
22900.000000000095 3.720312210445271e-08
22950.000000000095 3.627019574250758e-08
23000.000000000095 3.6451637224121676e-08
23050.000000000095 4.678217053398494e-08
23100.000000000095 6.880115631732753e-08
23150.000000000095 6.490383113874098e-08
23200.000000000095 2.6030686697275232e-08
23250.000000000095 3.15715949386575e-08
23300.000000000095 3.00296990789012e-08
23350.000000000095 2.6590950946335927e-08
23400.000000000095 3.111507191398259e-08
23450.000000000095 2.8837382821377323e-08
23500.000000000095 2.9558326692115555e-08
23550.000000000095 3.967665322085845e-08
23600.000000000095 4.568503610986017e-08
23650.000000000095 5.019305221430695e-08
23700.000000000095 2.8034873210066065e-08
23750.000000000095 2.7911895415023067e-08
23800.000000000095 3.66964238293397e-08
23850.000000000095 3.614688512382374e-08
23900.000000000095 5.2045881110188677e-08
23950.000000000095 4.9243904471243574e-08
24000.000000000095 6.418468924711641e-08
24050.000000000095 6.498241706526514e-08
24100.000000000095 5.5426483653792526e-08
24150.000000000095 6.4517107529004e-08
24200.000000000095 6.743611163878654e-08
24250.000000000095 6.076319799058959e-08
24300.000000000095 7.062880291898924e-08
24350.000000000095 5.871853207218881e-08
24400.000000000095 8.132208888103137e-08
24450.000000000095 6.737457525624351e-08
24500.000000000095 7.295688689370678e-08
24550.000000000095 7.394240293968492e-08
24600.000000000095 7.994021082838727e-08
24650.000000000095 9.127245893607333e-08
24700.000000000095 6.626732546012673e-08
24750.000000000095 6.407729980371851e-08
24800.000000000095 6.655899878492369e-08
24850.000000000095 9.342966681959111e-08
24900.000000000095 4.5211817140101274e-08
24950.000000000095 7.803975889306437e-08
25000.000000000095 7.179421457180194e-08
25050.000000000095 4.709236257395715e-08
25100.000000000095 6.632886249803036e-08
25150.000000000095 4.1225451623055375e-08
25200.000000000095 5.5778686037728494e-08
25250.000000000095 3.537729895614304e-08
25300.000000000095 4.881749303641537e-08
25350.000000000095 2.8662338418366246e-08
25400.000000000095 5.2257485754463187e-08
25450.000000000095 3.148327316063706e-08
25500.000000000095 3.089260777557274e-08
25550.000000000095 4.0901905216166796e-08
25600.000000000095 3.6405186200699574e-08
25650.000000000095 2.274125073084259e-08
25700.000000000095 4.398792841147236e-08
25750.000000000095 2.1789911146961192e-08
25800.000000000095 4.722502829022445e-08
25850.000000000095 2.2597023286779102e-08
25900.000000000095 3.469950149904729e-08
25950.000000000095 1.96108658329503e-08
26000.000000000095 4.482572095989251e-08
26050.000000000095 2.720614527601049e-08
26100.000000000095 5.1214586220018727e-08
26150.000000000095 3.971993825420636e-08
26200.000000000095 4.267051849791622e-08
26250.000000000095 6.869716510833547e-08
26300.000000000095 4.532420319680639e-08
26350.000000000095 7.773791283389608e-08
26400.000000000095 7.805723540946704e-08
26450.000000000095 7.52517793245732e-08
26500.000000000095 8.100443499445759e-08
26550.000000000095 4.88655738132182e-08
26600.000000000095 5.739951296210424e-08
26650.000000000095 2.84409099561898e-08
26700.000000000095 2.4107119377437488e-08
26750.000000000095 2.1130680312752933e-08
26800.000000000095 2.98420746415331e-08
26850.000000000095 1.7776019088182462e-08
26900.000000000095 3.846069217151149e-08
26950.000000000095 2.059666669996712e-08
27000.000000000095 4.833774241652006e-08
27050.000000000095 4.453303000993744e-08
27100.000000000095 3.008434028262599e-08
27150.000000000095 5.778634839343285e-08
27200.000000000095 3.266257574733721e-08
27250.000000000095 3.9952784783793366e-08
27300.000000000095 8.987053684236427e-08
27350.000000000095 6.467401184004527e-08
27400.000000000095 2.0264533226175353e-08
27450.000000000095 7.586904547759178e-08
27500.000000000095 8.551740173947478e-08
27550.000000000095 3.6987466553141084e-08
27600.000000000095 6.396818278726292e-08
27650.000000000095 3.193162752994412e-08
27700.000000000095 2.6696001309298336e-08
27750.000000000095 6.671952862132135e-08
27800.000000000095 3.483434979111928e-08
27850.000000000095 3.8123130963783586e-08
27900.000000000095 5.0808956765553375e-08
27950.000000000095 7.329213401027537e-08
28000.000000000095 5.842297097944487e-08
28050.000000000095 2.6262315355627555e-08
28100.000000000095 7.907349287865579e-08
28150.000000000095 5.3883480542592055e-08
28200.000000000095 2.7075311057305272e-08
28250.000000000095 8.113679638853689e-08
28300.000000000095 9.693215812566274e-08
28350.000000000095 3.082692477135357e-08
28400.000000000095 6.866725968594725e-08
28450.000000000095 8.713436466815277e-08
28500.000000000095 6.48769104489093e-08
28550.000000000095 2.9968408934152236e-08
28600.000000000095 9.291115417074786e-08
28650.000000000095 7.785100315528607e-08
28700.000000000095 6.588119003104096e-08
28750.000000000095 9.44885743843602e-08
28800.000000000095 8.878870978606324e-08
28850.000000000095 9.84871687703207e-08
28900.000000000095 5.1855205281179865e-08
28950.000000000095 1.1875576579993858e-07
29000.000000000095 8.816209148070319e-08
29050.000000000095 1.0052813550438628e-07
29100.000000000095 6.876707643111725e-08
29150.000000000095 1.4281097499460086e-07
29200.000000000095 8.667006255566676e-08
29250.000000000095 1.1783571860937953e-07
29300.000000000095 7.562764365113589e-08
