galfind/configs/Brown_Dwarf_templates/sonora_cholla/logkzz4/3162g/1150K_3162g_logkzz4_resample.dat
# %ECSV 1.0
# ---
# datatype:
# - {name: wav, unit: Angstrom, datatype: float64}
# - {name: flux_nu, unit: erg / (cm2 Hz s), datatype: float64}
# schema: astropy-2.0
wav flux_nu
[from data line 389]
29450.000000000095 1.4572175529538336e-07
29500.000000000095 1.650199537210737e-07
29550.000000000095 1.47147852208378e-07
29600.000000000095 1.8735454011612308e-07
29650.000000000095 1.5791937654835257e-07
29700.000000000095 1.4556264804436045e-07
29750.000000000095 1.8684966934463042e-07
29800.000000000095 1.9439108890985313e-07
29850.000000000095 2.0286906450107447e-07
29900.000000000095 2.107173330016668e-07
29950.000000000095 2.0082523961808578e-07
30000.000000000095 1.636363183520521e-07
30050.000000000095 1.4294728935329422e-07
30100.000000000095 1.7379197075986356e-07
30150.000000000095 2.3907168382466895e-07
30200.000000000095 1.784008978777933e-07
30250.000000000095 2.4894777867358675e-07
30300.000000000095 2.1594881541953022e-07
30350.000000000095 2.0878038001206328e-07
30400.000000000095 2.3325152232229854e-07
30450.000000000095 1.777026736454304e-07
30500.000000000095 1.8171896136508902e-07
30550.000000000095 1.8603679763145217e-07
30600.000000000095 2.1697215262515583e-07
30650.000000000095 1.8951413529594344e-07
30700.000000000095 1.6918165354952813e-07
30750.000000000095 1.611192098800619e-07
30800.000000000095 1.5700383720563412e-07
30850.000000000095 1.4488904628458844e-07
30900.000000000095 1.494323821761884e-07
30950.000000000095 1.0418651171080198e-07
31000.000000000095 1.2053452810443918e-07
31050.000000000095 1.3810349013514022e-07
31100.000000000095 9.878789761216327e-08
31150.000000000095 1.1006121393961913e-07
31200.000000000095 1.2553335579757872e-07
31250.000000000095 9.667428232053295e-08
31300.000000000095 9.500375552500965e-08
31350.000000000095 9.261399287198787e-08
31400.000000000095 7.045683646596207e-08
31450.000000000095 8.964471626224124e-08
31500.000000000095 6.962210101188617e-08
31550.000000000095 7.911252333985824e-08
31600.000000000095 6.247106878665693e-08
31650.000000000095 5.962920504611224e-08
31700.000000000095 7.097081987477788e-08
31750.000000000095 5.062441113650679e-08
31800.000000000095 6.426181960900669e-08
31850.000000000095 5.160076928401501e-08
31900.000000000095 5.891038176507248e-08
31950.000000000095 5.231821672989159e-08
32000.000000000095 5.514135871517168e-08
32050.000000000095 4.890313607871643e-08
32100.000000000095 4.484074540435422e-08
32150.000000000095 5.87119312366071e-08
32200.000000000095 4.238965256027169e-08
32250.000000000095 6.329125116432919e-08
32300.000000000095 3.958266911914685e-08
32350.000000000095 7.481024869310533e-08
32400.000000000095 4.976745437243118e-08
32450.000000000095 7.137364420096281e-08
32500.000000000095 5.608835798997958e-08
32550.000000000095 6.64352445439081e-08
32600.000000000095 7.434008110424865e-08
32650.000000000095 8.499467940726834e-08
32700.000000000095 7.845895070842812e-08
32750.000000000095 9.845853053860562e-08
32800.000000000095 9.054860079347935e-08
32850.000000000095 1.0950111600766723e-07
32900.000000000095 1.1690381370969961e-07
32950.000000000095 1.2134588199360943e-07
33000.000000000095 1.0575093840993575e-07
33050.000000000095 1.0304194045388836e-07
33100.000000000095 6.285600946653881e-08
33150.000000000095 1.4717191533122537e-08
33200.000000000095 1.7201478940622345e-08
33250.000000000095 1.2397527814304745e-08
33300.000000000095 1.4256345519679685e-08
33350.000000000095 2.467799072007976e-08
33400.000000000095 3.479382178297154e-08
33450.000000000095 4.264068392088998e-08
33500.000000000095 6.089004392909744e-08
33550.000000000095 5.59135699555812e-08
33600.000000000095 8.157869121199373e-08
33650.000000000095 8.63429609702889e-08
33700.000000000095 7.240361524103838e-08
33750.000000000095 1.0283128349062931e-07
33800.000000000095 6.355363236467838e-08
33850.000000000095 8.931196938493067e-08
33900.000000000095 7.934217014479708e-08
33950.000000000095 8.879992204046003e-08
34000.000000000095 9.549877311260429e-08
34050.000000000095 4.88962037175822e-08
34100.000000000095 9.051167975346213e-08
34150.000000000095 6.182939048143677e-08
34200.000000000095 7.979417509144367e-08
34250.000000000095 7.502725650001726e-08
34300.000000000095 5.901504711222468e-08
34350.000000000095 8.593118570780508e-08
34400.000000000095 6.252386849527265e-08
34450.000000000095 8.999345787859034e-08
34500.000000000095 7.973452722472456e-08
34550.000000000095 5.728805717935422e-08
34600.000000000095 9.801165358006483e-08
34650.000000000095 5.902838002844093e-08
34700.000000000095 7.278737045545652e-08
34750.000000000095 7.854502512394329e-08
34800.000000000095 4.933877198681728e-08
34850.000000000095 8.617561210536797e-08
34900.000000000095 8.459214425758453e-08
34950.000000000095 7.97176211450732e-08
35000.000000000095 1.0735048502087139e-07
35050.000000000095 7.608351781501614e-08
35100.000000000095 1.0719439839130494e-07
35150.000000000095 9.548441695371747e-08
35200.000000000095 1.1180688725143518e-07
35250.000000000095 1.398911620598129e-07
35300.000000000095 8.172516560317481e-08
35350.000000000095 1.1863008301877615e-07
35400.000000000095 1.1991413338921228e-07
35450.000000000095 1.015044257398581e-07
35500.000000000095 1.5165187813749478e-07
35550.000000000095 1.3083208207630718e-07
35600.000000000095 1.4253079648173768e-07
35650.000000000095 1.564132300849867e-07
35700.000000000095 1.0765661981985154e-07
35750.000000000095 1.6403731805158914e-07
35800.000000000095 1.6364981186458889e-07
35850.000000000095 1.2537111267929332e-07
35900.000000000095 1.796202459758045e-07
35950.000000000095 1.7236010160352973e-07
36000.000000000095 1.567063342152137e-07
36050.000000000095 1.8890490492569767e-07
36100.000000000095 1.6573656433451462e-07
36150.000000000095 2.0020092971577554e-07
36200.000000000095 2.105229770756282e-07
36250.000000000095 2.0086320238484358e-07
36300.000000000095 2.2969155618873296e-07
36350.000000000095 2.261221882653718e-07
36400.000000000095 2.5854192564521457e-07
36450.000000000095 2.5146056178172504e-07
36500.000000000095 2.491813747808206e-07
36550.000000000095 2.877702409656112e-07
36600.000000000095 3.1521984653115907e-07
36650.000000000095 2.9568246470677917e-07
36700.000000000095 3.095337799063412e-07
36750.000000000095 3.3855259788855135e-07
36800.000000000095 3.3516656323379806e-07
36850.000000000095 3.1969771726313514e-07
36900.000000000095 3.21303240347769e-07
36950.000000000095 3.686410799959468e-07
37000.000000000095 3.456969278967523e-07
37050.000000000095 3.753606363692788e-07
37100.000000000095 3.6277000075575224e-07
37150.000000000095 3.93671494959857e-07
37200.000000000095 4.1659132819408855e-07
37250.000000000095 3.7074946415203407e-07
37300.000000000095 3.6691027721914383e-07
37350.000000000095 4.227417163852389e-07
37400.000000000095 4.729673273628501e-07
37450.000000000095 4.2396948127352894e-07
37500.000000000095 4.038498007840777e-07
37550.000000000095 4.998845430744084e-07
37600.000000000095 5.283229364034509e-07
37650.000000000095 4.2967729440516693e-07
37700.000000000095 5.034549808463817e-07
37750.000000000095 4.160495007653937e-07
37800.000000000095 4.882278185886492e-07
37850.000000000095 4.017589568083933e-07
37900.000000000095 4.7107286948708267e-07
37950.000000000095 5.062954097386321e-07
38000.000000000095 5.509136968672384e-07
38050.000000000095 5.051348837744568e-07
38100.000000000095 5.528409730494666e-07
38150.000000000095 5.511899719207992e-07
38200.000000000095 5.687028618168414e-07
38250.000000000095 5.593595205525426e-07
38300.000000000095 6.373400680502968e-07
38350.000000000095 6.411147157270155e-07
38400.000000000095 5.198083051482636e-07
38450.000000000095 5.822959336537599e-07
38500.000000000095 5.327211705042917e-07
38550.000000000095 5.982139342237226e-07
38600.000000000095 6.011311251977262e-07
38650.000000000095 6.534844207763836e-07
38700.000000000095 6.712678501499052e-07
38750.000000000095 6.558046111700139e-07
38800.000000000095 6.131682832963502e-07
38850.000000000095 6.853408414621554e-07
38900.000000000095 6.97749432146675e-07
38950.000000000095 6.614653617684991e-07
39000.000000000095 7.167737997568724e-07
39050.000000000095 6.840455161507106e-07
39100.000000000095 6.684739027466426e-07
39150.000000000095 7.134333617514328e-07
39200.000000000095 6.855793817734296e-07
39250.000000000095 7.439532030608776e-07
39300.000000000095 7.305623926905237e-07
39350.000000000095 7.858275739372388e-07
39400.000000000095 7.64640689657874e-07
39450.000000000095 7.774344450319277e-07
39500.000000000095 7.559540367728946e-07
39550.000000000095 7.541002577271038e-07
39600.000000000095 7.660202004334403e-07
39650.000000000095 8.333024979083181e-07
39700.000000000095 7.871395406937153e-07
39750.000000000095 7.200830791999927e-07
39800.000000000095 7.685764896565685e-07
39850.000000000095 8.394214669498065e-07
39900.000000000095 8.374996835717058e-07
39950.000000000095 8.173789838046433e-07
40000.000000000095 8.435792699707668e-07
40050.000000000095 8.415201507397724e-07
40100.000000000095 7.68369068835962e-07
40150.000000000095 8.751332862733307e-07
40200.000000000095 8.780001986879145e-07
40250.000000000095 8.344794462083202e-07
40300.000000000095 8.652724792448029e-07
40350.000000000095 8.027352088582626e-07
40400.000000000095 8.762574620930309e-07
40450.000000000095 8.381030949174111e-07
40500.000000000095 8.306152532993473e-07
40550.000000000095 8.925457276195916e-07
40600.000000000095 8.36421038862256e-07
40650.000000000095 8.764065238323759e-07
40700.000000000095 9.73524694254346e-07
40750.000000000095 8.489557858833207e-07
40800.000000000095 7.926394209012839e-07
40850.000000000095 9.006558486085867e-07
40900.000000000095 9.038356633147553e-07
40950.000000000095 8.443160913765238e-07
41000.000000000095 8.622302818799113e-07
41050.000000000095 8.944766967048621e-07
41100.000000000095 8.256100724440077e-07
41150.000000000095 7.96732229377237e-07
41200.000000000095 9.049860028935065e-07
41250.000000000095 8.739445583167065e-07
41300.000000000095 7.555593937667775e-07
41350.000000000095 9.131661592339058e-07
41400.000000000095 8.479974552945439e-07
41450.000000000095 8.894393719108675e-07
41500.000000000095 8.302523479194825e-07
41550.000000000095 7.731274990126917e-07
41600.000000000095 8.327486716543819e-07
41650.000000000095 8.519512345020193e-07
41700.000000000095 7.801852307603616e-07
41750.000000000095 7.793216375034736e-07
41800.000000000095 9.166093087428163e-07
41850.000000000095 6.3517336408167e-07
41900.000000000095 7.501419689155122e-07
41950.000000000095 8.524813621336029e-07
42000.000000000095 8.547425603912426e-07
42050.000000000095 7.346611216717908e-07
42100.000000000095 8.829472641944134e-07
42150.000000000095 6.597951457901647e-07
42200.000000000095 7.028536319825489e-07
42250.000000000095 7.527740010648236e-07
42300.000000000095 7.311744965932567e-07
42350.000000000095 7.816186210655096e-07
42400.000000000095 7.758050036004691e-07
42450.000000000095 6.695308796470124e-07
42500.000000000095 6.75171916689865e-07
42550.000000000095 6.498116287271225e-07
42600.000000000095 7.48926317289955e-07
42650.000000000095 8.631966662211824e-07
42700.000000000095 7.059687883628501e-07
42750.000000000095 6.230301023830807e-07
42800.000000000095 6.623449772425062e-07
42850.000000000095 7.36775319494416e-07
42900.000000000095 7.660383775312262e-07
42950.000000000095 6.006816796477432e-07
43000.000000000095 7.5013474452617e-07
43050.000000000095 4.830532311476975e-07
43100.000000000095 6.65162582090882e-07
43150.000000000095 6.619170384683682e-07
43200.000000000095 6.646760304026646e-07
43250.000000000095 7.930774326076233e-07
43300.000000000095 7.920212955005336e-07
43350.000000000095 5.483970872442949e-07
43400.000000000095 6.851747838396499e-07
43450.000000000095 5.727613358207954e-07
43500.000000000095 6.120167400362165e-07
43550.000000000095 5.835213000248713e-07
43600.000000000095 6.893280463962555e-07
43650.000000000095 4.6686308789547986e-07
43700.000000000095 6.934861493536988e-07
43750.000000000095 6.831151452439681e-07
43800.000000000095 5.702039960525251e-07
43850.000000000095 5.590377033059121e-07
43900.000000000095 5.406361081482928e-07
43950.000000000095 4.805113462033248e-07
44000.000000000095 3.5840837182861894e-07
44050.000000000095 4.915176580115696e-07
44100.000000000095 5.38171450986821e-07
44150.000000000095 5.244656841887924e-07
44200.000000000095 4.6741418005355037e-07
44250.000000000095 4.0577241165696164e-07
44300.000000000095 3.8459268369672914e-07
44350.000000000095 3.5506308908566683e-07
44400.000000000095 3.630111183195836e-07
44450.000000000095 3.8450006695846e-07
44500.000000000095 3.2902846809282806e-07
44550.000000000095 3.596976162900566e-07
44600.000000000095 3.023559653748149e-07
44650.000000000095 3.4591146594057336e-07
44700.000000000095 3.1846987186474057e-07
44750.000000000095 3.3505561682434603e-07
44800.000000000095 3.095661008054928e-07
44850.000000000095 3.0664527838978564e-07
44900.000000000095 2.600185213473913e-07
44950.000000000095 2.5635392389448985e-07
45000.000000000095 2.706054974933895e-07
45050.000000000095 2.7938300515988827e-07
45100.000000000095 2.729895611815891e-07
45150.000000000095 2.467758919709041e-07
45200.000000000095 1.9765967574413046e-07
45250.000000000095 2.169816846780145e-07
45300.000000000095 2.5065181964968107e-07
45350.000000000095 2.4601552127586506e-07
45400.000000000095 2.141173862534602e-07
45450.000000000095 2.0782414229658113e-07
45500.000000000095 2.2391041553130324e-07
45550.000000000095 2.536509743507037e-07
45600.000000000095 2.090563786491481e-07
45650.000000000095 1.990468129678743e-07
45700.000000000095 2.4463456446023273e-07
45750.000000000095 2.1111819617781032e-07
45800.000000000095 1.92329304615912e-07
45850.000000000095 2.741695742344137e-07
45900.000000000095 2.6793583207258207e-07
45950.000000000095 2.000846240445971e-07
46000.000000000095 2.6371811017900496e-07
46050.000000000095 2.756739718754653e-07
46100.000000000095 2.0263989078417738e-07
46150.000000000095 2.5465555701653054e-07
46200.000000000095 2.5053416041055947e-07
46250.000000000095 1.6712209561259456e-07
46300.000000000095 2.963766273671372e-07
46350.000000000095 2.2399470792254698e-07
46400.000000000095 2.590090228493521e-07
46450.000000000095 3.1742816509847834e-07
46500.000000000095 2.4975997992758966e-07
46550.000000000095 3.145617982779773e-07
46600.000000000095 2.976182718086768e-07
46650.000000000095 4.6184562747939517e-07
46700.000000000095 3.703669512145125e-07
46750.000000000095 2.748001322102815e-07
46800.000000000095 2.3887224667359937e-07
46850.000000000095 3.351657980713408e-07
46900.000000000095 2.9306611280617493e-07
46950.000000000095 3.885302126951936e-07
47000.000000000095 2.392557911299267e-07
47050.000000000095 3.826290666918777e-07
47100.000000000095 2.088439724136995e-07
47150.000000000095 2.80625953565091e-07
47200.000000000095 3.134649034475464e-07
47250.000000000095 2.363665419529087e-07
47300.000000000095 2.5891246019711135e-07
47350.000000000095 2.1568999284069155e-07
47400.000000000095 3.4616362932394405e-07
47450.000000000095 2.191403966119396e-07
47500.000000000095 3.587592566694236e-07
47550.000000000095 2.2380355761061164e-07
47600.000000000095 3.343624780988499e-07
47650.000000000095 2.1749327245355955e-07
47700.000000000095 3.168181683460986e-07
47750.000000000095 1.9101985459372994e-07
47800.000000000095 2.9311973158723815e-07
47850.000000000095 1.6620966133154396e-07
47900.000000000095 2.676286997186053e-07
47950.000000000095 2.2817233667725924e-07
48000.000000000095 3.64557820623759e-07
48050.000000000095 2.514315669904376e-07
48100.000000000095 3.0456653848932916e-07
48150.000000000095 2.348546433983055e-07
48200.000000000095 3.2747193875282356e-07
48250.000000000095 2.4665065365373843e-07
48300.000000000095 4.005418432646917e-07
48350.000000000095 2.3516324818176096e-07
48400.000000000095 2.686603487784327e-07
48450.000000000095 2.1934046697313635e-07
48500.000000000095 3.8380759723847176e-07
48550.000000000095 2.19721870740553e-07
48600.000000000095 3.6023225396217237e-07
48650.000000000095 2.2332303609280992e-07
48700.000000000095 3.8778470004682334e-07
48750.000000000095 2.3008146806611776e-07
