galfind/configs/Brown_Dwarf_templates/sonora_cholla/logkzz4/3162g/1150K_3162g_logkzz4_resample.dat
# %ECSV 1.0
# ---
# datatype:
# - {name: wav, unit: Angstrom, datatype: float64}
# - {name: flux_nu, unit: erg / (cm2 Hz s), datatype: float64}
# schema: astropy-2.0
wav flux_nu
10000.000000000093 nan
10050.000000000093 2.5787997064886993e-07
10100.000000000093 2.979074253148891e-07
10150.000000000093 3.037472458129561e-07
10200.000000000093 3.3197707658277817e-07
10250.000000000093 3.5435921507069185e-07
10300.000000000093 3.732611304461092e-07
10350.000000000093 4.20793053821752e-07
10400.000000000093 4.5552201052154394e-07
10450.000000000093 4.815268737803115e-07
10500.000000000093 4.908890436974962e-07
10550.000000000093 5.030669305496087e-07
10600.000000000093 5.2577915481677e-07
10650.000000000093 5.498620529046637e-07
10700.000000000093 5.748429552553058e-07
10750.000000000093 5.962798929626358e-07
10800.000000000093 6.116050654563911e-07
10850.000000000093 6.252544718551088e-07
10900.000000000093 5.567337629393234e-07
10950.000000000093 4.0756979396038706e-07
11000.000000000093 3.1827724632032936e-07
11050.000000000093 2.3526456071948522e-07
11100.000000000093 1.7449753157474282e-07
11150.000000000093 1.354409773618219e-07
11200.000000000093 1.466398982164122e-07
11250.000000000093 1.9144027785161812e-07
11300.000000000093 1.9233446302979234e-07
11350.000000000093 1.0771878539949773e-07
11400.000000000093 2.1995535421614518e-07
11450.000000000093 1.6835914218826558e-07
11500.000000000093 1.9449801009856402e-07
11550.000000000093 1.4233796653355516e-07
11600.000000000093 1.452811177622378e-07
11650.000000000093 1.817990424417085e-07
11700.000000000093 1.8859131653464096e-07
11750.000000000093 1.611718177934151e-07
11800.000000000093 2.2933634002228644e-07
11850.000000000093 2.8043568890184203e-07
11900.000000000093 3.326628152294178e-07
11950.000000000093 3.702571046276004e-07
12000.000000000093 4.422096378357816e-07
12050.000000000093 5.113998550651544e-07
12100.000000000093 5.622980083029105e-07
12150.000000000093 6.3286117613802e-07
12200.000000000093 6.874741840567415e-07
12250.000000000093 7.501426188440496e-07
12300.000000000093 8.11149254763918e-07
12350.000000000093 8.327401913836361e-07
12400.000000000093 8.748845516062726e-07
12450.000000000093 9.410154871446048e-07
12500.000000000093 9.856947549801482e-07
12550.000000000093 1.0290825541972482e-06
12600.000000000093 1.0309820186353462e-06
12650.000000000093 1.0036869048882745e-06
12700.000000000093 1.01025074694868e-06
12750.000000000093 1.0080307048004477e-06
12800.000000000093 1.0145152461328186e-06
12850.000000000093 9.259778701012816e-07
12900.000000000093 8.746848881445015e-07
12950.000000000093 8.541952298968067e-07
13000.000000000093 8.412987810202457e-07
13050.000000000093 7.956206360600939e-07
13100.000000000093 7.716525561449028e-07
13150.000000000093 6.703992520906629e-07
13200.000000000093 6.199692431362567e-07
13250.000000000093 4.547168700088461e-07
13300.000000000093 2.732819478113416e-07
13350.000000000093 9.562047718613091e-08
13400.000000000093 4.205586677198091e-08
13450.000000000093 2.9455667037037702e-08
13500.000000000093 1.8387762106812558e-08
13550.000000000093 1.4270669409481551e-08
13600.000000000093 1.156620195886623e-08
13650.000000000093 2.5841584688643077e-08
13700.000000000093 2.0964315157350716e-08
13750.000000000093 2.9521462447938966e-08
13800.000000000093 3.6785600779673665e-08
13850.000000000093 2.470775420195127e-08
13900.000000000093 2.4122720081776406e-08
13950.000000000093 2.321718549784402e-08
14000.000000000093 2.359978114144255e-08
14050.000000000093 2.8651675806306352e-08
14100.000000000093 2.190061363305153e-08
14150.000000000093 2.997899145820912e-08
14200.000000000093 2.3859565721691424e-08
14250.000000000093 2.5382489457579462e-08
14300.000000000093 3.911333675618974e-08
14350.000000000093 3.822744552303928e-08
14400.000000000093 3.9205897325358184e-08
14450.000000000093 4.7335611895930445e-08
14500.000000000093 7.288489426615557e-08
14550.000000000093 7.208888126482412e-08
14600.000000000093 1.042310432638622e-07
14650.000000000093 1.0138407157376054e-07
14700.000000000093 8.174710656994258e-08
14750.000000000093 1.0386140947231364e-07
14800.000000000093 1.214609968325571e-07
14850.000000000093 1.3174880552889643e-07
14900.000000000093 1.332919279403921e-07
14950.000000000093 1.5432280104195565e-07
15000.000000000093 1.7468643827614379e-07
15050.000000000093 2.0470996060806282e-07
15100.000000000093 2.200299912546507e-07
15150.000000000093 2.3849327879759777e-07
15200.000000000093 2.5323871705166045e-07
15250.000000000093 2.983365276818194e-07
15300.000000000093 3.2670798018225594e-07
15350.000000000093 3.7268709515909664e-07
15400.000000000093 4.0394592189534727e-07
15450.000000000093 4.35744735473042e-07
15500.000000000093 4.5503703695373477e-07
15550.000000000093 5.001365363867433e-07
15600.000000000093 5.215635370271772e-07
15650.000000000093 5.325029546247654e-07
15700.000000000093 5.738288814945684e-07
15750.000000000093 5.889717158469229e-07
15800.000000000093 5.894866205453717e-07
15850.000000000093 6.040511168117209e-07
15900.000000000093 5.870508983235646e-07
15950.000000000093 5.704751507014853e-07
16000.000000000093 5.289944809967787e-07
16050.000000000093 4.6193214491466694e-07
16100.000000000093 4.0728614604089257e-07
16150.000000000093 3.389961846131989e-07
16200.000000000093 2.7951762098068283e-07
16250.000000000093 2.711983014089728e-07
16300.000000000093 2.4769703924759735e-07
16350.000000000093 2.633829588950302e-07
16400.000000000095 2.8339321696146923e-07
16450.000000000095 2.9976537552110223e-07
16500.000000000095 3.2137233213096756e-07
16550.000000000095 3.157786861241446e-07
16600.000000000095 3.197494978469675e-07
16650.000000000095 2.420061721854237e-07
16700.000000000095 1.7268049871616698e-07
16750.000000000095 2.1412435958178482e-07
16800.000000000095 2.644660637629489e-07
16850.000000000095 2.6069834722532144e-07
16900.000000000095 2.460326158148624e-07
16950.000000000095 2.3060873056403323e-07
17000.000000000095 2.116125247423587e-07
17050.000000000095 2.5044590687639624e-07
17100.000000000095 2.6524973802033596e-07
17150.000000000095 2.414018858362602e-07
17200.000000000095 2.721740233151107e-07
17250.000000000095 2.4292983665561526e-07
17300.000000000095 2.235239105831975e-07
17350.000000000095 2.0698460172385377e-07
17400.000000000095 1.9806135527195108e-07
17450.000000000095 1.9249305716641982e-07
17500.000000000095 1.988674725933173e-07
17550.000000000095 1.7281215289836772e-07
17600.000000000095 1.5882009109385427e-07
17650.000000000095 1.516147551743451e-07
17700.000000000095 1.206497118102618e-07
17750.000000000095 1.0473307151702214e-07
17800.000000000095 1.1460635098752089e-07
17850.000000000095 8.19106075575747e-08
17900.000000000095 9.673357884941966e-08
17950.000000000095 7.353459339867813e-08
18000.000000000095 7.874078827710156e-08
18050.000000000095 6.723513004174789e-08
18100.000000000095 6.81030861662437e-08
18150.000000000095 8.28785048458651e-08
18200.000000000095 5.5754578038050894e-08
18250.000000000095 1.0504534138227975e-07
18300.000000000095 6.552767991065025e-08
18350.000000000095 6.320245436257456e-08
18400.000000000095 5.590996871491135e-08
18450.000000000095 6.883856111714036e-08
18500.000000000095 7.000433726963159e-08
18550.000000000095 5.453476996711929e-08
18600.000000000095 4.962188989279092e-08
18650.000000000095 4.481481054669817e-08
18700.000000000095 4.2490713481359226e-08
18750.000000000095 5.75844024972865e-08
18800.000000000095 9.899186970645842e-08
18850.000000000095 1.0797065834706821e-07
18900.000000000095 9.474423967912568e-08
18950.000000000095 1.4707737714544281e-07
19000.000000000095 1.0169072804591898e-07
19050.000000000095 7.901156697019575e-08
19100.000000000095 1.2533303222429627e-07
19150.000000000095 9.268983952717147e-08
19200.000000000095 1.1224279806493927e-07
19250.000000000095 8.974800351618136e-08
19300.000000000095 8.466959496209124e-08
19350.000000000095 7.979809670140813e-08
19400.000000000095 5.270957132157678e-08
19450.000000000095 9.047191297032213e-08
19500.000000000095 8.94949051341728e-08
19550.000000000095 7.156524879668355e-08
19600.000000000095 8.780298360486287e-08
19650.000000000095 1.0705552863310367e-07
19700.000000000095 1.0502195202812009e-07
19750.000000000095 1.0500792624794139e-07
19800.000000000095 1.2131679835017095e-07
19850.000000000095 1.5085023069064763e-07
19900.000000000095 1.1615459268348734e-07
19950.000000000095 1.6761404889452825e-07
20000.000000000095 1.5431942203613007e-07
20050.000000000095 1.778389342621406e-07
20100.000000000095 1.7937616511871486e-07
20150.000000000095 1.9018553640711997e-07
20200.000000000095 2.0930607453194406e-07
20250.000000000095 2.3017235537768518e-07
20300.000000000095 2.2085749759672712e-07
20350.000000000095 2.508916186627331e-07
20400.000000000095 2.4761430203674537e-07
20450.000000000095 2.7258738716484455e-07
20500.000000000095 2.8266731762200084e-07
20550.000000000095 2.79964366315402e-07
20600.000000000095 3.0399267556558875e-07
20650.000000000095 2.984597293603261e-07
20700.000000000095 3.0250752901211856e-07
20750.000000000095 3.1075273380337657e-07
20800.000000000095 3.13106292710671e-07
20850.000000000095 3.140180733718638e-07
20900.000000000095 3.2117766270498956e-07
20950.000000000095 3.1500993644023155e-07
21000.000000000095 3.162051413150143e-07
21050.000000000095 3.103204847867215e-07
21100.000000000095 3.077137836608887e-07
21150.000000000095 3.0922956837129715e-07
21200.000000000095 3.009822718604629e-07
21250.000000000095 2.996617697092366e-07
21300.000000000095 2.863452598728516e-07
21350.000000000095 2.8528694009337554e-07
21400.000000000095 2.7634947991295956e-07
21450.000000000095 2.6606525183248487e-07
21500.000000000095 2.631839872048707e-07
21550.000000000095 2.557630133220584e-07
21600.000000000095 2.4673206571343516e-07
21650.000000000095 2.3525769438358422e-07
21700.000000000095 2.3591941809429427e-07
21750.000000000095 2.2106948983933634e-07
21800.000000000095 2.0667042646833073e-07
21850.000000000095 1.8976558638893383e-07
21900.000000000095 1.7606431345963984e-07
21950.000000000095 1.3435499004234273e-07
22000.000000000095 8.948081239694335e-08
22050.000000000095 7.29798334867075e-08
22100.000000000095 1.0249730359971555e-07
22150.000000000095 1.1166770083136682e-07
22200.000000000095 1.1171285993366317e-07
22250.000000000095 1.060059488368013e-07
22300.000000000095 9.837162168223548e-08
22350.000000000095 9.330592123032053e-08
22400.000000000095 7.966890977824307e-08
22450.000000000095 7.266987780737494e-08
22500.000000000095 7.552926305961843e-08
22550.000000000095 6.046523629675135e-08
22600.000000000095 6.746216606058633e-08
22650.000000000095 7.053588340599152e-08
22700.000000000095 6.747172395010099e-08
22750.000000000095 6.833677050241922e-08
22800.000000000095 6.59446392059051e-08
22850.000000000095 5.773673160878684e-08
22900.000000000095 5.5860605840978345e-08
22950.000000000095 5.474439737464697e-08
23000.000000000095 5.33860539321695e-08
23050.000000000095 6.784884782997535e-08
23100.000000000095 9.385444353829474e-08
23150.000000000095 8.948495465344099e-08
23200.000000000095 4.079083060429956e-08
23250.000000000095 4.6977076033091515e-08
23300.000000000095 4.428564743257336e-08
23350.000000000095 3.943982824607876e-08
23400.000000000095 4.590654193620255e-08
23450.000000000095 4.3348634238919006e-08
23500.000000000095 4.452060460029308e-08
23550.000000000095 5.851513038291126e-08
23600.000000000095 6.58556293110268e-08
23650.000000000095 7.18781582845844e-08
23700.000000000095 4.2724739884495064e-08
23750.000000000095 4.28585756588984e-08
23800.000000000095 5.260502238358294e-08
23850.000000000095 5.253958081232361e-08
23900.000000000095 7.315997277477145e-08
23950.000000000095 7.079164830324123e-08
24000.000000000095 8.97253838661479e-08
24050.000000000095 9.028814320698313e-08
24100.000000000095 7.735455802553854e-08
24150.000000000095 8.905323493738692e-08
24200.000000000095 9.33430053229595e-08
24250.000000000095 8.560598842579399e-08
24300.000000000095 9.603640185797959e-08
24350.000000000095 8.167859766228848e-08
24400.000000000095 1.0952917729842785e-07
24450.000000000095 9.091548842261855e-08
24500.000000000095 9.84411014784015e-08
24550.000000000095 9.75321503538622e-08
24600.000000000095 1.0507910822590237e-07
24650.000000000095 1.1973877056701502e-07
24700.000000000095 8.777925600328112e-08
24750.000000000095 8.36105304923977e-08
24800.000000000095 8.809258266461528e-08
24850.000000000095 1.209991175616014e-07
24900.000000000095 6.05247361313865e-08
24950.000000000095 1.0193300589316756e-07
25000.000000000095 9.451444727527999e-08
25050.000000000095 6.327934520833935e-08
25100.000000000095 8.755691668030397e-08
25150.000000000095 5.553438130782096e-08
25200.000000000095 7.441431713268921e-08
25250.000000000095 4.915502723265586e-08
25300.000000000095 6.671395943301167e-08
25350.000000000095 4.02993388700208e-08
25400.000000000095 7.055447588985945e-08
25450.000000000095 4.422142025150303e-08
25500.000000000095 4.360298300125383e-08
25550.000000000095 5.6147778285412605e-08
25600.000000000095 5.1234221975154795e-08
25650.000000000095 3.29139116959499e-08
25700.000000000095 6.251513803897197e-08
25750.000000000095 3.211496279285922e-08
25800.000000000095 6.55246955312907e-08
25850.000000000095 3.345939271868591e-08
25900.000000000095 5.053762484767272e-08
25950.000000000095 2.9826517625893524e-08
26000.000000000095 6.22055888430728e-08
26050.000000000095 4.09042560098099e-08
26100.000000000095 7.204528680702477e-08
26150.000000000095 5.753073446870929e-08
26200.000000000095 6.125578379762861e-08
26250.000000000095 9.223164098663882e-08
26300.000000000095 6.398337445019611e-08
26350.000000000095 1.0272351594907873e-07
26400.000000000095 1.036102063956782e-07
26450.000000000095 1.0083196814326344e-07
26500.000000000095 1.062621857408375e-07
26550.000000000095 6.877418717051457e-08
26600.000000000095 8.084021844244293e-08
26650.000000000095 4.215740525642181e-08
26700.000000000095 3.645101501003075e-08
26750.000000000095 3.166070274093944e-08
26800.000000000095 4.350631936982617e-08
26850.000000000095 2.6270256881258265e-08
26900.000000000095 5.3875676566164897e-08
26950.000000000095 2.9494721947183983e-08
27000.000000000095 6.549862857490809e-08
27050.000000000095 6.01898098810844e-08
27100.000000000095 4.3009369088532784e-08
27150.000000000095 7.67250832303996e-08
27200.000000000095 4.697368099430552e-08
27250.000000000095 5.506902458361609e-08
27300.000000000095 1.1620737171062783e-07
27350.000000000095 8.66472615059311e-08
27400.000000000095 3.010147069186446e-08
27450.000000000095 1.0211121933453558e-07
27500.000000000095 1.1159511992159065e-07
27550.000000000095 5.264331780527605e-08
27600.000000000095 8.848497097708057e-08
27650.000000000095 4.532537164538715e-08
27700.000000000095 3.849681453403365e-08
27750.000000000095 9.06409608538718e-08
27800.000000000095 4.891137814427067e-08
27850.000000000095 5.312187398562974e-08
27900.000000000095 7.013323823780056e-08
27950.000000000095 9.701155470235857e-08
28000.000000000095 7.906164861477997e-08
28050.000000000095 3.7553967648288034e-08
28100.000000000095 1.0565272717456635e-07
28150.000000000095 7.337538244847986e-08
28200.000000000095 3.810264079827197e-08
28250.000000000095 1.0645792645291588e-07
28300.000000000095 1.2691590044542975e-07
28350.000000000095 4.262792101502053e-08
28400.000000000095 9.206761582331456e-08
28450.000000000095 1.1245457684479603e-07
28500.000000000095 8.698165859173635e-08
28550.000000000095 4.185175177132607e-08
28600.000000000095 1.2136926673127996e-07
28650.000000000095 1.0179088649787311e-07
28700.000000000095 8.660982075744709e-08
28750.000000000095 1.2059057406992314e-07
28800.000000000095 1.1417750146589807e-07
28850.000000000095 1.2725651305858262e-07
28900.000000000095 6.819591125484265e-08
28950.000000000095 1.5051915990873588e-07
29000.000000000095 1.1255373336147708e-07
29050.000000000095 1.2847317858101124e-07
29100.000000000095 8.796871926089616e-08
29150.000000000095 1.772625466436497e-07
29200.000000000095 1.105749502333735e-07
29250.000000000095 1.478327881714631e-07
29300.000000000095 9.6041109483834e-08
29350.000000000095 2.5836676926883183e-07
