galfind/configs/Brown_Dwarf_templates/sonora_cholla/logkzz4/3162g/1200K_3162g_logkzz4_resample.dat
# %ECSV 1.0
# ---
# datatype:
# - {name: wav, unit: Angstrom, datatype: float64}
# - {name: flux_nu, unit: erg / (cm2 Hz s), datatype: float64}
# schema: astropy-2.0
wav flux_nu
[from data line 776]
48800.000000000095 4.181249825997168e-07
48850.000000000095 2.800007841743666e-07
48900.000000000095 4.171839970998693e-07
48950.000000000095 3.5341888273457595e-07
49000.000000000095 3.1748933138270497e-07
49050.000000000095 3.942758972654521e-07
49100.000000000095 3.0513877877373337e-07
49150.000000000095 4.206121227898066e-07
49200.000000000095 3.1931771893558676e-07
49250.000000000095 4.102827802725753e-07
49300.000000000095 3.306616587615979e-07
49350.000000000095 3.4250863803792584e-07
49400.000000000095 3.919574127082137e-07
49450.000000000095 3.710787995751097e-07
49500.000000000095 3.466194859014033e-07
49550.000000000095 2.2888131459762775e-07
49600.000000000095 3.509825038859531e-07
49650.000000000095 3.41220430465823e-07
49700.000000000095 3.1890626990135524e-07
49750.000000000095 4.659518139977221e-07
49800.000000000095 3.1866870614310627e-07
49850.000000000095 4.861121382001126e-07
49900.000000000095 4.037026342126065e-07
49950.000000000095 3.989979279886129e-07
50000.000000000095 4.520203113467339e-07
50050.000000000095 4.1614867400468074e-07
50100.000000000095 4.944949456131532e-07
50150.000000000095 3.138932016655315e-07
50200.000000000095 2.3728032979799434e-07
50250.000000000095 4.4236405027591905e-07
50300.000000000095 3.389070393113792e-07
50350.000000000095 4.794247528726824e-07
50400.000000000095 3.855779803866605e-07
50450.000000000095 3.751790147562481e-07
50500.000000000095 4.969332199757317e-07
50550.000000000095 4.0913902740057886e-07
50600.000000000095 4.086745917977683e-07
50650.000000000095 4.040252090480363e-07
50700.000000000095 5.71735766226614e-07
50750.000000000095 5.009601663360498e-07
50800.000000000095 3.074687995054653e-07
50850.000000000095 3.2794369316645506e-07
50900.000000000095 5.082806911460505e-07
50950.000000000095 4.973070086096563e-07
51000.000000000095 5.111964560646461e-07
51050.000000000095 4.420557794692977e-07
51100.000000000095 3.1261638341907337e-07
51150.000000000095 3.8249599961516576e-07
51200.000000000095 5.263050096405404e-07
51250.000000000095 4.558158276565909e-07
51300.000000000095 3.433164723356349e-07
51350.000000000095 4.186862413274306e-07
51400.000000000095 3.1971971055211197e-07
51450.000000000095 2.875642021563551e-07
51500.000000000095 2.715233729358075e-07
51550.000000000095 4.5875436229274263e-07
51600.000000000095 3.303382203963214e-07
51650.000000000095 4.018346817032456e-07
51700.000000000095 4.3343854433437357e-07
51750.000000000095 3.1474928101510807e-07
51800.000000000095 5.178219899052322e-07
51850.000000000095 4.3656281530002154e-07
51900.000000000095 5.555169066795192e-07
51950.000000000095 4.557769079068901e-07
52000.000000000095 2.1720134523579022e-07
52050.000000000095 3.467319196361938e-07
52100.000000000095 3.1515900195889e-07
52150.000000000095 2.700710009723479e-07
52200.000000000095 2.836512080911044e-07
52250.000000000095 3.439201986490365e-07
52300.000000000095 5.422470054596899e-07
52350.000000000095 3.789274038354852e-07
52400.000000000095 3.057637648597579e-07
52450.000000000095 4.416682947695378e-07
52500.000000000095 4.1362806158936747e-07
52550.000000000095 4.319170001295844e-07
52600.000000000095 3.7866454914171614e-07
52650.000000000095 3.984809372593677e-07
52700.000000000095 3.2987982107088954e-07
52750.000000000095 2.835759847398827e-07
52800.000000000095 3.03059848279821e-07
52850.000000000095 3.408569304956514e-07
52900.000000000095 2.999640950645687e-07
52950.000000000095 3.116254548567613e-07
53000.000000000095 4.7048932773443995e-07
53050.000000000095 2.4632448945324604e-07
53100.000000000095 4.3260014583843556e-07
53150.000000000095 5.182723379405641e-07
53200.000000000095 2.683953668478067e-07
53250.000000000095 4.5596656435185955e-07
53300.000000000095 4.906647639165213e-07
53350.000000000095 4.692085375143903e-07
53400.000000000095 4.772916773829702e-07
53450.000000000095 2.669576406622008e-07
53500.000000000095 1.8943114585028777e-07
53550.000000000095 2.714056598361169e-07
53600.000000000095 3.6451006276866995e-07
53650.000000000095 2.9536064345175573e-07
53700.000000000095 2.8537437550564146e-07
53750.000000000095 2.857540525072916e-07
53800.000000000095 2.919790022661414e-07
53850.000000000095 3.748626799215204e-07
53900.000000000095 3.501701990503472e-07
53950.000000000095 4.607361535692973e-07
54000.000000000095 3.329482629623281e-07
54050.000000000095 3.270766589712188e-07
54100.000000000095 1.9442255761512414e-07
54150.000000000095 2.679889830524071e-07
54200.000000000095 1.6097673286041205e-07
54250.000000000095 1.90921859621355e-07
54300.000000000095 2.6422560310611186e-07
54350.000000000095 3.4301409872655446e-07
54400.000000000095 3.5036720393809185e-07
54450.000000000095 3.1884431110302015e-07
54500.000000000095 2.768078033464664e-07
54550.000000000095 2.3624236960398946e-07
54600.000000000095 2.9452080135307024e-07
54650.000000000095 1.9950312218285737e-07
54700.000000000095 3.4785530920748863e-07
54750.000000000095 3.2710035914010204e-07
54800.000000000095 2.4678818676959067e-07
54850.000000000095 2.7841473959678516e-07
54900.000000000095 3.637649755344006e-07
54950.000000000095 4.437300117714039e-07
55000.000000000095 2.423615654571316e-07
55050.000000000095 3.120532127674618e-07
55100.000000000095 2.956982687323358e-07
55150.000000000095 2.597664800118687e-07
55200.000000000095 2.5846834289363117e-07
55250.000000000095 2.6982285962354136e-07
55300.000000000095 2.123937790697758e-07
55350.000000000095 3.0836508591310836e-07
55400.000000000095 3.7399588825716095e-07
55450.000000000095 2.8614362583337455e-07
55500.000000000095 1.748249348336618e-07
55550.000000000095 2.3484846576666747e-07
55600.000000000095 2.2913848184218222e-07
55650.000000000095 1.8699248490521487e-07
55700.000000000095 2.3786333607580044e-07
55750.000000000095 2.705248351727359e-07
55800.000000000095 2.1552483219298046e-07
55850.000000000095 1.8703255199424372e-07
55900.000000000095 3.0495343630552315e-07
55950.000000000095 3.868561491569475e-07
56000.000000000095 2.0525485051851064e-07
56050.000000000095 2.732623796757158e-07
56100.000000000095 3.0137537032625e-07
56150.000000000095 2.3135184719329085e-07
56200.000000000095 2.565951902109419e-07
56250.000000000095 2.6886397171594204e-07
56300.000000000095 2.8387847907205906e-07
56350.000000000095 3.019401976719717e-07
56400.000000000095 2.115106328122997e-07
56450.000000000095 1.942270901893878e-07
56500.000000000095 2.4283210181031233e-07
56550.000000000095 1.6670438322135466e-07
56600.000000000095 2.9369299297615013e-07
56650.000000000095 2.6925560987173277e-07
56700.000000000095 3.1802321842555593e-07
56750.000000000095 1.8981083568489513e-07
56800.000000000095 2.971150830789628e-07
56850.000000000095 2.400255561877786e-07
56900.000000000095 2.1280116911475492e-07
56950.000000000095 3.100635539822587e-07
57000.000000000095 3.398456488192152e-07
57050.000000000095 2.3837920072188608e-07
57100.000000000095 1.4203964491267935e-07
57150.000000000095 2.0564039564040973e-07
57200.000000000095 1.6225358687593795e-07
57250.000000000095 2.2386072469585488e-07
57300.000000000095 2.6951684793419406e-07
57350.000000000095 1.7847781344447104e-07
57400.000000000095 2.776595525234353e-07
57450.000000000095 2.5601139186808277e-07
57500.000000000095 2.3869239042415716e-07
57550.000000000095 2.8795285824011973e-07
57600.000000000095 3.0564423472568053e-07
57650.000000000095 1.4830634843246238e-07
57700.000000000095 1.781299043887311e-07
57750.000000000095 2.1703103268281096e-07
57800.000000000095 1.0626681123717837e-07
57850.000000000095 3.3473214164397434e-07
57900.000000000095 3.875735778744816e-07
57950.000000000095 3.4465311788138573e-07
58000.000000000095 2.1938263087052597e-07
58050.000000000095 2.632892904064996e-07
58100.000000000095 3.2280403603269995e-07
58150.000000000095 2.633341277686216e-07
58200.000000000095 1.559595801947109e-07
58250.000000000095 2.0128197742597643e-07
58300.000000000095 1.6391143146394122e-07
58350.000000000095 1.9301395998865126e-07
58400.000000000095 2.436402787044937e-07
58450.000000000095 2.6356419646936053e-07
58500.000000000095 2.410739659875189e-07
58550.000000000095 2.8150161209917294e-07
58600.000000000095 1.8280861035109722e-07
58650.000000000095 2.1936914709472096e-07
58700.000000000095 2.1655411318752752e-07
58750.000000000095 2.498071036236732e-07
58800.000000000095 1.4065304368723863e-07
58850.000000000095 2.1188416160462982e-07
58900.000000000095 2.6015485223523845e-07
58950.000000000095 1.7488483439250747e-07
59000.000000000095 2.573500646154096e-07
59050.000000000095 2.7548552835191817e-07
59100.000000000095 3.2265095435127305e-07
59150.000000000095 2.491907754041031e-07
59200.000000000095 2.504271256122886e-07
59250.000000000095 2.67914855496194e-07
59300.000000000095 2.6276369995352566e-07
59350.000000000095 1.5508212311212036e-07
59400.000000000095 1.2704734608870364e-07
59450.000000000095 2.3172326548012217e-07
59500.000000000095 1.5642148536879318e-07
59550.000000000095 2.81803908876555e-07
59600.000000000095 2.9781050935113575e-07
59650.000000000095 2.5275910027057415e-07
59700.000000000095 1.7787758170870496e-07
59750.000000000095 3.465595625702103e-07
59800.000000000095 2.3296347640480504e-07
59850.000000000095 2.938202309085118e-07
59900.000000000095 1.661309357955195e-07
59950.000000000095 2.5138319729079993e-07
60000.000000000095 3.93178349128136e-07
60050.000000000095 3.296569741421971e-07
60100.000000000095 3.3313120648169424e-07
60150.000000000095 2.4622342972721896e-07
60200.000000000095 2.772485562672501e-07
60250.000000000095 3.215487861773571e-07
60300.000000000095 2.9962603038207463e-07
60350.000000000095 2.25794927321665e-07
60400.000000000095 2.8817026994501257e-07
60450.000000000095 1.6950819762314007e-07
60500.000000000095 1.2023217674622204e-07
60550.000000000095 2.8770534029502894e-07
60600.000000000095 2.7483034329235253e-07
60650.000000000095 2.464227669344055e-07
60700.000000000095 2.2117293080751479e-07
60750.000000000095 1.856632830852125e-07
60800.000000000095 2.8384499545756116e-07
60850.000000000095 3.969445231469558e-07
60900.000000000095 3.478098189193301e-07
60950.000000000095 3.2622004987864833e-07
61000.000000000095 2.7355289019151273e-07
61050.000000000095 2.077679703295131e-07
61100.000000000095 2.7286106058800853e-07
61150.000000000095 1.291663425633803e-07
61200.000000000095 3.413191266672528e-07
61250.000000000095 3.8512720387039377e-07
61300.000000000095 3.3497518115401774e-07
61350.000000000095 4.070056655144052e-07
61400.000000000095 2.940106130820759e-07
61450.000000000095 2.1290808363550238e-07
61500.000000000095 2.2145011960123918e-07
61550.000000000095 2.315231091306445e-07
61600.000000000095 1.7350678633513712e-07
61650.000000000095 2.4750587803228805e-07
61700.000000000095 2.1534689715585298e-07
61750.000000000095 2.5588547287139233e-07
61800.000000000095 2.931869258638622e-07
61850.000000000095 2.0099340458791725e-07
61900.000000000095 3.5644347637487523e-07
61950.000000000095 3.4119066188464064e-07
62000.000000000095 3.2432247293860277e-07
62050.000000000095 3.1318567760714215e-07
62100.000000000095 3.367590083324646e-07
62150.000000000095 3.2332047242390365e-07
62200.000000000095 2.932349289264912e-07
62250.000000000095 3.1163002470074885e-07
62300.000000000095 3.922534753160372e-07
62350.000000000095 3.425821020025192e-07
62400.000000000095 2.2134870235739916e-07
62450.000000000095 2.907726733165619e-07
62500.000000000095 3.737708869847408e-07
62550.000000000095 3.5203919464472935e-07
62600.000000000095 3.8161118938467155e-07
62650.000000000095 3.1691695731726364e-07
62700.000000000095 3.3051188639914307e-07
62750.000000000095 4.023819983152691e-07
62800.000000000095 2.8319585688641685e-07
62850.000000000095 3.613297815471225e-07
62900.000000000095 3.029232607586948e-07
62950.000000000095 3.8427500310014145e-07
63000.000000000095 3.424699379765994e-07
63050.000000000095 4.2681125479890146e-07
63100.000000000095 4.0286008200565233e-07
63150.000000000095 2.9115418276656936e-07
63200.000000000095 3.652402413936023e-07
63250.000000000095 3.5323805921571023e-07
63300.000000000095 3.8860674831841196e-07
63350.000000000095 3.505927816036164e-07
63400.000000000095 2.3768051111449693e-07
63450.000000000095 1.994267850345689e-07
63500.000000000095 3.3439089358497565e-07
63550.000000000095 3.226164563070822e-07
63600.000000000095 3.745529833707539e-07
63650.000000000095 2.916104785550294e-07
63700.000000000095 2.1521953650982866e-07
63750.000000000095 2.7658373755175706e-07
63800.000000000095 3.0033070330750176e-07
63850.000000000095 2.9440276890855853e-07
63900.000000000095 2.284756691926578e-07
63950.000000000095 3.118770032717401e-07
64000.000000000095 3.3956469888208285e-07
64050.000000000095 2.625963984928121e-07
64100.000000000095 1.2045903311532504e-07
64150.000000000095 1.604011204612484e-07
64200.000000000095 1.8142559018821487e-07
64250.000000000095 2.5827073630543295e-07
64300.000000000095 2.13680848363844e-07
64350.000000000095 1.869060551811798e-07
64400.000000000095 2.7443886852669317e-07
64450.000000000095 2.809908209293177e-07
64500.000000000095 1.7878515697658513e-07
64550.000000000095 2.546026383844981e-07
64600.000000000095 1.7952229957917e-07
64650.000000000095 2.582209560626458e-07
64700.000000000095 1.4969765113444893e-07
64750.000000000095 1.7365562804794435e-07
64800.000000000095 1.7359031655339896e-07
64850.000000000095 1.6277030513933537e-07
64900.000000000095 1.8617551579261455e-07
64950.000000000095 1.714482180790866e-07
65000.000000000095 2.0045164061889843e-07
65050.000000000095 1.9921951261524665e-07
65100.000000000095 2.3847838763622463e-07
65150.000000000095 1.885184738026677e-07
65200.000000000095 1.6361453562925035e-07
65250.000000000095 2.27511389955503e-07
65300.000000000095 2.0545507937339854e-07
65350.000000000095 3.243507724867897e-07
65400.000000000095 1.919517868621888e-07
65450.000000000095 1.9616740413772284e-07
65500.000000000095 2.2017049611957082e-07
65550.00000000009 1.6498810597531937e-07
65600.00000000009 1.917661596222187e-07
65650.00000000009 2.0335618153326302e-07
65700.00000000009 1.8413043219605454e-07
65750.00000000009 1.6117934055887113e-07
65800.00000000009 2.1323668388642798e-07
65850.00000000009 2.4341412167109314e-07
65900.00000000009 1.5997652993262413e-07
65950.00000000009 1.2929810512525908e-07
66000.00000000009 1.8261235455573285e-07
66050.00000000009 2.9113980899306867e-07
66100.00000000009 1.9807676036944569e-07
66150.00000000009 1.5524064821406603e-07
66200.00000000009 1.566924272456147e-07
66250.00000000009 1.5096177200334045e-07
66300.00000000009 9.050909538181246e-08
66350.00000000009 1.2531684952337344e-07
66400.00000000009 1.5406931529370172e-07
66450.00000000009 2.2883254177262716e-07
66500.00000000009 2.981842799860432e-07
66550.00000000009 2.710074038697466e-07
66600.00000000009 2.1738512806829806e-07
66650.00000000009 2.1642325024089057e-07
66700.00000000009 1.9437274417877217e-07
66750.00000000009 1.8404364407526312e-07
66800.00000000009 2.2416986699268743e-07
66850.00000000009 1.6603346310019174e-07
66900.00000000009 2.3233792298044946e-07
66950.00000000009 2.9843148725026944e-07
67000.00000000009 3.0002023564939524e-07
67050.00000000009 2.061020878190971e-07
67100.00000000009 1.857036676436828e-07
67150.00000000009 1.8730537086489167e-07
67200.00000000009 2.0513878061598998e-07
67250.00000000009 2.0583045286173411e-07
67300.00000000009 2.234242420670585e-07
67350.00000000009 1.705213888296299e-07
67400.00000000009 2.790376018106616e-07
67450.00000000009 2.2269855620409437e-07
67500.00000000009 2.0500268192046285e-07
67550.00000000009 2.3296322750323005e-07
67600.00000000009 3.5304481776441584e-07
67650.00000000009 2.6699849391495804e-07
67700.00000000009 2.2435452492411e-07
67750.00000000009 2.0432854407736372e-07
67800.00000000009 2.487229875359608e-07
67850.00000000009 1.7476218704125482e-07
67900.00000000009 2.0994951479779435e-07
67950.00000000009 1.5703903448336253e-07
68000.00000000009 2.0345483839452837e-07
68050.00000000009 2.6227264270432905e-07
