galfind/configs/Brown_Dwarf_templates/sonora_cholla/logkzz4/3162g/1200K_3162g_logkzz4_resample.dat
# %ECSV 1.0
# ---
# datatype:
# - {name: wav, unit: Angstrom, datatype: float64}
# - {name: flux_nu, unit: erg / (cm2 Hz s), datatype: float64}
# schema: astropy-2.0
wav flux_nu
[from data line 388]
29400.000000000095 1.783522801129025e-07
29450.000000000095 1.8055016965396427e-07
29500.000000000095 2.0193376059091672e-07
29550.000000000095 1.8330850299042137e-07
29600.000000000095 2.3244917955017e-07
29650.000000000095 1.929923270048962e-07
29700.000000000095 1.8378563154795336e-07
29750.000000000095 2.3011419353958392e-07
29800.000000000095 2.4025521166066177e-07
29850.000000000095 2.451274570271455e-07
29900.000000000095 2.520711822203869e-07
29950.000000000095 2.4672384141599084e-07
30000.000000000095 2.1291513464409458e-07
30050.000000000095 1.8098156203529994e-07
30100.000000000095 2.1301878896070782e-07
30150.000000000095 2.9033256282871905e-07
30200.000000000095 2.1974446501295942e-07
30250.000000000095 2.951466976569389e-07
30300.000000000095 2.571930415129961e-07
30350.000000000095 2.521221102603218e-07
30400.000000000095 2.7533222294046304e-07
30450.000000000095 2.1547691658522007e-07
30500.000000000095 2.1848247898064837e-07
30550.000000000095 2.2572728675115297e-07
30600.000000000095 2.554232990524987e-07
30650.000000000095 2.2663351364345747e-07
30700.000000000095 2.0369484356209205e-07
30750.000000000095 1.926031487850214e-07
30800.000000000095 1.906486550592365e-07
30850.000000000095 1.742154741686275e-07
30900.000000000095 1.79994650056581e-07
30950.000000000095 1.2802659660538446e-07
31000.000000000095 1.468738977715023e-07
31050.000000000095 1.676589625617185e-07
31100.000000000095 1.2053865927929238e-07
31150.000000000095 1.3424504936945527e-07
31200.000000000095 1.495678173993351e-07
31250.000000000095 1.1914396674464396e-07
31300.000000000095 1.1653660123656034e-07
31350.000000000095 1.1364013940891184e-07
31400.000000000095 8.796324457798497e-08
31450.000000000095 1.1055875542376894e-07
31500.000000000095 8.86936361098425e-08
31550.000000000095 9.956766084929608e-08
31600.000000000095 7.974635460139063e-08
31650.000000000095 7.71176950605416e-08
31700.000000000095 8.968415925099318e-08
31750.000000000095 6.671051820154178e-08
31800.000000000095 8.132498390572598e-08
31850.000000000095 6.830579549397086e-08
31900.000000000095 7.507373453413282e-08
31950.000000000095 6.917621901802364e-08
32000.000000000095 7.209305154231232e-08
32050.000000000095 6.383310521307541e-08
32100.000000000095 5.928741608421808e-08
32150.000000000095 7.663972144458477e-08
32200.000000000095 5.683605443541521e-08
32250.000000000095 8.124792640260042e-08
32300.000000000095 5.3652379463427926e-08
32350.000000000095 9.641566769411547e-08
32400.000000000095 6.671377002804421e-08
32450.000000000095 9.312981753578832e-08
32500.000000000095 7.397765543178381e-08
32550.000000000095 8.6578092019862e-08
32600.000000000095 9.767453699435625e-08
32650.000000000095 1.0971898388389113e-07
32700.000000000095 1.0117935761836157e-07
32750.000000000095 1.2511588888815694e-07
32800.000000000095 1.1399236616208796e-07
32850.000000000095 1.3661570547145274e-07
32900.000000000095 1.461909284609682e-07
32950.000000000095 1.5136809368822526e-07
33000.000000000095 1.3415965550432971e-07
33050.000000000095 1.293448468430039e-07
33100.000000000095 8.248761422953001e-08
33150.000000000095 2.3070631195291503e-08
33200.000000000095 2.5751152148976508e-08
33250.000000000095 1.846355892931616e-08
33300.000000000095 2.032697425790979e-08
33350.000000000095 3.2875138359721584e-08
33400.000000000095 4.4597583556547825e-08
33450.000000000095 5.4385428218947824e-08
33500.000000000095 7.458868596446374e-08
33550.000000000095 7.110465444448983e-08
33600.000000000095 1.0122083013305265e-07
33650.000000000095 1.0862074325256042e-07
33700.000000000095 9.346703862858167e-08
33750.000000000095 1.287212785702259e-07
33800.000000000095 8.49753418888223e-08
33850.000000000095 1.1583929165144978e-07
33900.000000000095 1.0233519490793522e-07
33950.000000000095 1.1460701488632429e-07
34000.000000000095 1.2092016224136448e-07
34050.000000000095 6.533877563520523e-08
34100.000000000095 1.1603771686272068e-07
34150.000000000095 8.166215534858615e-08
34200.000000000095 1.0210002045824003e-07
34250.000000000095 9.663811110541944e-08
34300.000000000095 7.665322246919949e-08
34350.000000000095 1.0827705533664944e-07
34400.000000000095 8.200342544095626e-08
34450.000000000095 1.1316185554635598e-07
34500.000000000095 1.0297353566164927e-07
34550.000000000095 7.507896142368179e-08
34600.000000000095 1.2310847251440087e-07
34650.000000000095 7.821910918340008e-08
34700.000000000095 9.240890122339764e-08
34750.000000000095 1.004875889459552e-07
34800.000000000095 6.492722578610546e-08
34850.000000000095 1.074959497499746e-07
34900.000000000095 1.0833942336468082e-07
34950.000000000095 9.989006454465012e-08
35000.000000000095 1.33915748560531e-07
35050.000000000095 9.713735626289904e-08
35100.000000000095 1.3151510394995955e-07
35150.000000000095 1.1813644391497364e-07
35200.000000000095 1.393087536736267e-07
35250.000000000095 1.715275137501418e-07
35300.000000000095 1.0281766696541225e-07
35350.000000000095 1.4651212814425392e-07
35400.000000000095 1.4834441852682803e-07
35450.000000000095 1.2703178419214625e-07
35500.000000000095 1.822965629940291e-07
35550.000000000095 1.609317791994259e-07
35600.000000000095 1.7371957371783836e-07
35650.000000000095 1.894214080264678e-07
35700.000000000095 1.3219687580627023e-07
35750.000000000095 1.946454245569088e-07
35800.000000000095 1.9851532529385986e-07
35850.000000000095 1.54800367868518e-07
35900.000000000095 2.1721360668548455e-07
35950.000000000095 2.0611982745733556e-07
36000.000000000095 1.9048223141984092e-07
36050.000000000095 2.2919777096102778e-07
36100.000000000095 2.0220766885137417e-07
36150.000000000095 2.390504234995543e-07
36200.000000000095 2.5161700243920374e-07
36250.000000000095 2.408705163054935e-07
36300.000000000095 2.732332260318834e-07
36350.000000000095 2.692566083008426e-07
36400.000000000095 3.050089745797216e-07
36450.000000000095 2.9860609351764144e-07
36500.000000000095 2.976402886002775e-07
36550.000000000095 3.3463235076936175e-07
36600.000000000095 3.6557614087892776e-07
36650.000000000095 3.457031861865618e-07
36700.000000000095 3.6463228024417775e-07
36750.000000000095 3.9478543710098467e-07
36800.000000000095 3.921025050999017e-07
36850.000000000095 3.783647915628617e-07
36900.000000000095 3.762741366038535e-07
36950.000000000095 4.3054245067481557e-07
37000.000000000095 4.0689501731386515e-07
37050.000000000095 4.3738371569805514e-07
37100.000000000095 4.264522913789336e-07
37150.000000000095 4.6022034040540436e-07
37200.000000000095 4.8309602308428e-07
37250.000000000095 4.3760594343795014e-07
37300.000000000095 4.3583230451074525e-07
37350.000000000095 4.910604056202266e-07
37400.000000000095 5.443525418065079e-07
37450.000000000095 4.997288617140998e-07
37500.000000000095 4.764084977136043e-07
37550.000000000095 5.755279994353843e-07
37600.000000000095 6.048401764247325e-07
37650.000000000095 5.071854033726173e-07
37700.000000000095 5.817488110956372e-07
37750.000000000095 4.89832740288581e-07
37800.000000000095 5.685506240947126e-07
37850.000000000095 4.7750078208512e-07
37900.000000000095 5.54433994246061e-07
37950.000000000095 5.898246491515153e-07
38000.000000000095 6.364957507401595e-07
38050.000000000095 5.875811506614047e-07
38100.000000000095 6.360531594083803e-07
38150.000000000095 6.348222011688793e-07
38200.000000000095 6.589443609893073e-07
38250.000000000095 6.455675102792016e-07
38300.000000000095 7.24821233773865e-07
38350.000000000095 7.311980914701389e-07
38400.000000000095 6.046481627623989e-07
38450.000000000095 6.801721750365516e-07
38500.000000000095 6.312928610298602e-07
38550.000000000095 6.950442533505203e-07
38600.000000000095 6.98833255531237e-07
38650.000000000095 7.52766530138323e-07
38700.000000000095 7.70530137900269e-07
38750.000000000095 7.537020166439332e-07
38800.000000000095 7.115283688018581e-07
38850.000000000095 7.873930667880023e-07
38900.000000000095 7.970188874078399e-07
38950.000000000095 7.665700742375138e-07
39000.000000000095 8.213368187007089e-07
39050.000000000095 7.909377958988636e-07
39100.000000000095 7.685357732896956e-07
39150.000000000095 8.188206708038114e-07
39200.000000000095 7.8910391436809e-07
39250.000000000095 8.483164645098725e-07
39300.000000000095 8.382892189282363e-07
39350.000000000095 8.926293864623918e-07
39400.000000000095 8.758249879210749e-07
39450.000000000095 8.873268321456529e-07
39500.000000000095 8.565135861338317e-07
39550.000000000095 8.623094934901845e-07
39600.000000000095 8.763416982393707e-07
39650.000000000095 9.388035263606053e-07
39700.000000000095 8.939987631924112e-07
39750.000000000095 8.304840764426259e-07
39800.000000000095 8.781552540135067e-07
39850.000000000095 9.460545579256997e-07
39900.000000000095 9.420219513660845e-07
39950.000000000095 9.292812210383942e-07
40000.000000000095 9.44325484526725e-07
40050.000000000095 9.484664430948516e-07
40100.000000000095 8.868725995791491e-07
40150.000000000095 9.843870485798566e-07
40200.000000000095 9.874848847538365e-07
40250.000000000095 9.314378609325064e-07
40300.000000000095 9.692399201509116e-07
40350.000000000095 9.157468991065713e-07
40400.000000000095 9.82101804650998e-07
40450.000000000095 9.501100119593843e-07
40500.000000000095 9.236260314708663e-07
40550.000000000095 1.0020478412542053e-06
40600.000000000095 9.300140597447805e-07
40650.000000000095 9.874003048871955e-07
40700.000000000095 1.0803959120524926e-06
40750.000000000095 9.471224262732881e-07
40800.000000000095 8.906158556963507e-07
40850.000000000095 9.927643441593984e-07
40900.000000000095 9.968395469116222e-07
40950.000000000095 9.472886655796323e-07
41000.000000000095 9.60554379432113e-07
41050.000000000095 9.889116693027252e-07
41100.000000000095 9.175624783859019e-07
41150.000000000095 9.003333688243833e-07
41200.000000000095 9.981058018459955e-07
41250.000000000095 9.702429782782311e-07
41300.000000000095 8.363400439107071e-07
41350.000000000095 1.0060146442100946e-06
41400.000000000095 9.387647230953393e-07
41450.000000000095 9.81804516000355e-07
41500.000000000095 9.265717850033244e-07
41550.000000000095 8.661228491571925e-07
41600.000000000095 9.228406325971834e-07
41650.000000000095 9.3901194773902e-07
41700.000000000095 8.630972389615235e-07
41750.000000000095 8.605549374661174e-07
41800.000000000095 1.01041183655696e-06
41850.000000000095 7.032767799960462e-07
41900.000000000095 8.388665635998177e-07
41950.000000000095 9.427374896166322e-07
42000.000000000095 9.393268735176198e-07
42050.000000000095 8.109251462582352e-07
42100.000000000095 9.645510372652227e-07
42150.000000000095 7.271771700846651e-07
42200.000000000095 7.775786791203347e-07
42250.000000000095 8.36046222720692e-07
42300.000000000095 8.086064852587113e-07
42350.000000000095 8.609193307363405e-07
42400.000000000095 8.481456645809162e-07
42450.000000000095 7.391786351117265e-07
42500.000000000095 7.440106140776823e-07
42550.000000000095 7.193793289416476e-07
42600.000000000095 8.266703431017479e-07
42650.000000000095 9.433447866112078e-07
42700.000000000095 7.872414071494251e-07
42750.000000000095 6.956986339660364e-07
42800.000000000095 7.297816246054049e-07
42850.000000000095 8.101575938106699e-07
42900.000000000095 8.405977645417478e-07
42950.000000000095 6.600312618867103e-07
43000.000000000095 8.251037504720891e-07
43050.000000000095 5.439637482651192e-07
43100.000000000095 7.325564122569257e-07
43150.000000000095 7.350590724365489e-07
43200.000000000095 7.326060064533642e-07
43250.000000000095 8.542075511025382e-07
43300.000000000095 8.600123823829645e-07
43350.000000000095 6.136419005359615e-07
43400.000000000095 7.513408237668566e-07
43450.000000000095 6.338719440626085e-07
43500.000000000095 6.721503075243966e-07
43550.000000000095 6.360450472188632e-07
43600.000000000095 7.455977901838162e-07
43650.000000000095 5.15469325359215e-07
43700.000000000095 7.450312057114196e-07
43750.000000000095 7.381290960132228e-07
43800.000000000095 6.159786226610261e-07
43850.000000000095 6.085123287809518e-07
43900.000000000095 5.855465066309564e-07
43950.000000000095 5.312171923177679e-07
44000.000000000095 3.9680305406032534e-07
44050.000000000095 5.303260203000489e-07
44100.000000000095 5.76779785263567e-07
44150.000000000095 5.63118387093623e-07
44200.000000000095 5.02659970011667e-07
44250.000000000095 4.46540062756196e-07
44300.000000000095 4.268623350280782e-07
44350.000000000095 3.8824772573787703e-07
44400.000000000095 4.002813958848522e-07
44450.000000000095 4.207331510921655e-07
44500.000000000095 3.599218009873004e-07
44550.000000000095 3.8978366072159534e-07
44600.000000000095 3.3348019159000196e-07
44650.000000000095 3.7999943379559335e-07
44700.000000000095 3.5317843661929494e-07
44750.000000000095 3.7044145851858086e-07
44800.000000000095 3.4456014322742993e-07
44850.000000000095 3.388441666864928e-07
44900.000000000095 2.8992877071800425e-07
44950.000000000095 2.8844364248578677e-07
45000.000000000095 3.026755741769366e-07
45050.000000000095 3.1164791403717884e-07
45100.000000000095 3.020860110907996e-07
45150.000000000095 2.765010635655694e-07
45200.000000000095 2.257626020351942e-07
45250.000000000095 2.468815903997161e-07
45300.000000000095 2.8231777863321853e-07
45350.000000000095 2.7942871683491896e-07
45400.000000000095 2.4217418468506435e-07
45450.000000000095 2.3602851057804683e-07
45500.000000000095 2.521760561275241e-07
45550.000000000095 2.848734534613971e-07
45600.000000000095 2.3811812020675878e-07
45650.000000000095 2.2692189321345302e-07
45700.000000000095 2.7719781641276867e-07
45750.000000000095 2.415501032635581e-07
45800.000000000095 2.2079177322949636e-07
45850.000000000095 3.103693570213261e-07
45900.000000000095 3.024391684915708e-07
45950.000000000095 2.303213524042085e-07
46000.000000000095 2.9833097115231656e-07
46050.000000000095 3.115351522828488e-07
46100.000000000095 2.3206274626393558e-07
46150.000000000095 2.8822914675375784e-07
46200.000000000095 2.837453850840326e-07
46250.000000000095 1.922100792126812e-07
46300.000000000095 3.3301753647702297e-07
46350.000000000095 2.5265377378198193e-07
46400.000000000095 2.905977826697171e-07
46450.000000000095 3.525331395345104e-07
46500.000000000095 2.8217117673515003e-07
46550.000000000095 3.5156940981302075e-07
46600.000000000095 3.3490353406837686e-07
46650.000000000095 5.038347559221317e-07
46700.000000000095 4.1002080015186396e-07
46750.000000000095 3.1064799211944585e-07
46800.000000000095 2.7549767379116824e-07
46850.000000000095 3.724565895762284e-07
46900.000000000095 3.2784489990073233e-07
46950.000000000095 4.306946680583626e-07
47000.000000000095 2.720668780360766e-07
47050.000000000095 4.262383416220368e-07
47100.000000000095 2.408706516863069e-07
47150.000000000095 3.1691927948488045e-07
47200.000000000095 3.5241472940923737e-07
47250.000000000095 2.7065145752106475e-07
47300.000000000095 2.966103638142797e-07
47350.000000000095 2.4520947756900663e-07
47400.000000000095 3.8449068966536194e-07
47450.000000000095 2.51693436977982e-07
47500.000000000095 3.9757376594606706e-07
47550.000000000095 2.5613047767543555e-07
47600.000000000095 3.7191204640641986e-07
47650.000000000095 2.4879134597452623e-07
47700.000000000095 3.531279795208686e-07
47750.000000000095 2.188713871787288e-07
47800.000000000095 3.31175087414137e-07
47850.000000000095 1.9102159470062482e-07
47900.000000000095 3.0490336777683787e-07
47950.000000000095 2.5707925022511044e-07
48000.000000000095 4.0518058930502413e-07
48050.000000000095 2.827290215297197e-07
48100.000000000095 3.4497637689756285e-07
48150.000000000095 2.647010061131895e-07
48200.000000000095 3.657476193810921e-07
48250.000000000095 2.7918570680704546e-07
48300.000000000095 4.4194975580980836e-07
48350.000000000095 2.6528085597391704e-07
48400.000000000095 3.1203054585473553e-07
48450.000000000095 2.459471410924199e-07
48500.000000000095 4.271676375916607e-07
48550.000000000095 2.4752676702964035e-07
48600.000000000095 3.979010717277881e-07
48650.000000000095 2.4825817638955424e-07
48700.000000000095 4.2834247338397026e-07
