galfind/configs/Brown_Dwarf_templates/sonora_cholla/logkzz4/3162g/1250K_3162g_logkzz4_resample.dat
# %ECSV 1.0
# ---
# datatype:
# - {name: wav, unit: Angstrom, datatype: float64}
# - {name: flux_nu, unit: erg / (cm2 Hz s), datatype: float64}
# schema: astropy-2.0
wav flux_nu
10000.000000000093 nan
10050.000000000093 3.1328362672770367e-07
10100.000000000093 3.6187030822985626e-07
10150.000000000093 3.628856703635826e-07
10200.000000000093 3.959522411814097e-07
10250.000000000093 4.2204198579928045e-07
10300.000000000093 4.3818049283173697e-07
10350.000000000093 4.989409994973704e-07
10400.000000000093 5.42211739119619e-07
10450.000000000093 5.735130479554002e-07
10500.000000000093 5.829038944692118e-07
10550.000000000093 5.979309848436058e-07
10600.000000000093 6.314211056160736e-07
10650.000000000093 6.643498107648471e-07
10700.000000000093 7.037072612930278e-07
10750.000000000093 7.371955562697445e-07
10800.000000000093 7.665975528323344e-07
10850.000000000093 8.057901072082129e-07
10900.000000000093 7.534963158385518e-07
10950.000000000093 6.037030473026405e-07
11000.000000000093 4.991098426447113e-07
11050.000000000093 3.9609057220262876e-07
11100.000000000093 3.1791676107572e-07
11150.000000000093 2.6390150298282585e-07
11200.000000000093 2.8314302082973175e-07
11250.000000000093 3.61307523792016e-07
11300.000000000093 3.565690392169451e-07
11350.000000000093 2.1753279985879086e-07
11400.000000000093 4.0743193673249644e-07
11450.000000000093 3.2385968119427664e-07
11500.000000000093 3.8175611582292066e-07
11550.000000000093 2.933269612578073e-07
11600.000000000093 3.055130097356746e-07
11650.000000000093 3.622133441677924e-07
11700.000000000093 3.691065621600881e-07
11750.000000000093 3.323475792094115e-07
11800.000000000093 4.3151716404823643e-07
11850.000000000093 4.95980141029343e-07
11900.000000000093 5.815114033995503e-07
11950.000000000093 5.959879708869652e-07
12000.000000000093 6.887568577844409e-07
12050.000000000093 7.929096282551167e-07
12100.000000000093 8.513903682245905e-07
12150.000000000093 9.556594286143539e-07
12200.000000000093 1.0158174659236033e-06
12250.000000000093 1.1020669137615717e-06
12300.000000000093 1.1767013775643631e-06
12350.000000000093 1.1891057775760873e-06
12400.000000000093 1.2043880918420593e-06
12450.000000000093 1.288181933841368e-06
12500.000000000093 1.3425676912567313e-06
12550.000000000093 1.4056083854355485e-06
12600.000000000093 1.4195737679870775e-06
12650.000000000093 1.3829148774341459e-06
12700.000000000093 1.4130109196011708e-06
12750.000000000093 1.4187642259258705e-06
12800.000000000093 1.4434169900881446e-06
12850.000000000093 1.3425793614634721e-06
12900.000000000093 1.2770430582559561e-06
12950.000000000093 1.2689411593791397e-06
13000.000000000093 1.2661392765864583e-06
13050.000000000093 1.2307249094397937e-06
13100.000000000093 1.20058555199627e-06
13150.000000000093 1.0804475455225895e-06
13200.000000000093 1.0047898745737973e-06
13250.000000000093 7.640461328765982e-07
13300.000000000093 4.773554156562714e-07
13350.000000000093 1.662400774840478e-07
13400.000000000093 8.01215974753816e-08
13450.000000000093 5.93741264064284e-08
13500.000000000093 3.9315343291362637e-08
13550.000000000093 3.203164019975291e-08
13600.000000000093 2.7720211279800917e-08
13650.000000000093 5.623242891886365e-08
13700.000000000093 4.676723763552017e-08
13750.000000000093 6.103437357067421e-08
13800.000000000093 7.607454820590094e-08
13850.000000000093 5.445675606016923e-08
13900.000000000093 5.280933147217871e-08
13950.000000000093 5.0220078976085736e-08
14000.000000000093 4.980016676285814e-08
14050.000000000093 5.908989037949153e-08
14100.000000000093 4.527760321486283e-08
14150.000000000093 6.01254464899961e-08
14200.000000000093 4.888321514218462e-08
14250.000000000093 5.0978397303236934e-08
14300.000000000093 7.236334726672239e-08
14350.000000000093 7.178020734849139e-08
14400.000000000093 7.365698268113532e-08
14450.000000000093 8.560317985749107e-08
14500.000000000093 1.2588589601452597e-07
14550.000000000093 1.243592115211392e-07
14600.000000000093 1.7277267571480273e-07
14650.000000000093 1.693158029457305e-07
14700.000000000093 1.411393286116909e-07
14750.000000000093 1.7377169503878644e-07
14800.000000000093 2.0112370025503439e-07
14850.000000000093 2.1745939960002287e-07
14900.000000000093 2.1812085287186974e-07
14950.000000000093 2.448625465194505e-07
15000.000000000093 2.7400837345986285e-07
15050.000000000093 3.215635276529694e-07
15100.000000000093 3.4116723155736996e-07
15150.000000000093 3.69327673858931e-07
15200.000000000093 3.8762192635840153e-07
15250.000000000093 4.4643491982354865e-07
15300.000000000093 4.875542394482414e-07
15350.000000000093 5.489190173902474e-07
15400.000000000093 5.89624862400977e-07
15450.000000000093 6.349998467614205e-07
15500.000000000093 6.614389784589341e-07
15550.000000000093 7.230326020221172e-07
15600.000000000093 7.468739174289158e-07
15650.000000000093 7.640195109494841e-07
15700.000000000093 8.242883599685305e-07
15750.000000000093 8.474211192551174e-07
15800.000000000093 8.464485376955434e-07
15850.000000000093 8.697167705752268e-07
15900.000000000093 8.534884527245972e-07
15950.000000000093 8.392731666549559e-07
16000.000000000093 7.930612871795112e-07
16050.000000000093 7.152274472041953e-07
16100.000000000093 6.507860320997365e-07
16150.000000000093 5.62638895578955e-07
16200.000000000093 4.870610323360255e-07
16250.000000000093 4.787115984720394e-07
16300.000000000093 4.4592318518115226e-07
16350.000000000093 4.69138778848984e-07
16400.000000000095 4.973418541628409e-07
16450.000000000095 5.207447112843115e-07
16500.000000000095 5.522507788920975e-07
16550.000000000095 5.442334849561366e-07
16600.000000000095 5.408418949223668e-07
16650.000000000095 4.3978112707784307e-07
16700.000000000095 3.402367860149677e-07
16750.000000000095 3.9046008373691935e-07
16800.000000000095 4.619218969745759e-07
16850.000000000095 4.5514373003635165e-07
16900.000000000095 4.365893541970415e-07
16950.000000000095 4.149962974997517e-07
17000.000000000095 3.888504376961599e-07
17050.000000000095 4.441497588253874e-07
17100.000000000095 4.573752347397707e-07
17150.000000000095 4.1995244764617516e-07
17200.000000000095 4.506357227663035e-07
17250.000000000095 4.089055654777148e-07
17300.000000000095 3.796409128033501e-07
17350.000000000095 3.529171965295035e-07
17400.000000000095 3.3359622440500053e-07
17450.000000000095 3.1803622817142473e-07
17500.000000000095 3.240820764869039e-07
17550.000000000095 2.85842728005624e-07
17600.000000000095 2.6597138700098965e-07
17650.000000000095 2.570461620057459e-07
17700.000000000095 2.0473084498027658e-07
17750.000000000095 1.819576630498987e-07
17800.000000000095 1.9427834559154568e-07
17850.000000000095 1.4301913331877532e-07
17900.000000000095 1.69924868294064e-07
17950.000000000095 1.347228068281351e-07
18000.000000000095 1.3820024515264709e-07
18050.000000000095 1.243419968285242e-07
18100.000000000095 1.234650523290707e-07
18150.000000000095 1.4886635142787775e-07
18200.000000000095 1.0444096555652735e-07
18250.000000000095 1.814975682836223e-07
18300.000000000095 1.238982345381586e-07
18350.000000000095 1.20351599355212e-07
18400.000000000095 1.086931179557029e-07
18450.000000000095 1.209132986853165e-07
18500.000000000095 1.249617633037229e-07
18550.000000000095 1.007396711405033e-07
18600.000000000095 9.062072216855063e-08
18650.000000000095 8.525292789451923e-08
18700.000000000095 8.542016517631065e-08
18750.000000000095 1.0699414473705344e-07
18800.000000000095 1.669350220807285e-07
18850.000000000095 1.8415882273697533e-07
18900.000000000095 1.638354297674764e-07
18950.000000000095 2.4081250359438994e-07
19000.000000000095 1.8133145581108607e-07
19050.000000000095 1.469249205435726e-07
19100.000000000095 2.1703816591149102e-07
19150.000000000095 1.70817423108903e-07
19200.000000000095 1.9684818300895316e-07
19250.000000000095 1.6327478155674982e-07
19300.000000000095 1.581756801859737e-07
19350.000000000095 1.4723530552846804e-07
19400.000000000095 9.84217326637668e-08
19450.000000000095 1.6103530640438932e-07
19500.000000000095 1.587322325090676e-07
19550.000000000095 1.280329813140381e-07
19600.000000000095 1.5327235355181976e-07
19650.000000000095 1.8302671271909198e-07
19700.000000000095 1.7784994794169146e-07
19750.000000000095 1.7241533854740786e-07
19800.000000000095 1.998524906739172e-07
19850.000000000095 2.414081819834416e-07
19900.000000000095 1.8738741982223325e-07
19950.000000000095 2.6198350925227414e-07
20000.000000000095 2.4331355310919356e-07
20050.000000000095 2.7948952656435375e-07
20100.000000000095 2.75832185217349e-07
20150.000000000095 2.974543340121845e-07
20200.000000000095 3.2584167590094903e-07
20250.000000000095 3.524224951953264e-07
20300.000000000095 3.389490579648223e-07
20350.000000000095 3.8257876468927766e-07
20400.000000000095 3.8216348518725253e-07
20450.000000000095 4.1460060409909765e-07
20500.000000000095 4.315340749197583e-07
20550.000000000095 4.2638792038919244e-07
20600.000000000095 4.65077210977876e-07
20650.000000000095 4.54235857762252e-07
20700.000000000095 4.6394432019286814e-07
20750.000000000095 4.7637818930565335e-07
20800.000000000095 4.825937038774935e-07
20850.000000000095 4.821109791142181e-07
20900.000000000095 4.959775649635064e-07
20950.000000000095 4.874964630725373e-07
21000.000000000095 4.913440066004863e-07
21050.000000000095 4.829636119522216e-07
21100.000000000095 4.806075357186222e-07
21150.000000000095 4.844790705262951e-07
21200.000000000095 4.7290123590882785e-07
21250.000000000095 4.733823108295499e-07
21300.000000000095 4.538108654371115e-07
21350.000000000095 4.551282631387411e-07
21400.000000000095 4.39755146699895e-07
21450.000000000095 4.302843904956074e-07
21500.000000000095 4.2480090675319975e-07
21550.000000000095 4.141276511265821e-07
21600.000000000095 4.022110959185864e-07
21650.000000000095 3.856521693082061e-07
21700.000000000095 3.8488082577406563e-07
21750.000000000095 3.627763986780817e-07
21800.000000000095 3.4276239372158597e-07
21850.000000000095 3.1788014395329786e-07
21900.000000000095 2.9963092120624574e-07
21950.000000000095 2.396959943620175e-07
22000.000000000095 1.7865951432384788e-07
22050.000000000095 1.449111542749918e-07
22100.000000000095 1.8545030493203048e-07
22150.000000000095 2.0024356961526155e-07
22200.000000000095 2.0277781792895436e-07
22250.000000000095 1.93451131622106e-07
22300.000000000095 1.8566306446389134e-07
22350.000000000095 1.7530527938117957e-07
22400.000000000095 1.56716815858592e-07
22450.000000000095 1.4376677494592594e-07
22500.000000000095 1.4675116784840918e-07
22550.000000000095 1.243088867862798e-07
22600.000000000095 1.3555481291327866e-07
22650.000000000095 1.369106631425121e-07
22700.000000000095 1.3358088715719176e-07
22750.000000000095 1.3443807965536972e-07
22800.000000000095 1.289530823073009e-07
22850.000000000095 1.152270281666739e-07
22900.000000000095 1.1332250407575549e-07
22950.000000000095 1.1099931897192268e-07
23000.000000000095 1.0326794807606491e-07
23050.000000000095 1.288739621607903e-07
23100.000000000095 1.6235190309804617e-07
23150.000000000095 1.5863277343420877e-07
23200.000000000095 8.85307292386824e-08
23250.000000000095 9.436593081745793e-08
23300.000000000095 8.767966435815845e-08
23350.000000000095 7.876684973602649e-08
23400.000000000095 9.066487580644887e-08
23450.000000000095 8.761000695267483e-08
23500.000000000095 9.08267698522874e-08
23550.000000000095 1.1509750425564693e-07
23600.000000000095 1.251180661862786e-07
23650.000000000095 1.3497372695410827e-07
23700.000000000095 8.895897060993807e-08
23750.000000000095 9.020069045575418e-08
23800.000000000095 9.98175883073049e-08
23850.000000000095 1.0125579575095318e-07
23900.000000000095 1.33329830460057e-07
23950.000000000095 1.3337438302071038e-07
24000.000000000095 1.6127675074981613e-07
24050.000000000095 1.602180693871438e-07
24100.000000000095 1.3963563536241244e-07
24150.000000000095 1.5778447965797776e-07
24200.000000000095 1.6536328307076798e-07
24250.000000000095 1.5528608153502712e-07
24300.000000000095 1.6499692104116e-07
24350.000000000095 1.4594728163713322e-07
24400.000000000095 1.8546937284679353e-07
24450.000000000095 1.5544921530778016e-07
24500.000000000095 1.672937584508235e-07
24550.000000000095 1.6046878696389694e-07
24600.000000000095 1.7137693491051578e-07
24650.000000000095 1.9490016298793286e-07
24700.000000000095 1.4571836656873102e-07
24750.000000000095 1.3568583885898954e-07
24800.000000000095 1.4622417160852005e-07
24850.000000000095 1.9286658852839092e-07
24900.000000000095 1.0233214651366445e-07
24950.000000000095 1.6533110910129568e-07
25000.000000000095 1.5538681944619974e-07
25050.000000000095 1.0811447457469057e-07
25100.000000000095 1.4487921525560492e-07
25150.000000000095 9.519343547883553e-08
25200.000000000095 1.249735512160372e-07
25250.000000000095 8.881863592847356e-08
25300.000000000095 1.1655752256893677e-07
25350.000000000095 7.42646142831207e-08
25400.000000000095 1.2090087849631097e-07
25450.000000000095 8.129895862345558e-08
25500.000000000095 8.048227936248531e-08
25550.000000000095 9.914356911506146e-08
25600.000000000095 9.407137314052951e-08
25650.000000000095 6.345811491892197e-08
25700.000000000095 1.1560371461538776e-07
25750.000000000095 6.362061180693497e-08
25800.000000000095 1.1659354663823173e-07
25850.000000000095 6.692712052539426e-08
25900.000000000095 9.741830056723299e-08
25950.000000000095 6.213438560476858e-08
26000.000000000095 1.1078532248705586e-07
26050.000000000095 8.33553050330982e-08
26100.000000000095 1.3074400432416328e-07
26150.000000000095 1.0969465430405057e-07
26200.000000000095 1.1484294907995113e-07
26250.000000000095 1.5557190324680942e-07
26300.000000000095 1.1718818405894878e-07
26350.000000000095 1.6838248538721255e-07
26400.000000000095 1.7228746390576422e-07
26450.000000000095 1.6879838039767236e-07
26500.000000000095 1.7286678454946317e-07
26550.000000000095 1.25644493802395e-07
26600.000000000095 1.4764133484424707e-07
26650.000000000095 8.391221256909791e-08
26700.000000000095 7.489134784280122e-08
26750.000000000095 6.443826544739299e-08
26800.000000000095 8.449546849522284e-08
26850.000000000095 5.25960422011314e-08
26900.000000000095 9.837241940305688e-08
26950.000000000095 5.602198624310391e-08
27000.000000000095 1.1278335210450888e-07
27050.000000000095 1.0364283293635164e-07
27100.000000000095 8.06329422386509e-08
27150.000000000095 1.273901578583536e-07
27200.000000000095 8.878475163227089e-08
27250.000000000095 9.729270323476236e-08
27300.000000000095 1.840357235644025e-07
27350.000000000095 1.4497488552906402e-07
27400.000000000095 6.006463220095558e-08
27450.000000000095 1.7250787726269925e-07
27500.000000000095 1.778307577552592e-07
27550.000000000095 9.780848269179218e-08
27600.000000000095 1.5653575910485304e-07
27650.000000000095 8.379927297423178e-08
27700.000000000095 7.338539137639097e-08
27750.000000000095 1.5579987789744298e-07
27800.000000000095 8.925906463807771e-08
27850.000000000095 9.594225123462697e-08
27900.000000000095 1.2389273910160683e-07
27950.000000000095 1.60097647339383e-07
28000.000000000095 1.3546460340842178e-07
28050.000000000095 7.109370165403762e-08
28100.000000000095 1.7684959036212865e-07
28150.000000000095 1.2747461192271485e-07
28200.000000000095 7.036112641745285e-08
28250.000000000095 1.7286904310204196e-07
28300.000000000095 2.0541749339146025e-07
28350.000000000095 7.585767034608124e-08
28400.000000000095 1.5553360662803657e-07
28450.000000000095 1.7771826324304645e-07
28500.000000000095 1.4667152059599322e-07
28550.000000000095 7.56749323674526e-08
28600.000000000095 1.9599222289688543e-07
28650.000000000095 1.646833389936028e-07
28700.000000000095 1.418554782490003e-07
28750.000000000095 1.8760104071257057e-07
28800.000000000095 1.794812098915414e-07
28850.000000000095 2.0211121405017898e-07
28900.000000000095 1.1198858169276523e-07
28950.000000000095 2.3047940908063643e-07
29000.000000000095 1.7487362229309012e-07
29050.000000000095 1.997551890436322e-07
29100.000000000095 1.3760925553535343e-07
29150.000000000095 2.609341843719205e-07
29200.000000000095 1.7213814968787285e-07
29250.000000000095 2.2269312975435538e-07
29300.000000000095 1.4818518577270886e-07
