galfind/configs/Brown_Dwarf_templates/sonora_cholla/logkzz4/3162g/1300K_3162g_logkzz4_resample.dat
# %ECSV 1.0
# ---
# datatype:
# - {name: wav, unit: Angstrom, datatype: float64}
# - {name: flux_nu, unit: erg / (cm2 Hz s), datatype: float64}
# schema: astropy-2.0
wav flux_nu
10000.000000000093 nan
10050.000000000093 3.446726634248257e-07
10100.000000000093 3.9771485967857956e-07
10150.000000000093 3.958809414131096e-07
10200.000000000093 4.312349082754469e-07
10250.000000000093 4.5940650558848597e-07
10300.000000000093 4.732143733161815e-07
10350.000000000093 5.406790176127942e-07
10400.000000000093 5.884343958116382e-07
10450.000000000093 6.214671635295394e-07
10500.000000000093 6.292959305778053e-07
10550.000000000093 6.451118472089751e-07
10600.000000000093 6.83525707542429e-07
10650.000000000093 7.20711801958163e-07
10700.000000000093 7.67251246838962e-07
10750.000000000093 8.06955794407557e-07
10800.000000000093 8.439005760912541e-07
10850.000000000093 8.981628214152853e-07
10900.000000000093 8.587297582780073e-07
10950.000000000093 7.184014304420207e-07
11000.000000000093 6.102322754203217e-07
11050.000000000093 5.003516996926778e-07
11100.000000000093 4.189534796909918e-07
11150.000000000093 3.593116671279769e-07
11200.000000000093 3.828781299261252e-07
11250.000000000093 4.831516122874747e-07
11300.000000000093 4.730886642575726e-07
11350.000000000093 3.0436377752406283e-07
11400.000000000093 5.424069438134101e-07
11450.000000000093 4.4005938033768965e-07
11500.000000000093 5.218077220266789e-07
11550.000000000093 4.099580343997601e-07
11600.000000000093 4.314472608259229e-07
11650.000000000093 4.999568569259311e-07
11700.000000000093 5.07143042675167e-07
11750.000000000093 4.64064865675947e-07
11800.000000000093 5.827290978272366e-07
11850.000000000093 6.51664613721316e-07
11900.000000000093 7.577104985163868e-07
11950.000000000093 7.433961435060003e-07
12000.000000000093 8.362337913543584e-07
12050.000000000093 9.638008494183485e-07
12100.000000000093 1.0228506513007814e-06
12150.000000000093 1.1497453607928878e-06
12200.000000000093 1.2069796279614238e-06
12250.000000000093 1.308028435810286e-06
12300.000000000093 1.3887213410521746e-06
12350.000000000093 1.3904371580998618e-06
12400.000000000093 1.3821057987326578e-06
12450.000000000093 1.4734867879266405e-06
12500.000000000093 1.53186586780572e-06
12550.000000000093 1.6071948241981465e-06
12600.000000000093 1.6325150218002837e-06
12650.000000000093 1.5942995362778716e-06
12700.000000000093 1.64665345715966e-06
12750.000000000093 1.6493750537190895e-06
12800.000000000093 1.6856516861674153e-06
12850.000000000093 1.5817244235660802e-06
12900.000000000093 1.5062931577745146e-06
12950.000000000093 1.5083607315011864e-06
13000.000000000093 1.5219472696030979e-06
13050.000000000093 1.5003775045044255e-06
13100.000000000093 1.467407078539429e-06
13150.000000000093 1.3451523567986985e-06
13200.000000000093 1.256135272241683e-06
13250.000000000093 9.787946593149546e-07
13300.000000000093 6.279989307005913e-07
13350.000000000093 2.2000063457815664e-07
13400.000000000093 1.1015936551588159e-07
13450.000000000093 8.334175157527221e-08
13500.000000000093 5.660861841487568e-08
13550.000000000093 4.6928595382616644e-08
13600.000000000093 4.162005152045328e-08
13650.000000000093 8.127037935290966e-08
13700.000000000093 6.815914173971348e-08
13750.000000000093 8.62086919398839e-08
13800.000000000093 1.0763202971977553e-07
13850.000000000093 7.904753237795312e-08
13900.000000000093 7.64124803630785e-08
13950.000000000093 7.217780880034639e-08
14000.000000000093 7.072982706200298e-08
14050.000000000093 8.321832373016119e-08
14100.000000000093 6.378253845825396e-08
14150.000000000093 8.360234057909325e-08
14200.000000000093 6.85776955941336e-08
14250.000000000093 7.098569057054581e-08
14300.000000000093 9.739186803789772e-08
14350.000000000093 9.705934772304289e-08
14400.000000000093 9.966633910956388e-08
14450.000000000093 1.1411528391972712e-07
14500.000000000093 1.6462107351230003e-07
14550.000000000093 1.624249599698833e-07
14600.000000000093 2.2199196267122024e-07
14650.000000000093 2.181499883773518e-07
14700.000000000093 1.8406753546529038e-07
14750.000000000093 2.236618802216531e-07
14800.000000000093 2.576955044209626e-07
14850.000000000093 2.7835680443763684e-07
14900.000000000093 2.783536968431556e-07
14950.000000000093 3.080117017967902e-07
15000.000000000093 3.432665871161679e-07
15050.000000000093 4.03491454140215e-07
15100.000000000093 4.2536022673219213e-07
15150.000000000093 4.6033651835989215e-07
15200.000000000093 4.808964997927161e-07
15250.000000000093 5.482196066894663e-07
15300.000000000093 5.987184076945295e-07
15350.000000000093 6.70348606147827e-07
15400.000000000093 7.180811672387746e-07
15450.000000000093 7.742003805329524e-07
15500.000000000093 8.07499938812061e-07
15550.000000000093 8.826204367768165e-07
15600.000000000093 9.105132794841935e-07
15650.000000000093 9.365064709627052e-07
15700.000000000093 1.0100341850355973e-06
15750.000000000093 1.0397937166911633e-06
15800.000000000093 1.0345533905621685e-06
15850.000000000093 1.0592465882982763e-06
15900.000000000093 1.0515000003650219e-06
15950.000000000093 1.0311913665623966e-06
16000.000000000093 9.853674958324793e-07
16050.000000000093 9.047925166414726e-07
16100.000000000093 8.324113258169415e-07
16150.000000000093 7.312574217501342e-07
16200.000000000093 6.452017882654304e-07
16250.000000000093 6.361747730633294e-07
16300.000000000093 5.97265983045915e-07
16350.000000000093 6.256410476433433e-07
16400.000000000095 6.589610726068291e-07
16450.000000000095 6.86458836671034e-07
16500.000000000095 7.23296833869515e-07
16550.000000000095 7.133044929085472e-07
16600.000000000095 7.035085843774559e-07
16650.000000000095 5.8951202588135e-07
16700.000000000095 4.675055823475173e-07
16750.000000000095 5.221933095392665e-07
16800.000000000095 6.070163598803025e-07
16850.000000000095 5.976735698039074e-07
16900.000000000095 5.755919051621033e-07
16950.000000000095 5.490713421793981e-07
17000.000000000095 5.17502949893902e-07
17050.000000000095 5.826523854380339e-07
17100.000000000095 5.924936780348296e-07
17150.000000000095 5.443167452003496e-07
17200.000000000095 5.736180252085435e-07
17250.000000000095 5.231434705712883e-07
17300.000000000095 4.863254346355762e-07
17350.000000000095 4.5284547189225113e-07
17400.000000000095 4.2607100718942145e-07
17450.000000000095 4.032119243434363e-07
17500.000000000095 4.0903054101181553e-07
17550.000000000095 3.628253883870315e-07
17600.000000000095 3.391035247782461e-07
17650.000000000095 3.2949030418792306e-07
17700.000000000095 2.622016689048654e-07
17750.000000000095 2.357325416197079e-07
17800.000000000095 2.494937514161331e-07
17850.000000000095 1.8599650706303686e-07
17900.000000000095 2.2091233054212125e-07
17950.000000000095 1.7837006276555117e-07
18000.000000000095 1.8012432513500069e-07
18050.000000000095 1.6572156740969366e-07
18100.000000000095 1.6324782442134516e-07
18150.000000000095 1.9576870798540097e-07
18200.000000000095 1.399800522842923e-07
18250.000000000095 2.3500002186864105e-07
18300.000000000095 1.6656010484165078e-07
18350.000000000095 1.621973809657167e-07
18400.000000000095 1.4772115629940718e-07
18450.000000000095 1.576892695816479e-07
18500.000000000095 1.6413042391964583e-07
18550.000000000095 1.3445426309202295e-07
18600.000000000095 1.2032067472833954e-07
18650.000000000095 1.152968207697093e-07
18700.000000000095 1.1808036619316008e-07
18750.000000000095 1.4295406958695528e-07
18800.000000000095 2.141233899528775e-07
18850.000000000095 2.38336515084042e-07
18900.000000000095 2.1370395154747837e-07
18950.000000000095 3.085148486678193e-07
19000.000000000095 2.4028377816398936e-07
19050.000000000095 1.9862376149650287e-07
19100.000000000095 2.8536615891559207e-07
19150.000000000095 2.306127845730818e-07
19200.000000000095 2.593641447020565e-07
19250.000000000095 2.181661049053024e-07
19300.000000000095 2.1338004585201414e-07
19350.000000000095 1.9741336933980125e-07
19400.000000000095 1.3302181329339453e-07
19450.000000000095 2.1318042526820357e-07
19500.000000000095 2.0967454470363108e-07
19550.000000000095 1.6977131057795737e-07
19600.000000000095 2.0107116631904836e-07
19650.000000000095 2.3765526179038144e-07
19700.000000000095 2.3083575889280262e-07
19750.000000000095 2.209729974610556e-07
19800.000000000095 2.555240996120741e-07
19850.000000000095 3.0496779797656113e-07
19900.000000000095 2.3676170354964182e-07
19950.000000000095 3.267101766136819e-07
20000.000000000095 3.0516184130667344e-07
20050.000000000095 3.493117220238879e-07
20100.000000000095 3.4218781465220804e-07
20150.000000000095 3.704676868734778e-07
20200.000000000095 4.0534930698549603e-07
20250.000000000095 4.350931461290665e-07
20300.000000000095 4.1820174273880966e-07
20350.000000000095 4.7078173961838455e-07
20400.000000000095 4.7295485410332006e-07
20450.000000000095 5.100300969279065e-07
20500.000000000095 5.31567683435327e-07
20550.000000000095 5.243254157430812e-07
20600.000000000095 5.731405492290871e-07
20650.000000000095 5.584140103744502e-07
20700.000000000095 5.726358294754171e-07
20750.000000000095 5.879531352973799e-07
20800.000000000095 5.969912420229915e-07
20850.000000000095 5.95017867096045e-07
20900.000000000095 6.141244659876324e-07
20950.000000000095 6.037973130002384e-07
21000.000000000095 6.095883152390015e-07
21050.000000000095 5.994491400515023e-07
21100.000000000095 5.971293773151089e-07
21150.000000000095 6.027680653980147e-07
21200.000000000095 5.888044442762762e-07
21250.000000000095 5.903226370028657e-07
21300.000000000095 5.661027501815887e-07
21350.000000000095 5.695273970325577e-07
21400.000000000095 5.491249362089078e-07
21450.000000000095 5.407737783186518e-07
21500.000000000095 5.330659291850316e-07
21550.000000000095 5.200884550631362e-07
21600.000000000095 5.062070279710031e-07
21650.000000000095 4.861513893921552e-07
21700.000000000095 4.8417004530994e-07
21750.000000000095 4.5716070030220065e-07
21800.000000000095 4.332184055284049e-07
21850.000000000095 4.031394357456604e-07
21900.000000000095 3.818709064097299e-07
21950.000000000095 3.1038638634619765e-07
22000.000000000095 2.406683143049969e-07
22050.000000000095 1.9507583370465848e-07
22100.000000000095 2.409105534493109e-07
22150.000000000095 2.5909746789198393e-07
22200.000000000095 2.6368224721110093e-07
22250.000000000095 2.5231708638810413e-07
22300.000000000095 2.45028799160405e-07
22350.000000000095 2.3076224830877483e-07
22400.000000000095 2.0994902395143087e-07
22450.000000000095 1.9309086629332675e-07
22500.000000000095 1.9590362260224989e-07
22550.000000000095 1.694744399084216e-07
22600.000000000095 1.8325392418517993e-07
22650.000000000095 1.826298131746162e-07
22700.000000000095 1.7926807921996798e-07
22750.000000000095 1.7990485729207933e-07
22800.000000000095 1.7232253361437947e-07
22850.000000000095 1.5525870689420553e-07
22900.000000000095 1.533423303591848e-07
22950.000000000095 1.4961463014164925e-07
23000.000000000095 1.3663093562973702e-07
23050.000000000095 1.6952683110824282e-07
23100.000000000095 2.065230368466894e-07
23150.000000000095 2.0445541926722158e-07
23200.000000000095 1.2296029403426504e-07
23250.000000000095 1.271978055981893e-07
23300.000000000095 1.1756872032673536e-07
23350.000000000095 1.0594442908398671e-07
23400.000000000095 1.214475299897061e-07
23450.000000000095 1.1802252297755586e-07
23500.000000000095 1.2328810006611235e-07
23550.000000000095 1.5389668016084446e-07
23600.000000000095 1.6521536408089846e-07
23650.000000000095 1.7728066695261485e-07
23700.000000000095 1.2182556588023932e-07
23750.000000000095 1.2379593386076425e-07
23800.000000000095 1.3190701978620283e-07
23850.000000000095 1.3439213980200513e-07
23900.000000000095 1.7320034997568567e-07
23950.000000000095 1.7539597534229266e-07
24000.000000000095 2.0827603286612276e-07
24050.000000000095 2.0571309007281428e-07
24100.000000000095 1.8123137469724141e-07
24150.000000000095 2.0330094770358484e-07
24200.000000000095 2.1289464997052199e-07
24250.000000000095 2.0102435869275533e-07
24300.000000000095 2.097564277999524e-07
24350.000000000095 1.886188408932406e-07
24400.000000000095 2.3473711985618093e-07
24450.000000000095 1.9809704368865968e-07
24500.000000000095 2.1235776302218841e-07
24550.000000000095 2.0176700974626296e-07
24600.000000000095 2.145775356825039e-07
24650.000000000095 2.440719751627895e-07
24700.000000000095 1.8425443747039578e-07
24750.000000000095 1.706560562380954e-07
24800.000000000095 1.8540852139190976e-07
24850.000000000095 2.402033376074391e-07
24900.000000000095 1.3083871716183044e-07
24950.000000000095 2.1015235526866708e-07
25000.000000000095 1.9644485181641186e-07
25050.000000000095 1.398484221299269e-07
25100.000000000095 1.848246022526157e-07
25150.000000000095 1.2330700475120683e-07
25200.000000000095 1.6066770906657567e-07
25250.000000000095 1.1857930027736402e-07
25300.000000000095 1.521606731817677e-07
25350.000000000095 9.923118043330816e-08
25400.000000000095 1.5810828921164123e-07
25450.000000000095 1.1022351554694816e-07
25500.000000000095 1.0899508674108334e-07
25550.000000000095 1.3135792423501328e-07
25600.000000000095 1.265715014991476e-07
25650.000000000095 8.698500835839001e-08
25700.000000000095 1.543924587282684e-07
25750.000000000095 8.762633839834614e-08
25800.000000000095 1.5466843443587898e-07
25850.000000000095 9.317255484233892e-08
25900.000000000095 1.3367184017163422e-07
25950.000000000095 8.731685378648245e-08
26000.000000000095 1.4797306133185494e-07
26050.000000000095 1.1806857563412811e-07
26100.000000000095 1.737598515547426e-07
26150.000000000095 1.4911117757680966e-07
26200.000000000095 1.5569733521872055e-07
26250.000000000095 2.0264830316893497e-07
26300.000000000095 1.578781360117074e-07
26350.000000000095 2.1764596958813037e-07
26400.000000000095 2.2506740851037452e-07
26450.000000000095 2.1487683809155552e-07
26500.000000000095 2.19466025895444e-07
26550.000000000095 1.6779510308678374e-07
26600.000000000095 2.0004040235270278e-07
26650.000000000095 1.1612981875572364e-07
26700.000000000095 1.0693661150040388e-07
26750.000000000095 8.935897859580737e-08
26800.000000000095 1.1545982135015113e-07
26850.000000000095 7.308522275904297e-08
26900.000000000095 1.31983036467483e-07
26950.000000000095 7.603363047007839e-08
27000.000000000095 1.5030797041968825e-07
27050.000000000095 1.3719991725459608e-07
27100.000000000095 1.0871656618696433e-07
27150.000000000095 1.655931662174124e-07
27200.000000000095 1.1988516223756733e-07
27250.000000000095 1.2735221767940611e-07
27300.000000000095 2.3033768083462086e-07
27350.000000000095 1.8642913306080152e-07
27400.000000000095 8.245311818415057e-08
27450.000000000095 2.2161655182912694e-07
27500.000000000095 2.2421613434612655e-07
27550.000000000095 1.3041220108326107e-07
27600.000000000095 2.0446460582792745e-07
27650.000000000095 1.1230385002068976e-07
27700.000000000095 9.872318258885199e-08
27750.000000000095 2.015754561084089e-07
27800.000000000095 1.1827637344749816e-07
27850.000000000095 1.270530023745797e-07
27900.000000000095 1.6147768374319375e-07
27950.000000000095 2.0344796782496935e-07
28000.000000000095 1.7457761523785042e-07
28050.000000000095 9.561729503604348e-08
28100.000000000095 2.255265183540768e-07
28150.000000000095 1.6518779239161814e-07
28200.000000000095 9.355007463467123e-08
28250.000000000095 2.1699599712130336e-07
28300.000000000095 2.582232328846866e-07
28350.000000000095 9.93301496031437e-08
28400.000000000095 1.989733414805752e-07
28450.000000000095 2.2037920766463637e-07
28500.000000000095 1.8707562293587305e-07
28550.000000000095 9.94232176567114e-08
28600.000000000095 2.452037300504177e-07
28650.000000000095 2.0630490883236888e-07
28700.000000000095 1.7877901285417932e-07
28750.000000000095 2.3113691026425737e-07
28800.000000000095 2.2181585368895286e-07
28850.000000000095 2.513318429116476e-07
28900.000000000095 1.4148610667929196e-07
28950.000000000095 2.8150308497047915e-07
29000.000000000095 2.1487537093269412e-07
29050.000000000095 2.452281344928788e-07
29100.000000000095 1.6995795240718873e-07
29150.000000000095 3.1272272588058323e-07
29200.000000000095 2.12203226111056e-07
29250.000000000095 2.699489136274538e-07
29300.000000000095 1.8175725613214805e-07
