galfind/configs/Brown_Dwarf_templates/sonora_cholla/logkzz4/3162g/500K_3162g_logkzz4_resample.dat
# %ECSV 1.0
# ---
# datatype:
# - {name: wav, unit: Angstrom, datatype: float64}
# - {name: flux_nu, unit: erg / (cm2 Hz s), datatype: float64}
# schema: astropy-2.0
wav flux_nu
[from data line 814]
43700.04800076804 6.953619939212037e-08
43750.04800076804 8.041339244816868e-08
43800.04800076804 6.748320131603053e-08
43850.04800076804 6.258541561202302e-08
43900.04800076804 5.4339622452293896e-08
43950.04800076804 4.0423593521162344e-08
44000.04800076804 3.8558369979359414e-08
44050.04800076804 7.140632910764345e-08
44100.04800076804 9.310549605252667e-08
44150.04800076804 8.76630775340979e-08
44200.04800076804 8.282227452020907e-08
44250.04800076804 5.4878978353360775e-08
44300.04800076804 3.603204779635011e-08
44350.04800076804 3.780126929912896e-08
44400.04800076804 4.598769065561412e-08
44450.04800076804 6.455645241004495e-08
44500.04800076804 5.86131592483287e-08
44550.04800076804 7.447277689295942e-08
44600.04800076804 6.001307527886771e-08
44650.04800076804 6.633258478506178e-08
44700.04800076804 4.8654708311379894e-08
44750.04800076804 5.823258428416684e-08
44800.04800076804 4.383822375398873e-08
44850.04800076804 6.031490404848058e-08
44900.04800076804 5.8187896741138554e-08
44950.04800076804 6.578552168143548e-08
45000.04800076804 7.193529189094722e-08
45050.04800076804 6.648238813086576e-08
45100.04800076804 6.189675594834529e-08
45150.04800076804 5.7168996554871444e-08
45200.04800076804 3.554411792570165e-08
45250.04800076804 4.248668821195113e-08
45300.04800076804 4.2511801135371816e-08
45350.04800076804 2.9611702953553195e-08
45400.04800076804 6.95807782593063e-08
45450.04800076804 6.380155579764529e-08
45500.04800076804 7.040720107811125e-08
45550.04800076804 7.780777726724855e-08
45600.04800076804 6.87927661061855e-08
45650.04800076804 6.077960845031781e-08
45700.04800076804 3.5756997053488466e-08
45750.04800076804 2.995823848499859e-08
45800.04800076804 6.132069519286815e-08
45850.04800076804 5.884374519966676e-08
45900.04800076804 7.49113148572305e-08
45950.04800076804 6.579581520248551e-08
46000.04800076804 7.150238240089067e-08
46050.04800076804 6.429358052277377e-08
46100.04800076804 6.842934361796654e-08
46150.04800076804 4.994536917220989e-08
46200.04800076804 3.447809114890646e-08
46250.04800076804 1.4036319766968668e-08
46300.04800076804 4.72026849580884e-08
46350.04800076804 5.167459874350917e-08
46400.04800076804 5.7498354971249505e-08
46450.04800076804 4.8486306941355816e-08
46500.04800076804 5.47819191553871e-08
46550.04800076804 3.7003840186341035e-08
46600.04800076804 3.321944542448643e-08
46650.04800076804 5.261076773075518e-08
46700.04800076804 3.9777991337376275e-08
46750.04800076804 1.5774502436448186e-08
46800.04800076804 1.0307532932560944e-08
46850.04800076804 4.1277482274019434e-08
46900.04800076804 5.8416345451131024e-08
46950.04800076804 6.337530067373077e-08
47000.04800076804 5.8097143784673975e-08
47050.04800076804 4.212376763241643e-08
47100.04800076804 3.297442795811902e-08
47150.04800076804 4.6720692861548564e-08
47200.04800076804 4.908193390739694e-08
47250.04800076804 2.0892030921785037e-08
47300.04800076804 1.520708712893134e-08
47350.04800076804 4.565869853929248e-08
47400.04800076804 5.8955925992978294e-08
47450.04800076804 3.780515881256435e-08
47500.04800076804 6.48717695759882e-08
47550.04800076804 5.517484078640428e-08
47600.04800076804 4.721471313150479e-08
47650.04800076804 4.808041931170557e-08
47700.04800076804 4.353022339669789e-08
47750.04800076804 3.1343105030823954e-08
47800.04800076804 2.0694076112823827e-08
47850.04800076804 6.813060649456188e-09
47900.04800076804 1.3113741975080712e-08
47950.04800076804 3.9310600155351155e-08
48000.04800076804 5.193157965591334e-08
48050.04800076804 4.0216453513136037e-08
48100.04800076804 2.077778656833091e-08
48150.04800076804 3.6866335893792466e-08
48200.04800076804 2.649501549129786e-08
48250.04800076804 3.988945634152461e-08
48300.04800076804 4.722392201979408e-08
48350.04800076804 2.682418034361062e-08
48400.04800076804 4.8866161913302235e-09
48450.04800076804 1.0072519704866192e-08
48500.04800076804 2.2831479612507108e-08
48550.04800076804 2.8254032862771335e-08
48600.04800076804 5.1431467121224006e-08
48650.04800076804 5.74928790810661e-08
48700.04800076804 4.740130976927575e-08
48750.04800076804 3.687980774942094e-08
48800.04800076804 4.6474498970966344e-08
48850.04800076804 2.1988662610924648e-08
48900.04800076804 2.150953013049759e-08
48950.04800076804 1.091671839773822e-08
49000.04800076804 7.070284179572583e-09
49050.04800076804 2.3011399686437418e-08
49100.04800076804 3.326353603660698e-08
49150.04800076804 2.9475836335459252e-08
49200.04800076804 4.763333797650231e-08
49250.04800076804 5.139046370155182e-08
49300.04800076804 4.1305620416667925e-08
49350.04800076804 1.7626593119183037e-08
49400.04800076804 2.0307570164143144e-08
49450.04800076804 1.5294622835653216e-08
49500.04800076804 1.2616595627714316e-08
49550.04800076804 1.8419899675870052e-09
49600.04800076804 5.655914068879017e-09
49650.04800076804 2.1720296121832825e-08
49700.04800076804 3.111915259767897e-08
49750.04800076804 2.34699267603051e-08
49800.04800076804 1.2476692529906804e-08
49850.04800076804 3.3361731516148534e-08
49900.04800076804 3.945946761378295e-08
49950.04800076804 3.448465589422252e-08
50000.04800076804 2.071584500903622e-08
50050.04800076804 2.188245369478252e-08
50100.04800076804 1.933407040032136e-08
50150.04800076804 6.531969181012498e-09
50200.04800076804 8.977945072840964e-10
50250.04800076804 5.8002575688485e-09
50300.04800076804 4.4185205467561425e-09
50350.04800076804 2.08039350432178e-08
50400.04800076804 2.9199781913561893e-08
50450.04800076804 2.4084934784545096e-08
50500.04800076804 3.4648162879930674e-08
50550.04800076804 3.933251544511733e-08
50600.04800076804 2.5577764666243525e-08
50650.04800076804 3.45853327071115e-08
50700.04800076804 3.250936655853073e-08
50750.04800076804 1.8195792747048648e-08
50800.04800076804 4.5031629063757614e-09
50850.04800076804 1.8209620858023637e-09
50900.04800076804 1.5577585335693794e-08
50950.04800076804 2.0127317055571354e-08
51000.04800076804 1.3153106035587796e-08
51050.04800076804 2.2518055797876933e-08
51100.04800076804 9.197358011122619e-09
51150.04800076804 6.500259897123748e-09
51200.04800076804 2.6129423332141594e-08
51250.04800076804 2.2231928337397886e-08
51300.04800076804 1.3932852736642535e-08
51350.04800076804 1.0126430385077909e-08
51400.04800076804 2.3535134930494076e-09
51450.04800076804 1.962859081368813e-09
51500.04800076804 1.8424898177442997e-09
51550.04800076804 9.228687721093909e-09
51600.04800076804 1.252876982501447e-08
51650.04800076804 1.841850879940399e-08
51700.04800076804 1.3844633744612052e-08
51750.04800076804 1.10269949535187e-08
51800.04800076804 2.2664032712763565e-08
51850.04800076804 1.7112475928088803e-08
51900.04800076804 1.4796794523203759e-08
51950.04800076804 6.5805493359419925e-09
52000.04800076804 5.770213595827606e-10
52050.04800076804 3.3418033752627395e-09
52100.04800076804 1.6930769980564244e-09
52150.04800076804 8.764531488706524e-10
52200.04800076804 4.3250857795229304e-09
52250.04800076804 8.804192538721553e-09
52300.04800076804 9.509940666088943e-09
52350.04800076804 1.8534558028976034e-09
52400.04800076804 2.270580178552368e-09
52450.04800076804 1.1354647362723787e-08
52500.04800076804 9.092943715823882e-09
52550.04800076804 1.3019965562657862e-08
52600.04800076804 1.1535303540183216e-08
52650.04800076804 1.4890222934226513e-08
52700.04800076804 7.4581985504857e-09
52750.04800076804 2.1316031376443632e-09
52800.04800076804 4.54565769731621e-09
52850.04800076804 5.686132587627783e-09
52900.04800076804 1.4468465114388647e-09
52950.04800076804 2.929224411828604e-09
53000.04800076804 8.39322984145165e-09
53050.04800076804 2.9274361190753383e-09
53100.04800076804 1.3296220148322465e-08
53150.04800076804 1.4976071905088182e-08
53200.04800076804 5.865561918264234e-09
53250.04800076804 1.2191288700197437e-08
53300.04800076804 1.2133436284186924e-08
53350.04800076804 1.058577860498142e-08
53400.04800076804 5.7504659733002376e-09
53450.04800076804 1.29731722095013e-09
53500.04800076804 2.239003883469936e-10
53550.04800076804 5.275029003771384e-10
53600.04800076804 2.964202400733167e-09
53650.04800076804 5.434654997169082e-09
53700.04800076804 4.62064874206498e-09
53750.04800076804 3.786833346194014e-09
53800.04800076804 3.527443469331626e-09
53850.04800076804 8.372724919504298e-09
53900.04800076804 1.148154765054367e-08
53950.04800076804 9.42232395922488e-09
54000.04800076804 6.770592355977181e-09
54050.04800076804 6.092145080905854e-09
54100.04800076804 1.1077835660365563e-09
54150.04800076804 1.3096542907727465e-09
54200.04800076804 2.0019152132168809e-10
54250.04800076804 5.324634628898137e-10
54300.04800076804 1.941356000295655e-09
54350.04800076804 3.840593943283916e-09
54400.04800076804 2.712953252732081e-09
54450.04800076804 2.2540913208237872e-09
54500.04800076804 3.3747645209168068e-09
54550.04800076804 2.383790085531618e-09
54600.04800076804 1.5153434155304849e-09
54650.04800076804 1.1445542871941319e-10
54700.04800076804 1.5883310141685618e-09
54750.04800076804 1.5993205513471689e-09
54800.04800076804 8.066099741439903e-10
54850.04800076804 1.6365359601230675e-09
54900.04800076804 3.101454943160254e-09
54950.04800076804 5.980062273209901e-09
55000.04800076804 2.294903760981383e-09
55050.04800076804 2.5589355043918986e-09
55100.04800076804 4.287373954717465e-09
55150.04800076804 1.8377323275494676e-09
55200.04800076804 9.388007788272588e-10
55250.04800076804 1.5258967604397004e-09
55300.04800076804 1.351046199211946e-09
55350.04800076804 2.341447504781978e-09
55400.04800076804 2.0994830865767567e-09
55450.04800076804 1.7031731461471075e-09
55500.04800076804 6.291959697046787e-10
55550.04800076804 3.7461029252133275e-10
55600.04800076804 1.1077473883659123e-09
55650.04800076804 9.565816486013055e-10
55700.04800076804 8.539061440759566e-10
55750.04800076804 4.856069111530602e-10
55800.04800076804 1.9042604583263863e-10
55850.04800076804 5.016639513760429e-10
55900.04800076804 1.5470374129738718e-09
55950.04800076804 2.550621408322615e-09
56000.04800076804 9.417986343643543e-10
56050.04800076804 9.050603532433166e-10
56100.04800076804 1.3709516756543991e-09
56150.04800076804 4.785051549382169e-10
56200.04800076804 8.3812591140957e-10
56250.04800076804 2.1842593506340255e-09
56300.04800076804 9.871811898563564e-10
56350.04800076804 3.655219447344858e-10
56400.04800076804 8.06570239128108e-11
56450.04800076804 8.509238522304765e-11
56500.04800076804 8.106264475782598e-10
56550.04800076804 3.2814963642454577e-10
56600.04800076804 1.1432067588412966e-09
56650.04800076804 1.1065970553768574e-09
56700.04800076804 7.690768917107807e-10
56750.04800076804 2.7799919075668666e-10
56800.04800076804 4.145653713302367e-10
56850.04800076804 8.625695731808282e-10
56900.04800076804 3.863417278510987e-10
56950.04800076804 1.1607320493347384e-09
57000.04800076804 1.5869348180589773e-09
57050.04800076804 8.778204447282528e-10
57100.04800076804 1.4581155719999604e-10
57150.04800076804 4.0192772707322757e-10
57200.04800076804 1.953049511761964e-10
57250.04800076804 4.0727496350254514e-10
57300.04800076804 5.557394749193251e-10
57350.04800076804 3.058526507919563e-10
57400.04800076804 9.243494666520084e-10
57450.04800076804 2.6187577986120395e-10
57500.04800076804 2.1595642382158746e-10
57550.04800076804 3.5527799210320863e-10
57600.04800076804 2.2503215501762035e-10
57650.04800076804 4.9922144598024794e-11
57700.04800076804 2.013809900171042e-10
57750.04800076804 6.180010997117529e-10
57800.04800076804 2.4517804072953316e-10
57850.04800076804 1.1987382857372502e-09
57900.04800076804 2.2993312069648084e-09
57950.04800076804 2.004849154844317e-09
58000.04800076804 4.453851077186717e-10
58050.04800076804 1.0705098908882526e-09
58100.04800076804 5.491299056650607e-10
58150.04800076804 4.030805441150343e-10
58200.04800076804 4.315015157239559e-11
58250.04800076804 1.5541862234035922e-10
58300.04800076804 1.4331622834109307e-10
58350.04800076804 2.1941493103722228e-10
58400.04800076804 6.885272029667538e-10
58450.04800076804 1.0622689268492189e-09
58500.04800076804 1.1866948656316858e-09
58550.04800076804 4.552713581260176e-10
58600.04800076804 1.273853081801078e-10
58650.04800076804 3.0631870298231453e-10
58700.04800076804 3.76959719124069e-10
58750.04800076804 3.8262639479903003e-10
58800.04800076804 1.0310087696506692e-11
58850.04800076804 1.2874390657012943e-10
58900.04800076804 1.556336264114801e-10
58950.04800076804 7.802052939559587e-11
59000.04800076804 2.5633102887555965e-10
59050.04800076804 4.161634730517679e-10
59100.04800076804 2.2208602716340332e-10
59150.04800076804 2.848395573573399e-10
59200.04800076804 7.552929835462712e-10
59250.04800076804 7.800357537246687e-10
59300.04800076804 4.6290315198184275e-10
59350.04800076804 2.25270403608559e-11
59400.04800076804 5.5056453092037856e-11
59450.04800076804 5.436693079282464e-10
59500.04800076804 4.762753244988757e-10
59550.04800076804 7.789035650824984e-10
59600.04800076804 8.14481378688186e-10
59650.04800076804 2.0606276842506848e-10
59700.04800076804 1.816532500693727e-10
59750.04800076804 1.075340951180869e-09
59800.04800076804 4.0776288290925517e-10
59850.04800076804 3.695290316734184e-10
59900.04800076804 8.022851627021395e-11
59950.04800076804 3.68385763530908e-10
60000.04800076804 1.1829038914573935e-09
60050.04800076804 1.791970841170768e-09
60100.04800076804 7.789650225590091e-10
60150.04800076804 1.7554316599246744e-10
60200.04800076804 4.1782692475571195e-10
60250.04800076804 1.3061259804124672e-09
60300.04800076804 1.236829622412845e-09
60350.04800076804 8.027421559054681e-10
60400.04800076804 5.01025970192355e-10
60450.04800076804 4.7236047118684575e-11
60500.04800076804 4.143371494873044e-12
60550.04800076804 2.681672434145349e-10
60600.04800076804 5.885315165847282e-10
60650.04800076804 2.8569486533627837e-10
60700.04800076804 1.5362465208943015e-10
60750.04800076804 3.832072662285748e-11
60800.04800076804 5.760709035490737e-10
60850.04800076804 1.0704816165295379e-09
60900.04800076804 8.525997883947521e-10
60950.04800076804 4.693615772466424e-10
61000.04800076804 1.0722891948789354e-09
61050.04800076804 1.986518429009708e-10
61100.04800076804 1.624726685004893e-10
61150.04800076804 2.3184947770613124e-11
61200.04800076804 5.957656962254671e-10
61250.04800076804 7.159438497260346e-10
61300.04800076804 3.2184070950138913e-10
61350.04800076804 9.353072307259567e-10
61400.04800076804 2.305180373287486e-10
61450.04800076804 7.487629911133322e-11
61500.04800076804 5.978806931357878e-11
61550.04800076804 2.4308442048095734e-10
61600.04800076804 7.34615037678163e-11
61650.04800076804 2.035886539976177e-10
61700.04800076804 5.127100098717347e-10
61750.04800076804 4.275549138026042e-10
61800.04800076804 2.5816127003158345e-10
61850.04800076804 2.8278392482407042e-11
61900.04800076804 6.255321693135417e-10
61950.04800076804 7.725403816830346e-10
62000.04800076804 5.474119462371269e-10
62050.04800076804 1.8736357746483453e-09
62100.04800076804 4.1823382982532775e-10
62150.04800076804 1.190742002516049e-09
62200.04800076804 1.1467806215771937e-09
62250.04800076804 7.825380953573025e-10
62300.04800076804 2.2057427959876425e-09
62350.04800076804 2.3238035763426296e-09
62400.04800076804 1.5572980292209405e-09
62450.04800076804 1.2025991912518095e-09
62500.04800076804 2.8843647282055867e-09
62550.04800076804 5.069260919211508e-09
62600.04800076804 1.7902052562799795e-09
62650.04800076804 1.003863219753105e-09
62700.04800076804 5.265702968465778e-10
62750.04800076804 2.06445946495079e-09
62800.04800076804 1.27152999987466e-09
62850.04800076804 1.0632326411258592e-09
62900.04800076804 2.5324493733350166e-09
62950.04800076804 4.731380704895311e-09
63000.04800076804 1.2694413875883e-09
63050.04800076804 6.050020659708966e-09
63100.04800076804 6.162509693941172e-09
63150.04800076804 5.212194747559806e-09
63200.04800076804 3.046972250659881e-09
63250.04800076804 2.756381635803968e-09
63300.04800076804 5.532240204300765e-10
63350.04800076804 8.457157749504014e-10
63400.04800076804 2.7381116560158403e-10
