galfind/configs/Brown_Dwarf_templates/sonora_cholla/logkzz4/3162g/550K_3162g_logkzz4_resample.dat
# %ECSV 1.0
# ---
# datatype:
# - {name: wav, unit: Angstrom, datatype: float64}
# - {name: flux_nu, unit: erg / (cm2 Hz s), datatype: float64}
# schema: astropy-2.0
wav flux_nu
[from data line 1211]
63550.04800076804 4.373899360137243e-09
63600.04800076804 2.498373750814603e-09
63650.04800076804 2.4829201269102127e-09
63700.04800076804 3.8570480787347906e-10
63750.04800076804 1.335646535376317e-09
63800.04800076804 4.074693877885246e-09
63850.04800076804 3.4671192557522947e-09
63900.04800076804 6.92023774458727e-10
63950.04800076804 1.7082673571580336e-09
64000.04800076804 2.9639542862143076e-09
64050.04800076804 7.442465705144151e-10
64100.04800076804 1.4098079255627064e-10
64150.04800076804 2.1159357763842276e-10
64200.04800076804 2.714252712317851e-10
64250.04800076804 1.6279171679032143e-09
64300.04800076804 1.488821431917039e-09
64350.04800076804 8.475171820060535e-10
64400.04800076804 2.6599335780863596e-09
64450.04800076804 3.130314393543723e-09
64500.04800076804 1.3883468443404316e-09
64550.04800076804 2.7336860781480264e-09
64600.04800076804 1.999663641868011e-09
64650.04800076804 2.9275611853000453e-09
64700.04800076804 6.837616139772749e-10
64750.04800076804 1.233039862720823e-09
64800.04800076804 4.122351793745131e-10
64850.04800076804 3.0379114859843463e-10
64900.04800076804 2.754528328536998e-10
64950.04800076804 1.5784063738035767e-10
65000.04800076804 4.729016897192778e-10
65050.04800076804 1.7643697624243987e-09
65100.04800076804 2.0870686515062875e-09
65150.04800076804 1.2270464759491421e-09
65200.04800076804 2.2545378842591579e-10
65250.04800076804 8.133762956075147e-10
65300.04800076804 1.7787533971848117e-09
65350.04800076804 3.705948048665265e-09
65400.04800076804 1.4577143350074623e-09
65450.04800076804 1.4856480793470553e-09
65500.04800076804 1.7739440635337963e-09
65550.04800076805 5.990650382148649e-10
65600.04800076805 1.6360491238468996e-09
65650.04800076805 8.404018586893445e-10
65700.04800076805 7.291061765366387e-10
65750.04800076805 5.127004412018005e-10
65800.04800076805 1.5357631205800785e-09
65850.04800076805 2.5000666835360996e-09
65900.04800076805 3.744233892534847e-10
65950.04800076805 9.671125534282684e-10
66000.04800076805 1.2235656950995573e-09
66050.04800076805 2.8469832304989857e-09
66100.04800076805 1.6449010826578048e-09
66150.04800076805 1.96056044955236e-09
66200.04800076805 1.9006595337843307e-09
66250.04800076805 7.218231753096006e-10
66300.04800076805 3.4098443661240415e-10
66350.04800076805 1.33944705422059e-10
66400.04800076805 3.126263720497381e-10
66450.04800076805 1.5925090286053848e-09
66500.04800076805 2.9337066587732086e-09
66550.04800076805 3.019534639637163e-09
66600.04800076805 2.4909464671930025e-09
66650.04800076805 1.4479610434984859e-09
66700.04800076805 7.889894434449589e-10
66750.04800076805 1.4310763937861639e-09
66800.04800076805 1.1589559710519208e-09
66850.04800076805 7.710558562519832e-10
66900.04800076805 3.529970875239214e-09
66950.04800076805 2.908357885801866e-09
67000.04800076805 5.161654143850092e-09
67050.04800076805 2.2294100159698774e-09
67100.04800076805 9.857344246538764e-10
67150.04800076805 1.932091830301385e-09
67200.04800076805 2.5957656840071853e-09
67250.04800076805 2.2115179620334923e-09
67300.04800076805 4.3715941076649276e-09
67350.04800076805 1.40932140523198e-09
67400.04800076805 4.068795670850902e-09
67450.04800076805 3.1632888191697996e-09
67500.04800076805 2.5400771035472086e-09
67550.04800076805 7.151595323265527e-09
67600.04800076805 1.0165200914174415e-08
67650.04800076805 6.757467058371298e-09
67700.04800076805 3.693887763186063e-09
67750.04800076805 1.7691687636434474e-09
67800.04800076805 2.8504187665728524e-09
67850.04800076805 1.049056194649202e-09
67900.04800076805 1.2484270824912894e-09
67950.04800076805 1.0557127076315217e-09
68000.04800076805 3.7063444558674216e-09
68050.04800076805 2.9951692994998956e-09
68100.04800076805 5.66952321692957e-09
68150.04800076805 5.656801039055647e-09
68200.04800076805 3.788434641780347e-09
68250.04800076805 6.916851136708505e-10
68300.04800076805 3.833154140317638e-09
68350.04800076805 6.975385736231265e-09
68400.04800076805 7.776096698238429e-09
68450.04800076805 6.8373811603443685e-09
68500.04800076805 3.159399122058806e-09
68550.04800076805 9.495133290393868e-10
68600.04800076805 9.423997071698724e-10
68650.04800076805 4.224154963866672e-10
68700.04800076805 1.6079724993194586e-09
68750.04800076805 3.487670027688195e-09
68800.04800076805 3.928316621770626e-09
68850.04800076805 2.300145309055455e-09
68900.04800076805 7.504031957357929e-09
68950.04800076805 8.260405666700767e-09
69000.04800076805 4.731990628389126e-09
69050.04800076805 1.8582461931599115e-09
69100.04800076805 5.745504196023372e-09
69150.04800076805 9.96393492909086e-09
69200.04800076805 9.187092422649753e-09
69250.04800076805 1.171479685164638e-08
69300.04800076805 9.23032407395858e-09
69350.04800076805 1.2187545561832757e-08
69400.04800076805 5.432050238211389e-09
69450.04800076805 9.448451064868835e-09
69500.04800076805 5.342633230263386e-09
69550.04800076805 2.9095408499261805e-09
69600.04800076805 5.580777560257977e-10
69650.04800076805 3.2409115635189174e-09
69700.04800076805 7.030788756032393e-09
69750.04800076805 4.143485897548285e-09
69800.04800076805 7.504897285163292e-09
69850.04800076805 7.49253410579759e-09
69900.04800076805 4.26826250552129e-09
69950.04800076805 4.054722832196969e-09
70000.04800076805 5.399008063474062e-09
70050.04800076805 1.1159162717752497e-08
70100.04800076805 8.680842606365186e-09
70150.04800076805 7.062746790694148e-09
70200.04800076805 3.5591642932516414e-09
70250.04800076805 4.041823037155544e-09
70300.04800076805 8.59894135821765e-09
70350.04800076805 7.372534771348659e-09
70400.04800076805 3.1460845533330545e-09
70450.04800076805 2.613137034375594e-10
70500.04800076805 3.0739313395781798e-09
70550.04800076805 2.6293250330679335e-09
70600.04800076805 3.946794170540005e-09
70650.04800076805 7.85083794983671e-09
70700.04800076805 1.0635122098192683e-08
70750.04800076805 1.516726073779271e-08
70800.04800076805 6.466222302920763e-09
70850.04800076805 6.980788652573369e-09
70900.04800076805 8.560198231591231e-09
70950.04800076805 1.240637638729882e-08
71000.04800076805 1.2511957176495561e-08
71050.04800076805 1.2633944337490561e-08
71100.04800076805 9.511516949670087e-09
71150.04800076805 4.020306901895987e-09
71200.04800076805 5.020210760092975e-09
71250.04800076805 1.0017314932509914e-08
71300.04800076805 1.3471534907525048e-08
71350.04800076805 1.2384156917396335e-08
71400.04800076805 8.287030094243254e-09
71450.04800076805 2.27981619705982e-09
71500.04800076805 4.055049988794644e-09
71550.04800076805 4.650600666093274e-09
71600.04800076805 5.851762959496798e-09
71650.04800076805 2.681696060432922e-09
71700.04800076805 1.7761362006083728e-09
71750.04800076805 5.6918255830162785e-09
71800.04800076805 9.243692180924942e-09
71850.04800076805 9.761173807013591e-09
71900.04800076805 5.486680704481789e-09
71950.04800076805 8.422919766512522e-09
72000.04800076805 6.811360107787895e-09
72050.04800076805 2.2404619257711752e-09
72100.04800076805 3.3129845830041752e-09
72150.04800076805 5.805262724677627e-09
72200.04800076805 7.629753366573832e-09
72250.04800076805 1.3157570217998166e-08
72300.04800076805 6.557415837583182e-09
72350.04800076805 7.908410183448869e-09
72400.04800076805 7.445325027665627e-09
72450.04800076805 5.7628904870537705e-09
72500.04800076805 7.874136228138883e-09
72550.04800076805 2.3997509320506704e-09
72600.04800076805 4.844890745367921e-09
72650.04800076805 8.883699583958202e-09
72700.04800076805 3.747475917168843e-09
72750.04800076805 4.130678082348769e-09
72800.04800076805 2.264000861501748e-09
72850.04800076805 4.1215424545428744e-09
72900.04800076805 9.804229550179368e-09
72950.04800076805 4.745075314022326e-09
73000.04800076805 5.170818719445774e-09
73050.04800076805 2.0310016923790943e-09
73100.04800076805 3.323867635820671e-09
73150.04800076805 8.526225683425065e-09
73200.04800076805 3.025280421773927e-09
73250.04800076805 3.761630865788235e-09
73300.04800076805 2.436259680193439e-09
73350.04800076805 1.5355315229554157e-09
73400.04800076805 3.684894801100617e-09
73450.04800076805 2.163931753136446e-09
73500.04800076805 1.5871127081699843e-09
73550.04800076805 3.4622249168746458e-09
73600.04800076805 4.2238913177122766e-09
73650.04800076805 3.2570052112438444e-09
73700.04800076805 2.940848892552368e-09
73750.04800076805 6.628759063048604e-10
73800.04800076805 2.6682413277162687e-09
73850.04800076805 4.801805856958408e-09
73900.04800076805 1.5121374926771356e-09
73950.04800076805 2.291430225559761e-09
74000.04800076805 7.520075731420232e-10
74050.04800076805 4.371575310846439e-09
74100.04800076805 3.442400809737442e-09
74150.04800076805 3.6337161386036223e-09
74200.04800076805 1.1363450947545706e-09
74250.04800076805 1.5737151725548263e-10
74300.04800076805 3.4415349516978235e-09
74350.04800076805 5.297669152774909e-09
74400.04800076805 4.451136376800054e-09
74450.04800076805 1.202710407077937e-09
74500.04800076805 4.388516539575692e-10
74550.04800076805 1.4890698470338826e-09
74600.04800076805 2.727889552306799e-09
74650.04800076805 3.035039377148362e-09
74700.04800076805 1.9698020881607345e-09
74750.04800076805 5.868629237828952e-10
74800.04800076805 9.751135298602013e-10
74850.04800076805 4.808390081224525e-09
74900.04800076805 4.9676979784826e-09
74950.04800076805 3.928827713249798e-09
75000.04800076805 1.542632597197675e-09
75050.04800076805 8.204022753849781e-11
75100.04800076805 3.0907817367314196e-09
75150.04800076805 6.386649413607848e-09
75200.04800076805 6.00606351793236e-09
75250.04800076805 4.7949405215119545e-09
75300.04800076805 2.4293709950731954e-09
75350.04800076805 4.195220888367995e-10
75400.04800076805 4.397765958666193e-09
75450.04800076805 7.361856896989265e-09
75500.04800076805 6.460312409012982e-09
75550.04800076805 4.571279039310088e-09
75600.04800076805 4.202731669193071e-09
75650.04800076805 1.887296637996735e-09
75700.04800076805 6.989163488190955e-09
75750.04800076805 5.59512665305496e-09
75800.04800076805 5.3849960284428505e-09
75850.04800076805 6.105260685558501e-09
75900.04800076805 6.1358102463056205e-09
75950.04800076805 2.6332206618634474e-09
76000.04800076805 9.226633414120689e-09
76050.04800076805 7.940215478451685e-09
76100.04800076805 6.603779892072393e-09
76150.04800076805 7.2706066353382135e-09
76200.04800076805 5.322932411260723e-09
76250.04800076805 1.8839421755137345e-09
76300.04800076805 7.754301575498508e-09
76350.04800076805 9.558799388620912e-09
76400.04800076805 7.564558590855985e-09
76450.04800076805 5.2692421082236205e-09
76500.04800076805 3.5642104754371254e-09
76550.04800076805 7.433080337829174e-10
76600.04800076805 1.0815886164490728e-10
76650.04800076805 9.329315365491314e-11
76700.04800076805 2.1953434298340608e-10
76750.04800076805 3.334776619014942e-10
76800.04800076805 7.248746500721534e-10
76850.04800076805 7.082641670196065e-10
76900.04800076805 5.092846213507814e-10
76950.04800076805 1.1504123353161996e-09
77000.04800076805 3.399880358861943e-09
77050.04800076805 3.0925698182368315e-10
77100.04800076805 8.78970291059528e-10
77150.04800076805 3.832307204776385e-09
77200.04800076805 1.4629704878951608e-09
77250.04800076805 7.056946526238402e-10
77300.04800076805 3.2510725366375747e-09
77350.04800076805 1.6837294063519823e-09
77400.04800076805 2.821093799322303e-09
77450.04800076805 7.184248950603943e-09
77500.04800076805 4.405797218979726e-09
77550.04800076805 2.0904907362771246e-09
77600.04800076805 6.407701932650374e-10
77650.04800076805 1.057787699254609e-09
77700.04800076805 1.899860338892717e-09
77750.04800076805 4.386406873454504e-09
77800.04800076805 6.633074122594399e-09
77850.04800076805 7.638522983478195e-09
77900.04800076805 2.3276683458536637e-09
77950.04800076805 2.789710305855285e-10
78000.04800076805 2.3954355096538934e-09
78050.04800076805 2.8724113666348338e-09
78100.04800076805 5.064782789526673e-09
78150.04800076805 7.053370113477849e-09
78200.04800076805 9.527074707207766e-09
78250.04800076805 5.614577653491423e-09
78300.04800076805 1.1285417500970292e-09
78350.04800076805 3.802381987154494e-09
78400.04800076805 1.3759680024833738e-09
78450.04800076805 3.329814716078618e-09
78500.04800076805 8.423036293965437e-09
78550.04800076805 1.0253613190718724e-08
78600.04800076805 6.66479253308374e-09
78650.04800076805 6.913985061374654e-10
78700.04800076805 1.4856415574752446e-09
78750.04800076805 4.106625765496033e-09
78800.04800076805 2.0837478535708528e-09
78850.04800076805 7.506882666024712e-10
78900.04800076805 2.9133391372515324e-09
78950.04800076805 6.471580826194827e-09
79000.04800076805 3.506314716411204e-09
79050.04800076805 2.8925615709197193e-09
79100.04800076805 5.3668866044901535e-09
79150.04800076805 2.5738105462494283e-09
79200.04800076805 3.5025108646567773e-09
79250.04800076805 1.3888999891515683e-09
79300.04800076805 2.4670694256229796e-09
79350.04800076805 2.851759817087137e-09
79400.04800076805 1.2654378966005601e-09
79450.04800076805 7.072189876753855e-09
79500.04800076805 9.770406020743577e-09
79550.04800076805 8.225976469656469e-09
79600.04800076805 3.748335878361652e-09
79650.04800076805 7.281707637518207e-09
79700.04800076805 3.840888343073878e-09
79750.04800076805 3.441432099512657e-09
79800.04800076805 2.543425181007546e-09
79850.04800076805 6.8267608857081715e-09
79900.04800076805 1.247502724386737e-08
79950.04800076805 1.3474177451281048e-08
