galfind/configs/Brown_Dwarf_templates/sonora_cholla/logkzz4/3162g/600K_3162g_logkzz4_resample.dat
# %ECSV 1.0
# ---
# datatype:
# - {name: wav, unit: Angstrom, datatype: float64}
# - {name: flux_nu, unit: erg / (cm2 Hz s), datatype: float64}
# schema: astropy-2.0
wav flux_nu
[from data line 418]
23900.04800076804 8.147132253592381e-11
23950.04800076804 4.136288029904054e-11
24000.04800076804 9.61192059964037e-11
24050.04800076804 9.228150170368285e-11
24100.04800076804 1.0894203394196153e-10
24150.04800076804 1.5471025203706673e-10
24200.04800076804 1.3590210417234933e-10
24250.04800076804 1.0491631914563945e-10
24300.04800076804 2.124008980835565e-10
24350.04800076804 1.391862561019954e-10
24400.04800076804 3.012240421790408e-10
24450.04800076804 2.789201030973405e-10
24500.04800076804 2.421142440434079e-10
24550.04800076804 4.158612674996401e-10
24600.04800076804 4.6150391477533276e-10
24650.04800076804 5.454962800073184e-10
24700.04800076804 4.0888233412527175e-10
24750.04800076804 4.875709678098773e-10
24800.04800076804 4.186546777778807e-10
24850.04800076804 5.898549918274126e-10
24900.04800076804 2.2822183797460153e-10
24950.04800076804 4.4259914431026193e-10
25000.04800076804 4.620562181462001e-10
25050.04800076804 2.0663060809286263e-10
25100.04800076804 3.7962442379190095e-10
25150.04800076804 1.6324168308548084e-10
25200.04800076804 2.4384326448808054e-10
25250.04800076804 8.089190834442499e-11
25300.04800076804 1.1594748302358422e-10
25350.04800076804 4.4911526118700636e-11
25400.04800076804 1.3017164034870258e-10
25450.04800076804 4.005085504727315e-11
25500.04800076804 3.3324990050592666e-11
25550.04800076804 9.464618469455209e-11
25600.04800076804 4.94009092797952e-11
25650.04800076804 1.8005154643932043e-11
25700.04800076804 2.0472986088163456e-11
25750.04800076804 6.7368193351830715e-12
25800.04800076804 3.488838081781762e-11
25850.04800076804 6.4188349209921904e-12
25900.04800076804 1.1234064631387666e-11
25950.04800076804 2.567111128432294e-12
26000.04800076804 2.976621599754827e-11
26050.04800076804 3.691428436944191e-12
26100.04800076804 2.1410223302303775e-11
26150.04800076804 8.119725078114723e-12
26200.04800076804 1.1242744561108225e-11
26250.04800076804 7.359542222078602e-11
26300.04800076804 1.2937037112823724e-11
26350.04800076804 1.5618843127547884e-10
26400.04800076804 2.267379882712219e-10
26450.04800076804 1.0377481249083257e-10
26500.04800076804 2.7286621367916436e-10
26550.04800076804 2.9371206550877934e-11
26600.04800076804 2.706844673793571e-11
26650.04800076804 4.782141556127013e-12
26700.04800076804 3.1182049784438476e-12
26750.04800076804 4.8349883608938936e-12
26800.04800076804 1.439299560469307e-11
26850.04800076804 8.669987189732834e-12
26900.04800076804 3.9221696867386965e-11
26950.04800076804 1.319478217283239e-11
27000.04800076804 6.80825092645115e-11
27050.04800076804 9.67216111353188e-11
27100.04800076804 1.006022613003162e-11
27150.04800076804 1.1049794187301647e-10
27200.04800076804 9.089517461539175e-12
27250.04800076804 2.936863766264315e-11
27300.04800076804 2.812532890487576e-10
27350.04800076804 7.556210897093315e-11
27400.04800076804 4.843179213716943e-12
27450.04800076804 9.899943666067942e-11
27500.04800076804 1.485456389489668e-10
27550.04800076804 1.931584261444359e-11
27600.04800076804 6.092765534924773e-11
27650.04800076804 1.5817345521344403e-11
27700.04800076804 1.619405257608948e-11
27750.04800076804 9.216379094715547e-11
27800.04800076804 3.386788152886241e-11
27850.04800076804 5.1055959455250136e-11
27900.04800076804 7.776423022895611e-11
27950.04800076804 1.68230070491897e-10
28000.04800076804 1.3459732861907002e-10
28050.04800076804 2.0059068467530277e-11
28100.04800076804 2.1485702377286376e-10
28150.04800076804 1.3603832205848377e-10
28200.04800076804 3.72776018853384e-11
28250.04800076804 3.031816994005491e-10
28300.04800076804 3.496991424263549e-10
28350.04800076804 4.394524684387334e-11
28400.04800076804 2.065604826707193e-10
28450.04800076804 4.5026591592236293e-10
28500.04800076804 1.8763535355741567e-10
28550.04800076804 5.478012526054258e-11
28600.04800076804 3.5859603197831015e-10
28650.04800076804 2.394510224470364e-10
28700.04800076804 2.894372321250511e-10
28750.04800076804 7.884187987471492e-10
28800.04800076804 3.7222181985514545e-10
28850.04800076804 6.251873538827556e-10
28900.04800076804 3.130593055889689e-10
28950.04800076804 5.885735626722297e-10
29000.04800076804 4.267612302325531e-10
29050.04800076804 6.133554314737411e-10
29100.04800076804 3.2770099222742314e-10
29150.04800076804 7.063348947333738e-10
29200.04800076804 8.164343959047656e-10
29250.04800076804 9.567022719276098e-10
29300.04800076804 5.968830547320673e-10
29350.04800076804 2.3097202405562653e-09
29400.04800076804 6.137263040908931e-10
29450.04800076804 4.5316817578083067e-10
29500.04800076804 1.862344626530388e-09
29550.04800076804 7.556285890450175e-10
29600.04800076804 1.1389191813902155e-09
29650.04800076804 2.486875416532044e-09
29700.04800076804 5.224605280259291e-10
29750.04800076804 1.3688982798991494e-09
29800.04800076804 1.1269739371892891e-09
29850.04800076804 2.883560114038628e-09
29900.04800076804 1.8104372371611307e-09
29950.04800076804 1.1938602596014151e-09
30000.04800076804 6.210004121473733e-11
30050.04800076804 3.0937117702437576e-10
30100.04800076804 1.0115601912394991e-09
30150.04800076804 2.308281379132958e-09
30200.04800076804 1.3029488683060769e-09
30250.04800076804 3.697173956724387e-09
30300.04800076804 3.3892327272351714e-09
30350.04800076804 1.1306860530628649e-09
30400.04800076804 3.798382520868508e-09
30450.04800076804 2.5874942560564814e-09
30500.04800076804 1.9854274696222344e-09
30550.04800076804 1.4579796727057495e-09
30600.04800076804 7.855122939065576e-09
30650.04800076804 4.1001942615217435e-09
30700.04800076804 2.1821463273074683e-09
30750.04800076804 4.097704917714614e-09
30800.04800076804 3.1962365352502884e-09
30850.04800076804 3.7138447762425356e-09
30900.04800076804 2.3940560965593773e-09
30950.04800076804 1.4749404531306516e-09
31000.04800076804 2.223600939619808e-09
31050.04800076804 1.957765407970186e-09
31100.04800076804 9.507029134476422e-10
31150.04800076804 1.680615625659716e-09
31200.04800076804 4.125162660827631e-09
31250.04800076804 1.4049982325057979e-09
31300.04800076804 1.1392541698383819e-09
31350.04800076804 2.2819525211125302e-09
31400.04800076804 1.2326623789480992e-09
31450.04800076804 1.5886730266031759e-09
31500.04800076804 6.172266582711798e-10
31550.04800076804 9.990697151405016e-10
31600.04800076804 7.347400960471577e-10
31650.04800076804 5.265452031057157e-10
31700.04800076804 6.129327306887616e-10
31750.04800076804 2.2082567096428388e-10
31800.04800076804 5.166208023340597e-10
31850.04800076804 1.2080226850011462e-10
31900.04800076804 3.1058478334302353e-10
31950.04800076804 1.5536761045340386e-10
32000.04800076804 1.4800088265097678e-10
32050.04800076804 1.4956440236171517e-10
32100.04800076804 1.1172726495473528e-10
32150.04800076804 1.492266938723366e-10
32200.04800076804 7.712219716509162e-11
32250.04800076804 1.6831919957798119e-10
32300.04800076804 5.691483519973338e-11
32350.04800076804 1.9096391314561965e-10
32400.04800076804 4.3927446360024296e-11
32450.04800076804 1.4429978700424067e-10
32500.04800076804 5.027018135386921e-11
32550.04800076804 1.536463802027654e-10
32600.04800076804 5.5675563800503785e-11
32650.04800076804 2.448911217446343e-10
32700.04800076804 7.990440555755166e-11
32750.04800076804 4.689017957058185e-10
32800.04800076804 2.899981264314787e-10
32850.04800076804 8.277910294652559e-10
32900.04800076804 7.165914143148012e-10
32950.04800076804 8.068815058721069e-10
33000.04800076804 2.919657976180961e-10
33050.04800076804 3.3054810774142864e-10
33100.04800076804 8.738091723110238e-11
33150.04800076804 1.3490148289316254e-13
33200.04800076804 5.032520163704519e-12
33250.04800076804 9.746203546528059e-12
33300.04800076804 7.082401074651627e-11
33350.04800076804 1.7207012101983036e-10
33400.04800076804 4.5222798886864847e-10
33450.04800076804 1.9963549144457854e-10
33500.04800076804 7.439370175490291e-10
33550.04800076804 1.9923268397958647e-10
33600.04800076804 3.6105156906881386e-10
33650.04800076804 4.2138137178771747e-10
33700.04800076804 1.48150258425911e-10
33750.04800076804 5.209141815912974e-10
33800.04800076804 6.994912686348622e-11
33850.04800076804 2.6232235928514255e-10
33900.04800076804 2.5720600567893555e-10
33950.04800076804 2.4527027834538677e-10
34000.04800076804 5.242912895426683e-10
34050.04800076804 9.369460911819648e-11
34100.04800076804 4.323363394087555e-10
34150.04800076804 1.5466931633937653e-10
34200.04800076804 4.673340177866457e-10
34250.04800076804 2.9918364599097995e-10
34300.04800076804 2.548657546561334e-10
34350.04800076804 7.831938500133399e-10
34400.04800076804 1.7845930229189047e-10
34450.04800076804 7.139018934251842e-10
34500.04800076804 3.5717518736996273e-10
34550.04800076804 3.6596675877821424e-10
34600.04800076804 1.4545373162990582e-09
34650.04800076804 1.872337958500493e-10
34700.04800076804 1.0374246793452116e-09
34750.04800076804 5.736905933371173e-10
34800.04800076804 4.0434100922998204e-10
34850.04800076804 1.5848369776614513e-09
34900.04800076804 3.463690461576727e-10
34950.04800076804 1.4709138140239233e-09
35000.04800076804 1.902449618481506e-09
35050.04800076804 1.0544070153202346e-09
35100.04800076804 3.044047925517727e-09
35150.04800076804 2.296763513250063e-09
35200.04800076804 2.0290985381301914e-09
35250.04800076804 3.4581681403489e-09
35300.04800076804 9.334355103936334e-10
35350.04800076804 1.5976022313793795e-09
35400.04800076804 1.159587218847139e-09
35450.04800076804 9.396416472039717e-10
35500.04800076804 3.6399782164153582e-09
35550.04800076804 2.045704003304337e-09
35600.04800076804 3.073598765496981e-09
35650.04800076804 3.278772290424694e-09
35700.04800076804 2.9494643027488105e-09
35750.04800076804 5.788805018719108e-09
35800.04800076804 2.8289963140467445e-09
35850.04800076804 1.6449631587066585e-09
35900.04800076804 2.9938289559113597e-09
35950.04800076804 4.291490314607338e-09
36000.04800076804 3.784540491785474e-09
36050.04800076804 3.3331099940364553e-09
36100.04800076804 2.9891075893766744e-09
36150.04800076804 7.622360839401625e-09
36200.04800076804 7.612369142245266e-09
36250.04800076804 4.843855631355271e-09
36300.04800076804 1.021426022489732e-08
36350.04800076804 7.3116862050917976e-09
36400.04800076804 1.1207745938444812e-08
36450.04800076804 7.0946754903907156e-09
36500.04800076804 7.871854479850986e-09
36550.04800076804 1.6082582459439728e-08
36600.04800076804 1.8830147178166314e-08
36650.04800076804 1.043661322612231e-08
36700.04800076804 1.0803360890869149e-08
36750.04800076804 1.8217524937844122e-08
36800.04800076804 1.860642239584913e-08
36850.04800076804 1.0082073263886328e-08
36900.04800076804 1.2575703761555935e-08
36950.04800076804 2.0089186364681087e-08
37000.04800076804 1.4325470072383257e-08
37050.04800076804 1.9516938593481994e-08
37100.04800076804 9.34939858532039e-09
37150.04800076804 1.5937284673233354e-08
37200.04800076804 2.7122114213354854e-08
37250.04800076804 1.3219000602439458e-08
37300.04800076804 9.78982488675664e-09
37350.04800076804 1.926049419102056e-08
37400.04800076804 2.9988524700899685e-08
37450.04800076804 1.288492664879582e-08
37500.04800076804 1.4564365078453655e-08
37550.04800076804 3.46086601294901e-08
37600.04800076804 4.627749232460115e-08
37650.04800076804 1.5044584835964278e-08
37700.04800076804 2.6337993573752486e-08
37750.04800076804 1.885657959890976e-08
37800.04800076804 2.3170179920866582e-08
37850.04800076804 1.2822456032131575e-08
37900.04800076804 1.6434499066383792e-08
37950.04800076804 2.321808561555941e-08
38000.04800076804 2.3772035733615193e-08
38050.04800076804 2.8794503070399977e-08
38100.04800076804 4.180002299545164e-08
38150.04800076804 4.443224107879647e-08
38200.04800076804 3.199782734606017e-08
38250.04800076804 4.0001413303218014e-08
38300.04800076804 6.56580819287349e-08
38350.04800076804 5.3771193253402814e-08
38400.04800076804 2.6507512741232664e-08
38450.04800076804 1.5809970815193572e-08
38500.04800076804 1.3505369683086872e-08
38550.04800076804 3.308453027204227e-08
38600.04800076804 3.7278852967070875e-08
38650.04800076804 4.030595107876388e-08
38700.04800076804 4.1696704500305454e-08
38750.04800076804 4.0867539692679206e-08
38800.04800076804 3.6269999386684877e-08
38850.04800076804 4.51635919233865e-08
38900.04800076804 4.808263715356266e-08
38950.04800076804 3.413746288590101e-08
39000.04800076804 5.057595883365202e-08
39050.04800076804 3.349067297408394e-08
39100.04800076804 4.0007152710358164e-08
39150.04800076804 5.574192445458169e-08
39200.04800076804 4.7853483928196654e-08
39250.04800076804 5.361681951667029e-08
39300.04800076804 4.56975749871533e-08
39350.04800076804 7.354827955989133e-08
39400.04800076804 5.117699665288209e-08
39450.04800076804 6.391533799518272e-08
39500.04800076804 7.29564869771229e-08
39550.04800076804 4.506099103787867e-08
39600.04800076804 5.74750592620702e-08
39650.04800076804 8.836649093040996e-08
39700.04800076804 7.539225252304039e-08
39750.04800076804 3.8684721341116155e-08
39800.04800076804 4.076118051929457e-08
39850.04800076804 8.774270671562615e-08
39900.04800076804 9.345116115617042e-08
39950.04800076804 5.9442044652881393e-08
40000.04800076804 8.624359937076293e-08
40050.04800076804 8.155534078027076e-08
40100.04800076804 3.308713527659042e-08
40150.04800076804 7.766017040937275e-08
40200.04800076804 9.102040305118322e-08
40250.04800076804 9.716309666698406e-08
40300.04800076804 9.242986397809228e-08
40350.04800076804 5.0874617417756674e-08
40400.04800076804 7.84390525254204e-08
40450.04800076804 5.277680398443667e-08
40500.04800076804 9.350743074685657e-08
40550.04800076804 9.155217073164876e-08
40600.04800076804 9.51735096757938e-08
40650.04800076804 7.279113782047682e-08
40700.04800076804 1.2122110177720976e-07
40750.04800076804 9.172205754522121e-08
40800.04800076804 6.023919927684203e-08
40850.04800076804 1.223399827006831e-07
40900.04800076804 1.205462518323513e-07
40950.04800076804 7.87808663414868e-08
41000.04800076804 9.442287354493018e-08
41050.04800076804 1.2889889916586528e-07
41100.04800076804 1.0691994695676204e-07
41150.04800076804 5.163731962862743e-08
41200.04800076804 1.1728302129960714e-07
41250.04800076804 1.0912433917259341e-07
41300.04800076804 1.1562563791414922e-07
41350.04800076804 1.3958816596696893e-07
41400.04800076804 1.1674364180944007e-07
41450.04800076804 1.3113366052904717e-07
41500.04800076804 9.034997028706825e-08
41550.04800076804 8.220232614645054e-08
41600.04800076804 9.335782888173965e-08
41650.04800076804 1.2900830951606112e-07
41700.04800076804 1.369829253192204e-07
41750.04800076804 1.2076086970345968e-07
41800.04800076804 1.3801243828393495e-07
41850.04800076804 9.677093269914418e-08
41900.04800076804 8.817364591114098e-08
41950.04800076804 1.0763458979107499e-07
42000.04800076804 1.0345040775288034e-07
42050.04800076804 9.59469362166263e-08
42100.04800076804 1.1853707676495804e-07
42150.04800076804 1.0114891160480639e-07
42200.04800076804 1.0527187465232242e-07
42250.04800076804 8.799560655502356e-08
42300.04800076804 8.426077564779609e-08
42350.04800076804 1.1515186355068349e-07
42400.04800076804 1.2603519010329882e-07
42450.04800076804 1.161277736588126e-07
42500.04800076804 1.210684302569731e-07
42550.04800076804 1.1133715430384548e-07
42600.04800076804 1.063662178985259e-07
42650.04800076804 1.423288938640283e-07
42700.04800076804 8.844619336785104e-08
42750.04800076804 9.242035367207019e-08
42800.04800076804 1.2561167286183996e-07
42850.04800076804 1.3381405618439733e-07
42900.04800076804 1.3120903248282988e-07
42950.04800076804 1.0687549294279399e-07
43000.04800076804 1.2312101087518326e-07
43050.04800076804 7.029633751381637e-08
43100.04800076804 1.1319544012913022e-07
43150.04800076804 1.0617399944880552e-07
43200.04800076804 1.166791252494017e-07
43250.04800076804 1.6406848369067597e-07
43300.04800076804 1.4319250575069045e-07
43350.04800076804 8.34051733147578e-08
43400.04800076804 1.171194764407755e-07
43450.04800076804 9.794262953339827e-08
43500.04800076804 9.782357242949459e-08
43550.04800076804 8.99097372063211e-08
43600.04800076804 1.3522286273319878e-07
