galfind/configs/Brown_Dwarf_templates/sonora_cholla/logkzz4/3162g/650K_3162g_logkzz4_resample.dat
# %ECSV 1.0
# ---
# datatype:
# - {name: wav, unit: Angstrom, datatype: float64}
# - {name: flux_nu, unit: erg / (cm2 Hz s), datatype: float64}
# schema: astropy-2.0
wav flux_nu
[from data line 417]
23850.04800076804 1.1911894427134027e-10
23900.04800076804 2.3990297706188275e-10
23950.04800076804 1.3541729895921067e-10
24000.04800076804 2.848412507794442e-10
24050.04800076804 2.744182460375871e-10
24100.04800076804 3.005375267893407e-10
24150.04800076804 4.175430010643354e-10
24200.04800076804 3.7435893942908627e-10
24250.04800076804 2.922915478270179e-10
24300.04800076804 5.535200763087178e-10
24350.04800076804 3.6728164969587403e-10
24400.04800076804 7.557506092361085e-10
24450.04800076804 6.908183354812695e-10
24500.04800076804 6.114358895290167e-10
24550.04800076804 9.877996921754723e-10
24600.04800076804 1.071766720333997e-09
24650.04800076804 1.2611834413504958e-09
24700.04800076804 9.209762494945908e-10
24750.04800076804 1.0644261778720092e-09
24800.04800076804 9.240412942219043e-10
24850.04800076804 1.3577017389818737e-09
24900.04800076804 5.102082827727503e-10
24950.04800076804 1.0186486508158352e-09
25000.04800076804 9.99605559492203e-10
25050.04800076804 4.724648755589944e-10
25100.04800076804 8.494403233671905e-10
25150.04800076804 3.8257175929467605e-10
25200.04800076804 5.592652696628155e-10
25250.04800076804 2.0245973930541008e-10
25300.04800076804 2.9897750925036644e-10
25350.04800076804 1.2143203154390432e-10
25400.04800076804 3.3574254762528245e-10
25450.04800076804 1.1609848678335612e-10
25500.04800076804 9.902059380518079e-11
25550.04800076804 2.4571744313944725e-10
25600.04800076804 1.4063172006556853e-10
25650.04800076804 5.511286151427597e-11
25700.04800076804 7.369041439442434e-11
25750.04800076804 2.5411833246191023e-11
25800.04800076804 1.2027915558810461e-10
25850.04800076804 2.4948126272985793e-11
25900.04800076804 4.332137491416397e-11
25950.04800076804 1.1630447163866792e-11
26000.04800076804 1.0815515114248782e-10
26050.04800076804 1.6828748000497335e-11
26100.04800076804 8.554613762506389e-11
26150.04800076804 3.6176585933426687e-11
26200.04800076804 4.7288131690783944e-11
26250.04800076804 2.6186084095764657e-10
26300.04800076804 5.7557959002639027e-11
26350.04800076804 4.701564217005366e-10
26400.04800076804 6.091413682990274e-10
26450.04800076804 3.273774176425944e-10
26500.04800076804 7.404754624232584e-10
26550.04800076804 1.0509482676904062e-10
26600.04800076804 1.0234792642348154e-10
26650.04800076804 2.1243239622422167e-11
26700.04800076804 1.416885246620939e-11
26750.04800076804 1.919266866602965e-11
26800.04800076804 4.870680296522344e-11
26850.04800076804 2.974945952205069e-11
26900.04800076804 1.2374357209413388e-10
26950.04800076804 4.616339029541085e-11
27000.04800076804 2.1219794925984062e-10
27050.04800076804 2.740114251877251e-10
27100.04800076804 4.0905874158573794e-11
27150.04800076804 3.459310770238897e-10
27200.04800076804 3.787316961486227e-11
27250.04800076804 1.0614427025199938e-10
27300.04800076804 7.823363220220924e-10
27350.04800076804 2.4659667054593673e-10
27400.04800076804 1.9288759997973925e-11
27450.04800076804 3.111798394902325e-10
27500.04800076804 4.5348134469895125e-10
27550.04800076804 6.75545440328229e-11
27600.04800076804 1.9219284788197952e-10
27650.04800076804 5.5847040181028073e-11
27700.04800076804 5.36292703728442e-11
27750.04800076804 2.7340220575873494e-10
27800.04800076804 1.0555054309322208e-10
27850.04800076804 1.4598090170084862e-10
27900.04800076804 2.1483015364826545e-10
27950.04800076804 4.6211661548091466e-10
28000.04800076804 3.4773690007230833e-10
28050.04800076804 6.339988786827977e-11
28100.04800076804 5.467506251896559e-10
28150.04800076804 3.462488115876794e-10
28200.04800076804 1.0686807010806954e-10
28250.04800076804 7.408804875268636e-10
28300.04800076804 8.702221694272852e-10
28350.04800076804 1.2614368907766533e-10
28400.04800076804 5.191194120299553e-10
28450.04800076804 1.0705853038978073e-09
28500.04800076804 4.812557581549455e-10
28550.04800076804 1.4414573050029625e-10
28600.04800076804 8.943249775398664e-10
28650.04800076804 6.495818879933492e-10
28700.04800076804 6.882513143939273e-10
28750.04800076804 1.7275495896598202e-09
28800.04800076804 9.856817637536607e-10
28850.04800076804 1.3993384360886336e-09
28900.04800076804 6.914530216851579e-10
28950.04800076804 1.483093019872064e-09
29000.04800076804 1.1156958300765328e-09
29050.04800076804 1.4325823610526037e-09
29100.04800076804 8.769487440365921e-10
29150.04800076804 1.9139812717935043e-09
29200.04800076804 1.713040917476779e-09
29250.04800076804 2.214920378566966e-09
29300.04800076804 1.3252350319519556e-09
29350.04800076804 5.395056609278606e-09
29400.04800076804 1.4003267878025662e-09
29450.04800076804 1.279890713954493e-09
29500.04800076804 3.935961591970047e-09
29550.04800076804 1.8582640638005329e-09
29600.04800076804 2.7752979078581545e-09
29650.04800076804 4.928861837713595e-09
29700.04800076804 1.3405676916574432e-09
29750.04800076804 3.067024722574274e-09
29800.04800076804 2.7048117875647e-09
29850.04800076804 5.9423142329274236e-09
29900.04800076804 4.374505723478588e-09
29950.04800076804 2.8974080455640848e-09
30000.04800076804 2.306478040011761e-10
30050.04800076804 8.51232050695749e-10
30100.04800076804 2.3988193565357393e-09
30150.04800076804 4.945946216248685e-09
30200.04800076804 2.8975681945982134e-09
30250.04800076804 8.030673662247483e-09
30300.04800076804 7.1154913080574834e-09
30350.04800076804 2.977210131245253e-09
30400.04800076804 7.96637283784365e-09
30450.04800076804 5.139229658629575e-09
30500.04800076804 4.475535316997866e-09
30550.04800076804 3.375127529422094e-09
30600.04800076804 1.3537304718409815e-08
30650.04800076804 7.623041481194858e-09
30700.04800076804 4.505536958828312e-09
30750.04800076804 7.552276763502956e-09
30800.04800076804 5.648921028567706e-09
30850.04800076804 6.5757165857228166e-09
30900.04800076804 4.695212902239569e-09
30950.04800076804 2.810210731884025e-09
31000.04800076804 4.1141385229599215e-09
31050.04800076804 4.011000033952194e-09
31100.04800076804 2.1312594086580537e-09
31150.04800076804 3.367610637750162e-09
31200.04800076804 7.0404629927413834e-09
31250.04800076804 2.6596222705923837e-09
31300.04800076804 2.3804294075245593e-09
31350.04800076804 3.868993798634758e-09
31400.04800076804 2.2153875273206566e-09
31450.04800076804 2.9077957709160746e-09
31500.04800076804 1.2242090338658802e-09
31550.04800076804 1.8521154882930108e-09
31600.04800076804 1.3672468253448785e-09
31650.04800076804 1.0106674674670577e-09
31700.04800076804 1.2565267989423522e-09
31750.04800076804 4.773016861130691e-10
31800.04800076804 1.0993087061835384e-09
31850.04800076804 2.958992779426563e-10
31900.04800076804 7.088324865721619e-10
31950.04800076804 3.703042593210777e-10
32000.04800076804 3.790267436495155e-10
32050.04800076804 3.7457066044923277e-10
32100.04800076804 2.7944198247236354e-10
32150.04800076804 3.9309306375902414e-10
32200.04800076804 2.095141414039805e-10
32250.04800076804 4.5493177043740843e-10
32300.04800076804 1.614678779679522e-10
32350.04800076804 5.202343415956921e-10
32400.04800076804 1.4112867469411445e-10
32450.04800076804 4.0891499243023527e-10
32500.04800076804 1.6893861978341852e-10
32550.04800076804 4.1475788502372267e-10
32600.04800076804 1.9828490522611054e-10
32650.04800076804 6.431669243523144e-10
32700.04800076804 2.7338133426425655e-10
32750.04800076804 1.1443410778204486e-09
32800.04800076804 8.059900545507643e-10
32850.04800076804 1.8800819458277206e-09
32900.04800076804 1.689347850717079e-09
32950.04800076804 1.8835618081070344e-09
33000.04800076804 7.953606312503227e-10
33050.04800076804 9.207522205968337e-10
33100.04800076804 2.707832140460165e-10
33150.04800076804 9.52607130821559e-13
33200.04800076804 1.5537786272190938e-11
33250.04800076804 2.6033139129496904e-11
33300.04800076804 1.3892853430535869e-10
33350.04800076804 3.6102153461808365e-10
33400.04800076804 8.888591113663484e-10
33450.04800076804 5.122950993441186e-10
33500.04800076804 1.6578166101510566e-09
33550.04800076804 5.361645624044888e-10
33600.04800076804 9.149986955388858e-10
33650.04800076804 1.0300626100414096e-09
33700.04800076804 4.2205891348835143e-10
33750.04800076804 1.2844568495648887e-09
33800.04800076804 2.0900198159320014e-10
33850.04800076804 6.604638921640703e-10
33900.04800076804 6.664530746598815e-10
33950.04800076804 6.173914748547617e-10
34000.04800076804 1.2332767867883181e-09
34050.04800076804 2.3582630931841936e-10
34100.04800076804 9.920565583947129e-10
34150.04800076804 3.8836856168524946e-10
34200.04800076804 1.0120644725165725e-09
34250.04800076804 7.30636660177784e-10
34300.04800076804 5.764614662644978e-10
34350.04800076804 1.5889864898005492e-09
34400.04800076804 4.3471527660298976e-10
34450.04800076804 1.5166579406703992e-09
34500.04800076804 8.243905596016116e-10
34550.04800076804 7.104074485042258e-10
34600.04800076804 2.633174356407789e-09
34650.04800076804 4.393743816376223e-10
34700.04800076804 1.8549024847798201e-09
34750.04800076804 1.178142808188877e-09
34800.04800076804 7.935433755977974e-10
34850.04800076804 2.9021045900938628e-09
34900.04800076804 8.172152131812955e-10
34950.04800076804 2.533257790727325e-09
35000.04800076804 3.442643934234615e-09
35050.04800076804 1.8191578435246251e-09
35100.04800076804 5.025849861796904e-09
35150.04800076804 3.871018443664168e-09
35200.04800076804 3.439229046437072e-09
35250.04800076804 5.6234780478960664e-09
35300.04800076804 1.770357255858975e-09
35350.04800076804 3.2000165036580706e-09
35400.04800076804 2.4570493690777695e-09
35450.04800076804 1.9648187722608624e-09
35500.04800076804 6.703381568091373e-09
35550.04800076804 3.74362556340201e-09
35600.04800076804 5.2656090955836936e-09
35650.04800076804 5.690615031615535e-09
35700.04800076804 4.741353797744274e-09
35750.04800076804 9.721437979420415e-09
35800.04800076804 5.480693367756235e-09
35850.04800076804 3.202718003618169e-09
35900.04800076804 5.67279150394998e-09
35950.04800076804 7.463551456948052e-09
36000.04800076804 6.288677930226994e-09
36050.04800076804 6.058054792238935e-09
36100.04800076804 5.312317563613548e-09
36150.04800076804 1.1806075966200926e-08
36200.04800076804 1.2112329751789183e-08
36250.04800076804 8.42923454007619e-09
36300.04800076804 1.5973535923382775e-08
36350.04800076804 1.188976772925056e-08
36400.04800076804 1.7638934738340325e-08
36450.04800076804 1.2053791771201513e-08
36500.04800076804 1.3245019725589094e-08
36550.04800076804 2.4542343762444514e-08
36600.04800076804 2.8368838286960325e-08
36650.04800076804 1.7646281039241132e-08
36700.04800076804 1.7609270288713876e-08
36750.04800076804 2.7550012185682644e-08
36800.04800076804 2.806699038032817e-08
36850.04800076804 1.6785172349141753e-08
36900.04800076804 2.0771593766396507e-08
36950.04800076804 3.0029406252825273e-08
37000.04800076804 2.2350399568907283e-08
37050.04800076804 2.9796846365925674e-08
37100.04800076804 1.6740768796830224e-08
37150.04800076804 2.5803460390725013e-08
37200.04800076804 3.95715352540531e-08
37250.04800076804 2.0978548970543477e-08
37300.04800076804 1.686994034185979e-08
37350.04800076804 3.06022170781326e-08
37400.04800076804 4.5823515231759366e-08
37450.04800076804 2.101528675154085e-08
37500.04800076804 2.3864510906565472e-08
37550.04800076804 5.1023726316784935e-08
37600.04800076804 6.565538312770373e-08
37650.04800076804 2.4546519509525483e-08
37700.04800076804 4.1185767439072966e-08
37750.04800076804 2.934097486577678e-08
37800.04800076804 3.6161095632056524e-08
37850.04800076804 2.0675557515352362e-08
37900.04800076804 2.6782580766558485e-08
37950.04800076804 3.698963100950991e-08
38000.04800076804 3.891273935551429e-08
38050.04800076804 4.329395034529622e-08
38100.04800076804 6.08211802466351e-08
38150.04800076804 6.330320067349864e-08
38200.04800076804 4.874804900019488e-08
38250.04800076804 5.79806607492821e-08
38300.04800076804 9.092294047017885e-08
38350.04800076804 7.77626720113934e-08
38400.04800076804 4.127392611931609e-08
38450.04800076804 2.811129129195919e-08
38500.04800076804 2.302123829492186e-08
38550.04800076804 4.995882103955062e-08
38600.04800076804 5.451136647070242e-08
38650.04800076804 6.06275226708416e-08
38700.04800076804 6.403758698135825e-08
38750.04800076804 6.197009142066719e-08
38800.04800076804 5.4217690085178053e-08
38850.04800076804 6.769556080518266e-08
38900.04800076804 7.257860623457486e-08
38950.04800076804 5.273711392383804e-08
39000.04800076804 7.485499980225973e-08
39050.04800076804 5.339386370233341e-08
39100.04800076804 6.209047025099486e-08
39150.04800076804 8.062937394681015e-08
39200.04800076804 7.006574083502076e-08
39250.04800076804 8.021158858030291e-08
39300.04800076804 6.959005270439902e-08
39350.04800076804 1.0438036809427983e-07
39400.04800076804 7.676304691453346e-08
39450.04800076804 9.18811650194157e-08
39500.04800076804 1.0353706648529422e-07
39550.04800076804 7.000574734930161e-08
39600.04800076804 8.514430779525805e-08
39650.04800076804 1.2379991775021724e-07
39700.04800076804 1.0593579667760814e-07
39750.04800076804 5.970592761802353e-08
39800.04800076804 6.518725484470712e-08
39850.04800076804 1.2422142453696856e-07
39900.04800076804 1.298028813021321e-07
39950.04800076804 8.891803201796563e-08
40000.04800076804 1.2454582955001375e-07
40050.04800076804 1.1696851241524517e-07
40100.04800076804 5.360973663979804e-08
40150.04800076804 1.1378272466994066e-07
40200.04800076804 1.2888811808987468e-07
40250.04800076804 1.3602710851713688e-07
40300.04800076804 1.3044612478506915e-07
40350.04800076804 7.73608449218338e-08
40400.04800076804 1.1720397019611856e-07
40450.04800076804 8.258876012359586e-08
40500.04800076804 1.3406519355188812e-07
40550.04800076804 1.2948657022145483e-07
40600.04800076804 1.3316848254678372e-07
40650.04800076804 1.0669300317586213e-07
40700.04800076804 1.7031329940744746e-07
40750.04800076804 1.3012051194340807e-07
40800.04800076804 8.956605971966452e-08
40850.04800076804 1.6949327607624812e-07
40900.04800076804 1.661715277040983e-07
40950.04800076804 1.1304472308428071e-07
41000.04800076804 1.3525276392310732e-07
41050.04800076804 1.7576376177644547e-07
41100.04800076804 1.4710679842227957e-07
41150.04800076804 7.860783094738208e-08
41200.04800076804 1.633765532523244e-07
41250.04800076804 1.5020629495211323e-07
41300.04800076804 1.544091741075618e-07
41350.04800076804 1.868455176535017e-07
41400.04800076804 1.586682852087048e-07
41450.04800076804 1.7622299857121424e-07
41500.04800076804 1.2677986120549628e-07
41550.04800076804 1.1521343813395683e-07
41600.04800076804 1.3185076269369422e-07
41650.04800076804 1.7315424280629852e-07
41700.04800076804 1.7632916529711013e-07
41750.04800076804 1.5964701097889005e-07
41800.04800076804 1.8503632078573281e-07
41850.04800076804 1.281253069307541e-07
41900.04800076804 1.2099212061254277e-07
41950.04800076804 1.4996551655891247e-07
42000.04800076804 1.5162569024670525e-07
42050.04800076804 1.3558424693497958e-07
42100.04800076804 1.671649427828082e-07
42150.04800076804 1.357020304901626e-07
42200.04800076804 1.407483954672208e-07
42250.04800076804 1.2130206978558653e-07
42300.04800076804 1.166502302332503e-07
42350.04800076804 1.539389902634571e-07
42400.04800076804 1.665112135835697e-07
42450.04800076804 1.482448703701234e-07
42500.04800076804 1.5352308648950422e-07
42550.04800076804 1.4172977296068082e-07
42600.04800076804 1.4081262315202922e-07
42650.04800076804 1.8740244287429308e-07
42700.04800076804 1.1844790550856634e-07
42750.04800076804 1.1826601192231375e-07
42800.04800076804 1.5754079939821891e-07
42850.04800076804 1.7025782820898423e-07
42900.04800076804 1.6917992825128388e-07
42950.04800076804 1.3621133604923226e-07
43000.04800076804 1.593557658057342e-07
43050.04800076804 8.856477911970605e-08
43100.04800076804 1.4580087127969807e-07
43150.04800076804 1.3500103565182184e-07
43200.04800076804 1.4755674690229974e-07
43250.04800076804 2.1004329865505433e-07
43300.04800076804 1.8478765214237714e-07
43350.04800076804 1.0527007525857799e-07
43400.04800076804 1.488999040594916e-07
43450.04800076804 1.2352467397216972e-07
43500.04800076804 1.2722621657686212e-07
43550.04800076804 1.1656435294572411e-07
