galfind/configs/Brown_Dwarf_templates/sonora_cholla/logkzz4/3162g/650K_3162g_logkzz4_resample.dat
# %ECSV 1.0
# ---
# datatype:
# - {name: wav, unit: Angstrom, datatype: float64}
# - {name: flux_nu, unit: erg / (cm2 Hz s), datatype: float64}
# schema: astropy-2.0
wav flux_nu
3000.0480007680403 nan
3050.0480007680403 0.0
3100.0480007680403 0.0
3150.0480007680403 0.0
3200.0480007680403 0.0
3250.0480007680403 0.0
3300.0480007680403 0.0
3350.0480007680403 0.0
3400.0480007680403 0.0
3450.0480007680403 0.0
3500.0480007680403 0.0
3550.0480007680403 0.0
3600.0480007680403 0.0
3650.0480007680403 0.0
3700.0480007680403 0.0
3750.0480007680403 0.0
3800.0480007680403 0.0
3850.0480007680403 0.0
3900.0480007680403 0.0
3950.0480007680403 0.0
4000.0480007680403 0.0
4050.0480007680403 0.0
4100.04800076804 0.0
4150.04800076804 0.0
4200.04800076804 0.0
4250.04800076804 0.0
4300.04800076804 0.0
4350.04800076804 0.0
4400.04800076804 0.0
4450.04800076804 0.0
4500.04800076804 0.0
4550.04800076804 0.0
4600.04800076804 0.0
4650.04800076804 0.0
4700.04800076804 0.0
4750.04800076804 0.0
4800.04800076804 0.0
4850.04800076804 0.0
4900.04800076804 0.0
4950.04800076804 0.0
5000.04800076804 3.013807662567221e-11
5050.04800076804 8.095473734697483e-11
5100.04800076804 9.35272265501856e-11
5150.04800076804 1.0850222176698732e-10
5200.04800076804 1.2568692350382948e-10
5250.04800076804 1.4334406223005273e-10
5300.04800076804 1.6256036032314706e-10
5350.04800076804 1.832503053074885e-10
5400.04800076804 2.0340842627943534e-10
5450.04800076804 2.2528809556953285e-10
5500.04800076804 2.4808473522087163e-10
5550.04800076804 2.731349143054745e-10
5600.04800076804 2.9612991982316413e-10
5650.04800076804 3.143972837329788e-10
5700.04800076804 3.201459905863572e-10
5750.04800076804 3.2277351226888454e-10
5800.04800076804 3.0483606163779257e-10
5850.04800076804 2.587298504887538e-10
5900.04800076804 9.274611085730438e-11
5950.04800076804 1.5377252134230158e-10
6000.04800076804 4.022791528873003e-10
6050.04800076804 5.967102228509872e-10
6100.04800076804 7.990969564623157e-10
6150.04800076804 9.971076336816559e-10
6200.04800076804 1.1903321900304314e-09
6250.04800076804 1.3680757522537282e-09
6300.04800076804 1.5682918747500599e-09
6350.04800076804 1.777405541785555e-09
6400.04800076804 1.968109141960343e-09
6450.04800076804 2.028208090612126e-09
6500.04800076804 2.2151301361415273e-09
6550.04800076804 2.485250288355302e-09
6600.04800076804 2.73686883173727e-09
6650.04800076804 3.0580735154891946e-09
6700.04800076804 3.438482008953418e-09
6750.04800076804 3.793735606509466e-09
6800.04800076804 4.136808079842597e-09
6850.04800076804 4.498699420747502e-09
6900.04800076804 4.37625694575585e-09
6950.04800076804 4.268926515309844e-09
7000.04800076804 4.855670401301792e-09
7050.04800076804 4.88265474553622e-09
7100.04800076804 5.059019980251594e-09
7150.04800076804 3.875416325396152e-09
7200.04800076804 3.3723014623745215e-09
7250.04800076804 3.963696273152661e-09
7300.04800076804 4.016486407107828e-09
7350.04800076804 4.5051480453292135e-09
7400.04800076804 5.183135339649271e-09
7450.04800076804 6.007920106186922e-09
7500.04800076804 6.555867695161364e-09
7550.04800076804 7.1611236370127525e-09
7600.04800076804 7.755063662544358e-09
7650.04800076804 8.052070951908542e-09
7700.04800076804 5.539051594149448e-09
7750.04800076804 2.9303241357014915e-09
7800.04800076804 7.663133216313793e-09
7850.04800076804 8.37035342643646e-09
7900.04800076804 8.981373268550363e-09
7950.04800076804 9.69864108410821e-09
8000.04800076804 1.0152157317980173e-08
8050.04800076804 1.0421792792042065e-08
8100.04800076804 7.75256084778505e-09
8150.04800076804 6.527068926305197e-09
8200.04800076804 9.592703969461913e-09
8250.04800076804 9.30845925952864e-09
8300.04800076804 1.0238359555773643e-08
8350.04800076804 1.0176190968534734e-08
8400.04800076804 1.0647630021462996e-08
8450.04800076804 1.1774258754733626e-08
8500.04800076804 1.285329625966989e-08
8550.04800076804 1.4475894413804067e-08
8600.04800076804 1.6751827885395223e-08
8650.04800076804 1.8536193053255178e-08
8700.04800076804 1.9427723696310275e-08
8750.04800076804 2.0852912944721843e-08
8800.04800076804 2.0807465031004104e-08
8850.04800076804 1.7473068703501456e-08
8900.04800076804 8.280831100993332e-09
8950.04800076804 6.196385725234798e-09
9000.04800076804 6.187399893085033e-09
9050.04800076804 1.3931020139296714e-08
9100.04800076804 1.416360565045734e-08
9150.04800076804 1.2557177917574837e-08
9200.04800076804 1.4230676604851091e-08
9250.04800076804 9.500697609066935e-09
9300.04800076804 3.4004247517298555e-10
9350.04800076804 7.159944185554191e-10
9400.04800076804 3.3495505143744023e-09
9450.04800076804 1.914150591598094e-09
9500.04800076804 1.581048297900024e-09
9550.04800076804 1.6818300286665579e-09
9600.04800076804 1.8403286888211096e-09
9650.04800076804 2.7344525883055606e-09
9700.04800076804 5.24890107575184e-09
9750.04800076804 5.7591424095589905e-09
9800.04800076804 7.1186323539034605e-09
9850.04800076804 8.94134453450014e-09
9900.04800076804 1.1589963367939131e-08
9950.04800076804 1.2320674159622697e-08
10000.04800076804 1.350531855517843e-08
10050.04800076804 1.3183023802506077e-08
10100.04800076804 1.383731684939293e-08
10150.04800076804 1.323936245871251e-08
10200.04800076804 1.2632702659536143e-08
10250.04800076804 1.3754617688921102e-08
10300.04800076804 1.4889138311262881e-08
10350.04800076804 1.35170815942145e-08
10400.04800076804 1.4714773013142166e-08
10450.04800076804 1.529034996757967e-08
10500.04800076804 1.547433428479538e-08
10550.04800076804 1.571955029881545e-08
10600.04800076804 1.5398580219063512e-08
10650.04800076804 1.4880440493530415e-08
10700.04800076804 1.4019121516207632e-08
10750.04800076804 1.3500401648364164e-08
10800.04800076804 1.281059850176802e-08
10850.04800076804 1.1930396791404122e-08
10900.04800076804 1.0228387523843935e-08
10950.04800076804 6.858107827082327e-09
11000.04800076804 4.3733494278432065e-09
11050.04800076804 2.25267866137575e-09
11100.04800076804 1.013526243375053e-09
11150.04800076804 4.433042055588495e-10
11200.04800076804 4.17878340836486e-10
11250.04800076804 7.114901305758648e-10
11300.04800076804 9.311452470405691e-10
11350.04800076804 3.5578435804907955e-10
11400.04800076804 1.4833718735345676e-09
11450.04800076804 8.095338456040943e-10
11500.04800076804 8.468142493449711e-10
11550.04800076804 3.6133403748205455e-10
11600.04800076804 2.7992781467592053e-10
11650.04800076804 7.039610402201959e-10
11700.04800076804 9.069934032694435e-10
11750.04800076804 4.970894794751369e-10
11800.04800076804 1.6637756529960714e-09
11850.04800076804 2.4000565877466347e-09
11900.04800076804 3.040492902304408e-09
11950.04800076804 4.0494582800632714e-09
12000.04800076804 5.205304122204112e-09
12050.04800076804 6.570285447118137e-09
12100.04800076804 7.704874463945515e-09
12150.04800076804 9.255510216320012e-09
12200.04800076804 1.0341285540123855e-08
12250.04800076804 1.2002891861825835e-08
12300.04800076804 1.4273849555977398e-08
12350.04800076804 1.5493594684199144e-08
12400.04800076804 1.811343146604694e-08
12450.04800076804 2.0735521255643805e-08
12500.04800076804 2.2736776287162432e-08
12550.04800076804 2.485033508923937e-08
12600.04800076804 2.746956966475499e-08
12650.04800076804 2.950028257620855e-08
12700.04800076804 3.050143835467008e-08
12750.04800076804 2.820464002196907e-08
12800.04800076804 2.5622185076320615e-08
12850.04800076804 2.1400252760395582e-08
12900.04800076804 1.8902265472916786e-08
12950.04800076804 1.6802862208400096e-08
13000.04800076804 1.723027704920081e-08
13050.04800076804 1.4020369254350714e-08
13100.04800076804 1.43495680158353e-08
13150.04800076804 1.0704282334484212e-08
13200.04800076804 1.060169144013872e-08
13250.04800076804 7.70549208696975e-09
13300.04800076804 3.3979533118011447e-09
13350.04800076804 1.2086503796881484e-09
13400.04800076804 1.9173656846029697e-10
13450.04800076804 5.1663771169468717e-11
13500.04800076804 1.7122747972212316e-11
13550.04800076804 4.772502532540217e-12
13600.04800076804 1.7533677289240115e-12
13650.04800076804 1.1969975589267106e-11
13700.04800076804 6.74943057341874e-12
13750.04800076804 3.0122183634981515e-11
13800.04800076804 3.4105463417838076e-11
13850.04800076804 8.87435268913475e-12
13900.04800076804 1.4506783573178664e-11
13950.04800076804 1.4457334593606175e-11
14000.04800076804 2.362533320569903e-11
14050.04800076804 3.042230153854497e-11
14100.04800076804 2.3750645763762807e-11
14150.04800076804 5.167913921562726e-11
14200.04800076804 3.528900201608257e-11
14250.04800076804 4.8573946027456745e-11
14300.04800076804 1.714714112066388e-10
14350.04800076804 1.458905973728159e-10
14400.04800076804 1.4265111038729124e-10
14450.04800076804 2.8856373307573354e-10
14500.04800076804 6.188757379326432e-10
14550.04800076804 6.984645889641527e-10
14600.04800076804 1.48110765992856e-09
14650.04800076804 9.723167108106199e-10
14700.04800076804 4.984766191666343e-10
14750.04800076804 6.175794953773468e-10
14800.04800076804 6.498495913377961e-10
14850.04800076804 7.724495461568292e-10
14900.04800076804 8.294043236652042e-10
14950.04800076804 1.05864030923746e-09
15000.04800076804 1.7876012105727985e-09
15050.04800076804 2.109865346566361e-09
15100.04800076804 1.7447203281534748e-09
15150.04800076804 1.3905789953233663e-09
15200.04800076804 2.353765258853004e-09
15250.04800076804 3.597204099784673e-09
15300.04800076804 4.354537850951965e-09
15350.04800076804 5.338691827969622e-09
15400.04800076804 6.52936578094876e-09
15450.04800076804 7.48583922988811e-09
15500.04800076804 9.013632970670117e-09
15550.04800076804 1.0986771109282201e-08
15600.04800076804 1.3445211385619869e-08
15650.04800076804 1.6237652120523214e-08
15700.04800076804 1.934856032130757e-08
15750.04800076804 2.1020226226424296e-08
15800.04800076804 2.2542734241205102e-08
15850.04800076804 2.4033716473946083e-08
15900.04800076804 2.368367620607516e-08
15950.04800076804 2.324693807416023e-08
16000.04800076804 2.0661324380080157e-08
16050.04800076804 1.61603978297231e-08
16100.04800076804 1.1715764115541832e-08
16150.04800076804 7.471480719273913e-09
16200.04800076804 4.169713703294552e-09
16250.04800076804 2.9842485066261545e-09
16300.04800076804 2.199627305137192e-09
16350.04800076804 2.362287114383757e-09
16400.04800076804 2.7224843309620912e-09
16450.04800076804 2.918264989976083e-09
16500.04800076804 3.0858881689677132e-09
16550.04800076804 3.1606127950861683e-09
16600.04800076804 4.661604714689108e-09
16650.04800076804 2.706337319181136e-09
16700.04800076804 7.334448046319747e-10
16750.04800076804 2.226149898477558e-09
16800.04800076804 3.0214906349615767e-09
16850.04800076804 2.8243086019944583e-09
16900.04800076804 1.94158719043095e-09
16950.04800076804 1.5058706298828586e-09
17000.04800076804 1.0407576122674929e-09
17050.04800076804 1.6326014198768984e-09
17100.04800076804 2.2045922449383036e-09
17150.04800076804 1.694811413902867e-09
17200.04800076804 3.3007085430161722e-09
17250.04800076804 2.0051117249958654e-09
17300.04800076804 1.6325555895316528e-09
17350.04800076804 1.72554861746601e-09
17400.04800076804 2.13038359986505e-09
17450.04800076804 2.3921518242423282e-09
17500.04800076804 2.8102772815888918e-09
17550.04800076804 2.1355065614665294e-09
17600.04800076804 1.9078855598889574e-09
17650.04800076804 1.4593110269297653e-09
17700.04800076804 1.2060221753617416e-09
17750.04800076804 8.389486187771567e-10
17800.04800076804 1.1529821999696877e-09
17850.04800076804 6.382614442982164e-10
17900.04800076804 5.558694326641957e-10
17950.04800076804 2.9265518252757644e-10
18000.04800076804 5.08751232500265e-10
18050.04800076804 2.0402119915803796e-10
18100.04800076804 2.3556682066606226e-10
18150.04800076804 2.1232418586748778e-10
18200.04800076804 1.2278284299552948e-10
18250.04800076804 4.526351504138386e-10
18300.04800076804 8.712330740898748e-11
18350.04800076804 8.23741967863367e-11
18400.04800076804 5.272389007773097e-11
18450.04800076804 2.75008186720639e-10
18500.04800076804 2.5593743104353335e-10
18550.04800076804 1.1656057144754944e-10
18600.04800076804 1.5672279324234702e-10
18650.04800076804 9.645178857509822e-11
18700.04800076804 2.4469468640034292e-11
18750.04800076804 6.532075957949168e-11
18800.04800076804 4.961192463887405e-10
18850.04800076804 4.5406941194939936e-10
18900.04800076804 3.9041941823448874e-10
18950.04800076804 7.383973425863946e-10
19000.04800076804 1.7726125160330327e-10
19050.04800076804 8.995877070421035e-11
19100.04800076804 2.76013856371721e-10
19150.04800076804 1.1808849278500873e-10
19200.04800076804 2.5081160571703795e-10
19250.04800076804 1.6792746899799803e-10
19300.04800076804 1.0880007665071702e-10
19350.04800076804 1.3042828951053104e-10
19400.04800076804 8.808374163123405e-11
19450.04800076804 1.7194580817522316e-10
19500.04800076804 1.9594009911560235e-10
19550.04800076804 1.7455638470643814e-10
19600.04800076804 3.084579102516549e-10
19650.04800076804 3.581880696253188e-10
19700.04800076804 4.193225908748596e-10
19750.04800076804 6.049382186021885e-10
19800.04800076804 4.789240571642753e-10
19850.04800076804 7.156148576108254e-10
19900.04800076804 7.712760670052864e-10
19950.04800076804 9.620224642836009e-10
20000.04800076804 9.847709335148657e-10
20050.04800076804 9.815521098568784e-10
20100.04800076804 1.3448741235226728e-09
20150.04800076804 1.016044049405555e-09
20200.04800076804 9.184315099343415e-10
20250.04800076804 1.3151388377871577e-09
20300.04800076804 1.3308470500973603e-09
20350.04800076804 1.4478067243794375e-09
20400.04800076804 1.4116494837363837e-09
20450.04800076804 1.8259885162299069e-09
20500.04800076804 1.9079593055182475e-09
20550.04800076804 1.959089804272979e-09
20600.04800076804 2.032592751825734e-09
20650.04800076804 2.0993249025992327e-09
20700.04800076804 2.1066109248029105e-09
20750.04800076804 2.135051344845336e-09
20800.04800076804 2.0785334269589292e-09
20850.04800076804 2.1203549980804608e-09
20900.04800076804 2.1043395939720533e-09
20950.04800076804 2.053079720533888e-09
21000.04800076804 2.007397654667556e-09
21050.04800076804 2.0012574264239523e-09
21100.04800076804 1.959932254574731e-09
21150.04800076804 1.9434854312421316e-09
21200.04800076804 1.897266910858691e-09
21250.04800076804 1.8479352100381277e-09
21300.04800076804 1.7642662897569296e-09
21350.04800076804 1.7072448204029025e-09
21400.04800076804 1.7265900705547715e-09
21450.04800076804 1.5381566820803238e-09
21500.04800076804 1.4861392613229753e-09
21550.04800076804 1.4461702989870496e-09
21600.04800076804 1.3584399640317483e-09
21650.04800076804 1.245630693493576e-09
21700.04800076804 1.2833010596368688e-09
21750.04800076804 1.2109150601252626e-09
21800.04800076804 1.0231863942515507e-09
21850.04800076804 9.274182246189983e-10
21900.04800076804 7.900322003399932e-10
21950.04800076804 4.484227113635657e-10
22000.04800076804 9.447867468892796e-11
22050.04800076804 1.397788095851936e-10
22100.04800076804 3.901236458596853e-10
22150.04800076804 3.2101588608802133e-10
22200.04800076804 2.881900423835603e-10
22250.04800076804 2.6268989175166613e-10
22300.04800076804 1.5575031746470247e-10
22350.04800076804 1.8194384923621677e-10
22400.04800076804 9.532330784045681e-11
22450.04800076804 1.0533787981474941e-10
22500.04800076804 1.0405504623061314e-10
22550.04800076804 6.207679662026149e-11
22600.04800076804 6.623643296874718e-11
22650.04800076804 9.840119213652388e-11
22700.04800076804 8.051431561741063e-11
22750.04800076804 9.076170426906134e-11
22800.04800076804 1.1557511415484295e-10
22850.04800076804 8.470310287928505e-11
22900.04800076804 6.941209279049437e-11
22950.04800076804 5.020619675858279e-11
23000.04800076804 6.530000867676096e-11
23050.04800076804 7.883816768127323e-11
23100.04800076804 3.3385395857793053e-10
23150.04800076804 2.8106057091785705e-10
23200.04800076804 2.2338567380110808e-11
23250.04800076804 7.976299969389731e-11
23300.04800076804 7.964942090938271e-11
23350.04800076804 6.972082224675059e-11
23400.04800076804 6.215479701290713e-11
23450.04800076804 4.099279463064235e-11
23500.04800076804 4.3723767375974225e-11
23550.04800076804 8.680505815668909e-11
23600.04800076804 1.598395865608625e-10
23650.04800076804 1.8050407379493284e-10
23700.04800076804 3.6782930696975876e-11
23750.04800076804 5.176516505623644e-11
