galfind/configs/Brown_Dwarf_templates/sonora_cholla/logkzz4/3162g/700K_3162g_logkzz4_resample.dat
# %ECSV 1.0
# ---
# datatype:
# - {name: wav, unit: Angstrom, datatype: float64}
# - {name: flux_nu, unit: erg / (cm2 Hz s), datatype: float64}
# schema: astropy-2.0
wav flux_nu
[from data line 1210]
63500.04800076804 2.1358583917194932e-08
63550.04800076804 2.9520780505260013e-08
63600.04800076804 2.264863678033561e-08
63650.04800076804 1.8494848177646333e-08
63700.04800076804 5.637719232876909e-09
63750.04800076804 1.2760323869784307e-08
63800.04800076804 2.8283908430294826e-08
63850.04800076804 2.2476072883107484e-08
63900.04800076804 8.186254885988e-09
63950.04800076804 1.6238209694028436e-08
64000.04800076804 2.225646532754951e-08
64050.04800076804 9.189581600752121e-09
64100.04800076804 2.333692466661861e-09
64150.04800076804 3.6332564349586383e-09
64200.04800076804 4.5168718147100685e-09
64250.04800076804 1.2596765615667916e-08
64300.04800076804 1.055879478266585e-08
64350.04800076804 7.169767703603598e-09
64400.04800076804 1.8170690524535103e-08
64450.04800076804 1.971704264793265e-08
64500.04800076804 8.413736723012673e-09
64550.04800076804 1.6892385238505367e-08
64600.04800076804 1.229062270949794e-08
64650.04800076804 1.7788382851519604e-08
64700.04800076804 5.775764986896796e-09
64750.04800076804 8.636847047202186e-09
64800.04800076804 5.009881547120298e-09
64850.04800076804 4.130142482508582e-09
64900.04800076804 4.417425442738206e-09
64950.04800076804 3.548938709672561e-09
65000.04800076804 6.069625052658504e-09
65050.04800076804 1.1820134264165647e-08
65100.04800076804 1.4806431385012495e-08
65150.04800076804 8.744370399166471e-09
65200.04800076804 3.736346672949568e-09
65250.04800076804 8.422839238345799e-09
65300.04800076804 1.1981944019332006e-08
65350.04800076804 2.44897854079926e-08
65400.04800076804 1.0446244589642694e-08
65450.04800076804 1.013434899570222e-08
65500.04800076804 1.2047851494127936e-08
65550.04800076805 5.477764218348053e-09
65600.04800076805 1.1893862433058733e-08
65650.04800076805 7.999644808606194e-09
65700.04800076805 7.3989457735737465e-09
65750.04800076805 5.073157671862967e-09
65800.04800076805 1.0780235391014741e-08
65850.04800076805 1.6249469967699804e-08
65900.04800076805 4.505370553640458e-09
65950.04800076805 7.42328385208077e-09
66000.04800076805 8.910517137193115e-09
66050.04800076805 1.8590405920766884e-08
66100.04800076805 1.0630793569519648e-08
66150.04800076805 1.0894632953310477e-08
66200.04800076805 9.690727450638761e-09
66250.04800076805 5.638256119241132e-09
66300.04800076805 2.6353310830792465e-09
66350.04800076805 2.4511094706361624e-09
66400.04800076805 4.5950937375541496e-09
66450.04800076805 1.309532163311879e-08
66500.04800076805 1.919897356103713e-08
66550.04800076805 1.7619317648412624e-08
66600.04800076805 1.4221989169785742e-08
66650.04800076805 1.077726508360715e-08
66700.04800076805 7.424147723760015e-09
66750.04800076805 8.584312794176377e-09
66800.04800076805 9.640076456344769e-09
66850.04800076805 6.44853215029533e-09
66900.04800076805 2.0294938558553455e-08
66950.04800076805 1.8937114366573816e-08
67000.04800076805 2.6390504597431894e-08
67050.04800076805 1.300247004873122e-08
67100.04800076805 7.6934260675963e-09
67150.04800076805 1.0471957316885574e-08
67200.04800076805 1.5551005253917912e-08
67250.04800076805 1.3148352158449295e-08
67300.04800076805 2.050703305896734e-08
67350.04800076805 8.606511197982702e-09
67400.04800076805 2.167299672919856e-08
67450.04800076805 1.3992729747546391e-08
67500.04800076805 1.3827069421383098e-08
67550.04800076805 2.746247483029758e-08
67600.04800076805 4.196556901947362e-08
67650.04800076805 2.9681539282485795e-08
67700.04800076805 1.796148698194592e-08
67750.04800076805 1.1171805098609747e-08
67800.04800076805 1.6766593368898532e-08
67850.04800076805 7.501920247796287e-09
67900.04800076805 9.446346570362983e-09
67950.04800076805 7.1720138149621e-09
68000.04800076805 1.7948394127870204e-08
68050.04800076805 1.667329429122577e-08
68100.04800076805 2.6849460641414606e-08
68150.04800076805 2.4803064949263783e-08
68200.04800076805 2.0049947397324773e-08
68250.04800076805 4.806892966141683e-09
68300.04800076805 2.114880540939673e-08
68350.04800076805 2.6510595315059356e-08
68400.04800076805 3.38161645178371e-08
68450.04800076805 2.840446931112674e-08
68500.04800076805 1.76074082024693e-08
68550.04800076805 7.418510767784484e-09
68600.04800076805 7.905035475366838e-09
68650.04800076805 3.968766114112009e-09
68700.04800076805 1.0221273604507357e-08
68750.04800076805 1.721725480337192e-08
68800.04800076805 1.8963994250204538e-08
68850.04800076805 9.459674937107427e-09
68900.04800076805 3.0993124331049935e-08
68950.04800076805 3.31197653951137e-08
69000.04800076805 2.2304283374742897e-08
69050.04800076805 1.0871129049391434e-08
69100.04800076805 2.7138055726681294e-08
69150.04800076805 3.8989571125935124e-08
69200.04800076805 2.8369815605707377e-08
69250.04800076805 4.151369548631919e-08
69300.04800076805 3.10182368933969e-08
69350.04800076805 4.177439233625064e-08
69400.04800076805 1.7735204660360112e-08
69450.04800076805 3.6007074860306916e-08
69500.04800076805 1.9876590738965345e-08
69550.04800076805 1.508367918545256e-08
69600.04800076805 4.232807603573906e-09
69650.04800076805 1.5438682210735003e-08
69700.04800076805 2.9583802234171283e-08
69750.04800076805 1.815798883420976e-08
69800.04800076805 2.8307127118043237e-08
69850.04800076805 3.052709385088747e-08
69900.04800076805 2.097155258565406e-08
69950.04800076805 1.9668496856083382e-08
70000.04800076805 2.0376170345457555e-08
70050.04800076805 3.852135444443336e-08
70100.04800076805 2.764113520142211e-08
70150.04800076805 2.603333167611932e-08
70200.04800076805 1.5703465610084302e-08
70250.04800076805 2.0302134351332665e-08
70300.04800076805 3.5489866221644566e-08
70350.04800076805 2.879164178875382e-08
70400.04800076805 1.530620953703202e-08
70450.04800076805 2.9448361219180623e-09
70500.04800076805 1.3049678137555678e-08
70550.04800076805 1.1865215757798547e-08
70600.04800076805 1.5002657764360677e-08
70650.04800076805 2.9111512756043103e-08
70700.04800076805 3.3427871218540015e-08
70750.04800076805 4.7324876326651925e-08
70800.04800076805 2.237408277138013e-08
70850.04800076805 2.2412412880778288e-08
70900.04800076805 2.720703521337358e-08
70950.04800076805 3.6552209449986874e-08
71000.04800076805 3.560372831423018e-08
71050.04800076805 3.5826161109853716e-08
71100.04800076805 2.9091096802341857e-08
71150.04800076805 1.7598078056750332e-08
71200.04800076805 1.7400899734962487e-08
71250.04800076805 2.8717416619786374e-08
71300.04800076805 3.784328380209028e-08
71350.04800076805 3.749708011991231e-08
71400.04800076805 2.9358020225064956e-08
71450.04800076805 1.2017968379415086e-08
71500.04800076805 1.6095826133743857e-08
71550.04800076805 1.727213298891773e-08
71600.04800076805 2.2706834012669233e-08
71650.04800076805 1.3448238769690884e-08
71700.04800076805 9.912665291089946e-09
71750.04800076805 2.170072465642116e-08
71800.04800076805 3.073919999687266e-08
71850.04800076805 3.0407354889642155e-08
71900.04800076805 1.6892611309705976e-08
71950.04800076805 2.484646522103931e-08
72000.04800076805 2.2463348464557525e-08
72050.04800076805 1.061212228022074e-08
72100.04800076805 1.3805634992560358e-08
72150.04800076805 1.7011460700146493e-08
72200.04800076805 2.3258453212067673e-08
72250.04800076805 3.5989363846856525e-08
72300.04800076805 2.1329169283039652e-08
72350.04800076805 2.3590305602979825e-08
72400.04800076805 2.2578941231718834e-08
72450.04800076805 1.843742750028828e-08
72500.04800076805 2.4524081510235738e-08
72550.04800076805 8.836951754361295e-09
72600.04800076805 1.632562570737554e-08
72650.04800076805 3.0004034373035037e-08
72700.04800076805 1.6680534479127342e-08
72750.04800076805 1.7987979733588417e-08
72800.04800076805 1.0813290712740273e-08
72850.04800076805 1.5235009280559557e-08
72900.04800076805 3.15534671500011e-08
72950.04800076805 1.768954095195219e-08
73000.04800076805 1.8645161805117513e-08
73050.04800076805 9.955117465602003e-09
73100.04800076805 1.3198406187238544e-08
73150.04800076805 3.0627404065909424e-08
73200.04800076805 1.3071783396938634e-08
73250.04800076805 1.6405760513543682e-08
73300.04800076805 1.2014313684325563e-08
73350.04800076805 8.516143733313926e-09
73400.04800076805 1.5722272723460473e-08
73450.04800076805 9.719337490584788e-09
73500.04800076805 8.691880940639292e-09
73550.04800076805 1.5431066664331612e-08
73600.04800076805 1.661430940944528e-08
73650.04800076805 1.559138566327586e-08
73700.04800076805 1.4789770069004321e-08
73750.04800076805 5.288598599795281e-09
73800.04800076805 1.310122968118556e-08
73850.04800076805 1.974824268233732e-08
73900.04800076805 1.0185313944844337e-08
73950.04800076805 1.1468800859627923e-08
74000.04800076805 6.20656471176948e-09
74050.04800076805 2.16921097346388e-08
74100.04800076805 1.5568973889861497e-08
74150.04800076805 1.6398736185691955e-08
74200.04800076805 9.057366967651525e-09
74250.04800076805 2.225798357516687e-09
74300.04800076805 1.6325110301309006e-08
74350.04800076805 2.2288212552439175e-08
74400.04800076805 2.0556887816447028e-08
74450.04800076805 8.444824305300483e-09
74500.04800076805 4.793098383101e-09
74550.04800076805 1.0343628752852031e-08
74600.04800076805 1.2736689884483222e-08
74650.04800076805 1.2779126308050787e-08
74700.04800076805 9.079698823829564e-09
74750.04800076805 6.228889223469714e-09
74800.04800076805 8.400329636595387e-09
74850.04800076805 1.7779187105378343e-08
74900.04800076805 2.2280558979155523e-08
74950.04800076805 1.9681240820552305e-08
75000.04800076805 1.0009091523959642e-08
75050.04800076805 2.9537333947953438e-09
75100.04800076805 1.9246215613224353e-08
75150.04800076805 2.414816554443504e-08
75200.04800076805 2.252154922308215e-08
75250.04800076805 2.3620851308244156e-08
75300.04800076805 1.767123609224759e-08
75350.04800076805 5.636698301038871e-09
75400.04800076805 2.527558509232188e-08
75450.04800076805 2.5724324501317257e-08
75500.04800076805 2.2797199780815656e-08
75550.04800076805 2.0023362708336814e-08
75600.04800076805 2.4052829414460258e-08
75650.04800076805 1.3877056827309246e-08
75700.04800076805 2.5570996837546042e-08
75750.04800076805 1.7425267065969055e-08
75800.04800076805 2.120996422656525e-08
75850.04800076805 2.4932911212042152e-08
75900.04800076805 2.3733432665329484e-08
75950.04800076805 1.3040646459003733e-08
76000.04800076805 2.9938749915369326e-08
76050.04800076805 2.4974965144562414e-08
76100.04800076805 2.3415606069436574e-08
76150.04800076805 2.5822165705172353e-08
76200.04800076805 2.2549434901006024e-08
76250.04800076805 1.5440584542278403e-08
76300.04800076805 3.778304769575861e-08
76350.04800076805 4.190269099109045e-08
76400.04800076805 3.205895754069088e-08
76450.04800076805 2.523747578781333e-08
76500.04800076805 1.9859534038586795e-08
76550.04800076805 7.61307059735946e-09
76600.04800076805 1.9312280463222255e-09
76650.04800076805 2.3734685214910502e-09
76700.04800076805 3.576809470588648e-09
76750.04800076805 3.5940638500663083e-09
76800.04800076805 7.663605584918693e-09
76850.04800076805 4.324102669168905e-09
76900.04800076805 3.687654938717007e-09
76950.04800076805 8.189782806568455e-09
77000.04800076805 1.2743492258767131e-08
77050.04800076805 3.670300229076383e-09
77100.04800076805 5.219248481690366e-09
77150.04800076805 1.4687851921149812e-08
77200.04800076805 8.731760126232941e-09
77250.04800076805 7.93923225414273e-09
77300.04800076805 1.3256425132949937e-08
77350.04800076805 6.553825280098518e-09
77400.04800076805 9.135237070526618e-09
77450.04800076805 1.8237752571931262e-08
77500.04800076805 1.3147156451071389e-08
77550.04800076805 1.0612570566530399e-08
77600.04800076805 6.899055919731263e-09
77650.04800076805 9.085830162842185e-09
77700.04800076805 9.636282132504186e-09
77750.04800076805 1.7727482860015367e-08
77800.04800076805 2.0044873824348923e-08
77850.04800076805 3.015612117205922e-08
77900.04800076805 1.4513744932809919e-08
77950.04800076805 4.448222172755727e-09
78000.04800076805 1.3235083495244981e-08
78050.04800076805 1.3546375570164171e-08
78100.04800076805 1.5453014699793184e-08
78150.04800076805 2.3596246573607913e-08
78200.04800076805 3.0091763149327094e-08
78250.04800076805 2.444268914632959e-08
78300.04800076805 1.1161126196609291e-08
78350.04800076805 2.0014912779014987e-08
78400.04800076805 8.419684724668707e-09
78450.04800076805 1.8995296119476572e-08
78500.04800076805 3.063012369039206e-08
78550.04800076805 3.409982368286853e-08
78600.04800076805 2.5370073746458434e-08
78650.04800076805 4.464215271179129e-09
78700.04800076805 9.439713801820668e-09
78750.04800076805 1.6678185904490767e-08
78800.04800076805 1.4325517683231041e-08
78850.04800076805 6.187338329354727e-09
78900.04800076805 1.5380663158259714e-08
78950.04800076805 2.2223220783359602e-08
79000.04800076805 1.732985958724654e-08
79050.04800076805 1.403950557986388e-08
79100.04800076805 2.0428189813425853e-08
79150.04800076805 1.481182405068129e-08
79200.04800076805 1.8036501912288532e-08
79250.04800076805 9.898919534010293e-09
79300.04800076805 1.2182825109723695e-08
79350.04800076805 1.520308359947237e-08
79400.04800076805 8.338277878755036e-09
79450.04800076805 2.689148269567498e-08
79500.04800076805 3.544091175455071e-08
79550.04800076805 3.0282658381948455e-08
79600.04800076805 1.4959264756337364e-08
79650.04800076805 2.4844756524801706e-08
79700.04800076805 1.821876644728844e-08
79750.04800076805 1.7264134311833804e-08
79800.04800076805 1.2079029899799594e-08
79850.04800076805 2.3059332206598226e-08
79900.04800076805 4.0571918907854864e-08
79950.04800076805 3.9575876027584e-08
