galfind/configs/Brown_Dwarf_templates/sonora_cholla/logkzz4/3162g/750K_3162g_logkzz4_resample.dat
# %ECSV 1.0
# ---
# datatype:
# - {name: wav, unit: Angstrom, datatype: float64}
# - {name: flux_nu, unit: erg / (cm2 Hz s), datatype: float64}
# schema: astropy-2.0
wav flux_nu
[from data line 1162]
68100.00000000009 3.9916808867130125e-08
68150.00000000009 3.582687906060952e-08
68200.00000000009 3.0492483917375173e-08
68250.00000000009 8.135103321853256e-09
68300.00000000009 3.14696634341682e-08
68350.00000000009 3.4862002137003105e-08
68400.00000000009 4.8325283340043374e-08
68450.00000000009 4.080793920797285e-08
68500.00000000009 2.725144464103331e-08
68550.00000000009 1.2448191435877746e-08
68600.00000000009 1.3364817700022758e-08
68650.00000000009 7.045894547823726e-09
68700.00000000009 1.6538033444859278e-08
68750.00000000009 2.618580486072281e-08
68800.00000000009 2.8971050004621863e-08
68850.00000000009 1.4061422504128187e-08
68900.00000000009 4.527410527262945e-08
68950.00000000009 4.8149751478637825e-08
69000.00000000009 3.384978503440093e-08
69050.00000000009 1.7353110966939608e-08
69100.00000000009 4.0760230271509175e-08
69150.00000000009 5.565469286356142e-08
69200.00000000009 3.842775568815205e-08
69250.00000000009 5.8029419049789914e-08
69300.00000000009 4.3552633348155335e-08
69350.00000000009 5.758734155464588e-08
69400.00000000009 2.4526699830873678e-08
69450.00000000009 5.137234638488441e-08
69500.00000000009 2.8294752091700568e-08
69550.00000000009 2.3521192501290434e-08
69600.00000000009 7.116550726544658e-09
69650.00000000009 2.329609306758984e-08
69700.00000000009 4.313894855533551e-08
69750.00000000009 2.7188963263733466e-08
69800.00000000009 4.048925548140892e-08
69850.00000000009 4.42621884969006e-08
69900.00000000009 3.162612972608714e-08
69950.00000000009 2.9601997277880896e-08
70000.00000000009 2.9496759978045276e-08
70050.00000000009 5.4008775948966787e-08
70100.00000000009 3.795022007536248e-08
70150.00000000009 3.712123321814152e-08
70200.00000000009 2.34436003299405e-08
70250.00000000009 3.064443593201579e-08
70300.00000000009 5.126667396314848e-08
70350.00000000009 4.0754241974019805e-08
70400.00000000009 2.2880104599810166e-08
70450.00000000009 5.56757959597544e-09
70500.00000000009 1.9090942797440346e-08
70550.00000000009 1.7999029592410063e-08
70600.00000000009 2.177256307064351e-08
70650.00000000009 4.173261161054857e-08
70700.00000000009 4.5121192126232935e-08
70750.00000000009 6.385842071475088e-08
70800.00000000009 3.1447100827317675e-08
70850.00000000009 3.0858125401149775e-08
70900.00000000009 3.673562574577913e-08
70950.00000000009 4.958846341480184e-08
71000.00000000009 4.791297606421928e-08
71050.00000000009 4.7457692496354916e-08
71100.00000000009 3.946197642201322e-08
71150.00000000009 2.607932425796998e-08
71200.00000000009 2.4648628193495867e-08
71250.00000000009 3.817820788001106e-08
71300.00000000009 4.961194273459059e-08
71350.00000000009 4.993678828153969e-08
71400.00000000009 4.0818827821754914e-08
71450.00000000009 1.8404935615728787e-08
71500.00000000009 2.314539755214065e-08
71550.00000000009 2.4787038843818756e-08
71600.00000000009 3.2493774523482766e-08
71650.00000000009 2.0682566833179414e-08
71700.00000000009 1.5594398318368856e-08
71750.00000000009 3.086740774925997e-08
71800.00000000009 4.23661438133177e-08
71850.00000000009 4.175864580975652e-08
71900.00000000009 2.360392753591941e-08
71950.00000000009 3.364315754368816e-08
72000.00000000009 3.0796983135060163e-08
72050.00000000009 1.6141599783214373e-08
72100.00000000009 2.0401031064280095e-08
72150.00000000009 2.3021237656219705e-08
72200.00000000009 3.188160494787544e-08
72250.00000000009 4.6891335321165344e-08
72300.00000000009 2.95555957204686e-08
72350.00000000009 3.221330487455119e-08
72400.00000000009 3.0749326071449536e-08
72450.00000000009 2.558125228157353e-08
72500.00000000009 3.338971129702962e-08
72550.00000000009 1.29656180966584e-08
72600.00000000009 2.284574228120535e-08
72650.00000000009 4.021627616946012e-08
72700.00000000009 2.483288334825159e-08
72750.00000000009 2.6458809924630252e-08
72800.00000000009 1.6581313863416876e-08
72850.00000000009 2.195565598624941e-08
72900.00000000009 4.2899537585909394e-08
72950.00000000009 2.5513298561258123e-08
73000.00000000009 2.648426102472034e-08
73050.00000000009 1.5358969197886086e-08
73100.00000000009 1.891776695896543e-08
73150.00000000009 4.2638781959511096e-08
73200.00000000009 1.9089687942765465e-08
73250.00000000009 2.425347654200319e-08
73300.00000000009 1.8458960929435264e-08
73350.00000000009 1.3444937525779043e-08
73400.00000000009 2.312635048044549e-08
73450.00000000009 1.4648024202900101e-08
73500.00000000009 1.343480447306696e-08
73550.00000000009 2.3087210572566583e-08
73600.00000000009 2.3555391871491345e-08
73650.00000000009 2.309123446518329e-08
73700.00000000009 2.249716355404451e-08
73750.00000000009 9.149603465234492e-09
73800.00000000009 1.9792983919139888e-08
73850.00000000009 2.7994598286631103e-08
73900.00000000009 1.6574804338198033e-08
73950.00000000009 1.745269414251331e-08
74000.00000000009 1.0635929511088757e-08
74050.00000000009 3.231836703985823e-08
74100.00000000009 2.2738148198233806e-08
74150.00000000009 2.3775910619528522e-08
74200.00000000009 1.520204128327516e-08
74250.00000000009 4.437446880795995e-09
74300.00000000009 2.3424404006167047e-08
74350.00000000009 3.172274729890642e-08
74400.00000000009 2.98211714191817e-08
74450.00000000009 1.3322058346956893e-08
74500.00000000009 8.439177856595023e-09
74550.00000000009 1.6669264786792758e-08
74600.00000000009 1.9001720513078042e-08
74650.00000000009 1.8888685279460776e-08
74700.00000000009 1.3467860959699417e-08
74750.00000000009 1.060109672519694e-08
74800.00000000009 1.3863944961918156e-08
74850.00000000009 2.3639599481253912e-08
74900.00000000009 3.1807469862099244e-08
74950.00000000009 2.911463360719729e-08
75000.00000000009 1.570616083370994e-08
75050.00000000009 6.2389203323804705e-09
75100.00000000009 2.92675552238204e-08
75150.00000000009 3.2663963290137066e-08
75200.00000000009 3.179481846469348e-08
75250.00000000009 3.497723211464883e-08
75300.00000000009 2.7810038236672557e-08
75350.00000000009 1.0032556918663068e-08
75400.00000000009 3.71608520099868e-08
75450.00000000009 3.433234181688939e-08
75500.00000000009 3.087135368970889e-08
75550.00000000009 2.9384133295657786e-08
75600.00000000009 3.6270992897562445e-08
75650.00000000009 2.200591387407071e-08
75700.00000000009 3.487139468239644e-08
75750.00000000009 2.357589351886157e-08
75800.00000000009 3.027989574218416e-08
75850.00000000009 3.5595395666269405e-08
75900.00000000009 3.3003510099881376e-08
75950.00000000009 1.8917078184205372e-08
76000.00000000009 3.9722694737282544e-08
76050.00000000009 3.4099298596172184e-08
76100.00000000009 3.2715396691339364e-08
76150.00000000009 3.580471798083045e-08
76200.00000000009 3.2208167352284295e-08
76250.00000000009 2.5541092952462433e-08
76300.00000000009 5.42743510361265e-08
76350.00000000009 6.134958216191063e-08
76400.00000000009 4.5177834982020236e-08
76450.00000000009 3.723017602167878e-08
76500.00000000009 2.968015823162642e-08
76550.00000000009 1.3136074108898968e-08
76600.00000000009 3.798457799638366e-09
76650.00000000009 4.933565452609852e-09
76700.00000000009 6.7349360732244364e-09
76750.00000000009 6.534862473963998e-09
76800.00000000009 1.3025158783391937e-08
76850.00000000009 6.683149387639059e-09
76900.00000000009 6.4039173622107855e-09
76950.00000000009 1.2968984627494203e-08
77000.00000000009 1.7811484046311065e-08
77050.00000000009 6.770495058770359e-09
77100.00000000009 9.053908614738908e-09
77150.00000000009 2.0350769852397426e-08
77200.00000000009 1.3641954165402192e-08
77250.00000000009 1.3450584950753174e-08
77300.00000000009 1.8906440092954943e-08
77350.00000000009 9.486269404003134e-09
77400.00000000009 1.2569655650057348e-08
77450.00000000009 2.275266429779614e-08
77500.00000000009 1.752270691293439e-08
77550.00000000009 1.5585218852792963e-08
77600.00000000009 1.1745162370803606e-08
77650.00000000009 1.45178295102126e-08
77700.00000000009 1.4345595916212846e-08
77750.00000000009 2.513596762764153e-08
77800.00000000009 2.6357323997420394e-08
77850.00000000009 4.103168150582715e-08
77900.00000000009 2.2325047483132024e-08
77950.00000000009 8.314549409511962e-09
78000.00000000009 1.951074343627261e-08
78050.00000000009 1.945091279178068e-08
78100.00000000009 2.070854674229423e-08
78150.00000000009 3.217728006628312e-08
78200.00000000009 3.905233596028734e-08
78250.00000000009 3.559456544752146e-08
78300.00000000009 1.868545257987143e-08
78350.00000000009 2.9413095673331385e-08
78400.00000000009 1.3503094846212877e-08
78450.00000000009 2.870977103054871e-08
78500.00000000009 4.145610063720758e-08
78550.00000000009 4.526350671704834e-08
78600.00000000009 3.4880932609406514e-08
78650.00000000009 7.696954985631502e-09
78700.00000000009 1.4833287020786877e-08
78750.00000000009 2.3159810313599843e-08
78800.00000000009 2.284845749602997e-08
78850.00000000009 1.0237621100392716e-08
78900.00000000009 2.2775002553627813e-08
78950.00000000009 3.03066168270706e-08
79000.00000000009 2.5450062355741215e-08
79050.00000000009 2.0790456947141418e-08
79100.00000000009 2.8090003293904008e-08
79150.00000000009 2.2790278321583483e-08
79200.00000000009 2.6909657281494195e-08
79250.00000000009 1.6087848124963213e-08
79300.00000000009 1.7935559389522366e-08
79350.00000000009 2.338307913534501e-08
79400.00000000009 1.3597666903419904e-08
79450.00000000009 3.7287257353665426e-08
79500.00000000009 4.883688790627134e-08
79550.00000000009 4.3480702895594373e-08
79600.00000000009 2.088946006472076e-08
79650.00000000009 3.32020126157817e-08
79700.00000000009 2.6717531902154845e-08
79750.00000000009 2.6178062530816316e-08
79800.00000000009 1.9171631111006264e-08
79850.00000000009 3.1370782717349814e-08
79900.00000000009 5.5390441023437316e-08
79950.00000000009 5.113804862737608e-08
