galfind/configs/Brown_Dwarf_templates/sonora_cholla/logkzz4/3162g/750K_3162g_logkzz4_resample.dat
# %ECSV 1.0
# ---
# datatype:
# - {name: wav, unit: Angstrom, datatype: float64}
# - {name: flux_nu, unit: erg / (cm2 Hz s), datatype: float64}
# schema: astropy-2.0
wav flux_nu
10000.000000000093 nan
10050.000000000093 4.070925330447344e-08
10100.000000000093 4.430829508518805e-08
10150.000000000093 4.535891218647753e-08
10200.000000000093 4.6365297606788665e-08
10250.000000000093 4.992432766114258e-08
10300.000000000093 5.339106395383635e-08
10350.000000000093 5.20122755878025e-08
10400.000000000093 5.475702495655963e-08
10450.000000000093 5.586062105664344e-08
10500.000000000093 5.601888760155158e-08
10550.000000000093 5.633355092963789e-08
10600.000000000093 5.508356182742444e-08
10650.000000000093 5.3744408268867665e-08
10700.000000000093 5.139580923171952e-08
10750.000000000093 4.996549889716283e-08
10800.000000000093 4.780393091193796e-08
10850.000000000093 4.46948916591258e-08
10900.000000000093 3.73407365696719e-08
10950.000000000093 2.4227519677455786e-08
11000.000000000093 1.592767139510484e-08
11050.000000000093 8.926472961923815e-09
11100.000000000093 4.727037349286631e-09
11150.000000000093 2.5098246109214192e-09
11200.000000000093 2.575386130652163e-09
11250.000000000093 4.032319853379895e-09
11300.000000000093 4.755964276458134e-09
11350.000000000093 1.994898406585236e-09
11400.000000000093 6.645024798824312e-09
11450.000000000093 4.080979533965905e-09
11500.000000000093 4.312812488944705e-09
11550.000000000093 2.140922081291101e-09
11600.000000000093 1.8456496453258704e-09
11650.000000000093 3.656041783934822e-09
11700.000000000093 4.3785329175719134e-09
11750.000000000093 2.6145172157960864e-09
11800.000000000093 7.100683386426861e-09
11850.000000000093 1.026778838590939e-08
11900.000000000093 1.2973584942682676e-08
11950.000000000093 1.7078874482666184e-08
12000.000000000093 2.1485512170503707e-08
12050.000000000093 2.6498108439671977e-08
12100.000000000093 3.105615355173695e-08
12150.000000000093 3.660951741775473e-08
12200.000000000093 4.0880476791456666e-08
12250.000000000093 4.641079563416729e-08
12300.000000000093 5.3192320380039e-08
12350.000000000093 5.6354467749205945e-08
12400.000000000093 6.42347412150542e-08
12450.000000000093 7.133746512393274e-08
12500.000000000093 7.671622071629601e-08
12550.000000000093 8.218880313134582e-08
12600.000000000093 8.69855265048163e-08
12650.000000000093 8.96294528726704e-08
12700.000000000093 9.081441571713947e-08
12750.000000000093 8.485905876477472e-08
12800.000000000093 7.957559130766105e-08
12850.000000000093 6.826770102887283e-08
12900.000000000093 6.141910266005416e-08
12950.000000000093 5.5636976983706606e-08
13000.000000000093 5.6452591621015825e-08
13050.000000000093 4.811104383983821e-08
13100.000000000093 4.844024401488591e-08
13150.000000000093 3.790484685717628e-08
13200.000000000093 3.684519409454523e-08
13250.000000000093 2.6172863626836202e-08
13300.000000000093 1.2742100377806911e-08
13350.000000000093 4.350544453052207e-09
13400.000000000093 8.787605237815007e-10
13450.000000000093 3.317191456787781e-10
13500.000000000093 1.372489336279795e-10
13550.000000000093 5.542882797409541e-11
13600.000000000093 2.6179971727420168e-11
13650.000000000093 1.3211638972294974e-10
13700.000000000093 8.200497161477307e-11
13750.000000000093 2.5196779064863785e-10
13800.000000000093 2.965392943186223e-10
13850.000000000093 1.0493140225026665e-10
13900.000000000093 1.3327332476327652e-10
13950.000000000093 1.3432229134322988e-10
14000.000000000093 1.8015134941812219e-10
14050.000000000093 2.4678210599152834e-10
14100.000000000093 1.8602336939013404e-10
14150.000000000093 3.404183927771018e-10
14200.000000000093 2.366462978635009e-10
14250.000000000093 3.006160668652866e-10
14300.000000000093 8.763159234546511e-10
14350.000000000093 7.501038654506189e-10
14400.000000000093 7.463439143849241e-10
14450.000000000093 1.3060550515289542e-09
14500.000000000093 2.585460310227165e-09
14550.000000000093 2.682443853133154e-09
14600.000000000093 5.278782213676243e-09
14650.000000000093 4.1502243659024425e-09
14700.000000000093 2.442100451119457e-09
14750.000000000093 3.370697131116291e-09
14800.000000000093 3.843818909639343e-09
14850.000000000093 4.417076882843516e-09
14900.000000000093 4.7761483035980026e-09
14950.000000000093 6.296590524965232e-09
15000.000000000093 8.824592054784296e-09
15050.000000000093 1.014589483124451e-08
15100.000000000093 1.0084765398156397e-08
15150.000000000093 9.57233743440311e-09
15200.000000000093 1.2996076060522146e-08
15250.000000000093 1.7941222796156482e-08
15300.000000000093 2.063530582119413e-08
15350.000000000093 2.5076714267963378e-08
15400.000000000093 2.9303171652693605e-08
15450.000000000093 3.2443444825858266e-08
15500.000000000093 3.645432579959438e-08
15550.000000000093 4.2227376736387315e-08
15600.000000000093 4.816705451426647e-08
15650.000000000093 5.384388069465688e-08
15700.000000000093 6.051812220873039e-08
15750.000000000093 6.357358034042537e-08
15800.000000000093 6.554582747739594e-08
15850.000000000093 6.74651313211339e-08
15900.000000000093 6.652657599964345e-08
15950.000000000093 6.270169146018599e-08
16000.000000000093 5.568133180115405e-08
16050.000000000093 4.379710684783211e-08
16100.000000000093 3.2873683407165305e-08
16150.000000000093 2.228369233944701e-08
16200.000000000093 1.3775043472352768e-08
16250.000000000093 1.1050571800159932e-08
16300.000000000093 8.821969716347388e-09
16350.000000000093 9.612792094085787e-09
16400.000000000095 1.1029522914565015e-08
16450.000000000095 1.1650299581418744e-08
16500.000000000095 1.2665347477222157e-08
16550.000000000095 1.2535158130398549e-08
16600.000000000095 1.594948853292478e-08
16650.000000000095 9.849904428891435e-09
16700.000000000095 3.2373261369047764e-09
16750.000000000095 7.961422285114496e-09
16800.000000000095 1.1070285873974821e-08
16850.000000000095 1.0585337401030178e-08
16900.000000000095 8.073097777754192e-09
16950.000000000095 6.598379234693682e-09
17000.000000000095 4.9540032220808216e-09
17050.000000000095 7.207898085591623e-09
17100.000000000095 9.025131726025953e-09
17150.000000000095 7.221779157882995e-09
17200.000000000095 1.2128051215401565e-08
17250.000000000095 8.605286476244804e-09
17300.000000000095 7.175471414358918e-09
17350.000000000095 7.0949131715525015e-09
17400.000000000095 7.994499050915732e-09
17450.000000000095 8.716254845905776e-09
17500.000000000095 9.767738969883257e-09
17550.000000000095 7.637163648231573e-09
17600.000000000095 6.698028121613509e-09
17650.000000000095 5.52900361109088e-09
17700.000000000095 4.49675683373243e-09
17750.000000000095 3.31904332470748e-09
17800.000000000095 4.331413881784524e-09
17850.000000000095 2.55395409339228e-09
17900.000000000095 2.509034536630798e-09
17950.000000000095 1.4458705014239317e-09
18000.000000000095 2.217190966480983e-09
18050.000000000095 1.1267894841137344e-09
18100.000000000095 1.3042289361916931e-09
18150.000000000095 1.3417354062067069e-09
18200.000000000095 7.887523545470645e-10
18250.000000000095 2.46117978749285e-09
18300.000000000095 6.932190533966109e-10
18350.000000000095 6.505980006397963e-10
18400.000000000095 4.659142145584434e-10
18450.000000000095 1.5407646451181777e-09
18500.000000000095 1.4305357298165263e-09
18550.000000000095 8.059717156153224e-10
18600.000000000095 9.048730791181574e-10
18650.000000000095 6.07295159562262e-10
18700.000000000095 2.66996759424459e-10
18750.000000000095 6.047390951486092e-10
18800.000000000095 2.6699068185923473e-09
18850.000000000095 2.5681289082481185e-09
18900.000000000095 2.11563078026657e-09
18950.000000000095 4.195597885080825e-09
19000.000000000095 1.4364070978585023e-09
19050.000000000095 8.113659612465333e-10
19100.000000000095 2.0585156916651453e-09
19150.000000000095 9.93272891870826e-10
19200.000000000095 1.7857417875361484e-09
19250.000000000095 1.2081962052394382e-09
19300.000000000095 8.954819466945264e-10
19350.000000000095 9.959719751085855e-10
19400.000000000095 6.830268868379493e-10
19450.000000000095 1.3709343647388972e-09
19500.000000000095 1.4477330579715516e-09
19550.000000000095 1.159366032904672e-09
19600.000000000095 1.809477839920926e-09
19650.000000000095 2.252003740884312e-09
19700.000000000095 2.4298965527205075e-09
19750.000000000095 3.332326826040393e-09
19800.000000000095 3.026574633891217e-09
19850.000000000095 4.506930007650943e-09
19900.000000000095 3.97792095332145e-09
19950.000000000095 5.5834867207564554e-09
20000.000000000095 5.378532054811053e-09
20050.000000000095 5.736088475069627e-09
20100.000000000095 7.27205988349906e-09
20150.000000000095 5.9462845763961395e-09
20200.000000000095 5.9006058217144046e-09
20250.000000000095 7.735840674026998e-09
20300.000000000095 7.589344200673882e-09
20350.000000000095 8.395756591410121e-09
20400.000000000095 8.016623880772869e-09
20450.000000000095 9.877247221698287e-09
20500.000000000095 1.0209748949572494e-08
20550.000000000095 1.0398825403272039e-08
20600.000000000095 1.0852081744463959e-08
20650.000000000095 1.1121334725168284e-08
20700.000000000095 1.1110086854982966e-08
20750.000000000095 1.136868960104663e-08
20800.000000000095 1.1160561514769233e-08
20850.000000000095 1.1392061194849987e-08
20900.000000000095 1.137649308155082e-08
20950.000000000095 1.1128429955479975e-08
21000.000000000095 1.093756783927467e-08
21050.000000000095 1.0838092803485447e-08
21100.000000000095 1.062303091494884e-08
21150.000000000095 1.0533454183028274e-08
21200.000000000095 1.021923937087737e-08
21250.000000000095 9.918438036841459e-09
21300.000000000095 9.413402600285987e-09
21350.000000000095 9.129463982581157e-09
21400.000000000095 9.093769426535672e-09
21450.000000000095 8.16691352000628e-09
21500.000000000095 7.977676705272222e-09
21550.000000000095 7.730300846017365e-09
21600.000000000095 7.260313512194302e-09
21650.000000000095 6.714628265961172e-09
21700.000000000095 6.93017944373196e-09
21750.000000000095 6.505546120696646e-09
21800.000000000095 5.697989912071899e-09
21850.000000000095 5.1372683355236216e-09
21900.000000000095 4.457521524388652e-09
21950.000000000095 2.68509196749298e-09
22000.000000000095 7.772163271223501e-10
22050.000000000095 9.480050376235117e-10
22100.000000000095 2.2908368465622545e-09
22150.000000000095 2.136129515221692e-09
22200.000000000095 1.93308752567106e-09
22250.000000000095 1.8222203380014839e-09
22300.000000000095 1.2269689131099644e-09
22350.000000000095 1.3324564775760295e-09
22400.000000000095 8.087953895937823e-10
22450.000000000095 7.956981633804468e-10
22500.000000000095 8.443115870122014e-10
22550.000000000095 5.336169131782569e-10
22600.000000000095 6.167318002078712e-10
22650.000000000095 8.431572574140718e-10
22700.000000000095 6.761353739497068e-10
22750.000000000095 7.247158121723634e-10
22800.000000000095 8.411345912775598e-10
22850.000000000095 6.63250438868788e-10
22900.000000000095 5.511330467456931e-10
22950.000000000095 4.398059984963965e-10
23000.000000000095 5.714985409404358e-10
23050.000000000095 7.113438595520792e-10
23100.000000000095 2.0945053312947466e-09
23150.000000000095 1.8414358119712286e-09
23200.000000000095 2.2141325983423376e-10
23250.000000000095 5.65735771627321e-10
23300.000000000095 5.772420155780175e-10
23350.000000000095 4.948210896693062e-10
23400.000000000095 4.970373929476278e-10
23450.000000000095 3.6855268279777953e-10
23500.000000000095 3.860924711198049e-10
23550.000000000095 6.555996934675829e-10
23600.000000000095 1.020339023129579e-09
23650.000000000095 1.1543924778322473e-09
23700.000000000095 3.229676205190609e-10
23750.000000000095 3.8652742332999076e-10
23800.000000000095 1.0471731469959557e-09
23850.000000000095 7.756510714867769e-10
23900.000000000095 1.4380794175645544e-09
23950.000000000095 9.797552930077915e-10
24000.000000000095 1.7425007847272637e-09
24050.000000000095 1.7027146050961001e-09
24100.000000000095 1.661831005022273e-09
24150.000000000095 2.198407398629676e-09
24200.000000000095 2.0611732957554042e-09
24250.000000000095 1.6620758373062131e-09
24300.000000000095 2.7284975301986278e-09
24350.000000000095 1.8983604745433684e-09
24400.000000000095 3.5105049459426106e-09
24450.000000000095 3.128045237217195e-09
24500.000000000095 2.931335603646326e-09
24550.000000000095 4.128185343916929e-09
24600.000000000095 4.4057709617358355e-09
24650.000000000095 5.155057083061168e-09
24700.000000000095 3.6205651854480453e-09
24750.000000000095 4.002067816646972e-09
24800.000000000095 3.603939419926638e-09
24850.000000000095 5.522859540114957e-09
24900.000000000095 2.09088617855728e-09
24950.000000000095 4.269207208763402e-09
25000.000000000095 3.8684725697652834e-09
25050.000000000095 2.0402409297975345e-09
25100.000000000095 3.468507858640359e-09
25150.000000000095 1.721024059074414e-09
25200.000000000095 2.4411935800289606e-09
25250.000000000095 1.039993182531255e-09
25300.000000000095 1.5408872475323666e-09
25350.000000000095 6.993724200662422e-10
25400.000000000095 1.7854733845885677e-09
25450.000000000095 7.342563152740754e-10
25500.000000000095 6.668601017404643e-10
25550.000000000095 1.3098466504011124e-09
25600.000000000095 8.699313529417399e-10
25650.000000000095 3.8655397091598163e-10
25700.000000000095 6.472539459385322e-10
25750.000000000095 2.421354952453603e-10
25800.000000000095 9.721726066180164e-10
25850.000000000095 2.473405670444718e-10
25900.000000000095 4.332725561064804e-10
25950.000000000095 1.4442707774248378e-10
26000.000000000095 9.247258396204436e-10
26050.000000000095 2.1562892690212958e-10
26100.000000000095 8.274651501597011e-10
26150.000000000095 4.3163313738766526e-10
26200.000000000095 5.182893182577942e-10
26250.000000000095 1.9957846208462395e-09
26300.000000000095 6.425878360329265e-10
26350.000000000095 3.1315940287440357e-09
26400.000000000095 3.337301225629294e-09
26450.000000000095 2.1690667828759382e-09
26500.000000000095 3.792663884449172e-09
26550.000000000095 8.800511480638712e-10
26600.000000000095 9.362286856476704e-10
26650.000000000095 2.5329467689422003e-10
26700.000000000095 1.813940653179877e-10
26750.000000000095 1.9637538323955432e-10
26800.000000000095 3.9142845079391863e-10
26850.000000000095 2.3990798350236864e-10
26900.000000000095 8.666089204964359e-10
26950.000000000095 3.7012266709125884e-10
27000.000000000095 1.493664180913838e-09
27050.000000000095 1.5840143084401915e-09
27100.000000000095 4.159079525209587e-10
27150.000000000095 2.211489412651464e-09
27200.000000000095 3.9619722592117054e-10
27250.000000000095 8.589691416022347e-10
27300.000000000095 4.191524998116174e-09
27350.000000000095 1.7600130696817921e-09
27400.000000000095 1.945850284855514e-10
27450.000000000095 2.0923356082994427e-09
27500.000000000095 2.907448741569897e-09
27550.000000000095 5.61062306742939e-10
27600.000000000095 1.3399319591977202e-09
27650.000000000095 4.723650673165397e-10
27700.000000000095 4.0975214710084375e-10
27750.000000000095 1.7343028074774577e-09
27800.000000000095 7.170801013420279e-10
27850.000000000095 8.916259826031843e-10
27900.000000000095 1.2562770565932447e-09
27950.000000000095 2.5532540494355933e-09
28000.000000000095 1.8199678239760215e-09
28050.000000000095 4.5095028005103734e-10
28100.000000000095 2.7636181868759084e-09
28150.000000000095 1.7570068236341411e-09
28200.000000000095 6.420800825088301e-10
28250.000000000095 3.470515916860482e-09
28300.000000000095 4.160839019756309e-09
28350.000000000095 7.622826560187021e-10
28400.000000000095 2.5323780732382952e-09
28450.000000000095 4.650252142077866e-09
28500.000000000095 2.3771641778365167e-09
28550.000000000095 7.649909871351094e-10
28600.000000000095 4.233714823568008e-09
28650.000000000095 3.3411990426228213e-09
28700.000000000095 3.0476536015713423e-09
28750.000000000095 6.431868137116644e-09
28800.000000000095 4.776657439225846e-09
28850.000000000095 5.592321815353952e-09
28900.000000000095 2.7209411356052763e-09
28950.000000000095 6.880747142517361e-09
29000.000000000095 5.2471165844035895e-09
29050.000000000095 5.962879862746729e-09
29100.000000000095 4.1488436317557146e-09
29150.000000000095 9.201011105025214e-09
29200.000000000095 6.101017280895084e-09
29250.000000000095 8.62263664365237e-09
29300.000000000095 5.0752676170822905e-09
29350.000000000095 2.0754668462825214e-08
