galfind/configs/Brown_Dwarf_templates/sonora_cholla/logkzz4/3162g/800K_3162g_logkzz4_resample.dat
# %ECSV 1.0
# ---
# datatype:
# - {name: wav, unit: Angstrom, datatype: float64}
# - {name: flux_nu, unit: erg / (cm2 Hz s), datatype: float64}
# schema: astropy-2.0
wav flux_nu
[from data line 417]
23850.04800076804 1.6500324383110585e-09
23900.04800076804 2.965326253130918e-09
23950.04800076804 2.170139282727369e-09
24000.04800076804 3.600847436771475e-09
24050.04800076804 3.5673209768733953e-09
24100.04800076804 3.336752677956475e-09
24150.04800076804 4.301374708236978e-09
24200.04800076804 4.135620449129249e-09
24250.04800076804 3.378343150857668e-09
24300.04800076804 5.2103861423653536e-09
24350.04800076804 3.7095350905587103e-09
24400.04800076804 6.543308018038695e-09
24450.04800076804 5.726463673897193e-09
24500.04800076804 5.5487150251332765e-09
24550.04800076804 7.322932133402205e-09
24600.04800076804 7.784191872087828e-09
24650.04800076804 9.09492415326128e-09
24700.04800076804 6.345423433256293e-09
24750.04800076804 6.847623793256805e-09
24800.04800076804 6.314701921953525e-09
24850.04800076804 9.713256775881188e-09
24900.04800076804 3.76845996689536e-09
24950.04800076804 7.543211245457007e-09
25000.04800076804 6.797547526999445e-09
25050.04800076804 3.7200098660373817e-09
25100.04800076804 6.1134591186372045e-09
25150.04800076804 3.1730362053566153e-09
25200.04800076804 4.427490111570402e-09
25250.04800076804 2.035863465872562e-09
25300.04800076804 3.0148421231472603e-09
25350.04800076804 1.4253455071260746e-09
25400.04800076804 3.440989360014763e-09
25450.04800076804 1.5193671715849754e-09
25500.04800076804 1.3776528335278261e-09
25550.04800076804 2.5170625908853076e-09
25600.04800076804 1.7725745072421162e-09
25650.04800076804 8.453792287243272e-10
25700.04800076804 1.5287490224553375e-09
25750.04800076804 5.98031203472078e-10
25800.04800076804 2.122789774132165e-09
25850.04800076804 6.064506303553825e-10
25900.04800076804 1.030342707846884e-09
25950.04800076804 3.887962869910008e-10
26000.04800076804 2.007716202973008e-09
26050.04800076804 5.648027627020339e-10
26100.04800076804 1.927368796609424e-09
26150.04800076804 1.0845364532551883e-09
26200.04800076804 1.2680057005507705e-09
26250.04800076804 4.1461054667166105e-09
26300.04800076804 1.583838643207122e-09
26350.04800076804 5.641733068349894e-09
26400.04800076804 5.932554378828099e-09
26450.04800076804 4.5426363027368706e-09
26500.04800076804 6.95691761013407e-09
26550.04800076804 1.9706266186803922e-09
26600.04800076804 2.154684224711331e-09
26650.04800076804 6.611277383976366e-10
26700.04800076804 4.817444114330247e-10
26750.04800076804 5.012973616250636e-10
26800.04800076804 9.233964320173469e-10
26850.04800076804 5.540406514668234e-10
26900.04800076804 1.808335075306e-09
26950.04800076804 8.071692551883702e-10
27000.04800076804 2.841026883005494e-09
27050.04800076804 2.978175396087741e-09
27100.04800076804 9.924942414652566e-10
27150.04800076804 4.211297880907511e-09
27200.04800076804 9.879903852360916e-10
27250.04800076804 1.9207154249233735e-09
27300.04800076804 7.823335095267992e-09
27350.04800076804 3.696398425328262e-09
27400.04800076804 4.978555413965375e-10
27450.04800076804 4.4227549769140945e-09
27500.04800076804 5.912486556277181e-09
27550.04800076804 1.317887656017491e-09
27600.04800076804 2.9392133897715226e-09
27650.04800076804 1.1216172153616833e-09
27700.04800076804 9.435583557749367e-10
27750.04800076804 3.658210932641797e-09
27800.04800076804 1.564447161262553e-09
27850.04800076804 1.879728735670861e-09
27900.04800076804 2.6300773697272804e-09
27950.04800076804 5.099784471297792e-09
28000.04800076804 3.6424407006886604e-09
28050.04800076804 1.0197686932631362e-09
28100.04800076804 5.4268856823386256e-09
28150.04800076804 3.44788870446807e-09
28200.04800076804 1.3372982618579488e-09
28250.04800076804 6.56771713391799e-09
28300.04800076804 7.910307902900752e-09
28350.04800076804 1.598717190702032e-09
28400.04800076804 4.900295661310394e-09
28450.04800076804 8.457810207626949e-09
28500.04800076804 4.592018074293281e-09
28550.04800076804 1.557038163428957e-09
28600.04800076804 7.974210290270293e-09
28650.04800076804 6.4367876319158575e-09
28700.04800076804 5.616183047565861e-09
28750.04800076804 1.102443481948771e-08
28800.04800076804 8.884156637359348e-09
28850.04800076804 9.889439476565978e-09
28900.04800076804 4.836463443943723e-09
28950.04800076804 1.2654940708184429e-08
29000.04800076804 9.539788315903143e-09
29050.04800076804 1.0659139532996484e-08
29100.04800076804 7.561969053992043e-09
29150.04800076804 1.6869409219226174e-08
29200.04800076804 1.0310292390924393e-08
29250.04800076804 1.4809336958176632e-08
29300.04800076804 8.82602869836689e-09
29350.04800076804 3.491628839361444e-08
29400.04800076804 1.0837620242183543e-08
29450.04800076804 1.2530119272773642e-08
29500.04800076804 2.111069778556914e-08
29550.04800076804 1.4019699381231943e-08
29600.04800076804 1.9405340943584598e-08
29650.04800076804 2.2359704497183655e-08
29700.04800076804 1.1636440892776843e-08
29750.04800076804 1.9858326216674922e-08
29800.04800076804 1.9486448108666066e-08
29850.04800076804 2.9472456538595638e-08
29900.04800076804 2.889774663852015e-08
29950.04800076804 2.1101625571980768e-08
30000.04800076804 5.370030197752658e-09
30050.04800076804 9.538222288893116e-09
30100.04800076804 1.7946291554744235e-08
30150.04800076804 2.8740463531111026e-08
30200.04800076804 1.880900679234508e-08
30250.04800076804 4.127546081920358e-08
30300.04800076804 3.529245793575711e-08
30350.04800076804 2.4502893059000997e-08
30400.04800076804 3.940639067256313e-08
30450.04800076804 2.4826278491004382e-08
30500.04800076804 2.531657382699778e-08
30550.04800076804 2.2041198493452224e-08
30600.04800076804 4.4760632260818605e-08
30650.04800076804 3.126057981828271e-08
30700.04800076804 2.3002257405409578e-08
30750.04800076804 2.8753366876619077e-08
30800.04800076804 2.246173087664955e-08
30850.04800076804 2.4334131370165892e-08
30900.04800076804 2.1693744095231e-08
30950.04800076804 1.3080118488590617e-08
31000.04800076804 1.7361872408273317e-08
31050.04800076804 1.934390431957842e-08
31100.04800076804 1.2684354031833712e-08
31150.04800076804 1.5660221061421373e-08
31200.04800076804 2.38461285600101e-08
31250.04800076804 1.2298359332400354e-08
31300.04800076804 1.2133653734094807e-08
31350.04800076804 1.3698856119566279e-08
31400.04800076804 9.012298831833145e-09
31450.04800076804 1.211405385866054e-08
31500.04800076804 6.4601775544216865e-09
31550.04800076804 8.400375575648779e-09
31600.04800076804 6.195906428740814e-09
31650.04800076804 5.02684484523944e-09
31700.04800076804 6.839283611075249e-09
31750.04800076804 3.184011160741051e-09
31800.04800076804 6.2879734770678366e-09
31850.04800076804 2.6046360015182534e-09
31900.04800076804 4.844237642800117e-09
31950.04800076804 2.9374209095329776e-09
32000.04800076804 3.351666340528731e-09
32050.04800076804 3.08655973348631e-09
32100.04800076804 2.396705208040383e-09
32150.04800076804 3.563985353834881e-09
32200.04800076804 2.0846258120671788e-09
32250.04800076804 4.284945554832914e-09
32300.04800076804 1.7396725068541447e-09
32350.04800076804 4.9413939679534035e-09
32400.04800076804 1.943548327101223e-09
32450.04800076804 4.142817296790721e-09
32500.04800076804 2.506363244841369e-09
32550.04800076804 3.969984600679833e-09
32600.04800076804 3.225521942441296e-09
32650.04800076804 5.637449230823077e-09
32700.04800076804 3.985652527722632e-09
32750.04800076804 8.201909374711144e-09
32800.04800076804 7.291877735501158e-09
32850.04800076804 1.1327410688704872e-08
32900.04800076804 1.1120110023002826e-08
32950.04800076804 1.214636729954526e-08
33000.04800076804 7.531632846971717e-09
33050.04800076804 8.385891108811677e-09
33100.04800076804 3.3378167200475883e-09
33150.04800076804 7.914500606576008e-11
33200.04800076804 2.693413059687334e-10
33250.04800076804 2.778041167209807e-10
33300.04800076804 7.297471142899847e-10
33350.04800076804 1.8888692243343066e-09
33400.04800076804 3.860373299357315e-09
33450.04800076804 3.690131725506015e-09
33500.04800076804 8.510684234335972e-09
33550.04800076804 4.520293913327794e-09
33600.04800076804 7.227125581563855e-09
33650.04800076804 7.395232701233601e-09
33700.04800076804 4.308151934921452e-09
33750.04800076804 9.395823362823006e-09
33800.04800076804 2.580999673076265e-09
33850.04800076804 5.545805424452686e-09
33900.04800076804 5.535851170248024e-09
33950.04800076804 5.42188961873291e-09
34000.04800076804 8.390504272775401e-09
34050.04800076804 2.304784740437251e-09
34100.04800076804 6.926373436694451e-09
34150.04800076804 3.361955383244092e-09
34200.04800076804 6.313799137498506e-09
34250.04800076804 5.580875338321911e-09
34300.04800076804 4.012377421563121e-09
34350.04800076804 8.465694771607892e-09
34400.04800076804 3.684426222377158e-09
34450.04800076804 8.72208340985239e-09
34500.04800076804 5.680802516309832e-09
34550.04800076804 3.895026934511788e-09
34600.04800076804 1.1132273130628764e-08
34650.04800076804 3.411908094010437e-09
34700.04800076804 7.787676716299375e-09
34750.04800076804 6.746434808461904e-09
34800.04800076804 3.930525796854915e-09
34850.04800076804 1.1426886361433853e-08
34900.04800076804 6.1158821745231974e-09
34950.04800076804 9.667104365240296e-09
35000.04800076804 1.3743506959506547e-08
35050.04800076804 7.573167889170811e-09
35100.04800076804 1.6608345478804147e-08
35150.04800076804 1.3726222620982397e-08
35200.04800076804 1.3506137844281497e-08
35250.04800076804 1.950912438329804e-08
35300.04800076804 8.592639416332511e-09
35350.04800076804 1.5015247788378303e-08
35400.04800076804 1.347490394683764e-08
35450.04800076804 1.0642144820795117e-08
35500.04800076804 2.566719652432279e-08
35550.04800076804 1.6176310433392337e-08
35600.04800076804 2.0057300955957164e-08
35650.04800076804 2.2170120722589333e-08
35700.04800076804 1.5784020784763728e-08
35750.04800076804 3.1683351185831196e-08
35800.04800076804 2.346117764180972e-08
35850.04800076804 1.523217410969851e-08
35900.04800076804 2.507629830416279e-08
35950.04800076804 2.776669925447011e-08
36000.04800076804 2.2452583333157307e-08
36050.04800076804 2.5757374559223408e-08
36100.04800076804 2.2041907903675496e-08
36150.04800076804 3.5766053941658635e-08
36200.04800076804 3.7347616264157635e-08
36250.04800076804 3.1960424452793406e-08
36300.04800076804 4.5870820168642867e-08
36350.04800076804 3.9051619147923073e-08
36400.04800076804 5.176225112330071e-08
36450.04800076804 4.2440369496971015e-08
36500.04800076804 4.4139881615150705e-08
36550.04800076804 6.632213572320764e-08
36600.04800076804 7.421271863786355e-08
36650.04800076804 5.917762029030348e-08
36700.04800076804 5.772159271697959e-08
36750.04800076804 7.491010031357548e-08
36800.04800076804 7.472419445978307e-08
36850.04800076804 5.6675441577426365e-08
36900.04800076804 6.564179970549129e-08
36950.04800076804 7.984246625692817e-08
37000.04800076804 6.688743133309282e-08
37050.04800076804 8.149894218773411e-08
37100.04800076804 6.392339647896618e-08
37150.04800076804 7.961103312184852e-08
37200.04800076804 9.85477072158119e-08
37250.04800076804 6.676667127165669e-08
37300.04800076804 6.180064105161193e-08
37350.04800076804 9.042882236706224e-08
37400.04800076804 1.1970945534985413e-07
37450.04800076804 7.189404248149404e-08
37500.04800076804 7.653130548381731e-08
37550.04800076804 1.2701283003761384e-07
37600.04800076804 1.4900442431653005e-07
37650.04800076804 7.994535498571066e-08
37700.04800076804 1.1707317253863632e-07
37750.04800076804 8.529609843270256e-08
37800.04800076804 1.0467959348373521e-07
37850.04800076804 6.863206398890783e-08
37900.04800076804 8.713343244608635e-08
37950.04800076804 1.0973090184738718e-07
38000.04800076804 1.215556856392768e-07
38050.04800076804 1.1579956675047358e-07
38100.04800076804 1.4641875128464842e-07
38150.04800076804 1.4624661401483364e-07
38200.04800076804 1.3212478632159437e-07
38250.04800076804 1.418247453600482e-07
38300.04800076804 1.9459437755093788e-07
38350.04800076804 1.8152063680179475e-07
38400.04800076804 1.1658876395773343e-07
38450.04800076804 1.0635135405819722e-07
38500.04800076804 8.57617561146582e-08
38550.04800076804 1.352638748844094e-07
38600.04800076804 1.4010492367414914e-07
38650.04800076804 1.5990828816825207e-07
38700.04800076804 1.7043237123678335e-07
38750.04800076804 1.6481502327941194e-07
38800.04800076804 1.4197257684786475e-07
38850.04800076804 1.7518621194933593e-07
38900.04800076804 1.8669641137151988e-07
38950.04800076804 1.4854353254533967e-07
39000.04800076804 1.8896023525687695e-07
39050.04800076804 1.5689228223967008e-07
39100.04800076804 1.676045541616765e-07
39150.04800076804 1.91140420307439e-07
39200.04800076804 1.7414409642189084e-07
39250.04800076804 2.0268437479131848e-07
39300.04800076804 1.855201688006585e-07
39350.04800076804 2.354788102896241e-07
39400.04800076804 1.9827694012175221e-07
39450.04800076804 2.1660006080591352e-07
39500.04800076804 2.317566532556268e-07
39550.04800076804 1.9283168428858935e-07
39600.04800076804 2.1041481941051955e-07
39650.04800076804 2.690116506529581e-07
39700.04800076804 2.3570112183033726e-07
39750.04800076804 1.6624459290269155e-07
39800.04800076804 1.9024397306283076e-07
39850.04800076804 2.7297250322787247e-07
39900.04800076804 2.765917653871687e-07
39950.04800076804 2.2625529850834733e-07
40000.04800076804 2.8239044600607784e-07
40050.04800076804 2.65998769955662e-07
40100.04800076804 1.6722684463842124e-07
40150.04800076804 2.7161140463278215e-07
40200.04800076804 2.856831557270826e-07
40250.04800076804 2.9095516086808433e-07
40300.04800076804 2.8773458086357406e-07
40350.04800076804 2.0747336127098935e-07
40400.04800076804 2.8340876377881104e-07
40450.04800076804 2.2828975508725667e-07
40500.04800076804 2.963561259461799e-07
40550.04800076804 2.900884387204674e-07
40600.04800076804 2.9069243406000223e-07
40650.04800076804 2.611973479480444e-07
40700.04800076804 3.610904799408355e-07
40750.04800076804 2.884399172027716e-07
40800.04800076804 2.2874245047833133e-07
40850.04800076804 3.5129925600639253e-07
40900.04800076804 3.446382730824727e-07
40950.04800076804 2.627289845542528e-07
41000.04800076804 3.020388381911978e-07
41050.04800076804 3.510172640914699e-07
41100.04800076804 3.03474947798186e-07
41150.04800076804 2.1325828624260677e-07
41200.04800076804 3.450650882425576e-07
41250.04800076804 3.146661809928619e-07
41300.04800076804 2.959112246726104e-07
41350.04800076804 3.651990961242219e-07
41400.04800076804 3.2224030167806574e-07
41450.04800076804 3.473047761078359e-07
41500.04800076804 2.7957753468645225e-07
41550.04800076804 2.542775091170919e-07
41600.04800076804 2.9266980190015023e-07
41650.04800076804 3.3903582427442405e-07
41700.04800076804 3.169999870239246e-07
41750.04800076804 3.058256536603398e-07
41800.04800076804 3.6376068028020724e-07
41850.04800076804 2.4432911449547974e-07
41900.04800076804 2.5523954850202155e-07
41950.04800076804 3.1567923121199127e-07
42000.04800076804 3.340913832218907e-07
42050.04800076804 2.818371855618669e-07
42100.04800076804 3.547739874467923e-07
42150.04800076804 2.630800160761854e-07
42200.04800076804 2.726056290117655e-07
42250.04800076804 2.5944971197120043e-07
42300.04800076804 2.543007275633786e-07
42350.04800076804 3.0214601437401993e-07
42400.04800076804 3.183155473448856e-07
42450.04800076804 2.6759527436286653e-07
42500.04800076804 2.724421584522066e-07
42550.04800076804 2.55332614637593e-07
42600.04800076804 2.771182449218723e-07
42650.04800076804 3.5481390176860797e-07
42700.04800076804 2.404110260881431e-07
42750.04800076804 2.2265586808154214e-07
42800.04800076804 2.729909268195017e-07
42850.04800076804 3.038569330985393e-07
42900.04800076804 3.127510414440389e-07
42950.04800076804 2.460535265125469e-07
43000.04800076804 2.9761424183128423e-07
43050.04800076804 1.635290342729282e-07
43100.04800076804 2.667811599331997e-07
43150.04800076804 2.475637852802723e-07
43200.04800076804 2.6541823288864566e-07
43250.04800076804 3.7072842269553055e-07
43300.04800076804 3.392158036858814e-07
43350.04800076804 1.9314929533954628e-07
43400.04800076804 2.708168274389746e-07
43450.04800076804 2.193109498944605e-07
43500.04800076804 2.403618959179383e-07
43550.04800076804 2.2600777733566198e-07
43600.04800076804 3.0993144249635407e-07
