galfind/configs/Brown_Dwarf_templates/sonora_cholla/logkzz4/3162g/800K_3162g_logkzz4_resample.dat
# %ECSV 1.0
# ---
# datatype:
# - {name: wav, unit: Angstrom, datatype: float64}
# - {name: flux_nu, unit: erg / (cm2 Hz s), datatype: float64}
# schema: astropy-2.0
wav flux_nu
[from data line 814]
43700.04800076804 3.233349274700253e-07
43750.04800076804 3.1620474692416906e-07
43800.04800076804 2.657354225715888e-07
43850.04800076804 2.583950579488248e-07
43900.04800076804 2.420083151916528e-07
43950.04800076804 1.875402473224253e-07
44000.04800076804 1.5145486067649046e-07
44050.04800076804 2.775961650892795e-07
44100.04800076804 3.4849204138541075e-07
44150.04800076804 3.410611668331502e-07
44200.04800076804 2.987046344025791e-07
44250.04800076804 1.9758723590402377e-07
44300.04800076804 1.5031010244806224e-07
44350.04800076804 1.699027110878952e-07
44400.04800076804 1.750980735265671e-07
44450.04800076804 2.2699222817276124e-07
44500.04800076804 1.9165621132456842e-07
44550.04800076804 2.442730035089861e-07
44600.04800076804 1.8340368248860627e-07
44650.04800076804 2.1174639972842434e-07
44700.04800076804 1.6406727500552461e-07
44750.04800076804 1.8685148086515077e-07
44800.04800076804 1.5492730285453573e-07
44850.04800076804 1.8951392543695323e-07
44900.04800076804 1.4991410235363837e-07
44950.04800076804 1.4285443822268418e-07
45000.04800076804 1.6592835664292315e-07
45050.04800076804 1.7147243409168785e-07
45100.04800076804 1.7518417413300285e-07
45150.04800076804 1.4036445959306782e-07
45200.04800076804 9.310751315464832e-08
45250.04800076804 1.0415457073441843e-07
45300.04800076804 1.3329949559090064e-07
45350.04800076804 1.1359206387948459e-07
45400.04800076804 1.28541871658013e-07
45450.04800076804 1.1897880581253138e-07
45500.04800076804 1.342772870342178e-07
45550.04800076804 1.5766861212895135e-07
45600.04800076804 1.2067424102147254e-07
45650.04800076804 1.160976799448668e-07
45700.04800076804 1.2525330967338116e-07
45750.04800076804 9.319086839326935e-08
45800.04800076804 1.0815057402509097e-07
45850.04800076804 1.4808507293751178e-07
45900.04800076804 1.582825952510116e-07
45950.04800076804 1.0274072207977367e-07
46000.04800076804 1.570343994801705e-07
46050.04800076804 1.5548720172966407e-07
46100.04800076804 1.168040143862072e-07
46150.04800076804 1.316480959968673e-07
46200.04800076804 1.0963532059731412e-07
46250.04800076804 6.752755660351772e-08
46300.04800076804 1.6415840773015307e-07
46350.04800076804 1.3261749909940494e-07
46400.04800076804 1.513006350028549e-07
46450.04800076804 1.7573997921283681e-07
46500.04800076804 1.405732085228034e-07
46550.04800076804 1.3544740345029628e-07
46600.04800076804 1.4415475869718308e-07
46650.04800076804 2.5071858379270505e-07
46700.04800076804 1.8166081668970795e-07
46750.04800076804 1.011574202246756e-07
46800.04800076804 7.52060303403651e-08
46850.04800076804 1.9100995752093462e-07
46900.04800076804 1.6841131967155623e-07
46950.04800076804 2.1296697711109565e-07
47000.04800076804 1.2685667871901904e-07
47050.04800076804 1.76273617482765e-07
47100.04800076804 8.214129455654149e-08
47150.04800076804 1.3804936685869156e-07
47200.04800076804 1.6116775466437536e-07
47250.04800076804 9.994550028190663e-08
47300.04800076804 9.193682209821225e-08
47350.04800076804 1.2045120058309707e-07
47400.04800076804 2.0286037671644317e-07
47450.04800076804 1.0895504431223215e-07
47500.04800076804 2.2123328624958486e-07
47550.04800076804 1.1933622776952224e-07
47600.04800076804 1.8894948245216443e-07
47650.04800076804 1.0596206414770587e-07
47700.04800076804 1.6899694755820703e-07
47750.04800076804 8.806756543853287e-08
47800.04800076804 1.1634729389986571e-07
47850.04800076804 5.8357914850357834e-08
47900.04800076804 9.1058811780273e-08
47950.04800076804 1.3084771541991725e-07
48000.04800076804 2.0552230782825757e-07
48050.04800076804 1.4145748000382005e-07
48100.04800076804 1.0964336258737623e-07
48150.04800076804 1.1486210499348109e-07
48200.04800076804 1.4147397770451797e-07
48250.04800076804 1.2054981834280485e-07
48300.04800076804 2.1983330247390595e-07
48350.04800076804 1.0632340440721664e-07
48400.04800076804 6.105225677911467e-08
48450.04800076804 8.811837988727536e-08
48500.04800076804 1.621596841719091e-07
48550.04800076804 1.1126197297210828e-07
48600.04800076804 1.9710148500262694e-07
48650.04800076804 1.4707021843976416e-07
48700.04800076804 1.9196576648051863e-07
48750.04800076804 1.0700940006308268e-07
48800.04800076804 1.9602010927705085e-07
48850.04800076804 1.156178330978706e-07
48900.04800076804 1.611956442549198e-07
48950.04800076804 1.1591151529115022e-07
49000.04800076804 7.668083984973159e-08
49050.04800076804 1.668334907983611e-07
49100.04800076804 1.5149244296954126e-07
49150.04800076804 1.6354873826461688e-07
49200.04800076804 1.7068750204880624e-07
49250.04800076804 2.1335871968188933e-07
49300.04800076804 1.6328220860987567e-07
49350.04800076804 1.0167900772856094e-07
49400.04800076804 1.3148522525281542e-07
49450.04800076804 1.286055186435639e-07
49500.04800076804 1.1550238266768553e-07
49550.04800076804 3.8477075770284266e-08
49600.04800076804 8.23700608403376e-08
49650.04800076804 1.2524469515288875e-07
49700.04800076804 1.5115879647661746e-07
49750.04800076804 1.6799326442367743e-07
49800.04800076804 1.088238858495432e-07
49850.04800076804 2.0160411576722058e-07
49900.04800076804 1.8734484457428834e-07
49950.04800076804 1.6133737688679378e-07
50000.04800076804 1.5312214409010282e-07
50050.04800076804 1.6875294689009744e-07
50100.04800076804 1.4910406405389578e-07
50150.04800076804 8.098765304960847e-08
50200.04800076804 2.8469098616822197e-08
50250.04800076804 9.753612442718646e-08
50300.04800076804 7.02253340925313e-08
50350.04800076804 1.665648010222135e-07
50400.04800076804 1.6420539626656406e-07
50450.04800076804 1.1947311317665448e-07
50500.04800076804 1.8684630346867513e-07
50550.04800076804 1.9556863804346248e-07
50600.04800076804 1.316722442845143e-07
50650.04800076804 1.7772058434349955e-07
50700.04800076804 2.114138596244778e-07
50750.04800076804 1.3712062020778118e-07
50800.04800076804 6.582705014034066e-08
50850.04800076804 4.5961884314827344e-08
50900.04800076804 1.598492927472522e-07
50950.04800076804 1.5697626330122905e-07
51000.04800076804 1.2963162828098966e-07
51050.04800076804 1.525330570605723e-07
51100.04800076804 6.868561585904247e-08
51150.04800076804 8.259917308594126e-08
51200.04800076804 2.0168631842242868e-07
51250.04800076804 1.363940741122827e-07
51300.04800076804 1.0129035831965715e-07
51350.04800076804 1.1482459862615493e-07
51400.04800076804 5.6456399550890645e-08
51450.04800076804 4.6485701048529394e-08
51500.04800076804 3.9058027554299185e-08
51550.04800076804 1.0146165164931984e-07
51600.04800076804 8.80113015727637e-08
51650.04800076804 1.1113372524319106e-07
51700.04800076804 1.1484773523052216e-07
51750.04800076804 7.734610157376523e-08
51800.04800076804 1.520002691313005e-07
51850.04800076804 1.217702703545988e-07
51900.04800076804 1.5590244398857e-07
51950.04800076804 1.0416003898812273e-07
52000.04800076804 2.24840769504211e-08
52050.04800076804 6.269387507941684e-08
52100.04800076804 4.7616654230175987e-08
52150.04800076804 3.3115090232082876e-08
52200.04800076804 5.720917020479824e-08
52250.04800076804 9.042703434579778e-08
52300.04800076804 1.3565937754873616e-07
52350.04800076804 5.447221222597173e-08
52400.04800076804 5.455656354937741e-08
52450.04800076804 1.264816546615681e-07
52500.04800076804 1.1395653971821054e-07
52550.04800076804 1.099801591925865e-07
52600.04800076804 9.307491488582885e-08
52650.04800076804 9.971947366167357e-08
52700.04800076804 7.096150041685577e-08
52750.04800076804 4.4350709200588964e-08
52800.04800076804 5.9467507622481415e-08
52850.04800076804 7.20834332487177e-08
52900.04800076804 4.3904968132950475e-08
52950.04800076804 6.28666272209682e-08
53000.04800076804 1.0777270625162173e-07
53050.04800076804 4.2047131085071375e-08
53100.04800076804 1.2186233533981562e-07
53150.04800076804 1.3479749325582814e-07
53200.04800076804 5.513790496975779e-08
53250.04800076804 1.1604588221636563e-07
53300.04800076804 1.309001060673291e-07
53350.04800076804 1.2857632098458387e-07
53400.04800076804 9.78952037957592e-08
53450.04800076804 3.598632895685138e-08
53500.04800076804 1.599984506293523e-08
53550.04800076804 2.8224994087792716e-08
53600.04800076804 6.794839908090714e-08
53650.04800076804 6.013817578903164e-08
53700.04800076804 5.3569434376550675e-08
53750.04800076804 4.8805563962476725e-08
53800.04800076804 5.2409861988833234e-08
53850.04800076804 8.141512618663418e-08
53900.04800076804 1.0300684782369211e-07
53950.04800076804 1.1392910605691327e-07
54000.04800076804 7.446165103758578e-08
54050.04800076804 7.625177688746685e-08
54100.04800076804 2.4675277115339682e-08
54150.04800076804 3.784479433877577e-08
54200.04800076804 1.2568391393620152e-08
54250.04800076804 2.2893298277415762e-08
54300.04800076804 4.60864136855579e-08
54350.04800076804 6.517139715939492e-08
54400.04800076804 5.8320699351002416e-08
54450.04800076804 5.3699004345449296e-08
54500.04800076804 4.995376040880346e-08
54550.04800076804 4.1314802809284156e-08
54600.04800076804 4.669274449226024e-08
54650.04800076804 1.4649712274885436e-08
54700.04800076804 5.391023182390887e-08
54750.04800076804 4.8636708043646814e-08
54800.04800076804 2.987233830036142e-08
54850.04800076804 4.0499697770639136e-08
54900.04800076804 6.513569669972045e-08
54950.04800076804 9.174972934679467e-08
55000.04800076804 3.6485371159289556e-08
55050.04800076804 5.1893425737710514e-08
55100.04800076804 6.297269874398952e-08
55150.04800076804 4.054838538677891e-08
55200.04800076804 3.319327386139119e-08
55250.04800076804 4.454527425711313e-08
55300.04800076804 2.9052728599779197e-08
55350.04800076804 5.4333001066069825e-08
55400.04800076804 6.246391683297488e-08
55450.04800076804 4.055464971454061e-08
55500.04800076804 1.9008047685801227e-08
55550.04800076804 2.30906791975795e-08
55600.04800076804 3.16075644771594e-08
55650.04800076804 2.723782225140255e-08
55700.04800076804 3.177306057943947e-08
55750.04800076804 3.082243617171389e-08
55800.04800076804 1.7331265994353037e-08
55850.04800076804 2.0409306947652414e-08
55900.04800076804 4.5060387062606285e-08
55950.04800076804 6.470295603196678e-08
56000.04800076804 2.6562047046857904e-08
56050.04800076804 3.375182531474206e-08
56100.04800076804 4.479798693989612e-08
56150.04800076804 2.6638354036410426e-08
56200.04800076804 3.2208561548462505e-08
56250.04800076804 5.339085647292472e-08
56300.04800076804 3.846400955684115e-08
56350.04800076804 3.0520935359630445e-08
56400.04800076804 1.5273929027735282e-08
56450.04800076804 1.4189532419803686e-08
56500.04800076804 3.4563250367007726e-08
56550.04800076804 1.5928175885542048e-08
56600.04800076804 4.4617861516917256e-08
56650.04800076804 4.776334697850789e-08
56700.04800076804 4.417757776806675e-08
56750.04800076804 1.8057118661547947e-08
56800.04800076804 3.1535664151708184e-08
56850.04800076804 3.381981395610088e-08
56900.04800076804 2.3242067174139795e-08
56950.04800076804 4.2127768950675486e-08
57000.04800076804 5.1937382140064164e-08
57050.04800076804 2.834203330361389e-08
57100.04800076804 1.111305289247009e-08
57150.04800076804 2.0073311475438442e-08
57200.04800076804 1.5564396960391036e-08
57250.04800076804 2.2802744277317575e-08
57300.04800076804 3.112168915982976e-08
57350.04800076804 1.7932428824197103e-08
57400.04800076804 4.2983068874458706e-08
57450.04800076804 2.6906468470741452e-08
57500.04800076804 2.297337304941269e-08
57550.04800076804 3.1719132828361214e-08
57600.04800076804 2.901329714129741e-08
57650.04800076804 9.621792813281525e-09
57700.04800076804 1.5394157907055653e-08
57750.04800076804 2.3960528228573985e-08
57800.04800076804 9.659214417451939e-09
57850.04800076804 5.500275649422833e-08
57900.04800076804 6.649415924949475e-08
57950.04800076804 6.915549030562978e-08
58000.04800076804 2.6226204745354002e-08
58050.04800076804 4.0333240801562066e-08
58100.04800076804 4.0538784257198637e-08
58150.04800076804 2.7873480602556632e-08
58200.04800076804 1.0320731740718089e-08
58250.04800076804 1.4847704382158775e-08
58300.04800076804 1.5661200419575873e-08
58350.04800076804 1.7816467781994927e-08
58400.04800076804 3.5167531575393736e-08
58450.04800076804 4.226340453454106e-08
58500.04800076804 4.220235024432613e-08
58550.04800076804 3.7006296682672274e-08
58600.04800076804 1.8112359350762387e-08
58650.04800076804 2.2684840464524422e-08
58700.04800076804 2.8063148141989597e-08
58750.04800076804 2.7984842836216222e-08
58800.04800076804 7.366785442135349e-09
58850.04800076804 1.9899092349091756e-08
58900.04800076804 2.530353871733673e-08
58950.04800076804 1.2970933817168997e-08
59000.04800076804 2.7519637297757956e-08
59050.04800076804 3.785757861795552e-08
59100.04800076804 3.914799534096171e-08
59150.04800076804 3.0551927057148884e-08
59200.04800076804 3.310870216643042e-08
59250.04800076804 3.444353898332976e-08
59300.04800076804 3.133734265936624e-08
59350.04800076804 9.136982673544865e-09
59400.04800076804 9.380665981929537e-09
59450.04800076804 3.0650804426624176e-08
59500.04800076804 1.6949351232369094e-08
59550.04800076804 3.661382101530623e-08
59600.04800076804 4.585254156290826e-08
59650.04800076804 2.3745221122528173e-08
59700.04800076804 1.732542579209053e-08
59750.04800076804 5.302652725900249e-08
59800.04800076804 2.4998779937274408e-08
59850.04800076804 3.371650623551266e-08
59900.04800076804 1.3457998779913163e-08
59950.04800076804 2.9036901986872454e-08
60000.04800076804 6.115977285503924e-08
60050.04800076804 5.840445596642287e-08
60100.04800076804 4.615903108727842e-08
60150.04800076804 2.2909241293697456e-08
60200.04800076804 3.662134826341795e-08
60250.04800076804 6.101649296770648e-08
60300.04800076804 5.615433756639373e-08
60350.04800076804 3.1929438555036704e-08
60400.04800076804 3.4673137893550954e-08
60450.04800076804 1.2154652521388391e-08
60500.04800076804 5.783846496150827e-09
60550.04800076804 3.117098525829279e-08
60600.04800076804 3.847263358834694e-08
60650.04800076804 2.6263630572644506e-08
60700.04800076804 2.026461888022884e-08
60750.04800076804 1.111417639060412e-08
60800.04800076804 3.7530762864347655e-08
60850.04800076804 6.40232571657001e-08
60900.04800076804 5.627190798711511e-08
60950.04800076804 4.265070390263976e-08
61000.04800076804 4.4858746384571087e-08
61050.04800076804 1.9936622582308543e-08
61100.04800076804 2.446306070253459e-08
61150.04800076804 1.0203633085673583e-08
61200.04800076804 4.185069625723746e-08
61250.04800076804 4.316334283847177e-08
61300.04800076804 3.461080847381768e-08
61350.04800076804 5.812970614314141e-08
61400.04800076804 2.487716164587409e-08
61450.04800076804 1.3680988683063657e-08
61500.04800076804 1.4549393941359643e-08
61550.04800076804 2.6550312930474335e-08
61600.04800076804 1.4159763145483254e-08
61650.04800076804 2.46947960883941e-08
61700.04800076804 2.7934940831183325e-08
61750.04800076804 3.157309864097735e-08
61800.04800076804 2.8011524873143102e-08
61850.04800076804 1.3767519122211504e-08
61900.04800076804 4.791796425070322e-08
61950.04800076804 5.601010792284298e-08
62000.04800076804 4.765561554806513e-08
62050.04800076804 6.082400716906386e-08
62100.04800076804 4.047442109706173e-08
62150.04800076804 5.4021363253900565e-08
62200.04800076804 4.7067094184248596e-08
62250.04800076804 3.580822960427625e-08
62300.04800076804 7.289487003777134e-08
62350.04800076804 6.556636377470664e-08
62400.04800076804 3.789043869028813e-08
62450.04800076804 4.427274091626384e-08
62500.04800076804 7.240659893460331e-08
62550.04800076804 9.1287002367853e-08
62600.04800076804 6.868083428920753e-08
62650.04800076804 5.257808767166686e-08
62700.04800076804 4.505135352455408e-08
62750.04800076804 6.910495288197208e-08
62800.04800076804 4.1832432847915727e-08
62850.04800076804 5.916078280227257e-08
62900.04800076804 5.465355419385213e-08
62950.04800076804 9.312569175093777e-08
63000.04800076804 5.7910761771692465e-08
63050.04800076804 1.1203973345030021e-07
63100.04800076804 1.0422175718152032e-07
63150.04800076804 6.917078091567733e-08
63200.04800076804 6.765749889504493e-08
63250.04800076804 8.213189426870324e-08
63300.04800076804 5.289699216243569e-08
63350.04800076804 5.5204616709855016e-08
