galfind/configs/Brown_Dwarf_templates/sonora_cholla/logkzz4/3162g/850K_3162g_logkzz4_resample.dat
# %ECSV 1.0
# ---
# datatype:
# - {name: wav, unit: Angstrom, datatype: float64}
# - {name: flux_nu, unit: erg / (cm2 Hz s), datatype: float64}
# schema: astropy-2.0
wav flux_nu
[from data line 1162]
68100.00000000009 7.575167120015817e-08
68150.00000000009 6.460283545633275e-08
68200.00000000009 6.038678339237646e-08
68250.00000000009 2.015039580385067e-08
68300.00000000009 5.8465409292898616e-08
68350.00000000009 5.148796435748255e-08
68400.00000000009 8.44437397059837e-08
68450.00000000009 7.355722298144352e-08
68500.00000000009 5.487720243718648e-08
68550.00000000009 2.9146617543989784e-08
68600.00000000009 3.162433710726609e-08
68650.00000000009 1.82578528539267e-08
68700.00000000009 3.6763886961712434e-08
68750.00000000009 5.2697368915346555e-08
68800.00000000009 5.87177607159642e-08
68850.00000000009 2.844082755415727e-08
68900.00000000009 8.439364616096744e-08
68950.00000000009 8.946081901851532e-08
69000.00000000009 6.84932216368787e-08
69050.00000000009 3.7925028754286346e-08
69100.00000000009 7.982394348906801e-08
69150.00000000009 1.0023742100265435e-07
69200.00000000009 6.478387174546426e-08
69250.00000000009 1.0024972409610587e-07
69300.00000000009 7.479910373265294e-08
69350.00000000009 9.673076902383282e-08
69400.00000000009 4.38478751216463e-08
69450.00000000009 9.26095731154298e-08
69500.00000000009 5.162122767530068e-08
69550.00000000009 4.981177464134757e-08
69600.00000000009 1.6685753156578648e-08
69650.00000000009 4.6386458021438294e-08
69700.00000000009 8.030209055488342e-08
69750.00000000009 5.3985034068046346e-08
69800.00000000009 7.375470139597278e-08
69850.00000000009 8.153829482653841e-08
69900.00000000009 6.142327040867973e-08
69950.00000000009 5.84032213391558e-08
70000.00000000009 5.336383403609572e-08
70050.00000000009 9.436307824688725e-08
70100.00000000009 6.470143594495892e-08
70150.00000000009 6.732496495905972e-08
70200.00000000009 4.54842039420716e-08
70250.00000000009 5.9910078708079e-08
70300.00000000009 9.203066108843392e-08
70350.00000000009 7.074798139675635e-08
70400.00000000009 4.491102193120156e-08
70450.00000000009 1.5409398852067635e-08
70500.00000000009 3.699098421947498e-08
70550.00000000009 3.663585484548026e-08
70600.00000000009 4.140441981614281e-08
70650.00000000009 7.608783193789611e-08
70700.00000000009 7.418080029363572e-08
70750.00000000009 1.0262741603213173e-07
70800.00000000009 5.543972464395761e-08
70850.00000000009 5.298154031218226e-08
70900.00000000009 6.039387372360247e-08
70950.00000000009 8.23366719530563e-08
71000.00000000009 7.703885308984596e-08
71050.00000000009 7.622656927140737e-08
71100.00000000009 6.591132765504845e-08
71150.00000000009 5.0345941469051705e-08
71200.00000000009 4.5669312191126596e-08
71250.00000000009 6.24248707140203e-08
71300.00000000009 7.906282910002518e-08
71350.00000000009 8.043365076395105e-08
71400.00000000009 7.065382339319834e-08
71450.00000000009 3.6310269145356904e-08
71500.00000000009 4.3204058416660615e-08
71550.00000000009 4.623217430094814e-08
71600.00000000009 5.945168119378191e-08
71650.00000000009 4.2642120521886484e-08
71700.00000000009 3.312777653570924e-08
71750.00000000009 5.538397712375144e-08
71800.00000000009 7.209917784705907e-08
71850.00000000009 7.118069250500322e-08
71900.00000000009 4.275626814138939e-08
71950.00000000009 5.668197653840615e-08
72000.00000000009 5.2569335300636084e-08
72050.00000000009 3.284830821692107e-08
72100.00000000009 3.9976886538386454e-08
72150.00000000009 4.0030599755423976e-08
72200.00000000009 5.496501570146903e-08
72250.00000000009 7.314953088519745e-08
72300.00000000009 5.154538886313914e-08
72350.00000000009 5.4777514504004906e-08
72400.00000000009 5.1633752774929286e-08
72450.00000000009 4.389286571368376e-08
72500.00000000009 5.616328527957424e-08
72550.00000000009 2.549170121177117e-08
72600.00000000009 4.023214975381297e-08
72650.00000000009 6.428148672811664e-08
72700.00000000009 4.79555054260704e-08
72750.00000000009 4.908940316968779e-08
72800.00000000009 3.4171068508730156e-08
72850.00000000009 4.070888358169961e-08
72900.00000000009 7.06832020287672e-08
72950.00000000009 4.727519039067956e-08
73000.00000000009 4.817127413383623e-08
73050.00000000009 3.166576053568607e-08
73100.00000000009 3.465007041423274e-08
73150.00000000009 7.292738793512015e-08
73200.00000000009 3.601388627679877e-08
73250.00000000009 4.5748318347645485e-08
73300.00000000009 3.816115630906465e-08
73350.00000000009 2.8625156528047248e-08
73400.00000000009 4.4190893665282306e-08
73450.00000000009 2.9460073307781783e-08
73500.00000000009 2.743675119517055e-08
73550.00000000009 4.469822074222247e-08
73600.00000000009 4.146736842816711e-08
73650.00000000009 4.3735365832018224e-08
73700.00000000009 4.516883389605824e-08
73750.00000000009 2.2354037526581538e-08
73800.00000000009 3.912773325937118e-08
73850.00000000009 4.934443519737557e-08
73900.00000000009 3.6657672337634577e-08
73950.00000000009 3.534656962383122e-08
74000.00000000009 2.460373672787198e-08
74050.00000000009 6.146361904768718e-08
74100.00000000009 4.166902727885465e-08
74150.00000000009 4.4158806475759814e-08
74200.00000000009 3.39806892625722e-08
74250.00000000009 1.364662524074305e-08
74300.00000000009 4.177428718822898e-08
74350.00000000009 5.619708139305663e-08
74400.00000000009 5.334382370229601e-08
74450.00000000009 2.6854027625953383e-08
74500.00000000009 2.0257880329651333e-08
74550.00000000009 3.558190178354572e-08
74600.00000000009 3.686170154687655e-08
74650.00000000009 3.612501820207024e-08
74700.00000000009 2.6953131803736685e-08
74750.00000000009 2.4707842098433875e-08
74800.00000000009 3.069426368397974e-08
74850.00000000009 3.833078743279611e-08
74900.00000000009 5.657890463984423e-08
74950.00000000009 5.3611396392933075e-08
75000.00000000009 3.2227431415317e-08
75050.00000000009 1.797360959227419e-08
75100.00000000009 5.630033175631164e-08
75150.00000000009 5.346081217125778e-08
75200.00000000009 5.6067389075053674e-08
75250.00000000009 6.335817405156128e-08
75300.00000000009 5.5309357767108454e-08
75350.00000000009 2.425064943852939e-08
75400.00000000009 6.645156591692844e-08
75450.00000000009 5.53974078879988e-08
75500.00000000009 5.088419480201524e-08
75550.00000000009 5.36690122671614e-08
75600.00000000009 6.909641244037488e-08
75650.00000000009 4.514598923482413e-08
75700.00000000009 5.810056268617039e-08
75750.00000000009 3.9602476351148684e-08
75800.00000000009 5.452179095340203e-08
75850.00000000009 6.411871907637627e-08
75900.00000000009 5.681048498481436e-08
75950.00000000009 3.5015891630080965e-08
76000.00000000009 6.257589842285185e-08
76050.00000000009 5.758694404000879e-08
76100.00000000009 5.663246294615486e-08
76150.00000000009 6.135832952277524e-08
76200.00000000009 5.7569211805186954e-08
76250.00000000009 5.4900384102988246e-08
76300.00000000009 9.376620387833026e-08
76350.00000000009 1.0551870522591874e-07
76400.00000000009 7.752756582095589e-08
76450.00000000009 6.953891686925861e-08
76500.00000000009 5.6396120149064626e-08
76550.00000000009 3.0735062609192895e-08
76600.00000000009 1.107704996158879e-08
76650.00000000009 1.4318585739127646e-08
76700.00000000009 1.7244668775906386e-08
76750.00000000009 1.6448186592312623e-08
76800.00000000009 2.9764973198136435e-08
76850.00000000009 1.3544144397003378e-08
76900.00000000009 1.5606631284881023e-08
76950.00000000009 2.7018635949034787e-08
77000.00000000009 3.274098208922074e-08
77050.00000000009 1.7122050124151358e-08
77100.00000000009 2.119956869415178e-08
77150.00000000009 3.566299169575876e-08
77200.00000000009 2.7906357036131457e-08
77250.00000000009 2.986115417279465e-08
77300.00000000009 3.387768593301888e-08
77350.00000000009 1.807786939447556e-08
77400.00000000009 2.253560777812945e-08
77450.00000000009 3.369435326901278e-08
77500.00000000009 2.8505577407454623e-08
77550.00000000009 2.9002452899376654e-08
77600.00000000009 2.705601141735258e-08
77650.00000000009 2.992738892540676e-08
77700.00000000009 2.809680413649127e-08
77750.00000000009 4.4502009598374656e-08
77800.00000000009 4.1731094970423335e-08
77850.00000000009 6.553131607435466e-08
77900.00000000009 4.3325731853129894e-08
77950.00000000009 2.0959927192880047e-08
78000.00000000009 3.7308597696779984e-08
78050.00000000009 3.5817739507264676e-08
78100.00000000009 3.4143405917729503e-08
78150.00000000009 5.369886142444941e-08
78200.00000000009 5.884629388462737e-08
78250.00000000009 6.118903725219828e-08
78300.00000000009 4.142227334180865e-08
78350.00000000009 5.257024234248564e-08
78400.00000000009 2.983662356931976e-08
78450.00000000009 5.501510667574955e-08
78500.00000000009 6.726128970260832e-08
78550.00000000009 7.099717245090943e-08
78600.00000000009 5.836194919892734e-08
78650.00000000009 1.9078319085934417e-08
78700.00000000009 3.1101013113657954e-08
78750.00000000009 3.946905466086731e-08
78800.00000000009 4.742546904475486e-08
78850.00000000009 2.2740197506997123e-08
78900.00000000009 4.318800819981707e-08
78950.00000000009 5.02262499156666e-08
79000.00000000009 4.653526034820383e-08
79050.00000000009 3.955736158981306e-08
79100.00000000009 4.697083333902349e-08
79150.00000000009 4.543922945654675e-08
79200.00000000009 5.0873340649147625e-08
79250.00000000009 3.508725020654741e-08
79300.00000000009 3.302004477567879e-08
79350.00000000009 4.6959796322494625e-08
79400.00000000009 3.089802192156292e-08
79450.00000000009 6.32720563312675e-08
79500.00000000009 8.167387345673902e-08
79550.00000000009 7.112385335710551e-08
79600.00000000009 3.563639823531716e-08
79650.00000000009 5.333885682441949e-08
79700.00000000009 4.981654781777423e-08
79750.00000000009 5.172399026419641e-08
79800.00000000009 3.742429191594617e-08
79850.00000000009 5.203853902869071e-08
79900.00000000009 9.007900633588365e-08
79950.00000000009 7.615054713834466e-08
