galfind/configs/Brown_Dwarf_templates/sonora_cholla/logkzz4/3162g/850K_3162g_logkzz4_resample.dat
# %ECSV 1.0
# ---
# datatype:
# - {name: wav, unit: Angstrom, datatype: float64}
# - {name: flux_nu, unit: erg / (cm2 Hz s), datatype: float64}
# schema: astropy-2.0
wav flux_nu
[from data line 773]
48650.000000000095 1.5534770231445616e-07
48700.000000000095 2.2020729279228286e-07
48750.000000000095 1.227678341555933e-07
48800.000000000095 2.2373710191434775e-07
48850.000000000095 1.3509579226503385e-07
48900.000000000095 1.932375358308169e-07
48950.000000000095 1.467632995819487e-07
49000.000000000095 1.0031445588956406e-07
49050.000000000095 1.9994423601056363e-07
49100.000000000095 1.6876128046946422e-07
49150.000000000095 1.9720411706239914e-07
49200.000000000095 1.8743757100183565e-07
49250.000000000095 2.406214862458754e-07
49300.000000000095 1.8149913886920856e-07
49350.000000000095 1.2558460090732142e-07
49400.000000000095 1.606277354839096e-07
49450.000000000095 1.6020773973979956e-07
49500.000000000095 1.4428170613702485e-07
49550.000000000095 5.379028950665865e-08
49600.000000000095 1.1052857054256822e-07
49650.000000000095 1.469245661648422e-07
49700.000000000095 1.7495823267442163e-07
49750.000000000095 2.0438573778549795e-07
49800.000000000095 1.3341454885664347e-07
49850.000000000095 2.41846700036707e-07
49900.000000000095 2.1472061386529477e-07
49950.000000000095 1.9061539638234175e-07
50000.000000000095 1.8879449439372255e-07
50050.000000000095 2.0398919274253152e-07
50100.000000000095 1.8546666644013019e-07
50150.000000000095 1.0404573551619834e-07
50200.000000000095 4.190933137960863e-08
50250.000000000095 1.3207047249344713e-07
50300.000000000095 9.612890268168888e-08
50350.000000000095 2.051935710932031e-07
50400.000000000095 1.9268869418696223e-07
50450.000000000095 1.4640908085353048e-07
50500.000000000095 2.2331277524854857e-07
50550.000000000095 2.2725789886088097e-07
50600.000000000095 1.58823814414632e-07
50650.000000000095 2.0793753827698328e-07
50700.000000000095 2.5623479625632217e-07
50750.000000000095 1.72382582328913e-07
50800.000000000095 8.841939046146619e-08
50850.000000000095 6.571614593978294e-08
50900.000000000095 2.01453092971629e-07
50950.000000000095 1.9356737727798715e-07
51000.000000000095 1.6583408880657154e-07
51050.000000000095 1.86988677011813e-07
51100.000000000095 8.85081314094363e-08
51150.000000000095 1.0918473013422465e-07
51200.000000000095 2.474965737482051e-07
51250.000000000095 1.6747155476323947e-07
51300.000000000095 1.2659984485731243e-07
51350.000000000095 1.4682756352486367e-07
51400.000000000095 7.73062365545012e-08
51450.000000000095 6.48663471193331e-08
51500.000000000095 5.50332844950308e-08
51550.000000000095 1.3265723569967714e-07
51600.000000000095 1.1102959856458188e-07
51650.000000000095 1.3717223705904518e-07
51700.000000000095 1.4537518624931907e-07
51750.000000000095 9.743988391810758e-08
51800.000000000095 1.8706335012795948e-07
51850.000000000095 1.5204631785760127e-07
51900.000000000095 1.995463194026317e-07
51950.000000000095 1.3784579443506407e-07
52000.000000000095 3.390979534935642e-08
52050.000000000095 8.587182089397252e-08
52100.000000000095 6.755514507279982e-08
52150.000000000095 4.872731871165369e-08
52200.000000000095 7.533731760483499e-08
52250.000000000095 1.1448962084217516e-07
52300.000000000095 1.7790256951870564e-07
52350.000000000095 7.827588611025788e-08
52400.000000000095 7.554217771463498e-08
52450.000000000095 1.5925278437211445e-07
52500.000000000095 1.454607346399625e-07
52550.000000000095 1.3958808346449625e-07
52600.000000000095 1.1875849305098704e-07
52650.000000000095 1.2518998630286174e-07
52700.000000000095 9.25915798654751e-08
52750.000000000095 6.171385225373917e-08
52800.000000000095 7.888814785389311e-08
52850.000000000095 9.469584385756686e-08
52900.000000000095 6.285904679360117e-08
52950.000000000095 8.497123081759797e-08
53000.000000000095 1.4061073013562907e-07
53050.000000000095 5.666417968182715e-08
53100.000000000095 1.5254933603998295e-07
53150.000000000095 1.7161407921723035e-07
53200.000000000095 7.22075946675027e-08
53250.000000000095 1.480515843969635e-07
53300.000000000095 1.666511447486509e-07
53350.000000000095 1.6383453419930043e-07
53400.000000000095 1.3210835899306398e-07
53450.000000000095 5.167814705066312e-08
53500.000000000095 2.5178716213216426e-08
53550.000000000095 4.2851827540772535e-08
53600.000000000095 9.319566143900145e-08
53650.000000000095 7.896092201052907e-08
53700.000000000095 7.138010229748213e-08
53750.000000000095 6.605958168835992e-08
53800.000000000095 7.097172276744717e-08
53850.000000000095 1.05426764060842e-07
53900.000000000095 1.274111846937465e-07
53950.000000000095 1.4721564556210003e-07
54000.000000000095 9.640011421748955e-08
54050.000000000095 9.845019521347556e-08
54100.000000000095 3.53196744435879e-08
54150.000000000095 5.388932724263052e-08
54200.000000000095 2.0068503156563664e-08
54250.000000000095 3.3626892024590696e-08
54300.000000000095 6.338850770208229e-08
54350.000000000095 8.802867626328867e-08
54400.000000000095 8.106266112699733e-08
54450.000000000095 7.448494567142033e-08
54500.000000000095 6.75814493429599e-08
54550.000000000095 5.612682112050465e-08
54600.000000000095 6.53890789515887e-08
54650.000000000095 2.3954532805476143e-08
54700.000000000095 7.705958924265725e-08
54750.000000000095 6.92978192567024e-08
54800.000000000095 4.380752075345878e-08
54850.000000000095 5.769895769519312e-08
54900.000000000095 8.930592960027025e-08
54950.000000000095 1.2274035513642592e-07
55000.000000000095 5.025733065965867e-08
55050.000000000095 7.19177980982278e-08
55100.000000000095 8.280901586025277e-08
55150.000000000095 5.6840176006280254e-08
55200.000000000095 4.870106010741881e-08
55250.000000000095 6.198778759499632e-08
55300.000000000095 4.1294856416034996e-08
55350.000000000095 7.566809408551466e-08
55400.000000000095 8.807820197526683e-08
55450.000000000095 5.760668190025419e-08
55500.000000000095 2.79818912879027e-08
55550.000000000095 3.569042263406785e-08
55600.000000000095 4.495257464132806e-08
55650.000000000095 3.8740549526730464e-08
55700.000000000095 4.576267316646386e-08
55750.000000000095 4.6640031069187034e-08
55800.000000000095 2.779133035226432e-08
55850.000000000095 3.049195525538348e-08
55900.000000000095 6.45418150808176e-08
55950.000000000095 9.038355621182171e-08
56000.000000000095 3.8339600704056806e-08
56050.000000000095 4.937142966268479e-08
56100.000000000095 6.389934100685135e-08
56150.000000000095 3.993724093513404e-08
56200.000000000095 4.7556498534199525e-08
56250.000000000095 7.221718502383818e-08
56300.000000000095 5.596531495954348e-08
56350.000000000095 4.7447480718316876e-08
56400.000000000095 2.5180579156214e-08
56450.000000000095 2.318462885240275e-08
56500.000000000095 4.98365414616286e-08
56550.000000000095 2.4248760657292194e-08
56600.000000000095 6.378925565608872e-08
56650.000000000095 6.669199606396446e-08
56700.000000000095 6.502646294418482e-08
56750.000000000095 2.7719123904085306e-08
56800.000000000095 4.909205349431755e-08
56850.000000000095 4.915118143926033e-08
56900.000000000095 3.4997596199727375e-08
56950.000000000095 6.097799751074139e-08
57000.000000000095 7.397476147061193e-08
57050.000000000095 4.151616162657021e-08
57100.000000000095 1.7535768633426635e-08
57150.000000000095 3.0841141606762423e-08
57200.000000000095 2.411255064315324e-08
57250.000000000095 3.4580266828571885e-08
57300.000000000095 4.671621112236916e-08
57350.000000000095 2.7430439949850094e-08
57400.000000000095 6.141795053963959e-08
57450.000000000095 4.1369034633500794e-08
57500.000000000095 3.588138589769628e-08
57550.000000000095 4.88776887332026e-08
57600.000000000095 4.594628294535262e-08
57650.000000000095 1.593376298538495e-08
57700.000000000095 2.426864898122173e-08
57750.000000000095 3.5064830486363296e-08
57800.000000000095 1.4729614321872341e-08
57850.000000000095 7.87176164569383e-08
57900.000000000095 9.336731674453095e-08
57950.000000000095 9.446267489358921e-08
58000.000000000095 3.912409496238957e-08
58050.000000000095 5.678412635331341e-08
58100.000000000095 6.057636813451621e-08
58150.000000000095 4.224383281644435e-08
58200.000000000095 1.727003147454605e-08
58250.000000000095 2.3876145813077965e-08
58300.000000000095 2.4196396172545572e-08
58350.000000000095 2.7736845287460237e-08
58400.000000000095 5.0546080651831757e-08
58450.000000000095 5.9570112160620746e-08
58500.000000000095 5.793346070985455e-08
58550.000000000095 5.5271601720525416e-08
58600.000000000095 2.8089446001653207e-08
58650.000000000095 3.465509168895448e-08
58700.000000000095 4.128192985675414e-08
58750.000000000095 4.25928098693266e-08
58800.000000000095 1.286996672195707e-08
58850.000000000095 3.107563058404056e-08
58900.000000000095 4.011717022071601e-08
58950.000000000095 2.1250266310556726e-08
59000.000000000095 4.265648240920742e-08
59050.000000000095 5.60133643634561e-08
59100.000000000095 6.048296897474179e-08
59150.000000000095 4.630582195576549e-08
59200.000000000095 4.8191313351060384e-08
59250.000000000095 5.0328673298075975e-08
59300.000000000095 4.667177077789519e-08
59350.000000000095 1.56395811910797e-08
59400.000000000095 1.5118739370468574e-08
59450.000000000095 4.538919446826773e-08
59500.000000000095 2.4925754973437668e-08
59550.000000000095 5.3680640247474473e-08
59600.000000000095 6.636585489855415e-08
59650.000000000095 3.682662174962397e-08
59700.000000000095 2.679025773737628e-08
59750.000000000095 7.651591386942754e-08
59800.000000000095 3.771843984762474e-08
59850.000000000095 5.14341812342928e-08
59900.000000000095 2.1585038432854257e-08
59950.000000000095 4.3831869631985105e-08
60000.000000000095 8.83421715016937e-08
60050.000000000095 8.047849710712277e-08
60100.000000000095 6.765250461960627e-08
60150.000000000095 3.638488114135401e-08
60200.000000000095 5.442748224023429e-08
60250.000000000095 8.453851396843406e-08
60300.000000000095 7.752660400833917e-08
60350.000000000095 4.560077004851733e-08
60400.000000000095 5.220490362587822e-08
60450.000000000095 2.0034563168503113e-08
60500.000000000095 1.0256207619399477e-08
60550.000000000095 4.8338644021577303e-08
60600.000000000095 5.60378511846284e-08
60650.000000000095 4.019690260306596e-08
60700.000000000095 3.179694839590569e-08
60750.000000000095 1.886114923958533e-08
60800.000000000095 5.5566370505993264e-08
60850.000000000095 9.275153229292748e-08
60900.000000000095 8.16809251787313e-08
60950.000000000095 6.464778068796951e-08
61000.000000000095 6.314569319120264e-08
61050.000000000095 3.097806796856444e-08
61100.000000000095 3.941102494164898e-08
61150.000000000095 1.6822468585318094e-08
61200.000000000095 6.287489533397457e-08
61250.000000000095 6.603796069278262e-08
61300.000000000095 5.427144540341307e-08
61350.000000000095 8.619396665848171e-08
61400.000000000095 3.995015963410367e-08
61450.000000000095 2.309968172826816e-08
61500.000000000095 2.5165209681871986e-08
61550.000000000095 4.0491848169413036e-08
61600.000000000095 2.32228115520027e-08
61650.000000000095 3.886757612287112e-08
61700.000000000095 4.1126183571164027e-08
61750.000000000095 4.7095661202979946e-08
61800.000000000095 4.476459903131211e-08
61850.000000000095 2.3090516478444693e-08
61900.000000000095 7.155338707449297e-08
61950.000000000095 8.180622555883713e-08
62000.000000000095 7.159420516204615e-08
62050.000000000095 8.285773676621181e-08
62100.000000000095 6.209996872748105e-08
62150.000000000095 7.675514755014215e-08
62200.000000000095 6.726805363674513e-08
62250.000000000095 5.3886119115073454e-08
62300.000000000095 1.0216539938721762e-07
62350.000000000095 9.026523407394644e-08
62400.000000000095 5.1599518469201114e-08
62450.000000000095 6.266886946729151e-08
62500.000000000095 9.872965018055829e-08
62550.000000000095 1.17615912181738e-07
62600.000000000095 9.722398877751406e-08
62650.000000000095 7.462336831915462e-08
62700.000000000095 6.748339139309502e-08
62750.000000000095 9.745529260823221e-08
62800.000000000095 5.931026831409959e-08
62850.000000000095 8.477087000432924e-08
62900.000000000095 7.372804262169394e-08
62950.000000000095 1.2169481165151303e-07
63000.000000000095 8.207479211039379e-08
63050.000000000095 1.4280399483804383e-07
63100.000000000095 1.3418341212981094e-07
63150.000000000095 8.941960943025171e-08
63200.000000000095 9.312879622227303e-08
63250.000000000095 1.079583091586634e-07
63300.000000000095 7.90087359916687e-08
63350.000000000095 8.058663321894547e-08
63400.000000000095 3.957998884007481e-08
63450.000000000095 2.5684360053211727e-08
63500.000000000095 7.587631410164337e-08
63550.000000000095 9.049014143042955e-08
63600.000000000095 8.484678865807674e-08
63650.000000000095 6.423254382178414e-08
63700.000000000095 2.9082777021683724e-08
63750.000000000095 5.216991496725209e-08
63800.000000000095 8.832429349329213e-08
63850.000000000095 7.248076509501434e-08
63900.000000000095 3.6437159897597544e-08
63950.000000000095 6.36780818498143e-08
64000.000000000095 7.829246182918917e-08
64050.000000000095 4.3208497900540986e-08
64100.000000000095 1.3301037875908828e-08
64150.000000000095 2.0296234868885412e-08
64200.000000000095 2.3909905866016256e-08
64250.000000000095 4.7849081251271334e-08
64300.000000000095 3.828197383759737e-08
64350.000000000095 2.9992085708651426e-08
64400.000000000095 6.31563057175394e-08
64450.000000000095 6.590604412214235e-08
64500.000000000095 3.055149365471114e-08
64550.000000000095 5.522691254498204e-08
64600.000000000095 3.770956204000942e-08
64650.000000000095 5.76250057510711e-08
64700.000000000095 2.3398145708660125e-08
64750.000000000095 3.199425031120309e-08
64800.000000000095 2.5029890583011875e-08
64850.000000000095 2.1178917083979668e-08
64900.000000000095 2.3511663433626418e-08
64950.000000000095 2.0877984045000344e-08
65000.000000000095 2.9251537094261837e-08
65050.000000000095 4.116656846481601e-08
65100.000000000095 5.137177574140022e-08
65150.000000000095 3.309932030049599e-08
65200.000000000095 2.0237749333613996e-08
65250.000000000095 3.798766314586962e-08
65300.000000000095 4.126011349961689e-08
65350.000000000095 8.123427502660679e-08
65400.000000000095 3.665973951225186e-08
65450.000000000095 3.6788329688657527e-08
65500.000000000095 4.3642648971377406e-08
65550.00000000009 2.4389303321416e-08
65600.00000000009 4.263925100603767e-08
65650.00000000009 3.395545316288097e-08
65700.00000000009 3.20375476066565e-08
65750.00000000009 2.2827000124234524e-08
65800.00000000009 3.952224746451532e-08
65850.00000000009 5.500631207831901e-08
65900.00000000009 2.1944944950722725e-08
65950.00000000009 2.619873456421667e-08
66000.00000000009 3.33393477768679e-08
66050.00000000009 6.433655548866553e-08
66100.00000000009 3.783930088281931e-08
66150.00000000009 3.3759563443798475e-08
66200.00000000009 3.078378911320967e-08
66250.00000000009 2.393452182044928e-08
66300.00000000009 1.1952779745503297e-08
66350.00000000009 1.4320515421424354e-08
66400.00000000009 2.3160683044884388e-08
66450.00000000009 4.779615749192883e-08
66500.00000000009 6.662301302362204e-08
66550.00000000009 5.868732960883415e-08
66600.00000000009 4.717464971396716e-08
66650.00000000009 4.159090728507431e-08
66700.00000000009 3.277912940561602e-08
66750.00000000009 3.10599228506125e-08
66800.00000000009 3.9744845048930694e-08
66850.00000000009 2.6954419381740516e-08
66900.00000000009 6.231204444906396e-08
66950.00000000009 6.613430329407073e-08
67000.00000000009 7.706836967467025e-08
67050.00000000009 4.2662714414173645e-08
67100.00000000009 3.0667059440061616e-08
67150.00000000009 3.4858200875460535e-08
67200.00000000009 4.900405452802591e-08
67250.00000000009 4.319032340158814e-08
67300.00000000009 5.7537060786887514e-08
67350.00000000009 3.2556204333049255e-08
67400.00000000009 6.812058187259743e-08
67450.00000000009 4.5409767694625425e-08
67500.00000000009 4.4397197697688535e-08
67550.00000000009 6.658217593832272e-08
67600.00000000009 1.0780523215878354e-07
67650.00000000009 7.814026853781367e-08
67700.00000000009 5.339135016818503e-08
67750.00000000009 3.9866726516536084e-08
67800.00000000009 5.571972149819204e-08
67850.00000000009 2.928538439606282e-08
67900.00000000009 3.676874375501033e-08
67950.00000000009 2.6727798509109518e-08
68000.00000000009 5.2202972755565074e-08
