galfind/configs/Brown_Dwarf_templates/sonora_cholla/logkzz4/3162g/900K_3162g_logkzz4_resample.dat
# %ECSV 1.0
# ---
# datatype:
# - {name: wav, unit: Angstrom, datatype: float64}
# - {name: flux_nu, unit: erg / (cm2 Hz s), datatype: float64}
# schema: astropy-2.0
wav flux_nu
[from data line 773]
48650.000000000095 1.681897025486508e-07
48700.000000000095 2.5153473532316546e-07
48750.000000000095 1.4150578486585368e-07
48800.000000000095 2.5458878484583465e-07
48850.000000000095 1.565143305065737e-07
48900.000000000095 2.289448726729284e-07
48950.000000000095 1.7998820196083997e-07
49000.000000000095 1.278293853803716e-07
49050.000000000095 2.333773455521128e-07
49100.000000000095 1.8910753086811689e-07
49150.000000000095 2.338551236074887e-07
49200.000000000095 2.0773809702148251e-07
49250.000000000095 2.686112726021785e-07
49300.000000000095 2.0245458464766394e-07
49350.000000000095 1.5272712443508622e-07
49400.000000000095 1.9232587646223715e-07
49450.000000000095 1.944701102668269e-07
49500.000000000095 1.7439681526128686e-07
49550.000000000095 7.228000625696906e-08
49600.000000000095 1.4313578478504737e-07
49650.000000000095 1.7161089136571057e-07
49700.000000000095 1.992289790557787e-07
49750.000000000095 2.43255691303342e-07
49800.000000000095 1.601006307075458e-07
49850.000000000095 2.831406496761422e-07
49900.000000000095 2.436828324447892e-07
49950.000000000095 2.213769679666687e-07
50000.000000000095 2.272955638388988e-07
50050.000000000095 2.405608264410843e-07
50100.000000000095 2.2576667882612898e-07
50150.000000000095 1.296955970246543e-07
50200.000000000095 5.929579866532848e-08
50250.000000000095 1.7212530585069468e-07
50300.000000000095 1.270662573993674e-07
50350.000000000095 2.4636883864868655e-07
50400.000000000095 2.215763712132162e-07
50450.000000000095 1.7624484120297573e-07
50500.000000000095 2.623784717117717e-07
50550.000000000095 2.5857489386661993e-07
50600.000000000095 1.886729254508048e-07
50650.000000000095 2.386425558133419e-07
50700.000000000095 3.0409932800547985e-07
50750.000000000095 2.1191272324683363e-07
50800.000000000095 1.1458507919413987e-07
50850.000000000095 9.044806452945403e-08
50900.000000000095 2.4623468111016075e-07
50950.000000000095 2.3330185214008527e-07
51000.000000000095 2.0688219198205272e-07
51050.000000000095 2.235873178083142e-07
51100.000000000095 1.1179611206679732e-07
51150.000000000095 1.401185923169557e-07
51200.000000000095 2.951498780473034e-07
51250.000000000095 2.0178515932115085e-07
51300.000000000095 1.5496950643821077e-07
51350.000000000095 1.8205191117407797e-07
51400.000000000095 1.0195320186015091e-07
51450.000000000095 8.707993621880758e-08
51500.000000000095 7.511468517780766e-08
51550.000000000095 1.6907929018234337e-07
51600.000000000095 1.3729123071681004e-07
51650.000000000095 1.6658467255838064e-07
51700.000000000095 1.7946695821074485e-07
51750.000000000095 1.2067775914272269e-07
51800.000000000095 2.2597505210808015e-07
51850.000000000095 1.858408587173725e-07
51900.000000000095 2.4803893878705756e-07
51950.000000000095 1.7590508294537108e-07
52000.000000000095 4.895589838927378e-08
52050.000000000095 1.1365917489141953e-07
52100.000000000095 9.193070979626549e-08
52150.000000000095 6.870382108654819e-08
52200.000000000095 9.630023043220871e-08
52250.000000000095 1.4138125981278616e-07
52300.000000000095 2.254545982065731e-07
52350.000000000095 1.0780313816248919e-07
52400.000000000095 1.002881298150728e-07
52450.000000000095 1.951345027639984e-07
52500.000000000095 1.7957932482514017e-07
52550.000000000095 1.7308417333839706e-07
52600.000000000095 1.4811258033708588e-07
52650.000000000095 1.5412245767159598e-07
52700.000000000095 1.1782319100012053e-07
52750.000000000095 8.290594378052856e-08
52800.000000000095 1.0190690019030825e-07
52850.000000000095 1.208565740064237e-07
52900.000000000095 8.610499008210032e-08
52950.000000000095 1.1059917070658225e-07
53000.000000000095 1.7830198350400106e-07
53050.000000000095 7.408015470736162e-08
53100.000000000095 1.8625273405627058e-07
53150.000000000095 2.1318164974765984e-07
53200.000000000095 9.233953679734035e-08
53250.000000000095 1.8424038810069868e-07
53300.000000000095 2.0645869978689568e-07
53350.000000000095 2.0237847572052973e-07
53400.000000000095 1.7198659415078497e-07
53450.000000000095 7.125463018643565e-08
53500.000000000095 3.763491567140048e-08
53550.000000000095 6.210740447712033e-08
53600.000000000095 1.2295173998236944e-07
53650.000000000095 1.0110957627684494e-07
53700.000000000095 9.265016789637985e-08
53750.000000000095 8.709209746692475e-08
53800.000000000095 9.314833890887827e-08
53850.000000000095 1.3363664524841547e-07
53900.000000000095 1.537290828378993e-07
53950.000000000095 1.8426566751620372e-07
54000.000000000095 1.2162376024519643e-07
54050.000000000095 1.2366485153833216e-07
54100.000000000095 4.873499195814907e-08
54150.000000000095 7.380744224093837e-08
54200.000000000095 3.055828109668126e-08
54250.000000000095 4.735185279559068e-08
54300.000000000095 8.39655299283197e-08
54350.000000000095 1.1492713049749459e-07
54400.000000000095 1.0859662015032085e-07
54450.000000000095 9.941988129503876e-08
54500.000000000095 8.891154375210045e-08
54550.000000000095 7.38844999337921e-08
54600.000000000095 8.801684347712094e-08
54650.000000000095 3.677409857158825e-08
54700.000000000095 1.0542187927356316e-07
54750.000000000095 9.46766091350699e-08
54800.000000000095 6.166890438678894e-08
54850.000000000095 7.895882374498335e-08
54900.000000000095 1.1800493116640288e-07
54950.000000000095 1.5875384996113718e-07
55000.000000000095 6.725887607553527e-08
55050.000000000095 9.621921766349352e-08
55100.000000000095 1.0574700919322372e-07
55150.000000000095 7.640298756393649e-08
55200.000000000095 6.825752634196168e-08
55250.000000000095 8.298271211951378e-08
55300.000000000095 5.648567195816704e-08
55350.000000000095 1.0113963856703702e-07
55400.000000000095 1.1871572934375551e-07
55450.000000000095 7.884272684906543e-08
55500.000000000095 3.971982672009793e-08
55550.000000000095 5.232848025531938e-08
55600.000000000095 6.1578679988779e-08
55650.000000000095 5.269447114169234e-08
55700.000000000095 6.323278469961356e-08
55750.000000000095 6.684131592722119e-08
55800.000000000095 4.209702891848469e-08
55850.000000000095 4.357940245211519e-08
55900.000000000095 8.826908054293707e-08
55950.000000000095 1.2105142519769164e-07
56000.000000000095 5.3268921036020404e-08
56050.000000000095 6.91313482604909e-08
56100.000000000095 8.703346980061844e-08
56150.000000000095 5.698496078575563e-08
56200.000000000095 6.689199914937624e-08
56250.000000000095 9.397116241823626e-08
56300.000000000095 7.774478268591376e-08
56350.000000000095 6.950333293813085e-08
56400.000000000095 3.893515558778513e-08
56450.000000000095 3.561380718222475e-08
56500.000000000095 6.857102493746502e-08
56550.000000000095 3.523057415278247e-08
56600.000000000095 8.723893256047364e-08
56650.000000000095 8.868169923316768e-08
56700.000000000095 9.027837906635685e-08
56750.000000000095 4.051846293419423e-08
56800.000000000095 7.188874433002025e-08
56850.000000000095 6.812801312139155e-08
56900.000000000095 5.001783941493085e-08
56950.000000000095 8.457887993633467e-08
57000.000000000095 1.0085324004095105e-07
57050.000000000095 5.833606568456883e-08
57100.000000000095 2.6360866875907646e-08
57150.000000000095 4.5278060878237955e-08
57200.000000000095 3.5391653248750206e-08
57250.000000000095 4.995178690307022e-08
57300.000000000095 6.673810874200494e-08
57350.000000000095 3.985235916687502e-08
57400.000000000095 8.365509650314752e-08
57450.000000000095 5.994375481180001e-08
57500.000000000095 5.272663495339112e-08
57550.000000000095 7.092796395877235e-08
57600.000000000095 6.84939225799914e-08
57650.000000000095 2.4922885302616745e-08
57700.000000000095 3.6283054650223934e-08
57750.000000000095 4.950664839642604e-08
57800.000000000095 2.156713584446279e-08
57850.000000000095 1.0692458372007717e-07
57900.000000000095 1.2549186473782862e-07
57950.000000000095 1.233807631333534e-07
58000.000000000095 5.525697605291884e-08
58050.000000000095 7.675514240833314e-08
58100.000000000095 8.581100511340656e-08
58150.000000000095 6.11548547051223e-08
58200.000000000095 2.6976024376858918e-08
58250.000000000095 3.656291220919655e-08
58300.000000000095 3.538882278240313e-08
58350.000000000095 4.109352969948941e-08
58400.000000000095 6.926513073767593e-08
58450.000000000095 8.017628321542695e-08
58500.000000000095 7.64294951529163e-08
58550.000000000095 7.794000571442491e-08
58600.000000000095 4.100438361951557e-08
58650.000000000095 5.0164771649109256e-08
58700.000000000095 5.77912811532107e-08
58750.000000000095 6.165575187045713e-08
58800.000000000095 2.0868774033207782e-08
58850.000000000095 4.5880204574797614e-08
58900.000000000095 5.969821500437103e-08
58950.000000000095 3.2680065280764327e-08
59000.000000000095 6.238271623465297e-08
59050.000000000095 7.816575745708871e-08
59100.000000000095 8.719437506093367e-08
59150.000000000095 6.564373257072451e-08
59200.000000000095 6.693065147660168e-08
59250.000000000095 7.036491965649678e-08
59300.000000000095 6.61853979736886e-08
59350.000000000095 2.4973875829937763e-08
59400.000000000095 2.312118806948639e-08
59450.000000000095 6.38134813685323e-08
59500.000000000095 3.5428313405000434e-08
59550.000000000095 7.495037153896528e-08
59600.000000000095 9.059433426620772e-08
59650.000000000095 5.462777150717648e-08
59700.000000000095 3.933382369540766e-08
59750.000000000095 1.0485128076788894e-07
59800.000000000095 5.4137201407414984e-08
59850.000000000095 7.417484919169606e-08
59900.000000000095 3.254747732977063e-08
59950.000000000095 6.278946314686483e-08
60000.000000000095 1.20935554778926e-07
60050.000000000095 1.0655704741393361e-07
60100.000000000095 9.423338295348649e-08
60150.000000000095 5.440334892236123e-08
60200.000000000095 7.634954261924196e-08
60250.000000000095 1.1151891894977069e-07
60300.000000000095 1.020163250953293e-07
60350.000000000095 6.216687036190881e-08
60400.000000000095 7.449485317123608e-08
60450.000000000095 3.098570503273588e-08
60500.000000000095 1.685054029503661e-08
60550.000000000095 7.065222858110552e-08
60600.000000000095 7.754503136859719e-08
60650.000000000095 5.804796712116072e-08
60700.000000000095 4.711824279525152e-08
60750.000000000095 3.017808500177016e-08
60800.000000000095 7.803696650732699e-08
60850.000000000095 1.2688778211316098e-07
60900.000000000095 1.1193826814080242e-07
60950.000000000095 9.148577421874925e-08
61000.000000000095 8.481955428879952e-08
61050.000000000095 4.567965505260944e-08
61100.000000000095 5.9246498710982575e-08
61150.000000000095 2.6114989274806614e-08
61200.000000000095 8.957013299630125e-08
61250.000000000095 9.572519219323496e-08
61300.000000000095 8.005952202925297e-08
61350.000000000095 1.2061782681697808e-07
61400.000000000095 6.06073765925448e-08
61450.000000000095 3.580858184497967e-08
61500.000000000095 4.022374290327969e-08
61550.000000000095 5.835640732714223e-08
61600.000000000095 3.5841198155027444e-08
61650.000000000095 5.730222695106161e-08
61700.000000000095 5.736688048128545e-08
61750.000000000095 6.65230535971974e-08
61800.000000000095 6.757158595179938e-08
61850.000000000095 3.620511894902185e-08
61900.000000000095 1.0102457876743517e-07
61950.000000000095 1.116893766113859e-07
62000.000000000095 1.0017715463635498e-07
62050.000000000095 1.0788402987077295e-07
62100.000000000095 8.907552410597813e-08
62150.000000000095 1.0364592801238102e-07
62200.000000000095 9.151354099450438e-08
62250.000000000095 7.725124083127118e-08
62300.000000000095 1.3633536345984567e-07
62350.000000000095 1.1865462467241646e-07
62400.000000000095 6.776080626967464e-08
62450.000000000095 8.458670965453887e-08
62500.000000000095 1.2891693035502282e-07
62550.000000000095 1.4581544590526446e-07
62600.000000000095 1.3026918451609513e-07
62650.000000000095 1.0076652434427306e-07
62700.000000000095 9.505860060799252e-08
62750.000000000095 1.308032730412425e-07
62800.000000000095 8.069264517033699e-08
62850.000000000095 1.140627017316416e-07
62900.000000000095 9.64390522857206e-08
62950.000000000095 1.5329971135805762e-07
63000.000000000095 1.1039192240551667e-07
63050.000000000095 1.7603877769743196e-07
63100.000000000095 1.6650637489118698e-07
63150.000000000095 1.1196901343508423e-07
63200.000000000095 1.2286037231908001e-07
63250.000000000095 1.3586437718189656e-07
63300.000000000095 1.1117348208757815e-07
63350.000000000095 1.1110372262719077e-07
63400.000000000095 5.720859891741609e-08
63450.000000000095 3.928992028227361e-08
63500.000000000095 1.0293517686578485e-07
63550.000000000095 1.1748504205223277e-07
63600.000000000095 1.1560489150666743e-07
63650.000000000095 8.762454767331365e-08
63700.000000000095 4.3842420962212466e-08
63750.000000000095 7.333365413354506e-08
63800.000000000095 1.1463040376502021e-07
63850.000000000095 9.642455537814877e-08
63900.000000000095 5.268379831585314e-08
63950.000000000095 8.830411094523446e-08
64000.000000000095 1.0605807265256226e-07
64050.000000000095 6.31640786692849e-08
64100.000000000095 2.061983171680185e-08
64150.000000000095 3.099317827818896e-08
64200.000000000095 3.602784655433755e-08
64250.000000000095 6.707710227259288e-08
64300.000000000095 5.349988929924586e-08
64350.000000000095 4.32012248890168e-08
64400.000000000095 8.54338705270815e-08
64450.000000000095 8.874131617752727e-08
64500.000000000095 4.2949750738450004e-08
64550.000000000095 7.44748332262461e-08
64600.000000000095 5.0072396251139783e-08
64650.000000000095 7.753873598126879e-08
64700.000000000095 3.361143364110884e-08
64750.000000000095 4.457407206804668e-08
64800.000000000095 3.73802730518322e-08
64850.000000000095 3.182804231796646e-08
64900.000000000095 3.572925803535637e-08
64950.000000000095 3.217192225040699e-08
65000.000000000095 4.334769990700123e-08
65050.000000000095 5.6375752692345344e-08
65100.000000000095 6.995299932855687e-08
65150.000000000095 4.606128795849555e-08
65200.000000000095 3.068205487069967e-08
65250.000000000095 5.533737666750167e-08
65300.000000000095 5.671960493154632e-08
65350.000000000095 1.0832912394012494e-07
65400.000000000095 5.052708536982897e-08
65450.000000000095 5.1146888261562793e-08
65500.000000000095 6.070243032874234e-08
65550.00000000009 3.562118505357946e-08
65600.00000000009 5.77597594849305e-08
65650.00000000009 4.887208550686633e-08
65700.00000000009 4.621006524322422e-08
65750.00000000009 3.3625807845161296e-08
65800.00000000009 5.5240550089797053e-08
65850.00000000009 7.442740145204353e-08
65900.00000000009 3.2657493499493225e-08
65950.00000000009 3.603222893041196e-08
66000.00000000009 4.670781903276589e-08
66050.00000000009 8.802390478436206e-08
66100.00000000009 5.252608040717892e-08
66150.00000000009 4.538315971092805e-08
66200.00000000009 4.1905004102363473e-08
66250.00000000009 3.4662605801493274e-08
66300.00000000009 1.776883685211055e-08
66350.00000000009 2.2082900126546412e-08
66400.00000000009 3.445676371122756e-08
66450.00000000009 6.577168157370303e-08
66500.00000000009 9.073208306955352e-08
66550.00000000009 7.983800421520982e-08
66600.00000000009 6.404697622679859e-08
66650.00000000009 5.7595397996875575e-08
66700.00000000009 4.749178277412009e-08
66750.00000000009 4.4008738152465576e-08
66800.00000000009 5.6816998484171786e-08
66850.00000000009 3.878914217971029e-08
66900.00000000009 8.157211379882297e-08
66950.00000000009 9.067323730441892e-08
67000.00000000009 1.0027435706589224e-07
67050.00000000009 5.8089010644932323e-08
67100.00000000009 4.375884100676489e-08
67150.00000000009 4.8280882761544244e-08
67200.00000000009 6.506350660209632e-08
67250.00000000009 5.8701000064443495e-08
67300.00000000009 7.488239872129954e-08
67350.00000000009 4.542817618520116e-08
67400.00000000009 9.083338792377362e-08
67450.00000000009 6.250232548191503e-08
67500.00000000009 6.004567653288809e-08
67550.00000000009 8.419026087063877e-08
67600.00000000009 1.3660666467551904e-07
67650.00000000009 9.959984149304435e-08
67700.00000000009 7.073967119641694e-08
67750.00000000009 5.5246223298051974e-08
67800.00000000009 7.554195480183487e-08
67850.00000000009 4.16682076077582e-08
67900.00000000009 5.2219759729948e-08
67950.00000000009 3.8114086433159494e-08
68000.00000000009 6.778092141603958e-08
