galfind/configs/Brown_Dwarf_templates/sonora_cholla/logkzz4/3162g/950K_3162g_logkzz4_resample.dat
# %ECSV 1.0
# ---
# datatype:
# - {name: wav, unit: Angstrom, datatype: float64}
# - {name: flux_nu, unit: erg / (cm2 Hz s), datatype: float64}
# schema: astropy-2.0
wav flux_nu
[from data line 774]
48700.000000000095 2.5916790998414704e-07
48750.000000000095 1.4609362347670053e-07
48800.000000000095 2.5954545229821265e-07
48850.000000000095 1.6233645579671621e-07
48900.000000000095 2.39619364957287e-07
48950.000000000095 2.0014965613209587e-07
49000.000000000095 1.5232754289851102e-07
49050.000000000095 2.443031493707465e-07
49100.000000000095 1.877435687978015e-07
49150.000000000095 2.562171802407026e-07
49200.000000000095 2.0065539469183313e-07
49250.000000000095 2.74458887257377e-07
49300.000000000095 2.032924581395618e-07
49350.000000000095 1.771001095352197e-07
49400.000000000095 2.157470406306673e-07
49450.000000000095 2.14684266485406e-07
49500.000000000095 1.929405416532514e-07
49550.000000000095 9.014203284459489e-08
49600.000000000095 1.7297135516793435e-07
49650.000000000095 1.8837981664138128e-07
49700.000000000095 2.088136774377956e-07
49750.000000000095 2.741099768310818e-07
49800.000000000095 1.7550107408118274e-07
49850.000000000095 3.091040486376227e-07
49900.000000000095 2.5452488830655253e-07
49950.000000000095 2.450088639095022e-07
50000.000000000095 2.5942285786348684e-07
50050.000000000095 2.616276398615019e-07
50100.000000000095 2.6501855776186525e-07
50150.000000000095 1.5240679654431827e-07
50200.000000000095 7.987357956725391e-08
50250.000000000095 2.1162230097952978e-07
50300.000000000095 1.5854336629470706e-07
50350.000000000095 2.808121502573467e-07
50400.000000000095 2.375254696094084e-07
50450.000000000095 2.0395786294357766e-07
50500.000000000095 2.9714454648237457e-07
50550.000000000095 2.755685591297535e-07
50600.000000000095 2.1899400212073728e-07
50650.000000000095 2.5578114473624405e-07
50700.000000000095 3.460980933162012e-07
50750.000000000095 2.530078596951509e-07
50800.000000000095 1.407005962729787e-07
50850.000000000095 1.19103172856001e-07
50900.000000000095 2.8657187594382793e-07
50950.000000000095 2.723683773668985e-07
51000.000000000095 2.500078992498916e-07
51050.000000000095 2.5646190142589433e-07
51100.000000000095 1.377167559898737e-07
51150.000000000095 1.7339122234157578e-07
51200.000000000095 3.3155245426057945e-07
51250.000000000095 2.3762802737128184e-07
51300.000000000095 1.8318945845233376e-07
51350.000000000095 2.1665686587773293e-07
51400.000000000095 1.2956490864542176e-07
51450.000000000095 1.1234270980935359e-07
51500.000000000095 9.852098036323264e-08
51550.000000000095 2.08581985719302e-07
51600.000000000095 1.6489315836460825e-07
51650.000000000095 1.9816444842746848e-07
51700.000000000095 2.1534208396766627e-07
51750.000000000095 1.462075292872157e-07
51800.000000000095 2.672669839629938e-07
51850.000000000095 2.2140014293526416e-07
51900.000000000095 2.962296247930338e-07
51950.000000000095 2.1602704295769312e-07
52000.000000000095 6.739120364078117e-08
52050.000000000095 1.4459696646340962e-07
52100.000000000095 1.1970645650806724e-07
52150.000000000095 9.23218749147816e-08
52200.000000000095 1.197626124158699e-07
52250.000000000095 1.6984235622963806e-07
52300.000000000095 2.746529513169295e-07
52350.000000000095 1.416355061285767e-07
52400.000000000095 1.2744814915437745e-07
52450.000000000095 2.3185510586472722e-07
52500.000000000095 2.14461120713627e-07
52550.000000000095 2.0882202633093088e-07
52600.000000000095 1.7962481152189765e-07
52650.000000000095 1.8610740294497424e-07
52700.000000000095 1.454704657981528e-07
52750.000000000095 1.072172980306154e-07
52800.000000000095 1.2745459693886478e-07
52850.000000000095 1.49592779168539e-07
52900.000000000095 1.126958151696114e-07
52950.000000000095 1.3842567556294475e-07
53000.000000000095 2.187512151723328e-07
53050.000000000095 9.403480006639894e-08
53100.000000000095 2.21979753464988e-07
53150.000000000095 2.568166902542657e-07
53200.000000000095 1.1468008105193843e-07
53250.000000000095 2.2241569323021902e-07
53300.000000000095 2.482259822985089e-07
53350.000000000095 2.418446997272094e-07
53400.000000000095 2.149520064242911e-07
53450.000000000095 9.41805300018131e-08
53500.000000000095 5.3348205153733884e-08
53550.000000000095 8.535547033763818e-08
53600.000000000095 1.5547895081190246e-07
53650.000000000095 1.256798224824514e-07
53700.000000000095 1.1659226754732448e-07
53750.000000000095 1.111359590100773e-07
53800.000000000095 1.181910237368557e-07
53850.000000000095 1.6480602470124419e-07
53900.000000000095 1.8133197085430824e-07
53950.000000000095 2.232665656987395e-07
54000.000000000095 1.4947391905471928e-07
54050.000000000095 1.5075133148042582e-07
54100.000000000095 6.478588716315572e-08
54150.000000000095 9.700216232481174e-08
54200.000000000095 4.4128076003062144e-08
54250.000000000095 6.369963981036277e-08
54300.000000000095 1.0689909972210894e-07
54350.000000000095 1.44610966483901e-07
54400.000000000095 1.3959443994293455e-07
54450.000000000095 1.275732828786677e-07
54500.000000000095 1.1338938464232459e-07
54550.000000000095 9.399360964972309e-08
54600.000000000095 1.1392451387797358e-07
54650.000000000095 5.304975085241956e-08
54700.000000000095 1.3725682502329925e-07
54750.000000000095 1.2371943951772e-07
54800.000000000095 8.295612208782343e-08
54850.000000000095 1.0327733793906122e-07
54900.000000000095 1.4977618324454705e-07
54950.000000000095 1.978909757726063e-07
55000.000000000095 8.723676167351427e-08
55050.000000000095 1.2358428255814685e-07
55100.000000000095 1.3095119904982145e-07
55150.000000000095 9.859097744284338e-08
55200.000000000095 9.10128002486979e-08
55250.000000000095 1.0663257365230664e-07
55300.000000000095 7.423855962720954e-08
55350.000000000095 1.2915518277321095e-07
55400.000000000095 1.5273626101917507e-07
55450.000000000095 1.0362066461609543e-07
55500.000000000095 5.4128750308467655e-08
55550.000000000095 7.263021967480462e-08
55600.000000000095 8.088712421606086e-08
55650.000000000095 6.879066163360417e-08
55700.000000000095 8.354297974342767e-08
55750.000000000095 9.078997312110037e-08
55800.000000000095 6.007779977629453e-08
55850.000000000095 5.931798256666989e-08
55900.000000000095 1.1532762553421566e-07
55950.000000000095 1.5514148148581566e-07
56000.000000000095 7.107499486712613e-08
56050.000000000095 9.259449636501716e-08
56100.000000000095 1.1316683710181484e-07
56150.000000000095 7.728809263830107e-08
56200.000000000095 8.947623193297691e-08
56250.000000000095 1.1763819167924532e-07
56300.000000000095 1.0300492913868676e-07
56350.000000000095 9.577368125191656e-08
56400.000000000095 5.651382476260797e-08
56450.000000000095 5.156707361767785e-08
56500.000000000095 9.029514345545363e-08
56550.000000000095 4.888015859262328e-08
56600.000000000095 1.1375897393103865e-07
56650.000000000095 1.1275899974287742e-07
56700.000000000095 1.1888727008203608e-07
56750.000000000095 5.6450908272920114e-08
56800.000000000095 9.877244043833795e-08
56850.000000000095 8.973876357527738e-08
56900.000000000095 6.812150112972864e-08
56950.000000000095 1.1200690572865247e-07
57000.000000000095 1.3126461332917294e-07
57050.000000000095 7.838079396039102e-08
57100.000000000095 3.772747840365151e-08
57150.000000000095 6.302036411071158e-08
57200.000000000095 4.91175285810517e-08
57250.000000000095 6.879260572224835e-08
57300.000000000095 9.056488679921215e-08
57350.000000000095 5.505609294367013e-08
57400.000000000095 1.0868923907825066e-07
57450.000000000095 8.23677276120461e-08
57500.000000000095 7.295413337226239e-08
57550.000000000095 9.69991622134931e-08
57600.000000000095 9.589401592256527e-08
57650.000000000095 3.6922555772069565e-08
57700.000000000095 5.1311537656154646e-08
57750.000000000095 6.707441690780609e-08
57800.000000000095 3.0039192758319584e-08
57850.000000000095 1.3778237703600785e-07
57900.000000000095 1.6098446280075333e-07
57950.000000000095 1.5433864635862226e-07
58000.000000000095 7.428564393627878e-08
58050.000000000095 9.974495664468254e-08
58100.000000000095 1.1510150070403058e-07
58150.000000000095 8.48764090935161e-08
58200.000000000095 3.9597133846800595e-08
58250.000000000095 5.322810510866546e-08
58300.000000000095 4.922221647236979e-08
58350.000000000095 5.7653397527445065e-08
58400.000000000095 9.061171329253394e-08
58450.000000000095 1.0346961537574769e-07
58500.000000000095 9.727003913227345e-08
58550.000000000095 1.0389471077152036e-07
58600.000000000095 5.6609251501322655e-08
58650.000000000095 6.886260760050715e-08
58700.000000000095 7.7324717732726e-08
58750.000000000095 8.46922062606713e-08
58800.000000000095 3.17787895850672e-08
58850.000000000095 6.416147458274764e-08
58900.000000000095 8.336316672381705e-08
58950.000000000095 4.7316248965443605e-08
59000.000000000095 8.597656218176965e-08
59050.000000000095 1.0343322672781108e-07
59100.000000000095 1.1776112596716379e-07
59150.000000000095 8.797831473821425e-08
59200.000000000095 8.879924656771974e-08
59250.000000000095 9.391811581367614e-08
59300.000000000095 8.950813055907959e-08
59350.000000000095 3.73842300076161e-08
59400.000000000095 3.339194900915252e-08
59450.000000000095 8.478840059163028e-08
59500.000000000095 4.846832461229711e-08
59550.000000000095 9.984276902378811e-08
59600.000000000095 1.1794738157248917e-07
59650.000000000095 7.686370741116581e-08
59700.000000000095 5.475994396067824e-08
59750.000000000095 1.367735315424365e-07
59800.000000000095 7.414354653887918e-08
59850.000000000095 1.0110336680142885e-07
59900.000000000095 4.636773786336434e-08
59950.000000000095 8.528314751636148e-08
60000.000000000095 1.5763712435944205e-07
60050.000000000095 1.3621572742568305e-07
60100.000000000095 1.2475137653335604e-07
60150.000000000095 7.657641880384313e-08
60200.000000000095 1.0153703051608608e-07
60250.000000000095 1.4051483620895678e-07
60300.000000000095 1.2853153694587654e-07
60350.000000000095 8.11503615389895e-08
60400.000000000095 1.0082387646306648e-07
60450.000000000095 4.508273554278771e-08
60500.000000000095 2.650217245973469e-08
60550.000000000095 9.719598235880757e-08
60600.000000000095 1.0219800550768242e-07
60650.000000000095 7.916463474488921e-08
60700.000000000095 6.614002208792364e-08
60750.000000000095 4.512302309169271e-08
60800.000000000095 1.0422885025404057e-07
60850.000000000095 1.642671437873026e-07
60900.000000000095 1.4504461789257105e-07
60950.000000000095 1.217007111967958e-07
61000.000000000095 1.0933326014839343e-07
61050.000000000095 6.378698513706062e-08
61100.000000000095 8.326082857538358e-08
61150.000000000095 3.735389841229501e-08
61200.000000000095 1.2109336911200947e-07
61250.000000000095 1.3105266598692886e-07
61300.000000000095 1.1055898872333047e-07
61350.000000000095 1.5863838170876546e-07
61400.000000000095 8.619639108550329e-08
61450.000000000095 5.209130315243186e-08
61500.000000000095 5.941370940556279e-08
61550.000000000095 7.93009137136531e-08
61600.000000000095 5.1646282850862286e-08
61650.000000000095 7.918668249298656e-08
61700.000000000095 7.595993719086978e-08
61750.000000000095 8.890719370579378e-08
61800.000000000095 9.52533376265392e-08
61850.000000000095 5.309234231858723e-08
61900.000000000095 1.345640925289992e-07
61950.000000000095 1.439359272658826e-07
62000.000000000095 1.3086067945997115e-07
62050.000000000095 1.3477177624548404e-07
62100.000000000095 1.2002919929550436e-07
62150.000000000095 1.3317265159521956e-07
62200.000000000095 1.185019457381892e-07
62250.000000000095 1.0518472078135297e-07
62300.000000000095 1.7277409301021662e-07
62350.000000000095 1.4949826091965395e-07
62400.000000000095 8.630152182049609e-08
62450.000000000095 1.0922752245425596e-07
62500.000000000095 1.6125363295031912e-07
62550.000000000095 1.7510752107416996e-07
62600.000000000095 1.6565894276120446e-07
62650.000000000095 1.2971527706725854e-07
62700.000000000095 1.2607708215593914e-07
62750.000000000095 1.6711994091658817e-07
62800.000000000095 1.0505106930948578e-07
62850.000000000095 1.454369006020281e-07
62900.000000000095 1.224948864925958e-07
62950.000000000095 1.8692256553611867e-07
63000.000000000095 1.413867074166925e-07
63050.000000000095 2.1108845081593107e-07
63100.000000000095 2.0031474053463022e-07
63150.000000000095 1.3618479351618674e-07
63200.000000000095 1.551832585806845e-07
63250.000000000095 1.6561857382133453e-07
63300.000000000095 1.47554886149745e-07
63350.000000000095 1.4474390464555098e-07
63400.000000000095 7.850108512881526e-08
63450.000000000095 5.642171071494418e-08
63500.000000000095 1.3343410220795395e-07
63550.000000000095 1.4648202761935445e-07
63600.000000000095 1.497723187712778e-07
63650.000000000095 1.1442325973512414e-07
63700.000000000095 6.246445601046613e-08
63750.000000000095 9.784801905472463e-08
63800.000000000095 1.4232954495404335e-07
63850.000000000095 1.228940475358829e-07
63900.000000000095 7.268024934857532e-08
63950.000000000095 1.1651446490773466e-07
64000.000000000095 1.369997764571676e-07
64050.000000000095 8.704298988625868e-08
64100.000000000095 3.03150890456772e-08
64150.000000000095 4.448514256792358e-08
64200.000000000095 5.1383831397102315e-08
64250.000000000095 8.981586792391278e-08
64300.000000000095 7.178641149020567e-08
64350.000000000095 5.942941529098654e-08
64400.000000000095 1.1030951322874459e-07
64450.000000000095 1.1438574165332002e-07
64500.000000000095 5.792862515256046e-08
64550.000000000095 9.656671716784188e-08
64600.000000000095 6.47161211260419e-08
64650.000000000095 1.0029666030616233e-07
64700.000000000095 4.622988354612035e-08
64750.000000000095 5.936485091883252e-08
64800.000000000095 5.249192073610835e-08
64850.000000000095 4.5515928092309954e-08
64900.000000000095 5.142462022501532e-08
64950.000000000095 4.66495326983389e-08
65000.000000000095 6.08036919074654e-08
65050.000000000095 7.410412998303947e-08
65100.000000000095 9.126198841274933e-08
65150.000000000095 6.203003928155117e-08
65200.000000000095 4.428827605543398e-08
65250.000000000095 7.613163616198561e-08
65300.000000000095 7.48198193562398e-08
65350.000000000095 1.378731112845956e-07
65400.000000000095 6.693484266939719e-08
65450.000000000095 6.806531349592584e-08
65500.000000000095 8.03711535658491e-08
65550.00000000009 4.9434819906117086e-08
65600.00000000009 7.480211054078371e-08
65650.00000000009 6.696126186612764e-08
65700.00000000009 6.313851862547278e-08
65750.00000000009 4.7192240708396153e-08
65800.00000000009 7.380624598515649e-08
65850.00000000009 9.644135813296288e-08
65900.00000000009 4.608060153056176e-08
65950.00000000009 4.767536747762525e-08
66000.00000000009 6.258235794988207e-08
66050.00000000009 1.1474694074356136e-07
66100.00000000009 6.985772936393039e-08
66150.00000000009 5.897491422349446e-08
66200.00000000009 5.509913021723704e-08
66250.00000000009 4.786061748751974e-08
66300.00000000009 2.5245714116568133e-08
66350.00000000009 3.222988669180071e-08
66400.00000000009 4.839901739967775e-08
66450.00000000009 8.651734630299295e-08
66500.00000000009 1.1784727863725043e-07
66550.00000000009 1.0384666713610546e-07
66600.00000000009 8.312162876429491e-08
66650.00000000009 7.584439791663879e-08
66700.00000000009 6.487374181973625e-08
66750.00000000009 6.009952645638665e-08
66800.00000000009 7.707653532240257e-08
66850.00000000009 5.294054516634576e-08
66900.00000000009 1.0199266015783197e-07
66950.00000000009 1.1901654184916835e-07
67000.00000000009 1.2639008678103132e-07
67050.00000000009 7.602887374849341e-08
67100.00000000009 5.966987063826576e-08
67150.00000000009 6.455348400090997e-08
67200.00000000009 8.313212769433344e-08
67250.00000000009 7.657264682565665e-08
67300.00000000009 9.420326252728247e-08
67350.00000000009 5.963108245266843e-08
67400.00000000009 1.1619445900647968e-07
67450.00000000009 8.222674513695713e-08
67500.00000000009 7.810020807091687e-08
67550.00000000009 1.0370927243106344e-07
67600.00000000009 1.672983701942658e-07
67650.00000000009 1.2271036330354427e-07
67700.00000000009 9.034349658324848e-08
67750.00000000009 7.320535828335339e-08
67800.00000000009 9.807363619106394e-08
67850.00000000009 5.667407771395018e-08
67900.00000000009 7.06857727554576e-08
67950.00000000009 5.171473886739947e-08
68000.00000000009 8.459723649063413e-08
