galfind/configs/Brown_Dwarf_templates/sonora_cholla/logkzz4/3162g/950K_3162g_logkzz4_resample.dat
# %ECSV 1.0
# ---
# datatype:
# - {name: wav, unit: Angstrom, datatype: float64}
# - {name: flux_nu, unit: erg / (cm2 Hz s), datatype: float64}
# schema: astropy-2.0
wav flux_nu
[from data line 388]
29400.000000000095 4.326017377232504e-08
29450.000000000095 4.8711793029499024e-08
29500.000000000095 6.239402262556076e-08
29550.000000000095 4.965660115695042e-08
29600.000000000095 6.5190851159033e-08
29650.000000000095 6.139888320681954e-08
29700.000000000095 4.572155998935647e-08
29750.000000000095 6.636408227448189e-08
29800.000000000095 6.767378285888832e-08
29850.000000000095 8.159826502801423e-08
29900.000000000095 8.638666311031746e-08
29950.000000000095 7.140820126170924e-08
30000.000000000095 3.83549131910177e-08
30050.000000000095 4.285965780230045e-08
30100.000000000095 6.26263660823524e-08
30150.000000000095 9.051240248312062e-08
30200.000000000095 6.294148292313459e-08
30250.000000000095 1.0845502217050358e-07
30300.000000000095 9.278117727776042e-08
30350.000000000095 8.065206479674228e-08
30400.000000000095 1.0246620182822266e-07
30450.000000000095 6.955365403449522e-08
30500.000000000095 7.243202331414644e-08
30550.000000000095 6.978451968000926e-08
30600.000000000095 9.951636964062455e-08
30650.000000000095 7.929608907105866e-08
30700.000000000095 6.62887386900853e-08
30750.000000000095 6.83995427622167e-08
30800.000000000095 6.040133256506162e-08
30850.000000000095 5.952425916402662e-08
30900.000000000095 5.908278583731694e-08
30950.000000000095 3.779697688593438e-08
31000.000000000095 4.614170312350828e-08
31050.000000000095 5.301716058950303e-08
31100.000000000095 3.708060309766986e-08
31150.000000000095 4.2098707317886464e-08
31200.000000000095 5.420815205615164e-08
31250.000000000095 3.482803573235037e-08
31300.000000000095 3.485756586191765e-08
31350.000000000095 3.463391910401569e-08
31400.000000000095 2.4491289157192825e-08
31450.000000000095 3.2653477305131706e-08
31500.000000000095 2.113355639437792e-08
31550.000000000095 2.5558205372622726e-08
31600.000000000095 1.915325315899467e-08
31650.000000000095 1.6926975476383455e-08
31700.000000000095 2.2262107170943824e-08
31750.000000000095 1.2646735058720831e-08
31800.000000000095 2.0268326710878854e-08
31850.000000000095 1.2144411317841794e-08
31900.000000000095 1.7409230992163107e-08
31950.000000000095 1.2760099944198128e-08
32000.000000000095 1.4334744314171207e-08
32050.000000000095 1.2782940365966054e-08
32100.000000000095 1.0707165345820139e-08
32150.000000000095 1.5083995751103438e-08
32200.000000000095 9.690841683069705e-09
32250.000000000095 1.776844993572932e-08
32300.000000000095 8.542187710155809e-09
32350.000000000095 2.0481913091433302e-08
32400.000000000095 1.0709434856174475e-08
32450.000000000095 1.8235000032022313e-08
32500.000000000095 1.3224433875092772e-08
32550.000000000095 1.729936259086959e-08
32600.000000000095 1.7628665906516916e-08
32650.000000000095 2.3031806688784804e-08
32700.000000000095 2.0054822961526403e-08
32750.000000000095 2.942438562463472e-08
32800.000000000095 2.7561591954020326e-08
32850.000000000095 3.6075583388863536e-08
32900.000000000095 3.74920046309099e-08
32950.000000000095 3.977471045561778e-08
33000.000000000095 3.062866892729449e-08
33050.000000000095 3.1708112020417945e-08
33100.000000000095 1.573770155917702e-08
33150.000000000095 1.2973940095867839e-09
33200.000000000095 2.2158385022542624e-09
33250.000000000095 1.7553180832915093e-09
33300.000000000095 2.900304056455292e-09
33350.000000000095 6.410340115731835e-09
33400.000000000095 1.0933292908558983e-08
33450.000000000095 1.2874773037285899e-08
33500.000000000095 2.28859663363732e-08
33550.000000000095 1.6742385306774306e-08
33600.000000000095 2.622557740100374e-08
33650.000000000095 2.6452220149701382e-08
33700.000000000095 1.9018428285546926e-08
33750.000000000095 3.2710182000054274e-08
33800.000000000095 1.394755647396579e-08
33850.000000000095 2.3330810427052632e-08
33900.000000000095 2.1756541204601086e-08
33950.000000000095 2.3307454351786293e-08
34000.000000000095 2.9222096394081916e-08
34050.000000000095 1.1183695380985523e-08
34100.000000000095 2.599797171705646e-08
34150.000000000095 1.492238900221336e-08
34200.000000000095 2.3003154543066966e-08
34250.000000000095 2.1176809431974796e-08
34300.000000000095 1.577624438565296e-08
34350.000000000095 2.7302850588547656e-08
34400.000000000095 1.5801350183362873e-08
34450.000000000095 2.859678226241406e-08
34500.000000000095 2.1592819337081588e-08
34550.000000000095 1.4765261338697904e-08
34600.000000000095 3.20928953051302e-08
34650.000000000095 1.4436886374516447e-08
34700.000000000095 2.3020713164736218e-08
34750.000000000095 2.3157602420669603e-08
34800.000000000095 1.3180039278608982e-08
34850.000000000095 3.001649152435548e-08
34900.000000000095 2.390312460412171e-08
34950.000000000095 2.6771177230174608e-08
35000.000000000095 3.728249039309502e-08
35050.000000000095 2.326494487817311e-08
35100.000000000095 4.055488921198061e-08
35150.000000000095 3.502146864817177e-08
35200.000000000095 3.823446312571111e-08
35250.000000000095 5.079512977198132e-08
35300.000000000095 2.656587347446924e-08
35350.000000000095 4.2071569919561096e-08
35400.000000000095 4.137712744001879e-08
35450.000000000095 3.353858326727583e-08
35500.000000000095 6.228772326368557e-08
35550.000000000095 4.6395655908856036e-08
35600.000000000095 5.340068450642516e-08
35650.000000000095 5.9366973772581636e-08
35700.000000000095 4.009920040091403e-08
35750.000000000095 7.153805618905039e-08
35800.000000000095 6.215843450954707e-08
35850.000000000095 4.432074275993843e-08
35900.000000000095 6.847823923554024e-08
35950.000000000095 7.037519774055408e-08
36000.000000000095 5.8726496430147066e-08
36050.000000000095 7.074977557999968e-08
36100.000000000095 6.103686637838682e-08
36150.000000000095 8.354993756330652e-08
36200.000000000095 8.662731460999802e-08
36250.000000000095 8.106961381453451e-08
36300.000000000095 1.0010970553303989e-07
36350.000000000095 9.503968275025126e-08
36400.000000000095 1.1497210450896078e-07
36450.000000000095 1.0659842514268652e-07
36500.000000000095 1.040876290379603e-07
36550.000000000095 1.3817672366708414e-07
36600.000000000095 1.5275850514682202e-07
36650.000000000095 1.3837819909397026e-07
36700.000000000095 1.3606939899021014e-07
36750.000000000095 1.631219220124291e-07
36800.000000000095 1.562947872747087e-07
36850.000000000095 1.3656552115379507e-07
36900.000000000095 1.4679404567562761e-07
36950.000000000095 1.7181370989072157e-07
37000.000000000095 1.517879711188531e-07
37050.000000000095 1.7508878998198074e-07
37100.000000000095 1.5824674459771626e-07
37150.000000000095 1.7825899220726468e-07
37200.000000000095 2.009421993144512e-07
37250.000000000095 1.5895205119540574e-07
37300.000000000095 1.5423129216203666e-07
37350.000000000095 1.9779966654700974e-07
37400.000000000095 2.395831416760888e-07
37450.000000000095 1.7950235205885587e-07
37500.000000000095 1.769943200248883e-07
37550.000000000095 2.543287575949594e-07
37600.000000000095 2.773462068688311e-07
37650.000000000095 1.8733845502075394e-07
37700.000000000095 2.450375204699867e-07
37750.000000000095 1.869124000432807e-07
37800.000000000095 2.2760661685495098e-07
37850.000000000095 1.6793863357447098e-07
37900.000000000095 2.0553816819041724e-07
37950.000000000095 2.3762457605125432e-07
38000.000000000095 2.6589230909110275e-07
38050.000000000095 2.4048611578787807e-07
38100.000000000095 2.824765540649065e-07
38150.000000000095 2.798187924667667e-07
38200.000000000095 2.7393454265768506e-07
38250.000000000095 2.7784911765847075e-07
38300.000000000095 3.463376330843281e-07
38350.000000000095 3.401329307655752e-07
38400.000000000095 2.457263084481615e-07
38450.000000000095 2.584083787839921e-07
38500.000000000095 2.2003926754451917e-07
38550.000000000095 2.8430639634765375e-07
38600.000000000095 2.89330947617119e-07
38650.000000000095 3.249956167799389e-07
38700.000000000095 3.397983245162905e-07
38750.000000000095 3.3319671175263417e-07
38800.000000000095 2.933085275690951e-07
38850.000000000095 3.4827857437293967e-07
38900.000000000095 3.635432384498815e-07
38950.000000000095 3.146732741207774e-07
39000.000000000095 3.7004369496774684e-07
39050.000000000095 3.343462460967963e-07
39100.000000000095 3.363623030162953e-07
39150.000000000095 3.6559193622714106e-07
39200.000000000095 3.4524811956087505e-07
39250.000000000095 3.92836694369869e-07
39300.000000000095 3.7213598729027046e-07
39350.000000000095 4.284989123449336e-07
39400.000000000095 3.947088090691632e-07
39450.000000000095 4.1003819013251845e-07
39500.000000000095 4.195008476243069e-07
39550.000000000095 3.9029310937868586e-07
39600.000000000095 4.0199171834616246e-07
39650.000000000095 4.777293282460165e-07
39700.000000000095 4.303599034083409e-07
39750.000000000095 3.5198520243399404e-07
39800.000000000095 3.9864710543895134e-07
39850.000000000095 4.840150460652544e-07
39900.000000000095 4.83389385306683e-07
39950.000000000095 4.4086331026927255e-07
40000.000000000095 5.011751877301809e-07
40050.000000000095 4.836778194185608e-07
40100.000000000095 3.7385711536072746e-07
40150.000000000095 5.026604366846745e-07
40200.000000000095 5.170782910325949e-07
40250.000000000095 5.016785326704307e-07
40300.000000000095 5.135747009349599e-07
40350.000000000095 4.2128984631912793e-07
40400.000000000095 5.193775431078957e-07
40450.000000000095 4.5938780867508375e-07
40500.000000000095 5.154470900831947e-07
40550.000000000095 5.268243995370228e-07
40600.000000000095 5.120458234488968e-07
40650.000000000095 5.010427466196188e-07
40700.000000000095 6.202432079293003e-07
40750.000000000095 5.122410112850942e-07
40800.000000000095 4.493518602663073e-07
40850.000000000095 5.924787787270531e-07
40900.000000000095 5.861872628321199e-07
40950.000000000095 4.885325560506353e-07
41000.000000000095 5.365193268148231e-07
41050.000000000095 5.819133046815478e-07
41100.000000000095 5.216959944901001e-07
41150.000000000095 4.377599291337706e-07
41200.000000000095 5.858235976855845e-07
41250.000000000095 5.509384304261218e-07
41300.000000000095 4.825866860595873e-07
41350.000000000095 6.017867129849371e-07
41400.000000000095 5.440549756076886e-07
41450.000000000095 5.748816175655632e-07
41500.000000000095 5.011573000198233e-07
41550.000000000095 4.574700706064089e-07
41600.000000000095 5.176985896867764e-07
41650.000000000095 5.528273718538694e-07
41700.000000000095 5.029182051276807e-07
41750.000000000095 4.96807929649209e-07
41800.000000000095 5.988067642792545e-07
41850.000000000095 3.975110491185479e-07
41900.000000000095 4.4685903581548924e-07
41950.000000000095 5.374593937075143e-07
42000.000000000095 5.570938048275933e-07
42050.000000000095 4.6725146019864093e-07
42100.000000000095 5.843054574393902e-07
42150.000000000095 4.243223706338506e-07
42200.000000000095 4.415482542442682e-07
42250.000000000095 4.5162544957963834e-07
42300.000000000095 4.466218673556773e-07
42350.000000000095 4.970183986437917e-07
42400.000000000095 5.089732855710517e-07
42450.000000000095 4.246780912822503e-07
42500.000000000095 4.2983059745503184e-07
42550.000000000095 4.093666860159734e-07
42600.000000000095 4.63559075626529e-07
42650.000000000095 5.669550073248974e-07
42700.000000000095 4.146753774108711e-07
42750.000000000095 3.733839647031883e-07
42800.000000000095 4.2820730975592156e-07
42850.000000000095 4.789152237240397e-07
42900.000000000095 5.027718035689713e-07
42950.000000000095 3.913894600484095e-07
43000.000000000095 4.86026449344996e-07
43050.000000000095 2.7949947927943013e-07
43100.000000000095 4.3109135889716833e-07
43150.000000000095 4.115953251362228e-07
43200.000000000095 4.289527337710147e-07
43250.000000000095 5.739833221491098e-07
43300.000000000095 5.439126141098319e-07
43350.000000000095 3.250145079245027e-07
43400.000000000095 4.395708037330957e-07
43450.000000000095 3.547821235466028e-07
43500.000000000095 3.9156857777629837e-07
43550.000000000095 3.759723381036623e-07
43600.000000000095 4.777743913249403e-07
43650.000000000095 2.9509891767517926e-07
43700.000000000095 4.98313456480803e-07
43750.000000000095 4.7520263360286637e-07
43800.000000000095 4.0045765077470975e-07
43850.000000000095 3.8698511237165556e-07
43900.000000000095 3.7248666707445605e-07
43950.000000000095 3.0476401633208217e-07
44000.000000000095 2.3247617727576884e-07
44050.000000000095 3.665686565675774e-07
44100.000000000095 4.179552166136776e-07
44150.000000000095 4.05324265132103e-07
44200.000000000095 3.562725594382598e-07
44250.000000000095 2.740834531718318e-07
44300.000000000095 2.4082022269940015e-07
44350.000000000095 2.4138288328848077e-07
44400.000000000095 2.423929586295716e-07
44450.000000000095 2.728037751089303e-07
44500.000000000095 2.3151730702626244e-07
44550.000000000095 2.7067811946186414e-07
44600.000000000095 2.1183793055741569e-07
44650.000000000095 2.468217998609465e-07
44700.000000000095 2.1183530572956317e-07
44750.000000000095 2.283625247334677e-07
44800.000000000095 2.03135829756502e-07
44850.000000000095 2.1358229626617076e-07
44900.000000000095 1.7442722793317356e-07
44950.000000000095 1.6489794261516287e-07
45000.000000000095 1.8118062592661019e-07
45050.000000000095 1.8843491497542028e-07
45100.000000000095 1.920239959264185e-07
45150.000000000095 1.6175828117613131e-07
45200.000000000095 1.1783979869200136e-07
45250.000000000095 1.3138538799659798e-07
45300.000000000095 1.5999806684279204e-07
45350.000000000095 1.4869152818803046e-07
45400.000000000095 1.3564797961401493e-07
45450.000000000095 1.2920658380253288e-07
45500.000000000095 1.4500369639924324e-07
45550.000000000095 1.6498032252912612e-07
45600.000000000095 1.2822297606535448e-07
45650.000000000095 1.230039920297061e-07
45700.000000000095 1.520046587035788e-07
45750.000000000095 1.2321662191427075e-07
45800.000000000095 1.1453567550289341e-07
45850.000000000095 1.6976735688524235e-07
45900.000000000095 1.7067440742550695e-07
45950.000000000095 1.1591991481467509e-07
46000.000000000095 1.6772671044869078e-07
46050.000000000095 1.740080089850057e-07
46100.000000000095 1.2205545827925568e-07
46150.000000000095 1.5773640352827736e-07
46200.000000000095 1.4887030493392185e-07
46250.000000000095 9.486029880080788e-08
46300.000000000095 1.9125203017274776e-07
46350.000000000095 1.4383160169857634e-07
46400.000000000095 1.685772650757048e-07
46450.000000000095 2.1379072597999477e-07
46500.000000000095 1.5866709487451848e-07
46550.000000000095 1.9509411489651955e-07
46600.000000000095 1.8510001434485364e-07
46650.000000000095 3.2922032383581605e-07
46700.000000000095 2.4610008054838134e-07
46750.000000000095 1.6196056558511526e-07
46800.000000000095 1.255521566537611e-07
46850.000000000095 2.2600139403257994e-07
46900.000000000095 1.924964042750758e-07
46950.000000000095 2.6032311643543303e-07
47000.000000000095 1.4636395092533903e-07
47050.000000000095 2.444755991458159e-07
47100.000000000095 1.1401075275240691e-07
47150.000000000095 1.71991339850034e-07
47200.000000000095 1.9803902662829408e-07
47250.000000000095 1.3753792819570792e-07
47300.000000000095 1.4558100069811747e-07
47350.000000000095 1.3484807669458094e-07
47400.000000000095 2.3456623223049636e-07
47450.000000000095 1.2835197896927257e-07
47500.000000000095 2.4702190130825664e-07
47550.000000000095 1.338941652123207e-07
47600.000000000095 2.234326420508723e-07
47650.000000000095 1.2851717271746907e-07
47700.000000000095 2.094515382037344e-07
47750.000000000095 1.1148009881258191e-07
47800.000000000095 1.7493589031693866e-07
47850.000000000095 9.439539621822842e-08
47900.000000000095 1.5012862239911696e-07
47950.000000000095 1.4808903039899582e-07
48000.000000000095 2.442859719951349e-07
48050.000000000095 1.6251197024020384e-07
48100.000000000095 1.768294043848771e-07
48150.000000000095 1.4830426803304458e-07
48200.000000000095 2.0593467988434588e-07
48250.000000000095 1.523757402080278e-07
48300.000000000095 2.738022724118288e-07
48350.000000000095 1.4352567938492474e-07
48400.000000000095 1.314315649159698e-07
48450.000000000095 1.358091442014454e-07
48500.000000000095 2.4493625588060705e-07
48550.000000000095 1.3902630464709917e-07
48600.000000000095 2.4604188311533333e-07
