galfind/configs/Brown_Dwarf_templates/sonora_cholla/logkzz4/1780g/1000K_1780g_logkzz4_resample.dat
# %ECSV 1.0
# ---
# datatype:
# - {name: wav, unit: Angstrom, datatype: float64}
# - {name: flux_nu, unit: erg / (cm2 Hz s), datatype: float64}
# schema: astropy-2.0
wav flux_nu
[from data line 388]
29400.000000000095 6.6537030998203e-08
29450.000000000095 7.288763906405923e-08
29500.000000000095 8.704436486436519e-08
29550.000000000095 7.189245480496069e-08
29600.000000000095 9.4787175746639e-08
29650.000000000095 8.468092358814215e-08
29700.000000000095 6.79225211030369e-08
29750.000000000095 9.529078383715743e-08
29800.000000000095 9.933853985459381e-08
29850.000000000095 1.1199975744736346e-07
29900.000000000095 1.1729864814078342e-07
29950.000000000095 1.0052937198498563e-07
30000.000000000095 7.066619267720893e-08
30050.000000000095 6.792178190187905e-08
30100.000000000095 9.093666209282997e-08
30150.000000000095 1.2669931363010687e-07
30200.000000000095 8.992915180229471e-08
30250.000000000095 1.415690837898795e-07
30300.000000000095 1.2097506007300174e-07
30350.000000000095 1.0818969109248772e-07
30400.000000000095 1.3211019721574356e-07
30450.000000000095 9.50243022883716e-08
30500.000000000095 9.634831563429223e-08
30550.000000000095 9.549841317859911e-08
30600.000000000095 1.2286692528080225e-07
30650.000000000095 1.0219714154682932e-07
30700.000000000095 8.92653512931386e-08
30750.000000000095 8.686311721912671e-08
30800.000000000095 7.985513367538073e-08
30850.000000000095 7.723059901210092e-08
30900.000000000095 7.839570970636143e-08
30950.000000000095 5.156124420250838e-08
31000.000000000095 6.184416432870668e-08
31050.000000000095 6.943595493135339e-08
31100.000000000095 4.838122948859247e-08
31150.000000000095 5.5861369969862646e-08
31200.000000000095 6.629814001009867e-08
31250.000000000095 4.666937131746132e-08
31300.000000000095 4.586853295327138e-08
31350.000000000095 4.504279250308015e-08
31400.000000000095 3.189528985376018e-08
31450.000000000095 4.345309711117046e-08
31500.000000000095 2.9925054836245945e-08
31550.000000000095 3.580294287176379e-08
31600.000000000095 2.647580478505497e-08
31650.000000000095 2.485190776241298e-08
31700.000000000095 3.1125514679395486e-08
31750.000000000095 1.9234278597843293e-08
31800.000000000095 2.8203606587721367e-08
31850.000000000095 1.9572891163106862e-08
31900.000000000095 2.4763309662547686e-08
31950.000000000095 2.007415704626618e-08
32000.000000000095 2.1712032810997356e-08
32050.000000000095 1.8868529573316256e-08
32100.000000000095 1.656598104145187e-08
32150.000000000095 2.2470823706332956e-08
32200.000000000095 1.5084770115483038e-08
32250.000000000095 2.627628009215212e-08
32300.000000000095 1.3513116752781292e-08
32350.000000000095 3.028202997481024e-08
32400.000000000095 1.75466525505418e-08
32450.000000000095 2.743919487029493e-08
32500.000000000095 2.071582411230087e-08
32550.000000000095 2.590637652266051e-08
32600.000000000095 2.760683673254437e-08
32650.000000000095 3.449251420796635e-08
32700.000000000095 3.0559889315761175e-08
32750.000000000095 4.214967402997937e-08
32800.000000000095 3.804432161798729e-08
32850.000000000095 4.900390876136345e-08
32900.000000000095 5.147149584521661e-08
32950.000000000095 5.438292321579335e-08
33000.000000000095 4.415111138515967e-08
33050.000000000095 4.453625632784313e-08
33100.000000000095 2.3317631437227742e-08
33150.000000000095 3.006513860727375e-09
33200.000000000095 4.278923421750501e-09
33250.000000000095 3.027896885765162e-09
33300.000000000095 4.253466379940034e-09
33350.000000000095 8.914014887870938e-09
33400.000000000095 1.4309940282374384e-08
33450.000000000095 1.7635921132076476e-08
33500.000000000095 2.835112779899167e-08
33550.000000000095 2.3212076440207917e-08
33600.000000000095 3.602502252736775e-08
33650.000000000095 3.588396986836308e-08
33700.000000000095 2.841478674667289e-08
33750.000000000095 4.414760294633995e-08
33800.000000000095 2.2711605953233556e-08
33850.000000000095 3.480063550843443e-08
33900.000000000095 3.193657476254421e-08
33950.000000000095 3.5085383650945686e-08
34000.000000000095 4.073600949468331e-08
34050.000000000095 1.7564740764917436e-08
34100.000000000095 3.745105633794378e-08
34150.000000000095 2.3629284759048658e-08
34200.000000000095 3.344082804061682e-08
34250.000000000095 2.995120612370997e-08
34300.000000000095 2.3806694730039166e-08
34350.000000000095 3.757228656856523e-08
34400.000000000095 2.4425231290274213e-08
34450.000000000095 3.991569848102758e-08
34500.000000000095 3.1349717449824124e-08
34550.000000000095 2.1958517171282175e-08
34600.000000000095 4.2745944894082676e-08
34650.000000000095 2.2122796444398255e-08
34700.000000000095 3.069292101137345e-08
34750.000000000095 3.173999599081219e-08
34800.000000000095 1.9041021188772984e-08
34850.000000000095 3.778216416164788e-08
34900.000000000095 3.5442467696244023e-08
34950.000000000095 3.5002954359223415e-08
35000.000000000095 4.823803143300976e-08
35050.000000000095 3.259089158463387e-08
35100.000000000095 5.099408442422409e-08
35150.000000000095 4.499160210479238e-08
35200.000000000095 5.231365868835094e-08
35250.000000000095 6.458821400324676e-08
35300.000000000095 3.714834297026011e-08
35350.000000000095 5.580689022120747e-08
35400.000000000095 5.516995351153776e-08
35450.000000000095 4.639373918252397e-08
35500.000000000095 7.881008230690544e-08
35550.000000000095 6.247637416473477e-08
35600.000000000095 6.944227454051361e-08
35650.000000000095 7.536476712273752e-08
35700.000000000095 5.1110078450853665e-08
35750.000000000095 8.773708664383396e-08
35800.000000000095 7.869592108538214e-08
35850.000000000095 5.75921743171033e-08
35900.000000000095 8.657346791471516e-08
35950.000000000095 8.714288370915402e-08
36000.000000000095 7.091568746553802e-08
36050.000000000095 8.906488682005489e-08
36100.000000000095 7.856383600472798e-08
36150.000000000095 1.006713068722328e-07
36200.000000000095 1.0264887052325902e-07
36250.000000000095 1.0120526816588781e-07
36300.000000000095 1.1751921404592139e-07
36350.000000000095 1.1347706779746279e-07
36400.000000000095 1.3818911975727292e-07
36450.000000000095 1.297715422057e-07
36500.000000000095 1.274988668940654e-07
36550.000000000095 1.5801327861173892e-07
36600.000000000095 1.7618969395476295e-07
36650.000000000095 1.6319158248920437e-07
36700.000000000095 1.6778710678576433e-07
36750.000000000095 1.8608242782022576e-07
36800.000000000095 1.8269581972339323e-07
36850.000000000095 1.6430109550753974e-07
36900.000000000095 1.7445607499620534e-07
36950.000000000095 1.986683443982215e-07
37000.000000000095 1.8120168782407366e-07
37050.000000000095 2.0521183635390295e-07
37100.000000000095 1.977956783209872e-07
37150.000000000095 2.1294355998170136e-07
37200.000000000095 2.3117989493999563e-07
37250.000000000095 1.9391416843972e-07
37300.000000000095 1.9194726171934714e-07
37350.000000000095 2.3366038629525884e-07
37400.000000000095 2.722883823411428e-07
37450.000000000095 2.238608765967901e-07
37500.000000000095 2.1115534967922318e-07
37550.000000000095 2.904733516965123e-07
37600.000000000095 3.158323266814675e-07
37650.000000000095 2.2908339130960352e-07
37700.000000000095 2.8639153000077716e-07
37750.000000000095 2.234130471438453e-07
37800.000000000095 2.6539484557655116e-07
37850.000000000095 2.0491112336764297e-07
37900.000000000095 2.475922669741861e-07
37950.000000000095 2.822014440162136e-07
38000.000000000095 3.184420932120545e-07
38050.000000000095 2.8692911966799064e-07
38100.000000000095 3.2432876003182927e-07
38150.000000000095 3.200419747875807e-07
38200.000000000095 3.2853808435540374e-07
38250.000000000095 3.2498533451719966e-07
38300.000000000095 3.950387977551615e-07
38350.000000000095 3.9072435429823237e-07
38400.000000000095 2.909414843413284e-07
38450.000000000095 3.1595345708153863e-07
38500.000000000095 2.6969922072517965e-07
38550.000000000095 3.322335567352621e-07
38600.000000000095 3.3681139546566853e-07
38650.000000000095 3.8693321366282683e-07
38700.000000000095 3.9734443042676735e-07
38750.000000000095 3.8954891937986557e-07
38800.000000000095 3.431644656473286e-07
38850.000000000095 4.107070527506873e-07
38900.000000000095 4.2415955844578136e-07
38950.000000000095 3.7384214885099174e-07
39000.000000000095 4.380992440784594e-07
39050.000000000095 3.934076549518455e-07
39100.000000000095 3.980178584238795e-07
39150.000000000095 4.2050829303597836e-07
39200.000000000095 4.000579468358531e-07
39250.000000000095 4.5717846891757763e-07
39300.000000000095 4.3782679652184056e-07
39350.000000000095 4.988470158494849e-07
39400.000000000095 4.68389434939503e-07
39450.000000000095 4.799296607520978e-07
39500.000000000095 4.7277365850601335e-07
39550.000000000095 4.5829143832899187e-07
39600.000000000095 4.6952453266558125e-07
39650.000000000095 5.446044728500253e-07
39700.000000000095 4.921438632357724e-07
39750.000000000095 4.139644403505882e-07
39800.000000000095 4.7123809287708535e-07
39850.000000000095 5.458689636663972e-07
39900.000000000095 5.465359185928502e-07
39950.000000000095 5.093255538528087e-07
40000.000000000095 5.627041888763711e-07
40050.000000000095 5.497834721513191e-07
40100.000000000095 4.505352333409274e-07
40150.000000000095 5.779152774751341e-07
40200.000000000095 5.790005534119495e-07
40250.000000000095 5.624034578695335e-07
40300.000000000095 5.803656371045312e-07
40350.000000000095 4.921992572355719e-07
40400.000000000095 5.850957040402858e-07
40450.000000000095 5.322666849649287e-07
40500.000000000095 5.684127047881083e-07
40550.000000000095 5.920801828549894e-07
40600.000000000095 5.678954837971641e-07
40650.000000000095 5.73881702575726e-07
40700.000000000095 6.885180654508672e-07
40750.000000000095 5.828717052196517e-07
40800.000000000095 5.131751955192801e-07
40850.000000000095 6.464357068467951e-07
40900.000000000095 6.377219901749263e-07
40950.000000000095 5.593705984473118e-07
41000.000000000095 5.935989358099929e-07
41050.000000000095 6.445959072782017e-07
41100.000000000095 5.583313366994876e-07
41150.000000000095 5.04567758147475e-07
41200.000000000095 6.50992448308024e-07
41250.000000000095 6.126668459268869e-07
41300.000000000095 5.294715378881278e-07
41350.000000000095 6.64586639384772e-07
41400.000000000095 6.026414525892761e-07
41450.000000000095 6.374431011908145e-07
41500.000000000095 5.633329365967365e-07
41550.000000000095 5.227613276608837e-07
41600.000000000095 5.903038928048466e-07
41650.000000000095 6.116008869668048e-07
41700.000000000095 5.555030268772657e-07
41750.000000000095 5.478524508937109e-07
41800.000000000095 6.711017099159995e-07
41850.000000000095 4.415726870326009e-07
41900.000000000095 5.116025963110592e-07
41950.000000000095 5.965464144823394e-07
42000.000000000095 6.18500457667737e-07
42050.000000000095 5.239696529091191e-07
42100.000000000095 6.533767314212693e-07
42150.000000000095 4.74017315083587e-07
42200.000000000095 5.017739417004642e-07
42250.000000000095 5.173919132478358e-07
42300.000000000095 5.122417451593461e-07
42350.000000000095 5.580462239926135e-07
42400.000000000095 5.635405841441943e-07
42450.000000000095 4.832801302485601e-07
42500.000000000095 4.812147429298927e-07
42550.000000000095 4.5910235617572995e-07
42600.000000000095 5.279165019978797e-07
42650.000000000095 6.423534003930697e-07
42700.000000000095 4.7254218032638375e-07
42750.000000000095 4.374826696982603e-07
42800.000000000095 4.7023309210597286e-07
42850.000000000095 5.311399300931381e-07
42900.000000000095 5.646054622934257e-07
42950.000000000095 4.308728612901585e-07
43000.000000000095 5.485986461906058e-07
43050.000000000095 3.212123510469384e-07
43100.000000000095 4.68730720646117e-07
43150.000000000095 4.667998099591232e-07
43200.000000000095 4.829695016352328e-07
43250.000000000095 6.0920469311261e-07
43300.000000000095 6.003393677535898e-07
43350.000000000095 3.796268514399416e-07
43400.000000000095 4.949376156092175e-07
43450.000000000095 3.934546554216247e-07
43500.000000000095 4.3383365543603084e-07
43550.000000000095 4.1716626525289786e-07
43600.000000000095 5.121655338489731e-07
43650.000000000095 3.2648395387666056e-07
43700.000000000095 5.328405669422398e-07
43750.000000000095 5.16989772995976e-07
43800.000000000095 4.240297617041167e-07
43850.000000000095 4.138007846346062e-07
43900.000000000095 3.955882922235267e-07
43950.000000000095 3.3345154504244636e-07
44000.000000000095 2.4291572093627554e-07
44050.000000000095 3.683237607491252e-07
44100.000000000095 4.127152892523301e-07
44150.000000000095 4.001961419833312e-07
44200.000000000095 3.5259972188554527e-07
44250.000000000095 2.892072520874542e-07
44300.000000000095 2.6700408297198294e-07
44350.000000000095 2.501014106441088e-07
44400.000000000095 2.534174973623654e-07
44450.000000000095 2.734328060281458e-07
44500.000000000095 2.286506450049114e-07
44550.000000000095 2.612798164016769e-07
44600.000000000095 2.0968356557183477e-07
44650.000000000095 2.43249181414208e-07
44700.000000000095 2.165356107797194e-07
44750.000000000095 2.3003644834906862e-07
44800.000000000095 2.0747055483752774e-07
44850.000000000095 2.083304053534486e-07
44900.000000000095 1.7100669807462292e-07
44950.000000000095 1.6476103090857056e-07
45000.000000000095 1.7635972012217994e-07
45050.000000000095 1.8320014957507863e-07
45100.000000000095 1.795669392113258e-07
45150.000000000095 1.5793668434672657e-07
45200.000000000095 1.192584195057681e-07
45250.000000000095 1.327871216575862e-07
45300.000000000095 1.571896913195937e-07
45350.000000000095 1.5174959970387384e-07
45400.000000000095 1.296362536539772e-07
45450.000000000095 1.250597353238893e-07
45500.000000000095 1.3629454483668946e-07
45550.000000000095 1.5700514195353686e-07
45600.000000000095 1.238347610510636e-07
45650.000000000095 1.1839680242198102e-07
45700.000000000095 1.4950182393319396e-07
45750.000000000095 1.254972676694457e-07
45800.000000000095 1.1116211083420759e-07
45850.000000000095 1.6684367035698024e-07
45900.000000000095 1.6480731831607806e-07
45950.000000000095 1.1477179991030464e-07
46000.000000000095 1.5918570243828525e-07
46050.000000000095 1.6870895137194965e-07
46100.000000000095 1.1735050220876586e-07
46150.000000000095 1.576383633841472e-07
46200.000000000095 1.527071465997119e-07
46250.000000000095 9.210748763518e-08
46300.000000000095 1.8630106043311362e-07
46350.000000000095 1.3691874861559736e-07
46400.000000000095 1.6106902341965578e-07
46450.000000000095 2.0709709423669104e-07
46500.000000000095 1.5355639163599897e-07
46550.000000000095 2.013238498905235e-07
46600.000000000095 1.9101687296020887e-07
46650.000000000095 3.2558666702609123e-07
46700.000000000095 2.431656003365304e-07
46750.000000000095 1.741959414933459e-07
46800.000000000095 1.388487223551462e-07
46850.000000000095 2.180082026437893e-07
46900.000000000095 1.8699039584952207e-07
46950.000000000095 2.5748388427907e-07
47000.000000000095 1.439492605742703e-07
47050.000000000095 2.5129876577564903e-07
47100.000000000095 1.2026295315449705e-07
47150.000000000095 1.7004956000240122e-07
47200.000000000095 1.962287111791496e-07
47250.000000000095 1.3867172992754164e-07
47300.000000000095 1.5448028212528767e-07
47350.000000000095 1.2736919125951513e-07
47400.000000000095 2.2365265588722889e-07
47450.000000000095 1.2637090736864086e-07
47500.000000000095 2.3646936858641042e-07
47550.000000000095 1.3156798085907242e-07
47600.000000000095 2.1806504158300733e-07
47650.000000000095 1.292133152598783e-07
47700.000000000095 2.0597339905958374e-07
47750.000000000095 1.117066558526084e-07
47800.000000000095 1.8424009949546788e-07
47850.000000000095 9.898259556736038e-08
47900.000000000095 1.6275484684510878e-07
47950.000000000095 1.4225426452777072e-07
48000.000000000095 2.425309344514057e-07
48050.000000000095 1.597127580333293e-07
48100.000000000095 1.9418867959004034e-07
48150.000000000095 1.5015166795808115e-07
48200.000000000095 2.152020549667365e-07
48250.000000000095 1.559047728447238e-07
48300.000000000095 2.739191306302888e-07
48350.000000000095 1.4899665030229226e-07
48400.000000000095 1.624942517945316e-07
48450.000000000095 1.4086952765548573e-07
48500.000000000095 2.5664822250634726e-07
48550.000000000095 1.388378645604759e-07
48600.000000000095 2.4185177049293604e-07
48650.000000000095 1.473780170425595e-07
