galfind/configs/Brown_Dwarf_templates/sonora_cholla/logkzz4/1780g/1050K_1780g_logkzz4_resample.dat
# %ECSV 1.0
# ---
# datatype:
# - {name: wav, unit: Angstrom, datatype: float64}
# - {name: flux_nu, unit: erg / (cm2 Hz s), datatype: float64}
# schema: astropy-2.0
wav flux_nu
10000.000000000093 nan
10050.000000000093 1.7083046989470283e-07
10100.000000000093 1.995113451489531e-07
10150.000000000093 2.0822482369731227e-07
10200.000000000093 2.3059221714049343e-07
10250.000000000093 2.497887339021735e-07
10300.000000000093 2.672425372886236e-07
10350.000000000093 3.0264368045788984e-07
10400.000000000093 3.322164791527844e-07
10450.000000000093 3.5258259965548984e-07
10500.000000000093 3.6147955385009656e-07
10550.000000000093 3.729126559394351e-07
10600.000000000093 3.8921311972510273e-07
10650.000000000093 4.0750197950774617e-07
10700.000000000093 4.240496301060412e-07
10750.000000000093 4.388070893669715e-07
10800.000000000093 4.4700583820940345e-07
10850.000000000093 4.505625106088681e-07
10900.000000000093 3.83135458890473e-07
10950.000000000093 2.562535052246924e-07
11000.000000000093 1.9209340141077778e-07
11050.000000000093 1.3427655747441695e-07
11100.000000000093 9.708281694572256e-08
11150.000000000093 7.091444068887508e-08
11200.000000000093 7.615471547808254e-08
11250.000000000093 9.97902161316379e-08
11300.000000000093 1.01314406160905e-07
11350.000000000093 5.37079278226352e-08
11400.000000000093 1.161341748641489e-07
11450.000000000093 8.643382557738109e-08
11500.000000000093 9.828002928454991e-08
11550.000000000093 6.664159872205454e-08
11600.000000000093 6.762612497481264e-08
11650.000000000093 8.909112351715917e-08
11700.000000000093 9.472256818018617e-08
11750.000000000093 7.349655958325267e-08
11800.000000000093 1.1923510737306847e-07
11850.000000000093 1.5612994207995473e-07
11900.000000000093 1.873353214772398e-07
11950.000000000093 2.23550348767158e-07
12000.000000000093 2.752737653081196e-07
12050.000000000093 3.2651334112210623e-07
12100.000000000093 3.6912792498656284e-07
12150.000000000093 4.226602978951625e-07
12200.000000000093 4.692500448268734e-07
12250.000000000093 5.209556858622371e-07
12300.000000000093 5.736180267406386e-07
12350.000000000093 5.944901917741123e-07
12400.000000000093 6.43009636950796e-07
12450.000000000093 7.005355071323419e-07
12500.000000000093 7.380868627027189e-07
12550.000000000093 7.731244743544955e-07
12600.000000000093 7.701148729449551e-07
12650.000000000093 7.466907847115491e-07
12700.000000000093 7.457623477988728e-07
12750.000000000093 7.366324466244608e-07
12800.000000000093 7.36980225345002e-07
12850.000000000093 6.537564339212295e-07
12900.000000000093 6.043493526026559e-07
12950.000000000093 5.820777400399528e-07
13000.000000000093 5.713189150317728e-07
13050.000000000093 5.266839547924724e-07
13100.000000000093 5.073957587471093e-07
13150.000000000093 4.2656974607867906e-07
13200.000000000093 3.9159145595275585e-07
13250.000000000093 2.8143736634002135e-07
13300.000000000093 1.6002099839133049e-07
13350.000000000093 5.4493145797715864e-08
13400.000000000093 2.321652933068856e-08
13450.000000000093 1.497014537181069e-08
13500.000000000093 8.712521795752624e-09
13550.000000000093 6.452084532141442e-09
13600.000000000093 4.64353122244433e-09
13650.000000000093 1.1552747817551444e-08
13700.000000000093 8.992883389029933e-09
13750.000000000093 1.3217218318308387e-08
13800.000000000093 1.672929234593672e-08
13850.000000000093 1.0845932272513637e-08
13900.000000000093 1.0854901598852147e-08
13950.000000000093 1.0531642706214692e-08
14000.000000000093 1.0562176629589563e-08
14050.000000000093 1.3266954119859795e-08
14100.000000000093 1.005804127002709e-08
14150.000000000093 1.450011418857225e-08
14200.000000000093 1.1123119677300462e-08
14250.000000000093 1.2071783833602407e-08
14300.000000000093 2.0211029116401237e-08
14350.000000000093 1.932524099964676e-08
14400.000000000093 2.0036321282035476e-08
14450.000000000093 2.468430434328402e-08
14500.000000000093 4.104468366285503e-08
14550.000000000093 4.107305865327983e-08
14600.000000000093 6.002549898331918e-08
14650.000000000093 5.883699157215395e-08
14700.000000000093 4.5129873732952714e-08
14750.000000000093 5.925491268981484e-08
14800.000000000093 7.172841796624079e-08
14850.000000000093 7.658731174356685e-08
14900.000000000093 7.927519594722894e-08
14950.000000000093 9.37276657506772e-08
15000.000000000093 1.0725888492437669e-07
15050.000000000093 1.2722661571503e-07
15100.000000000093 1.396393938625105e-07
15150.000000000093 1.5104377451842743e-07
15200.000000000093 1.5973827545997183e-07
15250.000000000093 1.9524439650259352e-07
15300.000000000093 2.1713721981356304e-07
15350.000000000093 2.530442435973621e-07
15400.000000000093 2.7741391240496184e-07
15450.000000000093 3.029046650139348e-07
15500.000000000093 3.1787219964557295e-07
15550.000000000093 3.552653222296446e-07
15600.000000000093 3.7325369789078093e-07
15650.000000000093 3.817229430940528e-07
15700.000000000093 4.1675125057121176e-07
15750.000000000093 4.3022820383957927e-07
15800.000000000093 4.2966910864155716e-07
15850.000000000093 4.42338952831621e-07
15900.000000000093 4.244477719529936e-07
15950.000000000093 4.0800620288703657e-07
16000.000000000093 3.6810122892003785e-07
16050.000000000093 3.067980941654407e-07
16100.000000000093 2.592684569819875e-07
16150.000000000093 2.027374244037985e-07
16200.000000000093 1.5573593639134724e-07
16250.000000000093 1.4977142657514425e-07
16300.000000000093 1.321945462759121e-07
16350.000000000093 1.4323387133066933e-07
16400.000000000095 1.5849256162637055e-07
16450.000000000095 1.6957121028431404e-07
16500.000000000095 1.8340595422066718e-07
16550.000000000095 1.7780721050505673e-07
16600.000000000095 1.840362105690717e-07
16650.000000000095 1.3155032908039472e-07
16700.000000000095 7.912608770015378e-08
16750.000000000095 1.0914246489886652e-07
16800.000000000095 1.44958735363969e-07
16850.000000000095 1.4312994137387381e-07
16900.000000000095 1.2988521633819357e-07
16950.000000000095 1.1941762169062373e-07
17000.000000000095 1.0517403753784004e-07
17050.000000000095 1.311359905237661e-07
17100.000000000095 1.443138777220934e-07
17150.000000000095 1.270875182820079e-07
17200.000000000095 1.56009331046625e-07
17250.000000000095 1.3442468543116988e-07
17300.000000000095 1.202316661801325e-07
17350.000000000095 1.119762911380531e-07
17400.000000000095 1.0972038206051888e-07
17450.000000000095 1.0962840111661737e-07
17500.000000000095 1.177629823571906e-07
17550.000000000095 1.0069590113530711e-07
17600.000000000095 9.034425323326703e-08
17650.000000000095 8.636338938698704e-08
17700.000000000095 6.803204987388809e-08
17750.000000000095 5.7965702955813294e-08
17800.000000000095 6.716825594939568e-08
17850.000000000095 4.6403666761054923e-08
17900.000000000095 5.369882746879291e-08
17950.000000000095 3.933295255440223e-08
18000.000000000095 4.424979570186793e-08
18050.000000000095 3.715768759416478e-08
18100.000000000095 3.707276766685011e-08
18150.000000000095 4.697664523777799e-08
18200.000000000095 2.9839711218952457e-08
18250.000000000095 6.118466221283615e-08
18300.000000000095 3.523377400187375e-08
18350.000000000095 3.294086694013865e-08
18400.000000000095 2.8689652460204295e-08
18450.000000000095 3.850730932370191e-08
18500.000000000095 3.947227758914579e-08
18550.000000000095 3.006975269723116e-08
18600.000000000095 2.744568632998928e-08
18650.000000000095 2.3676526861566185e-08
18700.000000000095 2.150007263470779e-08
18750.000000000095 3.088919682196879e-08
18800.000000000095 5.8098873284660085e-08
18850.000000000095 6.316526624888448e-08
18900.000000000095 5.4754242136357964e-08
18950.000000000095 8.951743801013646e-08
19000.000000000095 5.7449505729035526e-08
19050.000000000095 4.28491722986075e-08
19100.000000000095 7.343987470474528e-08
19150.000000000095 5.1645230205424764e-08
19200.000000000095 6.609675645851482e-08
19250.000000000095 5.134654978853252e-08
19300.000000000095 4.6306024442040435e-08
19350.000000000095 4.425470022855953e-08
19400.000000000095 2.8579282003884517e-08
19450.000000000095 5.2065291468922165e-08
19500.000000000095 5.106938528133726e-08
19550.000000000095 4.061221345500316e-08
19600.000000000095 5.156908789624146e-08
19650.000000000095 6.314386125358041e-08
19700.000000000095 6.273458233811494e-08
19750.000000000095 6.503940689522904e-08
19800.000000000095 7.478835313411052e-08
19850.000000000095 9.427200775934655e-08
19900.000000000095 7.254230166858946e-08
19950.000000000095 1.0774312974656607e-07
20000.000000000095 9.948060956778745e-08
20050.000000000095 1.130040733613202e-07
20100.000000000095 1.1812368190914999e-07
20150.000000000095 1.2113509485409273e-07
20200.000000000095 1.3618983241780713e-07
20250.000000000095 1.5254267796901857e-07
20300.000000000095 1.4517883884427061e-07
20350.000000000095 1.668801299946874e-07
20400.000000000095 1.6339797563824775e-07
20450.000000000095 1.841387408746325e-07
20500.000000000095 1.9107253566880447e-07
20550.000000000095 1.8864219190696215e-07
20600.000000000095 2.0662382687130326e-07
20650.000000000095 2.0241541046219696e-07
20700.000000000095 2.0376922235749927e-07
20750.000000000095 2.1148529985007484e-07
20800.000000000095 2.1134847671158184e-07
20850.000000000095 2.1270477902898816e-07
20900.000000000095 2.174829908520781e-07
20950.000000000095 2.1174354938745886e-07
21000.000000000095 2.1251459739008926e-07
21050.000000000095 2.068875878317698e-07
21100.000000000095 2.0407695318089627e-07
21150.000000000095 2.048701493303202e-07
21200.000000000095 1.9774403492566433e-07
21250.000000000095 1.9580065034066812e-07
21300.000000000095 1.8421972113674064e-07
21350.000000000095 1.8304403367995238e-07
21400.000000000095 1.759188263065547e-07
21450.000000000095 1.6575933756791659e-07
21500.000000000095 1.6495048524990417e-07
21550.000000000095 1.586053147826024e-07
21600.000000000095 1.5135569459419268e-07
21650.000000000095 1.4220489171141625e-07
21700.000000000095 1.4392003074758883e-07
21750.000000000095 1.3374863417880366e-07
21800.000000000095 1.223308987320305e-07
21850.000000000095 1.1004286580192069e-07
21900.000000000095 9.969842312370143e-08
21950.000000000095 6.888119381942778e-08
22000.000000000095 3.926263982952783e-08
22050.000000000095 3.193111071069016e-08
22100.000000000095 5.110905366943119e-08
22150.000000000095 5.694628191655146e-08
22200.000000000095 5.600396135197904e-08
22250.000000000095 5.27521473477549e-08
22300.000000000095 4.716506955503614e-08
22350.000000000095 4.452123481305297e-08
22400.000000000095 3.579535352643832e-08
22450.000000000095 3.255715872814755e-08
22500.000000000095 3.4826394846064885e-08
22550.000000000095 2.495444001594829e-08
22600.000000000095 2.948470205211425e-08
22650.000000000095 3.219215769023155e-08
22700.000000000095 2.964620220240953e-08
22750.000000000095 3.0346345081830364e-08
22800.000000000095 2.9120028248405568e-08
22850.000000000095 2.5170367470656856e-08
22900.000000000095 2.326753204551344e-08
22950.000000000095 2.2771170903507973e-08
23000.000000000095 2.248411975211646e-08
23050.000000000095 2.9363262538708276e-08
23100.000000000095 4.6700677009793265e-08
23150.000000000095 4.4815265643040166e-08
23200.000000000095 1.5827676977221214e-08
23250.000000000095 1.9284100366617602e-08
23300.000000000095 1.884521763310212e-08
23350.000000000095 1.632618537949637e-08
23400.000000000095 2.02447448813064e-08
23450.000000000095 1.8278077067959605e-08
23500.000000000095 1.864107060679461e-08
23550.000000000095 2.581182982191565e-08
23600.000000000095 2.9853129099969886e-08
23650.000000000095 3.307573344741412e-08
23700.000000000095 1.7640909408863273e-08
23750.000000000095 1.698979748119925e-08
23800.000000000095 2.3968682444621152e-08
23850.000000000095 2.323393806600158e-08
23900.000000000095 3.524513212520312e-08
23950.000000000095 3.306329507696853e-08
24000.000000000095 4.403847580751646e-08
24050.000000000095 4.552035894580818e-08
24100.000000000095 3.795978726747442e-08
24150.000000000095 4.460612810950522e-08
24200.000000000095 4.7666923835318566e-08
24250.000000000095 4.079935073781069e-08
24300.000000000095 4.964627079699443e-08
24350.000000000095 4.045395101952312e-08
24400.000000000095 5.9109988409067376e-08
24450.000000000095 4.83084886081232e-08
24500.000000000095 5.342861076164928e-08
24550.000000000095 5.512062066850516e-08
24600.000000000095 6.063840533110096e-08
24650.000000000095 6.909035626107641e-08
24700.000000000095 5.0401958070625816e-08
24750.000000000095 4.912924766478898e-08
24800.000000000095 5.09346988984216e-08
24850.000000000095 7.274507873878584e-08
24900.000000000095 3.4864725906069234e-08
24950.000000000095 6.054976335535445e-08
25000.000000000095 5.650109738516946e-08
25050.000000000095 3.7165606929620774e-08
25100.000000000095 5.184533309198213e-08
25150.000000000095 3.1665619741002906e-08
25200.000000000095 4.376166562257671e-08
25250.000000000095 2.6787444632862575e-08
25300.000000000095 3.7901240022450814e-08
25350.000000000095 2.1492600936912597e-08
25400.000000000095 4.043365166797133e-08
25450.000000000095 2.3829777226471613e-08
25500.000000000095 2.31311946660907e-08
25550.000000000095 3.084710701497889e-08
25600.000000000095 2.6227426886857522e-08
25650.000000000095 1.675163138391791e-08
25700.000000000095 3.284840101981471e-08
25750.000000000095 1.5785414025906226e-08
25800.000000000095 3.5302839320359865e-08
25850.000000000095 1.5935924525993653e-08
25900.000000000095 2.421985471536607e-08
25950.000000000095 1.3705624949950294e-08
26000.000000000095 3.348354298287974e-08
26050.000000000095 1.9308165248800367e-08
26100.000000000095 3.780761269361608e-08
26150.000000000095 2.8677602555320127e-08
26200.000000000095 3.144462865436159e-08
26250.000000000095 5.201689178821897e-08
26300.000000000095 3.273106092312238e-08
26350.000000000095 5.858812989701538e-08
26400.000000000095 6.15669513704033e-08
26450.000000000095 5.8656680554450116e-08
26500.000000000095 6.189656399861941e-08
26550.000000000095 3.6893898840458284e-08
26600.000000000095 4.3450822071391496e-08
26650.000000000095 2.0514477831109675e-08
26700.000000000095 1.653708439639359e-08
26750.000000000095 1.5001555405180164e-08
26800.000000000095 2.194863961017127e-08
26850.000000000095 1.2851109607997274e-08
26900.000000000095 2.910987235377028e-08
26950.000000000095 1.5000815345620618e-08
27000.000000000095 3.7199882260014674e-08
27050.000000000095 3.433682884368413e-08
27100.000000000095 2.2315227991810933e-08
27150.000000000095 4.5055242285711777e-08
27200.000000000095 2.3983276550431823e-08
27250.000000000095 3.039508433272982e-08
27300.000000000095 7.19542752125013e-08
27350.000000000095 5.063081901731845e-08
27400.000000000095 1.4351005519221863e-08
27450.000000000095 5.983244626233377e-08
27500.000000000095 6.792677962694803e-08
27550.000000000095 2.8085807894413868e-08
27600.000000000095 4.9815576142791535e-08
27650.000000000095 2.3881719758603583e-08
27700.000000000095 1.9751818003255212e-08
27750.000000000095 5.2099491879743067e-08
27800.000000000095 2.6167557800995483e-08
27850.000000000095 2.923737369184597e-08
27900.000000000095 3.9026865242983063e-08
27950.000000000095 5.6724403008706246e-08
28000.000000000095 4.6153311075959545e-08
28050.000000000095 1.9574260162906042e-08
28100.000000000095 6.287443137002371e-08
28150.000000000095 4.224030115866337e-08
28200.000000000095 2.0072686106721486e-08
28250.000000000095 6.471243302655651e-08
28300.000000000095 7.938121391574799e-08
28350.000000000095 2.3584564864003334e-08
28400.000000000095 5.403479685710907e-08
28450.000000000095 6.963296988301094e-08
28500.000000000095 5.115488518247257e-08
28550.000000000095 2.2675395264104767e-08
28600.000000000095 7.37943439293149e-08
28650.000000000095 6.269409040237869e-08
28700.000000000095 5.314872953736736e-08
28750.000000000095 7.691949883186993e-08
28800.000000000095 7.123603287162638e-08
28850.000000000095 8.128235818412857e-08
28900.000000000095 4.1332404906819026e-08
28950.000000000095 9.813264521632302e-08
29000.000000000095 7.011748614775354e-08
29050.000000000095 8.154018793604745e-08
29100.000000000095 5.4445268121123873e-08
29150.000000000095 1.1562013416158008e-07
29200.000000000095 7.04068906235313e-08
29250.000000000095 9.745442046205521e-08
29300.000000000095 6.096945920693087e-08
