galfind/configs/Brown_Dwarf_templates/sonora_cholla/logkzz4/1780g/1100K_1780g_logkzz4_resample.dat
# %ECSV 1.0
# ---
# datatype:
# - {name: wav, unit: Angstrom, datatype: float64}
# - {name: flux_nu, unit: erg / (cm2 Hz s), datatype: float64}
# schema: astropy-2.0
wav flux_nu
10000.000000000093 nan
10050.000000000093 1.9751787012058558e-07
10100.000000000093 2.30674150010363e-07
10150.000000000093 2.379705876662704e-07
10200.000000000093 2.6320303401059524e-07
10250.000000000093 2.8458627895126245e-07
10300.000000000093 3.0170084354842884e-07
10350.000000000093 3.4400696355202753e-07
10400.000000000093 3.7803188395441285e-07
10450.000000000093 4.0132558781085706e-07
10500.000000000093 4.1021405434273797e-07
10550.000000000093 4.2294636621664806e-07
10600.000000000093 4.442636072905333e-07
10650.000000000093 4.6744147718259814e-07
10700.000000000093 4.910736328189932e-07
10750.000000000093 5.117532026927374e-07
10800.000000000093 5.263496054498706e-07
10850.000000000093 5.404967025811322e-07
10900.000000000093 4.739106905661292e-07
10950.000000000093 3.3417788389677145e-07
11000.000000000093 2.5875168917029184e-07
11050.000000000093 1.8831559154097194e-07
11100.000000000093 1.414030159376909e-07
11150.000000000093 1.0715857424428331e-07
11200.000000000093 1.1491631960963641e-07
11250.000000000093 1.4905633726159695e-07
11300.000000000093 1.4948004123136636e-07
11350.000000000093 8.215288389771013e-08
11400.000000000093 1.7023279990689938e-07
11450.000000000093 1.2889938718532948e-07
11500.000000000093 1.4888359543296453e-07
11550.000000000093 1.0417358443887702e-07
11600.000000000093 1.0714616038268914e-07
11650.000000000093 1.362027160417239e-07
11700.000000000093 1.4273136137709284e-07
11750.000000000093 1.1521543701435418e-07
11800.000000000093 1.7510932958894498e-07
11850.000000000093 2.2098509911627465e-07
11900.000000000093 2.641220916411826e-07
11950.000000000093 3.0128461449451876e-07
12000.000000000093 3.687627574253895e-07
12050.000000000093 4.347837020559339e-07
12100.000000000093 4.844899366963116e-07
12150.000000000093 5.52131696703153e-07
12200.000000000093 6.062366988107255e-07
12250.000000000093 6.693172158110129e-07
12300.000000000093 7.307131672515958e-07
12350.000000000093 7.517685622597061e-07
12400.000000000093 7.96593362803777e-07
12450.000000000093 8.647553758961204e-07
12500.000000000093 9.07990166616842e-07
12550.000000000093 9.517621064659489e-07
12600.000000000093 9.505834537617644e-07
12650.000000000093 9.201131579586031e-07
12700.000000000093 9.242015666969251e-07
12750.000000000093 9.219206024342649e-07
12800.000000000093 9.30289835010355e-07
12850.000000000093 8.359385976927579e-07
12900.000000000093 7.782513619202543e-07
12950.000000000093 7.586594408909894e-07
13000.000000000093 7.48143120389018e-07
13050.000000000093 7.013538931680931e-07
13100.000000000093 6.758719345117083e-07
13150.000000000093 5.785425494171684e-07
13200.000000000093 5.30885799734121e-07
13250.000000000093 3.862455557682218e-07
13300.000000000093 2.2297969812315456e-07
13350.000000000093 7.524719031667131e-08
13400.000000000093 3.4004366133686306e-08
13450.000000000093 2.284428967772876e-08
13500.000000000093 1.3813712274483832e-08
13550.000000000093 1.0621999618835027e-08
13600.000000000093 8.034237676483696e-09
13650.000000000093 1.8612860119122433e-08
13700.000000000093 1.4801863940996077e-08
13750.000000000093 2.051024453617692e-08
13800.000000000093 2.5981264357478716e-08
13850.000000000093 1.7628305741810232e-08
13900.000000000093 1.7529564908021396e-08
13950.000000000093 1.6886761036062915e-08
14000.000000000093 1.6684351027817206e-08
14050.000000000093 2.0567650892659194e-08
14100.000000000093 1.563183632727296e-08
14150.000000000093 2.2096467926479517e-08
14200.000000000093 1.7214267526687737e-08
14250.000000000093 1.8405328918705623e-08
14300.000000000093 2.9087579061318833e-08
14350.000000000093 2.818338269673924e-08
14400.000000000093 2.9253792140877972e-08
14450.000000000093 3.5029151455442635e-08
14500.000000000093 5.6661060173664875e-08
14550.000000000093 5.669342354027555e-08
14600.000000000093 8.068065477501653e-08
14650.000000000093 7.961483080554381e-08
14700.000000000093 6.25664657546832e-08
14750.000000000093 8.051654868725634e-08
14800.000000000093 9.699301620054681e-08
14850.000000000093 1.0344469820766585e-07
14900.000000000093 1.0639068694897315e-07
14950.000000000093 1.2339631456665573e-07
15000.000000000093 1.397677535829067e-07
15050.000000000093 1.6639103165746854e-07
15100.000000000093 1.8133803041165884e-07
15150.000000000093 1.96275763161336e-07
15200.000000000093 2.055426898948667e-07
15250.000000000093 2.476198692802729e-07
15300.000000000093 2.749532453449571e-07
15350.000000000093 3.177410863979887e-07
15400.000000000093 3.4649210602930394e-07
15450.000000000093 3.7797616083484186e-07
15500.000000000093 3.9599502150926505e-07
15550.000000000093 4.4104490442322804e-07
15600.000000000093 4.607718527128707e-07
15650.000000000093 4.71132088463332e-07
15700.000000000093 5.144949644213765e-07
15750.000000000093 5.314130384578986e-07
15800.000000000093 5.296567055489749e-07
15850.000000000093 5.465005057206616e-07
15900.000000000093 5.270417673111893e-07
15950.000000000093 5.095984003913675e-07
16000.000000000093 4.641447467639697e-07
16050.000000000093 3.9351162895731157e-07
16100.000000000093 3.3837889852397825e-07
16150.000000000093 2.6996754670755645e-07
16200.000000000093 2.131677740306572e-07
16250.000000000093 2.0720934077659324e-07
16300.000000000093 1.8497958669316305e-07
16350.000000000093 1.9943046070199683e-07
16400.000000000095 2.1902311369980256e-07
16450.000000000095 2.3400344054714696e-07
16500.000000000095 2.5207562923442435e-07
16550.000000000095 2.450817225895501e-07
16600.000000000095 2.4973552701198725e-07
16650.000000000095 1.8427522418132346e-07
16700.000000000095 1.1793634364756016e-07
16750.000000000095 1.534699646716238e-07
16800.000000000095 1.9962278079238168e-07
16850.000000000095 1.9716527693369964e-07
16900.000000000095 1.818758441903337e-07
16950.000000000095 1.6891252392779012e-07
17000.000000000095 1.5128629966365558e-07
17050.000000000095 1.851098006856655e-07
17100.000000000095 2.0045822319987703e-07
17150.000000000095 1.782344011338214e-07
17200.000000000095 2.1105612454547925e-07
17250.000000000095 1.8467822869795042e-07
17300.000000000095 1.6659270458814656e-07
17350.000000000095 1.5499677156992126e-07
17400.000000000095 1.5026240571030892e-07
17450.000000000095 1.4813052169702677e-07
17500.000000000095 1.5789658784644094e-07
17550.000000000095 1.3634897839688766e-07
17600.000000000095 1.2353711734010205e-07
17650.000000000095 1.1921428084608716e-07
17700.000000000095 9.38233103468139e-08
17750.000000000095 8.11560647500585e-08
17800.000000000095 9.24242476627063e-08
17850.000000000095 6.504556389450322e-08
17900.000000000095 7.59878264011464e-08
17950.000000000095 5.711941010418286e-08
18000.000000000095 6.23198615073142e-08
18050.000000000095 5.4328331189288125e-08
18100.000000000095 5.343962746589398e-08
18150.000000000095 6.769078747971223e-08
18200.000000000095 4.4095390262974624e-08
18250.000000000095 8.57521820727462e-08
18300.000000000095 5.2627666615902345e-08
18350.000000000095 4.950283289097945e-08
18400.000000000095 4.3783808325897947e-08
18450.000000000095 5.440942071108567e-08
18500.000000000095 5.6511623450641505e-08
18550.000000000095 4.400906689159772e-08
18600.000000000095 3.9750282518918905e-08
18650.000000000095 3.5352894287921155e-08
18700.000000000095 3.3523520794414436e-08
18750.000000000095 4.5713047807675176e-08
18800.000000000095 8.026126391466369e-08
18850.000000000095 8.826838155003572e-08
18900.000000000095 7.710470300010183e-08
18950.000000000095 1.2194452843692393e-07
19000.000000000095 8.306837711934282e-08
19050.000000000095 6.363137284243715e-08
19100.000000000095 1.0424548643094418e-07
19150.000000000095 7.650586338987568e-08
19200.000000000095 9.433944758778176e-08
19250.000000000095 7.502942125001388e-08
19300.000000000095 6.90892933672148e-08
19350.000000000095 6.514859407056647e-08
19400.000000000095 4.219440568679701e-08
19450.000000000095 7.485858075281573e-08
19500.000000000095 7.347679680736058e-08
19550.000000000095 5.846088570730191e-08
19600.000000000095 7.318559148561348e-08
19650.000000000095 8.852832001732104e-08
19700.000000000095 8.738576412807824e-08
19750.000000000095 8.855471790970325e-08
19800.000000000095 1.0236809657389947e-07
19850.000000000095 1.2685350112623914e-07
19900.000000000095 9.75446014084043e-08
19950.000000000095 1.4272087799816782e-07
20000.000000000095 1.3238291509902017e-07
20050.000000000095 1.5053751898154418e-07
20100.000000000095 1.5470112135379128e-07
20150.000000000095 1.612687425300954e-07
20200.000000000095 1.8104858170479982e-07
20250.000000000095 2.0029177492752586e-07
20300.000000000095 1.9084009880063623e-07
20350.000000000095 2.1876395111069156e-07
20400.000000000095 2.159565168688517e-07
20450.000000000095 2.411509738960464e-07
20500.000000000095 2.509550872550271e-07
20550.000000000095 2.471764548485588e-07
20600.000000000095 2.720936952235774e-07
20650.000000000095 2.6536608329066013e-07
20700.000000000095 2.6852444024741047e-07
20750.000000000095 2.7867602050558345e-07
20800.000000000095 2.795280023876676e-07
20850.000000000095 2.8049252151679537e-07
20900.000000000095 2.8795336951495704e-07
20950.000000000095 2.80497988398301e-07
21000.000000000095 2.824070030895316e-07
21050.000000000095 2.749227924460076e-07
21100.000000000095 2.716892350642095e-07
21150.000000000095 2.733060467615743e-07
21200.000000000095 2.640987071295872e-07
21250.000000000095 2.624559370230658e-07
21300.000000000095 2.4720654704211037e-07
21350.000000000095 2.466347243118327e-07
21400.000000000095 2.3631261456502496e-07
21450.000000000095 2.2475078552690723e-07
21500.000000000095 2.2341057145706747e-07
21550.000000000095 2.1500697708678992e-07
21600.000000000095 2.0591115903389624e-07
21650.000000000095 1.9395567376601467e-07
21700.000000000095 1.9542118211010103e-07
21750.000000000095 1.8178213705624886e-07
21800.000000000095 1.6697017697159957e-07
21850.000000000095 1.507801278329485e-07
21900.000000000095 1.3772675283182344e-07
21950.000000000095 9.766001911400291e-08
22000.000000000095 6.001036339755683e-08
22050.000000000095 4.7674929986480414e-08
22100.000000000095 7.216458975277017e-08
22150.000000000095 8.044757925778304e-08
22200.000000000095 8.007833820783864e-08
22250.000000000095 7.517600384997675e-08
22300.000000000095 6.917031164852565e-08
22350.000000000095 6.484560145508712e-08
22400.000000000095 5.370720284029371e-08
22450.000000000095 4.88673179259781e-08
22500.000000000095 5.175856862765747e-08
22550.000000000095 3.828643071050543e-08
22600.000000000095 4.4592376766623614e-08
22650.000000000095 4.751082576862247e-08
22700.000000000095 4.469517687591354e-08
22750.000000000095 4.539663725061156e-08
22800.000000000095 4.319897038585118e-08
22850.000000000095 3.770756902476527e-08
22900.000000000095 3.54503200809325e-08
22950.000000000095 3.5012373850295446e-08
23000.000000000095 3.329770563509514e-08
23050.000000000095 4.360495976332609e-08
23100.000000000095 6.503317387519874e-08
23150.000000000095 6.311628744832246e-08
23200.000000000095 2.529764809283311e-08
23250.000000000095 2.9139242398507807e-08
23300.000000000095 2.8089084912671232e-08
23350.000000000095 2.455063151788672e-08
23400.000000000095 3.01655372704655e-08
23450.000000000095 2.7802362777234305e-08
23500.000000000095 2.847699476865835e-08
23550.000000000095 3.867271514294032e-08
23600.000000000095 4.371145763611238e-08
23650.000000000095 4.8132142929275594e-08
23700.000000000095 2.7392748130852917e-08
23750.000000000095 2.6523908442559168e-08
23800.000000000095 3.4561812640041986e-08
23850.000000000095 3.418577727411555e-08
23900.000000000095 5.0390820743239164e-08
23950.000000000095 4.824382932157409e-08
24000.000000000095 6.264897877412275e-08
24050.000000000095 6.453786671953389e-08
24100.000000000095 5.389572395032859e-08
24150.000000000095 6.253724024580087e-08
24200.000000000095 6.734758565822687e-08
24250.000000000095 5.847471128962087e-08
24300.000000000095 6.867507995464722e-08
24350.000000000095 5.742401291480959e-08
24400.000000000095 8.102863642569512e-08
24450.000000000095 6.633333210430601e-08
24500.000000000095 7.361711001123244e-08
24550.000000000095 7.412848343632608e-08
24600.000000000095 8.126982312210641e-08
24650.000000000095 9.243792362896562e-08
24700.000000000095 6.8311591593697e-08
24750.000000000095 6.550301865122794e-08
24800.000000000095 6.905104440628229e-08
24850.000000000095 9.639045947398013e-08
24900.000000000095 4.794193494227598e-08
24950.000000000095 8.110784994038836e-08
25000.000000000095 7.640277660381434e-08
25050.000000000095 5.154078572801475e-08
25100.000000000095 7.040567218903224e-08
25150.000000000095 4.3934733711460355e-08
25200.000000000095 6.028676821829152e-08
25250.000000000095 3.8649886045675526e-08
25300.000000000095 5.38064316643919e-08
25350.000000000095 3.1403723489710823e-08
25400.000000000095 5.657711933494745e-08
25450.000000000095 3.4867557633438375e-08
25500.000000000095 3.4067812081638224e-08
25550.000000000095 4.3986886291645447e-08
25600.000000000095 3.845761589523397e-08
25650.000000000095 2.5358045768179056e-08
25700.000000000095 4.884414796428178e-08
25750.000000000095 2.4439221843344713e-08
25800.000000000095 5.101569145047605e-08
25850.000000000095 2.4786986431367924e-08
25900.000000000095 3.694437777153219e-08
25950.000000000095 2.2028618314646855e-08
26000.000000000095 4.842242259115655e-08
26050.000000000095 3.0719298420156904e-08
26100.000000000095 5.559899686088441e-08
26150.000000000095 4.3536405896790204e-08
26200.000000000095 4.740350768477471e-08
26250.000000000095 7.230425005496438e-08
26300.000000000095 4.822068180029479e-08
26350.000000000095 8.0194039350645e-08
26400.000000000095 8.448962397185337e-08
26450.000000000095 8.143683477509608e-08
26500.000000000095 8.362203247907224e-08
26550.000000000095 5.429953398569401e-08
26600.000000000095 6.405589782847623e-08
26650.000000000095 3.2061620089200984e-08
26700.000000000095 2.6527712214584798e-08
26750.000000000095 2.370546944993237e-08
26800.000000000095 3.370200597448012e-08
26850.000000000095 1.994541864869694e-08
26900.000000000095 4.2575519319539784e-08
26950.000000000095 2.2490251318658522e-08
27000.000000000095 5.241343373469534e-08
27050.000000000095 4.819964987078521e-08
27100.000000000095 3.345990557280166e-08
27150.000000000095 6.208967760350956e-08
27200.000000000095 3.626520726763025e-08
27250.000000000095 4.3703560844078414e-08
27300.000000000095 9.603269700957091e-08
27350.000000000095 7.042654799909718e-08
27400.000000000095 2.2492815675851287e-08
27450.000000000095 8.366062660154879e-08
27500.000000000095 9.164050542651121e-08
27550.000000000095 4.193898678368283e-08
27600.000000000095 7.203299974150932e-08
27650.000000000095 3.5528621222101464e-08
27700.000000000095 2.984059777765429e-08
27750.000000000095 7.374010296412134e-08
27800.000000000095 3.8401133683588305e-08
27850.000000000095 4.2537891028552384e-08
27900.000000000095 5.622596632528414e-08
27950.000000000095 7.770856726480304e-08
28000.000000000095 6.496144630765274e-08
28050.000000000095 2.9285641484859857e-08
28100.000000000095 8.70960851500076e-08
28150.000000000095 5.977465778173093e-08
28200.000000000095 2.9445269136778976e-08
28250.000000000095 8.784543957960131e-08
28300.000000000095 1.0766384377750988e-07
28350.000000000095 3.393198237171424e-08
28400.000000000095 7.522800902933492e-08
28450.000000000095 9.26168971766732e-08
28500.000000000095 7.111594302495906e-08
28550.000000000095 3.3019547309011124e-08
28600.000000000095 9.96484975639927e-08
28650.000000000095 8.476193409457929e-08
28700.000000000095 7.21696402532507e-08
28750.000000000095 1.0107398944199277e-07
28800.000000000095 9.435953149093627e-08
28850.000000000095 1.083814701672388e-07
28900.000000000095 5.6085160653643997e-08
28950.000000000095 1.2775940199511175e-07
29000.000000000095 9.197122489854846e-08
29050.000000000095 1.0712542304572934e-07
29100.000000000095 7.150427325220145e-08
29150.000000000095 1.4717801995244822e-07
29200.000000000095 9.22440960768123e-08
29250.000000000095 1.2555888761499947e-07
29300.000000000095 7.958581730623175e-08
