galfind/configs/Brown_Dwarf_templates/sonora_cholla/logkzz4/1780g/1150K_1780g_logkzz4_resample.dat
# %ECSV 1.0
# ---
# datatype:
# - {name: wav, unit: Angstrom, datatype: float64}
# - {name: flux_nu, unit: erg / (cm2 Hz s), datatype: float64}
# schema: astropy-2.0
wav flux_nu
[from data line 388]
29400.000000000095 1.493745048664625e-07
29450.000000000095 1.5215598330080998e-07
29500.000000000095 1.7072384593766667e-07
29550.000000000095 1.517540995059247e-07
29600.000000000095 1.9677168769129394e-07
29650.000000000095 1.638457644958915e-07
29700.000000000095 1.5066067980469192e-07
29750.000000000095 1.9343729860589514e-07
29800.000000000095 2.0494827834051176e-07
29850.000000000095 2.113309861759652e-07
29900.000000000095 2.1456924981045957e-07
29950.000000000095 2.027622958303287e-07
30000.000000000095 1.7765433213249075e-07
30050.000000000095 1.5089651321431785e-07
30100.000000000095 1.8070396990889605e-07
30150.000000000095 2.4516814378638e-07
30200.000000000095 1.833365361384572e-07
30250.000000000095 2.518760165488256e-07
30300.000000000095 2.186166905863539e-07
30350.000000000095 2.0723652108977533e-07
30400.000000000095 2.3384169362721536e-07
30450.000000000095 1.8285503385023065e-07
30500.000000000095 1.8261068373864085e-07
30550.000000000095 1.8890170729357837e-07
30600.000000000095 2.1596297246829192e-07
30650.000000000095 1.9039187420672881e-07
30700.000000000095 1.711742492281501e-07
30750.000000000095 1.6107073164209717e-07
30800.000000000095 1.580054575791209e-07
30850.000000000095 1.462887340042326e-07
30900.000000000095 1.5059710201723967e-07
30950.000000000095 1.0593007805762794e-07
31000.000000000095 1.2290236301266975e-07
31050.000000000095 1.3773309153178634e-07
31100.000000000095 9.741358871678526e-08
31150.000000000095 1.114135633673336e-07
31200.000000000095 1.2282563407952092e-07
31250.000000000095 9.740724208741535e-08
31300.000000000095 9.469658928915211e-08
31350.000000000095 9.233678682799941e-08
31400.000000000095 6.933578682277519e-08
31450.000000000095 9.066525594853955e-08
31500.000000000095 7.065652156100181e-08
31550.000000000095 8.109627098663479e-08
31600.000000000095 6.284138275744253e-08
31650.000000000095 6.160941206653874e-08
31700.000000000095 7.151904956101239e-08
31750.000000000095 5.237184558559618e-08
31800.000000000095 6.472049560869068e-08
31850.000000000095 5.403801159728561e-08
31900.000000000095 5.925255731636411e-08
31950.000000000095 5.465400838962907e-08
32000.000000000095 5.646287004801629e-08
32050.000000000095 4.9188093852923906e-08
32100.000000000095 4.563697926108494e-08
32150.000000000095 5.9198452662349494e-08
32200.000000000095 4.350573126043876e-08
32250.000000000095 6.378870445972237e-08
32300.000000000095 4.074922101112321e-08
32350.000000000095 7.564069286002261e-08
32400.000000000095 5.170764385275888e-08
32450.000000000095 7.263270361560252e-08
32500.000000000095 5.682555599387708e-08
32550.000000000095 6.752186854929078e-08
32600.000000000095 7.559454520294969e-08
32650.000000000095 8.723104895875265e-08
32700.000000000095 7.841918584209625e-08
32750.000000000095 1.0001720417165992e-07
32800.000000000095 8.852576990401992e-08
32850.000000000095 1.0881126858836548e-07
32900.000000000095 1.1626067015061894e-07
32950.000000000095 1.210734781166685e-07
33000.000000000095 1.0600700808834115e-07
33050.000000000095 1.0261356365339343e-07
33100.000000000095 6.20132814409743e-08
33150.000000000095 1.637462959785052e-08
33200.000000000095 1.8618931095205654e-08
33250.000000000095 1.2685381301081752e-08
33300.000000000095 1.4172728884990695e-08
33350.000000000095 2.4481805154903027e-08
33400.000000000095 3.4175935433535414e-08
33450.000000000095 4.2158188132365177e-08
33500.000000000095 5.855490151095415e-08
33550.000000000095 5.499208946477534e-08
33600.000000000095 8.045496486080125e-08
33650.000000000095 8.423126437193726e-08
33700.000000000095 7.297233799314811e-08
33750.000000000095 1.0082434968026197e-07
33800.000000000095 6.581857726119661e-08
33850.000000000095 9.072631193794727e-08
33900.000000000095 8.053340603909583e-08
33950.000000000095 9.01030013808667e-08
34000.000000000095 9.545003503770944e-08
34050.000000000095 4.995420204366513e-08
34100.000000000095 9.130600239933505e-08
34150.000000000095 6.47283264996938e-08
34200.000000000095 8.140462881437716e-08
34250.000000000095 7.489863965141899e-08
34300.000000000095 6.054524845910524e-08
34350.000000000095 8.56219402837825e-08
34400.000000000095 6.480499504970244e-08
34450.000000000095 9.094558337292132e-08
34500.000000000095 8.067621004364862e-08
34550.000000000095 5.8556235025477656e-08
34600.000000000095 9.750411004101949e-08
34650.000000000095 6.09141279613949e-08
34700.000000000095 7.231989902830602e-08
34750.000000000095 7.739397547988255e-08
34800.000000000095 4.983441676795865e-08
34850.000000000095 8.359763118453047e-08
34900.000000000095 8.669187031102416e-08
34950.000000000095 7.890435529892725e-08
35000.000000000095 1.0586228583888151e-07
35050.000000000095 7.752691063737195e-08
35100.000000000095 1.0551689535113697e-07
35150.000000000095 9.502329252580341e-08
35200.000000000095 1.1472496313457047e-07
35250.000000000095 1.3736670865545012e-07
35300.000000000095 8.322851738305607e-08
35350.000000000095 1.187506470384233e-07
35400.000000000095 1.1913418303947794e-07
35450.000000000095 1.0281545674550686e-07
35500.000000000095 1.513885881500017e-07
35550.000000000095 1.3266855501099905e-07
35600.000000000095 1.4217222531631393e-07
35650.000000000095 1.533962854364115e-07
35700.000000000095 1.0633484811234755e-07
35750.000000000095 1.6245309708982026e-07
35800.000000000095 1.6089899892977953e-07
35850.000000000095 1.2383362579998057e-07
35900.000000000095 1.7626121737488269e-07
35950.000000000095 1.6875927079699697e-07
36000.000000000095 1.497326864794911e-07
36050.000000000095 1.8433128298012067e-07
36100.000000000095 1.642435481806836e-07
36150.000000000095 1.9390315602058335e-07
36200.000000000095 2.017640183006051e-07
36250.000000000095 1.9769875693595949e-07
36300.000000000095 2.2175134997942055e-07
36350.000000000095 2.1949929852261906e-07
36400.000000000095 2.5401612923228897e-07
36450.000000000095 2.456748719564672e-07
36500.000000000095 2.455715937928319e-07
36550.000000000095 2.767425195613339e-07
36600.000000000095 3.055704485105579e-07
36650.000000000095 2.9039946012944575e-07
36700.000000000095 3.0588809866188216e-07
36750.000000000095 3.2961143818457216e-07
36800.000000000095 3.269926496275409e-07
36850.000000000095 3.1270219911013527e-07
36900.000000000095 3.1295859010195983e-07
36950.000000000095 3.576033864324879e-07
37000.000000000095 3.3631643323694245e-07
37050.000000000095 3.651362466166893e-07
37100.000000000095 3.6102426331301006e-07
37150.000000000095 3.84765703720677e-07
37200.000000000095 4.0499023042619163e-07
37250.000000000095 3.6163084757785884e-07
37300.000000000095 3.6312193095162394e-07
37350.000000000095 4.115318243608807e-07
37400.000000000095 4.596176260649205e-07
37450.000000000095 4.194170690909042e-07
37500.000000000095 3.9241605298581235e-07
37550.000000000095 4.886376410306112e-07
37600.000000000095 5.171278285548406e-07
37650.000000000095 4.2424784676522415e-07
37700.000000000095 4.907952846887874e-07
37750.000000000095 4.066241093616469e-07
37800.000000000095 4.735571633294632e-07
37850.000000000095 3.920445616547988e-07
37900.000000000095 4.6079430107958295e-07
37950.000000000095 4.977181130778148e-07
38000.000000000095 5.44595745433596e-07
38050.000000000095 4.977606940463169e-07
38100.000000000095 5.407188152525451e-07
38150.000000000095 5.372460920860067e-07
38200.000000000095 5.638462204423755e-07
38250.000000000095 5.495386774623034e-07
38300.000000000095 6.277451795703251e-07
38350.000000000095 6.313424246473439e-07
38400.000000000095 5.073859618188367e-07
38450.000000000095 5.745968911298198e-07
38500.000000000095 5.212136421276126e-07
38550.000000000095 5.843630560116267e-07
38600.000000000095 5.890624868350807e-07
38650.000000000095 6.498195947885331e-07
38700.000000000095 6.622644728105349e-07
38750.000000000095 6.474986992674542e-07
38800.000000000095 6.012892772041146e-07
38850.000000000095 6.814118196733403e-07
38900.000000000095 6.900303708558645e-07
38950.000000000095 6.53500917889949e-07
39000.000000000095 7.162577092521678e-07
39050.000000000095 6.745148924368825e-07
39100.000000000095 6.609936462163616e-07
39150.000000000095 7.009979150419837e-07
39200.000000000095 6.737146860237846e-07
39250.000000000095 7.371467564314928e-07
39300.000000000095 7.248644338869463e-07
39350.000000000095 7.85768918544144e-07
39400.000000000095 7.675544576336132e-07
39450.000000000095 7.76543857080121e-07
39500.000000000095 7.400710838311129e-07
39550.000000000095 7.498338903283259e-07
39600.000000000095 7.609817481293867e-07
39650.000000000095 8.306169409258386e-07
39700.000000000095 7.798121622361843e-07
39750.000000000095 7.089595125597272e-07
39800.000000000095 7.685160425140885e-07
39850.000000000095 8.320681709696459e-07
39900.000000000095 8.292829877400853e-07
39950.000000000095 8.121329201469852e-07
40000.000000000095 8.368726669396111e-07
40050.000000000095 8.38947570471639e-07
40100.000000000095 7.665909053817735e-07
40150.000000000095 8.779218433276537e-07
40200.000000000095 8.751635755204341e-07
40250.000000000095 8.261642186092508e-07
40300.000000000095 8.623812203308213e-07
40350.000000000095 7.98606920364361e-07
40400.000000000095 8.731941094494489e-07
40450.000000000095 8.3827769443927e-07
40500.000000000095 8.196220837210705e-07
40550.000000000095 8.866035645438702e-07
40600.000000000095 8.255157597639005e-07
40650.000000000095 8.780441964168333e-07
40700.000000000095 9.772815662528904e-07
40750.000000000095 8.531506003539894e-07
40800.000000000095 7.831094396291748e-07
40850.000000000095 8.968589922408222e-07
40900.000000000095 8.904691217605166e-07
40950.000000000095 8.431354810643143e-07
41000.000000000095 8.58909531511625e-07
41050.000000000095 8.992306313823617e-07
41100.000000000095 8.085255070731084e-07
41150.000000000095 7.899082742619585e-07
41200.000000000095 9.045652108572364e-07
41250.000000000095 8.754488239358462e-07
41300.000000000095 7.474551585269482e-07
41350.000000000095 9.16019654219729e-07
41400.000000000095 8.498059767823327e-07
41450.000000000095 8.897973913602773e-07
41500.000000000095 8.284946465615889e-07
41550.000000000095 7.768631338408118e-07
41600.000000000095 8.375807948748915e-07
41650.000000000095 8.475079844984235e-07
41700.000000000095 7.78462755731015e-07
41750.000000000095 7.668301803565774e-07
41800.000000000095 9.238347779231847e-07
41850.000000000095 6.233660271377352e-07
41900.000000000095 7.522552319435227e-07
41950.000000000095 8.436036847734566e-07
42000.000000000095 8.488361869704969e-07
42050.000000000095 7.320682254657994e-07
42100.000000000095 8.743343803894263e-07
42150.000000000095 6.551304378659883e-07
42200.000000000095 7.048730211993812e-07
42250.000000000095 7.463117501949338e-07
42300.000000000095 7.286636638394818e-07
42350.000000000095 7.743459856249394e-07
42400.000000000095 7.642965129384287e-07
42450.000000000095 6.728067514843904e-07
42500.000000000095 6.664730834751397e-07
42550.000000000095 6.463699788291796e-07
42600.000000000095 7.432586719197516e-07
42650.000000000095 8.639868402960386e-07
42700.000000000095 6.978239932766736e-07
42750.000000000095 6.298813792657386e-07
42800.000000000095 6.493393200525468e-07
42850.000000000095 7.275496457899155e-07
42900.000000000095 7.642345239881136e-07
42950.000000000095 5.9085453035785e-07
43000.000000000095 7.519294590583386e-07
43050.000000000095 4.822756182703463e-07
43100.000000000095 6.528943832799806e-07
43150.000000000095 6.647413604056596e-07
43200.000000000095 6.64661227764767e-07
43250.000000000095 7.755970110687688e-07
43300.000000000095 7.851626085090581e-07
43350.000000000095 5.522659366392405e-07
43400.000000000095 6.737869764545392e-07
43450.000000000095 5.58971068659306e-07
43500.000000000095 5.920210356264655e-07
43550.000000000095 5.59425879197797e-07
43600.000000000095 6.607881050206881e-07
43650.000000000095 4.538691587161073e-07
43700.000000000095 6.650423332920507e-07
43750.000000000095 6.616212498381159e-07
43800.000000000095 5.419346334860593e-07
43850.000000000095 5.377688982900204e-07
43900.000000000095 5.069773246903271e-07
43950.000000000095 4.605447497170212e-07
44000.000000000095 3.3469675974108553e-07
44050.000000000095 4.574278744697828e-07
44100.000000000095 4.958375512169563e-07
44150.000000000095 4.8238539510783e-07
44200.000000000095 4.283191399997923e-07
44250.000000000095 3.845746187247974e-07
44300.000000000095 3.653175109448315e-07
44350.000000000095 3.233661582403205e-07
44400.000000000095 3.362420634960799e-07
44450.000000000095 3.496923998970135e-07
44500.000000000095 2.930681450110033e-07
44550.000000000095 3.1939110367359743e-07
44600.000000000095 2.719571502465188e-07
44650.000000000095 3.108682829776654e-07
44700.000000000095 2.895180960537979e-07
44750.000000000095 3.025521872969515e-07
44800.000000000095 2.802737573805352e-07
44850.000000000095 2.7176580487653715e-07
44900.000000000095 2.310038146517177e-07
44950.000000000095 2.292440316331905e-07
45000.000000000095 2.387503461589505e-07
45050.000000000095 2.4711245491559566e-07
45100.000000000095 2.3571042813545428e-07
45150.000000000095 2.1693269010683623e-07
45200.000000000095 1.762298103983988e-07
45250.000000000095 1.925304389900987e-07
45300.000000000095 2.2056001010212096e-07
45350.000000000095 2.191074040629706e-07
45400.000000000095 1.846049001198486e-07
45450.000000000095 1.804902759813033e-07
45500.000000000095 1.9144024775114556e-07
45550.000000000095 2.1940495891870202e-07
45600.000000000095 1.8061690558042304e-07
45650.000000000095 1.7359649196687326e-07
45700.000000000095 2.1577213636677892e-07
45750.000000000095 1.868589485459071e-07
45800.000000000095 1.6726345669246142e-07
45850.000000000095 2.391246604559043e-07
45900.000000000095 2.3296634748613525e-07
45950.000000000095 1.7487709513770605e-07
46000.000000000095 2.270906607187901e-07
46050.000000000095 2.408390185194463e-07
46100.000000000095 1.7561910531532563e-07
46150.000000000095 2.2741766166544972e-07
46200.000000000095 2.2171550675465914e-07
46250.000000000095 1.4265758535047763e-07
46300.000000000095 2.604855801542875e-07
46350.000000000095 1.9390374225263033e-07
46400.000000000095 2.2445553064931076e-07
46450.000000000095 2.797479373039197e-07
46500.000000000095 2.1945155700904796e-07
46550.000000000095 2.833862061344789e-07
46600.000000000095 2.7261181048329673e-07
46650.000000000095 4.1332709897697295e-07
46700.000000000095 3.292466748598572e-07
46750.000000000095 2.523440658447443e-07
46800.000000000095 2.1997691727462846e-07
46850.000000000095 2.9371224016028995e-07
46900.000000000095 2.5611128178084354e-07
46950.000000000095 3.4285392028293474e-07
47000.000000000095 2.1054446401383326e-07
47050.000000000095 3.4322366209641963e-07
47100.000000000095 1.8903485055776692e-07
47150.000000000095 2.4458002588216636e-07
47200.000000000095 2.7473795962408767e-07
47250.000000000095 2.0835958288975847e-07
47300.000000000095 2.338745399334717e-07
47350.000000000095 1.8516526036635445e-07
47400.000000000095 3.006578026075572e-07
47450.000000000095 1.904508414654878e-07
47500.000000000095 3.145807969044696e-07
47550.000000000095 1.9544270808740674e-07
47600.000000000095 2.956682440108196e-07
47650.000000000095 1.9287286396123558e-07
47700.000000000095 2.8061982735226844e-07
47750.000000000095 1.6942645904224163e-07
47800.000000000095 2.665911097010173e-07
47850.000000000095 1.4901936146457137e-07
47900.000000000095 2.445073084673977e-07
47950.000000000095 1.9998706205594689e-07
48000.000000000095 3.247065352678713e-07
48050.000000000095 2.2289896443454542e-07
48100.000000000095 2.8260693283448664e-07
48150.000000000095 2.1087854732766982e-07
48200.000000000095 2.973392528326402e-07
48250.000000000095 2.2415488541727354e-07
48300.000000000095 3.585299699415059e-07
48350.000000000095 2.135493564183412e-07
48400.000000000095 2.6209297228392515e-07
48450.000000000095 1.9501970922951913e-07
48500.000000000095 3.487060341930356e-07
48550.000000000095 1.960251021135063e-07
48600.000000000095 3.2334307242549356e-07
48650.000000000095 1.9704572557770102e-07
48700.000000000095 3.520718247409e-07
