galfind/configs/Brown_Dwarf_templates/sonora_cholla/logkzz4/1780g/1150K_1780g_logkzz4_resample.dat
# %ECSV 1.0
# ---
# datatype:
# - {name: wav, unit: Angstrom, datatype: float64}
# - {name: flux_nu, unit: erg / (cm2 Hz s), datatype: float64}
# schema: astropy-2.0
wav flux_nu
[from data line 776]
48800.000000000095 3.4219241995182126e-07
48850.000000000095 2.3171529343386757e-07
48900.000000000095 3.4319815401138876e-07
48950.000000000095 2.940630420156822e-07
49000.000000000095 2.6340061955406544e-07
49050.000000000095 3.2576698484466475e-07
49100.000000000095 2.4730467954355314e-07
49150.000000000095 3.5412805332526043e-07
49200.000000000095 2.5832999370304654e-07
49250.000000000095 3.485926050803393e-07
49300.000000000095 2.7344383310817e-07
49350.000000000095 2.9126212268957333e-07
49400.000000000095 3.328253193603213e-07
49450.000000000095 3.1072621635135923e-07
49500.000000000095 2.945485739258837e-07
49550.000000000095 1.9286179418827773e-07
49600.000000000095 3.0141546053497897e-07
49650.000000000095 2.9019399383642324e-07
49700.000000000095 2.6630729520101705e-07
49750.000000000095 4.0293210492062177e-07
49800.000000000095 2.66618250541782e-07
49850.000000000095 4.251654289301055e-07
49900.000000000095 3.410422172666578e-07
49950.000000000095 3.4908842313620375e-07
50000.000000000095 3.9290874760466876e-07
50050.000000000095 3.5713922188636017e-07
50100.000000000095 4.3865119973585885e-07
50150.000000000095 2.678084185140537e-07
50200.000000000095 2.0267989595985578e-07
50250.000000000095 3.8750624678905e-07
50300.000000000095 2.909692483906251e-07
50350.000000000095 4.097564766820056e-07
50400.000000000095 3.3501796351255924e-07
50450.000000000095 3.3210945007063915e-07
50500.000000000095 4.377260230019839e-07
50550.000000000095 3.5397688600770067e-07
50600.000000000095 3.699309973399084e-07
50650.000000000095 3.5329374277416914e-07
50700.000000000095 5.03431852344698e-07
50750.000000000095 4.544952811132877e-07
50800.000000000095 2.6562729052584795e-07
50850.000000000095 2.881134590983775e-07
50900.000000000095 4.5024113931320524e-07
50950.000000000095 4.4472976844717023e-07
51000.000000000095 4.4717284705810196e-07
51050.000000000095 3.884518908991812e-07
51100.000000000095 2.720414806686003e-07
51150.000000000095 3.3778045052200495e-07
51200.000000000095 4.647547383178149e-07
51250.000000000095 4.117845450663887e-07
51300.000000000095 2.9788352771466944e-07
51350.000000000095 3.7019147716212816e-07
51400.000000000095 2.8247080181847593e-07
51450.000000000095 2.5292542228078766e-07
51500.000000000095 2.384858406524059e-07
51550.000000000095 4.1191437155423045e-07
51600.000000000095 2.919232795793049e-07
51650.000000000095 3.6640716326166414e-07
51700.000000000095 3.900697553701674e-07
51750.000000000095 2.7520059645083304e-07
51800.000000000095 4.7357914282314857e-07
51850.000000000095 3.951732771971455e-07
51900.000000000095 5.001662152523843e-07
51950.000000000095 4.142405762519914e-07
52000.000000000095 1.870549493347128e-07
52050.000000000095 3.058196386512887e-07
52100.000000000095 2.792740984157615e-07
52150.000000000095 2.361740873937532e-07
52200.000000000095 2.473859289585597e-07
52250.000000000095 3.0589137318337e-07
52300.000000000095 4.87117249250584e-07
52350.000000000095 3.366387409790141e-07
52400.000000000095 2.719907937452022e-07
52450.000000000095 4.0011583614182793e-07
52500.000000000095 3.724618158514042e-07
52550.000000000095 3.901808601901047e-07
52600.000000000095 3.3377093641921525e-07
52650.000000000095 3.5500420760502674e-07
52700.000000000095 2.9657722867722447e-07
52750.000000000095 2.516718040966319e-07
52800.000000000095 2.6951192485730987e-07
52850.000000000095 3.0470230023631944e-07
52900.000000000095 2.623890280653052e-07
52950.000000000095 2.7234370441201155e-07
53000.000000000095 4.3017494584940314e-07
53050.000000000095 2.154474201169992e-07
53100.000000000095 3.9175567762723504e-07
53150.000000000095 4.7154112168742504e-07
53200.000000000095 2.3936975856495353e-07
53250.000000000095 4.16752415740776e-07
53300.000000000095 4.444503740931147e-07
53350.000000000095 4.251103475714971e-07
53400.000000000095 4.335172672994298e-07
53450.000000000095 2.339005197754109e-07
53500.000000000095 1.6272708692819858e-07
53550.000000000095 2.3737476627389265e-07
53600.000000000095 3.2400270158905693e-07
53650.000000000095 2.658298720546695e-07
53700.000000000095 2.538139278850798e-07
53750.000000000095 2.5501940186107576e-07
53800.000000000095 2.581703899274097e-07
53850.000000000095 3.35488804618839e-07
53900.000000000095 3.1124267311852017e-07
53950.000000000095 4.1255409715030865e-07
54000.000000000095 2.9673538558110027e-07
54050.000000000095 2.9444163099933944e-07
54100.000000000095 1.6901830394441527e-07
54150.000000000095 2.3594467678301777e-07
54200.000000000095 1.3671282875699893e-07
54250.000000000095 1.626096615914201e-07
54300.000000000095 2.336074934813572e-07
54350.000000000095 3.069962484874721e-07
54400.000000000095 3.130770732253343e-07
54450.000000000095 2.7768255932869103e-07
54500.000000000095 2.425141030005633e-07
54550.000000000095 2.0994198695576722e-07
54600.000000000095 2.624606874040898e-07
54650.000000000095 1.695917995443199e-07
54700.000000000095 3.098010871370732e-07
54750.000000000095 2.913109060310627e-07
54800.000000000095 2.1710256769302378e-07
54850.000000000095 2.4770971672220746e-07
54900.000000000095 3.244944623584657e-07
54950.000000000095 4.0270446244303107e-07
55000.000000000095 2.0868206067173834e-07
55050.000000000095 2.7901146049657493e-07
55100.000000000095 2.6109586249196415e-07
55150.000000000095 2.265958598654318e-07
55200.000000000095 2.2549014571854444e-07
55250.000000000095 2.396143769456366e-07
55300.000000000095 1.8530719732747141e-07
55350.000000000095 2.746980540087038e-07
55400.000000000095 3.3638019763546384e-07
55450.000000000095 2.522845405387455e-07
55500.000000000095 1.505889168283242e-07
55550.000000000095 2.0375927892399083e-07
55600.000000000095 1.977185795310347e-07
55650.000000000095 1.6307398209295523e-07
55700.000000000095 2.0882055228467176e-07
55750.000000000095 2.3543519684213788e-07
55800.000000000095 1.8401543734494897e-07
55850.000000000095 1.612356131833766e-07
55900.000000000095 2.696436256234244e-07
55950.000000000095 3.438857442339316e-07
56000.000000000095 1.7905651297331753e-07
56050.000000000095 2.386840113613996e-07
56100.000000000095 2.68090950522805e-07
56150.000000000095 2.0243147044234406e-07
56200.000000000095 2.260029564788251e-07
56250.000000000095 2.378337062851189e-07
56300.000000000095 2.504012361432529e-07
56350.000000000095 2.6138682516896953e-07
56400.000000000095 1.808985162785228e-07
56450.000000000095 1.6381888232605087e-07
56500.000000000095 2.0708883872466112e-07
56550.000000000095 1.4186061354704315e-07
56600.000000000095 2.5949733477955945e-07
56650.000000000095 2.3976964630215933e-07
56700.000000000095 2.7903724596853787e-07
56750.000000000095 1.613601763696535e-07
56800.000000000095 2.6415944846905637e-07
56850.000000000095 2.128468304992958e-07
56900.000000000095 1.8300774572077106e-07
56950.000000000095 2.735275554744875e-07
57000.000000000095 2.9981311859972936e-07
57050.000000000095 2.0628711153650453e-07
57100.000000000095 1.199288655277394e-07
57150.000000000095 1.7327250628246447e-07
57200.000000000095 1.3872513653610942e-07
57250.000000000095 1.9300442788914852e-07
57300.000000000095 2.3745105871423742e-07
57350.000000000095 1.5218498522793038e-07
57400.000000000095 2.4191012907834665e-07
57450.000000000095 2.207551817363609e-07
57500.000000000095 2.0704053952848517e-07
57550.000000000095 2.5411152882946715e-07
57600.000000000095 2.684985736726258e-07
57650.000000000095 1.2479215930942817e-07
57700.000000000095 1.5212391432380248e-07
57750.000000000095 1.869345873616456e-07
57800.000000000095 8.740827992819088e-08
57850.000000000095 3.0056411462681336e-07
57900.000000000095 3.4750951813038364e-07
57950.000000000095 3.101354487892906e-07
58000.000000000095 1.860514503406342e-07
58050.000000000095 2.331645526003367e-07
58100.000000000095 2.8419646191170703e-07
58150.000000000095 2.263850337994075e-07
58200.000000000095 1.3176291678260204e-07
58250.000000000095 1.719848383987588e-07
58300.000000000095 1.3908014661938133e-07
58350.000000000095 1.6676210066809153e-07
58400.000000000095 2.1458785273961647e-07
58450.000000000095 2.3095289656565274e-07
58500.000000000095 2.1106314559273432e-07
58550.000000000095 2.4486999282836934e-07
58600.000000000095 1.5514341309790035e-07
58650.000000000095 1.877927771299195e-07
58700.000000000095 1.8986749179740428e-07
58750.000000000095 2.1712432211954508e-07
58800.000000000095 1.1661527817109198e-07
58850.000000000095 1.8289350334525234e-07
58900.000000000095 2.2845117389018004e-07
58950.000000000095 1.4908936175983192e-07
59000.000000000095 2.2531231088380774e-07
59050.000000000095 2.4272798715004136e-07
59100.000000000095 2.849121283363345e-07
59150.000000000095 2.1571851676451647e-07
59200.000000000095 2.1988021507492517e-07
59250.000000000095 2.3608045444531938e-07
59300.000000000095 2.2956592207432853e-07
59350.000000000095 1.2995334369634732e-07
59400.000000000095 1.0447246969006144e-07
59450.000000000095 2.018873931723803e-07
59500.000000000095 1.33487578518526e-07
59550.000000000095 2.4599604550947434e-07
59600.000000000095 2.5744325147902365e-07
59650.000000000095 2.1884240509068264e-07
59700.000000000095 1.5299644002868036e-07
59750.000000000095 3.0752769309460484e-07
59800.000000000095 1.993523251986063e-07
59850.000000000095 2.5751757988435634e-07
59900.000000000095 1.403466875153286e-07
59950.000000000095 2.186656854524896e-07
60000.000000000095 3.4438730825817374e-07
60050.000000000095 2.913331969362076e-07
60100.000000000095 2.9478819122445135e-07
60150.000000000095 2.1230167649852157e-07
60200.000000000095 2.420006164132478e-07
60250.000000000095 2.862913060590532e-07
60300.000000000095 2.6588905468814864e-07
60350.000000000095 1.9672015331598382e-07
60400.000000000095 2.5161511710621417e-07
60450.000000000095 1.440180044853778e-07
60500.000000000095 1.005430527906833e-07
60550.000000000095 2.531334017483059e-07
60600.000000000095 2.431223135155126e-07
60650.000000000095 2.1330062286055037e-07
60700.000000000095 1.8968330082079673e-07
60750.000000000095 1.548475462169085e-07
60800.000000000095 2.4854399368767477e-07
60850.000000000095 3.549326412358793e-07
60900.000000000095 3.1204362677038595e-07
60950.000000000095 2.8938809319645997e-07
61000.000000000095 2.3830682257522874e-07
61050.000000000095 1.782182212125458e-07
61100.000000000095 2.3705720621963568e-07
61150.000000000095 1.0808249121558826e-07
61200.000000000095 3.0073241702286306e-07
61250.000000000095 3.4047000766065844e-07
61300.000000000095 2.9488338633563003e-07
61350.000000000095 3.629874189652904e-07
61400.000000000095 2.5568262840036137e-07
61450.000000000095 1.769111513941063e-07
61500.000000000095 1.9240515148718495e-07
61550.000000000095 1.9866251797271814e-07
61600.000000000095 1.4873763786234405e-07
61650.000000000095 2.1838454723327338e-07
61700.000000000095 1.8660485205724298e-07
61750.000000000095 2.2354000622836408e-07
61800.000000000095 2.5332172360511144e-07
61850.000000000095 1.721710711794626e-07
61900.000000000095 3.148903629383136e-07
61950.000000000095 3.016441414546532e-07
62000.000000000095 2.905682074721842e-07
62050.000000000095 2.769089473103667e-07
62100.000000000095 2.947611268100367e-07
62150.000000000095 2.8965857106129905e-07
62200.000000000095 2.6033022083890414e-07
62250.000000000095 2.7207988438875227e-07
62300.000000000095 3.527025597383152e-07
62350.000000000095 3.008339089390244e-07
62400.000000000095 1.8990728730102364e-07
62450.000000000095 2.5591777377085636e-07
62500.000000000095 3.3194150590583413e-07
62550.000000000095 3.164496114071989e-07
62600.000000000095 3.4259137062802913e-07
62650.000000000095 2.807004698421789e-07
62700.000000000095 2.954689453945609e-07
62750.000000000095 3.619132940974684e-07
62800.000000000095 2.47319837953026e-07
62850.000000000095 3.209640998394985e-07
62900.000000000095 2.656933289963469e-07
62950.000000000095 3.3894126439693607e-07
63000.000000000095 3.0108709602864846e-07
63050.000000000095 3.835503255335531e-07
63100.000000000095 3.5766966734968205e-07
63150.000000000095 2.591402828939484e-07
63200.000000000095 3.272666847012258e-07
63250.000000000095 3.04233598937888e-07
63300.000000000095 3.4598516048137804e-07
63350.000000000095 3.1175378094895856e-07
63400.000000000095 2.05789807919801e-07
63450.000000000095 1.7073455225607626e-07
63500.000000000095 2.9367538037018446e-07
63550.000000000095 2.837078485338253e-07
63600.000000000095 3.3146037161574515e-07
63650.000000000095 2.4936044672224655e-07
63700.000000000095 1.8442394779202893e-07
63750.000000000095 2.424148551977433e-07
63800.000000000095 2.6887969007422115e-07
63850.000000000095 2.6157070803439897e-07
63900.000000000095 1.9770679511383727e-07
63950.000000000095 2.7342381032957165e-07
64000.000000000095 3.0066067284410316e-07
64050.000000000095 2.2898781622071453e-07
64100.000000000095 1.003701496977955e-07
64150.000000000095 1.3574609584350043e-07
64200.000000000095 1.5360484705061727e-07
64250.000000000095 2.2630188725073022e-07
64300.000000000095 1.845092759574057e-07
64350.000000000095 1.5838806047924614e-07
64400.000000000095 2.415623312933101e-07
64450.000000000095 2.491269026647593e-07
64500.000000000095 1.5390630761520178e-07
64550.000000000095 2.2283426617489481e-07
64600.000000000095 1.4737854821289076e-07
64650.000000000095 2.1988327152560352e-07
64700.000000000095 1.2720425528790465e-07
64750.000000000095 1.508219698244418e-07
64800.000000000095 1.49714517058232e-07
64850.000000000095 1.3826840307664074e-07
64900.000000000095 1.5773738306789958e-07
64950.000000000095 1.4612820771552188e-07
65000.000000000095 1.731099270319653e-07
65050.000000000095 1.7197089628691514e-07
65100.000000000095 2.1091580478801104e-07
65150.000000000095 1.5962023701586965e-07
65200.000000000095 1.3850358283305375e-07
65250.000000000095 2.000755669912801e-07
65300.000000000095 1.7718314069101746e-07
65350.000000000095 2.9043851769134254e-07
65400.000000000095 1.6730618682847325e-07
65450.000000000095 1.7199614727033555e-07
65500.000000000095 1.949135428828348e-07
65550.00000000009 1.4139534216421594e-07
65600.00000000009 1.680622019487101e-07
65650.00000000009 1.7718115950966282e-07
65700.00000000009 1.6082651397209704e-07
65750.00000000009 1.381002171637426e-07
65800.00000000009 1.8697476246355506e-07
65850.00000000009 2.146636067954189e-07
65900.00000000009 1.3668636445449748e-07
65950.00000000009 1.1165436322751402e-07
66000.00000000009 1.5986110187380038e-07
66050.00000000009 2.6105151752158867e-07
66100.00000000009 1.7374955842307e-07
66150.00000000009 1.3478968081090187e-07
66200.00000000009 1.360175113480619e-07
66250.00000000009 1.307178643104603e-07
66300.00000000009 7.50617843109687e-08
66350.00000000009 1.0552423112981615e-07
66400.00000000009 1.3167125467762166e-07
66450.00000000009 2.0206701636946279e-07
66500.00000000009 2.6465181085174396e-07
66550.00000000009 2.433342571299855e-07
66600.00000000009 1.9284514342440334e-07
66650.00000000009 1.8909395276225082e-07
66700.00000000009 1.69722657526384e-07
66750.00000000009 1.592096488694739e-07
66800.00000000009 1.9726885264215022e-07
66850.00000000009 1.4265413781300702e-07
66900.00000000009 2.0815381327994543e-07
66950.00000000009 2.6430785797050396e-07
67000.00000000009 2.6543193911499865e-07
67050.00000000009 1.8133208829705911e-07
67100.00000000009 1.6008491239286862e-07
67150.00000000009 1.621960030522635e-07
67200.00000000009 1.8061667603769323e-07
67250.00000000009 1.8156419229021867e-07
67300.00000000009 1.98798467052926e-07
67350.00000000009 1.452436023466748e-07
67400.00000000009 2.4796781509828354e-07
67450.00000000009 1.9697209365197615e-07
67500.00000000009 1.8091349013262226e-07
67550.00000000009 2.0869476601688386e-07
67600.00000000009 3.1991774584403873e-07
67650.00000000009 2.4123080582512265e-07
67700.00000000009 1.9918257827730664e-07
67750.00000000009 1.7896824599761884e-07
67800.00000000009 2.2164071703860117e-07
67850.00000000009 1.514586827257288e-07
67900.00000000009 1.8367991912395765e-07
67950.00000000009 1.3743992855628068e-07
68000.00000000009 1.785534482103356e-07
68050.00000000009 2.3332455992694428e-07
