galfind/configs/Brown_Dwarf_templates/sonora_cholla/logkzz4/1780g/1200K_1780g_logkzz4_resample.dat
# %ECSV 1.0
# ---
# datatype:
# - {name: wav, unit: Angstrom, datatype: float64}
# - {name: flux_nu, unit: erg / (cm2 Hz s), datatype: float64}
# schema: astropy-2.0
wav flux_nu
[from data line 1163]
68150.00000000009 2.229942178535894e-07
68200.00000000009 2.3798450528810542e-07
68250.00000000009 1.384178827240543e-07
68300.00000000009 2.1231751117095042e-07
68350.00000000009 1.4171670797893686e-07
68400.00000000009 2.7153530411833915e-07
68450.00000000009 2.6804934122363974e-07
68500.00000000009 2.364326149635248e-07
68550.00000000009 1.7494896848204428e-07
68600.00000000009 1.9263688242670844e-07
68650.00000000009 1.4145422757511864e-07
68700.00000000009 2.0532039471870668e-07
68750.00000000009 2.3655017336944811e-07
68800.00000000009 2.5644005394272863e-07
68850.00000000009 1.636364949012829e-07
68900.00000000009 3.0336449063361253e-07
68950.00000000009 3.2818617133542363e-07
69000.00000000009 3.075951206785712e-07
69050.00000000009 2.0964924740178208e-07
69100.00000000009 3.176072229393517e-07
69150.00000000009 3.466748290111637e-07
69200.00000000009 2.2471268066629675e-07
69250.00000000009 3.158337944063099e-07
69300.00000000009 2.6558879189830755e-07
69350.00000000009 2.964356047382636e-07
69400.00000000009 1.8087096290309795e-07
69450.00000000009 3.170871460160773e-07
69500.00000000009 2.2900495952842332e-07
69550.00000000009 2.408188938739036e-07
69600.00000000009 1.1420660261346667e-07
69650.00000000009 2.202624741875904e-07
69700.00000000009 2.9100636282697314e-07
69750.00000000009 2.2919531778100678e-07
69800.00000000009 2.719161192832025e-07
69850.00000000009 2.9387088070553624e-07
69900.00000000009 2.29467187534285e-07
69950.00000000009 2.531319958633214e-07
70000.00000000009 2.0869107545280325e-07
70050.00000000009 3.039884915877857e-07
70100.00000000009 2.2446021136019812e-07
70150.00000000009 2.4935405890284034e-07
70200.00000000009 1.9644257399680322e-07
70250.00000000009 2.3619225365252186e-07
70300.00000000009 2.82871921242514e-07
70350.00000000009 2.295501395010068e-07
70400.00000000009 2.0925069840719435e-07
70450.00000000009 1.2588924453148176e-07
70500.00000000009 1.7500716742994622e-07
70550.00000000009 1.8419851795647872e-07
70600.00000000009 1.9926432038185312e-07
70650.00000000009 2.527120706782995e-07
70700.00000000009 2.3204727882723383e-07
70750.00000000009 2.7781350144401326e-07
70800.00000000009 2.0118521210613647e-07
70850.00000000009 1.882935219821464e-07
70900.00000000009 1.921808893089841e-07
70950.00000000009 2.67829776146404e-07
71000.00000000009 2.3432009750254015e-07
71050.00000000009 2.434341915274126e-07
71100.00000000009 2.214093681042425e-07
71150.00000000009 2.1821693670040912e-07
71200.00000000009 1.957380994389879e-07
71250.00000000009 2.1357691200998753e-07
71300.00000000009 2.469196125716877e-07
71350.00000000009 2.3742562222953296e-07
71400.00000000009 2.4023472766653967e-07
71450.00000000009 1.6178162328464597e-07
71500.00000000009 1.9445220337633276e-07
71550.00000000009 1.969337358148503e-07
71600.00000000009 2.315784058615884e-07
71650.00000000009 2.0883876173610034e-07
71700.00000000009 1.761207449888105e-07
71750.00000000009 2.015328319880696e-07
71800.00000000009 2.412983559558377e-07
71850.00000000009 2.4767205158692366e-07
71900.00000000009 1.805819222662779e-07
71950.00000000009 1.9297487395516203e-07
72000.00000000009 1.9070714857972814e-07
72050.00000000009 1.6231101171890163e-07
72100.00000000009 1.8551107913687324e-07
72150.00000000009 1.6536069852777356e-07
72200.00000000009 1.9117389511709535e-07
72250.00000000009 2.199622432808998e-07
72300.00000000009 2.009137474199513e-07
72350.00000000009 1.9903505066472608e-07
72400.00000000009 1.7358089426738904e-07
72450.00000000009 1.6496420778248144e-07
72500.00000000009 1.936498651730834e-07
72550.00000000009 1.2910092495850352e-07
72600.00000000009 1.345745566305222e-07
72650.00000000009 2.043224447825221e-07
72700.00000000009 2.0846920427554033e-07
72750.00000000009 1.8337893214217489e-07
72800.00000000009 1.7358991096235108e-07
72850.00000000009 1.693638526796231e-07
72900.00000000009 2.1423901203691643e-07
72950.00000000009 1.9114403617886089e-07
73000.00000000009 1.945432678951252e-07
73050.00000000009 1.688426870329625e-07
73100.00000000009 1.4845060190181747e-07
73150.00000000009 2.3679861558369414e-07
73200.00000000009 1.620585758678297e-07
73250.00000000009 1.8498546803924054e-07
73300.00000000009 1.831137075748887e-07
73350.00000000009 1.566269542933384e-07
73400.00000000009 1.8757554139572166e-07
73450.00000000009 1.3014039501248905e-07
73500.00000000009 1.369699092233994e-07
73550.00000000009 1.7460975188437106e-07
73600.00000000009 1.5018403651971286e-07
73650.00000000009 1.7679411230158952e-07
73700.00000000009 2.0635715095622326e-07
73750.00000000009 1.4265522299699024e-07
73800.00000000009 1.6930915566639693e-07
73850.00000000009 1.7869471916496402e-07
73900.00000000009 1.938736110648001e-07
73950.00000000009 1.6027763056334852e-07
74000.00000000009 1.5438394202077173e-07
74050.00000000009 2.3700643628075735e-07
74100.00000000009 1.6023287110292754e-07
74150.00000000009 1.8294268764380216e-07
74200.00000000009 1.6457721430860993e-07
74250.00000000009 1.2351435498250916e-07
74300.00000000009 1.6914938750774009e-07
74350.00000000009 1.964364046312172e-07
74400.00000000009 1.8333621924200324e-07
74450.00000000009 1.2195897352597572e-07
74500.00000000009 1.437518379154238e-07
74550.00000000009 1.7183439363727233e-07
74600.00000000009 1.6621787064661248e-07
74650.00000000009 1.6159421002257407e-07
74700.00000000009 1.3641243979903661e-07
74750.00000000009 1.5068579232275933e-07
74800.00000000009 1.583177808979306e-07
74850.00000000009 1.307092137230509e-07
74900.00000000009 2.1737030630648724e-07
74950.00000000009 1.9865601367412064e-07
75000.00000000009 1.7694107532650106e-07
75050.00000000009 1.474476840722244e-07
75100.00000000009 2.1936983065722258e-07
75150.00000000009 1.8667170733730325e-07
75200.00000000009 2.1256176776595757e-07
75250.00000000009 2.0362651596273607e-07
75300.00000000009 2.1394819817319138e-07
75350.00000000009 1.3562332846060645e-07
75400.00000000009 2.115441533800391e-07
75450.00000000009 1.851071134260302e-07
75500.00000000009 1.74406983833508e-07
75550.00000000009 2.1635623387870892e-07
75600.00000000009 2.543610690039793e-07
75650.00000000009 1.8452089017902053e-07
75700.00000000009 1.896106633865787e-07
75750.00000000009 1.5094520192236387e-07
75800.00000000009 2.0207123851520768e-07
75850.00000000009 2.2620062387524326e-07
75900.00000000009 2.0350248199957785e-07
75950.00000000009 1.700244204411275e-07
76000.00000000009 1.9355296219461758e-07
76050.00000000009 2.0655624181822916e-07
76100.00000000009 1.9205062646966703e-07
76150.00000000009 2.1045635006086026e-07
76200.00000000009 2.1410673955176516e-07
76250.00000000009 2.3533035239653901e-07
76300.00000000009 2.75868019784537e-07
76350.00000000009 3.0296943916143225e-07
76400.00000000009 2.4625223117183246e-07
76450.00000000009 2.410927906296034e-07
76500.00000000009 1.999871783706936e-07
76550.00000000009 1.830197410690225e-07
76600.00000000009 1.008161898393644e-07
76650.00000000009 1.1477179572849724e-07
76700.00000000009 1.2706080790403055e-07
76750.00000000009 1.162267778851484e-07
76800.00000000009 1.6962484450193277e-07
76850.00000000009 8.995344324524876e-08
76900.00000000009 1.056725900976769e-07
76950.00000000009 1.407927325611862e-07
77000.00000000009 1.459677063076202e-07
77050.00000000009 1.1643700778114004e-07
77100.00000000009 1.1962011638256318e-07
77150.00000000009 1.4917044050783165e-07
77200.00000000009 1.399702415136112e-07
77250.00000000009 1.4923899663712888e-07
77300.00000000009 1.4163243947059892e-07
77350.00000000009 1.0330231517030103e-07
77400.00000000009 9.967887643789605e-08
77450.00000000009 1.118335009131423e-07
77500.00000000009 1.2952489564998853e-07
77550.00000000009 1.4062280353122127e-07
77600.00000000009 1.502231908466254e-07
77650.00000000009 1.4633494263277095e-07
77700.00000000009 1.261959477817359e-07
77750.00000000009 1.664555275926415e-07
77800.00000000009 1.497563538300929e-07
77850.00000000009 1.8860152436272545e-07
77900.00000000009 1.6441148383452342e-07
77950.00000000009 1.211373738634781e-07
78000.00000000009 1.4998422827300812e-07
78050.00000000009 1.5357098128483932e-07
78100.00000000009 1.2027623788496295e-07
78150.00000000009 1.7622455646006312e-07
78200.00000000009 1.7608996408005937e-07
78250.00000000009 1.8984986107780143e-07
78300.00000000009 1.8866471208964233e-07
78350.00000000009 1.774118982332331e-07
78400.00000000009 1.5990411319615365e-07
78450.00000000009 2.0461520796862325e-07
78500.00000000009 2.0177938029731642e-07
78550.00000000009 1.991500821092605e-07
78600.00000000009 1.802316437922905e-07
78650.00000000009 1.1132247927608156e-07
78700.00000000009 1.605097768864753e-07
78750.00000000009 1.5073293004703565e-07
78800.00000000009 1.905581090298681e-07
78850.00000000009 1.3511205060990408e-07
78900.00000000009 1.740184511748022e-07
78950.00000000009 1.6238492726174439e-07
79000.00000000009 1.7666987347633572e-07
79050.00000000009 1.5926519723682633e-07
79100.00000000009 1.647795602734922e-07
79150.00000000009 1.890613275499458e-07
79200.00000000009 2.0069465638923068e-07
79250.00000000009 1.7954782024354574e-07
79300.00000000009 1.3837266099827958e-07
79350.00000000009 1.9879636461340273e-07
79400.00000000009 1.6528520260880216e-07
79450.00000000009 1.8417265345564684e-07
79500.00000000009 2.387748724930654e-07
79550.00000000009 2.0435883770571649e-07
79600.00000000009 1.4613297617808732e-07
79650.00000000009 1.739789357012702e-07
79700.00000000009 2.0701153918442189e-07
79750.00000000009 2.0714963424760284e-07
79800.00000000009 1.6919964193359135e-07
79850.00000000009 1.7297314582249757e-07
79900.00000000009 2.580791871328448e-07
79950.00000000009 1.9317790956466422e-07
