galfind/configs/Brown_Dwarf_templates/sonora_cholla/logkzz4/1780g/1300K_1780g_logkzz4_resample.dat
# %ECSV 1.0
# ---
# datatype:
# - {name: wav, unit: Angstrom, datatype: float64}
# - {name: flux_nu, unit: erg / (cm2 Hz s), datatype: float64}
# schema: astropy-2.0
wav flux_nu
[from data line 773]
48650.000000000095 2.8670583106834277e-07
48700.000000000095 4.885399982004988e-07
48750.000000000095 3.0576999416109963e-07
48800.000000000095 4.742910048819659e-07
48850.000000000095 3.294047759191555e-07
48900.000000000095 4.774916454542284e-07
48950.000000000095 4.0434713296828356e-07
49000.000000000095 3.7634096838465197e-07
49050.000000000095 4.455357117830736e-07
49100.000000000095 3.497635808678763e-07
49150.000000000095 4.6920377854427895e-07
49200.000000000095 3.6628827431637995e-07
49250.000000000095 4.592628526920837e-07
49300.000000000095 3.836016017297165e-07
49350.000000000095 4.07567083142326e-07
49400.000000000095 4.6436086336191427e-07
49450.000000000095 4.240215100421206e-07
49500.000000000095 4.1301760646129703e-07
49550.000000000095 2.989395015315109e-07
49600.000000000095 4.212991673810858e-07
49650.000000000095 4.030764946663312e-07
49700.000000000095 3.593181909459612e-07
49750.000000000095 5.346712997412421e-07
49800.000000000095 3.736293534591232e-07
49850.000000000095 5.546380217946068e-07
49900.000000000095 4.557296563476249e-07
49950.000000000095 4.582877606559716e-07
50000.000000000095 5.220787494878834e-07
50050.000000000095 4.697230481500825e-07
50100.000000000095 5.867115546984469e-07
50150.000000000095 3.842339571743813e-07
50200.000000000095 3.1600115968656874e-07
50250.000000000095 5.34179719727056e-07
50300.000000000095 4.0389709922804554e-07
50350.000000000095 5.404365316353686e-07
50400.000000000095 4.4942925184379194e-07
50450.000000000095 4.5132326935763514e-07
50500.000000000095 5.635407065908802e-07
50550.000000000095 4.61513075679133e-07
50600.000000000095 5.033717167329625e-07
50650.000000000095 4.684941401201261e-07
50700.000000000095 6.371095826023788e-07
50750.000000000095 6.167827903433072e-07
50800.000000000095 3.8168707798021343e-07
50850.000000000095 4.4403598436412394e-07
50900.000000000095 5.864540887972318e-07
50950.000000000095 5.917478689666602e-07
51000.000000000095 6.177591787581563e-07
51050.000000000095 5.114800626201724e-07
51100.000000000095 4.0223933668185237e-07
51150.000000000095 4.739551261658509e-07
51200.000000000095 5.89367794279673e-07
51250.000000000095 5.60855013091964e-07
51300.000000000095 4.002626441492968e-07
51350.000000000095 5.063681986732764e-07
51400.000000000095 4.270393811547445e-07
51450.000000000095 3.7999415706890327e-07
51500.000000000095 3.695212415353028e-07
51550.000000000095 5.819652671563614e-07
51600.000000000095 4.0099597665485485e-07
51650.000000000095 5.105184481729593e-07
51700.000000000095 5.308809991083073e-07
51750.000000000095 3.959164226866611e-07
51800.000000000095 6.449771527077382e-07
51850.000000000095 5.34510090334131e-07
51900.000000000095 6.560004148267593e-07
51950.000000000095 5.703940749198826e-07
52000.000000000095 3.091870044018642e-07
52050.000000000095 4.413612066818561e-07
52100.000000000095 4.232222887475716e-07
52150.000000000095 3.7425547324151525e-07
52200.000000000095 3.7584010039513034e-07
52250.000000000095 4.18862692140505e-07
52300.000000000095 6.384073406365885e-07
52350.000000000095 5.082652368392069e-07
52400.000000000095 3.9336670278832163e-07
52450.000000000095 5.388330019108335e-07
52500.000000000095 5.021683483355455e-07
52550.000000000095 5.391600222697727e-07
52600.000000000095 4.6744021828890357e-07
52650.000000000095 5.146978003680743e-07
52700.000000000095 4.2784594576214073e-07
52750.000000000095 3.85334376063872e-07
52800.000000000095 3.9708286553168636e-07
52850.000000000095 4.4387596235877504e-07
52900.000000000095 3.977389418085775e-07
52950.000000000095 3.879740825947557e-07
53000.000000000095 5.990721384506598e-07
53050.000000000095 3.352814656029934e-07
53100.000000000095 5.357485473115016e-07
53150.000000000095 6.388351796474429e-07
53200.000000000095 3.519476553529334e-07
53250.000000000095 5.743169562891945e-07
53300.000000000095 6.007310910086575e-07
53350.000000000095 5.728324759750145e-07
53400.000000000095 6.040157492018632e-07
53450.000000000095 3.707882808662381e-07
53500.000000000095 2.764042730497068e-07
53550.000000000095 3.8364695450892724e-07
53600.000000000095 4.698792188935231e-07
53650.000000000095 3.931376549659132e-07
53700.000000000095 3.8022738074626184e-07
53750.000000000095 3.904928050559085e-07
53800.000000000095 3.945580283779799e-07
53850.000000000095 4.881188551898835e-07
53900.000000000095 4.271769679783912e-07
53950.000000000095 5.725241123061717e-07
54000.000000000095 4.2979274313143043e-07
54050.000000000095 4.184516711978506e-07
54100.000000000095 2.75947591653226e-07
54150.000000000095 3.692713435294637e-07
54200.000000000095 2.367831283324291e-07
54250.000000000095 2.6659123124728293e-07
54300.000000000095 3.5137077504466093e-07
54350.000000000095 4.4870896944199166e-07
54400.000000000095 4.664156622606397e-07
54450.000000000095 4.2163784889037074e-07
54500.000000000095 3.678281997575651e-07
54550.000000000095 3.2082200284394953e-07
54600.000000000095 3.95588287071049e-07
54650.000000000095 2.922427679552834e-07
54700.000000000095 4.6196696311213636e-07
54750.000000000095 4.421429938328285e-07
54800.000000000095 3.476316799268851e-07
54850.000000000095 3.7827749678574455e-07
54900.000000000095 4.776679362466512e-07
54950.000000000095 5.713626759802476e-07
55000.000000000095 3.3767242818573177e-07
55050.000000000095 4.208500999824565e-07
55100.000000000095 3.7800102146230213e-07
55150.000000000095 3.501835314717731e-07
55200.000000000095 3.517346909387177e-07
55250.000000000095 3.606550704122128e-07
55300.000000000095 2.9950899588553554e-07
55350.000000000095 3.960938062169011e-07
55400.000000000095 4.897216583032527e-07
55450.000000000095 3.9443561347647345e-07
55500.000000000095 2.5291035441094727e-07
55550.000000000095 3.269115940139382e-07
55600.000000000095 3.15796249895943e-07
55650.000000000095 2.5748383530597095e-07
55700.000000000095 3.316111599684174e-07
55750.000000000095 3.8058497026799467e-07
55800.000000000095 3.153257714537464e-07
55850.000000000095 2.687816734398653e-07
55900.000000000095 4.0957248913775695e-07
55950.000000000095 5.16182364990498e-07
56000.000000000095 2.8454363175976576e-07
56050.000000000095 3.8206097436334924e-07
56100.000000000095 4.0649025504028437e-07
56150.000000000095 3.2108425873643464e-07
56200.000000000095 3.5523808016196066e-07
56250.000000000095 3.43985639006085e-07
56300.000000000095 3.848950623998003e-07
56350.000000000095 4.2231461269432675e-07
56400.000000000095 3.132019339763247e-07
56450.000000000095 2.8791341795801443e-07
56500.000000000095 3.204140636286378e-07
56550.000000000095 2.4209734876006696e-07
56600.000000000095 3.893007292249728e-07
56650.000000000095 3.5519453213331104e-07
56700.000000000095 4.2829543824489407e-07
56750.000000000095 2.6868329964952614e-07
56800.000000000095 4.0729986870623834e-07
56850.000000000095 3.279695733110395e-07
56900.000000000095 3.035088697086775e-07
56950.000000000095 4.178892249683017e-07
57000.000000000095 4.4351762021016654e-07
57050.000000000095 3.4057157789179333e-07
57100.000000000095 2.1199708251870338e-07
57150.000000000095 2.9857992796753177e-07
57200.000000000095 2.3085247537618537e-07
57250.000000000095 3.1999772141276683e-07
57300.000000000095 3.715542167075421e-07
57350.000000000095 2.491019550245998e-07
57400.000000000095 3.6708437116485024e-07
57450.000000000095 3.5813114032099436e-07
57500.000000000095 3.389505530192718e-07
57550.000000000095 3.9699349378841274e-07
57600.000000000095 4.284424691726392e-07
57650.000000000095 2.2118839902676746e-07
57700.000000000095 2.6156354195790125e-07
57750.000000000095 3.098423574931425e-07
57800.000000000095 1.5829905760126073e-07
57850.000000000095 4.369814930893742e-07
57900.000000000095 5.027451710139415e-07
57950.000000000095 4.420425621011866e-07
58000.000000000095 3.026712868789767e-07
58050.000000000095 3.59178856532366e-07
58100.000000000095 4.405621474752195e-07
58150.000000000095 3.6611873420485985e-07
58200.000000000095 2.3369362614743053e-07
58250.000000000095 2.9361858743433945e-07
58300.000000000095 2.3616346240808642e-07
58350.000000000095 2.750511565586216e-07
58400.000000000095 3.30246316291335e-07
58450.000000000095 3.5220192032976943e-07
58500.000000000095 3.227995292096333e-07
58550.000000000095 3.737332298428534e-07
58600.000000000095 2.602595985651095e-07
58650.000000000095 3.148406678543808e-07
58700.000000000095 2.960643793019879e-07
58750.000000000095 3.3615141753419986e-07
58800.000000000095 2.1460109488420547e-07
58850.000000000095 3.026055367980765e-07
58900.000000000095 3.6226132482372763e-07
58950.000000000095 2.5883570375867797e-07
59000.000000000095 3.500019385656375e-07
59050.000000000095 3.633923795775871e-07
59100.000000000095 4.280429619043301e-07
59150.000000000095 3.432433980228316e-07
59200.000000000095 3.462229905370928e-07
59250.000000000095 3.6889436784616366e-07
59300.000000000095 3.543712363795415e-07
59350.000000000095 2.345351380716805e-07
59400.000000000095 1.9461140412092963e-07
59450.000000000095 3.15622953385271e-07
59500.000000000095 2.2201069207572195e-07
59550.000000000095 3.8871572526380027e-07
59600.000000000095 3.8307127679552326e-07
59650.000000000095 3.595126204980564e-07
59700.000000000095 2.5194201020378904e-07
59750.000000000095 4.550000180638359e-07
59800.000000000095 3.296659544485806e-07
59850.000000000095 3.947125102718514e-07
59900.000000000095 2.415228328495704e-07
59950.000000000095 3.462977427318765e-07
60000.000000000095 5.08769474604048e-07
60050.000000000095 4.2236360766692874e-07
60100.000000000095 4.4765172847692527e-07
60150.000000000095 3.4631031950161003e-07
60200.000000000095 3.721573254439088e-07
60250.000000000095 4.1638243316995267e-07
60300.000000000095 3.8836525401299234e-07
60350.000000000095 3.1332618374886356e-07
60400.000000000095 3.875059716217131e-07
60450.000000000095 2.4848311266019354e-07
60500.000000000095 1.7990383161205353e-07
60550.000000000095 3.906175307859669e-07
60600.000000000095 3.732145238715238e-07
60650.000000000095 3.41621757825356e-07
60700.000000000095 3.1696292383062773e-07
60750.000000000095 2.8091969461655523e-07
60800.000000000095 3.9045090334018204e-07
60850.000000000095 5.148295886739172e-07
60900.000000000095 4.489805054647216e-07
60950.000000000095 4.3598356445410837e-07
61000.000000000095 3.547445300788384e-07
61050.000000000095 2.9492762974949455e-07
61100.000000000095 3.857937494330009e-07
61150.000000000095 1.861855929361689e-07
61200.000000000095 4.586106592203503e-07
61250.000000000095 5.250839713401376e-07
61300.000000000095 4.6760675427845956e-07
61350.000000000095 5.329711011916711e-07
61400.000000000095 4.2446314853579065e-07
61450.000000000095 3.286783155769954e-07
61500.000000000095 3.1890556095895276e-07
61550.000000000095 3.112797703748586e-07
61600.000000000095 2.3937262296369134e-07
61650.000000000095 3.4416486678527954e-07
61700.000000000095 2.978616855818791e-07
61750.000000000095 3.5583394148304333e-07
61800.000000000095 3.985108559956246e-07
61850.000000000095 2.9561098267016315e-07
61900.000000000095 4.645743160045746e-07
61950.000000000095 4.4545381316260864e-07
62000.000000000095 4.2308990695010245e-07
62050.000000000095 4.108519142561066e-07
62100.000000000095 4.5624136625753364e-07
62150.000000000095 4.252870881006622e-07
62200.000000000095 3.8109118642613856e-07
62250.000000000095 4.310031057577253e-07
62300.000000000095 5.047411548188432e-07
62350.000000000095 4.412497715485502e-07
62400.000000000095 2.993805386034745e-07
62450.000000000095 3.9005923816041314e-07
62500.000000000095 4.836064542620858e-07
62550.000000000095 4.4318902091981873e-07
62600.000000000095 4.923300038990422e-07
62650.000000000095 4.17121874560741e-07
62700.000000000095 4.431622295706594e-07
62750.000000000095 5.243248123342142e-07
62800.000000000095 3.791557167230706e-07
62850.000000000095 4.7603802505595293e-07
62900.000000000095 4.034000066679891e-07
62950.000000000095 4.835402139771787e-07
63000.000000000095 4.5124853912177725e-07
63050.000000000095 5.437130699443745e-07
63100.000000000095 5.061594482467101e-07
63150.000000000095 3.7481300102053604e-07
63200.000000000095 4.819058123371298e-07
63250.000000000095 4.528502524316529e-07
63300.000000000095 5.168180752625698e-07
63350.000000000095 4.516894173143634e-07
63400.000000000095 3.233604312777501e-07
63450.000000000095 2.8860876434613547e-07
63500.000000000095 4.4944200502436035e-07
63550.000000000095 4.087987835792906e-07
63600.000000000095 4.963238340880313e-07
63650.000000000095 3.8650661612403674e-07
63700.000000000095 3.101475295073749e-07
63750.000000000095 3.811775264432664e-07
63800.000000000095 3.78619374853149e-07
63850.000000000095 3.878995416264311e-07
63900.000000000095 3.201810571904168e-07
63950.000000000095 4.1889539749640647e-07
64000.000000000095 4.506341009983907e-07
64050.000000000095 3.645184915385606e-07
64100.000000000095 1.7886874033877135e-07
64150.000000000095 2.3071110726327933e-07
64200.000000000095 2.6361493665350617e-07
64250.000000000095 3.5895085377779864e-07
64300.000000000095 2.97664224434131e-07
64350.000000000095 2.7034410468845783e-07
64400.000000000095 3.6656015416594e-07
64450.000000000095 3.695893973380942e-07
64500.000000000095 2.5522027077458056e-07
64550.000000000095 3.489304489698382e-07
64600.000000000095 2.4871381565176806e-07
64650.000000000095 3.4210665328334366e-07
64700.000000000095 2.1344594129166554e-07
64750.000000000095 2.407205998472921e-07
64800.000000000095 2.4625011252590895e-07
64850.000000000095 2.3638811294627066e-07
64900.000000000095 2.7284009407613563e-07
64950.000000000095 2.507363367578314e-07
65000.000000000095 2.832842158241184e-07
65050.000000000095 2.719231841135522e-07
65100.000000000095 3.204961535857463e-07
65150.000000000095 2.656503086896842e-07
65200.000000000095 2.3673425358728e-07
65250.000000000095 3.0794274317858984e-07
65300.000000000095 2.7152472418818724e-07
65350.000000000095 4.226181717513969e-07
65400.000000000095 2.6618933745426934e-07
65450.000000000095 2.732260594398372e-07
65500.000000000095 2.9935875568514085e-07
65550.00000000009 2.3482184290085045e-07
65600.00000000009 2.556972354830694e-07
65650.00000000009 2.82683171167874e-07
65700.00000000009 2.4831434746034845e-07
65750.00000000009 2.3267473083088057e-07
65800.00000000009 2.934761349327971e-07
65850.00000000009 3.2259625626457526e-07
65900.00000000009 2.307308071054743e-07
65950.00000000009 1.8249548705622243e-07
66000.00000000009 2.5458558516997154e-07
66050.00000000009 3.855751990205082e-07
66100.00000000009 2.7280037228827086e-07
66150.00000000009 2.1788475465165302e-07
66200.00000000009 2.182581680110574e-07
66250.00000000009 2.1058378378951246e-07
66300.00000000009 1.3448187744703413e-07
66350.00000000009 1.8650476639300276e-07
66400.00000000009 2.162011003127142e-07
66450.00000000009 3.0522196678726515e-07
66500.00000000009 3.9066249017924277e-07
66550.00000000009 3.5874257380154004e-07
66600.00000000009 2.88862573594403e-07
66650.00000000009 2.9376608110803983e-07
66700.00000000009 2.6385390333023876e-07
66750.00000000009 2.488995323605582e-07
66800.00000000009 2.9993523923923594e-07
66850.00000000009 2.3688659173959854e-07
66900.00000000009 2.997768300508895e-07
66950.00000000009 3.801165389351083e-07
67000.00000000009 3.7780960115326484e-07
67050.00000000009 2.799976740437701e-07
67100.00000000009 2.6068131748412283e-07
67150.00000000009 2.591941741567605e-07
67200.00000000009 2.694558041407887e-07
67250.00000000009 2.814559428804026e-07
67300.00000000009 2.8831331483296116e-07
67350.00000000009 2.4216151659110754e-07
67400.00000000009 3.5831226641755e-07
67450.00000000009 2.9678318128314145e-07
67500.00000000009 2.745283828404069e-07
67550.00000000009 3.0324551191213557e-07
67600.00000000009 4.43365185289562e-07
67650.00000000009 3.413990099918951e-07
67700.00000000009 2.992368813181826e-07
67750.00000000009 2.7964281753893565e-07
67800.00000000009 3.325748699771523e-07
67850.00000000009 2.428109180495845e-07
67900.00000000009 2.9112332904381906e-07
67950.00000000009 2.14285951439561e-07
68000.00000000009 2.607457816632077e-07
