galfind/configs/Brown_Dwarf_templates/sonora_cholla/logkzz4/1780g/500K_1780g_logkzz4_resample.dat
# %ECSV 1.0
# ---
# datatype:
# - {name: wav, unit: Angstrom, datatype: float64}
# - {name: flux_nu, unit: erg / (cm2 Hz s), datatype: float64}
# schema: astropy-2.0
wav flux_nu
[from data line 814]
43700.04800076804 4.425332729656542e-07
43750.04800076804 4.3391323398251155e-07
43800.04800076804 3.884260517722282e-07
43850.04800076804 4.07136695238527e-07
43900.04800076804 3.776298906070089e-07
43950.04800076804 3.810242918901649e-07
44000.04800076804 3.3115940886419397e-07
44050.04800076804 4.068897447314193e-07
44100.04800076804 4.2743384078110717e-07
44150.04800076804 4.202199610305782e-07
44200.04800076804 3.816556180338587e-07
44250.04800076804 3.5643966687897624e-07
44300.04800076804 3.5532437495682284e-07
44350.04800076804 3.425268859675402e-07
44400.04800076804 3.547030013099999e-07
44450.04800076804 3.8036945107142815e-07
44500.04800076804 3.5561045967274196e-07
44550.04800076804 3.869897683523124e-07
44600.04800076804 3.4682154679080407e-07
44650.04800076804 3.7559322369827573e-07
44700.04800076804 3.600487012807607e-07
44750.04800076804 3.782639008669803e-07
44800.04800076804 3.6280734296069407e-07
44850.04800076804 3.757374552637832e-07
44900.04800076804 3.3614545292471044e-07
44950.04800076804 3.501019806587885e-07
45000.04800076804 3.6323358468666884e-07
45050.04800076804 3.647006074780235e-07
45100.04800076804 3.501118959817598e-07
45150.04800076804 3.550926965785093e-07
45200.04800076804 3.171509804749594e-07
45250.04800076804 3.3625136192783346e-07
45300.04800076804 3.410258803614369e-07
45350.04800076804 3.4156253641870113e-07
45400.04800076804 3.3510180214522925e-07
45450.04800076804 3.3660301158301807e-07
45500.04800076804 3.335041524504265e-07
45550.04800076804 3.5420559162543085e-07
45600.04800076804 3.4428125266998167e-07
45650.04800076804 3.4007498362684093e-07
45700.04800076804 3.393835862843107e-07
45750.04800076804 3.3909261379733493e-07
45800.04800076804 3.3544821422647224e-07
45850.04800076804 3.7933507031637746e-07
45900.04800076804 3.749659747066014e-07
45950.04800076804 3.3406909493824407e-07
46000.04800076804 3.685478491317392e-07
46050.04800076804 3.602518405307731e-07
46100.04800076804 3.467147226926188e-07
46150.04800076804 3.443577192736659e-07
46200.04800076804 3.391220340918691e-07
46250.04800076804 3.0783103152688605e-07
46300.04800076804 3.7777470844704144e-07
46350.04800076804 3.0450629485301853e-07
46400.04800076804 3.6392294927399927e-07
46450.04800076804 3.751907078276468e-07
46500.04800076804 3.486877831728766e-07
46550.04800076804 3.4017685282189913e-07
46600.04800076804 3.452673467593164e-07
46650.04800076804 4.2121550609186365e-07
46700.04800076804 3.596172621493372e-07
46750.04800076804 3.3848046234471777e-07
46800.04800076804 3.230078582024461e-07
46850.04800076804 3.8225840059149883e-07
46900.04800076804 3.6774867589380807e-07
46950.04800076804 3.888860369672029e-07
47000.04800076804 3.3997260887448023e-07
47050.04800076804 3.9042340802523486e-07
47100.04800076804 3.233278605202739e-07
47150.04800076804 3.6299308124092354e-07
47200.04800076804 3.823268472768885e-07
47250.04800076804 3.3775938257597733e-07
47300.04800076804 3.3204373882895897e-07
47350.04800076804 3.526781739320367e-07
47400.04800076804 4.0235042996995476e-07
47450.04800076804 3.572147885248665e-07
47500.04800076804 4.0780004501863074e-07
47550.04800076804 3.5842724433296714e-07
47600.04800076804 3.895465121899723e-07
47650.04800076804 3.4873333796926436e-07
47700.04800076804 3.7393050600503095e-07
47750.04800076804 3.1700952111033537e-07
47800.04800076804 3.450526958043649e-07
47850.04800076804 2.7919297924740933e-07
47900.04800076804 3.4926204215790435e-07
47950.04800076804 3.4151623947597007e-07
48000.04800076804 4.0863030932840535e-07
48050.04800076804 3.6111144762865265e-07
48100.04800076804 3.5296625707648463e-07
48150.04800076804 3.285146250803273e-07
48200.04800076804 3.6287095774628356e-07
48250.04800076804 3.4765932962091457e-07
48300.04800076804 4.162332762901699e-07
48350.04800076804 3.274286458342934e-07
48400.04800076804 3.3264169968064144e-07
48450.04800076804 3.217877868834153e-07
48500.04800076804 3.986476093296626e-07
48550.04800076804 3.20247215181117e-07
48600.04800076804 3.768646832802503e-07
48650.04800076804 3.2588982463011227e-07
48700.04800076804 3.936424516155169e-07
48750.04800076804 3.348990161029435e-07
48800.04800076804 3.784677130087079e-07
48850.04800076804 3.3999937117109877e-07
48900.04800076804 3.98129745575709e-07
48950.04800076804 3.6180811483189866e-07
49000.04800076804 3.301692008906014e-07
49050.04800076804 3.799522446154075e-07
49100.04800076804 3.4594495864278675e-07
49150.04800076804 3.864806131829307e-07
49200.04800076804 3.713420380087445e-07
49250.04800076804 3.810466004400566e-07
49300.04800076804 3.6688627013875066e-07
49350.04800076804 3.381253905833449e-07
49400.04800076804 3.4964733553821276e-07
49450.04800076804 3.7477867162405906e-07
49500.04800076804 3.4246317189046173e-07
49550.04800076804 2.8837199119306015e-07
49600.04800076804 3.39182638330948e-07
49650.04800076804 3.4336982518293845e-07
49700.04800076804 3.415651945250204e-07
49750.04800076804 3.5533528365173457e-07
49800.04800076804 3.4428663827296103e-07
49850.04800076804 3.90720739360686e-07
49900.04800076804 3.731000545096648e-07
49950.04800076804 3.6213047133329845e-07
50000.04800076804 3.783971973596759e-07
50050.04800076804 3.8489490970426144e-07
50100.04800076804 3.723765468183119e-07
50150.04800076804 3.337973395654128e-07
50200.04800076804 2.861931630312735e-07
50250.04800076804 3.760398410314081e-07
50300.04800076804 3.3962051584628865e-07
50350.04800076804 3.705433467555269e-07
50400.04800076804 3.7154551147569723e-07
50450.04800076804 3.461754083189421e-07
50500.04800076804 3.699279160546912e-07
50550.04800076804 3.6101097876392475e-07
50600.04800076804 3.413635388023978e-07
50650.04800076804 3.707226390614224e-07
50700.04800076804 4.062153732483974e-07
50750.04800076804 3.7949856631188443e-07
50800.04800076804 3.2604226678313965e-07
50850.04800076804 3.266473441464745e-07
50900.04800076804 3.781355998578544e-07
50950.04800076804 3.77167183047855e-07
51000.04800076804 3.6401231291925517e-07
51050.04800076804 3.6484028064369585e-07
51100.04800076804 3.1436223317321767e-07
51150.04800076804 3.3956289490417217e-07
51200.04800076804 3.986721981633844e-07
51250.04800076804 3.4994117485626015e-07
51300.04800076804 3.394499257050143e-07
51350.04800076804 3.519917510918575e-07
51400.04800076804 3.223373043221786e-07
51450.04800076804 3.086649201836132e-07
51500.04800076804 2.9904268986853114e-07
51550.04800076804 3.610712701675044e-07
51600.04800076804 3.221597861497877e-07
51650.04800076804 3.521219010339415e-07
51700.04800076804 3.490008633965656e-07
51750.04800076804 2.96952408554376e-07
51800.04800076804 3.757060919894065e-07
51850.04800076804 3.486937580197914e-07
51900.04800076804 3.9093802402675265e-07
51950.04800076804 3.4715698663390174e-07
52000.04800076804 2.7651914592685766e-07
52050.04800076804 3.3390634347861096e-07
52100.04800076804 3.277548100718729e-07
52150.04800076804 3.040017237810067e-07
52200.04800076804 2.9414072413312927e-07
52250.04800076804 3.0864608573948146e-07
52300.04800076804 3.8044989987470085e-07
52350.04800076804 3.4730344451918386e-07
52400.04800076804 2.938576477575637e-07
52450.04800076804 3.6405901033541176e-07
52500.04800076804 3.201425974379538e-07
52550.04800076804 3.5087392521402735e-07
52600.04800076804 3.2897894386973084e-07
52650.04800076804 3.3047070057272717e-07
52700.04800076804 3.146329987280793e-07
52750.04800076804 3.073820747207445e-07
52800.04800076804 3.110308952811331e-07
52850.04800076804 3.264582790522303e-07
52900.04800076804 3.062709327449662e-07
52950.04800076804 2.972421724977078e-07
53000.04800076804 3.523555540978075e-07
53050.04800076804 2.7321109547820865e-07
53100.04800076804 3.4097066132786886e-07
53150.04800076804 3.71904962527963e-07
53200.04800076804 3.0350229103128705e-07
53250.04800076804 3.64315842867361e-07
53300.04800076804 3.674053153334869e-07
53350.04800076804 3.574014084037274e-07
53400.04800076804 3.5714977195394027e-07
53450.04800076804 3.012460848614328e-07
53500.04800076804 2.679068673089648e-07
53550.04800076804 2.914033453572686e-07
53600.04800076804 3.2802134808506325e-07
53650.04800076804 3.1970642589381844e-07
53700.04800076804 3.056531035831068e-07
53750.04800076804 3.071491994651025e-07
53800.04800076804 3.0744239069710387e-07
53850.04800076804 3.036932174831934e-07
53900.04800076804 3.2060233859240813e-07
53950.04800076804 3.591667133340893e-07
54000.04800076804 3.181079724047897e-07
54050.04800076804 3.1354944888131947e-07
54100.04800076804 2.713287039037632e-07
54150.04800076804 3.0421835307871627e-07
54200.04800076804 2.4910464871944125e-07
54250.04800076804 2.4817791936576827e-07
54300.04800076804 3.005673959230306e-07
54350.04800076804 3.243198306083114e-07
54400.04800076804 3.256910498148011e-07
54450.04800076804 3.1060599070583913e-07
54500.04800076804 2.862533125437031e-07
54550.04800076804 2.7859082004539326e-07
54600.04800076804 3.1800881167692343e-07
54650.04800076804 2.6590766367219886e-07
54700.04800076804 3.194735553921212e-07
54750.04800076804 3.261015592465248e-07
54800.04800076804 2.9628109591825254e-07
54850.04800076804 2.8751947462114474e-07
54900.04800076804 3.299146186562173e-07
54950.04800076804 3.562149934810492e-07
55000.04800076804 2.7621047093616053e-07
55050.04800076804 3.11812524333441e-07
55100.04800076804 2.9934794062504725e-07
55150.04800076804 2.745994782547992e-07
55200.04800076804 2.8712777319298425e-07
55250.04800076804 3.0858382104382677e-07
55300.04800076804 2.6980731258815077e-07
55350.04800076804 2.9769033022743035e-07
55400.04800076804 3.409383590507592e-07
55450.04800076804 3.018854824649408e-07
55500.04800076804 2.6788229771163813e-07
55550.04800076804 2.862260871912621e-07
55600.04800076804 2.5074651235216405e-07
55650.04800076804 2.460481305105444e-07
55700.04800076804 2.9541538208223214e-07
55750.04800076804 2.965910935232895e-07
55800.04800076804 2.7811572760849366e-07
55850.04800076804 2.650573112647393e-07
55900.04800076804 3.159927324235338e-07
55950.04800076804 3.3526985365636007e-07
56000.04800076804 2.4505911521530616e-07
56050.04800076804 3.1336850800797497e-07
56100.04800076804 2.983146233831363e-07
56150.04800076804 2.860987880591732e-07
56200.04800076804 2.9937194811291684e-07
56250.04800076804 2.8562110389366255e-07
56300.04800076804 3.064192392048522e-07
56350.04800076804 2.90446932468101e-07
56400.04800076804 2.8664621102456153e-07
56450.04800076804 2.752308149482252e-07
56500.04800076804 2.740678004129368e-07
56550.04800076804 2.6044945097253273e-07
56600.04800076804 3.1134164001850084e-07
56650.04800076804 3.00906672522742e-07
56700.04800076804 3.093772887564479e-07
56750.04800076804 2.589509666564702e-07
56800.04800076804 2.937183836320494e-07
56850.04800076804 2.9628646391297435e-07
56900.04800076804 2.81606477728181e-07
56950.04800076804 3.140092721060141e-07
57000.04800076804 3.1651901733388595e-07
57050.04800076804 2.806141095325116e-07
57100.04800076804 2.4488928745537383e-07
57150.04800076804 2.8147531964351006e-07
57200.04800076804 2.417867512299529e-07
57250.04800076804 2.9163133519484394e-07
57300.04800076804 3.070155833396174e-07
57350.04800076804 2.637139395080494e-07
57400.04800076804 2.949482777919767e-07
57450.04800076804 3.025420879975342e-07
57500.04800076804 2.803211723188856e-07
57550.04800076804 2.8833737128087675e-07
57600.04800076804 3.1199600629636365e-07
57650.04800076804 2.447044223699197e-07
57700.04800076804 2.63223730691729e-07
57750.04800076804 2.781710569790657e-07
57800.04800076804 1.978824528203071e-07
57850.04800076804 3.275674137104959e-07
57900.04800076804 3.437594151103838e-07
57950.04800076804 3.256179288542606e-07
58000.04800076804 2.629521089348962e-07
58050.04800076804 2.98977556052598e-07
58100.04800076804 3.0993832288022164e-07
58150.04800076804 2.8378590997275573e-07
58200.04800076804 2.5671134752782905e-07
58250.04800076804 2.6860889411448003e-07
58300.04800076804 2.498851692347017e-07
58350.04800076804 2.6486905101875544e-07
58400.04800076804 2.8872541417782144e-07
58450.04800076804 2.995851276511849e-07
58500.04800076804 2.8805012386200225e-07
58550.04800076804 2.8898146335298647e-07
58600.04800076804 2.450416127565249e-07
58650.04800076804 2.818870661833058e-07
58700.04800076804 2.8307308199678547e-07
58750.04800076804 2.970825050570702e-07
58800.04800076804 2.487324566005231e-07
58850.04800076804 2.9280166714663425e-07
58900.04800076804 3.141287032270848e-07
58950.04800076804 2.66562155634506e-07
59000.04800076804 3.0281936130512617e-07
59050.04800076804 2.835099189744953e-07
59100.04800076804 3.096715897883003e-07
59150.04800076804 2.9038584150991055e-07
59200.04800076804 2.9632161549384295e-07
59250.04800076804 3.062986299297508e-07
59300.04800076804 2.9860536078745927e-07
59350.04800076804 2.595755795898563e-07
59400.04800076804 2.3183008354091293e-07
59450.04800076804 2.8087747015512243e-07
59500.04800076804 2.501641956281596e-07
59550.04800076804 3.064421026352464e-07
59600.04800076804 2.945292604711131e-07
59650.04800076804 2.9107984803907454e-07
59700.04800076804 2.1967688329999656e-07
59750.04800076804 3.2593365880052776e-07
59800.04800076804 2.7900095989396104e-07
59850.04800076804 3.112466167750562e-07
59900.04800076804 2.2025330483637854e-07
59950.04800076804 2.7357641725413383e-07
60000.04800076804 3.3198168612845007e-07
60050.04800076804 3.1523796817575044e-07
60100.04800076804 3.172845082374177e-07
60150.04800076804 2.878531287890346e-07
60200.04800076804 2.9084818122460604e-07
60250.04800076804 3.086122063874135e-07
60300.04800076804 3.090168693843969e-07
60350.04800076804 2.832451148700745e-07
60400.04800076804 3.1593344930889636e-07
60450.04800076804 2.6424716818092343e-07
60500.04800076804 1.8663064754515503e-07
60550.04800076804 3.1738489277893474e-07
60600.04800076804 3.1008134365948983e-07
60650.04800076804 2.9217261078866475e-07
60700.04800076804 2.9256237183991707e-07
60750.04800076804 2.5192543931885113e-07
60800.04800076804 3.0945054975758276e-07
60850.04800076804 3.2888876087334886e-07
60900.04800076804 3.226152250562517e-07
60950.04800076804 3.027853790927515e-07
61000.04800076804 2.870504010515533e-07
61050.04800076804 2.642840583931428e-07
61100.04800076804 2.87555338371998e-07
61150.04800076804 1.8192947519907775e-07
61200.04800076804 3.153864522335942e-07
61250.04800076804 2.797960835013512e-07
61300.04800076804 2.6890412100502703e-07
61350.04800076804 3.057966953124616e-07
61400.04800076804 2.6741950799863803e-07
61450.04800076804 2.390573069752094e-07
61500.04800076804 2.53593196671735e-07
61550.04800076804 2.3538697556997522e-07
61600.04800076804 2.1783712144762497e-07
61650.04800076804 2.7235342537938633e-07
61700.04800076804 2.5390501027945844e-07
61750.04800076804 2.6807888118455447e-07
61800.04800076804 2.7074261601183905e-07
61850.04800076804 2.641882000311654e-07
61900.04800076804 3.081456179936329e-07
61950.04800076804 3.0671668004252784e-07
62000.04800076804 2.8803791828104764e-07
62050.04800076804 2.9590809907485346e-07
62100.04800076804 2.7632450795295835e-07
62150.04800076804 3.036322766625854e-07
62200.04800076804 2.975617955958673e-07
62250.04800076804 2.8275926476163514e-07
62300.04800076804 3.240095456074638e-07
62350.04800076804 2.9628048648938903e-07
62400.04800076804 2.686468102423881e-07
62450.04800076804 2.729772053460361e-07
62500.04800076804 2.9090811458748775e-07
62550.04800076804 2.855461364135909e-07
62600.04800076804 3.0759320364672113e-07
62650.04800076804 2.8332454236043527e-07
62700.04800076804 3.058325238070865e-07
62750.04800076804 3.0498994426636173e-07
62800.04800076804 2.6728771510394744e-07
62850.04800076804 2.946223835914759e-07
62900.04800076804 3.032231827616583e-07
62950.04800076804 3.050507135209485e-07
63000.04800076804 2.875895628360471e-07
63050.04800076804 3.3149453339973247e-07
63100.04800076804 3.119469360967408e-07
63150.04800076804 2.9646225564419325e-07
63200.04800076804 3.072571205400061e-07
63250.04800076804 2.8849549412719844e-07
63300.04800076804 3.2162868588516626e-07
63350.04800076804 3.159987355205336e-07
63400.04800076804 2.7527583912820284e-07
