galfind/configs/Brown_Dwarf_templates/sonora_cholla/logkzz4/1780g/550K_1780g_logkzz4_resample.dat
# %ECSV 1.0
# ---
# datatype:
# - {name: wav, unit: Angstrom, datatype: float64}
# - {name: flux_nu, unit: erg / (cm2 Hz s), datatype: float64}
# schema: astropy-2.0
wav flux_nu
[from data line 418]
23900.04800076804 2.998755693602601e-11
23950.04800076804 1.3592244646887854e-11
24000.04800076804 3.4986211995146496e-11
24050.04800076804 3.481639039289452e-11
24100.04800076804 4.2713937860545064e-11
24150.04800076804 6.2871392112273e-11
24200.04800076804 5.2570487357342615e-11
24250.04800076804 3.6410850866734715e-11
24300.04800076804 8.594728054922409e-11
24350.04800076804 5.3725485478118934e-11
24400.04800076804 1.2839143738842836e-10
24450.04800076804 1.2138601140747756e-10
24500.04800076804 1.028616854316593e-10
24550.04800076804 1.8976920672927515e-10
24600.04800076804 2.1802671419913184e-10
24650.04800076804 2.633177840017644e-10
24700.04800076804 1.9483748936784222e-10
24750.04800076804 2.468079327594183e-10
24800.04800076804 2.0720538629476298e-10
24850.04800076804 2.935145921246248e-10
24900.04800076804 1.1335897852636854e-10
24950.04800076804 2.2215132879618574e-10
25000.04800076804 2.4177220467297997e-10
25050.04800076804 1.1101207334163396e-10
25100.04800076804 1.992692858000646e-10
25150.04800076804 8.207175440294633e-11
25200.04800076804 1.2604407658184374e-10
25250.04800076804 4.0026506350216816e-11
25300.04800076804 5.4345246236264226e-11
25350.04800076804 2.0948000447325657e-11
25400.04800076804 6.312536015916425e-11
25450.04800076804 1.7347042164600798e-11
25500.04800076804 1.3953430560812075e-11
25550.04800076804 4.1356396993348726e-11
25600.04800076804 1.9299196974664953e-11
25650.04800076804 7.023657491677545e-12
25700.04800076804 6.954381800714056e-12
25750.04800076804 2.2064692389222962e-12
25800.04800076804 1.2668826002336993e-11
25850.04800076804 1.935152087077858e-12
25900.04800076804 3.301996846949314e-12
25950.04800076804 6.78184236247575e-13
26000.04800076804 9.903406772311492e-12
26050.04800076804 9.655021628742672e-13
26100.04800076804 6.476493575258467e-12
26150.04800076804 2.2182582188354983e-12
26200.04800076804 3.1728491630063085e-12
26250.04800076804 2.5342663458652643e-11
26300.04800076804 3.528866292190073e-12
26350.04800076804 5.855374318007046e-11
26400.04800076804 1.0065720583142124e-10
26450.04800076804 4.124054219288906e-11
26500.04800076804 1.2261587861988483e-10
26550.04800076804 1.0032984984933344e-11
26600.04800076804 8.799752818652785e-12
26650.04800076804 1.329673138084382e-12
26700.04800076804 7.762374096852729e-13
26750.04800076804 1.4877276381206262e-12
26800.04800076804 5.001754921980636e-12
26850.04800076804 3.053514259120515e-12
26900.04800076804 1.5157525626666913e-11
26950.04800076804 4.318105689880592e-12
27000.04800076804 2.5956672024259994e-11
27050.04800076804 3.9466142286090324e-11
27100.04800076804 2.9831585095477867e-12
27150.04800076804 4.226400180382292e-11
27200.04800076804 2.7057783039284573e-12
27250.04800076804 1.0305245996761867e-11
27300.04800076804 1.219344104881504e-10
27350.04800076804 2.935335621491871e-11
27400.04800076804 1.4898021841226242e-12
27450.04800076804 4.057114245601693e-11
27500.04800076804 6.135657347604991e-11
27550.04800076804 6.907965963725339e-12
27600.04800076804 2.394415967589167e-11
27650.04800076804 5.599595567313362e-12
27700.04800076804 5.98506252213734e-12
27750.04800076804 3.9080077957544395e-11
27800.04800076804 1.318217699285151e-11
27850.04800076804 2.1543836221877995e-11
27900.04800076804 3.4225107575784767e-11
27950.04800076804 7.596914889423253e-11
28000.04800076804 6.43388712773391e-11
28050.04800076804 7.748751559860738e-12
28100.04800076804 1.0349002754397396e-10
28150.04800076804 6.56056291124589e-11
28200.04800076804 1.564581967378212e-11
28250.04800076804 1.4821504705823307e-10
28300.04800076804 1.7440531003459444e-10
28350.04800076804 1.859204757023388e-11
28400.04800076804 9.849926373143242e-11
28450.04800076804 2.329986260865443e-10
28500.04800076804 8.865941994284644e-11
28550.04800076804 2.4479501219229712e-11
28600.04800076804 1.7525024090742905e-10
28650.04800076804 1.1819371903080448e-10
28700.04800076804 1.4739348216051507e-10
28750.04800076804 4.179982074625052e-10
28800.04800076804 1.8381417711185574e-10
28850.04800076804 3.343025488267753e-10
28900.04800076804 1.6904209951558684e-10
28950.04800076804 3.1448880381557737e-10
29000.04800076804 2.1225354342503192e-10
29050.04800076804 3.066500071663798e-10
29100.04800076804 1.6030990623940494e-10
29150.04800076804 3.374348534066814e-10
29200.04800076804 4.587165708795896e-10
29250.04800076804 5.075139598963812e-10
29300.04800076804 3.196493250703615e-10
29350.04800076804 1.195035530661165e-09
29400.04800076804 3.055926748112608e-10
29450.04800076804 2.058925201941533e-10
29500.04800076804 1.0222157095800651e-09
29550.04800076804 3.5971675496420484e-10
29600.04800076804 5.591204809598818e-10
29650.04800076804 1.4181662708148569e-09
29700.04800076804 2.363100403914047e-10
29750.04800076804 7.135753744812973e-10
29800.04800076804 5.500639763270864e-10
29850.04800076804 1.515526769325737e-09
29900.04800076804 9.087762816061977e-10
29950.04800076804 6.157962365067624e-10
30000.04800076804 2.7289365260347894e-11
30050.04800076804 1.4896747856247616e-10
30100.04800076804 5.184539193949031e-10
30150.04800076804 1.2923301357593937e-09
30200.04800076804 6.73349895405162e-10
30250.04800076804 1.953243760141185e-09
30300.04800076804 1.892631344850446e-09
30350.04800076804 4.93559217117942e-10
30400.04800076804 2.0685839886484217e-09
30450.04800076804 1.4463918684719566e-09
30500.04800076804 9.77733237553956e-10
30550.04800076804 6.980358362698602e-10
30600.04800076804 4.7708728947199616e-09
30650.04800076804 2.2435401348298913e-09
30700.04800076804 1.1963235099055852e-09
30750.04800076804 2.34626521428687e-09
30800.04800076804 1.8417671024889966e-09
30850.04800076804 2.1596432959161882e-09
30900.04800076804 1.3844377394782508e-09
30950.04800076804 7.691830756388833e-10
31000.04800076804 1.2770379012196022e-09
31050.04800076804 1.0161778703272683e-09
31100.04800076804 4.929044722585784e-10
31150.04800076804 9.178918218701909e-10
31200.04800076804 2.5187598595961815e-09
31250.04800076804 8.109691414072043e-10
31300.04800076804 6.206169471333215e-10
31350.04800076804 1.4216885491555138e-09
31400.04800076804 7.448657203935585e-10
31450.04800076804 9.297235946906137e-10
31500.04800076804 3.4664597994931204e-10
31550.04800076804 5.464631325764461e-10
31600.04800076804 4.238530985112442e-10
31650.04800076804 2.9466095808401306e-10
31700.04800076804 3.210915001338152e-10
31750.04800076804 1.0954089416950274e-10
31800.04800076804 2.680047168505277e-10
31850.04800076804 5.32610835057331e-11
31900.04800076804 1.452091068485496e-10
31950.04800076804 7.127176865652732e-11
32000.04800076804 6.120930153892495e-11
32050.04800076804 6.521533127306377e-11
32100.04800076804 4.9181154949786026e-11
32150.04800076804 6.107798749717956e-11
32200.04800076804 3.101036515861231e-11
32250.04800076804 6.956754126530414e-11
32300.04800076804 2.170441756489389e-11
32350.04800076804 7.782196775497452e-11
32400.04800076804 1.521044633339516e-11
32450.04800076804 5.460024807500756e-11
32500.04800076804 1.6508550819565196e-11
32550.04800076804 5.823199267212667e-11
32600.04800076804 1.7269157967726816e-11
32650.04800076804 1.0112265446886661e-10
32700.04800076804 2.6236106516160776e-11
32750.04800076804 2.1100502764467364e-10
32800.04800076804 1.165130403089383e-10
32850.04800076804 4.024525579911691e-10
32900.04800076804 3.380633001048726e-10
32950.04800076804 3.7723102062685147e-10
33000.04800076804 1.1962819640824212e-10
33050.04800076804 1.3138359808344902e-10
33100.04800076804 3.218820669611427e-11
33150.04800076804 2.1696972583423648e-14
33200.04800076804 1.7248755575046673e-12
33250.04800076804 3.2598425440591846e-12
33300.04800076804 3.17702583784784e-11
33350.04800076804 7.69862091933004e-11
33400.04800076804 2.1762385440073135e-10
33450.04800076804 8.184812093192116e-11
33500.04800076804 3.448057353602807e-10
33550.04800076804 8.01134116987575e-11
33600.04800076804 1.512583981038666e-10
33650.04800076804 1.772646070880526e-10
33700.04800076804 5.717432487907966e-11
33750.04800076804 2.1891793483727174e-10
33800.04800076804 2.5470470327805224e-11
33850.04800076804 1.0910968395595249e-10
33900.04800076804 1.1103814838329196e-10
33950.04800076804 1.0362616890480605e-10
34000.04800076804 2.385339616587516e-10
34050.04800076804 3.830908900716546e-11
34100.04800076804 1.943477689736322e-10
34150.04800076804 6.786116788921432e-11
34200.04800076804 2.1806935794691641e-10
34250.04800076804 1.2675245177212986e-10
34300.04800076804 1.191104644377429e-10
34350.04800076804 3.999431168400548e-10
34400.04800076804 8.039385515895818e-11
34450.04800076804 3.432532179925225e-10
34500.04800076804 1.6215382330061532e-10
34550.04800076804 1.8690049883576916e-10
34600.04800076804 7.964702384245666e-10
34650.04800076804 8.204897824142094e-11
34700.04800076804 5.125216178203395e-10
34750.04800076804 2.745015992838323e-10
34800.04800076804 2.045176282349939e-10
34850.04800076804 8.266317743872161e-10
34900.04800076804 1.5246173660957532e-10
34950.04800076804 7.584612373067571e-10
35000.04800076804 1.0520851847908006e-09
35050.04800076804 6.145189241568107e-10
35100.04800076804 1.6876132722663663e-09
35150.04800076804 1.3466086996951907e-09
35200.04800076804 1.0951927687784215e-09
35250.04800076804 1.869745827226268e-09
35300.04800076804 4.989907773002739e-10
35350.04800076804 7.929723271372009e-10
35400.04800076804 5.442663910523605e-10
35450.04800076804 4.5093155478182994e-10
35500.04800076804 1.944720215235113e-09
35550.04800076804 1.0787395702594612e-09
35600.04800076804 1.6488659909411343e-09
35650.04800076804 1.8156906457534354e-09
35700.04800076804 1.720346361649564e-09
35750.04800076804 3.0987694643041703e-09
35800.04800076804 1.4092419220226984e-09
35850.04800076804 7.458570382864717e-10
35900.04800076804 1.4083819074598808e-09
35950.04800076804 2.1390466066192748e-09
36000.04800076804 1.7790892239854502e-09
36050.04800076804 1.594843643903998e-09
36100.04800076804 1.4536330260801389e-09
36150.04800076804 4.253108954507229e-09
36200.04800076804 4.0276956258419176e-09
36250.04800076804 2.4942267002425225e-09
36300.04800076804 5.793331133643334e-09
36350.04800076804 3.7074446803639247e-09
36400.04800076804 6.1780646702507585e-09
36450.04800076804 3.815700148550449e-09
36500.04800076804 4.1617485647760815e-09
36550.04800076804 9.132554817285784e-09
36600.04800076804 1.055046169860774e-08
36650.04800076804 5.689554364660909e-09
36700.04800076804 6.167200464889207e-09
36750.04800076804 1.0090795328545872e-08
36800.04800076804 1.0678257897257346e-08
36850.04800076804 5.161111871028745e-09
36900.04800076804 6.849637862572156e-09
36950.04800076804 1.1325028308734234e-08
37000.04800076804 7.624907825685855e-09
37050.04800076804 1.1527146796245292e-08
37100.04800076804 4.948820193682303e-09
37150.04800076804 8.45077230305569e-09
37200.04800076804 1.5432131859657935e-08
37250.04800076804 7.512167888393791e-09
37300.04800076804 5.32694743400618e-09
37350.04800076804 1.0333491381861527e-08
37400.04800076804 1.6893217991838753e-08
37450.04800076804 6.439336576912314e-09
37500.04800076804 7.91734220654665e-09
37550.04800076804 2.0616852716429785e-08
37600.04800076804 2.9134608705360794e-08
37650.04800076804 8.333974779513935e-09
37700.04800076804 1.522600408753111e-08
37750.04800076804 1.076786768964355e-08
37800.04800076804 1.2389733757946052e-08
37850.04800076804 6.733510856624427e-09
37900.04800076804 8.386933878627122e-09
37950.04800076804 1.3081490898842497e-08
38000.04800076804 1.3140536237378738e-08
38050.04800076804 1.776064693215469e-08
38100.04800076804 2.5586871950612138e-08
38150.04800076804 2.7465487209492372e-08
38200.04800076804 1.9327274801362274e-08
38250.04800076804 2.5033887790933007e-08
38300.04800076804 4.360136406582047e-08
38350.04800076804 3.3490458546904965e-08
38400.04800076804 1.4879715837409194e-08
38450.04800076804 7.513368263401175e-09
38500.04800076804 6.296306084871903e-09
38550.04800076804 1.830722363457799e-08
38600.04800076804 2.176836238064237e-08
38650.04800076804 2.3664818344948932e-08
38700.04800076804 2.335418268399585e-08
38750.04800076804 2.409690826605431e-08
38800.04800076804 2.0540414836584915e-08
38850.04800076804 2.6731389694629328e-08
38900.04800076804 2.8540835389615086e-08
38950.04800076804 1.8554086901644996e-08
39000.04800076804 3.135765886492619e-08
39050.04800076804 1.7761502116653226e-08
39100.04800076804 2.4296524691324925e-08
39150.04800076804 3.3943196907596774e-08
39200.04800076804 2.7577788164157046e-08
39250.04800076804 3.324256098254618e-08
39300.04800076804 2.6916932344321286e-08
39350.04800076804 4.857390294150971e-08
39400.04800076804 3.077383668491623e-08
39450.04800076804 4.003445677135925e-08
39500.04800076804 4.696135729635442e-08
39550.04800076804 2.559413089647262e-08
39600.04800076804 3.631358560887888e-08
39650.04800076804 5.886799393673726e-08
39700.04800076804 4.872088150956934e-08
39750.04800076804 2.141396254891215e-08
39800.04800076804 2.3093807738393245e-08
39850.04800076804 5.839527785088151e-08
39900.04800076804 6.33747735056107e-08
39950.04800076804 3.508242746208756e-08
40000.04800076804 5.6685845071672476e-08
40050.04800076804 5.390324112999123e-08
40100.04800076804 1.8273618305486475e-08
40150.04800076804 5.0015768116316114e-08
40200.04800076804 6.035254696612614e-08
40250.04800076804 6.59608678569367e-08
40300.04800076804 6.189127886382482e-08
40350.04800076804 3.076785232560979e-08
40400.04800076804 5.127760594377702e-08
40450.04800076804 3.0808340752557926e-08
40500.04800076804 6.333761283742506e-08
40550.04800076804 5.993868005559508e-08
40600.04800076804 6.301632573841294e-08
40650.04800076804 4.565619825613927e-08
40700.04800076804 8.5702643071627e-08
40750.04800076804 6.12928484505438e-08
40800.04800076804 3.568944341564943e-08
40850.04800076804 8.669674592751524e-08
40900.04800076804 8.46585409293741e-08
40950.04800076804 5.235739453926047e-08
41000.04800076804 6.322203195937192e-08
41050.04800076804 9.344778102589495e-08
41100.04800076804 7.372400344281647e-08
41150.04800076804 2.977156076925209e-08
41200.04800076804 8.434486720693892e-08
41250.04800076804 7.559775306296303e-08
41300.04800076804 8.235517095767519e-08
41350.04800076804 1.0268425753955427e-07
41400.04800076804 8.258505140285343e-08
41450.04800076804 9.46335487000513e-08
41500.04800076804 5.958102268899366e-08
41550.04800076804 5.393624210352575e-08
41600.04800076804 6.466731682173794e-08
41650.04800076804 9.368598777920774e-08
41700.04800076804 1.0240575278376517e-07
41750.04800076804 8.668162699610287e-08
41800.04800076804 1.0277209362095208e-07
41850.04800076804 6.948205956579006e-08
41900.04800076804 6.041780855352754e-08
41950.04800076804 7.511759388608329e-08
42000.04800076804 7.02448505778802e-08
42050.04800076804 6.552647155684012e-08
42100.04800076804 8.500213426376775e-08
42150.04800076804 7.293724364858114e-08
42200.04800076804 7.680650525147838e-08
42250.04800076804 6.100678745043913e-08
42300.04800076804 5.603606961424831e-08
42350.04800076804 8.402557445287594e-08
42400.04800076804 9.493300601786554e-08
42450.04800076804 8.885282502707285e-08
42500.04800076804 9.186432626193962e-08
42550.04800076804 8.344540042648843e-08
42600.04800076804 7.673366756980409e-08
42650.04800076804 1.090994897715702e-07
42700.04800076804 5.993720134548095e-08
42750.04800076804 6.934722751937797e-08
42800.04800076804 9.604904306846767e-08
42850.04800076804 1.0310678433186412e-07
42900.04800076804 1.0210126693690293e-07
42950.04800076804 7.995498439782003e-08
43000.04800076804 9.437212012003521e-08
43050.04800076804 4.932875715507009e-08
43100.04800076804 8.37089845446725e-08
43150.04800076804 7.778751938481338e-08
43200.04800076804 8.950934782863339e-08
43250.04800076804 1.3020177416649954e-07
43300.04800076804 1.11495579839893e-07
43350.04800076804 6.231176982896866e-08
43400.04800076804 8.901262572543032e-08
43450.04800076804 7.122824151928539e-08
43500.04800076804 7.211989145533193e-08
43550.04800076804 6.603712524756135e-08
43600.04800076804 1.047493281809458e-07
