galfind/configs/Brown_Dwarf_templates/sonora_cholla/logkzz4/1780g/650K_1780g_logkzz4_resample.dat
# %ECSV 1.0
# ---
# datatype:
# - {name: wav, unit: Angstrom, datatype: float64}
# - {name: flux_nu, unit: erg / (cm2 Hz s), datatype: float64}
# schema: astropy-2.0
wav flux_nu
3000.0480007680403 nan
3050.0480007680403 0.0
3100.0480007680403 0.0
3150.0480007680403 0.0
3200.0480007680403 0.0
3250.0480007680403 0.0
3300.0480007680403 0.0
3350.0480007680403 0.0
3400.0480007680403 0.0
3450.0480007680403 0.0
3500.0480007680403 0.0
3550.0480007680403 0.0
3600.0480007680403 0.0
3650.0480007680403 0.0
3700.0480007680403 0.0
3750.0480007680403 0.0
3800.0480007680403 0.0
3850.0480007680403 0.0
3900.0480007680403 0.0
3950.0480007680403 0.0
4000.0480007680403 0.0
4050.0480007680403 0.0
4100.04800076804 0.0
4150.04800076804 0.0
4200.04800076804 0.0
4250.04800076804 0.0
4300.04800076804 0.0
4350.04800076804 0.0
4400.04800076804 0.0
4450.04800076804 0.0
4500.04800076804 0.0
4550.04800076804 0.0
4600.04800076804 0.0
4650.04800076804 0.0
4700.04800076804 0.0
4750.04800076804 0.0
4800.04800076804 0.0
4850.04800076804 0.0
4900.04800076804 0.0
4950.04800076804 0.0
5000.04800076804 1.3796582852869286e-11
5050.04800076804 3.5124639595941736e-11
5100.04800076804 3.996641588279534e-11
5150.04800076804 4.615817222032048e-11
5200.04800076804 5.3404005881533135e-11
5250.04800076804 6.094297732486724e-11
5300.04800076804 6.90988432490918e-11
5350.04800076804 7.798664558446828e-11
5400.04800076804 8.693829144350608e-11
5450.04800076804 9.697410387144324e-11
5500.04800076804 1.0785083117294289e-10
5550.04800076804 1.1948495517702033e-10
5600.04800076804 1.308515677757374e-10
5650.04800076804 1.409762046591899e-10
5700.04800076804 1.468561379783326e-10
5750.04800076804 1.5206481681269883e-10
5800.04800076804 1.4952145887345386e-10
5850.04800076804 1.3578452425219524e-10
5900.04800076804 5.4921238228008394e-11
5950.04800076804 8.855785713609579e-11
6000.04800076804 2.1070050857659554e-10
6050.04800076804 2.974627694575107e-10
6100.04800076804 3.8860129646366023e-10
6150.04800076804 4.799304731573072e-10
6200.04800076804 5.721538582288773e-10
6250.04800076804 6.602277708648251e-10
6300.04800076804 7.614093145331881e-10
6350.04800076804 8.695835045001435e-10
6400.04800076804 9.739453264513412e-10
6450.04800076804 1.0208372486317015e-09
6500.04800076804 1.1301818949874076e-09
6550.04800076804 1.28092352072385e-09
6600.04800076804 1.4295474519271142e-09
6650.04800076804 1.6193801249254188e-09
6700.04800076804 1.8529411993195593e-09
6750.04800076804 2.0827604510469796e-09
6800.04800076804 2.3135899671745617e-09
6850.04800076804 2.5639944231342264e-09
6900.04800076804 2.5014028983528946e-09
6950.04800076804 2.4338356985202366e-09
7000.04800076804 2.7674442075306947e-09
7050.04800076804 2.805739405585785e-09
7100.04800076804 2.9577186106881198e-09
7150.04800076804 2.3926721708495378e-09
7200.04800076804 2.166831968799603e-09
7250.04800076804 2.5213600617433377e-09
7300.04800076804 2.5933605079007114e-09
7350.04800076804 2.942543992220251e-09
7400.04800076804 3.381152982113346e-09
7450.04800076804 3.923259440783008e-09
7500.04800076804 4.3126393497069046e-09
7550.04800076804 4.727494645969965e-09
7600.04800076804 5.1300321757917965e-09
7650.04800076804 5.3745009593292026e-09
7700.04800076804 3.7826898933484135e-09
7750.04800076804 2.0997889408396827e-09
7800.04800076804 5.52477136381572e-09
7850.04800076804 6.234874506499619e-09
7900.04800076804 6.855270598663578e-09
7950.04800076804 7.487379848439735e-09
8000.04800076804 7.820604406272649e-09
8050.04800076804 8.030164151883338e-09
8100.04800076804 6.167093096079737e-09
8150.04800076804 5.244070674969667e-09
8200.04800076804 7.565273962639253e-09
8250.04800076804 7.28970059860486e-09
8300.04800076804 7.964655602190636e-09
8350.04800076804 8.073996189943084e-09
8400.04800076804 8.575136253313047e-09
8450.04800076804 9.755870348605814e-09
8500.04800076804 1.0841120147785464e-08
8550.04800076804 1.2185033033297026e-08
8600.04800076804 1.3840754961050567e-08
8650.04800076804 1.5048475866284748e-08
8700.04800076804 1.5563488857072354e-08
8750.04800076804 1.6593356515420597e-08
8800.04800076804 1.6562482478639334e-08
8850.04800076804 1.4060612217709531e-08
8900.04800076804 6.711811658647988e-09
8950.04800076804 5.2304692690469265e-09
9000.04800076804 5.121950455822579e-09
9050.04800076804 1.126131494951602e-08
9100.04800076804 1.1591174827763353e-08
9150.04800076804 1.0544304747908929e-08
9200.04800076804 1.2328726309909959e-08
9250.04800076804 8.742352876007469e-09
9300.04800076804 3.79211261272483e-10
9350.04800076804 7.713210675482636e-10
9400.04800076804 3.2050806113797483e-09
9450.04800076804 2.112817798841354e-09
9500.04800076804 1.7051522944111118e-09
9550.04800076804 1.7705972414622355e-09
9600.04800076804 1.9110667733994675e-09
9650.04800076804 2.8226903437068293e-09
9700.04800076804 5.373474194291938e-09
9750.04800076804 5.683853980194848e-09
9800.04800076804 7.0205796282723315e-09
9850.04800076804 8.796762671426409e-09
9900.04800076804 1.1607099495648571e-08
9950.04800076804 1.2425979613483095e-08
10000.04800076804 1.457263569377958e-08
10050.04800076804 1.4819049669537222e-08
10100.04800076804 1.6341097081479198e-08
10150.04800076804 1.6522944272614855e-08
10200.04800076804 1.665267316444766e-08
10250.04800076804 1.8401877584329542e-08
10300.04800076804 2.02853137853574e-08
10350.04800076804 1.937119625558751e-08
10400.04800076804 2.142994505531784e-08
10450.04800076804 2.248659057935683e-08
10500.04800076804 2.30087742818048e-08
10550.04800076804 2.3575318090091764e-08
10600.04800076804 2.3185914218795127e-08
10650.04800076804 2.259023342190443e-08
10700.04800076804 2.135094274294511e-08
10750.04800076804 2.066886911215254e-08
10800.04800076804 1.954905855746624e-08
10850.04800076804 1.802009577587331e-08
10900.04800076804 1.4816143130448809e-08
10950.04800076804 9.001266406660145e-09
11000.04800076804 5.452562390233905e-09
11050.04800076804 2.7034123953199806e-09
11100.04800076804 1.2705446680983731e-09
11150.04800076804 5.668090348188782e-10
11200.04800076804 5.359196421685467e-10
11250.04800076804 8.563104482323892e-10
11300.04800076804 1.085418451858761e-09
11350.04800076804 4.006393992872793e-10
11400.04800076804 1.6728048695474024e-09
11450.04800076804 9.12935266107362e-10
11500.04800076804 9.649300176138875e-10
11550.04800076804 3.757835194182455e-10
11600.04800076804 2.774807391724164e-10
11650.04800076804 7.237933745160464e-10
11700.04800076804 9.2756260136083e-10
11750.04800076804 4.5429290043141086e-10
11800.04800076804 1.6919531240098287e-09
11850.04800076804 2.6056782492747664e-09
11900.04800076804 3.3994629440717035e-09
11950.04800076804 4.867459170994292e-09
12000.04800076804 6.572732635946718e-09
12050.04800076804 8.642478417064002e-09
12100.04800076804 1.0546596453547393e-08
12150.04800076804 1.3001600661989773e-08
12200.04800076804 1.4817421955044234e-08
12250.04800076804 1.7470845564592403e-08
12300.04800076804 2.0954355712444445e-08
12350.04800076804 2.25407816367662e-08
12400.04800076804 2.672876575836828e-08
12450.04800076804 3.065378700348655e-08
12500.04800076804 3.3509859729456904e-08
12550.04800076804 3.649796411179003e-08
12600.04800076804 3.9673593451095e-08
12650.04800076804 4.1642013675088274e-08
12700.04800076804 4.2475370620883906e-08
12750.04800076804 3.857497656957561e-08
12800.04800076804 3.49652607548142e-08
12850.04800076804 2.8385632351729828e-08
12900.04800076804 2.4449704298218313e-08
12950.04800076804 2.1123641462941922e-08
13000.04800076804 2.1897208859623388e-08
13050.04800076804 1.7322025345679886e-08
13100.04800076804 1.748977140270458e-08
13150.04800076804 1.2775903991184537e-08
13200.04800076804 1.2609451270577553e-08
13250.04800076804 8.837622090862402e-09
13300.04800076804 3.707069604218046e-09
13350.04800076804 1.2153250456713343e-09
13400.04800076804 2.218203929982902e-10
13450.04800076804 6.496488460587103e-11
13500.04800076804 2.285006528396991e-11
13550.04800076804 6.84920536069184e-12
13600.04800076804 2.3271156655251693e-12
13650.04800076804 1.5797032816894223e-11
13700.04800076804 8.627126087164744e-12
13750.04800076804 3.519407795939178e-11
13800.04800076804 3.922037657884959e-11
13850.04800076804 1.1880930805159225e-11
13900.04800076804 1.826684697479795e-11
13950.04800076804 1.8165580136405623e-11
14000.04800076804 2.5381551474795646e-11
14050.04800076804 3.707491893324432e-11
14100.04800076804 2.8369256141360868e-11
14150.04800076804 6.084544698967557e-11
14200.04800076804 4.0637718527384524e-11
14250.04800076804 5.619741153798101e-11
14300.04800076804 2.020021839904088e-10
14350.04800076804 1.5998759535902184e-10
14400.04800076804 1.5921195623846402e-10
14450.04800076804 3.154226002617321e-10
14500.04800076804 6.857327299043825e-10
14550.04800076804 7.354039434076687e-10
14600.04800076804 1.5680755777901576e-09
14650.04800076804 1.10989692231173e-09
14700.04800076804 5.797906928816041e-10
14750.04800076804 7.636088276804089e-10
14800.04800076804 8.627117228530039e-10
14850.04800076804 9.784656794860053e-10
14900.04800076804 1.0946133605859238e-09
14950.04800076804 1.4189855484106296e-09
15000.04800076804 2.3188353877048064e-09
15050.04800076804 2.6717152949192165e-09
15100.04800076804 2.4259926500889002e-09
15150.04800076804 2.081720302699055e-09
15200.04800076804 3.260463714736311e-09
15250.04800076804 5.101861374718774e-09
15300.04800076804 6.087795462359777e-09
15350.04800076804 7.659132339207641e-09
15400.04800076804 9.290389022771087e-09
15450.04800076804 1.0682611692924685e-08
15500.04800076804 1.2534214219335814e-08
15550.04800076804 1.530482283414793e-08
15600.04800076804 1.8369789127478403e-08
15650.04800076804 2.1642371247780545e-08
15700.04800076804 2.567035763810885e-08
15750.04800076804 2.7783810042431078e-08
15800.04800076804 2.9514725992325685e-08
15850.04800076804 3.141650736691274e-08
15900.04800076804 3.0289584535718225e-08
15950.04800076804 2.9241284392964294e-08
16000.04800076804 2.51150717228866e-08
16050.04800076804 1.853066284914343e-08
16100.04800076804 1.286175967797314e-08
16150.04800076804 7.805991472157138e-09
16200.04800076804 4.246676370566992e-09
16250.04800076804 3.087338356511147e-09
16300.04800076804 2.2675917281936163e-09
16350.04800076804 2.5552806933914424e-09
16400.04800076804 3.0145755725861476e-09
16450.04800076804 3.1501754216861322e-09
16500.04800076804 3.294543359557845e-09
16550.04800076804 3.296327239823466e-09
16600.04800076804 4.830982495848254e-09
16650.04800076804 3.026716637359468e-09
16700.04800076804 6.54055052151579e-10
16750.04800076804 2.1276707678830482e-09
16800.04800076804 3.0823301871598095e-09
16850.04800076804 2.9444813342610055e-09
16900.04800076804 1.8911791424309705e-09
16950.04800076804 1.4542094968479215e-09
17000.04800076804 9.383795928747397e-10
17050.04800076804 1.5351078137545425e-09
17100.04800076804 2.1560912826418636e-09
17150.04800076804 1.549727947342857e-09
17200.04800076804 3.326494298290986e-09
17250.04800076804 1.938102382138583e-09
17300.04800076804 1.4966956650802262e-09
17350.04800076804 1.6106036205755663e-09
17400.04800076804 2.0638645768189534e-09
17450.04800076804 2.3934143897423893e-09
17500.04800076804 2.8906044725608835e-09
17550.04800076804 2.1932616364773283e-09
17600.04800076804 1.8800306462860603e-09
17650.04800076804 1.4547254260566074e-09
17700.04800076804 1.2076287735734074e-09
17750.04800076804 8.571220667859992e-10
17800.04800076804 1.2766084549891518e-09
17850.04800076804 7.045765136845645e-10
17900.04800076804 6.076847129701459e-10
17950.04800076804 3.347326838756785e-10
18000.04800076804 5.819325978370372e-10
18050.04800076804 2.6443393057162814e-10
18100.04800076804 3.0099920575593474e-10
18150.04800076804 2.840184678319884e-10
18200.04800076804 1.6194043209865512e-10
18250.04800076804 6.029561338541136e-10
18300.04800076804 1.2198022749034244e-10
18350.04800076804 1.0933204833412971e-10
18400.04800076804 7.265066105797095e-11
18450.04800076804 3.5781503074745157e-10
18500.04800076804 3.3674852524161247e-10
18550.04800076804 1.6460287073445392e-10
18600.04800076804 2.0972203994750848e-10
18650.04800076804 1.270332608479079e-10
18700.04800076804 3.785172247812675e-11
18750.04800076804 9.462890387901942e-11
18800.04800076804 6.54874129288198e-10
18850.04800076804 5.926078096332009e-10
18900.04800076804 5.041516401189713e-10
18950.04800076804 1.0135335939133005e-09
19000.04800076804 2.6252106167418637e-10
19050.04800076804 1.3650904058515164e-10
19100.04800076804 4.032043378528168e-10
19150.04800076804 1.7361170679001394e-10
19200.04800076804 3.710313481988465e-10
19250.04800076804 2.4620730599491196e-10
19300.04800076804 1.6031410349466146e-10
19350.04800076804 1.9343518420497532e-10
19400.04800076804 1.3264968743649228e-10
19450.04800076804 2.692939821247244e-10
19500.04800076804 2.8116611705575603e-10
19550.04800076804 2.5078770403934706e-10
19600.04800076804 4.3131539649331456e-10
19650.04800076804 5.081838990249188e-10
19700.04800076804 5.792349056941798e-10
19750.04800076804 8.542009120324064e-10
19800.04800076804 7.171960127310706e-10
19850.04800076804 1.0424731160915514e-09
19900.04800076804 1.0719103316176736e-09
19950.04800076804 1.4322980040780628e-09
20000.04800076804 1.4442116843818935e-09
20050.04800076804 1.4416693304866611e-09
20100.04800076804 2.0040923091992594e-09
20150.04800076804 1.5006708257406102e-09
20200.04800076804 1.402655087200778e-09
20250.04800076804 1.9872154694281295e-09
20300.04800076804 1.9785532020693608e-09
20350.04800076804 2.187813007736173e-09
20400.04800076804 2.056782062935225e-09
20450.04800076804 2.6959835140151733e-09
20500.04800076804 2.800480972187806e-09
20550.04800076804 2.8679312881682944e-09
20600.04800076804 2.9881282964325652e-09
20650.04800076804 3.080699090521893e-09
20700.04800076804 3.0691260966276456e-09
20750.04800076804 3.144454095077895e-09
20800.04800076804 3.0489120308539586e-09
20850.04800076804 3.125082727669733e-09
20900.04800076804 3.1077350653567122e-09
20950.04800076804 3.0212468446495984e-09
21000.04800076804 2.950204485661507e-09
21050.04800076804 2.9294187876363167e-09
21100.04800076804 2.857716591729267e-09
21150.04800076804 2.828208191614983e-09
21200.04800076804 2.7349498722260638e-09
21250.04800076804 2.63980512588301e-09
21300.04800076804 2.480982944538811e-09
21350.04800076804 2.397120765217846e-09
21400.04800076804 2.4053435538268475e-09
21450.04800076804 2.0971936802019625e-09
21500.04800076804 2.0463459583525923e-09
21550.04800076804 1.9754969621532146e-09
21600.04800076804 1.8433926016597945e-09
21650.04800076804 1.666974354025531e-09
21700.04800076804 1.7252091706060452e-09
21750.04800076804 1.6560827376886284e-09
21800.04800076804 1.4052374643696408e-09
21850.04800076804 1.2608171581447825e-09
21900.04800076804 1.0721628164827444e-09
21950.04800076804 5.621406001655913e-10
22000.04800076804 1.120498540745072e-10
22050.04800076804 1.626764733657344e-10
22100.04800076804 5.049844326819196e-10
22150.04800076804 4.216215539693887e-10
22200.04800076804 3.6734974812605164e-10
22250.04800076804 3.402133205023254e-10
22300.04800076804 1.9810049139259788e-10
22350.04800076804 2.284063265282681e-10
22400.04800076804 1.1627378273706531e-10
22450.04800076804 1.240773202621868e-10
22500.04800076804 1.2895389022619775e-10
22550.04800076804 7.242855210666349e-11
22600.04800076804 8.426836667753688e-11
22650.04800076804 1.3299928386446755e-10
22700.04800076804 9.813676267780967e-11
22750.04800076804 1.0410258863338652e-10
22800.04800076804 1.331031470867532e-10
22850.04800076804 1.0283017676483339e-10
22900.04800076804 7.512025864224782e-11
22950.04800076804 5.380383174896101e-11
23000.04800076804 7.69587482432024e-11
23050.04800076804 9.21212861334682e-11
23100.04800076804 4.1170215473895066e-10
23150.04800076804 3.730529765097051e-10
23200.04800076804 2.4355254802165053e-11
23250.04800076804 8.343784880068472e-11
23300.04800076804 9.108163119677642e-11
23350.04800076804 7.502768793676527e-11
23400.04800076804 7.664881682578457e-11
23450.04800076804 4.6667931043303345e-11
23500.04800076804 5.143429898372823e-11
23550.04800076804 9.850906849336678e-11
23600.04800076804 1.8125025163678844e-10
23650.04800076804 2.015937187460273e-10
23700.04800076804 4.235322762336814e-11
23750.04800076804 5.5836110294533e-11
