galfind/configs/Brown_Dwarf_templates/sonora_cholla/logkzz4/1780g/650K_1780g_logkzz4_resample.dat
# %ECSV 1.0
# ---
# datatype:
# - {name: wav, unit: Angstrom, datatype: float64}
# - {name: flux_nu, unit: erg / (cm2 Hz s), datatype: float64}
# schema: astropy-2.0
wav flux_nu
[from data line 417]
23850.04800076804 1.316731982974321e-10
23900.04800076804 2.7545972499207004e-10
23950.04800076804 1.59359979944818e-10
24000.04800076804 3.2843909754338967e-10
24050.04800076804 3.2964610100350883e-10
24100.04800076804 3.4439576743645266e-10
24150.04800076804 4.850877407830765e-10
24200.04800076804 4.3014157009509257e-10
24250.04800076804 3.0974909107041464e-10
24300.04800076804 6.240340705391751e-10
24350.04800076804 3.9966232965833654e-10
24400.04800076804 8.637219378547017e-10
24450.04800076804 7.90182363811752e-10
24500.04800076804 7.061967131900627e-10
24550.04800076804 1.1409000536410022e-09
24600.04800076804 1.258869828254944e-09
24650.04800076804 1.4973993828049446e-09
24700.04800076804 1.0521820080407289e-09
24750.04800076804 1.2498378597977687e-09
24800.04800076804 1.073736422649507e-09
24850.04800076804 1.6557961808504949e-09
24900.04800076804 6.004196839510775e-10
24950.04800076804 1.2507290858566936e-09
25000.04800076804 1.2033070148404146e-09
25050.04800076804 6.001353819268866e-10
25100.04800076804 1.0492337579150606e-09
25150.04800076804 4.699491197247927e-10
25200.04800076804 6.879884851920356e-10
25250.04800076804 2.550807929661273e-10
25300.04800076804 3.7325732026457704e-10
25350.04800076804 1.5512579050643763e-10
25400.04800076804 4.3250517353229405e-10
25450.04800076804 1.5116980855449685e-10
25500.04800076804 1.2690505455519203e-10
25550.04800076804 2.915267150205094e-10
25600.04800076804 1.635680348099e-10
25650.04800076804 6.998397625536557e-11
25700.04800076804 9.757765109413496e-11
25750.04800076804 3.394915088327319e-11
25800.04800076804 1.602562190244011e-10
25850.04800076804 3.1976156026233135e-11
25900.04800076804 5.4247505880274565e-11
25950.04800076804 1.555390688289893e-11
26000.04800076804 1.4184602572304587e-10
26050.04800076804 2.256475032973204e-11
26100.04800076804 1.1418445015686747e-10
26150.04800076804 4.944749467438905e-11
26200.04800076804 6.321564408342655e-11
26250.04800076804 3.499887820012643e-10
26300.04800076804 7.935914996056428e-11
26350.04800076804 5.783194835358276e-10
26400.04800076804 7.843446453327316e-10
26450.04800076804 4.385498663351796e-10
26500.04800076804 9.544320049664333e-10
26550.04800076804 1.4055153388036636e-10
26600.04800076804 1.3881760809753859e-10
26650.04800076804 2.9337070524272036e-11
26700.04800076804 1.8259606683473044e-11
26750.04800076804 2.5706466875647196e-11
26800.04800076804 6.202492639355148e-11
26850.04800076804 3.886601391503929e-11
26900.04800076804 1.6146968605445046e-10
26950.04800076804 5.8044787547177886e-11
27000.04800076804 2.732980586633254e-10
27050.04800076804 3.378061914919622e-10
27100.04800076804 5.547752921361051e-11
27150.04800076804 4.4639618666979615e-10
27200.04800076804 5.1999544217635526e-11
27250.04800076804 1.4486872452600022e-10
27300.04800076804 1.008646477834918e-09
27350.04800076804 3.333701707818653e-10
27400.04800076804 2.547962084166841e-11
27450.04800076804 4.263021375541032e-10
27500.04800076804 6.128002506371553e-10
27550.04800076804 9.115139998266367e-11
27600.04800076804 2.5400702736556576e-10
27650.04800076804 7.527573088966007e-11
27700.04800076804 6.992358941721341e-11
27750.04800076804 3.616757885785869e-10
27800.04800076804 1.3564139345806303e-10
27850.04800076804 1.8608429526181173e-10
27900.04800076804 2.715794703169472e-10
27950.04800076804 6.029158059441902e-10
28000.04800076804 4.4337170733239997e-10
28050.04800076804 8.296382320125587e-11
28100.04800076804 7.093394539182631e-10
28150.04800076804 4.4035320395507184e-10
28200.04800076804 1.35633256308536e-10
28250.04800076804 9.35150877426102e-10
28300.04800076804 1.151946120567841e-09
28350.04800076804 1.6328510589053282e-10
28400.04800076804 6.57166717958688e-10
28450.04800076804 1.3781616887062782e-09
28500.04800076804 6.170289171036746e-10
28550.04800076804 1.7795620830082502e-10
28600.04800076804 1.1497939285456435e-09
28650.04800076804 9.144598667371657e-10
28700.04800076804 8.761885120942698e-10
28750.04800076804 2.1383281317516233e-09
28800.04800076804 1.374786767275537e-09
28850.04800076804 1.7690803439806401e-09
28900.04800076804 8.565110172428381e-10
28950.04800076804 2.118110823112602e-09
29000.04800076804 1.5453406050824143e-09
29050.04800076804 1.8141615925210187e-09
29100.04800076804 1.2450217293890925e-09
29150.04800076804 2.704566948427529e-09
29200.04800076804 2.1421109577295454e-09
29250.04800076804 2.926468553911102e-09
29300.04800076804 1.6568452210228578e-09
29350.04800076804 7.2287791089082054e-09
29400.04800076804 1.7359174710720594e-09
29450.04800076804 1.8186513676580511e-09
29500.04800076804 4.961907343882806e-09
29550.04800076804 2.3997818512556105e-09
29600.04800076804 3.6729428022316605e-09
29650.04800076804 5.991572077257945e-09
29700.04800076804 1.7027162383437138e-09
29750.04800076804 3.891624932015926e-09
29800.04800076804 3.518130239242134e-09
29850.04800076804 7.19712008595968e-09
29900.04800076804 5.912891655787685e-09
29950.04800076804 3.921978323450789e-09
30000.04800076804 4.171824851595448e-10
30050.04800076804 1.2589603608792757e-09
30100.04800076804 3.2463001852524375e-09
30150.04800076804 6.34874401964996e-09
30200.04800076804 3.6377546700333653e-09
30250.04800076804 1.0212760320372232e-08
30300.04800076804 8.99733401865809e-09
30350.04800076804 3.8734649772672135e-09
30400.04800076804 9.914922577307236e-09
30450.04800076804 6.248362494368647e-09
30500.04800076804 5.514636675077503e-09
30550.04800076804 4.124666275119371e-09
30600.04800076804 1.492873959326681e-08
30650.04800076804 8.448431771223186e-09
30700.04800076804 5.526586260855836e-09
30750.04800076804 8.544653692216346e-09
30800.04800076804 6.145018745097592e-09
30850.04800076804 7.312031462447103e-09
30900.04800076804 5.619849383535405e-09
30950.04800076804 3.0667000119928473e-09
31000.04800076804 4.751775255697216e-09
31050.04800076804 4.6199242986368e-09
31100.04800076804 2.618014624731946e-09
31150.04800076804 3.96357442890957e-09
31200.04800076804 7.709448009487004e-09
31250.04800076804 3.0145251251744772e-09
31300.04800076804 2.762173116776156e-09
31350.04800076804 4.14055029789193e-09
31400.04800076804 2.420378765296133e-09
31450.04800076804 3.1781394321343093e-09
31500.04800076804 1.3827851806665247e-09
31550.04800076804 1.9353333638069936e-09
31600.04800076804 1.4536721711123747e-09
31650.04800076804 1.0975726292092105e-09
31700.04800076804 1.3876908908838663e-09
31750.04800076804 5.239023927108062e-10
31800.04800076804 1.243118085567501e-09
31850.04800076804 3.4041864364391975e-10
31900.04800076804 7.889325024926604e-10
31950.04800076804 4.233355422383498e-10
32000.04800076804 4.294541044831979e-10
32050.04800076804 4.260463191452366e-10
32100.04800076804 3.192925433948148e-10
32150.04800076804 4.4992589008459096e-10
32200.04800076804 2.4210862098196447e-10
32250.04800076804 5.475144597710233e-10
32300.04800076804 1.8683787573591242e-10
32350.04800076804 6.188651052677157e-10
32400.04800076804 1.7104338781509394e-10
32450.04800076804 4.725582557393583e-10
32500.04800076804 2.086144802165643e-10
32550.04800076804 4.663319895286335e-10
32600.04800076804 2.449428638575454e-10
32650.04800076804 7.541696723023145e-10
32700.04800076804 3.3997864456385383e-10
32750.04800076804 1.332316544641923e-09
32800.04800076804 9.552690675196836e-10
32850.04800076804 2.1457363365034123e-09
32900.04800076804 1.9346011388716835e-09
32950.04800076804 2.1513922459202628e-09
33000.04800076804 9.420623141837496e-10
33050.04800076804 1.0933839026102898e-09
33100.04800076804 3.3325844968532976e-10
33150.04800076804 1.2040820462433714e-12
33200.04800076804 1.7357122640565136e-11
33250.04800076804 2.5818922197203256e-11
33300.04800076804 1.2886601011697469e-10
33350.04800076804 3.599767819674633e-10
33400.04800076804 8.797176325731985e-10
33450.04800076804 5.647006653033749e-10
33500.04800076804 1.7804493297640013e-09
33550.04800076804 6.18102089710008e-10
33600.04800076804 1.0263855106362225e-09
33650.04800076804 1.1037123323865029e-09
33700.04800076804 5.011286216130632e-10
33750.04800076804 1.4102285762701337e-09
33800.04800076804 2.4533318754634895e-10
33850.04800076804 7.357455509820838e-10
33900.04800076804 7.82713556947974e-10
33950.04800076804 6.979440398177248e-10
34000.04800076804 1.3781443534369666e-09
34050.04800076804 2.627229242525582e-10
34100.04800076804 1.0863116778301638e-09
34150.04800076804 4.5255813592478824e-10
34200.04800076804 1.0796363466755296e-09
34250.04800076804 8.043490285872624e-10
34300.04800076804 6.474034636037343e-10
34350.04800076804 1.6890539904954804e-09
34400.04800076804 5.033585769379922e-10
34450.04800076804 1.6275911580818858e-09
34500.04800076804 8.860088385867762e-10
34550.04800076804 7.185738514301992e-10
34600.04800076804 2.6447433633359303e-09
34650.04800076804 4.818804388643724e-10
34700.04800076804 1.6979184771540482e-09
34750.04800076804 1.2031768135524364e-09
34800.04800076804 8.257976877132774e-10
34850.04800076804 2.8440162741104706e-09
34900.04800076804 9.120760744842374e-10
34950.04800076804 2.3361353215649066e-09
35000.04800076804 3.5754561988670194e-09
35050.04800076804 1.850673562222669e-09
35100.04800076804 4.812960849827355e-09
35150.04800076804 3.925722677720864e-09
35200.04800076804 3.3470336324622024e-09
35250.04800076804 5.207060423675252e-09
35300.04800076804 1.9058124314841803e-09
35350.04800076804 3.4027684610963907e-09
35400.04800076804 2.6000435043832623e-09
35450.04800076804 2.101189525281709e-09
35500.04800076804 7.075008328356074e-09
35550.04800076804 3.87982072780207e-09
35600.04800076804 5.1783474798669765e-09
35650.04800076804 5.619259490961402e-09
35700.04800076804 4.6083767690540284e-09
35750.04800076804 9.5053146928312e-09
35800.04800076804 5.654273890261864e-09
35850.04800076804 3.103072579251445e-09
35900.04800076804 5.5391991896533724e-09
35950.04800076804 7.045403666906865e-09
36000.04800076804 5.296869413595296e-09
36050.04800076804 5.6945769946611065e-09
36100.04800076804 4.953567329057704e-09
36150.04800076804 1.0911574798151776e-08
36200.04800076804 1.0869634580046951e-08
36250.04800076804 8.14951586133324e-09
36300.04800076804 1.4960782512010374e-08
36350.04800076804 1.0581814076188788e-08
36400.04800076804 1.6525162171921043e-08
36450.04800076804 1.1731936670586243e-08
36500.04800076804 1.2629509876299412e-08
36550.04800076804 2.2890127025155247e-08
36600.04800076804 2.5897327557552895e-08
36650.04800076804 1.754496330613482e-08
36700.04800076804 1.743220634766248e-08
36750.04800076804 2.496257570285591e-08
36800.04800076804 2.5949200762370506e-08
36850.04800076804 1.540213100851798e-08
36900.04800076804 2.017128163747133e-08
36950.04800076804 2.7010775035831278e-08
37000.04800076804 2.0071988124666636e-08
37050.04800076804 2.8288306264661433e-08
37100.04800076804 1.718237367298248e-08
37150.04800076804 2.3962963437473187e-08
37200.04800076804 3.503273218429401e-08
37250.04800076804 2.0075421585046912e-08
37300.04800076804 1.6975167159790736e-08
37350.04800076804 2.828938985185569e-08
37400.04800076804 4.275491710268117e-08
37450.04800076804 1.90026852233703e-08
37500.04800076804 2.292682087010341e-08
37550.04800076804 4.783246707770833e-08
37600.04800076804 6.19284683582074e-08
37650.04800076804 2.4164939977851196e-08
37700.04800076804 3.994175091144035e-08
37750.04800076804 2.788780761891188e-08
37800.04800076804 3.291285588474497e-08
37850.04800076804 1.9117234578725795e-08
37900.04800076804 2.4623979768915594e-08
37950.04800076804 3.598428251968959e-08
38000.04800076804 3.839888653138285e-08
38050.04800076804 4.2669886914684166e-08
38100.04800076804 5.794561784424428e-08
38150.04800076804 5.882962936215349e-08
38200.04800076804 4.8376845911878214e-08
38250.04800076804 5.546031293508921e-08
38300.04800076804 8.801766953388331e-08
38350.04800076804 7.474095082207332e-08
38400.04800076804 3.929202338506193e-08
38450.04800076804 2.6790137833453458e-08
38500.04800076804 2.028772219823942e-08
38550.04800076804 4.5297334395325456e-08
38600.04800076804 5.0046900185238455e-08
38650.04800076804 5.828361221676246e-08
38700.04800076804 6.035937039483294e-08
38750.04800076804 6.022051689136384e-08
38800.04800076804 4.9811633389767414e-08
38850.04800076804 6.546460322727171e-08
38900.04800076804 7.028424129700478e-08
38950.04800076804 4.837845890256991e-08
39000.04800076804 7.383696849385129e-08
39050.04800076804 5.026637579799457e-08
39100.04800076804 6.253343676849466e-08
39150.04800076804 7.562655359285046e-08
39200.04800076804 6.409005725733457e-08
39250.04800076804 7.90897251762486e-08
39300.04800076804 6.756865211005824e-08
39350.04800076804 1.0369827227886675e-07
39400.04800076804 7.492378953597065e-08
39450.04800076804 8.835152949801846e-08
39500.04800076804 1.0039338747959166e-07
39550.04800076804 6.82524666640267e-08
39600.04800076804 8.50587463073905e-08
39650.04800076804 1.2275952022111914e-07
39700.04800076804 1.0203630041900452e-07
39750.04800076804 5.5292187134042805e-08
39800.04800076804 6.488310066480935e-08
39850.04800076804 1.2395869339239924e-07
39900.04800076804 1.2885857850546705e-07
39950.04800076804 8.627827911222638e-08
40000.04800076804 1.2663534930265257e-07
40050.04800076804 1.1753983424878587e-07
40100.04800076804 5.2438223876051883e-08
40150.04800076804 1.1550909877440178e-07
40200.04800076804 1.2893456177341782e-07
40250.04800076804 1.3711880862731278e-07
40300.04800076804 1.3130376438210415e-07
40350.04800076804 7.736778594607337e-08
40400.04800076804 1.2243782999161167e-07
40450.04800076804 8.303077107113802e-08
40500.04800076804 1.380795166597709e-07
40550.04800076804 1.2930938416965818e-07
40600.04800076804 1.3204217575039568e-07
40650.04800076804 1.0631539158151234e-07
40700.04800076804 1.797468078685945e-07
40750.04800076804 1.322230775636738e-07
40800.04800076804 8.693853061362242e-08
40850.04800076804 1.7669935023107198e-07
40900.04800076804 1.7083778324401255e-07
40950.04800076804 1.1450763725517437e-07
41000.04800076804 1.3933265987920638e-07
41050.04800076804 1.832024631642579e-07
41100.04800076804 1.4713966941411268e-07
41150.04800076804 7.600275653009028e-08
41200.04800076804 1.73107161003078e-07
41250.04800076804 1.524311825168284e-07
41300.04800076804 1.541921901002441e-07
41350.04800076804 1.939927932040694e-07
41400.04800076804 1.6230437727792833e-07
41450.04800076804 1.8012809143799899e-07
41500.04800076804 1.261538081417254e-07
41550.04800076804 1.1362267374475376e-07
41600.04800076804 1.3819486757197125e-07
41650.04800076804 1.779152428894842e-07
41700.04800076804 1.7619124256155015e-07
41750.04800076804 1.591426668219023e-07
41800.04800076804 1.951803095751137e-07
41850.04800076804 1.276019456855094e-07
41900.04800076804 1.2118966057323934e-07
41950.04800076804 1.5487711317076126e-07
42000.04800076804 1.6325517395936895e-07
42050.04800076804 1.39979302728189e-07
42100.04800076804 1.8132468098095274e-07
42150.04800076804 1.3890230461185896e-07
42200.04800076804 1.440957743629305e-07
42250.04800076804 1.2347447754440848e-07
42300.04800076804 1.1599339609172585e-07
42350.04800076804 1.5743478212027996e-07
42400.04800076804 1.729020208097525e-07
42450.04800076804 1.5088189810157226e-07
42500.04800076804 1.5308649118767167e-07
42550.04800076804 1.4067232867852154e-07
42600.04800076804 1.41961206941951e-07
42650.04800076804 1.975989769420623e-07
42700.04800076804 1.1435576746124284e-07
42750.04800076804 1.1960659206678383e-07
42800.04800076804 1.5546541250367055e-07
42850.04800076804 1.724673103518583e-07
42900.04800076804 1.769432081703347e-07
42950.04800076804 1.3543187733371565e-07
43000.04800076804 1.645014834504599e-07
43050.04800076804 8.283230937861399e-08
43100.04800076804 1.4362097800421773e-07
43150.04800076804 1.3159721898340338e-07
43200.04800076804 1.4948197731106063e-07
43250.04800076804 2.199249098622998e-07
43300.04800076804 1.9284123568523997e-07
43350.04800076804 1.0418958314915e-07
43400.04800076804 1.4942043545001395e-07
43450.04800076804 1.1761103377813352e-07
43500.04800076804 1.2779860414563203e-07
43550.04800076804 1.1704400369368892e-07
