galfind/configs/Brown_Dwarf_templates/sonora_cholla/logkzz4/1780g/700K_1780g_logkzz4_resample.dat
# %ECSV 1.0
# ---
# datatype:
# - {name: wav, unit: Angstrom, datatype: float64}
# - {name: flux_nu, unit: erg / (cm2 Hz s), datatype: float64}
# schema: astropy-2.0
wav flux_nu
[from data line 814]
43700.04800076804 2.3012154834651446e-07
43750.04800076804 2.2505547936896328e-07
43800.04800076804 1.846436668713102e-07
43850.04800076804 1.8070367594583917e-07
43900.04800076804 1.6147824692067548e-07
43950.04800076804 1.199541514694308e-07
44000.04800076804 9.731717677833416e-08
44050.04800076804 1.962376360364809e-07
44100.04800076804 2.549513151626517e-07
44150.04800076804 2.439369404967019e-07
44200.04800076804 2.1453306591809068e-07
44250.04800076804 1.337094642934461e-07
44300.04800076804 9.784565448943209e-08
44350.04800076804 1.1166445479625464e-07
44400.04800076804 1.1549331550815303e-07
44450.04800076804 1.5507356917673888e-07
44500.04800076804 1.2931752872758402e-07
44550.04800076804 1.7047369317958006e-07
44600.04800076804 1.2279894807633224e-07
44650.04800076804 1.4561324876006526e-07
44700.04800076804 1.0693218551865086e-07
44750.04800076804 1.261621662477088e-07
44800.04800076804 9.929235355562583e-08
44850.04800076804 1.2433486769545879e-07
44900.04800076804 9.741241254924699e-08
44950.04800076804 9.059105084995165e-08
45000.04800076804 1.0811891976930955e-07
45050.04800076804 1.1083322509465622e-07
45100.04800076804 1.1204669578243406e-07
45150.04800076804 8.542828476295636e-08
45200.04800076804 5.3880825965957046e-08
45250.04800076804 6.131434710724034e-08
45300.04800076804 8.15873891992701e-08
45350.04800076804 6.779559468196559e-08
45400.04800076804 7.6700493722406e-08
45450.04800076804 6.891451991028024e-08
45500.04800076804 8.012529582515076e-08
45550.04800076804 9.296754195449999e-08
45600.04800076804 6.818847402745943e-08
45650.04800076804 6.603996229756308e-08
45700.04800076804 7.401407150923896e-08
45750.04800076804 5.228011101090775e-08
45800.04800076804 5.9097321493805984e-08
45850.04800076804 8.356012487809424e-08
45900.04800076804 9.310702760165471e-08
45950.04800076804 5.5815912236850304e-08
46000.04800076804 9.087339195008218e-08
46050.04800076804 9.188925953082239e-08
46100.04800076804 6.382476342870614e-08
46150.04800076804 7.780261734892213e-08
46200.04800076804 6.216786025961997e-08
46250.04800076804 3.535462663586362e-08
46300.04800076804 9.847665041244631e-08
46350.04800076804 7.623343049809791e-08
46400.04800076804 9.01686777645342e-08
46450.04800076804 1.1020034846096923e-07
46500.04800076804 8.46186751838342e-08
46550.04800076804 8.047081736743065e-08
46600.04800076804 8.588535964928639e-08
46650.04800076804 1.6875906882117776e-07
46700.04800076804 1.1584668154152242e-07
46750.04800076804 5.8991919491996884e-08
46800.04800076804 3.974871927650383e-08
46850.04800076804 1.1743554653368886e-07
46900.04800076804 1.0118172291120208e-07
46950.04800076804 1.351751288386866e-07
47000.04800076804 7.246256853868696e-08
47050.04800076804 1.0982548234464984e-07
47100.04800076804 4.446898939886614e-08
47150.04800076804 7.914028607256903e-08
47200.04800076804 9.701691385489445e-08
47250.04800076804 5.7199289595699827e-08
47300.04800076804 5.315333493026605e-08
47350.04800076804 6.726842610284214e-08
47400.04800076804 1.2651078419623644e-07
47450.04800076804 5.9255656304612716e-08
47500.04800076804 1.4200038871693385e-07
47550.04800076804 6.794484921600248e-08
47600.04800076804 1.1619445727975314e-07
47650.04800076804 5.9497310461371845e-08
47700.04800076804 1.0588397315690022e-07
47750.04800076804 4.949793252445091e-08
47800.04800076804 6.915657461290164e-08
47850.04800076804 3.191895587752982e-08
47900.04800076804 5.121427860143413e-08
47950.04800076804 7.918706650735842e-08
48000.04800076804 1.3245044509751104e-07
48050.04800076804 8.625628823814308e-08
48100.04800076804 6.594960395375183e-08
48150.04800076804 7.138359696603309e-08
48200.04800076804 8.674037234955253e-08
48250.04800076804 7.424234443257069e-08
48300.04800076804 1.4475462176416242e-07
48350.04800076804 6.322794593978051e-08
48400.04800076804 3.300374557736116e-08
48450.04800076804 5.06896421589831e-08
48500.04800076804 9.944552290783414e-08
48550.04800076804 6.736141830323515e-08
48600.04800076804 1.323539494037611e-07
48650.04800076804 9.577498467183255e-08
48700.04800076804 1.2652087673169927e-07
48750.04800076804 6.979298344530622e-08
48800.04800076804 1.3299668784620647e-07
48850.04800076804 7.407165367850878e-08
48900.04800076804 9.762731136424826e-08
48950.04800076804 6.792223128549086e-08
49000.04800076804 4.3367863086015694e-08
49050.04800076804 1.0608377391664437e-07
49100.04800076804 9.923799276790434e-08
49150.04800076804 1.0750826973321914e-07
49200.04800076804 1.1419466376165437e-07
49250.04800076804 1.5157636848360395e-07
49300.04800076804 1.100612239980494e-07
49350.04800076804 6.079467839283335e-08
49400.04800076804 8.270940545101314e-08
49450.04800076804 7.915795305082275e-08
49500.04800076804 6.962366535932043e-08
49550.04800076804 1.8516157604809227e-08
49600.04800076804 4.5289052153360026e-08
49650.04800076804 8.017269664848327e-08
49700.04800076804 1.0142708646122325e-07
49750.04800076804 1.0853587250223078e-07
49800.04800076804 6.459987675676104e-08
49850.04800076804 1.3516060043061668e-07
49900.04800076804 1.2563740979260828e-07
49950.04800076804 1.108476684638484e-07
50000.04800076804 9.711187901554077e-08
50050.04800076804 1.0944509268914892e-07
50100.04800076804 9.457776757922051e-08
50150.04800076804 4.5905516636268e-08
50200.04800076804 1.2664440380900707e-08
50250.04800076804 5.249940970524151e-08
50300.04800076804 3.7344802461853434e-08
50350.04800076804 1.064939322682517e-07
50400.04800076804 1.1124253778831825e-07
50450.04800076804 7.949986357527676e-08
50500.04800076804 1.2786940911177978e-07
50550.04800076804 1.343410239367837e-07
50600.04800076804 8.889522727295591e-08
50650.04800076804 1.2353808808550745e-07
50700.04800076804 1.4244757793748511e-07
50750.04800076804 8.720755139815933e-08
50800.04800076804 3.556697493456884e-08
50850.04800076804 2.180031193246496e-08
50900.04800076804 9.895619433802477e-08
50950.04800076804 1.00253315487123e-07
51000.04800076804 7.72199599218144e-08
51050.04800076804 9.990262959853793e-08
51100.04800076804 3.834574727523967e-08
51150.04800076804 4.6533229207976096e-08
51200.04800076804 1.329547223247909e-07
51250.04800076804 8.867983158512262e-08
51300.04800076804 6.354536347842375e-08
51350.04800076804 6.874515252029829e-08
51400.04800076804 2.820181204262564e-08
51450.04800076804 2.2976647815073727e-08
51500.04800076804 1.930535795807066e-08
51550.04800076804 5.8322048845359905e-08
51600.04800076804 5.425585585169604e-08
51650.04800076804 7.262829676860097e-08
51700.04800076804 7.153882285940116e-08
51750.04800076804 4.62276506319041e-08
51800.04800076804 9.919210536033303e-08
51850.04800076804 7.836497086239852e-08
51900.04800076804 9.554556846866599e-08
51950.04800076804 5.788941523863247e-08
52000.04800076804 9.499517601584502e-09
52050.04800076804 3.2513491593025106e-08
52100.04800076804 2.279164134590608e-08
52150.04800076804 1.4544063608281462e-08
52200.04800076804 3.149308637060133e-08
52250.04800076804 5.45271051171406e-08
52300.04800076804 7.77559686920645e-08
52350.04800076804 2.5699156493528287e-08
52400.04800076804 2.725786350993118e-08
52450.04800076804 7.775611381401872e-08
52500.04800076804 6.790792797978718e-08
52550.04800076804 6.789520602806863e-08
52600.04800076804 5.685627201099615e-08
52650.04800076804 6.14661533110658e-08
52700.04800076804 4.189967888237369e-08
52750.04800076804 2.2449651416926263e-08
52800.04800076804 3.291889741413826e-08
52850.04800076804 4.048218752047253e-08
52900.04800076804 2.0633155204198206e-08
52950.04800076804 3.2393577599907624e-08
53000.04800076804 6.287818573582288e-08
53050.04800076804 2.1939872003308427e-08
53100.04800076804 7.55832074133946e-08
53150.04800076804 8.417066017641032e-08
53200.04800076804 3.230017399415511e-08
53250.04800076804 7.211199798351938e-08
53300.04800076804 7.932575290622686e-08
53350.04800076804 7.807633488993958e-08
53400.04800076804 5.351861483698363e-08
53450.04800076804 1.685081693015944e-08
53500.04800076804 5.9967374479678535e-09
53550.04800076804 1.1587702220767298e-08
53600.04800076804 3.501908662655138e-08
53650.04800076804 3.4778633245219217e-08
53700.04800076804 2.9871997058362046e-08
53750.04800076804 2.654794937475717e-08
53800.04800076804 2.7652151038225704e-08
53850.04800076804 4.652897977076785e-08
53900.04800076804 6.454335873319088e-08
53950.04800076804 6.673697026278368e-08
54000.04800076804 4.2466366988525826e-08
54050.04800076804 4.448526980177883e-08
54100.04800076804 1.1672965377062095e-08
54150.04800076804 1.788765706073059e-08
54200.04800076804 4.545623529040519e-09
54250.04800076804 9.967158856556286e-09
54300.04800076804 2.3476881096229756e-08
54350.04800076804 3.482336832955083e-08
54400.04800076804 2.9242447745153987e-08
54450.04800076804 2.6508180440013002e-08
54500.04800076804 2.568974323181025e-08
54550.04800076804 2.1902980328453623e-08
54600.04800076804 2.248914130130076e-08
54650.04800076804 4.928482433338331e-09
54700.04800076804 2.513975637389795e-08
54750.04800076804 2.317086911830781e-08
54800.04800076804 1.3283261690984374e-08
54850.04800076804 1.9688383371656376e-08
54900.04800076804 3.407752563471869e-08
54950.04800076804 5.1149900811245063e-08
55000.04800076804 1.8599748381639757e-08
55050.04800076804 2.6512386081480023e-08
55100.04800076804 3.483838411409702e-08
55150.04800076804 1.972839952283519e-08
55200.04800076804 1.4711060445899651e-08
55250.04800076804 2.1730586176291573e-08
55300.04800076804 1.401730647190252e-08
55350.04800076804 2.7350981319737803e-08
55400.04800076804 3.075973972134745e-08
55450.04800076804 1.9723949195408935e-08
55500.04800076804 8.420958773165156e-09
55550.04800076804 9.026021352963123e-09
55600.04800076804 1.4824125959505077e-08
55650.04800076804 1.2904409271933231e-08
55700.04800076804 1.4427881434790855e-08
55750.04800076804 1.2687562001705921e-08
55800.04800076804 6.167612891284381e-09
55850.04800076804 8.73099746597912e-09
55900.04800076804 2.1226181729361124e-08
55950.04800076804 3.214764759544085e-08
56000.04800076804 1.2372250048968963e-08
56050.04800076804 1.4975553722721523e-08
56100.04800076804 2.1536343812216123e-08
56150.04800076804 1.1024770817914926e-08
56200.04800076804 1.4480066657857849e-08
56250.04800076804 2.73546563431563e-08
56300.04800076804 1.738059583985819e-08
56350.04800076804 1.19311758451977e-08
56400.04800076804 4.97192410989547e-09
56450.04800076804 4.732929682438813e-09
56500.04800076804 1.5249201496997757e-08
56550.04800076804 6.404157379722166e-09
56600.04800076804 2.0920899512777987e-08
56650.04800076804 2.3505480235954003e-08
56700.04800076804 1.8759881648811335e-08
56750.04800076804 6.978836477760299e-09
56800.04800076804 1.2637411598144788e-08
56850.04800076804 1.5587929868538053e-08
56900.04800076804 9.640004289743796e-09
56950.04800076804 1.9442979023246585e-08
57000.04800076804 2.4799694547938108e-08
57050.04800076804 1.2581506536076994e-08
57100.04800076804 4.110516194650241e-09
57150.04800076804 7.849938081195444e-09
57200.04800076804 5.969495750708449e-09
57250.04800076804 9.118471119445735e-09
57300.04800076804 1.3216043812612651e-08
57350.04800076804 7.011358065955294e-09
57400.04800076804 1.9452982392424098e-08
57450.04800076804 1.0215741750105035e-08
57500.04800076804 8.744485557000597e-09
57550.04800076804 1.263145479762674e-08
57600.04800076804 1.1055035082586013e-08
57650.04800076804 3.063086667765126e-09
57700.04800076804 5.653500818362125e-09
57750.04800076804 1.050718669546587e-08
57800.04800076804 3.913043550267117e-09
57850.04800076804 2.59860526186388e-08
57900.04800076804 3.2472957556831504e-08
57950.04800076804 3.537086948480179e-08
58000.04800076804 1.1036584183483436e-08
58050.04800076804 1.9288565080375253e-08
58100.04800076804 1.730275575086453e-08
58150.04800076804 1.1430952159268017e-08
58200.04800076804 3.1659001359451278e-09
58250.04800076804 5.248256898374592e-09
58300.04800076804 5.880174361769823e-09
58350.04800076804 6.9809175323604396e-09
58400.04800076804 1.6161660589297024e-08
58450.04800076804 1.978061194586438e-08
58500.04800076804 2.061689926865258e-08
58550.04800076804 1.563682485780763e-08
58600.04800076804 6.65661492304655e-09
58650.04800076804 8.90758316827622e-09
58700.04800076804 1.2055152521321573e-08
58750.04800076804 1.100226755495717e-08
58800.04800076804 1.8992087230137926e-09
58850.04800076804 7.20708375868722e-09
58900.04800076804 9.216589595587601e-09
58950.04800076804 4.262061659161858e-09
59000.04800076804 1.0397250268727071e-08
59050.04800076804 1.598689104514823e-08
59100.04800076804 1.5235977351915122e-08
59150.04800076804 1.1973141805136507e-08
59200.04800076804 1.4602192864054515e-08
59250.04800076804 1.5106880050829225e-08
59300.04800076804 1.27070760524615e-08
59350.04800076804 2.6030879040159545e-09
59400.04800076804 3.1036510671397494e-09
59450.04800076804 1.3003696038505052e-08
59500.04800076804 7.3415149869120784e-09
59550.04800076804 1.568840535933656e-08
59600.04800076804 1.9780648604419448e-08
59650.04800076804 9.340451723519046e-09
59700.04800076804 6.499852421215242e-09
59750.04800076804 2.3262547713306693e-08
59800.04800076804 9.97734058252892e-09
59850.04800076804 1.3229186085613817e-08
59900.04800076804 4.6015096248898246e-09
59950.04800076804 1.1800289205253607e-08
60000.04800076804 2.6715842544630884e-08
60050.04800076804 2.8262589784992913e-08
60100.04800076804 1.9624265946299696e-08
60150.04800076804 8.092891479673218e-09
60200.04800076804 1.556976068142071e-08
60250.04800076804 2.9575001243592636e-08
60300.04800076804 2.6834817088236987e-08
60350.04800076804 1.4693580718806138e-08
60400.04800076804 1.4012275881962285e-08
60450.04800076804 3.850076950747956e-09
60500.04800076804 1.4876558618354873e-09
60550.04800076804 1.171396829955296e-08
60600.04800076804 1.6692617208557014e-08
60650.04800076804 1.0132870466161484e-08
60700.04800076804 7.294885501711097e-09
60750.04800076804 3.430279167153482e-09
60800.04800076804 1.5440281355129447e-08
60850.04800076804 2.892654708225749e-08
60900.04800076804 2.528179765696827e-08
60950.04800076804 1.766136671019691e-08
61000.04800076804 2.068890659551641e-08
61050.04800076804 7.553702988110509e-09
61100.04800076804 8.62137474352466e-09
61150.04800076804 3.1226698312922085e-09
61200.04800076804 1.6719163034721205e-08
61250.04800076804 1.8727914571543154e-08
61300.04800076804 1.4423652333564513e-08
61350.04800076804 2.711013596682151e-08
61400.04800076804 9.551063035175368e-09
61450.04800076804 4.371075821537433e-09
61500.04800076804 4.3829602194958e-09
61550.04800076804 1.1117049483525494e-08
61600.04800076804 4.882022353077838e-09
61650.04800076804 9.431899167019046e-09
61700.04800076804 1.2130654127133134e-08
61750.04800076804 1.3643330769870927e-08
61800.04800076804 1.0722525323454e-08
61850.04800076804 4.229916851561538e-09
61900.04800076804 2.0186274969878338e-08
61950.04800076804 2.4906278200386625e-08
62000.04800076804 2.1230225468622988e-08
62050.04800076804 3.152721674200246e-08
62100.04800076804 1.6080328355882413e-08
62150.04800076804 2.5638329927000114e-08
62200.04800076804 2.254152144421679e-08
62250.04800076804 1.548310709824837e-08
62300.04800076804 3.7804815935528426e-08
62350.04800076804 3.339714133294681e-08
62400.04800076804 1.8871206971963478e-08
62450.04800076804 2.1332312077566307e-08
62500.04800076804 3.8549109391017846e-08
62550.04800076804 5.22418689822372e-08
62600.04800076804 3.40089535696187e-08
62650.04800076804 2.5546131958951544e-08
62700.04800076804 1.9307756812181014e-08
62750.04800076804 3.391288625154406e-08
62800.04800076804 2.0121815461016188e-08
62850.04800076804 2.829152408081217e-08
62900.04800076804 2.8175600824257692e-08
62950.04800076804 5.2591969395489674e-08
63000.04800076804 2.8068155711088305e-08
63050.04800076804 6.734468278189878e-08
63100.04800076804 6.062581607284818e-08
63150.04800076804 4.029168491058062e-08
63200.04800076804 3.5347549927485736e-08
63250.04800076804 4.4110094018438993e-08
63300.04800076804 2.3629634989871415e-08
63350.04800076804 2.429304464798014e-08
63400.04800076804 1.0064829917941523e-08
