galfind/configs/Brown_Dwarf_templates/sonora_cholla/logkzz4/1780g/750K_1780g_logkzz4_resample.dat
# %ECSV 1.0
# ---
# datatype:
# - {name: wav, unit: Angstrom, datatype: float64}
# - {name: flux_nu, unit: erg / (cm2 Hz s), datatype: float64}
# schema: astropy-2.0
wav flux_nu
[from data line 814]
43700.04800076804 2.832478018892715e-07
43750.04800076804 2.7103044302020097e-07
43800.04800076804 2.2275270473900228e-07
43850.04800076804 2.1913337072203045e-07
43900.04800076804 1.995443983679098e-07
43950.04800076804 1.5036203032540058e-07
44000.04800076804 1.1935717760917893e-07
44050.04800076804 2.3308811756558227e-07
44100.04800076804 2.950285046400108e-07
44150.04800076804 2.8459954491307127e-07
44200.04800076804 2.470640690101709e-07
44250.04800076804 1.5882833165047247e-07
44300.04800076804 1.220937856181132e-07
44350.04800076804 1.366676160655329e-07
44400.04800076804 1.3926875674272377e-07
44450.04800076804 1.8073770188688425e-07
44500.04800076804 1.5067686983651735e-07
44550.04800076804 1.9748784539343092e-07
44600.04800076804 1.4331100196641995e-07
44650.04800076804 1.702999691631366e-07
44700.04800076804 1.286380111975552e-07
44750.04800076804 1.492139662732733e-07
44800.04800076804 1.2101093833390733e-07
44850.04800076804 1.4692360417750075e-07
44900.04800076804 1.142445360649493e-07
44950.04800076804 1.0623441910520292e-07
45000.04800076804 1.2627115627272334e-07
45050.04800076804 1.3015888166468032e-07
45100.04800076804 1.3211647703799676e-07
45150.04800076804 1.0315900743053936e-07
45200.04800076804 6.65178235359801e-08
45250.04800076804 7.567545546643899e-08
45300.04800076804 9.866862806817496e-08
45350.04800076804 8.507396673944366e-08
45400.04800076804 9.068936714927949e-08
45450.04800076804 8.30714198310049e-08
45500.04800076804 9.524951571709053e-08
45550.04800076804 1.1047462922366637e-07
45600.04800076804 8.269125716079477e-08
45650.04800076804 7.965580228010664e-08
45700.04800076804 9.074185819434436e-08
45750.04800076804 6.659058409742587e-08
45800.04800076804 7.205953414369618e-08
45850.04800076804 1.0355504636291104e-07
45900.04800076804 1.1292297606085085e-07
45950.04800076804 6.879409391613337e-08
46000.04800076804 1.0989197675313348e-07
46050.04800076804 1.1097495345541219e-07
46100.04800076804 7.773567609249404e-08
46150.04800076804 9.503103230654843e-08
46200.04800076804 7.957105016839674e-08
46250.04800076804 4.652817195609943e-08
46300.04800076804 1.1954261709451386e-07
46350.04800076804 9.168152542294908e-08
46400.04800076804 1.0866612991154079e-07
46450.04800076804 1.3323190066022731e-07
46500.04800076804 1.0071488338644339e-07
46550.04800076804 9.93505645660463e-08
46600.04800076804 1.0623866119348422e-07
46650.04800076804 2.0700054743165682e-07
46700.04800076804 1.4063708932676548e-07
46750.04800076804 7.807402797614304e-08
46800.04800076804 5.337158499921255e-08
46850.04800076804 1.4458963265653845e-07
46900.04800076804 1.234662283209958e-07
46950.04800076804 1.627391373534054e-07
47000.04800076804 8.88184719429663e-08
47050.04800076804 1.3762222890636228e-07
47100.04800076804 5.643437155513728e-08
47150.04800076804 9.758367367820811e-08
47200.04800076804 1.2030464742236595e-07
47250.04800076804 7.309605774626836e-08
47300.04800076804 6.954885943830759e-08
47350.04800076804 8.371939379612924e-08
47400.04800076804 1.5262773213973658e-07
47450.04800076804 7.469675216563294e-08
47500.04800076804 1.6936211469941352e-07
47550.04800076804 8.321264457398254e-08
47600.04800076804 1.418341864363715e-07
47650.04800076804 7.378570776076021e-08
47700.04800076804 1.2972172611029628e-07
47750.04800076804 6.132052646331686e-08
47800.04800076804 8.862257392121989e-08
47850.04800076804 4.340906053682628e-08
47900.04800076804 6.862769283098222e-08
47950.04800076804 9.549917872920366e-08
48000.04800076804 1.6026461233791282e-07
48050.04800076804 1.044583529059781e-07
48100.04800076804 8.544779170526386e-08
48150.04800076804 8.722690948326801e-08
48200.04800076804 1.0994276302432567e-07
48250.04800076804 8.957910061733691e-08
48300.04800076804 1.762225025118907e-07
48350.04800076804 7.912532982633384e-08
48400.04800076804 4.733370061561094e-08
48450.04800076804 6.807997004344708e-08
48500.04800076804 1.288991895297892e-07
48550.04800076804 8.226216581398583e-08
48600.04800076804 1.5580901852621035e-07
48650.04800076804 1.106506652877164e-07
48700.04800076804 1.53070034100561e-07
48750.04800076804 8.445864099433286e-08
48800.04800076804 1.602708397657282e-07
48850.04800076804 9.221627865472313e-08
48900.04800076804 1.2652915379754516e-07
48950.04800076804 9.229817634094721e-08
49000.04800076804 6.03307138446497e-08
49050.04800076804 1.356515453433645e-07
49100.04800076804 1.1886950500734222e-07
49150.04800076804 1.360220655116815e-07
49200.04800076804 1.3448091880272798e-07
49250.04800076804 1.792321467125175e-07
49300.04800076804 1.2921675044358012e-07
49350.04800076804 7.88310153529942e-08
49400.04800076804 1.0558829082836254e-07
49450.04800076804 1.0497608160478227e-07
49500.04800076804 9.257766365200825e-08
49550.04800076804 2.8262259897672132e-08
49600.04800076804 6.540414787698047e-08
49650.04800076804 9.923394032323469e-08
49700.04800076804 1.226312171360279e-07
49750.04800076804 1.3916478372021538e-07
49800.04800076804 8.513538602110953e-08
49850.04800076804 1.7080185660733774e-07
49900.04800076804 1.5152452891943088e-07
49950.04800076804 1.359206581906137e-07
50000.04800076804 1.2642159324602183e-07
50050.04800076804 1.4021148961516317e-07
50100.04800076804 1.2336903903198373e-07
50150.04800076804 6.310110126297293e-08
50200.04800076804 2.0433913093217076e-08
50250.04800076804 7.686674963743763e-08
50300.04800076804 5.4944085213323894e-08
50350.04800076804 1.380785474164003e-07
50400.04800076804 1.3693400555999206e-07
50450.04800076804 1.0062437428243434e-07
50500.04800076804 1.5878496488961465e-07
50550.04800076804 1.6306601142278408e-07
50600.04800076804 1.1118705997172539e-07
50650.04800076804 1.5081633799922168e-07
50700.04800076804 1.8027315772251747e-07
50750.04800076804 1.1480154934375546e-07
50800.04800076804 5.119211346028742e-08
50850.04800076804 3.399419252889309e-08
50900.04800076804 1.3261947506722324e-07
50950.04800076804 1.297530938984897e-07
51000.04800076804 1.0412268156672487e-07
51050.04800076804 1.2765410242465977e-07
51100.04800076804 5.185887751970936e-08
51150.04800076804 6.564305826874381e-08
51200.04800076804 1.7203859538095747e-07
51250.04800076804 1.1305961521121133e-07
51300.04800076804 8.321939224302706e-08
51350.04800076804 9.328818029855742e-08
51400.04800076804 4.2287056491878655e-08
51450.04800076804 3.4849015957639454e-08
51500.04800076804 2.9349019555374076e-08
51550.04800076804 8.089355439106073e-08
51600.04800076804 7.153874041320579e-08
51650.04800076804 9.29850350336805e-08
51700.04800076804 9.480590364640294e-08
51750.04800076804 6.074096732216876e-08
51800.04800076804 1.2695293937974854e-07
51850.04800076804 1.0201278694177568e-07
51900.04800076804 1.298169627598252e-07
51950.04800076804 8.263537851985969e-08
52000.04800076804 1.5702265528202237e-08
52050.04800076804 4.817161398026964e-08
52100.04800076804 3.538444123300312e-08
52150.04800076804 2.361948732184471e-08
52200.04800076804 4.415799580638174e-08
52250.04800076804 7.306757595130435e-08
52300.04800076804 1.0953734180599907e-07
52350.04800076804 4.046547675963717e-08
52400.04800076804 4.1379464691622107e-08
52450.04800076804 1.0411776309925224e-07
52500.04800076804 9.302591252321409e-08
52550.04800076804 9.039233756734983e-08
52600.04800076804 7.5803015782703e-08
52650.04800076804 8.004292593427299e-08
52700.04800076804 5.7546670446601516e-08
52750.04800076804 3.3699286777369e-08
52800.04800076804 4.650671982091692e-08
52850.04800076804 5.675206332261818e-08
52900.04800076804 3.2365581222275516e-08
52950.04800076804 4.7530536377424006e-08
53000.04800076804 8.749060806688614e-08
53050.04800076804 3.1636044519912986e-08
53100.04800076804 9.980941393144606e-08
53150.04800076804 1.1242920924198897e-07
53200.04800076804 4.434505555175486e-08
53250.04800076804 9.69760376846819e-08
53300.04800076804 1.0719441726265481e-07
53350.04800076804 1.0614655016746915e-07
53400.04800076804 7.794515254576611e-08
53450.04800076804 2.6299484519260308e-08
53500.04800076804 1.0588297708955986e-08
53550.04800076804 1.9665170739655575e-08
53600.04800076804 5.2389020323728865e-08
53650.04800076804 4.8280557145730234e-08
53700.04800076804 4.208116525687122e-08
53750.04800076804 3.823954688889583e-08
53800.04800076804 4.0001044708393e-08
53850.04800076804 6.363226709773987e-08
53900.04800076804 8.415913207947923e-08
53950.04800076804 9.182122437875983e-08
54000.04800076804 5.8231373740011814e-08
54050.04800076804 6.115593077869526e-08
54100.04800076804 1.8011411800259825e-08
54150.04800076804 2.782412963736608e-08
54200.04800076804 8.042846406364273e-09
54250.04800076804 1.6166220001878303e-08
54300.04800076804 3.5206246136819e-08
54350.04800076804 5.068505725208555e-08
54400.04800076804 4.4186494821804946e-08
54450.04800076804 4.017302657221553e-08
54500.04800076804 3.697546415780788e-08
54550.04800076804 3.194586806000326e-08
54600.04800076804 3.4578126802475614e-08
54650.04800076804 9.263483994807644e-09
54700.04800076804 3.976912305517959e-08
54750.04800076804 3.618913266097438e-08
54800.04800076804 2.1489719437973846e-08
54850.04800076804 3.052318593254377e-08
54900.04800076804 5.063372615558938e-08
54950.04800076804 7.321137924340384e-08
55000.04800076804 2.7060569570768435e-08
55050.04800076804 3.986182291220724e-08
55100.04800076804 4.9082627396431894e-08
55150.04800076804 2.991867414041036e-08
55200.04800076804 2.3787699810610492e-08
55250.04800076804 3.324194800582285e-08
55300.04800076804 2.140219155198156e-08
55350.04800076804 4.1720996603965936e-08
55400.04800076804 4.7867172734820586e-08
55450.04800076804 3.024511334124433e-08
55500.04800076804 1.3449489151286168e-08
55550.04800076804 1.564392043976316e-08
55600.04800076804 2.3083321767675094e-08
55650.04800076804 2.0131918890304722e-08
55700.04800076804 2.3002881652779632e-08
55750.04800076804 2.1543527868276632e-08
55800.04800076804 1.1251462828879537e-08
55850.04800076804 1.4362228832722231e-08
55900.04800076804 3.348022204571856e-08
55950.04800076804 4.9085953242333706e-08
56000.04800076804 1.9394642714057835e-08
56050.04800076804 2.4158872805677335e-08
56100.04800076804 3.380472692491398e-08
56150.04800076804 1.8544175400354378e-08
56200.04800076804 2.358955776855972e-08
56250.04800076804 4.0687039244536163e-08
56300.04800076804 2.7940081147997094e-08
56350.04800076804 2.1051994531496323e-08
56400.04800076804 9.536379124496871e-09
56450.04800076804 8.953635965489376e-09
56500.04800076804 2.4381084839855063e-08
56550.04800076804 1.076256379392789e-08
56600.04800076804 3.305792522655586e-08
56650.04800076804 3.649620140090405e-08
56700.04800076804 3.127581778324588e-08
56750.04800076804 1.197769266357222e-08
56800.04800076804 2.2324367107160434e-08
56850.04800076804 2.5063423160688093e-08
56900.04800076804 1.6200077841695244e-08
56950.04800076804 3.0899968033802956e-08
57000.04800076804 3.879627296463227e-08
57050.04800076804 2.0119166868724978e-08
57100.04800076804 7.254449800061776e-09
57150.04800076804 1.3248364337230798e-08
57200.04800076804 1.0415809388284546e-08
57250.04800076804 1.5458422544437945e-08
57300.04800076804 2.2167999054895567e-08
57350.04800076804 1.2002953533250384e-08
57400.04800076804 3.096618104629057e-08
57450.04800076804 1.7906805026945422e-08
57500.04800076804 1.561250593115443e-08
57550.04800076804 2.2159767555916786e-08
57600.04800076804 2.0069167956233123e-08
57650.04800076804 5.877437905671622e-09
57700.04800076804 1.0033039430697684e-08
57750.04800076804 1.6763374169895423e-08
57800.04800076804 6.52590993282753e-09
57850.04800076804 4.156687276785181e-08
57900.04800076804 5.014820836959571e-08
57950.04800076804 5.346076038346148e-08
58000.04800076804 1.8397009820972568e-08
58050.04800076804 2.995121024462964e-08
58100.04800076804 2.9176023755960686e-08
58150.04800076804 1.938114531399743e-08
58200.04800076804 6.2148249565456665e-09
58250.04800076804 9.514813966538848e-09
58300.04800076804 1.034222784563444e-08
58350.04800076804 1.2107536208260435e-08
58400.04800076804 2.5745117127966013e-08
58450.04800076804 3.093656162340601e-08
58500.04800076804 3.136531165158529e-08
58550.04800076804 2.641085698275283e-08
58600.04800076804 1.195367768761389e-08
58650.04800076804 1.5288693296386745e-08
58700.04800076804 1.9869690440137688e-08
58750.04800076804 1.8798390331324672e-08
58800.04800076804 4.100596267054261e-09
58850.04800076804 1.3024663100776752e-08
58900.04800076804 1.6901870976959205e-08
58950.04800076804 8.081539841253897e-09
59000.04800076804 1.8548733769523004e-08
59050.04800076804 2.7054701200840085e-08
59100.04800076804 2.7340736747881042e-08
59150.04800076804 2.1013220589341747e-08
59200.04800076804 2.3623778155945068e-08
59250.04800076804 2.4569536784224454e-08
59300.04800076804 2.124240555410832e-08
59350.04800076804 5.319983408916143e-09
59400.04800076804 5.756337140335203e-09
59450.04800076804 2.148508614184003e-08
59500.04800076804 1.1694349512863382e-08
59550.04800076804 2.5728668814382317e-08
59600.04800076804 3.241172878361224e-08
59650.04800076804 1.603613456900568e-08
59700.04800076804 1.1454049562255397e-08
59750.04800076804 3.775457395251306e-08
59800.04800076804 1.6842266732485395e-08
59850.04800076804 2.2994329095448354e-08
59900.04800076804 8.535852625045818e-09
59950.04800076804 2.0117925263854536e-08
60000.04800076804 4.344028004381332e-08
60050.04800076804 4.281518376894157e-08
60100.04800076804 3.254334705190502e-08
60150.04800076804 1.4831436117419976e-08
60200.04800076804 2.6280551766206355e-08
60250.04800076804 4.6021228758672123e-08
60300.04800076804 4.1369649007873406e-08
60350.04800076804 2.318894282957477e-08
60400.04800076804 2.3944153867239625e-08
60450.04800076804 7.435030211096311e-09
60500.04800076804 3.2197372136717766e-09
60550.04800076804 2.0929975295840956e-08
60600.04800076804 2.7453967009977752e-08
60650.04800076804 1.7679984001062955e-08
60700.04800076804 1.3169162326184944e-08
60750.04800076804 6.795991083839958e-09
60800.04800076804 2.5934506839318117e-08
60850.04800076804 4.746868003554205e-08
60900.04800076804 4.169973152028097e-08
60950.04800076804 3.061536564437316e-08
61000.04800076804 3.2285618735820776e-08
61050.04800076804 1.3274913789265654e-08
61100.04800076804 1.598786591601491e-08
61150.04800076804 6.181264116703693e-09
61200.04800076804 2.8430531943240148e-08
61250.04800076804 3.165608624350316e-08
61300.04800076804 2.5660698002401825e-08
61350.04800076804 4.5131674367260025e-08
61400.04800076804 1.746264902800741e-08
61450.04800076804 8.465671517912304e-09
61500.04800076804 9.107829074329996e-09
61550.04800076804 1.917119943051371e-08
61600.04800076804 9.13622594694721e-09
61650.04800076804 1.7082044170528334e-08
61700.04800076804 2.00139334574062e-08
61750.04800076804 2.2859950739350285e-08
61800.04800076804 1.9252549506140563e-08
61850.04800076804 8.458420945752406e-09
61900.04800076804 3.435064974159904e-08
61950.04800076804 4.158036757812019e-08
62000.04800076804 3.647585444622592e-08
62050.04800076804 4.7114505939611186e-08
62100.04800076804 2.821234001496554e-08
62150.04800076804 4.080627963377592e-08
62200.04800076804 3.560572119872133e-08
62250.04800076804 2.609489739208371e-08
62300.04800076804 5.8086602349897116e-08
62350.04800076804 5.0523276991666083e-08
62400.04800076804 2.7690089386657306e-08
62450.04800076804 3.326140706329758e-08
62500.04800076804 5.729203149248323e-08
62550.04800076804 7.255387141298853e-08
62600.04800076804 5.359533485920366e-08
62650.04800076804 4.033466796898999e-08
62700.04800076804 3.3046983598111156e-08
62750.04800076804 5.2789989414740827e-08
62800.04800076804 3.1263806327094146e-08
62850.04800076804 4.529082462636999e-08
62900.04800076804 4.102461322337564e-08
62950.04800076804 7.379172394733429e-08
63000.04800076804 4.443334232558171e-08
63050.04800076804 9.175527418483829e-08
63100.04800076804 8.352192862833418e-08
63150.04800076804 5.5138055197154874e-08
63200.04800076804 5.289961214516348e-08
63250.04800076804 6.334519008316298e-08
63300.04800076804 3.994166851106597e-08
63350.04800076804 4.016686892009532e-08
63400.04800076804 1.7452661269597225e-08
