galfind/configs/Brown_Dwarf_templates/sonora_cholla/logkzz4/1780g/750K_1780g_logkzz4_resample.dat
# %ECSV 1.0
# ---
# datatype:
# - {name: wav, unit: Angstrom, datatype: float64}
# - {name: flux_nu, unit: erg / (cm2 Hz s), datatype: float64}
# schema: astropy-2.0
wav flux_nu
3000.0480007680403 nan
3050.0480007680403 0.0
3100.0480007680403 0.0
3150.0480007680403 0.0
3200.0480007680403 0.0
3250.0480007680403 0.0
3300.0480007680403 0.0
3350.0480007680403 0.0
3400.0480007680403 0.0
3450.0480007680403 0.0
3500.0480007680403 0.0
3550.0480007680403 0.0
3600.0480007680403 0.0
3650.0480007680403 0.0
3700.0480007680403 0.0
3750.0480007680403 0.0
3800.0480007680403 0.0
3850.0480007680403 0.0
3900.0480007680403 0.0
3950.0480007680403 0.0
4000.0480007680403 0.0
4050.0480007680403 0.0
4100.04800076804 0.0
4150.04800076804 0.0
4200.04800076804 0.0
4250.04800076804 0.0
4300.04800076804 0.0
4350.04800076804 0.0
4400.04800076804 0.0
4450.04800076804 0.0
4500.04800076804 0.0
4550.04800076804 0.0
4600.04800076804 0.0
4650.04800076804 0.0
4700.04800076804 0.0
4750.04800076804 0.0
4800.04800076804 0.0
4850.04800076804 0.0
4900.04800076804 0.0
4950.04800076804 0.0
5000.04800076804 1.1606424137333423e-11
5050.04800076804 3.190774294844533e-11
5100.04800076804 3.730743433454184e-11
5150.04800076804 4.365742732435986e-11
5200.04800076804 5.0964441554953776e-11
5250.04800076804 5.906490909509589e-11
5300.04800076804 6.807653945293042e-11
5350.04800076804 7.811685074281229e-11
5400.04800076804 8.892271485057299e-11
5450.04800076804 1.00996350882853e-10
5500.04800076804 1.1426967735106229e-10
5550.04800076804 1.2875897563649892e-10
5600.04800076804 1.438803701596553e-10
5650.04800076804 1.5891648328719532e-10
5700.04800076804 1.7144667837219588e-10
5750.04800076804 1.8298769770955161e-10
5800.04800076804 1.865642039163498e-10
5850.04800076804 1.7538242793797562e-10
5900.04800076804 8.004572883562641e-11
5950.04800076804 1.2486378315455207e-10
6000.04800076804 2.68567304637926e-10
6050.04800076804 3.59655365000969e-10
6100.04800076804 4.4544410528512466e-10
6150.04800076804 5.26917182844318e-10
6200.04800076804 6.076540456939725e-10
6250.04800076804 6.869330893814875e-10
6300.04800076804 7.748036212484188e-10
6350.04800076804 8.679895919149823e-10
6400.04800076804 9.627649197003235e-10
6450.04800076804 1.0337304508798332e-09
6500.04800076804 1.1394922807214113e-09
6550.04800076804 1.2680585454684139e-09
6600.04800076804 1.3993139893084185e-09
6650.04800076804 1.5519608820148038e-09
6700.04800076804 1.7249756036515874e-09
6750.04800076804 1.89937007007017e-09
6800.04800076804 2.0803090299725565e-09
6850.04800076804 2.2743552699798195e-09
6900.04800076804 2.3665054850566122e-09
6950.04800076804 2.4563768218443564e-09
7000.04800076804 2.7306926212174993e-09
7050.04800076804 2.871581018314965e-09
7100.04800076804 3.0746769167363104e-09
7150.04800076804 2.796054950689302e-09
7200.04800076804 2.775756653134882e-09
7250.04800076804 3.133727940750692e-09
7300.04800076804 3.2861665284945235e-09
7350.04800076804 3.6556358698117982e-09
7400.04800076804 4.0876107371667154e-09
7450.04800076804 4.600569184563168e-09
7500.04800076804 5.015565229904729e-09
7550.04800076804 5.461767468258322e-09
7600.04800076804 5.910912334555293e-09
7650.04800076804 6.269441392099049e-09
7700.04800076804 4.815710964140694e-09
7750.04800076804 3.097949285844554e-09
7800.04800076804 6.977398243773171e-09
7850.04800076804 7.755360791156961e-09
7900.04800076804 8.420231448490113e-09
7950.04800076804 9.070413711394448e-09
8000.04800076804 9.501850880234157e-09
8050.04800076804 9.854234346410732e-09
8100.04800076804 8.566506197603861e-09
8150.04800076804 7.973628451683953e-09
8200.04800076804 1.0178016182986205e-08
8250.04800076804 1.000821967469493e-08
8300.04800076804 1.0855718162711493e-08
8350.04800076804 1.1217382194779074e-08
8400.04800076804 1.1879758345212467e-08
8450.04800076804 1.3200930596510765e-08
8500.04800076804 1.4414298721265947e-08
8550.04800076804 1.5755420781917173e-08
8600.04800076804 1.7250670964769413e-08
8650.04800076804 1.8409094606943476e-08
8700.04800076804 1.910557768733999e-08
8750.04800076804 2.0224489087964153e-08
8800.04800076804 2.0650135025764108e-08
8850.04800076804 1.916447671591479e-08
8900.04800076804 1.2427798864386798e-08
8950.04800076804 1.1129566822705135e-08
9000.04800076804 1.0970395319374982e-08
9050.04800076804 1.836055066378787e-08
9100.04800076804 1.9093557982212897e-08
9150.04800076804 1.832464937216682e-08
9200.04800076804 2.0697734079983527e-08
9250.04800076804 1.6748343918966706e-08
9300.04800076804 2.0076577586186452e-09
9350.04800076804 3.459536733726702e-09
9400.04800076804 9.307898487312453e-09
9450.04800076804 7.398446001754139e-09
9500.04800076804 6.370737801253977e-09
9550.04800076804 6.675283335364801e-09
9600.04800076804 6.911255399351054e-09
9650.04800076804 9.05758138534079e-09
9700.04800076804 1.4098404764258548e-08
9750.04800076804 1.4896348990434131e-08
9800.04800076804 1.7589967308424012e-08
9850.04800076804 2.102511055026805e-08
9900.04800076804 2.615651688403816e-08
9950.04800076804 2.7930354784974628e-08
10000.04800076804 3.256995436101373e-08
10050.04800076804 3.433842628259621e-08
10100.04800076804 3.848395859711896e-08
10150.04800076804 4.114475182042328e-08
10200.04800076804 4.3915415570074524e-08
10250.04800076804 4.801301713241897e-08
10300.04800076804 5.246160201531867e-08
10350.04800076804 5.3904318935322354e-08
10400.04800076804 5.88089456792313e-08
10450.04800076804 6.158887980689892e-08
10500.04800076804 6.352193844658898e-08
10550.04800076804 6.55036726190445e-08
10600.04800076804 6.549733278388548e-08
10650.04800076804 6.543488904756925e-08
10700.04800076804 6.375899156873944e-08
10750.04800076804 6.307134567516883e-08
10800.04800076804 6.09513957659606e-08
10850.04800076804 5.7246316845299815e-08
10900.04800076804 4.698255517924852e-08
10950.04800076804 2.8824149405319825e-08
11000.04800076804 1.864742413782208e-08
11050.04800076804 1.0383012641784743e-08
11100.04800076804 5.779179589269513e-09
11150.04800076804 3.126472644545764e-09
11200.04800076804 3.174435600347897e-09
11250.04800076804 4.701490873103939e-09
11300.04800076804 5.409322486037321e-09
11350.04800076804 2.23296077807771e-09
11400.04800076804 7.250665948526293e-09
11450.04800076804 4.524407142604814e-09
11500.04800076804 4.776107196551909e-09
11550.04800076804 2.2482172754818603e-09
11600.04800076804 1.9095405629413203e-09
11650.04800076804 3.808687492444975e-09
11700.04800076804 4.533279546353666e-09
11750.04800076804 2.48039611740124e-09
11800.04800076804 7.239458417408008e-09
11850.04800076804 1.0995313981326367e-08
11900.04800076804 1.4089243203330928e-08
11950.04800076804 1.9570089829133693e-08
12000.04800076804 2.54249626364071e-08
12050.04800076804 3.2312153407969625e-08
12100.04800076804 3.905634456547412e-08
12150.04800076804 4.698667402748578e-08
12200.04800076804 5.3463700073201764e-08
12250.04800076804 6.169934958601606e-08
12300.04800076804 7.14232124466312e-08
12350.04800076804 7.531380867660764e-08
12400.04800076804 8.711113562815281e-08
12450.04800076804 9.72440998109905e-08
12500.04800076804 1.0448143577192496e-07
12550.04800076804 1.1155758482827905e-07
12600.04800076804 1.1611765481690488e-07
12650.04800076804 1.1732795652642962e-07
12700.04800076804 1.1760643660224631e-07
12750.04800076804 1.0873302344029748e-07
12800.04800076804 1.0219340311339006e-07
12850.04800076804 8.553106518398938e-08
12900.04800076804 7.52171868950726e-08
12950.04800076804 6.70818623101522e-08
13000.04800076804 6.801061150155515e-08
13050.04800076804 5.671391025182981e-08
13100.04800076804 5.6595189693961404e-08
13150.04800076804 4.376227199096246e-08
13200.04800076804 4.2004215747092015e-08
13250.04800076804 2.9333923632397196e-08
13300.04800076804 1.3762487278638263e-08
13350.04800076804 4.4692490505845505e-09
13400.04800076804 1.0534190205863257e-09
13450.04800076804 4.1454098329071604e-10
13500.04800076804 1.7520270459720748e-10
13550.04800076804 7.478599773833012e-11
13600.04800076804 3.251242506600269e-11
13650.04800076804 1.6440089209923613e-10
13700.04800076804 1.003534546051335e-10
13750.04800076804 2.842522874908035e-10
13800.04800076804 3.3519134601308134e-10
13850.04800076804 1.3282782851630875e-10
13900.04800076804 1.635658916313733e-10
13950.04800076804 1.6425281262578074e-10
14000.04800076804 1.969458137908808e-10
14050.04800076804 2.902593849823002e-10
14100.04800076804 2.1699833595792178e-10
14150.04800076804 3.9652078783689705e-10
14200.04800076804 2.7149742680133147e-10
14250.04800076804 3.448584683291056e-10
14300.04800076804 9.958293087161186e-10
14350.04800076804 8.253104767037353e-10
14400.04800076804 8.362625531848652e-10
14450.04800076804 1.4139300539981381e-09
14500.04800076804 2.8658114909678033e-09
14550.04800076804 2.929698150113566e-09
14600.04800076804 5.580622506412495e-09
14650.04800076804 4.689282896952313e-09
14700.04800076804 2.794569977290582e-09
14750.04800076804 4.029188655213869e-09
14800.04800076804 4.833457944023926e-09
14850.04800076804 5.2946164702093746e-09
14900.04800076804 5.888752111387482e-09
14950.04800076804 7.789491289742595e-09
15000.04800076804 1.0657094853044424e-08
15050.04800076804 1.2194135244484008e-08
15100.04800076804 1.2955115413233917e-08
15150.04800076804 1.2957696389901837e-08
15200.04800076804 1.6461109940489738e-08
15250.04800076804 2.3180660189257996e-08
15300.04800076804 2.6583284461595583e-08
15350.04800076804 3.301372837343605e-08
15400.04800076804 3.834675998074272e-08
15450.04800076804 4.273300651805461e-08
15500.04800076804 4.7047083059786644e-08
15550.04800076804 5.472200874868361e-08
15600.04800076804 6.114721016858912e-08
15650.04800076804 6.633030590263802e-08
15700.04800076804 7.473094324928609e-08
15750.04800076804 7.84746950889392e-08
15800.04800076804 8.058541050272338e-08
15850.04800076804 8.367404559777446e-08
15900.04800076804 7.929711520804664e-08
15950.04800076804 7.507494604832689e-08
16000.04800076804 6.439533765863819e-08
16050.04800076804 4.8199851601239514e-08
16100.04800076804 3.52641533877478e-08
16150.04800076804 2.3014348755468022e-08
16200.04800076804 1.3970763627530753e-08
16250.04800076804 1.1391213842086157e-08
16300.04800076804 8.978534256601912e-09
16350.04800076804 1.0109448372872725e-08
16400.04800076804 1.1830103515956136e-08
16450.04800076804 1.2350792457439227e-08
16500.04800076804 1.3415936908726324e-08
16550.04800076804 1.3018852392505813e-08
16600.04800076804 1.6459899515970686e-08
16650.04800076804 1.0675241462193165e-08
16700.04800076804 2.9884782900855628e-09
16750.04800076804 7.63262093748335e-09
16800.04800076804 1.1248647539127516e-08
16850.04800076804 1.0919071865135429e-08
16900.04800076804 7.969134023395554e-09
16950.04800076804 6.471912272152372e-09
17000.04800076804 4.646697164538728e-09
17050.04800076804 6.966454823031927e-09
17100.04800076804 8.975296143922954e-09
17150.04800076804 6.858421225101165e-09
17200.04800076804 1.237201787601411e-08
17250.04800076804 8.50479687298848e-09
17300.04800076804 6.8093155061193155e-09
17350.04800076804 6.819355938121456e-09
17400.04800076804 7.856731396550077e-09
17450.04800076804 8.801164893985648e-09
17500.04800076804 1.0167863836893336e-08
17550.04800076804 7.969581506265824e-09
17600.04800076804 6.748005259158183e-09
17650.04800076804 5.686623936000729e-09
17700.04800076804 4.5959791642921484e-09
17750.04800076804 3.474578585022843e-09
17800.04800076804 4.798787895369656e-09
17850.04800076804 2.8237357140479445e-09
17900.04800076804 2.739473670851847e-09
17950.04800076804 1.6274630479216018e-09
18000.04800076804 2.4902313640916355e-09
18050.04800076804 1.4048462350867363e-09
18100.04800076804 1.5756108045923067e-09
18150.04800076804 1.720862661906807e-09
18200.04800076804 9.757542737049447e-10
18250.04800076804 3.0914057522380096e-09
18300.04800076804 8.996541962203672e-10
18350.04800076804 8.11139257862193e-10
18400.04800076804 5.928055140729828e-10
18450.04800076804 1.8701197084054103e-09
18500.04800076804 1.764744192331188e-09
18550.04800076804 1.039264901176932e-09
18600.04800076804 1.1317580738389108e-09
18650.04800076804 7.480903319626736e-10
18700.04800076804 3.656876159961554e-10
18750.04800076804 7.871338870866919e-10
18800.04800076804 3.303458122375047e-09
18850.04800076804 3.1496744735449402e-09
18900.04800076804 2.5990418384911825e-09
18950.04800076804 5.287932341637403e-09
19000.04800076804 1.8873466472970714e-09
19050.04800076804 1.0979657465749956e-09
19100.04800076804 2.7278659792415307e-09
19150.04800076804 1.3385620101970349e-09
19200.04800076804 2.443730521281056e-09
19250.04800076804 1.6395962040215956e-09
19300.04800076804 1.2005128593368716e-09
19350.04800076804 1.3496643252878049e-09
19400.04800076804 9.146792032186481e-10
19450.04800076804 1.895104927177066e-09
19500.04800076804 1.882515249076702e-09
19550.04800076804 1.5319849839988946e-09
19600.04800076804 2.3281974628551927e-09
19650.04800076804 2.956879457895391e-09
19700.04800076804 3.1175260810777055e-09
19750.04800076804 4.218380062575998e-09
19800.04800076804 4.087276010933815e-09
19850.04800076804 5.912959469732717e-09
19900.04800076804 5.086139068112134e-09
19950.04800076804 7.535121338712647e-09
20000.04800076804 7.162427462552464e-09
20050.04800076804 7.663782888818985e-09
20100.04800076804 9.701508116076919e-09
20150.04800076804 8.007382600112093e-09
20200.04800076804 8.34000397554264e-09
20250.04800076804 1.0786863758734076e-08
20300.04800076804 1.0422054801607346e-08
20350.04800076804 1.1784319385319505e-08
20400.04800076804 1.1024556268722809e-08
20450.04800076804 1.3668047768306347e-08
20500.04800076804 1.4042024203666963e-08
20550.04800076804 1.4235754430808215e-08
20600.04800076804 1.498564924137373e-08
20650.04800076804 1.522817420680995e-08
20700.04800076804 1.5075712989713165e-08
20750.04800076804 1.5582522389343553e-08
20800.04800076804 1.5229460113141094e-08
20850.04800076804 1.5567028693249356e-08
20900.04800076804 1.5571392452522743e-08
20950.04800076804 1.5150166817962118e-08
21000.04800076804 1.4875229359875786e-08
21050.04800076804 1.46263494654815e-08
21100.04800076804 1.4273272386187522e-08
21150.04800076804 1.4144455837151398e-08
21200.04800076804 1.3589548182469051e-08
21250.04800076804 1.3099223535584346e-08
21300.04800076804 1.2237469741639417e-08
21350.04800076804 1.1870296932983117e-08
21400.04800076804 1.1721891707858917e-08
21450.04800076804 1.0353453017801478e-08
21500.04800076804 1.0211733120453207e-08
21550.04800076804 9.802528962466962e-09
21600.04800076804 9.134772962599451e-09
21650.04800076804 8.354754981425534e-09
21700.04800076804 8.671198360680455e-09
21750.04800076804 8.22672678668642e-09
21800.04800076804 7.188688240056664e-09
21850.04800076804 6.378708468460462e-09
21900.04800076804 5.479163780292712e-09
21950.04800076804 3.041246046445647e-09
22000.04800076804 8.388083684565428e-10
22050.04800076804 9.94645019844205e-10
22100.04800076804 2.5640408240448446e-09
22150.04800076804 2.4647060266995772e-09
22200.04800076804 2.1877855341896807e-09
22250.04800076804 2.0913975632121213e-09
22300.04800076804 1.3868273179413432e-09
22350.04800076804 1.4859291554729762e-09
22400.04800076804 8.914997211174725e-10
22450.04800076804 8.54315209595808e-10
22500.04800076804 9.343852880136385e-10
22550.04800076804 5.526306380310696e-10
22600.04800076804 6.873910049176076e-10
22650.04800076804 9.699836814260617e-10
22700.04800076804 7.199399806337639e-10
22750.04800076804 7.618911566315534e-10
22800.04800076804 8.700304854822632e-10
22850.04800076804 7.065504116765108e-10
22900.04800076804 5.427496454131213e-10
22950.04800076804 4.3369612378211016e-10
23000.04800076804 5.984956111253915e-10
23050.04800076804 7.393007507317189e-10
23100.04800076804 2.2643718920095257e-09
23150.04800076804 2.125458326757225e-09
23200.04800076804 2.275585947004762e-10
23250.04800076804 5.424006514030151e-10
23300.04800076804 5.856388371653163e-10
23350.04800076804 4.737588998099151e-10
23400.04800076804 5.447224161108332e-10
23450.04800076804 3.838980021811953e-10
23500.04800076804 4.065182197545077e-10
23550.04800076804 6.779551628694714e-10
23600.04800076804 1.0437822374401584e-09
23650.04800076804 1.179568441923375e-09
23700.04800076804 3.433021305071572e-10
23750.04800076804 3.794062707338339e-10
23800.04800076804 1.029474539457744e-09
