galfind/configs/Brown_Dwarf_templates/sonora_cholla/logkzz4/1780g/800K_1780g_logkzz4_resample.dat
# %ECSV 1.0
# ---
# datatype:
# - {name: wav, unit: Angstrom, datatype: float64}
# - {name: flux_nu, unit: erg / (cm2 Hz s), datatype: float64}
# schema: astropy-2.0
wav flux_nu
[from data line 1209]
63450.04800076804 1.7297124786641843e-08
63500.04800076804 5.645115889001071e-08
63550.04800076804 6.993491100951831e-08
63600.04800076804 6.57080560051599e-08
63650.04800076804 4.6674099286031055e-08
63700.04800076804 1.9605395880714338e-08
63750.04800076804 3.842237063427445e-08
63800.04800076804 6.997444776750772e-08
63850.04800076804 5.598820347574777e-08
63900.04800076804 2.5356010962436844e-08
63950.04800076804 4.771548283686516e-08
64000.04800076804 5.984213162415137e-08
64050.04800076804 3.0630582419237095e-08
64100.04800076804 8.607970055859995e-09
64150.04800076804 1.3369274508604611e-08
64200.04800076804 1.5990078412028726e-08
64250.04800076804 3.520449381551626e-08
64300.04800076804 2.763252838588221e-08
64350.04800076804 2.1021888829892923e-08
64400.04800076804 4.822899878529398e-08
64450.04800076804 5.057989956293341e-08
64500.04800076804 2.207333227052628e-08
64550.04800076804 4.214554371340348e-08
64600.04800076804 2.691951904004973e-08
64650.04800076804 4.2510426455482946e-08
64700.04800076804 1.6359680447411554e-08
64750.04800076804 2.3589015029640887e-08
64800.04800076804 1.7438858183344817e-08
64850.04800076804 1.4086136763257309e-08
64900.04800076804 1.5258616599953133e-08
64950.04800076804 1.36299495524576e-08
65000.04800076804 1.999518687891245e-08
65050.04800076804 2.9511225165091196e-08
65100.04800076804 3.868033606084396e-08
65150.04800076804 2.238420833080538e-08
65200.04800076804 1.3168570670932983e-08
65250.04800076804 2.798544300207552e-08
65300.04800076804 3.008732694831235e-08
65350.04800076804 6.409198759896214e-08
65400.04800076804 2.728946143718373e-08
65450.04800076804 2.740323366115331e-08
65500.04800076804 3.2842906814821914e-08
65550.04800076805 1.6975405700758224e-08
65600.04800076805 3.2081971849125274e-08
65650.04800076805 2.4087560417197736e-08
65700.04800076805 2.2613407621120204e-08
65750.04800076805 1.5768215847511834e-08
65800.04800076805 2.930821347517035e-08
65850.04800076805 4.141005700021297e-08
65900.04800076805 1.4813555366688138e-08
65950.04800076805 1.929103065526718e-08
66000.04800076805 2.4811189236864482e-08
66050.04800076805 5.013361398826077e-08
66100.04800076805 2.8422355573670618e-08
66150.04800076805 2.5330678669454224e-08
66200.04800076805 2.319077766382903e-08
66250.04800076805 1.7194405217160496e-08
66300.04800076805 8.01036523218451e-09
66350.04800076805 9.19241783238197e-09
66400.04800076805 1.567387751016583e-08
66450.04800076805 3.569730694229482e-08
66500.04800076805 5.080235223185601e-08
66550.04800076805 4.572206806219542e-08
66600.04800076805 3.6292645590915935e-08
66650.04800076805 3.075244932189129e-08
66700.04800076805 2.342217161031483e-08
66750.04800076805 2.2634115692079542e-08
66800.04800076805 2.8915350446114e-08
66850.04800076805 1.9112272300198022e-08
66900.04800076805 4.9543380279094085e-08
66950.04800076805 5.048518803965402e-08
67000.04800076805 5.879675232546581e-08
67050.04800076805 3.2270241132083655e-08
67100.04800076805 2.1885439536942495e-08
67150.04800076805 2.5323638382119594e-08
67200.04800076805 3.6972993334406196e-08
67250.04800076805 3.2670175312652553e-08
67300.04800076805 4.5924501186161284e-08
67350.04800076805 2.430057426157889e-08
67400.04800076805 5.3675214617133274e-08
67450.04800076805 3.51254253051562e-08
67500.04800076805 3.3776022575815014e-08
67550.04800076805 5.4001022800507e-08
67600.04800076805 8.83777502775398e-08
67650.04800076805 6.393411579287504e-08
67700.04800076805 4.1464805881560024e-08
67750.04800076805 2.9568101780557378e-08
67800.04800076805 4.2370023092678996e-08
67850.04800076805 2.0960435112026126e-08
67900.04800076805 2.6483262878001342e-08
67950.04800076805 1.9492198594126214e-08
68000.04800076805 4.008426597273941e-08
68050.04800076805 4.6141842274563466e-08
68100.04800076805 6.230358028402865e-08
68150.04800076805 5.235412391849682e-08
68200.04800076805 4.662157872800491e-08
68250.04800076805 1.3907826258180736e-08
68300.04800076805 4.60816901230411e-08
68350.04800076805 4.02296903709341e-08
68400.04800076805 6.975129622274678e-08
68450.04800076805 5.925830918991094e-08
68500.04800076805 4.230464748715382e-08
68550.04800076805 2.1009971404861034e-08
68600.04800076805 2.259364838520699e-08
68650.04800076805 1.2392143906396062e-08
68700.04800076805 2.7054684863524975e-08
68750.04800076805 4.086448991580992e-08
68800.04800076805 4.5996165253182674e-08
68850.04800076805 2.0761104850506937e-08
68900.04800076805 6.728569310406445e-08
68950.04800076805 7.030403296893462e-08
69000.04800076805 5.21483256734943e-08
69050.04800076805 2.792298541355255e-08
69100.04800076805 6.282680884816809e-08
69150.04800076805 8.153042668039666e-08
69200.04800076805 5.3237252635337506e-08
69250.04800076805 8.159229671634876e-08
69300.04800076805 5.590038024769513e-08
69350.04800076805 8.052188405714426e-08
69400.04800076805 3.268066700863008e-08
69450.04800076805 7.641531455273744e-08
69500.04800076805 4.061454573528028e-08
69550.04800076805 3.762970692818384e-08
69600.04800076805 1.1772053111730159e-08
69650.04800076805 3.54465211975912e-08
69700.04800076805 6.302040888823182e-08
69750.04800076805 4.108788822437876e-08
69800.04800076805 5.91467569405178e-08
69850.04800076805 6.462938478666887e-08
69900.04800076805 4.718668125200543e-08
69950.04800076805 4.4980672876035487e-08
70000.04800076805 4.1908078393351604e-08
70050.04800076805 7.735086867209956e-08
70100.04800076805 5.295372304657643e-08
70150.04800076805 5.201901244173354e-08
70200.04800076805 3.475552780895191e-08
70250.04800076805 4.6921212250702114e-08
70300.04800076805 7.550557058163453e-08
70350.04800076805 5.673670735992826e-08
70400.04800076805 3.3977609556508666e-08
70450.04800076805 1.0145391962545154e-08
70500.04800076805 2.7985144397941407e-08
70550.04800076805 2.7791878654448134e-08
70600.04800076805 3.034869014966413e-08
70650.04800076805 6.177807916326098e-08
70700.04800076805 6.013344443571433e-08
70750.04800076805 8.500833118892502e-08
70800.04800076805 4.3837663168143306e-08
70850.04800076805 4.2278769463771496e-08
70900.04800076805 4.8882118918606184e-08
70950.04800076805 6.763538331548917e-08
71000.04800076805 6.229960873297335e-08
71050.04800076805 6.226012177282441e-08
71100.04800076805 5.241849499159263e-08
71150.04800076805 3.9101171459810385e-08
71200.04800076805 3.521540016870937e-08
71250.04800076805 5.03720778933963e-08
71300.04800076805 6.482493004383471e-08
71350.04800076805 6.668350818655291e-08
71400.04800076805 5.696911488538311e-08
71450.04800076805 2.756412798589056e-08
71500.04800076805 3.236798234166864e-08
71550.04800076805 3.6313118080433653e-08
71600.04800076805 4.593104172670848e-08
71650.04800076805 3.225225419233712e-08
71700.04800076805 2.4536653080603002e-08
71750.04800076805 4.379605037267597e-08
71800.04800076805 5.87719274154153e-08
71850.04800076805 5.728113239466457e-08
71900.04800076805 3.3167092001774975e-08
71950.04800076805 4.46453838657656e-08
72000.04800076805 4.147446972509593e-08
72050.04800076805 2.4688907974342006e-08
72100.04800076805 3.021813483864725e-08
72150.04800076805 3.000408829590255e-08
72200.04800076805 4.37776927107146e-08
72250.04800076805 5.953151874577026e-08
72300.04800076805 4.0336208229805265e-08
72350.04800076805 4.455685075423291e-08
72400.04800076805 4.079534465574191e-08
72450.04800076805 3.4279389532249835e-08
72500.04800076805 4.472085718319224e-08
72550.04800076805 1.8911927771341363e-08
72600.04800076805 3.1509297458617783e-08
72650.04800076805 5.169719890456186e-08
72700.04800076805 3.713264866372359e-08
72750.04800076805 3.814546721063489e-08
72800.04800076805 2.5465785343428677e-08
72850.04800076805 3.108514452638447e-08
72900.04800076805 5.6973826287955556e-08
72950.04800076805 3.721138727766277e-08
73000.04800076805 3.7998030208116766e-08
73050.04800076805 2.356318443617284e-08
73100.04800076805 2.6802890269063156e-08
73150.04800076805 5.862820915629671e-08
73200.04800076805 2.679751833094008e-08
73250.04800076805 3.517961737395321e-08
73300.04800076805 2.8502064888728108e-08
73350.04800076805 2.099562971231227e-08
73400.04800076805 3.4144510094713155e-08
73450.04800076805 2.1662174668240874e-08
73500.04800076805 1.979545001283588e-08
73550.04800076805 3.3549137536094966e-08
73600.04800076805 3.125131118321609e-08
73650.04800076805 3.343410177497975e-08
73700.04800076805 3.396875432157481e-08
73750.04800076805 1.5462396936500647e-08
73800.04800076805 2.9622658793981295e-08
73850.04800076805 3.825939903128432e-08
73900.04800076805 2.6821625238609026e-08
73950.04800076805 2.630763226050166e-08
74000.04800076805 1.7264194406479293e-08
74050.04800076805 4.76748748324678e-08
74100.04800076805 3.202978495780642e-08
74150.04800076805 3.3612896549239176e-08
74200.04800076805 2.4295421290537825e-08
74250.04800076805 8.348215377871362e-09
74300.04800076805 3.177194553049731e-08
74350.04800076805 4.385563434070259e-08
74400.04800076805 4.200126770722909e-08
74450.04800076805 1.9618323915318905e-08
74500.04800076805 1.4101263315586506e-08
74550.04800076805 2.6329200313692076e-08
74600.04800076805 2.8095579099284742e-08
74650.04800076805 2.7556833324826143e-08
74700.04800076805 1.9773425431908027e-08
74750.04800076805 1.717117924671993e-08
74800.04800076805 2.233372811130958e-08
74850.04800076805 2.8051618634372047e-08
74900.04800076805 4.2754150566907507e-08
74950.04800076805 4.1201541856633056e-08
75000.04800076805 2.2833294266156815e-08
75050.04800076805 1.1609479082961345e-08
75100.04800076805 4.236123534728475e-08
75150.04800076805 4.175961544794944e-08
75200.04800076805 4.4176866694991754e-08
75250.04800076805 4.880114922051006e-08
75300.04800076805 4.191856916989654e-08
75350.04800076805 1.7118985367069124e-08
75400.04800076805 5.236958107330005e-08
75450.04800076805 4.3611867256442826e-08
75500.04800076805 4.008906273432744e-08
75550.04800076805 4.170000772099436e-08
75600.04800076805 5.3934285394085586e-08
75650.04800076805 3.395578681848401e-08
75700.04800076805 4.695965131649771e-08
75750.04800076805 2.9213787068505402e-08
75800.04800076805 4.27612381495913e-08
75850.04800076805 5.040583736996314e-08
75900.04800076805 4.593847932219033e-08
75950.04800076805 2.638868692109134e-08
76000.04800076805 5.0542058869853724e-08
76050.04800076805 4.6860670271610954e-08
76100.04800076805 4.5229058958098924e-08
76150.04800076805 4.9319428487602984e-08
76200.04800076805 4.6001792485372084e-08
76250.04800076805 4.0512132312674505e-08
76300.04800076805 7.583149219360748e-08
76350.04800076805 8.313824813674906e-08
76400.04800076805 6.298139863922739e-08
76450.04800076805 5.5072403797900144e-08
76500.04800076805 4.261760524268506e-08
76550.04800076805 2.2027825345361598e-08
76600.04800076805 7.1019849185673905e-09
76650.04800076805 8.992820535109971e-09
76700.04800076805 1.1702021443413764e-08
76750.04800076805 1.126851599379777e-08
76800.04800076805 2.1088251608304606e-08
76850.04800076805 8.881846013701112e-09
76900.04800076805 9.854314081518708e-09
76950.04800076805 1.9445468789819286e-08
77000.04800076805 2.4138664716381656e-08
77050.04800076805 1.118695947254094e-08
77100.04800076805 1.432353724057027e-08
77150.04800076805 2.71629156973524e-08
77200.04800076805 2.030281030002911e-08
77250.04800076805 2.1121298155647634e-08
77300.04800076805 2.5547490254171312e-08
77350.04800076805 1.2882055598879573e-08
77400.04800076805 1.614467584948746e-08
77450.04800076805 2.6192154176868384e-08
77500.04800076805 2.1787690971880078e-08
77550.04800076805 2.1307615019043446e-08
77600.04800076805 1.8307455644153977e-08
77650.04800076805 2.101241906003007e-08
77700.04800076805 1.9151485395492785e-08
77750.04800076805 3.4082557708149186e-08
77800.04800076805 3.1358041073676804e-08
77850.04800076805 5.281850441998205e-08
77900.04800076805 3.268496296833598e-08
77950.04800076805 1.3921474910908817e-08
78000.04800076805 2.6665752267316262e-08
78050.04800076805 2.7092552213295118e-08
78100.04800076805 2.6572138006750177e-08
78150.04800076805 4.3138808887136826e-08
78200.04800076805 4.606936024460321e-08
78250.04800076805 4.681915776153413e-08
78300.04800076805 3.0271438787473244e-08
78350.04800076805 4.068417347543534e-08
78400.04800076805 2.1030579249089245e-08
78450.04800076805 4.219610139343243e-08
78500.04800076805 5.312756545107477e-08
78550.04800076805 5.85651641586478e-08
78600.04800076805 4.666805172973653e-08
78650.04800076805 1.2718047569032426e-08
78700.04800076805 2.236152608232195e-08
78750.04800076805 2.936780034528594e-08
78800.04800076805 3.506085309971932e-08
78850.04800076805 1.591048246466807e-08
78900.04800076805 3.205045055141935e-08
78950.04800076805 3.9838246817124295e-08
79000.04800076805 3.593172766066428e-08
79050.04800076805 2.9692392480118297e-08
79100.04800076805 3.572250643944394e-08
79150.04800076805 3.4093634609349384e-08
79200.04800076805 3.919998452301521e-08
79250.04800076805 2.5606427126794455e-08
79300.04800076805 2.3713689339185175e-08
79350.04800076805 3.521463079544809e-08
79400.04800076805 2.2289069035618583e-08
79450.04800076805 4.943706221997361e-08
79500.04800076805 6.556101478507925e-08
79550.04800076805 5.438046796226449e-08
79600.04800076805 2.6887598651387583e-08
79650.04800076805 4.122846001027397e-08
79700.04800076805 3.829666191736543e-08
79750.04800076805 3.940825000508081e-08
79800.04800076805 2.5980856062049187e-08
79850.04800076805 4.03001844720058e-08
79900.04800076805 7.224962529466612e-08
79950.04800076805 6.107935771929643e-08
