galfind/configs/Brown_Dwarf_templates/sonora_cholla/logkzz4/1780g/850K_1780g_logkzz4_resample.dat
# %ECSV 1.0
# ---
# datatype:
# - {name: wav, unit: Angstrom, datatype: float64}
# - {name: flux_nu, unit: erg / (cm2 Hz s), datatype: float64}
# schema: astropy-2.0
wav flux_nu
[from data line 773]
48650.000000000095 1.1668573208325431e-07
48700.000000000095 1.929463921229057e-07
48750.000000000095 1.0744115648119452e-07
48800.000000000095 1.9763028029166358e-07
48850.000000000095 1.2037590021103553e-07
48900.000000000095 1.7363794945692532e-07
48950.000000000095 1.4256918492334132e-07
49000.000000000095 1.0237671305391183e-07
49050.000000000095 1.832316623276044e-07
49100.000000000095 1.4160884679661747e-07
49150.000000000095 1.9214912218611365e-07
49200.000000000095 1.536089482658102e-07
49250.000000000095 2.172105552263247e-07
49300.000000000095 1.5328245108542696e-07
49350.000000000095 1.2194622834466274e-07
49400.000000000095 1.544333186809165e-07
49450.000000000095 1.5690501352401345e-07
49500.000000000095 1.3794050043487462e-07
49550.000000000095 5.515293679979523e-08
49600.000000000095 1.1733342432501038e-07
49650.000000000095 1.3685452797958643e-07
49700.000000000095 1.5678755374165449e-07
49750.000000000095 2.0415319050681707e-07
49800.000000000095 1.2461157421459026e-07
49850.000000000095 2.3921897651851687e-07
49900.000000000095 1.9392056818030978e-07
49950.000000000095 1.8743811485355135e-07
50000.000000000095 1.9076062261028507e-07
50050.000000000095 1.9913988618397442e-07
50100.000000000095 1.9203493811189255e-07
50150.000000000095 1.0336975247637096e-07
50200.000000000095 4.5537476955470746e-08
50250.000000000095 1.418548546013268e-07
50300.000000000095 1.0393631576258313e-07
50350.000000000095 2.0544081548315705e-07
50400.000000000095 1.8215334797839822e-07
50450.000000000095 1.5052789973419597e-07
50500.000000000095 2.2537417648563117e-07
50550.000000000095 2.1296133928121092e-07
50600.000000000095 1.637654088496319e-07
50650.000000000095 1.9852394563631283e-07
50700.000000000095 2.627377153365312e-07
50750.000000000095 1.8334774050911102e-07
50800.000000000095 9.275014683168996e-08
50850.000000000095 7.135385029067885e-08
50900.000000000095 2.0943722408417082e-07
50950.000000000095 1.9871452222408892e-07
51000.000000000095 1.7121099269166517e-07
51050.000000000095 1.895720142501568e-07
51100.000000000095 8.83443188993006e-08
51150.000000000095 1.163973005811889e-07
51200.000000000095 2.5347585673699873e-07
51250.000000000095 1.7220713030223083e-07
51300.000000000095 1.3083611891572107e-07
51350.000000000095 1.5292048956912307e-07
51400.000000000095 8.151085282592358e-08
51450.000000000095 6.94585435751967e-08
51500.000000000095 5.967779767645848e-08
51550.000000000095 1.4118820540837609e-07
51600.000000000095 1.1551229798130392e-07
51650.000000000095 1.4371734546150063e-07
51700.000000000095 1.5277030222995742e-07
51750.000000000095 9.843974846692921e-08
51800.000000000095 1.948722266331188e-07
51850.000000000095 1.6050117845298713e-07
51900.000000000095 2.1393874766373904e-07
51950.000000000095 1.4714830714135208e-07
52000.000000000095 3.679941880614435e-08
52050.000000000095 9.2463214246804e-08
52100.000000000095 7.319013050026849e-08
52150.000000000095 5.292634079389381e-08
52200.000000000095 7.76473871368112e-08
52250.000000000095 1.1842858064581817e-07
52300.000000000095 1.9093490989167783e-07
52350.000000000095 8.586706056877811e-08
52400.000000000095 8.121611605701784e-08
52450.000000000095 1.670308455240445e-07
52500.000000000095 1.5325642499182427e-07
52550.000000000095 1.4723060982825729e-07
52600.000000000095 1.240026517997185e-07
52650.000000000095 1.279242482943115e-07
52700.000000000095 9.921885712591073e-08
52750.000000000095 6.675289444577845e-08
52800.000000000095 8.35161425610656e-08
52850.000000000095 9.976284753712913e-08
52900.000000000095 6.782612672154586e-08
52950.000000000095 8.803247573757187e-08
53000.000000000095 1.515664711734566e-07
53050.000000000095 5.9129743864197906e-08
53100.000000000095 1.5801752606745885e-07
53150.000000000095 1.8363666410102564e-07
53200.000000000095 7.694095540684616e-08
53250.000000000095 1.5935136370912246e-07
53300.000000000095 1.7598943293075883e-07
53350.000000000095 1.7348618288662128e-07
53400.000000000095 1.44300878534701e-07
53450.000000000095 5.5566840739886653e-08
53500.000000000095 2.7346512105082808e-08
53550.000000000095 4.7147011819874615e-08
53600.000000000095 1.0034698868380265e-07
53650.000000000095 8.46132014228564e-08
53700.000000000095 7.597323560629055e-08
53750.000000000095 7.145549812011342e-08
53800.000000000095 7.486384996080248e-08
53850.000000000095 1.0961043130565245e-07
53900.000000000095 1.294791429354781e-07
53950.000000000095 1.5441095805765997e-07
54000.000000000095 9.963023053202175e-08
54050.000000000095 1.0386035521996081e-07
54100.000000000095 3.7829409567882144e-08
54150.000000000095 5.8053430625569435e-08
54200.000000000095 2.1459929671512006e-08
54250.000000000095 3.593587121098827e-08
54300.000000000095 6.78154576485655e-08
54350.000000000095 9.442434193301296e-08
54400.000000000095 8.76094102522706e-08
54450.000000000095 7.904332246733153e-08
54500.000000000095 6.961222820518556e-08
54550.000000000095 6.011237775492774e-08
54600.000000000095 6.995597746569839e-08
54650.000000000095 2.608210912200011e-08
54700.000000000095 8.38431528737569e-08
54750.000000000095 7.545691564226466e-08
54800.000000000095 4.775283415304668e-08
54850.000000000095 6.328979084422632e-08
54900.000000000095 9.649969927412818e-08
54950.000000000095 1.3283393719025754e-07
55000.000000000095 5.2111620236660656e-08
55050.000000000095 7.824974191027239e-08
55100.000000000095 8.612066605519956e-08
55150.000000000095 5.973023752658265e-08
55200.000000000095 5.2660782602636844e-08
55250.000000000095 6.619807065361288e-08
55300.000000000095 4.425111952479711e-08
55350.000000000095 8.259989603541899e-08
55400.000000000095 9.712219026025318e-08
55450.000000000095 6.232337826541993e-08
55500.000000000095 3.0022143604736544e-08
55550.000000000095 3.888321514292111e-08
55600.000000000095 4.781085902610997e-08
55650.000000000095 4.1778853973837726e-08
55700.000000000095 4.9368676461193816e-08
55750.000000000095 5.09527662949993e-08
55800.000000000095 3.037420665849063e-08
55850.000000000095 3.302892602907505e-08
55900.000000000095 7.02684124356282e-08
55950.000000000095 9.778508024770736e-08
56000.000000000095 4.1285325491906374e-08
56050.000000000095 5.313558308683407e-08
56100.000000000095 7.011324216560323e-08
56150.000000000095 4.330992670048163e-08
56200.000000000095 5.253510449829671e-08
56250.000000000095 7.624270732607131e-08
56300.000000000095 6.090395151300022e-08
56350.000000000095 5.249235815294413e-08
56400.000000000095 2.746853461767214e-08
56450.000000000095 2.517927873239606e-08
56500.000000000095 5.200546810011331e-08
56550.000000000095 2.5840765222776793e-08
56600.000000000095 6.909646167334382e-08
56650.000000000095 7.200680289580577e-08
56700.000000000095 6.985024145103273e-08
56750.000000000095 2.9338838164819393e-08
56800.000000000095 5.571681804419112e-08
56850.000000000095 5.412919128348312e-08
56900.000000000095 3.7655382310364536e-08
56950.000000000095 6.64022829988262e-08
57000.000000000095 8.032571188391543e-08
57050.000000000095 4.451670023770921e-08
57100.000000000095 1.8810240718049984e-08
57150.000000000095 3.258998621069341e-08
57200.000000000095 2.5971759400759288e-08
57250.000000000095 3.700847576681912e-08
57300.000000000095 5.149114794179922e-08
57350.000000000095 2.9267316974933104e-08
57400.000000000095 6.493268280760998e-08
57450.000000000095 4.403785523448223e-08
57500.000000000095 3.9605920157933335e-08
57550.000000000095 5.43119979178841e-08
57600.000000000095 5.196468390588003e-08
57650.000000000095 1.7073927798389246e-08
57700.000000000095 2.6124730105098634e-08
57750.000000000095 3.7378547630545816e-08
57800.000000000095 1.568437079545956e-08
57850.000000000095 8.676018735914282e-08
57900.000000000095 1.0147227648236842e-07
57950.000000000095 1.0143878682652791e-07
58000.000000000095 4.160232573294982e-08
58050.000000000095 6.08921334043839e-08
58100.000000000095 6.680448776616626e-08
58150.000000000095 4.576484885943653e-08
58200.000000000095 1.8571340671219338e-08
58250.000000000095 2.5699018290546975e-08
58300.000000000095 2.5725563052844964e-08
58350.000000000095 3.0315688240637896e-08
58400.000000000095 5.433733786813115e-08
58450.000000000095 6.299644614865782e-08
58500.000000000095 6.056121772884791e-08
58550.000000000095 6.011734294439821e-08
58600.000000000095 2.988842911511879e-08
58650.000000000095 3.7043337875969566e-08
58700.000000000095 4.4228886941658864e-08
58750.000000000095 4.553870822849329e-08
58800.000000000095 1.3626050874946208e-08
58850.000000000095 3.3446806536387173e-08
58900.000000000095 4.441019016595956e-08
58950.000000000095 2.2965457091416452e-08
59000.000000000095 4.663370342805881e-08
59050.000000000095 6.08577474165461e-08
59100.000000000095 6.665214085033697e-08
59150.000000000095 4.955940358221053e-08
59200.000000000095 5.17925528400404e-08
59250.000000000095 5.446061408543951e-08
59300.000000000095 4.9267315165835424e-08
59350.000000000095 1.6759548774243804e-08
59400.000000000095 1.561363896986369e-08
59450.000000000095 4.862798655626581e-08
59500.000000000095 2.6192814524659677e-08
59550.000000000095 5.728852521193968e-08
59600.000000000095 6.969329630642927e-08
59650.000000000095 3.9889266052452005e-08
59700.000000000095 2.8711361082807454e-08
59750.000000000095 8.140436272605536e-08
59800.000000000095 3.9876351431775775e-08
59850.000000000095 5.585620686128601e-08
59900.000000000095 2.3133021042033285e-08
59950.000000000095 4.7404362291777454e-08
60000.000000000095 9.341014566304077e-08
60050.000000000095 8.370795139646786e-08
60100.000000000095 7.271403578810904e-08
60150.000000000095 3.928475401221446e-08
60200.000000000095 5.936638436524568e-08
60250.000000000095 9.017798901815382e-08
60300.000000000095 8.10733819446856e-08
60350.000000000095 4.883924384673101e-08
60400.000000000095 5.6527963244506886e-08
60450.000000000095 2.1510012591388884e-08
60500.000000000095 1.0961045258138888e-08
60550.000000000095 5.2914945325909955e-08
60600.000000000095 6.038074522428786e-08
60650.000000000095 4.332825299271117e-08
60700.000000000095 3.404556078585526e-08
60750.000000000095 2.0670169359740584e-08
60800.000000000095 5.9261964647108826e-08
60850.000000000095 1.0201609296264813e-07
60900.000000000095 8.982857098632346e-08
60950.000000000095 7.190150389951402e-08
61000.000000000095 6.55913375303712e-08
61050.000000000095 3.337590358576438e-08
61100.000000000095 4.349215509805774e-08
61150.000000000095 1.799649741028374e-08
61200.000000000095 6.716786380112668e-08
61250.000000000095 7.522344128780333e-08
61300.000000000095 6.386908522636727e-08
61350.000000000095 9.960834750594996e-08
61400.000000000095 4.633640357432683e-08
61450.000000000095 2.5462262453666225e-08
61500.000000000095 2.9189415968332698e-08
61550.000000000095 4.499930877639e-08
61600.000000000095 2.5610932066281316e-08
61650.000000000095 4.4015701213257825e-08
61700.000000000095 4.47898856630245e-08
61750.000000000095 5.2013744444863295e-08
61800.000000000095 5.0352354892300804e-08
61850.000000000095 2.537984797773517e-08
61900.000000000095 7.927758874299407e-08
61950.000000000095 8.91374451011233e-08
62000.000000000095 8.251788419938592e-08
62050.000000000095 8.811818271834411e-08
62100.000000000095 6.836466132707646e-08
62150.000000000095 8.407063499000204e-08
62200.000000000095 7.370611662755256e-08
62250.000000000095 6.053567115328418e-08
62300.000000000095 1.1382126429265759e-07
62350.000000000095 9.663504340211604e-08
62400.000000000095 5.222902084837021e-08
62450.000000000095 6.79530269724501e-08
62500.000000000095 1.073158513576528e-07
62550.000000000095 1.2093700549813937e-07
62600.000000000095 1.0794568643244276e-07
62650.000000000095 8.207254844852478e-08
62700.000000000095 7.57118806774644e-08
62750.000000000095 1.0683296771588776e-07
62800.000000000095 6.37237347449221e-08
62850.000000000095 9.32807481804257e-08
62900.000000000095 7.629302947789825e-08
62950.000000000095 1.2650612703679796e-07
63000.000000000095 8.945597239833276e-08
63050.000000000095 1.4874541506544766e-07
63100.000000000095 1.3861718283057468e-07
63150.000000000095 9.289347692091189e-08
63200.000000000095 1.0157659575118698e-07
63250.000000000095 1.0915723500903602e-07
63300.000000000095 8.956760921346796e-08
63350.000000000095 8.80020841475123e-08
63400.000000000095 4.2524450556344596e-08
63450.000000000095 2.7892230777898287e-08
63500.000000000095 7.974017690736656e-08
63550.000000000095 9.400250165194382e-08
63600.000000000095 9.240302802116854e-08
63650.000000000095 6.607088469856786e-08
63700.000000000095 3.117927335226354e-08
63750.000000000095 5.623155078806512e-08
63800.000000000095 9.378124696946353e-08
63850.000000000095 7.714786760946755e-08
63900.000000000095 3.844476156881988e-08
63950.000000000095 6.859650672410525e-08
64000.000000000095 8.397889860309228e-08
64050.000000000095 4.6897189428365556e-08
64100.000000000095 1.4110870935379789e-08
64150.000000000095 2.1668017582346674e-08
64200.000000000095 2.5373176167221474e-08
64250.000000000095 5.1290978618244106e-08
64300.000000000095 4.004022501176193e-08
64350.000000000095 3.1699781694436023e-08
64400.000000000095 6.740906170575263e-08
64450.000000000095 7.046036886278376e-08
64500.000000000095 3.233088692987513e-08
64550.000000000095 5.846746919615406e-08
64600.000000000095 3.646417030933189e-08
64650.000000000095 5.9090696154458025e-08
64700.000000000095 2.4525155502930785e-08
64750.000000000095 3.4111496287896857e-08
64800.000000000095 2.734251931679886e-08
64850.000000000095 2.2321050018155583e-08
64900.000000000095 2.4619571611728647e-08
64950.000000000095 2.2351866081730835e-08
65000.000000000095 3.1191834167980205e-08
65050.000000000095 4.2235392680009836e-08
65100.000000000095 5.464898831799489e-08
65150.000000000095 3.302786386302862e-08
65200.000000000095 2.1143007539171274e-08
65250.000000000095 4.242611483763091e-08
65300.000000000095 4.260084373894082e-08
65350.000000000095 8.797429620744105e-08
65400.000000000095 3.8910245707025585e-08
65450.000000000095 3.9440560293548216e-08
65500.000000000095 4.7351065657930594e-08
65550.00000000009 2.6034897660071353e-08
65600.00000000009 4.503848584586154e-08
65650.00000000009 3.624915318861016e-08
65700.00000000009 3.431641164861909e-08
65750.00000000009 2.428285643236491e-08
65800.00000000009 4.2350653451624155e-08
65850.00000000009 5.8110238200550534e-08
65900.00000000009 2.3259501574153813e-08
65950.00000000009 2.740373405723461e-08
66000.00000000009 3.593197894932859e-08
66050.00000000009 7.07770415942876e-08
66100.00000000009 4.080488132724305e-08
66150.00000000009 3.504614655239987e-08
66200.00000000009 3.2520724705350985e-08
66250.00000000009 2.59185988298235e-08
66300.00000000009 1.2455129563278028e-08
66350.00000000009 1.5079445670250512e-08
66400.00000000009 2.463042438435103e-08
66450.00000000009 5.101336089668251e-08
66500.00000000009 7.16093183818068e-08
66550.00000000009 6.429058254596268e-08
66600.00000000009 5.098191507160298e-08
66650.00000000009 4.4468347210835493e-08
66700.00000000009 3.559223198975153e-08
66750.00000000009 3.312014229279973e-08
66800.00000000009 4.3100949654273153e-08
66850.00000000009 2.880431600173207e-08
66900.00000000009 6.687614584277338e-08
66950.00000000009 7.124107100700613e-08
67000.00000000009 7.881630762801577e-08
67050.00000000009 4.540359242975113e-08
67100.00000000009 3.254119174560774e-08
67150.00000000009 3.6208244251627853e-08
67200.00000000009 5.0912724625130735e-08
67250.00000000009 4.596828037129365e-08
67300.00000000009 6.106092923087171e-08
67350.00000000009 3.519628314150736e-08
67400.00000000009 7.337559971015419e-08
67450.00000000009 4.9760005139472056e-08
67500.00000000009 4.708599373735023e-08
67550.00000000009 6.965362107468563e-08
67600.00000000009 1.1460554288844899e-07
67650.00000000009 8.336224277527391e-08
67700.00000000009 5.65571871212072e-08
67750.00000000009 4.246090451783007e-08
67800.00000000009 5.960905122491434e-08
67850.00000000009 3.108154489805478e-08
67900.00000000009 3.9243419583234006e-08
67950.00000000009 2.848123934755553e-08
