galfind/configs/Brown_Dwarf_templates/sonora_cholla/logkzz4/1780g/900K_1780g_logkzz4_resample.dat
# %ECSV 1.0
# ---
# datatype:
# - {name: wav, unit: Angstrom, datatype: float64}
# - {name: flux_nu, unit: erg / (cm2 Hz s), datatype: float64}
# schema: astropy-2.0
wav flux_nu
10000.000000000093 nan
10050.000000000093 1.3531511682289112e-07
10100.000000000093 1.556096753174222e-07
10150.000000000093 1.6576506229553304e-07
10200.000000000093 1.8028490871686192e-07
10250.000000000093 1.935441356203598e-07
10300.000000000093 2.0918596355575367e-07
10350.000000000093 2.2303609017941131e-07
10400.000000000093 2.3596585725257212e-07
10450.000000000093 2.4273000371372485e-07
10500.000000000093 2.48055930136316e-07
10550.000000000093 2.5334108255490306e-07
10600.000000000093 2.529973520613279e-07
10650.000000000093 2.534794939553235e-07
10700.000000000093 2.487647501549479e-07
10750.000000000093 2.461710479894647e-07
10800.000000000093 2.388334973703339e-07
10850.000000000093 2.2457975478255637e-07
10900.000000000093 1.7912834438296995e-07
10950.000000000093 1.0792998257542102e-07
11000.000000000093 7.406604410850121e-08
11050.000000000093 4.587504277453376e-08
11100.000000000093 2.9604855087411083e-08
11150.000000000093 1.9045970737501225e-08
11200.000000000093 2.0166633298247874e-08
11250.000000000093 2.762856332693764e-08
11300.000000000093 2.9250972950382997e-08
11350.000000000093 1.3743725499719074e-08
11400.000000000093 3.464212909454498e-08
11450.000000000093 2.4241044189835002e-08
11500.000000000093 2.6267010362277242e-08
11550.000000000093 1.5422078102250402e-08
11600.000000000093 1.4806899017318455e-08
11650.000000000093 2.2705227969908215e-08
11700.000000000093 2.531534266394033e-08
11750.000000000093 1.66660821098991e-08
11800.000000000093 3.496014457118349e-08
11850.000000000093 5.0343867774078984e-08
11900.000000000093 6.19249306393965e-08
11950.000000000093 8.20956383248471e-08
12000.000000000093 1.0107256508452524e-07
12050.000000000093 1.230006100041283e-07
12100.000000000093 1.4427632323335355e-07
12150.000000000093 1.6852073980688233e-07
12200.000000000093 1.90462061930413e-07
12250.000000000093 2.151206977309455e-07
12300.000000000093 2.4202818009790247e-07
12350.000000000093 2.5317892857249117e-07
12400.000000000093 2.859039416707363e-07
12450.000000000093 3.1313580979308426e-07
12500.000000000093 3.317666050809601e-07
12550.000000000093 3.478535382833594e-07
12600.000000000093 3.509671290070955e-07
12650.000000000093 3.4757532651712095e-07
12700.000000000093 3.4503370985857247e-07
12750.000000000093 3.240745462294695e-07
12800.000000000093 3.134976068551019e-07
12850.000000000093 2.704752785285692e-07
12900.000000000093 2.442320438435417e-07
12950.000000000093 2.2677803588456388e-07
13000.000000000093 2.2559440683138872e-07
13050.000000000093 1.993040759781867e-07
13100.000000000093 1.944413927474635e-07
13150.000000000093 1.5743551191735059e-07
13200.000000000093 1.471705533870431e-07
13250.000000000093 1.0421312286090432e-07
13300.000000000093 5.540050187701779e-08
13350.000000000093 1.859033955070379e-08
13400.000000000093 6.2158312890902405e-09
13450.000000000093 3.341394393685775e-09
13500.000000000093 1.6980116535120082e-09
13550.000000000093 1.042772755564079e-09
13600.000000000093 6.099996730981176e-10
13650.000000000093 2.033167433327071e-09
13700.000000000093 1.4381016941628494e-09
13750.000000000093 2.7037004606223956e-09
13800.000000000093 3.372589750089398e-09
13850.000000000093 1.809048629209009e-09
13900.000000000093 1.90257721178107e-09
13950.000000000093 1.883131926950638e-09
14000.000000000093 2.0023709312503846e-09
14050.000000000093 2.7233205576656774e-09
14100.000000000093 2.0471031154068786e-09
14150.000000000093 3.2062310611717003e-09
14200.000000000093 2.329371988981172e-09
14250.000000000093 2.689806433039629e-09
14300.000000000093 5.656148723330301e-09
14350.000000000093 5.09979163555253e-09
14400.000000000093 5.259288676096285e-09
14450.000000000093 7.318167458717803e-09
14500.000000000093 1.3381735525161463e-08
14550.000000000093 1.3427666915729662e-08
14600.000000000093 2.1848521739983394e-08
14650.000000000093 2.059774421491944e-08
14700.000000000093 1.4281583100898486e-08
14750.000000000093 2.003995924111632e-08
14800.000000000093 2.45721268751533e-08
14850.000000000093 2.6388480814267263e-08
14900.000000000093 2.8139505308839876e-08
14950.000000000093 3.5423013993013093e-08
15000.000000000093 4.271071551645935e-08
15050.000000000093 4.994259036256597e-08
15100.000000000093 5.568208263315412e-08
15150.000000000093 5.966821395488031e-08
15200.000000000093 6.62931373377952e-08
15250.000000000093 8.566438390739277e-08
15300.000000000093 9.623946370419333e-08
15350.000000000093 1.1573931099344204e-07
15400.000000000093 1.2994898995296578e-07
15450.000000000093 1.4313754006913768e-07
15500.000000000093 1.525301721327885e-07
15550.000000000093 1.7386649000643817e-07
15600.000000000093 1.8817342895349082e-07
15650.000000000093 1.9635450048732797e-07
15700.000000000093 2.1480292145609717e-07
15750.000000000093 2.2187606373915635e-07
15800.000000000093 2.2225293487885595e-07
15850.000000000093 2.2647674280605097e-07
15900.000000000093 2.180588931743768e-07
15950.000000000093 2.0258614023779475e-07
16000.000000000093 1.7787733386467052e-07
16050.000000000093 1.4014356928472283e-07
16100.000000000093 1.1025344603561681e-07
16150.000000000093 7.945265434864108e-08
16200.000000000093 5.462974621728417e-08
16250.000000000093 4.9675562041576096e-08
16300.000000000093 4.178830599952359e-08
16350.000000000093 4.608895924478849e-08
16400.000000000095 5.246590466747013e-08
16450.000000000095 5.575562440481843e-08
16500.000000000095 6.095201704803559e-08
16550.000000000095 5.854353219946226e-08
16600.000000000095 6.487129481355844e-08
16650.000000000095 4.314132126964776e-08
16700.000000000095 1.881850021018855e-08
16750.000000000095 3.353657341640724e-08
16800.000000000095 4.782655327600645e-08
16850.000000000095 4.712535911714067e-08
16900.000000000095 3.935877300725847e-08
16950.000000000095 3.4433181467206734e-08
17000.000000000095 2.7977336150715935e-08
17050.000000000095 3.7760750062518975e-08
17100.000000000095 4.4328776283623676e-08
17150.000000000095 3.694778818893161e-08
17200.000000000095 5.3182030242376925e-08
17250.000000000095 4.2477826926130706e-08
17300.000000000095 3.6239675080714125e-08
17350.000000000095 3.430833747785909e-08
17400.000000000095 3.5545114437803486e-08
17450.000000000095 3.7514407301564754e-08
17500.000000000095 4.160017367287503e-08
17550.000000000095 3.4298073219668076e-08
17600.000000000095 2.9654602050810077e-08
17650.000000000095 2.718072273425146e-08
17700.000000000095 2.152377770464964e-08
17750.000000000095 1.7466676869876287e-08
17800.000000000095 2.174838051636247e-08
17850.000000000095 1.406801690608129e-08
17900.000000000095 1.5311903650085972e-08
17950.000000000095 1.024241821804228e-08
18000.000000000095 1.3083513897332419e-08
18050.000000000095 9.484431810401329e-09
18100.000000000095 9.975914299899284e-09
18150.000000000095 1.2277201806276732e-08
18200.000000000095 7.275618908362661e-09
18250.000000000095 1.8060381085645847e-08
18300.000000000095 8.014975232410734e-09
18350.000000000095 7.335847820308687e-09
18400.000000000095 5.980177647846219e-09
18450.000000000095 1.1126748419725318e-08
18500.000000000095 1.090376720971149e-08
18550.000000000095 7.619030060293957e-09
18600.000000000095 7.313083099294762e-09
18650.000000000095 5.6403379020819124e-09
18700.000000000095 4.175620021698545e-09
18750.000000000095 7.2173588518620725e-09
18800.000000000095 1.8178985794181634e-08
18850.000000000095 1.8887841074308757e-08
18900.000000000095 1.5998458681002395e-08
18950.000000000095 2.976480370107816e-08
19000.000000000095 1.5073944410887598e-08
19050.000000000095 1.0160400773748106e-08
19100.000000000095 2.0719702596756162e-08
19150.000000000095 1.2345636350472121e-08
19200.000000000095 1.827012243682204e-08
19250.000000000095 1.3040260920490366e-08
19300.000000000095 1.079225107923996e-08
19350.000000000095 1.0941761666403811e-08
19400.000000000095 7.17169093430663e-09
19450.000000000095 1.4130629361594319e-08
19500.000000000095 1.3787667179231596e-08
19550.000000000095 1.0985760998245786e-08
19600.000000000095 1.4834243483274867e-08
19650.000000000095 1.8778724251009433e-08
19700.000000000095 1.9288913808130915e-08
19750.000000000095 2.2167920707106335e-08
19800.000000000095 2.4173056867017868e-08
19850.000000000095 3.2584613977836264e-08
19900.000000000095 2.527069341090539e-08
19950.000000000095 3.902119126587803e-08
20000.000000000095 3.586078868909045e-08
20050.000000000095 4.0230669921484816e-08
20100.000000000095 4.534945639851273e-08
20150.000000000095 4.278227003730206e-08
20200.000000000095 4.7733298901875065e-08
20250.000000000095 5.633508005466731e-08
20300.000000000095 5.3415748944934794e-08
20350.000000000095 6.157521588501224e-08
20400.000000000095 5.871104412557749e-08
20450.000000000095 6.873130577214314e-08
20500.000000000095 7.064880288441006e-08
20550.000000000095 7.043200421487515e-08
20600.000000000095 7.580491340566496e-08
20650.000000000095 7.541631974407191e-08
20700.000000000095 7.493580459101445e-08
20750.000000000095 7.778521694937632e-08
20800.000000000095 7.680532251249136e-08
20850.000000000095 7.792807535106396e-08
20900.000000000095 7.876885880608537e-08
20950.000000000095 7.653376352063078e-08
21000.000000000095 7.594853843924771e-08
21050.000000000095 7.401219396787983e-08
21100.000000000095 7.250904152283566e-08
21150.000000000095 7.230448924107349e-08
21200.000000000095 6.946164036479018e-08
21250.000000000095 6.773014579293979e-08
21300.000000000095 6.330515591449973e-08
21350.000000000095 6.212203644060624e-08
21400.000000000095 6.02918648280454e-08
21450.000000000095 5.495095405965334e-08
21500.000000000095 5.4657862403296746e-08
21550.000000000095 5.235063523348835e-08
21600.000000000095 4.9241222798602616e-08
21650.000000000095 4.574247579406478e-08
21700.000000000095 4.6951070103113e-08
21750.000000000095 4.3738941055712166e-08
21800.000000000095 3.9268476642577806e-08
21850.000000000095 3.485965788049942e-08
21900.000000000095 3.0590642216955403e-08
21950.000000000095 1.9008415008571732e-08
22000.000000000095 7.958009133196949e-09
22050.000000000095 7.347725845057086e-09
22100.000000000095 1.4543883374085906e-08
22150.000000000095 1.5754786463286714e-08
22200.000000000095 1.47889840631799e-08
22250.000000000095 1.4123283039516065e-08
22300.000000000095 1.1136029773656803e-08
22350.000000000095 1.095405860625214e-08
22400.000000000095 7.807826249438322e-09
22450.000000000095 7.1571468176442915e-09
22500.000000000095 7.850418353326634e-09
22550.000000000095 5.053812609799307e-09
22600.000000000095 6.267731711916469e-09
22650.000000000095 7.593329572205188e-09
22700.000000000095 6.3170741033099525e-09
22750.000000000095 6.647018455092059e-09
22800.000000000095 6.728742628728228e-09
22850.000000000095 5.6383719433994445e-09
22900.000000000095 4.810418731282624e-09
22950.000000000095 4.394364548113799e-09
23000.000000000095 5.124739403285161e-09
23050.000000000095 6.571514346520061e-09
23100.000000000095 1.3662715269406957e-08
23150.000000000095 1.2941018550904596e-08
23200.000000000095 2.7110433374807236e-09
23250.000000000095 4.252698772429335e-09
23300.000000000095 4.359877109417659e-09
23350.000000000095 3.626365206523962e-09
23400.000000000095 4.559506158889287e-09
23450.000000000095 3.722703995601115e-09
23500.000000000095 3.801326440577628e-09
23550.000000000095 5.6755676728166276e-09
23600.000000000095 7.2859801993004006e-09
23650.000000000095 8.264524486140019e-09
23700.000000000095 3.4435808973267244e-09
23750.000000000095 3.325270934983025e-09
23800.000000000095 6.297860637578438e-09
23850.000000000095 5.579953894685873e-09
23900.000000000095 9.427812365858865e-09
23950.000000000095 8.03570776448147e-09
24000.000000000095 1.1821900298145843e-08
24050.000000000095 1.2318261293461161e-08
24100.000000000095 1.0458293102657987e-08
24150.000000000095 1.2996329454739896e-08
24200.000000000095 1.3245137105080427e-08
24250.000000000095 1.067345246522072e-08
24300.000000000095 1.500067085507244e-08
24350.000000000095 1.1199712807590724e-08
24400.000000000095 1.856614446993804e-08
24450.000000000095 1.54927247626001e-08
24500.000000000095 1.6455828441813315e-08
24550.000000000095 1.9094060688757497e-08
24600.000000000095 2.1048803626241533e-08
24650.000000000095 2.4316140603550464e-08
24700.000000000095 1.7048139777562408e-08
24750.000000000095 1.7787748901964856e-08
24800.000000000095 1.7299326677877582e-08
24850.000000000095 2.6430718897012682e-08
24900.000000000095 1.1155248864295116e-08
24950.000000000095 2.15790743420559e-08
25000.000000000095 1.9374718720993038e-08
25050.000000000095 1.1801166139348283e-08
25100.000000000095 1.7792175966063153e-08
25150.000000000095 9.976807466489609e-09
25200.000000000095 1.406787734085216e-08
25250.000000000095 7.393838465766863e-09
25300.000000000095 1.0768303479333402e-08
25350.000000000095 5.565201086128015e-09
25400.000000000095 1.2322295414907058e-08
25450.000000000095 6.236870371174287e-09
25500.000000000095 5.900329725595687e-09
25550.000000000095 8.805001243357107e-09
25600.000000000095 6.6740322027080274e-09
25650.000000000095 3.808370805132648e-09
25700.000000000095 7.452626621383078e-09
25750.000000000095 3.1717963056811974e-09
25800.000000000095 9.241659333840023e-09
25850.000000000095 3.182259554537118e-09
25900.000000000095 5.181642413721454e-09
25950.000000000095 2.3606702045708197e-09
26000.000000000095 8.810750299204453e-09
26050.000000000095 3.5393597887715518e-09
26100.000000000095 9.117031212992043e-09
26150.000000000095 6.06165752584694e-09
26200.000000000095 6.872384014660743e-09
26250.000000000095 1.5755252173334115e-08
26300.000000000095 7.76659337776714e-09
26350.000000000095 1.9620401620139458e-08
26400.000000000095 2.079830697625988e-08
26450.000000000095 1.719230949095858e-08
26500.000000000095 2.1234316233796543e-08
26550.000000000095 9.053547375043831e-09
26600.000000000095 1.0518954805355831e-08
26650.000000000095 3.914501336478338e-09
26700.000000000095 2.9791483714814263e-09
26750.000000000095 2.77655586184449e-09
26800.000000000095 4.54661255052425e-09
26850.000000000095 2.6720632080381054e-09
26900.000000000095 7.57793122394686e-09
26950.000000000095 3.4947985382667523e-09
27000.000000000095 1.1515033729790008e-08
27050.000000000095 1.064994444372972e-08
27100.000000000095 5.033197335305571e-09
27150.000000000095 1.4747495319722986e-08
27200.000000000095 5.149453965568789e-09
27250.000000000095 8.005359812574325e-09
27300.000000000095 2.5200536722931288e-08
27350.000000000095 1.494378526175444e-08
27400.000000000095 2.684098789132006e-09
27450.000000000095 1.732369739873762e-08
27500.000000000095 2.216062186847815e-08
27550.000000000095 6.3425268999354186e-09
27600.000000000095 1.2661628745249256e-08
27650.000000000095 5.438180570768098e-09
27700.000000000095 4.3624168032290916e-09
27750.000000000095 1.4392031022026365e-08
27800.000000000095 6.4448872852327064e-09
27850.000000000095 7.49714652834932e-09
27900.000000000095 1.0260028753705095e-08
27950.000000000095 1.765910632845081e-08
28000.000000000095 1.3258742945913951e-08
28050.000000000095 4.484212453578234e-09
28100.000000000095 1.9092125694555234e-08
28150.000000000095 1.212880614514913e-08
28200.000000000095 5.0832813534115214e-09
28250.000000000095 2.1082288954116406e-08
28300.000000000095 2.611562075180951e-08
28350.000000000095 6.24685381477621e-09
28400.000000000095 1.6361054867604543e-08
28450.000000000095 2.4750617655242336e-08
28500.000000000095 1.554092524305285e-08
28550.000000000095 5.828690700183429e-09
28600.000000000095 2.4703125651583516e-08
28650.000000000095 2.1031760914666267e-08
28700.000000000095 1.7609215902440193e-08
28750.000000000095 2.9208475322896383e-08
28800.000000000095 2.5948718442752598e-08
28850.000000000095 2.888510969306753e-08
28900.000000000095 1.4037664825531112e-08
28950.000000000095 3.751366450522482e-08
29000.000000000095 2.646622288164931e-08
29050.000000000095 3.023247870273375e-08
29100.000000000095 2.083655108806302e-08
29150.000000000095 4.702229278384395e-08
29200.000000000095 2.701970480263739e-08
29250.000000000095 3.909641621496115e-08
