galfind/configs/Brown_Dwarf_templates/sonora_cholla/logkzz4/1780g/900K_1780g_logkzz4_resample.dat
# %ECSV 1.0
# ---
# datatype:
# - {name: wav, unit: Angstrom, datatype: float64}
# - {name: flux_nu, unit: erg / (cm2 Hz s), datatype: float64}
# schema: astropy-2.0
wav flux_nu
[from data line 773]
48650.000000000095 1.321183032031626e-07
48700.000000000095 2.225544118189762e-07
48750.000000000095 1.255457320225246e-07
48800.000000000095 2.2620820863125413e-07
48850.000000000095 1.4027057629948636e-07
48900.000000000095 2.0664818197235656e-07
48950.000000000095 1.7166099207238644e-07
49000.000000000095 1.2835339426446381e-07
49050.000000000095 2.1183246363042124e-07
49100.000000000095 1.6130176775409702e-07
49150.000000000095 2.2542284145765595e-07
49200.000000000095 1.7401615875899065e-07
49250.000000000095 2.431332161194751e-07
49300.000000000095 1.7448172603881153e-07
49350.000000000095 1.4847888307379043e-07
49400.000000000095 1.8375330049594263e-07
49450.000000000095 1.8702983851754483e-07
49500.000000000095 1.6374356513592007e-07
49550.000000000095 7.32387390710633e-08
49600.000000000095 1.4800399186191828e-07
49650.000000000095 1.6161566474370552e-07
49700.000000000095 1.771298842388617e-07
49750.000000000095 2.401705778881434e-07
49800.000000000095 1.4928514931180568e-07
49850.000000000095 2.748001444523131e-07
49900.000000000095 2.2158730647050444e-07
49950.000000000095 2.1550218995149137e-07
50000.000000000095 2.2663463875070455e-07
50050.000000000095 2.3134448525596703e-07
50100.000000000095 2.3129260766399e-07
50150.000000000095 1.2785013880237977e-07
50200.000000000095 6.341707032641109e-08
50250.000000000095 1.8093948216165929e-07
50300.000000000095 1.3415776319788669e-07
50350.000000000095 2.4173427567398685e-07
50400.000000000095 2.0825604392597044e-07
50450.000000000095 1.7878680490630797e-07
50500.000000000095 2.617505412503204e-07
50550.000000000095 2.400950019162561e-07
50600.000000000095 1.9377027264434037e-07
50650.000000000095 2.2545817375463184e-07
50700.000000000095 3.0688325785528587e-07
50750.000000000095 2.230426271596115e-07
50800.000000000095 1.1794009029234431e-07
50850.000000000095 9.674116755305317e-08
50900.000000000095 2.5098945906278827e-07
50950.000000000095 2.3764453703848489e-07
51000.000000000095 2.1059057810815524e-07
51050.000000000095 2.2289467944275006e-07
51100.000000000095 1.1129383034944303e-07
51150.000000000095 1.4729047350154323e-07
51200.000000000095 2.949656129906614e-07
51250.000000000095 2.06102133355387e-07
51300.000000000095 1.5803488167517416e-07
51350.000000000095 1.866090324551221e-07
51400.000000000095 1.0637152858153001e-07
51450.000000000095 9.207226689829819e-08
51500.000000000095 8.03294774774421e-08
51550.000000000095 1.780278515924063e-07
51600.000000000095 1.4151503851112968e-07
51650.000000000095 1.7359646448441304e-07
51700.000000000095 1.86310215881025e-07
51750.000000000095 1.215999138793289e-07
51800.000000000095 2.3425473318565426e-07
51850.000000000095 1.9412925706761492e-07
51900.000000000095 2.607876934093434e-07
51950.000000000095 1.850462004599015e-07
52000.000000000095 5.239925878464477e-08
52050.000000000095 1.2060864669595518e-07
52100.000000000095 9.819936156786181e-08
52150.000000000095 7.358476291360015e-08
52200.000000000095 9.838938692097308e-08
52250.000000000095 1.4459329054621356e-07
52300.000000000095 2.376557458253854e-07
52350.000000000095 1.163940358532985e-07
52400.000000000095 1.0604015114391481e-07
52450.000000000095 2.0207751806036485e-07
52500.000000000095 1.8645748285734056e-07
52550.000000000095 1.805938799496998e-07
52600.000000000095 1.5251088402332497e-07
52650.000000000095 1.570978447238404e-07
52700.000000000095 1.2471360410779538e-07
52750.000000000095 8.856347808095758e-08
52800.000000000095 1.0671529084690918e-07
52850.000000000095 1.2605788902265291e-07
52900.000000000095 9.132108186963028e-08
52950.000000000095 1.1270236432005263e-07
53000.000000000095 1.899091545272447e-07
53050.000000000095 7.686543291362547e-08
53100.000000000095 1.9138941924878113e-07
53150.000000000095 2.2484627887325648e-07
53200.000000000095 9.726144163197206e-08
53250.000000000095 1.955232400933894e-07
53300.000000000095 2.1530593653297062e-07
53350.000000000095 2.1075674617539749e-07
53400.000000000095 1.8456388894621595e-07
53450.000000000095 7.561624065651694e-08
53500.000000000095 4.040751522091669e-08
53550.000000000095 6.735836916620422e-08
53600.000000000095 1.2994866767384169e-07
53650.000000000095 1.0722010097829422e-07
53700.000000000095 9.758745714772549e-08
53750.000000000095 9.316444851575717e-08
53800.000000000095 9.731300648564119e-08
53850.000000000095 1.3824225225698288e-07
53900.000000000095 1.546946493593303e-07
53950.000000000095 1.903758496515061e-07
54000.000000000095 1.2501339147687907e-07
54050.000000000095 1.2914859684741197e-07
54100.000000000095 5.165234709427145e-08
54150.000000000095 7.851488426644421e-08
54200.000000000095 3.243144931431796e-08
54250.000000000095 4.9854397346821705e-08
54300.000000000095 8.837139707888689e-08
54350.000000000095 1.2165682326973312e-07
54400.000000000095 1.1575982520952967e-07
54450.000000000095 1.0389873119701636e-07
54500.000000000095 9.126207987462452e-08
54550.000000000095 7.820706683394049e-08
54600.000000000095 9.327779500465805e-08
54650.000000000095 3.942726537574578e-08
54700.000000000095 1.1270738644527221e-07
54750.000000000095 1.0159845724315423e-07
54800.000000000095 6.633259086586789e-08
54850.000000000095 8.511991152085392e-08
54900.000000000095 1.2526844832618484e-07
54950.000000000095 1.6922282543139434e-07
55000.000000000095 6.918926244661397e-08
55050.000000000095 1.0310671044504067e-07
55100.000000000095 1.088231881472039e-07
55150.000000000095 7.911168248821023e-08
55200.000000000095 7.251354506647613e-08
55250.000000000095 8.752904576836969e-08
55300.000000000095 5.981632853958771e-08
55350.000000000095 1.0817515787669377e-07
55400.000000000095 1.2837395184530682e-07
55450.000000000095 8.416683983723141e-08
55500.000000000095 4.2188647043032236e-08
55550.000000000095 5.617771605535701e-08
55600.000000000095 6.446851337103693e-08
55650.000000000095 5.6020612342920016e-08
55700.000000000095 6.733559564112067e-08
55750.000000000095 7.180558811753677e-08
55800.000000000095 4.535219766798554e-08
55850.000000000095 4.653671244274596e-08
55900.000000000095 9.441036607415825e-08
55950.000000000095 1.2868194494230827e-07
56000.000000000095 5.661850113499932e-08
56050.000000000095 7.338862409702031e-08
56100.000000000095 9.368371264947783e-08
56150.000000000095 6.092657494700834e-08
56200.000000000095 7.242779518434682e-08
56250.000000000095 9.776072319051109e-08
56300.000000000095 8.331446541843387e-08
56350.000000000095 7.512729045605878e-08
56400.000000000095 4.194659221113495e-08
56450.000000000095 3.816734127536935e-08
56500.000000000095 7.056203099483947e-08
56550.000000000095 3.71610377374998e-08
56600.000000000095 9.275323003223472e-08
56650.000000000095 9.385153292596949e-08
56700.000000000095 9.516827026289994e-08
56750.000000000095 4.2475900599426864e-08
56800.000000000095 7.949094887056048e-08
56850.000000000095 7.350896767364636e-08
56900.000000000095 5.297804019104451e-08
56950.000000000095 9.063258116920005e-08
57000.000000000095 1.0748622610020163e-07
57050.000000000095 6.182324965989384e-08
57100.000000000095 2.799763875168725e-08
57150.000000000095 4.74568146791458e-08
57200.000000000095 3.7589057289995965e-08
57250.000000000095 5.2888741848856905e-08
57300.000000000095 7.232315748966818e-08
57350.000000000095 4.204045444371679e-08
57400.000000000095 8.698071882713769e-08
57450.000000000095 6.29912474976046e-08
57500.000000000095 5.693635418246838e-08
57550.000000000095 7.710646896612477e-08
57600.000000000095 7.568058440817515e-08
57650.000000000095 2.6502187300157627e-08
57700.000000000095 3.8636752002734954e-08
57750.000000000095 5.2395742869292906e-08
57800.000000000095 2.271627034863405e-08
57850.000000000095 1.151593429133679e-07
57900.000000000095 1.3407938309441136e-07
57950.000000000095 1.3002394552978267e-07
58000.000000000095 5.7545308726434106e-08
58050.000000000095 8.125140926588673e-08
58100.000000000095 9.264303151603478e-08
58150.000000000095 6.520293614621685e-08
58200.000000000095 2.873241819612171e-08
58250.000000000095 3.898640873575527e-08
58300.000000000095 3.720745150212884e-08
58350.000000000095 4.4245801631911385e-08
58400.000000000095 7.332617662574861e-08
58450.000000000095 8.362083224243867e-08
58500.000000000095 7.899838726618064e-08
58550.000000000095 8.279147025623872e-08
58600.000000000095 4.292966214133483e-08
58650.000000000095 5.2928193167280545e-08
58700.000000000095 6.104681243945246e-08
58750.000000000095 6.5247248723262e-08
58800.000000000095 2.1958608446416452e-08
58850.000000000095 4.8819140542932304e-08
58900.000000000095 6.485461000081474e-08
58950.000000000095 3.495419573390712e-08
59000.000000000095 6.705918208055125e-08
59050.000000000095 8.312925981558506e-08
59100.000000000095 9.349319171940928e-08
59150.000000000095 6.878363090300406e-08
59200.000000000095 7.104804046506221e-08
59250.000000000095 7.519494189167556e-08
59300.000000000095 6.92925558448781e-08
59350.000000000095 2.6553641570237663e-08
59400.000000000095 2.3734605203233856e-08
59450.000000000095 6.724037922665736e-08
59500.000000000095 3.705361294974596e-08
59550.000000000095 7.89939906944248e-08
59600.000000000095 9.347854943395539e-08
59650.000000000095 5.852391232877576e-08
59700.000000000095 4.1682696525566016e-08
59750.000000000095 1.0999661964653736e-07
59800.000000000095 5.668132549442131e-08
59850.000000000095 7.92930036432861e-08
59900.000000000095 3.446975496696858e-08
59950.000000000095 6.674545470556546e-08
60000.000000000095 1.258349355785593e-07
60050.000000000095 1.1010212524168048e-07
60100.000000000095 9.988117419464934e-08
60150.000000000095 5.79261611429181e-08
60200.000000000095 8.147571874876176e-08
60250.000000000095 1.1677503843683529e-07
60300.000000000095 1.05332001454696e-07
60350.000000000095 6.57829144435941e-08
60400.000000000095 7.947869131254805e-08
60450.000000000095 3.2969127261381635e-08
60500.000000000095 1.786391522468161e-08
60550.000000000095 7.6115653181767e-08
60600.000000000095 8.238249542990057e-08
60650.000000000095 6.165295230250802e-08
60700.000000000095 4.9857855266193205e-08
60750.000000000095 3.256169509738597e-08
60800.000000000095 8.231762112584968e-08
60850.000000000095 1.3627941002088977e-07
60900.000000000095 1.201785935883527e-07
60950.000000000095 9.900702908335051e-08
61000.000000000095 8.689246802546439e-08
61050.000000000095 4.859099165108056e-08
61100.000000000095 6.405418883574522e-08
61150.000000000095 2.7538176647980325e-08
61200.000000000095 9.462434458926932e-08
61250.000000000095 1.0601407054954158e-07
61300.000000000095 9.085521648815384e-08
61350.000000000095 1.3423155726387794e-07
61400.000000000095 6.838627743212221e-08
61450.000000000095 3.8770103702453667e-08
61500.000000000095 4.544622743508241e-08
61550.000000000095 6.289546690888617e-08
61600.000000000095 3.882883707862894e-08
61650.000000000095 6.327627306261564e-08
61700.000000000095 6.121302067634255e-08
61750.000000000095 7.17209776193839e-08
61800.000000000095 7.395270285677408e-08
61850.000000000095 3.9255364216219235e-08
61900.000000000095 1.0939974532062839e-07
61950.000000000095 1.1805720127464346e-07
62000.000000000095 1.107887597526133e-07
62050.000000000095 1.1237409097420689e-07
62100.000000000095 9.564919198814717e-08
62150.000000000095 1.1108124608692969e-07
62200.000000000095 9.796354082206823e-08
62250.000000000095 8.471480579417082e-08
62300.000000000095 1.4736049971020028e-07
62350.000000000095 1.2437149971886107e-07
62400.000000000095 6.815685773010202e-08
62450.000000000095 8.999556921502488e-08
62500.000000000095 1.369496211183376e-07
62550.000000000095 1.4803700696296197e-07
62600.000000000095 1.4052591486487708e-07
62650.000000000095 1.081318677755784e-07
62700.000000000095 1.0377979105209069e-07
62750.000000000095 1.4020499057946595e-07
62800.000000000095 8.498405277351415e-08
62850.000000000095 1.2187682371504e-07
62900.000000000095 9.897443289761351e-08
62950.000000000095 1.569628085561713e-07
63000.000000000095 1.1707829453993552e-07
63050.000000000095 1.8077762328059244e-07
63100.000000000095 1.693447328208633e-07
63150.000000000095 1.1494507140776962e-07
63200.000000000095 1.3127335619604682e-07
63250.000000000095 1.350679283526196e-07
63300.000000000095 1.222507529217647e-07
63350.000000000095 1.1875104222026852e-07
63400.000000000095 6.083031956949272e-08
63450.000000000095 4.214923622469514e-08
63500.000000000095 1.0695737577494134e-07
63550.000000000095 1.2025124096878777e-07
63600.000000000095 1.2301095194542149e-07
63650.000000000095 8.922657339694759e-08
63700.000000000095 4.659146002240758e-08
63750.000000000095 7.77315058730817e-08
63800.000000000095 1.1951280044971532e-07
63850.000000000095 1.0117009192697307e-07
63900.000000000095 5.5192630406159866e-08
63950.000000000095 9.341576880646228e-08
64000.000000000095 1.1181842979486842e-07
64050.000000000095 6.745097249490392e-08
64100.000000000095 2.172581385433073e-08
64150.000000000095 3.275728661258345e-08
64200.000000000095 3.786507234199358e-08
64250.000000000095 7.110233489131045e-08
64300.000000000095 5.5567113992839184e-08
64350.000000000095 4.532083457971485e-08
64400.000000000095 8.9612843477023e-08
64450.000000000095 9.352991051672498e-08
64500.000000000095 4.507697675055859e-08
64550.000000000095 7.784695892356296e-08
64600.000000000095 4.824873254831705e-08
64650.000000000095 7.865892269798891e-08
64700.000000000095 3.5009619420300834e-08
64750.000000000095 4.6959310623945e-08
64800.000000000095 4.011316941217001e-08
64850.000000000095 3.339156083822702e-08
64900.000000000095 3.739464501399333e-08
64950.000000000095 3.4176276466914474e-08
65000.000000000095 4.587623396469244e-08
65050.000000000095 5.774636273494913e-08
65100.000000000095 7.365278053238224e-08
65150.000000000095 4.602744932847078e-08
65200.000000000095 3.190131569839253e-08
65250.000000000095 6.057893346823862e-08
65300.000000000095 5.8103734474426214e-08
65350.000000000095 1.149462133495693e-07
65400.000000000095 5.312203713375735e-08
65450.000000000095 5.4200466589617476e-08
65500.000000000095 6.48705335916722e-08
65550.00000000009 3.7676825096966374e-08
65600.00000000009 6.01010647844225e-08
65650.00000000009 5.1692256038432875e-08
65700.00000000009 4.895612206899122e-08
65750.00000000009 3.550745361428191e-08
65800.00000000009 5.8507406155631874e-08
65850.00000000009 7.772583310162818e-08
65900.00000000009 3.4356089279642923e-08
65950.00000000009 3.735602615983587e-08
66000.00000000009 4.968806854567262e-08
66050.00000000009 9.507463598638618e-08
66100.00000000009 5.5922184821860996e-08
66150.00000000009 4.676304171095968e-08
66200.00000000009 4.390983467307774e-08
66250.00000000009 3.706343949994154e-08
66300.00000000009 1.845063863272592e-08
66350.00000000009 2.3149305209947068e-08
66400.00000000009 3.631492349287458e-08
66450.00000000009 6.93968958443291e-08
66500.00000000009 9.599673044339073e-08
66550.00000000009 8.610284778215184e-08
66600.00000000009 6.81330921041136e-08
66650.00000000009 6.039758139931829e-08
66700.00000000009 5.07513814901317e-08
66750.00000000009 4.65264106030894e-08
66800.00000000009 6.075763891487039e-08
66850.00000000009 4.095271733069665e-08
66900.00000000009 8.603147780042968e-08
66950.00000000009 9.616447284462717e-08
67000.00000000009 1.0171954215287376e-07
67050.00000000009 6.123497096464774e-08
67100.00000000009 4.603401972203024e-08
67150.00000000009 5.006934817637293e-08
67200.00000000009 6.709978383861802e-08
67250.00000000009 6.190270677077673e-08
67300.00000000009 7.840679033155969e-08
67350.00000000009 4.777366376583396e-08
67400.00000000009 9.609656445620395e-08
67450.00000000009 6.732648688894199e-08
67500.00000000009 6.305042774033135e-08
67550.00000000009 8.748476044449558e-08
67600.00000000009 1.4333984837403036e-07
67650.00000000009 1.0482479276555481e-07
67700.00000000009 7.416176383274762e-08
67750.00000000009 5.81728098675918e-08
67800.00000000009 7.999003874541498e-08
67850.00000000009 4.387713141405587e-08
67900.00000000009 5.524374969817053e-08
67950.00000000009 4.01620140210865e-08
68000.00000000009 6.916647711212032e-08
