galfind/configs/Brown_Dwarf_templates/sonora_cholla/logkzz4/1780g/950K_1780g_logkzz4_resample.dat
# %ECSV 1.0
# ---
# datatype:
# - {name: wav, unit: Angstrom, datatype: float64}
# - {name: flux_nu, unit: erg / (cm2 Hz s), datatype: float64}
# schema: astropy-2.0
wav flux_nu
[from data line 388]
29400.000000000095 4.759601832599063e-08
29450.000000000095 5.361750982076998e-08
29500.000000000095 6.659276170074681e-08
29550.000000000095 5.305463868135402e-08
29600.000000000095 7.061249675993394e-08
29650.000000000095 6.543910110595848e-08
29700.000000000095 4.9026693151397753e-08
29750.000000000095 7.148283474092582e-08
29800.000000000095 7.395857648940321e-08
29850.000000000095 8.69665474560795e-08
29900.000000000095 9.170921081347006e-08
29950.000000000095 7.567563298946916e-08
30000.000000000095 4.7003216589307037e-08
30050.000000000095 4.8633672459284166e-08
30100.000000000095 6.855215845238512e-08
30150.000000000095 9.678018890919797e-08
30200.000000000095 6.729064935717102e-08
30250.000000000095 1.1259882646010646e-07
30300.000000000095 9.586966426510267e-08
30350.000000000095 8.28991038620376e-08
30400.000000000095 1.0533389428507965e-07
30450.000000000095 7.334777616736125e-08
30500.000000000095 7.45542187600222e-08
30550.000000000095 7.243670778480437e-08
30600.000000000095 9.894818541254024e-08
30650.000000000095 8.028706481450115e-08
30700.000000000095 6.876937548377288e-08
30750.000000000095 6.858969318044726e-08
30800.000000000095 6.116822549006427e-08
30850.000000000095 6.045428868651293e-08
30900.000000000095 6.066763148356616e-08
30950.000000000095 3.882341661255411e-08
31000.000000000095 4.7538618378181236e-08
31050.000000000095 5.308264130770822e-08
31100.000000000095 3.6850949625032524e-08
31150.000000000095 4.285129612206581e-08
31200.000000000095 5.2548378888313346e-08
31250.000000000095 3.51469374150296e-08
31300.000000000095 3.460912223802227e-08
31350.000000000095 3.42879184678632e-08
31400.000000000095 2.3838169744537102e-08
31450.000000000095 3.279370841897788e-08
31500.000000000095 2.1475522314792952e-08
31550.000000000095 2.6045195444879497e-08
31600.000000000095 1.9019338137265665e-08
31650.000000000095 1.7475485902079843e-08
31700.000000000095 2.2471607633102413e-08
31750.000000000095 1.2983125071412749e-08
31800.000000000095 2.0454964071603105e-08
31850.000000000095 1.2966681367902125e-08
31900.000000000095 1.7529262524513623e-08
31950.000000000095 1.3453492636609187e-08
32000.000000000095 1.4815111885036008e-08
32050.000000000095 1.2884706351714457e-08
32100.000000000095 1.1011772826936386e-08
32150.000000000095 1.524954413138054e-08
32200.000000000095 9.905651397380717e-09
32250.000000000095 1.8331324306174486e-08
32300.000000000095 8.735324660745005e-09
32350.000000000095 2.0995722079123335e-08
32400.000000000095 1.1266217850368609e-08
32450.000000000095 1.853931615489431e-08
32500.000000000095 1.3647626863496547e-08
32550.000000000095 1.7632765041666455e-08
32600.000000000095 1.8193068796920167e-08
32650.000000000095 2.3801892708061432e-08
32700.000000000095 2.0584443382813986e-08
32750.000000000095 2.9953262425026635e-08
32800.000000000095 2.709482733784502e-08
32850.000000000095 3.586727949307013e-08
32900.000000000095 3.726589939971687e-08
32950.000000000095 3.966303380545616e-08
33000.000000000095 3.0919262938160965e-08
33050.000000000095 3.177262275153895e-08
33100.000000000095 1.5774683935565435e-08
33150.000000000095 1.4623571864804571e-09
33200.000000000095 2.3794201238627107e-09
33250.000000000095 1.732633364577302e-09
33300.000000000095 2.7338003568750636e-09
33350.000000000095 6.142617618190625e-09
33400.000000000095 1.0371232189479295e-08
33450.000000000095 1.2538103497331225e-08
33500.000000000095 2.1515565091584868e-08
33550.000000000095 1.6479569578989385e-08
33600.000000000095 2.590446546537441e-08
33650.000000000095 2.5439978041268717e-08
33700.000000000095 1.935648465375248e-08
33750.000000000095 3.184992785938123e-08
33800.000000000095 1.4651072018627009e-08
33850.000000000095 2.367669219694015e-08
33900.000000000095 2.2101962198789407e-08
33950.000000000095 2.3884913569242405e-08
34000.000000000095 2.9147144904147677e-08
34050.000000000095 1.1586622329579375e-08
34100.000000000095 2.6268886306788645e-08
34150.000000000095 1.5808012101405665e-08
34200.000000000095 2.3464534186240935e-08
34250.000000000095 2.0896400905598945e-08
34300.000000000095 1.64226505045363e-08
34350.000000000095 2.7148665833220427e-08
34400.000000000095 1.657375321685632e-08
34450.000000000095 2.881829907697199e-08
34500.000000000095 2.1508315563458927e-08
34550.000000000095 1.496099964579513e-08
34600.000000000095 3.1235589384579184e-08
34650.000000000095 1.484741146411454e-08
34700.000000000095 2.206145851976659e-08
34750.000000000095 2.244736851735691e-08
34800.000000000095 1.326327530087541e-08
34850.000000000095 2.8104418434135354e-08
34900.000000000095 2.4764463820419494e-08
34950.000000000095 2.56110916332807e-08
35000.000000000095 3.5986154951380205e-08
35050.000000000095 2.339316162947426e-08
35100.000000000095 3.877788904097694e-08
35150.000000000095 3.400189850533033e-08
35200.000000000095 3.8592154462021687e-08
35250.000000000095 4.83298041460776e-08
35300.000000000095 2.715812672215183e-08
35350.000000000095 4.176694509826177e-08
35400.000000000095 4.088076338532897e-08
35450.000000000095 3.3985334519463175e-08
35500.000000000095 6.160958085433324e-08
35550.000000000095 4.66935382154547e-08
35600.000000000095 5.254049736556444e-08
35650.000000000095 5.704514110790606e-08
35700.000000000095 3.875143854841648e-08
35750.000000000095 6.95273857584584e-08
35800.000000000095 5.983673221337687e-08
35850.000000000095 4.285482030894172e-08
35900.000000000095 6.571694248911522e-08
35950.000000000095 6.781498735547672e-08
36000.000000000095 5.355187054297259e-08
36050.000000000095 6.718863557161942e-08
36100.000000000095 5.909941243246521e-08
36150.000000000095 7.884051268556216e-08
36200.000000000095 7.937172143232534e-08
36250.000000000095 7.825451542881253e-08
36300.000000000095 9.321018656784693e-08
36350.000000000095 8.925364865236848e-08
36400.000000000095 1.1033124683925686e-07
36450.000000000095 1.0330410550417022e-07
36500.000000000095 9.984034802412538e-08
36550.000000000095 1.298235076496646e-07
36600.000000000095 1.4506435102862297e-07
36650.000000000095 1.3554268524037748e-07
36700.000000000095 1.3375316902727732e-07
36750.000000000095 1.5636817078383221e-07
36800.000000000095 1.4807203693379461e-07
36850.000000000095 1.2925807963011993e-07
36900.000000000095 1.4105990890907118e-07
36950.000000000095 1.6160298924484928e-07
37000.000000000095 1.435914788609944e-07
37050.000000000095 1.6717624720179608e-07
37100.000000000095 1.5713214428488092e-07
37150.000000000095 1.699547675414941e-07
37200.000000000095 1.8848569115686675e-07
37250.000000000095 1.529335672706227e-07
37300.000000000095 1.515219448176016e-07
37350.000000000095 1.8837678657286533e-07
37400.000000000095 2.2750659397201227e-07
37450.000000000095 1.7487186850885658e-07
37500.000000000095 1.6816589521611584e-07
37550.000000000095 2.4514813228605144e-07
37600.000000000095 2.655790783820789e-07
37650.000000000095 1.8290692222213576e-07
37700.000000000095 2.3477095865928877e-07
37750.000000000095 1.7880971914201146e-07
37800.000000000095 2.150770190203847e-07
37850.000000000095 1.6111326950803042e-07
37900.000000000095 1.960776528107046e-07
37950.000000000095 2.2979521123509788e-07
38000.000000000095 2.605035035959888e-07
38050.000000000095 2.3399778656841225e-07
38100.000000000095 2.709222898162396e-07
38150.000000000095 2.667925350065601e-07
38200.000000000095 2.685431739234057e-07
38250.000000000095 2.673205182271016e-07
38300.000000000095 3.3563242028820633e-07
38350.000000000095 3.30334788696699e-07
38400.000000000095 2.3614115188519736e-07
38450.000000000095 2.4976171326711835e-07
38500.000000000095 2.079420302228926e-07
38550.000000000095 2.6931977202843887e-07
38600.000000000095 2.759795711994226e-07
38650.000000000095 3.181977050553411e-07
38700.000000000095 3.2797991368589203e-07
38750.000000000095 3.2461635806009993e-07
38800.000000000095 2.793886772435938e-07
38850.000000000095 3.4143483334562514e-07
38900.000000000095 3.5397663828735723e-07
38950.000000000095 3.0185993895421805e-07
39000.000000000095 3.658189340605019e-07
39050.000000000095 3.2263216009602693e-07
39100.000000000095 3.295356781915971e-07
39150.000000000095 3.4944955327974593e-07
39200.000000000095 3.305852229040482e-07
39250.000000000095 3.8495857473153613e-07
39300.000000000095 3.6322102920327644e-07
39350.000000000095 4.233580814197213e-07
39400.000000000095 3.90507124684937e-07
39450.000000000095 4.021441111685003e-07
39500.000000000095 4.051575119216923e-07
39550.000000000095 3.8373399445969007e-07
39600.000000000095 3.947080644815291e-07
39650.000000000095 4.7274572872515053e-07
39700.000000000095 4.1882889753729457e-07
39750.000000000095 3.377420174623607e-07
39800.000000000095 3.972929660309743e-07
39850.000000000095 4.7548213966172463e-07
39900.000000000095 4.738170396663252e-07
39950.000000000095 4.3285903622331396e-07
40000.000000000095 4.953712463107971e-07
40050.000000000095 4.801276015562891e-07
40100.000000000095 3.694872477544395e-07
40150.000000000095 5.030362972741122e-07
40200.000000000095 5.142082272232113e-07
40250.000000000095 4.948202254007047e-07
40300.000000000095 5.12041720750389e-07
40350.000000000095 4.1754139148320904e-07
40400.000000000095 5.176798230405745e-07
40450.000000000095 4.574687970274967e-07
40500.000000000095 5.097351884273511e-07
40550.000000000095 5.255410059487126e-07
40600.000000000095 5.050823934250691e-07
40650.000000000095 5.015594278691542e-07
40700.000000000095 6.296689230968668e-07
40750.000000000095 5.158608042670827e-07
40800.000000000095 4.452000254772372e-07
40850.000000000095 5.966141054358839e-07
40900.000000000095 5.840238377508499e-07
40950.000000000095 4.874832384142873e-07
41000.000000000095 5.3808545121037e-07
41050.000000000095 5.894906350341899e-07
41100.000000000095 5.123056696336193e-07
41150.000000000095 4.336794393789589e-07
41200.000000000095 5.934452410688611e-07
41250.000000000095 5.569773751087151e-07
41300.000000000095 4.775621531551986e-07
41350.000000000095 6.112431304081544e-07
41400.000000000095 5.480519523329698e-07
41450.000000000095 5.784599109893884e-07
41500.000000000095 4.997414792248169e-07
41550.000000000095 4.5874869137749153e-07
41600.000000000095 5.287057773670611e-07
41650.000000000095 5.528566596763903e-07
41700.000000000095 5.007806392817368e-07
41750.000000000095 4.900069795808077e-07
41800.000000000095 6.137844056750575e-07
41850.000000000095 3.9202001369354495e-07
41900.000000000095 4.4962036206559684e-07
41950.000000000095 5.364610599138579e-07
42000.000000000095 5.597391433908096e-07
42050.000000000095 4.6854762466219157e-07
42100.000000000095 5.91320280342172e-07
42150.000000000095 4.234108961290379e-07
42200.000000000095 4.4305787317016575e-07
42250.000000000095 4.511552560239112e-07
42300.000000000095 4.470245495277607e-07
42350.000000000095 4.967270477910269e-07
42400.000000000095 5.029137935741961e-07
42450.000000000095 4.268473752534819e-07
42500.000000000095 4.2672955583177914e-07
42550.000000000095 4.0743706703039356e-07
42600.000000000095 4.643103342334742e-07
42650.000000000095 5.770295533552174e-07
42700.000000000095 4.074926963391114e-07
42750.000000000095 3.817725445463799e-07
42800.000000000095 4.207073907595497e-07
42850.000000000095 4.770577023420288e-07
42900.000000000095 5.112677742198429e-07
42950.000000000095 3.8504455189560124e-07
43000.000000000095 4.946088803461225e-07
43050.000000000095 2.766391299925803e-07
43100.000000000095 4.2165535333694077e-07
43150.000000000095 4.141227766557566e-07
43200.000000000095 4.347794514871778e-07
43250.000000000095 5.757690628351741e-07
43300.000000000095 5.563819147101923e-07
43350.000000000095 3.297222655072333e-07
43400.000000000095 4.4301596164827944e-07
43450.000000000095 3.461372512885656e-07
43500.000000000095 3.878332294260921e-07
43550.000000000095 3.745663831162593e-07
43600.000000000095 4.7155170771181346e-07
43650.000000000095 2.9403892419547246e-07
43700.000000000095 5.01949786794137e-07
43750.000000000095 4.7538295725819305e-07
43800.000000000095 3.93288888681007e-07
43850.000000000095 3.8385920212840285e-07
43900.000000000095 3.6505791022947303e-07
43950.000000000095 3.0080490995837343e-07
44000.000000000095 2.19874691035121e-07
44050.000000000095 3.552804894618966e-07
44100.000000000095 4.0435331506022685e-07
44150.000000000095 3.9356893080972213e-07
44200.000000000095 3.437969316133772e-07
44250.000000000095 2.7029807463837737e-07
44300.000000000095 2.4234427637555687e-07
44350.000000000095 2.3515740956850175e-07
44400.000000000095 2.3811869467794348e-07
44450.000000000095 2.6433791349331866e-07
44500.000000000095 2.2108820909379806e-07
44550.000000000095 2.617462858040721e-07
44600.000000000095 2.0516931159959328e-07
44650.000000000095 2.403857714693902e-07
44700.000000000095 2.068907516101228e-07
44750.000000000095 2.2293962386718616e-07
44800.000000000095 1.986673726711666e-07
44850.000000000095 2.062844969586723e-07
44900.000000000095 1.6616390173692506e-07
44950.000000000095 1.585565698953848e-07
45000.000000000095 1.7407019939311607e-07
45050.000000000095 1.8031318832868783e-07
45100.000000000095 1.795795539322065e-07
45150.000000000095 1.5450157565908995e-07
45200.000000000095 1.1237540940119976e-07
45250.000000000095 1.2638960479050586e-07
45300.000000000095 1.5187391183065358e-07
45350.000000000095 1.4470044086023988e-07
45400.000000000095 1.2679023071335958e-07
45450.000000000095 1.21919994945551e-07
45500.000000000095 1.3400275596625865e-07
45550.000000000095 1.540871412311683e-07
45600.000000000095 1.2113658445622445e-07
45650.000000000095 1.1524367087740018e-07
45700.000000000095 1.4323954917081408e-07
45750.000000000095 1.1865265690925275e-07
45800.000000000095 1.0739661154837633e-07
45850.000000000095 1.6216983401287375e-07
45900.000000000095 1.623224494978085e-07
45950.000000000095 1.0958818909307858e-07
46000.000000000095 1.5663454908864433e-07
46050.000000000095 1.640401947984894e-07
46100.000000000095 1.1391772012426718e-07
46150.000000000095 1.5015343059867403e-07
46200.000000000095 1.4381145618667953e-07
46250.000000000095 8.720107239292753e-08
46300.000000000095 1.805451599396278e-07
46350.000000000095 1.3298845087326197e-07
46400.000000000095 1.5867750067330117e-07
46450.000000000095 2.0172972881392858e-07
46500.000000000095 1.4832585544187536e-07
46550.000000000095 1.8500150356542951e-07
46600.000000000095 1.7745600391529365e-07
46650.000000000095 3.1899502392864593e-07
46700.000000000095 2.296623538441147e-07
46750.000000000095 1.6032978109980788e-07
46800.000000000095 1.2195830819527955e-07
46850.000000000095 2.153528054886632e-07
46900.000000000095 1.837827832033934e-07
46950.000000000095 2.497641462067676e-07
47000.000000000095 1.3857748377266916e-07
47050.000000000095 2.396194805878942e-07
47100.000000000095 1.0906687828811069e-07
47150.000000000095 1.609129099949618e-07
47200.000000000095 1.9075612698862006e-07
47250.000000000095 1.3071759187188973e-07
47300.000000000095 1.410631090255907e-07
47350.000000000095 1.251539232892473e-07
47400.000000000095 2.211113144991597e-07
47450.000000000095 1.2148171747220354e-07
47500.000000000095 2.3454456307524119e-07
47550.000000000095 1.2709476493485563e-07
47600.000000000095 2.1270964735809093e-07
47650.000000000095 1.2235465708649423e-07
47700.000000000095 2.0070673657918521e-07
47750.000000000095 1.0434162311666887e-07
47800.000000000095 1.698546392252764e-07
47850.000000000095 9.138214939275213e-08
47900.000000000095 1.4773661234073022e-07
47950.000000000095 1.386550878916414e-07
48000.000000000095 2.375602573018163e-07
48050.000000000095 1.5506594906474185e-07
48100.000000000095 1.7633418257930208e-07
48150.000000000095 1.426690852018659e-07
48200.000000000095 2.0130929554752065e-07
48250.000000000095 1.4637268453175035e-07
48300.000000000095 2.677605102223644e-07
48350.000000000095 1.387753486115611e-07
48400.000000000095 1.3709406664820078e-07
48450.000000000095 1.3343791713763645e-07
48500.000000000095 2.423428529559804e-07
48550.000000000095 1.3177865388276873e-07
48600.000000000095 2.3163443309748132e-07
