galfind/configs/Brown_Dwarf_templates/sonora_cholla/logkzz7/1780g/1000K_1780g_logkzz7_resample.dat
# %ECSV 1.0
# ---
# datatype:
# - {name: wav, unit: Angstrom, datatype: float64}
# - {name: flux_nu, unit: erg / (cm2 Hz s), datatype: float64}
# schema: astropy-2.0
wav flux_nu
10000.000000000093 nan
10050.000000000093 1.338675850938722e-07
10100.000000000093 1.5374482309968333e-07
10150.000000000093 1.628224613171061e-07
10200.000000000093 1.7828958158285134e-07
10250.000000000093 1.9296028811551567e-07
10300.000000000093 2.0852844913554786e-07
10350.000000000093 2.297184057728614e-07
10400.000000000093 2.495968200877157e-07
10450.000000000093 2.629926452917652e-07
10500.000000000093 2.7000118426329e-07
10550.000000000093 2.7816185954180094e-07
10600.000000000093 2.85846374691866e-07
10650.000000000093 2.9534661823504314e-07
10700.000000000093 3.010591951716824e-07
10750.000000000093 3.071665211508331e-07
10800.000000000093 3.079355443769065e-07
10850.000000000093 3.015005124158255e-07
10900.000000000093 2.484206146741508e-07
10950.000000000093 1.6068635433576847e-07
11000.000000000093 1.1812941737594888e-07
11050.000000000093 8.012661971264576e-08
11100.000000000093 5.606781991799618e-08
11150.000000000093 3.9960649265369685e-08
11200.000000000093 4.3535300548063797e-08
11250.000000000093 5.825534992876112e-08
11300.000000000093 5.992011657517901e-08
11350.000000000093 3.118722556976199e-08
11400.000000000093 7.186736597111657e-08
11450.000000000093 5.262444010342976e-08
11500.000000000093 6.07955378153168e-08
11550.000000000093 4.134617052672873e-08
11600.000000000093 4.112736907865522e-08
11650.000000000093 5.472319003098209e-08
11700.000000000093 5.8977402435096825e-08
11750.000000000093 4.797326743457976e-08
11800.000000000093 7.783255648222518e-08
11850.000000000093 1.0258955052708678e-07
11900.000000000093 1.2198517760732905e-07
11950.000000000093 1.4920352183214383e-07
12000.000000000093 1.7998579767804115e-07
12050.000000000093 2.111164508370362e-07
12100.000000000093 2.381102605971351e-07
12150.000000000093 2.7005725419929877e-07
12200.000000000093 2.9947605253239065e-07
12250.000000000093 3.30524218523022e-07
12300.000000000093 3.647245560591641e-07
12350.000000000093 3.812772735808946e-07
12400.000000000093 4.1948087215134386e-07
12450.000000000093 4.5578787571662455e-07
12500.000000000093 4.81035793091017e-07
12550.000000000093 5.036339543530583e-07
12600.000000000093 5.03577627848332e-07
12650.000000000093 4.938655904209581e-07
12700.000000000093 4.921698107591119e-07
12750.000000000093 4.79627262712722e-07
12800.000000000093 4.745226516383553e-07
12850.000000000093 4.1880861403426463e-07
12900.000000000093 3.874299881811851e-07
12950.000000000093 3.697132466963241e-07
13000.000000000093 3.6546600857619017e-07
13050.000000000093 3.3446818792878157e-07
13100.000000000093 3.2905849305908393e-07
13150.000000000093 2.7594077735602265e-07
13200.000000000093 2.5911544110218096e-07
13250.000000000093 1.8739154001797768e-07
13300.000000000093 1.0752528169541146e-07
13350.000000000093 3.713669103975678e-08
13400.000000000093 1.3777886755288356e-08
13450.000000000093 8.375345135208228e-09
13500.000000000093 4.6500601525496656e-09
13550.000000000093 3.2068064868232103e-09
13600.000000000093 2.233366940722399e-09
13650.000000000093 6.13221803630533e-09
13700.000000000093 4.599256419895928e-09
13750.000000000093 7.696383901006882e-09
13800.000000000093 9.855395547770632e-09
13850.000000000093 5.825200253084165e-09
13900.000000000093 5.882039896158383e-09
13950.000000000093 5.807876967964987e-09
14000.000000000093 6.031440886588908e-09
14050.000000000093 7.686476072698746e-09
14100.000000000093 5.6959651647076425e-09
14150.000000000093 8.37777842516792e-09
14200.000000000093 6.275666652416746e-09
14250.000000000093 6.937587164212012e-09
14300.000000000093 1.2726510136417291e-08
14350.000000000093 1.1775930196604053e-08
14400.000000000093 1.2102035518002813e-08
14450.000000000093 1.5713644314636463e-08
14500.000000000093 2.678767484792311e-08
14550.000000000093 2.6595882079396403e-08
14600.000000000093 4.0629695854194425e-08
14650.000000000093 3.8707660545095906e-08
14700.000000000093 2.844000522067105e-08
14750.000000000093 3.794035626675936e-08
14800.000000000093 4.5740862318377796e-08
14850.000000000093 4.9178268513818595e-08
14900.000000000093 5.107553801319631e-08
14950.000000000093 6.180356911864507e-08
15000.000000000093 7.245573630255999e-08
15050.000000000093 8.450452963865282e-08
15100.000000000093 9.217877035950595e-08
15150.000000000093 9.834450912207132e-08
15200.000000000093 1.0725625844862311e-07
15250.000000000093 1.3280067428787043e-07
15300.000000000093 1.4740569099702046e-07
15350.000000000093 1.7311437842953972e-07
15400.000000000093 1.910090538951573e-07
15450.000000000093 2.07810129337994e-07
15500.000000000093 2.1893400727141047e-07
15550.000000000093 2.448940512340445e-07
15600.000000000093 2.5405726142657194e-07
15650.000000000093 2.6353624641912157e-07
15700.000000000093 2.8992175937094e-07
15750.000000000093 3.009836423136543e-07
15800.000000000093 3.0133928188380377e-07
15850.000000000093 3.116288956323394e-07
15900.000000000093 3.016572380712e-07
15950.000000000093 2.95131141563863e-07
16000.000000000093 2.7147740142216216e-07
16050.000000000093 2.3227977999126088e-07
16100.000000000093 1.9985949558392277e-07
16150.000000000093 1.598451656038772e-07
16200.000000000093 1.2417625018169663e-07
16250.000000000093 1.1805898377250639e-07
16300.000000000093 1.045612225315971e-07
16350.000000000093 1.1217863953768901e-07
16400.000000000095 1.2248428648124445e-07
16450.000000000095 1.300373942730357e-07
16500.000000000095 1.3960541696388703e-07
16550.000000000095 1.357917685612118e-07
16600.000000000095 1.422174322527757e-07
16650.000000000095 9.970819551674505e-08
16700.000000000095 6.284319558063134e-08
16750.000000000095 8.865281199817407e-08
16800.000000000095 1.1429102108101669e-07
16850.000000000095 1.1140412395958465e-07
16900.000000000095 1.0096268967722228e-07
16950.000000000095 9.26156683481074e-08
17000.000000000095 8.175065243174374e-08
17050.000000000095 1.0026264071430729e-07
17100.000000000095 1.0882275165145106e-07
17150.000000000095 9.642721744386161e-08
17200.000000000095 1.1697153782416807e-07
17250.000000000095 9.965301760940055e-08
17300.000000000095 9.006802759643222e-08
17350.000000000095 8.379083857209797e-08
17400.000000000095 8.206296201318663e-08
17450.000000000095 8.083198690571851e-08
17500.000000000095 8.49653381462217e-08
17550.000000000095 7.162006141402523e-08
17600.000000000095 6.449767295180301e-08
17650.000000000095 6.018740118224915e-08
17700.000000000095 4.734380334079319e-08
17750.000000000095 3.909852399604025e-08
17800.000000000095 4.497070526152077e-08
17850.000000000095 3.024130605094128e-08
17900.000000000095 3.529603371731291e-08
17950.000000000095 2.4869862076865162e-08
18000.000000000095 2.8701199224337014e-08
18050.000000000095 2.1993915813710914e-08
18100.000000000095 2.260512195600993e-08
18150.000000000095 2.7980743948705708e-08
18200.000000000095 1.7403498629999995e-08
18250.000000000095 3.7679760180515526e-08
18300.000000000095 1.9769390628780104e-08
18350.000000000095 1.8511323916112067e-08
18400.000000000095 1.565555427762037e-08
18450.000000000095 2.3674073020978175e-08
18500.000000000095 2.3497834029684534e-08
18550.000000000095 1.736221271497526e-08
18600.000000000095 1.6133503266603687e-08
18650.000000000095 1.3301985453407327e-08
18700.000000000095 1.1166089075221394e-08
18750.000000000095 1.721252175673791e-08
18800.000000000095 3.5689176966620294e-08
18850.000000000095 3.76752544570749e-08
18900.000000000095 3.242873927254226e-08
18950.000000000095 5.420723500049833e-08
19000.000000000095 3.205143300665833e-08
19050.000000000095 2.298288969416357e-08
19100.000000000095 4.100468230348435e-08
19150.000000000095 2.7240744837755974e-08
19200.000000000095 3.617589472661545e-08
19250.000000000095 2.7523640068822787e-08
19300.000000000095 2.425715503903724e-08
19350.000000000095 2.377460780340869e-08
19400.000000000095 1.5563542716631073e-08
19450.000000000095 2.867852460663362e-08
19500.000000000095 2.791945796944975e-08
19550.000000000095 2.264977075853515e-08
19600.000000000095 2.91243386135601e-08
19650.000000000095 3.586630031082235e-08
19700.000000000095 3.5975853340284674e-08
19750.000000000095 3.877317320010629e-08
19800.000000000095 4.3475998752098915e-08
19850.000000000095 5.616498363609918e-08
19900.000000000095 4.4149454619353336e-08
19950.000000000095 6.509149003098715e-08
20000.000000000095 6.003753229091011e-08
20050.000000000095 6.733818673411213e-08
20100.000000000095 7.25534420199609e-08
20150.000000000095 7.136408474692025e-08
20200.000000000095 7.905207965414976e-08
20250.000000000095 9.055635189612295e-08
20300.000000000095 8.65223813379809e-08
20350.000000000095 9.840518296138071e-08
20400.000000000095 9.53322037978172e-08
20450.000000000095 1.0874471247066974e-07
20500.000000000095 1.1208311063414548e-07
20550.000000000095 1.1158315859396954e-07
20600.000000000095 1.2012096978658035e-07
20650.000000000095 1.192540534621396e-07
20700.000000000095 1.1949580912209678e-07
20750.000000000095 1.2375367406324164e-07
20800.000000000095 1.230543375606747e-07
20850.000000000095 1.2489140158718915e-07
20900.000000000095 1.268450725319631e-07
20950.000000000095 1.2422430759218891e-07
21000.000000000095 1.2437409062243545e-07
21050.000000000095 1.22006666291302e-07
21100.000000000095 1.2091026846945833e-07
21150.000000000095 1.2105720520460097e-07
21200.000000000095 1.1760945703862274e-07
21250.000000000095 1.1680572607344944e-07
21300.000000000095 1.1138166634740935e-07
21350.000000000095 1.1035424805932359e-07
21400.000000000095 1.073334376753215e-07
21450.000000000095 1.0166025380673409e-07
21500.000000000095 1.0106419182283818e-07
21550.000000000095 9.796569039072832e-08
21600.000000000095 9.41514066400559e-08
21650.000000000095 8.877709785371079e-08
21700.000000000095 9.02890152349527e-08
21750.000000000095 8.422824772015504e-08
21800.000000000095 7.793160707620249e-08
21850.000000000095 7.099127620464342e-08
21900.000000000095 6.570775673278477e-08
21950.000000000095 4.701377498458919e-08
22000.000000000095 2.6743148506832673e-08
22050.000000000095 2.3454724003865642e-08
22100.000000000095 3.728409701622591e-08
22150.000000000095 4.0466776904471504e-08
22200.000000000095 3.911343871162087e-08
22250.000000000095 3.72663622222603e-08
22300.000000000095 3.2706576928719885e-08
22350.000000000095 3.1885391074068504e-08
22400.000000000095 2.516766465387233e-08
22450.000000000095 2.3272877502178835e-08
22500.000000000095 2.4564674714379723e-08
22550.000000000095 1.8177259878038017e-08
22600.000000000095 2.089915360479835e-08
22650.000000000095 2.2887129831228765e-08
22700.000000000095 2.100045590810399e-08
22750.000000000095 2.183717060971278e-08
22800.000000000095 2.1405005258769118e-08
22850.000000000095 1.8427329146189684e-08
22900.000000000095 1.719118300594054e-08
22950.000000000095 1.6363943872359585e-08
23000.000000000095 1.5829509962976643e-08
23050.000000000095 1.9859021640970884e-08
23100.000000000095 3.162037942355068e-08
23150.000000000095 2.8591768150006207e-08
23200.000000000095 1.0391023886681239e-08
23250.000000000095 1.369411559475554e-08
23300.000000000095 1.3697757894820897e-08
23350.000000000095 1.1651581089750198e-08
23400.000000000095 1.4274115018729701e-08
23450.000000000095 1.3165149445859555e-08
23500.000000000095 1.3167113309193463e-08
23550.000000000095 1.8330856064226817e-08
23600.000000000095 2.1147582471425148e-08
23650.000000000095 2.3116530193877692e-08
23700.000000000095 1.1800133575562743e-08
23750.000000000095 1.2068625058922777e-08
23800.000000000095 1.8180081876848673e-08
23850.000000000095 1.6847139050338572e-08
23900.000000000095 2.4886912949446263e-08
23950.000000000095 2.349799824656694e-08
24000.000000000095 3.1412003104455674e-08
24050.000000000095 3.1732391965355256e-08
24100.000000000095 2.7230617265831852e-08
24150.000000000095 3.174254012251515e-08
24200.000000000095 3.337107484534098e-08
24250.000000000095 3.0275628123795864e-08
24300.000000000095 3.62476681327542e-08
24350.000000000095 2.915895767751407e-08
24400.000000000095 4.331669551828104e-08
24450.000000000095 3.550431180705984e-08
24500.000000000095 3.802850073059709e-08
24550.000000000095 4.004438515283004e-08
24600.000000000095 4.387203810586368e-08
24650.000000000095 4.965352940707468e-08
24700.000000000095 3.557859957979469e-08
24750.000000000095 3.492202205009219e-08
24800.000000000095 3.538343409751273e-08
24850.000000000095 5.120218143556674e-08
24900.000000000095 2.336190790456764e-08
24950.000000000095 4.149259565491513e-08
25000.000000000095 3.810811038759919e-08
25050.000000000095 2.3875053862306818e-08
25100.000000000095 3.443855471478962e-08
25150.000000000095 2.073785759460079e-08
25200.000000000095 2.819541766232766e-08
25250.000000000095 1.6339946181220454e-08
25300.000000000095 2.3305594385780147e-08
25350.000000000095 1.2880952260465253e-08
25400.000000000095 2.5272594190665992e-08
25450.000000000095 1.4072987819022132e-08
25500.000000000095 1.3543401762921048e-08
25550.000000000095 1.93547741651669e-08
25600.000000000095 1.6333398946800133e-08
25650.000000000095 9.571147341065139e-09
25700.000000000095 1.90087524264631e-08
25750.000000000095 8.710305664711074e-09
25800.000000000095 2.140913847721455e-08
25850.000000000095 8.84727964670086e-09
25900.000000000095 1.4151882819819943e-08
25950.000000000095 7.270549584307277e-09
26000.000000000095 2.0173792441260423e-08
26050.000000000095 1.028453761023278e-08
26100.000000000095 2.238313403352661e-08
26150.000000000095 1.6280911143833308e-08
26200.000000000095 1.7780282761606533e-08
26250.000000000095 3.31889101742845e-08
26300.000000000095 1.9520962814005787e-08
26350.000000000095 3.8218399089929074e-08
26400.000000000095 3.9472378201058516e-08
26450.000000000095 3.702485437923897e-08
26500.000000000095 4.1342584402648025e-08
26550.000000000095 2.146194420675359e-08
26600.000000000095 2.4927714846435767e-08
26650.000000000095 1.099847837135397e-08
26700.000000000095 8.658471499653663e-09
26750.000000000095 8.029107592679744e-09
26800.000000000095 1.2103822337713634e-08
26850.000000000095 7.081034224528712e-09
26900.000000000095 1.7140842647499375e-08
26950.000000000095 8.649931053322374e-09
27000.000000000095 2.285299749087192e-08
27050.000000000095 2.1460736772222324e-08
27100.000000000095 1.2652334182608953e-08
27150.000000000095 2.8678095130388474e-08
27200.000000000095 1.3430452366280587e-08
27250.000000000095 1.829792490500028e-08
27300.000000000095 4.731486312228649e-08
27350.000000000095 3.1372788586480826e-08
27400.000000000095 7.749155115085179e-09
27450.000000000095 3.664900300065969e-08
27500.000000000095 4.351630141117401e-08
27550.000000000095 1.5906795019080687e-08
27600.000000000095 2.9196374965287494e-08
27650.000000000095 1.3638171855848447e-08
27700.000000000095 1.1195368163723998e-08
27750.000000000095 3.1526443720841575e-08
27800.000000000095 1.5291535023448882e-08
27850.000000000095 1.724600057547715e-08
27900.000000000095 2.322101387900893e-08
27950.000000000095 3.6049366325695866e-08
28000.000000000095 2.8197055221220593e-08
28050.000000000095 1.115360748328982e-08
28100.000000000095 3.8528846745109464e-08
28150.000000000095 2.5894702606017956e-08
28200.000000000095 1.1930921020435642e-08
28250.000000000095 4.1271427440602505e-08
28300.000000000095 4.990641987706615e-08
28350.000000000095 1.4123766869342746e-08
28400.000000000095 3.373944342687356e-08
28450.000000000095 4.5855564235266045e-08
28500.000000000095 3.182081261354246e-08
28550.000000000095 1.343870685510996e-08
28600.000000000095 4.78690421547034e-08
28650.000000000095 3.986888314715395e-08
28700.000000000095 3.429604611902779e-08
28750.000000000095 5.184120630312955e-08
28800.000000000095 4.713148821928258e-08
28850.000000000095 5.3378677890451265e-08
28900.000000000095 2.6942117182272687e-08
28950.000000000095 6.567195626364515e-08
29000.000000000095 4.7621660157092714e-08
29050.000000000095 5.488211575815797e-08
29100.000000000095 3.698227125041572e-08
29150.000000000095 7.959301228747273e-08
29200.000000000095 4.7787823087982593e-08
29250.000000000095 6.726839337944695e-08
29300.000000000095 4.1202737206864756e-08
