galfind/configs/Brown_Dwarf_templates/sonora_cholla/logkzz7/1780g/1050K_1780g_logkzz7_resample.dat
# %ECSV 1.0
# ---
# datatype:
# - {name: wav, unit: Angstrom, datatype: float64}
# - {name: flux_nu, unit: erg / (cm2 Hz s), datatype: float64}
# schema: astropy-2.0
wav flux_nu
[from data line 775]
48750.000000000095 1.2590750049755385e-07
48800.000000000095 2.1432861464231696e-07
48850.000000000095 1.4541858728444282e-07
48900.000000000095 2.1215402866561107e-07
48950.000000000095 1.9008282775731639e-07
49000.000000000095 1.6844785741664946e-07
49050.000000000095 2.1002717195148126e-07
49100.000000000095 1.5709674232417802e-07
49150.000000000095 2.3671037663732707e-07
49200.000000000095 1.5685847528951384e-07
49250.000000000095 2.368681241081956e-07
49300.000000000095 1.7399528271577848e-07
49350.000000000095 1.966200652955703e-07
49400.000000000095 2.2327575896725997e-07
49450.000000000095 2.0201425130729274e-07
49500.000000000095 1.9623630054518356e-07
49550.000000000095 1.1892851673891146e-07
49600.000000000095 2.004280692146934e-07
49650.000000000095 1.9705725055329952e-07
49700.000000000095 1.859694963988509e-07
49750.000000000095 2.858762855979673e-07
49800.000000000095 1.7738471244946272e-07
49850.000000000095 3.042904218445277e-07
49900.000000000095 2.3005735097639553e-07
49950.000000000095 2.553214170200394e-07
50000.000000000095 2.7793682560811093e-07
50050.000000000095 2.4771104393538585e-07
50100.000000000095 3.1768808602719063e-07
50150.000000000095 1.7881104368607437e-07
50200.000000000095 1.266142546813008e-07
50250.000000000095 2.638971617487043e-07
50300.000000000095 1.9802191292256465e-07
50350.000000000095 2.9636128862698655e-07
50400.000000000095 2.3706705672039727e-07
50450.000000000095 2.404200420743085e-07
50500.000000000095 3.325089455752838e-07
50550.000000000095 2.645245400773855e-07
50600.000000000095 2.7289027899616e-07
50650.000000000095 2.568747010065664e-07
50700.000000000095 3.7828009010053543e-07
50750.000000000095 3.326468756355943e-07
50800.000000000095 1.7995499664423442e-07
50850.000000000095 1.8767422915140425e-07
50900.000000000095 3.338839994340411e-07
50950.000000000095 3.330549014119241e-07
51000.000000000095 3.278896655251462e-07
51050.000000000095 2.9228181625922585e-07
51100.000000000095 1.915349275135444e-07
51150.000000000095 2.3910862205819646e-07
51200.000000000095 3.495741298445083e-07
51250.000000000095 3.0941620185165903e-07
51300.000000000095 2.1884962718605304e-07
51350.000000000095 2.7096686460395096e-07
51400.000000000095 1.9364697706640572e-07
51450.000000000095 1.7030058203424825e-07
51500.000000000095 1.5555492707943694e-07
51550.000000000095 2.9325689553801186e-07
51600.000000000095 2.1242928453548626e-07
51650.000000000095 2.6850289038050796e-07
51700.000000000095 2.8952811138085053e-07
51750.000000000095 1.982681589216969e-07
51800.000000000095 3.572771700486571e-07
51850.000000000095 2.9758218441428474e-07
51900.000000000095 3.7531644522957274e-07
51950.000000000095 3.008407105220768e-07
52000.000000000095 1.1522776326412182e-07
52050.000000000095 2.116096309653148e-07
52100.000000000095 1.8557759808903359e-07
52150.000000000095 1.5081497089542464e-07
52200.000000000095 1.7632238343793408e-07
52250.000000000095 2.2796585106119795e-07
52300.000000000095 3.696366766347345e-07
52350.000000000095 2.222687037004537e-07
52400.000000000095 1.886976221247019e-07
52450.000000000095 3.026089235728699e-07
52500.000000000095 2.8342441205425627e-07
52550.000000000095 2.8591431408969833e-07
52600.000000000095 2.4507777890740983e-07
52650.000000000095 2.62873961761139e-07
52700.000000000095 2.1055712539207983e-07
52750.000000000095 1.6633774779000137e-07
52800.000000000095 1.862379176752031e-07
52850.000000000095 2.140076771798488e-07
52900.000000000095 1.7602644980009084e-07
52950.000000000095 1.9531086106580606e-07
53000.000000000095 3.114383758229288e-07
53050.000000000095 1.4375484324754574e-07
53100.000000000095 3.0015775374146767e-07
53150.000000000095 3.5121130098252284e-07
53200.000000000095 1.6680670108115766e-07
53250.000000000095 3.073650526206283e-07
53300.000000000095 3.369195731354509e-07
53350.000000000095 3.2134063858349286e-07
53400.000000000095 3.1101542780753725e-07
53450.000000000095 1.5201071529148182e-07
53500.000000000095 9.618016018782182e-08
53550.000000000095 1.46215032620886e-07
53600.000000000095 2.2856573817822062e-07
53650.000000000095 1.8397763896244843e-07
53700.000000000095 1.7376068786207932e-07
53750.000000000095 1.702953925775887e-07
53800.000000000095 1.7849547287197418e-07
53850.000000000095 2.3403800938477562e-07
53900.000000000095 2.365231300287567e-07
53950.000000000095 3.0502162385548197e-07
54000.000000000095 2.1359256875128553e-07
54050.000000000095 2.1147971377804161e-07
54100.000000000095 1.065007328927593e-07
54150.000000000095 1.541260146599666e-07
54200.000000000095 8.096726416897091e-08
54250.000000000095 1.0278229893163221e-07
54300.000000000095 1.6037202910454758e-07
54350.000000000095 2.1260014281843915e-07
54400.000000000095 2.1181175035339957e-07
54450.000000000095 1.9356924238704573e-07
54500.000000000095 1.7107026002890034e-07
54550.000000000095 1.4251184050237215e-07
54600.000000000095 1.765954420559234e-07
54650.000000000095 9.712178720031302e-08
54700.000000000095 2.0920474578633597e-07
54750.000000000095 1.9462328668851908e-07
54800.000000000095 1.3765810373999845e-07
54850.000000000095 1.6283507141988922e-07
54900.000000000095 2.2213086570520713e-07
54950.000000000095 2.894442761772949e-07
55000.000000000095 1.369863733111513e-07
55050.000000000095 1.878462326976472e-07
55100.000000000095 1.8555463667288668e-07
55150.000000000095 1.492126259375927e-07
55200.000000000095 1.4511537427626262e-07
55250.000000000095 1.6207909659678684e-07
55300.000000000095 1.185031524557288e-07
55350.000000000095 1.9163150795043748e-07
55400.000000000095 2.3158371911815364e-07
55450.000000000095 1.6437543153931352e-07
55500.000000000095 9.244434858269433e-08
55550.000000000095 1.2519937495212077e-07
55600.000000000095 1.267460098664593e-07
55650.000000000095 1.082357657458265e-07
55700.000000000095 1.348206762863636e-07
55750.000000000095 1.5110756817120444e-07
55800.000000000095 1.0696733451076812e-07
55850.000000000095 1.0009187522259222e-07
55900.000000000095 1.809938205232563e-07
55950.000000000095 2.3694034571680463e-07
56000.000000000095 1.1525637550756526e-07
56050.000000000095 1.523068838125124e-07
56100.000000000095 1.7701325406846622e-07
56150.000000000095 1.2881838996116298e-07
56200.000000000095 1.4601408611379485e-07
56250.000000000095 1.697151223322892e-07
56300.000000000095 1.6556442564792575e-07
56350.000000000095 1.6044078213867243e-07
56400.000000000095 1.0524054201075252e-07
56450.000000000095 9.528491730784432e-08
56500.000000000095 1.4062673563709853e-07
56550.000000000095 8.550970229263814e-08
56600.000000000095 1.7562515170416173e-07
56650.000000000095 1.675343184253365e-07
56700.000000000095 1.8693535744563735e-07
56750.000000000095 9.894325252640583e-08
56800.000000000095 1.642704853372815e-07
56850.000000000095 1.4104276386817999e-07
56900.000000000095 1.1568097784045318e-07
56950.000000000095 1.7879569836177034e-07
57000.000000000095 2.0130583636847239e-07
57050.000000000095 1.2778455691292735e-07
57100.000000000095 6.955417984528663e-08
57150.000000000095 1.0608349916177242e-07
57200.000000000095 8.430452114066316e-08
57250.000000000095 1.1913631673534224e-07
57300.000000000095 1.5076582763933295e-07
57350.000000000095 9.436082734987122e-08
57400.000000000095 1.6462022857848389e-07
57450.000000000095 1.3970655997545265e-07
57500.000000000095 1.2407633112384873e-07
57550.000000000095 1.6125046905839678e-07
57600.000000000095 1.6569605079553766e-07
57650.000000000095 7.127636137857236e-08
57700.000000000095 9.126304496207461e-08
57750.000000000095 1.1150602584153544e-07
57800.000000000095 5.1775615873222716e-08
57850.000000000095 2.080829059147912e-07
57900.000000000095 2.4222951718601327e-07
57950.000000000095 2.2318693974383484e-07
58000.000000000095 1.1928997227919168e-07
58050.000000000095 1.5651042758371142e-07
58100.000000000095 1.868843293553315e-07
58150.000000000095 1.4402933097888297e-07
58200.000000000095 7.55370507880491e-08
58250.000000000095 9.902715656718006e-08
58300.000000000095 8.615623437007409e-08
58350.000000000095 1.0144122374290305e-07
58400.000000000095 1.4338142557404615e-07
58450.000000000095 1.593343004680925e-07
58500.000000000095 1.4626882983396787e-07
58550.000000000095 1.645144391269728e-07
58600.000000000095 9.678302759437066e-08
58650.000000000095 1.178297399109121e-07
58700.000000000095 1.252782871440414e-07
58750.000000000095 1.4078374770956035e-07
58800.000000000095 6.446269772243378e-08
58850.000000000095 1.1214618984789789e-07
58900.000000000095 1.4323158704583036e-07
58950.000000000095 8.769734005980713e-08
59000.000000000095 1.4417752997613987e-07
59050.000000000095 1.627587989278902e-07
59100.000000000095 1.8724205795950775e-07
59150.000000000095 1.4194773919888323e-07
59200.000000000095 1.4356282435884508e-07
59250.000000000095 1.5321622048556306e-07
59300.000000000095 1.4731761956144816e-07
59350.000000000095 7.303197424953106e-08
59400.000000000095 6.061757590942025e-08
59450.000000000095 1.3265167826655638e-07
59500.000000000095 8.252976931348875e-08
59550.000000000095 1.6224050539712667e-07
59600.000000000095 1.8165021234766623e-07
59650.000000000095 1.3435407167453096e-07
59700.000000000095 9.573846848730713e-08
59750.000000000095 2.1278929906360152e-07
59800.000000000095 1.2591564748975087e-07
59850.000000000095 1.6829639298114972e-07
59900.000000000095 8.411384924913794e-08
59950.000000000095 1.4147167401457775e-07
60000.000000000095 2.4409549045426866e-07
60050.000000000095 2.0729185132660245e-07
60100.000000000095 1.9671274432721163e-07
60150.000000000095 1.3194489106704846e-07
60200.000000000095 1.608331641652849e-07
60250.000000000095 2.035455374024555e-07
60300.000000000095 1.8636117913815975e-07
60350.000000000095 1.2816890682427348e-07
60400.000000000095 1.6544490240952153e-07
60450.000000000095 8.404577153785576e-08
60500.000000000095 5.4624733877464755e-08
60550.000000000095 1.6286256629800685e-07
60600.000000000095 1.619354970212585e-07
60650.000000000095 1.325274491874688e-07
60700.000000000095 1.1700108972375859e-07
60750.000000000095 8.495855852949303e-08
60800.000000000095 1.6927178161654563e-07
60850.000000000095 2.485414254869411e-07
60900.000000000095 2.2007602649194443e-07
60950.000000000095 1.9226832289332104e-07
61000.000000000095 1.6603268515746272e-07
61050.000000000095 1.0961966102927838e-07
61100.000000000095 1.44059509447525e-07
61150.000000000095 6.583171244989322e-08
61200.000000000095 1.9873759868126954e-07
61250.000000000095 2.147540975537196e-07
61300.000000000095 1.8267192668905485e-07
61350.000000000095 2.4207801515538164e-07
61400.000000000095 1.4842284374401827e-07
61450.000000000095 9.572013586597966e-08
61500.000000000095 1.0992312117048478e-07
61550.000000000095 1.254759612594247e-07
61600.000000000095 9.137684017673354e-08
61650.000000000095 1.34048771551758e-07
61700.000000000095 1.2051233687451852e-07
61750.000000000095 1.4073096532315132e-07
61800.000000000095 1.5961090742149979e-07
61850.000000000095 9.931016452414123e-08
61900.000000000095 2.120932493983016e-07
61950.000000000095 2.1753861406254367e-07
62000.000000000095 1.9674554326129658e-07
62050.000000000095 1.96951408924506e-07
62100.000000000095 1.922181278017263e-07
62150.000000000095 2.002069943400738e-07
62200.000000000095 1.7941305562562214e-07
62250.000000000095 1.7002664995128906e-07
62300.000000000095 2.512871965147406e-07
62350.000000000095 2.1883455503204843e-07
62400.000000000095 1.3278237763102202e-07
62450.000000000095 1.6603563223046012e-07
62500.000000000095 2.3115772919666346e-07
62550.000000000095 2.347549168201141e-07
62600.000000000095 2.3947202427731943e-07
62650.000000000095 1.9464111351659887e-07
62700.000000000095 1.994463637793925e-07
62750.000000000095 2.4661610681538534e-07
62800.000000000095 1.5921059223953942e-07
62850.000000000095 2.1416933296625485e-07
62900.000000000095 1.8537050483126606e-07
62950.000000000095 2.6213949223316954e-07
63000.000000000095 2.098773313392357e-07
63050.000000000095 2.91964911276184e-07
63100.000000000095 2.7479725999588624e-07
63150.000000000095 1.8644450633606504e-07
63200.000000000095 2.2703435382943555e-07
63250.000000000095 2.3397892298101346e-07
63300.000000000095 2.3391683445574332e-07
63350.000000000095 2.191866750545024e-07
63400.000000000095 1.3131347814272626e-07
63450.000000000095 1.0197482517098502e-07
63500.000000000095 2.062330113545744e-07
63550.000000000095 2.0783877068298628e-07
63600.000000000095 2.3228943780244997e-07
63650.000000000095 1.7676229689010115e-07
63700.000000000095 1.1162382906202258e-07
63750.000000000095 1.5953700197017845e-07
63800.000000000095 2.0102409188987264e-07
63850.000000000095 1.8322826705382547e-07
63900.000000000095 1.2393974724829775e-07
63950.000000000095 1.8470796827858864e-07
64000.000000000095 2.1047553758392596e-07
64050.000000000095 1.4673766128568774e-07
64100.000000000095 5.785356971608595e-08
64150.000000000095 8.084532238177278e-08
64200.000000000095 9.346252056806899e-08
64250.000000000095 1.4683115655605011e-07
64300.000000000095 1.186405042099497e-07
64350.000000000095 1.0124819676884711e-07
64400.000000000095 1.6824121616923278e-07
64450.000000000095 1.7619657124389353e-07
64500.000000000095 9.689853517330615e-08
64550.000000000095 1.5243461951917351e-07
64600.000000000095 1.0014527818343217e-07
64650.000000000095 1.5307489072252925e-07
64700.000000000095 7.970985124140004e-08
64750.000000000095 9.735295531871558e-08
64800.000000000095 9.247068570809788e-08
64850.000000000095 8.38508033935001e-08
64900.000000000095 9.531652912515693e-08
64950.000000000095 8.659289828039374e-08
65000.000000000095 1.0715961219270916e-07
65050.000000000095 1.1802027292587098e-07
65100.000000000095 1.4350303348791676e-07
65150.000000000095 1.0391113976702708e-07
65200.000000000095 8.260903772092567e-08
65250.000000000095 1.2705535260828822e-07
65300.000000000095 1.171316114401922e-07
65350.000000000095 2.062998101424686e-07
65400.000000000095 1.0814833859539715e-07
65450.000000000095 1.1092386647304184e-07
65500.000000000095 1.282092101387809e-07
65550.00000000009 8.630026899946373e-08
65600.00000000009 1.1310681855885481e-07
65650.00000000009 1.1282003845029744e-07
65700.00000000009 1.0461485273226291e-07
65750.00000000009 8.35434810157739e-08
65800.00000000009 1.192381457932174e-07
65850.00000000009 1.4836198129011342e-07
65900.00000000009 8.255751686856058e-08
65950.00000000009 7.606931745081398e-08
66000.00000000009 1.0258365211210888e-07
66050.00000000009 1.7666443902827367e-07
66100.00000000009 1.126398277395056e-07
66150.00000000009 9.10633472312682e-08
66200.00000000009 8.807482984166592e-08
66250.00000000009 8.211008563888489e-08
66300.00000000009 4.488983261979728e-08
66350.00000000009 6.120080628428638e-08
66400.00000000009 8.330316437056933e-08
66450.00000000009 1.3616478110282247e-07
66500.00000000009 1.7801836705948703e-07
66550.00000000009 1.6123789672994387e-07
66600.00000000009 1.2842870107752545e-07
66650.00000000009 1.2099034422798035e-07
66700.00000000009 1.080009948858014e-07
66750.00000000009 9.939368229510044e-08
66800.00000000009 1.2748162318242468e-07
66850.00000000009 8.76494906509633e-08
66900.00000000009 1.4609296438252853e-07
66950.00000000009 1.8301729461434557e-07
67000.00000000009 1.8733268001168623e-07
67050.00000000009 1.1998752549361782e-07
67100.00000000009 1.0028542708474063e-07
67150.00000000009 1.0558844432977011e-07
67200.00000000009 1.2499967564166542e-07
67250.00000000009 1.201997800514138e-07
67300.00000000009 1.4002618813540145e-07
67350.00000000009 9.233813257973825e-08
67400.00000000009 1.7511427818159883e-07
67450.00000000009 1.296386623706247e-07
67500.00000000009 1.2191141380080396e-07
67550.00000000009 1.4946759862104514e-07
67600.00000000009 2.3642128647568267e-07
67650.00000000009 1.7545804182195053e-07
67700.00000000009 1.3712708516889784e-07
67750.00000000009 1.1711596311013032e-07
67800.00000000009 1.5188352768761525e-07
67850.00000000009 9.552357226337183e-08
67900.00000000009 1.1797577815026325e-07
67950.00000000009 8.763889323406848e-08
