galfind/configs/Brown_Dwarf_templates/sonora_cholla/logkzz7/1780g/1100K_1780g_logkzz7_resample.dat
# %ECSV 1.0
# ---
# datatype:
# - {name: wav, unit: Angstrom, datatype: float64}
# - {name: flux_nu, unit: erg / (cm2 Hz s), datatype: float64}
# schema: astropy-2.0
wav flux_nu
10000.000000000093 nan
10050.000000000093 1.8475185717069275e-07
10100.000000000093 2.1410794332696928e-07
10150.000000000093 2.2195690317208626e-07
10200.000000000093 2.4402325702571904e-07
10250.000000000093 2.6324771337884167e-07
10300.000000000093 2.8039520941454855e-07
10350.000000000093 3.1564578879985053e-07
10400.000000000093 3.444834331564983e-07
10450.000000000093 3.645813199385623e-07
10500.000000000093 3.729999525792458e-07
10550.000000000093 3.840866443254298e-07
10600.000000000093 4.0070776812110946e-07
10650.000000000093 4.1932009588569227e-07
10700.000000000093 4.366712589603314e-07
10750.000000000093 4.5236656531239496e-07
10800.000000000093 4.6228704747465363e-07
10850.000000000093 4.681510111595402e-07
10900.000000000093 4.034603730650753e-07
10950.000000000093 2.787024387648527e-07
11000.000000000093 2.139180869213649e-07
11050.000000000093 1.541487914460918e-07
11100.000000000093 1.1426245797814802e-07
11150.000000000093 8.684260366918517e-08
11200.000000000093 9.448724049851595e-08
11250.000000000093 1.232812918865276e-07
11300.000000000093 1.2414979597378897e-07
11350.000000000093 6.884160403625815e-08
11400.000000000093 1.450874054417716e-07
11450.000000000093 1.1010367666845171e-07
11500.000000000093 1.2968535628151503e-07
11550.000000000093 9.413660840277575e-08
11600.000000000093 9.57891562680673e-08
11650.000000000093 1.1909331950918741e-07
11700.000000000093 1.2493191995924546e-07
11750.000000000093 1.0869782985308242e-07
11800.000000000093 1.561590354287772e-07
11850.000000000093 1.949151324452055e-07
11900.000000000093 2.2952161743758383e-07
11950.000000000093 2.6514169286282524e-07
12000.000000000093 3.1892024632863443e-07
12050.000000000093 3.700332488903139e-07
12100.000000000093 4.0959178296558443e-07
12150.000000000093 4.609735568870068e-07
12200.000000000093 5.054092624283531e-07
12250.000000000093 5.533606555536971e-07
12300.000000000093 6.03079103416228e-07
12350.000000000093 6.248762158625724e-07
12400.000000000093 6.684303725314798e-07
12450.000000000093 7.23301475179114e-07
12500.000000000093 7.597661207062965e-07
12550.000000000093 7.949070125759924e-07
12600.000000000093 7.934715103816197e-07
12650.000000000093 7.719327111238885e-07
12700.000000000093 7.732655139360467e-07
12750.000000000093 7.688132381076168e-07
12800.000000000093 7.720432161160473e-07
12850.000000000093 6.941262081710865e-07
12900.000000000093 6.502028358064809e-07
12950.000000000093 6.326481655589044e-07
13000.000000000093 6.24723391367573e-07
13050.000000000093 5.858548944982642e-07
13100.000000000093 5.710271217224566e-07
13150.000000000093 4.901958850671e-07
13200.000000000093 4.558125884674921e-07
13250.000000000093 3.3432671343877084e-07
13300.000000000093 1.9875835029281112e-07
13350.000000000093 6.978654806828616e-08
13400.000000000093 2.989393290292106e-08
13450.000000000093 1.995650177234886e-08
13500.000000000093 1.1953809320534836e-08
13550.000000000093 9.041722596623958e-09
13600.000000000093 6.9835377151961646e-09
13650.000000000093 1.6516984987000867e-08
13700.000000000093 1.2992523489017954e-08
13750.000000000093 1.903729591531463e-08
13800.000000000093 2.439734596335048e-08
13850.000000000093 1.598407171094747e-08
13900.000000000093 1.5835910222903306e-08
13950.000000000093 1.540077436461786e-08
14000.000000000093 1.5473349610647123e-08
14050.000000000093 1.898783982241542e-08
14100.000000000093 1.4179390702465752e-08
14150.000000000093 1.998672247701652e-08
14200.000000000093 1.5446252201964265e-08
14250.000000000093 1.6537073785848182e-08
14300.000000000093 2.6780953800787524e-08
14350.000000000093 2.5616004266159795e-08
14400.000000000093 2.638494254273439e-08
14450.000000000093 3.2145124092408675e-08
14500.000000000093 5.176896778899642e-08
14550.000000000093 5.138478690402659e-08
14600.000000000093 7.417722776183897e-08
14650.000000000093 7.207485669624201e-08
14700.000000000093 5.608960991820789e-08
14750.000000000093 7.208019963695661e-08
14800.000000000093 8.598954204761991e-08
14850.000000000093 9.21303142174635e-08
14900.000000000093 9.432261661027988e-08
14950.000000000093 1.1006242468721012e-07
15000.000000000093 1.2560391169945669e-07
15050.000000000093 1.4749729403328762e-07
15100.000000000093 1.5941860670515404e-07
15150.000000000093 1.710049057778385e-07
15200.000000000093 1.8173155939413347e-07
15250.000000000093 2.1801008368522066e-07
15300.000000000093 2.406197936877099e-07
15350.000000000093 2.77474590416216e-07
15400.000000000093 3.0224608241424975e-07
15450.000000000093 3.276628509566976e-07
15500.000000000093 3.4298616773307255e-07
15550.000000000093 3.802778096229185e-07
15600.000000000093 3.886925563010858e-07
15650.000000000093 4.019215404394559e-07
15700.000000000093 4.4103062927795416e-07
15750.000000000093 4.5734330607141665e-07
15800.000000000093 4.550546832125395e-07
15850.000000000093 4.716185837354939e-07
15900.000000000093 4.598972639607874e-07
15950.000000000093 4.538155758943149e-07
16000.000000000093 4.24260121155262e-07
16050.000000000093 3.7504558229384e-07
16100.000000000093 3.343830613099174e-07
16150.000000000093 2.797204591472737e-07
16200.000000000093 2.3091282491156012e-07
16250.000000000093 2.2467749459771257e-07
16300.000000000093 2.041615228897142e-07
16350.000000000093 2.1664669286151198e-07
16400.000000000095 2.326198595329545e-07
16450.000000000095 2.4545675477265557e-07
16500.000000000095 2.613172846460987e-07
16550.000000000095 2.556558455292598e-07
16600.000000000095 2.596557089053504e-07
16650.000000000095 1.9619244044441375e-07
16700.000000000095 1.4065298153109735e-07
16750.000000000095 1.7641159450677538e-07
16800.000000000095 2.1724975395393416e-07
16850.000000000095 2.1212434619623534e-07
16900.000000000095 1.9870410930648725e-07
16950.000000000095 1.8634650346017383e-07
17000.000000000095 1.701446959062866e-07
17050.000000000095 2.0026141582249514e-07
17100.000000000095 2.104224761488278e-07
17150.000000000095 1.9016313856946587e-07
17200.000000000095 2.1484440763252975e-07
17250.000000000095 1.889091061884211e-07
17300.000000000095 1.7360802235812424e-07
17350.000000000095 1.6139697161164516e-07
17400.000000000095 1.549145553515319e-07
17450.000000000095 1.4881231837937193e-07
17500.000000000095 1.5401319115812291e-07
17550.000000000095 1.3257306048113315e-07
17600.000000000095 1.2150066929391563e-07
17650.000000000095 1.1568241065441192e-07
17700.000000000095 9.103639126782037e-08
17750.000000000095 7.74864153799057e-08
17800.000000000095 8.628228213723978e-08
17850.000000000095 6.021178174475254e-08
17900.000000000095 7.162993328744487e-08
17950.000000000095 5.335490368023216e-08
18000.000000000095 5.77326941627185e-08
18050.000000000095 4.803629800022597e-08
18100.000000000095 4.796200484607053e-08
18150.000000000095 5.9595317891569566e-08
18200.000000000095 3.8862234131535014e-08
18250.000000000095 7.574528836312019e-08
18300.000000000095 4.543710835386637e-08
18350.000000000095 4.306541550535636e-08
18400.000000000095 3.7687781167880116e-08
18450.000000000095 4.829548478776775e-08
18500.000000000095 4.923169641436219e-08
18550.000000000095 3.801793696293655e-08
18600.000000000095 3.455352401594794e-08
18650.000000000095 3.03025239559241e-08
18700.000000000095 2.806971559641093e-08
18750.000000000095 3.898225010984848e-08
18800.000000000095 6.98340854556232e-08
18850.000000000095 7.549204475648624e-08
18900.000000000095 6.598506343548968e-08
18950.000000000095 1.0359748247059339e-07
19000.000000000095 6.923450289456492e-08
19050.000000000095 5.254858230452847e-08
19100.000000000095 8.564618506056265e-08
19150.000000000095 6.193660085950774e-08
19200.000000000095 7.649988571792915e-08
19250.000000000095 6.081025390682345e-08
19300.000000000095 5.5980485784185566e-08
19350.000000000095 5.331672479640787e-08
19400.000000000095 3.492291809591302e-08
19450.000000000095 6.136029748513229e-08
19500.000000000095 5.983719131628286e-08
19550.000000000095 4.8520551266655985e-08
19600.000000000095 6.034896841407265e-08
19650.000000000095 7.297546824442358e-08
19700.000000000095 7.220227192281654e-08
19750.000000000095 7.38422755362276e-08
19800.000000000095 8.451310017778458e-08
19850.000000000095 1.0525220481761749e-07
19900.000000000095 8.239123875236065e-08
19950.000000000095 1.1856895610555303e-07
20000.000000000095 1.0991366581405559e-07
20050.000000000095 1.2392452913234244e-07
20100.000000000095 1.2831402868037785e-07
20150.000000000095 1.3161239520873386e-07
20200.000000000095 1.46043094511561e-07
20250.000000000095 1.6256676214245783e-07
20300.000000000095 1.5543786873693334e-07
20350.000000000095 1.7635552667513076e-07
20400.000000000095 1.7338173972328044e-07
20450.000000000095 1.9344542795376033e-07
20500.000000000095 2.0016062721316673e-07
20550.000000000095 1.9822526528652602e-07
20600.000000000095 2.1508775533086919e-07
20650.000000000095 2.1172116709185508e-07
20700.000000000095 2.1360270187455414e-07
20750.000000000095 2.2104913982645585e-07
20800.000000000095 2.212041791983713e-07
20850.000000000095 2.2336860457450503e-07
20900.000000000095 2.2821749223851484e-07
20950.000000000095 2.2371268429059504e-07
21000.000000000095 2.2518370178439154e-07
21050.000000000095 2.208387773783641e-07
21100.000000000095 2.1966105392713016e-07
21150.000000000095 2.2066076776555438e-07
21200.000000000095 2.1482682131996819e-07
21250.000000000095 2.1478792864619385e-07
21300.000000000095 2.0543320387181817e-07
21350.000000000095 2.0501974806870613e-07
21400.000000000095 1.9854855249812642e-07
21450.000000000095 1.915939916857614e-07
21500.000000000095 1.9033438757714481e-07
21550.000000000095 1.85063897021585e-07
21600.000000000095 1.792365263439155e-07
21650.000000000095 1.7028721702973622e-07
21700.000000000095 1.719856692868188e-07
21750.000000000095 1.6129583268999202e-07
21800.000000000095 1.511916681538891e-07
21850.000000000095 1.3909503769653657e-07
21900.000000000095 1.3097246146338877e-07
21950.000000000095 9.939131879651829e-08
22000.000000000095 6.600195418753766e-08
22050.000000000095 5.55290091425075e-08
22100.000000000095 7.873932547773251e-08
22150.000000000095 8.547205956329368e-08
22200.000000000095 8.443439330279297e-08
22250.000000000095 8.021076360385644e-08
22300.000000000095 7.447416753325035e-08
22350.000000000095 7.137933115531526e-08
22400.000000000095 6.027898732101845e-08
22450.000000000095 5.532949676014632e-08
22500.000000000095 5.749642374752313e-08
22550.000000000095 4.551569252006239e-08
22600.000000000095 5.0986441746838647e-08
22650.000000000095 5.329686770837414e-08
22700.000000000095 5.076780032064166e-08
22750.000000000095 5.206171548831859e-08
22800.000000000095 5.0139319782180554e-08
22850.000000000095 4.401688602483961e-08
22900.000000000095 4.241353401794089e-08
22950.000000000095 4.0861466152245246e-08
23000.000000000095 3.673899058026872e-08
23050.000000000095 4.630024454987977e-08
23100.000000000095 6.428794781106179e-08
23150.000000000095 6.006096318868786e-08
23200.000000000095 2.8177131663900838e-08
23250.000000000095 3.311144251120267e-08
23300.000000000095 3.232683878769595e-08
23350.000000000095 2.831474814713005e-08
23400.000000000095 3.375790133001671e-08
23450.000000000095 3.2359440077454056e-08
23500.000000000095 3.2708930745705204e-08
23550.000000000095 4.332452610764422e-08
23600.000000000095 4.7681107048650416e-08
23650.000000000095 5.150495781904911e-08
23700.000000000095 3.033244876376062e-08
23750.000000000095 3.105491664839354e-08
23800.000000000095 3.987786970770406e-08
23850.000000000095 3.8447257197626835e-08
23900.000000000095 5.354313765350385e-08
23950.000000000095 5.2706284166027034e-08
24000.000000000095 6.64860222968906e-08
24050.000000000095 6.675442349948738e-08
24100.000000000095 5.7432694374235015e-08
24150.000000000095 6.494324235429482e-08
24200.000000000095 6.92426328697124e-08
24250.000000000095 6.472941425108883e-08
24300.000000000095 7.183031414223441e-08
24350.000000000095 6.0912056825489e-08
24400.000000000095 8.431780198313761e-08
24450.000000000095 6.904449303326179e-08
24500.000000000095 7.456994290593674e-08
24550.000000000095 7.458474211564559e-08
24600.000000000095 8.114677317088725e-08
24650.000000000095 9.152012872276341e-08
24700.000000000095 6.696415722972562e-08
24750.000000000095 6.369195755472952e-08
24800.000000000095 6.676563645745742e-08
24850.000000000095 9.242694636602705e-08
24900.000000000095 4.5297163762523684e-08
24950.000000000095 7.640456958315303e-08
25000.000000000095 7.127616316986502e-08
25050.000000000095 4.683558930327683e-08
25100.000000000095 6.486340221423382e-08
25150.000000000095 4.0820632954279985e-08
25200.000000000095 5.476062861670148e-08
25250.000000000095 3.475126353503297e-08
25300.000000000095 4.8093574174656675e-08
25350.000000000095 2.8214392465289094e-08
25400.000000000095 5.0684705656774606e-08
25450.000000000095 3.0811416633669435e-08
25500.000000000095 3.016701529185737e-08
25550.000000000095 4.0094729707399935e-08
25600.000000000095 3.5819195662468125e-08
25650.000000000095 2.2489091881100304e-08
25700.000000000095 4.360292626531156e-08
25750.000000000095 2.1586994013385336e-08
25800.000000000095 4.6271500972372864e-08
25850.000000000095 2.21736814470364e-08
25900.000000000095 3.418229789477853e-08
25950.000000000095 1.9498224627016294e-08
26000.000000000095 4.351595901736567e-08
26050.000000000095 2.703051527823522e-08
26100.000000000095 5.0157816555473896e-08
26150.000000000095 3.9215016685496924e-08
26200.000000000095 4.211083416678621e-08
26250.000000000095 6.597843529611824e-08
26300.000000000095 4.406513973709716e-08
26350.000000000095 7.359599879734225e-08
26400.000000000095 7.60420640207333e-08
26450.000000000095 7.367048786611466e-08
26500.000000000095 7.71123525492431e-08
26550.000000000095 4.7884138688530635e-08
26600.000000000095 5.6036593410362224e-08
26650.000000000095 2.793089424711307e-08
26700.000000000095 2.3155599052693374e-08
26750.000000000095 2.074750001266876e-08
26800.000000000095 2.941786443016891e-08
26850.000000000095 1.7520950668295736e-08
26900.000000000095 3.753975850609168e-08
26950.000000000095 1.9990334761826137e-08
27000.000000000095 4.650579080915515e-08
27050.000000000095 4.307168604217557e-08
27100.000000000095 2.9401193217667418e-08
27150.000000000095 5.558923490252344e-08
27200.000000000095 3.1859546301279974e-08
27250.000000000095 3.887471658056436e-08
27300.000000000095 8.638820479099815e-08
27350.000000000095 6.271679584011809e-08
27400.000000000095 1.976564936770696e-08
27450.000000000095 7.378490384330292e-08
27500.000000000095 8.207956257243841e-08
27550.000000000095 3.660848807159747e-08
27600.000000000095 6.29154131548405e-08
27650.000000000095 3.1252897626145276e-08
27700.000000000095 2.6285086513136187e-08
27750.000000000095 6.497134609452435e-08
27800.000000000095 3.384192831152028e-08
27850.000000000095 3.7404782178661986e-08
27900.000000000095 4.9502303315716234e-08
27950.000000000095 6.975458398506728e-08
28000.000000000095 5.724695888044329e-08
28050.000000000095 2.5740289755109326e-08
28100.000000000095 7.625784000450465e-08
28150.000000000095 5.291480202793477e-08
28200.000000000095 2.6282838825186e-08
28250.000000000095 7.82202757874545e-08
28300.000000000095 9.431103137178924e-08
28350.000000000095 3.0134808020037315e-08
28400.000000000095 6.683047171389182e-08
28450.000000000095 8.319991982032286e-08
28500.000000000095 6.310359909264021e-08
28550.000000000095 2.9321502925047358e-08
28600.000000000095 8.943994910664343e-08
28650.000000000095 7.480692987742097e-08
28700.000000000095 6.460993194288475e-08
28750.000000000095 9.109286002360334e-08
28800.000000000095 8.468583035020331e-08
28850.000000000095 9.675385733910238e-08
28900.000000000095 5.0548528886949216e-08
28950.000000000095 1.1459854307537862e-07
29000.000000000095 8.384657396246445e-08
29050.000000000095 9.70181510129176e-08
29100.000000000095 6.51026838953735e-08
29150.000000000095 1.339262621157446e-07
29200.000000000095 8.371293303634115e-08
29250.000000000095 1.1407785891018817e-07
29300.000000000095 7.194059473049887e-08
