galfind/configs/Brown_Dwarf_templates/sonora_cholla/logkzz7/1780g/1100K_1780g_logkzz7_resample.dat
# %ECSV 1.0
# ---
# datatype:
# - {name: wav, unit: Angstrom, datatype: float64}
# - {name: flux_nu, unit: erg / (cm2 Hz s), datatype: float64}
# schema: astropy-2.0
wav flux_nu
[from data line 388]
29400.000000000095 1.0632973923275975e-07
29450.000000000095 1.120123210480683e-07
29500.000000000095 1.2834255935135582e-07
29550.000000000095 1.1037733547575483e-07
29600.000000000095 1.426492532891072e-07
29650.000000000095 1.2372109924457043e-07
29700.000000000095 1.0770400047670946e-07
29750.000000000095 1.4345915084847171e-07
29800.000000000095 1.4908828150700034e-07
29850.000000000095 1.6072998611921942e-07
29900.000000000095 1.6600274737769627e-07
29950.000000000095 1.5180681293566982e-07
30000.000000000095 1.1493353556479352e-07
30050.000000000095 1.0437155242074258e-07
30100.000000000095 1.3132541539103926e-07
30150.000000000095 1.8456247350975515e-07
30200.000000000095 1.3708694221738255e-07
30250.000000000095 2.0199625715902306e-07
30300.000000000095 1.7472454864410778e-07
30350.000000000095 1.6260064335963046e-07
30400.000000000095 1.9321460423252732e-07
30450.000000000095 1.4469745947064132e-07
30500.000000000095 1.4662956831629187e-07
30550.000000000095 1.5043627026311206e-07
30600.000000000095 1.8539870378344156e-07
30650.000000000095 1.583918551275445e-07
30700.000000000095 1.4173235087202165e-07
30750.000000000095 1.3882407252542374e-07
30800.000000000095 1.2946419419171123e-07
30850.000000000095 1.254689169036364e-07
30900.000000000095 1.2746851366223635e-07
30950.000000000095 8.586997173076026e-08
31000.000000000095 1.0527137282955546e-07
31050.000000000095 1.1826109504857197e-07
31100.000000000095 8.366915366051471e-08
31150.000000000095 9.560277124942018e-08
31200.000000000095 1.111525231676601e-07
31250.000000000095 8.418977292911372e-08
31300.000000000095 8.236355590731215e-08
31350.000000000095 8.056820792507108e-08
31400.000000000095 6.032279062155498e-08
31450.000000000095 7.820235550175481e-08
31500.000000000095 5.94903718174658e-08
31550.000000000095 6.829162874690569e-08
31600.000000000095 5.298275121065418e-08
31650.000000000095 5.070247890634129e-08
31700.000000000095 6.062000164693463e-08
31750.000000000095 4.229502122153785e-08
31800.000000000095 5.555910058793503e-08
31850.000000000095 4.3065078961636175e-08
31900.000000000095 4.992340283195134e-08
31950.000000000095 4.3567751071959426e-08
32000.000000000095 4.528114570135574e-08
32050.000000000095 4.0836767425055e-08
32100.000000000095 3.688090062844909e-08
32150.000000000095 4.909377967313903e-08
32200.000000000095 3.478549498721597e-08
32250.000000000095 5.3275061655098354e-08
32300.000000000095 3.1794777365932004e-08
32350.000000000095 6.389756483005268e-08
32400.000000000095 4.100174118439005e-08
32450.000000000095 5.955434563514733e-08
32500.000000000095 4.675395622138972e-08
32550.000000000095 5.642653552263912e-08
32600.000000000095 6.257171971664829e-08
32650.000000000095 7.257788879038146e-08
32700.000000000095 6.580101814324268e-08
32750.000000000095 8.532639488974194e-08
32800.000000000095 7.661530850965792e-08
32850.000000000095 9.542375063312071e-08
32900.000000000095 1.0226201342059972e-07
32950.000000000095 1.0458251992030308e-07
33000.000000000095 8.958390132220924e-08
33050.000000000095 8.927940943348788e-08
33100.000000000095 5.2378301030135686e-08
33150.000000000095 1.023888901373242e-08
33200.000000000095 1.250109464662321e-08
33250.000000000095 8.924621715402999e-09
33300.000000000095 1.0749756505451514e-08
33350.000000000095 1.9865292563176447e-08
33400.000000000095 2.901404661047308e-08
33450.000000000095 3.588867222235836e-08
33500.000000000095 5.314032364148713e-08
33550.000000000095 4.7346486547871765e-08
33600.000000000095 7.027658484679948e-08
33650.000000000095 7.418303396291923e-08
33700.000000000095 6.105745539062759e-08
33750.000000000095 8.874985282051897e-08
33800.000000000095 5.2303148540242805e-08
33850.000000000095 7.561700801155452e-08
33900.000000000095 6.742950907593629e-08
33950.000000000095 7.575941292251139e-08
34000.000000000095 8.203323436669472e-08
34050.000000000095 4.031370307801082e-08
34100.000000000095 7.629296039426597e-08
34150.000000000095 5.164586765925931e-08
34200.000000000095 6.850238254666052e-08
34250.000000000095 6.383068798552916e-08
34300.000000000095 4.9554344602446e-08
34350.000000000095 7.349358359022567e-08
34400.000000000095 5.25928510805993e-08
34450.000000000095 7.818860685285749e-08
34500.000000000095 6.774706047764301e-08
34550.000000000095 4.7619946466514865e-08
34600.000000000095 8.482026016018808e-08
34650.000000000095 4.914141202356058e-08
34700.000000000095 6.241582052812115e-08
34750.000000000095 6.673118423516305e-08
34800.000000000095 4.107161647035625e-08
34850.000000000095 7.487779099459702e-08
34900.000000000095 7.2520696997099e-08
34950.000000000095 6.90385147787525e-08
35000.000000000095 9.361656507414046e-08
35050.000000000095 6.550086121224462e-08
35100.000000000095 9.478372702892186e-08
35150.000000000095 8.425857301746917e-08
35200.000000000095 9.858332488419068e-08
35250.000000000095 1.240459747301648e-07
35300.000000000095 7.139592204086094e-08
35350.000000000095 1.0494546553722205e-07
35400.000000000095 1.0555299391466872e-07
35450.000000000095 8.8434783646777e-08
35500.000000000095 1.371888957149375e-07
35550.000000000095 1.162698604308461e-07
35600.000000000095 1.2736027973389137e-07
35650.000000000095 1.3997499535649093e-07
35700.000000000095 9.512195892881411e-08
35750.000000000095 1.492360060942094e-07
35800.000000000095 1.4630901499402902e-07
35850.000000000095 1.1027544559455561e-07
35900.000000000095 1.6093322830647244e-07
35950.000000000095 1.5559109459004064e-07
36000.000000000095 1.386049317208138e-07
36050.000000000095 1.6897633995948597e-07
36100.000000000095 1.480122572869629e-07
36150.000000000095 1.8101202623147554e-07
36200.000000000095 1.9023207443132576e-07
36250.000000000095 1.815940097427719e-07
36300.000000000095 2.0860526426473222e-07
36350.000000000095 2.0378329107966696e-07
36400.000000000095 2.3686457517048769e-07
36450.000000000095 2.2795003954175185e-07
36500.000000000095 2.2615702174009448e-07
36550.000000000095 2.638901065281551e-07
36600.000000000095 2.894167714333089e-07
36650.000000000095 2.6952790549404867e-07
36700.000000000095 2.8431236442779815e-07
36750.000000000095 3.085922642417449e-07
36800.000000000095 3.081890782336037e-07
36850.000000000095 2.9115821430304737e-07
36900.000000000095 2.945894556642622e-07
36950.000000000095 3.371836025172112e-07
37000.000000000095 3.16131329730027e-07
37050.000000000095 3.4444139539550876e-07
37100.000000000095 3.3290859667148693e-07
37150.000000000095 3.626607545771957e-07
37200.000000000095 3.8516942787423646e-07
37250.000000000095 3.390044599938203e-07
37300.000000000095 3.344739561256316e-07
37350.000000000095 3.893949049906067e-07
37400.000000000095 4.368013424024584e-07
37450.000000000095 3.881816011946955e-07
37500.000000000095 3.6827670100279157e-07
37550.000000000095 4.6071050470711425e-07
37600.000000000095 4.903180369023399e-07
37650.000000000095 3.9184561550761e-07
37700.000000000095 4.657802990713021e-07
37750.000000000095 3.8092781031497683e-07
37800.000000000095 4.4795398898801867e-07
37850.000000000095 3.6343119251534395e-07
37900.000000000095 4.2994161168497624e-07
37950.000000000095 4.6644759578633833e-07
38000.000000000095 5.100690107397543e-07
38050.000000000095 4.6637407201129033e-07
38100.000000000095 5.106373043342008e-07
38150.000000000095 5.089296501177537e-07
38200.000000000095 5.24555445361778e-07
38250.000000000095 5.151535764510675e-07
38300.000000000095 5.91332974436544e-07
38350.000000000095 5.929759442026616e-07
38400.000000000095 4.773998368712233e-07
38450.000000000095 5.333414459866042e-07
38500.000000000095 4.817554463179473e-07
38550.000000000095 5.47073171091764e-07
38600.000000000095 5.508569711603129e-07
38650.000000000095 6.020283563558389e-07
38700.000000000095 6.199607268897936e-07
38750.000000000095 6.021794220045788e-07
38800.000000000095 5.626264990634568e-07
38850.000000000095 6.288908565747734e-07
38900.000000000095 6.413218103353889e-07
38950.000000000095 6.073475572009649e-07
39000.000000000095 6.586994767552165e-07
39050.000000000095 6.267094409755641e-07
39100.000000000095 6.139737644008432e-07
39150.000000000095 6.55115564957904e-07
39200.000000000095 6.26088542280631e-07
39250.000000000095 6.843998449356174e-07
39300.000000000095 6.696058861736928e-07
39350.000000000095 7.255115464515965e-07
39400.000000000095 7.010485598811478e-07
39450.000000000095 7.16711774233683e-07
39500.000000000095 6.92850923231817e-07
39550.000000000095 6.891642674185233e-07
39600.000000000095 7.017328210839073e-07
39650.000000000095 7.672303814916498e-07
39700.000000000095 7.207982446496945e-07
39750.000000000095 6.517312333792762e-07
39800.000000000095 6.979171710243875e-07
39850.000000000095 7.640613624351363e-07
39900.000000000095 7.674470538805118e-07
39950.000000000095 7.415760776547123e-07
40000.000000000095 7.645662665226804e-07
40050.000000000095 7.657349610662458e-07
40100.000000000095 6.942920147776362e-07
40150.000000000095 7.960400884458554e-07
40200.000000000095 7.955704897920419e-07
40250.000000000095 7.562207730385089e-07
40300.000000000095 7.823697485296302e-07
40350.000000000095 7.216609600186923e-07
40400.000000000095 7.916230860961514e-07
40450.000000000095 7.522906306177443e-07
40500.000000000095 7.390344839815762e-07
40550.000000000095 8.027646097597156e-07
40600.000000000095 7.480072051155715e-07
40650.000000000095 7.901760249651348e-07
40700.000000000095 8.779946510813434e-07
40750.000000000095 7.651774592504662e-07
40800.000000000095 7.062440755213806e-07
40850.000000000095 8.059553783068843e-07
40900.000000000095 8.093128093168782e-07
40950.000000000095 7.571861061864208e-07
41000.000000000095 7.678849297485103e-07
41050.000000000095 8.00126662498178e-07
41100.000000000095 7.327248456535606e-07
41150.000000000095 7.061460314265588e-07
41200.000000000095 8.116122273346343e-07
41250.000000000095 7.804110535512252e-07
41300.000000000095 6.696595151825222e-07
41350.000000000095 8.187388132045796e-07
41400.000000000095 7.5643574094963e-07
41450.000000000095 7.97059961783286e-07
41500.000000000095 7.434316880924854e-07
41550.000000000095 6.865342624618369e-07
41600.000000000095 7.415597523448249e-07
41650.000000000095 7.610103549995827e-07
41700.000000000095 6.946412318511173e-07
41750.000000000095 6.867004820242288e-07
41800.000000000095 8.098221402241175e-07
41850.000000000095 5.505176814337947e-07
41900.000000000095 6.614076739656341e-07
41950.000000000095 7.379279123550107e-07
42000.000000000095 7.381302778075323e-07
42050.000000000095 6.230819552527608e-07
42100.000000000095 7.439993948510233e-07
42150.000000000095 5.51093128712119e-07
42200.000000000095 5.960389762248053e-07
42250.000000000095 6.32372550877954e-07
42300.000000000095 5.95636140966021e-07
42350.000000000095 6.437961573493884e-07
42400.000000000095 6.097039001964291e-07
42450.000000000095 5.377801244899161e-07
42500.000000000095 5.644867915540119e-07
42550.000000000095 5.36287952800021e-07
42600.000000000095 6.323798460033231e-07
42650.000000000095 7.229230000416538e-07
42700.000000000095 5.928469589134879e-07
42750.000000000095 5.28307401887927e-07
42800.000000000095 5.302861821140966e-07
42850.000000000095 6.185640046247446e-07
42900.000000000095 6.35748310144514e-07
42950.000000000095 4.808978871253861e-07
43000.000000000095 6.276757218187437e-07
43050.000000000095 3.986686501126286e-07
43100.000000000095 5.56693031665797e-07
43150.000000000095 5.584524107755118e-07
43200.000000000095 5.569571490573204e-07
43250.000000000095 6.412181229814846e-07
43300.000000000095 6.652480078491635e-07
43350.000000000095 4.61109872628982e-07
43400.000000000095 5.711519174350703e-07
43450.000000000095 4.6675245346639463e-07
43500.000000000095 5.013984497309145e-07
43550.000000000095 4.647365621762768e-07
43600.000000000095 5.536254572161535e-07
43650.000000000095 3.6940450610669476e-07
43700.000000000095 5.403300568209837e-07
43750.000000000095 5.384818730195631e-07
43800.000000000095 4.3772331708585515e-07
43850.000000000095 4.3306913902626474e-07
43900.000000000095 4.0628894856509e-07
43950.000000000095 3.6335331302472974e-07
44000.000000000095 2.67940353874794e-07
44050.000000000095 3.526104895685912e-07
44100.000000000095 3.7711119251794196e-07
44150.000000000095 3.6194016519681545e-07
44200.000000000095 3.259218288667167e-07
44250.000000000095 2.914118467952437e-07
44300.000000000095 2.7437772520076603e-07
44350.000000000095 2.43715258046548e-07
44400.000000000095 2.4608708520020165e-07
44450.000000000095 2.5273797205265795e-07
44500.000000000095 2.129311820434426e-07
44550.000000000095 2.2524558359494583e-07
44600.000000000095 1.9044813758042044e-07
44650.000000000095 2.1506350239824066e-07
44700.000000000095 2.0250349789734178e-07
44750.000000000095 2.0887275896505245e-07
44800.000000000095 1.9364425465236768e-07
44850.000000000095 1.8297379912322034e-07
44900.000000000095 1.5742406394789227e-07
44950.000000000095 1.5288517807394023e-07
45000.000000000095 1.5638486118814156e-07
45050.000000000095 1.6323266412947893e-07
45100.000000000095 1.5716077118315354e-07
45150.000000000095 1.4224928396322317e-07
45200.000000000095 1.162222737763155e-07
45250.000000000095 1.2508949921430638e-07
45300.000000000095 1.444220982864532e-07
45350.000000000095 1.41745761671917e-07
45400.000000000095 1.1877722959409115e-07
45450.000000000095 1.1399736817181989e-07
45500.000000000095 1.2403808991745868e-07
45550.000000000095 1.4205853530859043e-07
45600.000000000095 1.12975067213977e-07
45650.000000000095 1.0993316711188479e-07
45700.000000000095 1.403499852735368e-07
45750.000000000095 1.188758631004677e-07
45800.000000000095 1.036028170749777e-07
45850.000000000095 1.4952355645277862e-07
45900.000000000095 1.452923270584942e-07
45950.000000000095 1.0769982577979392e-07
46000.000000000095 1.4106611895760815e-07
46050.000000000095 1.524972034045575e-07
46100.000000000095 1.0856954476603216e-07
46150.000000000095 1.4812425430399439e-07
46200.000000000095 1.4532966326360302e-07
46250.000000000095 8.874062751669638e-08
46300.000000000095 1.6847568135256925e-07
46350.000000000095 1.242260829210879e-07
46400.000000000095 1.440158649890642e-07
46450.000000000095 1.8553538487584005e-07
46500.000000000095 1.4190631408755144e-07
46550.000000000095 1.9998561426692232e-07
46600.000000000095 1.8912802923636091e-07
46650.000000000095 2.8852332848405794e-07
46700.000000000095 2.350432250784361e-07
46750.000000000095 1.7201605006488677e-07
46800.000000000095 1.508887380026266e-07
46850.000000000095 1.8783299182648933e-07
46900.000000000095 1.6441213223033373e-07
46950.000000000095 2.2941750813801027e-07
47000.000000000095 1.3250307710513783e-07
47050.000000000095 2.2781710098587356e-07
47100.000000000095 1.2442037255324947e-07
47150.000000000095 1.6040598135298518e-07
47200.000000000095 1.7332061312867743e-07
47250.000000000095 1.3197247451340007e-07
47300.000000000095 1.554911352281364e-07
47350.000000000095 1.1550288716555038e-07
47400.000000000095 1.9420607907346254e-07
47450.000000000095 1.1740740050701289e-07
47500.000000000095 2.0508773680255439e-07
47550.000000000095 1.2173402787750127e-07
47600.000000000095 1.9496540303283386e-07
47650.000000000095 1.2353794624337035e-07
47700.000000000095 1.8382648820446525e-07
47750.000000000095 1.123676173296381e-07
47800.000000000095 1.8263641031308e-07
47850.000000000095 9.956719650638969e-08
47900.000000000095 1.656797225531353e-07
47950.000000000095 1.3057319643217718e-07
48000.000000000095 2.1360420740855498e-07
48050.000000000095 1.4615456774693201e-07
48100.000000000095 1.960527262801706e-07
48150.000000000095 1.4285797674572538e-07
48200.000000000095 2.0648892631776413e-07
48250.000000000095 1.5285356296488922e-07
48300.000000000095 2.4191647158025224e-07
48350.000000000095 1.4798007136435178e-07
48400.000000000095 1.8816689355892957e-07
48450.000000000095 1.3203424133591244e-07
48500.000000000095 2.392887083747657e-07
48550.000000000095 1.3462525838417922e-07
48600.000000000095 2.296370996530765e-07
48650.000000000095 1.3382699023944284e-07
48700.000000000095 2.4986760971978124e-07
