galfind/configs/Brown_Dwarf_templates/sonora_cholla/logkzz7/1780g/1150K_1780g_logkzz7_resample.dat
# %ECSV 1.0
# ---
# datatype:
# - {name: wav, unit: Angstrom, datatype: float64}
# - {name: flux_nu, unit: erg / (cm2 Hz s), datatype: float64}
# schema: astropy-2.0
wav flux_nu
10000.000000000093 nan
10050.000000000093 2.086772746901641e-07
10100.000000000093 2.4177957200764253e-07
10150.000000000093 2.4843698684649714e-07
10200.000000000093 2.7269986088315427e-07
10250.000000000093 2.9359665269081234e-07
10300.000000000093 3.1059554435656934e-07
10350.000000000093 3.511384558931844e-07
10400.000000000093 3.8306315080127933e-07
10450.000000000093 4.052561904619108e-07
10500.000000000093 4.1343755492018186e-07
10550.000000000093 4.2529872309330656e-07
10600.000000000093 4.454537010380085e-07
10650.000000000093 4.6776968826565483e-07
10700.000000000093 4.903594108365253e-07
10750.000000000093 5.106831364595333e-07
10800.000000000093 5.256482999730448e-07
10850.000000000093 5.394928653077188e-07
10900.000000000093 4.7497618814085583e-07
10950.000000000093 3.402469280498623e-07
11000.000000000093 2.6706578221432805e-07
11050.000000000093 1.9797185268571908e-07
11100.000000000093 1.5075075540092204e-07
11150.000000000093 1.1795162829834561e-07
11200.000000000093 1.2849290632469837e-07
11250.000000000093 1.6676874346155164e-07
11300.000000000093 1.6622290542414838e-07
11350.000000000093 9.470793766312554e-08
11400.000000000093 1.9438918150595345e-07
11450.000000000093 1.4953075928585987e-07
11500.000000000093 1.7982284931323389e-07
11550.000000000093 1.344669303990391e-07
11600.000000000093 1.3784289102478265e-07
11650.000000000093 1.6568961155061103e-07
11700.000000000093 1.716798911286438e-07
11750.000000000093 1.5695674221735422e-07
11800.000000000093 2.11444474198167e-07
11850.000000000093 2.5550126881928174e-07
11900.000000000093 2.9928930932434724e-07
11950.000000000093 3.344290870973161e-07
12000.000000000093 3.994481651910593e-07
12050.000000000093 4.6066434548754913e-07
12100.000000000093 5.036294145249864e-07
12150.000000000093 5.640389267762381e-07
12200.000000000093 6.129675302156383e-07
12250.000000000093 6.675301475910455e-07
12300.000000000093 7.226429195205857e-07
12350.000000000093 7.451295414876219e-07
12400.000000000093 7.848226293879469e-07
12450.000000000093 8.467191522539736e-07
12500.000000000093 8.870228505895079e-07
12550.000000000093 9.284749458400949e-07
12600.000000000093 9.284849312927807e-07
12650.000000000093 9.023499176069885e-07
12700.000000000093 9.076908267547526e-07
12750.000000000093 9.080339590059291e-07
12800.000000000093 9.17348816674364e-07
12850.000000000093 8.324720287477369e-07
12900.000000000093 7.843268265430148e-07
12950.000000000093 7.702843925997641e-07
13000.000000000093 7.643142513024583e-07
13050.000000000093 7.266253701544853e-07
13100.000000000093 7.098091422955431e-07
13150.000000000093 6.180683995397605e-07
13200.000000000093 5.755295851198943e-07
13250.000000000093 4.260739810249229e-07
13300.000000000093 2.570815096593816e-07
13350.000000000093 8.992629038697714e-08
13400.000000000093 4.002350410708909e-08
13450.000000000093 2.7542712821784286e-08
13500.000000000093 1.6972521982723098e-08
13550.000000000093 1.3188688557273499e-08
13600.000000000093 1.0639692852288124e-08
13650.000000000093 2.393915266587668e-08
13700.000000000093 1.9066885715937328e-08
13750.000000000093 2.6990119282714233e-08
13800.000000000093 3.474729441971453e-08
13850.000000000093 2.3448825891666496e-08
13900.000000000093 2.3117790477356414e-08
13950.000000000093 2.239190212655209e-08
14000.000000000093 2.226867125419406e-08
14050.000000000093 2.6915421869651935e-08
14100.000000000093 2.0027007331149986e-08
14150.000000000093 2.7778471693919447e-08
14200.000000000093 2.166762106038972e-08
14250.000000000093 2.291561378674785e-08
14300.000000000093 3.562566937549295e-08
14350.000000000093 3.431061450460202e-08
14400.000000000093 3.531876427747848e-08
14450.000000000093 4.2190719584688576e-08
14500.000000000093 6.639970437711443e-08
14550.000000000093 6.579809508815938e-08
14600.000000000093 9.3206704082753e-08
14650.000000000093 9.083156751319343e-08
14700.000000000093 7.190460853859326e-08
14750.000000000093 9.099603209389895e-08
14800.000000000093 1.0790861411645781e-07
14850.000000000093 1.1548584024617441e-07
14900.000000000093 1.1758076349914763e-07
14950.000000000093 1.3526043574672312e-07
15000.000000000093 1.5321677088449364e-07
15050.000000000093 1.7998908389438793e-07
15100.000000000093 1.9339302295139597e-07
15150.000000000093 2.0741238993425276e-07
15200.000000000093 2.1904687368826224e-07
15250.000000000093 2.5972596212074674e-07
15300.000000000093 2.8601063483444993e-07
15350.000000000093 3.276497328894456e-07
15400.000000000093 3.553522609451431e-07
15450.000000000093 3.8476412727659464e-07
15500.000000000093 4.0217657704218615e-07
15550.000000000093 4.446225692010207e-07
15600.000000000093 4.511759011833456e-07
15650.000000000093 4.6760153332348133e-07
15700.000000000093 5.138276164087956e-07
15750.000000000093 5.336561675929573e-07
15800.000000000093 5.303009816380211e-07
15850.000000000093 5.518924496562102e-07
15900.000000000093 5.421790327498195e-07
15950.000000000093 5.40608523240855e-07
16000.000000000093 5.135170608643372e-07
16050.000000000093 4.6616502414503713e-07
16100.000000000093 4.2660654338410587e-07
16150.000000000093 3.690044539356036e-07
16200.000000000093 3.1692103303253204e-07
16250.000000000093 3.109920142982686e-07
16300.000000000093 2.8704530809009846e-07
16350.000000000093 3.014924958434636e-07
16400.000000000095 3.1928148464166205e-07
16450.000000000095 3.337351144287073e-07
16500.000000000095 3.524770342921927e-07
16550.000000000095 3.459035923124376e-07
16600.000000000095 3.4669566709587016e-07
16650.000000000095 2.7559114604385484e-07
16700.000000000095 2.128381921991824e-07
16750.000000000095 2.523177318355874e-07
16800.000000000095 2.9934495947808993e-07
16850.000000000095 2.914807336759783e-07
16900.000000000095 2.768305010522217e-07
16950.000000000095 2.6248190406315227e-07
17000.000000000095 2.4396890729620423e-07
17050.000000000095 2.7873062219089533e-07
17100.000000000095 2.859581914183562e-07
17150.000000000095 2.6060187609202814e-07
17200.000000000095 2.8261565703943075e-07
17250.000000000095 2.5123992610805283e-07
17300.000000000095 2.3302450362107588e-07
17350.000000000095 2.168831638567025e-07
17400.000000000095 2.061097638659345e-07
17450.000000000095 1.9424358489008912e-07
17500.000000000095 1.9800082551959706e-07
17550.000000000095 1.7163276031070838e-07
17600.000000000095 1.588642738712362e-07
17650.000000000095 1.5183867249113e-07
17700.000000000095 1.1915846330562475e-07
17750.000000000095 1.0219682252810924e-07
17800.000000000095 1.1184272209759514e-07
17850.000000000095 7.887178038227731e-08
17900.000000000095 9.488566410543189e-08
17950.000000000095 7.204796029915144e-08
18000.000000000095 7.597144788852329e-08
18050.000000000095 6.433510384772004e-08
18100.000000000095 6.364260644591836e-08
18150.000000000095 7.873806661780811e-08
18200.000000000095 5.23378737403726e-08
18250.000000000095 9.805627541144822e-08
18300.000000000095 6.139237779378882e-08
18350.000000000095 5.85284310683431e-08
18400.000000000095 5.1730001332883476e-08
18450.000000000095 6.281377294983869e-08
18500.000000000095 6.448928103071596e-08
18550.000000000095 5.055172959325167e-08
18600.000000000095 4.561029646239497e-08
18650.000000000095 4.0836389117778155e-08
18700.000000000095 3.892791375299695e-08
18750.000000000095 5.206191975269179e-08
18800.000000000095 8.882917194499675e-08
18850.000000000095 9.659497188729999e-08
18900.000000000095 8.490452504740633e-08
18950.000000000095 1.2995771727021617e-07
19000.000000000095 9.046712270630133e-08
19050.000000000095 7.004480881559604e-08
19100.000000000095 1.1025776160939517e-07
19150.000000000095 8.210697180581453e-08
19200.000000000095 9.885514797204609e-08
19250.000000000095 7.992245553586064e-08
19300.000000000095 7.467528045399311e-08
19350.000000000095 7.056580772373298e-08
19400.000000000095 4.644544616279237e-08
19450.000000000095 7.979294358706256e-08
19500.000000000095 7.777804881575394e-08
19550.000000000095 6.325813319360376e-08
19600.000000000095 7.769844543473811e-08
19650.000000000095 9.315583609754352e-08
19700.000000000095 9.173777947502324e-08
19750.000000000095 9.229564529971095e-08
19800.000000000095 1.0597627005361431e-07
19850.000000000095 1.302782349448225e-07
19900.000000000095 1.0221116401378497e-07
19950.000000000095 1.4511655031669556e-07
20000.000000000095 1.3496762882582101e-07
20050.000000000095 1.521597038988113e-07
20100.000000000095 1.556528584112943e-07
20150.000000000095 1.614058534220398e-07
20200.000000000095 1.7868605514214934e-07
20250.000000000095 1.9718058431936e-07
20300.000000000095 1.887261822307937e-07
20350.000000000095 2.1350568195746157e-07
20400.000000000095 2.1110395195111817e-07
20450.000000000095 2.337654754978644e-07
20500.000000000095 2.4221416337742264e-07
20550.000000000095 2.396592462851337e-07
20600.000000000095 2.6053646740175485e-07
20650.000000000095 2.5594864886045215e-07
20700.000000000095 2.590512994318687e-07
20750.000000000095 2.6807018238474435e-07
20800.000000000095 2.690257413729152e-07
20850.000000000095 2.7141880922476564e-07
20900.000000000095 2.780515490121353e-07
20950.000000000095 2.7308126988566623e-07
21000.000000000095 2.7565159125528695e-07
21050.000000000095 2.707986184049135e-07
21100.000000000095 2.703448540079715e-07
21150.000000000095 2.7198671882969577e-07
21200.000000000095 2.6544830783626725e-07
21250.000000000095 2.6665447196937874e-07
21300.000000000095 2.561329000455386e-07
21350.000000000095 2.5669218897947015e-07
21400.000000000095 2.4861484302419364e-07
21450.000000000095 2.431377623897111e-07
21500.000000000095 2.411820390141605e-07
21550.000000000095 2.3542540410921737e-07
21600.000000000095 2.2938674216090826e-07
21650.000000000095 2.1903219416486754e-07
21700.000000000095 2.207760779098966e-07
21750.000000000095 2.0818951464014231e-07
21800.000000000095 1.9723608198211354e-07
21850.000000000095 1.8332975052398489e-07
21900.000000000095 1.7528071907559005e-07
21950.000000000095 1.390335806982978e-07
22000.000000000095 1.0069435960692749e-07
22050.000000000095 8.55531060487478e-08
22100.000000000095 1.1301489956815111e-07
22150.000000000095 1.212751253349491e-07
22200.000000000095 1.204407765997147e-07
22250.000000000095 1.1503849690305483e-07
22300.000000000095 1.0926712437639863e-07
22350.000000000095 1.0493587719510612e-07
22400.000000000095 9.172411967058517e-08
22450.000000000095 8.426152997218919e-08
22500.000000000095 8.647438589014508e-08
22550.000000000095 7.197840119069227e-08
22600.000000000095 7.877819676454748e-08
22650.000000000095 8.036645614593256e-08
22700.000000000095 7.768750182454428e-08
22750.000000000095 7.961653509316575e-08
22800.000000000095 7.656599634037312e-08
22850.000000000095 6.80937517709543e-08
22900.000000000095 6.676807437498739e-08
22950.000000000095 6.367661765453665e-08
23000.000000000095 5.5526484965396715e-08
23050.000000000095 6.889496559559225e-08
23100.000000000095 8.860098977544835e-08
23150.000000000095 8.347548502272731e-08
23200.000000000095 4.552316253807996e-08
23250.000000000095 5.136030493682794e-08
23300.000000000095 4.969240881479869e-08
23350.000000000095 4.429537875969741e-08
23400.000000000095 5.1611578435528424e-08
23450.000000000095 5.0374275439619804e-08
23500.000000000095 5.117155262193612e-08
23550.000000000095 6.566512988067337e-08
23600.000000000095 7.048396601317988e-08
23650.000000000095 7.543195843686353e-08
23700.000000000095 4.789530390366848e-08
23750.000000000095 4.9760229530449454e-08
23800.000000000095 5.956371094739544e-08
23850.000000000095 5.779046440357671e-08
23900.000000000095 7.697839070062543e-08
23950.000000000095 7.741246799220233e-08
24000.000000000095 9.451355694721701e-08
24050.000000000095 9.363481097140224e-08
24100.000000000095 8.149000013084009e-08
24150.000000000095 9.080674343499924e-08
24200.000000000095 9.625987717908227e-08
24250.000000000095 9.292255045237105e-08
24300.000000000095 9.835675386838412e-08
24350.000000000095 8.539956924498483e-08
24400.000000000095 1.1427760684035205e-07
24450.000000000095 9.345022940630008e-08
24500.000000000095 1.0023884975530067e-07
24550.000000000095 9.812274065999219e-08
24600.000000000095 1.059010156900952e-07
24650.000000000095 1.1905038433752566e-07
24700.000000000095 8.749835004949557e-08
24750.000000000095 8.181624450727443e-08
24800.000000000095 8.684690417996045e-08
24850.000000000095 1.1752128739924889e-07
24900.000000000095 5.8983489705936475e-08
24950.000000000095 9.743499020291582e-08
25000.000000000095 9.124235292077747e-08
25050.000000000095 6.062976107935493e-08
25100.000000000095 8.288455526339218e-08
25150.000000000095 5.321058533751208e-08
25200.000000000095 7.028234797218949e-08
25250.000000000095 4.618257474009843e-08
25300.000000000095 6.291344970876894e-08
25350.000000000095 3.7874275841235494e-08
25400.000000000095 6.553580173871554e-08
25450.000000000095 4.1185797206217146e-08
25500.000000000095 4.0516738328045214e-08
25550.000000000095 5.281438205760774e-08
25600.000000000095 4.8500563158736735e-08
25650.000000000095 3.090825908483814e-08
25700.000000000095 5.901269568725429e-08
25750.000000000095 3.015934040301014e-08
25800.000000000095 6.152620650181417e-08
25850.000000000095 3.1244168896646174e-08
25900.000000000095 4.7770910990966486e-08
25950.000000000095 2.807152388324235e-08
26000.000000000095 5.770576217282253e-08
26050.000000000095 3.849901043015393e-08
26100.000000000095 6.744124746135215e-08
26150.000000000095 5.4184811873430684e-08
26200.000000000095 5.7496876731136614e-08
26250.000000000095 8.502437721293969e-08
26300.000000000095 5.96313500681352e-08
26350.000000000095 9.368693601390335e-08
26400.000000000095 9.689388815191292e-08
26450.000000000095 9.450914583163184e-08
26500.000000000095 9.724517033897879e-08
26550.000000000095 6.402211754419767e-08
26600.000000000095 7.488800714050733e-08
26650.000000000095 3.911399378199493e-08
26700.000000000095 3.304346271410841e-08
26750.000000000095 2.9344667839505348e-08
26800.000000000095 4.055465536566502e-08
26850.000000000095 2.450631211828491e-08
26900.000000000095 4.997608140562801e-08
26950.000000000095 2.7211844269363114e-08
27000.000000000095 6.011188535046409e-08
27050.000000000095 5.5618250047912785e-08
27100.000000000095 3.984792218999271e-08
27150.000000000095 7.064656001829696e-08
27200.000000000095 4.3419692695147594e-08
27250.000000000095 5.107087165844495e-08
27300.000000000095 1.0707075540379919e-07
27350.000000000095 8.014561235965485e-08
27400.000000000095 2.7765290605646223e-08
27450.000000000095 9.452853614792211e-08
27500.000000000095 1.0243161528098716e-07
27550.000000000095 4.935362702170323e-08
27600.000000000095 8.258510025026511e-08
27650.000000000095 4.207189710145452e-08
27700.000000000095 3.5913299227187986e-08
27750.000000000095 8.39919320627632e-08
27800.000000000095 4.516839485214992e-08
27850.000000000095 4.951361523640084e-08
27900.000000000095 6.499144176300721e-08
27950.000000000095 8.825810167316373e-08
28000.000000000095 7.379957783719594e-08
28050.000000000095 3.493587385324687e-08
28100.000000000095 9.713287219788785e-08
28150.000000000095 6.865498623704609e-08
28200.000000000095 3.5229849171076905e-08
28250.000000000095 9.820446879090872e-08
28300.000000000095 1.1804086999922118e-07
28350.000000000095 3.970132990632963e-08
28400.000000000095 8.555026551868011e-08
28450.000000000095 1.0301499148447801e-07
28500.000000000095 8.081807172686315e-08
28550.000000000095 3.9030596577535887e-08
28600.000000000095 1.1195878759371959e-07
28650.000000000095 9.374765619059459e-08
28700.000000000095 8.13257147431384e-08
28750.000000000095 1.118358975486903e-07
28800.000000000095 1.046051400484415e-07
28850.000000000095 1.19884709400878e-07
28900.000000000095 6.373882736841548e-08
28950.000000000095 1.3968468089530718e-07
29000.000000000095 1.0303927738621e-07
29050.000000000095 1.1915648997619726e-07
29100.000000000095 8.019535931042703e-08
29150.000000000095 1.6073146349145153e-07
29200.000000000095 1.0273451822639667e-07
29250.000000000095 1.3802326528796394e-07
29300.000000000095 8.811006874354546e-08
