galfind/configs/Brown_Dwarf_templates/sonora_cholla/logkzz7/1780g/1200K_1780g_logkzz7_resample.dat
# %ECSV 1.0
# ---
# datatype:
# - {name: wav, unit: Angstrom, datatype: float64}
# - {name: flux_nu, unit: erg / (cm2 Hz s), datatype: float64}
# schema: astropy-2.0
wav flux_nu
[from data line 1161]
68050.00000000009 2.5132871390170697e-07
68100.00000000009 2.5952193078199373e-07
68150.00000000009 2.1153125243185538e-07
68200.00000000009 2.277228600740874e-07
68250.00000000009 1.2708833317559813e-07
68300.00000000009 2.0344256088333865e-07
68350.00000000009 1.3949064189658282e-07
68400.00000000009 2.5720064489347265e-07
68450.00000000009 2.523702522117609e-07
68500.00000000009 2.2209633853113528e-07
68550.00000000009 1.638914035347895e-07
68600.00000000009 1.7979236485654925e-07
68650.00000000009 1.3168100179190958e-07
68700.00000000009 1.9256730103489134e-07
68750.00000000009 2.21096237320618e-07
68800.00000000009 2.403312027850734e-07
68850.00000000009 1.4900798696382324e-07
68900.00000000009 2.893166244150393e-07
68950.00000000009 3.181064756747722e-07
69000.00000000009 2.9738343525801386e-07
69050.00000000009 1.961154353253086e-07
69100.00000000009 3.0376001530602164e-07
69150.00000000009 3.298469949944219e-07
69200.00000000009 2.1238120513033452e-07
69250.00000000009 3.0425581150036375e-07
69300.00000000009 2.6552914414475215e-07
69350.00000000009 2.8294793227789075e-07
69400.00000000009 1.7904952239971688e-07
69450.00000000009 3.0207948289739016e-07
69500.00000000009 2.0485050566862755e-07
69550.00000000009 2.2651685270256376e-07
69600.00000000009 1.0721589383347685e-07
69650.00000000009 2.062313812580906e-07
69700.00000000009 2.7888435397118043e-07
69750.00000000009 2.2380948904519047e-07
69800.00000000009 2.6010894767075524e-07
69850.00000000009 2.824472577843235e-07
69900.00000000009 2.2097598800155263e-07
69950.00000000009 2.394150112852794e-07
70000.00000000009 1.9752264801169849e-07
70050.00000000009 2.9024825681190916e-07
70100.00000000009 2.1519128614530807e-07
70150.00000000009 2.480194135358131e-07
70200.00000000009 1.9048138557420513e-07
70250.00000000009 2.2669753308300958e-07
70300.00000000009 2.7720508808589433e-07
70350.00000000009 2.235491851601714e-07
70400.00000000009 1.9987117558378792e-07
70450.00000000009 1.1726772356090092e-07
70500.00000000009 1.665091487510885e-07
70550.00000000009 1.7315661151120494e-07
70600.00000000009 1.9385005658533672e-07
70650.00000000009 2.4567532797209985e-07
70700.00000000009 2.3084438741901608e-07
70750.00000000009 2.7930735042080676e-07
70800.00000000009 2.0015725740487332e-07
70850.00000000009 1.8574938900399298e-07
70900.00000000009 1.900471581310546e-07
70950.00000000009 2.570841158764734e-07
71000.00000000009 2.3075312733160126e-07
71050.00000000009 2.434458481719891e-07
71100.00000000009 2.2208363644924565e-07
71150.00000000009 2.1092279872425838e-07
71200.00000000009 1.8718096679439072e-07
71250.00000000009 2.1332523750413487e-07
71300.00000000009 2.4768575528646466e-07
71350.00000000009 2.328755050496816e-07
71400.00000000009 2.3293252084673023e-07
71450.00000000009 1.5551079311733499e-07
71500.00000000009 1.9328184258106755e-07
71550.00000000009 1.9105115238430632e-07
71600.00000000009 2.3053957884716035e-07
71650.00000000009 1.9829540931085375e-07
71700.00000000009 1.6768654763403612e-07
71750.00000000009 2.0409440106861168e-07
71800.00000000009 2.4357411112816274e-07
71850.00000000009 2.5017164644512366e-07
71900.00000000009 1.750612127549361e-07
71950.00000000009 2.0159125578562623e-07
72000.00000000009 1.91799938438834e-07
72050.00000000009 1.5542014645364837e-07
72100.00000000009 1.8076790641871769e-07
72150.00000000009 1.7356755821305562e-07
72200.00000000009 1.9920488365696592e-07
72250.00000000009 2.2393017881221225e-07
72300.00000000009 2.0410665544761518e-07
72350.00000000009 1.9462085240710833e-07
72400.00000000009 1.8158162212260103e-07
72450.00000000009 1.676112799792247e-07
72500.00000000009 1.9397477145419636e-07
72550.00000000009 1.2941431774438545e-07
72600.00000000009 1.3790043339452854e-07
72650.00000000009 2.1312380338516764e-07
72700.00000000009 2.0891637825401984e-07
72750.00000000009 1.82442460494226e-07
72800.00000000009 1.7222630311703908e-07
72850.00000000009 1.7342178116213365e-07
72900.00000000009 2.2379473774766214e-07
72950.00000000009 1.8986378294930616e-07
73000.00000000009 1.9400020705795558e-07
73050.00000000009 1.6877280162040994e-07
73100.00000000009 1.542894989783796e-07
73150.00000000009 2.4844209558507837e-07
73200.00000000009 1.6945037605585805e-07
73250.00000000009 1.938133737377691e-07
73300.00000000009 1.8565276499313085e-07
73350.00000000009 1.5245680085499052e-07
73400.00000000009 1.8582750734778283e-07
73450.00000000009 1.301066633638524e-07
73500.00000000009 1.4150518208817514e-07
73550.00000000009 1.8190900660094895e-07
73600.00000000009 1.5333915251227488e-07
73650.00000000009 1.8183793043390695e-07
73700.00000000009 2.1202814242043278e-07
73750.00000000009 1.461973177016523e-07
73800.00000000009 1.6951674058510546e-07
73850.00000000009 1.875606230481589e-07
73900.00000000009 1.9962062962996147e-07
73950.00000000009 1.631099475326258e-07
74000.00000000009 1.5727202115604624e-07
74050.00000000009 2.4675771015459217e-07
74100.00000000009 1.668360503553772e-07
74150.00000000009 1.867684832039553e-07
74200.00000000009 1.6477176756069692e-07
74250.00000000009 1.2524246329127403e-07
74300.00000000009 1.74074428880425e-07
74350.00000000009 2.0078577205226577e-07
74400.00000000009 1.8025577731097328e-07
74450.00000000009 1.2996972094719918e-07
74500.00000000009 1.45764860433728e-07
74550.00000000009 1.7579191299051876e-07
74600.00000000009 1.610026585869262e-07
74650.00000000009 1.5607103194571014e-07
74700.00000000009 1.3123245696545052e-07
74750.00000000009 1.5235665221900609e-07
74800.00000000009 1.5269315160692295e-07
74850.00000000009 1.3620851289008705e-07
74900.00000000009 2.2449260612742115e-07
74950.00000000009 2.0238862260017502e-07
75000.00000000009 1.808629816016705e-07
75050.00000000009 1.5116018937032805e-07
75100.00000000009 2.296276035991481e-07
75150.00000000009 1.9421885281872565e-07
75200.00000000009 2.133131470782363e-07
75250.00000000009 2.166937873532568e-07
75300.00000000009 2.2002953464001777e-07
75350.00000000009 1.3719541288761556e-07
75400.00000000009 2.1329974210067654e-07
75450.00000000009 1.9013927966290626e-07
75500.00000000009 1.8102216831016038e-07
75550.00000000009 2.153455705911666e-07
75600.00000000009 2.6161604445167765e-07
75650.00000000009 1.9254442878160502e-07
75700.00000000009 1.902925488083812e-07
75750.00000000009 1.563445649370817e-07
75800.00000000009 2.0122396594637062e-07
75850.00000000009 2.230910078719174e-07
75900.00000000009 1.9545609634613343e-07
75950.00000000009 1.6748418281287255e-07
76000.00000000009 1.9315559475411147e-07
76050.00000000009 1.9847396820711745e-07
76100.00000000009 1.8873464783786031e-07
76150.00000000009 2.0499053188450553e-07
76200.00000000009 2.0809171273901014e-07
76250.00000000009 2.3798588674137028e-07
76300.00000000009 2.793990372933869e-07
76350.00000000009 3.089891558545682e-07
76400.00000000009 2.4711079944968607e-07
76450.00000000009 2.37973403905347e-07
76500.00000000009 2.075864495827137e-07
76550.00000000009 1.8510195898737746e-07
76600.00000000009 1.0111477517201059e-07
76650.00000000009 1.1833996853195813e-07
76700.00000000009 1.2766305111611545e-07
76750.00000000009 1.1838775548470447e-07
76800.00000000009 1.748011886883484e-07
76850.00000000009 9.428674858352132e-08
76900.00000000009 1.0926124721136917e-07
76950.00000000009 1.4511938718542003e-07
77000.00000000009 1.5019780432372946e-07
77050.00000000009 1.2105588927635518e-07
77100.00000000009 1.211593700710303e-07
77150.00000000009 1.5092272324104637e-07
77200.00000000009 1.453201693611503e-07
77250.00000000009 1.5523087065827414e-07
77300.00000000009 1.4733264437597224e-07
77350.00000000009 1.0632096221851916e-07
77400.00000000009 1.0019962278090449e-07
77450.00000000009 1.1630361719722913e-07
77500.00000000009 1.3208365358472097e-07
77550.00000000009 1.445017360442388e-07
77600.00000000009 1.5455750089377224e-07
77650.00000000009 1.5084456605226396e-07
77700.00000000009 1.3114449507731626e-07
77750.00000000009 1.7474477671757754e-07
77800.00000000009 1.618937148958162e-07
77850.00000000009 1.9856309103541325e-07
77900.00000000009 1.7447401370163312e-07
77950.00000000009 1.283351982163944e-07
78000.00000000009 1.5985942016514823e-07
78050.00000000009 1.5488063482206108e-07
78100.00000000009 1.2280414354295024e-07
78150.00000000009 1.8328528061663964e-07
78200.00000000009 1.8872712853926176e-07
78250.00000000009 1.9887740985015264e-07
78300.00000000009 1.9665657916652926e-07
78350.00000000009 1.8740112577872355e-07
78400.00000000009 1.6468918385477202e-07
78450.00000000009 2.1402927686164793e-07
78500.00000000009 2.142595109556633e-07
78550.00000000009 2.0122944143881944e-07
78600.00000000009 1.8312792552132603e-07
78650.00000000009 1.1056508804928462e-07
78700.00000000009 1.6708935654182523e-07
78750.00000000009 1.5945433008031434e-07
78800.00000000009 1.9860157852111857e-07
78850.00000000009 1.3583182386035907e-07
78900.00000000009 1.7820931534450358e-07
78950.00000000009 1.6108918317362055e-07
79000.00000000009 1.8211213615073383e-07
79050.00000000009 1.6641704091888282e-07
79100.00000000009 1.704462437400785e-07
79150.00000000009 1.9551936087188728e-07
79200.00000000009 2.084316097753967e-07
79250.00000000009 1.8116943330742567e-07
79300.00000000009 1.4401948087792965e-07
79350.00000000009 2.0321099728240321e-07
79400.00000000009 1.6833871706711687e-07
79450.00000000009 1.9697779937017197e-07
79500.00000000009 2.49562145138744e-07
79550.00000000009 2.087259522568718e-07
79600.00000000009 1.4840969457312215e-07
79650.00000000009 1.7939917081332992e-07
79700.00000000009 2.1402557192169037e-07
79750.00000000009 2.1499084357004611e-07
79800.00000000009 1.72922932984048e-07
79850.00000000009 1.8235385435699365e-07
79900.00000000009 2.703044774203238e-07
79950.00000000009 2.0848052450735454e-07
