galfind/configs/Brown_Dwarf_templates/sonora_cholla/logkzz7/1780g/1250K_1780g_logkzz7_resample.dat
# %ECSV 1.0
# ---
# datatype:
# - {name: wav, unit: Angstrom, datatype: float64}
# - {name: flux_nu, unit: erg / (cm2 Hz s), datatype: float64}
# schema: astropy-2.0
wav flux_nu
[from data line 773]
48650.000000000095 1.9539789939197508e-07
48700.000000000095 3.4514026025720465e-07
48750.000000000095 2.1195386832640853e-07
48800.000000000095 3.331307682146553e-07
48850.000000000095 2.3542194661011939e-07
48900.000000000095 3.361363577816633e-07
48950.000000000095 2.9258229250393965e-07
49000.000000000095 2.7328867608825326e-07
49050.000000000095 3.1796974433114934e-07
49100.000000000095 2.5167898217192704e-07
49150.000000000095 3.439687476017612e-07
49200.000000000095 2.5365252604275214e-07
49250.000000000095 3.406311236697299e-07
49300.000000000095 2.7544588431408616e-07
49350.000000000095 3.081321960098539e-07
49400.000000000095 3.465860395352244e-07
49450.000000000095 3.0781445256481746e-07
49500.000000000095 3.099380706621058e-07
49550.000000000095 2.1833363041295022e-07
49600.000000000095 3.161842511871948e-07
49650.000000000095 3.045010530847406e-07
49700.000000000095 2.7433996028664084e-07
49750.000000000095 4.125520735809855e-07
49800.000000000095 2.796688435280272e-07
49850.000000000095 4.2720757825971896e-07
49900.000000000095 3.375473078303519e-07
49950.000000000095 3.6553845736307685e-07
50000.000000000095 4.0576575481620017e-07
50050.000000000095 3.521351956200177e-07
50100.000000000095 4.6815442725856823e-07
50150.000000000095 2.89863682585895e-07
50200.000000000095 2.421087275262879e-07
50250.000000000095 4.110113481185669e-07
50300.000000000095 3.081788686612191e-07
50350.000000000095 4.257913200479801e-07
50400.000000000095 3.4826065611139036e-07
50450.000000000095 3.6270333812950496e-07
50500.000000000095 4.6460773810152995e-07
50550.000000000095 3.662948253299982e-07
50600.000000000095 4.1148563172124815e-07
50650.000000000095 3.6981251007003046e-07
50700.000000000095 5.151650953646408e-07
50750.000000000095 5.038938527851222e-07
50800.000000000095 2.9808967540615577e-07
50850.000000000095 3.49433963117915e-07
50900.000000000095 4.79927882849241e-07
50950.000000000095 4.884515440292496e-07
51000.000000000095 5.119019233133341e-07
51050.000000000095 4.184598825581471e-07
51100.000000000095 3.2729733587747663e-07
51150.000000000095 3.8224792636863066e-07
51200.000000000095 4.760671966459829e-07
51250.000000000095 4.7335275614643763e-07
51300.000000000095 3.2426054913721706e-07
51350.000000000095 4.1694810994469474e-07
51400.000000000095 3.4731187708290106e-07
51450.000000000095 3.0323291882744816e-07
51500.000000000095 2.9152240772690843e-07
51550.000000000095 4.76871277894207e-07
51600.000000000095 3.262746385973514e-07
51650.000000000095 4.2399552378847036e-07
51700.000000000095 4.4672829247068067e-07
51750.000000000095 3.244675370130045e-07
51800.000000000095 5.480073512847628e-07
51850.000000000095 4.5336719007291086e-07
51900.000000000095 5.460804369071789e-07
51950.000000000095 4.785135004814105e-07
52000.000000000095 2.389656304088092e-07
52050.000000000095 3.5664503241537965e-07
52100.000000000095 3.371295345457804e-07
52150.000000000095 2.9359503491137317e-07
52200.000000000095 3.164750926983052e-07
52250.000000000095 3.559246321848662e-07
52300.000000000095 5.478331540420087e-07
52350.000000000095 4.045893217608208e-07
52400.000000000095 3.2491020953431816e-07
52450.000000000095 4.5359225642621327e-07
52500.000000000095 4.269030214005307e-07
52550.000000000095 4.5163465644008584e-07
52600.000000000095 3.9314479175304596e-07
52650.000000000095 4.3997253189092393e-07
52700.000000000095 3.5484359998987674e-07
52750.000000000095 3.075773389735509e-07
52800.000000000095 3.2402637608514683e-07
52850.000000000095 3.636706557133502e-07
52900.000000000095 3.2398281672590874e-07
52950.000000000095 3.2703389838807306e-07
53000.000000000095 5.027354355328666e-07
53050.000000000095 2.7276328863788e-07
53100.000000000095 4.645051859520708e-07
53150.000000000095 5.452663991753405e-07
53200.000000000095 2.8808435671619997e-07
53250.000000000095 4.847889020324819e-07
53300.000000000095 5.181997189589589e-07
53350.000000000095 4.907223103780457e-07
53400.000000000095 5.09727305953815e-07
53450.000000000095 2.9493006887916804e-07
53500.000000000095 2.1119360722136683e-07
53550.000000000095 2.9880044118769706e-07
53600.000000000095 3.9080789000224e-07
53650.000000000095 3.1895308996810616e-07
53700.000000000095 3.0820815208169797e-07
53750.000000000095 3.1262751222465573e-07
53800.000000000095 3.2430642689366955e-07
53850.000000000095 4.02742609574652e-07
53900.000000000095 3.6587941566919424e-07
53950.000000000095 4.868723552918822e-07
54000.000000000095 3.610150611740816e-07
54050.000000000095 3.4892210241403593e-07
54100.000000000095 2.1578093152180864e-07
54150.000000000095 2.935681583512746e-07
54200.000000000095 1.8060982373531446e-07
54250.000000000095 2.08062211330133e-07
54300.000000000095 2.867205837155802e-07
54350.000000000095 3.6899131247098274e-07
54400.000000000095 3.7723124325989465e-07
54450.000000000095 3.5066413552961223e-07
54500.000000000095 3.104506660927146e-07
54550.000000000095 2.5706030640358637e-07
54600.000000000095 3.202150653904758e-07
54650.000000000095 2.221738395699817e-07
54700.000000000095 3.734725697217487e-07
54750.000000000095 3.582404280710455e-07
54800.000000000095 2.729819496693499e-07
54850.000000000095 3.0317803709940807e-07
54900.000000000095 3.913032444567618e-07
54950.000000000095 4.825241205175798e-07
55000.000000000095 2.7366053747682425e-07
55050.000000000095 3.385134298802073e-07
55100.000000000095 3.148327038245033e-07
55150.000000000095 2.8224195054846977e-07
55200.000000000095 2.808774422081917e-07
55250.000000000095 2.917310289647323e-07
55300.000000000095 2.3310428602892035e-07
55350.000000000095 3.2913251187027843e-07
55400.000000000095 4.034899608024801e-07
55450.000000000095 3.136385621991847e-07
55500.000000000095 1.953091837680843e-07
55550.000000000095 2.587746008429552e-07
55600.000000000095 2.5030792650413656e-07
55650.000000000095 2.0441061539817946e-07
55700.000000000095 2.6235934908947775e-07
55750.000000000095 3.049618826983611e-07
55800.000000000095 2.394484622010696e-07
55850.000000000095 2.0925860892304183e-07
55900.000000000095 3.367207299268781e-07
55950.000000000095 4.314969368638076e-07
56000.000000000095 2.245233952055121e-07
56050.000000000095 3.0412002145152496e-07
56100.000000000095 3.3022530932364387e-07
56150.000000000095 2.5575438042309847e-07
56200.000000000095 2.837747592320493e-07
56250.000000000095 2.88016233700288e-07
56300.000000000095 3.124509667233561e-07
56350.000000000095 3.2895954916655607e-07
56400.000000000095 2.387985790726204e-07
56450.000000000095 2.1866685179186902e-07
56500.000000000095 2.6456895034103293e-07
56550.000000000095 1.8637738062481738e-07
56600.000000000095 3.1851654003830825e-07
56650.000000000095 2.9260725476447277e-07
56700.000000000095 3.52151638526231e-07
56750.000000000095 2.133089294366884e-07
56800.000000000095 3.225562600218326e-07
56850.000000000095 2.6214978774612376e-07
56900.000000000095 2.408646790814982e-07
56950.000000000095 3.384987046188766e-07
57000.000000000095 3.6362639037675556e-07
57050.000000000095 2.627098375125352e-07
57100.000000000095 1.6086616563235662e-07
57150.000000000095 2.274694154822753e-07
57200.000000000095 1.800235736628394e-07
57250.000000000095 2.507927213395647e-07
57300.000000000095 2.954438118583565e-07
57350.000000000095 1.9626645125992605e-07
57400.000000000095 3.0084633173935735e-07
57450.000000000095 2.843378241052897e-07
57500.000000000095 2.624648984680602e-07
57550.000000000095 3.151354163711634e-07
57600.000000000095 3.3778023761114545e-07
57650.000000000095 1.6789916220851708e-07
57700.000000000095 1.9977265981621421e-07
57750.000000000095 2.387965758178153e-07
57800.000000000095 1.2019324535098524e-07
57850.000000000095 3.616927087113183e-07
57900.000000000095 4.205575904397156e-07
57950.000000000095 3.7359682689065545e-07
58000.000000000095 2.3895390869420607e-07
58050.000000000095 2.911760810640028e-07
58100.000000000095 3.5951556795591426e-07
58150.000000000095 2.935019181639849e-07
58200.000000000095 1.7719966334798236e-07
58250.000000000095 2.2605491251002283e-07
58300.000000000095 1.8711745212230734e-07
58350.000000000095 2.15467525264886e-07
58400.000000000095 2.7068385218856254e-07
58450.000000000095 2.935216837256341e-07
58500.000000000095 2.6544462012897866e-07
58550.000000000095 3.1084925642867777e-07
58600.000000000095 2.0684239624016733e-07
58650.000000000095 2.505306296467952e-07
58700.000000000095 2.386478395463963e-07
58750.000000000095 2.709879041964809e-07
58800.000000000095 1.6166395939662635e-07
58850.000000000095 2.3541058571426063e-07
58900.000000000095 2.8647562657686594e-07
58950.000000000095 1.9696790887918015e-07
59000.000000000095 2.800462006419233e-07
59050.000000000095 2.988308868977557e-07
59100.000000000095 3.5020712931007597e-07
59150.000000000095 2.783609450082708e-07
59200.000000000095 2.7806827272590213e-07
59250.000000000095 2.95436721325194e-07
59300.000000000095 2.8623987611728063e-07
59350.000000000095 1.7611498248153815e-07
59400.000000000095 1.439442022185968e-07
59450.000000000095 2.531595597566879e-07
59500.000000000095 1.7401451883666567e-07
59550.000000000095 3.1627697784832675e-07
59600.000000000095 3.2834787584898644e-07
59650.000000000095 2.8036345642775407e-07
59700.000000000095 2.0043915864566646e-07
59750.000000000095 3.8385468214380055e-07
59800.000000000095 2.6478848592231987e-07
59850.000000000095 3.2438220060049473e-07
59900.000000000095 1.8849508204430917e-07
59950.000000000095 2.816271709145078e-07
60000.000000000095 4.401926392371195e-07
60050.000000000095 3.618212728149778e-07
60100.000000000095 3.6730384555379277e-07
60150.000000000095 2.741545149075025e-07
60200.000000000095 3.048730767664742e-07
60250.000000000095 3.495752334283141e-07
60300.000000000095 3.246486724208277e-07
60350.000000000095 2.5047708680654956e-07
60400.000000000095 3.167962199531078e-07
60450.000000000095 1.9095491710068233e-07
60500.000000000095 1.3625725933874588e-07
60550.000000000095 3.150510676515282e-07
60600.000000000095 3.025649797509451e-07
60650.000000000095 2.724002542993942e-07
60700.000000000095 2.5043966974767935e-07
60750.000000000095 2.085608554623944e-07
60800.000000000095 3.2450368313129275e-07
60850.000000000095 4.3435855672975984e-07
60900.000000000095 3.805038330436923e-07
60950.000000000095 3.6015008868401437e-07
61000.000000000095 3.0077438318126873e-07
61050.000000000095 2.2992260845105168e-07
61100.000000000095 3.035391246051901e-07
61150.000000000095 1.4172629326261027e-07
61200.000000000095 3.8046578805784286e-07
61250.000000000095 4.265705520232911e-07
61300.000000000095 3.6878589659388974e-07
61350.000000000095 4.4291203813522015e-07
61400.000000000095 3.209137441512144e-07
61450.000000000095 2.3725571627918822e-07
61500.000000000095 2.442900843860868e-07
61550.000000000095 2.431959133155102e-07
61600.000000000095 1.8865949833126e-07
61650.000000000095 2.7254135941054584e-07
61700.000000000095 2.3920532208582604e-07
61750.000000000095 2.7802735975012344e-07
61800.000000000095 3.259290471489284e-07
61850.000000000095 2.2478445794486157e-07
61900.000000000095 3.8975460022873316e-07
61950.000000000095 3.8693619075424e-07
62000.000000000095 3.48460819652302e-07
62050.000000000095 3.4805795255807273e-07
62100.000000000095 3.745151241486045e-07
62150.000000000095 3.524572566052437e-07
62200.000000000095 3.1938561414201156e-07
62250.000000000095 3.4010995009139244e-07
62300.000000000095 4.298742700644683e-07
62350.000000000095 3.9071304501636083e-07
62400.000000000095 2.5470196924533125e-07
62450.000000000095 3.1243825227377526e-07
62500.000000000095 4.0792901202386096e-07
62550.000000000095 3.8139172025485304e-07
62600.000000000095 4.1696126424255797e-07
62650.000000000095 3.497671271997291e-07
62700.000000000095 3.706352804691119e-07
62750.000000000095 4.3732835809125566e-07
62800.000000000095 3.05198467641058e-07
62850.000000000095 3.977383395594476e-07
62900.000000000095 3.4139433434664613e-07
62950.000000000095 4.4161281961008867e-07
63000.000000000095 3.875956997786383e-07
63050.000000000095 4.835605556100618e-07
63100.000000000095 4.5531051117584994e-07
63150.000000000095 3.132817745330947e-07
63200.000000000095 4.0260545496991917e-07
63250.000000000095 4.200789338044984e-07
63300.000000000095 4.381466417401012e-07
63350.000000000095 3.8244973902098804e-07
63400.000000000095 2.60322907889871e-07
63450.000000000095 2.260273975023106e-07
63500.000000000095 3.8477206524533965e-07
63550.000000000095 3.5303220064640707e-07
63600.000000000095 4.3222906266274895e-07
63650.000000000095 3.411509531152597e-07
63700.000000000095 2.422855323640344e-07
63750.000000000095 3.1407710842458083e-07
63800.000000000095 3.2754379670331256e-07
63850.000000000095 3.2344987198547266e-07
63900.000000000095 2.523594669655742e-07
63950.000000000095 3.5671703534688114e-07
64000.000000000095 3.8319849936694256e-07
64050.000000000095 2.944246694933448e-07
64100.000000000095 1.3646279835423207e-07
64150.000000000095 1.8045146951136312e-07
64200.000000000095 2.0987514634397965e-07
64250.000000000095 2.910666892181375e-07
64300.000000000095 2.39948523154956e-07
64350.000000000095 2.1857332819035293e-07
64400.000000000095 3.0733248027303714e-07
64450.000000000095 3.156931173603356e-07
64500.000000000095 2.0181765763124502e-07
64550.000000000095 2.9218967978622596e-07
64600.000000000095 2.105609475736238e-07
64650.000000000095 2.919064107984218e-07
64700.000000000095 1.6930307405594716e-07
64750.000000000095 1.948543873400323e-07
64800.000000000095 1.967181054188858e-07
64850.000000000095 1.8708527171809837e-07
64900.000000000095 2.1630300546378365e-07
64950.000000000095 1.946523581734065e-07
65000.000000000095 2.2499443709223618e-07
65050.000000000095 2.3010144121069928e-07
65100.000000000095 2.647546552480905e-07
65150.000000000095 2.18027584558349e-07
65200.000000000095 1.83332820579099e-07
65250.000000000095 2.48250615359425e-07
65300.000000000095 2.2241080082384903e-07
65350.000000000095 3.587986994955641e-07
65400.000000000095 2.1260103732380157e-07
65450.000000000095 2.1698388053157344e-07
65500.000000000095 2.412879113562952e-07
65550.00000000009 1.8399502400597585e-07
65600.00000000009 2.0807514084399236e-07
65650.00000000009 2.2471211962708228e-07
65700.00000000009 2.0137055306858148e-07
65750.00000000009 1.8043497086430957e-07
65800.00000000009 2.3369209840015844e-07
65850.00000000009 2.693496061074414e-07
65900.00000000009 1.7990606331214142e-07
65950.00000000009 1.4310540957793276e-07
66000.00000000009 2.015561039231249e-07
66050.00000000009 3.1543423917888143e-07
66100.00000000009 2.1840258897247965e-07
66150.00000000009 1.7086310338870783e-07
66200.00000000009 1.7362045904364423e-07
66250.00000000009 1.6695130016871128e-07
66300.00000000009 1.016366552493837e-07
66350.00000000009 1.424242262460465e-07
66400.00000000009 1.703659840932702e-07
66450.00000000009 2.5073929172725704e-07
66500.00000000009 3.1783074278441093e-07
66550.00000000009 2.9185525546342614e-07
66600.00000000009 2.3495210813202866e-07
66650.00000000009 2.404535884556811e-07
66700.00000000009 2.123311091054499e-07
66750.00000000009 1.9633471016129204e-07
66800.00000000009 2.44025840574165e-07
66850.00000000009 1.8322413289470007e-07
66900.00000000009 2.4708862240391566e-07
66950.00000000009 3.1972408405017463e-07
67000.00000000009 3.220185672074907e-07
67050.00000000009 2.2549968676422494e-07
67100.00000000009 2.0550526551030397e-07
67150.00000000009 2.089960620566673e-07
67200.00000000009 2.2397394421336413e-07
67250.00000000009 2.2660593152424963e-07
67300.00000000009 2.4246739623658816e-07
67350.00000000009 1.8360924383433237e-07
67400.00000000009 3.042875936810461e-07
67450.00000000009 2.443670191106122e-07
67500.00000000009 2.2484062611100323e-07
67550.00000000009 2.550787827687779e-07
67600.00000000009 3.829015945656264e-07
67650.00000000009 2.8997765539614023e-07
67700.00000000009 2.462604464435378e-07
67750.00000000009 2.2508279642332452e-07
67800.00000000009 2.741832187703952e-07
67850.00000000009 1.9344065361271534e-07
67900.00000000009 2.3343761124197076e-07
