galfind/configs/Brown_Dwarf_templates/sonora_cholla/logkzz7/1780g/1300K_1780g_logkzz7_resample.dat
# %ECSV 1.0
# ---
# datatype:
# - {name: wav, unit: Angstrom, datatype: float64}
# - {name: flux_nu, unit: erg / (cm2 Hz s), datatype: float64}
# schema: astropy-2.0
wav flux_nu
[from data line 774]
48700.000000000095 3.9049759446337114e-07
48750.000000000095 2.435634755549394e-07
48800.000000000095 3.772155226213926e-07
48850.000000000095 2.676813901886384e-07
48900.000000000095 3.802317843439814e-07
48950.000000000095 3.2892724205388746e-07
49000.000000000095 3.0970646697695317e-07
49050.000000000095 3.5770307711369006e-07
49100.000000000095 2.863177331837652e-07
49150.000000000095 3.828943292839209e-07
49200.000000000095 2.895498550878281e-07
49250.000000000095 3.780189423300348e-07
49300.000000000095 3.118855665427731e-07
49350.000000000095 3.452502261262352e-07
49400.000000000095 3.891406143038278e-07
49450.000000000095 3.453526214566354e-07
49500.000000000095 3.48022172548103e-07
49550.000000000095 2.5139007432110387e-07
49600.000000000095 3.544528520803984e-07
49650.000000000095 3.410427502495726e-07
49700.000000000095 3.0538535953503806e-07
49750.000000000095 4.560563891490694e-07
49800.000000000095 3.143751743755948e-07
49850.000000000095 4.698026783947228e-07
49900.000000000095 3.7560410996225916e-07
49950.000000000095 4.01486214699843e-07
50000.000000000095 4.4807482736579864e-07
50050.000000000095 3.893800325809712e-07
50100.000000000095 5.155728623604602e-07
50150.000000000095 3.269065709977393e-07
50200.000000000095 2.769872785779609e-07
50250.000000000095 4.5706983003146047e-07
50300.000000000095 3.435708429358901e-07
50350.000000000095 4.6868689452318695e-07
50400.000000000095 3.8551379996703065e-07
50450.000000000095 4.0088278707244337e-07
50500.000000000095 5.055156237091192e-07
50550.000000000095 4.0197994684255836e-07
50600.000000000095 4.540000352409627e-07
50650.000000000095 4.0741006419927883e-07
50700.000000000095 5.587744796402174e-07
50750.000000000095 5.54298294944704e-07
50800.000000000095 3.3486392283243376e-07
50850.000000000095 3.9828878560609955e-07
50900.000000000095 5.23946405169497e-07
50950.000000000095 5.349528659609956e-07
51000.000000000095 5.656086378315522e-07
51050.000000000095 4.5803629100682723e-07
51100.000000000095 3.681604025985903e-07
51150.000000000095 4.244501018279556e-07
51200.000000000095 5.168313550034248e-07
51250.000000000095 5.202858386446446e-07
51300.000000000095 3.5733032852918337e-07
51350.000000000095 4.6024777881434943e-07
51400.000000000095 3.932263078416491e-07
51450.000000000095 3.4273161056040977e-07
51500.000000000095 3.326943557925767e-07
51550.000000000095 5.301888517357351e-07
51600.000000000095 3.603697248470025e-07
51650.000000000095 4.693001458862778e-07
51700.000000000095 4.905512879649645e-07
51750.000000000095 3.6209611528683207e-07
51800.000000000095 6.018526900238731e-07
51850.000000000095 4.966249334377064e-07
51900.000000000095 5.953499003289822e-07
51950.000000000095 5.27756818993865e-07
52000.000000000095 2.779391829051052e-07
52050.000000000095 3.993215863852794e-07
52100.000000000095 3.820584893866975e-07
52150.000000000095 3.371597374914222e-07
52200.000000000095 3.5897505425893856e-07
52250.000000000095 3.913402893578035e-07
52300.000000000095 5.953630074754561e-07
52350.000000000095 4.5828847327827444e-07
52400.000000000095 3.6318127194748e-07
52450.000000000095 4.971413342373476e-07
52500.000000000095 4.6794804165683566e-07
52550.000000000095 4.98221071916332e-07
52600.000000000095 4.353356292741762e-07
52650.000000000095 4.909646592025032e-07
52700.000000000095 3.9656867441805514e-07
52750.000000000095 3.4967804276573185e-07
52800.000000000095 3.6444379760199347e-07
52850.000000000095 4.076800227821454e-07
52900.000000000095 3.6700961053941606e-07
52950.000000000095 3.639813794177668e-07
53000.000000000095 5.557270626212079e-07
53050.000000000095 3.104757736120794e-07
53100.000000000095 5.102809435287256e-07
53150.000000000095 5.981957110885624e-07
53200.000000000095 3.237449955976529e-07
53250.000000000095 5.348432545925978e-07
53300.000000000095 5.6810324284856e-07
53350.000000000095 5.379879011025379e-07
53400.000000000095 5.639768232104898e-07
53450.000000000095 3.38668681097266e-07
53500.000000000095 2.4719186489816363e-07
53550.000000000095 3.4515227203537556e-07
53600.000000000095 4.376073922624112e-07
53650.000000000095 3.591926119168589e-07
53700.000000000095 3.4839932886606495e-07
53750.000000000095 3.556406209412807e-07
53800.000000000095 3.6906871395750605e-07
53850.000000000095 4.5141323390185045e-07
53900.000000000095 4.0258283779864875e-07
53950.000000000095 5.378716169466154e-07
54000.000000000095 4.039910266545831e-07
54050.000000000095 3.875062874991187e-07
54100.000000000095 2.4976869834342134e-07
54150.000000000095 3.361942610488446e-07
54200.000000000095 2.1274628049357063e-07
54250.000000000095 2.415717431746906e-07
54300.000000000095 3.2426354699831353e-07
54350.000000000095 4.144980298377207e-07
54400.000000000095 4.259251530140999e-07
54450.000000000095 3.9801894642329423e-07
54500.000000000095 3.531169373298279e-07
54550.000000000095 2.92460906885665e-07
54600.000000000095 3.623770543435125e-07
54650.000000000095 2.6105601919730483e-07
54700.000000000095 4.226078200177599e-07
54750.000000000095 4.067035682045506e-07
54800.000000000095 3.1449977706866404e-07
54850.000000000095 3.455928066409378e-07
54900.000000000095 4.4060579244610775e-07
54950.000000000095 5.364674468614487e-07
55000.000000000095 3.166249884825495e-07
55050.000000000095 3.839685144734655e-07
55100.000000000095 3.5227117919465437e-07
55150.000000000095 3.2212052764513553e-07
55200.000000000095 3.2129213742046743e-07
55250.000000000095 3.2996327630117103e-07
55300.000000000095 2.6983563232762136e-07
55350.000000000095 3.6823439462311287e-07
55400.000000000095 4.5260195710589047e-07
55450.000000000095 3.591697747681272e-07
55500.000000000095 2.2787719959171716e-07
55550.000000000095 2.97997098651203e-07
55600.000000000095 2.8883151674266215e-07
55650.000000000095 2.3508330959909677e-07
55700.000000000095 3.0139903812026093e-07
55750.000000000095 3.521733315530741e-07
55800.000000000095 2.8114431966226953e-07
55850.000000000095 2.4383693308234466e-07
55900.000000000095 3.820599090962667e-07
55950.000000000095 4.88562451704855e-07
56000.000000000095 2.584847643504651e-07
56050.000000000095 3.5035646132629996e-07
56100.000000000095 3.7428589514896645e-07
56150.000000000095 2.9338696268205036e-07
56200.000000000095 3.2526016484631625e-07
56250.000000000095 3.220480681167539e-07
56300.000000000095 3.55756338740557e-07
56350.000000000095 3.8239599814971077e-07
56400.000000000095 2.812060592386485e-07
56450.000000000095 2.5860658992130363e-07
56500.000000000095 3.0172135987461095e-07
56550.000000000095 2.1837181993567648e-07
56600.000000000095 3.6023351187499586e-07
56650.000000000095 3.296570730749107e-07
56700.000000000095 4.011700457197286e-07
56750.000000000095 2.4810364972978893e-07
56800.000000000095 3.685594151848324e-07
56850.000000000095 2.9879352335110734e-07
56900.000000000095 2.7964341542647673e-07
56950.000000000095 3.847818755773506e-07
57000.000000000095 4.094040579087834e-07
57050.000000000095 3.0570340932666823e-07
57100.000000000095 1.902243683146148e-07
57150.000000000095 2.6747011165817227e-07
57200.000000000095 2.0922411470538774e-07
57250.000000000095 2.914109858887718e-07
57300.000000000095 3.3801154672673165e-07
57350.000000000095 2.271099841549566e-07
57400.000000000095 3.411894053668855e-07
57450.000000000095 3.282167365187865e-07
57500.000000000095 3.0489370030882816e-07
57550.000000000095 3.610773176335181e-07
57600.000000000095 3.894664842261974e-07
57650.000000000095 1.9862035862364957e-07
57700.000000000095 2.3486394328846325e-07
57750.000000000095 2.779787479439199e-07
57800.000000000095 1.4261323818223689e-07
57850.000000000095 4.054340707986941e-07
57900.000000000095 4.7084837996641245e-07
57950.000000000095 4.163549820389153e-07
58000.000000000095 2.7670195934393444e-07
58050.000000000095 3.318751763098922e-07
58100.000000000095 4.1089249054729893e-07
58150.000000000095 3.3920363862273416e-07
58200.000000000095 2.0982389235917674e-07
58250.000000000095 2.6562613023464493e-07
58300.000000000095 2.18973269530424e-07
58350.000000000095 2.504525658086464e-07
58400.000000000095 3.077714693034933e-07
58450.000000000095 3.331233355644342e-07
58500.000000000095 3.0140847882172666e-07
58550.000000000095 3.534944021269327e-07
58600.000000000095 2.418231508044016e-07
58650.000000000095 2.9254251104527386e-07
58700.000000000095 2.7294014939665554e-07
58750.000000000095 3.0913231813836194e-07
58800.000000000095 1.934537069806395e-07
58850.000000000095 2.734199469193654e-07
58900.000000000095 3.288847241834861e-07
58950.000000000095 2.3212470728511536e-07
59000.000000000095 3.1951564399461776e-07
59050.000000000095 3.375494095651152e-07
59100.000000000095 3.962807091294579e-07
59150.000000000095 3.190783364589629e-07
59200.000000000095 3.185455554706723e-07
59250.000000000095 3.378465334389211e-07
59300.000000000095 3.2561175067531826e-07
59350.000000000095 2.0934226296515997e-07
59400.000000000095 1.7330809886257157e-07
59450.000000000095 2.8972323485631035e-07
59500.000000000095 2.0210970441571237e-07
59550.000000000095 3.6237333965923814e-07
59600.000000000095 3.695751781296192e-07
59650.000000000095 3.258739296338849e-07
59700.000000000095 2.3290865594235068e-07
59750.000000000095 4.318660849530206e-07
59800.000000000095 3.076593221794881e-07
59850.000000000095 3.690806290626607e-07
59900.000000000095 2.2147433947187798e-07
59950.000000000095 3.234165846620226e-07
60000.000000000095 4.955471150423542e-07
60050.000000000095 4.0368287250663917e-07
60100.000000000095 4.169450935972921e-07
60150.000000000095 3.1764328834917577e-07
60200.000000000095 3.474015406510845e-07
60250.000000000095 3.916076326557357e-07
60300.000000000095 3.6355976681464787e-07
60350.000000000095 2.876545310957006e-07
60400.000000000095 3.6092401531003967e-07
60450.000000000095 2.2406486392009665e-07
60500.000000000095 1.6146259937486237e-07
60550.000000000095 3.5866307673321e-07
60600.000000000095 3.445695618885716e-07
60650.000000000095 3.133745304524399e-07
60700.000000000095 2.918934667562781e-07
60750.000000000095 2.492472782692777e-07
60800.000000000095 3.724835603178526e-07
60850.000000000095 4.878428443117755e-07
60900.000000000095 4.248420720981893e-07
60950.000000000095 4.090492680353799e-07
61000.000000000095 3.38550428774088e-07
61050.000000000095 2.6750160573885115e-07
61100.000000000095 3.524174406353695e-07
61150.000000000095 1.6716934862927512e-07
61200.000000000095 4.317790159451281e-07
61250.000000000095 4.899550784152968e-07
61300.000000000095 4.2923371691353474e-07
61350.000000000095 5.019128403511541e-07
61400.000000000095 3.783549660867248e-07
61450.000000000095 2.870412009511478e-07
61500.000000000095 2.8552542857926416e-07
61550.000000000095 2.798243126004517e-07
61600.000000000095 2.1812307327645898e-07
61650.000000000095 3.1371450674113997e-07
61700.000000000095 2.765523908449827e-07
61750.000000000095 3.2118249678705526e-07
61800.000000000095 3.777315234724221e-07
61850.000000000095 2.6418832590791746e-07
61900.000000000095 4.401035778639054e-07
61950.000000000095 4.364300553303664e-07
62000.000000000095 3.9241245735391675e-07
62050.000000000095 3.9256813406153936e-07
62100.000000000095 4.2862689722926473e-07
62150.000000000095 3.9681193093804566e-07
62200.000000000095 3.5890444497117245e-07
62250.000000000095 3.9484050351911095e-07
62300.000000000095 4.806922112134855e-07
62350.000000000095 4.4185364559749544e-07
62400.000000000095 2.9214851613260613e-07
62450.000000000095 3.563244407075095e-07
62500.000000000095 4.604530949128117e-07
62550.000000000095 4.229596120282179e-07
62600.000000000095 4.676950234509758e-07
62650.000000000095 3.963606575049024e-07
62700.000000000095 4.2026207697772197e-07
62750.000000000095 4.923256219678655e-07
62800.000000000095 3.479758867521711e-07
62850.000000000095 4.5029863763689004e-07
62900.000000000095 3.878286960743197e-07
62950.000000000095 4.961219613673465e-07
63000.000000000095 4.4164156288744635e-07
63050.000000000095 5.381184681182697e-07
63100.000000000095 5.068921751933916e-07
63150.000000000095 3.4968687249187297e-07
63200.000000000095 4.5489265253325256e-07
63250.000000000095 4.7662589959389233e-07
63300.000000000095 4.973426583466541e-07
63350.000000000095 4.2922042087239895e-07
63400.000000000095 2.9835579505620304e-07
63450.000000000095 2.6359135714788776e-07
63500.000000000095 4.3802677231354915e-07
63550.000000000095 3.940249754995626e-07
63600.000000000095 4.90769793842441e-07
63650.000000000095 3.92949957846706e-07
63700.000000000095 2.8282158295851324e-07
63750.000000000095 3.599572724310113e-07
63800.000000000095 3.6285877975624285e-07
63850.000000000095 3.6504534811625947e-07
63900.000000000095 2.922532972244451e-07
63950.000000000095 4.081083939226072e-07
64000.000000000095 4.344686726470188e-07
64050.000000000095 3.3858296577066384e-07
64100.000000000095 1.613654838103611e-07
64150.000000000095 2.1075380973407285e-07
64200.000000000095 2.463121071752689e-07
64250.000000000095 3.34463651084748e-07
64300.000000000095 2.7666169133770117e-07
64350.000000000095 2.552676103061908e-07
64400.000000000095 3.489665670489351e-07
64450.000000000095 3.557549560224912e-07
64500.000000000095 2.3391470370876808e-07
64550.000000000095 3.3438598665007133e-07
64600.000000000095 2.4644953980259136e-07
64650.000000000095 3.3370262522708913e-07
64700.000000000095 1.969427796092805e-07
64750.000000000095 2.237132634567824e-07
64800.000000000095 2.2763255594312435e-07
64850.000000000095 2.1884908038235785e-07
64900.000000000095 2.532651720364618e-07
64950.000000000095 2.2808564380081517e-07
65000.000000000095 2.599663113662969e-07
65050.000000000095 2.630642882888423e-07
65100.000000000095 3.0002492190766777e-07
65150.000000000095 2.506589325631028e-07
65200.000000000095 2.1500246602288705e-07
65250.000000000095 2.8265379537402885e-07
65300.000000000095 2.5200753758931984e-07
65350.000000000095 4.020211165092112e-07
65400.000000000095 2.4393631289918494e-07
65450.000000000095 2.4909098071678424e-07
65500.000000000095 2.744123972053013e-07
65550.00000000009 2.135941690565292e-07
65600.00000000009 2.3550334096040071e-07
65650.00000000009 2.5801171207199095e-07
65700.00000000009 2.288093845106852e-07
65750.00000000009 2.103770431595686e-07
65800.00000000009 2.6729932355580883e-07
65850.00000000009 3.045281180255741e-07
65900.00000000009 2.0995687480836732e-07
65950.00000000009 1.6666738208702136e-07
66000.00000000009 2.3163465942230615e-07
66050.00000000009 3.549307660147349e-07
66100.00000000009 2.4932427475474855e-07
66150.00000000009 1.9841268173693947e-07
66200.00000000009 1.9955370294765402e-07
66250.00000000009 1.9232139932793525e-07
66300.00000000009 1.2064944722137555e-07
66350.00000000009 1.6830624155231056e-07
66400.00000000009 1.9737876096954744e-07
66450.00000000009 2.8388412749950175e-07
66500.00000000009 3.57991500306961e-07
66550.00000000009 3.286089203465239e-07
66600.00000000009 2.654340641576707e-07
66650.00000000009 2.73028680228992e-07
66700.00000000009 2.419664833590118e-07
66750.00000000009 2.251655911380129e-07
66800.00000000009 2.763290731020768e-07
66850.00000000009 2.1315358810068566e-07
66900.00000000009 2.7614317725121835e-07
66950.00000000009 3.5579688227209156e-07
67000.00000000009 3.5694877965016724e-07
67050.00000000009 2.5655835750252674e-07
67100.00000000009 2.3733099095566946e-07
67150.00000000009 2.3982938157790943e-07
67200.00000000009 2.522514145515895e-07
67250.00000000009 2.57976824112258e-07
67300.00000000009 2.7083314871497393e-07
67350.00000000009 2.146475034282461e-07
67400.00000000009 3.400344728826537e-07
67450.00000000009 2.75873297637875e-07
67500.00000000009 2.545233174166708e-07
67550.00000000009 2.855597696042594e-07
67600.00000000009 4.2265057929834705e-07
67650.00000000009 3.219901103286156e-07
67700.00000000009 2.781174985165988e-07
67750.00000000009 2.5701068996554345e-07
67800.00000000009 3.092729645367939e-07
67850.00000000009 2.2217275137408107e-07
67900.00000000009 2.676063186664985e-07
67950.00000000009 1.9688674258289268e-07
68000.00000000009 2.427862701108994e-07
