galfind/configs/Brown_Dwarf_templates/sonora_cholla/logkzz7/1780g/1300K_1780g_logkzz7_resample.dat
# %ECSV 1.0
# ---
# datatype:
# - {name: wav, unit: Angstrom, datatype: float64}
# - {name: flux_nu, unit: erg / (cm2 Hz s), datatype: float64}
# schema: astropy-2.0
wav flux_nu
[from data line 1162]
68100.00000000009 3.1895003084779415e-07
68150.00000000009 2.604644876170688e-07
68200.00000000009 2.8420650407518444e-07
68250.00000000009 1.7152730906899711e-07
68300.00000000009 2.549276134103508e-07
68350.00000000009 1.771952576402905e-07
68400.00000000009 3.142619207971764e-07
68450.00000000009 3.137232568431529e-07
68500.00000000009 2.8102169280981634e-07
68550.00000000009 2.0939928447664742e-07
68600.00000000009 2.360995470627747e-07
68650.00000000009 1.7941271636391558e-07
68700.00000000009 2.500368933683237e-07
68750.00000000009 2.818786219272847e-07
68800.00000000009 3.031693636109569e-07
68850.00000000009 1.964972138363759e-07
68900.00000000009 3.562731943029459e-07
68950.00000000009 3.9600259355845854e-07
69000.00000000009 3.760598136424848e-07
69050.00000000009 2.558883888991617e-07
69100.00000000009 3.764408981231488e-07
69150.00000000009 4.027355894495431e-07
69200.00000000009 2.637577668273395e-07
69250.00000000009 3.6395958492577314e-07
69300.00000000009 3.3552785422482175e-07
69350.00000000009 3.4276472933801716e-07
69400.00000000009 2.3908786191307073e-07
69450.00000000009 3.7616027216139486e-07
69500.00000000009 2.711021517251954e-07
69550.00000000009 2.918184318803414e-07
69600.00000000009 1.4337585023183666e-07
69650.00000000009 2.6520772242911825e-07
69700.00000000009 3.3767332882694014e-07
69750.00000000009 2.8535240941267414e-07
69800.00000000009 3.249940738848787e-07
69850.00000000009 3.6041527878579195e-07
69900.00000000009 2.734963311900907e-07
69950.00000000009 3.1336997000418747e-07
70000.00000000009 2.490072255928713e-07
70050.00000000009 3.529561440342945e-07
70100.00000000009 2.675631044852359e-07
70150.00000000009 3.134962128494551e-07
70200.00000000009 2.4608611038445415e-07
70250.00000000009 2.83176195301439e-07
70300.00000000009 3.3588914869123363e-07
70350.00000000009 2.732440041096229e-07
70400.00000000009 2.562079927053021e-07
70450.00000000009 1.6183746683723788e-07
70500.00000000009 2.1619452719184644e-07
70550.00000000009 2.2424152024886083e-07
70600.00000000009 2.535742623147215e-07
70650.00000000009 2.973895532928992e-07
70700.00000000009 2.864813437451639e-07
70750.00000000009 3.36937629791094e-07
70800.00000000009 2.522825278443468e-07
70850.00000000009 2.3494713567359615e-07
70900.00000000009 2.4326621167297805e-07
70950.00000000009 3.201216649431843e-07
71000.00000000009 2.8970234072025194e-07
71050.00000000009 3.085373633115197e-07
71100.00000000009 2.8012444235638357e-07
71150.00000000009 2.705920876793524e-07
71200.00000000009 2.392215817561113e-07
71250.00000000009 2.727536253675748e-07
71300.00000000009 3.0781525826805905e-07
71350.00000000009 2.791674732983278e-07
71400.00000000009 2.8827185405696914e-07
71450.00000000009 2.0178279799515644e-07
71500.00000000009 2.534192824682348e-07
71550.00000000009 2.452148828015976e-07
71600.00000000009 2.969629619819777e-07
71650.00000000009 2.551015605029645e-07
71700.00000000009 2.1961407134079967e-07
71750.00000000009 2.6181892929472255e-07
71800.00000000009 3.097661536059894e-07
71850.00000000009 3.2078355758104346e-07
71900.00000000009 2.2382607937842828e-07
71950.00000000009 2.618179381208292e-07
72000.00000000009 2.480691671416664e-07
72050.00000000009 2.0334522086854907e-07
72100.00000000009 2.3472433638868905e-07
72150.00000000009 2.3274036802772724e-07
72200.00000000009 2.588306904479914e-07
72250.00000000009 2.8082787743866236e-07
72300.00000000009 2.6443465098983913e-07
72350.00000000009 2.48174139893403e-07
72400.00000000009 2.3635137737125876e-07
72450.00000000009 2.1875688039851592e-07
72500.00000000009 2.4622368031862997e-07
72550.00000000009 1.783639721931556e-07
72600.00000000009 1.7724258151092494e-07
72650.00000000009 2.777588838316147e-07
72700.00000000009 2.7101171133640295e-07
72750.00000000009 2.331523006207639e-07
72800.00000000009 2.2973846487149156e-07
72850.00000000009 2.3040313073124815e-07
72900.00000000009 2.864251913847864e-07
72950.00000000009 2.3946489757842385e-07
73000.00000000009 2.508015029142366e-07
73050.00000000009 2.2601841241696975e-07
73100.00000000009 2.1339621589127242e-07
73150.00000000009 3.1664026232628917e-07
73200.00000000009 2.291342092339808e-07
73250.00000000009 2.5572630974780487e-07
73300.00000000009 2.4797074030668146e-07
73350.00000000009 2.0226689793397388e-07
73400.00000000009 2.40675624743952e-07
73450.00000000009 1.6897004043305838e-07
73500.00000000009 1.9291546703688916e-07
73550.00000000009 2.3232661150620047e-07
73600.00000000009 2.0177669787095001e-07
73650.00000000009 2.3710883880068328e-07
73700.00000000009 2.768795873105678e-07
73750.00000000009 2.0470946794761002e-07
73800.00000000009 2.1899130950510665e-07
73850.00000000009 2.4600308793815303e-07
73900.00000000009 2.6435439669764155e-07
73950.00000000009 2.149045310365369e-07
74000.00000000009 2.1689120846678667e-07
74050.00000000009 3.163502453819498e-07
74100.00000000009 2.1942729352755306e-07
74150.00000000009 2.461197548947631e-07
74200.00000000009 2.1983132067904527e-07
74250.00000000009 1.7829746987885556e-07
74300.00000000009 2.262826420422313e-07
74350.00000000009 2.5515542656977e-07
74400.00000000009 2.2799613768380164e-07
74450.00000000009 1.8225593753401266e-07
74500.00000000009 1.9874669684435797e-07
74550.00000000009 2.3738374047657863e-07
74600.00000000009 2.0929389626790097e-07
74650.00000000009 2.0264428582797328e-07
74700.00000000009 1.7742488866636607e-07
74750.00000000009 2.0826458402906516e-07
74800.00000000009 1.9663902364712517e-07
74850.00000000009 1.8486837577811853e-07
74900.00000000009 2.904018840335209e-07
74950.00000000009 2.605686303815123e-07
75000.00000000009 2.3915196396425055e-07
75050.00000000009 2.1519809069637922e-07
75100.00000000009 2.9771356108199367e-07
75150.00000000009 2.610980149012472e-07
75200.00000000009 2.78797653958662e-07
75250.00000000009 2.8004173355848614e-07
75300.00000000009 2.8073898187118627e-07
75350.00000000009 1.8789857993476898e-07
75400.00000000009 2.6385561262357443e-07
75450.00000000009 2.4425979164323044e-07
75500.00000000009 2.2962252782118309e-07
75550.00000000009 2.756733126338458e-07
75600.00000000009 3.300598638879075e-07
75650.00000000009 2.4708202046572e-07
75700.00000000009 2.4164342116723406e-07
75750.00000000009 2.1384897185914358e-07
75800.00000000009 2.5857972219013965e-07
75850.00000000009 2.767334928107238e-07
75900.00000000009 2.447809308724283e-07
75950.00000000009 2.1637799053387393e-07
76000.00000000009 2.4497921855106225e-07
76050.00000000009 2.4773322449102405e-07
76100.00000000009 2.3244695879206434e-07
76150.00000000009 2.5446405553776646e-07
76200.00000000009 2.628537678561085e-07
76250.00000000009 3.225315156320331e-07
76300.00000000009 3.3750097470093166e-07
76350.00000000009 3.885314713246499e-07
76400.00000000009 3.0664285680339453e-07
76450.00000000009 2.917882755050016e-07
76500.00000000009 2.726773307316715e-07
76550.00000000009 2.407637643204033e-07
76600.00000000009 1.4443732393301179e-07
76650.00000000009 1.6810297352418035e-07
76700.00000000009 1.853472034127376e-07
76750.00000000009 1.702260612974399e-07
76800.00000000009 2.361681443286887e-07
76850.00000000009 1.3650169435128467e-07
76900.00000000009 1.6660048320815575e-07
76950.00000000009 1.9252571494251244e-07
77000.00000000009 2.043910838005231e-07
77050.00000000009 1.6779392460730887e-07
77100.00000000009 1.6083195872129946e-07
77150.00000000009 1.9112494188202206e-07
77200.00000000009 1.997617564240271e-07
77250.00000000009 2.0707536397544585e-07
77300.00000000009 1.9549143462787807e-07
77350.00000000009 1.480747816942385e-07
77400.00000000009 1.3103114780312507e-07
77450.00000000009 1.5764198010799968e-07
77500.00000000009 1.8397258769332353e-07
77550.00000000009 1.9253409448899833e-07
77600.00000000009 2.0369819341069903e-07
77650.00000000009 1.976708022778384e-07
77700.00000000009 1.741526901444462e-07
77750.00000000009 2.2727909159523741e-07
77800.00000000009 2.2073669157619984e-07
77850.00000000009 2.516449396555535e-07
77900.00000000009 2.2874672497342157e-07
77950.00000000009 1.8098960715713114e-07
78000.00000000009 2.170065511628835e-07
78050.00000000009 2.0078323740920494e-07
78100.00000000009 1.6068626507673104e-07
78150.00000000009 2.3262439334167634e-07
78200.00000000009 2.45928280701442e-07
78250.00000000009 2.6615981600477887e-07
78300.00000000009 2.5468826304186006e-07
78350.00000000009 2.4573662073465634e-07
78400.00000000009 2.199184098048544e-07
78450.00000000009 2.728646151802825e-07
78500.00000000009 2.731256007462183e-07
78550.00000000009 2.4767440748709884e-07
78600.00000000009 2.2940296519668808e-07
78650.00000000009 1.5085412688726618e-07
78700.00000000009 2.184588101148003e-07
78750.00000000009 2.1451332052768012e-07
78800.00000000009 2.563459638352331e-07
78850.00000000009 1.8049396502661132e-07
78900.00000000009 2.2516165731331035e-07
78950.00000000009 2.0117772669480465e-07
79000.00000000009 2.3345441854316075e-07
79050.00000000009 2.220785627958279e-07
79100.00000000009 2.1869471892947416e-07
79150.00000000009 2.5228336873143044e-07
79200.00000000009 2.7448658180603396e-07
79250.00000000009 2.384562482458768e-07
79300.00000000009 1.8966001836596302e-07
79350.00000000009 2.6245172588777204e-07
79400.00000000009 2.1867264027661193e-07
79450.00000000009 2.570033501496823e-07
79500.00000000009 3.1012154153710137e-07
79550.00000000009 2.625862091780835e-07
79600.00000000009 2.0039066586603712e-07
79650.00000000009 2.3381259499977812e-07
79700.00000000009 2.805397692939126e-07
79750.00000000009 2.7126989371199933e-07
79800.00000000009 2.354971529553019e-07
79850.00000000009 2.453029335498818e-07
79900.00000000009 3.3836822838767614e-07
79950.00000000009 2.6728333963000636e-07
