galfind/configs/Brown_Dwarf_templates/sonora_cholla/logkzz7/1780g/500K_1780g_logkzz7_resample.dat
# %ECSV 1.0
# ---
# datatype:
# - {name: wav, unit: Angstrom, datatype: float64}
# - {name: flux_nu, unit: erg / (cm2 Hz s), datatype: float64}
# schema: astropy-2.0
wav flux_nu
[from data line 814]
43700.04800076804 7.367855200176085e-08
43750.04800076804 8.216891044494431e-08
43800.04800076804 6.700855983649418e-08
43850.04800076804 6.283066556025359e-08
43900.04800076804 5.211221414216682e-08
43950.04800076804 3.7716239058964754e-08
44000.04800076804 3.4903756651231614e-08
44050.04800076804 7.267654493925847e-08
44100.04800076804 9.773865570158195e-08
44150.04800076804 8.960069900856077e-08
44200.04800076804 8.418664933272086e-08
44250.04800076804 5.175521756295852e-08
44300.04800076804 3.327721071592512e-08
44350.04800076804 3.6246497137365135e-08
44400.04800076804 4.1733353371997757e-08
44450.04800076804 6.098383145627758e-08
44500.04800076804 5.2731737829164097e-08
44550.04800076804 6.888074414121821e-08
44600.04800076804 5.09689723749852e-08
44650.04800076804 5.821034002469935e-08
44700.04800076804 4.125557688543433e-08
44750.04800076804 5.0024856064143343e-08
44800.04800076804 3.5917456463483104e-08
44850.04800076804 4.761996846217556e-08
44900.04800076804 4.088229531482185e-08
44950.04800076804 4.116239630878647e-08
45000.04800076804 4.557893101337169e-08
45050.04800076804 4.388915705552878e-08
45100.04800076804 4.252955474058721e-08
45150.04800076804 3.1665483847662516e-08
45200.04800076804 1.9301479118932193e-08
45250.04800076804 2.1650827467790093e-08
45300.04800076804 2.801592262251792e-08
45350.04800076804 1.997552202361588e-08
45400.04800076804 2.8536922226234577e-08
45450.04800076804 2.372596301396782e-08
45500.04800076804 2.9025339269946044e-08
45550.04800076804 3.276725316061714e-08
45600.04800076804 2.2371076259578637e-08
45650.04800076804 2.188174320505119e-08
45700.04800076804 2.282231846488306e-08
45750.04800076804 1.5097090202832265e-08
45800.04800076804 1.8003604547032767e-08
45850.04800076804 2.363513606979878e-08
45900.04800076804 2.93667424438022e-08
45950.04800076804 1.7470677261276174e-08
46000.04800076804 2.865517421081451e-08
46050.04800076804 2.9045140902141653e-08
46100.04800076804 1.9306720752495566e-08
46150.04800076804 2.4756920638397578e-08
46200.04800076804 1.6634540002831838e-08
46250.04800076804 8.712594991811901e-09
46300.04800076804 3.036784132632069e-08
46350.04800076804 2.4622262538297426e-08
46400.04800076804 2.8703454556621244e-08
46450.04800076804 3.5314312552899e-08
46500.04800076804 2.981606028688872e-08
46550.04800076804 2.70341979304778e-08
46600.04800076804 2.4980396187879706e-08
46650.04800076804 5.173160625578587e-08
46700.04800076804 3.75945389542857e-08
46750.04800076804 1.3862901210138501e-08
46800.04800076804 8.621681528181885e-09
46850.04800076804 3.296864504191009e-08
46900.04800076804 3.056555088710675e-08
46950.04800076804 4.5715766665801753e-08
47000.04800076804 2.319476573347426e-08
47050.04800076804 3.246757041884046e-08
47100.04800076804 1.3969828891335892e-08
47150.04800076804 2.457845755489063e-08
47200.04800076804 2.784717559595553e-08
47250.04800076804 1.494405587753218e-08
47300.04800076804 1.3323665453298342e-08
47350.04800076804 1.8542786592791486e-08
47400.04800076804 4.091731737543144e-08
47450.04800076804 1.5950000490592507e-08
47500.04800076804 4.5924098247610924e-08
47550.04800076804 2.114005961752033e-08
47600.04800076804 3.40570120261248e-08
47650.04800076804 1.7993440586153952e-08
47700.04800076804 3.282984871368721e-08
47750.04800076804 1.589741869750678e-08
47800.04800076804 1.8653098016996086e-08
47850.04800076804 6.3655188961192485e-09
47900.04800076804 1.1410307057573534e-08
47950.04800076804 2.55290059859715e-08
48000.04800076804 4.133148079296289e-08
48050.04800076804 2.7254927902118416e-08
48100.04800076804 1.815789004218991e-08
48150.04800076804 2.429257451112739e-08
48200.04800076804 2.3449333417811218e-08
48250.04800076804 2.626866617858867e-08
48300.04800076804 4.379602654939959e-08
48350.04800076804 1.8223796305214088e-08
48400.04800076804 5.4636479662679514e-09
48450.04800076804 1.0167210997563843e-08
48500.04800076804 2.3514063781401342e-08
48550.04800076804 2.127541292006125e-08
48600.04800076804 4.8344626514510596e-08
48650.04800076804 3.8931907567097215e-08
48700.04800076804 4.40645105878303e-08
48750.04800076804 2.8728453592331807e-08
48800.04800076804 4.517909655607191e-08
48850.04800076804 2.159655389362061e-08
48900.04800076804 2.2050776468806387e-08
48950.04800076804 1.2375193276234509e-08
49000.04800076804 7.932151162297726e-09
49050.04800076804 2.5155319585208474e-08
49100.04800076804 3.241154293892358e-08
49150.04800076804 3.05061478776501e-08
49200.04800076804 4.411832819582555e-08
49250.04800076804 5.355125368497434e-08
49300.04800076804 4.0775966805015074e-08
49350.04800076804 1.695199338603256e-08
49400.04800076804 2.1896158259723228e-08
49450.04800076804 1.7207436523283862e-08
49500.04800076804 1.4301101077658665e-08
49550.04800076804 2.1183089685068613e-09
49600.04800076804 6.674407868090086e-09
49650.04800076804 2.3281120680245255e-08
49700.04800076804 3.276846544852314e-08
49750.04800076804 2.5750285981613e-08
49800.04800076804 1.3595750802947269e-08
49850.04800076804 3.6209438848301985e-08
49900.04800076804 4.105861925372197e-08
49950.04800076804 3.6194036693773285e-08
50000.04800076804 2.2282270398520145e-08
50050.04800076804 2.4885693495606134e-08
50100.04800076804 2.1814572918908755e-08
50150.04800076804 7.619970076584082e-09
50200.04800076804 1.075139013816558e-09
50250.04800076804 6.960448353163925e-09
50300.04800076804 5.16535506568374e-09
50350.04800076804 2.3836089188727108e-08
50400.04800076804 3.1961055219045855e-08
50450.04800076804 2.49412040693289e-08
50500.04800076804 3.7483207166050475e-08
50550.04800076804 4.223417509980362e-08
50600.04800076804 2.6476931153301112e-08
50650.04800076804 3.793594585188691e-08
50700.04800076804 3.680527920859085e-08
50750.04800076804 2.042155697561752e-08
50800.04800076804 5.270691345263574e-09
50850.04800076804 2.1696435816482213e-09
50900.04800076804 1.836344144315103e-08
50950.04800076804 2.2773002282348664e-08
51000.04800076804 1.4878946647980365e-08
51050.04800076804 2.5306562950829187e-08
51100.04800076804 9.112852244622476e-09
51150.04800076804 7.462954905716704e-09
51200.04800076804 3.013683481507681e-08
51250.04800076804 2.3734853683370257e-08
51300.04800076804 1.5258914524133215e-08
51350.04800076804 1.191311221060694e-08
51400.04800076804 2.8137067969202192e-09
51450.04800076804 2.3815960131274495e-09
51500.04800076804 2.1922769627461614e-09
51550.04800076804 1.0353624636701154e-08
51600.04800076804 1.3367226171035845e-08
51650.04800076804 1.9958769036510468e-08
51700.04800076804 1.5796115155665708e-08
51750.04800076804 1.1446467806131877e-08
51800.04800076804 2.5338842018860713e-08
51850.04800076804 1.9127585993496095e-08
51900.04800076804 1.7378407015037127e-08
51950.04800076804 7.88244443356307e-09
52000.04800076804 6.900447863266395e-10
52050.04800076804 3.961697650976355e-09
52100.04800076804 2.0507102434192913e-09
52150.04800076804 1.0693404082729984e-09
52200.04800076804 4.952530003685051e-09
52250.04800076804 1.0144078190722734e-08
52300.04800076804 1.1210147556177941e-08
52350.04800076804 2.2535995980144783e-09
52400.04800076804 2.7308306211587717e-09
52450.04800076804 1.3524062837672746e-08
52500.04800076804 1.0553957576780229e-08
52550.04800076804 1.4781176517856343e-08
52600.04800076804 1.2873625690140935e-08
52650.04800076804 1.6118495448588796e-08
52700.04800076804 8.390062929294857e-09
52750.04800076804 2.5112135589136077e-09
52800.04800076804 5.208563345157089e-09
52850.04800076804 6.55038454967019e-09
52900.04800076804 1.769783872183367e-09
52950.04800076804 3.5378794225338843e-09
53000.04800076804 9.795090345126934e-09
53050.04800076804 3.2292340444199017e-09
53100.04800076804 1.5189145179783432e-08
53150.04800076804 1.6962008182027472e-08
53200.04800076804 6.4348135566357855e-09
53250.04800076804 1.3953211927739478e-08
53300.04800076804 1.4028034518366608e-08
53350.04800076804 1.2425683875720017e-08
53400.04800076804 6.750046941923601e-09
53450.04800076804 1.5497723044011687e-09
53500.04800076804 2.697897492165994e-10
53550.04800076804 6.44711259888166e-10
53600.04800076804 3.612949203117648e-09
53650.04800076804 6.234227575708181e-09
53700.04800076804 5.239992118809835e-09
53750.04800076804 4.243631154507949e-09
53800.04800076804 4.00250714945993e-09
53850.04800076804 9.075467213307058e-09
53900.04800076804 1.3019181722712572e-08
53950.04800076804 1.0655166742904689e-08
54000.04800076804 7.613853435184082e-09
54050.04800076804 7.246068719945738e-09
54100.04800076804 1.282635465512273e-09
54150.04800076804 1.5677981719954254e-09
54200.04800076804 2.3152030625560654e-10
54250.04800076804 6.463822396070088e-10
54300.04800076804 2.320222204866466e-09
54350.04800076804 4.384553150233803e-09
54400.04800076804 3.0830710762485316e-09
54450.04800076804 2.6363647171970837e-09
54500.04800076804 3.6277169314532684e-09
54550.04800076804 2.8294363849276135e-09
54600.04800076804 1.8510829973436781e-09
54650.04800076804 1.419901553301897e-10
54700.04800076804 1.9052688419713565e-09
54750.04800076804 1.9603905234234424e-09
54800.04800076804 9.862083292071394e-10
54850.04800076804 1.900945058529995e-09
54900.04800076804 3.594905130824596e-09
54950.04800076804 7.048312895496527e-09
55000.04800076804 2.597990804507374e-09
55050.04800076804 2.787816936470198e-09
55100.04800076804 4.786486204097934e-09
55150.04800076804 1.989325241279604e-09
55200.04800076804 1.1044452253022106e-09
55250.04800076804 1.8522281298379922e-09
55300.04800076804 1.5349961880021586e-09
55350.04800076804 2.666110272306872e-09
55400.04800076804 2.4988226824130763e-09
55450.04800076804 2.0032546726984104e-09
55500.04800076804 7.421363325090175e-10
55550.04800076804 4.3838227724445206e-10
55600.04800076804 1.2772761566962599e-09
55650.04800076804 1.1407553583142205e-09
55700.04800076804 1.0355917688646733e-09
55750.04800076804 6.065350246779928e-10
55800.04800076804 2.2418021841161578e-10
55850.04800076804 5.974728590507764e-10
55900.04800076804 1.8322824352935618e-09
55950.04800076804 3.0437492837256025e-09
56000.04800076804 1.1240266075390846e-09
56050.04800076804 1.066298543417756e-09
56100.04800076804 1.68734603033777e-09
56150.04800076804 5.718481226946531e-10
56200.04800076804 1.0004424022685828e-09
56250.04800076804 2.605947375766465e-09
56300.04800076804 1.2196296355767171e-09
56350.04800076804 4.4723687744048874e-10
56400.04800076804 1.0333109463756834e-10
56450.04800076804 1.0879732570425316e-10
56500.04800076804 9.895373624499527e-10
56550.04800076804 3.898874496347974e-10
56600.04800076804 1.4162019871851721e-09
56650.04800076804 1.433466561909453e-09
56700.04800076804 9.227580215954326e-10
56750.04800076804 3.371898396995508e-10
56800.04800076804 5.051988640980526e-10
56850.04800076804 1.0688150329438217e-09
56900.04800076804 4.683629885506416e-10
56950.04800076804 1.433713306089072e-09
57000.04800076804 1.9632692438293167e-09
57050.04800076804 1.0372392437869705e-09
57100.04800076804 1.7946275523658848e-10
57150.04800076804 4.637763630895734e-10
57200.04800076804 2.424300077217169e-10
57250.04800076804 4.900821419776948e-10
57300.04800076804 6.974512800739265e-10
57350.04800076804 3.6921120770870874e-10
57400.04800076804 1.1435896142394407e-09
57450.04800076804 3.301953039501821e-10
57500.04800076804 2.8291939875862793e-10
57550.04800076804 4.59831833788538e-10
57600.04800076804 3.005193494345441e-10
57650.04800076804 6.285397608761453e-11
57700.04800076804 2.394448048589545e-10
57750.04800076804 7.535931218071284e-10
57800.04800076804 2.8258477825258826e-10
57850.04800076804 1.5484987180401428e-09
57900.04800076804 2.7579560939957042e-09
57950.04800076804 2.496893843241081e-09
58000.04800076804 5.279544559323828e-10
58050.04800076804 1.3131956202674584e-09
58100.04800076804 7.204728371484792e-10
58150.04800076804 5.138129225827687e-10
58200.04800076804 5.378829974458961e-11
58250.04800076804 1.9388136850347498e-10
58300.04800076804 1.8155309056559702e-10
58350.04800076804 2.8010665314305e-10
58400.04800076804 8.909990369351841e-10
58450.04800076804 1.3325246383876168e-09
58500.04800076804 1.4654388145600686e-09
58550.04800076804 6.004860975599256e-10
58600.04800076804 1.6588718839751244e-10
58650.04800076804 3.789226399442469e-10
58700.04800076804 4.88930180000303e-10
58750.04800076804 4.627270459267936e-10
58800.04800076804 1.3352062403756459e-11
58850.04800076804 1.6513113686460346e-10
58900.04800076804 2.0145818479061657e-10
58950.04800076804 9.894503783987759e-11
59000.04800076804 3.2544094749136413e-10
59050.04800076804 5.46999517859598e-10
59100.04800076804 3.148374681286133e-10
59150.04800076804 3.7129289515061045e-10
59200.04800076804 9.199534857479121e-10
59250.04800076804 9.485534267526266e-10
59300.04800076804 5.752566010113243e-10
59350.04800076804 2.8591650801985383e-11
59400.04800076804 6.675931186356406e-11
59450.04800076804 6.792915784851545e-10
59500.04800076804 5.540027306290239e-10
59550.04800076804 9.144754078674824e-10
59600.04800076804 1.0185689649099363e-09
59650.04800076804 2.7955739959161035e-10
59700.04800076804 2.2808658621725293e-10
59750.04800076804 1.298634146549291e-09
59800.04800076804 4.957504735717423e-10
59850.04800076804 4.658886525281158e-10
59900.04800076804 1.0172326213864882e-10
59950.04800076804 4.703592228445069e-10
60000.04800076804 1.430088169626495e-09
60050.04800076804 2.1426336016050306e-09
60100.04800076804 9.331398547053238e-10
60150.04800076804 2.1704555790490793e-10
60200.04800076804 5.358205549519576e-10
60250.04800076804 1.6311264527538822e-09
60300.04800076804 1.5461255818108585e-09
60350.04800076804 9.632503932414475e-10
60400.04800076804 6.090359109224911e-10
60450.04800076804 6.05050085297411e-11
60500.04800076804 5.573715629820761e-12
60550.04800076804 3.426644781381047e-10
60600.04800076804 7.392212947500569e-10
60650.04800076804 3.587179513241786e-10
60700.04800076804 1.959018204656838e-10
60750.04800076804 4.8953105667116206e-11
60800.04800076804 7.012158772184958e-10
60850.04800076804 1.3679353662957926e-09
60900.04800076804 1.1005843865952088e-09
60950.04800076804 6.135758656038625e-10
61000.04800076804 1.295165297986298e-09
61050.04800076804 2.502487762783892e-10
61100.04800076804 2.0963623771507704e-10
61150.04800076804 3.0993883058575354e-11
61200.04800076804 7.070190059440182e-10
61250.04800076804 9.106554848467015e-10
61300.04800076804 4.167345357573793e-10
61350.04800076804 1.2384339790575739e-09
61400.04800076804 2.9122160439221397e-10
61450.04800076804 9.334011612926437e-11
61500.04800076804 6.552223090256102e-11
61550.04800076804 3.3002831239237494e-10
61600.04800076804 9.694833404887631e-11
61650.04800076804 2.6147973873163257e-10
61700.04800076804 6.2535359292166e-10
61750.04800076804 5.492785694966999e-10
61800.04800076804 3.315778340992796e-10
61850.04800076804 3.850498107795063e-11
61900.04800076804 7.965594276831942e-10
61950.04800076804 1.0031052553601037e-09
62000.04800076804 7.317023806214978e-10
62050.04800076804 2.372506533322908e-09
62100.04800076804 4.841835705717794e-10
62150.04800076804 1.5036894909390043e-09
62200.04800076804 1.4198334996309614e-09
62250.04800076804 9.145464921042181e-10
62300.04800076804 2.7767532463957695e-09
62350.04800076804 2.841819280694776e-09
62400.04800076804 1.8027925258946352e-09
62450.04800076804 1.4647732865066571e-09
62500.04800076804 3.3523106771252584e-09
62550.04800076804 6.07995060298656e-09
62600.04800076804 2.1308471505004296e-09
62650.04800076804 1.3002895942752986e-09
62700.04800076804 7.006823990135231e-10
62750.04800076804 2.5063972001331698e-09
62800.04800076804 1.428079151921305e-09
62850.04800076804 1.3601360258486732e-09
62900.04800076804 3.006504250180018e-09
62950.04800076804 5.766069597579926e-09
63000.04800076804 1.5217673307878024e-09
63050.04800076804 7.754447001209905e-09
63100.04800076804 7.655615382190954e-09
63150.04800076804 6.131966807439301e-09
63200.04800076804 3.474931911636289e-09
63250.04800076804 3.4568041265265705e-09
63300.04800076804 7.653258830204225e-10
63350.04800076804 1.0457542033683693e-09
63400.04800076804 3.386122455910862e-10
