galfind/configs/Brown_Dwarf_templates/sonora_cholla/logkzz7/1780g/500K_1780g_logkzz7_resample.dat
# %ECSV 1.0
# ---
# datatype:
# - {name: wav, unit: Angstrom, datatype: float64}
# - {name: flux_nu, unit: erg / (cm2 Hz s), datatype: float64}
# schema: astropy-2.0
wav flux_nu
3000.0480007680403 nan
3050.0480007680403 0.0
3100.0480007680403 0.0
3150.0480007680403 0.0
3200.0480007680403 0.0
3250.0480007680403 0.0
3300.0480007680403 0.0
3350.0480007680403 0.0
3400.0480007680403 0.0
3450.0480007680403 0.0
3500.0480007680403 0.0
3550.0480007680403 0.0
3600.0480007680403 0.0
3650.0480007680403 0.0
3700.0480007680403 0.0
3750.0480007680403 0.0
3800.0480007680403 0.0
3850.0480007680403 0.0
3900.0480007680403 0.0
3950.0480007680403 0.0
4000.0480007680403 0.0
4050.0480007680403 0.0
4100.04800076804 0.0
4150.04800076804 0.0
4200.04800076804 0.0
4250.04800076804 0.0
4300.04800076804 0.0
4350.04800076804 0.0
4400.04800076804 0.0
4450.04800076804 0.0
4500.04800076804 0.0
4550.04800076804 0.0
4600.04800076804 0.0
4650.04800076804 0.0
4700.04800076804 0.0
4750.04800076804 0.0
4800.04800076804 0.0
4850.04800076804 0.0
4900.04800076804 0.0
4950.04800076804 0.0
5000.04800076804 8.169990361934202e-12
5050.04800076804 1.4609371052714046e-11
5100.04800076804 1.1933183046325076e-11
5150.04800076804 1.0459884986902367e-11
5200.04800076804 9.216687048359546e-12
5250.04800076804 7.875505184299391e-12
5300.04800076804 6.338205709256315e-12
5350.04800076804 4.8778388402680915e-12
5400.04800076804 3.6279476216924048e-12
5450.04800076804 2.643309915024738e-12
5500.04800076804 1.8737379585368154e-12
5550.04800076804 1.2942017483517801e-12
5600.04800076804 8.599200238153528e-13
5650.04800076804 5.385101014365738e-13
5700.04800076804 2.9511748473615034e-13
5750.04800076804 1.3534071826602307e-13
5800.04800076804 4.3452061136860585e-14
5850.04800076804 8.228941499659409e-15
5900.04800076804 4.443729263401538e-16
5950.04800076804 1.3490396837236475e-15
6000.04800076804 4.6676636362275185e-14
6050.04800076804 4.391329474494391e-13
6100.04800076804 2.0013656920804802e-12
6150.04800076804 6.133169131214691e-12
6200.04800076804 1.5362269161315587e-11
6250.04800076804 3.3313710371485077e-11
6300.04800076804 6.560415854962086e-11
6350.04800076804 1.1750827595349635e-10
6400.04800076804 1.9030239925491708e-10
6450.04800076804 2.6728574967830326e-10
6500.04800076804 3.810746863777857e-10
6550.04800076804 5.309707434537723e-10
6600.04800076804 7.059961118299668e-10
6650.04800076804 9.291975175944758e-10
6700.04800076804 1.2005140540886054e-09
6750.04800076804 1.4869852469682412e-09
6800.04800076804 1.7780339965550272e-09
6850.04800076804 2.0760975851429114e-09
6900.04800076804 2.065306734045737e-09
6950.04800076804 2.0047270812026e-09
7000.04800076804 2.4461373299360555e-09
7050.04800076804 2.466104618140806e-09
7100.04800076804 2.579222344274335e-09
7150.04800076804 1.6664101544322623e-09
7200.04800076804 1.125990603272817e-09
7250.04800076804 1.401412559803762e-09
7300.04800076804 1.3644982800287679e-09
7350.04800076804 1.6369883669831089e-09
7400.04800076804 2.019015192708469e-09
7450.04800076804 2.473019256670909e-09
7500.04800076804 2.7173835263620685e-09
7550.04800076804 2.925164177109248e-09
7600.04800076804 3.0489953277619646e-09
7650.04800076804 2.9927159197606594e-09
7700.04800076804 1.9416534549092235e-09
7750.04800076804 8.287505850065343e-10
7800.04800076804 2.1008543563870275e-09
7850.04800076804 1.9640148016595638e-09
7900.04800076804 1.9630753941032143e-09
7950.04800076804 2.1126760886878425e-09
8000.04800076804 2.2656922170177763e-09
8050.04800076804 2.430064611385393e-09
8100.04800076804 1.532353452733636e-09
8150.04800076804 1.0005525942992419e-09
8200.04800076804 2.0043453186933237e-09
8250.04800076804 1.9942902850679827e-09
8300.04800076804 2.1983482818657643e-09
8350.04800076804 2.094524650733102e-09
8400.04800076804 2.1912856705084077e-09
8450.04800076804 2.4862971696973164e-09
8500.04800076804 2.7050361048816283e-09
8550.04800076804 3.2069409798415977e-09
8600.04800076804 4.078577411996576e-09
8650.04800076804 4.897760890059798e-09
8700.04800076804 5.295959375114051e-09
8750.04800076804 5.8687147468228964e-09
8800.04800076804 5.6396205228721074e-09
8850.04800076804 3.897105830351935e-09
8900.04800076804 8.515400311736198e-10
8950.04800076804 4.305998140831132e-10
9000.04800076804 4.2424872634966487e-10
9050.04800076804 1.876471981806965e-09
9100.04800076804 1.8674179578984994e-09
9150.04800076804 1.5892249281176782e-09
9200.04800076804 2.0531238169080453e-09
9250.04800076804 1.1890650003983238e-09
9300.04800076804 9.364629843648016e-12
9350.04800076804 1.863279761427693e-11
9400.04800076804 1.9239294957409342e-10
9450.04800076804 7.649349908010432e-11
9500.04800076804 6.327787873964953e-11
9550.04800076804 6.375400293827902e-11
9600.04800076804 8.497251817536164e-11
9650.04800076804 1.660601923969218e-10
9700.04800076804 5.004156964354342e-10
9750.04800076804 5.198592414948312e-10
9800.04800076804 6.892464054969101e-10
9850.04800076804 9.280003243532858e-10
9900.04800076804 1.3134997244018878e-09
9950.04800076804 1.4093460580848061e-09
10000.04800076804 1.6043109512108004e-09
10050.04800076804 1.4587840360507546e-09
10100.04800076804 1.4243896713757638e-09
10150.04800076804 1.1303783578478327e-09
10200.04800076804 8.355799389825601e-10
10250.04800076804 9.549852243643059e-10
10300.04800076804 1.1653492191336538e-09
10350.04800076804 8.503236225880682e-10
10400.04800076804 1.1167842582705286e-09
10450.04800076804 1.2745965537036653e-09
10500.04800076804 1.3755888412098695e-09
10550.04800076804 1.4963787021092479e-09
10600.04800076804 1.5000907553963416e-09
10650.04800076804 1.426036828846639e-09
10700.04800076804 1.2804714406592495e-09
10750.04800076804 1.1980745888552395e-09
10800.04800076804 1.1002943475476896e-09
10850.04800076804 9.877405723976138e-10
10900.04800076804 8.362394139937183e-10
10950.04800076804 5.392846878811011e-10
11000.04800076804 3.102277817821965e-10
11050.04800076804 1.2934098159011407e-10
11100.04800076804 4.301481551335319e-11
11150.04800076804 1.2444285876547296e-11
11200.04800076804 8.865298492259956e-12
11250.04800076804 1.5017962844131614e-11
11300.04800076804 2.6137813413928068e-11
11350.04800076804 8.151185916646564e-12
11400.04800076804 5.3520731642188094e-11
11450.04800076804 2.333554478049042e-11
11500.04800076804 2.4646585300533564e-11
11550.04800076804 7.468823858568385e-12
11600.04800076804 4.025531854983583e-12
11650.04800076804 1.803771290447539e-11
11700.04800076804 2.7610974633587985e-11
11750.04800076804 1.2607822017211785e-11
11800.04800076804 6.10410702280799e-11
11850.04800076804 8.451375338849564e-11
11900.04800076804 1.066967376187677e-10
11950.04800076804 1.5209147383456982e-10
12000.04800076804 2.0823027623289267e-10
12050.04800076804 2.876524487580137e-10
12100.04800076804 3.3888980069580514e-10
12150.04800076804 4.3861252361809783e-10
12200.04800076804 5.000754557745488e-10
12250.04800076804 6.495589263922323e-10
12300.04800076804 8.943597130408482e-10
12350.04800076804 1.0474580587195179e-09
12400.04800076804 1.364532642704654e-09
12450.04800076804 1.7562562015170597e-09
12500.04800076804 2.029109941845646e-09
12550.04800076804 2.273551272343524e-09
12600.04800076804 2.8119851634210878e-09
12650.04800076804 3.38107666498563e-09
12700.04800076804 3.6629193328332108e-09
12750.04800076804 3.1855033510321047e-09
12800.04800076804 2.6051080899593055e-09
12850.04800076804 1.89719048060735e-09
12900.04800076804 1.5224522499409386e-09
12950.04800076804 1.2660638457314646e-09
13000.04800076804 1.3525405655979652e-09
13050.04800076804 9.534786922353978e-10
13100.04800076804 9.952568578728817e-10
13150.04800076804 6.176619837660432e-10
13200.04800076804 6.426286621249443e-10
13250.04800076804 5.161816944867956e-10
13300.04800076804 1.7881012478836934e-10
13350.04800076804 7.12362794435147e-11
13400.04800076804 9.833805770754027e-12
13450.04800076804 1.5287909540782813e-12
13500.04800076804 3.2364660624810567e-13
13550.04800076804 4.4781579074457595e-14
13600.04800076804 9.13338163961923e-15
13650.04800076804 8.750480777696345e-14
13700.04800076804 4.1204869275757655e-14
13750.04800076804 3.424933511146973e-13
13800.04800076804 3.827379633747178e-13
13850.04800076804 6.774308363330232e-14
13900.04800076804 1.876440144320027e-13
13950.04800076804 1.615123561032705e-13
14000.04800076804 3.6673975252920117e-13
14050.04800076804 4.301190839187017e-13
14100.04800076804 3.676827091690124e-13
14150.04800076804 1.1907559894560961e-12
14200.04800076804 8.194026530088199e-13
14250.04800076804 1.3359228796332927e-12
14300.04800076804 6.110932485298242e-12
14350.04800076804 4.818064927210062e-12
14400.04800076804 4.640025383709914e-12
14450.04800076804 1.1764646166567224e-11
14500.04800076804 2.9577411922009937e-11
14550.04800076804 3.9941101473033213e-11
14600.04800076804 8.998220689463867e-11
14650.04800076804 3.855576412025478e-11
14700.04800076804 1.570651045195976e-11
14750.04800076804 1.2719231685209232e-11
14800.04800076804 1.1411505072080482e-11
14850.04800076804 1.3066359891662514e-11
14900.04800076804 1.297425035213543e-11
14950.04800076804 1.2490097771218714e-11
15000.04800076804 3.466347999013517e-11
15050.04800076804 4.7913829334257837e-11
15100.04800076804 2.3392591111679848e-11
15150.04800076804 1.148336098406715e-11
15200.04800076804 3.564550130792093e-11
15250.04800076804 7.398394058622104e-11
15300.04800076804 1.0484658685353081e-10
15350.04800076804 1.3278668981684267e-10
15400.04800076804 1.769945764768203e-10
15450.04800076804 2.4068306401211913e-10
15500.04800076804 3.527869574004328e-10
15550.04800076804 5.629201590117505e-10
15600.04800076804 8.920487761699513e-10
15650.04800076804 1.4086930788894642e-09
15700.04800076804 2.0550262903405605e-09
15750.04800076804 2.486969296649716e-09
15800.04800076804 2.951011916951094e-09
15850.04800076804 3.429145943144262e-09
15900.04800076804 3.5437181749519574e-09
15950.04800076804 3.6886377670232537e-09
16000.04800076804 3.257102289166429e-09
16050.04800076804 2.419541619744019e-09
16100.04800076804 1.531033561761623e-09
16150.04800076804 8.163179921477667e-10
16200.04800076804 3.420122559681764e-10
16250.04800076804 1.860134183706087e-10
16300.04800076804 1.0688424441913481e-10
16350.04800076804 1.112874488205783e-10
16400.04800076804 1.267726562371381e-10
16450.04800076804 1.4382193136201656e-10
16500.04800076804 1.3065204911401793e-10
16550.04800076804 1.441218871484145e-10
16600.04800076804 3.1634023555720967e-10
16650.04800076804 1.6511099476868486e-10
16700.04800076804 3.0679891806005687e-11
16750.04800076804 1.265651879917653e-10
16800.04800076804 1.7197157570783736e-10
16850.04800076804 1.5896781332008557e-10
16900.04800076804 7.815191871322327e-11
16950.04800076804 5.6147998162651525e-11
17000.04800076804 2.9986059646464084e-11
17050.04800076804 5.6734840666050866e-11
17100.04800076804 9.763111007766614e-11
17150.04800076804 6.685178321842473e-11
17200.04800076804 1.8985717392776755e-10
17250.04800076804 7.184803042359497e-11
17300.04800076804 5.529612099329556e-11
17350.04800076804 7.212209131408185e-11
17400.04800076804 1.1546346766305956e-10
17450.04800076804 1.4116721604918414e-10
17500.04800076804 1.9398024540816198e-10
17550.04800076804 1.451302428142305e-10
17600.04800076804 1.3396687971850425e-10
17650.04800076804 8.750511658758953e-11
17700.04800076804 7.618001849817773e-11
17750.04800076804 4.9640955347378186e-11
17800.04800076804 8.067543285388619e-11
17850.04800076804 4.0685010054167566e-11
17900.04800076804 2.74113847693829e-11
17950.04800076804 1.3722059616528898e-11
18000.04800076804 2.7842377463761434e-11
18050.04800076804 9.064284751208552e-12
18100.04800076804 9.640584665063844e-12
18150.04800076804 6.634761860819912e-12
18200.04800076804 3.852660111918859e-12
18250.04800076804 1.8003334070586105e-11
18300.04800076804 1.8555150039848454e-12
18350.04800076804 1.705526171336606e-12
18400.04800076804 8.44852212323845e-13
18450.04800076804 9.085814610425756e-12
18500.04800076804 8.376431762790734e-12
18550.04800076804 2.846471706965874e-12
18600.04800076804 5.491432441547101e-12
18650.04800076804 3.2958019969093476e-12
18700.04800076804 2.967084812761246e-13
18750.04800076804 8.481861180018224e-13
18800.04800076804 1.79230044691572e-11
18850.04800076804 1.4976861565736897e-11
18900.04800076804 1.6136284790982897e-11
18950.04800076804 2.5629622340478185e-11
19000.04800076804 3.3330498030654406e-12
19050.04800076804 1.5431833793443516e-12
19100.04800076804 6.5900836047587836e-12
19150.04800076804 2.4482851958954748e-12
19200.04800076804 6.773771403351418e-12
19250.04800076804 4.599807728453848e-12
19300.04800076804 2.2988783144715715e-12
19350.04800076804 3.0810656868453106e-12
19400.04800076804 1.973977589518015e-12
19450.04800076804 3.1004611586496844e-12
19500.04800076804 3.5520158458895845e-12
19550.04800076804 5.425561839867973e-12
19600.04800076804 1.1151244765174392e-11
19650.04800076804 1.0604068423937937e-11
19700.04800076804 1.5368897775252454e-11
19750.04800076804 2.045285901222012e-11
19800.04800076804 1.334103939215929e-11
19850.04800076804 1.8871216030625273e-11
19900.04800076804 2.8994254876222902e-11
19950.04800076804 3.220303558276888e-11
20000.04800076804 3.591299695484606e-11
20050.04800076804 3.076971732352315e-11
20100.04800076804 4.655123672969919e-11
20150.04800076804 3.336136790280444e-11
20200.04800076804 2.513053633796041e-11
20250.04800076804 4.383417556228227e-11
20300.04800076804 4.756048006535678e-11
20350.04800076804 5.138591988551977e-11
20400.04800076804 5.069809785840745e-11
20450.04800076804 7.43755572287893e-11
20500.04800076804 7.815246077487211e-11
20550.04800076804 8.116321221870088e-11
20600.04800076804 8.443976709978904e-11
20650.04800076804 8.739520737872164e-11
20700.04800076804 8.830819222057392e-11
20750.04800076804 8.787614146998147e-11
20800.04800076804 8.386472036314367e-11
20850.04800076804 8.560215481373132e-11
20900.04800076804 8.406086219830606e-11
20950.04800076804 8.083612480742722e-11
21000.04800076804 7.814334614239057e-11
21050.04800076804 7.845448010418313e-11
21100.04800076804 7.678984812613179e-11
21150.04800076804 7.674278740908634e-11
21200.04800076804 7.581831552085956e-11
21250.04800076804 7.516914984806843e-11
21300.04800076804 7.258658437304736e-11
21350.04800076804 7.084362462352529e-11
21400.04800076804 7.367094524379632e-11
21450.04800076804 6.446813122540093e-11
21500.04800076804 6.163497338584814e-11
21550.04800076804 6.054922328382141e-11
21600.04800076804 5.7071565663209694e-11
21650.04800076804 5.095197474498075e-11
21700.04800076804 5.1204000626561336e-11
21750.04800076804 4.9498422790073494e-11
21800.04800076804 3.9047296258214264e-11
21850.04800076804 3.5342961520153846e-11
21900.04800076804 2.8785502300899268e-11
21950.04800076804 1.3944128901935932e-11
22000.04800076804 1.64757619066216e-12
22050.04800076804 3.119954561323607e-12
22100.04800076804 1.1081123483072428e-11
22150.04800076804 7.480703163205703e-12
22200.04800076804 6.5924976181345995e-12
22250.04800076804 5.64923801550719e-12
22300.04800076804 2.5834378121456566e-12
22350.04800076804 3.5856135064711035e-12
22400.04800076804 1.3495330497813678e-12
22450.04800076804 2.0937454585589758e-12
22500.04800076804 1.7543184123459261e-12
22550.04800076804 8.10059795487746e-13
22600.04800076804 7.229528535472608e-13
22650.04800076804 1.1901832985037466e-12
22700.04800076804 1.1211182228398541e-12
22750.04800076804 1.556970799963577e-12
22800.04800076804 2.2976757706446085e-12
22850.04800076804 1.472172201223972e-12
22900.04800076804 1.0089353163824878e-12
22950.04800076804 6.447990321533911e-13
23000.04800076804 8.371035121463046e-13
23050.04800076804 8.51637033422035e-13
23100.04800076804 8.780473982593958e-12
23150.04800076804 7.530923622066723e-12
23200.04800076804 2.611698329364152e-13
23250.04800076804 1.5443673085504322e-12
23300.04800076804 1.409854550004892e-12
23350.04800076804 1.3238306771588013e-12
23400.04800076804 1.2169840698243849e-12
23450.04800076804 5.40514144911471e-13
23500.04800076804 6.045729114820569e-13
23550.04800076804 1.6191020092969624e-12
23600.04800076804 4.262027339473976e-12
23650.04800076804 4.802809264051824e-12
23700.04800076804 5.680062617044649e-13
23750.04800076804 1.0171661007775358e-12
