galfind/configs/Brown_Dwarf_templates/sonora_cholla/logkzz7/1780g/550K_1780g_logkzz7_resample.dat
# %ECSV 1.0
# ---
# datatype:
# - {name: wav, unit: Angstrom, datatype: float64}
# - {name: flux_nu, unit: erg / (cm2 Hz s), datatype: float64}
# schema: astropy-2.0
wav flux_nu
3000.0480007680403 nan
3050.0480007680403 0.0
3100.0480007680403 0.0
3150.0480007680403 0.0
3200.0480007680403 0.0
3250.0480007680403 0.0
3300.0480007680403 0.0
3350.0480007680403 0.0
3400.0480007680403 0.0
3450.0480007680403 0.0
3500.0480007680403 0.0
3550.0480007680403 0.0
3600.0480007680403 0.0
3650.0480007680403 0.0
3700.0480007680403 0.0
3750.0480007680403 0.0
3800.0480007680403 0.0
3850.0480007680403 0.0
3900.0480007680403 0.0
3950.0480007680403 0.0
4000.0480007680403 0.0
4050.0480007680403 0.0
4100.04800076804 0.0
4150.04800076804 0.0
4200.04800076804 0.0
4250.04800076804 0.0
4300.04800076804 0.0
4350.04800076804 0.0
4400.04800076804 0.0
4450.04800076804 0.0
4500.04800076804 0.0
4550.04800076804 0.0
4600.04800076804 0.0
4650.04800076804 0.0
4700.04800076804 0.0
4750.04800076804 0.0
4800.04800076804 0.0
4850.04800076804 0.0
4900.04800076804 0.0
4950.04800076804 0.0
5000.04800076804 2.2029024121142306e-11
5050.04800076804 5.948526312163102e-11
5100.04800076804 6.94351299581318e-11
5150.04800076804 8.141499629936361e-11
5200.04800076804 9.516338421617759e-11
5250.04800076804 1.0994615291181649e-10
5300.04800076804 1.2630495430782425e-10
5350.04800076804 1.4438637142601602e-10
5400.04800076804 1.6295119409196219e-10
5450.04800076804 1.8406588709538452e-10
5500.04800076804 2.0752297363234458e-10
5550.04800076804 2.332290900067899e-10
5600.04800076804 2.5930992332586764e-10
5650.04800076804 2.83535314988607e-10
5700.04800076804 2.976780685298168e-10
5750.04800076804 3.1101226073789927e-10
5800.04800076804 3.00154227582928e-10
5850.04800076804 2.4401306236352803e-10
5900.04800076804 6.192800667508518e-11
5950.04800076804 1.1419112768211162e-10
6000.04800076804 3.8268134555008634e-10
6050.04800076804 5.806629002591183e-10
6100.04800076804 7.585026584957643e-10
6150.04800076804 9.166640426778612e-10
6200.04800076804 1.0648029369211198e-09
6250.04800076804 1.1978626163255789e-09
6300.04800076804 1.3522493006694515e-09
6350.04800076804 1.513627983405498e-09
6400.04800076804 1.6657492452913204e-09
6450.04800076804 1.7041765391588573e-09
6500.04800076804 1.8520422950179853e-09
6550.04800076804 2.0692101616055067e-09
6600.04800076804 2.270921931976228e-09
6650.04800076804 2.53672051602395e-09
6700.04800076804 2.849016259489183e-09
6750.04800076804 3.1346108531168344e-09
6800.04800076804 3.4025955589354912e-09
6850.04800076804 3.6775302021539575e-09
6900.04800076804 3.5011946631084307e-09
6950.04800076804 3.298378574926674e-09
7000.04800076804 3.802377864775848e-09
7050.04800076804 3.760369216202723e-09
7100.04800076804 3.868371834801359e-09
7150.04800076804 2.6622093440390133e-09
7200.04800076804 1.9967296457923186e-09
7250.04800076804 2.4223948681898e-09
7300.04800076804 2.3910572042318843e-09
7350.04800076804 2.7941653176803667e-09
7400.04800076804 3.355364098033274e-09
7450.04800076804 4.043574585065824e-09
7500.04800076804 4.466044310190818e-09
7550.04800076804 4.880556454949853e-09
7600.04800076804 5.216199567776529e-09
7650.04800076804 5.311612999611245e-09
7700.04800076804 3.58915218378186e-09
7750.04800076804 1.6274748823557833e-09
7800.04800076804 4.493892135246844e-09
7850.04800076804 4.4458003781783036e-09
7900.04800076804 4.5612787801899225e-09
7950.04800076804 4.891998120825282e-09
8000.04800076804 5.157294873836497e-09
8050.04800076804 5.3865022339526314e-09
8100.04800076804 3.5329264224536157e-09
8150.04800076804 2.5356813808887655e-09
8200.04800076804 4.513153785293962e-09
8250.04800076804 4.341854916167941e-09
8300.04800076804 4.7442439912706995e-09
8350.04800076804 4.572816155724532e-09
8400.04800076804 4.765738069457093e-09
8450.04800076804 5.39836586962546e-09
8500.04800076804 5.926337920353759e-09
8550.04800076804 6.894971878627289e-09
8600.04800076804 8.410211588840424e-09
8650.04800076804 9.664443305655806e-09
8700.04800076804 1.0187005656100703e-08
8750.04800076804 1.1076937457485997e-08
8800.04800076804 1.0737162184346274e-08
8850.04800076804 7.935068002571494e-09
8900.04800076804 2.291127171751248e-09
8950.04800076804 1.3508405016634642e-09
9000.04800076804 1.3408759462068826e-09
9050.04800076804 4.6023730717327175e-09
9100.04800076804 4.619711473712527e-09
9150.04800076804 3.906818034728564e-09
9200.04800076804 4.806076971371727e-09
9250.04800076804 2.894795620788852e-09
9300.04800076804 3.7903066141382995e-11
9350.04800076804 8.158357536076551e-11
9400.04800076804 5.998304519537825e-10
9450.04800076804 2.9164971286303063e-10
9500.04800076804 2.3220335838744217e-10
9550.04800076804 2.3789984113438514e-10
9600.04800076804 2.880122245442152e-10
9650.04800076804 5.04556468554461e-10
9700.04800076804 1.278881681975604e-09
9750.04800076804 1.3472558247232641e-09
9800.04800076804 1.752464221358976e-09
9850.04800076804 2.314025825004449e-09
9900.04800076804 3.223274900380382e-09
9950.04800076804 3.4571240326570705e-09
10000.04800076804 3.9721690038819e-09
10050.04800076804 3.763801574295553e-09
10100.04800076804 3.895173652266171e-09
10150.04800076804 3.4515256158602893e-09
10200.04800076804 2.9781347858381057e-09
10250.04800076804 3.3446486819723753e-09
10300.04800076804 3.834052740056281e-09
10350.04800076804 3.1694305361620406e-09
10400.04800076804 3.780784081842893e-09
10450.04800076804 4.111925442981969e-09
10500.04800076804 4.289627404186666e-09
10550.04800076804 4.496303839700162e-09
10600.04800076804 4.438374851231402e-09
10650.04800076804 4.245999368241889e-09
10700.04800076804 3.892634167603614e-09
10750.04800076804 3.6925187274887995e-09
10800.04800076804 3.431716639727588e-09
10850.04800076804 3.1191510863981545e-09
10900.04800076804 2.6260599413438154e-09
10950.04800076804 1.6554233880818367e-09
11000.04800076804 9.618284382071936e-10
11050.04800076804 4.2330421699218886e-10
11100.04800076804 1.5911229936004044e-10
11150.04800076804 5.420696686945975e-11
11200.04800076804 4.3990670053694213e-11
11250.04800076804 7.468507637427087e-11
11300.04800076804 1.1284822659489099e-10
11350.04800076804 3.724735162008346e-11
11400.04800076804 2.0990817972661793e-10
11450.04800076804 9.767772504934628e-11
11500.04800076804 1.0390805471872876e-10
11550.04800076804 3.3770669879293154e-11
11600.04800076804 2.0546245238228937e-11
11650.04800076804 7.582370435165638e-11
11700.04800076804 1.0828234023756252e-10
11750.04800076804 5.001741215334136e-11
11800.04800076804 2.277788799013154e-10
11850.04800076804 3.3535548883438344e-10
11900.04800076804 4.331035361453788e-10
11950.04800076804 6.264315026319271e-10
12000.04800076804 8.646397648092101e-10
12050.04800076804 1.1756681060812968e-09
12100.04800076804 1.4152910032263306e-09
12150.04800076804 1.796938747873929e-09
12200.04800076804 2.047732940024427e-09
12250.04800076804 2.52888138790461e-09
12300.04800076804 3.2568446136304694e-09
12350.04800076804 3.667134978198665e-09
12400.04800076804 4.561914876856755e-09
12450.04800076804 5.549006343866547e-09
12500.04800076804 6.266164135855042e-09
12550.04800076804 7.012620439528505e-09
12600.04800076804 8.19974785755265e-09
12650.04800076804 9.26880170847859e-09
12700.04800076804 9.786996948793246e-09
12750.04800076804 8.692647955366043e-09
12800.04800076804 7.438556591254253e-09
12850.04800076804 5.710079953865709e-09
12900.04800076804 4.745122443682335e-09
12950.04800076804 3.979641743104077e-09
13000.04800076804 4.213157938192336e-09
13050.04800076804 3.108270136631445e-09
13100.04800076804 3.188703767044794e-09
13150.04800076804 2.123822135436409e-09
13200.04800076804 2.16946163252399e-09
13250.04800076804 1.6131647812483926e-09
13300.04800076804 5.952477081464968e-10
13350.04800076804 2.151728324275656e-10
13400.04800076804 3.1543811173026285e-11
13450.04800076804 6.1826622969494205e-12
13500.04800076804 1.6158280385720564e-12
13550.04800076804 3.0122852406506566e-13
13600.04800076804 7.511116501300216e-14
13650.04800076804 6.568201404137438e-13
13700.04800076804 3.2477445084933125e-13
13750.04800076804 2.07384459047586e-12
13800.04800076804 2.268559945833072e-12
13850.04800076804 4.858424288963589e-13
13900.04800076804 1.0675989944544968e-12
13950.04800076804 9.932381791990833e-13
14000.04800076804 1.838304262408613e-12
14050.04800076804 2.373116607626404e-12
14100.04800076804 1.9358529434119892e-12
14150.04800076804 5.305174049918758e-12
14200.04800076804 3.5686318474235313e-12
14250.04800076804 5.483484148636163e-12
14300.04800076804 2.370379266215194e-11
14350.04800076804 1.8549801914110246e-11
14400.04800076804 1.802671324777834e-11
14450.04800076804 4.230889771600501e-11
14500.04800076804 1.0042692730295081e-10
14550.04800076804 1.2199344808547716e-10
14600.04800076804 2.793268401030551e-10
14650.04800076804 1.4806821612387822e-10
14700.04800076804 6.58724998223491e-11
14750.04800076804 6.748647625045495e-11
14800.04800076804 6.675842135231126e-11
14850.04800076804 7.814528414026687e-11
14900.04800076804 8.289470749176016e-11
14950.04800076804 9.420060858851367e-11
15000.04800076804 2.0748376296670195e-10
15050.04800076804 2.5957032552734766e-10
15100.04800076804 1.6680282476602326e-10
15150.04800076804 1.0511848142760296e-10
15200.04800076804 2.403641811287065e-10
15250.04800076804 4.476609975962921e-10
15300.04800076804 5.84162128198169e-10
15350.04800076804 7.345659160853244e-10
15400.04800076804 9.482832972086635e-10
15450.04800076804 1.1845409762037083e-09
15500.04800076804 1.5694035540295432e-09
15550.04800076804 2.1775558681991448e-09
15600.04800076804 3.0275223212785544e-09
15650.04800076804 4.170306592564064e-09
15700.04800076804 5.498748264161244e-09
15750.04800076804 6.3109653536580466e-09
15800.04800076804 7.1147518118613694e-09
15850.04800076804 7.933028903566416e-09
15900.04800076804 7.931280588725601e-09
15950.04800076804 7.984761985871519e-09
16000.04800076804 6.9777933500209856e-09
16050.04800076804 5.187904823253203e-09
16100.04800076804 3.422925498215553e-09
16150.04800076804 1.9236150064287605e-09
16200.04800076804 9.006888002450118e-10
16250.04800076804 5.524448533928501e-10
16300.04800076804 3.561784230139987e-10
16350.04800076804 3.877026149242294e-10
16400.04800076804 4.518616551283203e-10
16450.04800076804 4.905949164509737e-10
16500.04800076804 4.735990223206473e-10
16550.04800076804 5.013263787496362e-10
16600.04800076804 9.281124855078913e-10
16650.04800076804 5.268099345703568e-10
16700.04800076804 9.885332408487535e-11
16750.04800076804 3.874062860010553e-10
16800.04800076804 5.373633181714668e-10
16850.04800076804 5.020659468790841e-10
16900.04800076804 2.7312785238436275e-10
16950.04800076804 1.9979978928136455e-10
17000.04800076804 1.1398357126026737e-10
17050.04800076804 2.0541721195285217e-10
17100.04800076804 3.2520547395563827e-10
17150.04800076804 2.2430295568963854e-10
17200.04800076804 5.767847282125406e-10
17250.04800076804 2.6103247936769566e-10
17300.04800076804 1.9905823797094095e-10
17350.04800076804 2.3917382209783883e-10
17400.04800076804 3.520828584887156e-10
17450.04800076804 4.216017885073638e-10
17500.04800076804 5.480511449287266e-10
17550.04800076804 4.084729868231983e-10
17600.04800076804 3.650747183305102e-10
17650.04800076804 2.535656040379065e-10
17700.04800076804 2.1718853899692606e-10
17750.04800076804 1.4482259292469176e-10
17800.04800076804 2.2915680585733028e-10
17850.04800076804 1.196065979230149e-10
17900.04800076804 8.816918139699787e-11
17950.04800076804 4.54313827584904e-11
18000.04800076804 8.832444188242172e-11
18050.04800076804 3.195802473972944e-11
18100.04800076804 3.516931431548898e-11
18150.04800076804 2.73088474832322e-11
18200.04800076804 1.579835197014284e-11
18250.04800076804 6.842934667252351e-11
18300.04800076804 9.086857285955104e-12
18350.04800076804 8.190608659547726e-12
18400.04800076804 4.665108489985047e-12
18450.04800076804 3.7708418177372406e-11
18500.04800076804 3.548428977942162e-11
18550.04800076804 1.3700029023647734e-11
18600.04800076804 2.2264425146466575e-11
18650.04800076804 1.310825137397327e-11
18700.04800076804 1.8897694926759955e-12
18750.04800076804 5.275513595290368e-12
18800.04800076804 7.171403803170359e-11
18850.04800076804 6.209042863101251e-11
18900.04800076804 5.969082443690528e-11
18950.04800076804 1.0557307800793356e-10
19000.04800076804 1.7920386422737555e-11
19050.04800076804 8.544892864913831e-12
19100.04800076804 3.159330883143702e-11
19150.04800076804 1.228642274992339e-11
19200.04800076804 3.120119679549219e-11
19250.04800076804 2.0992649552045562e-11
19300.04800076804 1.1645328667347486e-11
19350.04800076804 1.510328279537202e-11
19400.04800076804 1.006106333677777e-11
19450.04800076804 1.8013718651790194e-11
19500.04800076804 2.0316943346516357e-11
19550.04800076804 2.382277812714543e-11
19600.04800076804 4.648231590030308e-11
19650.04800076804 4.774100646632324e-11
19700.04800076804 6.336324886137238e-11
19750.04800076804 8.995708529861253e-11
19800.04800076804 6.43173589842992e-11
19850.04800076804 9.095184667612082e-11
19900.04800076804 1.2099402701191297e-10
19950.04800076804 1.4171490707741497e-10
20000.04800076804 1.531483446498463e-10
20050.04800076804 1.3899680091862897e-10
20100.04800076804 2.0624753162881403e-10
20150.04800076804 1.4730768262708373e-10
20200.04800076804 1.2009231837077063e-10
20250.04800076804 1.9135817643451441e-10
20300.04800076804 2.0001779175980434e-10
20350.04800076804 2.1675052902910977e-10
20400.04800076804 2.0962851428950669e-10
20450.04800076804 2.934192417793394e-10
20500.04800076804 3.075388569636638e-10
20550.04800076804 3.176167385991711e-10
20600.04800076804 3.2962382139915786e-10
20650.04800076804 3.4128216246903434e-10
20700.04800076804 3.429210754810933e-10
20750.04800076804 3.451683201866012e-10
20800.04800076804 3.3142281308659394e-10
20850.04800076804 3.3868986058744335e-10
20900.04800076804 3.3428437625698423e-10
20950.04800076804 3.232930009657036e-10
21000.04800076804 3.138145863085785e-10
21050.04800076804 3.141829078033924e-10
21100.04800076804 3.0707461007926377e-10
21150.04800076804 3.052821231007448e-10
21200.04800076804 2.990535571638139e-10
21250.04800076804 2.9281541971455713e-10
21300.04800076804 2.794209277108892e-10
21350.04800076804 2.7089258626488574e-10
21400.04800076804 2.779534114841453e-10
21450.04800076804 2.4232699972445653e-10
21500.04800076804 2.334582662825325e-10
21550.04800076804 2.278518153459287e-10
21600.04800076804 2.1417726125543215e-10
21650.04800076804 1.9214566467314188e-10
21700.04800076804 1.9614310890419045e-10
21750.04800076804 1.89670797090152e-10
21800.04800076804 1.5458604445164314e-10
21850.04800076804 1.4021454980310119e-10
21900.04800076804 1.1712896049012667e-10
21950.04800076804 5.881634376168262e-11
22000.04800076804 8.357398540865882e-12
22050.04800076804 1.467831763124348e-11
22100.04800076804 5.1285780207268544e-11
22150.04800076804 3.695225710649991e-11
22200.04800076804 3.221611966773242e-11
22250.04800076804 2.840504091076774e-11
22300.04800076804 1.4402550436109775e-11
22350.04800076804 1.80631804617555e-11
22400.04800076804 7.675830733404758e-12
22450.04800076804 1.0154151346337053e-11
22500.04800076804 9.313041274075118e-12
22550.04800076804 4.7633779650984185e-12
22600.04800076804 4.764850835514376e-12
22650.04800076804 8.018400527084387e-12
22700.04800076804 6.593150380294531e-12
22750.04800076804 7.907928291002322e-12
22800.04800076804 1.1237415463697078e-11
22850.04800076804 7.765418234253254e-12
22900.04800076804 5.495132347534276e-12
22950.04800076804 3.555719485016186e-12
23000.04800076804 4.8371282935449146e-12
23050.04800076804 5.395443000672273e-12
23100.04800076804 3.9770425722331833e-11
23150.04800076804 3.440026921720152e-11
23200.04800076804 1.4567765691847747e-12
23250.04800076804 7.247672977468455e-12
23300.04800076804 7.299037034100236e-12
23350.04800076804 6.310183711747141e-12
23400.04800076804 5.919147461666161e-12
23450.04800076804 2.9732542012665578e-12
23500.04800076804 3.3378405740800235e-12
23550.04800076804 7.92515884906776e-12
23600.04800076804 1.8168125656741692e-11
23650.04800076804 2.0081253937939356e-11
23700.04800076804 2.9163622848468453e-12
23750.04800076804 4.722617543047547e-12
23800.04800076804 2.3844928406347267e-11
