galfind/configs/Brown_Dwarf_templates/sonora_cholla/logkzz7/1780g/600K_1780g_logkzz7_resample.dat
# %ECSV 1.0
# ---
# datatype:
# - {name: wav, unit: Angstrom, datatype: float64}
# - {name: flux_nu, unit: erg / (cm2 Hz s), datatype: float64}
# schema: astropy-2.0
wav flux_nu
3000.0480007680403 nan
3050.0480007680403 0.0
3100.0480007680403 0.0
3150.0480007680403 0.0
3200.0480007680403 0.0
3250.0480007680403 0.0
3300.0480007680403 0.0
3350.0480007680403 0.0
3400.0480007680403 0.0
3450.0480007680403 0.0
3500.0480007680403 0.0
3550.0480007680403 0.0
3600.0480007680403 0.0
3650.0480007680403 0.0
3700.0480007680403 0.0
3750.0480007680403 0.0
3800.0480007680403 0.0
3850.0480007680403 0.0
3900.0480007680403 0.0
3950.0480007680403 0.0
4000.0480007680403 0.0
4050.0480007680403 0.0
4100.04800076804 0.0
4150.04800076804 0.0
4200.04800076804 0.0
4250.04800076804 0.0
4300.04800076804 0.0
4350.04800076804 0.0
4400.04800076804 0.0
4450.04800076804 0.0
4500.04800076804 0.0
4550.04800076804 0.0
4600.04800076804 0.0
4650.04800076804 0.0
4700.04800076804 0.0
4750.04800076804 0.0
4800.04800076804 0.0
4850.04800076804 0.0
4900.04800076804 0.0
4950.04800076804 0.0
5000.04800076804 2.3410492472655974e-11
5050.04800076804 5.797389018996362e-11
5100.04800076804 6.493748445255701e-11
5150.04800076804 7.416700732220096e-11
5200.04800076804 8.495102813985967e-11
5250.04800076804 9.408386083528102e-11
5300.04800076804 1.0404764854205821e-10
5350.04800076804 1.1440185068953605e-10
5400.04800076804 1.2327822309951557e-10
5450.04800076804 1.335023015336729e-10
5500.04800076804 1.4456354527742378e-10
5550.04800076804 1.575975838276531e-10
5600.04800076804 1.696940419204486e-10
5650.04800076804 1.7987172705665005e-10
5700.04800076804 1.8393821115808719e-10
5750.04800076804 1.8812564869764043e-10
5800.04800076804 1.8076408864983734e-10
5850.04800076804 1.5497768585267067e-10
5900.04800076804 5.308450981968903e-11
5950.04800076804 8.962779084239187e-11
6000.04800076804 2.4327846168501357e-10
6050.04800076804 3.601562434528788e-10
6100.04800076804 4.810378230091292e-10
6150.04800076804 6.045710233637788e-10
6200.04800076804 7.348804203683268e-10
6250.04800076804 8.62071785556127e-10
6300.04800076804 1.0174370070335466e-09
6350.04800076804 1.1892702093492494e-09
6400.04800076804 1.3441502654891956e-09
6450.04800076804 1.3588318172705368e-09
6500.04800076804 1.4998625064548636e-09
6550.04800076804 1.7284000165398132e-09
6600.04800076804 1.9415395344439187e-09
6650.04800076804 2.2365719375160794e-09
6700.04800076804 2.6179801217822076e-09
6750.04800076804 2.970676540911227e-09
6800.04800076804 3.3009239225228735e-09
6850.04800076804 3.655212036956696e-09
6900.04800076804 3.3394380595371584e-09
6950.04800076804 3.043080890391433e-09
7000.04800076804 3.54758944630102e-09
7050.04800076804 3.4515533935045e-09
7100.04800076804 3.5472897062081216e-09
7150.04800076804 2.5631652162799063e-09
7200.04800076804 2.0967191158759694e-09
7250.04800076804 2.5012358771091375e-09
7300.04800076804 2.5250476162923455e-09
7350.04800076804 2.900786448507515e-09
7400.04800076804 3.41036045241983e-09
7450.04800076804 4.052070116859858e-09
7500.04800076804 4.473996531067904e-09
7550.04800076804 4.92309503759354e-09
7600.04800076804 5.345877794217597e-09
7650.04800076804 5.538695291346481e-09
7700.04800076804 3.744102470440529e-09
7750.04800076804 1.8749020772798285e-09
7800.04800076804 5.281742267691855e-09
7850.04800076804 5.78898245388685e-09
7900.04800076804 6.308112736760029e-09
7950.04800076804 6.913110480953299e-09
8000.04800076804 7.2089006543316016e-09
8050.04800076804 7.346033466925505e-09
8100.04800076804 5.102868703977045e-09
8150.04800076804 4.017882137736695e-09
8200.04800076804 6.381003425176504e-09
8250.04800076804 6.108992389926177e-09
8300.04800076804 6.679594138997538e-09
8350.04800076804 6.6253014545950775e-09
8400.04800076804 7.000586791831705e-09
8450.04800076804 8.004181352508132e-09
8500.04800076804 8.916025462571446e-09
8550.04800076804 1.0217009905461149e-08
8600.04800076804 1.2001762545373023e-08
8650.04800076804 1.333425506545909e-08
8700.04800076804 1.383310096311303e-08
8750.04800076804 1.4852307669510472e-08
8800.04800076804 1.4568339690929294e-08
8850.04800076804 1.154934160638218e-08
8900.04800076804 4.3838734602249325e-09
8950.04800076804 3.0148146030726584e-09
9000.04800076804 2.973591207866783e-09
9050.04800076804 7.989890379846529e-09
9100.04800076804 8.12136626278602e-09
9150.04800076804 7.094187676736545e-09
9200.04800076804 8.464525177807139e-09
9250.04800076804 5.510328757290904e-09
9300.04800076804 1.2988183043968036e-10
9350.04800076804 2.788252882898658e-10
9400.04800076804 1.524064008980816e-09
9450.04800076804 8.736689584262693e-10
9500.04800076804 6.919841928404367e-10
9550.04800076804 7.152858283113351e-10
9600.04800076804 8.081278681782798e-10
9650.04800076804 1.2914431687035068e-09
9700.04800076804 2.811182615597495e-09
9750.04800076804 2.974458642907656e-09
9800.04800076804 3.77134499282346e-09
9850.04800076804 4.857240442389226e-09
9900.04800076804 6.602783525026464e-09
9950.04800076804 7.080466449747206e-09
10000.04800076804 8.220817155481665e-09
10050.04800076804 8.087457108628865e-09
10100.04800076804 8.682335617986739e-09
10150.04800076804 8.289241253217101e-09
10200.04800076804 7.838725837739644e-09
10250.04800076804 8.716004316417035e-09
10300.04800076804 9.717115418028754e-09
10350.04800076804 8.703122598144602e-09
10400.04800076804 9.869649493848135e-09
10450.04800076804 1.0469378318785529e-08
10500.04800076804 1.0754791484346635e-08
10550.04800076804 1.1081822650782614e-08
10600.04800076804 1.0882748384275533e-08
10650.04800076804 1.049590894355877e-08
10700.04800076804 9.777846753276659e-09
10750.04800076804 9.375191380127551e-09
10800.04800076804 8.795430606451976e-09
10850.04800076804 8.060892972179199e-09
10900.04800076804 6.715620357883633e-09
10950.04800076804 4.15335447704103e-09
11000.04800076804 2.459453314062019e-09
11050.04800076804 1.1492004113790146e-09
11100.04800076804 4.852777712944763e-10
11150.04800076804 1.910313913662395e-10
11200.04800076804 1.699373258857992e-10
11250.04800076804 2.8204494737630264e-10
11300.04800076804 3.8457594021507884e-10
11350.04800076804 1.3429679430034924e-10
11400.04800076804 6.498045472434352e-10
11450.04800076804 3.2690948058862387e-10
11500.04800076804 3.4761648542503817e-10
11550.04800076804 1.2340364733653037e-10
11600.04800076804 8.33547708575598e-11
11650.04800076804 2.5585168645143057e-10
11700.04800076804 3.4453424016165215e-10
11750.04800076804 1.6336825916112983e-10
11800.04800076804 6.772190358595094e-10
11850.04800076804 1.0284419826678487e-09
11900.04800076804 1.3392058584831879e-09
11950.04800076804 1.9293139586905608e-09
12000.04800076804 2.638332341429259e-09
12050.04800076804 3.523360512613844e-09
12100.04800076804 4.279190762851273e-09
12150.04800076804 5.3443470216126e-09
12200.04800076804 6.085738671331446e-09
12250.04800076804 7.303048498034374e-09
12300.04800076804 9.018183809461875e-09
12350.04800076804 9.889625041994223e-09
12400.04800076804 1.1955636953738253e-08
12450.04800076804 1.4042099479393452e-08
12500.04800076804 1.55619600048258e-08
12550.04800076804 1.7156198994397316e-08
12600.04800076804 1.9263962512095732e-08
12650.04800076804 2.0881658017228367e-08
12700.04800076804 2.1633536294794728e-08
12750.04800076804 1.9464495422610576e-08
12800.04800076804 1.7201189332228047e-08
12850.04800076804 1.3650968028109719e-08
12900.04800076804 1.1596221359026083e-08
12950.04800076804 9.870100706673777e-09
13000.04800076804 1.0349743050318466e-08
13050.04800076804 7.933959798511358e-09
13100.04800076804 8.072330883813257e-09
13150.04800076804 5.6664104653347004e-09
13200.04800076804 5.692191819628146e-09
13250.04800076804 4.070305266154178e-09
13300.04800076804 1.6051390422512862e-09
13350.04800076804 5.447739091387341e-10
13400.04800076804 8.785628152450914e-11
13450.04800076804 2.131309587720357e-11
13500.04800076804 6.586135101147326e-12
13550.04800076804 1.5795204954246484e-12
13600.04800076804 4.658408376649385e-13
13650.04800076804 3.616776611033454e-12
13700.04800076804 1.8732185954253503e-12
13750.04800076804 9.511579667592827e-12
13800.04800076804 1.042066692060253e-11
13850.04800076804 2.669837211759784e-12
13900.04800076804 4.8243272517792674e-12
13950.04800076804 4.692942383100217e-12
14000.04800076804 7.41343453712061e-12
14050.04800076804 1.0315090781774973e-11
14100.04800076804 8.098772482072982e-12
14150.04800076804 1.9392447657676326e-11
14200.04800076804 1.2916842883983424e-11
14250.04800076804 1.8790982469537105e-11
14300.04800076804 7.475896737276561e-11
14350.04800076804 5.844158347412122e-11
14400.04800076804 5.7445650378787725e-11
14450.04800076804 1.2411341416161669e-10
14500.04800076804 2.807502562612867e-10
14550.04800076804 3.1636597228173295e-10
14600.04800076804 7.064504573135089e-10
14650.04800076804 4.3859708737587485e-10
14700.04800076804 2.1170657393568517e-10
14750.04800076804 2.512245690028605e-10
14800.04800076804 2.6828395781326563e-10
14850.04800076804 3.106990402728716e-10
14900.04800076804 3.4152660720832985e-10
14950.04800076804 4.2241183675461463e-10
15000.04800076804 7.88257916024828e-10
15050.04800076804 9.340772869909101e-10
15100.04800076804 7.306771872346599e-10
15150.04800076804 5.476517187761682e-10
15200.04800076804 1.0136070947909154e-09
15250.04800076804 1.718087611401526e-09
15300.04800076804 2.127133140424304e-09
15350.04800076804 2.6784069215209233e-09
15400.04800076804 3.349195621457812e-09
15450.04800076804 3.9809557129739434e-09
15500.04800076804 4.925582651292925e-09
15550.04800076804 6.324683894752275e-09
15600.04800076804 8.079858846357043e-09
15650.04800076804 1.0194904837877155e-08
15700.04800076804 1.2661962772820198e-08
15750.04800076804 1.4068053101854788e-08
15800.04800076804 1.5352126641600122e-08
15850.04800076804 1.6688112219486754e-08
15900.04800076804 1.6354197837475165e-08
15950.04800076804 1.6092493110662066e-08
16000.04800076804 1.3926247356109436e-08
16050.04800076804 1.0298151458582025e-08
16100.04800076804 6.973542795548782e-09
16150.04800076804 4.078448419703849e-09
16200.04800076804 2.072557080318146e-09
16250.04800076804 1.395608558449656e-09
16300.04800076804 9.712578228626506e-10
16350.04800076804 1.0824083583564909e-09
16400.04800076804 1.272887507333412e-09
16450.04800076804 1.3487517636883366e-09
16500.04800076804 1.3628914931552021e-09
16550.04800076804 1.3979692795618862e-09
16600.04800076804 2.2697275897983028e-09
16650.04800076804 1.366000063932032e-09
16700.04800076804 2.7109587652863546e-10
16750.04800076804 9.75456493829891e-10
16800.04800076804 1.3844281951830036e-09
16850.04800076804 1.309112650003735e-09
16900.04800076804 7.787663820801459e-10
16950.04800076804 5.833674610387825e-10
17000.04800076804 3.5531905808853586e-10
17050.04800076804 6.08812800387886e-10
17100.04800076804 9.012556007992648e-10
17150.04800076804 6.334545786579448e-10
17200.04800076804 1.481686809697715e-09
17250.04800076804 7.723436649393986e-10
17300.04800076804 5.913989466253966e-10
17350.04800076804 6.674589710184594e-10
17400.04800076804 9.112870078938791e-10
17450.04800076804 1.0717157467787968e-09
17500.04800076804 1.3347401202082241e-09
17550.04800076804 1.0006078530960269e-09
17600.04800076804 8.733917737133173e-10
17650.04800076804 6.417305369203326e-10
17700.04800076804 5.408042855190522e-10
17750.04800076804 3.7104646735917804e-10
17800.04800076804 5.697736370402713e-10
17850.04800076804 3.061035588992241e-10
17900.04800076804 2.4540012380899763e-10
17950.04800076804 1.3057920489374865e-10
18000.04800076804 2.4074154433856063e-10
18050.04800076804 9.7274148114062e-11
18100.04800076804 1.0953551261226468e-10
18150.04800076804 9.431188781394553e-11
18200.04800076804 5.419927745537433e-11
18250.04800076804 2.1763004250123062e-10
18300.04800076804 3.591974745771699e-11
18350.04800076804 3.2209847946807137e-11
18400.04800076804 2.006089893230674e-11
18450.04800076804 1.257597380371607e-10
18500.04800076804 1.186354008665364e-10
18550.04800076804 5.1668851670074254e-11
18600.04800076804 7.353321821817541e-11
18650.04800076804 4.3511665809113196e-11
18700.04800076804 9.249797868571156e-12
18750.04800076804 2.466404893941589e-11
18800.04800076804 2.3336775102797834e-10
18850.04800076804 2.0669606086636475e-10
18900.04800076804 1.84300852826758e-10
18950.04800076804 3.5189029401874576e-10
19000.04800076804 7.489869547244985e-11
19050.04800076804 3.70497995793335e-11
19100.04800076804 1.215523471545591e-10
19150.04800076804 4.953722722825871e-11
19200.04800076804 1.1517680924395716e-10
19250.04800076804 7.678200237214812e-11
19300.04800076804 4.639336051187015e-11
19350.04800076804 5.7967148276317095e-11
19400.04800076804 3.937527927010944e-11
19450.04800076804 7.618291543435043e-11
19500.04800076804 8.29050675336604e-11
19550.04800076804 8.247146436523854e-11
19600.04800076804 1.5149342652868653e-10
19650.04800076804 1.6692448524824243e-10
19700.04800076804 2.044389614118948e-10
19750.04800076804 3.004137079259485e-10
19800.04800076804 2.325301587916199e-10
19850.04800076804 3.3321112641749307e-10
19900.04800076804 3.8823189704847564e-10
19950.04800076804 4.848079833511185e-10
20000.04800076804 5.064194571600713e-10
20050.04800076804 4.832150018982826e-10
20100.04800076804 6.977152481576807e-10
20150.04800076804 5.058960184745402e-10
20200.04800076804 4.414275151322872e-10
20250.04800076804 6.606934071226973e-10
20300.04800076804 6.727358796108582e-10
20350.04800076804 7.350846445729358e-10
20400.04800076804 6.994362873367347e-10
20450.04800076804 9.464838706105605e-10
20500.04800076804 9.887267781331668e-10
20550.04800076804 1.0171741063378076e-09
20600.04800076804 1.056719320873359e-09
20650.04800076804 1.093671276659132e-09
20700.04800076804 1.0945973168042952e-09
20750.04800076804 1.1126051507156407e-09
20800.04800076804 1.0739316281391586e-09
20850.04800076804 1.0998673668995218e-09
20900.04800076804 1.0901709785102671e-09
20950.04800076804 1.0580558230885447e-09
21000.04800076804 1.030462005917726e-09
21050.04800076804 1.0281346651479148e-09
21100.04800076804 1.0038825056570229e-09
21150.04800076804 9.95013307464302e-10
21200.04800076804 9.681302087818592e-10
21250.04800076804 9.400168053521839e-10
21300.04800076804 8.895601375229596e-10
21350.04800076804 8.599470367765687e-10
21400.04800076804 8.722145944576235e-10
21450.04800076804 7.598077032851246e-10
21500.04800076804 7.367262217441034e-10
21550.04800076804 7.147096984409687e-10
21600.04800076804 6.694312413604231e-10
21650.04800076804 6.0271672969064e-10
21700.04800076804 6.205630421950131e-10
21750.04800076804 5.977313069620876e-10
21800.04800076804 4.978166324829616e-10
21850.04800076804 4.4964071917752957e-10
21900.04800076804 3.800608328539085e-10
21950.04800076804 1.955354337470409e-10
22000.04800076804 3.3032887147721404e-11
22050.04800076804 5.2899453900523564e-11
22100.04800076804 1.7620149633528787e-10
22150.04800076804 1.3618866012881014e-10
22200.04800076804 1.1857584722796661e-10
22250.04800076804 1.072515911093222e-10
22300.04800076804 5.847513743506967e-11
22350.04800076804 6.994942985269583e-11
22400.04800076804 3.256073375548185e-11
22450.04800076804 3.828968136785692e-11
22500.04800076804 3.760390731051202e-11
22550.04800076804 2.038810890317303e-11
22600.04800076804 2.2148198333350713e-11
22650.04800076804 3.650062875696774e-11
22700.04800076804 2.802455994020207e-11
22750.04800076804 3.096941579897563e-11
22800.04800076804 4.1825195212993034e-11
22850.04800076804 3.079848999832804e-11
22900.04800076804 2.2220972877303038e-11
22950.04800076804 1.5026784272690842e-11
23000.04800076804 2.1120089623762777e-11
23050.04800076804 2.46414487991233e-11
23100.04800076804 1.3834231477556913e-10
23150.04800076804 1.2163513988399448e-10
23200.04800076804 6.3706172323135955e-12
23250.04800076804 2.6327948820324015e-11
23300.04800076804 2.8051232445434378e-11
23350.04800076804 2.277374446982366e-11
23400.04800076804 2.2842377604378517e-11
23450.04800076804 1.2744722523011806e-11
23500.04800076804 1.4166946635743887e-11
23550.04800076804 3.018883032216942e-11
23600.04800076804 6.13822348158751e-11
23650.04800076804 6.748062395807615e-11
23700.04800076804 1.1860587734611098e-11
23750.04800076804 1.7399771118609483e-11
23800.04800076804 7.421942597315222e-11
