galfind/configs/Brown_Dwarf_templates/sonora_cholla/logkzz7/1780g/650K_1780g_logkzz7_resample.dat
# %ECSV 1.0
# ---
# datatype:
# - {name: wav, unit: Angstrom, datatype: float64}
# - {name: flux_nu, unit: erg / (cm2 Hz s), datatype: float64}
# schema: astropy-2.0
wav flux_nu
[from data line 1210]
63500.04800076804 1.338202809879083e-08
63550.04800076804 1.957658404955973e-08
63600.04800076804 1.477872188024072e-08
63650.04800076804 1.1660409604502491e-08
63700.04800076804 3.03436891648792e-09
63750.04800076804 7.871859134708996e-09
63800.04800076804 1.9136177491885483e-08
63850.04800076804 1.4889706300584481e-08
63900.04800076804 4.545611064630809e-09
63950.04800076804 1.0226265056276469e-08
64000.04800076804 1.4504299699427586e-08
64050.04800076804 5.356427199809266e-09
64100.04800076804 1.2006801846238493e-09
64150.04800076804 1.8749560024871483e-09
64200.04800076804 2.379430919046867e-09
64250.04800076804 7.83838016769806e-09
64300.04800076804 6.6099462970668295e-09
64350.04800076804 4.312455793920365e-09
64400.04800076804 1.1880872852130004e-08
64450.04800076804 1.3158755590491983e-08
64500.04800076804 5.409363193683374e-09
64550.04800076804 1.1390609077173935e-08
64600.04800076804 8.09335136677756e-09
64650.04800076804 1.1629325792045208e-08
64700.04800076804 3.4771423990733453e-09
64750.04800076804 5.474185354871154e-09
64800.04800076804 2.852579660332432e-09
64850.04800076804 2.204177530094441e-09
64900.04800076804 2.251441714834832e-09
64950.04800076804 1.7481414284839112e-09
65000.04800076804 3.3508898313650776e-09
65050.04800076804 7.302730650901462e-09
65100.04800076804 9.563464828591419e-09
65150.04800076804 5.0672066044120975e-09
65200.04800076804 1.902512875389659e-09
65250.04800076804 5.1616700749443684e-09
65300.04800076804 7.69453956997003e-09
65350.04800076804 1.6769640004817766e-08
65400.04800076804 6.723659226031419e-09
65450.04800076804 6.561309368774478e-09
65500.04800076804 7.866588567155945e-09
65550.04800076805 3.2195271911707067e-09
65600.04800076805 7.564611906416672e-09
65650.04800076805 4.68321146176733e-09
65700.04800076805 4.3231440823912815e-09
65750.04800076805 2.9261387699578333e-09
65800.04800076805 6.8972614676195164e-09
65850.04800076805 1.057290196990299e-08
65900.04800076805 2.4782862738129977e-09
65950.04800076805 4.7259099772667084e-09
66000.04800076805 5.759555211956198e-09
66050.04800076805 1.2563541214587825e-08
66100.04800076805 7.032351972554678e-09
66150.04800076805 7.238664216928041e-09
66200.04800076805 6.5586289791565865e-09
66250.04800076805 3.480293569695531e-09
66300.04800076805 1.4672716699421088e-09
66350.04800076805 1.1869509122839154e-09
66400.04800076805 2.443682691167038e-09
66450.04800076805 8.15004377976108e-09
66500.04800076805 1.2527791499203171e-08
66550.04800076805 1.199675843958305e-08
66600.04800076805 9.609224601128644e-09
66650.04800076805 6.810437154279095e-09
66700.04800076805 4.431107737824988e-09
66750.04800076805 5.404570139820231e-09
66800.04800076805 5.9279678453456084e-09
66850.04800076805 3.874771588637515e-09
66900.04800076805 1.3955013708822195e-08
66950.04800076805 1.2446646256699401e-08
67000.04800076805 1.7607245298076107e-08
67050.04800076805 8.65076894248844e-09
67100.04800076805 4.6870014118810835e-09
67150.04800076805 6.828446125537244e-09
67200.04800076805 1.0246001108896624e-08
67250.04800076805 8.714194728586318e-09
67300.04800076805 1.4766720591330763e-08
67350.04800076805 5.898338282502939e-09
67400.04800076805 1.5273855545079434e-08
67450.04800076805 9.516041012555123e-09
67500.04800076805 9.280671373211413e-09
67550.04800076805 2.0353821761028316e-08
67600.04800076805 3.1153726220436825e-08
67650.04800076805 2.1802834591902114e-08
67700.04800076805 1.2457825668442364e-08
67750.04800076805 7.207213642547237e-09
67800.04800076805 1.1072900407312338e-08
67850.04800076805 4.640203835163012e-09
67900.04800076805 5.836832224513203e-09
67950.04800076805 4.554631840396269e-09
68000.04800076805 1.2124295170702687e-08
68050.04800076805 1.1626820467457287e-08
68100.04800076805 1.9713804719323302e-08
68150.04800076805 1.7977654779350667e-08
68200.04800076805 1.3499244780210145e-08
68250.04800076805 2.837170679686995e-09
68300.04800076805 1.4459275365057e-08
68350.04800076805 1.926819236432435e-08
68400.04800076805 2.4792465064409557e-08
68450.04800076805 2.0572219103849565e-08
68500.04800076805 1.1859374880333694e-08
68550.04800076805 4.56287525095547e-09
68600.04800076805 4.77826398745819e-09
68650.04800076805 2.2555574305693384e-09
68700.04800076805 6.550705095109642e-09
68750.04800076805 1.1880935193890644e-08
68800.04800076805 1.3169342130197843e-08
68850.04800076805 6.267923817147354e-09
68900.04800076805 2.230840186949539e-08
68950.04800076805 2.374294505691189e-08
69000.04800076805 1.5323935341204946e-08
69050.04800076805 7.045833355402401e-09
69100.04800076805 1.8993039415547292e-08
69150.04800076805 2.8573040884431993e-08
69200.04800076805 2.168945466797043e-08
69250.04800076805 3.051361174406932e-08
69300.04800076805 2.0897469605898098e-08
69350.04800076805 3.1938206216703226e-08
69400.04800076805 1.259869241926196e-08
69450.04800076805 2.7084306768217466e-08
69500.04800076805 1.4106143702031362e-08
69550.04800076805 1.0070889123366303e-08
69600.04800076805 2.541179145013161e-09
69650.04800076805 1.0544936408595127e-08
69700.04800076805 2.0831766322796205e-08
69750.04800076805 1.2486658448811198e-08
69800.04800076805 2.0816227519957923e-08
69850.04800076805 2.202489314274172e-08
69900.04800076805 1.4378998437518546e-08
69950.04800076805 1.3451188405175935e-08
70000.04800076805 1.4768333418156304e-08
70050.04800076805 2.8679093783746892e-08
70100.04800076805 2.0895471097273777e-08
70150.04800076805 1.8325766595581558e-08
70200.04800076805 1.0871697172379876e-08
70250.04800076805 1.4024815329599855e-08
70300.04800076805 2.6196307536056365e-08
70350.04800076805 2.108433046314432e-08
70400.04800076805 1.03743511389286e-08
70450.04800076805 1.5758694236578288e-09
70500.04800076805 8.915249044229707e-09
70550.04800076805 8.15219603800243e-09
70600.04800076805 1.0173040945311805e-08
70650.04800076805 2.1564688356138035e-08
70700.04800076805 2.5179671813837794e-08
70750.04800076805 3.6581757161218105e-08
70800.04800076805 1.6328123878861767e-08
70850.04800076805 1.6751860916134774e-08
70900.04800076805 2.076093156586749e-08
70950.04800076805 2.8071325813069902e-08
71000.04800076805 2.726936952790921e-08
71050.04800076805 2.7461716775111922e-08
71100.04800076805 2.175933364060352e-08
71150.04800076805 1.237767744950724e-08
71200.04800076805 1.233140519425506e-08
71250.04800076805 2.1811484577588985e-08
71300.04800076805 2.923635721819769e-08
71350.04800076805 2.8870025434507746e-08
71400.04800076805 2.160189805992091e-08
71450.04800076805 8.05229188023991e-09
71500.04800076805 1.112041088879053e-08
71550.04800076805 1.2515491807305548e-08
71600.04800076805 1.6125228509962433e-08
71650.04800076805 9.08121577961072e-09
71700.04800076805 6.488069848408948e-09
71750.04800076805 1.568880467918099e-08
71800.04800076805 2.3179236991094654e-08
71850.04800076805 2.2870460541877053e-08
71900.04800076805 1.2031133487384632e-08
71950.04800076805 1.8483606179214677e-08
72000.04800076805 1.648373569781545e-08
72050.04800076805 7.206983769093157e-09
72100.04800076805 9.608040652801963e-09
72150.04800076805 1.2362776819508876e-08
72200.04800076805 1.743442594322033e-08
72250.04800076805 2.7878508339047453e-08
72300.04800076805 1.5683738359145546e-08
72350.04800076805 1.7978840905921358e-08
72400.04800076805 1.7010457821224867e-08
72450.04800076805 1.34907687072071e-08
72500.04800076805 1.8421329755281305e-08
72550.04800076805 6.2177590764655915e-09
72600.04800076805 1.1961479505076963e-08
72650.04800076805 2.252503572282617e-08
72700.04800076805 1.1702299974108741e-08
72750.04800076805 1.2644743285937624e-08
72800.04800076805 7.290254889149314e-09
72850.04800076805 1.088297953985915e-08
72900.04800076805 2.3763846744419198e-08
72950.04800076805 1.2849092579047774e-08
73000.04800076805 1.3670415825670307e-08
73050.04800076805 6.674999613849719e-09
73100.04800076805 9.423454564297621e-09
73150.04800076805 2.2736586694487138e-08
73200.04800076805 9.05850738419648e-09
73250.04800076805 1.14769236974493e-08
73300.04800076805 8.100041798906838e-09
73350.04800076805 5.543718565302284e-09
73400.04800076805 1.1083958818161394e-08
73450.04800076805 6.509354046398541e-09
73500.04800076805 5.6644857760525915e-09
73550.04800076805 1.0406357447848731e-08
73600.04800076805 1.1508510297925883e-08
73650.04800076805 1.0752123504725917e-08
73700.04800076805 9.999224995043346e-09
73750.04800076805 3.1473019698784706e-09
73800.04800076805 8.927089565970736e-09
73850.04800076805 1.3991099177480919e-08
73900.04800076805 6.483646309043871e-09
73950.04800076805 7.586746690622539e-09
74000.04800076805 3.583066606070935e-09
74050.04800076805 1.5007320834998127e-08
74100.04800076805 1.0699187624266719e-08
74150.04800076805 1.1325648826953816e-08
74200.04800076805 5.528792011072768e-09
74250.04800076805 1.0972027993225674e-09
74300.04800076805 1.1221971966827466e-08
74350.04800076805 1.5631657991526746e-08
74400.04800076805 1.4291148155860873e-08
74450.04800076805 5.318995371254953e-09
74500.04800076805 2.7346798241243444e-09
74550.04800076805 6.605655472887157e-09
74600.04800076805 8.767279732709426e-09
74650.04800076805 8.97047513994722e-09
74700.04800076805 6.156721458252693e-09
74750.04800076805 3.607699591972872e-09
74800.04800076805 5.124548708348171e-09
74850.04800076805 1.2328381929266848e-08
74900.04800076805 1.513722778949522e-08
74950.04800076805 1.334088395213152e-08
75000.04800076805 6.10657509287923e-09
75050.04800076805 1.2955548124659392e-09
75100.04800076805 1.2647723327087152e-08
75150.04800076805 1.7278854885812804e-08
75200.04800076805 1.6367177794156105e-08
75250.04800076805 1.62584039345591e-08
75300.04800076805 1.1375703908707754e-08
75350.04800076805 3.1535715311300593e-09
75400.04800076805 1.7313998494965742e-08
75450.04800076805 1.855892981670312e-08
75500.04800076805 1.660151092683526e-08
75550.04800076805 1.3921797133402586e-08
75600.04800076805 1.645409253165109e-08
75650.04800076805 8.997592385984683e-09
75700.04800076805 1.9102021152888317e-08
75750.04800076805 1.2168709576462579e-08
75800.04800076805 1.524117253853866e-08
75850.04800076805 1.7695221172182047e-08
75900.04800076805 1.760011603877798e-08
75950.04800076805 8.794092135294072e-09
76000.04800076805 2.2475831955442505e-08
76050.04800076805 1.9007741017358042e-08
76100.04800076805 1.7090180074084394e-08
76150.04800076805 1.9137299045119037e-08
76200.04800076805 1.6234942302365117e-08
76250.04800076805 9.652247586607005e-09
76300.04800076805 2.711774777453322e-08
76350.04800076805 3.048252689004178e-08
76400.04800076805 2.3453404853469724e-08
76450.04800076805 1.7765227066844925e-08
76500.04800076805 1.3326737952752486e-08
76550.04800076805 4.4984802321019225e-09
76600.04800076805 9.6912787019217e-10
76650.04800076805 1.1095709800658348e-09
76700.04800076805 1.8593402378915652e-09
76750.04800076805 2.0059278020165965e-09
76800.04800076805 4.475484803550532e-09
76850.04800076805 2.5666478687458393e-09
76900.04800076805 2.026457921449253e-09
76950.04800076805 5.10962511308962e-09
77000.04800076805 8.955943252899766e-09
77050.04800076805 1.8768063805315672e-09
77100.04800076805 2.7201208268906447e-09
77150.04800076805 1.0334483985865266e-08
77200.04800076805 5.554604061656831e-09
77250.04800076805 4.4305341547425454e-09
77300.04800076805 8.938340516165706e-09
77350.04800076805 4.40870509400265e-09
77400.04800076805 5.925102213592948e-09
77450.04800076805 1.377379353809068e-08
77500.04800076805 9.496318875903657e-09
77550.04800076805 6.952104952742562e-09
77600.04800076805 3.87898170412019e-09
77650.04800076805 5.392414684500964e-09
77700.04800076805 5.666279964157002e-09
77750.04800076805 1.2425891306440359e-08
77800.04800076805 1.4071658706111838e-08
77850.04800076805 2.208253023722222e-08
77900.04800076805 9.582141673952969e-09
77950.04800076805 2.2626928277719193e-09
78000.04800076805 8.496558574441404e-09
78050.04800076805 9.201008075913684e-09
78100.04800076805 1.1195614571525463e-08
78150.04800076805 1.76224490048843e-08
78200.04800076805 2.2373185676061816e-08
78250.04800076805 1.7324296916714694e-08
78300.04800076805 6.686230054495815e-09
78350.04800076805 1.3742888748281054e-08
78400.04800076805 5.263917899169212e-09
78450.04800076805 1.2745607889912393e-08
78500.04800076805 2.2186758332844185e-08
78550.04800076805 2.6029481092971867e-08
78600.04800076805 1.8633420442536185e-08
78650.04800076805 2.5240454923509786e-09
78700.04800076805 5.800562982330814e-09
78750.04800076805 1.1309839343118032e-08
78800.04800076805 9.128685062639333e-09
78850.04800076805 3.546466544643313e-09
78900.04800076805 1.0312962508189534e-08
78950.04800076805 1.626949359969687e-08
79000.04800076805 1.1988525280322357e-08
79050.04800076805 9.444263683901368e-09
79100.04800076805 1.4126689159125383e-08
79150.04800076805 9.773528116662364e-09
79200.04800076805 1.2330561381400514e-08
79250.04800076805 6.175829078099972e-09
79300.04800076805 7.920424379965162e-09
79350.04800076805 1.0184078796831176e-08
79400.04800076805 5.32313902532505e-09
79450.04800076805 1.9384137784596197e-08
79500.04800076805 2.5891847842003982e-08
79550.04800076805 2.1613899457642414e-08
79600.04800076805 1.0360226526985594e-08
79650.04800076805 1.7910441354595227e-08
79700.04800076805 1.2557110991336957e-08
79750.04800076805 1.1815434007844532e-08
79800.04800076805 7.84752744363855e-09
79850.04800076805 1.641357792121779e-08
79900.04800076805 2.9613884141634618e-08
79950.04800076805 3.0075099700819e-08
