galfind/configs/Brown_Dwarf_templates/sonora_cholla/logkzz7/1780g/650K_1780g_logkzz7_resample.dat
# %ECSV 1.0
# ---
# datatype:
# - {name: wav, unit: Angstrom, datatype: float64}
# - {name: flux_nu, unit: erg / (cm2 Hz s), datatype: float64}
# schema: astropy-2.0
wav flux_nu
3000.0480007680403 nan
3050.0480007680403 0.0
3100.0480007680403 0.0
3150.0480007680403 0.0
3200.0480007680403 0.0
3250.0480007680403 0.0
3300.0480007680403 0.0
3350.0480007680403 0.0
3400.0480007680403 0.0
3450.0480007680403 0.0
3500.0480007680403 0.0
3550.0480007680403 0.0
3600.0480007680403 0.0
3650.0480007680403 0.0
3700.0480007680403 0.0
3750.0480007680403 0.0
3800.0480007680403 0.0
3850.0480007680403 0.0
3900.0480007680403 0.0
3950.0480007680403 0.0
4000.0480007680403 0.0
4050.0480007680403 0.0
4100.04800076804 0.0
4150.04800076804 0.0
4200.04800076804 0.0
4250.04800076804 0.0
4300.04800076804 0.0
4350.04800076804 0.0
4400.04800076804 0.0
4450.04800076804 0.0
4500.04800076804 0.0
4550.04800076804 0.0
4600.04800076804 0.0
4650.04800076804 0.0
4700.04800076804 0.0
4750.04800076804 0.0
4800.04800076804 0.0
4850.04800076804 0.0
4900.04800076804 0.0
4950.04800076804 0.0
5000.04800076804 1.3572804849307668e-11
5050.04800076804 3.439914900803542e-11
5100.04800076804 3.908422582853688e-11
5150.04800076804 4.511241280723095e-11
5200.04800076804 5.218163000600672e-11
5250.04800076804 5.964774597936787e-11
5300.04800076804 6.786855165201367e-11
5350.04800076804 7.695223641356187e-11
5400.04800076804 8.639732353806869e-11
5450.04800076804 9.707019127664705e-11
5500.04800076804 1.088127061294353e-10
5550.04800076804 1.2157637366375462e-10
5600.04800076804 1.3451905567029366e-10
5650.04800076804 1.467333779667967e-10
5700.04800076804 1.5519068371041473e-10
5750.04800076804 1.6261170902778902e-10
5800.04800076804 1.6073745619847135e-10
5850.04800076804 1.4329038915932224e-10
5900.04800076804 5.4636232732642884e-11
5950.04800076804 8.930858462988996e-11
6000.04800076804 2.2411603268924205e-10
6050.04800076804 3.178898496335246e-10
6100.04800076804 4.0877343987436925e-10
6150.04800076804 4.957604712574863e-10
6200.04800076804 5.822618286911865e-10
6250.04800076804 6.657036361845896e-10
6300.04800076804 7.61318729328431e-10
6350.04800076804 8.642415621372981e-10
6400.04800076804 9.660678914704257e-10
6450.04800076804 1.0192677931311431e-09
6500.04800076804 1.1276939228644865e-09
6550.04800076804 1.2740151758957481e-09
6600.04800076804 1.4203558037492916e-09
6650.04800076804 1.6057004020708254e-09
6700.04800076804 1.8325926371308318e-09
6750.04800076804 2.058989202710724e-09
6800.04800076804 2.2882082726491657e-09
6850.04800076804 2.536354669974948e-09
6900.04800076804 2.484609024811013e-09
6950.04800076804 2.428931495775679e-09
7000.04800076804 2.7540581473003647e-09
7050.04800076804 2.8021720749622784e-09
7100.04800076804 2.9579652217671763e-09
7150.04800076804 2.4084691042241535e-09
7200.04800076804 2.1933995685910275e-09
7250.04800076804 2.5504929730515166e-09
7300.04800076804 2.62505065186086e-09
7350.04800076804 2.981710886100881e-09
7400.04800076804 3.4270277004992e-09
7450.04800076804 3.971256779550149e-09
7500.04800076804 4.3676892725705685e-09
7550.04800076804 4.787245423883761e-09
7600.04800076804 5.191494674057057e-09
7650.04800076804 5.454628810627653e-09
7700.04800076804 3.886982190751038e-09
7750.04800076804 2.1167500955812576e-09
7800.04800076804 5.687041070004342e-09
7850.04800076804 6.292629602902049e-09
7900.04800076804 6.848852341254959e-09
7950.04800076804 7.44583874741942e-09
8000.04800076804 7.789345838810195e-09
8050.04800076804 8.018698236165933e-09
8100.04800076804 6.197013753197771e-09
8150.04800076804 5.264964921100329e-09
8200.04800076804 7.584172973671969e-09
8250.04800076804 7.303694031528138e-09
8300.04800076804 7.980356287430834e-09
8350.04800076804 8.096318006259445e-09
8400.04800076804 8.596103511317061e-09
8450.04800076804 9.763228055377414e-09
8500.04800076804 1.0833159840227252e-08
8550.04800076804 1.2167205434785112e-08
8600.04800076804 1.3821242181609233e-08
8650.04800076804 1.5041223014850175e-08
8700.04800076804 1.5578159364218893e-08
8750.04800076804 1.6611157593819806e-08
8800.04800076804 1.660011405045173e-08
8850.04800076804 1.4141699587173501e-08
8900.04800076804 6.805628315484882e-09
8950.04800076804 5.2656513730762764e-09
9000.04800076804 5.183185335213225e-09
9050.04800076804 1.1351204746929595e-08
9100.04800076804 1.164732362000517e-08
9150.04800076804 1.0566389854664208e-08
9200.04800076804 1.2316493006838884e-08
9250.04800076804 8.70775713614266e-09
9300.04800076804 3.7419129545920436e-10
9350.04800076804 7.625859973067902e-10
9400.04800076804 3.1882747479570153e-09
9450.04800076804 2.0897677141155567e-09
9500.04800076804 1.6882905434213721e-09
9550.04800076804 1.754582084917523e-09
9600.04800076804 1.896221822617245e-09
9650.04800076804 2.8034059154618807e-09
9700.04800076804 5.3447946940010645e-09
9750.04800076804 5.657477702463808e-09
9800.04800076804 6.987098696966907e-09
9850.04800076804 8.756309361258136e-09
9900.04800076804 1.154357563352999e-08
9950.04800076804 1.2380064479497061e-08
10000.04800076804 1.4446393343102498e-08
10050.04800076804 1.465539396093207e-08
10100.04800076804 1.6063424495797748e-08
10150.04800076804 1.6129606566296046e-08
10200.04800076804 1.6131148210745293e-08
10250.04800076804 1.782647540946591e-08
10300.04800076804 1.964598136180373e-08
10350.04800076804 1.8613874618271778e-08
10400.04800076804 2.0585239877877234e-08
10450.04800076804 2.160050418069612e-08
10500.04800076804 2.2095878489181104e-08
10550.04800076804 2.264173734882719e-08
10600.04800076804 2.2271018372007282e-08
10650.04800076804 2.1688268671036767e-08
10700.04800076804 2.0492167124658828e-08
10750.04800076804 1.983642258860685e-08
10800.04800076804 1.877433923904332e-08
10850.04800076804 1.732920835827684e-08
10900.04800076804 1.4304908098339142e-08
10950.04800076804 8.759279799114128e-09
11000.04800076804 5.329966449348537e-09
11050.04800076804 2.6527678514007397e-09
11100.04800076804 1.2473056473835493e-09
11150.04800076804 5.57671661240898e-10
11200.04800076804 5.288787026631602e-10
11250.04800076804 8.481663646203818e-10
11300.04800076804 1.072917407113535e-09
11350.04800076804 3.985128938162197e-10
11400.04800076804 1.6623663538224057e-09
11450.04800076804 9.061578239370941e-10
11500.04800076804 9.628536809334517e-10
11550.04800076804 3.79605949419039e-10
11600.04800076804 2.8162622460504744e-10
11650.04800076804 7.27213418572864e-10
11700.04800076804 9.311893744683927e-10
11750.04800076804 4.6466871161418346e-10
11800.04800076804 1.7019246009861824e-09
11850.04800076804 2.601789349251585e-09
11900.04800076804 3.376828105019867e-09
11950.04800076804 4.790223228139859e-09
12000.04800076804 6.421047462481594e-09
12050.04800076804 8.39676471288023e-09
12100.04800076804 1.018369628364461e-08
12150.04800076804 1.2511252180113822e-08
12200.04800076804 1.4216190266700022e-08
12250.04800076804 1.673148176246449e-08
12300.04800076804 2.0066166248815395e-08
12350.04800076804 2.1614530929223725e-08
12400.04800076804 2.56031796027026e-08
12450.04800076804 2.9373128353270316e-08
12500.04800076804 3.21221745161956e-08
12550.04800076804 3.502170320028089e-08
12600.04800076804 3.81640125012654e-08
12650.04800076804 4.017595436578792e-08
12700.04800076804 4.1040035635605e-08
12750.04800076804 3.7283950253648776e-08
12800.04800076804 3.374953651573473e-08
12850.04800076804 2.7419870592330416e-08
12900.04800076804 2.3675886182140274e-08
12950.04800076804 2.0515083159490013e-08
13000.04800076804 2.1288264067956355e-08
13050.04800076804 1.6886169036854292e-08
13100.04800076804 1.7100458169365996e-08
13150.04800076804 1.2515779503058942e-08
13200.04800076804 1.2387607814041797e-08
13250.04800076804 8.722054630170312e-09
13300.04800076804 3.682720309954204e-09
13350.04800076804 1.2148490472898156e-09
13400.04800076804 2.1989861220067607e-10
13450.04800076804 6.420762417271471e-11
13500.04800076804 2.255565572081375e-11
13550.04800076804 6.71532490584708e-12
13600.04800076804 2.296309556677614e-12
13650.04800076804 1.5561576381566036e-11
13700.04800076804 8.49607129322555e-12
13750.04800076804 3.507533618685732e-11
13800.04800076804 3.9194470743602003e-11
13850.04800076804 1.1765559401306096e-11
13900.04800076804 1.8128833109591115e-11
13950.04800076804 1.8061968648365663e-11
14000.04800076804 2.541658358070193e-11
14050.04800076804 3.685298705857309e-11
14100.04800076804 2.812477636462221e-11
14150.04800076804 6.037864079875383e-11
14200.04800076804 4.029089130094909e-11
14250.04800076804 5.568209263367928e-11
14300.04800076804 2.0042510900972308e-10
14350.04800076804 1.5849290177013917e-10
14400.04800076804 1.5752665156410454e-10
14450.04800076804 3.1262776932788445e-10
14500.04800076804 6.788360035704369e-10
14550.04800076804 7.281290337829716e-10
14600.04800076804 1.5463457656641882e-09
14650.04800076804 1.0835953374518573e-09
14700.04800076804 5.637332903781377e-10
14750.04800076804 7.31042788618988e-10
14800.04800076804 8.226175093268521e-10
14850.04800076804 9.340639676548473e-10
14900.04800076804 1.0409548408130088e-09
14950.04800076804 1.3397511159078013e-09
15000.04800076804 2.2069506146254692e-09
15050.04800076804 2.541776963167886e-09
15100.04800076804 2.271690552150916e-09
15150.04800076804 1.921426477041794e-09
15200.04800076804 3.0506128024957625e-09
15250.04800076804 4.78149483804298e-09
15300.04800076804 5.715157634132313e-09
15350.04800076804 7.17211867979456e-09
15400.04800076804 8.714087556600082e-09
15450.04800076804 1.003175204938751e-08
15500.04800076804 1.1815456218721188e-08
15550.04800076804 1.4467946381730706e-08
15600.04800076804 1.7400600592090194e-08
15650.04800076804 2.061662650596374e-08
15700.04800076804 2.4559376967615296e-08
15750.04800076804 2.6658693062055525e-08
15800.04800076804 2.8379033101693194e-08
15850.04800076804 3.0270062173642296e-08
15900.04800076804 2.9293122738252995e-08
15950.04800076804 2.842090527364674e-08
16000.04800076804 2.455355853389972e-08
16050.04800076804 1.8283692113309676e-08
16100.04800076804 1.2789733064946757e-08
16150.04800076804 7.830395379078018e-09
16200.04800076804 4.283759236289849e-09
16250.04800076804 3.1201589680653766e-09
16300.04800076804 2.2950745568276805e-09
16350.04800076804 2.577378726504814e-09
16400.04800076804 3.028197724616622e-09
16450.04800076804 3.1740993102551307e-09
16500.04800076804 3.314657482594407e-09
16550.04800076804 3.3169119458440553e-09
16600.04800076804 4.851906391381779e-09
16650.04800076804 3.022731172331571e-09
16700.04800076804 6.731996894900259e-10
16750.04800076804 2.16131421469369e-09
16800.04800076804 3.1067278036693635e-09
16850.04800076804 2.9638809708016115e-09
16900.04800076804 1.919390668670718e-09
16950.04800076804 1.479684852525655e-09
17000.04800076804 9.635949168737997e-10
17050.04800076804 1.564372589715191e-09
17100.04800076804 2.182574694976741e-09
17150.04800076804 1.581630948293396e-09
17200.04800076804 3.3488092106988366e-09
17250.04800076804 1.9632471602648363e-09
17300.04800076804 1.5266564594127974e-09
17350.04800076804 1.6392063244932448e-09
17400.04800076804 2.088221921862564e-09
17450.04800076804 2.4079172512626193e-09
17500.04800076804 2.8959923229003372e-09
17550.04800076804 2.1987094787020923e-09
17600.04800076804 1.89116589777643e-09
17650.04800076804 1.462900351386334e-09
17700.04800076804 1.2136470832887014e-09
17750.04800076804 8.590770291527819e-10
17800.04800076804 1.2692950195659892e-09
17850.04800076804 7.013724357016814e-10
17900.04800076804 6.078426020475421e-10
17950.04800076804 3.3383538461943377e-10
18000.04800076804 5.784278040805176e-10
18050.04800076804 2.6066756720341146e-10
18100.04800076804 2.9677637937896364e-10
18150.04800076804 2.797417928376976e-10
18200.04800076804 1.59415049621706e-10
18250.04800076804 5.912818592183141e-10
18300.04800076804 1.195373348930664e-10
18350.04800076804 1.0732149468151807e-10
18400.04800076804 7.121203908471758e-11
18450.04800076804 3.5077418310355113e-10
18500.04800076804 3.294309882840045e-10
18550.04800076804 1.6074347076745645e-10
18600.04800076804 2.0523093113050359e-10
18650.04800076804 1.24334312405246e-10
18700.04800076804 3.6775888799863515e-11
18750.04800076804 9.203121370439954e-11
18800.04800076804 6.36567867945617e-10
18850.04800076804 5.758193402547012e-10
18900.04800076804 4.905005129991204e-10
18950.04800076804 9.76903553291565e-10
19000.04800076804 2.5330311601104964e-10
19050.04800076804 1.313042490849408e-10
19100.04800076804 3.871067232374041e-10
19150.04800076804 1.668809291111292e-10
19200.04800076804 3.538855403146936e-10
19250.04800076804 2.3535246578770713e-10
19300.04800076804 1.5324188481804798e-10
19350.04800076804 1.8409150768531997e-10
19400.04800076804 1.2617094926650073e-10
19450.04800076804 2.5374627616898816e-10
19500.04800076804 2.6556856810245975e-10
19550.04800076804 2.395807067350964e-10
19600.04800076804 4.1233712391476484e-10
19650.04800076804 4.816113528422585e-10
19700.04800076804 5.511323840995493e-10
19750.04800076804 8.101594835142489e-10
19800.04800076804 6.760368530551595e-10
19850.04800076804 9.801730134074933e-10
19900.04800076804 1.0182986601310193e-09
19950.04800076804 1.3501489804661135e-09
20000.04800076804 1.3665709736944954e-09
20050.04800076804 1.3591495695812896e-09
20100.04800076804 1.8917590610992313e-09
20150.04800076804 1.4135289903001752e-09
20200.04800076804 1.3105398775965386e-09
20250.04800076804 1.864978528443903e-09
20300.04800076804 1.8625107868430201e-09
20350.04800076804 2.0541769964354785e-09
20400.04800076804 1.9342556262116287e-09
20450.04800076804 2.5444482250894167e-09
20500.04800076804 2.646134410192995e-09
20550.04800076804 2.712401490390726e-09
20600.04800076804 2.8259588114734894e-09
20650.04800076804 2.9173047280007152e-09
20700.04800076804 2.9110424885963957e-09
20750.04800076804 2.9805853435745087e-09
20800.04800076804 2.8903042345016545e-09
20850.04800076804 2.96465073482235e-09
20900.04800076804 2.948621811344994e-09
20950.04800076804 2.8677735296958222e-09
21000.04800076804 2.8015817971637845e-09
21050.04800076804 2.7843882176090804e-09
21100.04800076804 2.7182216813704685e-09
21150.04800076804 2.691334759943308e-09
21200.04800076804 2.6059961360557924e-09
21250.04800076804 2.5197617978788837e-09
21300.04800076804 2.3736018076568183e-09
21350.04800076804 2.2944976567867547e-09
21400.04800076804 2.3042421761112416e-09
21450.04800076804 2.0149153695795873e-09
21500.04800076804 1.965801067553257e-09
21550.04800076804 1.8980048891073203e-09
21600.04800076804 1.7735674781266667e-09
21650.04800076804 1.6038970006823232e-09
21700.04800076804 1.6594948113928342e-09
21750.04800076804 1.5867164624016873e-09
21800.04800076804 1.3443022374488764e-09
21850.04800076804 1.2069958961711838e-09
21900.04800076804 1.0286235450930815e-09
21950.04800076804 5.449134741313289e-10
22000.04800076804 1.1066642906705755e-10
22050.04800076804 1.5992000790751434e-10
22100.04800076804 4.903364836429156e-10
22150.04800076804 4.08895858946555e-10
22200.04800076804 3.577815022642226e-10
22250.04800076804 3.309442296025537e-10
22300.04800076804 1.9358013426148428e-10
22350.04800076804 2.2461257407874918e-10
22400.04800076804 1.1384607076259259e-10
22450.04800076804 1.2321722904627526e-10
22500.04800076804 1.2703562732928886e-10
22550.04800076804 7.183523180109658e-11
22600.04800076804 8.2259037568368e-11
22650.04800076804 1.2915502490999863e-10
22700.04800076804 9.664192256806504e-11
22750.04800076804 1.0308932130545515e-10
22800.04800076804 1.3132259942779183e-10
22850.04800076804 1.0176640633064113e-10
22900.04800076804 7.4992610194375e-11
22950.04800076804 5.4110669017329155e-11
23000.04800076804 7.601164644426472e-11
23050.04800076804 9.079067168281067e-11
23100.04800076804 3.9645274461314085e-10
23150.04800076804 3.524706506874356e-10
23200.04800076804 2.423280369715375e-11
23250.04800076804 8.154220727768987e-11
23300.04800076804 8.920613514045578e-11
23350.04800076804 6.845636981622808e-11
23400.04800076804 7.550767491006975e-11
23450.04800076804 4.66553479423669e-11
23500.04800076804 5.067713696376084e-11
23550.04800076804 9.800580907171939e-11
23600.04800076804 1.7742055652191023e-10
23650.04800076804 1.957823076473285e-10
23700.04800076804 4.149885502425918e-11
23750.04800076804 5.5564032336417594e-11
