galfind/configs/Brown_Dwarf_templates/sonora_cholla/logkzz7/1780g/700K_1780g_logkzz7_resample.dat
# %ECSV 1.0
# ---
# datatype:
# - {name: wav, unit: Angstrom, datatype: float64}
# - {name: flux_nu, unit: erg / (cm2 Hz s), datatype: float64}
# schema: astropy-2.0
wav flux_nu
[from data line 418]
23900.04800076804 6.519411820142136e-10
23950.04800076804 4.3177220816458214e-10
24000.04800076804 8.056224656770571e-10
24050.04800076804 8.094062169252154e-10
24100.04800076804 7.998472597045664e-10
24150.04800076804 1.0880299843314894e-09
24200.04800076804 9.995594241131034e-10
24250.04800076804 7.522443949855255e-10
24300.04800076804 1.3689759340661304e-09
24350.04800076804 9.066082711272143e-10
24400.04800076804 1.8366349696879305e-09
24450.04800076804 1.6496914648618324e-09
24500.04800076804 1.5286783584098339e-09
24550.04800076804 2.2805566485155586e-09
24600.04800076804 2.497064004523154e-09
24650.04800076804 2.944486606444115e-09
24700.04800076804 2.050174834237981e-09
24750.04800076804 2.3557961691779245e-09
24800.04800076804 2.0716826281530475e-09
24850.04800076804 3.2374139243215244e-09
24900.04800076804 1.194409631160924e-09
24950.04800076804 2.4726668482911186e-09
25000.04800076804 2.306975408472651e-09
25050.04800076804 1.202545933708991e-09
25100.04800076804 2.0433922934089345e-09
25150.04800076804 9.682574772057616e-10
25200.04800076804 1.390031845141695e-09
25250.04800076804 5.604923154872623e-10
25300.04800076804 8.263958139926522e-10
25350.04800076804 3.60619572313046e-10
25400.04800076804 9.573188869303398e-10
25450.04800076804 3.676571298422859e-10
25500.04800076804 3.1564435764490414e-10
25550.04800076804 6.588054923676714e-10
25600.04800076804 4.0133736920229013e-10
25650.04800076804 1.8173206869141653e-10
25700.04800076804 2.8531223391658e-10
25750.04800076804 1.0317845581810479e-10
25800.04800076804 4.402770565476097e-10
25850.04800076804 9.928932029718132e-11
25900.04800076804 1.68508791668982e-10
25950.04800076804 5.4271032908024417e-11
26000.04800076804 4.0110062283450954e-10
26050.04800076804 7.923296855505335e-11
26100.04800076804 3.4737576714392093e-10
26150.04800076804 1.6710442006959928e-10
26200.04800076804 2.051621626946633e-10
26250.04800076804 9.36514883093303e-10
26300.04800076804 2.617182877729633e-10
26350.04800076804 1.3975198945832794e-09
26400.04800076804 1.7327820376628283e-09
26450.04800076804 1.105367109731262e-09
26500.04800076804 2.07699462468567e-09
26550.04800076804 3.959946898371021e-10
26600.04800076804 4.0970820297689173e-10
26650.04800076804 9.938446220485432e-11
26700.04800076804 6.435442097041372e-11
26750.04800076804 8.114273031343002e-11
26800.04800076804 1.7427025816315614e-10
26850.04800076804 1.0821971727601847e-10
26900.04800076804 4.1375083960134554e-10
26950.04800076804 1.603785454842267e-10
27000.04800076804 6.822216351778684e-10
27050.04800076804 7.844498670030051e-10
27100.04800076804 1.729467045321018e-10
27150.04800076804 1.0846039878907049e-09
27200.04800076804 1.65874940234053e-10
27250.04800076804 4.041721110009241e-10
27300.04800076804 2.2678077467217562e-09
27350.04800076804 8.649931781910569e-10
27400.04800076804 8.005938664298219e-11
27450.04800076804 1.0796355323256e-09
27500.04800076804 1.5083237243716322e-09
27550.04800076804 2.588739787235617e-10
27600.04800076804 6.611702578510353e-10
27650.04800076804 2.1569386371340747e-10
27700.04800076804 1.905752345288678e-10
27750.04800076804 8.922812341077487e-10
27800.04800076804 3.4755123717859394e-10
27850.04800076804 4.5299944437106645e-10
27900.04800076804 6.454810814451508e-10
27950.04800076804 1.3797065161972133e-09
28000.04800076804 9.919765765949031e-10
28050.04800076804 2.1791703233085588e-10
28100.04800076804 1.5490263071694484e-09
28150.04800076804 9.693575466029854e-10
28200.04800076804 3.249098765802338e-10
28250.04800076804 1.969052228990749e-09
28300.04800076804 2.428449713400218e-09
28350.04800076804 3.9319022137595013e-10
28400.04800076804 1.419080244595361e-09
28450.04800076804 2.7606784623799183e-09
28500.04800076804 1.3326795028728976e-09
28550.04800076804 3.998398673469481e-10
28600.04800076804 2.4267880321544214e-09
28650.04800076804 1.9647264216533623e-09
28700.04800076804 1.7972760458679621e-09
28750.04800076804 3.989136675660419e-09
28800.04800076804 2.871537492512647e-09
28850.04800076804 3.4335015784020783e-09
28900.04800076804 1.6512094544302947e-09
28950.04800076804 4.299111916659541e-09
29000.04800076804 3.1746926057767324e-09
29050.04800076804 3.5990474212228575e-09
29100.04800076804 2.5556560388063436e-09
29150.04800076804 5.5722047351610135e-09
29200.04800076804 3.893752873998461e-09
29250.04800076804 5.535598900670508e-09
29300.04800076804 3.1028134929669025e-09
29350.04800076804 1.3560293040905485e-08
29400.04800076804 3.459891276032821e-09
29450.04800076804 3.942736017665244e-09
29500.04800076804 8.69497772243023e-09
29550.04800076804 4.749550941091238e-09
29600.04800076804 7.063753604694418e-09
29650.04800076804 9.93053169652053e-09
29700.04800076804 3.5915919605398334e-09
29750.04800076804 7.315981060288e-09
29800.04800076804 6.864577425836611e-09
29850.04800076804 1.2387105229700498e-08
29900.04800076804 1.1115313825982201e-08
29950.04800076804 7.601346705069047e-09
30000.04800076804 1.1520897714332243e-09
30050.04800076804 2.769533372300063e-09
30100.04800076804 6.2382889278540296e-09
30150.04800076804 1.126332833133657e-08
30200.04800076804 6.857978094106774e-09
30250.04800076804 1.7743552330385693e-08
30300.04800076804 1.5354011429539675e-08
30350.04800076804 7.970543690010748e-09
30400.04800076804 1.7036530333958808e-08
30450.04800076804 1.0663056400147356e-08
30500.04800076804 9.992975763219192e-09
30550.04800076804 7.821374247726865e-09
30600.04800076804 2.2450587146802616e-08
30650.04800076804 1.3721024842230423e-08
30700.04800076804 9.5721470335462e-09
30750.04800076804 1.3560888239617098e-08
30800.04800076804 9.817209389531009e-09
30850.04800076804 1.1528340191447902e-08
30900.04800076804 9.411661455965568e-09
30950.04800076804 5.2716398647964796e-09
31000.04800076804 7.830798104552553e-09
31050.04800076804 8.023950515190224e-09
31100.04800076804 4.839019854510412e-09
31150.04800076804 6.763695150498131e-09
31200.04800076804 1.1778893518026635e-08
31250.04800076804 5.180461585363666e-09
31300.04800076804 4.846308393219772e-09
31350.04800076804 6.413743064514971e-09
31400.04800076804 3.954747352267386e-09
31450.04800076804 5.260652093981462e-09
31500.04800076804 2.479399273012939e-09
31550.04800076804 3.3418757533832216e-09
31600.04800076804 2.4834135856910945e-09
31650.04800076804 1.940852936147896e-09
31700.04800076804 2.5531056235643804e-09
31750.04800076804 1.0385794565239588e-09
31800.04800076804 2.3449313587153566e-09
31850.04800076804 7.484250623801979e-10
31900.04800076804 1.5954174233674783e-09
31950.04800076804 8.965885311005075e-10
32000.04800076804 9.53008415859192e-10
32050.04800076804 9.188423580772512e-10
32100.04800076804 6.959977115597774e-10
32150.04800076804 1.0134346295353516e-09
32200.04800076804 5.612192435165878e-10
32250.04800076804 1.252141269425812e-09
32300.04800076804 4.47760182155578e-10
32350.04800076804 1.4227805815375567e-09
32400.04800076804 4.5097023854021107e-10
32450.04800076804 1.1173038140187975e-09
32500.04800076804 5.712969182715813e-10
32550.04800076804 1.086689962351577e-09
32600.04800076804 6.964398978573136e-10
32650.04800076804 1.6803350857456966e-09
32700.04800076804 9.245235931116433e-10
32750.04800076804 2.7557944163351675e-09
32800.04800076804 2.1692837825975325e-09
32850.04800076804 4.155017232579007e-09
32900.04800076804 3.863410891570328e-09
32950.04800076804 4.27876856946945e-09
33000.04800076804 2.1523970255083736e-09
33050.04800076804 2.498736107381436e-09
33100.04800076804 8.432982802029801e-10
33150.04800076804 6.3751786833423365e-12
33200.04800076804 4.899331680352231e-11
33250.04800076804 6.238534694145159e-11
33300.04800076804 2.369487882459804e-10
33350.04800076804 6.662309419307338e-10
33400.04800076804 1.5267695708109127e-09
33450.04800076804 1.1783973611921267e-09
33500.04800076804 3.3069601688878185e-09
33550.04800076804 1.3719611453697188e-09
33600.04800076804 2.2228145174811726e-09
33650.04800076804 2.305895859162836e-09
33700.04800076804 1.1829278005753348e-09
33750.04800076804 2.9843808969378157e-09
33800.04800076804 6.166949980351769e-10
33850.04800076804 1.613900415098151e-09
33900.04800076804 1.7076981651250587e-09
33950.04800076804 1.5546048904322739e-09
34000.04800076804 2.8088531809739865e-09
34050.04800076804 6.083400513652444e-10
34100.04800076804 2.2277545847233502e-09
34150.04800076804 9.966129664920556e-10
34200.04800076804 2.131825035126554e-09
34250.04800076804 1.7136117176108315e-09
34300.04800076804 1.3206877774634624e-09
34350.04800076804 3.124457266493192e-09
34400.04800076804 1.1009016338415926e-09
34450.04800076804 3.1288512118931156e-09
34500.04800076804 1.7988129723575281e-09
34550.04800076804 1.3320213811758474e-09
34600.04800076804 4.499948615341196e-09
34650.04800076804 1.026037655943294e-09
34700.04800076804 2.933935524945701e-09
34750.04800076804 2.2993730497444436e-09
34800.04800076804 1.4864704866634043e-09
34850.04800076804 4.760176391133631e-09
34900.04800076804 1.930119555751091e-09
34950.04800076804 3.891135832229121e-09
35000.04800076804 5.946916013018782e-09
35050.04800076804 3.1010926647642732e-09
35100.04800076804 7.581669713363649e-09
35150.04800076804 6.237931088120314e-09
35200.04800076804 5.612671739283586e-09
35250.04800076804 8.351987260972074e-09
35300.04800076804 3.4207230895183944e-09
35350.04800076804 6.105226153922406e-09
35400.04800076804 4.938961908482486e-09
35450.04800076804 3.951208353075988e-09
35500.04800076804 1.1761343131967428e-08
35550.04800076804 6.6988763326397425e-09
35600.04800076804 8.586961380525601e-09
35650.04800076804 9.291912163155417e-09
35700.04800076804 7.200572968503664e-09
35750.04800076804 1.5043343225465326e-08
35800.04800076804 9.8057618419809e-09
35850.04800076804 5.688183880889395e-09
35900.04800076804 9.828512811692033e-09
35950.04800076804 1.1765481442374237e-08
36000.04800076804 8.779111618515667e-09
36050.04800076804 1.0001485860652577e-08
36100.04800076804 8.612580179617237e-09
36150.04800076804 1.673413539365705e-08
36200.04800076804 1.6831183462356745e-08
36250.04800076804 1.3626873981039993e-08
36300.04800076804 2.2440176331970576e-08
36350.04800076804 1.6918652960146557e-08
36400.04800076804 2.5174981024735323e-08
36450.04800076804 1.8961107197492483e-08
36500.04800076804 2.0132270559316066e-08
36550.04800076804 3.380845865555148e-08
36600.04800076804 3.802371041535655e-08
36650.04800076804 2.7947823992057494e-08
36700.04800076804 2.7416340273883714e-08
36750.04800076804 3.715493331358575e-08
36800.04800076804 3.81299642492162e-08
36850.04800076804 2.4850187618999043e-08
36900.04800076804 3.158078239175297e-08
36950.04800076804 3.9699495844468594e-08
37000.04800076804 3.105738300765674e-08
37050.04800076804 4.165607121319721e-08
37100.04800076804 2.8731887968124892e-08
37150.04800076804 3.744397598366542e-08
37200.04800076804 5.055065644969496e-08
37250.04800076804 3.122116100618174e-08
37300.04800076804 2.7865331581842388e-08
37350.04800076804 4.348853198594578e-08
37400.04800076804 6.269345696228347e-08
37450.04800076804 3.1060506305371746e-08
37500.04800076804 3.594772269440257e-08
37550.04800076804 6.846070193068605e-08
37600.04800076804 8.542714947259891e-08
37650.04800076804 3.80240513268256e-08
37700.04800076804 5.996471956352069e-08
37750.04800076804 4.219779022499478e-08
37800.04800076804 5.034988411896269e-08
37850.04800076804 3.058549357990218e-08
37900.04800076804 3.9365121533927845e-08
37950.04800076804 5.4951931961349026e-08
38000.04800076804 5.985168155243467e-08
38050.04800076804 6.198779238183206e-08
38100.04800076804 8.168362232742968e-08
38150.04800076804 8.169806954193648e-08
38200.04800076804 7.086219842030936e-08
38250.04800076804 7.808971948883985e-08
38300.04800076804 1.178988440288432e-07
38350.04800076804 1.0401532124181186e-07
38400.04800076804 5.9163946850584665e-08
38450.04800076804 4.5339256365159075e-08
38500.04800076804 3.436125700411121e-08
38550.04800076804 6.744623875665794e-08
38600.04800076804 7.256672685517598e-08
38650.04800076804 8.511630225508743e-08
38700.04800076804 8.931581214034989e-08
38750.04800076804 8.774575796048605e-08
38800.04800076804 7.296311763233536e-08
38850.04800076804 9.478432084254921e-08
38900.04800076804 1.0169795311438553e-07
38950.04800076804 7.317742761384191e-08
39000.04800076804 1.0519521746454156e-07
39050.04800076804 7.724936836163544e-08
39100.04800076804 9.124028037249305e-08
39150.04800076804 1.0606048780117386e-07
39200.04800076804 9.203059363832585e-08
39250.04800076804 1.1296302374784172e-07
39300.04800076804 9.893341311976371e-08
39350.04800076804 1.412677260680798e-07
39400.04800076804 1.0814813672598804e-07
39450.04800076804 1.2338060853046533e-07
39500.04800076804 1.368747165769342e-07
39550.04800076804 1.0134925788241602e-07
39600.04800076804 1.2007903576012733e-07
39650.04800076804 1.6500337117928708e-07
39700.04800076804 1.3879811942930762e-07
39750.04800076804 8.272173449716102e-08
39800.04800076804 9.842361498688761e-08
39850.04800076804 1.6679920657802986e-07
39900.04800076804 1.7153535514728637e-07
39950.04800076804 1.2385785471987752e-07
40000.04800076804 1.7188435615346104e-07
40050.04800076804 1.6024562513340796e-07
40100.04800076804 8.143844117947764e-08
40150.04800076804 1.6046699489861705e-07
40200.04800076804 1.7361810367699473e-07
40250.04800076804 1.8217801348076317e-07
40300.04800076804 1.7688414808328768e-07
40350.04800076804 1.125788350440905e-07
40400.04800076804 1.6976167913315825e-07
40450.04800076804 1.2229878870925102e-07
40500.04800076804 1.8419826860318567e-07
40550.04800076804 1.758106267162395e-07
40600.04800076804 1.7733164806666595e-07
40650.04800076804 1.4965914498942527e-07
40700.04800076804 2.361090988205984e-07
40750.04800076804 1.7821495419887132e-07
40800.04800076804 1.2528130213332304e-07
40850.04800076804 2.299899235728284e-07
40900.04800076804 2.2310515759082017e-07
40950.04800076804 1.569883169049918e-07
41000.04800076804 1.8717031262259923e-07
41050.04800076804 2.3482360325589837e-07
41100.04800076804 1.9238005160723e-07
41150.04800076804 1.123519938215128e-07
41200.04800076804 2.265138730016207e-07
41250.04800076804 2.0058432434359368e-07
41300.04800076804 1.9602109417463683e-07
41350.04800076804 2.4719976823565425e-07
41400.04800076804 2.1024923543749225e-07
41450.04800076804 2.3123186509452586e-07
41500.04800076804 1.7057969101215598e-07
41550.04800076804 1.5384418396932813e-07
41600.04800076804 1.8477253124869123e-07
41650.04800076804 2.2697580371023962e-07
41700.04800076804 2.1816307827405164e-07
41750.04800076804 2.0206606084714087e-07
41800.04800076804 2.4727171691374954e-07
41850.04800076804 1.619115490258402e-07
41900.04800076804 1.605004353981492e-07
41950.04800076804 2.0262497107604813e-07
42000.04800076804 2.1530793388513824e-07
42050.04800076804 1.8164432614760483e-07
42100.04800076804 2.3364418045402325e-07
42150.04800076804 1.7439694140878884e-07
42200.04800076804 1.8125725088898916e-07
42250.04800076804 1.6249609328258106e-07
42300.04800076804 1.5449840665438581e-07
42350.04800076804 1.9823297558301184e-07
42400.04800076804 2.1412476788791327e-07
42450.04800076804 1.8430535790182564e-07
42500.04800076804 1.8674086391942943e-07
42550.04800076804 1.7286796162582609e-07
42600.04800076804 1.8110676407418378e-07
42650.04800076804 2.4527093248486555e-07
42700.04800076804 1.4868549315076302e-07
42750.04800076804 1.49348467836664e-07
42800.04800076804 1.8670860123659307e-07
42850.04800076804 2.0996938856662335e-07
42900.04800076804 2.1715179644121243e-07
42950.04800076804 1.657957539275117e-07
43000.04800076804 2.0363431673922208e-07
43050.04800076804 1.0344704377445469e-07
43100.04800076804 1.774936505602129e-07
43150.04800076804 1.6352482545031911e-07
43200.04800076804 1.8304606834815555e-07
43250.04800076804 2.640825317337565e-07
43300.04800076804 2.3694055991882756e-07
43350.04800076804 1.2897239426023806e-07
43400.04800076804 1.84177228480277e-07
43450.04800076804 1.4423178445553977e-07
43500.04800076804 1.5972086716904805e-07
43550.04800076804 1.4760425179720675e-07
43600.04800076804 2.1334490785125984e-07
