galfind/configs/Brown_Dwarf_templates/sonora_cholla/logkzz7/1780g/750K_1780g_logkzz7_resample.dat
# %ECSV 1.0
# ---
# datatype:
# - {name: wav, unit: Angstrom, datatype: float64}
# - {name: flux_nu, unit: erg / (cm2 Hz s), datatype: float64}
# schema: astropy-2.0
wav flux_nu
[from data line 1210]
63500.04800076804 3.7521846097195946e-08
63550.04800076804 4.8934654606344065e-08
63600.04800076804 4.285997149841098e-08
63650.04800076804 3.106510214223633e-08
63700.04800076804 1.1436631350404156e-08
63750.04800076804 2.4281400026915315e-08
63800.04800076804 4.866567256720241e-08
63850.04800076804 3.813571161591454e-08
63900.04800076804 1.550595110369801e-08
63950.04800076804 3.0543881319606314e-08
64000.04800076804 3.9791350793304914e-08
64050.04800076804 1.845235122611125e-08
64100.04800076804 4.881342662898892e-09
64150.04800076804 7.611246032239192e-09
64200.04800076804 9.305474641526848e-09
64250.04800076804 2.264657189001207e-08
64300.04800076804 1.8144746939677497e-08
64350.04800076804 1.3127274921335952e-08
64400.04800076804 3.205513499923315e-08
64450.04800076804 3.416028797977407e-08
64500.04800076804 1.444405562972161e-08
64550.04800076804 2.8733462931737594e-08
64600.04800076804 1.9164946115736685e-08
64650.04800076804 2.9048846928417502e-08
64700.04800076804 1.0340150266695067e-08
64750.04800076804 1.5342899256283243e-08
64800.04800076804 1.0249067447502775e-08
64850.04800076804 8.271136597870886e-09
64900.04800076804 8.88425597542482e-09
64950.04800076804 7.640173141735522e-09
65000.04800076804 1.1936239153709241e-08
65050.04800076804 1.9648984437413407e-08
65100.04800076804 2.5775846300905198e-08
65150.04800076804 1.460994238417906e-08
65200.04800076804 7.568442013786729e-09
65250.04800076804 1.6964215776193588e-08
65300.04800076804 2.0139941568902735e-08
65350.04800076804 4.345505641296236e-08
65400.04800076804 1.8081477988967285e-08
65450.04800076804 1.794830934930995e-08
65500.04800076804 2.1369541573263483e-08
65550.04800076805 1.0367675834494067e-08
65600.04800076805 2.117487796631593e-08
65650.04800076805 1.4974253347163117e-08
65700.04800076805 1.397717939015872e-08
65750.04800076805 9.614171635710943e-09
65800.04800076805 1.9053216854578252e-08
65850.04800076805 2.783183477783567e-08
65900.04800076805 8.809807407818419e-09
65950.04800076805 1.2824714968834418e-08
66000.04800076805 1.608644097710864e-08
66050.04800076805 3.321038024228678e-08
66100.04800076805 1.8739508282268055e-08
66150.04800076805 1.7469765373901967e-08
66200.04800076805 1.5850367369003916e-08
66250.04800076805 1.0605396229452587e-08
66300.04800076805 4.861307420596026e-09
66350.04800076805 5.16667686455481e-09
66400.04800076805 9.228349427938213e-09
66450.04800076805 2.3364446556551723e-08
66500.04800076805 3.350581532544284e-08
66550.04800076805 3.05310806379426e-08
66600.04800076805 2.4250306866549186e-08
66650.04800076805 1.9655998900273994e-08
66700.04800076805 1.4274501776233163e-08
66750.04800076805 1.4631652690819839e-08
66800.04800076805 1.807809724054731e-08
66850.04800076805 1.188511351771649e-08
66900.04800076805 3.424621126333534e-08
66950.04800076805 3.3452346160009796e-08
67000.04800076805 4.1648055280661447e-08
67050.04800076805 2.182929275454101e-08
67100.04800076805 1.3875871513555445e-08
67150.04800076805 1.7056363469977697e-08
67200.04800076805 2.5489196984369378e-08
67250.04800076805 2.2064669317205722e-08
67300.04800076805 3.283172042524243e-08
67350.04800076805 1.54888317180483e-08
67400.04800076805 3.683143859116459e-08
67450.04800076805 2.319213104530103e-08
67500.04800076805 2.299347351893059e-08
67550.04800076805 4.037934138923053e-08
67600.04800076805 6.493231082978316e-08
67650.04800076805 4.660161829906856e-08
67700.04800076805 2.8997023490775517e-08
67750.04800076805 1.9429829909475966e-08
67800.04800076805 2.8551186207132426e-08
67850.04800076805 1.3373657965212314e-08
67900.04800076805 1.6917580224195074e-08
67950.04800076805 1.2652715856986432e-08
68000.04800076805 2.8066725801946172e-08
68050.04800076805 3.0152882187820385e-08
68100.04800076805 4.420337995522544e-08
68150.04800076805 3.8279446664043044e-08
68200.04800076805 3.234105972214928e-08
68250.04800076805 8.468066419773357e-09
68300.04800076805 3.3174801973987745e-08
68350.04800076805 3.321747601377315e-08
68400.04800076805 5.1776871257884656e-08
68450.04800076805 4.3287792470002896e-08
68500.04800076805 2.9136563667057965e-08
68550.04800076805 1.334574556135756e-08
68600.04800076805 1.4307271448832494e-08
68650.04800076805 7.49607369324981e-09
68700.04800076805 1.7723280153655644e-08
68750.04800076805 2.8061306251674212e-08
68800.04800076805 3.1401947090484545e-08
68850.04800076805 1.4185984547176622e-08
68900.04800076805 4.8259668154492354e-08
68950.04800076805 5.0747030336125134e-08
69000.04800076805 3.6009121998570984e-08
69050.04800076805 1.8473270838796005e-08
69100.04800076805 4.392176114490629e-08
69150.04800076805 5.9514138884861204e-08
69200.04800076805 4.037510994080418e-08
69250.04800076805 6.097336093256563e-08
69300.04800076805 4.207401935427107e-08
69350.04800076805 6.118986964329067e-08
69400.04800076805 2.4319115834929923e-08
69450.04800076805 5.581164580364033e-08
69500.04800076805 2.907686931535178e-08
69550.04800076805 2.510387668195474e-08
69600.04800076805 7.485581534512365e-09
69650.04800076805 2.4618819259352772e-08
69700.04800076805 4.538766842587447e-08
69750.04800076805 2.8584315993411888e-08
69800.04800076805 4.310052087774029e-08
69850.04800076805 4.68202827328206e-08
69900.04800076805 3.3281507240156735e-08
69950.04800076805 3.126542660426858e-08
70000.04800076805 3.0572724434686135e-08
70050.04800076805 5.7350090456067245e-08
70100.04800076805 3.9858185246286974e-08
70150.04800076805 3.8186297284141425e-08
70200.04800076805 2.4581940371705724e-08
70250.04800076805 3.285077972449261e-08
70300.04800076805 5.54140295578279e-08
70350.04800076805 4.247583377615129e-08
70400.04800076805 2.374353826394997e-08
70450.04800076805 5.883419694907711e-09
70500.04800076805 1.9683160395300578e-08
70550.04800076805 1.911697397943181e-08
70600.04800076805 2.179449694013785e-08
70650.04800076805 4.4852316879265296e-08
70700.04800076805 4.625807658597317e-08
70750.04800076805 6.641090262761981e-08
70800.04800076805 3.272868471788289e-08
70850.04800076805 3.201253892115977e-08
70900.04800076805 3.7910073054954426e-08
70950.04800076805 5.1517139352752666e-08
71000.04800076805 4.85581057534046e-08
71050.04800076805 4.8708403177736505e-08
71100.04800076805 4.027275509044871e-08
71150.04800076805 2.7684421833632483e-08
71200.04800076805 2.5419855374142088e-08
71250.04800076805 3.90869942996917e-08
71300.04800076805 5.080760915961281e-08
71350.04800076805 5.199086482143539e-08
71400.04800076805 4.263695843872336e-08
71450.04800076805 1.9302990659268442e-08
71500.04800076805 2.3413502128227438e-08
71550.04800076805 2.6230486539804578e-08
71600.04800076805 3.356164099437546e-08
71650.04800076805 2.203397194145826e-08
71700.04800076805 1.6503079833210886e-08
71750.04800076805 3.225058992603141e-08
71800.04800076805 4.463732911236913e-08
71850.04800076805 4.341170783748901e-08
71900.04800076805 2.423571396588928e-08
71950.04800076805 3.4343070375922084e-08
72000.04800076805 3.146229540253405e-08
72050.04800076805 1.6984132198498013e-08
72100.04800076805 2.1307174337430225e-08
72150.04800076805 2.2857903456036078e-08
72200.04800076805 3.322312582989959e-08
72250.04800076805 4.7573127107071684e-08
72300.04800076805 3.0419305041144464e-08
72350.04800076805 3.3776170115103055e-08
72400.04800076805 3.154227000220888e-08
72450.04800076805 2.6021892882851845e-08
72500.04800076805 3.435571133821022e-08
72550.04800076805 1.3437427823288291e-08
72600.04800076805 2.371800662060473e-08
72650.04800076805 4.091027747937593e-08
72700.04800076805 2.6423491798535608e-08
72750.04800076805 2.768255528942103e-08
72800.04800076805 1.748372576175256e-08
72850.04800076805 2.2709460115618865e-08
72900.04800076805 4.429042883173678e-08
72950.04800076805 2.7047347865594707e-08
73000.04800076805 2.792769741846438e-08
73050.04800076805 1.6232308062917123e-08
73100.04800076805 1.9731193570007568e-08
73150.04800076805 4.4620329731152276e-08
73200.04800076805 1.9523131532325635e-08
73250.04800076805 2.543192566445796e-08
73300.04800076805 1.9589948140029183e-08
73350.04800076805 1.4155444305379223e-08
73400.04800076805 2.4426239530709707e-08
73450.04800076805 1.5100833757342035e-08
73500.04800076805 1.3807936448115126e-08
73550.04800076805 2.3922456250310214e-08
73600.04800076805 2.3530772323309456e-08
73650.04800076805 2.416615024714076e-08
73700.04800076805 2.3750775574813846e-08
73750.04800076805 9.724514434668961e-09
73800.04800076805 2.0853205224040685e-08
73850.04800076805 2.86914024589351e-08
73900.04800076805 1.779312386807314e-08
73950.04800076805 1.8245224656542776e-08
74000.04800076805 1.1138454774043337e-08
74050.04800076805 3.43183132672127e-08
74100.04800076805 2.3444767900940507e-08
74150.04800076805 2.445943817744254e-08
74200.04800076805 1.5991963475144293e-08
74250.04800076805 4.606383162263656e-09
74300.04800076805 2.3716736363466515e-08
74350.04800076805 3.2682462930699245e-08
74400.04800076805 3.106515910133898e-08
74450.04800076805 1.375558912195486e-08
74500.04800076805 8.954867128336507e-09
74550.04800076805 1.7802448836946317e-08
74600.04800076805 1.9887889689414654e-08
74650.04800076805 1.9628134597395286e-08
74700.04800076805 1.3790115179892202e-08
74750.04800076805 1.1084221213746365e-08
74800.04800076805 1.4748555082648011e-08
74850.04800076805 2.204877162759442e-08
74900.04800076805 3.186216812049633e-08
74950.04800076805 3.000541716051778e-08
75000.04800076805 1.580181310196328e-08
75050.04800076805 6.610003922455487e-09
75100.04800076805 3.0356667468154536e-08
75150.04800076805 3.248343138366341e-08
75200.04800076805 3.289512456845949e-08
75250.04800076805 3.590982872526152e-08
75300.04800076805 2.9403812277014065e-08
75350.04800076805 1.0800071084594124e-08
75400.04800076805 3.885048268279414e-08
75450.04800076805 3.408580860759586e-08
75500.04800076805 3.108359222025387e-08
75550.04800076805 3.040752886383935e-08
75600.04800076805 3.866592991271973e-08
75650.04800076805 2.3478009586685357e-08
75700.04800076805 3.6183982276187417e-08
75750.04800076805 2.244036190962101e-08
75800.04800076805 3.151709722109133e-08
75850.04800076805 3.709638857993713e-08
75900.04800076805 3.458999454340052e-08
75950.04800076805 1.9191819391357643e-08
76000.04800076805 3.985605748463718e-08
76050.04800076805 3.563918260931283e-08
76100.04800076805 3.405769415608248e-08
76150.04800076805 3.725900208302183e-08
76200.04800076805 3.396168129911343e-08
76250.04800076805 2.7225273503126356e-08
76300.04800076805 5.735144698774277e-08
76350.04800076805 6.286865042236504e-08
76400.04800076805 4.764077469224741e-08
76450.04800076805 3.979477138909183e-08
76500.04800076805 3.0697418844571576e-08
76550.04800076805 1.4099010030211105e-08
76600.04800076805 4.049814393404147e-09
76650.04800076805 5.1961034950427965e-09
76700.04800076805 7.075309362388875e-09
76750.04800076805 6.904907803280278e-09
76800.04800076805 1.3761047004430317e-08
76850.04800076805 6.266748296625899e-09
76900.04800076805 6.261731018632844e-09
76950.04800076805 1.3373058975567294e-08
77000.04800076805 1.7732581799524904e-08
77050.04800076805 6.879065440952696e-09
77100.04800076805 9.033868145860108e-09
77150.04800076805 2.0390275394719012e-08
77200.04800076805 1.406282627701971e-08
77250.04800076805 1.3906836297454786e-08
77300.04800076805 1.8949126544683988e-08
77350.04800076805 9.338808511599891e-09
77400.04800076805 1.1863789017400217e-08
77450.04800076805 2.165779016071159e-08
77500.04800076805 1.7028892391651364e-08
77550.04800076805 1.553449006034132e-08
77600.04800076805 1.1902759685623328e-08
77650.04800076805 1.447904537364788e-08
77700.04800076805 1.334966369870664e-08
77750.04800076805 2.5555284638925575e-08
77800.04800076805 2.490327079748241e-08
77850.04800076805 4.165993082883873e-08
77900.04800076805 2.3270122011230477e-08
77950.04800076805 8.637763834770324e-09
78000.04800076805 1.9157018655173873e-08
78050.04800076805 1.976249989513498e-08
78100.04800076805 2.052143308560971e-08
78150.04800076805 3.323975686318109e-08
78200.04800076805 3.7816780120242385e-08
78250.04800076805 3.542463915876329e-08
78300.04800076805 1.9987055346749848e-08
78350.04800076805 3.025698266398928e-08
78400.04800076805 1.3982202250127341e-08
78450.04800076805 3.019863392676034e-08
78500.04800076805 4.15725548422748e-08
78550.04800076805 4.6560982487240916e-08
78600.04800076805 3.58730015044217e-08
78650.04800076805 7.918955026696358e-09
78700.04800076805 1.5189380520102936e-08
78750.04800076805 2.244375782131693e-08
78800.04800076805 2.4020801433039543e-08
78850.04800076805 1.0502953808331396e-08
78900.04800076805 2.322168346065927e-08
78950.04800076805 3.0617722801825635e-08
79000.04800076805 2.643388719437133e-08
79050.04800076805 2.1328084799865403e-08
79100.04800076805 2.746816068561865e-08
79150.04800076805 2.389435586459992e-08
79200.04800076805 2.826513549635246e-08
79250.04800076805 1.7085739744139568e-08
79300.04800076805 1.7284991654052828e-08
79350.04800076805 2.4551406190659496e-08
79400.04800076805 1.4576693092392015e-08
79450.04800076805 3.781657153328732e-08
79500.04800076805 5.0362838176502946e-08
79550.04800076805 4.188417110498055e-08
79600.04800076805 2.0409948417121397e-08
79650.04800076805 3.244556431440429e-08
79700.04800076805 2.7825807425668753e-08
79750.04800076805 2.776175218382403e-08
79800.04800076805 1.820940294806358e-08
79850.04800076805 3.110466016829195e-08
79900.04800076805 5.629477484007832e-08
79950.04800076805 5.040969679845549e-08
