galfind/configs/Brown_Dwarf_templates/sonora_cholla/logkzz7/1780g/750K_1780g_logkzz7_resample.dat
# %ECSV 1.0
# ---
# datatype:
# - {name: wav, unit: Angstrom, datatype: float64}
# - {name: flux_nu, unit: erg / (cm2 Hz s), datatype: float64}
# schema: astropy-2.0
wav flux_nu
[from data line 417]
23850.04800076804 7.708126981156166e-10
23900.04800076804 1.434159040872609e-09
23950.04800076804 1.0446392449228218e-09
24000.04800076804 1.7937514811123403e-09
24050.04800076804 1.8219792753998613e-09
24100.04800076804 1.7151733894411665e-09
24150.04800076804 2.2687031459323654e-09
24200.04800076804 2.153708210060888e-09
24250.04800076804 1.6511006302314043e-09
24300.04800076804 2.789516695492617e-09
24350.04800076804 1.902481905387962e-09
24400.04800076804 3.6531063354407313e-09
24450.04800076804 3.218922743615599e-09
24500.04800076804 3.1006086996867365e-09
24550.04800076804 4.3056114923370774e-09
24600.04800076804 4.698587562127862e-09
24650.04800076804 5.522672542128632e-09
24700.04800076804 3.8178844438472695e-09
24750.04800076804 4.2724926327600555e-09
24800.04800076804 3.85392836391936e-09
24850.04800076804 6.065030777657708e-09
24900.04800076804 2.288441160032785e-09
24950.04800076804 4.688980610481188e-09
25000.04800076804 4.292291883156675e-09
25050.04800076804 2.335718770229686e-09
25100.04800076804 3.849704068926961e-09
25150.04800076804 1.9164145936158285e-09
25200.04800076804 2.7186490860334615e-09
25250.04800076804 1.1832348223918858e-09
25300.04800076804 1.7514960705310517e-09
25350.04800076804 8.002086986864524e-10
25400.04800076804 2.026372794826717e-09
25450.04800076804 8.442508378958443e-10
25500.04800076804 7.404709319846477e-10
25550.04800076804 1.4021915757316e-09
25600.04800076804 9.09109847110609e-10
25650.04800076804 4.4307843986911983e-10
25700.04800076804 7.622154687136517e-10
25750.04800076804 2.873977965486352e-10
25800.04800076804 1.106216956966009e-09
25850.04800076804 2.7974554278493377e-10
25900.04800076804 4.703580764449639e-10
25950.04800076804 1.6900702031376486e-10
26000.04800076804 1.0216875753648514e-09
26050.04800076804 2.471898550309355e-10
26100.04800076804 9.401125314117705e-10
26150.04800076804 4.983744358249035e-10
26200.04800076804 5.947854281082549e-10
26250.04800076804 2.2384770341930936e-09
26300.04800076804 7.5254388233212e-10
26350.04800076804 3.087754081832591e-09
26400.04800076804 3.583439608310064e-09
26450.04800076804 2.5611101392772764e-09
26500.04800076804 4.192246792354263e-09
26550.04800076804 1.018743272397982e-09
26600.04800076804 1.094793306328306e-09
26650.04800076804 3.015411413073065e-10
26700.04800076804 2.0240577973838818e-10
26750.04800076804 2.332588934665043e-10
26800.04800076804 4.56373032003184e-10
26850.04800076804 2.7858722838799325e-10
26900.04800076804 9.819508057279416e-10
26950.04800076804 4.0372904002691214e-10
27000.04800076804 1.5747406724595214e-09
27050.04800076804 1.692122146669559e-09
27100.04800076804 4.830960087145043e-10
27150.04800076804 2.3926502734745103e-09
27200.04800076804 4.725608460375586e-10
27250.04800076804 1.0143379330517767e-09
27300.04800076804 4.7257555666910285e-09
27350.04800076804 2.0607682283222894e-09
27400.04800076804 2.2856028179766098e-10
27450.04800076804 2.5230730793880345e-09
27500.04800076804 3.4303718099594475e-09
27550.04800076804 6.785316627800313e-10
27600.04800076804 1.6039386145926703e-09
27650.04800076804 5.697369663117152e-10
27700.04800076804 4.831824957593071e-10
27750.04800076804 2.0588307602280956e-09
27800.04800076804 8.306429678140207e-10
27850.04800076804 1.0408357498861537e-09
27900.04800076804 1.462905336592406e-09
27950.04800076804 2.9794083446780395e-09
28000.04800076804 2.1345317110741305e-09
28050.04800076804 5.375712484568468e-10
28100.04800076804 3.2632055407874556e-09
28150.04800076804 2.0432028286737666e-09
28200.04800076804 7.334054563493409e-10
28250.04800076804 3.994269436952377e-09
28300.04800076804 4.947815309556648e-09
28350.04800076804 8.97253387232091e-10
28400.04800076804 2.9361120473717407e-09
28450.04800076804 5.3405119509449666e-09
28500.04800076804 2.7621918303013262e-09
28550.04800076804 8.689434322972551e-10
28600.04800076804 4.8907606110316185e-09
28650.04800076804 4.034204671916082e-09
28700.04800076804 3.5413519922538434e-09
28750.04800076804 7.220710302783671e-09
28800.04800076804 5.691520296263607e-09
28850.04800076804 6.456648917988112e-09
28900.04800076804 3.0954343461859613e-09
28950.04800076804 8.410633330773464e-09
29000.04800076804 6.14604512332011e-09
29050.04800076804 6.854201045101455e-09
29100.04800076804 4.9521304305651695e-09
29150.04800076804 1.0917997730321766e-08
29200.04800076804 6.914879920348533e-09
29250.04800076804 1.0037834295247454e-08
29300.04800076804 5.700585872811243e-09
29350.04800076804 2.4338209084432892e-08
29400.04800076804 6.740841233261934e-09
29450.04800076804 8.038098814938087e-09
29500.04800076804 1.4733589899292726e-08
29550.04800076804 8.98395140154491e-09
29600.04800076804 1.2937275096900925e-08
29650.04800076804 1.5991585327686275e-08
29700.04800076804 7.155720826248242e-09
29750.04800076804 1.3204907965275168e-08
29800.04800076804 1.2820835514645403e-08
29850.04800076804 2.058707442976168e-08
29900.04800076804 1.987624145836142e-08
29950.04800076804 1.40377935398414e-08
30000.04800076804 3.1175487655264413e-09
30050.04800076804 5.981246329552899e-09
30100.04800076804 1.179529615013384e-08
30150.04800076804 1.9632397114431836e-08
30200.04800076804 1.2432676659428114e-08
30250.04800076804 2.931800717028515e-08
30300.04800076804 2.504237334458577e-08
30350.04800076804 1.5403216062805344e-08
30400.04800076804 2.7801405074048545e-08
30450.04800076804 1.7532900298331297e-08
30500.04800076804 1.7063558183308952e-08
30550.04800076804 1.4116455548391856e-08
30600.04800076804 3.249292630678859e-08
30650.04800076804 2.1422009472819354e-08
30700.04800076804 1.5868018162956506e-08
30750.04800076804 2.0487548251950264e-08
30800.04800076804 1.522476567147708e-08
30850.04800076804 1.7398863554139266e-08
30900.04800076804 1.5140770797946494e-08
30950.04800076804 8.679081847191867e-09
31000.04800076804 1.2319156971492279e-08
31050.04800076804 1.3062770514087333e-08
31100.04800076804 8.351864284713824e-09
31150.04800076804 1.085853719298495e-08
31200.04800076804 1.704063892611844e-08
31250.04800076804 8.362551035144103e-09
31300.04800076804 7.962937085584008e-09
31350.04800076804 9.500072019971906e-09
31400.04800076804 6.080277072229636e-09
31450.04800076804 8.224450119835865e-09
31500.04800076804 4.189047576372283e-09
31550.04800076804 5.443962477599827e-09
31600.04800076804 3.990407700103317e-09
31650.04800076804 3.2399802114332895e-09
31700.04800076804 4.357927613657024e-09
31750.04800076804 1.9038060955448026e-09
31800.04800076804 4.039224313616238e-09
31850.04800076804 1.5100891161272083e-09
31900.04800076804 2.9329298991401715e-09
31950.04800076804 1.739162815798306e-09
32000.04800076804 1.9146980800274344e-09
32050.04800076804 1.7833249555595846e-09
32100.04800076804 1.3738616335966112e-09
32150.04800076804 2.026448517955757e-09
32200.04800076804 1.1564466290427568e-09
32250.04800076804 2.533199849749985e-09
32300.04800076804 9.484926577664675e-10
32350.04800076804 2.8849306939425573e-09
32400.04800076804 1.0296584000304399e-09
32450.04800076804 2.306799433061856e-09
32500.04800076804 1.3330924053889834e-09
32550.04800076804 2.2287462250445836e-09
32600.04800076804 1.670290687770327e-09
32650.04800076804 3.3321403708012434e-09
32700.04800076804 2.134863034473245e-09
32750.04800076804 5.074558986288507e-09
32800.04800076804 4.2650849486517405e-09
32850.04800076804 7.207863315897737e-09
32900.04800076804 6.8918333081598435e-09
32950.04800076804 7.611812858841042e-09
33000.04800076804 4.354514187448648e-09
33050.04800076804 4.9381564973487715e-09
33100.04800076804 1.841450241797208e-09
33150.04800076804 2.6483191699324716e-11
33200.04800076804 1.2418809528501274e-10
33250.04800076804 1.3366303890092755e-10
33300.04800076804 4.0306489636824373e-10
33350.04800076804 1.1220272239489676e-09
33400.04800076804 2.4161592680212284e-09
33450.04800076804 2.161915170502519e-09
33500.04800076804 5.4122634639897644e-09
33550.04800076804 2.6502461181121225e-09
33600.04800076804 4.232709035577336e-09
33650.04800076804 4.2475398133201654e-09
33700.04800076804 2.4419729228829393e-09
33750.04800076804 5.539896590996257e-09
33800.04800076804 1.372923748689977e-09
33850.04800076804 3.1712062496946755e-09
33900.04800076804 3.289936508930433e-09
33950.04800076804 3.1115534572300862e-09
34000.04800076804 5.10605956701169e-09
34050.04800076804 1.2806315500884664e-09
34100.04800076804 4.140401718748046e-09
34150.04800076804 1.9803589004266693e-09
34200.04800076804 3.836725706598288e-09
34250.04800076804 3.2414792699306977e-09
34300.04800076804 2.4590643828743485e-09
34350.04800076804 5.3107977948530924e-09
34400.04800076804 2.183334459711339e-09
34450.04800076804 5.446926874338762e-09
34500.04800076804 3.2947642031531033e-09
34550.04800076804 2.32009087370944e-09
34600.04800076804 7.113011191272194e-09
34650.04800076804 1.9752042295002816e-09
34700.04800076804 4.6928232009834674e-09
34750.04800076804 4.014367617369232e-09
34800.04800076804 2.4766626195452997e-09
34850.04800076804 7.275937418013422e-09
34900.04800076804 3.674450376879815e-09
34950.04800076804 6.0085339878234735e-09
35000.04800076804 9.134958780803317e-09
35050.04800076804 4.931134660327901e-09
35100.04800076804 1.1078632291847943e-08
35150.04800076804 9.256844989691892e-09
35200.04800076804 8.82705479732289e-09
35250.04800076804 1.2514616926042789e-08
35300.04800076804 5.673943909805202e-09
35350.04800076804 9.90463046021785e-09
35400.04800076804 8.435534448358682e-09
35450.04800076804 6.764339196050513e-09
35500.04800076804 1.780566189871014e-08
35550.04800076804 1.0696167831642344e-08
35600.04800076804 1.3245987607545182e-08
35650.04800076804 1.432820890123032e-08
35700.04800076804 1.0582702529308022e-08
35750.04800076804 2.1916007550142173e-08
35800.04800076804 1.5318634364576916e-08
35850.04800076804 9.391924149344897e-09
35900.04800076804 1.579996820773646e-08
35950.04800076804 1.80055107826798e-08
36000.04800076804 1.3374084590277135e-08
36050.04800076804 1.5968095852390002e-08
36100.04800076804 1.3733386939912363e-08
36150.04800076804 2.4007108486983563e-08
36200.04800076804 2.4097520001357927e-08
36250.04800076804 2.0966338201912153e-08
36300.04800076804 3.125805461257073e-08
36350.04800076804 2.49548353316771e-08
36400.04800076804 3.566174475498149e-08
36450.04800076804 2.8374432240439565e-08
36500.04800076804 2.9548587393462182e-08
36550.04800076804 4.6425190605472645e-08
36600.04800076804 5.192125013628434e-08
36650.04800076804 4.108361459977833e-08
36700.04800076804 4.0196075185176846e-08
36750.04800076804 5.1609657397640904e-08
36800.04800076804 5.2249256716263464e-08
36850.04800076804 3.687387924533944e-08
36900.04800076804 4.548766429123082e-08
36950.04800076804 5.4590492522467265e-08
37000.04800076804 4.456855019106508e-08
37050.04800076804 5.737496471895316e-08
37100.04800076804 4.3968723665649705e-08
37150.04800076804 5.390294439773436e-08
37200.04800076804 6.818306272113768e-08
37250.04800076804 4.541785837125778e-08
37300.04800076804 4.2172823808318674e-08
37350.04800076804 6.18622696483648e-08
37400.04800076804 8.535677816037554e-08
37450.04800076804 4.695962223236748e-08
37500.04800076804 5.209679252368145e-08
37550.04800076804 9.205343394598468e-08
37600.04800076804 1.112831778438451e-07
37650.04800076804 5.563998323494268e-08
37700.04800076804 8.368365639611553e-08
37750.04800076804 5.945718071132074e-08
37800.04800076804 7.129038467658283e-08
37850.04800076804 4.542408751393021e-08
37900.04800076804 5.795396140769692e-08
37950.04800076804 7.783463482015117e-08
38000.04800076804 8.634102219193808e-08
38050.04800076804 8.501788880585505e-08
38100.04800076804 1.0836864206832314e-07
38150.04800076804 1.0718459158999093e-07
38200.04800076804 9.770036045861032e-08
38250.04800076804 1.0427094267972545e-07
38300.04800076804 1.5075677835726216e-07
38350.04800076804 1.3699903606100524e-07
38400.04800076804 8.279450034192839e-08
38450.04800076804 6.999604548073309e-08
38500.04800076804 5.324044263068233e-08
38550.04800076804 9.354955864690051e-08
38600.04800076804 9.915756488334444e-08
38650.04800076804 1.171034051782065e-07
38700.04800076804 1.229569424502263e-07
38750.04800076804 1.208027681235144e-07
38800.04800076804 1.0000212865081051e-07
38850.04800076804 1.2945190215556115e-07
38900.04800076804 1.382675277442782e-07
38950.04800076804 1.0298470938109126e-07
39000.04800076804 1.4234750137254152e-07
39050.04800076804 1.1001661204009656e-07
39100.04800076804 1.2516223072558434e-07
39150.04800076804 1.40329821874483e-07
39200.04800076804 1.2442476682677478e-07
39250.04800076804 1.5244235678745173e-07
39300.04800076804 1.3625686460465342e-07
39350.04800076804 1.8409056395315496e-07
39400.04800076804 1.4781200429007833e-07
39450.04800076804 1.635538465548479e-07
39500.04800076804 1.7776524744323037e-07
39550.04800076804 1.4129825091136963e-07
39600.04800076804 1.6085075393320925e-07
39650.04800076804 2.1272095305494174e-07
39700.04800076804 1.803241459932642e-07
39750.04800076804 1.1595347949951813e-07
39800.04800076804 1.3959975322449934e-07
39850.04800076804 2.1510523316002453e-07
39900.04800076804 2.192675990262307e-07
39950.04800076804 1.6883812376355273e-07
40000.04800076804 2.2393413375708965e-07
40050.04800076804 2.091702538245134e-07
40100.04800076804 1.1854713889570806e-07
40150.04800076804 2.1308776911885256e-07
40200.04800076804 2.253993179336635e-07
40250.04800076804 2.331480142269739e-07
40300.04800076804 2.292985822461141e-07
40350.04800076804 1.5555270186204554e-07
40400.04800076804 2.2506090290108452e-07
40450.04800076804 1.7061622518836236e-07
40500.04800076804 2.3774936830136975e-07
40550.04800076804 2.298965733837235e-07
40600.04800076804 2.2956287032678246e-07
40650.04800076804 2.013737358240196e-07
40700.04800076804 3.012370223760876e-07
40750.04800076804 2.3169252559366248e-07
40800.04800076804 1.7166442777528622e-07
40850.04800076804 2.9201275601764557e-07
40900.04800076804 2.834015657240167e-07
40950.04800076804 2.0677204317518242e-07
41000.04800076804 2.4332736363126577e-07
41050.04800076804 2.9463335094002876e-07
41100.04800076804 2.4323632789821276e-07
41150.04800076804 1.568376276642112e-07
41200.04800076804 2.8891027875022546e-07
41250.04800076804 2.5662671859933684e-07
41300.04800076804 2.4271046673030204e-07
41350.04800076804 3.0868048625680604e-07
41400.04800076804 2.6598557427202013e-07
41450.04800076804 2.895386425693465e-07
41500.04800076804 2.2175995094756117e-07
41550.04800076804 2.0053190715913745e-07
41600.04800076804 2.4039779392381685e-07
41650.04800076804 2.83182014317448e-07
41700.04800076804 2.652317337150115e-07
41750.04800076804 2.504818524773471e-07
41800.04800076804 3.094156802035233e-07
41850.04800076804 1.9976651743201596e-07
41900.04800076804 2.0548702621579594e-07
41950.04800076804 2.5718483758527314e-07
42000.04800076804 2.7563111183046085e-07
42050.04800076804 2.2907003715034178e-07
42100.04800076804 2.9601196947364723e-07
42150.04800076804 2.1481203734083198e-07
42200.04800076804 2.2370561384204062e-07
42250.04800076804 2.0718593555410853e-07
42300.04800076804 1.9813198751089533e-07
42350.04800076804 2.447786990862789e-07
42400.04800076804 2.59430770483653e-07
42450.04800076804 2.222481384794162e-07
42500.04800076804 2.248734677306097e-07
42550.04800076804 2.0949406655049305e-07
42600.04800076804 2.2583211293705904e-07
42650.04800076804 3.003522049620311e-07
42700.04800076804 1.873714572181102e-07
42750.04800076804 1.846374578578104e-07
42800.04800076804 2.2165349788361313e-07
42850.04800076804 2.529438099000013e-07
42900.04800076804 2.6389631624245006e-07
42950.04800076804 1.9937174352313974e-07
43000.04800076804 2.487448839484334e-07
43050.04800076804 1.2732072134042768e-07
43100.04800076804 2.1487303058042554e-07
43150.04800076804 2.007430493465668e-07
43200.04800076804 2.2219555168661862e-07
43250.04800076804 3.144935271948926e-07
43300.04800076804 2.8852468325259665e-07
43350.04800076804 1.5837510822244277e-07
43400.04800076804 2.2454709574449882e-07
43450.04800076804 1.7436048874867355e-07
43500.04800076804 1.9661667609047422e-07
43550.04800076804 1.8328309112496378e-07
