galfind/configs/Brown_Dwarf_templates/sonora_cholla/logkzz7/1780g/800K_1780g_logkzz7_resample.dat
# %ECSV 1.0
# ---
# datatype:
# - {name: wav, unit: Angstrom, datatype: float64}
# - {name: flux_nu, unit: erg / (cm2 Hz s), datatype: float64}
# schema: astropy-2.0
wav flux_nu
[from data line 813]
43650.04800076804 1.7039576075209343e-07
43700.04800076804 3.080037676775943e-07
43750.04800076804 2.982513002559009e-07
43800.04800076804 2.441149043250969e-07
43850.04800076804 2.317793253885933e-07
43900.04800076804 2.1650432342035087e-07
43950.04800076804 1.653183289575908e-07
44000.04800076804 1.273417559166916e-07
44050.04800076804 2.0767754450062993e-07
44100.04800076804 2.375466904889579e-07
44150.04800076804 2.2147636461667918e-07
44200.04800076804 1.9687285483206814e-07
44250.04800076804 1.4536602175432816e-07
44300.04800076804 1.255846238151669e-07
44350.04800076804 1.217740105652441e-07
44400.04800076804 1.196413211806692e-07
44450.04800076804 1.3135306085208902e-07
44500.04800076804 1.0914332046995046e-07
44550.04800076804 1.227768436349708e-07
44600.04800076804 9.287642918204681e-08
44650.04800076804 1.0741709301107745e-07
44700.04800076804 9.120072698113765e-08
44750.04800076804 9.714533117038443e-08
44800.04800076804 8.353963700872511e-08
44850.04800076804 8.256588212550665e-08
44900.04800076804 6.710302029029441e-08
44950.04800076804 6.012583438489391e-08
45000.04800076804 6.359514346175998e-08
45050.04800076804 6.669628789206774e-08
45100.04800076804 6.74343853464616e-08
45150.04800076804 5.413039192592263e-08
45200.04800076804 3.831637832222827e-08
45250.04800076804 4.218702658293821e-08
45300.04800076804 5.22222734716744e-08
45350.04800076804 4.7149895925579164e-08
45400.04800076804 3.949795328359241e-08
45450.04800076804 3.594386276701715e-08
45500.04800076804 4.32940813535962e-08
45550.04800076804 4.8081680732529654e-08
45600.04800076804 3.3395611057449336e-08
45650.04800076804 3.3251163633132213e-08
45700.04800076804 4.574791672609559e-08
45750.04800076804 3.541820299666851e-08
45800.04800076804 2.8474022073573534e-08
45850.04800076804 4.605486655725846e-08
45900.04800076804 4.5864017946797125e-08
45950.04800076804 2.839281272298314e-08
46000.04800076804 4.428598048489847e-08
46050.04800076804 4.860385183213556e-08
46100.04800076804 2.955312333572866e-08
46150.04800076804 4.8470544363505286e-08
46200.04800076804 4.485970337442338e-08
46250.04800076804 2.4612467935291665e-08
46300.04800076804 5.8932611633245975e-08
46350.04800076804 4.0371341758668694e-08
46400.04800076804 4.829498800130732e-08
46450.04800076804 7.293138478138588e-08
46500.04800076804 4.7902559571241776e-08
46550.04800076804 7.579038890598154e-08
46600.04800076804 7.061673102889901e-08
46650.04800076804 1.392981407240671e-07
46700.04800076804 1.0297095670530475e-07
46750.04800076804 5.959855912525227e-08
46800.04800076804 4.224840663813137e-08
46850.04800076804 7.043426417802318e-08
46900.04800076804 5.794883861051089e-08
46950.04800076804 9.103780323732009e-08
47000.04800076804 4.01761552196767e-08
47050.04800076804 8.422731688194186e-08
47100.04800076804 3.392727319107992e-08
47150.04800076804 5.23667545537426e-08
47200.04800076804 5.785792162330567e-08
47250.04800076804 3.856685560701715e-08
47300.04800076804 4.793377329447183e-08
47350.04800076804 3.5105482545100255e-08
47400.04800076804 7.321044307026245e-08
47450.04800076804 3.2012118028121825e-08
47500.04800076804 8.00159844701216e-08
47550.04800076804 3.4798691933137635e-08
47600.04800076804 7.350148367752693e-08
47650.04800076804 3.690784658950391e-08
47700.04800076804 7.097003252634953e-08
47750.04800076804 3.4103877607746116e-08
47800.04800076804 6.345869328817724e-08
47850.04800076804 3.104252126266082e-08
47900.04800076804 5.091880217058775e-08
47950.04800076804 4.6479037872748885e-08
48000.04800076804 8.503009057895918e-08
48050.04800076804 5.318466422626537e-08
48100.04800076804 6.924515560893544e-08
48150.04800076804 5.480847645946533e-08
48200.04800076804 8.138469905551505e-08
48250.04800076804 5.648074302103137e-08
48300.04800076804 1.0487838732197063e-07
48350.04800076804 5.353713743079583e-08
48400.04800076804 5.333104590238552e-08
48450.04800076804 4.893117067843553e-08
48500.04800076804 9.716899303774662e-08
48550.04800076804 5.02012569025089e-08
48600.04800076804 1.0392866005802524e-07
48650.04800076804 5.6580737956164925e-08
48700.04800076804 1.1305606141925848e-07
48750.04800076804 6.037615133156991e-08
48800.04800076804 1.1449531952749282e-07
48850.04800076804 7.184446013330837e-08
48900.04800076804 9.856292964270207e-08
48950.04800076804 9.073969781243892e-08
49000.04800076804 6.857929844918311e-08
49050.04800076804 1.1513111476515761e-07
49100.04800076804 8.228256867895864e-08
49150.04800076804 1.2749583121857986e-07
49200.04800076804 8.286644474309619e-08
49250.04800076804 1.4403799426071916e-07
49300.04800076804 9.216246840019659e-08
49350.04800076804 8.735494083840083e-08
49400.04800076804 1.0733062273484884e-07
49450.04800076804 1.0173163495839889e-07
49500.04800076804 9.297205329501983e-08
49550.04800076804 3.529150056759366e-08
49600.04800076804 8.157428120334737e-08
49650.04800076804 9.515055909430192e-08
49700.04800076804 1.091646664094658e-07
49750.04800076804 1.5111786101753124e-07
49800.04800076804 8.148804617785794e-08
49850.04800076804 1.7718785010283573e-07
49900.04800076804 1.3137282327243625e-07
49950.04800076804 1.4379993737922733e-07
50000.04800076804 1.4029537404237995e-07
50050.04800076804 1.40686323280919e-07
50100.04800076804 1.4804711807823896e-07
50150.04800076804 7.27351142358223e-08
50200.04800076804 3.0338790135048674e-08
50250.04800076804 9.961424936886961e-08
50300.04800076804 7.351125859970638e-08
50350.04800076804 1.549646223417095e-07
50400.04800076804 1.330570647633405e-07
50450.04800076804 1.1668356825663217e-07
50500.04800076804 1.7887394960320643e-07
50550.04800076804 1.6230914778349124e-07
50600.04800076804 1.3129497772487034e-07
50650.04800076804 1.4834188470767678e-07
50700.04800076804 2.0594945263917618e-07
50750.04800076804 1.432713723650805e-07
50800.04800076804 6.623746270182704e-08
50850.04800076804 4.9385597897246116e-08
50900.04800076804 1.5903081399866834e-07
50950.04800076804 1.5687416102952707e-07
51000.04800076804 1.3268627754651556e-07
51050.04800076804 1.4964022496425378e-07
51100.04800076804 6.79640721751896e-08
51150.04800076804 8.698602690576849e-08
51200.04800076804 1.9457636633192787e-07
51250.04800076804 1.388929473890666e-07
51300.04800076804 1.019187684754825e-07
51350.04800076804 1.1673675148336863e-07
51400.04800076804 5.9257166314246324e-08
51450.04800076804 4.933388306245847e-08
51500.04800076804 4.189797988866438e-08
51550.04800076804 1.065049009485851e-07
51600.04800076804 9.007221860247087e-08
51650.04800076804 1.1498514155591159e-07
51700.04800076804 1.1997531259550538e-07
51750.04800076804 7.758697478499152e-08
51800.04800076804 1.5714785940809154e-07
51850.04800076804 1.2778448524205474e-07
51900.04800076804 1.6488937760052175e-07
51950.04800076804 1.1029616065442739e-07
52000.04800076804 2.414454758372265e-08
52050.04800076804 6.685080645289338e-08
52100.04800076804 5.10720571267281e-08
52150.04800076804 3.5562642537478884e-08
52200.04800076804 5.918285708654235e-08
52250.04800076804 9.326863777193962e-08
52300.04800076804 1.444917993874946e-07
52350.04800076804 5.90933683710541e-08
52400.04800076804 5.83328501059534e-08
52450.04800076804 1.3193806384038177e-07
52500.04800076804 1.1977682958517897e-07
52550.04800076804 1.149815945845361e-07
52600.04800076804 9.68014658159034e-08
52650.04800076804 1.0205007924194686e-07
52700.04800076804 7.541728476255525e-08
52750.04800076804 4.732004453832341e-08
52800.04800076804 6.222983688523397e-08
52850.04800076804 7.522462013714836e-08
52900.04800076804 4.712345877427397e-08
52950.04800076804 6.500239643635578e-08
53000.04800076804 1.146605510305614e-07
53050.04800076804 4.356938039180406e-08
53100.04800076804 1.263183090152479e-07
53150.04800076804 1.4244319905476945e-07
53200.04800076804 5.813786035508964e-08
53250.04800076804 1.2345775712522007e-07
53300.04800076804 1.3748874315446357e-07
53350.04800076804 1.3492001020562776e-07
53400.04800076804 1.0510156716698881e-07
53450.04800076804 3.840449506951433e-08
53500.04800076804 1.7167610564850337e-08
53550.04800076804 3.0578176168761733e-08
53600.04800076804 7.281144926658104e-08
53650.04800076804 6.369516164279657e-08
53700.04800076804 5.64055100814357e-08
53750.04800076804 5.207132162369743e-08
53800.04800076804 5.498343021988721e-08
53850.04800076804 8.272439771831703e-08
53900.04800076804 1.044864024131856e-07
53950.04800076804 1.1842709457671972e-07
54000.04800076804 7.653352730610079e-08
54050.04800076804 7.978124724905638e-08
54100.04800076804 2.6188356457678183e-08
54150.04800076804 4.02905414130609e-08
54200.04800076804 1.3286663091049969e-08
54250.04800076804 2.4190152718861787e-08
54300.04800076804 4.9016971290672904e-08
54350.04800076804 6.885049766118133e-08
54400.04800076804 6.199679147465543e-08
54450.04800076804 5.6902319364528095e-08
54500.04800076804 5.098995743130693e-08
54550.04800076804 4.3859276721822834e-08
54600.04800076804 4.943609607316932e-08
54650.04800076804 1.5774173116763986e-08
54700.04800076804 5.755771278829868e-08
54750.04800076804 5.241562127582448e-08
54800.04800076804 3.223703638859528e-08
54850.04800076804 4.359335566308836e-08
54900.04800076804 6.933394640489633e-08
54950.04800076804 9.850222961888678e-08
55000.04800076804 3.753105627245914e-08
55050.04800076804 5.529252288776098e-08
55100.04800076804 6.491803785384784e-08
55150.04800076804 4.1693859686285987e-08
55200.04800076804 3.52977046473789e-08
55250.04800076804 4.7174154407700845e-08
55300.04800076804 3.068454053783933e-08
55350.04800076804 5.8184996879923614e-08
55400.04800076804 6.777418128952292e-08
55450.04800076804 4.316597392968378e-08
55500.04800076804 2.0225219363705265e-08
55550.04800076804 2.470609666221523e-08
55600.04800076804 3.311456542253792e-08
55650.04800076804 2.906173144020633e-08
55700.04800076804 3.3986141258291004e-08
55750.04800076804 3.3332092042540615e-08
55800.04800076804 1.8578445646274223e-08
55850.04800076804 2.1864301277064662e-08
55900.04800076804 4.845763564873145e-08
55950.04800076804 6.924918805298028e-08
56000.04800076804 2.8178240594155913e-08
56050.04800076804 3.5956863942659124e-08
56100.04800076804 4.858182317604271e-08
56150.04800076804 2.8579730632571612e-08
56200.04800076804 3.502944984032068e-08
56250.04800076804 5.609714323076476e-08
56300.04800076804 4.151048663770705e-08
56350.04800076804 3.30538637985428e-08
56400.04800076804 1.6486004254543073e-08
56450.04800076804 1.5284747067222295e-08
56500.04800076804 3.5947131019505736e-08
56550.04800076804 1.6866599131219098e-08
56600.04800076804 4.7744044134738684e-08
56650.04800076804 5.1276831077853874e-08
56700.04800076804 4.691097838937523e-08
56750.04800076804 1.9029327954563518e-08
56800.04800076804 3.45518119977046e-08
56850.04800076804 3.6642747713377066e-08
56900.04800076804 2.487141746880513e-08
56950.04800076804 4.527234496618883e-08
57000.04800076804 5.578033183142008e-08
57050.04800076804 2.987338461736483e-08
57100.04800076804 1.1837437220248861e-08
57150.04800076804 2.0959910874847284e-08
57200.04800076804 1.6608701982163972e-08
57250.04800076804 2.424037158384411e-08
57300.04800076804 3.3795091804295574e-08
57350.04800076804 1.9016881681806508e-08
57400.04800076804 4.4981754461660425e-08
57450.04800076804 2.8531071634153042e-08
57500.04800076804 2.4870383393807256e-08
57550.04800076804 3.4546907906012955e-08
57600.04800076804 3.2068630576541964e-08
57650.04800076804 1.0226185875208422e-08
57700.04800076804 1.639265280014116e-08
57750.04800076804 2.4928598721294356e-08
57800.04800076804 1.0132297457880013e-08
57850.04800076804 5.986580281208433e-08
57900.04800076804 7.130441390633443e-08
57950.04800076804 7.357348132290188e-08
58000.04800076804 2.7469215591536505e-08
58050.04800076804 4.27499051841419e-08
58100.04800076804 4.403571406240771e-08
58150.04800076804 2.992993275412433e-08
58200.04800076804 1.0998257272843882e-08
58250.04800076804 1.570206426429953e-08
58300.04800076804 1.661119145822849e-08
58350.04800076804 1.918428600463396e-08
58400.04800076804 3.761508101007534e-08
58450.04800076804 4.471569917544726e-08
58500.04800076804 4.4099411432247403e-08
58550.04800076804 3.988224763785712e-08
58600.04800076804 1.9228243881812898e-08
58650.04800076804 2.4156605972967462e-08
58700.04800076804 2.988738390943244e-08
58750.04800076804 2.9574882970628683e-08
58800.04800076804 7.776231673585685e-09
58850.04800076804 2.12591720294935e-08
58900.04800076804 2.7577787932208038e-08
58950.04800076804 1.3894981024568307e-08
59000.04800076804 2.97327123544359e-08
59050.04800076804 4.0564991304156614e-08
59100.04800076804 4.2541020681051676e-08
59150.04800076804 3.2756339303275294e-08
59200.04800076804 3.533104867387379e-08
59250.04800076804 3.6939697744983944e-08
59300.04800076804 3.278986701020097e-08
59350.04800076804 9.711335601509255e-09
59400.04800076804 9.698633456066342e-09
59450.04800076804 3.245964357747685e-08
59500.04800076804 1.7639943493431013e-08
59550.04800076804 3.882209738194219e-08
59600.04800076804 4.840931125226054e-08
59650.04800076804 2.5271683245276017e-08
59700.04800076804 1.847210165593053e-08
59750.04800076804 5.600465954922483e-08
59800.04800076804 2.6301287061982262e-08
59850.04800076804 3.622845898963706e-08
59900.04800076804 1.4334765232302052e-08
59950.04800076804 3.096755687498531e-08
60000.04800076804 6.442259737120721e-08
60050.04800076804 6.064830963807909e-08
60100.04800076804 4.8849286787941555e-08
60150.04800076804 2.4308764651739238e-08
60200.04800076804 3.9331557882366575e-08
60250.04800076804 6.42982710161019e-08
60300.04800076804 5.811866832550774e-08
60350.04800076804 3.3931039321008345e-08
60400.04800076804 3.718460730922662e-08
60450.04800076804 1.2955876374892796e-08
60500.04800076804 6.119477026509661e-09
60550.04800076804 3.374263874373103e-08
60600.04800076804 4.106558201757839e-08
60650.04800076804 2.801590650094818e-08
60700.04800076804 2.159812566861849e-08
60750.04800076804 1.194303848768461e-08
60800.04800076804 3.9917259385829165e-08
60850.04800076804 6.962653407600225e-08
60900.04800076804 6.130854587820258e-08
60950.04800076804 4.6584589903273984e-08
61000.04800076804 4.646785709684303e-08
61050.04800076804 2.1223627176522218e-08
61100.04800076804 2.644731297382643e-08
61150.04800076804 1.0853503897563607e-08
61200.04800076804 4.4136873864685275e-08
61250.04800076804 4.746751811880481e-08
61300.04800076804 3.872396708317902e-08
61350.04800076804 6.48676448164262e-08
61400.04800076804 2.7485901100742502e-08
61450.04800076804 1.4633492155776745e-08
61500.04800076804 1.5990761724459515e-08
61550.04800076804 2.877320041155217e-08
61600.04800076804 1.5356274563922177e-08
61650.04800076804 2.7005314020704033e-08
61700.04800076804 2.9509147869283874e-08
61750.04800076804 3.399558159073446e-08
61800.04800076804 3.031961536791306e-08
61850.04800076804 1.488482951341913e-08
61900.04800076804 5.2002956206201176e-08
61950.04800076804 6.079760733688911e-08
62000.04800076804 5.323170832609466e-08
62050.04800076804 6.450075639533368e-08
62100.04800076804 4.328121527923355e-08
62150.04800076804 5.827843187895302e-08
62200.04800076804 5.0539221587264586e-08
62250.04800076804 3.865807980831313e-08
62300.04800076804 7.928379556919338e-08
62350.04800076804 6.954051467617863e-08
62400.04800076804 3.850037907743329e-08
62450.04800076804 4.6993830155365744e-08
62500.04800076804 7.683212848608169e-08
62550.04800076804 9.295354761180361e-08
62600.04800076804 7.356989968995709e-08
62650.04800076804 5.6623003231475484e-08
62700.04800076804 4.931155671633468e-08
62750.04800076804 7.31312586231197e-08
62800.04800076804 4.3697865148247434e-08
62850.04800076804 6.382149223634567e-08
62900.04800076804 5.621264537236722e-08
62950.04800076804 9.659832815270597e-08
63000.04800076804 6.143022093603244e-08
63050.04800076804 1.1659904580117796e-07
63100.04800076804 1.0734770854549776e-07
63150.04800076804 7.09245369023069e-08
63200.04800076804 7.177656448856139e-08
63250.04800076804 8.37433987211169e-08
63300.04800076804 5.873264851660102e-08
63350.04800076804 5.950528671513293e-08
63400.04800076804 2.7560896860703742e-08
