galfind/configs/Brown_Dwarf_templates/sonora_cholla/logkzz7/1780g/850K_1780g_logkzz7_resample.dat
# %ECSV 1.0
# ---
# datatype:
# - {name: wav, unit: Angstrom, datatype: float64}
# - {name: flux_nu, unit: erg / (cm2 Hz s), datatype: float64}
# schema: astropy-2.0
wav flux_nu
[from data line 1163]
68150.00000000009 6.656159830396973e-08
68200.00000000009 6.274618481929318e-08
68250.00000000009 2.0334993409925305e-08
68300.00000000009 6.001837448202307e-08
68350.00000000009 4.858668846335241e-08
68400.00000000009 8.722823888619412e-08
68450.00000000009 7.612087169210871e-08
68500.00000000009 5.706109230106485e-08
68550.00000000009 3.038039662024508e-08
68600.00000000009 3.301839140119244e-08
68650.00000000009 1.8962002075312984e-08
68700.00000000009 3.832893222765091e-08
68750.00000000009 5.475863316979419e-08
68800.00000000009 6.080011135940002e-08
68850.00000000009 2.8126979685514803e-08
68900.00000000009 8.70153267923167e-08
68950.00000000009 9.171493421815159e-08
69000.00000000009 7.186301807198475e-08
69050.00000000009 3.943093379432729e-08
69100.00000000009 8.315752106554872e-08
69150.00000000009 1.0386633546537894e-07
69200.00000000009 6.656339261840857e-08
69250.00000000009 1.0369341588225367e-07
69300.00000000009 7.360236364808275e-08
69350.00000000009 9.987231781307968e-08
69400.00000000009 4.410947724958047e-08
69450.00000000009 9.625362584586142e-08
69500.00000000009 5.049783825707366e-08
69550.00000000009 5.120720046399289e-08
69600.00000000009 1.723099254351393e-08
69650.00000000009 4.796004990104915e-08
69700.00000000009 8.295769729663736e-08
69750.00000000009 5.6051040283258905e-08
69800.00000000009 7.657266533809361e-08
69850.00000000009 8.411915501962201e-08
69900.00000000009 6.270428936280992e-08
69950.00000000009 5.9459603749297574e-08
70000.00000000009 5.51998815575579e-08
70050.00000000009 9.671306980110199e-08
70100.00000000009 6.66345979287683e-08
70150.00000000009 6.917153975022469e-08
70200.00000000009 4.680543156378632e-08
70250.00000000009 6.209834653702248e-08
70300.00000000009 9.543450426598564e-08
70350.00000000009 7.2330065282754e-08
70400.00000000009 4.592554189205084e-08
70450.00000000009 1.5957684154457565e-08
70500.00000000009 3.7975692203251203e-08
70550.00000000009 3.799772296478409e-08
70600.00000000009 4.166518858889545e-08
70650.00000000009 7.829036629364235e-08
70700.00000000009 7.542303880684423e-08
70750.00000000009 1.0452839471015624e-07
70800.00000000009 5.7404101856929434e-08
70850.00000000009 5.424687011030493e-08
70900.00000000009 6.144274605779186e-08
70950.00000000009 8.382597360381861e-08
71000.00000000009 7.848440507965633e-08
71050.00000000009 7.826748926965282e-08
71100.00000000009 6.739030781298186e-08
71150.00000000009 5.2499809710356534e-08
71200.00000000009 4.6936069406817493e-08
71250.00000000009 6.394101468235072e-08
71300.00000000009 8.163236282614968e-08
71350.00000000009 8.277197991387865e-08
71400.00000000009 7.270791611190104e-08
71450.00000000009 3.710663189595744e-08
71500.00000000009 4.415707855826359e-08
71550.00000000009 4.818666779281894e-08
71600.00000000009 6.099158225060731e-08
71650.00000000009 4.439811408354825e-08
71700.00000000009 3.439159154923941e-08
71750.00000000009 5.7407535483134994e-08
71800.00000000009 7.52109014098318e-08
71850.00000000009 7.401201222058074e-08
71900.00000000009 4.397256999706032e-08
71950.00000000009 5.844076455305989e-08
72000.00000000009 5.398739706222463e-08
72050.00000000009 3.399728703428408e-08
72100.00000000009 4.137704235758392e-08
72150.00000000009 4.0880375496996525e-08
72200.00000000009 5.763066745822999e-08
72250.00000000009 7.452362811865099e-08
72300.00000000009 5.378207866797326e-08
72350.00000000009 5.734416161145981e-08
72400.00000000009 5.3369749349521763e-08
72450.00000000009 4.470803722904132e-08
72500.00000000009 5.753523133210589e-08
72550.00000000009 2.6544991666201234e-08
72600.00000000009 4.146804177954646e-08
72650.00000000009 6.59330712788249e-08
72700.00000000009 5.060839881099062e-08
72750.00000000009 5.0587656340630586e-08
72800.00000000009 3.6007236073188314e-08
72850.00000000009 4.2491550760237014e-08
72900.00000000009 7.227715672379658e-08
72950.00000000009 4.9967875533242125e-08
73000.00000000009 5.057441798272467e-08
73050.00000000009 3.3618054729131415e-08
73100.00000000009 3.636127187722308e-08
73150.00000000009 7.655787790799065e-08
73200.00000000009 3.7515076665081396e-08
73250.00000000009 4.825783887600605e-08
73300.00000000009 4.0688366512828936e-08
73350.00000000009 2.993857823463999e-08
73400.00000000009 4.613689644304103e-08
73450.00000000009 3.0622760368817454e-08
73500.00000000009 2.8536070317340246e-08
73550.00000000009 4.6788651057441176e-08
73600.00000000009 4.1818125300861717e-08
73650.00000000009 4.5976145160709226e-08
73700.00000000009 4.819118194807807e-08
73750.00000000009 2.4051230867335277e-08
73800.00000000009 4.099747811554448e-08
73850.00000000009 5.140633154534029e-08
73900.00000000009 3.968055509524623e-08
73950.00000000009 3.736928314769079e-08
74000.00000000009 2.6171939368622907e-08
74050.00000000009 6.542787135605854e-08
74100.00000000009 4.342672299022259e-08
74150.00000000009 4.5909035462453293e-08
74200.00000000009 3.626366519401175e-08
74250.00000000009 1.4518754089411863e-08
74300.00000000009 4.298753232271782e-08
74350.00000000009 5.861417414385805e-08
74400.00000000009 5.503937674247496e-08
74450.00000000009 2.7838386238209135e-08
74500.00000000009 2.1748359665323035e-08
74550.00000000009 3.7778209533442086e-08
74600.00000000009 3.814987575616277e-08
74650.00000000009 3.751882568378213e-08
74700.00000000009 2.7591234634412326e-08
74750.00000000009 2.6145887716255542e-08
74800.00000000009 3.23775607837742e-08
74850.00000000009 3.7579100871619456e-08
74900.00000000009 5.801502733061494e-08
74950.00000000009 5.605475377815929e-08
75000.00000000009 3.348611715470357e-08
75050.00000000009 1.9181976945601346e-08
75100.00000000009 5.9104729106130557e-08
75150.00000000009 5.4687760586924206e-08
75200.00000000009 5.895529963020183e-08
75250.00000000009 6.65583214113252e-08
75300.00000000009 5.858719509799377e-08
75350.00000000009 2.609213146028836e-08
75400.00000000009 6.909985036179404e-08
75450.00000000009 5.6594988880833216e-08
75500.00000000009 5.2226229359241513e-08
75550.00000000009 5.6092649410195844e-08
75600.00000000009 7.361411464876264e-08
75650.00000000009 4.760713622949029e-08
75700.00000000009 5.97573236412671e-08
75750.00000000009 3.94761160764954e-08
75800.00000000009 5.647212824354415e-08
75850.00000000009 6.693528998740285e-08
75900.00000000009 5.8844404433333146e-08
75950.00000000009 3.607495791836693e-08
76000.00000000009 6.348955179987651e-08
76050.00000000009 5.972238622553117e-08
76100.00000000009 5.861866679479954e-08
76150.00000000009 6.334497922762844e-08
76200.00000000009 6.010875381969291e-08
76250.00000000009 5.930520624224488e-08
76300.00000000009 9.777995971054738e-08
76350.00000000009 1.1149183048060637e-07
76400.00000000009 8.121926298552072e-08
76450.00000000009 7.333342297428825e-08
76500.00000000009 5.916201265085206e-08
76550.00000000009 3.330142482494839e-08
76600.00000000009 1.1890312770287626e-08
76650.00000000009 1.5232846085625487e-08
76700.00000000009 1.8190510492739454e-08
76750.00000000009 1.7475272201568096e-08
76800.00000000009 3.1677741422649755e-08
76850.00000000009 1.3378783789447077e-08
76900.00000000009 1.5910647858274308e-08
76950.00000000009 2.8345484915742733e-08
77000.00000000009 3.399963298975262e-08
77050.00000000009 1.787024583152785e-08
77100.00000000009 2.1952875453269427e-08
77150.00000000009 3.694697196681712e-08
77200.00000000009 2.9249247290229783e-08
77250.00000000009 3.1445915798813074e-08
77300.00000000009 3.497948946710455e-08
77350.00000000009 1.848836842758369e-08
77400.00000000009 2.264871239779943e-08
77450.00000000009 3.3360013155222384e-08
77500.00000000009 2.8363179635503996e-08
77550.00000000009 2.9789125217472152e-08
77600.00000000009 2.8178228667583435e-08
77650.00000000009 3.050568734417087e-08
77700.00000000009 2.789639135526629e-08
77750.00000000009 4.610285204466457e-08
77800.00000000009 4.142559422344399e-08
77850.00000000009 6.737274307680217e-08
77900.00000000009 4.5645809330121614e-08
77950.00000000009 2.2005706030372832e-08
78000.00000000009 3.8333215593419996e-08
78050.00000000009 3.738521698287137e-08
78100.00000000009 3.4591225615583204e-08
78150.00000000009 5.60812256446256e-08
78200.00000000009 5.8818486729660214e-08
78250.00000000009 6.418575042852269e-08
78300.00000000009 4.45757655441255e-08
78350.00000000009 5.468422273461388e-08
78400.00000000009 3.184823730374058e-08
78450.00000000009 5.8255784438324356e-08
78500.00000000009 6.854063995388083e-08
78550.00000000009 7.301716894814987e-08
78600.00000000009 5.994332721020482e-08
78650.00000000009 1.9906343106546987e-08
78700.00000000009 3.279956540247188e-08
78750.00000000009 3.978359205204936e-08
78800.00000000009 5.0488503315514095e-08
78850.00000000009 2.380118787166589e-08
78900.00000000009 4.500421298379291e-08
78950.00000000009 5.154981293525326e-08
79000.00000000009 4.839208723303876e-08
79050.00000000009 4.105013544237146e-08
79100.00000000009 4.736839508551906e-08
79150.00000000009 4.79855750899961e-08
79200.00000000009 5.3707713531364624e-08
79250.00000000009 3.753350851330854e-08
79300.00000000009 3.355990688457564e-08
79350.00000000009 4.9615831826384674e-08
79400.00000000009 3.33155578383188e-08
79450.00000000009 6.532277140801906e-08
79500.00000000009 8.510547449815894e-08
79550.00000000009 7.263134420838386e-08
79600.00000000009 3.608910354588417e-08
79650.00000000009 5.402022076261198e-08
79700.00000000009 5.2714528954473056e-08
79750.00000000009 5.536324733240014e-08
79800.00000000009 3.956538994612575e-08
79850.00000000009 5.315622106837332e-08
79900.00000000009 9.2461196613719e-08
79950.00000000009 7.622209103488181e-08
