galfind/configs/Brown_Dwarf_templates/sonora_cholla/logkzz7/1780g/850K_1780g_logkzz7_resample.dat
# %ECSV 1.0
# ---
# datatype:
# - {name: wav, unit: Angstrom, datatype: float64}
# - {name: flux_nu, unit: erg / (cm2 Hz s), datatype: float64}
# schema: astropy-2.0
wav flux_nu
[from data line 774]
48700.000000000095 1.2713737396724695e-07
48750.000000000095 6.856505843756219e-08
48800.000000000095 1.2735550697366895e-07
48850.000000000095 8.169838154455084e-08
48900.000000000095 1.1526971510758071e-07
48950.000000000095 1.0687183661657255e-07
49000.000000000095 8.46222937125264e-08
49050.000000000095 1.2901629302323342e-07
49100.000000000095 9.18640283343384e-08
49150.000000000095 1.4551105391952242e-07
49200.000000000095 9.140930384494453e-08
49250.000000000095 1.5670044031733314e-07
49300.000000000095 1.0244140739682227e-07
49350.000000000095 1.0501140548674182e-07
49400.000000000095 1.259733065254779e-07
49450.000000000095 1.1780106604133121e-07
49500.000000000095 1.0917896724242908e-07
49550.000000000095 4.7342912564063665e-08
49600.000000000095 1.025174332126606e-07
49650.000000000095 1.1149872131088338e-07
49700.000000000095 1.2001900782555345e-07
49750.000000000095 1.752765671426018e-07
49800.000000000095 9.686938205806407e-08
49850.000000000095 1.998382136330103e-07
49900.000000000095 1.4608427339186808e-07
49950.000000000095 1.6316975567780927e-07
50000.000000000095 1.647152836435038e-07
50050.000000000095 1.5969951719943007e-07
50100.000000000095 1.784954924364101e-07
50150.000000000095 8.984913386656545e-08
50200.000000000095 4.3379691198239174e-08
50250.000000000095 1.2832905895700494e-07
50300.000000000095 9.571502700085799e-08
50350.000000000095 1.8072813782627788e-07
50400.000000000095 1.4963528391607693e-07
50450.000000000095 1.380295216683097e-07
50500.000000000095 2.0721034741653158e-07
50550.000000000095 1.8055332376846447e-07
50600.000000000095 1.5577029816398653e-07
50650.000000000095 1.6581751751566157e-07
50700.000000000095 2.394004336802681e-07
50750.000000000095 1.7628115784251763e-07
50800.000000000095 8.49207324629668e-08
50850.000000000095 6.892235714410251e-08
50900.000000000095 1.9196900385663547e-07
50950.000000000095 1.8908838888637526e-07
51000.000000000095 1.6588979066815692e-07
51050.000000000095 1.7647734785748273e-07
51100.000000000095 8.705839096941277e-08
51150.000000000095 1.1212035840263989e-07
51200.000000000095 2.2540084088654102e-07
51250.000000000095 1.6850432213214856e-07
51300.000000000095 1.2334316857448379e-07
51350.000000000095 1.4431985300173603e-07
51400.000000000095 7.967977502606196e-08
51450.000000000095 6.740225690289711e-08
51500.000000000095 5.7777792815790577e-08
51550.000000000095 1.3684676720900724e-07
51600.000000000095 1.1130783062293106e-07
51650.000000000095 1.4025064857489243e-07
51700.000000000095 1.4903836735206604e-07
51750.000000000095 9.70972575729645e-08
51800.000000000095 1.9161598524600474e-07
51850.000000000095 1.5724147857231167e-07
51900.000000000095 2.0447757955640884e-07
51950.000000000095 1.4263436320902235e-07
52000.000000000095 3.5641754416856866e-08
52050.000000000095 8.952346083662691e-08
52100.000000000095 7.088018430894672e-08
52150.000000000095 5.120006869873167e-08
52200.000000000095 7.714638988688919e-08
52250.000000000095 1.1610850741309867e-07
52300.000000000095 1.8503813419587523e-07
52350.000000000095 8.28763268131438e-08
52400.000000000095 7.889064800640116e-08
52450.000000000095 1.628574738354133e-07
52500.000000000095 1.4974924658123548e-07
52550.000000000095 1.4345209091890747e-07
52600.000000000095 1.213795721763104e-07
52650.000000000095 1.278793621880553e-07
52700.000000000095 9.673231881795804e-08
52750.000000000095 6.457483327301079e-08
52800.000000000095 8.117070523806755e-08
52850.000000000095 9.710393696451283e-08
52900.000000000095 6.588745034896969e-08
52950.000000000095 8.588074533501732e-08
53000.000000000095 1.4701396032988165e-07
53050.000000000095 5.819621168907998e-08
53100.000000000095 1.5631427425190717e-07
53150.000000000095 1.7790962553356988e-07
53200.000000000095 7.486557954594844e-08
53250.000000000095 1.5439776786617582e-07
53300.000000000095 1.7210526861961824e-07
53350.000000000095 1.6796359242005185e-07
53400.000000000095 1.384619472833255e-07
53450.000000000095 5.41095529619642e-08
53500.000000000095 2.6481891594288398e-08
53550.000000000095 4.5374758317816116e-08
53600.000000000095 9.744259084122651e-08
53650.000000000095 8.221303216728327e-08
53700.000000000095 7.394884813388393e-08
53750.000000000095 6.923484602222345e-08
53800.000000000095 7.347677346453893e-08
53850.000000000095 1.0604981826207266e-07
53900.000000000095 1.2722223402686288e-07
53950.000000000095 1.498696289460436e-07
54000.000000000095 9.818940629883743e-08
54050.000000000095 1.0143627249733987e-07
54100.000000000095 3.6835119024009453e-08
54150.000000000095 5.623130061265025e-08
54200.000000000095 2.0928699501193532e-08
54250.000000000095 3.473771758468303e-08
54300.000000000095 6.589644851444837e-08
54350.000000000095 9.115406214147211e-08
54400.000000000095 8.437785977530294e-08
54450.000000000095 7.747388716683678e-08
54500.000000000095 6.870500319590207e-08
54550.000000000095 5.8459444090517657e-08
54600.000000000095 6.802585974191086e-08
54650.000000000095 2.5190518949867133e-08
54700.000000000095 8.023671440119918e-08
54750.000000000095 7.30786489391189e-08
54800.000000000095 4.627264593652674e-08
54850.000000000095 6.050108305450295e-08
54900.000000000095 9.255893963694436e-08
54950.000000000095 1.2927383018341918e-07
55000.000000000095 5.111039374792477e-08
55050.000000000095 7.489304951952869e-08
55100.000000000095 8.388612765464724e-08
55150.000000000095 5.717330909368612e-08
55200.000000000095 5.0503775367035236e-08
55250.000000000095 6.433694973501267e-08
55300.000000000095 4.27975125487646e-08
55350.000000000095 7.887015024112231e-08
55400.000000000095 9.28369370256954e-08
55450.000000000095 6.007238283866964e-08
55500.000000000095 2.9287740496813534e-08
55550.000000000095 3.733183757721282e-08
55600.000000000095 4.598769978060508e-08
55650.000000000095 4.043106252231837e-08
55700.000000000095 4.799998682638213e-08
55750.000000000095 4.921786386768518e-08
55800.000000000095 2.9097846442620187e-08
55850.000000000095 3.1977950003608944e-08
55900.000000000095 6.766823399229427e-08
55950.000000000095 9.455323295824663e-08
56000.000000000095 3.975575230023272e-08
56050.000000000095 5.147338628969046e-08
56100.000000000095 6.74018261186481e-08
56150.000000000095 4.195212582998263e-08
56200.000000000095 5.0290793894573975e-08
56250.000000000095 7.434471150280481e-08
56300.000000000095 5.907930196645142e-08
56350.000000000095 4.962498297154449e-08
56400.000000000095 2.6633413596225625e-08
56450.000000000095 2.4436027129849658e-08
56500.000000000095 5.083006462420007e-08
56550.000000000095 2.525264844225577e-08
56600.000000000095 6.650478182236298e-08
56650.000000000095 6.948077842839548e-08
56700.000000000095 6.72438686625157e-08
56750.000000000095 2.875836925407718e-08
56800.000000000095 5.169418950572822e-08
56850.000000000095 5.177033604633862e-08
56900.000000000095 3.662337574305818e-08
56950.000000000095 6.396239560546102e-08
57000.000000000095 7.725012458128382e-08
57050.000000000095 4.290192491177275e-08
57100.000000000095 1.8365956443324498e-08
57150.000000000095 3.1778990285411536e-08
57200.000000000095 2.517948830550498e-08
57250.000000000095 3.614520341347951e-08
57300.000000000095 4.939191338725595e-08
57350.000000000095 2.856357596651188e-08
57400.000000000095 6.27908186843625e-08
57450.000000000095 4.3020354413105695e-08
57500.000000000095 3.7584061894186e-08
57550.000000000095 5.146424075306825e-08
57600.000000000095 4.901218216777033e-08
57650.000000000095 1.6654213759901146e-08
57700.000000000095 2.53996182979502e-08
57750.000000000095 3.587635781145143e-08
57800.000000000095 1.5208383144745052e-08
57850.000000000095 8.294909671296628e-08
57900.000000000095 9.778312910344144e-08
57950.000000000095 9.791352886052536e-08
58000.000000000095 3.9764050042684585e-08
58050.000000000095 5.9029651572257283e-08
58100.000000000095 6.387802363264084e-08
58150.000000000095 4.421159422714994e-08
58200.000000000095 1.8104664944522662e-08
58250.000000000095 2.4608535043056987e-08
58300.000000000095 2.522732662295901e-08
58350.000000000095 2.916614611666869e-08
58400.000000000095 5.2881808598087504e-08
58450.000000000095 6.184019834647762e-08
58500.000000000095 5.951172224178694e-08
58550.000000000095 5.7705412356077807e-08
58600.000000000095 2.9107466169903166e-08
58650.000000000095 3.624593204153265e-08
58700.000000000095 4.301867687336639e-08
58750.000000000095 4.4238096889681625e-08
58800.000000000095 1.3427961561155225e-08
58850.000000000095 3.2551096056891936e-08
58900.000000000095 4.253708325661072e-08
58950.000000000095 2.2364118364284203e-08
59000.000000000095 4.4931462263814885e-08
59050.000000000095 5.8208130874164494e-08
59100.000000000095 6.30685404701501e-08
59150.000000000095 4.8186550933763485e-08
59200.000000000095 5.0471884621540336e-08
59250.000000000095 5.2932220928123605e-08
59300.000000000095 4.812467897951564e-08
59350.000000000095 1.6386152957826403e-08
59400.000000000095 1.538280151496689e-08
59450.000000000095 4.7003370515300785e-08
59500.000000000095 2.5707920544801598e-08
59550.000000000095 5.598282247174175e-08
59600.000000000095 6.857281162466977e-08
59650.000000000095 3.8471533106787755e-08
59700.000000000095 2.8058165445926555e-08
59750.000000000095 7.930214074932084e-08
59800.000000000095 3.9091005138077e-08
59850.000000000095 5.401921877412512e-08
59900.000000000095 2.25775054569932e-08
59950.000000000095 4.563463268504911e-08
60000.000000000095 9.132404038225327e-08
60050.000000000095 8.276123019972109e-08
60100.000000000095 7.005111509766841e-08
60150.000000000095 3.7736711216177194e-08
60200.000000000095 5.657474971400656e-08
60250.000000000095 8.672455464705754e-08
60300.000000000095 7.863890371194922e-08
60350.000000000095 4.757730007368571e-08
60400.000000000095 5.477136642826574e-08
60450.000000000095 2.1023467674417495e-08
60500.000000000095 1.0690518482880754e-08
60550.000000000095 5.1090694262546206e-08
60600.000000000095 5.852820050673894e-08
60650.000000000095 4.196213315670363e-08
60700.000000000095 3.3294157286023194e-08
60750.000000000095 1.9748109585696516e-08
60800.000000000095 5.82377888969638e-08
60850.000000000095 9.771092113536365e-08
60900.000000000095 8.619632997873285e-08
60950.000000000095 6.788333699434402e-08
61000.000000000095 6.433987564096411e-08
61050.000000000095 3.229546277366597e-08
61100.000000000095 4.138534281570856e-08
61150.000000000095 1.75275254356414e-08
61200.000000000095 6.529342723994085e-08
61250.000000000095 6.967878083769222e-08
61300.000000000095 5.750268852906402e-08
61350.000000000095 9.125435212633308e-08
61400.000000000095 4.218355734634514e-08
61450.000000000095 2.4060685899833138e-08
61500.000000000095 2.6661945951445004e-08
61550.000000000095 4.185132570566003e-08
61600.000000000095 2.449104877972541e-08
61650.000000000095 4.0956267868432965e-08
61700.000000000095 4.2255392266695956e-08
61750.000000000095 4.8926524757827195e-08
61800.000000000095 4.655734827211733e-08
61850.000000000095 2.4387771318400905e-08
61900.000000000095 7.52221443322911e-08
61950.000000000095 8.545818833047195e-08
62000.000000000095 7.561991266639112e-08
62050.000000000095 8.560077323868807e-08
62100.000000000095 6.424027122620944e-08
62150.000000000095 8.021577633517981e-08
62200.000000000095 6.997345081892272e-08
62250.000000000095 5.5899167888583024e-08
62300.000000000095 1.0679254677273904e-07
62350.000000000095 9.315906071076578e-08
62400.000000000095 5.2092103828043525e-08
62450.000000000095 6.45400162986498e-08
62500.000000000095 1.0148712215806304e-07
62550.000000000095 1.1726950917478266e-07
62600.000000000095 9.991222636621668e-08
62650.000000000095 7.763740027019932e-08
62700.000000000095 7.11232161748786e-08
62750.000000000095 9.95123494771499e-08
62800.000000000095 5.995434015351862e-08
62850.000000000095 8.774190577193816e-08
62900.000000000095 7.501883000964307e-08
62950.000000000095 1.242788119563345e-07
63000.000000000095 8.384441542400556e-08
63050.000000000095 1.460283146016977e-07
63100.000000000095 1.3588436902127666e-07
63150.000000000095 9.013385605818858e-08
63200.000000000095 9.593757436012682e-08
63250.000000000095 1.082403780090438e-07
63300.000000000095 8.404383380209688e-08
63350.000000000095 8.435245267370291e-08
63400.000000000095 4.119571372179585e-08
63450.000000000095 2.7014535826617e-08
63500.000000000095 7.857288915062245e-08
63550.000000000095 9.231006994879405e-08
63600.000000000095 8.863738704230017e-08
63650.000000000095 6.465378376244961e-08
63700.000000000095 3.041371900704894e-08
63750.000000000095 5.4643693864266694e-08
63800.000000000095 9.15963030804453e-08
63850.000000000095 7.491213057159054e-08
63900.000000000095 3.739840247218162e-08
63950.000000000095 6.59575229903085e-08
64000.000000000095 8.178162524021333e-08
64050.000000000095 4.528929680757258e-08
64100.000000000095 1.3848646982365557e-08
64150.000000000095 2.1212319370547252e-08
64200.000000000095 2.4992685775068227e-08
64250.000000000095 4.9817127155767545e-08
64300.000000000095 3.9404618454107325e-08
64350.000000000095 3.1227657608175565e-08
64400.000000000095 6.533056506910998e-08
64450.000000000095 6.91295710069236e-08
64500.000000000095 3.182170334617445e-08
64550.000000000095 5.7517415410253746e-08
64600.000000000095 3.683905178713978e-08
64650.000000000095 5.826443165085207e-08
64700.000000000095 2.419422870143429e-08
64750.000000000095 3.3361741348747093e-08
64800.000000000095 2.6445967523823148e-08
64850.000000000095 2.210865700973206e-08
64900.000000000095 2.4573438137010694e-08
64950.000000000095 2.191465334091706e-08
65000.000000000095 3.0631699089527795e-08
65050.000000000095 4.2354677331103615e-08
65100.000000000095 5.364851037805762e-08
65150.000000000095 3.3442601763542695e-08
65200.000000000095 2.0807165910722283e-08
65250.000000000095 4.018799578911727e-08
65300.000000000095 4.171925536101076e-08
65350.000000000095 8.51091800952067e-08
65400.000000000095 3.8024560479426594e-08
65450.000000000095 3.842702400198828e-08
65500.000000000095 4.5718124963161415e-08
65550.00000000009 2.5438722865916942e-08
65600.00000000009 4.3686756101024264e-08
65650.00000000009 3.541296158047399e-08
65700.00000000009 3.3509200925954425e-08
65750.00000000009 2.3783401117610396e-08
65800.00000000009 4.093056585964083e-08
65850.00000000009 5.6995912062857066e-08
65900.00000000009 2.2830971418649556e-08
65950.00000000009 2.692710887658037e-08
66000.00000000009 3.484026364195481e-08
66050.00000000009 6.767155427344537e-08
66100.00000000009 3.9619215660713053e-08
66150.00000000009 3.4294102544054584e-08
66200.00000000009 3.1892490279912535e-08
66250.00000000009 2.4994638535149854e-08
66300.00000000009 1.2164265123578514e-08
66350.00000000009 1.4861512092861216e-08
66400.00000000009 2.4134450609782437e-08
66450.00000000009 4.96973029790336e-08
66500.00000000009 6.841377805358747e-08
66550.00000000009 6.146536923394468e-08
66600.00000000009 4.9152851513922834e-08
66650.00000000009 4.298743527664204e-08
66700.00000000009 3.437235843992833e-08
66750.00000000009 3.184401244589418e-08
66800.00000000009 4.17482256909735e-08
66850.00000000009 2.7875026618941498e-08
66900.00000000009 6.449739907710423e-08
66950.00000000009 6.838587161089196e-08
67000.00000000009 7.794848128711231e-08
67050.00000000009 4.439915257997706e-08
67100.00000000009 3.185958329340949e-08
67150.00000000009 3.58628706116493e-08
67200.00000000009 5.017024428346901e-08
67250.00000000009 4.495576652944397e-08
67300.00000000009 5.970461487992533e-08
67350.00000000009 3.3431679998276316e-08
67400.00000000009 7.062736941405211e-08
67450.00000000009 4.707937427666685e-08
67500.00000000009 4.5996182927461884e-08
67550.00000000009 6.832791092171652e-08
67600.00000000009 1.1186255917911012e-07
67650.00000000009 8.119191288908309e-08
67700.00000000009 5.54002109576514e-08
67750.00000000009 4.152835026439924e-08
67800.00000000009 5.849523116498686e-08
67850.00000000009 3.048035240217478e-08
67900.00000000009 3.8436354716993016e-08
67950.00000000009 2.7827018021441892e-08
68000.00000000009 5.234328889408763e-08
68050.00000000009 6.025422082206953e-08
