galfind/configs/Brown_Dwarf_templates/sonora_cholla/logkzz7/1780g/900K_1780g_logkzz7_resample.dat
# %ECSV 1.0
# ---
# datatype:
# - {name: wav, unit: Angstrom, datatype: float64}
# - {name: flux_nu, unit: erg / (cm2 Hz s), datatype: float64}
# schema: astropy-2.0
wav flux_nu
[from data line 388]
29400.000000000095 2.9294597947904363e-08
29450.000000000095 3.4090417765207235e-08
29500.000000000095 4.5709679813578485e-08
29550.000000000095 3.4290988374929964e-08
29600.000000000095 4.643776871761918e-08
29650.000000000095 4.6069620813995565e-08
29700.000000000095 3.111439032535141e-08
29750.000000000095 4.7786074305151486e-08
29800.000000000095 4.8410717497450514e-08
29850.000000000095 6.108169215547885e-08
29900.000000000095 6.399421139573188e-08
29950.000000000095 5.0621410905106815e-08
30000.000000000095 2.3283760628031823e-08
30050.000000000095 2.8376612737342983e-08
30100.000000000095 4.36902306382824e-08
30150.000000000095 6.467468268473333e-08
30200.000000000095 4.491526843753549e-08
30250.000000000095 8.253067897722343e-08
30300.000000000095 7.077410477714112e-08
30350.000000000095 5.7147566683327635e-08
30400.000000000095 7.941485871637223e-08
30450.000000000095 5.283906862706312e-08
30500.000000000095 5.396726989195408e-08
30550.000000000095 5.066854612823896e-08
30600.000000000095 7.901309102105456e-08
30650.000000000095 6.142490095663199e-08
30700.000000000095 5.0561985645232024e-08
30750.000000000095 5.438849819254912e-08
30800.000000000095 4.5870717238942515e-08
30850.000000000095 4.755048474202362e-08
30900.000000000095 4.60966712155971e-08
30950.000000000095 2.838037184797274e-08
31000.000000000095 3.681730569145605e-08
31050.000000000095 4.096630915298968e-08
31100.000000000095 2.8016395635810212e-08
31150.000000000095 3.3148592379927884e-08
31200.000000000095 4.3756786789119515e-08
31250.000000000095 2.7292313581643477e-08
31300.000000000095 2.6676739629587328e-08
31350.000000000095 2.7260194453911916e-08
31400.000000000095 1.894248587394524e-08
31450.000000000095 2.563255744451588e-08
31500.000000000095 1.599474268174007e-08
31550.000000000095 1.957355113541875e-08
31600.000000000095 1.4447715122903114e-08
31650.000000000095 1.2782821835848225e-08
31700.000000000095 1.6824314388851223e-08
31750.000000000095 9.205288561341995e-09
31800.000000000095 1.55887294784965e-08
31850.000000000095 8.716389620922541e-09
31900.000000000095 1.2922664244877286e-08
31950.000000000095 9.247132043223735e-09
32000.000000000095 1.0202392307860233e-08
32050.000000000095 9.188469429092255e-09
32100.000000000095 7.588257465787756e-09
32150.000000000095 1.0814319211629322e-08
32200.000000000095 6.8084741941396655e-09
32250.000000000095 1.3042083982753015e-08
32300.000000000095 5.870099415405953e-09
32350.000000000095 1.5134627536421452e-08
32400.000000000095 7.423526648707607e-09
32450.000000000095 1.3022526835411845e-08
32500.000000000095 9.262764796884205e-09
32550.000000000095 1.254976053880524e-08
32600.000000000095 1.2373838860902511e-08
32650.000000000095 1.701541323816785e-08
32700.000000000095 1.4193028766758476e-08
32750.000000000095 2.2324247580129773e-08
32800.000000000095 2.037332007084837e-08
32850.000000000095 2.7855026418090707e-08
32900.000000000095 2.8634250063414786e-08
32950.000000000095 3.030110519129227e-08
33000.000000000095 2.2311407568874244e-08
33050.000000000095 2.380792667445508e-08
33100.000000000095 1.1195915036024856e-08
33150.000000000095 6.78828340056785e-10
33200.000000000095 1.3352333258977285e-09
33250.000000000095 1.0592292800915083e-09
33300.000000000095 1.933813626673329e-09
33350.000000000095 4.603844053846921e-09
33400.000000000095 8.180837607473969e-09
33450.000000000095 9.487236879750594e-09
33500.000000000095 1.777485682414002e-08
33550.000000000095 1.2365611431409055e-08
33600.000000000095 1.9527391610646376e-08
33650.000000000095 1.9409566442728442e-08
33700.000000000095 1.3711761180838453e-08
33750.000000000095 2.4530114639382624e-08
33800.000000000095 9.641750456815651e-09
33850.000000000095 1.6918942022790066e-08
33900.000000000095 1.606900294354988e-08
33950.000000000095 1.700493208428335e-08
34000.000000000095 2.205328433017465e-08
34050.000000000095 7.932292517269323e-09
34100.000000000095 1.9113702729523162e-08
34150.000000000095 1.0859829755391675e-08
34200.000000000095 1.7233492813800418e-08
34250.000000000095 1.556780715401248e-08
34300.000000000095 1.1712750638722894e-08
34350.000000000095 2.0659429192506784e-08
34400.000000000095 1.1599889881165206e-08
34450.000000000095 2.1904072380298254e-08
34500.000000000095 1.5752006164994653e-08
34550.000000000095 1.0716294065006788e-08
34600.000000000095 2.4601880564993686e-08
34650.000000000095 1.0420822656860902e-08
34700.000000000095 1.7278046111708143e-08
34750.000000000095 1.7130658085197125e-08
34800.000000000095 9.825495138395172e-09
34850.000000000095 2.310387654355377e-08
34900.000000000095 1.7895940698557082e-08
34950.000000000095 2.0445418449266004e-08
35000.000000000095 2.9073860711766727e-08
35050.000000000095 1.7836977618443963e-08
35100.000000000095 3.21442408018249e-08
35150.000000000095 2.7801629299209648e-08
35200.000000000095 3.0088460756487195e-08
35250.000000000095 3.9692680779927577e-08
35300.000000000095 2.0789657006266564e-08
35350.000000000095 3.328982639315073e-08
35400.000000000095 3.219714470172129e-08
35450.000000000095 2.596915623831059e-08
35500.000000000095 5.112723437718351e-08
35550.000000000095 3.677406080620819e-08
35600.000000000095 4.244597841813106e-08
35650.000000000095 4.6794586654516285e-08
35700.000000000095 3.1759073353779517e-08
35750.000000000095 5.9029202375711175e-08
35800.000000000095 4.920614800316227e-08
35850.000000000095 3.425371117118449e-08
35900.000000000095 5.3937477958336986e-08
35950.000000000095 5.643917729219078e-08
36000.000000000095 4.507086426729185e-08
36050.000000000095 5.538242029674124e-08
36100.000000000095 4.790903633560303e-08
36150.000000000095 6.743877050755469e-08
36200.000000000095 6.874849835635523e-08
36250.000000000095 6.523394084752302e-08
36300.000000000095 8.155548271727587e-08
36350.000000000095 7.59014161422467e-08
36400.000000000095 9.504386041949903e-08
36450.000000000095 8.684327209398206e-08
36500.000000000095 8.464703485038689e-08
36550.000000000095 1.1525010956454025e-07
36600.000000000095 1.278356212357472e-07
36650.000000000095 1.1592252752416285e-07
36700.000000000095 1.1295818080046517e-07
36750.000000000095 1.3629090964925343e-07
36800.000000000095 1.301942908909863e-07
36850.000000000095 1.1056068216010408e-07
36900.000000000095 1.2182918449723783e-07
36950.000000000095 1.4188176223722374e-07
37000.000000000095 1.2390944294323905e-07
37050.000000000095 1.4584319514802386e-07
37100.000000000095 1.3116643179444096e-07
37150.000000000095 1.4696993676294733e-07
37200.000000000095 1.675316061453536e-07
37250.000000000095 1.2992079797341436e-07
37300.000000000095 1.2674779651478363e-07
37350.000000000095 1.6390797051645037e-07
37400.000000000095 2.027377090779011e-07
37450.000000000095 1.4591636268781723e-07
37500.000000000095 1.448063590138175e-07
37550.000000000095 2.1685271059490858e-07
37600.000000000095 2.3780965373284827e-07
37650.000000000095 1.5472132370676337e-07
37700.000000000095 2.0619125654954955e-07
37750.000000000095 1.548038234252689e-07
37800.000000000095 1.8809867743051555e-07
37850.000000000095 1.3584316150670107e-07
37900.000000000095 1.6747648887609762e-07
37950.000000000095 1.992332042299187e-07
38000.000000000095 2.2418711801685503e-07
38050.000000000095 2.031675894828079e-07
38100.000000000095 2.40846625021725e-07
38150.000000000095 2.376771092550247e-07
38200.000000000095 2.3147201462308177e-07
38250.000000000095 2.342776840908241e-07
38300.000000000095 3.001390801630821e-07
38350.000000000095 2.924427346040154e-07
38400.000000000095 2.055265562472119e-07
38450.000000000095 2.102714903184568e-07
38500.000000000095 1.741631904125412e-07
38550.000000000095 2.3520826807664567e-07
38600.000000000095 2.419349859710793e-07
38650.000000000095 2.7474493700881825e-07
38700.000000000095 2.877234310799423e-07
38750.000000000095 2.818290079346679e-07
38800.000000000095 2.445803617450073e-07
38850.000000000095 2.957034091428553e-07
38900.000000000095 3.09347545479219e-07
38950.000000000095 2.61446252397492e-07
39000.000000000095 3.1610882818677847e-07
39050.000000000095 2.7930768505051635e-07
39100.000000000095 2.857594755615166e-07
39150.000000000095 3.093137859041732e-07
39200.000000000095 2.891722300420375e-07
39250.000000000095 3.364640911630537e-07
39300.000000000095 3.148775209164436e-07
39350.000000000095 3.7209266900752063e-07
39400.000000000095 3.3633060622405834e-07
39450.000000000095 3.5183652217223477e-07
39500.000000000095 3.609134716597303e-07
39550.000000000095 3.3052472308032266e-07
39600.000000000095 3.4419026302418074e-07
39650.000000000095 4.178018917739942e-07
39700.000000000095 3.6952136271002765e-07
39750.000000000095 2.9004035566762786e-07
39800.000000000095 3.3821782628113936e-07
39850.000000000095 4.191903832609788e-07
39900.000000000095 4.2071702400802064e-07
39950.000000000095 3.732955105146438e-07
40000.000000000095 4.341832646170858e-07
40050.000000000095 4.198741225357514e-07
40100.000000000095 3.1007712059467946e-07
40150.000000000095 4.350127893507606e-07
40200.000000000095 4.4931446592390583e-07
40250.000000000095 4.3563064280310237e-07
40300.000000000095 4.458634653394755e-07
40350.000000000095 3.555592260492057e-07
40400.000000000095 4.4962298571592935e-07
40450.000000000095 3.8828836968213983e-07
40500.000000000095 4.427940470906704e-07
40550.000000000095 4.55542650762679e-07
40600.000000000095 4.399282862050236e-07
40650.000000000095 4.3004969050046423e-07
40700.000000000095 5.464978522776036e-07
40750.000000000095 4.451383833398294e-07
40800.000000000095 3.796252953484272e-07
40850.000000000095 5.194212340313333e-07
40900.000000000095 5.113097656807458e-07
40950.000000000095 4.1844542111087603e-07
41000.000000000095 4.6332640826790196e-07
41050.000000000095 5.094548553857542e-07
41100.000000000095 4.5146534496900167e-07
41150.000000000095 3.6642123351114605e-07
41200.000000000095 5.142507256562016e-07
41250.000000000095 4.795759893471046e-07
41300.000000000095 4.179471564891592e-07
41350.000000000095 5.30337547457966e-07
41400.000000000095 4.7431899056334543e-07
41450.000000000095 5.036652944527093e-07
41500.000000000095 4.3210938175245277e-07
41550.000000000095 3.9188298586742374e-07
41600.000000000095 4.4874206979948557e-07
41650.000000000095 4.817375453999495e-07
41700.000000000095 4.38760046176927e-07
41750.000000000095 4.2626516067443716e-07
41800.000000000095 5.224679183890778e-07
41850.000000000095 3.389972390677664e-07
41900.000000000095 3.8383503921472394e-07
41950.000000000095 4.584424021423082e-07
42000.000000000095 4.732373622340253e-07
42050.000000000095 3.925682798713595e-07
42100.000000000095 4.891071361599225e-07
42150.000000000095 3.5177859824475085e-07
42200.000000000095 3.6991709127823667e-07
42250.000000000095 3.752605992718424e-07
42300.000000000095 3.625349098034064e-07
42350.000000000095 4.0826522863874484e-07
42400.000000000095 4.102619913835924e-07
42450.000000000095 3.5020138831954117e-07
42500.000000000095 3.58972198294513e-07
42550.000000000095 3.4060371345964644e-07
42600.000000000095 3.8999860776806317e-07
42650.000000000095 4.798850068675648e-07
42700.000000000095 3.418445655190541e-07
42750.000000000095 3.1436846191070786e-07
42800.000000000095 3.4652135751785065e-07
42850.000000000095 4.0140243098900256e-07
42900.000000000095 4.203662250553145e-07
42950.000000000095 3.1845193676592063e-07
43000.000000000095 4.0745567179908727e-07
43050.000000000095 2.2603758525540535e-07
43100.000000000095 3.5577201006644884e-07
43150.000000000095 3.4210438279802234e-07
43200.000000000095 3.591251472224898e-07
43250.000000000095 4.743968576674583e-07
43300.000000000095 4.601185723093154e-07
43350.000000000095 2.7004222732882177e-07
43400.000000000095 3.6734234587340795e-07
43450.000000000095 2.893233640791427e-07
43500.000000000095 3.2383399821758673e-07
43550.000000000095 3.0434731559994814e-07
43600.000000000095 3.8828009950760495e-07
43650.000000000095 2.377546462055397e-07
43700.000000000095 3.948415822312804e-07
43750.000000000095 3.8205487166739976e-07
43800.000000000095 3.147111138185552e-07
43850.000000000095 2.98531389858345e-07
43900.000000000095 2.8246775453372226e-07
43950.000000000095 2.279235155740347e-07
44000.000000000095 1.6946903195207522e-07
44050.000000000095 2.553043656319041e-07
44100.000000000095 2.8303047110642686e-07
44150.000000000095 2.670678326344659e-07
44200.000000000095 2.3913722728731057e-07
44250.000000000095 1.9262940306582929e-07
44300.000000000095 1.7170642915529307e-07
44350.000000000095 1.6022076731034609e-07
44400.000000000095 1.582491728961216e-07
44450.000000000095 1.6835741490607514e-07
44500.000000000095 1.3974014713790529e-07
44550.000000000095 1.5417440270319645e-07
44600.000000000095 1.215854100372033e-07
44650.000000000095 1.3917787110304594e-07
44700.000000000095 1.236985716150545e-07
44750.000000000095 1.294566843307713e-07
44800.000000000095 1.1541241322900854e-07
44850.000000000095 1.1134559157940944e-07
44900.000000000095 9.211344171841777e-08
44950.000000000095 8.514331364525627e-08
45000.000000000095 8.886115131659468e-08
45050.000000000095 9.327221157349201e-08
45100.000000000095 9.318734198415603e-08
45150.000000000095 7.825281775899685e-08
45200.000000000095 5.832466149367655e-08
45250.000000000095 6.387307052774093e-08
45300.000000000095 7.702059399420542e-08
45350.000000000095 7.191686016014208e-08
45400.000000000095 6.000767317699562e-08
45450.000000000095 5.595185224993453e-08
45500.000000000095 6.47634348159272e-08
45550.000000000095 7.322745114842714e-08
45600.000000000095 5.3559717594332655e-08
45650.000000000095 5.266744991348761e-08
45700.000000000095 7.064277908325307e-08
45750.000000000095 5.665931781804754e-08
45800.000000000095 4.6857974644210425e-08
45850.000000000095 7.330328236516365e-08
45900.000000000095 7.197661997158706e-08
45950.000000000095 4.770257558071824e-08
46000.000000000095 6.945403846074374e-08
46050.000000000095 7.588104164135027e-08
46100.000000000095 4.907994465088316e-08
46150.000000000095 7.479293490604842e-08
46200.000000000095 7.182519969409017e-08
46250.000000000095 3.990521097156754e-08
46300.000000000095 8.881504528522471e-08
46350.000000000095 6.259602046557883e-08
46400.000000000095 7.401479761419603e-08
46450.000000000095 1.0443766736934085e-07
46500.000000000095 7.229981345051871e-08
46550.000000000095 1.1089358046679855e-07
46600.000000000095 1.0313951335342989e-07
46650.000000000095 1.8434249450686503e-07
46700.000000000095 1.4072629378839176e-07
46750.000000000095 9.051727038547529e-08
46800.000000000095 6.991047790134635e-08
46850.000000000095 1.030811462375011e-07
46900.000000000095 8.728456309866857e-08
46950.000000000095 1.316003160347975e-07
47000.000000000095 6.405723897481397e-08
47050.000000000095 1.2568253760215264e-07
47100.000000000095 5.5756675392731604e-08
47150.000000000095 8.180315956397398e-08
47200.000000000095 8.883139163280856e-08
47250.000000000095 6.190738858071121e-08
47300.000000000095 7.580198609133803e-08
47350.000000000095 5.547294470057757e-08
47400.000000000095 1.0692096924773535e-07
47450.000000000095 5.307423191756337e-08
47500.000000000095 1.1531088303203044e-07
47550.000000000095 5.647691582061074e-08
47600.000000000095 1.0757993094488292e-07
47650.000000000095 5.880281025243966e-08
47700.000000000095 1.0198033194427688e-07
47750.000000000095 5.342183538067253e-08
47800.000000000095 9.585465160832167e-08
47850.000000000095 4.8423553682882294e-08
47900.000000000095 8.094980748032484e-08
47950.000000000095 6.844769115633909e-08
48000.000000000095 1.2146268747966257e-07
48050.000000000095 7.80041908854867e-08
48100.000000000095 1.0423571066425592e-07
48150.000000000095 7.872560557987384e-08
48200.000000000095 1.175843109986819e-07
48250.000000000095 8.20998340731961e-08
48300.000000000095 1.450278568761227e-07
48350.000000000095 7.927012101965223e-08
48400.000000000095 8.887731776902425e-08
48450.000000000095 7.233003914715226e-08
48500.000000000095 1.3898375422563576e-07
48550.000000000095 7.296903132037247e-08
48600.000000000095 1.3920988978013657e-07
