galfind/configs/Brown_Dwarf_templates/sonora_cholla/logkzz7/1780g/900K_1780g_logkzz7_resample.dat
# %ECSV 1.0
# ---
# datatype:
# - {name: wav, unit: Angstrom, datatype: float64}
# - {name: flux_nu, unit: erg / (cm2 Hz s), datatype: float64}
# schema: astropy-2.0
wav flux_nu
[from data line 774]
48700.000000000095 1.5318065743689462e-07
48750.000000000095 8.377609366229772e-08
48800.000000000095 1.5225656947610336e-07
48850.000000000095 9.855916454912896e-08
48900.000000000095 1.4196361947863104e-07
48950.000000000095 1.2984880259056533e-07
49000.000000000095 1.0571285344669125e-07
49050.000000000095 1.5238196679443835e-07
49100.000000000095 1.0984051685265763e-07
49150.000000000095 1.7232787309098772e-07
49200.000000000095 1.0980803332273385e-07
49250.000000000095 1.8014551877302686e-07
49300.000000000095 1.218302209185457e-07
49350.000000000095 1.2782473052414973e-07
49400.000000000095 1.513349484326423e-07
49450.000000000095 1.413235804046269e-07
49500.000000000095 1.312167717679769e-07
49550.000000000095 6.279112475609563e-08
49600.000000000095 1.27463467529723e-07
49650.000000000095 1.3320043910877918e-07
49700.000000000095 1.3787809377956921e-07
49750.000000000095 2.0541606691730094e-07
49800.000000000095 1.1782000386856858e-07
49850.000000000095 2.2922959466389916e-07
49900.000000000095 1.696898162946099e-07
49950.000000000095 1.8744948915647798e-07
50000.000000000095 1.949432231640026e-07
50050.000000000095 1.8540449750322883e-07
50100.000000000095 2.1319703447379375e-07
50150.000000000095 1.111399475904526e-07
50200.000000000095 5.979737564221363e-08
50250.000000000095 1.6174856039391304e-07
50300.000000000095 1.2114321488864288e-07
50350.000000000095 2.114132688470256e-07
50400.000000000095 1.7242718817824695e-07
50450.000000000095 1.628577436304819e-07
50500.000000000095 2.3994225831195255e-07
50550.000000000095 2.044498379720359e-07
50600.000000000095 1.833585512549123e-07
50650.000000000095 1.8972925428651796e-07
50700.000000000095 2.7741444340294174e-07
50750.000000000095 2.1277970019927048e-07
50800.000000000095 1.0672294881566757e-07
50850.000000000095 9.266688350778548e-08
50900.000000000095 2.286592205025685e-07
50950.000000000095 2.2492709588765378e-07
51000.000000000095 2.029255710018576e-07
51050.000000000095 2.0624691343722505e-07
51100.000000000095 1.0905703846754073e-07
51150.000000000095 1.4069074113786095e-07
51200.000000000095 2.6012335005331665e-07
51250.000000000095 2.0072007251674027e-07
51300.000000000095 1.4721871045505524e-07
51350.000000000095 1.748149272581073e-07
51400.000000000095 1.0346858549233267e-07
51450.000000000095 8.874305507470078e-08
51500.000000000095 7.715998437890482e-08
51550.000000000095 1.7128671794859156e-07
51600.000000000095 1.3492960563847967e-07
51650.000000000095 1.684237646438805e-07
51700.000000000095 1.80890011264955e-07
51750.000000000095 1.192463807305341e-07
51800.000000000095 2.2934753035686537e-07
51850.000000000095 1.894072670453655e-07
51900.000000000095 2.4697137034605413e-07
51950.000000000095 1.783028638952743e-07
52000.000000000095 5.034272184346611e-08
52050.000000000095 1.1585393937839096e-07
52100.000000000095 9.44052743385757e-08
52150.000000000095 7.0627395169177e-08
52200.000000000095 9.769397579181066e-08
52250.000000000095 1.4126054169901382e-07
52300.000000000095 2.2919071663213895e-07
52350.000000000095 1.1142254069101868e-07
52400.000000000095 1.0245815161365784e-07
52450.000000000095 1.9600337297739932e-07
52500.000000000095 1.814846021318538e-07
52550.000000000095 1.7506921918507981e-07
52600.000000000095 1.4885005896524255e-07
52650.000000000095 1.568972366832361e-07
52700.000000000095 1.2102041665374906e-07
52750.000000000095 8.512291010813694e-08
52800.000000000095 1.0312198449851776e-07
52850.000000000095 1.2206439894518158e-07
52900.000000000095 8.823477467887221e-08
52950.000000000095 1.0970025282654843e-07
53000.000000000095 1.835086091824984e-07
53050.000000000095 7.531807334546854e-08
53100.000000000095 1.8907971860413082e-07
53150.000000000095 2.1714946532542408e-07
53200.000000000095 9.414322029152935e-08
53250.000000000095 1.8875745364723146e-07
53300.000000000095 2.0991016056067287e-07
53350.000000000095 2.0365804914984828e-07
53400.000000000095 1.76596774092632e-07
53450.000000000095 7.32299870675684e-08
53500.000000000095 3.8791261115764635e-08
53550.000000000095 6.430875321944051e-08
53600.000000000095 1.2570755915672578e-07
53650.000000000095 1.0356238803422608e-07
53700.000000000095 9.44217391910044e-08
53750.000000000095 8.970980942645063e-08
53800.000000000095 9.51320242535152e-08
53850.000000000095 1.33217099766974e-07
53900.000000000095 1.5183485153606738e-07
53950.000000000095 1.8463292107482645e-07
54000.000000000095 1.2285667805944167e-07
54050.000000000095 1.255292951089506e-07
54100.000000000095 4.996401056076838e-08
54150.000000000095 7.557471538347774e-08
54200.000000000095 3.134381997514499e-08
54250.000000000095 4.7901945042634695e-08
54300.000000000095 8.560234366415213e-08
54350.000000000095 1.1692076071754038e-07
54400.000000000095 1.1087001178377765e-07
54450.000000000095 1.0160617559153187e-07
54500.000000000095 8.98477380121234e-08
54550.000000000095 7.561863750624339e-08
54600.000000000095 9.013935543870888e-08
54650.000000000095 3.776185093587678e-08
54700.000000000095 1.0731497576360548e-07
54750.000000000095 9.77849610111217e-08
54800.000000000095 6.380559622931223e-08
54850.000000000095 8.097393118964199e-08
54900.000000000095 1.197363628861703e-07
54950.000000000095 1.6422911637937476e-07
55000.000000000095 6.77061357717745e-08
55050.000000000095 9.830489011534708e-08
55100.000000000095 1.0571839138788914e-07
55150.000000000095 7.571595938749417e-08
55200.000000000095 6.920699099048507e-08
55250.000000000095 8.45858239529125e-08
55300.000000000095 5.750904702835071e-08
55350.000000000095 1.0312734787969841e-07
55400.000000000095 1.223398735747718e-07
55450.000000000095 8.071843708627428e-08
55500.000000000095 4.085322949337139e-08
55550.000000000095 5.360582541719042e-08
55600.000000000095 6.174895275923951e-08
55650.000000000095 5.39320361501836e-08
55700.000000000095 6.505629045900705e-08
55750.000000000095 6.905890425588696e-08
55800.000000000095 4.31153482959082e-08
55850.000000000095 4.480694637473994e-08
55900.000000000095 9.070691261899428e-08
55950.000000000095 1.2425064040396858e-07
56000.000000000095 5.418626323215673e-08
56050.000000000095 7.078873093501834e-08
56100.000000000095 8.974302345922e-08
56150.000000000095 5.869334325822655e-08
56200.000000000095 6.91212435575362e-08
56250.000000000095 9.504759134453328e-08
56300.000000000095 8.036148887148164e-08
56350.000000000095 7.068285000585644e-08
56400.000000000095 4.030812733831869e-08
56450.000000000095 3.6741547520144924e-08
56500.000000000095 6.88604767653578e-08
56550.000000000095 3.606632241072909e-08
56600.000000000095 8.89925198157623e-08
56650.000000000095 9.046428141484415e-08
56700.000000000095 9.158624126304403e-08
56750.000000000095 4.1392601873809294e-08
56800.000000000095 7.3536175425461e-08
56850.000000000095 7.01035402948147e-08
56900.000000000095 5.144566306359588e-08
56950.000000000095 8.679586819891195e-08
57000.000000000095 1.028506608863194e-07
57050.000000000095 5.917497980660793e-08
57100.000000000095 2.712703263793526e-08
57150.000000000095 4.590824442369788e-08
57200.000000000095 3.619993537064464e-08
57250.000000000095 5.1328404041394855e-08
57300.000000000095 6.895242324418334e-08
57350.000000000095 4.07614116177444e-08
57400.000000000095 8.399525527110237e-08
57450.000000000095 6.12942788625717e-08
57500.000000000095 5.374575714674711e-08
57550.000000000095 7.27858570583948e-08
57600.000000000095 7.101074948322108e-08
57650.000000000095 2.5600813786231363e-08
57700.000000000095 3.7273476024470383e-08
57750.000000000095 4.9821574900909667e-08
57800.000000000095 2.1925450075581075e-08
57850.000000000095 1.0992078172773654e-07
57900.000000000095 1.2875022340067803e-07
57950.000000000095 1.2547316192213833e-07
58000.000000000095 5.5047963301705105e-08
58050.000000000095 7.855556467707674e-08
58100.000000000095 8.848779795280219e-08
58150.000000000095 6.255322915366571e-08
58200.000000000095 2.7776256463939926e-08
58250.000000000095 3.6959558007091075e-08
58300.000000000095 3.632706438474174e-08
58350.000000000095 4.226766110157814e-08
58400.000000000095 7.12634267331873e-08
58450.000000000095 8.194725444836897e-08
58500.000000000095 7.749328201346009e-08
58550.000000000095 7.944105871252948e-08
58600.000000000095 4.168475781042688e-08
58650.000000000095 5.1563445626730844e-08
58700.000000000095 5.911460641820995e-08
58750.000000000095 6.291097728958899e-08
58800.000000000095 2.1458276908992128e-08
58850.000000000095 4.716400735673396e-08
58900.000000000095 6.177474272667617e-08
58950.000000000095 3.3736006121649496e-08
59000.000000000095 6.420081885929725e-08
59050.000000000095 7.952284700171828e-08
59100.000000000095 8.841961879938166e-08
59150.000000000095 6.690960830838445e-08
59200.000000000095 6.8857367588929e-08
59250.000000000095 7.25996567322159e-08
59300.000000000095 6.720577984410944e-08
59350.000000000095 2.5716534170147103e-08
59400.000000000095 2.3199997636882437e-08
59450.000000000095 6.481287593669037e-08
59500.000000000095 3.609162364792624e-08
59550.000000000095 7.7019726947937e-08
59600.000000000095 9.216706952628768e-08
59650.000000000095 5.5984381952546716e-08
59700.000000000095 4.048463690221401e-08
59750.000000000095 1.0700702658409918e-07
59800.000000000095 5.535418914086816e-08
59850.000000000095 7.629687491615334e-08
59900.000000000095 3.3428106508312314e-08
59950.000000000095 6.414667848929564e-08
60000.000000000095 1.232669409098158e-07
60050.000000000095 1.0873652290118029e-07
60100.000000000095 9.586654647843126e-08
60150.000000000095 5.538630675063159e-08
60200.000000000095 7.767565306915911e-08
60250.000000000095 1.1244107919135997e-07
60300.000000000095 1.0206817409803939e-07
60350.000000000095 6.378675124030883e-08
60400.000000000095 7.660713465043627e-08
60450.000000000095 3.1936189061567536e-08
60500.000000000095 1.725820647897474e-08
60550.000000000095 7.296378076825927e-08
60600.000000000095 7.949685103138518e-08
60650.000000000095 5.935025748539553e-08
60700.000000000095 4.847675701368648e-08
60750.000000000095 3.0813571623592094e-08
60800.000000000095 8.068998692909144e-08
60850.000000000095 1.3042815630772772e-07
60900.000000000095 1.1537378365630799e-07
60950.000000000095 9.352534031862636e-08
61000.000000000095 8.538190778418825e-08
61050.000000000095 4.668254671024111e-08
61100.000000000095 6.062935667804393e-08
61150.000000000095 2.6616666130780916e-08
61200.000000000095 9.176038318882583e-08
61250.000000000095 9.797920231136407e-08
61300.000000000095 8.18795434256268e-08
61350.000000000095 1.2312980809336517e-07
61400.000000000095 6.182387438019986e-08
61450.000000000095 3.643654983779829e-08
61500.000000000095 4.135405692185297e-08
61550.000000000095 5.8304379511300165e-08
61600.000000000095 3.685233426476568e-08
61650.000000000095 5.877345850867142e-08
61700.000000000095 5.781817584288431e-08
61750.000000000095 6.726857620456794e-08
61800.000000000095 6.826471168031196e-08
61850.000000000095 3.738479678141878e-08
61900.000000000095 1.0357928891595909e-07
61950.000000000095 1.1412476069102214e-07
62000.000000000095 1.0204280763076791e-07
62050.000000000095 1.0944532349317804e-07
62100.000000000095 9.020408697670889e-08
62150.000000000095 1.0592049832957512e-07
62200.000000000095 9.307898174713844e-08
62250.000000000095 7.801253433731506e-08
62300.000000000095 1.3892723575778158e-07
62350.000000000095 1.2039132070406422e-07
62400.000000000095 6.816904857529699e-08
62450.000000000095 8.515970619117783e-08
62500.000000000095 1.2989955234620696e-07
62550.000000000095 1.4397449641583742e-07
62600.000000000095 1.3070789091638465e-07
62650.000000000095 1.0251778792958659e-07
62700.000000000095 9.776271090909785e-08
62750.000000000095 1.3066638036282703e-07
62800.000000000095 7.981023885767526e-08
62850.000000000095 1.1478535363853503e-07
62900.000000000095 9.735392623855587e-08
62950.000000000095 1.552202625858166e-07
63000.000000000095 1.1060587681093209e-07
63050.000000000095 1.7844690603335342e-07
63100.000000000095 1.6719464835198378e-07
63150.000000000095 1.1131237430841849e-07
63200.000000000095 1.2406496050963477e-07
63250.000000000095 1.3558435981998566e-07
63300.000000000095 1.1503095104048119e-07
63350.000000000095 1.1366638605271616e-07
63400.000000000095 5.847437513736249e-08
63450.000000000095 4.051319232516296e-08
63500.000000000095 1.0523618753901186e-07
63550.000000000095 1.1813059028297574e-07
63600.000000000095 1.1857004109945904e-07
63650.000000000095 8.761497409910187e-08
63700.000000000095 4.506345854080836e-08
63750.000000000095 7.542579095268073e-08
63800.000000000095 1.16924580282177e-07
63850.000000000095 9.796096121057908e-08
63900.000000000095 5.3312523525006445e-08
63950.000000000095 8.989619734843431e-08
64000.000000000095 1.0878719744355413e-07
64050.000000000095 6.485922484488256e-08
64100.000000000095 2.114143683982632e-08
64150.000000000095 3.182786219387742e-08
64200.000000000095 3.714169439066321e-08
64250.000000000095 6.868914350261141e-08
64300.000000000095 5.441844810620669e-08
64350.000000000095 4.4467675420911024e-08
64400.000000000095 8.6949749056423e-08
64450.000000000095 9.17035722973809e-08
64500.000000000095 4.412148636813892e-08
64550.000000000095 7.654923058904087e-08
64600.000000000095 4.900327926591947e-08
64650.000000000095 7.763275824358042e-08
64700.000000000095 3.4371914817103294e-08
64750.000000000095 4.577115997745533e-08
64800.000000000095 3.871710321200868e-08
64850.000000000095 3.288372302757412e-08
64900.000000000095 3.70761339163327e-08
64950.000000000095 3.32418500102284e-08
65000.000000000095 4.473062485152577e-08
65050.000000000095 5.78473957766632e-08
65100.000000000095 7.205624275945554e-08
65150.000000000095 4.65617079478791e-08
65200.000000000095 3.1143126960815753e-08
65250.000000000095 5.706918588151837e-08
65300.000000000095 5.667837576770959e-08
65350.000000000095 1.1123708779293648e-07
65400.000000000095 5.163979050205191e-08
65450.000000000095 5.251338586429929e-08
65500.000000000095 6.232049094271241e-08
65550.00000000009 3.6532764466019354e-08
65600.00000000009 5.813179396860267e-08
65650.00000000009 5.011809533764691e-08
65700.00000000009 4.747102788741283e-08
65750.00000000009 3.449510785387453e-08
65800.00000000009 5.6183241258686365e-08
65850.00000000009 7.595996412683303e-08
65900.00000000009 3.347985596468454e-08
65950.00000000009 3.652574532670445e-08
66000.00000000009 4.792405414052835e-08
66050.00000000009 9.054270041673484e-08
66100.00000000009 5.399567716049164e-08
66150.00000000009 4.557519555180478e-08
66200.00000000009 4.2804961443034465e-08
66250.00000000009 3.5545008307833367e-08
66300.00000000009 1.790111695969572e-08
66350.00000000009 2.2627515278255336e-08
66400.00000000009 3.5316027220539674e-08
66450.00000000009 6.723427986016391e-08
66500.00000000009 9.133102492535641e-08
66550.00000000009 8.183200715724816e-08
66600.00000000009 6.539191112571221e-08
66650.00000000009 5.8430020039103634e-08
66700.00000000009 4.8741752257837955e-08
66750.00000000009 4.426512787693607e-08
66800.00000000009 5.846381663598256e-08
66850.00000000009 3.9396533451896384e-08
66900.00000000009 8.272918196689745e-08
66950.00000000009 9.213536283140131e-08
67000.00000000009 1.0032481406885092e-07
67050.00000000009 5.951223232228624e-08
67100.00000000009 4.474197109059131e-08
67150.00000000009 4.92904212115687e-08
67200.00000000009 6.586642650681237e-08
67250.00000000009 6.015158875535165e-08
67300.00000000009 7.648288769440828e-08
67350.00000000009 4.551188412438855e-08
67400.00000000009 9.25716246550477e-08
67450.00000000009 6.379497173044063e-08
67500.00000000009 6.132889353424412e-08
67550.00000000009 8.556536251241392e-08
67600.00000000009 1.3964932620096132e-07
67650.00000000009 1.0190496166552169e-07
67700.00000000009 7.232490440542129e-08
67750.00000000009 5.6583389884925727e-08
67800.00000000009 7.807366809472374e-08
67850.00000000009 4.271451051523264e-08
67900.00000000009 5.3730335935644925e-08
67950.00000000009 3.8991097986364364e-08
68000.00000000009 6.702427706457225e-08
68050.00000000009 8.018262552746478e-08
