galfind/configs/Brown_Dwarf_templates/sonora_cholla/logkzz7/1780g/950K_1780g_logkzz7_resample.dat
# %ECSV 1.0
# ---
# datatype:
# - {name: wav, unit: Angstrom, datatype: float64}
# - {name: flux_nu, unit: erg / (cm2 Hz s), datatype: float64}
# schema: astropy-2.0
wav flux_nu
[from data line 1162]
68100.00000000009 1.2324617260885356e-07
68150.00000000009 1.020128587594196e-07
68200.00000000009 1.0285454465299856e-07
68250.00000000009 4.0503878314135176e-08
68300.00000000009 9.372306879108792e-08
68350.00000000009 6.707265445150629e-08
68400.00000000009 1.2934885847733381e-07
68450.00000000009 1.1802521255380346e-07
68500.00000000009 9.49104965642921e-08
68550.00000000009 5.8554329107198893e-08
68600.00000000009 6.258124049986382e-08
68650.00000000009 3.9046983633384686e-08
68700.00000000009 6.994298405800885e-08
68750.00000000009 9.184570367524778e-08
68800.00000000009 1.0207814526899056e-07
68850.00000000009 5.1214127184424333e-08
68900.00000000009 1.3658655842367158e-07
68950.00000000009 1.4650793971347152e-07
69000.00000000009 1.233002279736359e-07
69050.00000000009 7.203702019975128e-08
69100.00000000009 1.3560087276344507e-07
69150.00000000009 1.597599133146518e-07
69200.00000000009 1.0006395234756159e-07
69250.00000000009 1.5637070817301166e-07
69300.00000000009 1.1176472556021723e-07
69350.00000000009 1.4595032624577855e-07
69400.00000000009 7.217871904439269e-08
69450.00000000009 1.474661076201835e-07
69500.00000000009 8.202687537379897e-08
69550.00000000009 8.919905711854476e-08
69600.00000000009 3.358554596276822e-08
69650.00000000009 8.135471806972267e-08
69700.00000000009 1.3218776244270071e-07
69750.00000000009 9.400954586008219e-08
69800.00000000009 1.1999092697850713e-07
69850.00000000009 1.320636825462858e-07
69900.00000000009 1.0130013265663973e-07
69950.00000000009 9.845368369095943e-08
70000.00000000009 8.774949883570253e-08
70050.00000000009 1.4490797107979656e-07
70100.00000000009 1.0127001643082167e-07
70150.00000000009 1.096614659077314e-07
70200.00000000009 7.79124598246815e-08
70250.00000000009 1.0110617213012304e-07
70300.00000000009 1.4301249817883456e-07
70350.00000000009 1.0895948873325963e-07
70400.00000000009 7.859219981678555e-08
70450.00000000009 3.385728195659467e-08
70500.00000000009 6.499925564900772e-08
70550.00000000009 6.582056180276449e-08
70600.00000000009 7.183395423006407e-08
70650.00000000009 1.207366304069549e-07
70700.00000000009 1.1246053071644664e-07
70750.00000000009 1.486259440375647e-07
70800.00000000009 9.021032971576534e-08
70850.00000000009 8.393237915391511e-08
70900.00000000009 9.186891130486601e-08
70950.00000000009 1.2499542379077039e-07
71000.00000000009 1.1417908380436271e-07
71050.00000000009 1.1556415155845328e-07
71100.00000000009 1.0213737808367026e-07
71150.00000000009 8.703849889808011e-08
71200.00000000009 7.733835921790443e-08
71250.00000000009 9.645986814283985e-08
71300.00000000009 1.2137803504779099e-07
71350.00000000009 1.205842925503338e-07
71400.00000000009 1.1096417036889657e-07
71450.00000000009 6.145579357034843e-08
71500.00000000009 7.48256775134572e-08
71550.00000000009 7.895489717498465e-08
71600.00000000009 9.887580404841452e-08
71650.00000000009 7.720683624297967e-08
71700.00000000009 6.138879586595113e-08
71750.00000000009 9.011988711071594e-08
71800.00000000009 1.1406615801438905e-07
71850.00000000009 1.1377876762284995e-07
71900.00000000009 7.146699394876861e-08
71950.00000000009 9.016807376530242e-08
72000.00000000009 8.423103708554401e-08
72050.00000000009 5.9119662296101384e-08
72100.00000000009 7.089937463472273e-08
72150.00000000009 6.748612752745987e-08
72200.00000000009 8.988600447670276e-08
72250.00000000009 1.0866085932906635e-07
72300.00000000009 8.628608011535083e-08
72350.00000000009 8.797424972062906e-08
72400.00000000009 8.238700004971153e-08
72450.00000000009 6.918109982993478e-08
72500.00000000009 8.794345074030335e-08
72550.00000000009 4.7874873788903014e-08
72600.00000000009 6.429712320584112e-08
72650.00000000009 9.833230383547198e-08
72700.00000000009 8.441125121492305e-08
72750.00000000009 7.93371507289091e-08
72800.00000000009 6.346140567365192e-08
72850.00000000009 6.992561829583942e-08
72900.00000000009 1.0654545563671337e-07
72950.00000000009 8.076583952906241e-08
73000.00000000009 8.189468921746662e-08
73050.00000000009 6.014686648135869e-08
73100.00000000009 5.981518024737498e-08
73150.00000000009 1.1680974105176448e-07
73200.00000000009 6.37543415729819e-08
73250.00000000009 7.900608082933049e-08
73300.00000000009 7.170713114035789e-08
73350.00000000009 5.417939472692254e-08
73400.00000000009 7.640826910737989e-08
73450.00000000009 5.308730019723971e-08
73500.00000000009 5.0784178405661916e-08
73550.00000000009 7.745337008714074e-08
73600.00000000009 6.48653160234147e-08
73650.00000000009 7.616678472760598e-08
73700.00000000009 8.323920751365996e-08
73750.00000000009 4.681826603303041e-08
73800.00000000009 6.928413392370931e-08
73850.00000000009 8.193814882059875e-08
73900.00000000009 7.319269868283287e-08
73950.00000000009 6.515366796329309e-08
74000.00000000009 5.052564206980225e-08
74050.00000000009 1.0719599030779546e-07
74100.00000000009 7.045623262186603e-08
74150.00000000009 7.50770015747218e-08
74200.00000000009 6.4288080933508e-08
74250.00000000009 3.2397377395140314e-08
74300.00000000009 6.915044030098981e-08
74350.00000000009 9.156289462483712e-08
74400.00000000009 8.320718422600011e-08
74450.00000000009 4.801490707111825e-08
74500.00000000009 4.5524847326282603e-08
74550.00000000009 6.696733005048306e-08
74600.00000000009 6.398118706195168e-08
74650.00000000009 6.277222624062206e-08
74700.00000000009 4.830344483855832e-08
74750.00000000009 5.101941998242446e-08
74800.00000000009 5.820089114357096e-08
74850.00000000009 5.954442084011503e-08
74900.00000000009 9.304097266837771e-08
74950.00000000009 8.972017665476539e-08
75000.00000000009 6.41332679391601e-08
75050.00000000009 4.0451344531740483e-08
75100.00000000009 9.821163354036893e-08
75150.00000000009 8.400079902805192e-08
75200.00000000009 9.33444675796025e-08
75250.00000000009 1.0357229475267973e-07
75300.00000000009 9.655611822360718e-08
75350.00000000009 4.931398787228309e-08
75400.00000000009 1.0531228605718195e-07
75450.00000000009 8.589589739061163e-08
75500.00000000009 8.163542746002354e-08
75550.00000000009 9.061414435367886e-08
75600.00000000009 1.1821114855764846e-07
75650.00000000009 7.816325265934556e-08
75700.00000000009 8.930667933003968e-08
75750.00000000009 6.314692909575372e-08
75800.00000000009 8.927192900593259e-08
75850.00000000009 1.0438840884376621e-07
75900.00000000009 8.996283996304165e-08
75950.00000000009 6.176987731772436e-08
76000.00000000009 9.378813229273719e-08
76050.00000000009 9.115245163848668e-08
76100.00000000009 8.928526404520292e-08
76150.00000000009 9.662913591141382e-08
76200.00000000009 9.410421511676348e-08
76250.00000000009 1.032203284329517e-07
76300.00000000009 1.4413601568329408e-07
76350.00000000009 1.6430919162707408e-07
76400.00000000009 1.2161115026907212e-07
76450.00000000009 1.1450112970541254e-07
76500.00000000009 9.664201907319674e-08
76550.00000000009 6.342031173638483e-08
76600.00000000009 2.6408544218185214e-08
76650.00000000009 3.390315999148476e-08
76700.00000000009 3.5540867434575496e-08
76750.00000000009 3.51675362004344e-08
76800.00000000009 5.9100680936813223e-08
76850.00000000009 2.516858203455376e-08
76900.00000000009 3.22069895227017e-08
76950.00000000009 5.124598877616002e-08
77000.00000000009 5.742800220700793e-08
77050.00000000009 3.6361999848206764e-08
77100.00000000009 4.184843528217789e-08
77150.00000000009 6.117002487667372e-08
77200.00000000009 5.211348683611387e-08
77250.00000000009 5.7214190297470056e-08
77300.00000000009 5.7982808836084976e-08
77350.00000000009 3.625846804758139e-08
77400.00000000009 3.820778288654946e-08
77450.00000000009 5.102177681967085e-08
77500.00000000009 4.308624100448012e-08
77550.00000000009 5.1474446048192394e-08
77600.00000000009 5.4137693833066766e-08
77650.00000000009 5.438729740605807e-08
77700.00000000009 4.545243781201191e-08
77750.00000000009 7.433059634079393e-08
77800.00000000009 6.405601941199355e-08
77850.00000000009 9.771942278768876e-08
77900.00000000009 7.492652166708934e-08
77950.00000000009 4.3913200724207236e-08
78000.00000000009 6.525207636687901e-08
78050.00000000009 6.234530281564628e-08
78100.00000000009 5.280172745904403e-08
78150.00000000009 8.489926779587343e-08
78200.00000000009 8.779730831624656e-08
78250.00000000009 9.780307372445765e-08
78300.00000000009 7.975450912000491e-08
78350.00000000009 8.456340285476468e-08
78400.00000000009 6.039290954938632e-08
78450.00000000009 9.498549476778647e-08
78500.00000000009 1.01630313128607e-07
78550.00000000009 1.0383467001713955e-07
78600.00000000009 8.966103893348943e-08
78650.00000000009 3.81244613410656e-08
78700.00000000009 5.906922684698226e-08
78750.00000000009 6.404770848437138e-08
78800.00000000009 8.584870845819123e-08
78850.00000000009 4.518454706981021e-08
78900.00000000009 7.763828286696698e-08
78950.00000000009 7.706756230445965e-08
79000.00000000009 7.61840764024269e-08
79050.00000000009 6.783034041681064e-08
79100.00000000009 7.432424285928585e-08
79150.00000000009 8.072541745028538e-08
79200.00000000009 8.689422322140062e-08
79250.00000000009 6.735425993946592e-08
79300.00000000009 5.6141730030489666e-08
79350.00000000009 8.413776005725368e-08
79400.00000000009 6.20123824711684e-08
79450.00000000009 9.880378840047216e-08
79500.00000000009 1.2627920173825788e-07
79550.00000000009 1.0633885691868376e-07
79600.00000000009 5.854038906420185e-08
79650.00000000009 8.351466346049213e-08
79700.00000000009 8.81691043101935e-08
79750.00000000009 9.289571486370943e-08
79800.00000000009 6.889782490281716e-08
79850.00000000009 8.179311793538507e-08
79900.00000000009 1.3507071006003305e-07
79950.00000000009 1.0580703720792072e-07
