galfind/configs/Brown_Dwarf_templates/sonora_cholla/logkzz7/1780g/950K_1780g_logkzz7_resample.dat
# %ECSV 1.0
# ---
# datatype:
# - {name: wav, unit: Angstrom, datatype: float64}
# - {name: flux_nu, unit: erg / (cm2 Hz s), datatype: float64}
# schema: astropy-2.0
wav flux_nu
[from data line 775]
48750.000000000095 9.64933207201509e-08
48800.000000000095 1.71778560764593e-07
48850.000000000095 1.129348670597682e-07
48900.000000000095 1.6446561387007493e-07
48950.000000000095 1.4949964688871313e-07
49000.000000000095 1.2586570672226422e-07
49050.000000000095 1.7084145971891375e-07
49100.000000000095 1.244033580653473e-07
49150.000000000095 1.9395786642378624e-07
49200.000000000095 1.2409331861031465e-07
49250.000000000095 1.9819260221803075e-07
49300.000000000095 1.3778976020081946e-07
49350.000000000095 1.4986313638510172e-07
49400.000000000095 1.7441259040345006e-07
49450.000000000095 1.610678155050518e-07
49500.000000000095 1.5157678507923604e-07
49550.000000000095 7.967995082527808e-08
49600.000000000095 1.514159341554754e-07
49650.000000000095 1.5348902240630856e-07
49700.000000000095 1.5272348194751012e-07
49750.000000000095 2.3225418812442493e-07
49800.000000000095 1.3701550708409155e-07
49850.000000000095 2.5413914558066194e-07
49900.000000000095 1.8904303252480837e-07
49950.000000000095 2.093188971065497e-07
50000.000000000095 2.2241247118621287e-07
50050.000000000095 2.0629600018927182e-07
50100.000000000095 2.4763130375723143e-07
50150.000000000095 1.3250985387392157e-07
50200.000000000095 7.927465249566409e-08
50250.000000000095 1.953136910343394e-07
50300.000000000095 1.4674476680018504e-07
50350.000000000095 2.395632493514502e-07
50400.000000000095 1.9275807547037224e-07
50450.000000000095 1.876198143325931e-07
50500.000000000095 2.709751435039815e-07
50550.000000000095 2.2440083305739636e-07
50600.000000000095 2.1183341214482612e-07
50650.000000000095 2.1115441304292678e-07
50700.000000000095 3.121859965681304e-07
50750.000000000095 2.512882709687179e-07
50800.000000000095 1.295550992272281e-07
50850.000000000095 1.206160966138264e-07
50900.000000000095 2.639535420941302e-07
50950.000000000095 2.6059576668844523e-07
51000.000000000095 2.4272801333910715e-07
51050.000000000095 2.3479337374066462e-07
51100.000000000095 1.3393027374545283e-07
51150.000000000095 1.7178072313840243e-07
51200.000000000095 2.909114103319405e-07
51250.000000000095 2.3517648409201371e-07
51300.000000000095 1.7093565796726148e-07
51350.000000000095 2.0579515746036824e-07
51400.000000000095 1.3055606619727805e-07
51450.000000000095 1.1328190743614386e-07
51500.000000000095 1.0008494207579966e-07
51550.000000000095 2.092868287271277e-07
51600.000000000095 1.5980810394690202e-07
51650.000000000095 1.9927194567349747e-07
51700.000000000095 2.152326365064622e-07
51750.000000000095 1.4361095172277137e-07
51800.000000000095 2.698160826927093e-07
51850.000000000095 2.2380750096578408e-07
51900.000000000095 2.8990705844558354e-07
51950.000000000095 2.169697375279765e-07
52000.000000000095 6.857003642379471e-08
52050.000000000095 1.454644162890214e-07
52100.000000000095 1.2159625997960214e-07
52150.000000000095 9.390048421529118e-08
52200.000000000095 1.2115460388096315e-07
52250.000000000095 1.684652650204469e-07
52300.000000000095 2.755997311523681e-07
52350.000000000095 1.445319716492073e-07
52400.000000000095 1.2882704748973418e-07
52450.000000000095 2.3061244054098018e-07
52500.000000000095 2.146047137674408e-07
52550.000000000095 2.0961758408756946e-07
52600.000000000095 1.789083642589178e-07
52650.000000000095 1.892407390174717e-07
52700.000000000095 1.4825497550941632e-07
52750.000000000095 1.0903158744440579e-07
52800.000000000095 1.280769777865182e-07
52850.000000000095 1.5000057201119156e-07
52900.000000000095 1.1426396158302325e-07
52950.000000000095 1.3612178879511155e-07
53000.000000000095 2.2350602814348308e-07
53050.000000000095 9.521020480136251e-08
53100.000000000095 2.2430906816109983e-07
53150.000000000095 2.5955744662111404e-07
53200.000000000095 1.159883215116922e-07
53250.000000000095 2.2601340004511022e-07
53300.000000000095 2.503917817035888e-07
53350.000000000095 2.413405020629523e-07
53400.000000000095 2.1861441036486744e-07
53450.000000000095 9.601281337644469e-08
53500.000000000095 5.444051725439528e-08
53550.000000000095 8.74147296098573e-08
53600.000000000095 1.5732008716111412e-07
53650.000000000095 1.2774083310719626e-07
53700.000000000095 1.1799317970204303e-07
53750.000000000095 1.1351375590966884e-07
53800.000000000095 1.2002205044793965e-07
53850.000000000095 1.6379145566627908e-07
53900.000000000095 1.7825745293805617e-07
53950.000000000095 2.2226637069918637e-07
54000.000000000095 1.5040814145156747e-07
54050.000000000095 1.520389036661762e-07
54100.000000000095 6.589205982038491e-08
54150.000000000095 9.846121860740895e-08
54200.000000000095 4.488503115010428e-08
54250.000000000095 6.372858830075031e-08
54300.000000000095 1.0803815737951171e-07
54350.000000000095 1.4595961669406777e-07
54400.000000000095 1.4122774097928696e-07
54450.000000000095 1.2927752270160794e-07
54500.000000000095 1.1435009854484598e-07
54550.000000000095 9.541057315235884e-08
54600.000000000095 1.1584096069063312e-07
54650.000000000095 5.378459866173207e-08
54700.000000000095 1.3830601130420075e-07
54750.000000000095 1.265661350905561e-07
54800.000000000095 8.499070979323704e-08
54850.000000000095 1.0483768383701503e-07
54900.000000000095 1.5056856879867951e-07
54950.000000000095 2.0302210189045148e-07
55000.000000000095 8.756235935295379e-08
55050.000000000095 1.2516398471344846e-07
55100.000000000095 1.3014338790929845e-07
55150.000000000095 9.721469411164208e-08
55200.000000000095 9.131697374937756e-08
55250.000000000095 1.0774161592710504e-07
55300.000000000095 7.497107136069483e-08
55350.000000000095 1.3032268371008168e-07
55400.000000000095 1.5568332945538408e-07
55450.000000000095 1.0514997865371512e-07
55500.000000000095 5.519053039631741e-08
55550.000000000095 7.371120783090445e-08
55600.000000000095 8.038575400565814e-08
55650.000000000095 6.975020224969673e-08
55700.000000000095 8.52016703821415e-08
55750.000000000095 9.281844118419454e-08
55800.000000000095 6.076036961261818e-08
55850.000000000095 6.041855568645153e-08
55900.000000000095 1.1743485097973395e-07
55950.000000000095 1.5808508747401345e-07
56000.000000000095 7.175775385117707e-08
56050.000000000095 9.406967830315062e-08
56100.000000000095 1.1552654855570651e-07
56150.000000000095 7.887317595221614e-08
56200.000000000095 9.145935511433201e-08
56250.000000000095 1.1800846379189885e-07
56300.000000000095 1.0543532581492289e-07
56350.000000000095 9.617421991672099e-08
56400.000000000095 5.7907821049339395e-08
56450.000000000095 5.2653753268856966e-08
56500.000000000095 9.004317947456433e-08
56550.000000000095 4.960308793040473e-08
56600.000000000095 1.149390752744159e-07
56650.000000000095 1.1399102507731357e-07
56700.000000000095 1.198329971737139e-07
56750.000000000095 5.726780794656087e-08
56800.000000000095 9.972399912071122e-08
56850.000000000095 9.127747407505877e-08
56900.000000000095 6.95332985379156e-08
56950.000000000095 1.1373682171694419e-07
57000.000000000095 1.322960802292787e-07
57050.000000000095 7.876286692918246e-08
57100.000000000095 3.848926183313466e-08
57150.000000000095 6.323779419980178e-08
57200.000000000095 4.973847198561108e-08
57250.000000000095 7.017033055932482e-08
57300.000000000095 9.251709756053679e-08
57350.000000000095 5.580438865309395e-08
57400.000000000095 1.0826537263592541e-07
57450.000000000095 8.361391377466888e-08
57500.000000000095 7.337913415799814e-08
57550.000000000095 9.843673704681254e-08
57600.000000000095 9.805569881014872e-08
57650.000000000095 3.761036651700695e-08
57700.000000000095 5.224003577009901e-08
57750.000000000095 6.694070333470468e-08
57800.000000000095 3.030769347973711e-08
57850.000000000095 1.400709574289245e-07
57900.000000000095 1.6354645514309304e-07
57950.000000000095 1.5578901692017241e-07
58000.000000000095 7.339103178197612e-08
58050.000000000095 1.0142383921140081e-07
58100.000000000095 1.1748086583978293e-07
58150.000000000095 8.583770431138005e-08
58200.000000000095 4.042976326812385e-08
58250.000000000095 5.334332151984223e-08
58300.000000000095 5.0148895541229004e-08
58350.000000000095 5.8669198055032794e-08
58400.000000000095 9.260075809913687e-08
58450.000000000095 1.0505267967444075e-07
58500.000000000095 9.808630143374626e-08
58550.000000000095 1.0473297189527964e-07
58600.000000000095 5.710237402926029e-08
58650.000000000095 7.030293364534724e-08
58700.000000000095 7.84580133171859e-08
58750.000000000095 8.566228022137772e-08
58800.000000000095 3.2452305535342134e-08
58850.000000000095 6.536079577673104e-08
58900.000000000095 8.524505504134006e-08
58950.000000000095 4.8385862754076504e-08
59000.000000000095 8.746904651899251e-08
59050.000000000095 1.0424251451765251e-07
59100.000000000095 1.178813892360805e-07
59150.000000000095 8.893900091243261e-08
59200.000000000095 9.060443969694188e-08
59250.000000000095 9.604333493058501e-08
59300.000000000095 9.02317867204947e-08
59350.000000000095 3.816479596071022e-08
59400.000000000095 3.335762540864068e-08
59450.000000000095 8.532428145146912e-08
59500.000000000095 4.907529145207862e-08
59550.000000000095 1.018956377657283e-07
59600.000000000095 1.1917740913390345e-07
59650.000000000095 7.803506800988972e-08
59700.000000000095 5.592780613914815e-08
59750.000000000095 1.38856015072138e-07
59800.000000000095 7.528796972794971e-08
59850.000000000095 1.0308762446063613e-07
59900.000000000095 4.721454901394299e-08
59950.000000000095 8.648463039865688e-08
60000.000000000095 1.5991911011935903e-07
60050.000000000095 1.3859735159882364e-07
60100.000000000095 1.2597716598235232e-07
60150.000000000095 7.730954006457887e-08
60200.000000000095 1.0239455123458404e-07
60250.000000000095 1.4068386521335074e-07
60300.000000000095 1.2799378260378245e-07
60350.000000000095 8.260094362412059e-08
60400.000000000095 1.027245784748681e-07
60450.000000000095 4.6043382483569945e-08
60500.000000000095 2.6943251136035876e-08
60550.000000000095 9.925487573928426e-08
60600.000000000095 1.0393983532237861e-07
60650.000000000095 8.013819260775568e-08
60700.000000000095 6.751737685535746e-08
60750.000000000095 4.543194970309805e-08
60800.000000000095 1.0710729777352351e-07
60850.000000000095 1.6700031097132755e-07
60900.000000000095 1.4789019815760807e-07
60950.000000000095 1.2295831889161798e-07
61000.000000000095 1.0955308651313867e-07
61050.000000000095 6.450599342174233e-08
61100.000000000095 8.415971815193473e-08
61150.000000000095 3.75873476264088e-08
61200.000000000095 1.232689316024056e-07
61250.000000000095 1.319127200936681e-07
61300.000000000095 1.1110529507785223e-07
61350.000000000095 1.5916100413030055e-07
61400.000000000095 8.624036228729994e-08
61450.000000000095 5.226633852473852e-08
61500.000000000095 6.002427999865657e-08
61550.000000000095 7.787554470588748e-08
61600.000000000095 5.2388270682198065e-08
61650.000000000095 8.01705951597123e-08
61700.000000000095 7.599239509069158e-08
61750.000000000095 8.869805394321293e-08
61800.000000000095 9.489641714531218e-08
61850.000000000095 5.4187907370982453e-08
61900.000000000095 1.363065515591153e-07
61950.000000000095 1.4599318699100426e-07
62000.000000000095 1.311143585747031e-07
62050.000000000095 1.358980447143643e-07
62100.000000000095 1.2032375182549008e-07
62150.000000000095 1.3473802019485725e-07
62200.000000000095 1.1932267220553254e-07
62250.000000000095 1.046828220390427e-07
62300.000000000095 1.7409930578810963e-07
62350.000000000095 1.506543367544325e-07
62400.000000000095 8.69500319081315e-08
62450.000000000095 1.0879922588189247e-07
62500.000000000095 1.6086035394329314e-07
62550.000000000095 1.7248647279716464e-07
62600.000000000095 1.6459655936635622e-07
62650.000000000095 1.3072053864425552e-07
62700.000000000095 1.2835017585828475e-07
62750.000000000095 1.6558943388649277e-07
62800.000000000095 1.028597144581219e-07
62850.000000000095 1.4448126838959445e-07
62900.000000000095 1.2339517432383692e-07
62950.000000000095 1.888829015431297e-07
63000.000000000095 1.4059031132257204e-07
63050.000000000095 2.1375028389130155e-07
63100.000000000095 2.0092899408956875e-07
63150.000000000095 1.3475281049297602e-07
63200.000000000095 1.5553609022443925e-07
63250.000000000095 1.6567904002398223e-07
63300.000000000095 1.5071211663872815e-07
63350.000000000095 1.4652954923470934e-07
63400.000000000095 7.945422359000108e-08
63450.000000000095 5.7614974934087515e-08
63500.000000000095 1.3588389903942727e-07
63550.000000000095 1.4632790570024638e-07
63600.000000000095 1.5268189257927482e-07
63650.000000000095 1.143952769588416e-07
63700.000000000095 6.36699903250741e-08
63750.000000000095 9.989816871518034e-08
63800.000000000095 1.4402867698933264e-07
63850.000000000095 1.2391170578100905e-07
63900.000000000095 7.306174254631006e-08
63950.000000000095 1.1779067259602654e-07
64000.000000000095 1.3953178665764e-07
64050.000000000095 8.859779451392577e-08
64100.000000000095 3.0817933136788125e-08
64150.000000000095 4.5268871739367266e-08
64200.000000000095 5.2618014098418664e-08
64250.000000000095 9.135888511614157e-08
64300.000000000095 7.266469437172345e-08
64350.000000000095 6.082577884248537e-08
64400.000000000095 1.1152484465765734e-07
64450.000000000095 1.1738829098714859e-07
64500.000000000095 5.91095132533582e-08
64550.000000000095 9.881370443693423e-08
64600.000000000095 6.35037447535249e-08
64650.000000000095 1.0004581154394852e-07
64700.000000000095 4.699607214523655e-08
64750.000000000095 6.054395449505895e-08
64800.000000000095 5.387350206621863e-08
64850.000000000095 4.6807718423990085e-08
64900.000000000095 5.3066812341425065e-08
64950.000000000095 4.781074471573056e-08
65000.000000000095 6.22617985604966e-08
65050.000000000095 7.585679321005367e-08
65100.000000000095 9.33471736108811e-08
65150.000000000095 6.280641621151912e-08
65200.000000000095 4.4742700759606994e-08
65250.000000000095 7.746325412645314e-08
65300.000000000095 7.431847492515451e-08
65350.000000000095 1.4043508015360604e-07
65400.000000000095 6.793134722762892e-08
65450.000000000095 6.931270574016944e-08
65500.000000000095 8.17199427996323e-08
65550.00000000009 5.028506853323411e-08
65600.00000000009 7.460564986760604e-08
65650.00000000009 6.81168507297124e-08
65700.00000000009 6.425621824972818e-08
65750.00000000009 4.803819036325179e-08
65800.00000000009 7.438341499979927e-08
65850.00000000009 9.777719804503042e-08
65900.00000000009 4.6898836794259535e-08
65950.00000000009 4.806974256400932e-08
66000.00000000009 6.363822083890082e-08
66050.00000000009 1.1672104759252986e-07
66100.00000000009 7.11784998594053e-08
66150.00000000009 5.8943798239604534e-08
66200.00000000009 5.5893124494216033e-08
66250.00000000009 4.8629446366416085e-08
66300.00000000009 2.533045889792532e-08
66350.00000000009 3.2813792990754485e-08
66400.00000000009 4.9124091487736185e-08
66450.00000000009 8.774614483504525e-08
66500.00000000009 1.1753171924425791e-07
66550.00000000009 1.0533399113437302e-07
66600.00000000009 8.403532644634517e-08
66650.00000000009 7.644447603206638e-08
66700.00000000009 6.587456560727688e-08
66750.00000000009 5.977234156211931e-08
66800.00000000009 7.849831443675461e-08
66850.00000000009 5.326879239454036e-08
66900.00000000009 1.0238815885530352e-07
66950.00000000009 1.1985118077147295e-07
67000.00000000009 1.2605629062530147e-07
67050.00000000009 7.726374349434503e-08
67100.00000000009 6.0498549799151e-08
67150.00000000009 6.556686473256267e-08
67200.00000000009 8.371541262501148e-08
67250.00000000009 7.786881090216449e-08
67300.00000000009 9.553776218343115e-08
67350.00000000009 5.9130562642460926e-08
67400.00000000009 1.175785930850556e-07
67450.00000000009 8.32045056239538e-08
67500.00000000009 7.921537083222944e-08
67550.00000000009 1.0498275076531228e-07
67600.00000000009 1.7001624889164456e-07
67650.00000000009 1.2467358330632737e-07
67700.00000000009 9.173347738948747e-08
67750.00000000009 7.436675582720399e-08
67800.00000000009 1.0047626477350616e-07
67850.00000000009 5.766078366601319e-08
67900.00000000009 7.216260146902725e-08
67950.00000000009 5.245333775886426e-08
68000.00000000009 8.319149722220781e-08
