galfind/configs/Brown_Dwarf_templates/sonora_bobcat/m-0.5/1780g/sp_t2300g1780nc_m-0.5_resample.dat
# %ECSV 1.0
# ---
# datatype:
# - {name: wav, unit: Angstrom, datatype: float64}
# - {name: flux_nu, unit: erg / (cm2 Hz s), datatype: float64}
# meta: {C/O: '1.00', Kzz: '1.0000E+05', Teff: '2300.', Y: '0.28', '[Fe/H]': '-0.50', f_hole: '1.00', f_rain: '0.00', grav: '1780.'}
# schema: astropy-2.0
wav flux_nu
[from data line 502]
29100.056 2.3636932043802473e-06
29150.056 3.149889281799947e-06
29200.056 2.6648781975701265e-06
29250.056 2.8365258258298503e-06
29300.056 2.4444899505095935e-06
29350.056 3.3545006689998556e-06
29400.056 2.8248290338899057e-06
29450.056 2.729410822639952e-06
29500.056 2.8418969786398666e-06
29550.056 2.8430780796901084e-06
29600.056 3.0983267589297456e-06
29650.056 2.780069420490013e-06
29700.056 2.7795772061499944e-06
29750.056 3.1355714948104164e-06
29800.056 3.167468834759697e-06
29850.056 2.8895728180497417e-06
29900.056 2.775460021980724e-06
29950.056 3.3518766153996725e-06
30000.056 3.16963019146955e-06
30050.056 2.9659965979001304e-06
30100.056 2.6335449990894667e-06
30150.056 3.6725731230000354e-06
30200.056 3.2510619180501793e-06
30250.056 3.179897469200302e-06
30300.056 3.0005261765998374e-06
30350.056 3.2622797487404558e-06
30400.056 3.6988775795002864e-06
30450.056 2.9684388437503503e-06
30500.056 2.896827138160166e-06
30550.056 3.6036451270001804e-06
30600.056 3.4208232717601703e-06
30650.056 3.5092179509001414e-06
30700.056 3.176607911119806e-06
30750.056 3.2656984017999023e-06
30800.056 3.8884338469004994e-06
30850.056 3.400444930499902e-06
30900.056 3.139571660299958e-06
30950.056 3.196204872610035e-06
31000.056 3.7887030867000547e-06
31050.056 3.639418120200086e-06
31100.056 3.411416202800044e-06
31150.056 3.53688751139954e-06
31200.056 3.4523139365996994e-06
31250.056 4.023925663500442e-06
31300.056 3.5112492195998097e-06
31350.056 3.5222084536600004e-06
31400.056 3.647880160100465e-06
31450.056 3.6691262088000306e-06
31500.056 3.70066878780007e-06
31550.056 3.5148255583999202e-06
31600.056 3.6413455782999358e-06
31650.056 3.867213756799743e-06
31700.056 3.7205719596999533e-06
31750.056 3.5899742258999953e-06
31800.056 3.849334251000109e-06
31850.056 4.091727563400216e-06
31900.056 4.124256608399732e-06
31950.056 3.603487694100098e-06
32000.056 3.609963773300117e-06
32050.056 4.020010780800394e-06
32100.056 4.1769729386996025e-06
32150.056 4.181435325099879e-06
32200.056 4.007243172499979e-06
32250.056 3.953253311000048e-06
32300.056 4.079224626800002e-06
32350.056 4.409789743500605e-06
32400.056 4.032052809399924e-06
32450.056 4.067198174000172e-06
32500.056 4.300968649500147e-06
32550.056 4.63139819319993e-06
32600.056 4.487026147399767e-06
32650.056 4.423741374200379e-06
32700.056 4.363812862900253e-06
32750.056 4.361176381199944e-06
32800.056 4.07238850920035e-06
32850.056 4.6505810539997045e-06
32900.056 4.603385410500104e-06
32950.056 4.2793766513998234e-06
33000.056 4.491826256000173e-06
33050.056 4.4552105285996004e-06
33100.056 4.389042959899518e-06
33150.056 4.355978588300034e-06
33200.056 4.099178992000214e-06
33250.056 4.359606101700162e-06
33300.056 4.522435852000362e-06
33350.056 4.34246450449987e-06
33400.056 4.040174197999701e-06
33450.056 4.187780201499539e-06
33500.056 4.6064750231000045e-06
33550.056 4.337962509599804e-06
33600.056 4.500134024300356e-06
33650.056 4.666569049300546e-06
33700.056 4.744843056299691e-06
33750.056 4.746501675199958e-06
33800.056 4.51058040790014e-06
33850.056 4.7125501461002495e-06
33900.056 5.1403211416995764e-06
33950.056 4.7058952395996836e-06
34000.056 4.73916470749957e-06
34050.056 4.864068379899865e-06
34100.056 4.737302880800495e-06
34150.056 4.735825342899484e-06
34200.056 4.733853193099753e-06
34250.056 5.1005844526997626e-06
34300.056 4.767882051299736e-06
34350.056 4.855130496599964e-06
34400.056 4.9013701434999044e-06
34450.056 4.466963703800279e-06
34500.056 5.15808448810044e-06
34550.056 4.789449023599943e-06
34600.056 4.843363546299934e-06
34650.056 4.966492352600181e-06
34700.056 5.033621936099508e-06
34750.056 5.193221407800209e-06
34800.056 4.976486894799852e-06
34850.056 4.816398850899863e-06
34900.056 4.930549629299965e-06
34950.056 4.970407704599676e-06
35000.056 4.806540309699864e-06
35050.056 5.44839039150042e-06
35100.056 5.050345569099799e-06
35150.056 5.148773352299852e-06
35200.056 5.054586517900006e-06
35250.056 4.981402042300324e-06
35300.056 5.1585010761002005e-06
35350.056 5.2530673604999925e-06
35400.056 4.963265702599734e-06
35450.056 5.033790913500148e-06
35500.056 5.33400870360001e-06
35550.056 5.216467781599839e-06
35600.056 4.989897712099541e-06
35650.056 5.405713633000309e-06
35700.056 5.094837020600128e-06
35750.056 5.1144104706997e-06
35800.056 5.385464914699834e-06
35850.056 5.2617322774001435e-06
35900.056 5.531826391199884e-06
35950.056 5.258373524099759e-06
36000.056 5.123112840599752e-06
36050.056 5.4848976491001956e-06
36100.056 5.587479336699675e-06
36150.056 5.041105900700372e-06
36200.056 5.4646330812997965e-06
36250.056 5.276848284999756e-06
36300.056 5.636255341700177e-06
36350.056 5.3312083815996185e-06
36400.056 5.422681185400039e-06
36450.056 5.728780247099799e-06
36500.056 5.3847759412001255e-06
36550.056 5.407691993600396e-06
36600.056 5.299811026500103e-06
36650.056 5.494947015400136e-06
36700.056 5.731311403699919e-06
36750.056 5.260505358900171e-06
36800.056 5.494560280099945e-06
36850.056 5.651906215200093e-06
36900.056 5.545453040300224e-06
36950.056 5.514190597799948e-06
37000.056 5.601681612899916e-06
37050.056 5.699982056199843e-06
37100.056 5.5595492813002506e-06
37150.056 5.6065088365995925e-06
37200.056 5.631410491099949e-06
37250.056 5.6894537288999625e-06
37300.056 5.742937130500319e-06
37350.056 5.4822729914003145e-06
37400.056 5.639001359599977e-06
37450.056 5.514779907000098e-06
37500.056 5.775466058199869e-06
37550.056 5.640019329199632e-06
37600.056 5.790107848499862e-06
37650.056 5.5993175148999265e-06
37700.056 5.751260580599952e-06
37750.056 5.711303370899873e-06
37800.056 5.770871555399893e-06
37850.056 5.737294645499967e-06
37900.056 5.7313646612001915e-06
37950.056 5.7438348837001096e-06
38000.056 5.778576351300147e-06
38050.056 5.729220045400156e-06
38100.056 5.604221710900126e-06
38150.056 5.8140041753999395e-06
38200.056 5.799563688099889e-06
38250.056 5.603557741500218e-06
38300.056 5.570664475700003e-06
38350.056 5.6795060855999885e-06
38400.056 5.747220609599927e-06
38450.056 5.818147731000078e-06
38500.056 5.657112137099941e-06
38550.056 5.713187547300167e-06
38600.056 5.943861625899963e-06
38650.056 5.618162723399997e-06
38700.056 5.6037571512003145e-06
38750.056 5.769970113899982e-06
38800.056 5.692350945700295e-06
38850.056 5.73023086569998e-06
38900.056 5.548392111699926e-06
38950.056 5.733589396000017e-06
39000.056 5.6786333151000515e-06
39050.056 5.715441819999963e-06
39100.056 5.523327358200067e-06
39150.056 5.6239039343000705e-06
39200.056 5.676056449300036e-06
39250.056 5.645187647999783e-06
39300.056 5.648595762599786e-06
39350.056 5.6019879386001965e-06
39400.056 5.596321089700056e-06
39450.056 5.629786741199972e-06
39500.056 5.506402357099926e-06
39550.056 5.45005749529963e-06
39600.056 5.682185539299979e-06
39650.056 5.403323329900091e-06
39700.056 5.459580667199992e-06
39750.056 5.521982354099808e-06
39800.056 5.270495865500162e-06
39850.056 5.471481252499904e-06
39900.056 5.308512648299864e-06
39950.056 5.454656822299905e-06
40000.056 5.184574015499863e-06
40050.056 5.1031583377999825e-06
40100.056 5.280440172799922e-06
40150.056 5.077921740299579e-06
40200.056 5.217174140499932e-06
40250.056 4.992913906799294e-06
40300.056 5.015626674900302e-06
40350.056 5.067586277300027e-06
40400.056 5.048364562600058e-06
40450.056 4.8652907868001286e-06
40500.056 4.68139559790016e-06
40550.056 5.0916558932997614e-06
40600.056 4.587754475500172e-06
40650.056 4.917902788700185e-06
40700.056 5.042338515000005e-06
40750.056 4.626540735099259e-06
40800.056 4.621263188699972e-06
40850.056 4.38424976140057e-06
40900.056 4.466528518700221e-06
40950.056 4.571334966799953e-06
41000.056 4.6545752179999915e-06
41050.056 4.636683642899517e-06
41100.056 4.385250026899925e-06
41150.056 4.664624943000024e-06
41200.056 4.473302158000074e-06
41250.056 4.526626435400126e-06
41300.056 4.1027667665997364e-06
41350.056 4.508446622200058e-06
41400.056 4.297771721500171e-06
41450.056 4.354670281700138e-06
41500.056 4.468273296700164e-06
41550.056 4.34004910880008e-06
41600.056 4.306229245300103e-06
41650.056 4.200465594400206e-06
41700.056 4.080436508799842e-06
41750.056 4.3046964371998804e-06
41800.056 4.379231227099913e-06
41850.056 3.850898862000263e-06
41900.056 4.306575211499799e-06
41950.056 4.321838232700121e-06
42000.056 4.282759354900272e-06
42050.056 4.006319161799618e-06
42100.056 4.322163274100146e-06
42150.056 3.7815301704998923e-06
42200.056 3.8513828823000805e-06
42250.056 4.365446132700061e-06
42300.056 4.072859911900049e-06
42350.056 4.308028831500405e-06
42400.056 4.0193937643000706e-06
42450.056 3.725374909500127e-06
42500.056 3.777182512100072e-06
42550.056 3.8550205500000345e-06
42600.056 3.9011983571001344e-06
42650.056 4.060000307699629e-06
42700.056 4.008644069800045e-06
42750.056 3.7397824784000506e-06
42800.056 3.985896397000133e-06
42850.056 4.075623205399721e-06
42900.056 4.107606586700209e-06
42950.056 3.5441556120992657e-06
43000.056 3.8129488310000404e-06
43050.056 3.4093602369008353e-06
43100.056 3.5930067860998965e-06
43150.056 3.567046875400389e-06
43200.056 3.356214029699879e-06
43250.056 3.536650904800521e-06
43300.056 3.4865060596001415e-06
43350.056 3.1897940902995954e-06
43400.056 3.208613764499964e-06
43450.056 3.166383392500166e-06
43500.056 3.1212563283996717e-06
43550.056 3.0462444776999055e-06
43600.056 3.2237956466002216e-06
43650.056 2.840339950519986e-06
43700.056 2.984342704700099e-06
43750.056 2.982151528000052e-06
43800.056 2.7430531717999054e-06
43850.056 2.7705909352003043e-06
43900.056 2.847237090979967e-06
43950.056 2.6729742811299203e-06
44000.056 2.493745242699978e-06
44050.056 2.4597599516000363e-06
44100.056 2.581055549100305e-06
44150.056 2.6821022988999896e-06
44200.056 2.4296883538001385e-06
44250.056 2.488289704299931e-06
44300.056 2.3910424393001948e-06
44350.056 2.236960101300186e-06
44400.056 2.380378569799932e-06
44450.056 2.438726171920107e-06
44500.056 2.3158782197001833e-06
44550.056 2.161244845699683e-06
44600.056 2.153843729750241e-06
44650.056 2.343641491139915e-06
44700.056 2.2190238375800937e-06
44750.056 2.2316866706198023e-06
44800.056 2.1936249300799837e-06
44850.056 2.1941654943902066e-06
44900.056 2.1122247252001222e-06
44950.056 2.0087782520001127e-06
45000.056 2.155398618700002e-06
45050.056 2.126119514749841e-06
45100.056 2.211976153100081e-06
45150.056 2.026515995830012e-06
45200.056 1.8769796031799454e-06
45250.056 1.976687707669872e-06
45300.056 2.1811142955000514e-06
45350.056 2.1753800749698433e-06
45400.056 2.0272056759002014e-06
45450.056 1.9442020036897975e-06
45500.056 2.026026421979835e-06
45550.056 2.162798471340038e-06
45600.056 2.0037474344999585e-06
45650.056 1.8797068075597674e-06
45700.056 2.082909974700117e-06
45750.056 1.92988606397006e-06
45800.056 1.8952282164599058e-06
45850.056 2.243874276599984e-06
45900.056 2.136804371539969e-06
45950.056 1.9386533836199804e-06
46000.056 2.266865932859977e-06
46050.056 2.3303352454004977e-06
46100.056 1.8922117068301268e-06
46150.056 2.0139974000498335e-06
46200.056 2.132575798790416e-06
46250.056 1.8314002807400121e-06
46300.056 2.311776892100041e-06
46350.056 2.0514302309498654e-06
46400.056 2.075025765319828e-06
46450.056 2.102831031240204e-06
46500.056 1.976058727499857e-06
46550.056 2.302050912000039e-06
46600.056 2.1858212339001027e-06
46650.056 2.573453870719817e-06
46700.056 2.561256052970786e-06
46750.056 2.07693920929008e-06
46800.056 2.197616320200234e-06
46850.056 2.320248937060209e-06
46900.056 2.1729973342797378e-06
46950.056 2.5450633596100333e-06
47000.056 2.131881486900043e-06
47050.056 2.4314547091498684e-06
47100.056 1.965867439100069e-06
47150.056 2.2702325376600835e-06
47200.056 2.3090101030804636e-06
47250.056 2.1673113372697833e-06
47300.056 2.348770755559693e-06
47350.056 1.9213004149598816e-06
47400.056 2.302794092199765e-06
47450.056 2.1546265771399614e-06
47500.056 2.2783867598997824e-06
47550.056 2.110255462609895e-06
47600.056 2.34857775059984e-06
47650.056 1.8543604474397414e-06
47700.056 2.380745447039931e-06
47750.056 1.7680938010203558e-06
47800.056 2.324150321999919e-06
47850.056 1.782112383109883e-06
47900.056 2.3415372495000055e-06
47950.056 1.8649546142902727e-06
48000.056 2.536084650599966e-06
48050.056 1.961859427710208e-06
48100.056 2.2303362208999265e-06
48150.056 1.9432131078202e-06
48200.056 2.339932876860159e-06
48250.056 1.9668036014001106e-06
48300.056 2.4874691784998334e-06
48350.056 1.7872910963896812e-06
48400.056 2.247825004189962e-06
48450.056 1.8534500011500423e-06
48500.056 2.523169895200008e-06
48550.056 1.7425295963199578e-06
48600.056 2.4542996070998448e-06
48650.056 1.7929066806599838e-06
48700.056 2.4208449927000913e-06
48750.056 1.6316342179600935e-06
48800.056 2.4412933951901277e-06
48850.056 1.7413643849697256e-06
48900.056 2.402025359400202e-06
48950.056 2.0061354990399603e-06
49000.056 2.0815534010000237e-06
49050.056 2.2290091102999106e-06
49100.056 2.017381239100075e-06
49150.056 2.0846489649299114e-06
49200.056 1.9745049720498857e-06
49250.056 2.067106444700019e-06
49300.056 1.8598041591897817e-06
49350.056 2.0397058705999162e-06
49400.056 2.2792593176000445e-06
49450.056 1.963436217240346e-06
49500.056 2.034715421600107e-06
49550.056 1.8484703616998194e-06
49600.056 1.963630886640252e-06
49650.056 2.064435401999955e-06
49700.056 1.7917635151598928e-06
49750.056 2.6441716392998503e-06
49800.056 1.9255362831800183e-06
49850.056 2.4244488624001337e-06
49900.056 1.991930286099999e-06
49950.056 2.0376450782998387e-06
50000.056 2.0503479270795736e-06
50050.056 1.998476359500127e-06
50100.056 2.2504486392999e-06
50150.056 1.897412754140029e-06
50200.056 1.8410562455001378e-06
50250.056 2.049509431990087e-06
50300.056 1.8595335307499266e-06
50350.056 2.3045085392599577e-06
50400.056 1.945302187599833e-06
50450.056 1.9561734624002295e-06
50500.056 2.4333965709001694e-06
50550.056 1.979651282379974e-06
50600.056 2.1422295409999732e-06
50650.056 2.0010062188002504e-06
50700.056 2.2892660500998594e-06
50750.056 2.4066346853401535e-06
50800.056 1.7196006427098035e-06
50850.056 2.105602595500118e-06
50900.056 2.179883789599885e-06
50950.056 2.1278603295003605e-06
51000.056 2.506984693200193e-06
51050.056 2.011510826060109e-06
51100.056 1.987605634999907e-06
51150.056 2.2352502132099834e-06
51200.056 1.9996578931800412e-06
51250.056 2.26820925414005e-06
51300.056 1.860975972790362e-06
51350.056 2.197988640499956e-06
51400.056 2.1322184062997253e-06
51450.056 1.613532840809768e-06
51500.056 2.1347878274801257e-06
51550.056 2.559350041000115e-06
51600.056 1.7220635597500107e-06
51650.056 2.16566158899979e-06
51700.056 2.0260624432895025e-06
51750.056 1.914595053340035e-06
51800.056 2.3206860636996835e-06
51850.056 2.135614375399757e-06
51900.056 2.33587816240018e-06
51950.056 2.16260257109986e-06
52000.056 1.8235684310899703e-06
52050.056 2.1772224523099037e-06
52100.056 2.0624217680998535e-06
52150.056 2.059429775900073e-06
52200.056 1.9944368621700796e-06
52250.056 2.0318869343999455e-06
52300.056 2.2248642827799694e-06
52350.056 2.3094791197801443e-06
52400.056 1.7859184413401642e-06
52450.056 1.9989816028000758e-06
52500.056 2.287006946779704e-06
52550.056 2.1018380894997096e-06
52600.056 2.1815386723600448e-06
52650.056 2.377480182270212e-06
52700.056 1.983838070800102e-06
52750.056 1.8431669049599062e-06
52800.056 1.9393154081001144e-06
52850.056 1.8858098755699333e-06
52900.056 2.1618238565599937e-06
52950.056 1.9839082512998845e-06
53000.056 2.2576172265899485e-06
53050.056 2.075776573719669e-06
53100.056 2.0010839587998628e-06
53150.056 2.3753952426002296e-06
53200.056 1.7036420077001497e-06
53250.056 2.212651453800027e-06
53300.056 2.2652072720004333e-06
53350.056 2.2568228682997663e-06
53400.056 2.097584667200101e-06
53450.056 2.004406918500051e-06
53500.056 1.6876296645698295e-06
53550.056 2.1300076297000062e-06
53600.056 2.230746545200236e-06
53650.056 1.8232044859001273e-06
53700.056 1.9194734436002333e-06
53750.056 2.127814530049966e-06
