galfind/configs/Brown_Dwarf_templates/sonora_bobcat/m-0.5/1780g/sp_t1000g1780nc_m-0.5_resample.dat
# %ECSV 1.0
# ---
# datatype:
# - {name: wav, unit: Angstrom, datatype: float64}
# - {name: flux_nu, unit: erg / (cm2 Hz s), datatype: float64}
# meta: {C/O: '1.00', Kzz: '1.0000E+05', Teff: '1000.', Y: '0.28', '[Fe/H]': '-0.50', f_hole: '1.00', f_rain: '0.00', grav: '1780.'}
# schema: astropy-2.0
wav flux_nu
[from data line 498]
28900.056 4.3579491962547804e-08
28950.056 8.376813582966958e-08
29000.056 7.284868717019785e-08
29050.056 8.429486613258751e-08
29100.056 5.743962136611058e-08
29150.056 1.105433678800479e-07
29200.056 7.26502490638403e-08
29250.056 9.925739771733018e-08
29300.056 5.9307379349107694e-08
29350.056 1.5970758096420958e-07
29400.056 8.266082405641225e-08
29450.056 8.895127084351166e-08
29500.056 1.0440698065400564e-07
29550.056 9.140027784131272e-08
29600.056 1.0627836914597902e-07
29650.056 1.0962676622309889e-07
29700.056 9.107384171390136e-08
29750.056 1.19311342547489e-07
29800.056 1.2028641485139203e-07
29850.056 1.2760782552897434e-07
29900.056 1.2939379351584274e-07
29950.056 1.2504225105025926e-07
30000.056 4.053876153848425e-08
30050.056 6.041491636000604e-08
30100.056 7.778742616300505e-08
30150.056 1.2983008611799713e-07
30200.056 1.1057267635300275e-07
30250.056 1.6810101946201382e-07
30300.056 1.4371281487299498e-07
30350.056 1.3110766962800685e-07
30400.056 1.6818430161601326e-07
30450.056 1.1622376372081065e-07
30500.056 1.167999901149996e-07
30550.056 1.1909935911220086e-07
30600.056 1.5531679291200755e-07
30650.056 1.2235875437900013e-07
30700.056 1.0777499104918607e-07
30750.056 1.1984905517398506e-07
30800.056 1.1081467042901967e-07
30850.056 1.0063265359098267e-07
30900.056 8.807174081797975e-08
30950.056 7.87635149318155e-08
31000.056 8.065544536851066e-08
31050.056 9.723391873599829e-08
31100.056 6.494501855360132e-08
31150.056 8.043202157059472e-08
31200.056 9.853154798501248e-08
31250.056 6.685032119389679e-08
31300.056 6.576397195231859e-08
31350.056 6.726217096640767e-08
31400.056 5.320041124930334e-08
31450.056 6.272398584598924e-08
31500.056 4.277650987519301e-08
31550.056 5.128463856167316e-08
31600.056 4.280658577075637e-08
31650.056 3.7362903667876e-08
31700.056 4.3694571768998105e-08
31750.056 3.0841077793585935e-08
31800.056 4.4449582025094407e-08
31850.056 2.8686473659164178e-08
31900.056 4.01696414112055e-08
31950.056 2.552718577207557e-08
32000.056 3.487585152814501e-08
32050.056 3.414316279612373e-08
32100.056 3.0744765938288223e-08
32150.056 3.8637304532298534e-08
32200.056 2.8680380317041224e-08
32250.056 4.5407226976610635e-08
32300.056 2.589347292379306e-08
32350.056 4.8527240224004314e-08
32400.056 2.815976501709912e-08
32450.056 4.571541133108964e-08
32500.056 3.8090872376980085e-08
32550.056 4.339752023659689e-08
32600.056 4.7615564731261306e-08
32650.056 5.512791838378725e-08
32700.056 5.479116351020882e-08
32750.056 6.658345287820696e-08
32800.056 6.917611872651942e-08
32850.056 7.840320815100247e-08
32900.056 8.210267723104122e-08
32950.056 8.334697941310005e-08
33000.056 7.140396867609124e-08
33050.056 7.166785384600486e-08
33100.056 3.9937964784891876e-08
33150.056 5.61166772007098e-09
33200.056 6.826881754295814e-09
33250.056 6.069225353497984e-09
33300.056 8.640111937502489e-09
33350.056 1.4801524948401109e-08
33400.056 2.2578768394197552e-08
33450.056 2.8953958938070386e-08
33500.056 4.7140801527007175e-08
33550.056 3.9636576668124193e-08
33600.056 5.9066858949192496e-08
33650.056 6.424073847620869e-08
33700.056 4.65989827045027e-08
33750.056 7.65656954499986e-08
33800.056 4.3079695139426995e-08
33850.056 6.101978480579595e-08
33900.056 5.057480516229644e-08
33950.056 5.451169345589505e-08
34000.056 6.789053928060533e-08
34050.056 3.6855901214169496e-08
34100.056 6.431313317700476e-08
34150.056 4.243383317149826e-08
34200.056 5.502272491738273e-08
34250.056 5.418332621708748e-08
34300.056 4.119908704228419e-08
34350.056 5.462362908100694e-08
34400.056 3.7696395549337016e-08
34450.056 5.881169328459168e-08
34500.056 5.2443313759396416e-08
34550.056 3.528440494820115e-08
34600.056 6.952708517000002e-08
34650.056 3.986023706519778e-08
34700.056 5.866805258499898e-08
34750.056 5.6616593373987436e-08
34800.056 4.34307203903975e-08
34850.056 6.986471501900134e-08
34900.056 5.2995975047285835e-08
34950.056 6.290177546499017e-08
35000.056 9.002822477900515e-08
35050.056 5.310900350521074e-08
35100.056 8.282776967000008e-08
35150.056 8.168795244550224e-08
35200.056 7.5726624972501e-08
35250.056 1.076052699541732e-07
35300.056 6.45605430007072e-08
35350.056 8.297041794219235e-08
35400.056 9.289475330700028e-08
35450.056 6.344091317212008e-08
35500.056 1.1753220696999278e-07
35550.056 9.514966952700313e-08
35600.056 9.99027298550258e-08
35650.056 1.1708451679601909e-07
35700.056 9.096112481799498e-08
35750.056 1.2588775946399914e-07
35800.056 1.4284456938100196e-07
35850.056 9.581060853700333e-08
35900.056 1.4129357304901063e-07
35950.056 1.3954510475598707e-07
36000.056 1.366457756950167e-07
36050.056 1.462986038149913e-07
36100.056 1.2674824456895524e-07
36150.056 1.594869125939956e-07
36200.056 1.7781542478598634e-07
36250.056 1.4687111879997854e-07
36300.056 1.9381633702601558e-07
36350.056 1.8302772415000071e-07
36400.056 1.917399851099945e-07
36450.056 1.9586492798198829e-07
36500.056 1.9817263714938627e-07
36550.056 2.3687468003503896e-07
36600.056 2.5811341499999394e-07
36650.056 2.2275019361957484e-07
36700.056 2.4059749306919675e-07
36750.056 2.751899420800136e-07
36800.056 2.7431155025999495e-07
36850.056 2.584594589679609e-07
36900.056 2.669841472219967e-07
36950.056 3.058263400199757e-07
37000.056 2.8395857479999236e-07
37050.056 3.044487396680252e-07
37100.056 2.8666685952598374e-07
37150.056 3.045488908100218e-07
37200.056 3.4534126266999085e-07
37250.056 2.959356576759581e-07
37300.056 2.7547403335094707e-07
37350.056 3.3404734498001464e-07
37400.056 3.918028457199928e-07
37450.056 3.1266657290399693e-07
37500.056 3.234644984869909e-07
37550.056 4.0159366353007024e-07
37600.056 4.336237711500184e-07
37650.056 3.2224360247003827e-07
37700.056 4.046921288300245e-07
37750.056 3.424854407860355e-07
37800.056 3.904363697700509e-07
37850.056 3.1921850311000157e-07
37900.056 3.559610291200338e-07
37950.056 3.894520159699878e-07
38000.056 4.121221919759887e-07
38050.056 4.0831114525003376e-07
38100.056 4.438948055300197e-07
38150.056 4.6183763622999344e-07
38200.056 4.4996030108001245e-07
38250.056 4.39846852190014e-07
38300.056 5.165834045399539e-07
38350.056 5.22817267650029e-07
38400.056 4.2502568548995997e-07
38450.056 4.3761887034994933e-07
38500.056 4.032860983100389e-07
38550.056 4.906791501000328e-07
38600.056 4.720262024999572e-07
38650.056 4.937254474399886e-07
38700.056 5.264516168400046e-07
38750.056 5.082627660799956e-07
38800.056 4.844372220799741e-07
38850.056 5.191117194400202e-07
38900.056 5.511827666699677e-07
38950.056 5.128975706000019e-07
39000.056 5.334487310499774e-07
39050.056 5.417450793100313e-07
39100.056 5.251949436000153e-07
39150.056 5.77644205769997e-07
39200.056 5.372604204299912e-07
39250.056 5.803939619099999e-07
39300.056 5.613777467299776e-07
39350.056 6.048228095200093e-07
39400.056 5.695095800700211e-07
39450.056 5.958529401400053e-07
39500.056 6.053862736800001e-07
39550.056 5.648488993300684e-07
39600.056 6.059697172799702e-07
39650.056 6.48921617849991e-07
39700.056 6.189171450500272e-07
39750.056 5.6142714901005e-07
39800.056 5.795547578399976e-07
39850.056 6.663578724200053e-07
39900.056 6.623699835800046e-07
39950.056 6.313293114699867e-07
40000.056 6.676038735299993e-07
40050.056 6.489282196300069e-07
40100.056 5.729335150760214e-07
40150.056 6.610382034200144e-07
40200.056 6.769239972399664e-07
40250.056 6.601048167399422e-07
40300.056 6.685110389200303e-07
40350.056 6.250537346099683e-07
40400.056 6.777560991200172e-07
40450.056 6.276148192700038e-07
40500.056 6.702786268300067e-07
40550.056 7.056642662299737e-07
40600.056 6.668746225200118e-07
40650.056 6.55135376309943e-07
40700.056 7.472830569299886e-07
40750.056 6.537332136999378e-07
40800.056 6.102329688199242e-07
40850.056 7.232471370000285e-07
40900.056 7.119054821999853e-07
40950.056 6.612369456199988e-07
41000.056 6.670903181099854e-07
41050.056 7.162295814499705e-07
41100.056 6.858496131899673e-07
41150.056 5.997994412099796e-07
41200.056 7.112957547200106e-07
41250.056 6.698399710399775e-07
41300.056 6.325287576199747e-07
41350.056 7.195808989900053e-07
41400.056 6.69884418940025e-07
41450.056 7.136389770799999e-07
41500.056 6.37471876149953e-07
41550.056 6.10420655190048e-07
41600.056 6.417146962300276e-07
41650.056 6.893444930400198e-07
41700.056 6.454263986699581e-07
41750.056 6.48597493489983e-07
41800.056 7.201224997400063e-07
41850.056 5.429879688600045e-07
41900.056 6.262163986499439e-07
41950.056 6.948955367300172e-07
42000.056 6.706256823499778e-07
42050.056 5.935518804000023e-07
42100.056 7.268982627999878e-07
42150.056 5.672288566400072e-07
42200.056 5.7479043642997e-07
42250.056 6.32112452549995e-07
42300.056 6.004789034899875e-07
42350.056 6.583487119200334e-07
42400.056 6.632306548900157e-07
42450.056 5.558187403100427e-07
42500.056 5.807481899999837e-07
42550.056 5.489745438000012e-07
42600.056 6.125915751400503e-07
42650.056 7.087575858099639e-07
42700.056 6.098362793699348e-07
42750.056 5.133900128200557e-07
42800.056 6.020377487300133e-07
42850.056 6.482644242199287e-07
42900.056 6.571921568200437e-07
42950.056 5.417844368199461e-07
43000.056 6.080599702599895e-07
43050.056 4.373318244901111e-07
43100.056 5.734155768499793e-07
43150.056 5.194474842600213e-07
43200.056 5.434676554300016e-07
43250.056 6.725882381700238e-07
43300.056 6.567713193100032e-07
43350.056 4.5018535190993066e-07
43400.056 5.807473590300228e-07
43450.056 5.077632108600563e-07
43500.056 5.476686133299911e-07
43550.056 5.416059597699975e-07
43600.056 6.46596123200032e-07
43650.056 4.619582061479993e-07
43700.056 6.760874828700461e-07
43750.056 6.306652688800068e-07
43800.056 5.991528994899467e-07
43850.056 5.503804472500716e-07
43900.056 5.894115229999795e-07
43950.056 4.7163499347996873e-07
44000.056 4.1839028210001224e-07
44050.056 6.276738609000221e-07
44100.056 7.241819378300191e-07
44150.056 7.375911140299775e-07
44200.056 6.626628539300102e-07
44250.056 5.02970238339994e-07
44300.056 4.2427388909305165e-07
44350.056 4.911318704240326e-07
44400.056 4.824059854499785e-07
44450.056 6.095129681700166e-07
44500.056 5.674411605400769e-07
44550.056 6.792492414699835e-07
44600.056 6.219366967400227e-07
44650.056 6.035870699999838e-07
44700.056 4.892295898199655e-07
44750.056 5.481533688800816e-07
44800.056 5.231976563940291e-07
44850.056 6.528772525100305e-07
44900.056 5.353183995000066e-07
44950.056 5.654831694000405e-07
45000.056 6.000176081700124e-07
45050.056 5.997369741299779e-07
45100.056 5.981956302800236e-07
45150.056 5.970222609499941e-07
45200.056 4.800977031450101e-07
45250.056 5.285590909499438e-07
45300.056 5.110296926900406e-07
45350.056 4.578222708819753e-07
45400.056 6.466779622500359e-07
45450.056 6.335178071400092e-07
45500.056 6.245435887400161e-07
45550.056 6.923863316599576e-07
45600.056 6.753327617000222e-07
45650.056 6.155086355299532e-07
45700.056 4.90065910794001e-07
45750.056 4.634908890590054e-07
45800.056 6.867395231600137e-07
45850.056 6.674012961400053e-07
45900.056 6.891511363500076e-07
45950.056 5.796416571199963e-07
46000.056 6.589667893500588e-07
46050.056 5.948091666399958e-07
46100.056 6.905129060399826e-07
46150.056 5.409268140199963e-07
46200.056 5.119319728800005e-07
46250.056 3.4086756843996773e-07
46300.056 5.676535786899953e-07
46350.056 5.906354662500186e-07
46400.056 5.787783656700245e-07
46450.056 5.125190132199822e-07
46500.056 5.396874922100734e-07
46550.056 4.537906014600135e-07
46600.056 5.064787211739492e-07
46650.056 6.380880691300364e-07
46700.056 5.411092295899525e-07
46750.056 3.8058658265304163e-07
46800.056 3.192751033500135e-07
46850.056 6.321014329200458e-07
46900.056 6.327260342999779e-07
46950.056 6.046304661799738e-07
47000.056 5.820220186000351e-07
47050.056 5.170178460679099e-07
47100.056 4.144813252840149e-07
47150.056 5.242208148600481e-07
47200.056 5.960765513599878e-07
47250.056 4.232546359099692e-07
47300.056 3.262652495370242e-07
47350.056 6.314659958799992e-07
47400.056 6.016809557799772e-07
47450.056 5.444147685900287e-07
47500.056 6.138383644899812e-07
47550.056 5.474267496900132e-07
47600.056 5.731590910899688e-07
47650.056 5.596250995799515e-07
47700.056 5.090639363500783e-07
47750.056 4.2407444200999825e-07
47800.056 4.110470651400295e-07
47850.056 2.921381131010099e-07
47900.056 3.639131278029774e-07
47950.056 5.546202469900075e-07
48000.056 6.1994434628001e-07
48050.056 5.829119016499646e-07
48100.056 3.6146119141400396e-07
48150.056 4.737995271400111e-07
48200.056 4.3272135952998977e-07
48250.056 4.905388884699895e-07
48300.056 6.11536727569994e-07
48350.056 4.424057149199892e-07
48400.056 2.4673678167096404e-07
48450.056 4.0432094309106715e-07
48500.056 4.992811826099309e-07
48550.056 4.96310102740031e-07
48600.056 5.091739397600091e-07
48650.056 5.69741005659993e-07
48700.056 4.887269099100028e-07
48750.056 3.1838712133007383e-07
48800.056 5.246335501500287e-07
48850.056 3.869041034759428e-07
48900.056 5.299180446499796e-07
48950.056 3.958190757699977e-07
49000.056 2.665792823200107e-07
49050.056 4.966880214799554e-07
49100.056 5.164952973210453e-07
49150.056 4.1926894702399095e-07
49200.056 5.395941194700332e-07
49250.056 5.038292787200215e-07
49300.056 4.602726097099802e-07
49350.056 3.0633658450604827e-07
49400.056 4.1257357794593707e-07
49450.056 4.054481648340889e-07
49500.056 3.5929944516396953e-07
49550.056 2.0405748908199696e-07
49600.056 3.169559727900428e-07
49650.056 3.8152046913997315e-07
49700.056 3.89656109799934e-07
49750.056 4.785937754199738e-07
49800.056 3.833527558819955e-07
49850.056 5.084490272900363e-07
49900.056 4.7529241958000094e-07
49950.056 3.9552207998999057e-07
50000.056 3.955192172400045e-07
50050.056 4.634382727699758e-07
50100.056 3.984193073899811e-07
50150.056 2.7313797760998134e-07
50200.056 1.5019242647102696e-07
50250.056 3.5387126822999043e-07
50300.056 2.8514364417402113e-07
50350.056 4.4530630974003565e-07
50400.056 4.122273365499898e-07
50450.056 3.122775202700007e-07
50500.056 4.411306977200296e-07
50550.056 4.443309024800057e-07
50600.056 3.207228783099439e-07
50650.056 4.397825813200635e-07
50700.056 4.885174542699835e-07
50750.056 3.645337253180222e-07
50800.056 2.340966105719629e-07
50850.056 2.2094071699704573e-07
50900.056 4.5007841602999036e-07
50950.056 3.8518689245002016e-07
51000.056 3.938496513950317e-07
51050.056 4.048664656499674e-07
51100.056 2.2972502752998062e-07
51150.056 2.8832256724602805e-07
51200.056 4.999647608499818e-07
51250.056 3.54912955609984e-07
51300.056 2.7273078234104465e-07
51350.056 3.3703441280595567e-07
51400.056 2.1746837984901537e-07
51450.056 1.8327250414096807e-07
51500.056 1.7997778121004186e-07
51550.056 3.484676252300241e-07
51600.056 2.587792476380079e-07
51650.056 2.8356234686997205e-07
51700.056 3.3018589249494586e-07
51750.056 2.5303036689502016e-07
51800.056 3.6598198536994487e-07
51850.056 3.0931872412199016e-07
51900.056 4.349212966900207e-07
51950.056 3.3867379843997603e-07
52000.056 1.3714945403397599e-07
52050.056 2.4719176713001806e-07
52100.056 2.0108802918699531e-07
52150.056 1.7074858073101447e-07
52200.056 2.079348540009948e-07
52250.056 2.6813807927202313e-07
52300.056 4.032221541699972e-07
52350.056 2.5204827514839543e-07
52400.056 2.118007996800182e-07
52450.056 3.3593412901003047e-07
52500.056 3.462516784499446e-07
52550.056 3.213767906499768e-07
52600.056 2.753262601860164e-07
52650.056 2.963190315460286e-07
52700.056 2.3108247260500516e-07
52750.056 1.7294724895998838e-07
52800.056 2.0831256883902244e-07
52850.056 2.3626261331494673e-07
52900.056 2.0949268992976418e-07
52950.056 2.401299667560063e-07
53000.056 3.0843042479999934e-07
53050.056 1.859956177679609e-07
53100.056 3.0326299347999243e-07
53150.056 3.623510739200186e-07
53200.056 1.691619410019833e-07
53250.056 3.120263222600237e-07
53300.056 3.435394890821188e-07
53350.056 3.2149386898999226e-07
53400.056 3.012629491299956e-07
53450.056 1.7643398906198525e-07
53500.056 1.0667049195217231e-07
53550.056 1.6517526791799118e-07
53600.056 2.6042989960603726e-07
53650.056 1.9064602633798937e-07
