galfind/configs/Brown_Dwarf_templates/sonora_bobcat/m-0.5/1780g/sp_t1100g1780nc_m-0.5_resample.dat
# %ECSV 1.0
# ---
# datatype:
# - {name: wav, unit: Angstrom, datatype: float64}
# - {name: flux_nu, unit: erg / (cm2 Hz s), datatype: float64}
# meta: {C/O: '1.00', Kzz: '1.0000E+05', Teff: '1100.', Y: '0.28', '[Fe/H]': '-0.50', f_hole: '1.00', f_rain: '0.00', grav: '1780.'}
# schema: astropy-2.0
wav flux_nu
4000.0559999999996 nan
4050.0559999999996 1.4062745473920284e-12
4100.056 5.548433216949865e-11
4150.056 1.4353807796300354e-10
4200.056 1.3906989896669511e-10
4250.056 2.1811424024100494e-10
4300.056 2.913711985730098e-10
4350.056 3.079419817540017e-10
4400.056 3.7307114572000217e-10
4450.056 4.208879497600087e-10
4500.056 4.096326210300088e-10
4550.056 4.94088969379994e-10
4600.056 4.666225737299977e-10
4650.056 4.062343384599974e-10
4700.056 3.9019351118999847e-10
4750.056 2.030352187869972e-10
4800.056 5.7393913222999316e-11
4850.056 1.4938455429499757e-11
4900.056 4.9008807667999535e-12
4950.056 1.6925105399499789e-12
5000.056 4.045230977899935e-13
5050.056 1.0472329854099926e-13
5100.056 7.246818309699981e-14
5150.056 5.751535387499981e-14
5200.056 4.695730034999988e-14
5250.056 3.8965599051999906e-14
5300.056 3.366375714899993e-14
5350.056 3.062543538699998e-14
5400.056 2.9164408491999976e-14
5450.056 2.8342618183999942e-14
5500.056 2.7932589221999988e-14
5550.056 2.7776017836000005e-14
5600.056 2.7737699665999973e-14
5650.056 2.7548315045000006e-14
5700.056 2.7035630518000003e-14
5750.056 2.5093560681999958e-14
5800.056 2.1570463676999948e-14
5850.056 1.4861703650199844e-14
5900.056 4.927186289713961e-15
5950.056 2.972527534200034e-14
6000.056 6.310330067800058e-14
6050.056 1.1245915894200085e-13
6100.056 1.8558397000000102e-13
6150.056 2.979117578800019e-13
6200.056 4.763421200800027e-13
6250.056 7.683988978900051e-13
6300.056 1.2476396800600093e-12
6350.056 2.060730238300016e-12
6400.056 3.4540076623000263e-12
6450.056 5.825339723200042e-12
6500.056 9.755947135600069e-12
6550.056 1.6189884708000135e-11
6600.056 2.6542387320000214e-11
6650.056 4.2595187095000305e-11
6700.056 5.366527836390042e-11
6750.056 9.794764677100063e-11
6800.056 1.3596087980000055e-10
6850.056 1.5952495003000017e-10
6900.056 1.5228154931999973e-10
6950.056 1.326493635199997e-10
7000.056 1.278034431700002e-10
7050.056 1.395562267900001e-10
7100.056 1.538410110900002e-10
7150.056 1.631541473899998e-10
7200.056 1.6021683950000063e-10
7250.056 1.4496492535999885e-10
7300.056 1.233341441199999e-10
7350.056 1.0087947179299955e-10
7400.056 8.063695933199977e-11
7450.056 6.239226017499973e-11
7500.056 4.6598919034999726e-11
7550.056 3.3195911772999776e-11
7600.056 2.3033116411999792e-11
7650.056 5.5384536204477175e-12
7700.056 3.5022165556441736e-12
7750.056 1.848996140860037e-11
7800.056 3.751579271128069e-11
7850.056 8.440295850500106e-11
7900.056 1.5026620404000154e-10
7950.056 1.993983765916031e-10
8000.056 4.192187241400042e-10
8050.056 6.467278703400057e-10
8100.056 9.485247040500053e-10
8150.056 1.3358209745000102e-09
8200.056 1.8377764481000273e-09
8250.056 2.4418304461000247e-09
8300.056 3.1893462420000704e-09
8350.056 4.067230181000026e-09
8400.056 5.124068221300024e-09
8450.056 6.427936962500041e-09
8500.056 6.990430979349785e-09
8550.056 9.20119720350033e-09
8600.056 1.1662619190000087e-08
8650.056 1.3647448344000088e-08
8700.056 1.6353337738000027e-08
8750.056 1.932440226100014e-08
8800.056 2.2701389762000144e-08
8850.056 2.620163867500014e-08
8900.056 2.887721149100003e-08
8950.056 2.6785031597209868e-08
9000.056 3.737228532800007e-08
9050.056 4.5646167419000426e-08
9100.056 5.230203708900067e-08
9150.056 5.8742104528000586e-08
9200.056 6.71286648009991e-08
9250.056 7.185565676399775e-08
9300.056 4.92401350995987e-08
9350.056 6.429717934680235e-08
9400.056 8.911049920999878e-08
9450.056 9.262199707780336e-08
9500.056 9.72749499286943e-08
9550.056 1.0793632139670934e-07
9600.056 1.1525969259840147e-07
9650.056 1.3034545585260272e-07
9700.056 1.5388720071699461e-07
9750.056 1.6803194603000436e-07
9800.056 1.8625652716299717e-07
9850.056 2.0486507639999915e-07
9900.056 1.8189598639999787e-07
9950.056 1.7871343913000034e-07
10000.056 1.396482593660013e-07
10050.056 1.8933261531000008e-07
10100.056 2.143097087200019e-07
10150.056 2.2440459264999962e-07
10200.056 2.429756739400011e-07
10250.056 2.608486318400008e-07
10300.056 2.7810740125999935e-07
10350.056 3.0449009196000476e-07
10400.056 3.249118749599981e-07
10450.056 3.428220969499992e-07
10500.056 3.533768395300001e-07
10550.056 3.643334432900009e-07
10600.056 3.823321724099997e-07
10650.056 3.990905098500035e-07
10700.056 4.178382458400022e-07
10750.056 4.3348512698000203e-07
10800.056 4.471307148500012e-07
10850.056 4.629200798500012e-07
10900.056 4.4668450637999795e-07
10950.056 3.8295325655999696e-07
11000.056 3.292262839399866e-07
11050.056 2.71043510903997e-07
11100.056 2.1466543576430132e-07
11150.056 1.8004791251122821e-07
11200.056 2.022933875497781e-07
11250.056 2.528454969460817e-07
11300.056 2.564004956664334e-07
11350.056 1.5258864302656967e-07
11400.056 2.6012138744541464e-07
11450.056 2.2692806332891252e-07
11500.056 2.552402736996447e-07
11550.056 1.9855908108779237e-07
11600.056 1.9921317496630116e-07
11650.056 2.2985618430780616e-07
11700.056 1.993506010279982e-07
11750.056 1.7065535666598925e-07
11800.056 2.3331325810500342e-07
11850.056 3.3021561339400274e-07
11900.056 3.8654161991398774e-07
11950.056 4.358422525000109e-07
12000.056 4.6734543425000126e-07
12050.056 5.217047662600091e-07
12100.056 5.591782529999956e-07
12150.056 6.142960433699974e-07
12200.056 6.48655242519996e-07
12250.056 6.924548449099994e-07
12300.056 7.345547204300039e-07
12350.056 7.433801605900001e-07
12400.056 7.436405873999957e-07
12450.056 7.511382580700055e-07
12500.056 7.640409403399998e-07
12550.056 8.080429570200091e-07
12600.056 9.03799781070003e-07
12650.056 9.249260506900025e-07
12700.056 9.55487605190006e-07
12750.056 9.413769868300013e-07
12800.056 9.439768802300019e-07
12850.056 8.92483447729995e-07
12900.056 8.623159615100036e-07
12950.056 8.502265986600001e-07
13000.056 8.494814382900063e-07
13050.056 8.181010842499898e-07
13100.056 8.104237811899731e-07
13150.056 7.383377610560167e-07
13200.056 7.002194295699921e-07
13250.056 5.585828822999907e-07
13300.056 3.6147179424657004e-07
13350.056 1.3366988413280908e-07
13400.056 5.7720633608630134e-08
13450.056 4.091121741314126e-08
13500.056 2.6859569105418764e-08
13550.056 2.0259637602978738e-08
13600.056 1.682605074839924e-08
13650.056 3.722675267840505e-08
13700.056 2.9773601792330095e-08
13750.056 4.3186756954353236e-08
13800.056 5.3333626195259146e-08
13850.056 3.6220302267818325e-08
13900.056 3.414880702432511e-08
13950.056 3.296277382014236e-08
14000.056 3.324132008281845e-08
14050.056 4.074710856693682e-08
14100.056 3.1245108546443865e-08
14150.056 4.1442324559742505e-08
14200.056 3.3799898935940595e-08
14250.056 3.3958274856749904e-08
14300.056 5.365459645194462e-08
14350.056 5.3353225365236534e-08
14400.056 5.438636986342111e-08
14450.056 6.67193376427443e-08
14500.056 9.790770417305331e-08
14550.056 9.730309132550924e-08
14600.056 1.4068444079010812e-07
14650.056 1.313881780227854e-07
14700.056 1.0629466960965947e-07
14750.056 1.3195203961361486e-07
14800.056 1.5117792373499705e-07
14850.056 1.6687684995109894e-07
14900.056 1.642498341588432e-07
14950.056 1.8983973936600653e-07
15000.056 2.1303428885399846e-07
15050.056 2.4409359468868816e-07
15100.056 2.5051568248099767e-07
15150.056 2.679754552240012e-07
15200.056 2.8937465699397655e-07
15250.056 3.3415044946100853e-07
15300.056 3.558615386759928e-07
15350.056 3.9529285404999254e-07
15400.056 4.235210549000142e-07
15450.056 4.4532507571001394e-07
15500.056 4.607173211199976e-07
15550.056 4.912792164399976e-07
15600.056 5.105207472499994e-07
15650.056 5.187272513900068e-07
15700.056 5.429375172700021e-07
15750.056 5.479867377400016e-07
15800.056 5.479011279799997e-07
15850.056 5.516614379099999e-07
15900.056 5.363065252800004e-07
15950.056 5.180418101999945e-07
16000.056 4.839796957800009e-07
16050.056 4.2891190764999495e-07
16100.056 3.794224908299934e-07
16150.056 3.245611223599893e-07
16200.056 2.71684780502999e-07
16250.056 2.5676920644299073e-07
16300.056 2.3785136719489832e-07
16350.056 2.4898373377585395e-07
16400.056 2.623670751057063e-07
16450.056 2.7399734714480076e-07
16500.056 2.897525857967051e-07
16550.056 2.8447639709049755e-07
16600.056 2.8808773058000756e-07
16650.056 2.1623697085180037e-07
16700.056 1.636302831030142e-07
16750.056 1.988040972290016e-07
16800.056 2.368047874060045e-07
16850.056 2.356596388789828e-07
16900.056 2.23964943171012e-07
16950.056 2.0633923701198982e-07
17000.056 1.899848003920205e-07
17050.056 2.2078977590000976e-07
17100.056 2.3332949773000032e-07
17150.056 2.160419667149974e-07
17200.056 2.4031886831998903e-07
17250.056 2.2116087699298202e-07
17300.056 2.046425644670039e-07
17350.056 1.8956841156399247e-07
17400.056 1.859969900609946e-07
17450.056 1.822948832799807e-07
17500.056 1.8389560694502833e-07
17550.056 1.6341987081099526e-07
17600.056 1.5433216287280648e-07
17650.056 1.4757927338911403e-07
17700.056 1.2295485481759565e-07
17750.056 1.0822264766836092e-07
17800.056 1.1735095053374973e-07
17850.056 8.769153868536402e-08
17900.056 9.76307753792367e-08
17950.056 7.864382345545132e-08
18000.056 8.235118039071126e-08
18050.056 6.999466487932465e-08
18100.056 7.457057907710044e-08
18150.056 8.33385207532182e-08
18200.056 5.97023524300146e-08
18250.056 1.0315795879877456e-07
18300.056 6.897223379387479e-08
18350.056 6.683672342165274e-08
18400.056 6.030244855668264e-08
18450.056 7.401351338407228e-08
18500.056 7.222618878838372e-08
18550.056 5.7300560638987775e-08
18600.056 5.190779783694899e-08
18650.056 4.9155354578432916e-08
18700.056 4.5672355224912014e-08
18750.056 6.014251632600254e-08
18800.056 9.546088146938721e-08
18850.056 1.0077002154492858e-07
18900.056 9.221588719400949e-08
18950.056 1.2894802153365142e-07
19000.056 9.59601533972478e-08
19050.056 7.640511386754662e-08
19100.056 1.077209203160636e-07
19150.056 8.19890514620788e-08
19200.056 9.455342845764545e-08
19250.056 7.647031622055079e-08
19300.056 7.35656216329124e-08
19350.056 6.920859606609371e-08
19400.056 5.046637111927267e-08
19450.056 7.686610240908685e-08
19500.056 7.643842345821606e-08
19550.056 6.420918800923639e-08
19600.056 7.5548992987336e-08
19650.056 8.875485677917556e-08
19700.056 8.646223592325504e-08
19750.056 9.07266821942272e-08
19800.056 9.57967266114499e-08
19850.056 1.1733379309039799e-07
19900.056 9.729253093535789e-08
19950.056 1.291440634512983e-07
20000.056 1.1854124740201457e-07
20050.056 1.3583782555200968e-07
20100.056 1.392771147034797e-07
20150.056 1.4102212972702484e-07
20200.056 1.4581532846203462e-07
20250.056 1.596034773510003e-07
20300.056 1.5860246975100534e-07
20350.056 1.6996813032398928e-07
20400.056 1.6890998621698522e-07
20450.056 1.8198856257499622e-07
20500.056 1.8722709881798162e-07
20550.056 1.885157936040088e-07
20600.056 1.9627111588000505e-07
20650.056 1.974702361280017e-07
20700.056 2.0003612489000365e-07
20750.056 2.0100060543999795e-07
20800.056 2.0318127012999452e-07
20850.056 2.0288355502999908e-07
20900.056 2.050156219599941e-07
20950.056 2.0274327361000286e-07
21000.056 2.0131185046000137e-07
21050.056 2.0020743917999804e-07
21100.056 1.9829143862000068e-07
21150.056 1.97950038849992e-07
21200.056 1.9436711524000237e-07
21250.056 1.9197089475999193e-07
21300.056 1.8638452046999674e-07
21350.056 1.8412790644700128e-07
21400.056 1.822864764500094e-07
21450.056 1.7670474119400232e-07
21500.056 1.721296620390028e-07
21550.056 1.6825383872600122e-07
21600.056 1.6188062238200392e-07
21650.056 1.554167117340027e-07
21700.056 1.5539015477900015e-07
21750.056 1.4560854478300504e-07
21800.056 1.37119813966996e-07
21850.056 1.2980971965600236e-07
21900.056 1.1792539636299908e-07
21950.056 9.877719392900691e-08
22000.056 6.655231080099862e-08
22050.056 6.013898179809726e-08
22100.056 7.854623252330586e-08
22150.056 8.312386144368733e-08
22200.056 8.57312677651975e-08
22250.056 8.384418628050214e-08
22300.056 7.233846366869762e-08
22350.056 7.390883580220106e-08
22400.056 6.182757866079176e-08
22450.056 5.858368887167869e-08
22500.056 6.013911177200863e-08
22550.056 5.28777056201995e-08
22600.056 5.34249690872843e-08
22650.056 5.593064522698192e-08
22700.056 5.223865772909838e-08
22750.056 5.290114888929872e-08
22800.056 5.3480464672995776e-08
22850.056 4.7593409623885515e-08
22900.056 4.685799679271575e-08
22950.056 4.457704772859426e-08
23000.056 5.097652757399864e-08
23050.056 5.972689026419723e-08
23100.056 8.109539365950367e-08
23150.056 7.32186822070719e-08
23200.056 3.53758064837961e-08
23250.056 4.6099550671804923e-08
23300.056 4.07925028879084e-08
23350.056 4.1077266076804074e-08
23400.056 4.0226502712104834e-08
23450.056 3.956896923039885e-08
23500.056 4.219812498818085e-08
23550.056 5.065686355840489e-08
23600.056 5.709460386039554e-08
23650.056 6.548801332599522e-08
23700.056 3.9379619438610005e-08
23750.056 4.0565835665095377e-08
23800.056 4.808339343449862e-08
23850.056 4.9581434670904124e-08
23900.056 6.536664031720179e-08
23950.056 6.367940056360461e-08
24000.056 7.41520011935006e-08
24050.056 7.560634542843993e-08
24100.056 7.291829165857812e-08
24150.056 8.045788504781056e-08
24200.056 7.884206941700485e-08
24250.056 7.678425325310097e-08
24300.056 8.545460936550728e-08
24350.056 7.653063411106217e-08
24400.056 9.269594046300116e-08
24450.056 8.545068848490824e-08
24500.056 8.63181855203931e-08
24550.056 9.182833207101553e-08
24600.056 9.203834970419762e-08
24650.056 1.0810772625300872e-07
24700.056 8.203855808001135e-08
24750.056 8.305913516029531e-08
24800.056 8.462668719646262e-08
24850.056 1.0941277230823597e-07
24900.056 6.482884661253552e-08
24950.056 1.0142752149453882e-07
25000.056 8.963878143050984e-08
25050.056 6.286898573160958e-08
25100.056 8.808826916810136e-08
25150.056 6.40722002629572e-08
25200.056 7.768967490938888e-08
25250.056 5.3263397706473087e-08
25300.056 7.13881119534807e-08
25350.056 4.701311549474622e-08
25400.056 7.661341731646087e-08
25450.056 4.730769908063521e-08
25500.056 5.1051490388220395e-08
25550.056 5.838697335143679e-08
25600.056 5.6127180569247395e-08
25650.056 3.752624502800231e-08
25700.056 6.586072833385486e-08
25750.056 3.3600073501015286e-08
25800.056 7.378593559689116e-08
25850.056 3.937509629801259e-08
25900.056 5.7176149022195386e-08
25950.056 3.2324190655389744e-08
26000.056 7.490961751972254e-08
26050.056 4.655867112187569e-08
26100.056 7.893051614240932e-08
26150.056 6.263089600500813e-08
26200.056 6.500854623127876e-08
26250.056 1.0317390298712262e-07
26300.056 7.12427959706894e-08
26350.056 1.1872141664522763e-07
26400.056 1.0641606062503215e-07
26450.056 1.0745565727440031e-07
26500.056 1.2210956151008546e-07
26550.056 7.327662552624461e-08
26600.056 9.421876625750967e-08
26650.056 5.067845978482464e-08
26700.056 4.6576014392920324e-08
26750.056 3.385304620613686e-08
26800.056 4.9891075177873465e-08
26850.056 3.0843292654957394e-08
26900.056 6.280095996059736e-08
26950.056 3.6088344797094236e-08
27000.056 7.621569400541097e-08
27050.056 6.383843508910364e-08
27100.056 5.026702932882221e-08
27150.056 8.392130754771133e-08
27200.056 5.3094040984495534e-08
27250.056 6.458078656998298e-08
27300.056 1.2984814688807427e-07
27350.056 9.469104918611077e-08
27400.056 3.616014124615978e-08
27450.056 1.1328145423175557e-07
27500.056 1.160980127204661e-07
27550.056 5.579519858637815e-08
27600.056 9.537846713870262e-08
27650.056 5.210121221284751e-08
27700.056 4.3295597650828234e-08
27750.056 1.0072885535611439e-07
27800.056 5.362244423047427e-08
27850.056 6.041543277918191e-08
27900.056 6.897220784056577e-08
27950.056 1.0851463937150668e-07
28000.056 8.295401957962465e-08
28050.056 3.8585221530045483e-08
28100.056 1.0783159012596545e-07
28150.056 7.078817436710206e-08
28200.056 4.372674890134183e-08
28250.056 1.0795978981309055e-07
28300.056 1.2191510100659954e-07
28350.056 5.1221816496042003e-08
28400.056 8.877869605910465e-08
28450.056 1.1836729664008535e-07
28500.056 8.819866641244124e-08
28550.056 4.1389962347147947e-08
28600.056 1.240205459290182e-07
28650.056 1.0067637477825223e-07
28700.056 9.022146171544265e-08
28750.056 1.287114467826318e-07
28800.056 1.1092463229982376e-07
28850.056 1.2216306357279806e-07
