galfind/configs/Brown_Dwarf_templates/sonora_bobcat/m-0.5/1780g/sp_t525g1780nc_m-0.5_resample.dat
# %ECSV 1.0
# ---
# datatype:
# - {name: wav, unit: Angstrom, datatype: float64}
# - {name: flux_nu, unit: erg / (cm2 Hz s), datatype: float64}
# meta: {C/O: '1.00', Kzz: '1.0000E+05', Teff: '525.', Y: '0.28', '[Fe/H]': '-0.50', f_hole: '1.00', f_rain: '0.00', grav: '1780.'}
# schema: astropy-2.0
wav flux_nu
4000.0559999999996 nan
4050.0559999999996 2.2183338946830894e-17
4100.056 6.64836608372016e-15
4150.056 9.89399548300012e-14
4200.056 1.3716206475550128e-13
4250.056 1.2689582746100105e-12
4300.056 3.1072346361000208e-12
4350.056 5.591086355600023e-12
4400.056 9.150841639400037e-12
4450.056 1.411661942800006e-11
4500.056 1.9368836627000074e-11
4550.056 2.2644489290999957e-11
4600.056 1.3891166726999978e-11
4650.056 9.625580883799962e-12
4700.056 4.670600381699952e-12
4750.056 9.637732854699832e-13
4800.056 1.494454770949978e-13
4850.056 3.753018799899961e-14
4900.056 1.6603922557999894e-14
4950.056 8.985045242199944e-15
5000.056 4.606120561099969e-15
5050.056 2.884527250499996e-15
5100.056 2.804593553400001e-15
5150.056 2.863701558900001e-15
5200.056 3.0041739203000016e-15
5250.056 3.2028166813000026e-15
5300.056 3.4382588862000024e-15
5350.056 3.740004564300004e-15
5400.056 4.132007256800005e-15
5450.056 4.539360103800004e-15
5500.056 4.954338501400006e-15
5550.056 5.3497187598000055e-15
5600.056 5.724008959000005e-15
5650.056 6.046722647900004e-15
5700.056 6.250600058300003e-15
5750.056 6.0939001545999945e-15
5800.056 5.433367936299985e-15
5850.056 3.74566356769996e-15
5900.056 1.250999383377037e-15
5950.056 7.725585856100104e-15
6000.056 1.644930312800014e-14
6050.056 2.8628454031000196e-14
6100.056 4.559231995600028e-14
6150.056 6.894379267400038e-14
6200.056 1.011030953590005e-13
6250.056 1.4526681547000075e-13
6300.056 2.0584780997000103e-13
6350.056 2.8960532379000146e-13
6400.056 4.0561652560000206e-13
6450.056 5.520738571000018e-13
6500.056 7.628442121100047e-13
6550.056 1.0582528194300031e-12
6600.056 1.4651992396000096e-12
6650.056 2.0332870689000107e-12
6700.056 2.645759128200012e-12
6750.056 3.673214158900016e-12
6800.056 4.538099362200012e-12
6850.056 4.806857508799996e-12
6900.056 4.156739265199984e-12
6950.056 3.4244902873999994e-12
7000.056 3.372084260699991e-12
7050.056 3.5226246081000014e-12
7100.056 3.8534090018e-12
7150.056 3.718871582799969e-12
7200.056 3.567767079300026e-12
7250.056 3.713817296099932e-12
7300.056 3.699084781700043e-12
7350.056 3.959496385000003e-12
7400.056 4.223163442400009e-12
7450.056 4.519591790600016e-12
7500.056 4.703315832500002e-12
7550.056 4.7308341535999986e-12
7600.056 4.5623238335999905e-12
7650.056 2.0467132478599405e-12
7700.056 1.80445094196005e-12
7750.056 4.830505908200053e-12
7800.056 6.712917574000055e-12
7850.056 9.916746507600033e-12
7900.056 1.2656348458000058e-11
7950.056 1.3962219781100078e-11
8000.056 1.9926316281000103e-11
8050.056 2.4788949106000116e-11
8100.056 2.7262495762999918e-11
8150.056 2.974107520700042e-11
8200.056 4.253329810300052e-11
8250.056 5.048949350900051e-11
8300.056 6.307445600300086e-11
8350.056 7.832383654100053e-11
8400.056 9.900791267200099e-11
8450.056 1.2763919267000105e-10
8500.056 1.522118348699996e-10
8550.056 1.9391645232000354e-10
8600.056 2.4868539901000215e-10
8650.056 3.061018482200026e-10
8700.056 3.7156334440000317e-10
8750.056 4.530283537000038e-10
8800.056 5.445683667200039e-10
8850.056 6.276341118500012e-10
8900.056 5.718156866099951e-10
8950.056 5.416403861100049e-10
9000.056 6.882029995100034e-10
9050.056 1.1456316071400152e-09
9100.056 1.3464393743100346e-09
9150.056 1.5701653192400036e-09
9200.056 1.9520447458800368e-09
9250.056 1.976472810269943e-09
9300.056 4.01175462784783e-10
9350.056 6.48481423457204e-10
9400.056 1.8924933821530197e-09
9450.056 1.3998971454949306e-09
9500.056 1.4158613372483186e-09
9550.056 1.6004377240703642e-09
9600.056 1.8994988730699692e-09
9650.056 2.6875584703601567e-09
9700.056 4.445606485709918e-09
9750.056 5.080346668800245e-09
9800.056 6.215184827799969e-09
9850.056 7.672171753899976e-09
9900.056 9.647384498000166e-09
9950.056 1.0952363357300096e-08
10000.056 7.824701343565338e-09
10050.056 8.267123440199878e-09
10100.056 7.790983193299999e-09
10150.056 7.150452318699957e-09
10200.056 6.406007552400054e-09
10250.056 6.76050757260003e-09
10300.056 7.2064618321998914e-09
10350.056 6.200025096700053e-09
10400.056 6.583238275799993e-09
10450.056 6.678061268999915e-09
10500.056 6.618955417499985e-09
10550.056 6.580002271899991e-09
10600.056 6.34587790179999e-09
10650.056 5.9978594057999795e-09
10700.056 5.5516052617999785e-09
10750.056 5.223579669499977e-09
10800.056 4.916048974299999e-09
10850.056 4.623137411399987e-09
10900.056 4.227564313699964e-09
10950.056 3.4157573009999805e-09
11000.056 2.5889379644999096e-09
11050.056 1.6572104028499876e-09
11100.056 8.790795557469649e-10
11150.056 4.529657837437655e-10
11200.056 4.3690163497837476e-10
11250.056 6.869146749921009e-10
11300.056 8.847409098722185e-10
11350.056 4.0025970302598827e-10
11400.056 1.3189437644267334e-09
11450.056 8.339553124225719e-10
11500.056 8.65011878457982e-10
11550.056 4.686532609370472e-10
11600.056 4.018016196108377e-10
11650.056 8.147069773480549e-10
11700.056 1.0035833638099313e-09
11750.056 6.541502408240319e-10
11800.056 1.5929298726899922e-09
11850.056 1.9612840658300037e-09
11900.056 2.1970700584999994e-09
11950.056 2.4754746828000164e-09
12000.056 2.804750157300026e-09
12050.056 3.224170423500035e-09
12100.056 3.5100205617000115e-09
12150.056 4.022571049499997e-09
12200.056 4.382963821600014e-09
12250.056 5.001252906299989e-09
12300.056 5.896458523300073e-09
12350.056 6.52290421810004e-09
12400.056 7.55362950620003e-09
12450.056 8.742948104200062e-09
12500.056 9.759745959900035e-09
12550.056 1.0721639697000085e-08
12600.056 1.2321160401000103e-08
12650.056 1.392238504900008e-08
12700.056 1.4972026797000006e-08
12750.056 1.4619529592000022e-08
12800.056 1.3789526035999947e-08
12850.056 1.2298788889999918e-08
12900.056 1.1560080847399929e-08
12950.056 1.1136698775800117e-08
13000.056 1.1645037428900225e-08
13050.056 1.0306693543299974e-08
13100.056 1.100310443179954e-08
13150.056 9.02746972010039e-09
13200.056 9.281023902799738e-09
13250.056 7.794258445729868e-09
13300.056 4.081956751376555e-09
13350.056 1.7219714843453896e-09
13400.056 2.7901784381693165e-10
13450.056 7.986704290641046e-11
13500.056 2.830461323928987e-11
13550.056 9.075237349090849e-12
13600.056 4.2019800478745585e-12
13650.056 2.4122169793181342e-11
13700.056 1.489874215278401e-11
13750.056 6.012081305813439e-11
13800.056 6.936632110260185e-11
13850.056 1.82227989756526e-11
13900.056 2.7754967386340372e-11
13950.056 2.8072655189426597e-11
14000.056 4.9120132519318444e-11
14050.056 5.840233832821025e-11
14100.056 4.572780996566453e-11
14150.056 9.110611874176807e-11
14200.056 6.343563093305133e-11
14250.056 8.268812444839479e-11
14300.056 2.5755294122762e-10
14350.056 2.330120976536966e-10
14400.056 2.272268152073855e-10
14450.056 4.4367066864183904e-10
14500.056 8.728599119342854e-10
14550.056 9.885283837953862e-10
14600.056 1.7869552408613666e-09
14650.056 1.051385023639454e-09
14700.056 5.455129705721058e-10
14750.056 5.153935042494668e-10
14800.056 5.274157596209219e-10
14850.056 5.963402644926329e-10
14900.056 6.026519331075744e-10
14950.056 6.724198995986179e-10
15000.056 1.2444770681238572e-09
15050.056 1.4359758857499832e-09
15100.056 9.45647438354924e-10
15150.056 6.261799002767088e-10
15200.056 1.2172691810978977e-09
15250.056 1.8295920985951697e-09
15300.056 2.244947989443946e-09
15350.056 2.5826237664800913e-09
15400.056 3.151190163160174e-09
15450.056 3.6232197764101607e-09
15500.056 4.458852185999844e-09
15550.056 5.450249988500214e-09
15600.056 6.8573286637998834e-09
15650.056 8.54327292890027e-09
15700.056 1.0173963698700045e-08
15750.056 1.0969487926300053e-08
15800.056 1.178272405799999e-08
15850.056 1.2427928472000104e-08
15900.056 1.2551901767999981e-08
15950.056 1.255625192799998e-08
16000.056 1.1764825194999933e-08
16050.056 1.020593469569987e-08
16100.056 8.249189086899953e-09
16150.056 6.0775170911997006e-09
16200.056 3.882518881420081e-09
16250.056 2.9099627483300255e-09
16300.056 2.2049573187058117e-09
16350.056 2.2415413538642442e-09
16400.056 2.393552168809163e-09
16450.056 2.55456186648389e-09
16500.056 2.6033124961472158e-09
16550.056 2.6801028516226702e-09
16600.056 3.5531530879280856e-09
16650.056 1.9528477953332394e-09
16700.056 9.427832870090767e-10
16750.056 2.0756767973470475e-09
16800.056 2.431256400220914e-09
16850.056 2.264737957034787e-09
16900.056 1.7974126062490994e-09
16950.056 1.4436815157699608e-09
17000.056 1.1291065019781114e-09
17050.056 1.5196123566300662e-09
17100.056 1.8379572552800056e-09
17150.056 1.5502809627100657e-09
17200.056 2.377898568049977e-09
17250.056 1.6760082729497989e-09
17300.056 1.4749682361599885e-09
17350.056 1.508201688199944e-09
17400.056 1.7009112668800215e-09
17450.056 1.774211535989966e-09
17500.056 1.9301836646401294e-09
17550.056 1.590686069099901e-09
17600.056 1.4786498187300588e-09
17650.056 1.2274915914200066e-09
17700.056 1.0473416252999828e-09
17750.056 8.058392839710319e-10
17800.056 9.492833693820574e-10
17850.056 5.918149332863972e-10
17900.056 5.442612614138007e-10
17950.056 3.4069273139790706e-10
18000.056 4.495046239866092e-10
18050.056 2.356022743184619e-10
18100.056 2.6612494051588204e-10
18150.056 2.2210320968609348e-10
18200.056 1.5244264127855696e-10
18250.056 3.9747967343716223e-10
18300.056 1.2271919852497204e-10
18350.056 1.1296685316294485e-10
18400.056 7.831834729119411e-11
18450.056 2.6653599806457775e-10
18500.056 2.3036762787073215e-10
18550.056 1.2881043186539684e-10
18600.056 1.7094551661903613e-10
18650.056 1.2241521385808152e-10
18700.056 3.578988430610462e-11
18750.056 8.236464774832028e-11
18800.056 3.6811078467171075e-10
18850.056 3.323202581183444e-10
18900.056 3.0313986236463604e-10
18950.056 4.2847359414420913e-10
19000.056 1.5582700729808917e-10
19050.056 8.729841796460652e-11
19100.056 2.0080133509609773e-10
19150.056 1.0260139407670096e-10
19200.056 1.6278272748068648e-10
19250.056 1.243212614188857e-10
19300.056 9.113128733126432e-11
19350.056 9.619814092901867e-11
19400.056 6.662888951980405e-11
19450.056 9.494488412267452e-11
19500.056 1.1010838045785654e-10
19550.056 1.1312308951335246e-10
19600.056 1.7516818477214155e-10
19650.056 1.7879275743300498e-10
19700.056 2.123747210556857e-10
19750.056 2.606086332842968e-10
19800.056 1.9597687687695544e-10
19850.056 2.593035409158301e-10
19900.056 3.0855861609676886e-10
19950.056 3.177966153033952e-10
20000.056 3.4585736694700033e-10
20050.056 3.3171862669804246e-10
20100.056 4.171917309600975e-10
20150.056 3.226474919057127e-10
20200.056 2.882841615056485e-10
20250.056 3.882445372924274e-10
20300.056 4.014360706790046e-10
20350.056 4.090672264419728e-10
20400.056 4.280071333600027e-10
20450.056 5.094250747600344e-10
20500.056 5.247139549399953e-10
20550.056 5.331431354799978e-10
20600.056 5.40088655040012e-10
20650.056 5.505116239099911e-10
20700.056 5.512161129099982e-10
20750.056 5.44360936979998e-10
20800.056 5.300514396699905e-10
20850.056 5.309657928800004e-10
20900.056 5.220378058899989e-10
20950.056 5.098139244700002e-10
21000.056 4.996761115499993e-10
21050.056 4.983303993599989e-10
21100.056 4.927855076999999e-10
21150.056 4.925242647099989e-10
21200.056 4.917313749600016e-10
21250.056 4.919234246299947e-10
21300.056 4.880068498400021e-10
21350.056 4.850812353499958e-10
21400.056 5.003945641100151e-10
21450.056 4.799095848300088e-10
21500.056 4.710029388750026e-10
21550.056 4.678852324599947e-10
21600.056 4.5198538055400163e-10
21650.056 4.321657315069966e-10
21700.056 4.4536627694998026e-10
21750.056 4.13282830139621e-10
21800.056 3.620578954350013e-10
21850.056 3.405817001296054e-10
21900.056 2.9664302256201677e-10
21950.056 2.1512804893948097e-10
22000.056 6.756068795687522e-11
22050.056 9.775285682231337e-11
22100.056 1.8763413695668575e-10
22150.056 1.5010893473919344e-10
22200.056 1.5313762154691653e-10
22250.056 1.405010738720845e-10
22300.056 9.137413415438968e-11
22350.056 1.1525797801994848e-10
22400.056 6.836016965311179e-11
22450.056 8.055386603638317e-11
22500.056 7.01196102768576e-11
22550.056 4.9584632485278156e-11
22600.056 4.424006029566354e-11
22650.056 5.417982082610046e-11
22700.056 5.583281997052045e-11
22750.056 6.598946456879297e-11
22800.056 8.200647955581816e-11
22850.056 5.850877174212495e-11
22900.056 5.4913443152791696e-11
22950.056 4.6177167957139116e-11
23000.056 5.082516959437283e-11
23050.056 5.8032655779598185e-11
23100.056 1.6385119400207383e-10
23150.056 1.2204883958353773e-10
23200.056 2.104457243720687e-11
23250.056 6.747390686486462e-11
23300.056 5.499842284643645e-11
23350.056 6.05115558695643e-11
23400.056 4.338448622176882e-11
23450.056 3.736357597556746e-11
23500.056 3.727801985203178e-11
23550.056 6.741098663815224e-11
23600.056 1.0363651215002995e-10
23650.056 1.2718855403952223e-10
23700.056 3.19472020273239e-11
23750.056 4.4992589513155645e-11
23800.056 1.3489888259799084e-10
23850.056 8.831526431215932e-11
23900.056 1.4690753112299782e-10
23950.056 9.603192643754914e-11
24000.056 1.710703996978089e-10
24050.056 1.665234140748586e-10
24100.056 1.870106696915941e-10
24150.056 2.3984185378840624e-10
24200.056 2.1761487586052216e-10
24250.056 2.0948375645500655e-10
24300.056 3.109711157112256e-10
24350.056 2.6155090101204025e-10
24400.056 4.0995458496401213e-10
24450.056 4.1559805814922715e-10
24500.056 3.9124244621402803e-10
24550.056 5.513168705190199e-10
24600.056 5.98909797179981e-10
24650.056 6.825714218932329e-10
24700.056 5.902112361660832e-10
24750.056 6.649292077322895e-10
24800.056 6.430584543740058e-10
24850.056 8.211804774153171e-10
24900.056 4.5077357814052767e-10
24950.056 7.320678903874538e-10
25000.056 7.71631902181993e-10
25050.056 4.278913798907818e-10
25100.056 7.06673834388736e-10
25150.056 3.810433553212115e-10
25200.056 5.541554214393908e-10
25250.056 2.2784811913114881e-10
25300.056 3.390883477550755e-10
25350.056 1.4387877530941135e-10
25400.056 3.769117903547921e-10
25450.056 1.3328089970736486e-10
25500.056 1.1722883476611946e-10
25550.056 3.2253512209033647e-10
25600.056 1.8868412829305302e-10
25650.056 6.826698398722963e-11
25700.056 8.574107840281095e-11
25750.056 2.302168722954882e-11
25800.056 1.3650842436474979e-10
25850.056 2.8450964172953886e-11
25900.056 5.084735669585882e-11
25950.056 9.23935874090765e-12
26000.056 1.4010602564760184e-10
26050.056 1.5444460101048073e-11
26100.056 1.006015523487659e-10
26150.056 3.907940472733823e-11
26200.056 5.2443983459137476e-11
26250.056 3.5719648898533264e-10
26300.056 6.705716778437533e-11
26350.056 6.482053414662863e-10
26400.056 7.448987448651661e-10
26450.056 4.2920395502864476e-10
26500.056 9.661758177430793e-10
26550.056 1.3217672165468085e-10
26600.056 1.3556842951490832e-10
26650.056 2.0494446436625386e-11
26700.056 1.2313621598949e-11
26750.056 1.534401200825648e-11
26800.056 5.44955644593631e-11
26850.056 2.794359998370781e-11
26900.056 1.481403455576545e-10
26950.056 5.445344866852143e-11
27000.056 2.909098246724912e-10
27050.056 3.6895707359689146e-10
27100.056 3.95314031517698e-11
27150.056 4.659571354719863e-10
27200.056 3.520622350288511e-11
27250.056 1.2813713255789536e-10
27300.056 1.1170751050749494e-09
27350.056 3.0905759028502145e-10
27400.056 1.6918015945325048e-11
27450.056 4.089000443751416e-10
27500.056 5.845698785556128e-10
27550.056 6.883260776687044e-11
27600.056 2.335618006410995e-10
27650.056 5.206992375846717e-11
27700.056 4.86989726631258e-11
27750.056 3.5045076069031033e-10
27800.056 1.115894530217465e-10
27850.056 1.8450065467928143e-10
27900.056 2.462390411185063e-10
27950.056 5.653201463241977e-10
28000.056 4.394885336081538e-10
28050.056 5.85953800728413e-11
28100.056 6.40142205515244e-10
28150.056 3.89588235002228e-10
28200.056 1.0469525555949921e-10
28250.056 8.586813084679265e-10
28300.056 8.8698922113091e-10
28350.056 1.3006054786499895e-10
28400.056 5.841631196324733e-10
28450.056 1.0839406426644059e-09
28500.056 5.772838890554357e-10
28550.056 1.2665567719697746e-10
28600.056 1.0058159638900447e-09
28650.056 5.693453433030442e-10
28700.056 8.233068096814641e-10
28750.056 1.8296940009927612e-09
28800.056 7.868783079475842e-10
28850.056 1.51254677161776e-09
