galfind/configs/Brown_Dwarf_templates/sonora_bobcat/m-0.5/1780g/sp_t2100g1780nc_m-0.5_resample.dat
# %ECSV 1.0
# ---
# datatype:
# - {name: wav, unit: Angstrom, datatype: float64}
# - {name: flux_nu, unit: erg / (cm2 Hz s), datatype: float64}
# meta: {C/O: '1.00', Kzz: '1.0000E+05', Teff: '2100.', Y: '0.28', '[Fe/H]': '-0.50', f_hole: '1.00', f_rain: '0.00', grav: '1780.'}
# schema: astropy-2.0
wav flux_nu
4000.0559999999996 nan
4050.0559999999996 1.448781964376486e-08
4100.056 2.9278784737157062e-08
4150.056 2.729793552837224e-08
4200.056 2.3231211806790325e-08
4250.056 1.984548405352348e-08
4300.056 1.410551711670468e-08
4350.056 1.1839078038941545e-08
4400.056 1.1452046385723019e-08
4450.056 5.860860478070816e-09
4500.056 5.014740890700964e-09
4550.056 6.804030639217697e-09
4600.056 4.866625760728808e-09
4650.056 3.3647323859292783e-09
4700.056 4.6981309633704544e-09
4750.056 5.7839279526190135e-09
4800.056 2.053616262130328e-09
4850.056 3.0427936934504132e-09
4900.056 7.272061052598947e-09
4950.056 8.561511475199447e-09
5000.056 2.199705344149605e-09
5050.056 2.6981368140101977e-09
5100.056 2.9508733324804205e-09
5150.056 1.945223153405398e-09
5200.056 1.8591318431429802e-09
5250.056 3.291294912640137e-09
5300.056 3.878086046899974e-09
5350.056 3.765423926600087e-09
5400.056 3.558871814900061e-09
5450.056 2.6158724624899412e-09
5500.056 1.936603139430011e-09
5550.056 1.8890793483999933e-09
5600.056 1.5205370353600264e-09
5650.056 1.1741488168999928e-09
5700.056 8.342737771499947e-10
5750.056 4.96891465739991e-10
5800.056 2.617552691399972e-10
5850.056 9.850782490499793e-11
5900.056 1.4413067562284422e-11
5950.056 2.1114749996200449e-10
6000.056 7.101475514700107e-10
6050.056 1.7879705377000199e-09
6100.056 3.499758464200058e-09
6150.056 5.641480045799953e-09
6200.056 6.9608083164000025e-09
6250.056 9.695497655400172e-09
6300.056 1.4903658585000158e-08
6350.056 1.995754047900078e-08
6400.056 2.5389589890000092e-08
6450.056 3.155699289099731e-08
6500.056 3.8220663477997e-08
6550.056 4.826905618199811e-08
6600.056 5.1027333702999343e-08
6650.056 4.491320653400303e-08
6700.056 2.4822964768021884e-08
6750.056 3.910056405500137e-08
6800.056 4.7569819082004383e-08
6850.056 6.195938787300284e-08
6900.056 8.338550016300027e-08
6950.056 1.0512903240800463e-07
7000.056 1.4235158341199913e-07
7050.056 1.1881170872000412e-07
7100.056 5.632339073900083e-08
7150.056 5.0826412701000874e-08
7200.056 7.06384979779988e-08
7250.056 1.0106923843901022e-07
7300.056 1.4794319149601177e-07
7350.056 2.00183177312999e-07
7400.056 2.1803180421000446e-07
7450.056 2.0179889406999592e-07
7500.056 1.7410553197999904e-07
7550.056 1.4079251665999987e-07
7600.056 7.723539536799797e-08
7650.056 1.0305154322923797e-08
7700.056 3.782321363372565e-09
7750.056 4.1680520215001176e-08
7800.056 8.861048572094505e-08
7850.056 1.5349870231000426e-07
7900.056 2.073525433300062e-07
7950.056 2.3119270114349053e-07
8000.056 3.5565053278999106e-07
8050.056 4.971703747899974e-07
8100.056 6.447688777900124e-07
8150.056 7.82186575190004e-07
8200.056 5.17102586539979e-07
8250.056 8.272267638899992e-07
8300.056 7.938112250500514e-07
8350.056 8.844548192200389e-07
8400.056 9.211635505000163e-07
8450.056 5.919025461599909e-07
8500.056 5.181444554929688e-07
8550.056 7.242818726500526e-07
8600.056 9.325566229198971e-07
8650.056 1.1103967722799555e-06
8700.056 9.203953306198884e-07
8750.056 9.497845661500586e-07
8800.056 1.2705894892900745e-06
8850.056 1.207769181119899e-06
8900.056 9.137858976000351e-07
8950.056 1.0367381644650633e-06
9000.056 1.3675301153400908e-06
9050.056 1.2283456950300155e-06
9100.056 1.574485155919961e-06
9150.056 1.8530284989200274e-06
9200.056 1.9345993039901038e-06
9250.056 1.6322170200401345e-06
9300.056 1.4687717052499486e-06
9350.056 1.6117662911400533e-06
9400.056 1.759406891240056e-06
9450.056 2.0779083628099288e-06
9500.056 2.4427215063300187e-06
9550.056 2.577889956200055e-06
9600.056 2.8087342433000675e-06
9650.056 3.0849408870000916e-06
9700.056 3.3989587216999313e-06
9750.056 2.980236349799907e-06
9800.056 3.104330331899943e-06
9850.056 2.9825023278999995e-06
9900.056 1.8432221525398466e-06
9950.056 1.0398307676800316e-06
10000.056 1.0137351708599811e-06
10050.056 1.1776829600899822e-06
10100.056 1.502685808560123e-06
10150.056 1.4390607884799475e-06
10200.056 1.5840839181799927e-06
10250.056 1.6390794428799292e-06
10300.056 1.4396570434899468e-06
10350.056 1.7816871268301415e-06
10400.056 2.109161019349877e-06
10450.056 2.188243461580117e-06
10500.056 2.254606512389879e-06
10550.056 2.5294924995801266e-06
10600.056 2.7773542197700444e-06
10650.056 2.749180324570225e-06
10700.056 2.7961004184600687e-06
10750.056 3.0763547315201313e-06
10800.056 3.351041766459907e-06
10850.056 3.7497653215698354e-06
10900.056 3.9262105326999e-06
10950.056 4.087543592099931e-06
11000.056 3.9321085590999374e-06
11050.056 3.374826633500128e-06
11100.056 3.635398501720138e-06
11150.056 3.963406022909961e-06
11200.056 3.969506509520296e-06
11250.056 4.679549848870088e-06
11300.056 4.503037078799955e-06
11350.056 4.181680472759738e-06
11400.056 2.76360568950003e-06
11450.056 4.5528325985999235e-06
11500.056 5.505632863499825e-06
11550.056 5.320351746399951e-06
11600.056 5.6477540693996315e-06
11650.056 5.248625147200147e-06
11700.056 3.4575816249e-06
11750.056 3.803214977749647e-06
11800.056 3.923814458960282e-06
11850.056 5.753845057700234e-06
11900.056 6.429884473099688e-06
11950.056 5.427372927600019e-06
12000.056 4.495305872700075e-06
12050.056 5.485961069499973e-06
12100.056 5.3254629445998225e-06
12150.056 6.1929525512998134e-06
12200.056 5.924252405199604e-06
12250.056 6.456473929599983e-06
12300.056 6.550077050000197e-06
12350.056 6.254577930199939e-06
12400.056 5.1500493340999374e-06
12450.056 4.417231666900024e-06
12500.056 4.661016207999715e-06
12550.056 4.804158219600267e-06
12600.056 6.130196804700023e-06
12650.056 6.257421163599819e-06
12700.056 6.909202299500293e-06
12750.056 6.7640637996997846e-06
12800.056 7.091514091400147e-06
12850.056 6.850797284099934e-06
12900.056 6.436528330599851e-06
12950.056 6.586670771700009e-06
13000.056 6.955984642299832e-06
13050.056 7.3118387384999414e-06
13100.056 7.404834606300031e-06
13150.056 7.554805229199936e-06
13200.056 7.3108719899001086e-06
13250.056 6.8969467584000295e-06
13300.056 6.302213068219589e-06
13350.056 4.059642425700161e-06
13400.056 3.6501663426493214e-06
13450.056 3.344868322035915e-06
13500.056 3.08003214044277e-06
13550.056 2.982268545657576e-06
13600.056 3.0160496627742304e-06
13650.056 3.68080188760692e-06
13700.056 3.485027642534393e-06
13750.056 3.762351013239638e-06
13800.056 4.1709838857741e-06
13850.056 3.864409132490857e-06
13900.056 3.6331283971230705e-06
13950.056 3.4314111980541263e-06
14000.056 3.2548751910000435e-06
14050.056 3.5137323385662014e-06
14100.056 3.0137865446521613e-06
14150.056 3.233854104062129e-06
14200.056 2.9606348580542064e-06
14250.056 2.867377644274586e-06
14300.056 3.0608082787387713e-06
14350.056 3.138666428126061e-06
14400.056 3.2109480356099407e-06
14450.056 3.3536177058841437e-06
14500.056 3.6891086176299026e-06
14550.056 3.683869387929864e-06
14600.056 4.133813710210438e-06
14650.056 4.0089654373891565e-06
14700.056 3.7271142682998873e-06
14750.056 4.003800307190386e-06
14800.056 4.109056371520342e-06
14850.056 4.406564220249614e-06
14900.056 4.3300596498898216e-06
14950.056 4.389086536000361e-06
15000.056 4.557423470000042e-06
15050.056 4.987569778499674e-06
15100.056 4.904114189800085e-06
15150.056 4.9611253547001465e-06
15200.056 5.249640337299816e-06
15250.056 5.366942776600043e-06
15300.056 5.541868084199992e-06
15350.056 5.7743340493999496e-06
15400.056 5.885188524999988e-06
15450.056 6.060632268000147e-06
15500.056 6.14322281960006e-06
15550.056 6.3484687013997345e-06
15600.056 6.378960810900201e-06
15650.056 6.522181969100096e-06
15700.056 6.7721008106003305e-06
15750.056 6.920429913799829e-06
15800.056 6.904034704500131e-06
15850.056 5.644396293000141e-06
15900.056 5.8282182338999885e-06
15950.056 5.756175437999854e-06
16000.056 5.906189058400065e-06
16050.056 5.9605499478001446e-06
16100.056 6.096853110000062e-06
16150.056 5.638585758699998e-06
16200.056 5.9734838185999975e-06
16250.056 5.6015278276000296e-06
16300.056 5.67642443660004e-06
16350.056 5.985057852099941e-06
16400.056 5.838034241400049e-06
16450.056 6.037451991800233e-06
16500.056 6.116920209300026e-06
16550.056 6.345644534199909e-06
16600.056 5.958224901600074e-06
16650.056 6.332191958599975e-06
16700.056 6.041769979199859e-06
16750.056 5.969348902099917e-06
16800.056 6.149580294399894e-06
16850.056 6.241033376099828e-06
16900.056 6.057528745800117e-06
16950.056 6.030561743299924e-06
17000.056 6.1440001588002055e-06
17050.056 6.111174453000056e-06
17100.056 5.966642755500231e-06
17150.056 5.929593193800171e-06
17200.056 5.621695040799965e-06
17250.056 5.317092771100001e-06
17300.056 5.283313407099806e-06
17350.056 5.2559061902002205e-06
17400.056 4.990822262439831e-06
17450.056 4.855975665519083e-06
17500.056 4.678683924040299e-06
17550.056 4.476175092970472e-06
17600.056 4.379029645080062e-06
17650.056 4.34113587984034e-06
17700.056 3.8002615334796493e-06
17750.056 3.742219925209788e-06
17800.056 3.6547377628007078e-06
17850.056 3.2920838430698393e-06
17900.056 3.483218276150206e-06
17950.056 3.3328918684399303e-06
18000.056 3.1238666544600954e-06
18050.056 3.1218120754700946e-06
18100.056 3.075648233089691e-06
18150.056 3.317531055373535e-06
18200.056 2.7917495277101267e-06
18250.056 3.406612466575757e-06
18300.056 3.1654170506819513e-06
18350.056 3.1316550443341617e-06
18400.056 3.043036947400254e-06
18450.056 2.7862418174556487e-06
18500.056 2.8620851638600863e-06
18550.056 2.620046947979886e-06
18600.056 2.307360533903648e-06
18650.056 2.598661984546404e-06
18700.056 2.8015341729802416e-06
18750.056 2.7205276362244865e-06
18800.056 2.9677073291504155e-06
18850.056 3.295358191169903e-06
18900.056 3.141172868069336e-06
18950.056 3.428675955489883e-06
19000.056 3.453374534589603e-06
19050.056 3.2986417393799006e-06
19100.056 3.5781934349001974e-06
19150.056 3.5178655009859968e-06
19200.056 3.521747172358301e-06
19250.056 3.3344876725099187e-06
19300.056 3.4768133056896197e-06
19350.056 3.3785582340096825e-06
19400.056 2.8340664797297817e-06
19450.056 3.3465029228099273e-06
19500.056 3.3470511583700185e-06
19550.056 2.857869347100311e-06
19600.056 3.1162945322398397e-06
19650.056 3.227052309119254e-06
19700.056 3.16135422481014e-06
19750.056 2.9234866620501314e-06
19800.056 3.147391167359734e-06
19850.056 3.307658347679866e-06
19900.056 2.886984119240309e-06
19950.056 3.3279139788598473e-06
20000.056 3.0389264423603446e-06
20050.056 3.374393534500196e-06
20100.056 3.209640257179083e-06
20150.056 3.385288551690382e-06
20200.056 3.476220811159895e-06
20250.056 3.546223922399811e-06
20300.056 3.5424857054602647e-06
20350.056 3.7250441646897614e-06
20400.056 3.746171661539347e-06
20450.056 3.7972206903995045e-06
20500.056 3.918062882619715e-06
20550.056 3.935565536200024e-06
20600.056 4.128151465800018e-06
20650.056 4.048515689400009e-06
20700.056 4.208461838900129e-06
20750.056 4.2026227756999265e-06
20800.056 4.341830816999875e-06
20850.056 4.268260932199951e-06
20900.056 4.442808127899929e-06
20950.056 4.446562525199941e-06
21000.056 4.494957660900009e-06
21050.056 4.547873423299993e-06
21100.056 4.5351444993999806e-06
21150.056 4.628219662399962e-06
21200.056 4.6255959205000635e-06
21250.056 4.696845206499903e-06
21300.056 4.605254181200077e-06
21350.056 4.722495857300007e-06
21400.056 4.640490065200057e-06
21450.056 4.778119308599995e-06
21500.056 4.6702709292000386e-06
21550.056 4.703099132399956e-06
21600.056 4.719670693400059e-06
21650.056 4.684656816399996e-06
21700.056 4.726146673700002e-06
21750.056 4.656004953000015e-06
21800.056 4.64628222009991e-06
21850.056 4.61928523789992e-06
21900.056 4.641513839900089e-06
21950.056 4.565481112300004e-06
22000.056 4.5578882442999515e-06
22050.056 4.478205925199914e-06
22100.056 4.497830606400007e-06
22150.056 4.501248243000048e-06
22200.056 4.413834693900156e-06
22250.056 4.495490682000099e-06
22300.056 4.453583496200008e-06
22350.056 4.37665747390005e-06
22400.056 4.399491447399965e-06
22450.056 4.336759766099939e-06
22500.056 4.343762042800016e-06
22550.056 4.316277101599893e-06
22600.056 4.322523959800006e-06
22650.056 4.233658480400158e-06
22700.056 4.1993418304001656e-06
22750.056 4.269026801999953e-06
22800.056 4.158857732299987e-06
22850.056 4.182966005100055e-06
22900.056 4.171779396399948e-06
22950.056 3.473757690060222e-06
23000.056 3.5521596074000848e-06
23050.056 3.6562895111396484e-06
23100.056 3.5638089421999346e-06
23150.056 3.6960092520900243e-06
23200.056 3.6048062027401374e-06
23250.056 3.3317375269497088e-06
23300.056 3.3846910353000358e-06
23350.056 3.4698121772199857e-06
23400.056 3.4617762981600526e-06
23450.056 3.47363401610023e-06
23500.056 3.5725784564998546e-06
23550.056 3.398298200970297e-06
23600.056 3.346659692180317e-06
23650.056 3.477483576279715e-06
23700.056 3.39620702458976e-06
23750.056 3.4492224424702463e-06
23800.056 3.4126826311099836e-06
23850.056 3.1687317439601147e-06
23900.056 3.3012605993002126e-06
23950.056 3.431539953800244e-06
24000.056 3.324683601619522e-06
24050.056 3.276508711390275e-06
24100.056 3.1253137961398824e-06
24150.056 3.0675847886802542e-06
24200.056 3.047917826479627e-06
24250.056 2.9839371672501315e-06
24300.056 2.9740358675501877e-06
24350.056 2.7213850672800537e-06
24400.056 2.9768473129799736e-06
24450.056 2.706647950319966e-06
24500.056 2.6164159689801395e-06
24550.056 2.51998660637031e-06
24600.056 2.565191797950084e-06
24650.056 2.7676903575401384e-06
24700.056 2.329506280139963e-06
24750.056 2.204570186910137e-06
24800.056 2.2516977685799824e-06
24850.056 2.562748729480291e-06
24900.056 1.918417309450461e-06
24950.056 2.424909089660012e-06
25000.056 2.2277001887702974e-06
25050.056 1.773527385670327e-06
25100.056 2.1675974007498627e-06
25150.056 1.9010501745898579e-06
25200.056 2.0137907822301646e-06
25250.056 1.841525499559731e-06
25300.056 2.041788212120123e-06
25350.056 1.714698867749988e-06
25400.056 1.9685555099803762e-06
25450.056 1.725533790899955e-06
25500.056 1.8538971298802854e-06
25550.056 1.787630122900028e-06
25600.056 1.8415136139698263e-06
25650.056 1.6311056540998738e-06
25700.056 2.151491528169565e-06
25750.056 1.5458601248701826e-06
25800.056 2.064561969500225e-06
25850.056 1.813261382339855e-06
25900.056 2.028619291090338e-06
25950.056 1.7224970885801952e-06
26000.056 2.098173448370412e-06
26050.056 2.0733799882099834e-06
26100.056 2.2293268725901732e-06
26150.056 2.1596012980097844e-06
26200.056 2.068776345020048e-06
26250.056 2.244765305969972e-06
26300.056 2.156073520529975e-06
26350.056 2.35481922617999e-06
26400.056 2.348638076649876e-06
26450.056 2.2989326459299395e-06
26500.056 2.4479443434095984e-06
26550.056 2.2931576082898766e-06
26600.056 2.700603897329813e-06
26650.056 2.1053236121498068e-06
26700.056 2.150641958390084e-06
26750.056 1.7645105614493803e-06
26800.056 2.0254506909098015e-06
26850.056 1.562691156540181e-06
26900.056 2.1068225630598366e-06
26950.056 1.461841977209849e-06
27000.056 1.9982784571800975e-06
27050.056 1.6923894753198584e-06
27100.056 1.7186628578596808e-06
27150.056 1.81916567668007e-06
27200.056 1.8106262254601013e-06
27250.056 1.6669895039303336e-06
27300.056 2.073154869710203e-06
27350.056 1.9020556965896376e-06
27400.056 1.5560589204098721e-06
27450.056 2.2087441741996936e-06
27500.056 2.0020613008600447e-06
27550.056 1.766998058479827e-06
27600.056 2.2129016992999097e-06
27650.056 1.7123126463699844e-06
27700.056 1.613567361009993e-06
27750.056 2.2284780002196383e-06
27800.056 1.6629627380199357e-06
27850.056 1.7491315932497793e-06
27900.056 1.8465071408598878e-06
27950.056 2.204390499439911e-06
28000.056 1.9504746225602507e-06
28050.056 1.4816156567403406e-06
28100.056 2.2764408703203815e-06
28150.056 1.7825603926100158e-06
28200.056 1.5054784257199786e-06
28250.056 2.027796590149896e-06
28300.056 2.2929852969003523e-06
28350.056 1.6128590174697064e-06
28400.056 1.9332782382001253e-06
28450.056 2.0589851667398484e-06
28500.056 1.971339468919764e-06
28550.056 1.354072753059743e-06
28600.056 2.3110664958501055e-06
28650.056 2.0187679647600337e-06
28700.056 1.7777547327098831e-06
28750.056 2.0832252256799766e-06
28800.056 2.027548157380285e-06
28850.056 2.0736788484001207e-06
