galfind/configs/Brown_Dwarf_templates/sonora_bobcat/m-0.5/1780g/sp_t500g1780nc_m-0.5_resample.dat
# %ECSV 1.0
# ---
# datatype:
# - {name: wav, unit: Angstrom, datatype: float64}
# - {name: flux_nu, unit: erg / (cm2 Hz s), datatype: float64}
# meta: {C/O: '1.00', Kzz: '1.0000E+05', Teff: '500.', Y: '0.28', '[Fe/H]': '-0.50', f_hole: '1.00', f_rain: '0.00', grav: '1780.'}
# schema: astropy-2.0
wav flux_nu
4000.0559999999996 nan
4050.0559999999996 1.2901881797980466e-17
4100.056 2.8957773838620693e-15
4150.056 4.4096373859000553e-14
4200.056 6.531919009120059e-14
4250.056 6.225034995600059e-13
4300.056 1.602117219700014e-12
4350.056 3.046811840400011e-12
4400.056 5.203902859800023e-12
4450.056 8.28039431130004e-12
4500.056 1.187287457960007e-11
4550.056 1.4245872166799983e-11
4600.056 8.562596426999982e-12
4650.056 6.010160516599988e-12
4700.056 2.917405651399971e-12
4750.056 6.239361387999893e-13
4800.056 1.0975251047299854e-13
4850.056 3.160499736799969e-14
4900.056 1.489625235999991e-14
4950.056 8.36461580129995e-15
5000.056 4.409793986999972e-15
5050.056 2.7953450119999956e-15
5100.056 2.7208257752000015e-15
5150.056 2.773556900600001e-15
5200.056 2.9134433392000016e-15
5250.056 3.1078970218000023e-15
5300.056 3.335262695100003e-15
5350.056 3.626239214200004e-15
5400.056 4.003189975300005e-15
5450.056 4.397438434700005e-15
5500.056 4.801475192900006e-15
5550.056 5.188888540800006e-15
5600.056 5.558468927500004e-15
5650.056 5.8821386425000036e-15
5700.056 6.0914883693000005e-15
5750.056 5.9574289169999956e-15
5800.056 5.334282825299985e-15
5850.056 3.69202890689996e-15
5900.056 1.2347315983520364e-15
5950.056 7.611097663500101e-15
6000.056 1.6121431932000133e-14
6050.056 2.7997286523000196e-14
6100.056 4.453605059000027e-14
6150.056 6.731070349100037e-14
6200.056 9.872007310500049e-14
6250.056 1.4179973296000074e-13
6300.056 2.01095737510001e-13
6350.056 2.830382403800014e-13
6400.056 3.9627694103000205e-13
6450.056 5.374520884600017e-13
6500.056 7.413815073800045e-13
6550.056 1.027365690160003e-12
6600.056 1.420223541400009e-12
6650.056 1.9680393940000105e-12
6700.056 2.554020227300011e-12
6750.056 3.5326591171000155e-12
6800.056 4.339905457200011e-12
6850.056 4.557087788699997e-12
6900.056 3.897882069099983e-12
6950.056 3.178094476599999e-12
7000.056 3.1223877198999908e-12
7050.056 3.2464138311000013e-12
7100.056 3.5521174209000003e-12
7150.056 3.3951786534999705e-12
7200.056 3.231108547600025e-12
7250.056 3.3795382486999368e-12
7300.056 3.3734589649000385e-12
7350.056 3.646105941000003e-12
7400.056 3.923980129400008e-12
7450.056 4.236259538400015e-12
7500.056 4.438046092300001e-12
7550.056 4.4871487746999984e-12
7600.056 4.348396599399992e-12
7650.056 2.018018146359945e-12
7700.056 1.820493327830048e-12
7750.056 4.67529634450005e-12
7800.056 6.414861635700051e-12
7850.056 9.397057560000031e-12
7900.056 1.1943895625000054e-11
7950.056 1.3154297998300072e-11
8000.056 1.8646385082000096e-11
8050.056 2.3111651109000108e-11
8100.056 2.5034201853999923e-11
8150.056 2.6745883980000398e-11
8200.056 3.869371595200045e-11
8250.056 4.554224460400048e-11
8300.056 5.664928255200071e-11
8350.056 7.00663978510005e-11
8400.056 8.856630079300092e-11
8450.056 1.1431724319300095e-10
8500.056 1.3675022948999986e-10
8550.056 1.731440284800029e-10
8600.056 2.2093609776000187e-10
8650.056 2.706304318500022e-10
8700.056 3.263155082900027e-10
8750.056 3.955167417600032e-10
8800.056 4.719954974500032e-10
8850.056 5.375719742500005e-10
8900.056 4.695872591799951e-10
8950.056 4.407745965200044e-10
9000.056 5.450222306000026e-10
9050.056 9.420551959500117e-10
9100.056 1.0993526071200298e-09
9150.056 1.2775642431000012e-09
9200.056 1.5949411331600332e-09
9250.056 1.5882557953899501e-09
9300.056 2.6841372334952575e-10
9350.056 4.383451681192093e-10
9400.056 1.4197274840054178e-09
9450.056 9.873726408188375e-10
9500.056 9.941951709006433e-10
9550.056 1.122460108085115e-09
9600.056 1.3496171134039755e-09
9650.056 1.9667291636901245e-09
9700.056 3.3987445425699386e-09
9750.056 3.892186213910191e-09
9800.056 4.8008968014999775e-09
9850.056 5.975185668499986e-09
9900.056 7.583835761300134e-09
9950.056 8.635747254400078e-09
10000.056 6.0845898907492334e-09
10050.056 6.02247969569989e-09
10100.056 5.526122636099994e-09
10150.056 4.941512988499962e-09
10200.056 4.293019937000034e-09
10250.056 4.488912707600019e-09
10300.056 4.763262874299924e-09
10350.056 3.982103880900033e-09
10400.056 4.231564869799994e-09
10450.056 4.2700358764999454e-09
10500.056 4.20036616919999e-09
10550.056 4.146007573199992e-09
10600.056 3.959103060399992e-09
10650.056 3.694525108599985e-09
10700.056 3.3701869757999848e-09
10750.056 3.1295749482999837e-09
10800.056 2.9120246749999986e-09
10850.056 2.7134737437999907e-09
10900.056 2.4718086746999782e-09
10950.056 2.0011918987999884e-09
11000.056 1.5120197660999492e-09
11050.056 9.57054043279991e-10
11100.056 4.929411617034792e-10
11150.056 2.424680087992151e-10
11200.056 2.250733231749312e-10
11250.056 3.5732056985005347e-10
11300.056 4.748776696632053e-10
11350.056 2.1319068812720432e-10
11400.056 7.279958998627312e-10
11450.056 4.52922744117202e-10
11500.056 4.680321029650137e-10
11550.056 2.499071787624266e-10
11600.056 2.108313759137891e-10
11650.056 4.478793878400311e-10
11700.056 5.634653986799591e-10
11750.056 3.6443752995702046e-10
11800.056 9.152428248999961e-10
11850.056 1.1165815462100013e-09
11900.056 1.2434708626900002e-09
11950.056 1.3951980551000074e-09
12000.056 1.5768684752100152e-09
12050.056 1.81724727550002e-09
12100.056 1.979256225800009e-09
12150.056 2.2832255156999997e-09
12200.056 2.5019049759000074e-09
12250.056 2.8849210982999978e-09
12300.056 3.441622483700044e-09
12350.056 3.842538113600027e-09
12400.056 4.494691130300021e-09
12450.056 5.267881697100041e-09
12500.056 5.930315196200016e-09
12550.056 6.510701868800056e-09
12600.056 7.59959541690007e-09
12650.056 8.722140435700057e-09
12700.056 9.478364244000007e-09
12750.056 9.299467831900013e-09
12800.056 8.772699990199965e-09
12850.056 7.814971755099948e-09
12900.056 7.328571672999953e-09
12950.056 7.069929741200071e-09
13000.056 7.4352745658001455e-09
13050.056 6.558517270499982e-09
13100.056 7.065449443599717e-09
13150.056 5.765449098900248e-09
13200.056 5.964335354899832e-09
13250.056 5.09841457966992e-09
13300.056 2.6279065634857075e-09
13350.056 1.1498882818126942e-09
13400.056 1.777743058782264e-10
13450.056 4.573247140108456e-11
13500.056 1.497082531469931e-11
13550.056 4.3641212120711445e-12
13600.056 1.895882604118639e-12
13650.056 1.1531670014582208e-11
13700.056 7.04624031265176e-12
13750.056 3.116826622192032e-11
13800.056 3.5849547391253626e-11
13850.056 8.647207029000158e-12
13900.056 1.4319358311155044e-11
13950.056 1.432883108392424e-11
14000.056 2.683888017967874e-11
14050.056 3.0910932923885246e-11
14100.056 2.4563733578704303e-11
14150.056 5.1580418912536327e-11
14200.056 3.597633310515618e-11
14250.056 4.7983033494801967e-11
14300.056 1.5538532980089062e-10
14350.056 1.42453100245854e-10
14400.056 1.3838495166363575e-10
14450.056 2.803835624586932e-10
14500.056 5.674775651383821e-10
14550.056 6.679546008668859e-10
14600.056 1.2214514960643789e-09
14650.056 6.885902626670776e-10
14700.056 3.4701065833438066e-10
14750.056 3.192936652105164e-10
14800.056 3.161990749389701e-10
14850.056 3.5804266810115804e-10
14900.056 3.5907983880798556e-10
14950.056 3.9543650482911035e-10
15000.056 7.692199147204365e-10
15050.056 9.07006258399994e-10
15100.056 5.706138226626506e-10
15150.056 3.631116117305182e-10
15200.056 7.450225393629384e-10
15250.056 1.1460277729771146e-09
15300.056 1.4328477868099603e-09
15350.056 1.6545002015900644e-09
15400.056 2.0391539358101057e-09
15450.056 2.3738339469501093e-09
15500.056 2.980772005799908e-09
15550.056 3.7117138551001493e-09
15600.056 4.761830993399922e-09
15650.056 6.036854825200197e-09
15700.056 7.271010068200035e-09
15750.056 7.880276954800038e-09
15800.056 8.498614818599997e-09
15850.056 8.990140955000078e-09
15900.056 9.083803284099985e-09
15950.056 9.103741586599985e-09
16000.056 8.522986568299948e-09
16050.056 7.3838560149999035e-09
16100.056 5.921941504299965e-09
16150.056 4.310857093999785e-09
16200.056 2.6851962937100453e-09
16250.056 1.95572549536002e-09
16300.056 1.4435299852888669e-09
16350.056 1.4472419300279374e-09
16400.056 1.5416294720754546e-09
16450.056 1.6521046365517588e-09
16500.056 1.6709170852552001e-09
16550.056 1.739091587997822e-09
16600.056 2.3832751589680554e-09
16650.056 1.2808519081550895e-09
16700.056 6.041203392140477e-10
16750.056 1.3763747658012277e-09
16800.056 1.5943291166889137e-09
16850.056 1.4739325967940197e-09
16900.056 1.1477211257807613e-09
16950.056 9.139372657369755e-10
17000.056 7.04054047009068e-10
17050.056 9.541406546400438e-10
17100.056 1.1721978532260016e-09
17150.056 9.825278168920479e-10
17200.056 1.5434115717899855e-09
17250.056 1.0490352245298703e-09
17300.056 9.208632435699914e-10
17350.056 9.549782234099672e-10
17400.056 1.091378494540016e-09
17450.056 1.1416531757999826e-09
17500.056 1.2556179463700747e-09
17550.056 1.0336301090299377e-09
17600.056 9.644858557600366e-10
17650.056 7.9123287047e-10
17700.056 6.777532436189895e-10
17750.056 5.188675842630191e-10
17800.056 6.10768583641036e-10
17850.056 3.7634407054953165e-10
17900.056 3.382870113991982e-10
17950.056 2.0868533691980016e-10
18000.056 2.777771426898339e-10
18050.056 1.4050278786279608e-10
18100.056 1.57111071484643e-10
18150.056 1.2723736069246752e-10
18200.056 8.687197765623886e-11
18250.056 2.3272532481792084e-10
18300.056 6.657323573295396e-11
18350.056 6.1096764003775e-11
18400.056 4.1080663997939394e-11
18450.056 1.540499712563989e-10
18500.056 1.3221521936914615e-10
18550.056 7.077633455275493e-11
18600.056 9.914715372265898e-11
18650.056 7.011403175400673e-11
18700.056 1.769607629653477e-11
18750.056 4.211381469879346e-11
18800.056 2.1316106624904831e-10
18850.056 1.9107954656520678e-10
18900.056 1.7693445558478877e-10
18950.056 2.4713852984757843e-10
19000.056 8.289988556836654e-11
19050.056 4.574295175823097e-11
19100.056 1.117174846573683e-10
19150.056 5.555460177353284e-11
19200.056 9.204004519589787e-11
19250.056 7.062642011078647e-11
19300.056 5.014536150968325e-11
19350.056 5.415498878319086e-11
19400.056 3.7025193709233095e-11
19450.056 5.196059806515991e-11
19500.056 6.114247674464464e-11
19550.056 6.396899655614526e-11
19600.056 1.0074127902959994e-10
19650.056 1.0245213089670973e-10
19700.056 1.2334967123950393e-10
19750.056 1.5036507857835678e-10
19800.056 1.1065071951600666e-10
19850.056 1.4742198546221756e-10
19900.056 1.798383920611814e-10
19950.056 1.7995274945585454e-10
20000.056 1.975031274729603e-10
20050.056 1.8798939584557347e-10
20100.056 2.36413801448888e-10
20150.056 1.8197216114233275e-10
20200.056 1.620970901779269e-10
20250.056 2.1988203331531515e-10
20300.056 2.273930542240021e-10
20350.056 2.3191404085098504e-10
20400.056 2.4331374707000185e-10
20450.056 2.8797734409001844e-10
20500.056 2.950659519399986e-10
20550.056 2.9859251025999787e-10
20600.056 3.010169431400062e-10
20650.056 3.045328685399949e-10
20700.056 3.0314330409999853e-10
20750.056 2.97601183509999e-10
20800.056 2.8832913449999543e-10
20850.056 2.8709496751e-10
20900.056 2.808910811999995e-10
20950.056 2.733001635499999e-10
21000.056 2.670599018799996e-10
21050.056 2.6576474308999945e-10
21100.056 2.6271234051999985e-10
21150.056 2.6281606675999976e-10
21200.056 2.630666169100009e-10
21250.056 2.6416957326999765e-10
21300.056 2.633063685800014e-10
21350.056 2.628372216299976e-10
21400.056 2.7254093161000773e-10
21450.056 2.6246318637000467e-10
21500.056 2.5836321460600113e-10
21550.056 2.579393649319971e-10
21600.056 2.4985655569300045e-10
21650.056 2.406085212119977e-10
21700.056 2.487843775719891e-10
21750.056 2.319907888394124e-10
21800.056 2.036927293373011e-10
21850.056 1.9205297873550297e-10
21900.056 1.6735209292800914e-10
21950.056 1.206823794035884e-10
22000.056 3.5786794772211634e-11
22050.056 5.349299362368215e-11
22100.056 1.0297957854145694e-10
22150.056 8.122128028692213e-11
22200.056 8.262236291733544e-11
22250.056 7.537977291698541e-11
22300.056 4.8258853548286885e-11
22350.056 6.163256312763624e-11
22400.056 3.6409798490509444e-11
22450.056 4.320797304736161e-11
22500.056 3.727288828799375e-11
22550.056 2.5900235030451703e-11
22600.056 2.2913784640600172e-11
22650.056 2.780777594402351e-11
22700.056 2.920899055107398e-11
22750.056 3.504419999612871e-11
22800.056 4.42756185646718e-11
22850.056 3.100346658803164e-11
22900.056 2.9055912426068426e-11
22950.056 2.406094461454771e-11
23000.056 2.6086148149816972e-11
23050.056 2.943620643776731e-11
23100.056 8.828662863898898e-11
23150.056 6.591694307450668e-11
23200.056 1.1060713556882708e-11
23250.056 3.693538469010571e-11
23300.056 2.961437233339013e-11
23350.056 3.2833557816100014e-11
23400.056 2.3049298639785704e-11
23450.056 1.9564939430828776e-11
23500.056 1.9265261876746657e-11
23550.056 3.5692526080771537e-11
23600.056 5.62906798685319e-11
23650.056 6.93220236069066e-11
23700.056 1.6637610319955972e-11
23750.056 2.4188302415376168e-11
23800.056 7.506890770372949e-11
23850.056 4.770131713172474e-11
23900.056 7.979360209085691e-11
23950.056 5.106052788823194e-11
24000.056 9.322633549066885e-11
24050.056 9.09646909509664e-11
24100.056 1.0427404608694931e-10
24150.056 1.3422465661870313e-10
24200.056 1.2267318656931144e-10
24250.056 1.1780926469600349e-10
24300.056 1.772579000675145e-10
24350.056 1.4945939969667585e-10
24400.056 2.3734770016400774e-10
24450.056 2.4188589355676e-10
24500.056 2.2852461165484902e-10
24550.056 3.2658617628401057e-10
24600.056 3.6020850929998897e-10
24650.056 4.094268867594192e-10
24700.056 3.600521542343076e-10
24750.056 4.1179188041151417e-10
24800.056 3.9998925015360315e-10
24850.056 5.019563136146038e-10
24900.056 2.8483769950593506e-10
24950.056 4.5188484592689286e-10
25000.056 4.904638125149938e-10
25050.056 2.700140720460191e-10
25100.056 4.4449558057478886e-10
25150.056 2.3820104010711823e-10
25200.056 3.508377919957971e-10
25250.056 1.4360885784334213e-10
25300.056 2.0765019835875397e-10
25350.056 8.793196019095185e-11
25400.056 2.3171295792525935e-10
25450.056 7.961760491629092e-11
25500.056 6.890067046581598e-11
25550.056 2.0130710866633734e-10
25600.056 1.1258079851611505e-10
25650.056 4.014377960594883e-11
25700.056 4.638288873089869e-11
25750.056 1.216651981998794e-11
25800.056 7.477857042506237e-11
25850.056 1.466653104735168e-11
25900.056 2.661384896210547e-11
25950.056 4.373126948753747e-12
26000.056 7.484065263334435e-11
26050.056 7.311606489206914e-12
26100.056 5.1250103550001565e-11
26150.056 1.873890435705839e-11
26200.056 2.6250819904469158e-11
26250.056 1.9339301266922073e-10
26300.056 3.2250656838547414e-11
26350.056 3.783292959066e-10
26400.056 4.598201159828888e-10
26450.056 2.452118565546633e-10
26500.056 5.903767406173501e-10
26550.056 7.208125409288839e-11
26600.056 7.061468165023197e-11
26650.056 9.830336111461723e-12
26700.056 5.765862903465657e-12
26750.056 7.82377682831011e-12
26800.056 3.06311766670778e-11
26850.056 1.5486359875849233e-11
26900.056 8.58757923699369e-11
26950.056 3.024967317970269e-11
27000.056 1.6845338790202802e-10
27050.056 2.2548358371910123e-10
27100.056 1.9770584725885966e-11
27150.056 2.7117897927663536e-10
27200.056 1.7446506908874486e-11
27250.056 6.891254260930206e-11
27300.056 6.824441247240287e-10
27350.056 1.7475239567359241e-10
27400.056 8.568547652716302e-12
27450.056 2.356578051837502e-10
27500.056 3.45127133624921e-10
27550.056 3.7811287978430364e-11
27600.056 1.3490097605701328e-10
27650.056 2.8384645199029526e-11
27700.056 2.7580793954893194e-11
27750.056 2.086908164007996e-10
27800.056 6.534995571565528e-11
27850.056 1.129929311270008e-10
27900.056 1.5444746735514117e-10
27950.056 3.5219316237176713e-10
28000.056 2.8079733986639745e-10
28050.056 3.466912821360637e-11
28100.056 4.1964303126694107e-10
28150.056 2.55229608270091e-10
28200.056 6.457871850721457e-11
28250.056 5.715989031185902e-10
28300.056 5.890833995821731e-10
28350.056 8.068842729175649e-11
28400.056 3.829117892909391e-10
28450.056 7.275631707026697e-10
28500.056 3.7436706361753576e-10
28550.056 8.160889250479472e-11
28600.056 6.62567135291739e-10
28650.056 3.6220515865261344e-10
28700.056 5.544759022254489e-10
28750.056 1.2685157905902001e-09
28800.056 5.10529356876278e-10
28850.056 1.0456071488674923e-09
