galfind/configs/Brown_Dwarf_templates/sonora_bobcat/m-0.5/1780g/sp_t325g1780nc_m-0.5_resample.dat
# %ECSV 1.0
# ---
# datatype:
# - {name: wav, unit: Angstrom, datatype: float64}
# - {name: flux_nu, unit: erg / (cm2 Hz s), datatype: float64}
# meta: {C/O: '1.00', Kzz: '1.0000E+05', Teff: '325.', Y: '0.28', '[Fe/H]': '-0.50', f_hole: '1.00', f_rain: '0.00', grav: '1780.'}
# schema: astropy-2.0
wav flux_nu
4000.0559999999996 nan
4050.0559999999996 7.541275157100111e-19
4100.056 1.7460727837700266e-17
4150.056 1.0452762524700093e-16
4200.056 2.4742786140000156e-16
4250.056 7.262697393400046e-16
4300.056 1.5305091304000072e-15
4350.056 2.7774966437000106e-15
4400.056 4.7705897513000184e-15
4450.056 7.75400969820003e-15
4500.056 1.2006591623600038e-14
4550.056 1.724231793300001e-14
4600.056 1.8180765908000033e-14
4650.056 2.0725378175000013e-14
4700.056 2.061598800699998e-14
4750.056 1.6493016237999954e-14
4800.056 1.2171706235999965e-14
4850.056 8.269053109699969e-15
4900.056 6.024646785699983e-15
4950.056 4.519462369599985e-15
5000.056 2.9759875828999853e-15
5050.056 2.0717354975999972e-15
5100.056 2.067467874300001e-15
5150.056 2.1367272166000012e-15
5200.056 2.2932827503000014e-15
5250.056 2.4594330319000015e-15
5300.056 2.630907089800002e-15
5350.056 2.8375819933000023e-15
5400.056 3.077273487300003e-15
5450.056 3.3586731542000036e-15
5500.056 3.668475077700003e-15
5550.056 3.980279375500004e-15
5600.056 4.286712987400004e-15
5650.056 4.576672697500004e-15
5700.056 4.760642858000002e-15
5750.056 4.748612783299999e-15
5800.056 4.4020933591999916e-15
5850.056 3.2122579427999674e-15
5900.056 1.0934656855900313e-15
5950.056 6.444004538200081e-15
6000.056 1.3014005657800106e-14
6050.056 2.2587504666000158e-14
6100.056 3.6022364797000225e-14
6150.056 5.4664374103000305e-14
6200.056 8.077855402600041e-14
6250.056 1.1585689102600059e-13
6300.056 1.6594945406000084e-13
6350.056 2.347749901600012e-13
6400.056 3.272469062700016e-13
6450.056 4.2707279578000115e-13
6500.056 5.802489528700036e-13
6550.056 8.015631963100026e-13
6600.056 1.103221091810007e-12
6650.056 1.5256425872000073e-12
6700.056 1.9823098218000087e-12
6750.056 2.6359325166000107e-12
6800.056 3.1208499143000043e-12
6850.056 3.0712669067999945e-12
6900.056 2.390596137799981e-12
6950.056 1.7663201833000032e-12
7000.056 1.7376954403999944e-12
7050.056 1.7515581508000022e-12
7100.056 1.9169520127000018e-12
7150.056 1.612098856169978e-12
7200.056 1.336717001190015e-12
7250.056 1.4593702196999765e-12
7300.056 1.4639129431000174e-12
7350.056 1.7626707912000046e-12
7400.056 2.077137625800004e-12
7450.056 2.4213747415000085e-12
7500.056 2.6644193175000023e-12
7550.056 2.7795941180000013e-12
7600.056 2.7679778061999974e-12
7650.056 1.6543772590099742e-12
7700.056 1.7153628626300264e-12
7750.056 3.2348829944000258e-12
7800.056 4.257359612800022e-12
7850.056 5.584729379900021e-12
7900.056 6.924903951800027e-12
7950.056 7.93207840910003e-12
8000.056 1.039044203170005e-11
8050.056 1.269058995000004e-11
8100.056 1.1922028998699927e-11
8150.056 9.86689466990019e-12
8200.056 1.698256488410009e-11
8250.056 1.9039144792900335e-11
8300.056 2.3207713856999964e-11
8350.056 2.8153579601000248e-11
8400.056 3.732886187000056e-11
8450.056 5.0492497836000463e-11
8500.056 6.274008549800047e-11
8550.056 7.806555298700075e-11
8600.056 9.714783383200075e-11
8650.056 1.1548541959000074e-10
8700.056 1.3098322282000072e-10
8750.056 1.4970971370000085e-10
8800.056 1.6366025645000031e-10
8850.056 1.5721219054999787e-10
8900.056 7.261595195799672e-11
8950.056 5.009393211900109e-11
9000.056 4.664573199550095e-11
9050.056 1.4687390143500064e-10
9100.056 1.561214785020059e-10
9150.056 1.7586699888799728e-10
9200.056 2.3739417189800827e-10
9250.056 1.8247525235898778e-10
9300.056 3.1240611770794987e-12
9350.056 3.189781065699888e-12
9400.056 5.2082896159941285e-11
9450.056 1.2454950619204295e-11
9500.056 1.414665589728437e-11
9550.056 1.5831429428911536e-11
9600.056 2.4616841656899247e-11
9650.056 5.856611098220689e-11
9700.056 1.8897461851699823e-10
9750.056 2.3057074499901206e-10
9800.056 3.1614366505999877e-10
9850.056 4.369757992300033e-10
9900.056 6.118209782000124e-10
9950.056 7.00525636030007e-10
10000.056 4.319199320765816e-10
10050.056 1.4150051235999002e-10
10100.056 8.89769169669991e-11
10150.056 6.092279616699848e-11
10200.056 3.662853093499976e-11
10250.056 3.186058393300001e-11
10300.056 3.2394367630999245e-11
10350.056 2.0521575682000106e-11
10400.056 2.2283790642999934e-11
10450.056 2.091349171999968e-11
10500.056 1.87886964289999e-11
10550.056 1.6866096739999874e-11
10600.056 1.4155240591999874e-11
10650.056 1.1269507667999866e-11
10700.056 8.597774127499882e-12
10750.056 6.729704435299912e-12
10800.056 5.4592049940999716e-12
10850.056 4.56957937339996e-12
10900.056 3.867009748899954e-12
10950.056 3.047169332199971e-12
11000.056 2.2475512164999505e-12
11050.056 1.376924073729969e-12
11100.056 5.926202104669645e-13
11150.056 1.9162962589796261e-13
11200.056 9.708413124097793e-14
11250.056 1.3937224377020801e-13
11300.056 2.76612415939624e-13
11350.056 1.2386740978832426e-13
11400.056 5.21669742891329e-13
11450.056 2.9952759280193324e-13
11500.056 3.062690809318625e-13
11550.056 1.8235098071359986e-13
11600.056 1.35830114251597e-13
11650.056 3.9483628975503237e-13
11700.056 6.416954679259447e-13
11750.056 4.707358045900451e-13
11800.056 1.2280102612700013e-12
11850.056 1.3568662471699983e-12
11900.056 1.5238411370200046e-12
11950.056 1.6908389182000045e-12
12000.056 1.8021552553000145e-12
12050.056 2.1333837455000196e-12
12100.056 2.4360828791000398e-12
12150.056 3.1160281971000205e-12
12200.056 3.829152262200021e-12
12250.056 5.049924262300075e-12
12300.056 6.653145543500101e-12
12350.056 7.991313059200103e-12
12400.056 1.0490689565600151e-11
12450.056 1.4372078227000253e-11
12500.056 1.8427995388e-11
12550.056 2.0402041352000332e-11
12600.056 2.8332327935000542e-11
12650.056 3.8734835492000654e-11
12700.056 4.803710524400028e-11
12750.056 5.1740308972000225e-11
12800.056 5.215604673499988e-11
12850.056 4.742801637199963e-11
12900.056 4.306577819499977e-11
12950.056 4.26627041440003e-11
13000.056 4.734460347100102e-11
13050.056 4.199030121699987e-11
13100.056 5.106332467199908e-11
13150.056 4.082050602200146e-11
13200.056 4.318378222799916e-11
13250.056 4.534454560759961e-11
13300.056 1.9670852596157535e-11
13350.056 1.2411264642949976e-11
13400.056 1.7779470621719656e-12
13450.056 1.6597071932811106e-13
13500.056 1.8842343647450494e-14
13550.056 1.734751022944593e-15
13600.056 3.397774517249718e-16
13650.056 2.6394646591939526e-15
13700.056 1.3010454636356688e-15
13750.056 1.6728188096779658e-14
13800.056 1.9830046291928445e-14
13850.056 2.87913140198124e-15
13900.056 1.2078219403510536e-14
13950.056 8.478966975497558e-15
14000.056 3.239949443515626e-14
14050.056 2.9639709935673425e-14
14100.056 2.859702978539391e-14
14150.056 1.1186950830527815e-13
14200.056 9.542217624987482e-14
14250.056 1.6404371052258607e-13
14300.056 5.401971688002297e-13
14350.056 7.050640796130927e-13
14400.056 6.826295521667861e-13
14450.056 1.7110279561985141e-12
14500.056 5.0176333696991405e-12
14550.056 1.019857577784776e-11
14600.056 1.895636277499999e-11
14650.056 6.819386487506057e-12
14700.056 2.6250061373812407e-12
14750.056 1.9892118696180463e-12
14800.056 1.2483594591925814e-12
14850.056 1.4950078239310202e-12
14900.056 1.1864565883099746e-12
14950.056 9.879471360680231e-13
15000.056 3.2201299564768374e-12
15050.056 5.457399756030204e-12
15100.056 2.1833305080842623e-12
15150.056 9.631914370281364e-13
15200.056 3.3316060699667634e-12
15250.056 6.4095570555010054e-12
15300.056 1.0331066593429431e-11
15350.056 1.2786131268700758e-11
15400.056 1.763603414020043e-11
15450.056 2.4400687177501676e-11
15500.056 3.958246064500071e-11
15550.056 6.164090554400293e-11
15600.056 9.522534312799997e-11
15650.056 1.3842845368000485e-10
15700.056 1.7802746004000135e-10
15750.056 1.9673059553000087e-10
15800.056 2.1087644343000022e-10
15850.056 2.2139420538000128e-10
15900.056 2.173313303699993e-10
15950.056 2.1733121912999932e-10
16000.056 1.993446048499982e-10
16050.056 1.707690763199973e-10
16100.056 1.3043368759299857e-10
16150.056 8.921182747799623e-11
16200.056 4.587360330899842e-11
16250.056 2.4758854142899753e-11
16300.056 1.2754713604448269e-11
16350.056 9.50761798521513e-12
16400.056 9.016565238824447e-12
16450.056 9.937289428932344e-12
16500.056 9.531598220818561e-12
16550.056 1.1618758129767102e-11
16600.056 2.406300805232297e-11
16650.056 9.507512441686358e-12
16700.056 5.487442770670489e-12
16750.056 1.3181982184070563e-11
16800.056 1.335210006136265e-11
16850.056 1.1453713790070025e-11
16900.056 7.776379189471327e-12
16950.056 6.094569311906854e-12
17000.056 4.11181400853029e-12
17050.056 5.387914324920372e-12
17100.056 7.931006996929834e-12
17150.056 6.813519607290768e-12
17200.056 1.2573672864059631e-11
17250.056 5.5792255697991775e-12
17300.056 5.2366007942699125e-12
17350.056 6.590884875699918e-12
17400.056 8.403849926060139e-12
17450.056 9.217844600700187e-12
17500.056 1.1435260257900102e-11
17550.056 9.891779340799631e-12
17600.056 9.74393123220027e-12
17650.056 7.1883796666998184e-12
17700.056 6.416719177599997e-12
17750.056 4.907267580199967e-12
17800.056 5.592647495490161e-12
17850.056 3.179179405137669e-12
17900.056 2.3141071241097486e-12
17950.056 1.3779439429810435e-12
18000.056 1.7258858858802987e-12
18050.056 7.113045053357781e-13
18100.056 6.388720202377083e-13
18150.056 3.703182973572963e-13
18200.056 2.1615334370823496e-13
18250.056 7.028210534485236e-13
18300.056 8.089050494769914e-14
18350.056 8.570392543868996e-14
18400.056 2.759989606865141e-14
18450.056 3.169329041876178e-13
18500.056 2.285211995228625e-13
18550.056 8.159712438044023e-14
18600.056 2.2130126887767372e-13
18650.056 1.7775283533260607e-13
18700.056 7.767842333217087e-15
18750.056 2.095842176647561e-14
18800.056 4.778867954706653e-13
18850.056 3.7082830918407746e-13
18900.056 4.551471248441607e-13
18950.056 5.34688896552855e-13
19000.056 7.252746336711301e-14
19050.056 3.771364554137242e-14
19100.056 1.745638147610646e-13
19150.056 7.906792428468003e-14
19200.056 1.864780328501506e-13
19250.056 1.631429544615707e-13
19300.056 9.220829744039873e-14
19350.056 1.2714352480012081e-13
19400.056 7.956750549883476e-14
19450.056 8.279219736951375e-14
19500.056 9.721573672080887e-14
19550.056 1.2727002822452604e-13
19600.056 2.0632422473060798e-13
19650.056 2.0316696955858826e-13
19700.056 2.8236474189773726e-13
19750.056 2.970508601585997e-13
19800.056 1.7797621473039372e-13
19850.056 2.638037708911863e-13
19900.056 3.6519129184578325e-13
19950.056 2.754828016150338e-13
20000.056 3.1135110286381344e-13
20050.056 2.966491884817049e-13
20100.056 3.546410705167357e-13
20150.056 2.667343180851283e-13
20200.056 2.3978664006903644e-13
20250.056 3.3906123213402154e-13
20300.056 3.5084606644599677e-13
20350.056 3.5575855755998466e-13
20400.056 3.686838263400019e-13
20450.056 3.8998423984001216e-13
20500.056 3.7162328667000126e-13
20550.056 3.5068492844999387e-13
20600.056 3.2779502762000294e-13
20650.056 3.0301829406999453e-13
20700.056 2.7802199263999703e-13
20750.056 2.508628821799978e-13
20800.056 2.2522440114999758e-13
20850.056 2.0516135394999841e-13
20900.056 1.861398379099987e-13
20950.056 1.705207035799988e-13
21000.056 1.592063795199992e-13
21050.056 1.5337983911999959e-13
21100.056 1.5127174259999998e-13
21150.056 1.552088634000007e-13
21200.056 1.63609310320001e-13
21250.056 1.769070963000007e-13
21300.056 1.9321366244000203e-13
21350.056 2.1202706091999938e-13
21400.056 2.401421427600046e-13
21450.056 2.5420420989000346e-13
21500.056 2.6581058336000046e-13
21550.056 2.8243177529199865e-13
21600.056 2.8410707944499776e-13
21650.056 2.947190857689925e-13
21700.056 3.1444301264798626e-13
21750.056 3.100125376415235e-13
21800.056 2.839738562314037e-13
21850.056 2.847972084042016e-13
21900.056 2.5385591532631e-13
21950.056 1.8264482957367828e-13
22000.056 3.577907954793448e-14
22050.056 6.168762918340474e-14
22100.056 1.075221318311324e-13
22150.056 7.451760883712329e-14
22200.056 7.60645828213298e-14
22250.056 6.296610559210082e-14
22300.056 3.484340562323827e-14
22350.056 5.459128574724544e-14
22400.056 3.483236515738059e-14
22450.056 4.168420606427999e-14
22500.056 3.550702904472114e-14
22550.056 1.9210679131382002e-14
22600.056 1.5911714252736e-14
22650.056 1.4505650467332115e-14
22700.056 1.91686236643811e-14
22750.056 2.6298574468972775e-14
22800.056 3.863782997161916e-14
22850.056 2.2333204246721097e-14
22900.056 2.158205406397109e-14
22950.056 1.563232666959046e-14
23000.056 1.2821440722960597e-14
23050.056 1.1767365998701015e-14
23100.056 7.467633671290064e-14
23150.056 6.153630295285691e-14
23200.056 9.089849240861953e-15
23250.056 3.956128319817911e-14
23300.056 2.2301508973177278e-14
23350.056 3.175455690416924e-14
23400.056 1.941008212765115e-14
23450.056 1.3755758780753119e-14
23500.056 1.0999064985031262e-14
23550.056 2.2238725639506436e-14
23600.056 4.599715022790389e-14
23650.056 6.175423767464724e-14
23700.056 1.0307443283310466e-14
23750.056 1.9563540205792852e-14
23800.056 7.255178198782878e-14
23850.056 3.629734882574464e-14
23900.056 6.553882309201443e-14
23950.056 3.8696295027694186e-14
24000.056 8.712486650449618e-14
24050.056 9.246628200920978e-14
24100.056 1.316680139771101e-13
24150.056 1.782126870910023e-13
24200.056 1.8073335375500514e-13
24250.056 1.7758825806400782e-13
24300.056 2.886822850040225e-13
24350.056 2.788115494229841e-13
24400.056 4.718787440900215e-13
24450.056 5.329513590830125e-13
24500.056 5.642670754870036e-13
24550.056 8.620863947700313e-13
24600.056 1.1143974829599737e-12
24650.056 1.3237547426400573e-12
24700.056 1.3038753252758995e-12
24750.056 1.7530032499701526e-12
24800.056 1.923429403620047e-12
24850.056 2.1040463244669774e-12
24900.056 1.8782122025351082e-12
24950.056 2.389693435242668e-12
25000.056 3.4156386970999163e-12
25050.056 2.0456968064601835e-12
25100.056 3.0751498325896864e-12
25150.056 1.7643327041138557e-12
25200.056 2.829970592238255e-12
25250.056 1.3154183413247562e-12
25300.056 1.1880947377789945e-12
25350.056 5.936784240397449e-13
25400.056 1.6041195847144535e-12
25450.056 3.953969689549477e-13
25500.056 3.031268195827186e-13
25550.056 1.3617450646443824e-12
25600.056 5.115717283874979e-13
25650.056 1.5753153705600035e-13
25700.056 9.448466498146702e-14
25750.056 2.788590862511567e-14
25800.056 1.59241467226142e-13
25850.056 2.2878771244359334e-14
25900.056 4.3098864991879033e-14
25950.056 7.391682079949894e-15
26000.056 1.0649250660783113e-13
26050.056 1.0000306538762593e-14
26100.056 5.258825880123057e-14
26150.056 1.9781759222913605e-14
26200.056 2.54719261108642e-14
26250.056 2.0379725414819364e-13
26300.056 2.5579204568356484e-14
26350.056 8.632529797350539e-13
26400.056 1.9557747442283046e-12
26450.056 5.208754205331694e-13
26500.056 1.9289627435159334e-12
26550.056 1.324908169699959e-13
26600.056 8.834089883688886e-14
26650.056 1.5649261020649326e-14
26700.056 1.3177416265908226e-14
26750.056 2.1790899951206268e-14
26800.056 9.833649625228975e-14
26850.056 6.010496822990076e-14
26900.056 2.9925317060845464e-13
26950.056 6.39050665546274e-14
27000.056 4.337700558436075e-13
27050.056 9.467400826880556e-13
27100.056 3.2386105526355614e-14
27150.056 6.149164757149958e-13
27200.056 2.986312497411416e-14
27250.056 1.2465264602500964e-13
27300.056 2.710415145490009e-12
27350.056 4.231133452345746e-13
27400.056 2.5316317563764776e-14
27450.056 7.994668888671903e-13
27500.056 1.2160876998620727e-12
27550.056 1.278533453307116e-13
27600.056 5.314400351876328e-13
27650.056 1.0225492587409013e-13
27700.056 1.3090113149079137e-13
27750.056 1.119994097464739e-12
27800.056 3.238489045519299e-13
27850.056 8.082241979377595e-13
27900.056 1.5551633381127634e-12
27950.056 2.522476628753933e-12
28000.056 3.0277412970907518e-12
28050.056 2.3449063169547645e-13
28100.056 5.192910084689734e-12
28150.056 3.28928492569196e-12
28200.056 5.699742150254728e-13
28250.056 9.39869772575071e-12
28300.056 9.072821059540586e-12
28350.056 7.829521970906924e-13
28400.056 5.684436275293505e-12
28450.056 1.11103042204534e-11
28500.056 4.1002884878057875e-12
28550.056 1.2592566354525857e-12
28600.056 9.93158063865812e-12
28650.056 3.1868105466418226e-12
28700.056 1.0075608671081615e-11
28750.056 2.4929879761499625e-11
28800.056 5.197007451542123e-12
