galfind/configs/Brown_Dwarf_templates/sonora_bobcat/m-0.5/1780g/sp_t1600g1780nc_m-0.5_resample.dat
# %ECSV 1.0
# ---
# datatype:
# - {name: wav, unit: Angstrom, datatype: float64}
# - {name: flux_nu, unit: erg / (cm2 Hz s), datatype: float64}
# meta: {C/O: '1.00', Kzz: '1.0000E+05', Teff: '1600.', Y: '0.28', '[Fe/H]': '-0.50', f_hole: '1.00', f_rain: '0.00', grav: '1780.'}
# schema: astropy-2.0
wav flux_nu
[from data line 500]
29000.056 7.280155187358523e-07
29050.056 8.019647094730801e-07
29100.056 6.088414055690842e-07
29150.056 9.197299917600076e-07
29200.056 7.000558800840243e-07
29250.056 8.114836901599814e-07
29300.056 6.196306440539061e-07
29350.056 1.0552027130199394e-06
29400.056 7.832269762719661e-07
29450.056 7.833940747339568e-07
29500.056 8.092596750249846e-07
29550.056 8.140663121800283e-07
29600.056 9.039064571948074e-07
29650.056 8.023177556699736e-07
29700.056 7.938441057899421e-07
29750.056 8.984577642320974e-07
29800.056 9.396054106538781e-07
29850.056 8.654731732198967e-07
29900.056 8.654789374203109e-07
29950.056 1.0124407100398856e-06
30000.056 9.399981239408811e-07
30050.056 8.537419684300221e-07
30100.056 8.02965063329819e-07
30150.056 1.0838579915100084e-06
30200.056 9.039302035900169e-07
30250.056 9.825212409100877e-07
30300.056 8.606458473099814e-07
30350.056 8.998313547501051e-07
30400.056 9.79239605100009e-07
30450.056 7.873044221101378e-07
30500.056 7.287072470100571e-07
30550.056 7.915665730200531e-07
30600.056 7.962617665000017e-07
30650.056 7.522917510699551e-07
30700.056 6.983550238299495e-07
30750.056 6.73437250229943e-07
30800.056 6.696098851801226e-07
30850.056 5.888072649499195e-07
30900.056 5.944390862099062e-07
30950.056 5.301766005300715e-07
31000.056 5.223679310500245e-07
31050.056 5.861212490400238e-07
31100.056 4.794751920799928e-07
31150.056 4.984896526099768e-07
31200.056 5.265929842300329e-07
31250.056 4.4972327745997453e-07
31300.056 4.5332631995094963e-07
31350.056 4.3028773748601794e-07
31400.056 3.9988030532202874e-07
31450.056 4.055971787999562e-07
31500.056 3.7628097365993466e-07
31550.056 3.889799006679907e-07
31600.056 3.6287759288500737e-07
31650.056 3.437307457570081e-07
31700.056 3.6305468168995635e-07
31750.056 3.2280045090807654e-07
31800.056 3.677481036099423e-07
31850.056 3.263841037540401e-07
31900.056 3.7021832908002753e-07
31950.056 3.0977599875502177e-07
32000.056 3.5450549505993164e-07
32050.056 3.56211345211022e-07
32100.056 3.520597124590033e-07
32150.056 3.8336146832997586e-07
32200.056 3.3864997172698893e-07
32250.056 4.1597270787003207e-07
32300.056 3.3323223929597215e-07
32350.056 4.320027484100047e-07
32400.056 3.462149702000018e-07
32450.056 4.34156954899896e-07
32500.056 4.1283338872106515e-07
32550.056 4.2716935660999387e-07
32600.056 4.441654951839886e-07
32650.056 4.936425873299664e-07
32700.056 4.939684550600425e-07
32750.056 5.133848885400106e-07
32800.056 5.168038410220466e-07
32850.056 5.399555272899775e-07
32900.056 5.659163839400173e-07
32950.056 5.643192855699866e-07
33000.056 5.348704457199456e-07
33050.056 4.881471397100203e-07
33100.056 4.165298171999823e-07
33150.056 2.418986720180322e-07
33200.056 2.0801368806993777e-07
33250.056 1.7792457161995253e-07
33300.056 1.742013577300252e-07
33350.056 2.0021856432000334e-07
33400.056 2.2730936977997812e-07
33450.056 2.50579001602999e-07
33500.056 2.97817085930029e-07
33550.056 3.2475187852003945e-07
33600.056 3.753791000799884e-07
33650.056 4.196264373100355e-07
33700.056 4.032085156699732e-07
33750.056 4.925848591299803e-07
33800.056 4.5951902163597147e-07
33850.056 5.163307775699761e-07
33900.056 4.648195101199928e-07
33950.056 4.828701049299859e-07
34000.056 5.18306179209982e-07
34050.056 4.3325075022493496e-07
34100.056 5.259462937899745e-07
34150.056 4.5645901996995684e-07
34200.056 4.401031221699199e-07
34250.056 4.658385199399293e-07
34300.056 4.078253598908274e-07
34350.056 4.2584603369001297e-07
34400.056 3.9050227060001965e-07
34450.056 4.4956141587997835e-07
34500.056 4.537493851699712e-07
34550.056 4.003195616300068e-07
34600.056 4.835102306299949e-07
34650.056 4.41247387119975e-07
34700.056 4.4973452912998547e-07
34750.056 4.906697837099968e-07
34800.056 4.3532957105997385e-07
34850.056 4.621183286600158e-07
34900.056 4.7549366338997273e-07
34950.056 4.6150688416991617e-07
35000.056 5.533595709700625e-07
35050.056 4.530921713600134e-07
35100.056 4.977068927899859e-07
35150.056 5.258453842199981e-07
35200.056 5.133392417100461e-07
35250.056 5.824077832299472e-07
35300.056 5.038141613800326e-07
35350.056 5.058737972899537e-07
35400.056 5.649586035400993e-07
35450.056 4.540297629701184e-07
35500.056 5.961090193600121e-07
35550.056 5.767751494699908e-07
35600.056 5.578047975500861e-07
35650.056 6.180574114000105e-07
35700.056 5.557028030799997e-07
35750.056 5.982402597199584e-07
35800.056 7.162611546600155e-07
35850.056 5.85227553560025e-07
35900.056 7.029106343699871e-07
35950.056 6.93449385619961e-07
36000.056 6.967840174900927e-07
36050.056 7.348432871500188e-07
36100.056 7.148429661697299e-07
36150.056 7.723036606300487e-07
36200.056 8.359103696300057e-07
36250.056 7.727127975899876e-07
36300.056 8.59797929530015e-07
36350.056 8.459266116899612e-07
36400.056 8.594215941200378e-07
36450.056 9.287133446799884e-07
36500.056 9.133760557199351e-07
36550.056 1.0048657496801739e-06
36600.056 1.0183960402100386e-06
36650.056 9.968084168398742e-07
36700.056 1.0917558353399743e-06
36750.056 1.1278854529600422e-06
36800.056 1.1414192563799618e-06
36850.056 1.1969205761998757e-06
36900.056 1.1624625354500034e-06
36950.056 1.2890005000399543e-06
37000.056 1.2726865383699454e-06
37050.056 1.3076532053000262e-06
37100.056 1.346876737729979e-06
37150.056 1.366437237800048e-06
37200.056 1.4142986884999958e-06
37250.056 1.4223865098399206e-06
37300.056 1.3828467630298541e-06
37350.056 1.4343610075000955e-06
37400.056 1.5850636488999811e-06
37450.056 1.497589485240032e-06
37500.056 1.5419012894499783e-06
37550.056 1.6547399021000976e-06
37600.056 1.7035776087000505e-06
37650.056 1.5997429953000459e-06
37700.056 1.7243070198000621e-06
37750.056 1.6458593978701017e-06
37800.056 1.7328640648001239e-06
37850.056 1.671938731000016e-06
37900.056 1.7181499448001546e-06
37950.056 1.7332120957999476e-06
38000.056 1.8309240718600284e-06
38050.056 1.8100657784000704e-06
38100.056 1.80770861370008e-06
38150.056 1.899131041399973e-06
38200.056 1.9129253802000676e-06
38250.056 1.8662485285000197e-06
38300.056 1.949167922999928e-06
38350.056 1.9903867660000492e-06
38400.056 1.9101104074999505e-06
38450.056 2.00525084959998e-06
38500.056 1.9602844803000548e-06
38550.056 2.054715751900051e-06
38600.056 2.07061433289992e-06
38650.056 2.056914595599986e-06
38700.056 2.0849895205000167e-06
38750.056 2.1163203143000226e-06
38800.056 2.0588662505999323e-06
38850.056 2.1009027468000134e-06
38900.056 2.10215700640001e-06
38950.056 2.138914902100007e-06
39000.056 2.153114780100005e-06
39050.056 2.1669592411999595e-06
39100.056 2.095564892700113e-06
39150.056 2.1873542439000345e-06
39200.056 2.1676556487999714e-06
39250.056 2.1982271169999208e-06
39300.056 2.181131419599888e-06
39350.056 2.2114173549000604e-06
39400.056 2.2056649803000495e-06
39450.056 2.2255720926999795e-06
39500.056 2.1818835076999815e-06
39550.056 2.1792823056999776e-06
39600.056 2.265428556499906e-06
39650.056 2.2256917131000156e-06
39700.056 2.213258436700046e-06
39750.056 2.1951525310000297e-06
39800.056 2.1640766063999764e-06
39850.056 2.2643917117999874e-06
39900.056 2.2170130608999937e-06
39950.056 2.267748789899929e-06
40000.056 2.1896276117000232e-06
40050.056 2.189110043600026e-06
40100.056 2.2207839382000086e-06
40150.056 2.200597799999966e-06
40200.056 2.2468013815999294e-06
40250.056 2.106197266799756e-06
40300.056 2.162435651600073e-06
40350.056 2.201019827600019e-06
40400.056 2.1916666628000384e-06
40450.056 2.1854978148000107e-06
40500.056 2.0791412936001198e-06
40550.056 2.2527465625999418e-06
40600.056 2.0273023318000524e-06
40650.056 2.1740254234999564e-06
40700.056 2.265695941600004e-06
40750.056 2.044070889699705e-06
40800.056 2.0295041744998468e-06
40850.056 2.0419991102001713e-06
40900.056 2.0773396023000147e-06
40950.056 2.070299667299967e-06
41000.056 2.087501409799975e-06
41050.056 2.0821875893998588e-06
41100.056 1.985299493999917e-06
41150.056 2.0514968355999503e-06
41200.056 2.034150952400024e-06
41250.056 2.0203763233000207e-06
41300.056 1.8193865913998335e-06
41350.056 2.045973577500064e-06
41400.056 1.928963604200097e-06
41450.056 1.993567726000096e-06
41500.056 1.9634794947999937e-06
41550.056 1.8932503468000347e-06
41600.056 1.921905623200055e-06
41650.056 1.9266165203000916e-06
41700.056 1.809503099999927e-06
41750.056 1.8958988728999294e-06
41800.056 2.0351615898199536e-06
41850.056 1.6051674532201243e-06
41900.056 1.8960812977399065e-06
41950.056 1.979258587500074e-06
42000.056 1.933845086400197e-06
42050.056 1.7341928216799114e-06
42100.056 2.0042924301000955e-06
42150.056 1.622445052439998e-06
42200.056 1.6564676834199961e-06
42250.056 1.925686420499995e-06
42300.056 1.7680022697399868e-06
42350.056 1.9054644811001716e-06
42400.056 1.7980738267000784e-06
42450.056 1.5812503121200502e-06
42500.056 1.6372653115600118e-06
42550.056 1.6197162204800332e-06
42600.056 1.728425154150068e-06
42650.056 1.8676878703998548e-06
42700.056 1.7772376363999669e-06
42750.056 1.5808930481000657e-06
42800.056 1.7102936157900782e-06
42850.056 1.807030131199809e-06
42900.056 1.833410919500105e-06
42950.056 1.5482393148996847e-06
43000.056 1.7143021931400258e-06
43050.056 1.4143121655304111e-06
43100.056 1.6116086953399387e-06
43150.056 1.5428445091201288e-06
43200.056 1.516020129599975e-06
43250.056 1.6729908037000877e-06
43300.056 1.6543262723000193e-06
43350.056 1.3659683985597412e-06
43400.056 1.483830183059995e-06
43450.056 1.3982504230001375e-06
43500.056 1.42651325949991e-06
43550.056 1.4046749909599666e-06
43600.056 1.522879638830113e-06
43650.056 1.2778980408100066e-06
43700.056 1.4521257442600495e-06
43750.056 1.4197221769300736e-06
43800.056 1.3210408379399177e-06
43850.056 1.2709947331501748e-06
43900.056 1.3547136482999105e-06
43950.056 1.1983253421399244e-06
44000.056 1.1085787037800216e-06
44050.056 1.201995575560014e-06
44100.056 1.2853088437601166e-06
44150.056 1.300165172089982e-06
44200.056 1.2077719901500366e-06
44250.056 1.1385549199699961e-06
44300.056 1.098468619810115e-06
44350.056 1.0849039839500706e-06
44400.056 1.1075900889599476e-06
44450.056 1.1399523643000213e-06
44500.056 1.109080048780114e-06
44550.056 1.1057861808199191e-06
44600.056 1.0602204110800843e-06
44650.056 1.125568295210031e-06
44700.056 1.0242851687799963e-06
44750.056 1.0719968089299678e-06
44800.056 1.057759630069984e-06
44850.056 1.0719760265501133e-06
44900.056 9.943193637600596e-07
44950.056 9.959730686500506e-07
45000.056 1.0303939721300031e-06
45050.056 1.035885925669978e-06
45100.056 1.0832427491000187e-06
45150.056 9.964317477500013e-07
45200.056 9.14920280310034e-07
45250.056 9.693727233499123e-07
45300.056 1.0295861352700304e-06
45350.056 1.025103554329915e-06
45400.056 1.0015476914800781e-06
45450.056 9.662099220798908e-07
45500.056 9.923437044099544e-07
45550.056 1.065069039079952e-06
45600.056 1.0033059180600107e-06
45650.056 9.17949630399863e-07
45700.056 1.0107381706400768e-06
45750.056 9.367569901100225e-07
45800.056 9.58169285429958e-07
45850.056 1.1106343228999668e-06
45900.056 1.0729818251800233e-06
45950.056 9.431037220299974e-07
46000.056 1.0869468287800246e-06
46050.056 1.09212006452017e-06
46100.056 9.672448727600085e-07
46150.056 9.992427958299206e-07
46200.056 1.0244731418501771e-06
46250.056 8.991886434599659e-07
46300.056 1.0954274177499665e-06
46350.056 1.0062093639299716e-06
46400.056 1.0339128659799927e-06
46450.056 1.0545215195100363e-06
46500.056 9.563518931600112e-07
46550.056 1.095711082850008e-06
46600.056 1.0660172497200185e-06
46650.056 1.2760236143998856e-06
46700.056 1.21878199189025e-06
46750.056 9.914242078900882e-07
46800.056 1.00413334910006e-06
46850.056 1.1777118761101211e-06
46900.056 1.0960294663698797e-06
46950.056 1.2335777099500246e-06
47000.056 1.0275937345300358e-06
47050.056 1.1935964358098895e-06
47100.056 9.238754620200676e-07
47150.056 1.0572886470300362e-06
47200.056 1.1342686430000995e-06
47250.056 1.0085247112199752e-06
47300.056 9.987189275299294e-07
47350.056 9.968230138899715e-07
47400.056 1.1647079301699447e-06
47450.056 1.0064311910000055e-06
47500.056 1.1455777008799437e-06
47550.056 9.994138187999649e-07
47600.056 1.1182108009699194e-06
47650.056 9.302445689398816e-07
47700.056 1.1251109050200752e-06
47750.056 8.51543785480082e-07
47800.056 1.074237707689989e-06
47850.056 8.319925303499659e-07
47900.056 1.0374245472999314e-06
47950.056 9.394875207700434e-07
48000.056 1.1923426156899938e-06
48050.056 9.894693819900498e-07
48100.056 1.0199504091599865e-06
48150.056 9.482039966101047e-07
48200.056 1.0727902246500284e-06
48250.056 9.329933352100365e-07
48300.056 1.2022628366199097e-06
48350.056 8.68913895869962e-07
48400.056 9.393139519099294e-07
48450.056 9.179107643300708e-07
48500.056 1.177208612469947e-06
48550.056 8.761797509099681e-07
48600.056 1.130437209659975e-06
48650.056 9.210213103999602e-07
48700.056 1.1337578450100142e-06
48750.056 7.862976856500849e-07
48800.056 1.1747364861600439e-06
48850.056 8.53825792579833e-07
48900.056 1.168116058700053e-06
48950.056 9.888732618000079e-07
49000.056 9.126347809099706e-07
49050.056 1.100286381099955e-06
49100.056 9.92719522740061e-07
49150.056 1.0287423208899491e-06
49200.056 9.948933453699928e-07
49250.056 1.0395928205100553e-06
49300.056 9.352670966499575e-07
49350.056 9.192181610600421e-07
49400.056 1.070257793049948e-06
49450.056 9.823103065901922e-07
49500.056 9.646697953699976e-07
49550.056 8.255558006399621e-07
49600.056 9.488824703401099e-07
49650.056 9.637042423799276e-07
49700.056 8.983066942698678e-07
49750.056 1.2289537385199189e-06
49800.056 9.35103206790006e-07
49850.056 1.1725127024500954e-06
49900.056 1.0125738118799879e-06
49950.056 9.732864139599389e-07
50000.056 1.0138662103098707e-06
50050.056 1.0138311225400068e-06
50100.056 1.088629916389948e-06
50150.056 8.732333448900102e-07
50200.056 7.661984518100532e-07
50250.056 1.0263483270799746e-06
50300.056 9.308384584399886e-07
50350.056 1.1594229125100447e-06
50400.056 9.526581243899228e-07
50450.056 9.140536809900836e-07
50500.056 1.125507431450083e-06
50550.056 9.99517815310024e-07
50600.056 9.698442773099175e-07
50650.056 1.0068301506301024e-06
50700.056 1.1585084424399243e-06
50750.056 1.1136535504400974e-06
50800.056 7.918475280998795e-07
50850.056 9.314597324300843e-07
50900.056 1.1220987544699417e-06
50950.056 1.026362887450154e-06
51000.056 1.2071349068000906e-06
51050.056 1.0010996884300085e-06
51100.056 8.39156972559943e-07
51150.056 9.997287498499981e-07
51200.056 1.1042566640999858e-06
51250.056 1.0243941895000043e-06
51300.056 8.42409898250167e-07
51350.056 1.01924373019991e-06
51400.056 8.383150153799387e-07
51450.056 7.166622697198961e-07
51500.056 8.471271855201206e-07
51550.056 1.160027568320069e-06
51600.056 8.493949182200204e-07
51650.056 9.311486734199005e-07
51700.056 9.857306990597847e-07
51750.056 8.366597725900154e-07
51800.056 1.0653403345797945e-06
51850.056 9.881877724199401e-07
51900.056 1.1748423835400914e-06
51950.056 1.019846120019945e-06
52000.056 7.496232463999622e-07
52050.056 9.567387703699903e-07
52100.056 8.547455404100012e-07
52150.056 8.271879420100237e-07
52200.056 8.199779643399895e-07
52250.056 9.089568367500111e-07
52300.056 1.1352540265199673e-06
52350.056 1.0345685941900242e-06
52400.056 7.814425954800904e-07
52450.056 9.431534309300525e-07
52500.056 1.0638832853098596e-06
52550.056 1.024544286659894e-06
52600.056 9.665861976000657e-07
52650.056 1.0304545048301165e-06
52700.056 8.826099520300245e-07
52750.056 7.59413431979972e-07
52800.056 8.295920280500553e-07
52850.056 8.45142060809866e-07
52900.056 8.98038716779959e-07
52950.056 8.908170508999852e-07
53000.056 1.0628407334400369e-06
53050.056 8.097147498298284e-07
53100.056 9.192850017699409e-07
53150.056 1.1431495001000476e-06
53200.056 7.034755787499944e-07
53250.056 1.0353632518000314e-06
53300.056 1.045548860500313e-06
53350.056 1.032365839589943e-06
53400.056 1.0303793497000122e-06
53450.056 8.275288059400117e-07
53500.056 6.506382753999016e-07
53550.056 8.691357957199407e-07
53600.056 9.684453963301445e-07
