galfind/configs/Brown_Dwarf_templates/sonora_bobcat/m-0.5/1780g/sp_t250g1780nc_m-0.5_resample.dat
# %ECSV 1.0
# ---
# datatype:
# - {name: wav, unit: Angstrom, datatype: float64}
# - {name: flux_nu, unit: erg / (cm2 Hz s), datatype: float64}
# meta: {C/O: '1.00', Kzz: '1.0000E+05', Teff: '250.', Y: '0.28', '[Fe/H]': '-0.50', f_hole: '1.00', f_rain: '0.00', grav: '1780.'}
# schema: astropy-2.0
wav flux_nu
4000.0559999999996 nan
4050.0559999999996 3.978647355200033e-19
4100.056 3.4088629835400428e-18
4150.056 1.524142257590012e-17
4200.056 4.330004223600027e-17
4250.056 8.988322478900041e-17
4300.056 1.745279764000007e-16
4350.056 3.0563610494000115e-16
4400.056 5.055155688800019e-16
4450.056 7.998806709200031e-16
4500.056 1.2334164949300039e-15
4550.056 1.7658487890000008e-15
4600.056 1.891484860100004e-15
4650.056 2.3332396130000038e-15
4700.056 2.7655010096000032e-15
4750.056 2.994771744200001e-15
4800.056 3.0662756626999997e-15
4850.056 2.8319497407999967e-15
4900.056 2.5922565381999984e-15
4950.056 2.308841641699996e-15
5000.056 1.7308388627999933e-15
5050.056 1.2853403323999987e-15
5100.056 1.3573624165000013e-15
5150.056 1.5089936348000019e-15
5200.056 1.6785133581000018e-15
5250.056 1.8240240091000017e-15
5300.056 1.9740135483000016e-15
5350.056 2.1391496291000013e-15
5400.056 2.2962611608000025e-15
5450.056 2.5184549580000033e-15
5500.056 2.7778275881000033e-15
5550.056 3.0324353004000027e-15
5600.056 3.2607832946000025e-15
5650.056 3.4637362663000018e-15
5700.056 3.5496423461000013e-15
5750.056 3.566873787199999e-15
5800.056 3.394148893499996e-15
5850.056 2.6358018222999757e-15
5900.056 9.212567030600245e-16
5950.056 4.9480051035000565e-15
6000.056 9.60822442810008e-15
6050.056 1.6976148171000122e-14
6100.056 2.775608083000018e-14
6150.056 4.272908203500024e-14
6200.056 6.320466534600031e-14
6250.056 8.941519660400042e-14
6300.056 1.2782045488000065e-13
6350.056 1.8067053055000089e-13
6400.056 2.4977350171000124e-13
6450.056 3.147337183600006e-13
6500.056 4.197585529300026e-13
6550.056 5.780256365300019e-13
6600.056 7.994391187800049e-13
6650.056 1.1158734599600056e-12
6700.056 1.5034470224000038e-12
6750.056 1.9131049327000066e-12
6800.056 2.243530568300003e-12
6850.056 2.153896609999995e-12
6900.056 1.5947174797799846e-12
6950.056 1.1195487320800045e-12
7000.056 1.1625377290999953e-12
7050.056 1.179159575600003e-12
7100.056 1.2855286929e-12
7150.056 9.417611395599821e-13
7200.056 6.540121518100106e-13
7250.056 7.430176045099876e-13
7300.056 7.504654919400069e-13
7350.056 1.0211130092300052e-12
7400.056 1.3197085535000037e-12
7450.056 1.6500342080000068e-12
7500.056 1.8849914020000028e-12
7550.056 1.992223283000001e-12
7600.056 1.9883464309999983e-12
7650.056 1.2866150399799846e-12
7700.056 1.3327048667200161e-12
7750.056 2.2666980133000146e-12
7800.056 2.975316468200015e-12
7850.056 3.595308010200009e-12
7900.056 4.329526140800021e-12
7950.056 5.177908228400013e-12
8000.056 6.27361861410003e-12
8050.056 7.544201918600018e-12
8100.056 6.249918060099936e-12
8150.056 3.937742471900084e-12
8200.056 7.905813277699996e-12
8250.056 8.878646316300243e-12
8300.056 1.0766606069699955e-11
8350.056 1.305125455470014e-11
8400.056 1.8580793474000338e-11
8450.056 2.6536445955000315e-11
8500.056 3.4124773522000264e-11
8550.056 4.295803611100044e-11
8600.056 5.353694251100043e-11
8650.056 6.314236311100031e-11
8700.056 6.84368477080002e-11
8750.056 7.407240267400022e-11
8800.056 7.362392638499977e-11
8850.056 5.7882048571998325e-11
8900.056 1.3822215929098812e-11
8950.056 5.401064979500135e-12
9000.056 4.198386906750252e-12
9050.056 2.5238691864000236e-11
9100.056 2.530708570100099e-11
9150.056 2.8440500210999575e-11
9200.056 4.234062783800148e-11
9250.056 2.4587140078697788e-11
9300.056 1.2772680443738957e-13
9350.056 2.9888798207451354e-14
9400.056 1.998803574245032e-12
9450.056 1.7270259318516102e-13
9500.056 2.825858074909894e-13
9550.056 3.3274561289203283e-13
9600.056 7.449810707409933e-13
9650.056 3.0988978391504576e-12
9700.056 1.7458429942300245e-11
9750.056 2.3831087487001136e-11
9800.056 3.6944330247999995e-11
9850.056 5.813430494100099e-11
9900.056 9.032510033300185e-11
9950.056 1.0426722820100114e-10
10000.056 6.23013773262882e-11
10050.056 6.0559911805993235e-12
10100.056 2.841215910299958e-12
10150.056 1.7157527722999423e-12
10200.056 8.272007440599819e-13
10250.056 6.014535811099982e-13
10300.056 6.163832548999849e-13
10350.056 3.424838458700014e-13
10400.056 3.891225642399992e-13
10450.056 3.4978070682999427e-13
10500.056 2.969636469299975e-13
10550.056 2.4747785263999715e-13
10600.056 1.874981108699974e-13
10650.056 1.3255784311999764e-13
10700.056 8.881666629999816e-14
10750.056 6.101330734199887e-14
10800.056 4.489171263899959e-14
10850.056 3.482055304399955e-14
10900.056 2.718940579199955e-14
10950.056 1.961153279499973e-14
11000.056 1.3423935428999706e-14
11050.056 8.069523782899802e-15
11100.056 3.3609315567497985e-15
11150.056 8.742660640898984e-16
11200.056 2.5391003379745113e-16
11250.056 2.712265021067745e-16
11300.056 7.226814319824009e-16
11350.056 3.4219401806146885e-16
11400.056 1.5100123378840712e-15
11450.056 8.498240284471798e-16
11500.056 8.768469884197045e-16
11550.056 6.64061664454838e-16
11600.056 4.786403041769907e-16
11650.056 1.3860105958291142e-15
11700.056 2.7788994055297808e-15
11750.056 2.5611958347272476e-15
11800.056 5.885553310099993e-15
11850.056 6.357219935900015e-15
11900.056 7.59173749820003e-15
11950.056 8.252666850399994e-15
12000.056 8.140020216700048e-15
12050.056 1.0026807064800129e-14
12100.056 1.2663738621900298e-14
12150.056 1.8322525211000246e-14
12200.056 2.5357501228000293e-14
12250.056 3.650515604400077e-14
12300.056 4.866333015800061e-14
12350.056 5.896000093300095e-14
12400.056 8.446472316800187e-14
12450.056 1.3354421802000356e-13
12500.056 2.0144909872000192e-13
12550.056 2.6458586372000656e-13
12600.056 4.287197333400116e-13
12650.056 6.803623712100171e-13
12700.056 9.420206820800098e-13
12750.056 1.0868052245200078e-12
12800.056 1.160875058799999e-12
12850.056 1.0628784248299899e-12
12900.056 9.284992811899958e-13
12950.056 9.387267066900048e-13
13000.056 1.0880634684600246e-12
13050.056 9.998420844699985e-13
13100.056 1.3444887924399917e-12
13150.056 1.0903268105200285e-12
13200.056 1.1241986600099802e-12
13250.056 1.3524736462499923e-12
13300.056 5.254678604579315e-13
13350.056 3.920962520489982e-13
13400.056 7.248535333979598e-14
13450.056 4.624652295787528e-15
13500.056 1.9040534842444713e-16
13550.056 5.44925087728851e-18
13600.056 5.509876065021895e-19
13650.056 3.536713388239142e-18
13700.056 1.1098979026915764e-18
13750.056 4.650612611604441e-17
13800.056 4.9576114997692625e-17
13850.056 7.981846603576404e-18
13900.056 5.638620811786534e-17
13950.056 2.5280804737687255e-17
14000.056 1.6521746463244438e-16
14050.056 1.6896284848700866e-16
14100.056 2.15329756682296e-16
14150.056 1.4051818532383377e-15
14200.056 1.5929808601828141e-15
14250.056 3.330567282657947e-15
14300.056 8.166710204480519e-15
14350.056 1.4411167220888254e-14
14400.056 1.4735068579790204e-14
14450.056 3.76064385380933e-14
14500.056 1.468161858983085e-13
14550.056 4.502633938590015e-13
14600.056 7.891488204400055e-13
14650.056 2.0822099782268624e-13
14700.056 7.028036734266667e-14
14750.056 4.9898539793100236e-14
14800.056 2.250595180211987e-14
14850.056 2.887106794329998e-14
14900.056 1.7382586915079555e-14
14950.056 9.761073042060121e-15
15000.056 3.9838439011229455e-14
15050.056 9.638193171700465e-14
15100.056 3.086632750461811e-14
15150.056 1.1122523627277292e-14
15200.056 5.2683272995657e-14
15250.056 1.176538231596208e-13
15300.056 2.3889062880998674e-13
15350.056 3.238643272700213e-13
15400.056 5.073145060800099e-13
15450.056 8.449453818600664e-13
15500.056 1.6999169309300787e-12
15550.056 3.143784692500155e-12
15600.056 5.34002784690007e-12
15650.056 8.105440804500247e-12
15700.056 1.0402176216300111e-11
15750.056 1.1380923485000023e-11
15800.056 1.1849922432999998e-11
15850.056 1.219264750700005e-11
15900.056 1.1763969636999965e-11
15950.056 1.1755046858999948e-11
16000.056 1.0717604090999906e-11
16050.056 9.206381577899858e-12
16100.056 7.0792034792999065e-12
16150.056 4.939867710599831e-12
16200.056 2.453022691099863e-12
16250.056 1.1353441781199571e-12
16300.056 4.305057464099356e-13
16350.056 2.226604965045744e-13
16400.056 1.6746447564698205e-13
16450.056 1.7085639336233737e-13
16500.056 1.6360455203994071e-13
16550.056 2.365402279384603e-13
16600.056 6.982643032056423e-13
16650.056 2.0328289540585143e-13
16700.056 1.7649707777741813e-13
16750.056 3.7409830367014516e-13
16800.056 3.575232203795036e-13
16850.056 2.950130507172562e-13
16900.056 1.9224192863350767e-13
16950.056 1.5464645934769658e-13
17000.056 9.633101089390483e-14
17050.056 1.1039829851400893e-13
17100.056 1.832503100885932e-13
17150.056 1.7528457952722594e-13
17200.056 3.4260742775398e-13
17250.056 1.0668685172998352e-13
17300.056 1.154977671219989e-13
17350.056 1.7143813415700008e-13
17400.056 2.336169006890047e-13
17450.056 2.720026671950091e-13
17500.056 3.660553297099969e-13
17550.056 3.3429997119999203e-13
17600.056 3.338055113500072e-13
17650.056 2.2069576114499406e-13
17700.056 1.9292627812800104e-13
17750.056 1.436899971329942e-13
17800.056 1.631456158310028e-13
17850.056 9.216986111509424e-14
17900.056 5.848223724379302e-14
17950.056 3.773882541260213e-14
18000.056 3.987775405310561e-14
18050.056 1.6894079199423382e-14
18100.056 1.188490055136901e-14
18150.056 5.2257040820196375e-15
18200.056 2.5575734329599103e-15
18250.056 8.202027456712508e-15
18300.056 5.852036773858346e-16
18350.056 6.905608201586488e-16
18400.056 1.2399159359992743e-16
18450.056 2.1870273359418345e-15
18500.056 1.2799039520336375e-15
18550.056 4.0456127713198966e-16
18600.056 1.7001500559571115e-15
18650.056 2.0599980945827694e-15
18700.056 5.81017233735649e-17
18750.056 1.0716971359525844e-16
18800.056 4.090927113683722e-15
18850.056 2.6616967830057415e-15
18900.056 3.9305568556758655e-15
18950.056 4.489393314321985e-15
19000.056 4.3256472354315042e-16
19050.056 2.3495557227135777e-16
19100.056 1.435519473785022e-15
19150.056 7.567712681957366e-16
19200.056 1.7457049160124375e-15
19250.056 1.7671543372967363e-15
19300.056 1.0430288170810955e-15
19350.056 1.4867363774807138e-15
19400.056 9.33890465717881e-16
19450.056 7.005936246130118e-16
19500.056 6.758056562303263e-16
19550.056 9.465176385918021e-16
19600.056 1.3740352078229407e-15
19650.056 1.2308093604215705e-15
19700.056 2.026305029009837e-15
19750.056 1.855471378101596e-15
19800.056 1.0241149837020695e-15
19850.056 1.6196882797506257e-15
19900.056 2.1807382604173618e-15
19950.056 1.3810528385048156e-15
20000.056 1.547054683431497e-15
20050.056 1.5538643914447263e-15
20100.056 1.7762857792134176e-15
20150.056 1.3358908995065394e-15
20200.056 1.2387472878601574e-15
20250.056 1.7414952336300855e-15
20300.056 1.7723895127999672e-15
20350.056 1.7258504178999457e-15
20400.056 1.684153853699998e-15
20450.056 1.6087724138000217e-15
20500.056 1.4381771304999932e-15
20550.056 1.2622307013999714e-15
20600.056 1.0952991870999984e-15
20650.056 9.337483051899813e-16
20700.056 7.860039220899872e-16
20750.056 6.48578886999989e-16
20800.056 5.329113070099908e-16
20850.056 4.413474683599932e-16
20900.056 3.6710212431999455e-16
20950.056 3.132003125799961e-16
21000.056 2.773389660199977e-16
21050.056 2.570403678699988e-16
21100.056 2.520801886200004e-16
21150.056 2.6673905383000213e-16
21200.056 2.9944310572000363e-16
21250.056 3.53060075970005e-16
21300.056 4.293898909500081e-16
21350.056 5.304524048000057e-16
21400.056 6.683402928300148e-16
21450.056 7.943075602800143e-16
21500.056 9.026852759800076e-16
21550.056 1.0160590043600032e-15
21600.056 1.055993611663994e-15
21650.056 1.144139998029965e-15
21700.056 1.231704814549942e-15
21750.056 1.2352014454375005e-15
21800.056 1.1437689235842142e-15
21850.056 1.1950021875869008e-15
21900.056 1.087583589844026e-15
21950.056 8.026698874274136e-16
22000.056 1.4323075014879605e-16
22050.056 2.3094852335101945e-16
22100.056 3.5597905295497394e-16
22150.056 2.2144182508812873e-16
22200.056 2.261818519939029e-16
22250.056 1.6976703274203824e-16
22300.056 8.444664427227227e-17
22350.056 1.7129524710839553e-16
22400.056 1.2726162485683158e-16
22450.056 1.4651385265319076e-16
22500.056 1.378100588663523e-16
22550.056 6.14779855517809e-17
22600.056 5.197127685816357e-17
22650.056 3.4504722609769785e-17
22700.056 5.161191012913196e-17
22750.056 7.546030386525504e-17
22800.056 1.1653025496332844e-16
22850.056 6.199772051231174e-17
22900.056 6.06607480802129e-17
22950.056 4.39266907671402e-17
23000.056 2.7510686728312223e-17
23050.056 2.0437944558881412e-17
23100.056 2.26161082685104e-16
23150.056 2.1007061278754707e-16
23200.056 3.312060198354749e-17
23250.056 1.4302978407926888e-16
23300.056 5.655292100113555e-17
23350.056 1.0921470961007539e-16
23400.056 6.662091849647044e-17
23450.056 4.6468210189680016e-17
23500.056 2.7018747012386484e-17
23550.056 4.9325690831942656e-17
23600.056 1.1572460565893179e-16
23650.056 1.71639642165107e-16
23700.056 2.6210732059171503e-17
23750.056 5.656218183981657e-17
23800.056 2.0004911479811142e-16
23850.056 9.170596328457642e-17
23900.056 1.717084877518967e-16
23950.056 1.1305094063874714e-16
24000.056 2.787862698629911e-16
24050.056 3.269941152060085e-16
24100.056 5.168120582840284e-16
24150.056 7.458456694700051e-16
24200.056 8.2085431013000125e-16
24250.056 8.564367984000556e-16
24300.056 1.452259068790115e-15
24350.056 1.8013690591199516e-15
24400.056 2.8853813754301474e-15
24450.056 3.878926732800206e-15
24500.056 4.752672534200057e-15
24550.056 7.210238402200333e-15
24600.056 1.021585906879999e-14
24650.056 1.3517706989400557e-14
24700.056 1.4539468617099284e-14
24750.056 2.1292045610301666e-14
24800.056 2.6537953396000856e-14
24850.056 2.9332000494699684e-14
24900.056 3.4443460945901425e-14
24950.056 4.244527509510196e-14
25000.056 6.363998052399848e-14
25050.056 5.242235113620361e-14
25100.056 7.083321672799788e-14
25150.056 5.2424356571595104e-14
25200.056 7.934091892900744e-14
25250.056 5.260846560669344e-14
25300.056 3.8328927728297084e-14
25350.056 2.6386275097703503e-14
25400.056 6.04303617653969e-14
25450.056 1.9062526969698747e-14
25500.056 1.5978658329000196e-14
25550.056 4.745275573170493e-14
25600.056 1.8407651742583832e-14
25650.056 8.016672806980717e-15
25700.056 7.204779831926638e-15
25750.056 3.9847275022890314e-15
25800.056 1.0927592919390659e-14
25850.056 3.2618351716294275e-15
25900.056 4.508041924380143e-15
25950.056 2.2968068023703694e-15
26000.056 9.16393761650056e-15
26050.056 2.8722662254190996e-15
26100.056 6.732456320740717e-15
26150.056 4.903577615839237e-15
26200.056 4.924754611341327e-15
26250.056 1.3172969865069002e-14
26300.056 5.597848562660601e-15
26350.056 2.8095012030909312e-14
26400.056 6.473351940569052e-14
26450.056 2.7373088132503332e-14
26500.056 5.881722293489542e-14
26550.056 1.6372800209963242e-14
26600.056 1.3139361754797238e-14
26650.056 5.248486592829074e-15
26700.056 5.304787219360896e-15
26750.056 7.921182012099308e-15
26800.056 1.5181559235711747e-14
26850.056 1.607677652930194e-14
26900.056 3.387821063809812e-14
26950.056 1.1154634081822108e-14
27000.056 3.618096791760049e-14
27050.056 6.355252374999842e-14
27100.056 1.0069268753269725e-14
27150.056 4.6066018639999606e-14
27200.056 9.964959403080586e-15
27250.056 1.7779758450424753e-14
27300.056 1.2417569912300124e-13
27350.056 4.088346067939629e-14
27400.056 1.0311454074197837e-14
27450.056 7.308563757601085e-14
27500.056 7.930489092299084e-14
27550.056 2.586953509059788e-14
27600.056 6.258236023199903e-14
27650.056 2.7061030526802838e-14
27700.056 3.054327705059832e-14
27750.056 9.914399383200299e-14
27800.056 5.796559245100375e-14
27850.056 8.404527830749454e-14
27900.056 1.4048018775563852e-13
27950.056 1.8008915404997888e-13
28000.056 2.2979492822999397e-13
28050.056 4.7968438457016184e-14
28100.056 3.276488408830828e-13
28150.056 2.3707901663094096e-13
28200.056 8.35053337459732e-14
28250.056 6.322382338290015e-13
28300.056 5.34617930345022e-13
28350.056 8.452624567279267e-14
28400.056 3.9386369148504035e-13
28450.056 5.272605877734345e-13
28500.056 2.0465201813850385e-13
28550.056 1.4075158438147493e-13
28600.056 5.725075455931087e-13
28650.056 1.3458326137759185e-13
28700.056 7.05042583370904e-13
28750.056 1.2407988806374876e-12
28800.056 2.112085206328297e-13
