galfind/configs/Brown_Dwarf_templates/sonora_bobcat/m-0.5/1780g/sp_t2400g1780nc_m-0.5_resample.dat
# %ECSV 1.0
# ---
# datatype:
# - {name: wav, unit: Angstrom, datatype: float64}
# - {name: flux_nu, unit: erg / (cm2 Hz s), datatype: float64}
# meta: {C/O: '1.00', Kzz: '1.0000E+05', Teff: '2400.', Y: '0.28', '[Fe/H]': '-0.50', f_hole: '1.00', f_rain: '0.00', grav: '1780.'}
# schema: astropy-2.0
wav flux_nu
4000.0559999999996 nan
4050.0559999999996 5.418788278259606e-08
4100.056 8.009291657136168e-08
4150.056 7.774594169130824e-08
4200.056 7.114872236511811e-08
4250.056 6.464755847730628e-08
4300.056 5.239791639691638e-08
4350.056 4.667776776130579e-08
4400.056 4.525125470401078e-08
4450.056 2.7366494605904168e-08
4500.056 2.2975225007375957e-08
4550.056 2.9674356195140528e-08
4600.056 2.1170288418234746e-08
4650.056 1.365454245551653e-08
4700.056 1.949326072475506e-08
4750.056 2.2335453276123016e-08
4800.056 6.407505961572624e-09
4850.056 1.0216810096452913e-08
4900.056 3.211875044639428e-08
4950.056 3.925426170123597e-08
5000.056 6.663117981478215e-09
5050.056 1.2050210066012513e-08
5100.056 1.6972754976653023e-08
5150.056 1.2826303825062942e-08
5200.056 8.703987515109776e-09
5250.056 1.9453961589000633e-08
5300.056 2.6445733656700007e-08
5350.056 2.6211603202601264e-08
5400.056 2.748437106500097e-08
5450.056 1.8809299692298093e-08
5500.056 1.3010729820699718e-08
5550.056 1.6980954248101162e-08
5600.056 1.3256838825501297e-08
5650.056 1.0953734963700185e-08
5700.056 1.1658884177300293e-08
5750.056 9.578853131199566e-09
5800.056 6.795827197199885e-09
5850.056 2.8555441782699785e-09
5900.056 3.7026252937725105e-10
5950.056 4.710558189099995e-09
6000.056 1.1506823570499762e-08
6050.056 2.182139801800086e-08
6100.056 3.452422347599959e-08
6150.056 3.780559917179679e-08
6200.056 2.1422948792500135e-08
6250.056 2.515760297300174e-08
6300.056 4.270690025900148e-08
6350.056 5.98124766240066e-08
6400.056 7.701871748300271e-08
6450.056 9.443266371597747e-08
6500.056 1.0827605402397725e-07
6550.056 1.4104001793998264e-07
6600.056 1.2578242820099994e-07
6650.056 8.750270683201035e-08
6700.056 4.719501121661993e-08
6750.056 6.01985437800073e-08
6800.056 7.386454153001031e-08
6850.056 1.0919630647300737e-07
6900.056 1.852227619579947e-07
6950.056 2.792998614140116e-07
7000.056 4.5368662321998723e-07
7050.056 3.6845903626802404e-07
7100.056 9.527891974299935e-08
7150.056 7.03919210240042e-08
7200.056 1.140988299049945e-07
7250.056 2.172301527040492e-07
7300.056 4.32918818535075e-07
7350.056 7.418130527299749e-07
7400.056 9.859868011300327e-07
7450.056 1.0643503080399794e-06
7500.056 1.0517417337700155e-06
7550.056 9.527069211700087e-07
7600.056 4.842975786849876e-07
7650.056 8.108353481152881e-08
7700.056 3.82753249972068e-08
7750.056 2.1618425720001323e-07
7800.056 3.6160389774306273e-07
7850.056 5.199800986400179e-07
7900.056 7.34812679910049e-07
7950.056 8.691558942214659e-07
8000.056 1.2676970290499248e-06
8050.056 1.6786314599400206e-06
8100.056 2.0427528861200967e-06
8150.056 2.2574348047000035e-06
8200.056 1.2472066215519066e-06
8250.056 2.1952784696099456e-06
8300.056 2.029647506860224e-06
8350.056 2.194675917420192e-06
8400.056 2.21784395907011e-06
8450.056 1.2849863092199554e-06
8500.056 1.114295854120719e-06
8550.056 1.5977662574101309e-06
8600.056 2.0831279367996293e-06
8650.056 2.5349101374098995e-06
8700.056 2.2295307485897867e-06
8750.056 2.3534655311802202e-06
8800.056 2.9683566731002524e-06
8850.056 2.7352026017498237e-06
8900.056 2.032709076990163e-06
8950.056 2.315428166329605e-06
9000.056 2.8948566508902825e-06
9050.056 2.682200337159857e-06
9100.056 3.321843307079881e-06
9150.056 3.7996324519901016e-06
9200.056 3.870211942370354e-06
9250.056 3.322916069600294e-06
9300.056 3.0323328282100958e-06
9350.056 3.243799201200037e-06
9400.056 3.4613698929002267e-06
9450.056 3.9524701329996305e-06
9500.056 4.502984021600124e-06
9550.056 4.702085578500021e-06
9600.056 5.028863783200213e-06
9650.056 5.4048026347002645e-06
9700.056 5.757623675799902e-06
9750.056 5.169069457099871e-06
9800.056 5.341796030999871e-06
9850.056 5.206848937299938e-06
9900.056 3.4736840897897257e-06
9950.056 2.4324824592401106e-06
10000.056 2.4182462500499206e-06
10050.056 2.624925487449912e-06
10100.056 3.2844015111204603e-06
10150.056 3.1932871706799255e-06
10200.056 3.4670290088098975e-06
10250.056 3.4216670771295563e-06
10300.056 3.082214428279759e-06
10350.056 3.6699608487302206e-06
10400.056 4.1559794659098125e-06
10450.056 4.301118892140358e-06
10500.056 4.498508564269474e-06
10550.056 4.863415243420215e-06
10600.056 5.2801521188201185e-06
10650.056 5.173106394720185e-06
10700.056 5.225724516930177e-06
10750.056 5.600036786480261e-06
10800.056 5.968412670139702e-06
10850.056 6.414398720359735e-06
10900.056 6.633461575199768e-06
10950.056 6.836442618199669e-06
11000.056 6.625906645099941e-06
11050.056 5.818415585700267e-06
11100.056 6.230385348900367e-06
11150.056 6.6492389262998986e-06
11200.056 6.658991753900375e-06
11250.056 7.442311416100195e-06
11300.056 7.271905949999928e-06
11350.056 6.8622641336997176e-06
11400.056 4.317995020099999e-06
11450.056 7.261375230299741e-06
11500.056 8.355376573699778e-06
11550.056 8.226454167299835e-06
11600.056 8.613058776499578e-06
11650.056 8.332667681800327e-06
11700.056 6.005761848419985e-06
11750.056 6.507276042899432e-06
11800.056 6.6072863329104675e-06
11850.056 8.7886480907003e-06
11900.056 9.409693194199474e-06
11950.056 8.4614345812e-06
12000.056 7.531148027000206e-06
12050.056 8.555662529699922e-06
12100.056 8.374296155999697e-06
12150.056 9.273524477799677e-06
12200.056 9.04617626429953e-06
12250.056 9.59585166629996e-06
12300.056 9.671173609000366e-06
12350.056 9.446225028500102e-06
12400.056 8.194217664899891e-06
12450.056 7.049533085000033e-06
12500.056 7.533605284799284e-06
12550.056 7.622121817900335e-06
12600.056 9.249794866800082e-06
12650.056 9.381181186599687e-06
12700.056 9.963634089100184e-06
12750.056 9.890552544499757e-06
12800.056 1.0285672845899946e-05
12850.056 1.0025771215500148e-05
12900.056 9.622562555699603e-06
12950.056 9.772552518900012e-06
13000.056 1.0184762047099632e-05
13050.056 1.0519027929299898e-05
13100.056 1.0591763530800032e-05
13150.056 1.077535837739989e-05
13200.056 1.0542762982800146e-05
13250.056 1.0123275756599996e-05
13300.056 9.54457389942936e-06
13350.056 6.990706261370433e-06
13400.056 6.719921085450592e-06
13450.056 6.349633718079944e-06
13500.056 6.1250503526597696e-06
13550.056 6.062053243171126e-06
13600.056 6.067658571600474e-06
13650.056 6.787476773039974e-06
13700.056 6.607093185500547e-06
13750.056 6.949464880899421e-06
13800.056 7.433422441010296e-06
13850.056 7.132176204699712e-06
13900.056 6.751740524630121e-06
13950.056 6.511617393710322e-06
14000.056 6.248174901900194e-06
14050.056 6.5716734255204735e-06
14100.056 5.936900792520581e-06
14150.056 6.130700197560152e-06
14200.056 5.783411657670301e-06
14250.056 5.68943359942934e-06
14300.056 5.863136611769514e-06
14350.056 5.9843484307401596e-06
14400.056 6.089526397149907e-06
14450.056 6.288639596060258e-06
14500.056 6.635046600629805e-06
14550.056 6.6219462662697325e-06
14600.056 7.110865335640669e-06
14650.056 6.933186232868603e-06
14700.056 6.5654884308596646e-06
14750.056 6.891581498620479e-06
14800.056 6.961898661800546e-06
14850.056 7.359478719499312e-06
14900.056 7.2915456081996734e-06
14950.056 7.332801037000589e-06
15000.056 7.523934578200169e-06
15050.056 8.06427829829946e-06
15100.056 7.918861782300206e-06
15150.056 7.796813307100159e-06
15200.056 8.326225054899729e-06
15250.056 8.408366299600018e-06
15300.056 8.62560919870005e-06
15350.056 8.877742950999997e-06
15400.056 8.971811556099974e-06
15450.056 9.18065130040022e-06
15500.056 9.27102312529996e-06
15550.056 9.512098427999624e-06
15600.056 9.550308758400417e-06
15650.056 9.731188947400061e-06
15700.056 1.0032529148600689e-05
15750.056 1.0229591093399636e-05
15800.056 1.0260253522900308e-05
15850.056 8.839603501200504e-06
15900.056 9.081638896700007e-06
15950.056 9.026337839799874e-06
16000.056 9.209790432000083e-06
16050.056 9.322973708700427e-06
16100.056 9.49945032260012e-06
16150.056 8.980508845999996e-06
16200.056 9.395956468300025e-06
16250.056 8.951121298200023e-06
16300.056 9.075719658900062e-06
16350.056 9.510745752499811e-06
16400.056 9.283978040400274e-06
16450.056 9.573000008000444e-06
16500.056 9.695569663599937e-06
16550.056 1.0037637438499692e-05
16600.056 9.543367780900146e-06
16650.056 1.0073193670500164e-05
16700.056 9.709037432099595e-06
16750.056 9.645813343799754e-06
16800.056 9.862452905899788e-06
16850.056 1.0010146904099668e-05
16900.056 9.74559003800039e-06
16950.056 9.73272600649957e-06
17000.056 9.856816803000406e-06
17050.056 9.789370574500352e-06
17100.056 9.582314922500294e-06
17150.056 9.561533840600313e-06
17200.056 9.098999550899835e-06
17250.056 8.707514152299959e-06
17300.056 8.720825304899367e-06
17350.056 8.68340774410048e-06
17400.056 8.354230120399673e-06
17450.056 8.189040475198326e-06
17500.056 7.916041630100351e-06
17550.056 7.671923820600786e-06
17600.056 7.530710171340192e-06
17650.056 7.514605720730216e-06
17700.056 6.727148699299239e-06
17750.056 6.726563403409568e-06
17800.056 6.515107256101222e-06
17850.056 6.116307206739784e-06
17900.056 6.289208013620371e-06
17950.056 6.146631444299853e-06
18000.056 5.804435631500328e-06
18050.056 5.845700585050426e-06
18100.056 5.755481600119451e-06
18150.056 6.102329079451109e-06
18200.056 5.376360133860131e-06
18250.056 6.15714844303958e-06
18300.056 5.895018142379796e-06
18350.056 5.85176939736018e-06
18400.056 5.7049996640003685e-06
18450.056 5.266424083311259e-06
18500.056 5.397236627870199e-06
18550.056 5.073300303439694e-06
18600.056 4.531662683069294e-06
18650.056 5.100116266860745e-06
18700.056 5.411982008530485e-06
18750.056 5.191614435551043e-06
18800.056 5.4765335112209165e-06
18850.056 5.997816167459678e-06
18900.056 5.756593967498858e-06
18950.056 6.042756094399675e-06
19000.056 6.208761357999232e-06
19050.056 6.0291691541999535e-06
19100.056 6.29189542410059e-06
19150.056 6.338828238280028e-06
19200.056 6.30520295272071e-06
19250.056 6.08137665693968e-06
19300.056 6.3245880659795315e-06
19350.056 6.285478391849337e-06
19400.056 5.567177472639576e-06
19450.056 6.207300350050086e-06
19500.056 6.227213589629973e-06
19550.056 5.512474636470584e-06
19600.056 5.935678439039592e-06
19650.056 5.994211812338604e-06
19700.056 5.932331473550231e-06
19750.056 5.523691556840202e-06
19800.056 5.833626440029542e-06
19850.056 5.972762746009867e-06
19900.056 5.4102090964207664e-06
19950.056 5.9965535490997265e-06
20000.056 5.509874851800571e-06
20050.056 5.969256322900509e-06
20100.056 5.740004301008209e-06
20150.056 5.912260354100749e-06
20200.056 6.0269657040596355e-06
20250.056 6.109725197399749e-06
20300.056 6.1180819833904715e-06
20350.056 6.316574713399485e-06
20400.056 6.346290707398698e-06
20450.056 6.40223580459912e-06
20500.056 6.550222015399529e-06
20550.056 6.60014405489988e-06
20600.056 6.844308337300036e-06
20650.056 6.703579673900039e-06
20700.056 6.955771002800253e-06
20750.056 6.94305106779978e-06
20800.056 7.150994423299792e-06
20850.056 7.037958326699941e-06
20900.056 7.31552615349997e-06
20950.056 7.3337888857998035e-06
21000.056 7.423661589799949e-06
21050.056 7.535906959600037e-06
21100.056 7.510271939999962e-06
21150.056 7.680840963000003e-06
21200.056 7.713912769400142e-06
21250.056 7.845466579099778e-06
21300.056 7.700970505500167e-06
21350.056 7.941523622200057e-06
21400.056 7.802514399300064e-06
21450.056 8.127097237000012e-06
21500.056 7.909795106300078e-06
21550.056 8.018693051999863e-06
21600.056 8.087036002600136e-06
21650.056 8.055075492800037e-06
21700.056 8.16086819149996e-06
21750.056 8.063760243400043e-06
21800.056 8.076539966199835e-06
21850.056 8.070405712699846e-06
21900.056 8.13880465560023e-06
21950.056 8.060502570600015e-06
22000.056 8.124115416999882e-06
22050.056 7.890817272699807e-06
22100.056 7.992161360699942e-06
22150.056 8.078212129400139e-06
22200.056 7.9545030953003e-06
22250.056 8.120073514800176e-06
22300.056 8.050775541300038e-06
22350.056 7.927818849300051e-06
22400.056 8.023782759799951e-06
22450.056 7.952944807099843e-06
22500.056 7.956815128399979e-06
22550.056 7.937557797799785e-06
22600.056 7.935728606499948e-06
22650.056 7.828487840300313e-06
22700.056 7.801712132800337e-06
22750.056 7.917821213799862e-06
22800.056 7.744379224299987e-06
22850.056 7.81485839450011e-06
22900.056 7.820148051499889e-06
22950.056 6.500205678400515e-06
23000.056 6.809990047600153e-06
23050.056 6.9775914950392634e-06
23100.056 6.824510347310013e-06
23150.056 7.0244013252900415e-06
23200.056 6.936148512590283e-06
23250.056 6.2210076443592805e-06
23300.056 6.49191319030005e-06
23350.056 6.642036715829998e-06
23400.056 6.611192049800086e-06
23450.056 6.627464612400419e-06
23500.056 6.724674611399616e-06
23550.056 6.218099748900759e-06
23600.056 6.207464558800668e-06
23650.056 6.480761926289498e-06
23700.056 6.388613667659419e-06
23750.056 6.4603982603605295e-06
23800.056 6.4231460596201305e-06
23850.056 5.868766756390194e-06
23900.056 6.089689771540324e-06
23950.056 6.271430968000606e-06
24000.056 6.0181846899990754e-06
24050.056 5.925506100900523e-06
24100.056 5.650888172199622e-06
24150.056 5.515868218900376e-06
24200.056 5.480195982199355e-06
24250.056 5.368055029800229e-06
24300.056 5.325549719800336e-06
24350.056 4.941489334020158e-06
24400.056 5.289879405599969e-06
24450.056 4.912521834699965e-06
24500.056 4.6979979124104525e-06
24550.056 4.554576954990485e-06
24600.056 4.5866759361002595e-06
24650.056 4.9232698328402116e-06
24700.056 4.272389195930013e-06
24750.056 4.0565785909202885e-06
24800.056 4.100509803079908e-06
24850.056 4.572218534190469e-06
24900.056 3.621070409730939e-06
24950.056 4.384977962469955e-06
25000.056 4.0344557858705145e-06
25050.056 3.341238126720608e-06
25100.056 3.984109402009762e-06
25150.056 3.5618495708297352e-06
25200.056 3.7447057678601863e-06
25250.056 3.5288880721994446e-06
25300.056 3.786385839070369e-06
25350.056 3.2834860489499858e-06
25400.056 3.61103991226085e-06
25450.056 3.322057557049953e-06
25500.056 3.525502362600668e-06
25550.056 3.4038082099599915e-06
25600.056 3.4593174429298076e-06
25650.056 3.1700870454097266e-06
25700.056 3.920834984139183e-06
25750.056 3.0048573757403715e-06
25800.056 3.7121183157303623e-06
25850.056 3.4820184780597143e-06
25900.056 3.6970048827607246e-06
25950.056 3.342394712220432e-06
26000.056 3.7618259072406067e-06
26050.056 3.848121115629953e-06
26100.056 3.945738205920328e-06
26150.056 3.917283695069472e-06
26200.056 3.7264728613001283e-06
26250.056 3.943472565650126e-06
26300.056 3.9022281941297935e-06
26350.056 4.051619090759975e-06
26400.056 4.074560448869871e-06
26450.056 4.012728002709877e-06
26500.056 4.220758729389304e-06
26550.056 4.156476662829732e-06
26600.056 4.6873559006996e-06
26650.056 3.879842911679653e-06
26700.056 3.964030411170096e-06
26750.056 3.4637194474788852e-06
26800.056 3.830958084579614e-06
26850.056 3.1194852279803786e-06
26900.056 3.950324895499731e-06
26950.056 2.8616978174097917e-06
27000.056 3.7020237463401644e-06
27050.056 3.1831990495696806e-06
27100.056 3.2327866171394236e-06
27150.056 3.3492030561801132e-06
27200.056 3.3723574991302595e-06
27250.056 3.0594305493107015e-06
27300.056 3.5680118169303683e-06
27350.056 3.3539396916293093e-06
27400.056 2.9199108729798395e-06
27450.056 3.78585921183938e-06
27500.056 3.4470420907201552e-06
27550.056 3.215475590469713e-06
27600.056 3.7705141377698056e-06
27650.056 3.111745336339952e-06
27700.056 2.9807355623200753e-06
27750.056 3.824943344549143e-06
27800.056 3.0338281845299638e-06
27850.056 3.148914406059641e-06
27900.056 3.2563186428497165e-06
27950.056 3.753979657729808e-06
28000.056 3.4251245717105458e-06
28050.056 2.7380185516206036e-06
28100.056 3.830302201730831e-06
28150.056 3.1488626995700133e-06
28200.056 2.7550558877699884e-06
28250.056 3.4368742691398373e-06
28300.056 3.811393758330591e-06
28350.056 2.9445476232494207e-06
28400.056 3.338221750550193e-06
28450.056 3.4347687045497656e-06
28500.056 3.400845634509624e-06
28550.056 2.5013429396394795e-06
28600.056 3.876562620250267e-06
28650.056 3.466765449999981e-06
28700.056 3.0748632532998293e-06
28750.056 3.489880199509928e-06
28800.056 3.460159208060393e-06
28850.056 3.4768090072102248e-06
28900.056 2.75470845429995e-06
28950.056 3.835476682539893e-06
