galfind/configs/Brown_Dwarf_templates/sonora_bobcat/m-0.5/1780g/sp_t375g1780nc_m-0.5_resample.dat
# %ECSV 1.0
# ---
# datatype:
# - {name: wav, unit: Angstrom, datatype: float64}
# - {name: flux_nu, unit: erg / (cm2 Hz s), datatype: float64}
# meta: {C/O: '1.00', Kzz: '1.0000E+05', Teff: '375.', Y: '0.28', '[Fe/H]': '-0.50', f_hole: '1.00', f_rain: '0.00', grav: '1780.'}
# schema: astropy-2.0
wav flux_nu
4000.0559999999996 nan
4050.0559999999996 1.4499271676000278e-18
4100.056 5.972303858210103e-17
4150.056 4.496988010700045e-16
4200.056 9.344064124300065e-16
4250.056 3.992162637400031e-15
4300.056 9.420319248500047e-15
4350.056 1.8264518254000075e-14
4400.056 3.2741007407000134e-14
4450.056 5.4972084000000204e-14
4500.056 8.742644120200023e-14
4550.056 1.2431457055000016e-13
4600.056 1.0757789859000005e-13
4650.056 1.039862035689999e-13
4700.056 8.055937667699968e-14
4750.056 4.467070331599973e-14
4800.056 2.4140880937999873e-14
4850.056 1.3275849410999929e-14
4900.056 8.473678741599967e-15
4950.056 5.785362876099976e-15
5000.056 3.5348875219999803e-15
5050.056 2.3775645619999966e-15
5100.056 2.3358735961000006e-15
5150.056 2.3770821104000006e-15
5200.056 2.523458700700002e-15
5250.056 2.6972475210000017e-15
5300.056 2.882244868200002e-15
5350.056 3.1126534472000033e-15
5400.056 3.397001670700004e-15
5450.056 3.712912027000004e-15
5500.056 4.052166977700004e-15
5550.056 4.390789293200004e-15
5600.056 4.724050002500004e-15
5650.056 5.033592034200004e-15
5700.056 5.235934918700002e-15
5750.056 5.184408275199997e-15
5800.056 4.75080835799999e-15
5850.056 3.3962955120999643e-15
5900.056 1.1446172213300336e-15
5950.056 6.92438651820009e-15
6000.056 1.4200735014000115e-14
6050.056 2.462749892200017e-14
6100.056 3.915375032500025e-14
6150.056 5.920669120800033e-14
6200.056 8.724380278700043e-14
6250.056 1.254142361400006e-13
6300.056 1.7930944676000087e-13
6350.056 2.534860156700013e-13
6400.056 3.542050366400018e-13
6450.056 4.691266225900014e-13
6500.056 6.413393355400039e-13
6550.056 8.86728963320003e-13
6600.056 1.2208905239000075e-12
6650.056 1.6871757314000083e-12
6700.056 2.17826506740001e-12
6750.056 2.945804284000012e-12
6800.056 3.5219976599000057e-12
6850.056 3.530036435399994e-12
6900.056 2.829961143599981e-12
6950.056 2.1582533127000015e-12
7000.056 2.104509834199993e-12
7050.056 2.1342923839000025e-12
7100.056 2.336653408200002e-12
7150.056 2.071483288959976e-12
7200.056 1.8269161238200186e-12
7250.056 1.962542824799965e-12
7300.056 1.9674028110000234e-12
7350.056 2.266364365700004e-12
7400.056 2.5772499483000042e-12
7450.056 2.92019552410001e-12
7500.056 3.1601857593000018e-12
7550.056 3.269279071000001e-12
7600.056 3.2399132892999967e-12
7650.056 1.802227583989966e-12
7700.056 1.8166149878800343e-12
7750.056 3.730614881600033e-12
7800.056 4.927087194700031e-12
7850.056 6.740022290100025e-12
7900.056 8.428838178700035e-12
7950.056 9.443118212800039e-12
8000.056 1.2796525685000063e-11
8050.056 1.569362449400006e-11
8100.056 1.5536440543999927e-11
8150.056 1.4286558553400254e-11
8200.056 2.2893045045000187e-11
8250.056 2.5950421845100368e-11
8300.056 3.1797507602000095e-11
8350.056 3.8745649559000306e-11
8400.056 5.008478585500067e-11
8450.056 6.626947112200058e-11
8500.056 8.112043696000048e-11
8550.056 1.0092316876200109e-10
8600.056 1.26262103260001e-10
8650.056 1.5128797247000105e-10
8700.056 1.7532880334000113e-10
8750.056 2.0484364665000138e-10
8800.056 2.3203694462000095e-10
8850.056 2.397235215899982e-10
8900.056 1.4519396712799577e-10
8950.056 1.180128461790021e-10
9000.056 1.2139464946400112e-10
9050.056 2.943464061000013e-10
9100.056 3.2404514742001156e-10
9150.056 3.6766365669999647e-10
9200.056 4.777127566800145e-10
9250.056 4.096970014429777e-10
9300.056 1.6088027580163777e-11
9350.056 2.3466894196597122e-11
9400.056 1.920618817538746e-10
9450.056 7.403241194966426e-11
9500.056 7.637675789295612e-11
9550.056 8.521729321676847e-11
9600.056 1.1723163736469638e-10
9650.056 2.2298815648202187e-10
9700.056 5.532398116199913e-10
9750.056 6.482141594300339e-10
9800.056 8.466714992399963e-10
9850.056 1.113648933490004e-09
9900.056 1.4907822471000288e-09
9950.056 1.7025040080000166e-09
10000.056 1.0914458380822157e-09
10050.056 6.000122080899716e-10
10100.056 4.420445360899969e-10
10150.056 3.307148309199937e-10
10200.056 2.271920278500001e-10
10250.056 2.1440526558000042e-10
10300.056 2.204138651099953e-10
10350.056 1.5266091913000093e-10
10400.056 1.637608447099995e-10
10450.056 1.5784985865999773e-10
10500.056 1.4643463224999943e-10
10550.056 1.3623852279999925e-10
10600.056 1.2007609847999923e-10
10650.056 1.0141669507499909e-10
10700.056 8.263444605199914e-11
10750.056 6.896014750399929e-11
10800.056 5.876863072599981e-11
10850.056 5.1085161873999655e-11
10900.056 4.462087668199955e-11
10950.056 3.593818680099971e-11
11000.056 2.6858430934999324e-11
11050.056 1.6458171441599674e-11
11100.056 7.363247023809574e-12
11150.056 2.7238767716224015e-12
11200.056 1.782459303571489e-12
11250.056 2.7673252461150224e-12
11300.056 4.704422537369805e-12
11350.056 2.0863588877664384e-12
11400.056 8.369708439054527e-12
11450.056 4.882935698366731e-12
11500.056 4.986541849215147e-12
11550.056 2.723142758403488e-12
11600.056 2.1004376262489386e-12
11650.056 5.692108834780449e-12
11700.056 8.38286106319928e-12
11750.056 5.675396648690503e-12
11800.056 1.5324315181500023e-11
11850.056 1.746336004039996e-11
11900.056 1.9252853175000056e-11
11950.056 2.1398867218000068e-11
12000.056 2.3477634290000237e-11
12050.056 2.7511166712000276e-11
12100.056 3.060035003300039e-11
12150.056 3.7439141847000155e-11
12200.056 4.3781365382000165e-11
12250.056 5.496592542100054e-11
12300.056 7.051168147200108e-11
12350.056 8.316531558800092e-11
12400.056 1.0472596697300111e-10
12450.056 1.3507573978000187e-10
12500.056 1.6326771803999975e-10
12550.056 1.7489629950000235e-10
12600.056 2.2766632860000357e-10
12650.056 2.9168555720000373e-10
12700.056 3.441843855700013e-10
12750.056 3.57423377990001e-10
12800.056 3.4950887928999887e-10
12850.056 3.1488023940999765e-10
12900.056 2.8996379250999817e-10
12950.056 2.841050695900023e-10
13000.056 3.0957401172000635e-10
13050.056 2.7211377023999906e-10
13100.056 3.156737813299917e-10
13150.056 2.5252450701601005e-10
13200.056 2.673641554799944e-10
13250.056 2.6043242187899735e-10
13300.056 1.2003679084997544e-10
13350.056 6.718519275249992e-11
13400.056 9.088520731986016e-12
13450.056 1.1620356300047291e-12
13500.056 2.023977932233755e-13
13550.056 3.014800566366113e-14
13600.056 8.182955806034858e-15
13650.056 6.034315635896709e-14
13700.056 3.3926963970026874e-14
13750.056 2.783706739526605e-13
13800.056 3.277751936226813e-13
13850.056 5.256437570559002e-14
13900.056 1.5893268412986946e-13
13950.056 1.3251860268553622e-13
14000.056 3.9233791985572226e-13
14050.056 3.7248616973947257e-13
14100.056 3.3278017326298455e-13
14150.056 1.0259712572835725e-12
14200.056 7.884228423923737e-13
14250.056 1.2317767878343462e-12
14300.056 4.3656740508831694e-12
14350.056 4.860140794996109e-12
14400.056 4.6556487088901514e-12
14450.056 1.123624399151189e-11
14500.056 2.8515592010318827e-11
14550.056 4.68433811443915e-11
14600.056 8.886896737314949e-11
14650.056 3.747176077430743e-11
14700.056 1.570685631227643e-11
14750.056 1.2587467077626461e-11
14800.056 9.443841067135445e-12
14850.056 1.0982430563610242e-11
14900.056 9.764857434649759e-12
14950.056 9.333399844589238e-12
15000.056 2.5636078433850182e-11
15050.056 3.724216001140094e-11
15100.056 1.731916547865274e-11
15150.056 8.622110096150922e-12
15200.056 2.5080148248508095e-11
15250.056 4.4822120189906305e-11
15300.056 6.523407233379681e-11
15350.056 7.837410767560427e-11
15400.056 1.0343547404800322e-10
15450.056 1.3315161526100814e-10
15500.056 1.9531905035000021e-10
15550.056 2.794214501100128e-10
15600.056 4.061448268599969e-10
15650.056 5.680450372100206e-10
15700.056 7.219875084200045e-10
15750.056 7.972987026200038e-10
15800.056 8.633046688800011e-10
15850.056 9.140195366000065e-10
15900.056 9.089549670199971e-10
15950.056 9.103937481799976e-10
16000.056 8.396093698399928e-10
16050.056 7.186029206599889e-10
16100.056 5.517375276099949e-10
16150.056 3.7852596200998223e-10
16200.056 2.0361807374799643e-10
16250.056 1.213139083280003e-10
16300.056 7.207069470879097e-11
16350.056 6.161270539286445e-11
16400.056 6.233678984675255e-11
16450.056 6.86286363643984e-11
16500.056 6.65110546834264e-11
16550.056 7.592351371208551e-11
16600.056 1.338866805383714e-10
16650.056 5.996388284326963e-11
16700.056 2.979463956580241e-11
16750.056 7.393248118436468e-11
16800.056 7.836138676283933e-11
16850.056 6.885825082509593e-11
16900.056 4.845491467720214e-11
16950.056 3.7715274601759064e-11
17000.056 2.657411176110214e-11
17050.056 3.5984014659302225e-11
17100.056 4.9538975571199414e-11
17150.056 4.1428313244503805e-11
17200.056 7.322674551179876e-11
17250.056 3.821997328519459e-11
17300.056 3.435235574949944e-11
17350.056 4.004824720299924e-11
17400.056 4.934055672560088e-11
17450.056 5.293613879980051e-11
17500.056 6.288540232400133e-11
17550.056 5.303598874499766e-11
17600.056 5.1323069803001514e-11
17650.056 3.940608672739911e-11
17700.056 3.482323676899978e-11
17750.056 2.6595648205700285e-11
17800.056 3.060541548360122e-11
17850.056 1.783851836638778e-11
17900.056 1.3939815575148536e-11
17950.056 8.297947474396076e-12
18000.056 1.0849260477899134e-11
18050.056 4.719654958496393e-12
18100.056 4.689614953130876e-12
18150.056 3.091961142261727e-12
18200.056 1.96062645417003e-12
18250.056 6.00666858237954e-12
18300.056 9.88211939071788e-13
18350.056 9.578499346718608e-13
18400.056 4.4092343269599644e-13
18450.056 3.3140998277060318e-12
18500.056 2.6108838465329553e-12
18550.056 1.0633376819234624e-12
18600.056 2.243097932134881e-12
18650.056 1.6255350503113357e-12
18700.056 1.3301804443508246e-13
18750.056 3.6249401350267497e-13
18800.056 4.736757776744884e-12
18850.056 3.9655733357197905e-12
18900.056 4.3125130198341665e-12
18950.056 5.37990751101279e-12
19000.056 1.0108519301773709e-12
19050.056 5.320081115490068e-13
19100.056 1.9569826904255677e-12
19150.056 8.79363958676871e-13
19200.056 1.8883849932362856e-12
19250.056 1.5570300984734147e-12
19300.056 9.257732301206913e-13
19350.056 1.1806380765968728e-12
19400.056 7.547005633925048e-13
19450.056 8.94197665871779e-13
19500.056 1.0881772863278444e-12
19550.056 1.3187364170245554e-12
19600.056 2.1756141685014965e-12
19650.056 2.181089532168266e-12
19700.056 2.853434781699889e-12
19750.056 3.2060302543966568e-12
19800.056 2.0542713610564295e-12
19850.056 2.9196163347280854e-12
19900.056 3.968719241654787e-12
19950.056 3.292593191177157e-12
20000.056 3.724577170538654e-12
20050.056 3.497972152222572e-12
20100.056 4.283558620572636e-12
20150.056 3.23704820832866e-12
20200.056 2.8828616788624503e-12
20250.056 4.040093630970263e-12
20300.056 4.185048575419987e-12
20350.056 4.275679583899785e-12
20400.056 4.496628557200036e-12
20450.056 4.990510947600207e-12
20500.056 4.895857452700028e-12
20550.056 4.762386561499925e-12
20600.056 4.594624840300061e-12
20650.056 4.398394294399921e-12
20700.056 4.1763382583999615e-12
20750.056 3.904450905199977e-12
20800.056 3.624305356799966e-12
20850.056 3.428797253299983e-12
20900.056 3.2155097934999854e-12
20950.056 3.025155868499986e-12
21000.056 2.88060714249999e-12
21050.056 2.8153606865999938e-12
21100.056 2.779533856999998e-12
21150.056 2.8183323917000087e-12
21200.056 2.9010500349000135e-12
21250.056 3.0344076180000003e-12
21300.056 3.1797038685000274e-12
21350.056 3.3377302726999753e-12
21400.056 3.6327504984000733e-12
21450.056 3.6780152626000515e-12
21500.056 3.7351572248500025e-12
21550.056 3.871569809699969e-12
21600.056 3.834950856699974e-12
21650.056 3.876066101169916e-12
21700.056 4.095019500999827e-12
21750.056 3.961626674893276e-12
21800.056 3.5737449658580424e-12
21850.056 3.487535088454034e-12
21900.056 3.0759910647501388e-12
21950.056 2.1936559467937375e-12
22000.056 4.776474864711692e-13
22050.056 8.145317664400556e-13
22100.056 1.4998560824487313e-12
22150.056 1.0885787065569323e-12
22200.056 1.1046017615196948e-12
22250.056 9.535553427904006e-13
22300.056 5.541696405055891e-13
22350.056 7.919644732934283e-13
22400.056 4.79658665470295e-13
22450.056 5.805271078627646e-13
22500.056 4.858102444286242e-13
22550.056 2.8968602365983895e-13
22600.056 2.4276063577177573e-13
22650.056 2.5378789647169e-13
22700.056 3.092402141463743e-13
22750.056 4.075522043481686e-13
22800.056 5.717264814612394e-13
22850.056 3.5090975024393576e-13
22900.056 3.331810352418183e-13
22950.056 2.4970086943108926e-13
23000.056 2.310321566400105e-13
23050.056 2.319686993127809e-13
23100.056 1.1160481044762473e-12
23150.056 8.764696516025701e-13
23200.056 1.2958851373138555e-13
23250.056 5.352261541145329e-13
23300.056 3.5237373923780487e-13
23350.056 4.440073588970036e-13
23400.056 2.791286414754403e-13
23450.056 2.0932627595192224e-13
23500.056 1.8438842726715147e-13
23550.056 3.7672816354178375e-13
23600.056 7.135575017685712e-13
23650.056 9.204482024547673e-13
23700.056 1.6844290873853617e-13
23750.056 2.9450671559758995e-13
23800.056 1.0709040146051913e-12
23850.056 5.732050582909897e-13
23900.056 1.0085253528419208e-12
23950.056 5.919219211897833e-13
24000.056 1.254723267982949e-12
24050.056 1.2765127099556806e-12
24100.056 1.6934510619672396e-12
24150.056 2.2431260259800326e-12
24200.056 2.183371947620104e-12
24250.056 2.109527608640074e-12
24300.056 3.3763003566432663e-12
24350.056 3.017383250261739e-12
24400.056 5.099461237500218e-12
24450.056 5.462939992876052e-12
24500.056 5.472059554839973e-12
24550.056 8.289840688500252e-12
24600.056 1.0166789507899717e-11
24650.056 1.1709786390350497e-11
24700.056 1.1158845019223924e-11
24750.056 1.4221817414040994e-11
24800.056 1.4726478743000225e-11
24850.056 1.669245953143295e-11
24900.056 1.2491948625218854e-11
24950.056 1.7018540144535385e-11
25000.056 2.2383292276699503e-11
25050.056 1.24594257561321e-11
25100.056 1.9535196060037393e-11
25150.056 1.0566810781768486e-11
25200.056 1.6756404953034095e-11
25250.056 7.078557936669695e-12
25300.056 7.710564256827093e-12
25350.056 3.4732946926436986e-12
25400.056 9.512136419599993e-12
25450.056 2.5433925510810895e-12
25500.056 1.99502471345392e-12
25550.056 8.429296088316868e-12
25600.056 3.5396051952140236e-12
25650.056 1.093726067826825e-12
25700.056 7.194763574274853e-13
25750.056 1.6597175272539035e-13
25800.056 1.2453397096157457e-12
25850.056 1.5189266607619547e-13
25900.056 3.137163448297338e-13
25950.056 2.899670282360741e-14
26000.056 9.230105317680108e-13
26050.056 4.664704623294473e-14
26100.056 4.3773736226306945e-13
26150.056 1.1667239952591584e-13
26200.056 1.905261794635019e-13
26250.056 2.1969091530278467e-12
26300.056 1.754268555541279e-13
26350.056 8.05876842215729e-12
26400.056 1.5005538737837013e-11
26450.056 4.689512036527875e-12
26500.056 1.661666601097469e-11
26550.056 1.010147905501106e-12
26600.056 7.165319602196888e-13
26650.056 6.910528983726896e-14
26700.056 4.244806681535075e-14
26750.056 8.652422777924312e-14
26800.056 5.954569006594667e-13
26850.056 2.774631401523115e-13
26900.056 1.9427867001934837e-12
26950.056 4.4039915753630487e-13
27000.056 3.4332729996414952e-12
27050.056 6.675066548758804e-12
27100.056 1.6076281736999725e-13
27150.056 5.22662883223954e-12
27200.056 1.3747872498355424e-13
27250.056 9.208374561792446e-13
27300.056 2.0254361277004003e-11
27350.056 3.2040203106442495e-12
27400.056 9.485946526830499e-14
27450.056 5.463533947360746e-12
27500.056 8.830997805877565e-12
27550.056 6.730661025265244e-13
27600.056 3.2669160437564877e-12
27650.056 4.846178447405264e-13
27700.056 6.074938272250576e-13
27750.056 6.574569227852764e-12
27800.056 1.7040761171195237e-12
27850.056 4.28772530296265e-12
27900.056 7.42889706208399e-12
27950.056 1.4382627708015565e-11
28000.056 1.4750585820003906e-11
28050.056 1.0472483726420892e-12
28100.056 2.5210847945188687e-11
28150.056 1.5420577318883477e-11
28200.056 2.630757207566445e-12
28250.056 4.055775040062771e-11
28300.056 4.081824064274829e-11
28350.056 3.5779707782132958e-12
28400.056 2.495415001870293e-11
28450.056 5.14945290920419e-11
28500.056 2.0738946126598112e-11
28550.056 4.9249476019886865e-12
28600.056 4.429375709048685e-11
28650.056 1.7542344405085243e-11
28700.056 4.173909047582736e-11
28750.056 1.0791963250764916e-10
28800.056 2.770756338541502e-11
