galfind/configs/Brown_Dwarf_templates/sonora_bobcat/m-0.5/1780g/sp_t2300g1780nc_m-0.5_resample.dat
# %ECSV 1.0
# ---
# datatype:
# - {name: wav, unit: Angstrom, datatype: float64}
# - {name: flux_nu, unit: erg / (cm2 Hz s), datatype: float64}
# meta: {C/O: '1.00', Kzz: '1.0000E+05', Teff: '2300.', Y: '0.28', '[Fe/H]': '-0.50', f_hole: '1.00', f_rain: '0.00', grav: '1780.'}
# schema: astropy-2.0
wav flux_nu
4000.0559999999996 nan
4050.0559999999996 3.6680963102758365e-08
4100.056 5.913190415635382e-08
4150.056 5.661556830024566e-08
4200.056 5.070902613577525e-08
4250.056 4.511701184740558e-08
4300.056 3.512670950216156e-08
4350.056 3.061760669936399e-08
4400.056 2.955376536590744e-08
4450.056 1.670614101240263e-08
4500.056 1.3921276893023435e-08
4550.056 1.8348488577143925e-08
4600.056 1.2896314122996573e-08
4650.056 8.265803274537923e-09
4700.056 1.1791769291112495e-08
4750.056 1.4056119932786068e-08
4800.056 4.022706518121304e-09
4850.056 6.362686131941513e-09
4900.056 1.92720589811965e-08
4950.056 2.3962640961907693e-08
5000.056 4.293624841788993e-09
5050.056 7.162084412761157e-09
5100.056 9.613878336511648e-09
5150.056 6.951041927661589e-09
5200.056 5.100530803739909e-09
5250.056 1.0720336053500421e-08
5300.056 1.4356690996299935e-08
5350.056 1.4390990721000569e-08
5400.056 1.4838077347200483e-08
5450.056 1.0356343255499275e-08
5500.056 7.343541805099972e-09
5550.056 8.903841683800365e-09
5600.056 7.215553080200488e-09
5650.056 6.020496577700018e-09
5700.056 5.595790868000051e-09
5750.056 3.96716619489986e-09
5800.056 2.4030487467999653e-09
5850.056 8.724095335599783e-10
5900.056 1.0642114792990657e-10
5950.056 1.7608470348700136e-09
6000.056 5.171382561999984e-09
6050.056 1.0776217399200252e-08
6100.056 1.7797282930000037e-08
6150.056 2.159383689019887e-08
6200.056 1.607639703169999e-08
6250.056 1.976405880580085e-08
6300.056 3.166047266000077e-08
6350.056 4.258742517700361e-08
6400.056 5.3657678832001083e-08
6450.056 6.530000783098815e-08
6500.056 7.630806336898774e-08
6550.056 9.797495291899069e-08
6600.056 9.213010175999913e-08
6650.056 6.951344963300684e-08
6700.056 3.830752989348292e-08
6750.056 5.199326489500419e-08
6800.056 6.30183945440078e-08
6850.056 8.828626737900533e-08
6900.056 1.386660199759974e-07
6950.056 1.994517705070089e-07
7000.056 3.109341934789935e-07
7050.056 2.530841579290147e-07
7100.056 7.80196182190003e-08
7150.056 6.355937076800239e-08
7200.056 9.605072648399661e-08
7250.056 1.6438824885603e-07
7300.056 3.009098190370425e-07
7350.056 4.921834287899886e-07
7400.056 6.236909172200197e-07
7450.056 6.428402943499866e-07
7500.056 6.063311715800046e-07
7550.056 5.263937838300028e-07
7600.056 2.684124393169923e-07
7650.056 4.1995635373766874e-08
7700.056 1.7274045482577594e-08
7750.056 1.3170234605400535e-07
7800.056 2.3234601853839e-07
7850.056 3.5024126684001256e-07
7900.056 4.878828690400268e-07
7950.056 5.696148007234192e-07
8000.056 8.530631997699568e-07
8050.056 1.161712916890007e-06
8100.056 1.4507547717300563e-06
8150.056 1.6529768569300055e-06
8200.056 9.463321836759378e-07
8250.056 1.6357105915399713e-06
8300.056 1.519993013180154e-06
8350.056 1.661708043870128e-06
8400.056 1.6920498406300665e-06
8450.056 9.893613726699743e-07
8500.056 8.506285831462141e-07
8550.056 1.228963071770107e-06
8600.056 1.6136486877997327e-06
8650.056 1.966155824099923e-06
8700.056 1.6831708713898155e-06
8750.056 1.7654891282901486e-06
8800.056 2.2881020273701818e-06
8850.056 2.120828689539841e-06
8900.056 1.558720872870103e-06
8950.056 1.784734648996495e-06
9000.056 2.285518470080207e-06
9050.056 2.0869220862499448e-06
9100.056 2.632111148639911e-06
9150.056 3.049340594340073e-06
9200.056 3.128186158150251e-06
9250.056 2.656851379140246e-06
9300.056 2.408098969120015e-06
9350.056 2.597414784050047e-06
9400.056 2.7933470018401548e-06
9450.056 3.2354531060997607e-06
9500.056 3.73285546530008e-06
9550.056 3.910476564100034e-06
9600.056 4.21005218120015e-06
9650.056 4.560178279900195e-06
9700.056 4.909581856599909e-06
9750.056 4.365162498399872e-06
9800.056 4.5226444550999e-06
9850.056 4.387495165999956e-06
9900.056 2.827660461969765e-06
9950.056 1.812763356860076e-06
10000.056 1.7910961396099499e-06
10050.056 1.9925884309399435e-06
10100.056 2.537102016380303e-06
10150.056 2.4534482624499338e-06
10200.056 2.681194244829958e-06
10250.056 2.6825089591597383e-06
10300.056 2.378445185399841e-06
10350.056 2.8887812458901967e-06
10400.056 3.3348210739098247e-06
10450.056 3.455146634550267e-06
10500.056 3.6011622544096624e-06
10550.056 3.9488897891501964e-06
10600.056 4.313732978890097e-06
10650.056 4.232745508350243e-06
10700.056 4.280503244570134e-06
10750.056 4.635974617320221e-06
10800.056 4.983380631039781e-06
10850.056 5.428360833459754e-06
10900.056 5.637684129299818e-06
10950.056 5.832556539399794e-06
11000.056 5.636729392499933e-06
11050.056 4.9000197374002294e-06
11100.056 5.266178392700271e-06
11150.056 5.666430556399942e-06
11200.056 5.671749191500376e-06
11250.056 6.45048892170016e-06
11300.056 6.269665544699939e-06
11350.056 5.8797206810997015e-06
11400.056 3.7182292477000187e-06
11450.056 6.273770525199809e-06
11500.056 7.350183743899789e-06
11550.056 7.1981552315998805e-06
11600.056 7.573619964799583e-06
11650.056 7.229064124200258e-06
11700.056 5.017779415589994e-06
11750.056 5.4785999129195034e-06
11800.056 5.591168619900404e-06
11850.056 7.717442451200295e-06
11900.056 8.376811695499545e-06
11950.056 7.37963138660002e-06
12000.056 6.412098602700141e-06
12050.056 7.462101399899931e-06
12100.056 7.278105813399723e-06
12150.056 8.194076110899718e-06
12200.056 7.942053538699522e-06
12250.056 8.502662342799965e-06
12300.056 8.584288970400302e-06
12350.056 8.325182011700038e-06
12400.056 7.075343158499913e-06
12450.056 6.049304034600029e-06
12500.056 6.452433603199451e-06
12550.056 6.563232369600322e-06
12600.056 8.13943560270006e-06
12650.056 8.27543314129973e-06
12700.056 8.906087097300252e-06
12750.056 8.795762177399756e-06
12800.056 9.175885564600035e-06
12850.056 8.912876527100057e-06
12900.056 8.492543609599698e-06
12950.056 8.64450356990002e-06
13000.056 9.0527179927997e-06
13050.056 9.402514240799914e-06
13100.056 9.483317313500039e-06
13150.056 9.66000455549991e-06
13200.056 9.417004673700147e-06
13250.056 8.989065248700013e-06
13300.056 8.394701281109444e-06
13350.056 5.896360867420326e-06
13400.056 5.56717617474051e-06
13450.056 5.210580436811935e-06
13500.056 4.958338703799745e-06
13550.056 4.875911633940924e-06
13600.056 4.897553180188387e-06
13650.056 5.621913990179936e-06
13700.056 5.426953669450517e-06
13750.056 5.752717347539487e-06
13800.056 6.226189613920208e-06
13850.056 5.912719256679768e-06
13900.056 5.580776217441114e-06
13950.056 5.345796220290253e-06
14000.056 5.106116800380143e-06
14050.056 5.41558046843037e-06
14100.056 4.810498735060402e-06
14150.056 5.026028737928158e-06
14200.056 4.69337945816227e-06
14250.056 4.594033845309417e-06
14300.056 4.7803534024896165e-06
14350.056 4.888722324650118e-06
14400.056 4.984149026019925e-06
14450.056 5.164928430400216e-06
14500.056 5.519927626619846e-06
14550.056 5.511208476719778e-06
14600.056 5.999427324240598e-06
14650.056 5.837323518238789e-06
14700.056 5.493849416529754e-06
14750.056 5.808738756730469e-06
14800.056 5.896685668520481e-06
14850.056 6.264509984599419e-06
14900.056 6.190119553299727e-06
14950.056 6.237752626400516e-06
15000.056 6.425431833900115e-06
15050.056 6.936598762899531e-06
15100.056 6.810779768800157e-06
15150.056 6.75802845390016e-06
15200.056 7.202945347499761e-06
15250.056 7.302198809900029e-06
15300.056 7.507628621100026e-06
15350.056 7.759093609299975e-06
15400.056 7.862859805299978e-06
15450.056 8.064004043000195e-06
15500.056 8.153983148900007e-06
15550.056 8.386874503599656e-06
15600.056 8.423482805300336e-06
15650.056 8.595058120600082e-06
15700.056 8.884256474200552e-06
15750.056 9.068431277399707e-06
15800.056 9.081665359900241e-06
15850.056 7.662790256900358e-06
15900.056 7.891303646699989e-06
15950.056 7.825328194699852e-06
16000.056 8.003022074700086e-06
16050.056 8.097227045400319e-06
16100.056 8.268496514200097e-06
16150.056 7.747707976099997e-06
16200.056 8.152479712900026e-06
16250.056 7.71210380630004e-06
16300.056 7.823366523500057e-06
16350.056 8.227523646999864e-06
16400.056 8.019188660600174e-06
16450.056 8.283569979100374e-06
16500.056 8.394943471499961e-06
16550.056 8.707697619999789e-06
16600.056 8.231590930300116e-06
16650.056 8.725589411800065e-06
16700.056 8.375078235399711e-06
16750.056 8.303390831699813e-06
16800.056 8.514730988499822e-06
16850.056 8.649069057099721e-06
16900.056 8.404271807200294e-06
16950.056 8.388745257099724e-06
17000.056 8.519299447500327e-06
17050.056 8.462263957200237e-06
17100.056 8.276098866200308e-06
17150.056 8.25467197230028e-06
17200.056 7.833429488699887e-06
17250.056 7.459894887899995e-06
17300.056 7.455678788899537e-06
17350.056 7.4299823105003885e-06
17400.056 7.109778235499719e-06
17450.056 6.958118759398588e-06
17500.056 6.712336687200339e-06
17550.056 6.4789287964206855e-06
17600.056 6.352598309970136e-06
17650.056 6.326243766670312e-06
17700.056 5.610497783009411e-06
17750.056 5.590178379999648e-06
17800.056 5.420338475531047e-06
17850.056 5.021565226469794e-06
17900.056 5.210882404130305e-06
17950.056 5.062768725469884e-06
18000.056 4.759759751220225e-06
18050.056 4.786204977810269e-06
18100.056 4.7128073134495235e-06
18150.056 5.028600775730883e-06
18200.056 4.359927463250174e-06
18250.056 5.09926489402964e-06
18300.056 4.838133188319882e-06
18350.056 4.798341968470191e-06
18400.056 4.670817094630341e-06
18450.056 4.2962232922210195e-06
18500.056 4.4074103785701714e-06
18550.056 4.103486605449788e-06
18600.056 3.64040809949943e-06
18650.056 4.111933116100626e-06
18700.056 4.3911040982003974e-06
18750.056 4.222248092870809e-06
18800.056 4.502047258060714e-06
18850.056 4.9621336260997924e-06
18900.056 4.749820838349022e-06
18950.056 5.047955621999758e-06
19000.056 5.163248118549366e-06
19050.056 4.987959324769917e-06
19100.056 5.268277828040418e-06
19150.056 5.272527792090004e-06
19200.056 5.2516629260105435e-06
19250.056 5.036456906729785e-06
19300.056 5.248162509089529e-06
19350.056 5.178339418799487e-06
19400.056 4.495896341099657e-06
19450.056 5.116474055279998e-06
19500.056 5.127726404039995e-06
19550.056 4.472939154010492e-06
19600.056 4.843641008679692e-06
19650.056 4.92937311354883e-06
19700.056 4.861940666050196e-06
19750.056 4.506932516460191e-06
19800.056 4.795030415669609e-06
19850.056 4.951560429979856e-06
19900.056 4.421707960720565e-06
19950.056 4.9732525688197595e-06
20000.056 4.5526376713505e-06
20050.056 4.9795381497403895e-06
20100.056 4.767554384298552e-06
20150.056 4.951716132100595e-06
20200.056 5.061813819199738e-06
20250.056 5.142465628049762e-06
20300.056 5.14670301249039e-06
20350.056 5.3489865304995995e-06
20400.056 5.377905740018947e-06
20450.056 5.433826878199254e-06
20500.056 5.578800759899597e-06
20550.056 5.616885225999959e-06
20600.056 5.852404758900022e-06
20650.056 5.732972373800015e-06
20700.056 5.958612674300212e-06
20750.056 5.94959740969984e-06
20800.056 6.138923110099817e-06
20850.056 6.03777746909994e-06
20900.056 6.286113315199946e-06
20950.056 6.299835998699863e-06
21000.056 6.3772904779999774e-06
21050.056 6.470357336500016e-06
21100.056 6.4502463610999664e-06
21150.056 6.597049727199984e-06
21200.056 6.616306948700114e-06
21250.056 6.729712014099827e-06
21300.056 6.601544385700139e-06
21350.056 6.8015518317000334e-06
21400.056 6.681155427700065e-06
21450.056 6.939624736600005e-06
21500.056 6.761073844800064e-06
21550.056 6.842280155099902e-06
21600.056 6.891902812600104e-06
21650.056 6.857118382400017e-06
21700.056 6.9415446256999795e-06
21750.056 6.852009978500031e-06
21800.056 6.857165498699864e-06
21850.056 6.841702701499868e-06
21900.056 6.8973096672001755e-06
21950.056 6.818312289700006e-06
22000.056 6.859499031599907e-06
22050.056 6.707856864299855e-06
22100.056 6.772779913799968e-06
22150.056 6.808389035400102e-06
22200.056 6.688904906400252e-06
22250.056 6.825114063000148e-06
22300.056 6.767074305700027e-06
22350.056 6.656931905100046e-06
22400.056 6.7277448796999565e-06
22450.056 6.658665726999869e-06
22500.056 6.66308969599999e-06
22550.056 6.640651585499827e-06
22600.056 6.644607796699969e-06
22650.056 6.536558373500252e-06
22700.056 6.506980319100279e-06
22750.056 6.611233758699895e-06
22800.056 6.455628131699993e-06
22850.056 6.5140948776000855e-06
22900.056 6.512167276899915e-06
22950.056 5.387856079100414e-06
23000.056 5.604710198270123e-06
23050.056 5.750419162479413e-06
23100.056 5.610154014009956e-06
23150.056 5.796654605800034e-06
23200.056 5.71269676018023e-06
23250.056 5.1638673472194426e-06
23300.056 5.353297860800036e-06
23350.056 5.490031170349996e-06
23400.056 5.467499940700063e-06
23450.056 5.475707742900353e-06
23500.056 5.5815484482997e-06
23550.056 5.1959749397005764e-06
23600.056 5.154016846650542e-06
23650.056 5.372624481659571e-06
23700.056 5.287817115189532e-06
23750.056 5.358468155610436e-06
23800.056 5.326439658880064e-06
23850.056 4.88057631212018e-06
23900.056 5.066924847780299e-06
23950.056 5.233487577000447e-06
24000.056 5.028365296089243e-06
24050.056 4.949606622560416e-06
24100.056 4.712464688309735e-06
24150.056 4.604439475300324e-06
24200.056 4.570243996999445e-06
24250.056 4.471359703750181e-06
24300.056 4.443090344700282e-06
24350.056 4.094327328480128e-06
24400.056 4.420988898199976e-06
24450.056 4.068696107499964e-06
24500.056 3.898242801820325e-06
24550.056 3.766705344060423e-06
24600.056 3.810369502370183e-06
24650.056 4.099949022710188e-06
24700.056 3.5079337565399928e-06
24750.056 3.3224580257702177e-06
24800.056 3.3693430270499546e-06
24850.056 3.7946974805303824e-06
24900.056 2.926261754100744e-06
24950.056 3.6154715563699756e-06
25000.056 3.3188748794704355e-06
25050.056 2.6941455633605107e-06
25100.056 3.2559044276197966e-06
25150.056 2.8860992129697776e-06
25200.056 3.0425196041301894e-06
25250.056 2.8338654376595545e-06
25300.056 3.0826770720102495e-06
25350.056 2.629896330709974e-06
25400.056 2.94353898544066e-06
25450.056 2.6571958200199546e-06
25500.056 2.838178499520499e-06
25550.056 2.732784264400012e-06
25600.056 2.79320012730981e-06
25650.056 2.526374731509791e-06
25700.056 3.213490770499346e-06
25750.056 2.386009180710271e-06
25800.056 3.047944425800314e-06
25850.056 2.7942706916797763e-06
25900.056 3.02270395209055e-06
25950.056 2.668726016200316e-06
26000.056 3.0941500566305517e-06
26050.056 3.129687329009969e-06
26100.056 3.2631137140402588e-06
26150.056 3.2131318700795952e-06
26200.056 3.0593498754900885e-06
26250.056 3.2658817256400495e-06
26300.056 3.202306848759876e-06
26350.056 3.3822612555399847e-06
26400.056 3.3936062140998642e-06
26450.056 3.332248812759909e-06
26500.056 3.525509372219412e-06
26550.056 3.4158527702097946e-06
26600.056 3.920366420859691e-06
26650.056 3.161773498639724e-06
26700.056 3.238821182050112e-06
26750.056 2.7522917909390724e-06
26800.056 3.0948822693096877e-06
26850.056 2.452091754090301e-06
26900.056 3.1986571113797714e-06
26950.056 2.2587713251898103e-06
27000.056 3.0021504908301457e-06
27050.056 2.5536542729397593e-06
27100.056 2.5977923105095155e-06
27150.056 2.7095385100301004e-06
27200.056 2.7225344381401886e-06
27250.056 2.472418416610545e-06
27300.056 2.962040327190301e-06
27350.056 2.7560887745494405e-06
27400.056 2.3419527800098506e-06
27450.056 3.151510402999505e-06
27500.056 2.858203144810111e-06
27550.056 2.61397067920976e-06
27600.056 3.150066451189846e-06
27650.056 2.528456109379966e-06
27700.056 2.403866816400025e-06
27750.056 3.1879494086893655e-06
27800.056 2.459148722669944e-06
27850.056 2.567794775259694e-06
27900.056 2.6780848506297916e-06
27950.056 3.1343348168898427e-06
28000.056 2.8236575873604245e-06
28050.056 2.20549046466051e-06
28100.056 3.212923931790626e-06
28150.056 2.5854451965799998e-06
28200.056 2.2290720078899866e-06
28250.056 2.8681629934298606e-06
28300.056 3.2115609695704916e-06
28350.056 2.3834282754495328e-06
28400.056 2.767634162560177e-06
28450.056 2.881004273019795e-06
28500.056 2.8217891160796695e-06
28550.056 2.0049948247995882e-06
28600.056 3.259830016440194e-06
28650.056 2.8794671920000124e-06
28700.056 2.539261354269842e-06
28750.056 2.9257790241499555e-06
28800.056 2.8784439354403628e-06
28850.056 2.912395796590182e-06
28900.056 2.2457992090499366e-06
28950.056 3.223290924299928e-06
29000.056 2.789278058699472e-06
