galfind/configs/Brown_Dwarf_templates/sonora_bobcat/m-0.5/1780g/sp_t325g1780nc_m-0.5_resample.dat
# %ECSV 1.0
# ---
# datatype:
# - {name: wav, unit: Angstrom, datatype: float64}
# - {name: flux_nu, unit: erg / (cm2 Hz s), datatype: float64}
# meta: {C/O: '1.00', Kzz: '1.0000E+05', Teff: '325.', Y: '0.28', '[Fe/H]': '-0.50', f_hole: '1.00', f_rain: '0.00', grav: '1780.'}
# schema: astropy-2.0
wav flux_nu
[from data line 498]
28900.056 1.0935466264881275e-11
28950.056 1.1704326359179618e-11
29000.056 6.558809656923912e-12
29050.056 1.7204742372209313e-11
29100.056 4.698216879581099e-12
29150.056 7.75502753998128e-12
29200.056 3.353883205169186e-11
29250.056 2.018398108754772e-11
29300.056 1.3145205648045698e-11
29350.056 5.6236321963094704e-11
29400.056 2.9133725118707596e-11
29450.056 5.778798557986055e-12
29500.056 6.172263079718261e-11
29550.056 1.7678320814271758e-11
29600.056 2.0642079040996083e-11
29650.056 7.970728030893387e-11
29700.056 1.2081691228146448e-11
29750.056 4.515921862135411e-11
29800.056 2.5245199572439626e-11
29850.056 1.0750747957080345e-10
29900.056 3.8720581379722937e-11
29950.056 2.475639733283117e-11
30000.056 2.7027311487588956e-13
30050.056 8.516119445912648e-12
30100.056 3.622670042573822e-11
30150.056 7.077564398712215e-11
30200.056 5.321337167389061e-11
30250.056 1.2288475330041666e-10
30300.056 1.246057386829835e-10
30350.056 2.7386432673394825e-11
30400.056 1.4808862244303695e-10
30450.056 1.4647945099597522e-10
30500.056 5.259289018437318e-11
30550.056 4.539582338256773e-11
30600.056 5.482192240239867e-10
30650.056 2.8146936393461296e-10
30700.056 7.746122446926563e-11
30750.056 2.431252955217431e-10
30800.056 2.81687439932977e-10
30850.056 2.8590942856402174e-10
30900.056 9.604918648248371e-11
30950.056 1.1639630197600947e-10
31000.056 1.7111500453660944e-10
31050.056 7.365729683678615e-11
31100.056 2.6343162644165583e-11
31150.056 8.958165787861925e-11
31200.056 3.614806062799919e-10
31250.056 1.0948708845577007e-10
31300.056 3.931789595143629e-11
31350.056 2.051925186326294e-10
31400.056 9.399340516049171e-11
31450.056 1.1655513252500305e-10
31500.056 3.7933834192775555e-11
31550.056 8.481493219930791e-11
31600.056 5.4441966842650996e-11
31650.056 3.501957203769951e-11
31700.056 3.4590774859805205e-11
31750.056 9.825326325936689e-12
31800.056 2.1943677350198677e-11
31850.056 3.331693482719961e-12
31900.056 9.656411182438755e-12
31950.056 3.318360902149587e-12
32000.056 2.688798588857602e-12
32050.056 1.996664583212428e-12
32100.056 1.5563897277991043e-12
32150.056 1.5661829446213003e-12
32200.056 5.299240968389764e-13
32250.056 1.2699763190491986e-12
32300.056 2.356064571355797e-13
32350.056 9.886179891404394e-13
32400.056 6.234318666350101e-14
32450.056 7.156137610570289e-13
32500.056 7.197819603944265e-14
32550.056 8.653810391470146e-13
32600.056 4.303064931064855e-14
32650.056 1.3037854116500412e-12
32700.056 7.863918016433365e-14
32750.056 4.0912657889806846e-12
32800.056 1.1472265759308423e-12
32850.056 1.251297686790203e-11
32900.056 7.301909359503346e-12
32950.056 1.1774659668400649e-11
33000.056 2.277721664484589e-12
33050.056 1.443384642345263e-12
33100.056 1.744443295862223e-13
33150.056 3.9401889865845623e-16
33200.056 1.9777095480938174e-14
33250.056 7.99652899106157e-14
33300.056 2.6011914203473665e-12
33350.056 2.5591461486431623e-12
33400.056 1.2267620926599484e-11
33450.056 8.191887309253293e-13
33500.056 9.02819713616061e-12
33550.056 1.0661821352756203e-12
33600.056 3.801521408783603e-12
33650.056 4.762061816931605e-12
33700.056 5.179626876565731e-13
33750.056 5.714834647851325e-12
33800.056 1.5443747889315123e-13
33850.056 2.5470957072530188e-12
33900.056 2.050291599150634e-12
33950.056 2.8306269247104055e-12
34000.056 7.8895671714543e-12
34050.056 1.265119449053093e-12
34100.056 1.019589602454501e-11
34150.056 2.053261328471089e-12
34200.056 1.398776824888762e-11
34250.056 5.41032928947788e-12
34300.056 7.224221358571109e-12
34350.056 3.581362116360899e-11
34400.056 3.320201590427313e-12
34450.056 2.890181193390286e-11
34500.056 7.578296253719376e-12
34550.056 2.4570700963758477e-11
34600.056 1.2166708245979846e-10
34650.056 5.968833234217868e-12
34700.056 9.818180596357835e-11
34750.056 3.1185070985670055e-11
34800.056 2.3729785111550915e-11
34850.056 1.0036494158608022e-10
34900.056 8.526840368975624e-12
34950.056 1.5627135390070817e-10
35000.056 1.3171436474170053e-10
35050.056 1.2988079477971642e-10
35100.056 3.298357039938685e-10
35150.056 2.7305455653195667e-10
35200.056 3.0480569895403723e-10
35250.056 5.427047608724145e-10
35300.056 9.027037528669584e-11
35350.056 6.022716348057731e-11
35400.056 3.4876733594589116e-11
35450.056 3.4000899228982393e-11
35500.056 2.161726298251753e-10
35550.056 2.0842456298992783e-10
35600.056 3.5701389290082754e-10
35650.056 2.7996163358604406e-10
35700.056 3.9831306845366103e-10
35750.056 5.547367650670284e-10
35800.056 1.4343131797160254e-10
35850.056 1.0953299340100476e-10
35900.056 2.3820639752506117e-10
35950.056 5.309048566880106e-10
36000.056 6.312977023900472e-10
36050.056 3.444129229701385e-10
36100.056 3.406719419858385e-10
36150.056 1.4339011667560582e-09
36200.056 1.2318399900099563e-09
36250.056 5.144866605669785e-10
36300.056 1.4595621126995785e-09
36350.056 1.194454190759999e-09
36400.056 1.6362276969598682e-09
36450.056 7.437251018878803e-10
36500.056 8.50454021468609e-10
36550.056 2.733145249700046e-09
36600.056 3.275324848299912e-09
36650.056 1.0903327768573831e-09
36700.056 1.4121492075070519e-09
36750.056 3.473240860200234e-09
36800.056 3.2995077625698e-09
36850.056 1.3079228901390867e-09
36900.056 1.492232978322053e-09
36950.056 3.811200794399619e-09
37000.056 2.6925843844702403e-09
37050.056 3.0113236652556993e-09
37100.056 8.22711108388907e-10
37150.056 2.080086438950185e-09
37200.056 5.490777776200103e-09
37250.056 2.185234164789546e-09
37300.056 1.1084416539151228e-09
37350.056 2.7004379380701117e-09
37400.056 4.508001673399913e-09
37450.056 2.2551854377797557e-09
37500.056 2.03922304222995e-09
37550.056 6.141444427480835e-09
37600.056 9.117539951899644e-09
37650.056 2.1922953567602396e-09
37700.056 4.161206045800289e-09
37750.056 3.215342475630049e-09
37800.056 4.1665812570002664e-09
37850.056 2.494492638599959e-09
37900.056 2.7201532202399004e-09
37950.056 3.5714373755999423e-09
38000.056 3.1399725994698933e-09
38050.056 5.39462198660033e-09
38100.056 8.108972208799742e-09
38150.056 8.807930222199398e-09
38200.056 5.616831742020449e-09
38250.056 7.911718886600633e-09
38300.056 1.386437386709899e-08
38350.056 9.981353952900922e-09
38400.056 4.19809827469889e-09
38450.056 1.7916878461797153e-09
38500.056 2.0655949939403214e-09
38550.056 6.68388436420034e-09
38600.056 8.351899676299608e-09
38650.056 7.327221135099956e-09
38700.056 6.372150539399443e-09
38750.056 7.420495088899796e-09
38800.056 7.3612649758000675e-09
38850.056 8.40302251640035e-09
38900.056 7.969872230559063e-09
38950.056 6.210124879100637e-09
39000.056 9.46944655579933e-09
39050.056 5.3038283481007434e-09
39100.056 5.375816031515927e-09
39150.056 1.045903185589992e-08
39200.056 1.004671716940013e-08
39250.056 8.376432266500034e-09
39300.056 7.57920102920048e-09
39350.056 1.3857514599400193e-08
39400.056 8.858781301359018e-09
39450.056 1.208922784112095e-08
39500.056 1.3818275363199444e-08
39550.056 7.333362089980984e-09
39600.056 9.443174753800962e-09
39650.056 1.705118642800002e-08
39700.056 1.5383483571999852e-08
39750.056 6.5365645021996025e-09
39800.056 5.555096863000268e-09
39850.056 1.5504184513300983e-08
39900.056 1.8031267241999828e-08
39950.056 1.1082630112100174e-08
40000.056 1.4797797665000315e-08
40050.056 1.4132827277999197e-08
40100.056 4.766605696480991e-09
40150.056 1.3535326365000608e-08
40200.056 1.673187620499965e-08
40250.056 1.8068533555999307e-08
40300.056 1.741761317400044e-08
40350.056 8.769441403498957e-09
40400.056 1.1169283938099737e-08
40450.056 7.909452439800027e-09
40500.056 1.5887679666100102e-08
40550.056 1.792331749899957e-08
40600.056 1.918823995399986e-08
40650.056 1.3400030644799012e-08
40700.056 1.9538020022000247e-08
40750.056 1.6304615309799358e-08
40800.056 1.140811664689959e-08
40850.056 2.2021011246000754e-08
40900.056 2.2681173941999626e-08
40950.056 1.4232657168999505e-08
41000.056 1.580775335240004e-08
41050.056 2.3189154861000547e-08
41100.056 2.0329505970998458e-08
41150.056 9.424299250099774e-09
41200.056 2.065836766540177e-08
41250.056 2.1236534648098333e-08
41300.056 2.3235677345001142e-08
41350.056 2.7558844706000035e-08
41400.056 2.4270669703999612e-08
41450.056 2.5512812135000073e-08
41500.056 1.8019563152098634e-08
41550.056 1.677237894500103e-08
41600.056 1.7967221299099926e-08
41650.056 2.5708491469000845e-08
41700.056 2.9738905596999725e-08
41750.056 2.6562501158000322e-08
41800.056 2.7749413287999724e-08
41850.056 2.19125982859994e-08
41900.056 1.8965215671998397e-08
41950.056 1.9142994858999603e-08
42000.056 1.3293418841197782e-08
42050.056 1.5103060089600716e-08
42100.056 1.9879429595999765e-08
42150.056 2.1489098955999993e-08
42200.056 2.247676221199966e-08
42250.056 1.9308631842000383e-08
42300.056 1.866900141099961e-08
42350.056 2.4568184480000466e-08
42400.056 2.7875845491000265e-08
42450.056 2.9475429991000377e-08
42500.056 3.054105446899987e-08
42550.056 2.8890436948999785e-08
42600.056 2.52710233950008e-08
42650.056 2.8914449976999106e-08
42700.056 2.1351205033999363e-08
42750.056 2.6264132284001123e-08
42800.056 3.205057726200014e-08
42850.056 3.232113650599962e-08
42900.056 3.127452625300006e-08
42950.056 2.8567750604000303e-08
43000.056 2.986091908499967e-08
43050.056 2.3399714908999366e-08
43100.056 2.7765575833000565e-08
43150.056 2.873641344000015e-08
43200.056 3.114568126900024e-08
43250.056 3.428502657800007e-08
43300.056 3.207832135599943e-08
43350.056 2.6361018513000107e-08
43400.056 2.9908278894000085e-08
43450.056 2.670568362299993e-08
43500.056 2.4210781247000102e-08
43550.056 2.51458769630005e-08
43600.056 3.132417200699989e-08
43650.056 2.3717061357999255e-08
43700.056 2.949929100300173e-08
43750.056 3.3130121421999783e-08
43800.056 3.025427495299964e-08
43850.056 2.8670756353000545e-08
43900.056 2.5989542805999977e-08
43950.056 2.24847104179996e-08
44000.056 2.266520197900011e-08
44050.056 3.08020640680011e-08
44100.056 3.463106478500007e-08
44150.056 3.351959154199982e-08
44200.056 3.282135533199989e-08
44250.056 2.720392037899945e-08
44300.056 2.1069094950999573e-08
44350.056 2.0535311398000322e-08
44400.056 2.3966372293999988e-08
44450.056 2.87198072080008e-08
44500.056 2.7765157855999897e-08
44550.056 3.057912216200018e-08
44600.056 2.7581744270000053e-08
44650.056 2.945318370499951e-08
44700.056 2.573646537699928e-08
44750.056 2.754809569800057e-08
44800.056 2.332119567499966e-08
44850.056 2.7305142653000656e-08
44900.056 2.811702613499988e-08
44950.056 3.0223698633000384e-08
45000.056 3.137623594099994e-08
45050.056 2.9602056366999306e-08
45100.056 2.8451852569000634e-08
45150.056 2.7393807619999737e-08
45200.056 2.05784157329996e-08
45250.056 2.331598904400005e-08
45300.056 2.2399394713999588e-08
45350.056 1.7176289371000812e-08
45400.056 3.008860213100034e-08
45450.056 2.9141437639000563e-08
45500.056 3.129861731900038e-08
45550.056 3.181289685199942e-08
45600.056 3.099336721500015e-08
45650.056 2.9010100904999182e-08
45700.056 1.9487319062398145e-08
45750.056 1.8487087442401434e-08
45800.056 2.9031745041000153e-08
45850.056 2.6998226220000516e-08
45900.056 3.188188757900001e-08
45950.056 3.185410260599972e-08
46000.056 3.104629941300003e-08
46050.056 2.9199164246000462e-08
46100.056 3.059705150299943e-08
46150.056 2.5503089063999892e-08
46200.056 1.921558474379832e-08
46250.056 9.682435246500095e-09
46300.056 2.2192873631001146e-08
46350.056 2.6281230476000133e-08
46400.056 2.6819164484000115e-08
46450.056 2.2706733232999395e-08
46500.056 2.6099067322000047e-08
46550.056 2.025897649499914e-08
46600.056 1.7307451799199606e-08
46650.056 2.331287706300052e-08
46700.056 1.9411649307998808e-08
46750.056 9.474145311800574e-09
46800.056 6.177233117199506e-09
46850.056 1.852201544640207e-08
46900.056 2.611063953900027e-08
46950.056 2.729797660999993e-08
47000.056 2.767593662100005e-08
47050.056 2.092398148799837e-08
47100.056 2.0126431299000307e-08
47150.056 2.3063637727000743e-08
47200.056 2.324868891699947e-08
47250.056 1.1302897870197878e-08
47300.056 8.551390891001993e-09
47350.056 2.237178264400078e-08
47400.056 2.5491154962999956e-08
47450.056 2.0315020514000163e-08
47500.056 2.6432855917000627e-08
47550.056 2.641565828899998e-08
47600.056 2.1140069124999337e-08
47650.056 2.2929228451999382e-08
47700.056 2.077375719900076e-08
47750.056 1.7959205768999724e-08
47800.056 1.1034000051098854e-08
47850.056 3.6302515205206e-09
47900.056 7.350584171700175e-09
47950.056 1.8694470464001187e-08
48000.056 2.186634714699927e-08
48050.056 1.9218670932000012e-08
48100.056 1.2102237345399761e-08
48150.056 1.8965180299000505e-08
48200.056 1.324935288459921e-08
48250.056 1.896523890700039e-08
48300.056 1.967837276999964e-08
48350.056 1.2733658281798582e-08
48400.056 2.418517105819327e-09
48450.056 4.636379108021121e-09
48500.056 1.066107768429916e-08
48550.056 1.2494061353402291e-08
48600.056 2.19779476490004e-08
48650.056 2.383691321199995e-08
48700.056 2.2061329276000065e-08
48750.056 2.0270247566999982e-08
48800.056 2.0918114879999727e-08
48850.056 1.1672866406698912e-08
48900.056 9.642225063198925e-09
48950.056 5.034071586499644e-09
49000.056 3.391390229490858e-09
49050.056 1.1144325609199496e-08
49100.056 1.5192002037901553e-08
49150.056 1.5178926256999847e-08
49200.056 2.0851650908000633e-08
49250.056 2.176548797199988e-08
49300.056 1.8403658447999005e-08
49350.056 1.0299703877600494e-08
49400.056 1.0048899354098423e-08
49450.056 7.43857176490132e-09
49500.056 5.7867125202090085e-09
49550.056 9.019122521699483e-10
49600.056 2.4336930755504885e-09
49650.056 1.0080936638300966e-08
49700.056 1.4615113762000284e-08
49750.056 1.1047310736199286e-08
49800.056 6.392249608600067e-09
49850.056 1.5273415979000876e-08
49900.056 1.7847324650000003e-08
49950.056 1.6475174072999572e-08
50000.056 9.74122828590863e-09
50050.056 9.380353360401402e-09
50100.056 8.653908978399472e-09
50150.056 2.78657418538941e-09
50200.056 3.5352368116713286e-10
50250.056 2.4028477979000125e-09
50300.056 1.937162478910432e-09
50350.056 9.199460949800761e-09
50400.056 1.3506553990000333e-08
50450.056 1.3360766525999813e-08
50500.056 1.6125726126000608e-08
50550.056 1.7513733469999847e-08
50600.056 1.3109724366499196e-08
50650.056 1.5849716705000234e-08
50700.056 1.3926780135999453e-08
50750.056 8.30922995989936e-09
50800.056 1.909634946906397e-09
50850.056 7.590411283983506e-10
50900.056 6.54687952210081e-09
50950.056 8.880478320899384e-09
51000.056 5.935247641921121e-09
51050.056 1.0633957183999097e-08
51100.056 5.925449617199864e-09
51150.056 3.04825431848069e-09
51200.056 1.120610232890061e-08
51250.056 1.1066456893099556e-08
51300.056 7.1062250866998025e-09
51350.056 4.063366201199175e-09
51400.056 8.964259841701789e-10
51450.056 7.316100155927829e-10
51500.056 7.63354158110275e-10
51550.056 4.261093934500546e-09
51600.056 6.760851898300292e-09
51650.056 9.275440336000063e-09
51700.056 6.5968993107987184e-09
51750.056 5.980705173591114e-09
51800.056 1.0304511386100026e-08
51850.056 8.228849771299558e-09
51900.056 6.325837290499746e-09
51950.056 2.6455379065993963e-09
52000.056 2.3448849971994365e-10
52050.056 1.3248099280200898e-09
52100.056 6.08264757479821e-10
52150.056 3.133213848551167e-10
52200.056 1.91289801390016e-09
52250.056 3.942590113100312e-09
52300.056 3.887444110599668e-09
52350.056 6.771452287109192e-10
52400.056 8.829651157600666e-10
52450.056 4.593780431500585e-09
52500.056 3.698363963259858e-09
52550.056 6.207614196699443e-09
52600.056 5.918970868900653e-09
52650.056 7.538166469199706e-09
52700.056 3.762030560499623e-09
52750.056 8.509001824466896e-10
52800.056 2.0470707651403747e-09
52850.056 2.5159251767996804e-09
52900.056 5.195871573577653e-10
52950.056 1.0927091226402514e-09
53000.056 3.5891614217000797e-09
53050.056 1.3989500834499877e-09
53100.056 5.8918698167006225e-09
53150.056 6.895728478099783e-09
53200.056 3.139794726519767e-09
53250.056 5.679716056900063e-09
53300.056 5.205810840700161e-09
53350.056 4.4371605238997445e-09
53400.056 2.336237449099715e-09
53450.056 5.076959620998595e-10
53500.056 1.1499483599698677e-10
