galfind/configs/Brown_Dwarf_templates/sonora_bobcat/m-0.5/1780g/sp_t350g1780nc_m-0.5_resample.dat
# %ECSV 1.0
# ---
# datatype:
# - {name: wav, unit: Angstrom, datatype: float64}
# - {name: flux_nu, unit: erg / (cm2 Hz s), datatype: float64}
# meta: {C/O: '1.00', Kzz: '1.0000E+05', Teff: '350.', Y: '0.28', '[Fe/H]': '-0.50', f_hole: '1.00', f_rain: '0.00', grav: '1780.'}
# schema: astropy-2.0
wav flux_nu
4000.0559999999996 nan
4050.0559999999996 1.0327422847800177e-18
4100.056 3.1679052306700515e-17
4150.056 2.11791085163002e-16
4200.056 4.713031295900031e-16
4250.056 1.6417613622100112e-15
4300.056 3.6426273470000175e-15
4350.056 6.813877375800028e-15
4400.056 1.195657065170005e-14
4450.056 1.9759696829000073e-14
4500.056 3.09919586110001e-14
4550.056 4.439201054500003e-14
4600.056 4.310705157200005e-14
4650.056 4.5633802104999993e-14
4700.056 4.0537776350999905e-14
4750.056 2.7521560550999882e-14
4800.056 1.7512422610999926e-14
4850.056 1.0672165911499951e-14
4900.056 7.263013582399976e-15
4950.056 5.197917162599981e-15
5000.056 3.2956663988999828e-15
5050.056 2.251548814699997e-15
5100.056 2.2241905965000007e-15
5150.056 2.2717271478000003e-15
5200.056 2.4198341874000014e-15
5250.056 2.5902177474000017e-15
5300.056 2.772297023800002e-15
5350.056 2.9962952932000027e-15
5400.056 3.261970824200003e-15
5450.056 3.5574028795000034e-15
5500.056 3.871669095900003e-15
5550.056 4.1862627871000035e-15
5600.056 4.506476978300004e-15
5650.056 4.823461655500005e-15
5700.056 5.046609954700003e-15
5750.056 5.025397775199997e-15
5800.056 4.58294611449999e-15
5850.056 3.310513677399966e-15
5900.056 1.1309890424790331e-15
5950.056 6.685884505000086e-15
6000.056 1.3768627553700113e-14
6050.056 2.3775119631000156e-14
6100.056 3.7575235075000233e-14
6150.056 5.703450999200033e-14
6200.056 8.457417462700042e-14
6250.056 1.216032477900006e-13
6300.056 1.7370875841000088e-13
6350.056 2.4523943011000123e-13
6400.056 3.4231996376000174e-13
6450.056 4.5073794434000134e-13
6500.056 6.148672150500038e-13
6550.056 8.49803234070003e-13
6600.056 1.1694995283100076e-12
6650.056 1.616683285100008e-12
6700.056 2.0924422272000092e-12
6750.056 2.809693986800012e-12
6800.056 3.3422642818000054e-12
6850.056 3.317658676399994e-12
6900.056 2.62022186109998e-12
6950.056 1.9672662990000023e-12
7000.056 1.9239836635999936e-12
7050.056 1.9448030857000026e-12
7100.056 2.129554607000002e-12
7150.056 1.8436374360899767e-12
7200.056 1.582797174970017e-12
7250.056 1.7130455553999715e-12
7300.056 1.7172483142000206e-12
7350.056 2.0162911547000046e-12
7400.056 2.3269104771000045e-12
7450.056 2.6636531224000094e-12
7500.056 2.892650005400002e-12
7550.056 2.9974099763000014e-12
7600.056 3.0051367055999986e-12
7650.056 1.7523148994799712e-12
7700.056 1.7524426916000317e-12
7750.056 3.571405170000029e-12
7800.056 4.615880251600025e-12
7850.056 6.1383004933000225e-12
7900.056 7.67501446790003e-12
7950.056 8.691445789900036e-12
8000.056 1.1651681366000055e-11
8050.056 1.426384474800005e-11
8100.056 1.3771200556999927e-11
8150.056 1.2076891742000224e-11
8200.056 1.999091092620013e-11
8250.056 2.251941585270035e-11
8300.056 2.7521138219000016e-11
8350.056 3.344880810400027e-11
8400.056 4.370866579300062e-11
8450.056 5.839474107500053e-11
8500.056 7.196678317500048e-11
8550.056 8.947989507000089e-11
8600.056 1.1161138908000086e-10
8650.056 1.3319601253000087e-10
8700.056 1.528229841500009e-10
8750.056 1.7677486795000106e-10
8800.056 1.9708468745000063e-10
8850.056 1.9713444515999797e-10
8900.056 1.0564233676799616e-10
8950.056 8.01641858250016e-11
9000.056 7.86409830160011e-11
9050.056 2.1449244206000084e-10
9100.056 2.3228950884200858e-10
9150.056 2.624931471599966e-10
9200.056 3.4682927983001147e-10
9250.056 2.829931553089829e-10
9300.056 7.397858560331095e-12
9350.056 9.455429439356163e-12
9400.056 1.0618513172554268e-10
9450.056 3.3014591513864725e-11
9500.056 3.530900990010831e-11
9550.056 3.9399316621713867e-11
9600.056 5.7172849584698165e-11
9650.056 1.2010447955481292e-10
9700.056 3.3612008129199544e-10
9750.056 4.004796023500209e-10
9800.056 5.344408713399977e-10
9850.056 7.18469387290004e-10
9900.056 9.813894619500193e-10
9950.056 1.121936893860011e-09
10000.056 7.046120735028771e-10
10050.056 3.074703732299822e-10
10100.056 2.1040311352999822e-10
10150.056 1.5058336796999668e-10
10200.056 9.696016939299975e-11
10250.056 8.814180560300011e-11
10300.056 9.000767891699798e-11
10350.056 5.961748141500034e-11
10400.056 6.42475199539998e-11
10450.056 6.11161633229991e-11
10500.056 5.581062495399974e-11
10550.056 5.1045720259999674e-11
10600.056 4.396040602199966e-11
10650.056 3.6101452201999627e-11
10700.056 2.850780027599966e-11
10750.056 2.307796371099973e-11
10800.056 1.920792612899992e-11
10850.056 1.6396614186999878e-11
10900.056 1.4117522819999846e-11
10950.056 1.1276104524999901e-11
11000.056 8.389942201699805e-12
11050.056 5.1402563368998894e-12
11100.056 2.2519686641398664e-12
11150.056 7.802139849112362e-13
11200.056 4.54233762519419e-13
11250.056 6.837566458502e-13
11300.056 1.2498730334167113e-12
11350.056 5.560801015816613e-13
11400.056 2.2887339977161353e-12
11450.056 1.3244211986338543e-12
11500.056 1.352197915479222e-12
11550.056 7.653967156144902e-13
11600.056 5.798799757159852e-13
11650.056 1.6346173407201318e-12
11700.056 2.520081657189782e-12
11750.056 1.7658000443271637e-12
11800.056 4.712000078100008e-12
11850.056 5.2841503013999895e-12
11900.056 5.865915514600018e-12
11950.056 6.51661579900002e-12
12000.056 7.060712859000064e-12
12050.056 8.310640991500076e-12
12100.056 9.344150759200137e-12
12150.056 1.1660622708100059e-11
12200.056 1.394670549980006e-11
12250.056 1.7926240548800222e-11
12300.056 2.332550420700036e-11
12350.056 2.778685447300034e-11
12400.056 3.568923663500044e-11
12450.056 4.7338796065000736e-11
12500.056 5.872167111599994e-11
12550.056 6.345901209000094e-11
12600.056 8.511368356300149e-11
12650.056 1.1239123808900164e-10
12700.056 1.3575441110000062e-10
12750.056 1.434836886800005e-10
12800.056 1.4234933831999963e-10
12850.056 1.2888013265999903e-10
12900.056 1.179680050559993e-10
12950.056 1.161931651640009e-10
13000.056 1.277174831390027e-10
13050.056 1.126704643649996e-10
13100.056 1.3363533292399705e-10
13150.056 1.0680691371400404e-10
13200.056 1.1318390926599773e-10
13250.056 1.1427802228299891e-10
13300.056 5.1170600757223706e-11
13350.056 3.0389397430999956e-11
13400.056 4.182123152319966e-12
13450.056 4.570198267544329e-13
13500.056 6.564489495017666e-14
13550.056 7.950377261338434e-15
13600.056 1.866907525114878e-15
13650.056 1.4122553515065177e-14
13700.056 7.558649875677591e-15
13750.056 7.48849839225694e-14
13800.056 8.862882571843168e-14
13850.056 1.3488870952320225e-14
13900.056 4.758675662781124e-14
13950.056 3.6820995368159667e-14
14000.056 1.2242177777509913e-13
14050.056 1.1339753035272583e-13
14100.056 1.0496355623531961e-13
14150.056 3.5992532838723205e-13
14200.056 2.8961119640485e-13
14250.056 4.728215409211295e-13
14300.056 1.6302305713831533e-12
14350.056 1.954702721903099e-12
14400.056 1.878034365124064e-12
14450.056 4.6315356519279954e-12
14500.056 1.2569616413080431e-11
14550.056 2.2824167341560343e-11
14600.056 4.3003938405099865e-11
14650.056 1.681408706177742e-11
14700.056 6.758209317379744e-12
14750.056 5.263703759478158e-12
14800.056 3.6307366032761413e-12
14850.056 4.2763975265770756e-12
14900.056 3.615418037259919e-12
14950.056 3.255698077078081e-12
15000.056 9.728172470186832e-12
15050.056 1.515908474891048e-11
15100.056 6.5479518052860674e-12
15150.056 3.074774237106138e-12
15200.056 9.723493869879283e-12
15250.056 1.8003598228672677e-11
15300.056 2.7462401522328566e-11
15350.056 3.343265049670191e-11
15400.056 4.501006847010124e-11
15450.056 5.985062255700388e-11
15500.056 9.198559866800086e-11
15550.056 1.3693215771900644e-10
15600.056 2.0510020006999916e-10
15650.056 2.9266233604001047e-10
15700.056 3.7467354338000253e-10
15750.056 4.14182338220002e-10
15800.056 4.4664515534000063e-10
15850.056 4.711657289500029e-10
15900.056 4.6554360940999847e-10
15950.056 4.657636973899987e-10
16000.056 4.281499358399962e-10
16050.056 3.6629391045999434e-10
16100.056 2.8003382230999716e-10
16150.056 1.9135619942999142e-10
16200.056 1.0042364744699738e-10
16250.056 5.7002118257899824e-11
16300.056 3.1714268954385864e-11
16350.056 2.5522281414127474e-11
16400.056 2.5140054617792325e-11
16450.056 2.7753849338630327e-11
16500.056 2.673213321973705e-11
16550.056 3.1433244569717073e-11
16600.056 5.970010366682032e-11
16650.056 2.5259446811746555e-11
16700.056 1.3391312849251134e-11
16750.056 3.285675603225264e-11
16800.056 3.40435802278675e-11
16850.056 2.957002918214081e-11
16900.056 2.0438511633250877e-11
16950.056 1.594760562399961e-11
17000.056 1.1010062465560833e-11
17050.056 1.471257225390096e-11
17100.056 2.090119910563966e-11
17150.056 1.7669440100101803e-11
17200.056 3.190680697709929e-11
17250.056 1.545694919029777e-11
17300.056 1.414983131839976e-11
17350.056 1.7092102282499725e-11
17400.056 2.1407845172500365e-11
17450.056 2.3193351498600348e-11
17500.056 2.811972396700041e-11
17550.056 2.3998609703299022e-11
17600.056 2.343825656300067e-11
17650.056 1.7687771646899566e-11
17700.056 1.5726218481299946e-11
17750.056 1.2033207420200031e-11
17800.056 1.3773421223000473e-11
17850.056 7.93307193190909e-12
17900.056 5.995386111159362e-12
17950.056 3.568452957411072e-12
18000.056 4.582446644091912e-12
18050.056 1.9407179442562637e-12
18100.056 1.844985532047433e-12
18150.056 1.1475827063620997e-12
18200.056 7.026839863640506e-13
18250.056 2.217554700433644e-12
18300.056 3.0960796148815113e-13
18350.056 3.1232832951239796e-13
18400.056 1.2289224390386027e-13
18450.056 1.1256611225755247e-12
18500.056 8.543029624949884e-13
18550.056 3.2671274846971445e-13
18600.056 7.727755039497022e-13
18650.056 5.826031242368937e-13
18700.056 3.534774097544263e-14
18750.056 9.687534843822249e-14
18800.056 1.6424593105321731e-12
18850.056 1.3319543658903499e-12
18900.056 1.5295324660220586e-12
18950.056 1.8525325957102125e-12
19000.056 2.9824617904512805e-13
19050.056 1.5605600812024752e-13
19100.056 6.386612207324364e-13
19150.056 2.8659895443928403e-13
19200.056 6.453713176443266e-13
19250.056 5.462831706349608e-13
19300.056 3.157117199256797e-13
19350.056 4.185651510751962e-13
19400.056 2.644242223254323e-13
19450.056 2.954390575265351e-13
19500.056 3.550868383068685e-13
19550.056 4.472536353587199e-13
19600.056 7.34325284502204e-13
19650.056 7.312316277807259e-13
19700.056 9.822356205242264e-13
19750.056 1.071098269924158e-12
19800.056 6.640019469577542e-13
19850.056 9.628394941784592e-13
19900.056 1.324135297803465e-12
19950.056 1.0496211786187001e-12
20000.056 1.1879942543364573e-12
20050.056 1.1218102588014667e-12
20100.056 1.358450306231912e-12
20150.056 1.0239030182786151e-12
20200.056 9.152854790961413e-13
20250.056 1.2892109419920835e-12
20300.056 1.3352091856799917e-12
20350.056 1.360611511109936e-12
20400.056 1.4230999837000095e-12
20450.056 1.5449543369000564e-12
20500.056 1.4954713376000073e-12
20550.056 1.4348887824999766e-12
20600.056 1.3645230297000157e-12
20650.056 1.285353571299977e-12
20700.056 1.2017168952999881e-12
20750.056 1.105621652699992e-12
20800.056 1.01114320231999e-12
20850.056 9.403965696399942e-13
20900.056 8.689485641799951e-13
20950.056 8.078548883599954e-13
21000.056 7.625120484699968e-13
21050.056 7.404592058999982e-13
21100.056 7.307447711899995e-13
21150.056 7.448532323800027e-13
21200.056 7.74871766750004e-13
21250.056 8.226023930800016e-13
21300.056 8.780627691300081e-13
21350.056 9.39976037539995e-13
21400.056 1.0412584502800203e-12
21450.056 1.0752272409500145e-12
21500.056 1.105867580150001e-12
21550.056 1.1592681930299925e-12
21600.056 1.1563899278099911e-12
21650.056 1.1834258392999716e-12
21700.056 1.256361478979946e-12
21750.056 1.2268342843500895e-12
21800.056 1.115208212359214e-12
21850.056 1.1023664747616085e-12
21900.056 9.769772016770416e-13
21950.056 6.991859729965162e-13
22000.056 1.4410912459078398e-13
22050.056 2.4811298352881816e-13
22100.056 4.4558246025723433e-13
22150.056 3.1655720099827393e-13
22200.056 3.220828042985044e-13
22250.056 2.727717529200344e-13
22300.056 1.549122358500337e-13
22350.056 2.305696517580742e-13
22400.056 1.4285564362645193e-13
22450.056 1.7215141953259913e-13
22500.056 1.4489872468440587e-13
22550.056 8.253881151871732e-14
22600.056 6.866378058447119e-14
22650.056 6.744207199457783e-14
22700.056 8.550485423936707e-14
22750.056 1.149536667630922e-13
22800.056 1.650772041426489e-13
22850.056 9.83089364901035e-14
22900.056 9.411803196472226e-14
22950.056 6.926185825277849e-14
23000.056 6.057526673142172e-14
23050.056 5.835765220536729e-14
23100.056 3.202336759366053e-13
23150.056 2.5705049342436017e-13
23200.056 3.787525181271481e-14
23250.056 1.6110784593234022e-13
23300.056 9.87349805432183e-14
23350.056 1.3148623221567631e-13
23400.056 8.135847859315363e-14
23450.056 5.925171525885489e-14
23500.056 5.002085114323145e-14
23550.056 1.0212575944117007e-13
23600.056 2.0203827433934727e-13
23650.056 2.653936217629328e-13
23700.056 4.6275696476729715e-14
23750.056 8.430602713051881e-14
23800.056 3.1067678440176615e-13
23850.056 1.6067178042804163e-13
23900.056 2.8626732038570545e-13
23950.056 1.6781641354864112e-13
24000.056 3.665639607712842e-13
24050.056 3.8005291339115624e-13
24100.056 5.22188606170942e-13
24150.056 6.981476408570098e-13
24200.056 6.928871338500261e-13
24250.056 6.740649227700265e-13
24300.056 1.086974536168085e-12
24350.056 1.0046110093179281e-12
24400.056 1.7019012822100752e-12
24450.056 1.86532411450403e-12
24500.056 1.915456501990003e-12
24550.056 2.9158900112000966e-12
24600.056 3.667818964099904e-12
24650.056 4.279054560800182e-12
24700.056 4.1434978460836765e-12
24750.056 5.419198556800432e-12
24800.056 5.763139053300115e-12
24850.056 6.407611557544205e-12
24900.056 5.217742404632328e-12
24950.056 6.8587969291423174e-12
25000.056 9.402063556499783e-12
25050.056 5.385351932126483e-12
25100.056 8.287559001999012e-12
25150.056 4.591221621227702e-12
25200.056 7.333508525327613e-12
25250.056 3.2254957566516007e-12
25300.056 3.2167080807978495e-12
25350.056 1.5158160130382436e-12
25400.056 4.134231067014018e-12
25450.056 1.0597230520372782e-12
25500.056 8.192504319964359e-13
25550.056 3.6064678800619985e-12
25600.056 1.4298818014113335e-12
25650.056 4.383613373667132e-13
25700.056 2.68996057381606e-13
25750.056 6.73040355708978e-14
25800.056 4.63957011770639e-13
25850.056 5.751589403567305e-14
25900.056 1.166682812042623e-13
25950.056 1.3086046934740028e-14
26000.056 3.210155032017034e-13
26050.056 1.9430728360624898e-14
26100.056 1.4971800500772053e-13
26150.056 4.416624150242663e-14
26200.056 6.57225514872858e-14
26250.056 6.979820344201922e-13
26300.056 6.15546298799094e-14
26350.056 2.8337970915880702e-12
26400.056 5.820881039542225e-12
26450.056 1.659645618870462e-12
26500.056 6.109671854774879e-12
26550.056 3.7040064170944417e-13
26600.056 2.491590997309435e-13
26650.056 2.9673723613498344e-14
26700.056 2.0979685763828802e-14
26750.056 3.9705899286042575e-14
26800.056 2.445184020916979e-13
26850.056 1.2439707265128637e-13
26900.056 7.86264773865179e-13
26950.056 1.661928552555044e-13
27000.056 1.2758992979479e-12
27050.056 2.6625668582114408e-12
27100.056 6.593644204050559e-14
27150.056 1.8820302225289836e-12
27200.056 5.801604789882283e-14
27250.056 3.3987521461863616e-13
27300.056 7.905967845565996e-12
27350.056 1.203957677897059e-12
27400.056 4.448190624122827e-14
27450.056 2.1737176142284532e-12
27500.056 3.4604482912741813e-12
27550.056 2.9002464003163646e-13
27600.056 1.3596985537356084e-12
27650.056 2.1529918064580637e-13
27700.056 2.7789267191172216e-13
27750.056 2.8354476262099134e-12
27800.056 7.519551636407661e-13
27850.056 1.940825531244511e-12
27900.056 3.5539113270324548e-12
27950.056 6.339906173080068e-12
28000.056 7.016208287827154e-12
28050.056 4.970551913558907e-13
28100.056 1.2066142463289986e-11
28150.056 7.491901201207585e-12
28200.056 1.257052893038724e-12
28250.056 2.046524000950313e-11
28300.056 2.021836316617046e-11
28350.056 1.7316308723352739e-12
28400.056 1.24811084330186e-11
28450.056 2.5233382045344197e-11
28500.056 9.723632626002592e-12
28550.056 2.569629317559204e-12
28600.056 2.200164552033068e-11
28650.056 7.889082398356975e-12
28700.056 2.1446848948398413e-11
28750.056 5.475598395445937e-11
28800.056 1.268984975644206e-11
