galfind/configs/Brown_Dwarf_templates/sonora_bobcat/m-0.5/1780g/sp_t225g1780nc_m-0.5_resample.dat
# %ECSV 1.0
# ---
# datatype:
# - {name: wav, unit: Angstrom, datatype: float64}
# - {name: flux_nu, unit: erg / (cm2 Hz s), datatype: float64}
# meta: {C/O: '1.00', Kzz: '1.0000E+05', Teff: '225.', Y: '0.28', '[Fe/H]': '-0.50', f_hole: '1.00', f_rain: '0.00', grav: '1780.'}
# schema: astropy-2.0
wav flux_nu
4000.0559999999996 nan
4050.0559999999996 3.736766105000024e-19
4100.056 1.9893359344500237e-18
4150.056 8.00369023820006e-18
4200.056 2.196453958160013e-17
4250.056 4.2062475178000156e-17
4300.056 7.577393313900029e-17
4350.056 1.250253819490004e-16
4400.056 1.925305257000006e-16
4450.056 2.8728568221000104e-16
4500.056 4.2868061796000134e-16
4550.056 6.099982428200009e-16
4600.056 7.443634614100016e-16
4650.056 9.406190887700018e-16
4700.056 1.1549674583000018e-15
4750.056 1.364686943800002e-15
4800.056 1.5802762874000018e-15
4850.056 1.6638022375000001e-15
4900.056 1.6824634860000002e-15
4950.056 1.613600391199998e-15
5000.056 1.2707238336999959e-15
5050.056 9.61655658169999e-16
5100.056 1.0447528743200013e-15
5150.056 1.2130485359000023e-15
5200.056 1.3743549769000017e-15
5250.056 1.5029273865000019e-15
5300.056 1.6399213285000017e-15
5350.056 1.7862557138000017e-15
5400.056 1.9123225653000024e-15
5450.056 2.1132748006000033e-15
5500.056 2.3577050618000034e-15
5550.056 2.6005065738000033e-15
5600.056 2.816857798300003e-15
5650.056 3.009703496900002e-15
5700.056 3.085687487300001e-15
5750.056 3.136725769999999e-15
5800.056 3.0028098168999967e-15
5850.056 2.3341673912999784e-15
5900.056 8.101770733920205e-16
5950.056 4.242798198700048e-15
6000.056 8.28727853550007e-15
6050.056 1.4700757097000103e-14
6100.056 2.405324256000016e-14
6150.056 3.697248539600021e-14
6200.056 5.434448226300027e-14
6250.056 7.597176002000033e-14
6300.056 1.0810123948500057e-13
6350.056 1.5258433262000077e-13
6400.056 2.10202971510001e-13
6450.056 2.611868325500003e-13
6500.056 3.4528048979000227e-13
6550.056 4.750182173900017e-13
6600.056 6.613737735300035e-13
6650.056 9.31461894900005e-13
6700.056 1.2879341610000018e-12
6750.056 1.6006512962000054e-12
6800.056 1.876616135600002e-12
6850.056 1.7872471325999954e-12
6900.056 1.295532749099986e-12
6950.056 8.932894218900047e-13
7000.056 9.63061584539995e-13
7050.056 9.869657300200032e-13
7100.056 1.0724499180999987e-12
7150.056 7.288613469299838e-13
7200.056 4.585440965500093e-13
7250.056 5.333822769299892e-13
7300.056 5.442494317000033e-13
7350.056 7.972717569400054e-13
7400.056 1.088781310020003e-12
7450.056 1.4194576634000054e-12
7500.056 1.659149352700003e-12
7550.056 1.7700667824000005e-12
7600.056 1.771091584499998e-12
7650.056 1.1090930817099856e-12
7700.056 1.0765635395000107e-12
7750.056 1.900601590400014e-12
7800.056 2.5399678438000144e-12
7850.056 2.964493188000003e-12
7900.056 3.474816150000021e-12
7950.056 4.162599792200006e-12
8000.056 4.852762180000022e-12
8050.056 5.733385208900011e-12
8100.056 4.430876174599943e-12
8150.056 2.4137417056000575e-12
8200.056 5.144193064099987e-12
8250.056 5.8403285346302055e-12
8300.056 7.118572939099985e-12
8350.056 8.664134840200097e-12
8400.056 1.2784213161400252e-11
8450.056 1.8710099772000277e-11
8500.056 2.4423114537000173e-11
8550.056 3.1028121105000364e-11
8600.056 3.8997965105000345e-11
8650.056 4.6075551052000206e-11
8700.056 4.896879374500007e-11
8750.056 5.144747451300007e-11
8800.056 4.842613521599972e-11
8850.056 3.390536120399875e-11
8900.056 5.875439567299375e-12
8950.056 1.6201719004100399e-12
9000.056 1.1853336914870995e-12
9050.056 9.63574749490011e-12
9100.056 9.600354224900397e-12
9150.056 1.0847169924399912e-11
9200.056 1.685534628950056e-11
9250.056 8.452869572479146e-12
9300.056 3.307137510400151e-14
9350.056 3.4757671183155613e-15
9400.056 3.8404786718110545e-13
9450.056 2.3794511328954396e-14
9500.056 4.639825207654827e-14
9550.056 5.719844667290591e-14
9600.056 1.5694759175400046e-13
9650.056 8.393600113901319e-13
9700.056 5.851828293900135e-12
9750.056 8.298703866800345e-12
9800.056 1.350753267710003e-11
9850.056 2.249613376500049e-11
9900.056 3.6354310043000715e-11
9950.056 4.199757637400045e-11
10000.056 2.4983415464743334e-11
10050.056 1.4803125515598125e-12
10100.056 6.183723349499899e-13
10150.056 3.5793309170998696e-13
10200.056 1.5949244845999545e-13
10250.056 1.0694864965899949e-13
10300.056 1.1064723362799732e-13
10350.056 5.889564630300021e-14
10400.056 6.85216513919999e-14
10450.056 6.059254836399902e-14
10500.056 5.023112847599952e-14
10550.056 4.040174956699945e-14
10600.056 2.9195686088999526e-14
10650.056 1.95880678609996e-14
10700.056 1.240485063139971e-14
10750.056 8.037144169899832e-15
10800.056 5.660914145099938e-15
10850.056 4.239025639299936e-15
10900.056 3.17406145199994e-15
10950.056 2.172415740399965e-15
11000.056 1.4148771770999668e-15
11050.056 8.324213223999788e-16
11100.056 3.445283500029794e-16
11150.056 8.36889119483897e-17
11200.056 1.9569193869947968e-17
11250.056 1.7606519632326272e-17
11300.056 5.1751831038300967e-17
11350.056 2.5608371130479184e-17
11400.056 1.1357206997740504e-16
11450.056 6.366117438850079e-17
11500.056 6.574993634026028e-17
11550.056 5.4972612742653134e-17
11600.056 3.963525037459914e-17
11650.056 1.0907895570220887e-16
11700.056 2.392918971969822e-16
11750.056 2.4796513941342364e-16
11800.056 5.385916672199988e-16
11850.056 5.837601263600022e-16
11900.056 7.143793562000029e-16
11950.056 7.63438091889998e-16
12000.056 7.273918486300041e-16
12050.056 9.222313646200157e-16
12100.056 1.2422451403500339e-15
12150.056 1.9179508523000346e-15
12200.056 2.802449627000041e-15
12250.056 4.144907784300093e-15
12300.056 5.442208981100054e-15
12350.056 6.5436603010001126e-15
12400.056 9.758383069400251e-15
12450.056 1.663294223900052e-14
12500.056 2.7418296866000428e-14
12550.056 4.0148359406001165e-14
12600.056 7.020527146900214e-14
12650.056 1.196733432110035e-13
12700.056 1.745537970700022e-13
12750.056 2.0731219247000177e-13
12800.056 2.2666705165999997e-13
12850.056 2.0739018380999785e-13
12900.056 1.7780736769999917e-13
12950.056 1.8117935872000076e-13
13000.056 2.152680653500049e-13
13050.056 2.025591674199998e-13
13100.056 2.8547474867999954e-13
13150.056 2.34602524850005e-13
13200.056 2.3780093255599615e-13
13250.056 3.006979912579986e-13
13300.056 1.1198064013503532e-13
13350.056 8.730624932189954e-14
13400.056 1.8240081304098752e-14
13450.056 1.1172705975357602e-15
13500.056 3.02837227447978e-17
13550.056 5.945337118879933e-19
13600.056 5.394546600586064e-20
13650.056 2.641064812418075e-19
13700.056 7.508081352991862e-20
13750.056 4.096720802886067e-18
13800.056 3.7712731524691e-18
13850.056 7.709194842957147e-19
13900.056 5.989998314556948e-18
13950.056 2.270326121325843e-18
14000.056 1.72177711822438e-17
14050.056 1.980006026293722e-17
14100.056 3.104840727634506e-17
14150.056 2.3475084109284043e-16
14200.056 3.054604084997412e-16
14250.056 6.848437211594543e-16
14300.056 1.4153615064415712e-15
14350.056 2.771831504591723e-15
14400.056 2.9056732165400174e-15
14450.056 7.300060602936345e-15
14500.056 3.1226781431894166e-14
14550.056 1.1237853991010189e-13
14600.056 1.9398728077010141e-13
14650.056 4.53174398576956e-14
14700.056 1.4753599554666387e-14
14750.056 1.0353662244766004e-14
14800.056 4.193004337399991e-15
14850.056 5.455254681789969e-15
14900.056 2.9265334653299123e-15
14950.056 1.336260281374009e-15
15000.056 5.584405185946208e-15
15050.056 1.5803159546860795e-14
15100.056 4.79209281464684e-15
15150.056 1.6328351346841977e-15
15200.056 8.677078879677575e-15
15250.056 2.068685069020371e-14
15300.056 4.6528299632397617e-14
15350.056 6.647089262950457e-14
15400.056 1.1197931343800224e-13
15450.056 2.0451257300001665e-13
15500.056 4.50101343160025e-13
15550.056 8.923462839100445e-13
15600.056 1.5616881279000273e-12
15650.056 2.3885982011000685e-12
15700.056 3.044886309900035e-12
15750.056 3.306167368000003e-12
15800.056 3.3939713288999977e-12
15850.056 3.4607564966000117e-12
15900.056 3.321524791099991e-12
15950.056 3.3129418273999842e-12
16000.056 3.0086063624999737e-12
16050.056 2.5784831723999605e-12
16100.056 1.9897399579999722e-12
16150.056 1.4031399084999547e-12
16200.056 6.980688055899583e-13
16250.056 3.1023786914998533e-13
16300.056 1.0475342219098403e-13
16350.056 4.552212441539121e-14
16400.056 2.976180279928717e-14
16450.056 2.8153029443717557e-14
16500.056 2.6839296296559667e-14
16550.056 4.2524447557434226e-14
16600.056 1.4603071404419807e-13
16650.056 3.680844209592413e-14
16700.056 3.941892554429424e-14
16750.056 7.842729620945007e-14
16800.056 7.400036932323046e-14
16850.056 6.063784289922641e-14
16900.056 3.9549109777651585e-14
16950.056 3.224085678919931e-14
17000.056 1.9562637175800798e-14
17050.056 2.0537255390701743e-14
17100.056 3.5324167397868506e-14
17150.056 3.616923290874574e-14
17200.056 7.150039247499504e-14
17250.056 1.924393004969706e-14
17300.056 2.2606706477699887e-14
17350.056 3.602049406610015e-14
17400.056 5.049244403560118e-14
17450.056 6.055203291500223e-14
17500.056 8.382423852499884e-14
17550.056 7.844682212799861e-14
17600.056 7.808985736700139e-14
17650.056 4.9086567811998576e-14
17700.056 4.1712647573000184e-14
17750.056 3.04168362514984e-14
17800.056 3.467561358400054e-14
17850.056 2.0181716704699092e-14
17900.056 1.2095676549798523e-14
17950.056 8.550349593700489e-15
18000.056 8.188457281329027e-15
18050.056 3.77263189731989e-15
18100.056 2.4544287185809936e-15
18150.056 9.927980583089268e-16
18200.056 4.705525575859538e-16
18250.056 1.3827901421754458e-15
18300.056 1.0952321096325764e-16
18350.056 1.2413091199628425e-16
18400.056 2.5596489429069965e-17
18450.056 3.2962564263858407e-16
18500.056 1.8994966708310555e-16
18550.056 6.690069411850862e-17
18600.056 2.68226260542804e-16
18650.056 3.925370963840422e-16
18700.056 1.806626690330135e-17
18750.056 2.6311417546539635e-17
18800.056 6.586355142791058e-16
18850.056 4.159663914195532e-16
18900.056 5.9556683146022e-16
18950.056 7.049420565649987e-16
19000.056 8.178928006769304e-17
19050.056 4.9304877466808984e-17
19100.056 2.559230731852055e-16
19150.056 1.4950668653923335e-16
19200.056 2.906391613680064e-16
19250.056 3.0894002462935937e-16
19300.056 1.961925810809146e-16
19350.056 2.577746283737903e-16
19400.056 1.630635715579801e-16
19450.056 1.0327666331920028e-16
19500.056 8.659224533940824e-17
19550.056 1.1900693325292345e-16
19600.056 1.6121018904988528e-16
19650.056 1.3501370206939741e-16
19700.056 2.412537987858458e-16
19750.056 2.1000587523254418e-16
19800.056 1.1452685980777189e-16
19850.056 1.8368475366648102e-16
19900.056 2.4002700247841166e-16
19950.056 1.4183778001941183e-16
20000.056 1.5885173510152895e-16
20050.056 1.6382953169230904e-16
20100.056 1.8432889453960629e-16
20150.056 1.3919590591039355e-16
20200.056 1.3073770447301454e-16
20250.056 1.8139614469500737e-16
20300.056 1.8175134683799596e-16
20350.056 1.7233808447999515e-16
20400.056 1.6261219379999933e-16
20450.056 1.4890479533000097e-16
20500.056 1.2919491400999878e-16
20550.056 1.0950346089699723e-16
20600.056 9.162317074699942e-17
20650.056 7.501806251399841e-17
20700.056 6.04412994969988e-17
20750.056 4.7650429432998993e-17
20800.056 3.7380723310999204e-17
20850.056 2.9492271218999434e-17
20900.056 2.343964017099956e-17
20950.056 1.92571490539997e-17
21000.056 1.6575670974999828e-17
21050.056 1.5043951700999912e-17
21100.056 1.4692599055000036e-17
21150.056 1.5795374296000156e-17
21200.056 1.8323523162000284e-17
21250.056 2.258992316600043e-17
21300.056 2.901915150800068e-17
21350.056 3.808156248100069e-17
21400.056 5.070321886600129e-17
21450.056 6.381555234800135e-17
21500.056 7.578642232200093e-17
21550.056 8.768234851000059e-17
21600.056 9.237502573759961e-17
21650.056 1.0149876606199678e-16
21700.056 1.0904109424799472e-16
21750.056 1.0884776302573892e-16
21800.056 1.0010826314656115e-16
21850.056 1.0516739166157999e-16
21900.056 9.611587578810161e-17
21950.056 7.135636926614278e-17
22000.056 1.2725436010150992e-17
22050.056 1.9574523878901686e-17
22100.056 2.8647890008283266e-17
22150.056 1.6953956834834955e-17
22200.056 1.7152765719872138e-17
22250.056 1.2309473597089435e-17
22300.056 5.813756284644057e-18
22350.056 1.3534864411615677e-17
22400.056 1.0835521317341749e-17
22450.056 1.2314156869849868e-17
22500.056 1.2348385703415215e-17
22550.056 5.139178523625476e-18
22600.056 4.427192152995712e-18
22650.056 2.5819080744172706e-18
22700.056 3.9805733428950636e-18
22750.056 5.958222727555564e-18
22800.056 9.214256211522632e-18
22850.056 4.780423855642628e-18
22900.056 4.623401315394108e-18
22950.056 3.4415203667007446e-18
23000.056 1.9183744247046378e-18
23050.056 1.2935297593114582e-18
23100.056 1.7970191822311356e-17
23150.056 1.7671073736920338e-17
23200.056 2.903184786763427e-18
23250.056 1.2001564730628688e-17
23300.056 4.079943165001977e-18
23350.056 9.065004686645389e-18
23400.056 5.6158969074509135e-18
23450.056 4.103029447161143e-18
23500.056 1.9673209237471954e-18
23550.056 3.3658225941327007e-18
23600.056 8.126653734229696e-18
23650.056 1.2659769126994006e-17
23700.056 1.9116791932656265e-18
23750.056 4.3405213516121095e-18
23800.056 1.4554597617938448e-17
23850.056 6.563495826425099e-18
23900.056 1.2333252630555387e-17
23950.056 8.816292473733902e-18
24000.056 2.2317061688299433e-17
24050.056 2.7258242322000914e-17
24100.056 4.4399291449902113e-17
24150.056 6.59716230030006e-17
24200.056 7.513809498799946e-17
24250.056 8.167621787700595e-17
24300.056 1.430133290350118e-16
24350.056 2.0046164477999594e-16
24400.056 3.13690796968017e-16
24450.056 4.624591399100289e-16
24500.056 6.089492090000084e-16
24550.056 9.241477189300453e-16
24600.056 1.3620118097000182e-15
24650.056 1.9139751769000757e-15
24700.056 2.2044894953799546e-15
24750.056 3.303497825900199e-15
24800.056 4.358122532900156e-15
24850.056 5.0604828726000114e-15
24900.056 6.409229925570255e-15
24950.056 8.171397621400363e-15
25000.056 1.1720968497099815e-14
25050.056 1.1700860394500642e-14
25100.056 1.5158531808199945e-14
25150.056 1.3193367312199177e-14
25200.056 1.900328380930153e-14
25250.056 1.533805268959876e-14
25300.056 1.1717724780399358e-14
25350.056 9.412800877900906e-15
25400.056 1.914398132179904e-14
25450.056 8.007960573099575e-15
25500.056 7.048744782100041e-15
25550.056 1.568508515830151e-14
25600.056 6.9251329961480924e-15
25650.056 3.5314011847601846e-15
25700.056 3.594185453354965e-15
25750.056 2.2792948557260628e-15
25800.056 5.671702686850283e-15
25850.056 1.8544824046966842e-15
25900.056 2.3914682581501335e-15
25950.056 1.5530582467002348e-15
26000.056 5.115135403360191e-15
26050.056 1.97329898708951e-15
26100.056 4.137901663140439e-15
26150.056 3.3878058838895486e-15
26200.056 3.2960224672607206e-15
26250.056 7.540696628489482e-15
26300.056 3.820576844840354e-15
26350.056 1.3616209141203242e-14
26400.056 2.869490368359702e-14
26450.056 1.5507619353501504e-14
26500.056 2.7249255352997552e-14
26550.056 1.0758059977401818e-14
26600.056 9.120538981198639e-15
26650.056 3.942370981149356e-15
26700.056 4.05076391215063e-15
26750.056 6.2709601540995796e-15
26800.056 1.0422473344751312e-14
26850.056 1.2230446332700883e-14
26900.056 2.2093117564898884e-14
26950.056 8.075820479301186e-15
27000.056 2.3150512459600228e-14
27050.056 3.7895688875999347e-14
27100.056 7.774304998209552e-15
27150.056 2.912410794799975e-14
27200.056 7.888485916700254e-15
27250.056 1.2505245622202654e-14
27300.056 6.60410844270008e-14
27350.056 2.661955782679788e-14
27400.056 8.526664083598525e-15
27450.056 4.741709422800614e-14
27500.056 4.828303004959533e-14
27550.056 1.889605038849897e-14
27600.056 4.218015959459865e-14
27650.056 2.1232763517001984e-14
27700.056 2.302849715769912e-14
27750.056 6.170265757000201e-14
27800.056 4.308177348900236e-14
27850.056 5.3754474486396716e-14
27900.056 8.10915928360181e-14
27950.056 1.0316296663299034e-13
28000.056 1.2222002598299495e-13
28050.056 3.4905145044008413e-14
28100.056 1.5500805176802944e-13
28150.056 1.1779808945597882e-13
28200.056 5.522706752098949e-14
28250.056 2.5622218563100307e-13
28300.056 2.0442561795800535e-13
28350.056 4.5936432237898906e-14
28400.056 1.661948533100084e-13
28450.056 1.6423574617458013e-13
28500.056 7.431391270590057e-14
28550.056 7.0163269935232e-14
28600.056 1.9951486092210932e-13
28650.056 4.515349229809404e-14
28700.056 2.6809553569458636e-13
28750.056 3.8393275073710434e-13
28800.056 6.687557346726184e-14
