galfind/configs/Brown_Dwarf_templates/sonora_bobcat/m-0.5/1780g/sp_t600g1780nc_m-0.5_resample.dat
# %ECSV 1.0
# ---
# datatype:
# - {name: wav, unit: Angstrom, datatype: float64}
# - {name: flux_nu, unit: erg / (cm2 Hz s), datatype: float64}
# meta: {C/O: '1.00', Kzz: '1.0000E+05', Teff: '600.', Y: '0.28', '[Fe/H]': '-0.50', f_hole: '1.00', f_rain: '0.00', grav: '1780.'}
# schema: astropy-2.0
wav flux_nu
[from data line 499]
28950.056 3.2357811099679235e-09
29000.056 2.816425553440817e-09
29050.056 3.998377962292847e-09
29100.056 2.0056453286845e-09
29150.056 4.258410903086118e-09
29200.056 4.1245537177509565e-09
29250.056 5.401526219615606e-09
29300.056 3.0286532132964333e-09
29350.056 9.804913019259489e-09
29400.056 3.6568970990468464e-09
29450.056 3.3128957966138414e-09
29500.056 7.560933365179375e-09
29550.056 4.194910286720506e-09
29600.056 5.52692276234916e-09
29650.056 9.62589290782985e-09
29700.056 3.7642193985664715e-09
29750.056 7.597687976509976e-09
29800.056 6.5093297490972455e-09
29850.056 1.091233186805916e-08
29900.056 7.49433362025436e-09
29950.056 6.33535797835548e-09
30000.056 3.39880773826168e-10
30050.056 1.4168424286993674e-09
30100.056 3.7421462400050815e-09
30150.056 8.564777802750385e-09
30200.056 6.925774640549396e-09
30250.056 1.3904331501960967e-08
30300.056 1.2629091683839167e-08
30350.056 6.76447614535996e-09
30400.056 1.5098635670017383e-08
30450.056 1.0149611533129078e-08
30500.056 9.372181982794706e-09
30550.056 7.943066276706483e-09
30600.056 2.334171838790104e-08
30650.056 1.4117110193900898e-08
30700.056 9.147113099667765e-09
30750.056 1.4735381037858953e-08
30800.056 1.2493543806595105e-08
30850.056 1.3446834826118845e-08
30900.056 8.554761504948877e-09
30950.056 7.540864436720759e-09
31000.056 8.786528675081154e-09
31050.056 9.44063587039885e-09
31100.056 4.550133499920236e-09
31150.056 8.004223052749615e-09
31200.056 1.5091337791100302e-08
31250.056 6.916666577454829e-09
31300.056 5.8901757981147296e-09
31350.056 9.201422967591876e-09
31400.056 6.003275671738731e-09
31450.056 7.772536231469543e-09
31500.056 3.110538888495932e-09
31550.056 5.506037100887971e-09
31600.056 3.746268659467326e-09
31650.056 2.9289465144834205e-09
31700.056 3.522028382000558e-09
31750.056 1.5674757308265018e-09
31800.056 3.3773181345501016e-09
31850.056 1.0189574056067522e-09
31900.056 2.269434406191994e-09
31950.056 1.0904905111498208e-09
32000.056 1.4072672135695412e-09
32050.056 1.335090283543083e-09
32100.056 1.0188254327110022e-09
32150.056 1.4354759150919421e-09
32200.056 7.841416290694381e-10
32250.056 1.7662311867865176e-09
32300.056 6.419596450763456e-10
32350.056 2.016783079586309e-09
32400.056 5.443742024445239e-10
32450.056 1.7350191314199371e-09
32500.056 7.522333251989087e-10
32550.056 1.743524290919872e-09
32600.056 9.828510871399724e-10
32650.056 2.4411403479995222e-09
32700.056 1.3321476594402125e-09
32750.056 4.341981171571009e-09
32800.056 3.6858341182183614e-09
32850.056 6.769042808761106e-09
32900.056 6.453769665732332e-09
32950.056 6.939071863972355e-09
33000.056 3.345667533205395e-09
33050.056 4.013720025860409e-09
33100.056 1.1045193647555845e-09
33150.056 8.534925747758514e-12
33200.056 5.053898662653743e-11
33250.056 8.223035965938552e-11
33300.056 3.432595779760906e-10
33350.056 9.631614969267063e-10
33400.056 2.498554093430134e-09
33450.056 1.8149231383871137e-09
33500.056 5.680834408000695e-09
33550.056 1.9543252788139982e-09
33600.056 3.843831517839659e-09
33650.056 4.15870230281979e-09
33700.056 1.6041126424326664e-09
33750.056 5.37571713055498e-09
33800.056 8.57284339445823e-10
33850.056 2.735001825227444e-09
33900.056 2.555862156977732e-09
33950.056 2.2418936129456693e-09
34000.056 4.2931174988290284e-09
34050.056 9.269697931718484e-10
34100.056 3.781743261420458e-09
34150.056 1.415221702544202e-09
34200.056 3.4410235456586543e-09
34250.056 2.7933944640470027e-09
34300.056 1.9926241878333773e-09
34350.056 4.954865429350631e-09
34400.056 1.515274075135405e-09
34450.056 4.8496807385412675e-09
34500.056 3.095563356181388e-09
34550.056 2.040357007709436e-09
34600.056 7.829149566600025e-09
34650.056 1.537088494401896e-09
34700.056 6.22559800504614e-09
34750.056 3.86846483332072e-09
34800.056 2.6878034116479546e-09
34850.056 8.935467697520065e-09
34900.056 2.6485184366903473e-09
34950.056 7.845241444279844e-09
35000.056 1.116469617897915e-08
35050.056 4.875060489859825e-09
35100.056 1.3840951100244568e-08
35150.056 1.0757333348268697e-08
35200.056 9.694170150389967e-09
35250.056 1.7432670432493334e-08
35300.056 5.0691933686831755e-09
35350.056 9.87392458518411e-09
35400.056 8.666983372200306e-09
35450.056 6.197855973773474e-09
35500.056 1.8571358774717717e-08
35550.056 1.1056423110051688e-08
35600.056 1.4841600446103934e-08
35650.056 1.6653549555773442e-08
35700.056 1.2945888543348226e-08
35750.056 2.4792580455981136e-08
35800.056 1.8566290470121985e-08
35850.056 1.1045224681944435e-08
35900.056 1.8898861457855244e-08
35950.056 2.263726812209843e-08
36000.056 2.2454388831803078e-08
36050.056 1.9767506384396297e-08
36100.056 1.6681155273464665e-08
36150.056 3.0816833879299695e-08
36200.056 3.445584877259716e-08
36250.056 2.2858199078174986e-08
36300.056 4.1523816191325416e-08
36350.056 3.466773107270164e-08
36400.056 4.2236295557195114e-08
36450.056 3.2883097986509117e-08
36500.056 3.794439535842861e-08
36550.056 5.636519503700363e-08
36600.056 6.45078582549949e-08
36650.056 4.325017616991188e-08
36700.056 4.47859663579499e-08
36750.056 6.442417153000497e-08
36800.056 6.540608741799801e-08
36850.056 4.81663933550342e-08
36900.056 5.3909960784383517e-08
36950.056 7.187128692398894e-08
37000.056 5.7949819088000064e-08
37050.056 6.840270438620012e-08
37100.056 4.571645212656365e-08
37150.056 6.242588618980395e-08
37200.056 8.852118469699608e-08
37250.056 5.261656629919015e-08
37300.056 4.464875166819713e-08
37350.056 7.3374583623007e-08
37400.056 9.531959706399808e-08
37450.056 5.4767648513396984e-08
37500.056 6.05422225290973e-08
37550.056 1.0159369017101515e-07
37600.056 1.214150498480029e-07
37650.056 5.7510290819507265e-08
37700.056 9.003901299700624e-08
37750.056 6.844173463750541e-08
37800.056 8.401451053100714e-08
37850.056 5.4047657278999625e-08
37900.056 6.603064512300016e-08
37950.056 8.343631016299952e-08
38000.056 8.172540330399777e-08
38050.056 8.961359827500818e-08
38100.056 1.1470086919600197e-07
38150.056 1.1979560185699403e-07
38200.056 9.786415863900097e-08
38250.056 1.0585741962100671e-07
38300.056 1.4857563353598743e-07
38350.056 1.4075517942401223e-07
38400.056 8.890762910098226e-08
38450.056 7.031971752998821e-08
38500.056 6.356856198500935e-08
38550.056 1.0941466331700616e-07
38600.056 1.077876400239901e-07
38650.056 1.1257283678799666e-07
38700.056 1.228422365859978e-07
38750.056 1.1055711192499576e-07
38800.056 1.0972549910099858e-07
38850.056 1.2149688810400364e-07
38900.056 1.330256868099864e-07
38950.056 1.1143328479900393e-07
39000.056 1.2374409913798764e-07
39050.056 1.1684932324402182e-07
39100.056 1.1620633116339808e-07
39150.056 1.4937057572699534e-07
39200.056 1.290791495719995e-07
39250.056 1.4043236102500395e-07
39300.056 1.291796875410008e-07
39350.056 1.6177836325700118e-07
39400.056 1.3256446939599497e-07
39450.056 1.5576836464900805e-07
39500.056 1.6582915208999793e-07
39550.056 1.224148706240205e-07
39600.056 1.4479791267500338e-07
39650.056 1.8407575008999747e-07
39700.056 1.675536811000056e-07
39750.056 1.187766195110109e-07
39800.056 1.2487428559100317e-07
39850.056 1.8651521565000357e-07
39900.056 1.9031631185000406e-07
39950.056 1.4760177744000014e-07
40000.056 1.7856205744999682e-07
40050.056 1.768584121519977e-07
40100.056 1.0723762184041156e-07
40150.056 1.7068292119000524e-07
40200.056 1.8332006836999268e-07
40250.056 1.886841679899874e-07
40300.056 1.8874683110001012e-07
40350.056 1.3938110948298485e-07
40400.056 1.7548944802999865e-07
40450.056 1.3452012985999518e-07
40500.056 1.845052836799945e-07
40550.056 1.9434074606999066e-07
40600.056 1.8996410207999963e-07
40650.056 1.6440876911898577e-07
40700.056 2.209839450599975e-07
40750.056 1.8364677518999244e-07
40800.056 1.5059214003998526e-07
40850.056 2.2193972205000775e-07
40900.056 2.1594854761999307e-07
40950.056 1.7561715704700164e-07
41000.056 1.811511550999974e-07
41050.056 2.2469697428999817e-07
41100.056 2.1151991305998823e-07
41150.056 1.404001095489972e-07
41200.056 2.152829725900113e-07
41250.056 2.061142677659827e-07
41300.056 2.0988529991000522e-07
41350.056 2.3475515808999985e-07
41400.056 2.0762584504000288e-07
41450.056 2.3414212423000132e-07
41500.056 1.879996495319808e-07
41550.056 1.786100547100161e-07
41600.056 1.8233092995800583e-07
41650.056 2.213785630800062e-07
41700.056 2.310026247899901e-07
41750.056 2.1311001829999903e-07
41800.056 2.2550145331000173e-07
41850.056 1.8408422371199335e-07
41900.056 1.859957049649761e-07
41950.056 2.0546373503000144e-07
42000.056 1.824559502399677e-07
42050.056 1.756876606720085e-07
42100.056 2.067609120899879e-07
42150.056 1.8150105223299738e-07
42200.056 1.839240276199891e-07
42250.056 1.787214735110054e-07
42300.056 1.746007099699958e-07
42350.056 2.0494331566000245e-07
42400.056 2.1519863295000318e-07
42450.056 1.9249007835001004e-07
42500.056 2.0305905635999672e-07
42550.056 1.8927735760999767e-07
42600.056 1.966054455200206e-07
42650.056 2.3685371931999e-07
42700.056 1.8254607343998242e-07
42750.056 1.6603030078601835e-07
42800.056 2.1231138497000156e-07
42850.056 2.2465073128998503e-07
42900.056 2.2282974502000895e-07
42950.056 1.9079875034999892e-07
43000.056 2.1402267180999594e-07
43050.056 1.430076828390145e-07
43100.056 2.0652734194999586e-07
43150.056 1.8731218314000068e-07
43200.056 1.9876717399000384e-07
43250.056 2.541379345200032e-07
43300.056 2.367968526699958e-07
43350.056 1.5221440575799428e-07
43400.056 2.0764450714000678e-07
43450.056 1.7745292855000644e-07
43500.056 1.8143626321000007e-07
43550.056 1.7386768435800438e-07
43600.056 2.293267285900013e-07
43650.056 1.4796113576899196e-07
43700.056 2.2699308875002033e-07
43750.056 2.3219708536999465e-07
43800.056 2.088515191979921e-07
43850.056 1.9500422280401786e-07
43900.056 1.865727190049977e-07
43950.056 1.4740438666799494e-07
44000.056 1.3332671361199941e-07
44050.056 2.2040294599001193e-07
44100.056 2.6457726456000353e-07
44150.056 2.575762985799949e-07
44200.056 2.425476232500023e-07
44250.056 1.7223735856999524e-07
44300.056 1.2932026943300392e-07
44350.056 1.4586694046300559e-07
44400.056 1.5742851900699634e-07
44450.056 2.0995410426000876e-07
44500.056 1.8940148128601202e-07
44550.056 2.386842813800005e-07
44600.056 2.0356136636900438e-07
44650.056 2.0913138182998927e-07
44700.056 1.600769594139881e-07
44750.056 1.863445938320167e-07
44800.056 1.5655934376200322e-07
44850.056 2.102361316700068e-07
44900.056 1.8760842119999635e-07
44950.056 2.0190750800000942e-07
45000.056 2.1777088319000068e-07
45050.056 2.1298858286998973e-07
45100.056 2.028156801680112e-07
45150.056 1.9709654888999794e-07
45200.056 1.40520348613e-07
45250.056 1.618139423269919e-07
45300.056 1.618294977730075e-07
45350.056 1.2452826821400436e-07
45400.056 2.3727854678000626e-07
45450.056 2.258159291000095e-07
45500.056 2.3121313524000534e-07
45550.056 2.518865068399874e-07
45600.056 2.419820614500044e-07
45650.056 2.1829357387998692e-07
45700.056 1.421609285939908e-07
45750.056 1.266584231900075e-07
45800.056 2.408593043800057e-07
45850.056 2.217879053620068e-07
45900.056 2.4577377766999655e-07
45950.056 2.2156759958999362e-07
46000.056 2.3733549144001118e-07
46050.056 2.1637184001000325e-07
46100.056 2.471336557199923e-07
46150.056 1.7843324024300046e-07
46200.056 1.5202625290398927e-07
46250.056 7.604127140509535e-08
46300.056 1.7975423552800796e-07
46350.056 2.0550984873000775e-07
46400.056 1.998299849600028e-07
46450.056 1.7295523402098898e-07
46500.056 1.867889555100125e-07
46550.056 1.4188307931899753e-07
46600.056 1.4606320474898637e-07
46650.056 1.9528045018900971e-07
46700.056 1.6330836842898696e-07
46750.056 8.726329642101153e-08
46800.056 6.584819381139533e-08
46850.056 1.8523588381001695e-07
46900.056 2.152145643999955e-07
46950.056 2.0666289840999405e-07
47000.056 2.035057219300068e-07
47050.056 1.5711145832297097e-07
47100.056 1.309029417310024e-07
47150.056 1.7719448335001548e-07
47200.056 1.9688754636999588e-07
47250.056 1.0624506911198437e-07
47300.056 7.731340937351581e-08
47350.056 2.002366271900063e-07
47400.056 2.0542897166999703e-07
47450.056 1.5849765492100996e-07
47500.056 2.1882889555999783e-07
47550.056 1.895360733200041e-07
47600.056 1.825277678309908e-07
47650.056 1.9313695641998974e-07
47700.056 1.650153920650194e-07
47750.056 1.3143938898099943e-07
47800.056 1.0983701156900365e-07
47850.056 5.230276578440544e-08
47900.056 8.043469686789741e-08
47950.056 1.7517909196000887e-07
48000.056 2.0484426779999492e-07
48050.056 1.769282914879909e-07
48100.056 9.535189944380057e-08
48150.056 1.4751193895600569e-07
48200.056 1.2475607325499412e-07
48250.056 1.6311006992000052e-07
48300.056 1.9585836916000163e-07
48350.056 1.4262252858998854e-07
48400.056 4.08840290430919e-08
48450.056 7.867050200601662e-08
48500.056 1.3349896553298243e-07
48550.056 1.4290150439321828e-07
48600.056 1.807066248000024e-07
48650.056 2.0249729828999784e-07
48700.056 1.657111701100054e-07
48750.056 1.1448694005900464e-07
48800.056 1.7150800218000693e-07
48850.056 1.0611570607298557e-07
48900.056 1.3082730219858938e-07
48950.056 8.786575278099433e-08
49000.056 5.2674522641128906e-08
49050.056 1.3180273632998726e-07
49100.056 1.5269105085901703e-07
49150.056 1.243652179479975e-07
49200.056 1.768937241600078e-07
49250.056 1.7763822695000046e-07
49300.056 1.5640036466999345e-07
49350.056 8.834457255401022e-08
49400.056 1.0770001261238208e-07
49450.056 9.510876919462037e-08
49500.056 8.597858981948771e-08
49550.056 2.3780468153799196e-08
49600.056 5.5053178874628514e-08
49650.056 1.1400363538900224e-07
49700.056 1.312626050749931e-07
49750.056 1.3228340053299036e-07
49800.056 8.477800142979827e-08
49850.056 1.5336299681400897e-07
49900.056 1.5626517410999924e-07
49950.056 1.3333453731399454e-07
50000.056 1.1151126864639881e-07
50050.056 1.2921662204900794e-07
50100.056 1.1386367726599589e-07
50150.056 5.8468186683991484e-08
50200.056 1.3770063426765011e-08
50250.056 6.500971282599901e-08
50300.056 4.4716534144406835e-08
50350.056 1.2297465311900804e-07
50400.056 1.296063307109978e-07
50450.056 9.222839439800023e-08
50500.056 1.4243706423200821e-07
50550.056 1.5048836869000003e-07
50600.056 1.0342212055297918e-07
50650.056 1.3930818099701547e-07
50700.056 1.5223782397999842e-07
50750.056 1.0059060274799874e-07
50800.056 4.291475329413165e-08
50850.056 2.5993916191110175e-08
50900.056 1.1432951600900536e-07
50950.056 1.172447518959968e-07
51000.056 9.083478985411215e-08
51050.056 1.1568197121698467e-07
51100.056 5.6212198208498104e-08
51150.056 5.6401206794270864e-08
51200.056 1.409539299400005e-07
51250.056 1.108328041309884e-07
51300.056 7.559748467400705e-08
51350.056 8.146604310368691e-08
51400.056 3.6152880222706304e-08
51450.056 2.7585036035042964e-08
51500.056 2.2963809016607436e-08
51550.056 7.685277289100818e-08
51600.056 6.794917732830476e-08
51650.056 8.521199876099538e-08
51700.056 8.463517320374448e-08
51750.056 6.737013068881113e-08
51800.056 1.1286029595299495e-07
51850.056 8.687708638199636e-08
51900.056 1.0693354600400459e-07
51950.056 7.018130455499047e-08
52000.056 1.0168650077776604e-08
52050.056 3.97408314870041e-08
52100.056 2.581636090509598e-08
52150.056 1.668888678438372e-08
52200.056 4.026651104329757e-08
52250.056 6.551718304310882e-08
52300.056 8.9416190961997e-08
52350.056 3.01939373712027e-08
52400.056 3.213477559230034e-08
52450.056 9.087404269800975e-08
52500.056 7.946717240838859e-08
52550.056 8.022602427599172e-08
52600.056 6.360894215320706e-08
52650.056 7.821173071200058e-08
52700.056 4.787584014700093e-08
52750.056 2.521298999425363e-08
52800.056 3.906364829860635e-08
52850.056 4.9351327064890424e-08
52900.056 2.4559878082300623e-08
52950.056 3.891565515780516e-08
53000.056 6.85119492090012e-08
53050.056 2.9640175742597298e-08
53100.056 8.422678756600487e-08
53150.056 8.840462567599943e-08
53200.056 3.342837593819679e-08
53250.056 7.550360546000453e-08
53300.056 8.595735397621735e-08
53350.056 7.837435961899813e-08
53400.056 5.6325581186996426e-08
53450.056 1.9154940378545707e-08
53500.056 6.061758057918163e-09
