galfind/configs/Brown_Dwarf_templates/sonora_bobcat/m-0.5/1780g/sp_t1300g1780nc_m-0.5_resample.dat
# %ECSV 1.0
# ---
# datatype:
# - {name: wav, unit: Angstrom, datatype: float64}
# - {name: flux_nu, unit: erg / (cm2 Hz s), datatype: float64}
# meta: {C/O: '1.00', Kzz: '1.0000E+05', Teff: '1300.', Y: '0.28', '[Fe/H]': '-0.50', f_hole: '1.00', f_rain: '0.00', grav: '1780.'}
# schema: astropy-2.0
wav flux_nu
4000.0559999999996 nan
4050.0559999999996 2.0162003806224962e-11
4100.056 2.9294485242598655e-10
4150.056 4.6330318219001407e-10
4200.056 4.136080256595316e-10
4250.056 4.929908141890246e-10
4300.056 5.258158017350299e-10
4350.056 5.216251175600101e-10
4400.056 6.12680501930011e-10
4450.056 5.941094353500124e-10
4500.056 5.865998602800245e-10
4550.056 7.318785148099666e-10
4600.056 7.145385879099924e-10
4650.056 6.665069057399832e-10
4700.056 7.548939051599996e-10
4750.056 5.550018686999945e-10
4800.056 2.1543262944500077e-10
4850.056 1.0680882215899878e-10
4900.056 5.498605423599951e-11
4950.056 2.3586218828999774e-11
5000.056 7.266814323399924e-12
5050.056 2.3222910942999832e-12
5100.056 1.7169666013999933e-12
5150.056 1.3926039998999857e-12
5200.056 1.0990452601800037e-12
5250.056 8.189592698699974e-13
5300.056 6.095761641899981e-13
5350.056 4.604681763999987e-13
5400.056 3.545504409899988e-13
5450.056 2.7496944878999887e-13
5500.056 2.1507657020999934e-13
5550.056 1.7105955176999957e-13
5600.056 1.3836699246999952e-13
5650.056 1.1312138573999979e-13
5700.056 9.341319601199982e-14
5750.056 7.501425367399974e-14
5800.056 5.74101980669998e-14
5850.056 3.6329166337999603e-14
5900.056 1.1011278994525121e-14
5950.056 7.381222658400087e-14
6000.056 1.7543897623000204e-13
6050.056 3.723099425100036e-13
6100.056 7.662140415200069e-13
6150.056 1.5807740680000154e-12
6200.056 3.2293344706000293e-12
6250.056 6.416728164600063e-12
6300.056 1.2274159897400117e-11
6350.056 2.2565636574000202e-11
6400.056 3.9745364991000325e-11
6450.056 6.717944368200049e-11
6500.056 1.0913343458500076e-10
6550.056 1.720697599300012e-10
6600.056 2.6404278930000174e-10
6650.056 3.9144824210000193e-10
6700.056 3.814063956380016e-10
6750.056 7.608726770000055e-10
6800.056 1.0269103787200029e-09
6850.056 1.1603991103000002e-09
6900.056 1.102304405799998e-09
6950.056 9.772793380199982e-10
7000.056 9.53221389630001e-10
7050.056 1.0402276008500012e-09
7100.056 1.150980563300001e-09
7150.056 1.2281620992999985e-09
7200.056 1.2234515075000036e-09
7250.056 1.1352140063999929e-09
7300.056 9.944286321599987e-10
7350.056 8.362708784999966e-10
7400.056 6.83642459859998e-10
7450.056 5.322179445199976e-10
7500.056 3.869216969199973e-10
7550.056 2.5321084588999773e-10
7600.056 1.428932270789978e-10
7650.056 1.9216994946446627e-11
7700.056 8.730904687436565e-12
7750.056 8.481039726800261e-11
7800.056 2.375436346968462e-10
7850.056 6.338216655800085e-10
7900.056 1.1343125382500115e-09
7950.056 1.42948396981046e-09
8000.056 2.8319651450000234e-09
8050.056 4.06527382460003e-09
8100.056 5.562621477000026e-09
8150.056 7.367469940700049e-09
8200.056 9.47761918900012e-09
8250.056 1.2108096783800109e-08
8300.056 1.513331048500028e-08
8350.056 1.8544072677000086e-08
8400.056 2.2537077748000062e-08
8450.056 2.7415404218000133e-08
8500.056 2.876922350907403e-08
8550.056 3.6567301687501285e-08
8600.056 4.333586609000023e-08
8650.056 4.494088455799974e-08
8700.056 5.2510122555998386e-08
8750.056 6.057125183900059e-08
8800.056 7.10523118690004e-08
8850.056 8.109289267600016e-08
8900.056 9.017041740000049e-08
8950.056 8.362726018469918e-08
9000.056 1.1460749815599943e-07
9050.056 1.2932897307500131e-07
9100.056 1.4725373159700196e-07
9150.056 1.6385896341000115e-07
9200.056 1.8246634543599615e-07
9250.056 1.9216681651099364e-07
9300.056 1.4921808178099506e-07
9350.056 1.8302750718881005e-07
9400.056 2.2911391929199583e-07
9450.056 2.4399759163250815e-07
9500.056 2.596670205679851e-07
9550.056 2.829695869966214e-07
9600.056 2.9789380896500603e-07
9650.056 3.2850969839400535e-07
9700.056 3.743114477979853e-07
9750.056 3.899113261500056e-07
9800.056 4.1955910166599294e-07
9850.056 4.374212808899996e-07
9900.056 3.293107988199899e-07
9950.056 2.9039592073000023e-07
10000.056 2.372904611060019e-07
10050.056 3.105810667800001e-07
10100.056 3.5649136269000516e-07
10150.056 3.6223595952999524e-07
10200.056 3.928544887100007e-07
10250.056 4.1919211210000174e-07
10300.056 4.338501612899991e-07
10350.056 4.871950341800129e-07
10400.056 5.230816481699931e-07
10450.056 5.516812115499992e-07
10500.056 5.659019282200006e-07
10550.056 5.862700277500037e-07
10600.056 6.234721366699978e-07
10650.056 6.514138448500119e-07
10700.056 6.898813673300068e-07
10750.056 7.225630287700066e-07
10800.056 7.563979520100014e-07
10850.056 8.109988946699995e-07
10900.056 8.13718002619999e-07
10950.056 7.562632870599928e-07
11000.056 6.829975794699777e-07
11050.056 6.015868459489875e-07
11100.056 5.365516554220142e-07
11150.056 4.960620060820893e-07
11200.056 5.361236592359461e-07
11250.056 6.578329723314617e-07
11300.056 6.447723955119843e-07
11350.056 4.46890446521959e-07
11400.056 5.865901560280252e-07
11450.056 6.04664893622726e-07
11500.056 7.106867068664809e-07
11550.056 5.981151775727019e-07
11600.056 6.152115973874361e-07
11650.056 6.332218349344111e-07
11700.056 4.674933879280006e-07
11750.056 4.391793699949638e-07
11800.056 5.333055196830196e-07
11850.056 8.106057500500101e-07
11900.056 9.539537628999614e-07
11950.056 9.509254950100128e-07
12000.056 9.200078732200055e-07
12050.056 1.0568646288300245e-06
12100.056 1.09956845573999e-06
12150.056 1.2383305013899965e-06
12200.056 1.2593919213399761e-06
12250.056 1.3546951510000002e-06
12300.056 1.4207862116000084e-06
12350.056 1.3889387605999947e-06
12400.056 1.2988622554999882e-06
12450.056 1.2688711575000138e-06
12500.056 1.2792000539999887e-06
12550.056 1.3513355529000319e-06
12600.056 1.5887072721000048e-06
12650.056 1.6176699033000013e-06
12700.056 1.7258994383000283e-06
12750.056 1.6940573323999912e-06
12800.056 1.727900631300018e-06
12850.056 1.6585711151199842e-06
12900.056 1.590220845500009e-06
12950.056 1.6033256795899932e-06
13000.056 1.6354811271800035e-06
13050.056 1.6460154335399746e-06
13100.056 1.6438553218099618e-06
13150.056 1.5697229885600164e-06
13200.056 1.4915711930999872e-06
13250.056 1.2589384656779906e-06
13300.056 8.911621260618297e-07
13350.056 3.4930445192628033e-07
13400.056 1.836718717661516e-07
13450.056 1.4057369079474183e-07
13500.056 1.014526642943207e-07
13550.056 8.29273447288401e-08
13600.056 7.477607198110626e-08
13650.056 1.4051193773814098e-07
13700.056 1.1655428591585524e-07
13750.056 1.5009386329457005e-07
13800.056 1.8464731382954862e-07
13850.056 1.3974061359271883e-07
13900.056 1.312245228177537e-07
13950.056 1.2305021951407497e-07
14000.056 1.188572400586829e-07
14050.056 1.4056386246326581e-07
14100.056 1.0862313165747972e-07
14150.056 1.3741554748414848e-07
14200.056 1.1541077822915332e-07
14250.056 1.1212061743228417e-07
14300.056 1.5668066241751484e-07
14350.056 1.5871429142659205e-07
14400.056 1.6307219991361037e-07
14450.056 1.8784069847090176e-07
14500.056 2.57089381122163e-07
14550.056 2.571336399659956e-07
14600.056 3.4773919988023396e-07
14650.056 3.338503930939449e-07
14700.056 2.858785901146563e-07
14750.056 3.4514285518884675e-07
14800.056 3.8569325792752825e-07
14850.056 4.2523360011777907e-07
14900.056 4.1431271438698914e-07
14950.056 4.5990787082602367e-07
15000.056 4.987100815809969e-07
15050.056 5.759425433369698e-07
15100.056 5.902793830599961e-07
15150.056 6.406284779990296e-07
15200.056 6.700912186279631e-07
15250.056 7.446250125800152e-07
15300.056 7.86491588849988e-07
15350.056 8.592511206799793e-07
15400.056 9.073202725500111e-07
15450.056 9.496854372900316e-07
15500.056 9.739172242300142e-07
15550.056 1.0304505950399763e-06
15600.056 1.0548594001000074e-06
15650.056 1.0666605656300147e-06
15700.056 1.1131539225200138e-06
15750.056 1.124143064149999e-06
15800.056 1.1195766444500045e-06
15850.056 1.11578328391e-06
15900.056 1.0948919623300027e-06
15950.056 1.0679228150699866e-06
16000.056 1.0185227660300026e-06
16050.056 9.33407385429991e-07
16100.056 8.546418078199824e-07
16150.056 7.6326300501998e-07
16200.056 6.768568810999814e-07
16250.056 6.524989792299724e-07
16300.056 6.207193241439972e-07
16350.056 6.424288030076073e-07
16400.056 6.657191826730269e-07
16450.056 6.887185849600074e-07
16500.056 7.182768287920136e-07
16550.056 7.07504405780987e-07
16600.056 7.026484427600203e-07
16650.056 5.786407245300187e-07
16700.056 4.77882375105025e-07
16750.056 5.261998962099967e-07
16800.056 5.998961169100113e-07
16850.056 5.976742964099606e-07
16900.056 5.784275878420219e-07
16950.056 5.461814583699761e-07
17000.056 5.161923109900501e-07
17050.056 5.74539335650026e-07
17100.056 5.907141035400024e-07
17150.056 5.551949896999928e-07
17200.056 5.836284226899702e-07
17250.056 5.469980128499602e-07
17300.056 5.116462180400124e-07
17350.056 4.7587756279798756e-07
17400.056 4.611379738259879e-07
17450.056 4.427174238879391e-07
17500.056 4.438553867650637e-07
17550.056 4.0251953700980387e-07
17600.056 3.8427848507341204e-07
17650.056 3.74438798433639e-07
17700.056 3.136110157645869e-07
17750.056 2.8369666234969813e-07
17800.056 3.003970740828302e-07
17850.056 2.341152226213581e-07
17900.056 2.62006557657905e-07
17950.056 2.225015088918363e-07
18000.056 2.2266307929220118e-07
18050.056 2.0329971032136293e-07
18100.056 2.0953458518320069e-07
18150.056 2.3738998568791768e-07
18200.056 1.747100026371159e-07
18250.056 2.755229275250077e-07
18300.056 2.0799555359223887e-07
18350.056 2.013899159586859e-07
18400.056 1.8840756307595371e-07
18450.056 2.0029346021233632e-07
18500.056 2.0217841985861756e-07
18550.056 1.675952170577788e-07
18600.056 1.4794539351141643e-07
18650.056 1.494998412644927e-07
18700.056 1.5317421578368894e-07
18750.056 1.7907889545147491e-07
18800.056 2.489306980719235e-07
18850.056 2.71942697057379e-07
18900.056 2.530509227366827e-07
18950.056 3.3460002802860524e-07
19000.056 2.7868718453328656e-07
19050.056 2.375826908178216e-07
19100.056 3.134112475464191e-07
19150.056 2.597635731411855e-07
19200.056 2.8658848966006027e-07
19250.056 2.430854907299093e-07
19300.056 2.4219806694015364e-07
19350.056 2.2709208072718335e-07
19400.056 1.6733975323075175e-07
19450.056 2.4339668510058925e-07
19500.056 2.416081106651187e-07
19550.056 1.9890585027757355e-07
19600.056 2.2856997986518845e-07
19650.056 2.631172838788519e-07
19700.056 2.5511292381730974e-07
19750.056 2.503869310865148e-07
19800.056 2.769652111822754e-07
19850.056 3.2287761010048596e-07
19900.056 2.6291021715360594e-07
19950.056 3.4490541874898934e-07
20000.056 3.1242441083903627e-07
20050.056 3.634152228900047e-07
20100.056 3.5451177396192554e-07
20150.056 3.809979438070443e-07
20200.056 3.9661638498204854e-07
20250.056 4.206808645909698e-07
20300.056 4.1514226659302467e-07
20350.056 4.5168951740797605e-07
20400.056 4.474730820979412e-07
20450.056 4.696346218299668e-07
20500.056 4.831001590199596e-07
20550.056 4.838244256600132e-07
20600.056 5.08004236520011e-07
20650.056 5.037878509400086e-07
20700.056 5.116606167000089e-07
20750.056 5.12099074639997e-07
20800.056 5.213580840299882e-07
20850.056 5.153730140499938e-07
20900.056 5.243665181599808e-07
20950.056 5.185178086700056e-07
21000.056 5.158485711400059e-07
21050.056 5.126111231899962e-07
21100.056 5.079282121700013e-07
21150.056 5.086408024999771e-07
21200.056 4.993052032300053e-07
21250.056 4.951990344599789e-07
21300.056 4.808658612999911e-07
21350.056 4.776482392200054e-07
21400.056 4.705286929800244e-07
21450.056 4.6112335629000453e-07
21500.056 4.4988838827000683e-07
21550.056 4.4133385456000524e-07
21600.056 4.2725092243001007e-07
21650.056 4.1533686963000615e-07
21700.056 4.125832340900047e-07
21750.056 3.9055429163000946e-07
21800.056 3.7346243812998114e-07
21850.056 3.555782410000056e-07
21900.056 3.2735153587999766e-07
21950.056 2.8306089077001314e-07
22000.056 2.1135131666300523e-07
22050.056 1.8356594798198275e-07
22100.056 2.166115335780229e-07
22150.056 2.3450110844198276e-07
22200.056 2.412766699459976e-07
22250.056 2.3939840996601353e-07
22300.056 2.1585628484999854e-07
22350.056 2.1359260172001523e-07
22400.056 1.8948250080098402e-07
22450.056 1.7680142608879878e-07
22500.056 1.822826020010302e-07
22550.056 1.6546258976699211e-07
22600.056 1.6790926635422014e-07
22650.056 1.6979330282841538e-07
22700.056 1.6082748238909717e-07
22750.056 1.6119853690700873e-07
22800.056 1.5876478862518724e-07
22850.056 1.446019048482085e-07
22900.056 1.4213730128818504e-07
22950.056 1.373511336579846e-07
23000.056 1.5422881266099791e-07
23050.056 1.7944626479799917e-07
23100.056 2.1982891654501339e-07
23150.056 2.0841364291428715e-07
23200.056 1.2206216644399057e-07
23250.056 1.3838888358201646e-07
23300.056 1.2168045253402536e-07
23350.056 1.2010574068620872e-07
23400.056 1.1944960826440738e-07
23450.056 1.204054919985032e-07
23500.056 1.2774614378412521e-07
23550.056 1.4789368436350907e-07
23600.056 1.628436761019796e-07
23650.056 1.8233817498398486e-07
23700.056 1.261745573925303e-07
23750.056 1.2577046347798787e-07
23800.056 1.2927921711699385e-07
23850.056 1.3791976363801528e-07
23900.056 1.7321186447401214e-07
23950.056 1.769731578920152e-07
24000.056 1.961376470589896e-07
24050.056 2.0190621694091114e-07
24100.056 1.9284911577269416e-07
24150.056 2.070218054870345e-07
24200.056 2.070954722154006e-07
24250.056 2.0099073328000372e-07
24300.056 2.138477093110179e-07
24350.056 1.9276751118627744e-07
24400.056 2.2648745476500918e-07
24450.056 2.0505894844157154e-07
24500.056 2.0972419404798277e-07
24550.056 2.145357617182413e-07
24600.056 2.1622292967079985e-07
24650.056 2.5030195670002134e-07
24700.056 1.9447701429947816e-07
24750.056 1.9334387312309986e-07
24800.056 1.9984768306270547e-07
24850.056 2.484091583373414e-07
24900.056 1.5940058157704437e-07
24950.056 2.34371305017807e-07
25000.056 2.1005924114573023e-07
25050.056 1.535876399808282e-07
25100.056 2.054395185621813e-07
25150.056 1.596405659123902e-07
25200.056 1.8629716674822334e-07
25250.056 1.4153178818058118e-07
25300.056 1.796154579438039e-07
25350.056 1.2853964323741096e-07
25400.056 1.8811339256272814e-07
25450.056 1.2929158967158369e-07
25500.056 1.4062738565960642e-07
25550.056 1.4766334119611164e-07
25600.056 1.4947721718517175e-07
25650.056 1.0940529408974137e-07
25700.056 1.7945011189435817e-07
25750.056 1.0172054460354973e-07
25800.056 1.8974948274203015e-07
25850.056 1.186988937374005e-07
25900.056 1.6250346169549056e-07
25950.056 1.0425661895870914e-07
26000.056 1.9492197318425527e-07
26050.056 1.4559304233947023e-07
26100.056 2.0690117456682116e-07
26150.056 1.7549502287757833e-07
26200.056 1.7917906876618183e-07
26250.056 2.420993395731662e-07
26300.056 1.8801258153805719e-07
26350.056 2.7233875144228946e-07
26400.056 2.5201009256376486e-07
26450.056 2.533750611788183e-07
26500.056 2.7806699932266187e-07
26550.056 1.9642368242770756e-07
26600.056 2.539197175708795e-07
26650.056 1.5487499116863463e-07
26700.056 1.4722137460520525e-07
26750.056 1.0804147449124735e-07
26800.056 1.4661485556149345e-07
26850.056 9.598058734331795e-08
26900.056 1.7023806008429182e-07
26950.056 1.0307881639527519e-07
27000.056 1.894440329104261e-07
27050.056 1.5576666567758646e-07
27100.056 1.3991160275317278e-07
27150.056 1.9343248326542253e-07
27200.056 1.4970642561300503e-07
27250.056 1.6281534251972315e-07
27300.056 2.8075535876152055e-07
27350.056 2.2335553452255684e-07
27400.056 1.1259692430269523e-07
27450.056 2.72123720917193e-07
27500.056 2.634989182238836e-07
27550.056 1.5593972963177035e-07
27600.056 2.476255841046039e-07
27650.056 1.474527030622968e-07
27700.056 1.272311146187767e-07
27750.056 2.529927049068927e-07
27800.056 1.467281909649872e-07
27850.056 1.6262044166115998e-07
27900.056 1.8240944963072237e-07
27950.056 2.653004799047105e-07
28000.056 2.087336375477992e-07
28050.056 1.1493883864782238e-07
28100.056 2.76058918029916e-07
28150.056 1.8269606825241073e-07
28200.056 1.238766521932865e-07
28250.056 2.578156704909822e-07
28300.056 2.9861257665676195e-07
28350.056 1.4198650189605993e-07
28400.056 2.1801250697521014e-07
28450.056 2.7714715358246947e-07
28500.056 2.1961774498347375e-07
28550.056 1.1456868313248421e-07
28600.056 2.9037229065269555e-07
28650.056 2.481013594335254e-07
28700.056 2.130312804646653e-07
28750.056 2.8526157436219467e-07
