galfind/configs/Brown_Dwarf_templates/sonora_bobcat/m-0.5/1780g/sp_t450g1780nc_m-0.5_resample.dat
# %ECSV 1.0
# ---
# datatype:
# - {name: wav, unit: Angstrom, datatype: float64}
# - {name: flux_nu, unit: erg / (cm2 Hz s), datatype: float64}
# meta: {C/O: '1.00', Kzz: '1.0000E+05', Teff: '450.', Y: '0.28', '[Fe/H]': '-0.50', f_hole: '1.00', f_rain: '0.00', grav: '1780.'}
# schema: astropy-2.0
wav flux_nu
[from data line 499]
28950.056 3.0906322058436483e-10
29000.056 2.39945820452344e-10
29050.056 4.30606055121056e-10
29100.056 1.6204101284114855e-10
29150.056 3.425278325820692e-10
29200.056 5.818400453821e-10
29250.056 5.90738850537401e-10
29300.056 3.6755394412149323e-10
29350.056 1.2392956305069013e-09
29400.056 4.602895818329028e-10
29450.056 2.4114842336202523e-10
29500.056 1.1292550638533253e-09
29550.056 4.4794886342958675e-10
29600.056 6.016830818146687e-10
29650.056 1.5616121839549291e-09
29700.056 3.3581326194990794e-10
29750.056 9.556744721976575e-10
29800.056 6.972153209595464e-10
29850.056 1.8125664562410142e-09
29900.056 8.890657698215201e-10
29950.056 6.90442156506572e-10
30000.056 1.588662699125592e-11
30050.056 1.48250697621922e-10
30100.056 5.553628074972523e-10
30150.056 1.3262692593819832e-09
30200.056 9.367912135618282e-10
30250.056 2.0962909359462174e-09
30300.056 1.9903103998928053e-09
30350.056 6.772990886515656e-10
30400.056 2.350812523015943e-09
30450.056 1.7830065882847564e-09
30500.056 1.1868400774714707e-09
30550.056 9.763793907922327e-10
30600.056 5.469245548899989e-09
30650.056 2.9992389419161907e-09
30700.056 1.4191601562510365e-09
30750.056 2.915568801106496e-09
30800.056 2.704040121329427e-09
30850.056 3.041432701761964e-09
30900.056 1.5392065045182725e-09
30950.056 1.4023564472120647e-09
31000.056 1.8125624147241854e-09
31050.056 1.430948630240787e-09
31100.056 5.991105825160814e-10
31150.056 1.3129554206171862e-09
31200.056 3.495912807299913e-09
31250.056 1.2147114611978702e-09
31300.056 8.220750539838382e-10
31350.056 2.089708972037197e-09
31400.056 1.1477254543915034e-09
31450.056 1.484903009170451e-09
31500.056 5.055477100641191e-10
31550.056 1.0539530341307186e-09
31600.056 6.858172566967148e-10
31650.056 5.026952683573935e-10
31700.056 5.417853837600924e-10
31750.056 1.8760181659872358e-10
31800.056 4.4269656157000567e-10
31850.056 9.117194568881069e-11
31900.056 2.446578858094991e-10
31950.056 1.0532569143501085e-10
32000.056 1.0396303045384523e-10
32050.056 9.543655932646272e-11
32100.056 7.362899962313978e-11
32150.056 9.145404765980301e-11
32200.056 4.0999200949838674e-11
32250.056 9.943807169615392e-11
32300.056 2.9647368617801556e-11
32350.056 1.1170422364363368e-10
32400.056 1.659043588006037e-11
32450.056 8.373591646140276e-11
32500.056 2.0269319185099268e-11
32550.056 1.0294210910599903e-10
32600.056 2.130469896131892e-11
32650.056 1.5399735813249701e-10
32700.056 3.2394705546945256e-11
32750.056 3.587137709220824e-10
32800.056 1.991691273470221e-10
32850.056 7.036891972101525e-10
32900.056 5.907177793696144e-10
32950.056 6.796867608525578e-10
33000.056 1.9412791553171157e-10
33050.056 2.0907827604303296e-10
33100.056 3.8119184675112815e-11
33150.056 4.352663747339088e-14
33200.056 1.7857048920296295e-12
33250.056 4.666530377248881e-12
33300.056 5.0554476425808056e-11
33350.056 1.2601945630963954e-10
33400.056 4.2206642483100914e-10
33450.056 1.291264570052886e-10
33500.056 6.287352165500629e-10
33550.056 1.183626070613784e-10
33600.056 2.779609007952139e-10
33650.056 3.2687113673097456e-10
33700.056 7.35438266602231e-11
33750.056 4.170606819251718e-10
33800.056 3.094037599801563e-11
33850.056 1.917679372924049e-10
33900.056 1.6752677877422568e-10
33950.056 1.6498654221963131e-10
34000.056 3.8474676550577044e-10
34050.056 6.319540006802457e-11
34100.056 3.7502854276439393e-10
34150.056 9.87853757645605e-11
34200.056 3.9338460816388254e-10
34250.056 2.250890009431896e-10
34300.056 2.0858740482656938e-10
34350.056 7.297654549308411e-10
34400.056 1.2172103956093925e-10
34450.056 6.544806819982095e-10
34500.056 2.9174581605773004e-10
34550.056 3.412521737806654e-10
34600.056 1.5414314237880226e-09
34650.056 1.4606187443405664e-10
34700.056 1.221652536861026e-09
34750.056 5.628457246273379e-10
34800.056 3.9148485162930605e-10
34850.056 1.6449702360390177e-09
34900.056 2.418115239108181e-10
34950.056 1.7626531897060103e-09
35000.056 2.0465740628972905e-09
35050.056 1.0969591286742402e-09
35100.056 3.4106075580178535e-09
35150.056 2.454747872195532e-09
35200.056 2.3729958531601367e-09
35250.056 4.448243589488715e-09
35300.056 9.129703800267819e-10
35350.056 1.5588493071693047e-09
35400.056 1.110407586620471e-09
35450.056 8.954638744952196e-10
35500.056 3.5572654243813887e-09
35550.056 2.178585961526494e-09
35600.056 3.524155263220577e-09
35650.056 3.4803331853420476e-09
35700.056 3.3977683783860178e-09
35750.056 6.208440905388278e-09
35800.056 2.9639217161753183e-09
35850.056 1.8853268282244244e-09
35900.056 3.39614549143109e-09
35950.056 5.139976880339744e-09
36000.056 5.435477475360653e-09
36050.056 3.886283045632212e-09
36100.056 3.558632111918096e-09
36150.056 9.101491023900164e-09
36200.056 9.370994691199548e-09
36250.056 5.193632949327821e-09
36300.056 1.1673015844926814e-08
36350.056 9.125482926150313e-09
36400.056 1.2309095726698613e-08
36450.056 7.650613717351665e-09
36500.056 9.025543008226089e-09
36550.056 1.7606303278800358e-08
36600.056 2.064882929099884e-08
36650.056 1.0570687456560875e-08
36700.056 1.1477563617331992e-08
36750.056 2.0421186477001738e-08
36800.056 2.0472728208999073e-08
36850.056 1.1657133174868505e-08
36900.056 1.3595777375151417e-08
36950.056 2.2923749017496736e-08
37000.056 1.6815069148000685e-08
37050.056 2.029706144388893e-08
37100.056 9.383102245427583e-09
37150.056 1.683018823370111e-08
37200.056 2.99413200679995e-08
37250.056 1.4332847133577113e-08
37300.056 1.0112727872860333e-08
37350.056 2.0598278059601767e-08
37400.056 2.9638523979999238e-08
37450.056 1.469441889399864e-08
37500.056 1.559565963849951e-08
37550.056 3.388498914560446e-08
37600.056 4.459922376199973e-08
37650.056 1.5313919024101745e-08
37700.056 2.6527794539002112e-08
37750.056 1.9781486541700797e-08
37800.056 2.5162113557001498e-08
37850.056 1.4674446801199777e-08
37900.056 1.8056295900399346e-08
37950.056 2.386805168929982e-08
38000.056 2.243292952019898e-08
38050.056 2.86435794475023e-08
38100.056 4.0082312441199763e-08
38150.056 4.2700782450997183e-08
38200.056 3.0643876714501083e-08
38250.056 3.7395552364602496e-08
38300.056 5.8548157909995695e-08
38350.056 5.0083187740004805e-08
38400.056 2.6261892507893832e-08
38450.056 1.6288430639097497e-08
38500.056 1.534248259100227e-08
38550.056 3.4928903608001553e-08
38600.056 3.7448070164997434e-08
38650.056 3.733822748599948e-08
38700.056 3.8267264256997776e-08
38750.056 3.6811534536998404e-08
38800.056 3.628129137400009e-08
38850.056 4.122879683200145e-08
38900.056 4.3833178077395316e-08
38950.056 3.452296534800225e-08
39000.056 4.3442130085996226e-08
39050.056 3.401022981500658e-08
39100.056 3.516246387968942e-08
39150.056 5.211514419399866e-08
39200.056 4.581402531500034e-08
39250.056 4.6128937215000975e-08
39300.056 4.121900146000125e-08
39350.056 6.061418181000072e-08
39400.056 4.429813861249639e-08
39450.056 5.6178682686503926e-08
39500.056 6.179157369099839e-08
39550.056 3.9156921441006026e-08
39600.056 4.85878372450031e-08
39650.056 7.111672863999936e-08
39700.056 6.40698410520008e-08
39750.056 3.641313952800103e-08
39800.056 3.6393803810501324e-08
39850.056 7.024084106600261e-08
39900.056 7.418802860400069e-08
39950.056 5.082617806800069e-08
40000.056 6.582196339499991e-08
40050.056 6.526997185099778e-08
40100.056 2.979029237900463e-08
40150.056 6.128952517700221e-08
40200.056 6.987230694299788e-08
40250.056 7.374129733499611e-08
40300.056 7.268074711900328e-08
40350.056 4.485728155299461e-08
40400.056 5.96139127189989e-08
40450.056 4.226544491099858e-08
40500.056 6.912714616099862e-08
40550.056 7.374189383399716e-08
40600.056 7.484485485199937e-08
40650.056 5.8834173030995604e-08
40700.056 8.510409239400015e-08
40750.056 6.989149114099796e-08
40800.056 5.2249240899996174e-08
40850.056 8.832681529500318e-08
40900.056 8.757365127199805e-08
40950.056 6.311580883699947e-08
41000.056 6.798418536699986e-08
41050.056 9.18140871010011e-08
41100.056 8.355396238599443e-08
41150.056 4.578187021299897e-08
41200.056 8.461071079700617e-08
41250.056 8.25779487109924e-08
41300.056 8.825608985300354e-08
41350.056 9.97248818100001e-08
41400.056 8.642611109399951e-08
41450.056 9.695729291000099e-08
41500.056 7.246509455899314e-08
41550.056 6.882344267400541e-08
41600.056 7.051854281800083e-08
41650.056 9.29403442530028e-08
41700.056 1.0339936319099764e-07
41750.056 9.206243506100098e-08
41800.056 9.699300164499942e-08
41850.056 7.911893804699741e-08
41900.056 7.32764134929915e-08
41950.056 7.95279741459996e-08
42000.056 6.478251041198805e-08
42050.056 6.675158425900343e-08
42100.056 8.025394985199697e-08
42150.056 7.729684711499906e-08
42200.056 7.90674960669971e-08
42250.056 7.093367298900248e-08
42300.056 6.910646636599828e-08
42350.056 8.669914360200098e-08
42400.056 9.31845203780011e-08
42450.056 9.034645947500278e-08
42500.056 9.498626141999906e-08
42550.056 8.900167292599932e-08
42600.056 8.457228971600612e-08
42650.056 1.0184405352999631e-07
42700.056 7.485493724399524e-08
42750.056 7.788088376700606e-08
42800.056 9.934330193400048e-08
42850.056 1.0229800514399635e-07
42900.056 9.969333461100186e-08
42950.056 8.779807649000116e-08
43000.056 9.583922501899825e-08
43050.056 6.709833691000145e-08
43100.056 9.171374200800029e-08
43150.056 8.781265172300012e-08
43200.056 9.373995624100148e-08
43250.056 1.1474362423000076e-07
43300.056 1.052747291749975e-07
43350.056 7.350622233599994e-08
43400.056 9.461309015900151e-08
43450.056 8.278154932800084e-08
43500.056 7.949430953100037e-08
43550.056 7.70837489090021e-08
43600.056 1.0262462385699954e-07
43650.056 6.782788025899628e-08
43700.056 9.73110309230083e-08
43750.056 1.066274009719982e-07
43800.056 9.48241136359981e-08
43850.056 8.939512827700499e-08
43900.056 8.216791161099993e-08
43950.056 6.625029476899813e-08
44000.056 6.264580946099988e-08
44050.056 9.883790291600514e-08
44100.056 1.1714992864000081e-07
44150.056 1.1270706802399839e-07
44200.056 1.0863237494800026e-07
44250.056 8.088545029699772e-08
44300.056 5.9259504184999477e-08
44350.056 6.26104857210015e-08
44400.056 7.204152770999929e-08
44450.056 9.257164378100388e-08
44500.056 8.543716105900156e-08
44550.056 1.0292429344800076e-07
44600.056 8.742406664600093e-08
44650.056 9.348490592899636e-08
44700.056 7.418059125999578e-08
44750.056 8.42470270410043e-08
44800.056 6.858685941099984e-08
44850.056 8.918752351400281e-08
44900.056 8.573255539799868e-08
44950.056 9.312473762700254e-08
45000.056 9.90706460629998e-08
45050.056 9.472512295699625e-08
45100.056 8.991292616400396e-08
45150.056 8.650326594299905e-08
45200.056 6.025638518599903e-08
45250.056 7.064445900799881e-08
45300.056 6.995908662700051e-08
45350.056 5.136522803100264e-08
45400.056 1.0260147861000165e-07
45450.056 9.741373630900339e-08
45500.056 1.0224383783500188e-07
45550.056 1.0840649858699622e-07
45600.056 1.0398361193400099e-07
45650.056 9.483693054499548e-08
45700.056 5.967930298499444e-08
45750.056 5.384503472500431e-08
45800.056 1.0021525932500153e-07
45850.056 9.19829014860026e-08
45900.056 1.067641369909991e-07
45950.056 1.0228337892999785e-07
46000.056 1.0319085657900183e-07
46050.056 9.59433877550022e-08
46100.056 1.046255738819969e-07
46150.056 7.855280125400007e-08
46200.056 6.206003173099474e-08
46250.056 2.9320903581399194e-08
46300.056 7.458690542200418e-08
46350.056 8.795797829600208e-08
46400.056 8.766782118000055e-08
46450.056 7.514639229899627e-08
46500.056 8.365923777000195e-08
46550.056 6.235084362899743e-08
46600.056 5.82061248669964e-08
46650.056 7.945462425500302e-08
46700.056 6.625230991899532e-08
46750.056 3.2084091559603544e-08
46800.056 2.253824593659769e-08
46850.056 6.978039140800735e-08
46900.056 9.032152365399964e-08
46950.056 9.004467699099866e-08
47000.056 9.037787272100132e-08
47050.056 6.639381606799021e-08
47100.056 5.899828196900106e-08
47150.056 7.579468525300498e-08
47200.056 8.117409602699845e-08
47250.056 4.003958005189268e-08
47300.056 2.926374413490709e-08
47350.056 7.980927038900282e-08
47400.056 8.722795515399944e-08
47450.056 6.50662906510026e-08
47500.056 9.24242187040008e-08
47550.056 8.51528390780009e-08
47600.056 7.413777431099674e-08
47650.056 8.063028543399647e-08
47700.056 7.021412685900597e-08
47750.056 5.738596942199973e-08
47800.056 4.1589953193998476e-08
47850.056 1.5927685661102248e-08
47900.056 2.7773502043399762e-08
47950.056 6.890585712700414e-08
48000.056 8.120974195599721e-08
48050.056 6.888853800399812e-08
48100.056 3.8465926366199744e-08
48150.056 6.324641799600239e-08
48200.056 4.9031612298797305e-08
48250.056 6.841349272900088e-08
48300.056 7.64239081029997e-08
48350.056 5.323659279699489e-08
48400.056 1.1582291828037091e-08
48450.056 2.3309975942285386e-08
48500.056 4.7166722529995224e-08
48550.056 5.2206203727708636e-08
48600.056 7.825396784600115e-08
48650.056 8.546843645199932e-08
48700.056 7.267947182200136e-08
48750.056 5.759784147300017e-08
48800.056 7.283885778200087e-08
48850.056 4.1261059776594915e-08
48900.056 4.351113926139574e-08
48950.056 2.629615082299813e-08
49000.056 1.618139888244153e-08
49050.056 4.644704910099595e-08
49100.056 5.8148220710506797e-08
49150.056 5.087608510299897e-08
49200.056 7.422513971100284e-08
49250.056 7.729509982599982e-08
49300.056 6.721303079199694e-08
49350.056 3.673702083630204e-08
49400.056 3.971813282779341e-08
49450.056 3.210242960635671e-08
49500.056 2.807123373580546e-08
49550.056 5.175874998539826e-09
49600.056 1.4427880037692586e-08
49650.056 4.3876517309002924e-08
49700.056 5.589672051299993e-08
49750.056 4.746124399879623e-08
49800.056 2.7532977560979732e-08
49850.056 5.995638545300342e-08
49900.056 6.572279368099976e-08
49950.056 5.8594762048997686e-08
50000.056 4.134397071689698e-08
50050.056 4.570980683140566e-08
50100.056 4.1435402551998265e-08
50150.056 1.68151747985969e-08
50200.056 2.405938866381093e-09
50250.056 1.6017366116699896e-08
50300.056 1.1339563660502289e-08
50350.056 4.3517885385002944e-08
50400.056 5.3215341473999885e-08
50450.056 4.179822985199943e-08
50500.056 5.918341584100331e-08
50550.056 6.47281881619999e-08
50600.056 4.585786428899283e-08
50650.056 5.89672618240038e-08
50700.056 5.9199999859998676e-08
50750.056 3.772805997099808e-08
50800.056 1.1703199219503064e-08
50850.056 5.195856701912505e-09
50900.056 3.608153591900329e-08
50950.056 4.290594371599743e-08
51000.056 2.923766413352493e-08
51050.056 4.3664913191994585e-08
51100.056 2.1625145179800048e-08
51150.056 1.631494909477359e-08
51200.056 5.1500376709001615e-08
51250.056 4.4925657814996184e-08
51300.056 2.9004295923201278e-08
51350.056 2.5188796583479648e-08
51400.056 7.481391034122529e-09
51450.056 5.8398959166222875e-09
51500.056 5.0549285881719e-09
51550.056 2.3812434161002806e-08
51600.056 2.6974014639701505e-08
51650.056 3.6407235792999116e-08
51700.056 2.984418679822407e-08
51750.056 2.5272203238554873e-08
51800.056 4.499454378799979e-08
51850.056 3.43840410549982e-08
51900.056 3.452934410300056e-08
51950.056 1.8228764701396503e-08
52000.056 1.496547087480411e-09
52050.056 9.573934475200896e-09
52100.056 4.984160888588728e-09
52150.056 2.715530215320981e-09
52200.056 1.1537225301399662e-08
52250.056 2.1732102518002716e-08
52300.056 2.5537850509998407e-08
52350.056 5.5401975455794835e-09
52400.056 6.589011619260215e-09
52450.056 2.8317457404003284e-08
52500.056 2.3423835286148004e-08
52550.056 2.867160658199655e-08
52600.056 2.381733305070312e-08
52650.056 3.121008409599899e-08
52700.056 1.6449644116499496e-08
52750.056 5.910206695999946e-09
52800.056 1.1505853521302106e-08
52850.056 1.4877608714197386e-08
52900.056 4.3876109030230906e-09
52950.056 8.649448744251763e-09
53000.056 2.160876333800025e-08
53050.056 7.720099773979976e-09
53100.056 3.0397118133002525e-08
53150.056 3.2352226809998976e-08
53200.056 1.1902634180598939e-08
53250.056 2.692448770500095e-08
53300.056 2.8392624702603567e-08
53350.056 2.60410818049991e-08
53400.056 1.582622731399845e-08
53450.056 3.590747267678898e-09
53500.056 6.575516334698257e-10
53550.056 1.6139866822379835e-09
53600.056 8.73673640419191e-09
53650.056 1.2565598389400642e-08
