galfind/configs/Brown_Dwarf_templates/sonora_bobcat/m-0.5/1780g/sp_t1800g1780nc_m-0.5_resample.dat
# %ECSV 1.0
# ---
# datatype:
# - {name: wav, unit: Angstrom, datatype: float64}
# - {name: flux_nu, unit: erg / (cm2 Hz s), datatype: float64}
# meta: {C/O: '1.00', Kzz: '1.0000E+05', Teff: '1800.', Y: '0.28', '[Fe/H]': '-0.50', f_hole: '1.00', f_rain: '0.00', grav: '1780.'}
# schema: astropy-2.0
wav flux_nu
[from data line 496]
28800.056 1.1836563505901955e-06
28850.056 1.227050580560066e-06
28900.056 8.853822389499609e-07
28950.056 1.356964665679964e-06
29000.056 1.1693372779297736e-06
29050.056 1.2708650545101026e-06
29100.056 9.842376610601196e-07
29150.056 1.4057320039499992e-06
29200.056 1.1223204896100434e-06
29250.056 1.2531288859199498e-06
29300.056 1.0052551295198416e-06
29350.056 1.5639896898199206e-06
29400.056 1.2303265948199597e-06
29450.056 1.210593358989955e-06
29500.056 1.2506191596099612e-06
29550.056 1.262174623380035e-06
29600.056 1.3888663426597707e-06
29650.056 1.2342410065999776e-06
29700.056 1.2367672697499512e-06
29750.056 1.3858444450201576e-06
29800.056 1.4324170637798308e-06
29850.056 1.311799204639854e-06
29900.056 1.2975785759604153e-06
29950.056 1.5407250548398486e-06
30000.056 1.4434165689298058e-06
30050.056 1.3278015543200393e-06
30100.056 1.2173282958097392e-06
30150.056 1.6718617380300175e-06
30200.056 1.428518654360055e-06
30250.056 1.4863957568801345e-06
30300.056 1.3384153857799481e-06
30350.056 1.4321504654501828e-06
30400.056 1.5932241959000723e-06
30450.056 1.2792922639701913e-06
30500.056 1.207723240000083e-06
30550.056 1.39240118197011e-06
30600.056 1.3665792803100289e-06
30650.056 1.3491035309999715e-06
30700.056 1.2271142730499026e-06
30750.056 1.2195825390899308e-06
30800.056 1.2900026371702143e-06
30850.056 1.1189998364098914e-06
30900.056 1.0965839283498667e-06
30950.056 1.0038251367101164e-06
31000.056 1.0536431556700413e-06
31050.056 1.146636601320024e-06
31100.056 9.60646007750003e-07
31150.056 9.962518888399328e-07
31200.056 1.0346331828300054e-06
31250.056 9.57480207329993e-07
31300.056 9.275360649098933e-07
31350.056 8.85328077640016e-07
31400.056 8.452597763400879e-07
31450.056 8.566700454099241e-07
31500.056 8.161212928398849e-07
31550.056 8.303854581199896e-07
31600.056 7.798750203600042e-07
31650.056 7.542726379200088e-07
31700.056 7.887583017899242e-07
31750.056 7.205549938601436e-07
31800.056 8.080186858098958e-07
31850.056 7.350037160300776e-07
31900.056 8.220062430300626e-07
31950.056 7.053818765400515e-07
32000.056 7.869873783698588e-07
32050.056 8.045672934400596e-07
32100.056 8.038504528899757e-07
32150.056 8.801155663699516e-07
32200.056 7.766015078299689e-07
32250.056 9.402235829300646e-07
32300.056 7.663035942699444e-07
32350.056 1.0027519095000604e-06
32400.056 8.055708017400051e-07
32450.056 9.934492798898035e-07
32500.056 9.594027650401532e-07
32550.056 1.0347547463699914e-06
32600.056 1.0455942149199843e-06
32650.056 1.129214335449982e-06
32700.056 1.1311606326700812e-06
32750.056 1.1494732557599948e-06
32800.056 1.1479315997201212e-06
32850.056 1.2265768074299563e-06
32900.056 1.2738358572700529e-06
32950.056 1.2327168647499755e-06
33000.056 1.19884265030994e-06
33050.056 1.0878460635999633e-06
33100.056 9.63938128459976e-07
33150.056 5.717625642700836e-07
33200.056 4.845648503198655e-07
33250.056 4.21187493869901e-07
33300.056 4.0483017301005433e-07
33350.056 4.4873420319000894e-07
33400.056 4.889061506499696e-07
33450.056 5.255147826000088e-07
33500.056 6.065244459100419e-07
33550.056 6.654967317300626e-07
33600.056 7.5648063351e-07
33650.056 8.642758658400718e-07
33700.056 8.71894841579977e-07
33750.056 1.0604541848599833e-06
33800.056 1.0091120888999198e-06
33850.056 1.145881269849985e-06
33900.056 1.0743584735399687e-06
33950.056 1.0976483856099812e-06
34000.056 1.1763760689399005e-06
34050.056 1.0256947809698522e-06
34100.056 1.2008150392199834e-06
34150.056 1.047672343279869e-06
34200.056 1.0021565699798446e-06
34250.056 1.079459862499871e-06
34300.056 9.166753778396166e-07
34350.056 9.641306259100128e-07
34400.056 8.918217452400676e-07
34450.056 9.923606553399934e-07
34500.056 1.055583249029953e-06
34550.056 9.031377579700238e-07
34600.056 1.0828754580600017e-06
34650.056 1.0096558802399493e-06
34700.056 1.0221923488199642e-06
34750.056 1.1446708720800673e-06
34800.056 9.820057948699373e-07
34850.056 1.0511580037500252e-06
34900.056 1.077376832089988e-06
34950.056 1.0339273499598215e-06
35000.056 1.2144305506900928e-06
35050.056 1.0414028129900438e-06
35100.056 1.1076201706599747e-06
35150.056 1.1959149791199605e-06
35200.056 1.1397747491001208e-06
35250.056 1.2838048304999534e-06
35300.056 1.1160225811400705e-06
35350.056 1.1375347411699341e-06
35400.056 1.2581328882801588e-06
35450.056 1.0113910778702602e-06
35500.056 1.3221994318300122e-06
35550.056 1.2674272778199953e-06
35600.056 1.2147046147301301e-06
35650.056 1.3761792953800252e-06
35700.056 1.2233459497299829e-06
35750.056 1.2918466930098842e-06
35800.056 1.5512020807000278e-06
35850.056 1.3023687268100992e-06
35900.056 1.5524509704399722e-06
35950.056 1.5139111089599383e-06
36000.056 1.5098576950801733e-06
36050.056 1.6402138464000787e-06
36100.056 1.6046615321794262e-06
36150.056 1.6494876362201685e-06
36200.056 1.8256294405999973e-06
36250.056 1.6823405722100275e-06
36300.056 1.8887631713000186e-06
36350.056 1.8262650613499218e-06
36400.056 1.858123384100086e-06
36450.056 2.0338644153999803e-06
36500.056 1.9415732368999357e-06
36550.056 2.0694010467003483e-06
36600.056 2.072697487400064e-06
36650.056 2.085056484099813e-06
36700.056 2.268484237099922e-06
36750.056 2.209876389900061e-06
36800.056 2.2773498184999276e-06
36850.056 2.406013327499912e-06
36900.056 2.334053350500058e-06
36950.056 2.4527000320999045e-06
37000.056 2.4725423560999193e-06
37050.056 2.5271745730999826e-06
37100.056 2.545285909500073e-06
37150.056 2.5864839482999665e-06
37200.056 2.6390965325999843e-06
37250.056 2.6657081606999327e-06
37300.056 2.6498696546999318e-06
37350.056 2.618441913900169e-06
37400.056 2.7833396156999744e-06
37450.056 2.6746943049000645e-06
37500.056 2.8017654542999473e-06
37550.056 2.8570427939999847e-06
37600.056 2.9272025113000292e-06
37650.056 2.8287546289000213e-06
37700.056 2.9504007795000236e-06
37750.056 2.889149139500079e-06
37800.056 2.971558387600041e-06
37850.056 2.9152610825999974e-06
37900.056 2.9465559393001514e-06
37950.056 2.963141297399982e-06
38000.056 3.0420752542000517e-06
38050.056 3.019118862500076e-06
38100.056 2.96134978220009e-06
38150.056 3.098172589699983e-06
38200.056 3.098838840000032e-06
38250.056 3.0145687705000636e-06
38300.056 3.0490544064999605e-06
38350.056 3.1104040450000267e-06
38400.056 3.0958331348999426e-06
38450.056 3.187185561200002e-06
38500.056 3.112117602100014e-06
38550.056 3.1779106906000624e-06
38600.056 3.2628724787999494e-06
38650.056 3.1599060570999836e-06
38700.056 3.1599634470000863e-06
38750.056 3.231291948500025e-06
38800.056 3.1819848741000233e-06
38850.056 3.1990516569999884e-06
38900.056 3.139444401599977e-06
38950.056 3.2434030986000095e-06
39000.056 3.220095982800029e-06
39050.056 3.2460571745999573e-06
39100.056 3.134848696600103e-06
39150.056 3.2304146453000387e-06
39200.056 3.2382663831999808e-06
39250.056 3.229264576799895e-06
39300.056 3.2211356917998993e-06
39350.056 3.2236808188000885e-06
39400.056 3.220458380400049e-06
39450.056 3.247035843099972e-06
39500.056 3.1739156746999585e-06
39550.056 3.1555185535998806e-06
39600.056 3.280427577099945e-06
39650.056 3.163907780400029e-06
39700.056 3.1702648140000195e-06
39750.056 3.170162137799963e-06
39800.056 3.0709071910000305e-06
39850.056 3.194247165499967e-06
39900.056 3.1146866159999853e-06
39950.056 3.1925765457999304e-06
40000.056 3.0306333797999878e-06
40050.056 3.021130766800006e-06
40100.056 3.1127892371999835e-06
40150.056 3.0115071561998947e-06
40200.056 3.0841389893999424e-06
40250.056 2.8933598824996402e-06
40300.056 2.9599272349001145e-06
40350.056 3.0136404483000453e-06
40400.056 2.983036613500053e-06
40450.056 2.9408605491999997e-06
40500.056 2.7855774105001506e-06
40550.056 3.0329302256999064e-06
40600.056 2.7045226870000736e-06
40650.056 2.9335979006000095e-06
40700.056 3.0144757108000136e-06
40750.056 2.7366101743995836e-06
40800.056 2.7365730200998806e-06
40850.056 2.662380593500251e-06
40900.056 2.726238560300044e-06
40950.056 2.7494465306999646e-06
41000.056 2.771005641399955e-06
41050.056 2.743676617399792e-06
41100.056 2.6176573969999105e-06
41150.056 2.7651593232999595e-06
41200.056 2.670671096800045e-06
41250.056 2.680245992400052e-06
41300.056 2.407587637799797e-06
41350.056 2.6803951859000636e-06
41400.056 2.5327847282001283e-06
41450.056 2.6052405522001223e-06
41500.056 2.626281410900058e-06
41550.056 2.5227331063600293e-06
41600.056 2.5290339452000726e-06
41650.056 2.5089399680001228e-06
41700.056 2.386072160899931e-06
41750.056 2.5051835307998997e-06
41800.056 2.638254275899936e-06
41850.056 2.158788523480173e-06
41900.056 2.509904122199912e-06
41950.056 2.580598550400101e-06
42000.056 2.5176826097002578e-06
42050.056 2.2955983293998553e-06
42100.056 2.580330183900109e-06
42150.056 2.1329023854999523e-06
42200.056 2.170617744360056e-06
42250.056 2.5350322621000094e-06
42300.056 2.3215686756000033e-06
42350.056 2.4904036026002063e-06
42400.056 2.3327456376000915e-06
42450.056 2.0841178373000626e-06
42500.056 2.1533544107000376e-06
42550.056 2.156254497600045e-06
42600.056 2.2571868670000602e-06
42650.056 2.3852041945997732e-06
42700.056 2.319464453600005e-06
42750.056 2.0998505744000597e-06
42800.056 2.2511085032801307e-06
42850.056 2.3556179486997795e-06
42900.056 2.3741427357201084e-06
42950.056 2.03939826219959e-06
43000.056 2.2307863057000296e-06
43050.056 1.9018204475105139e-06
43100.056 2.0962804658999445e-06
43150.056 2.026011204900172e-06
43200.056 1.9416712709999704e-06
43250.056 2.0746127092001e-06
43300.056 2.0576712792000505e-06
43350.056 1.774033250279737e-06
43400.056 1.8508297861099938e-06
43450.056 1.7798869225001224e-06
43500.056 1.7841495565998569e-06
43550.056 1.7468201332799523e-06
43600.056 1.8659833150001327e-06
43650.056 1.5954072865399835e-06
43700.056 1.7421359356000371e-06
43750.056 1.7235615217400656e-06
43800.056 1.5826680545999442e-06
43850.056 1.5616992191001837e-06
43900.056 1.629287094959915e-06
43950.056 1.4835267863799305e-06
44000.056 1.3802808689800101e-06
44050.056 1.4104581071000147e-06
44100.056 1.4898615352601452e-06
44150.056 1.5160457995799912e-06
44200.056 1.4044379293900543e-06
44250.056 1.3801355429099867e-06
44300.056 1.3354450484101004e-06
44350.056 1.280835019680081e-06
44400.056 1.3297730877799471e-06
44450.056 1.3478189499000333e-06
44500.056 1.298408670810102e-06
44550.056 1.246085953519875e-06
44600.056 1.222316452680117e-06
44650.056 1.311075711300019e-06
44700.056 1.2241695083500205e-06
44750.056 1.2496388386499143e-06
44800.056 1.2286730874199546e-06
44850.056 1.2224650783001195e-06
44900.056 1.166768996430067e-06
44950.056 1.1463031986800498e-06
45000.056 1.1917853767199984e-06
45050.056 1.1947457452299542e-06
45100.056 1.2453603469200268e-06
45150.056 1.1327354031800055e-06
45200.056 1.0573174544200166e-06
45250.056 1.1095813411099228e-06
45300.056 1.2013365383400268e-06
45350.056 1.2083797490599228e-06
45400.056 1.137696769240097e-06
45450.056 1.0931736701598785e-06
45500.056 1.1402175007299362e-06
45550.056 1.2029076411799996e-06
45600.056 1.1214991799399921e-06
45650.056 1.0443660599898551e-06
45700.056 1.1768230915000708e-06
45750.056 1.0770631251000375e-06
45800.056 1.0696570131799483e-06
45850.056 1.26198008635996e-06
45900.056 1.2087921901900164e-06
45950.056 1.0816551499299903e-06
46000.056 1.25054679418001e-06
46050.056 1.2719393079602506e-06
46100.056 1.063759560900053e-06
46150.056 1.155526906159909e-06
46200.056 1.1962043252102041e-06
46250.056 1.0391178691500024e-06
46300.056 1.2784055856800012e-06
46350.056 1.159710618189938e-06
46400.056 1.1755583991399489e-06
46450.056 1.2159378917800595e-06
46500.056 1.1032909804799422e-06
46550.056 1.3151411964900078e-06
46600.056 1.2453343886200639e-06
46650.056 1.4903415258698248e-06
46700.056 1.4596544396104397e-06
46750.056 1.1831294613400706e-06
46800.056 1.2372331438700894e-06
46850.056 1.3463757102701374e-06
46900.056 1.2524812882998556e-06
46950.056 1.43926409493001e-06
47000.056 1.1917886784100338e-06
47050.056 1.4142942054599099e-06
47100.056 1.1022440041100696e-06
47150.056 1.2517560988000273e-06
47200.056 1.3291840558901753e-06
47250.056 1.197287939509944e-06
47300.056 1.2461963121198774e-06
47350.056 1.1073079131299348e-06
47400.056 1.336089083589908e-06
47450.056 1.1570826692899799e-06
47500.056 1.328509743689914e-06
47550.056 1.1572162556399538e-06
47600.056 1.3198249477999113e-06
47650.056 1.062706633079884e-06
47700.056 1.3345309717800264e-06
47750.056 9.976394242501424e-07
47800.056 1.309230241939965e-06
47850.056 1.0022250839199573e-06
47900.056 1.2718133489299742e-06
47950.056 1.066981578470085e-06
48000.056 1.4085284408999765e-06
48050.056 1.1204422604200876e-06
48100.056 1.2586197556799765e-06
48150.056 1.108159362830136e-06
48200.056 1.2974453191200614e-06
48250.056 1.0981421636900655e-06
48300.056 1.4056905014398931e-06
48350.056 1.0285657068699012e-06
48400.056 1.2122778123899553e-06
48450.056 1.0551636588400351e-06
48500.056 1.4129705800999906e-06
48550.056 1.0091524451799625e-06
48600.056 1.3611894676999385e-06
48650.056 1.045930612699964e-06
48700.056 1.3715507298100498e-06
48750.056 9.460337828500441e-07
48800.056 1.3916457487300552e-06
48850.056 1.0062359398898232e-06
48900.056 1.3752927164000863e-06
48950.056 1.168798162719985e-06
49000.056 1.1519308973699824e-06
49050.056 1.2937594144599598e-06
49100.056 1.1545331014800437e-06
49150.056 1.22303816358993e-06
49200.056 1.1370999413299566e-06
49250.056 1.2237200393000358e-06
49300.056 1.0887031001699303e-06
49350.056 1.1579953958799996e-06
49400.056 1.2946339164799798e-06
49450.056 1.147162440730204e-06
49500.056 1.1827009895200067e-06
49550.056 1.0448860081199208e-06
49600.056 1.1493942153401333e-06
49650.056 1.1879356130599195e-06
49700.056 1.0698081382399043e-06
49750.056 1.5163522667999223e-06
49800.056 1.1208417082000048e-06
49850.056 1.4117313519900973e-06
49900.056 1.1874484879399904e-06
49950.056 1.1970181678199155e-06
50000.056 1.230761242759789e-06
50050.056 1.182619664890047e-06
50100.056 1.3442869182899302e-06
50150.056 1.0903645371000125e-06
50200.056 1.036450094790072e-06
50250.056 1.2458854864399998e-06
50300.056 1.1217650950399729e-06
50350.056 1.39798345883001e-06
50400.056 1.146837001029896e-06
50450.056 1.1525491118501243e-06
50500.056 1.4095711283201004e-06
50550.056 1.1963950269000162e-06
50600.056 1.2501451618999335e-06
50650.056 1.2056286327201062e-06
50700.056 1.3855800755099362e-06
50750.056 1.4251186889701047e-06
50800.056 1.00339039548986e-06
50850.056 1.2247315038300837e-06
50900.056 1.3525597586899184e-06
50950.056 1.2790312383402053e-06
51000.056 1.5234511123701142e-06
51050.056 1.2147608942900345e-06
51100.056 1.1316566146199352e-06
51150.056 1.2955860492799844e-06
51200.056 1.2746295043400167e-06
51250.056 1.3316143684700267e-06
51300.056 1.085915491650213e-06
51350.056 1.299346756079904e-06
51400.056 1.1644834177398925e-06
51450.056 9.385884672598698e-07
51500.056 1.170869629350123e-06
51550.056 1.5022840347200787e-06
51600.056 1.0572599013800374e-06
51650.056 1.2407287734598814e-06
51700.056 1.244520949809725e-06
51750.056 1.1052059752700224e-06
51800.056 1.383467896879777e-06
51850.056 1.2738522487698994e-06
51900.056 1.4362393241001138e-06
51950.056 1.3084511807399299e-06
52000.056 1.0347587692199656e-06
52050.056 1.2517503364099625e-06
52100.056 1.159886418559974e-06
52150.056 1.1397927232600324e-06
52200.056 1.1123082962300098e-06
52250.056 1.197203954559992e-06
52300.056 1.3988164051899734e-06
52350.056 1.3587786599000528e-06
52400.056 1.041768717220114e-06
52450.056 1.200576304990047e-06
52500.056 1.3720718559898302e-06
52550.056 1.3011352403698475e-06
52600.056 1.269691332750058e-06
52650.056 1.3790429818001258e-06
52700.056 1.1675575454300432e-06
52750.056 1.0405770607399543e-06
52800.056 1.1182046971800757e-06
52850.056 1.1116362316598754e-06
52900.056 1.2196234907599654e-06
52950.056 1.1794947760999666e-06
53000.056 1.368304599610014e-06
53050.056 1.1305541032997972e-06
53100.056 1.2105575740499287e-06
53150.056 1.458213058280085e-06
53200.056 9.647413947500215e-07
53250.056 1.3369432159000282e-06
