galfind/configs/Brown_Dwarf_templates/sonora_bobcat/m-0.5/1780g/sp_t375g1780nc_m-0.5_resample.dat
# %ECSV 1.0
# ---
# datatype:
# - {name: wav, unit: Angstrom, datatype: float64}
# - {name: flux_nu, unit: erg / (cm2 Hz s), datatype: float64}
# meta: {C/O: '1.00', Kzz: '1.0000E+05', Teff: '375.', Y: '0.28', '[Fe/H]': '-0.50', f_hole: '1.00', f_rain: '0.00', grav: '1780.'}
# schema: astropy-2.0
wav flux_nu
[from data line 498]
28900.056 4.5639122918225236e-11
28950.056 5.394065339642568e-11
29000.056 3.576855941136252e-11
29050.056 7.888906339830835e-11
29100.056 2.504273632631745e-11
29150.056 4.6672445128849376e-11
29200.056 1.3045004884869773e-10
29250.056 1.0199783567126231e-10
29300.056 6.680847255759483e-11
29350.056 2.4504915724617825e-10
29400.056 1.0640508048069519e-10
29450.056 3.247780054437235e-11
29500.056 2.4916000908337897e-10
29550.056 8.013650719934333e-11
29600.056 1.0379766169424729e-10
29650.056 3.4110665086128505e-10
29700.056 5.529043945751368e-11
29750.056 1.8983516795557041e-10
29800.056 1.2123760606416912e-10
29850.056 4.2122398426801334e-10
29900.056 1.7077612296321763e-10
29950.056 1.207741950554951e-10
30000.056 1.7835477606008999e-12
30050.056 3.184863666605775e-11
30100.056 1.3163610880441262e-10
30150.056 2.90133870938548e-10
30200.056 2.0099003222795957e-10
30250.056 4.696033363120577e-10
30300.056 4.6271251776294525e-10
30350.056 1.1924412345502404e-10
30400.056 5.425258806291197e-10
30450.056 4.733647318229269e-10
30500.056 2.2767015367150983e-10
30550.056 1.9024374599871426e-10
30600.056 1.6520440636899672e-09
30650.056 8.721418287132482e-10
30700.056 3.151796143348719e-10
30750.056 7.980119193760512e-10
30800.056 8.277454949453268e-10
30850.056 8.994375424900366e-10
30900.056 3.702672412964224e-10
30950.056 3.796928283350207e-10
31000.056 5.28111667452842e-10
31050.056 3.030924250808494e-10
31100.056 1.1805039913643047e-10
31150.056 3.1743769927892906e-10
31200.056 1.0743359603199684e-09
31250.056 3.3066814029128255e-10
31300.056 1.6501774937367657e-10
31350.056 6.264364742501032e-10
31400.056 3.0825134464427247e-10
31450.056 3.920790947654825e-10
31500.056 1.286184438743121e-10
31550.056 2.8183434421817667e-10
31600.056 1.821954515781669e-10
31650.056 1.2552099147948817e-10
31700.056 1.2746001077602061e-10
31750.056 3.9295136175853344e-11
31800.056 9.091934070799743e-11
31850.056 1.562055781405028e-11
31900.056 4.450092465731479e-11
31950.056 1.7122011406185598e-11
32000.056 1.4342921695046402e-11
32050.056 1.2119974578054763e-11
32100.056 9.649892805822497e-12
32150.056 1.0752050501741473e-11
32200.056 4.073434830770722e-12
32250.056 9.92115949469194e-12
32300.056 2.3962844224804552e-12
32350.056 9.865941053070732e-12
32400.056 8.78938789127779e-13
32450.056 6.9021570767603e-12
32500.056 1.03977423710619e-12
32550.056 9.270642679970112e-12
32600.056 8.073839630324418e-13
32650.056 1.4084630034950278e-11
32700.056 1.359364362508721e-12
32750.056 3.8692167332707224e-11
32800.056 1.4707784005519922e-11
32850.056 9.305050480701851e-11
32900.056 6.601460597663359e-11
32950.056 8.701570716190679e-11
33000.056 1.852205700297704e-11
33050.056 1.619567089530277e-11
33100.056 2.3080425385324726e-12
33150.056 2.7020941411336927e-15
33200.056 1.399426707496758e-13
33250.056 5.247189460206499e-13
33300.056 1.1790236577390624e-11
33350.056 1.896164666885155e-11
33400.056 7.523085719199836e-11
33450.056 1.0192801253760572e-11
33500.056 7.628172056530629e-11
33550.056 1.0573528931113762e-11
33600.056 3.099129215623179e-11
33650.056 3.741587135293743e-11
33700.056 5.5909308521932625e-12
33750.056 4.6424756311235344e-11
33800.056 1.934393794962443e-12
33850.056 2.092874335444613e-11
33900.056 1.710927168935816e-11
33950.056 2.0213373824913678e-11
34000.056 5.185112415241512e-11
34050.056 8.317513983470302e-12
34100.056 5.82855031651356e-11
34150.056 1.2857064725332773e-11
34200.056 7.024201428578461e-11
34250.056 3.14262602224834e-11
34300.056 3.620602270718185e-11
34350.056 1.5424036278440048e-10
34400.056 1.804706790100065e-11
34450.056 1.3105865323430468e-10
34500.056 4.322900681041127e-11
34550.056 8.768370859033318e-11
34600.056 4.1628121738290233e-10
34650.056 2.6577640476803272e-11
34700.056 3.336373309816136e-10
34750.056 1.2629396756164902e-10
34800.056 8.96376255915926e-11
34850.056 3.9296599716500446e-10
34900.056 3.965303370455321e-11
34950.056 5.151199488352162e-10
35000.056 4.995058014462378e-10
35050.056 3.610743370129171e-10
35100.056 1.0445151692928394e-09
35150.056 7.776403895878551e-10
35200.056 8.105397229200803e-10
35250.056 1.5001294347698322e-09
35300.056 2.705575043995329e-10
35350.056 3.031815678873854e-10
35400.056 1.9188759534381978e-10
35450.056 1.6901623521850762e-10
35500.056 8.463108411073382e-10
35550.056 6.342610007998767e-10
35600.056 1.0958463489121177e-09
35650.056 9.651607337833024e-10
35700.056 1.1551718705843805e-09
35750.056 1.8381783701260838e-09
35800.056 6.184116576230947e-10
35850.056 4.376439126163169e-10
35900.056 8.467476570972518e-10
35950.056 1.5670331083199795e-09
36000.056 1.7632576985601669e-09
36050.056 1.089064485316596e-09
36100.056 1.0573124863684822e-09
36150.056 3.47616891299011e-09
36200.056 3.262008683439886e-09
36250.056 1.5666310298061132e-09
36300.056 4.010342468365581e-09
36350.056 3.145821093000048e-09
36400.056 4.362041038699578e-09
36450.056 2.2927905184872076e-09
36500.056 2.6648433170522525e-09
36550.056 6.695824908400084e-09
36600.056 7.957097778699703e-09
36650.056 3.2470711027388624e-09
36700.056 3.843068053372979e-09
36750.056 8.075222946200616e-09
36800.056 7.889868039699571e-09
36850.056 3.6920712235516783e-09
36900.056 4.296965211798592e-09
36950.056 8.990842368498921e-09
37000.056 6.371331517100442e-09
37050.056 7.481999646419401e-09
37100.056 2.603678254980063e-09
37150.056 5.671140617260436e-09
37200.056 1.2331645933700057e-08
37250.056 5.291308769308913e-09
37300.056 3.136576782720263e-09
37350.056 7.151912442600438e-09
37400.056 1.1113710086299718e-08
37450.056 5.396884695599433e-09
37500.056 5.295113410929867e-09
37550.056 1.3826669387401822e-08
37600.056 1.9462170395799498e-08
37650.056 5.447615392480599e-09
37700.056 9.936124614300769e-09
37750.056 7.50537911050017e-09
37800.056 9.68545576880055e-09
37850.056 5.6198167626999094e-09
37900.056 6.588167440699728e-09
37950.056 8.731673714799906e-09
38000.056 7.934158448829622e-09
38050.056 1.1797735061900831e-08
38100.056 1.722082222969964e-08
38150.056 1.860093566699872e-08
38200.056 1.2425662408400745e-08
38250.056 1.6445341864901195e-08
38300.056 2.7479404263198015e-08
38350.056 2.1455835404402054e-08
38400.056 9.964310331197498e-09
38450.056 5.091416883359222e-09
38500.056 5.224694990420783e-09
38550.056 1.4415020471600653e-08
38600.056 1.675133621699909e-08
38650.056 1.5704666515999885e-08
38700.056 1.4858095715298833e-08
38750.056 1.569553545549944e-08
38800.056 1.5452363311800112e-08
38850.056 1.76686564420007e-08
38900.056 1.7824866886798007e-08
38950.056 1.3810259535001189e-08
39000.056 1.9320133588898528e-08
39050.056 1.2680394652102146e-08
39100.056 1.3159083031129816e-08
39150.056 2.2284693994999636e-08
39200.056 2.0412774503000245e-08
39250.056 1.8723606461700232e-08
39300.056 1.669271867150081e-08
39350.056 2.770140053700038e-08
39400.056 1.8755435630398128e-08
39450.056 2.4855041073301877e-08
39500.056 2.791772669899904e-08
39550.056 1.604220670830229e-08
39600.056 2.032739790320173e-08
39650.056 3.325064171999987e-08
39700.056 2.9964008579999986e-08
39750.056 1.4525681970899672e-08
39800.056 1.3446835648600592e-08
39850.056 3.163307377100164e-08
39900.056 3.4926527043999944e-08
39950.056 2.2366114723000367e-08
40000.056 2.9707599365000362e-08
40050.056 2.9052217314398636e-08
40100.056 1.1129375038842058e-08
40150.056 2.7327305538001114e-08
40200.056 3.2553264949999184e-08
40250.056 3.4827589665998426e-08
40300.056 3.3912058362001174e-08
40350.056 1.8637530282097762e-08
40400.056 2.4577778209299458e-08
40450.056 1.720169818999972e-08
40500.056 3.15564828469998e-08
40550.056 3.446723641999895e-08
40600.056 3.603567413299969e-08
40650.056 2.649511259799807e-08
40700.056 3.892016466300035e-08
40750.056 3.2177285668998936e-08
40800.056 2.300353921699877e-08
40850.056 4.201139132500148e-08
40900.056 4.2490074015999244e-08
40950.056 2.8267793112799343e-08
41000.056 3.118310562100004e-08
41050.056 4.416578066300086e-08
41100.056 3.9293655259997154e-08
41150.056 1.9406824584999526e-08
41200.056 3.9804007687003247e-08
41250.056 3.979967774099655e-08
41300.056 4.3367290878001994e-08
41350.056 5.007398250200004e-08
41400.056 4.356537707099942e-08
41450.056 4.7397383075000324e-08
41500.056 3.4188486230997105e-08
41550.056 3.2243514481002215e-08
41600.056 3.3658959355000045e-08
41650.056 4.6609257912001496e-08
41700.056 5.330792373599928e-08
41750.056 4.723663585100062e-08
41800.056 4.961702991799956e-08
41850.056 3.9891204090998836e-08
41900.056 3.5355831724996475e-08
41950.056 3.716630476399949e-08
42000.056 2.7926444150995062e-08
42050.056 3.0302531700001484e-08
42100.056 3.800241420999915e-08
42150.056 3.9111473139999763e-08
42200.056 4.0393893317999085e-08
42250.056 3.503310662500097e-08
42300.056 3.39725139489992e-08
42350.056 4.4014740106000685e-08
42400.056 4.861851862000048e-08
42450.056 4.9725233759000974e-08
42500.056 5.189758291599967e-08
42550.056 4.8894031250999666e-08
42600.056 4.4004548473002115e-08
42650.056 5.184083986999829e-08
42700.056 3.791959449999834e-08
42750.056 4.357794174100247e-08
42800.056 5.4344135369000236e-08
42850.056 5.512141509199888e-08
42900.056 5.338954300900041e-08
42950.056 4.7998174989000665e-08
43000.056 5.1116324443999256e-08
43050.056 3.8117970804999554e-08
43100.056 4.821048962900072e-08
43150.056 4.827497530500016e-08
43200.056 5.197986100900059e-08
43250.056 5.998279808300021e-08
43300.056 5.54231081009988e-08
43350.056 4.241466949800021e-08
43400.056 5.0993300287000374e-08
43450.056 4.5297457144000057e-08
43500.056 4.195669895000021e-08
43550.056 4.1970254222000976e-08
43600.056 5.4216653023999746e-08
43650.056 3.8272979609998365e-08
43700.056 5.0829728990003697e-08
43750.056 5.701615868299939e-08
43800.056 5.129574039999926e-08
43850.056 4.856141992800161e-08
43900.056 4.4120920645999997e-08
43950.056 3.678910133999914e-08
44000.056 3.611249755600009e-08
44050.056 5.274760530200231e-08
44100.056 6.08007877980002e-08
44150.056 5.857795652699947e-08
44200.056 5.7090717745999927e-08
44250.056 4.5106672764998894e-08
44300.056 3.3767015400999375e-08
44350.056 3.3986967272000634e-08
44400.056 3.9823015161999836e-08
44450.056 4.916237792200173e-08
44500.056 4.653953136500008e-08
44550.056 5.332074633100038e-08
44600.056 4.660131472900022e-08
44650.056 5.01172552869987e-08
44700.056 4.1881066062998285e-08
44750.056 4.605602901600149e-08
44800.056 3.800320845999957e-08
44850.056 4.6828262727001316e-08
44900.056 4.698846357999958e-08
44950.056 5.091739258000093e-08
45000.056 5.341252128499987e-08
45050.056 5.0512228890998446e-08
45100.056 4.823112358000154e-08
45150.056 4.639299932499952e-08
45200.056 3.330990497499933e-08
45250.056 3.865254097099987e-08
45300.056 3.7597073238999587e-08
45350.056 2.790842363300143e-08
45400.056 5.2904522287000686e-08
45450.056 5.0671298452001325e-08
45500.056 5.398411246600079e-08
45550.056 5.582267690499859e-08
45600.056 5.397000812000033e-08
45650.056 4.993095839199817e-08
45700.056 3.21900098835968e-08
45750.056 2.985917171700249e-08
45800.056 5.1109485047000485e-08
45850.056 4.713263245900111e-08
45900.056 5.560549434299984e-08
45950.056 5.4845621778999236e-08
46000.056 5.390180503800032e-08
46050.056 5.052100260600101e-08
46100.056 5.373592995999872e-08
46150.056 4.2699985004999913e-08
46200.056 3.258152933999711e-08
46250.056 1.5696361503599944e-08
46300.056 3.856198891800213e-08
46350.056 4.5739431182000565e-08
46400.056 4.628772425400022e-08
46450.056 3.9401154045998574e-08
46500.056 4.4777571595000337e-08
46550.056 3.3896930694998474e-08
46600.056 2.991349041499885e-08
46650.056 4.0775917133001164e-08
46700.056 3.397139809899779e-08
46750.056 1.6249130164201397e-08
46800.056 1.0909576803898938e-08
46850.056 3.382323039800372e-08
46900.056 4.618091953300024e-08
46950.056 4.734916883699966e-08
47000.056 4.790096955000029e-08
47050.056 3.5379100478996186e-08
47100.056 3.2965629065000564e-08
47150.056 3.979354798700185e-08
47200.056 4.1257565202999143e-08
47250.056 2.0012553073196185e-08
47300.056 1.4855966534203596e-08
47350.056 3.99905379530014e-08
47400.056 4.490998190999985e-08
47450.056 3.441422168300066e-08
47500.056 4.704904989600092e-08
47550.056 4.557360928000017e-08
47600.056 3.7498699302998625e-08
47650.056 4.095638116099863e-08
47700.056 3.646793000000199e-08
47750.056 3.08040957909997e-08
47800.056 2.0311994002398412e-08
47850.056 7.023989406411127e-09
47900.056 1.3300848865600105e-08
47950.056 3.401811914100212e-08
48000.056 3.989019066099861e-08
48050.056 3.434174026399964e-08
48100.056 2.0347261376799692e-08
48150.056 3.319829743900108e-08
48200.056 2.4153625604398605e-08
48250.056 3.4500474678000584e-08
48300.056 3.6858136344999526e-08
48350.056 2.470951884699742e-08
48400.056 4.863048658513674e-09
48450.056 9.683474161092318e-09
48500.056 2.127243400819813e-08
48550.056 2.4151946105304327e-08
48600.056 3.988585590500065e-08
48650.056 4.3139884166999796e-08
48700.056 3.843296476400033e-08
48750.056 3.340814614699998e-08
48800.056 3.742514368599984e-08
48850.056 2.074227588039773e-08
48900.056 1.923081094429794e-08
48950.056 1.0733404097299246e-08
49000.056 6.904169776951666e-09
49050.056 2.1452288388198527e-08
49100.056 2.813587061780314e-08
49150.056 2.639854173999958e-08
49200.056 3.7673988118001285e-08
49250.056 3.949740313699984e-08
49300.056 3.3965392251998297e-08
49350.056 1.8680200570600813e-08
49400.056 1.8944796509196893e-08
49450.056 1.4524893948402864e-08
49500.056 1.2010973497197974e-08
49550.056 1.8956097668799205e-09
49600.056 5.464478618395058e-09
49650.056 2.027041093000172e-08
49700.056 2.7743375590000385e-08
49750.056 2.164921117209838e-08
49800.056 1.233668972310001e-08
49850.056 2.8934889894001644e-08
49900.056 3.3012944529999945e-08
49950.056 3.021548515399905e-08
50000.056 1.9205734562537786e-08
50050.056 1.9820090199902903e-08
50100.056 1.8240587347999044e-08
50150.056 6.392982387768689e-09
50200.056 7.577126907103528e-10
50250.056 5.702006448399998e-09
50300.056 4.2772609484419495e-09
50350.056 1.911534737500143e-08
50400.056 2.5972574523000338e-08
50450.056 2.3067290207999608e-08
50500.056 2.97673313730014e-08
50550.056 3.2650997727999825e-08
50600.056 2.3847338840997533e-08
50650.056 2.971347632600102e-08
50700.056 2.7689552202999117e-08
50750.056 1.7136796320998836e-08
50800.056 4.385413110894702e-09
50850.056 1.7168356524048718e-09
50900.056 1.4560879397701636e-08
50950.056 1.875753392699872e-08
51000.056 1.2385746186342291e-08
51050.056 2.0648262893497828e-08
51100.056 1.0799302898400031e-08
51150.056 6.527814126631507e-09
51200.056 2.308187453200106e-08
51250.056 2.1697673430998797e-08
51300.056 1.3834780842500031e-08
51350.056 9.622565380432179e-09
51400.056 2.244670512401488e-09
51450.056 1.8205978153524418e-09
51500.056 1.7364550559406746e-09
51550.056 9.57072183820119e-09
51600.056 1.3142293456700584e-08
51650.056 1.8058785964999908e-08
51700.056 1.3379598821277293e-08
51750.056 1.1796453871152317e-08
51800.056 2.098513159300007e-08
51850.056 1.6376237403199115e-08
51900.056 1.41047055269998e-08
51950.056 6.42700059189859e-09
52000.056 4.3822952812984066e-10
52050.056 3.2520712265002644e-09
52100.056 1.4908360371995413e-09
52150.056 7.414451411783075e-10
52200.056 4.407508811100135e-09
52250.056 8.879539086900906e-09
52300.056 9.38965931719926e-09
52350.056 1.6443096017618004e-09
52400.056 2.0880638368331366e-09
52450.056 1.0828705405501353e-08
52500.056 8.730031278219535e-09
52550.056 1.2820994724198568e-08
52600.056 1.139585694870143e-08
52650.056 1.499982560499941e-08
52700.056 7.50240819639946e-09
52750.056 1.994417016161231e-09
52800.056 4.542387692000858e-09
52850.056 5.76653523999911e-09
52900.056 1.2688763483353749e-09
52950.056 2.7362243282206393e-09
53000.056 8.406878804300128e-09
53050.056 2.948238636064006e-09
53100.056 1.2997739205501257e-08
53150.056 1.4502000398999508e-08
53200.056 5.8018029355195115e-09
53250.056 1.194653159420025e-08
53300.056 1.1650514240300814e-08
53350.056 1.0364412669899502e-08
53400.056 5.722412353299338e-09
53450.056 1.1117349885096324e-09
53500.056 1.76920354846968e-10
