galfind/configs/Brown_Dwarf_templates/sonora_bobcat/m-0.5/1780g/sp_t750g1780nc_m-0.5_resample.dat
# %ECSV 1.0
# ---
# datatype:
# - {name: wav, unit: Angstrom, datatype: float64}
# - {name: flux_nu, unit: erg / (cm2 Hz s), datatype: float64}
# meta: {C/O: '1.00', Kzz: '1.0000E+05', Teff: '750.', Y: '0.28', '[Fe/H]': '-0.50', f_hole: '1.00', f_rain: '0.00', grav: '1780.'}
# schema: astropy-2.0
wav flux_nu
[from data line 500]
29000.056 1.3414240609564273e-08
29050.056 1.695183852375254e-08
29100.056 1.0093552305401483e-08
29150.056 2.021218473034092e-08
29200.056 1.540561547661907e-08
29250.056 2.1772357062260365e-08
29300.056 1.1893753877573916e-08
29350.056 3.6478210478169744e-08
29400.056 1.5554793034772303e-08
29450.056 1.642050666567084e-08
29500.056 2.547308693857992e-08
29550.056 1.7697961048021085e-08
29600.056 2.215482723053969e-08
29650.056 2.9601980988880125e-08
29700.056 1.7430893177770998e-08
29750.056 2.8020091064657868e-08
29800.056 2.6232529926990025e-08
29850.056 3.393394630639482e-08
29900.056 2.9057147980996406e-08
29950.056 2.5637999886836862e-08
30000.056 2.86366344397258e-09
30050.056 7.28663613533149e-09
30100.056 1.3790237082573522e-08
30150.056 2.8158908534100425e-08
30200.056 2.4927006424719896e-08
30250.056 4.50326087322024e-08
30300.056 3.988865899089808e-08
30350.056 2.8385397284542587e-08
30400.056 4.7692699994756534e-08
30450.056 3.150770967295913e-08
30500.056 3.215497427774017e-08
30550.056 2.9180448944016828e-08
30600.056 5.644283174290398e-08
30650.056 3.7954649043701985e-08
30700.056 2.9305960931974343e-08
30750.056 4.00151975575955e-08
30800.056 3.429900935680435e-08
30850.056 3.4256401593795664e-08
30900.056 2.4833236653692083e-08
30950.056 2.2754449150663614e-08
31000.056 2.4633579479103622e-08
31050.056 2.9129843509997555e-08
31100.056 1.623683714687196e-08
31150.056 2.450444134004875e-08
31200.056 3.691834677580284e-08
31250.056 2.0662573756299546e-08
31300.056 1.8734831769992274e-08
31350.056 2.3176388268684158e-08
31400.056 1.683567363718518e-08
31450.056 2.1189550028397463e-08
31500.056 1.0567300395624212e-08
31550.056 1.564459366802129e-08
31600.056 1.1545522874337353e-08
31650.056 9.524711529526927e-09
31700.056 1.1714921075301183e-08
31750.056 6.588031818309914e-09
31800.056 1.1904020223099709e-08
31850.056 5.147077320394264e-09
31900.056 9.281674125140641e-09
31950.056 4.947954654534929e-09
32000.056 6.981043898605483e-09
32050.056 6.6986670804799296e-09
32100.056 5.498024675636608e-09
32150.056 7.66335082013973e-09
32200.056 4.785247586750383e-09
32250.056 9.51029736309285e-09
32300.056 4.1214797882145e-09
32350.056 1.0511637080301417e-08
32400.056 4.153476824646096e-09
32450.056 9.506923379648853e-09
32500.056 5.983747783310564e-09
32550.056 9.000000372959128e-09
32600.056 8.032037336267596e-09
32650.056 1.1991805818586403e-08
32700.056 9.877376539881725e-09
32750.056 1.7439359006502927e-08
32800.056 1.7276089361252197e-08
32850.056 2.3402680895802353e-08
32900.056 2.3523120427500113e-08
32950.056 2.4611304469400525e-08
33000.056 1.677271974300583e-08
33050.056 1.887368346510144e-08
33100.056 7.275945734807677e-09
33150.056 2.0885067293176463e-10
33200.056 5.087647280422886e-10
33250.056 5.957199256398261e-10
33300.056 1.4305551891004392e-09
33350.056 3.407981738192952e-09
33400.056 6.9117511394999035e-09
33450.056 7.351908595952502e-09
33500.056 1.6851109787202274e-08
33550.056 9.19027439302887e-09
33600.056 1.630492046129787e-08
33650.056 1.712208771430089e-08
33700.056 9.206699307739518e-09
33750.056 2.157190333880031e-08
33800.056 6.363073134466657e-09
33850.056 1.3229905753599565e-08
33900.056 1.1724660583779218e-08
33950.056 1.133714812802953e-08
34000.056 1.7387148027151353e-08
34050.056 5.839561190169675e-09
34100.056 1.5555193772902478e-08
34150.056 7.682955940907528e-09
34200.056 1.3677486062104765e-08
34250.056 1.2583592725256538e-08
34300.056 8.695059610392805e-09
34350.056 1.598509640700233e-08
34400.056 7.48304006486079e-09
34450.056 1.6564739961097173e-08
34500.056 1.2673305207890272e-08
34550.056 7.48516412980051e-09
34600.056 2.2075681299300077e-08
34650.056 7.475671808079483e-09
34700.056 1.7919575989901913e-08
34750.056 1.400192613083569e-08
34800.056 9.849597630219629e-09
34850.056 2.4206843972000263e-08
34900.056 1.1756560640104488e-08
34950.056 2.0515120244298636e-08
35000.056 3.0832621385799166e-08
35050.056 1.441627561848463e-08
35100.056 3.230552770460234e-08
35150.056 2.802117643022908e-08
35200.056 2.5091207895909626e-08
35250.056 4.149629134067093e-08
35300.056 1.708055324546195e-08
35350.056 2.8313849269877978e-08
35400.056 2.874175938509492e-08
35450.056 1.9226213577333856e-08
35500.056 4.6492503902195024e-08
35550.056 3.1382832666303575e-08
35600.056 3.694387327851099e-08
35650.056 4.352626884962876e-08
35700.056 3.184474855966604e-08
35750.056 5.467306928360172e-08
35800.056 5.182445331480328e-08
35850.056 3.1954203878248717e-08
35900.056 5.186375213550965e-08
35950.056 5.511722552499609e-08
36000.056 5.3838715054006776e-08
36050.056 5.3423636504993134e-08
36100.056 4.4590827338868084e-08
36150.056 6.705961246499796e-08
36200.056 7.599305603399263e-08
36250.056 5.644395904588858e-08
36300.056 8.752085384333871e-08
36350.056 7.792339787800291e-08
36400.056 8.749595664299238e-08
36450.056 7.864119100969865e-08
36500.056 8.563415088009901e-08
36550.056 1.122390652420129e-07
36600.056 1.2591886243399113e-07
36650.056 9.692712510135074e-08
36700.056 1.0202268601392046e-07
36750.056 1.2934619957900761e-07
36800.056 1.304481103249972e-07
36850.056 1.103155839495859e-07
36900.056 1.1866758273420363e-07
36950.056 1.4337191179698118e-07
37000.056 1.244653608439979e-07
37050.056 1.4075172470000737e-07
37100.056 1.1438538732640056e-07
37150.056 1.349636981790092e-07
37200.056 1.6959462222999193e-07
37250.056 1.2065026070097922e-07
37300.056 1.0913740028918477e-07
37350.056 1.5369176180601138e-07
37400.056 1.885205006899969e-07
37450.056 1.2634488338959676e-07
37500.056 1.3660243197799403e-07
37550.056 1.9612978519803343e-07
37600.056 2.21624269030009e-07
37650.056 1.3099093470501772e-07
37700.056 1.8652712701001185e-07
37750.056 1.475656677310149e-07
37800.056 1.755088287810191e-07
37850.056 1.2588088238000032e-07
37900.056 1.4796692298000688e-07
37950.056 1.7588919133199816e-07
38000.056 1.7877943430199493e-07
38050.056 1.8384060830801733e-07
38100.056 2.1783535620000726e-07
38150.056 2.262470922799932e-07
38200.056 2.0275136674700155e-07
38250.056 2.0505455776201221e-07
38300.056 2.6530275596997503e-07
38350.056 2.6251852453001926e-07
38400.056 1.8783774176897002e-07
38450.056 1.7172182961697154e-07
38500.056 1.5534600768602045e-07
38550.056 2.2346384706001546e-07
38600.056 2.1428247348997863e-07
38650.056 2.2581534628999234e-07
38700.056 2.473738798200012e-07
38750.056 2.2534782503999596e-07
38800.056 2.2118467509999305e-07
38850.056 2.4034366712000737e-07
38900.056 2.6170220423997515e-07
38950.056 2.307571287700039e-07
39000.056 2.4407520433997787e-07
39050.056 2.457981453700348e-07
39100.056 2.388033737809986e-07
39150.056 2.8369055609999327e-07
39200.056 2.506398770799969e-07
39250.056 2.764215071400062e-07
39300.056 2.603115414099967e-07
39350.056 2.9965762911000216e-07
39400.056 2.63896871910002e-07
39450.056 2.9266449327000887e-07
39500.056 3.0483872488999885e-07
39550.056 2.5208821555404225e-07
39600.056 2.8503446707999624e-07
39650.056 3.324718462299943e-07
39700.056 3.0778050153001343e-07
39750.056 2.492573145100269e-07
39800.056 2.618764689850046e-07
39850.056 3.3936499036000423e-07
39900.056 3.414125350300072e-07
39950.056 2.9227387491999666e-07
40000.056 3.3269449239999356e-07
40050.056 3.256138774100004e-07
40100.056 2.397112028140172e-07
40150.056 3.2339136369000914e-07
40200.056 3.3683960247998395e-07
40250.056 3.392002330999727e-07
40300.056 3.4121859809001803e-07
40350.056 2.8428902069997506e-07
40400.056 3.3464371178600237e-07
40450.056 2.790292587099936e-07
40500.056 3.389612390399919e-07
40550.056 3.5597918597998265e-07
40600.056 3.4168596212000297e-07
40650.056 3.144615976109697e-07
40700.056 3.92171807359993e-07
40750.056 3.331671184799785e-07
40800.056 2.9175295129996635e-07
40850.056 3.8824874794001377e-07
40900.056 3.766966868599871e-07
40950.056 3.2933554769600385e-07
41000.056 3.3300065190999233e-07
41050.056 3.863429686299892e-07
41100.056 3.6894215637998195e-07
41150.056 2.8039659378999346e-07
41200.056 3.787715256200129e-07
41250.056 3.5864728981997677e-07
41300.056 3.519152965300013e-07
41350.056 3.957266203199987e-07
41400.056 3.590851369300109e-07
41450.056 3.959923477199989e-07
41500.056 3.347954650459675e-07
41550.056 3.187623331900292e-07
41600.056 3.292032793940147e-07
41650.056 3.7719692424001047e-07
41700.056 3.728281882199783e-07
41750.056 3.5734436344999286e-07
41800.056 3.843951204200082e-07
41850.056 3.054280709399921e-07
41900.056 3.2948818665996075e-07
41950.056 3.657405598500059e-07
42000.056 3.3942338624995143e-07
42050.056 3.1274181482001095e-07
42100.056 3.735458256999772e-07
42150.056 3.0836082806999867e-07
42200.056 3.114433428899799e-07
42250.056 3.2160793599000396e-07
42300.056 3.121335852199929e-07
42350.056 3.514276564300079e-07
42400.056 3.6380435427000624e-07
42450.056 3.1174239432002235e-07
42500.056 3.278447795899923e-07
42550.056 3.0605812669999587e-07
42600.056 3.333364559900372e-07
42650.056 3.9596416732998157e-07
42700.056 3.205567980599636e-07
42750.056 2.7506384607003343e-07
42800.056 3.4171917176000415e-07
42850.056 3.663211703799668e-07
42900.056 3.674458384100204e-07
42950.056 3.089571521999879e-07
43000.056 3.4809762962999397e-07
43050.056 2.3696173741704117e-07
43100.056 3.336017525699892e-07
43150.056 2.98283602470005e-07
43200.056 3.1582020417000473e-07
43250.056 4.0090289889000777e-07
43300.056 3.8211141632999713e-07
43350.056 2.473733542289782e-07
43400.056 3.3472684599001356e-07
43450.056 2.859677004700192e-07
43500.056 3.032160337899984e-07
43550.056 2.934043524510041e-07
43600.056 3.7165439878000923e-07
43650.056 2.481035953519915e-07
43700.056 3.8033020050003156e-07
43750.056 3.6971573519999336e-07
43800.056 3.406022175199797e-07
43850.056 3.154734862600354e-07
43900.056 3.1626485696999157e-07
43950.056 2.5006974170998866e-07
44000.056 2.2293223022500098e-07
44050.056 3.5992986037001723e-07
44100.056 4.2768824118000764e-07
44150.056 4.2450672389999067e-07
44200.056 3.907730997600052e-07
44250.056 2.8015400181999347e-07
44300.056 2.2093206290101674e-07
44350.056 2.554582477650138e-07
44400.056 2.618560382499905e-07
44450.056 3.481488163200126e-07
44500.056 3.150420141700324e-07
44550.056 3.948530045599968e-07
44600.056 3.4875082180901034e-07
44650.056 3.440138521099838e-07
44700.056 2.6665026882197913e-07
44750.056 3.079661643150383e-07
44800.056 2.7328542568401024e-07
44850.056 3.615756791700119e-07
44900.056 3.0693888902999647e-07
44950.056 3.283523103500209e-07
45000.056 3.5291742563000414e-07
45050.056 3.491464344099829e-07
45100.056 3.370414462700182e-07
45150.056 3.333061681399963e-07
45200.056 2.500758798370029e-07
45250.056 2.8243492094997813e-07
45300.056 2.769019462900196e-07
45350.056 2.2808846775000095e-07
45400.056 3.8952693303001505e-07
45450.056 3.7524249349001455e-07
45500.056 3.7786816102001e-07
45550.056 4.143899613999747e-07
45600.056 4.023604618700108e-07
45650.056 3.634542874899773e-07
45700.056 2.53330042285991e-07
45750.056 2.30511641861009e-07
45800.056 4.0797436392001115e-07
45850.056 3.797083133800101e-07
45900.056 4.062902062299949e-07
45950.056 3.5197292870999194e-07
46000.056 3.9038788440002914e-07
46050.056 3.5097818235999944e-07
46100.056 4.12486749389989e-07
46150.056 3.0193288422800045e-07
46200.056 2.7194129492398623e-07
46250.056 1.5154882500158793e-07
46300.056 3.1063398427200713e-07
46350.056 3.4322655105001393e-07
46400.056 3.301364669600085e-07
46450.056 2.882518300369827e-07
46500.056 3.069218883500317e-07
46550.056 2.427435318800021e-07
46600.056 2.636891232739723e-07
46650.056 3.42937133380019e-07
46700.056 2.886673332499755e-07
46750.056 1.7391131104802295e-07
46800.056 1.3835958140499702e-07
46850.056 3.3657171730002657e-07
46900.056 3.61688140049989e-07
46950.056 3.42996625159987e-07
47000.056 3.344812848900159e-07
47050.056 2.7411397801494784e-07
47100.056 2.2293941781500503e-07
47150.056 2.980528013800278e-07
47200.056 3.3658725714999135e-07
47250.056 2.037083524309778e-07
47300.056 1.5076660960282178e-07
47350.056 3.514959378000071e-07
47400.056 3.4287628299999177e-07
47450.056 2.846253548880186e-07
47500.056 3.615851241599923e-07
47550.056 3.116087647900081e-07
47600.056 3.165865993199838e-07
47650.056 3.2656300559797956e-07
47700.056 2.802605651360383e-07
47750.056 2.2647749235799864e-07
47800.056 2.05881030900014e-07
47850.056 1.1835396838000904e-07
47900.056 1.651251247219923e-07
47950.056 3.0812829322001124e-07
48000.056 3.5270145197999705e-07
48050.056 3.172430033299795e-07
48100.056 1.769993741450018e-07
48150.056 2.5449412420000807e-07
48200.056 2.2417032051599132e-07
48250.056 2.758766020499978e-07
48300.056 3.412350954000025e-07
48350.056 2.518292398799849e-07
48400.056 9.69172520638845e-08
48450.056 1.736172144080331e-07
48500.056 2.529417994899629e-07
48550.056 2.6341512345702457e-07
48600.056 2.954929493000043e-07
48650.056 3.3544171221999633e-07
48700.056 2.759142696600085e-07
48750.056 1.8040852866302035e-07
48800.056 2.9063286748001566e-07
48850.056 1.9571038288997138e-07
48900.056 2.5962180225198316e-07
48950.056 1.8545096281799155e-07
49000.056 1.1465034551001298e-07
49050.056 2.523484390849757e-07
49100.056 2.7635494004602765e-07
49150.056 2.206748938039958e-07
49200.056 3.001562949500149e-07
49250.056 2.9114055774000404e-07
49300.056 2.5990913726998937e-07
49350.056 1.5644654243902433e-07
49400.056 2.0432597361396625e-07
49450.056 1.9122810038754136e-07
49500.056 1.7201509833997936e-07
49550.056 6.84387894357976e-08
49600.056 1.3025887473481833e-07
49650.056 2.0252666228399486e-07
49700.056 2.189659097599752e-07
49750.056 2.4664586108698464e-07
49800.056 1.7601492861999589e-07
49850.056 2.7209663592001704e-07
49900.056 2.6385030177999956e-07
49950.056 2.215781213389929e-07
50000.056 2.0613008823700343e-07
50050.056 2.3909041186000104e-07
50100.056 2.0763778627999086e-07
50150.056 1.2420126514798618e-07
50200.056 4.467345457661222e-08
50250.056 1.5375376998999683e-07
50300.056 1.1020925006721226e-07
50350.056 2.2865757701001644e-07
50400.056 2.233673671209951e-07
50450.056 1.6016666243400128e-07
50500.056 2.441984877600139e-07
50550.056 2.4994842666000055e-07
50600.056 1.7319173506596624e-07
50650.056 2.383353499900318e-07
50700.056 2.6654701356999714e-07
50750.056 1.8480356897800426e-07
50800.056 9.745021471398278e-08
50850.056 7.544130268862285e-08
50900.056 2.2564902468000246e-07
50950.056 2.08754810860002e-07
51000.056 1.8451297519161976e-07
51050.056 2.1181515798697492e-07
51100.056 1.0790668205399314e-07
51150.056 1.2459430797741955e-07
51200.056 2.582891881099959e-07
51250.056 1.9249844193398286e-07
51300.056 1.3888845564801703e-07
51350.056 1.6188907244297523e-07
51400.056 9.027181456301263e-08
51450.056 7.121790738988446e-08
51500.056 6.254814633261753e-08
51550.056 1.5948635623401453e-07
51600.056 1.253084005060075e-07
51650.056 1.4694362551198913e-07
51700.056 1.6268561649017226e-07
51750.056 1.2562767694801617e-07
51800.056 1.9584932796998157e-07
51850.056 1.5620891625899465e-07
51900.056 2.116175399600095e-07
51950.056 1.5516999498998488e-07
52000.056 3.6912753085890105e-08
52050.056 9.761171378900942e-08
52100.056 7.242579060799355e-08
52150.056 5.3224514324607674e-08
52200.056 8.87548079421961e-08
52250.056 1.2796374341001547e-07
52300.056 1.8758473645999711e-07
52350.056 8.759051423915847e-08
52400.056 8.392559272050303e-08
52450.056 1.7428175872001773e-07
52500.056 1.6337921789097282e-07
52550.056 1.5435796055998735e-07
52600.056 1.236926847560097e-07
52650.056 1.4320856369700758e-07
52700.056 9.935128117000277e-08
52750.056 6.381937496118955e-08
52800.056 8.647558161501163e-08
52850.056 1.0379164147397796e-07
52900.056 7.217970084908397e-08
52950.056 9.606165820800716e-08
53000.056 1.3798836300700186e-07
53050.056 7.171479103178829e-08
53100.056 1.548184700500035e-07
53150.056 1.6894764424000487e-07
53200.056 7.029801646189312e-08
53250.056 1.4615265545101134e-07
53300.056 1.680544648660451e-07
53350.056 1.5092530820999613e-07
53400.056 1.2344525866599537e-07
53450.056 5.7408661747990784e-08
53500.056 2.5099934413692356e-08
53550.056 4.5774767820198725e-08
