galfind/configs/Brown_Dwarf_templates/sonora_bobcat/m-0.5/1780g/sp_t1500g1780nc_m-0.5_resample.dat
# %ECSV 1.0
# ---
# datatype:
# - {name: wav, unit: Angstrom, datatype: float64}
# - {name: flux_nu, unit: erg / (cm2 Hz s), datatype: float64}
# meta: {C/O: '1.00', Kzz: '1.0000E+05', Teff: '1500.', Y: '0.28', '[Fe/H]': '-0.50', f_hole: '1.00', f_rain: '0.00', grav: '1780.'}
# schema: astropy-2.0
wav flux_nu
[from data line 500]
29000.056 5.386900345888896e-07
29050.056 5.980653678700683e-07
29100.056 4.484943859040651e-07
29150.056 7.078458373140071e-07
29200.056 5.176075960320139e-07
29250.056 6.159506676379956e-07
29300.056 4.5504842094893903e-07
29350.056 8.303859721169554e-07
29400.056 5.886210716899714e-07
29450.056 5.951270670659585e-07
29500.056 6.164615256149965e-07
29550.056 6.179695251210275e-07
29600.056 6.904019831558382e-07
29650.056 6.12505700272975e-07
29700.056 6.012563759799497e-07
29750.056 6.863168251850676e-07
29800.056 7.219853755549044e-07
29850.056 6.691725907899176e-07
29900.056 6.763682909322558e-07
29950.056 7.816439447299022e-07
30000.056 7.110071065839231e-07
30050.056 6.445135261200161e-07
30100.056 6.207172504098621e-07
30150.056 8.364784295500032e-07
30200.056 6.856506069000046e-07
30250.056 7.706951377600705e-07
30300.056 6.659034323399873e-07
30350.056 6.896103485700751e-07
30400.056 7.500137240600034e-07
30450.056 5.962488194301092e-07
30500.056 5.52362311040039e-07
30550.056 5.917297727400338e-07
30600.056 6.039297735499984e-07
30650.056 5.608715759499612e-07
30700.056 5.238265441059609e-07
30750.056 5.013550207899509e-07
30800.056 4.939610833800939e-07
30850.056 4.334139839329325e-07
30900.056 4.402341436389239e-07
30950.056 3.872599050660576e-07
31000.056 3.798663701420215e-07
31050.056 4.3177479108001933e-07
31100.056 3.471776246049939e-07
31150.056 3.632621879299808e-07
31200.056 3.8870209725003207e-07
31250.056 3.2242467129497817e-07
31300.056 3.272752089509604e-07
31350.056 3.102951214200154e-07
31400.056 2.819159588020208e-07
31450.056 2.904044481599633e-07
31500.056 2.6321345096295153e-07
31550.056 2.740898467099897e-07
31600.056 2.5397800784800854e-07
31650.056 2.3743378890100915e-07
31700.056 2.535128507039663e-07
31750.056 2.2013491772005643e-07
31800.056 2.5668332976395775e-07
31850.056 2.2268263026403064e-07
31900.056 2.568645362380219e-07
31950.056 2.070478241360152e-07
32000.056 2.434685338409532e-07
32050.056 2.445023838040154e-07
32100.056 2.3911889775900373e-07
32150.056 2.6334490372798297e-07
32200.056 2.2986621200399421e-07
32250.056 2.8769967555402683e-07
32300.056 2.2340163510097708e-07
32350.056 2.9855967462000496e-07
32400.056 2.3337897150000015e-07
32450.056 2.979994146479236e-07
32500.056 2.8234949353704827e-07
32550.056 2.9166586240999427e-07
32600.056 3.073263490759918e-07
32650.056 3.435307051809707e-07
32700.056 3.438842924100343e-07
32750.056 3.6059145607401164e-07
32800.056 3.6367456327603396e-07
32850.056 3.8206459292998336e-07
32900.056 4.027260223520113e-07
32950.056 4.016930568099908e-07
33000.056 3.780623889559551e-07
33050.056 3.4777335863002083e-07
33100.056 2.85073505959982e-07
33150.056 1.4966087268102181e-07
33200.056 1.297177576749573e-07
33250.056 1.0988548779997049e-07
33300.056 1.0965899653401797e-07
33350.056 1.3029499747800277e-07
33400.056 1.5224622725998319e-07
33450.056 1.72582610953999e-07
33500.056 2.1249602024002512e-07
33550.056 2.2968347841003043e-07
33600.056 2.731671555899873e-07
33650.056 3.0666721571002975e-07
33700.056 2.8571217215697503e-07
33750.056 3.5696009194998276e-07
33800.056 3.2166914691098507e-07
33850.056 3.646067165599803e-07
33900.056 3.220496248909924e-07
33950.056 3.3713798006998694e-07
34000.056 3.659259944799949e-07
34050.056 2.945880470149553e-07
34100.056 3.6927252848998424e-07
34150.056 3.1488922300996653e-07
34200.056 3.0895776037693655e-07
34250.056 3.254554898099441e-07
34300.056 2.8250973536187656e-07
34350.056 2.983454394800143e-07
34400.056 2.692770526900092e-07
34450.056 3.174750016899811e-07
34500.056 3.1720116247997756e-07
34550.056 2.735494011060047e-07
34600.056 3.4462166116999693e-07
34650.056 3.0296339027598226e-07
34700.056 3.1620035007998594e-07
34750.056 3.422653783899873e-07
34800.056 3.0126266335398085e-07
34850.056 3.275845651900129e-07
34900.056 3.32608827062976e-07
34950.056 3.263849047099387e-07
35000.056 3.997116402650468e-07
35050.056 3.18103195824014e-07
35100.056 3.57372974239988e-07
35150.056 3.7619513597200215e-07
35200.056 3.6820148163402894e-07
35250.056 4.245943559899472e-07
35300.056 3.5834167161002703e-07
35350.056 3.648085634099645e-07
35400.056 4.084073075600738e-07
35450.056 3.227139700200896e-07
35500.056 4.3870169564000887e-07
35550.056 4.197398636899943e-07
35600.056 4.0738591826006925e-07
35650.056 4.5378540917001435e-07
35700.056 4.031823836400009e-07
35750.056 4.4295116312997087e-07
35800.056 5.31713079780009e-07
35850.056 4.2385553866001707e-07
35900.056 5.200560027699921e-07
35950.056 5.109663287699616e-07
36000.056 5.112572087300693e-07
36050.056 5.409872596800087e-07
36100.056 5.198405345897975e-07
36150.056 5.671544976000239e-07
36200.056 6.127782454699979e-07
36250.056 5.625805023799796e-07
36300.056 6.315180227000175e-07
36350.056 6.207964086099727e-07
36400.056 6.297012773000242e-07
36450.056 6.775602517099839e-07
36500.056 6.695207043899463e-07
36550.056 7.399482887101272e-07
36600.056 7.577169629500259e-07
36650.056 7.313555769599082e-07
36700.056 7.956314707699889e-07
36750.056 8.370243339600356e-07
36800.056 8.406811860599743e-07
36850.056 8.68205431649892e-07
36900.056 8.501829885799935e-07
36950.056 9.513079796299669e-07
37000.056 9.313490555399616e-07
37050.056 9.578326669000308e-07
37100.056 9.864119097699615e-07
37150.056 9.983142542800516e-07
37200.056 1.042527916889999e-06
37250.056 1.0370014066599272e-06
37300.056 9.982813802398664e-07
37350.056 1.0586218065200615e-06
37400.056 1.1849972694199833e-06
37450.056 1.1051691814900155e-06
37500.056 1.1264236084699851e-06
37550.056 1.236297877000112e-06
37600.056 1.278904591500043e-06
37650.056 1.173632163340048e-06
37700.056 1.288607947020058e-06
37750.056 1.2089199172100903e-06
37800.056 1.2887845596001271e-06
37850.056 1.2248909872700167e-06
37900.056 1.2720225987001361e-06
37950.056 1.2900856697599484e-06
38000.056 1.3773047839800173e-06
38050.056 1.3593703386600663e-06
38100.056 1.3736183781800653e-06
38150.056 1.441013248099974e-06
38200.056 1.4564319159600638e-06
38250.056 1.4212587983000065e-06
38300.056 1.512141979319924e-06
38350.056 1.5436571791000504e-06
38400.056 1.446490737049955e-06
38450.056 1.5319960744999693e-06
38500.056 1.4909556687000587e-06
38550.056 1.590870381600046e-06
38600.056 1.5860967643999193e-06
38650.056 1.598116535799986e-06
38700.056 1.6331148683000038e-06
38750.056 1.6519988990000112e-06
38800.056 1.592090521799921e-06
38850.056 1.6431065052000262e-06
38900.056 1.6633101363000076e-06
38950.056 1.6705236102000034e-06
39000.056 1.6972655324999959e-06
39050.056 1.707076675199971e-06
39100.056 1.654920974500097e-06
39150.056 1.7377988366000273e-06
39200.056 1.7062974211999747e-06
39250.056 1.7533886528999394e-06
39300.056 1.734651578599894e-06
39350.056 1.7730640450000463e-06
39400.056 1.7619994087000429e-06
39450.056 1.7802499679999868e-06
39500.056 1.7523680367999867e-06
39550.056 1.7493252830000195e-06
39600.056 1.8223913186999022e-06
39650.056 1.8108548160000081e-06
39700.056 1.7915114690000514e-06
39750.056 1.7641769867000487e-06
39800.056 1.7566178383999636e-06
39850.056 1.8522822136999942e-06
39900.056 1.8182331750999945e-06
39950.056 1.8548732966999382e-06
40000.056 1.8125065322000287e-06
40050.056 1.809067699500029e-06
40100.056 1.8137166741800172e-06
40150.056 1.8307368362999864e-06
40200.056 1.867475260799927e-06
40250.056 1.7537474324998127e-06
40300.056 1.801513147200063e-06
40350.056 1.8263786032000025e-06
40400.056 1.8325286068000294e-06
40450.056 1.8291085005000185e-06
40500.056 1.753679292200099e-06
40550.056 1.894193996499952e-06
40600.056 1.7170899586000428e-06
40650.056 1.823186794299938e-06
40700.056 1.921393574399998e-06
40750.056 1.7243732478997605e-06
40800.056 1.7025575690998416e-06
40850.056 1.751699876400135e-06
40900.056 1.7759415972000078e-06
40950.056 1.7527584078799713e-06
41000.056 1.7703161568999856e-06
41050.056 1.7785999203998871e-06
41100.056 1.6927382209999222e-06
41150.056 1.7191394496999493e-06
41200.056 1.7412483110000158e-06
41250.056 1.7143945880000077e-06
41300.056 1.5481894692398565e-06
41350.056 1.7532400585000576e-06
41400.056 1.6498251170000803e-06
41450.056 1.710691501700073e-06
41500.056 1.6586029274999697e-06
41550.056 1.6006671551600451e-06
41600.056 1.6396501545900482e-06
41650.056 1.6557629934000738e-06
41700.056 1.5431011850999252e-06
41750.056 1.6144048794999432e-06
41800.056 1.7554171075399605e-06
41850.056 1.353825034720093e-06
41900.056 1.6128097476399077e-06
41950.056 1.7028210602000577e-06
42000.056 1.6651142623001648e-06
42050.056 1.4803092113099369e-06
42100.056 1.7404197523000834e-06
42150.056 1.3887838736000125e-06
42200.056 1.42049999545997e-06
42250.056 1.6447963035999877e-06
42300.056 1.5147498020899813e-06
42350.056 1.6374782991001512e-06
42400.056 1.5564490641000676e-06
42450.056 1.352875105890048e-06
42500.056 1.4033158281299994e-06
42550.056 1.3763178616800293e-06
42600.056 1.4867458768100632e-06
42650.056 1.6293815191998837e-06
42700.056 1.5272126992999434e-06
42750.056 1.3425075863800722e-06
42800.056 1.466422286620057e-06
42850.056 1.555839365219827e-06
42900.056 1.5860854635001012e-06
42950.056 1.322270551899738e-06
43000.056 1.4750699873800147e-06
43050.056 1.1871323106603561e-06
43100.056 1.3853003878299406e-06
43150.056 1.3155366020401046e-06
43200.056 1.3126972245999789e-06
43250.056 1.4841895963600818e-06
43300.056 1.4662488291800117e-06
43350.056 1.1696872268397595e-06
43400.056 1.3130579349900024e-06
43450.056 1.219185212370142e-06
43500.056 1.260577711139939e-06
43550.056 1.2463026719499706e-06
43600.056 1.3674512484101018e-06
43650.056 1.1243201359600158e-06
43700.056 1.325168918200055e-06
43750.056 1.2826975702800698e-06
43800.056 1.2047507114299032e-06
43850.056 1.1375280576101696e-06
43900.056 1.23129976686992e-06
43950.056 1.0658274542199241e-06
44000.056 9.800520062400262e-07
44050.056 1.1164756476100129e-06
44100.056 1.2037396496201003e-06
44150.056 1.2174527615499766e-06
44200.056 1.1290132848400297e-06
44250.056 1.0314845567899979e-06
44300.056 9.861211252701178e-07
44350.056 9.9857209635007e-07
44400.056 1.0073719101099494e-06
44450.056 1.0555742404700188e-06
44500.056 1.030504385150119e-06
44550.056 1.058902914339941e-06
44600.056 1.001775380450066e-06
44650.056 1.0510850675000295e-06
44700.056 9.392615163099821e-07
44750.056 9.97213297950004e-07
44800.056 9.86409465300006e-07
44850.056 1.0208819892301067e-06
44900.056 9.258544163800545e-07
44950.056 9.381566272300502e-07
45000.056 9.72041713810008e-07
45050.056 9.756546989999864e-07
45100.056 1.0202300325700177e-06
45150.056 9.496270351299992e-07
45200.056 8.578117408900387e-07
45250.056 9.14882067709907e-07
45300.056 9.58675331550034e-07
45350.056 9.450490609699094e-07
45400.056 9.5699708073007e-07
45450.056 9.276469310499118e-07
45500.056 9.393362504999678e-07
45550.056 1.0201283603199391e-06
45600.056 9.679766026600173e-07
45650.056 8.794201264698726e-07
45700.056 9.397546257800721e-07
45750.056 8.822197015700077e-07
45800.056 9.297165878999676e-07
45850.056 1.0556052946499737e-06
45900.056 1.02936972823003e-06
45950.056 8.960398117200024e-07
46000.056 1.0317416220500304e-06
46050.056 1.021399414580117e-06
46100.056 9.459846422999888e-07
46150.056 9.385547059799347e-07
46200.056 9.522767882601546e-07
46250.056 8.32674753269948e-07
46300.056 1.0220421676399542e-06
46350.056 9.493123925399876e-07
46400.056 9.797224409900113e-07
46450.056 9.832735570700254e-07
46500.056 9.079842134100559e-07
46550.056 9.90214691870011e-07
46600.056 9.874106200199951e-07
46650.056 1.1899424654499412e-06
46700.056 1.1141502546801251e-06
46750.056 9.017498864100828e-07
46800.056 8.831575824800501e-07
46850.056 1.115366342080112e-06
46900.056 1.0398487916798984e-06
46950.056 1.1465954274500091e-06
47000.056 9.663954470700414e-07
47050.056 1.0913342745598787e-06
47100.056 8.446004319800614e-07
47150.056 9.760187378100449e-07
47200.056 1.0564960774700675e-06
47250.056 9.257188954099814e-07
47300.056 8.757979240499557e-07
47350.056 9.651470125299878e-07
47400.056 1.0918972122399531e-06
47450.056 9.516461438500149e-07
47500.056 1.0701770448799549e-06
47550.056 9.412484139899787e-07
47600.056 1.0355027364699252e-06
47650.056 8.813494429698814e-07
47700.056 1.0326039410700982e-06
47750.056 7.937233256800476e-07
47800.056 9.611035120100056e-07
47850.056 7.517016371399719e-07
47900.056 9.220822948399226e-07
47950.056 8.974687952800276e-07
48000.056 1.104865355290002e-06
48050.056 9.448499813500341e-07
48100.056 9.019106819499922e-07
48150.056 8.818421764900819e-07
48200.056 9.671950128500108e-07
48250.056 8.678585834500185e-07
48300.056 1.119586825619923e-06
48350.056 8.011389663599843e-07
48400.056 7.984955658299212e-07
48450.056 8.624759949700915e-07
48500.056 1.0709063530399235e-06
48550.056 8.282499934999825e-07
48600.056 1.025949495269991e-06
48650.056 8.786913591999638e-07
48700.056 1.0243211924199957e-06
48750.056 7.087921395301129e-07
48800.056 1.0759504620600413e-06
48850.056 7.873762009698479e-07
48900.056 1.0773170393100347e-06
48950.056 9.016331734700172e-07
49000.056 7.881520342299733e-07
49050.056 1.0125062775999471e-06
49100.056 9.267186344900693e-07
49150.056 9.340061969299597e-07
49200.056 9.417331659700159e-07
49250.056 9.565345484000594e-07
49300.056 8.672689968899659e-07
49350.056 7.988819270500626e-07
49400.056 9.617612443999326e-07
49450.056 9.053291509101885e-07
49500.056 8.594734392399918e-07
49550.056 7.080421302099822e-07
49600.056 8.470575846801037e-07
49650.056 8.576891591899305e-07
49700.056 8.140883623498614e-07
49750.056 1.0927859103099212e-06
49800.056 8.477398507900084e-07
49850.056 1.0634291565600922e-06
49900.056 9.339060662399878e-07
49950.056 8.650576309299527e-07
50000.056 9.034994385999108e-07
50050.056 9.390104315899829e-07
50100.056 9.591967286399582e-07
50150.056 7.591484015400018e-07
50200.056 6.227141484200522e-07
50250.056 9.10750355089969e-07
50300.056 8.293806070100021e-07
50350.056 1.0394527722700582e-06
50400.056 8.619745739099389e-07
50450.056 7.932964149400573e-07
50500.056 9.89294182750074e-07
50550.056 9.075833803000268e-07
50600.056 8.285799084699099e-07
50650.056 9.120493124101068e-07
50700.056 1.0479118468399229e-06
50750.056 9.55025973240088e-07
50800.056 6.829780384098951e-07
50850.056 7.758566194200838e-07
50900.056 1.0086323956299548e-06
50950.056 9.008238381801208e-07
51000.056 1.0453362619600768e-06
51050.056 8.980767783999931e-07
51100.056 6.920323364299473e-07
51150.056 8.483309341500073e-07
51200.056 1.025918937009969e-06
51250.056 8.743696427699952e-07
51300.056 7.176806995401449e-07
51350.056 8.824036962799167e-07
51400.056 6.829219050699615e-07
51450.056 5.982308223499122e-07
51500.056 6.839995135501126e-07
51550.056 9.87891842780059e-07
51600.056 7.343528205600105e-07
51650.056 7.788695272499122e-07
51700.056 8.513450299798177e-07
51750.056 7.028422874200172e-07
51800.056 9.108673458198174e-07
51850.056 8.40689304339958e-07
51900.056 1.0448610966300759e-06
51950.056 8.759098784299502e-07
52000.056 6.000540281499587e-07
52050.056 8.042584824500056e-07
52100.056 6.999527480900071e-07
52150.056 6.685828206300202e-07
52200.056 6.74940465219984e-07
52250.056 7.631732766000196e-07
52300.056 1.0007962798099684e-06
52350.056 8.659619537500093e-07
52400.056 6.507589783400761e-07
52450.056 8.157223775700543e-07
52500.056 9.11570412799878e-07
52550.056 8.779445253499168e-07
52600.056 8.159312971200631e-07
52650.056 8.588998298801037e-07
52700.056 7.353672000600183e-07
52750.056 6.178209899599802e-07
52800.056 6.823630740700467e-07
52850.056 7.086469263998713e-07
52900.056 7.367772931699515e-07
52950.056 7.43698743739992e-07
53000.056 9.058460607000368e-07
53050.056 6.537872543398509e-07
53100.056 7.788750873899545e-07
53150.056 9.837359935300345e-07
53200.056 5.729418150999826e-07
53250.056 8.801654485700328e-07
53300.056 8.911865956702879e-07
53350.056 8.787516972199578e-07
53400.056 8.864166449200025e-07
53450.056 6.711771268400056e-07
53500.056 5.149066327299152e-07
53550.056 7.046526360699408e-07
53600.056 8.065665766801264e-07
53650.056 6.279362232599864e-07
