galfind/configs/Brown_Dwarf_templates/sonora_bobcat/m-0.5/1780g/sp_t300g1780nc_m-0.5_resample.dat
# %ECSV 1.0
# ---
# datatype:
# - {name: wav, unit: Angstrom, datatype: float64}
# - {name: flux_nu, unit: erg / (cm2 Hz s), datatype: float64}
# meta: {C/O: '1.00', Kzz: '1.0000E+05', Teff: '300.', Y: '0.28', '[Fe/H]': '-0.50', f_hole: '1.00', f_rain: '0.00', grav: '1780.'}
# schema: astropy-2.0
wav flux_nu
4000.0559999999996 nan
4050.0559999999996 5.732398118000074e-19
4100.056 9.821857094200139e-18
4150.056 5.335688446100047e-17
4200.056 1.3524490940600086e-16
4250.056 3.50644672690002e-16
4300.056 7.157358707000032e-16
4350.056 1.2760097620000048e-15
4400.056 2.1594619329000083e-15
4450.056 3.467760351400013e-15
4500.056 5.3279512466000165e-15
4550.056 7.647677274400007e-15
4600.056 8.413960445900016e-15
4650.056 1.010359864330001e-14
4700.056 1.0968730055999998e-14
4750.056 9.949073957899983e-15
4800.056 8.183949073999982e-15
4850.056 6.051273652499982e-15
4900.056 4.72438034609999e-15
4950.056 3.78354726659999e-15
5000.056 2.6209992654999875e-15
5050.056 1.8672941640999973e-15
5100.056 1.8888092859000013e-15
5150.056 1.9793921754000014e-15
5200.056 2.1364998662000017e-15
5250.056 2.2924283065000016e-15
5300.056 2.4553230712000023e-15
5350.056 2.6513374860000025e-15
5400.056 2.8693542781000025e-15
5450.056 3.1338887804000033e-15
5500.056 3.424396715100003e-15
5550.056 3.7113551685000036e-15
5600.056 3.991902340800003e-15
5650.056 4.267985988500003e-15
5700.056 4.453333287900002e-15
5750.056 4.4854818302999984e-15
5800.056 4.166338597699992e-15
5850.056 3.0599714672999694e-15
5900.056 1.0558573487620292e-15
5950.056 6.0618055117000755e-15
6000.056 1.22582748190001e-14
6050.056 2.1155607980000145e-14
6100.056 3.3754359107000215e-14
6150.056 5.15629490990003e-14
6200.056 7.643695642300039e-14
6250.056 1.0920046312300053e-13
6300.056 1.561923711600008e-13
6350.056 2.210585468300011e-13
6400.056 3.0813972728000156e-13
6450.056 3.98970658620001e-13
6500.056 5.399431534000033e-13
6550.056 7.453018881600025e-13
6600.056 1.0262131951700065e-12
6650.056 1.421484923500007e-12
6700.056 1.8601956849000074e-12
6750.056 2.4454469122000094e-12
6800.056 2.8817443980000036e-12
6850.056 2.8076080546999943e-12
6900.056 2.148716807299982e-12
6950.056 1.5597442554000035e-12
7000.056 1.550046596999995e-12
7050.056 1.5617738280000026e-12
7100.056 1.7085822531000014e-12
7150.056 1.3873538043199793e-12
7200.056 1.1008644728000134e-12
7250.056 1.2149156377799812e-12
7300.056 1.2200890933000141e-12
7350.056 1.5152642288000049e-12
7400.056 1.8280811172000046e-12
7450.056 2.1677132818000084e-12
7500.056 2.4041534538000023e-12
7550.056 2.5170556685000015e-12
7600.056 2.531367555899999e-12
7650.056 1.5689844123199781e-12
7700.056 1.590455610780024e-12
7750.056 3.010091018600022e-12
7800.056 3.8981956165000184e-12
7850.056 4.9527038797000175e-12
7900.056 6.106793343200026e-12
7950.056 7.100763262500024e-12
8000.056 9.113086988900045e-12
8050.056 1.1091145646000035e-11
8100.056 1.0068738679699929e-11
8150.056 7.754633728200154e-12
8200.056 1.3959423021500047e-11
8250.056 1.560282890530031e-11
8300.056 1.8968387597999942e-11
8350.056 2.298299987300022e-11
8400.056 3.104022853200049e-11
8450.056 4.26091712100004e-11
8500.056 5.3449288618000416e-11
8550.056 6.662380257600062e-11
8600.056 8.275249236800064e-11
8650.056 9.799594164200058e-11
8700.056 1.0968947972000052e-10
8750.056 1.2356667196000063e-10
8800.056 1.318425665500001e-10
8850.056 1.204574951169979e-10
8900.056 4.655402667399739e-11
8950.056 2.8154545642000656e-11
9000.056 2.4762736659400738e-11
9050.056 9.287786141200054e-11
9100.056 9.676045658500372e-11
9150.056 1.0878197093299812e-10
9200.056 1.5084037417200543e-10
9250.056 1.0775933217499202e-10
9300.056 1.2047174435135413e-12
9350.056 8.712381838603316e-13
9400.056 2.193058390919049e-11
9450.056 3.837606461812804e-12
9500.056 4.769595946795802e-12
9550.056 5.380637294820519e-12
9600.056 9.15273431714976e-12
9650.056 2.5414589712303254e-11
9700.056 9.68240114529997e-11
9750.056 1.2198379184100632e-10
9800.056 1.7309054304699948e-10
9850.056 2.4789565070000247e-10
9900.056 3.5779256133000736e-10
9950.056 4.107161777300043e-10
10000.056 2.4950033804236813e-10
10050.056 5.753464075599517e-11
10100.056 3.297181128199961e-11
10150.056 2.1629329039999395e-11
10200.056 1.2111464786399868e-11
10250.056 1.0010583007199992e-11
10300.056 1.0168179977599757e-11
10350.056 6.164256008600029e-12
10400.056 6.768700356799981e-12
10450.056 6.2658892815999005e-12
10500.056 5.533470159599966e-12
10550.056 4.864011544099958e-12
10600.056 3.96487023219996e-12
10650.056 3.049145896399958e-12
10700.056 2.2391584541999646e-12
10750.056 1.6877745535999752e-12
10800.056 1.330827421299992e-12
10850.056 1.0899149751799893e-12
10900.056 9.030310195599884e-13
10950.056 6.972907419099928e-13
11000.056 5.065577927699893e-13
11050.056 3.098075818899927e-13
11100.056 1.314646209159921e-13
11150.056 3.9586413870476064e-14
11200.056 1.705421264102495e-14
11250.056 2.2854548507866237e-14
11300.056 4.969294905279167e-14
11350.056 2.2500803188016486e-14
11400.056 9.661452879020506e-14
11450.056 5.507385003805213e-14
11500.056 5.647713282849941e-14
11550.056 3.592922514676299e-14
11600.056 2.637054339819947e-14
11650.056 7.800254261370645e-14
11700.056 1.346730986609886e-13
11750.056 1.0481503123801018e-13
11800.056 2.644636087820001e-13
11850.056 2.886945701799999e-13
11900.056 3.296022176200011e-13
11950.056 3.6459200803000075e-13
12000.056 3.805609896900027e-13
12050.056 4.542187567200044e-13
12100.056 5.303967788700097e-13
12150.056 7.000673499800058e-13
12200.056 8.888212014800062e-13
12250.056 1.2053727962000209e-12
12300.056 1.6033189314100238e-12
12350.056 1.9376540788000268e-12
12400.056 2.607250282600043e-12
12450.056 3.710795410400074e-12
12500.056 4.961035865300011e-12
12550.056 5.7143263926001055e-12
12600.056 8.273169231100177e-12
12650.056 1.1783852630200226e-11
12700.056 1.5067616828000106e-11
12750.056 1.6564431560000083e-11
12800.056 1.6990533194999966e-11
12850.056 1.550300956299987e-11
12900.056 1.393271519789993e-11
12950.056 1.388866188980009e-11
13000.056 1.558624438600034e-11
13050.056 1.3930922995499963e-11
13100.056 1.743002292599976e-11
13150.056 1.3959429183500462e-11
13200.056 1.469654963719972e-11
13250.056 1.6099885348699877e-11
13300.056 6.749567868107141e-12
13350.056 4.520479634819987e-12
13400.056 6.900700173859787e-13
13450.056 5.5454209981929897e-14
13500.056 4.7389676123339004e-15
13550.056 3.105941902283443e-16
13600.056 4.926801262724117e-17
13650.056 3.8294380812240743e-16
13700.056 1.6735088462555264e-16
13750.056 3.0234563262836975e-15
13800.056 3.555919763379867e-15
13850.056 5.03514750684828e-16
13900.056 2.53625056180003e-15
13950.056 1.573745484728605e-15
14000.056 7.0776051693768854e-15
14050.056 6.516192074559411e-15
14100.056 6.650093548951244e-15
14150.056 3.0431964353112104e-14
14200.056 2.7952793282123117e-14
14250.056 5.098441693333305e-14
14300.056 1.568303224003702e-13
14350.056 2.2483443847328878e-13
14400.056 2.2051650018523742e-13
14450.056 5.590529325920444e-13
14500.056 1.789652194152301e-12
14550.056 4.120804148495931e-12
14600.056 7.517773294090017e-12
14650.056 2.4662476793489693e-12
14700.056 9.083707370519511e-13
14750.056 6.712423514883111e-13
14800.056 3.7976129039449517e-13
14850.056 4.643357880200042e-13
14900.056 3.410898418513927e-13
14950.056 2.5676964951510543e-13
15000.056 9.11627436886287e-13
15050.056 1.7070533606390722e-12
15100.056 6.321558503516342e-13
15150.056 2.6107563784461447e-13
15200.056 9.94529475765333e-13
15250.056 1.9966502960193288e-12
15300.056 3.4333348025598043e-12
15350.056 4.342681847310266e-12
15400.056 6.1783932759001354e-12
15450.056 8.977456583500648e-12
15500.056 1.549799469910042e-11
15550.056 2.539281233400122e-11
15600.056 4.048135470300015e-11
15650.056 5.984208866500202e-11
15700.056 7.710742645100067e-11
15750.056 8.506168391300033e-11
15800.056 9.047130032300007e-11
15850.056 9.444599345700049e-11
15900.056 9.21451020319997e-11
15950.056 9.214726545599968e-11
16000.056 8.439138242199925e-11
16050.056 7.243635822999888e-11
16100.056 5.540725772399934e-11
16150.056 3.807423200199849e-11
16200.056 1.9264977630499174e-11
16250.056 9.873467042799816e-12
16300.056 4.650757995599345e-12
16350.056 3.148253055546027e-12
16400.056 2.8307403866268587e-12
16450.056 3.0896966559185586e-12
16500.056 2.9580038744315673e-12
16550.056 3.768649108906949e-12
16600.056 8.632990612708927e-12
16650.056 3.1404789061244692e-12
16700.056 2.017180198942189e-12
16750.056 4.697096636908579e-12
16800.056 4.656334556412931e-12
16850.056 3.9417099133019945e-12
16900.056 2.6308194189091084e-12
16950.056 2.0751229953459518e-12
17000.056 1.3649948974800886e-12
17050.056 1.7374610018901262e-12
17100.056 2.6588924020959302e-12
17150.056 2.3389751058662904e-12
17200.056 4.409001610619834e-12
17250.056 1.7660986153797341e-12
17300.056 1.7150694404599739e-12
17350.056 2.2633604773599807e-12
17400.056 2.9432006002300493e-12
17450.056 3.2790741534000827e-12
17500.056 4.172162167100014e-12
17550.056 3.664909237499876e-12
17600.056 3.6360308717000965e-12
17650.056 2.6055268704599327e-12
17700.056 2.326143046500005e-12
17750.056 1.7720627197499699e-12
17800.056 2.0134566031500482e-12
17850.056 1.1320772702748957e-12
17900.056 7.906425176209118e-13
17950.056 4.7441839572102e-13
18000.056 5.724494248385557e-13
18050.056 2.3213244527899736e-13
18100.056 1.9428624591773163e-13
18150.056 1.0369462340602907e-13
18200.056 5.71902730984323e-14
18250.056 1.8962274441704278e-13
18300.056 1.7887732948692813e-14
18350.056 1.992991899868122e-14
18400.056 5.097351012043006e-15
18450.056 7.338743455310158e-14
18500.056 4.956383815190355e-14
18550.056 1.6581834905780335e-14
18600.056 5.256639535445685e-14
18650.056 4.654039513598151e-14
18700.056 1.4864135805716967e-15
18750.056 3.802803904629854e-15
18800.056 1.1650441062054503e-13
18850.056 8.55540102441024e-14
18900.056 1.1303648602561208e-13
18950.056 1.2942956810407391e-13
19000.056 1.4837764423889392e-14
19050.056 7.682728367650138e-15
19100.056 4.0526678307913544e-14
19150.056 1.8846285322984317e-14
19200.056 4.5966113096621133e-14
19250.056 4.19029926405051e-14
19300.056 2.346719212987221e-14
19350.056 3.3462759338051086e-14
19400.056 2.0832619405103182e-14
19450.056 1.988094253199075e-14
19500.056 2.2444154458822616e-14
19550.056 3.04059730342566e-14
19600.056 4.816446933705431e-14
19650.056 4.654885083179089e-14
19700.056 6.76065445879908e-14
19750.056 6.82147719456552e-14
19800.056 3.957562684086545e-14
19850.056 6.001240222607048e-14
19900.056 8.30473301633886e-14
19950.056 5.938678314133617e-14
20000.056 6.693145928388902e-14
20050.056 6.461940395604565e-14
20100.056 7.616896621933209e-14
20150.056 5.721521773238949e-14
20200.056 5.185595164980763e-14
20250.056 7.345408090170446e-14
20300.056 7.58338860799991e-14
20350.056 7.6259608057997e-14
20400.056 7.793402953500026e-14
20450.056 8.000775313600207e-14
20500.056 7.48796908110001e-14
20550.056 6.92711104869987e-14
20600.056 6.344700612200039e-14
20650.056 5.737460178199892e-14
20700.056 5.1453910812999374e-14
20750.056 4.53436669859995e-14
20800.056 3.978540936899952e-14
20850.056 3.5338798606999657e-14
20900.056 3.134682005299971e-14
20950.056 2.8195160968999754e-14
21000.056 2.5969477721999852e-14
21050.056 2.4773549467999917e-14
21100.056 2.4406771478000008e-14
21150.056 2.5245936398000126e-14
21200.056 2.7051531879000205e-14
21250.056 2.992104092600019e-14
21300.056 3.361701044700041e-14
21350.056 3.8050585176000044e-14
21400.056 4.430598565900086e-14
21450.056 4.8364321463000704e-14
21500.056 5.165672790900016e-14
21550.056 5.5768054212999855e-14
21600.056 5.6642200282799567e-14
21650.056 5.960111546229837e-14
21700.056 6.387744199099714e-14
21750.056 6.352667327424496e-14
21800.056 5.858192543795076e-14
21850.056 5.965112704689023e-14
21900.056 5.353081361600189e-14
21950.056 3.880537236897548e-14
22000.056 7.281436481489958e-15
22050.056 1.2437142420160994e-14
22100.056 2.092726554519766e-14
22150.056 1.4082805709380755e-14
22200.056 1.441645452115826e-14
22250.056 1.161398639852968e-14
22300.056 6.23999866906458e-15
22350.056 1.0436506080379043e-14
22400.056 6.922398173236585e-15
22450.056 8.198594727823094e-15
22500.056 7.129692968325178e-15
22550.056 3.639940412697221e-15
22600.056 3.0159708599606645e-15
22650.056 2.514166742337391e-15
22700.056 3.466735479739351e-15
22750.056 4.8543975689068516e-15
22800.056 7.283837817303631e-15
22850.056 4.089579392399104e-15
22900.056 3.986567865927826e-15
22950.056 2.8576857724117407e-15
23000.056 2.1733100151199646e-15
23050.056 1.882685876420763e-15
23100.056 1.4060886714250782e-14
23150.056 1.196509560245314e-14
23200.056 1.787179518668388e-15
23250.056 7.880791193292576e-15
23300.056 4.0228702301872115e-15
23350.056 6.2189422054346115e-15
23400.056 3.773121497124716e-15
23450.056 2.6183023560032283e-15
23500.056 1.945301414623949e-15
23550.056 3.8536046123604305e-15
23600.056 8.333784941619928e-15
23650.056 1.1489509688998625e-14
23700.056 1.8467580332377707e-15
23750.056 3.652613235206329e-15
23800.056 1.3510756486132565e-14
23850.056 6.547473264860681e-15
23900.056 1.198488614395519e-14
23950.056 7.210142709082387e-15
24000.056 1.6736892040439292e-14
24050.056 1.8271590817520122e-14
24100.056 2.6963961263671917e-14
24150.056 3.7091977430000406e-14
24200.056 3.853611347900073e-14
24250.056 3.838983586800192e-14
24300.056 6.299500011390489e-14
24350.056 6.457867433139716e-14
24400.056 1.0844028052700511e-13
24450.056 1.2755880682100406e-13
24500.056 1.4028788996300135e-13
24550.056 2.145606895640085e-13
24600.056 2.854180365399945e-13
24650.056 3.476453959500152e-13
24700.056 3.491773182459743e-13
24750.056 4.831263901460437e-13
24800.056 5.495664686200152e-13
24850.056 5.949533188759897e-13
24900.056 5.838981273550303e-13
24950.056 7.243837550105272e-13
25000.056 1.0729138285299722e-12
25050.056 6.880272945470598e-13
25100.056 1.0046615886999184e-12
25150.056 6.078800764159413e-13
25200.056 9.711419966910928e-13
25250.056 4.88934818902913e-13
25300.056 3.9949973939526426e-13
25350.056 2.1598278477013755e-13
25400.056 5.696804863647782e-13
25450.056 1.395021687911893e-13
25500.056 1.077732643041226e-13
25550.056 4.668023019751118e-13
25600.056 1.689038170087145e-13
25650.056 5.457268698076698e-14
25700.056 3.511079982306241e-14
25750.056 1.3077937751204595e-14
25800.056 5.6453866768204614e-14
25850.056 1.0654253774306458e-14
25900.056 1.7855477590369876e-14
25950.056 4.797105258707731e-15
26000.056 3.910578172086397e-14
26050.056 6.139212343152977e-15
26100.056 2.2076528544611226e-14
26150.056 1.1044783243058868e-14
26200.056 1.2551904517191387e-14
26250.056 6.452483979692952e-14
26300.056 1.349740417148226e-14
26350.056 2.4511254919479886e-13
26400.056 5.986600878207558e-13
26450.056 1.6181147804731764e-13
26500.056 5.552362079793387e-13
26550.056 5.3999543893076654e-14
26600.056 3.772119290472262e-14
26650.056 9.992828677680882e-15
26700.056 9.327100640184997e-15
26750.056 1.4183814380378005e-14
26800.056 4.434238876964266e-14
26850.056 3.399244551057116e-14
26900.056 1.2153513896219304e-13
26950.056 2.9246095537198005e-14
27000.056 1.5393509035833474e-13
27050.056 3.297173778499877e-13
27100.056 1.9573568398506466e-14
27150.056 2.0850933375399876e-13
27200.056 1.8611476045482588e-14
27250.056 5.275444769507842e-14
27300.056 8.729196071770058e-13
27350.056 1.5883921947957066e-13
27400.056 1.7150151276195838e-14
27450.056 3.021234156770638e-13
27500.056 4.185220125588306e-13
27550.056 6.436420346598152e-14
27600.056 2.1894426804580784e-13
27650.056 5.674550350042628e-14
27700.056 7.013416450129521e-14
27750.056 4.3952313612741315e-13
27800.056 1.5354693866921334e-13
27850.056 3.3636237354328057e-13
27900.056 6.567786512209078e-13
27950.056 9.62169188612931e-13
28000.056 1.238284287273483e-12
28050.056 1.2105389518137665e-13
28100.056 2.073460565589681e-12
28150.056 1.354350004431537e-12
28200.056 2.674919420847996e-13
28250.056 4.007943260265921e-12
28300.056 3.745954184608216e-12
28350.056 3.521668959089241e-13
28400.056 2.4157059689622707e-12
28450.056 4.430456205004391e-12
28500.056 1.5885491711124612e-12
28550.056 6.022006639953191e-13
28600.056 4.128649127239125e-12
28650.056 1.1791031932682835e-12
28700.056 4.40416962837293e-12
28750.056 1.0216814007594816e-11
28800.056 1.9317709270232592e-12
28850.056 1.0999854389559516e-11
