galfind/configs/Brown_Dwarf_templates/sonora_bobcat/m-0.5/1780g/sp_t2000g1780nc_m-0.5_resample.dat
# %ECSV 1.0
# ---
# datatype:
# - {name: wav, unit: Angstrom, datatype: float64}
# - {name: flux_nu, unit: erg / (cm2 Hz s), datatype: float64}
# meta: {C/O: '1.00', Kzz: '1.0000E+05', Teff: '2000.', Y: '0.28', '[Fe/H]': '-0.50', f_hole: '1.00', f_rain: '0.00', grav: '1780.'}
# schema: astropy-2.0
wav flux_nu
4000.0559999999996 nan
4050.0559999999996 8.310357624720247e-09
4100.056 1.938861690782813e-08
4150.056 1.792168466373127e-08
4200.056 1.4820136155523258e-08
4250.056 1.2484026155392424e-08
4300.056 8.513611753362667e-09
4350.056 7.081524545560864e-09
4400.056 6.925419271441752e-09
4450.056 3.541876332130414e-09
4500.056 3.14129934271049e-09
4550.056 4.269700549668626e-09
4600.056 3.1739770825393643e-09
4650.056 2.3640192806195632e-09
4700.056 3.2494701514601942e-09
4750.056 3.920945475939549e-09
4800.056 1.6022508546001826e-09
4850.056 2.2657607206002243e-09
4900.056 4.659950151199476e-09
4950.056 5.086765452529766e-09
5000.056 1.5908821577597553e-09
5050.056 1.622701905050074e-09
5100.056 1.5699548479041934e-09
5150.056 1.0185646508951834e-09
5200.056 1.0880166933419851e-09
5250.056 1.7384857807900597e-09
5300.056 1.8560214886999911e-09
5350.056 1.7237255099000272e-09
5400.056 1.5369777569000126e-09
5450.056 1.1682943921999909e-09
5500.056 8.791133789799998e-10
5550.056 7.716548287499897e-10
5600.056 6.082508456500015e-10
5650.056 4.536585782899974e-10
5700.056 3.082202280499979e-10
5750.056 1.88661353849998e-10
5800.056 1.02370772903999e-10
5850.056 4.021939441179921e-11
5900.056 5.883549963810637e-12
5950.056 8.622477403900179e-11
6000.056 2.816036036900043e-10
6050.056 7.080295235700075e-10
6100.056 1.4485251379000234e-09
6150.056 2.608111325900008e-09
6200.056 3.898035409300013e-09
6250.056 5.8108817469000665e-09
6300.056 8.942103357600063e-09
6350.056 1.2315866418700282e-08
6400.056 1.6149318184000024e-08
6450.056 2.0651892318998945e-08
6500.056 2.5641616879998767e-08
6550.056 3.2557477715999374e-08
6600.056 3.641315886299964e-08
6650.056 3.4461784692001875e-08
6700.056 1.913766518969331e-08
6750.056 3.2606128127000774e-08
6800.056 4.0050496777002974e-08
6850.056 5.0650605055001884e-08
6900.056 6.379207750100051e-08
6950.056 7.523819468200286e-08
7000.056 9.42449686749999e-08
7050.056 8.085789022100183e-08
7100.056 4.693828275500069e-08
7150.056 4.3889679531000486e-08
7200.056 5.846366520399938e-08
7250.056 7.756262177200545e-08
7300.056 1.0191162884800552e-07
7350.056 1.2294280175099994e-07
7400.056 1.227555082630016e-07
7450.056 1.0805549954999806e-07
7500.056 8.986775890799925e-08
7550.056 7.04219266049998e-08
7600.056 4.008011183199909e-08
7650.056 5.1995396702325515e-09
7700.056 1.9905728124727067e-09
7750.056 2.212879630860062e-08
7800.056 5.10707464698058e-08
7850.056 9.645793209800206e-08
7900.056 1.3122277866100265e-07
7950.056 1.4394106641656885e-07
8000.056 2.2395867451999735e-07
8050.056 3.124538170999976e-07
8100.056 4.0849110225000474e-07
8150.056 5.069210555500026e-07
8200.056 3.703013573019903e-07
8250.056 5.648971826100029e-07
8300.056 5.581970183300247e-07
8350.056 6.266226233600167e-07
8400.056 6.620440384800057e-07
8450.056 4.5975946933999375e-07
8500.056 4.113791745690531e-07
8550.056 5.577789455700341e-07
8600.056 7.005631324099454e-07
8650.056 8.121552121499676e-07
8700.056 6.746534762299204e-07
8750.056 6.922435934700359e-07
8800.056 9.241276598500421e-07
8850.056 8.956641896599282e-07
8900.056 7.087466067700189e-07
8950.056 7.907302970710195e-07
9000.056 1.0460727004700538e-06
9050.056 9.417892349900217e-07
9100.056 1.1997562828999775e-06
9150.056 1.4117414172900152e-06
9200.056 1.487832711590058e-06
9250.056 1.2670365920400872e-06
9300.056 1.139430178679946e-06
9350.056 1.2606006324600513e-06
9400.056 1.3852411841000265e-06
9450.056 1.6386611773499724e-06
9500.056 1.9318365825199997e-06
9550.056 2.0464826882400564e-06
9600.056 2.2370123060200445e-06
9650.056 2.46893421400006e-06
9700.056 2.7502873163899404e-06
9750.056 2.4080793431199297e-06
9800.056 2.514910338899958e-06
9850.056 2.407784890200012e-06
9900.056 1.4757723142298806e-06
9950.056 8.218393809100192e-07
10000.056 7.953718041499888e-07
10050.056 9.370431043199924e-07
10100.056 1.1765257736300768e-06
10150.056 1.124978134759955e-06
10200.056 1.237685711409994e-06
10250.056 1.2986831906799677e-06
10300.056 1.1536441132099707e-06
10350.056 1.420637193190113e-06
10400.056 1.6821241491499047e-06
10450.056 1.746224318010068e-06
10500.056 1.7880078522699312e-06
10550.056 2.0127097845600905e-06
10600.056 2.207096698540026e-06
10650.056 2.2004821880701793e-06
10700.056 2.2504843141700494e-06
10750.056 2.4830451736800947e-06
10800.056 2.713277096759947e-06
10850.056 3.0699473267298806e-06
10900.056 3.2245985768099307e-06
10950.056 3.3613858472999595e-06
11000.056 3.227126704199946e-06
11050.056 2.769508008070078e-06
11100.056 2.9745277870701023e-06
11150.056 3.250713737349955e-06
11200.056 3.2620931276202443e-06
11250.056 3.909244681810053e-06
11300.056 3.7464284081499625e-06
11350.056 3.4613267177897727e-06
11400.056 2.380222988820029e-06
11450.056 3.815662683699962e-06
11500.056 4.6704070325998496e-06
11550.056 4.476970602539973e-06
11600.056 4.769017992759665e-06
11650.056 4.386855127500108e-06
11700.056 2.8512962681999994e-06
11750.056 3.1344710488197096e-06
11800.056 3.2524016488802303e-06
11850.056 4.872696358600191e-06
11900.056 5.521270812099749e-06
11950.056 4.5714380633000086e-06
12000.056 3.710960159400064e-06
12050.056 4.619096232099997e-06
12100.056 4.481810718799872e-06
12150.056 5.284880134599862e-06
12200.056 5.02706580489967e-06
12250.056 5.5199423378999895e-06
12300.056 5.618537955300153e-06
12350.056 5.325548150499917e-06
12400.056 4.3507788025999465e-06
12450.056 3.767269827700025e-06
12500.056 3.943801666899806e-06
12550.056 4.09361716790023e-06
12600.056 5.251330009400011e-06
12650.056 5.36393720789986e-06
12700.056 5.986738037200275e-06
12750.056 5.842608017499809e-06
12800.056 6.1339538588001685e-06
12850.056 5.916211284899908e-06
12900.056 5.5263021494999044e-06
12950.056 5.670611976900002e-06
13000.056 6.006022973499885e-06
13050.056 6.348868515599953e-06
13100.056 6.443448583200018e-06
13150.056 6.573166366099943e-06
13200.056 6.33911524010008e-06
13250.056 5.9445303436000314e-06
13300.056 5.362194859289647e-06
13350.056 3.3029018453081057e-06
13400.056 2.877650909602241e-06
13450.056 2.60556746895191e-06
13500.056 2.3550078059508023e-06
13550.056 2.2586614818364412e-06
13600.056 2.289190918998167e-06
13650.056 2.8923416334209296e-06
13700.056 2.7085249148913234e-06
13750.056 2.954512141489709e-06
13800.056 3.3153511867720716e-06
13850.056 3.0287322341478887e-06
13900.056 2.8447949420390503e-06
13950.056 2.6690312125340817e-06
14000.056 2.52588382104001e-06
14050.056 2.750410832779144e-06
14100.056 2.3197994531270895e-06
14150.056 2.5246830700291103e-06
14200.056 2.2904369506111755e-06
14250.056 2.2075534266476673e-06
14300.056 2.393839485675821e-06
14350.056 2.456629752708043e-06
14400.056 2.5169059257619466e-06
14450.056 2.641406805387115e-06
14500.056 2.952008709839921e-06
14550.056 2.9473846425598984e-06
14600.056 3.361470694330364e-06
14650.056 3.256545582489316e-06
14700.056 3.0090852219499324e-06
14750.056 3.2607583352603334e-06
14800.056 3.366770911870282e-06
14850.056 3.626021390429694e-06
14900.056 3.553513919009858e-06
14950.056 3.6166027019302956e-06
15000.056 3.7703492630000193e-06
15050.056 4.152733585599735e-06
15100.056 4.0899144997000615e-06
15150.056 4.182352424500135e-06
15200.056 4.4054465886998426e-06
15250.056 4.5250580962000435e-06
15300.056 4.682627891899985e-06
15350.056 4.898415365099946e-06
15400.056 5.007459941899994e-06
15450.056 5.166420982200129e-06
15500.056 5.242739330500067e-06
15550.056 5.430096526099775e-06
15600.056 5.45741456040015e-06
15650.056 5.582659505400091e-06
15700.056 5.807152902800249e-06
15750.056 5.934223907899875e-06
15800.056 5.907715523500094e-06
15850.056 4.799903810300079e-06
15900.056 4.954726962899996e-06
15950.056 4.887022857899875e-06
16000.056 5.014536940900051e-06
16050.056 5.0487828767000905e-06
16100.056 5.156721613300047e-06
16150.056 4.756818911999996e-06
16200.056 5.033697774399975e-06
16250.056 4.718417518800011e-06
16300.056 4.773149968800033e-06
16350.056 5.024233170899965e-06
16400.056 4.913660007000028e-06
16450.056 5.075632591400171e-06
16500.056 5.139986060400048e-06
16550.056 5.319180714999942e-06
16600.056 4.9960232116000616e-06
16650.056 5.288959264299971e-06
16700.056 5.036914541299898e-06
16750.056 4.974019647499949e-06
16800.056 5.1328389570999245e-06
16850.056 5.198923904299871e-06
16900.056 5.0505974927000585e-06
16950.056 5.018015678799972e-06
17000.056 5.108866384600168e-06
17050.056 5.090632052100011e-06
17100.056 4.9675632585001755e-06
17150.056 4.919295388900117e-06
17200.056 4.674594954899975e-06
17250.056 4.414786767899987e-06
17300.056 4.369434263299891e-06
17350.056 4.332464559000157e-06
17400.056 4.10793195139988e-06
17450.056 3.97851110943928e-06
17500.056 3.83785448127027e-06
17550.056 3.654701782790377e-06
17600.056 3.570586564340051e-06
17650.056 3.533080014590311e-06
17700.056 3.081098585609725e-06
17750.056 3.0109955953398384e-06
17800.056 2.95778627103056e-06
17850.056 2.6275416733398636e-06
17900.056 2.8055624384701674e-06
17950.056 2.6614292065349457e-06
18000.056 2.4979839579800554e-06
18050.056 2.4853364829550556e-06
18100.056 2.4503942434447595e-06
18150.056 2.6534843646514083e-06
18200.056 2.2061217162540895e-06
18250.056 2.7450961172118052e-06
18300.056 2.521958771479968e-06
18350.056 2.4916958613981346e-06
18400.056 2.419127954932201e-06
18450.056 2.2166870259005258e-06
18500.056 2.2768230620400536e-06
18550.056 2.070707995509912e-06
18600.056 1.8220885200517249e-06
18650.056 2.0396833123723105e-06
18700.056 2.205029832425189e-06
18750.056 2.157601291990383e-06
18800.056 2.3808225049803234e-06
18850.056 2.646178990119925e-06
18900.056 2.5192934716394636e-06
18950.056 2.7867856445499253e-06
19000.056 2.77802509236969e-06
19050.056 2.6384249319859073e-06
19100.056 2.9012124591301376e-06
19150.056 2.822773836507003e-06
19200.056 2.8362351474402235e-06
19250.056 2.667816983091957e-06
19300.056 2.777594241532678e-06
19350.056 2.6806981499537447e-06
19400.056 2.2205625759758263e-06
19450.056 2.6615086281759218e-06
19500.056 2.659390536730021e-06
19550.056 2.2577602653402387e-06
19600.056 2.466375918269889e-06
19650.056 2.5760769592594167e-06
19700.056 2.51654065958012e-06
19750.056 2.3321066323001012e-06
19800.056 2.521439157769788e-06
19850.056 2.671489058309883e-06
19900.056 2.3145474592502334e-06
19950.056 2.6926650883598866e-06
20000.056 2.4607611626602797e-06
20050.056 2.7465852182101265e-06
20100.056 2.6085451800592725e-06
20150.056 2.7678205830103124e-06
20200.056 2.8468922174599447e-06
20250.056 2.9102161557598355e-06
20300.056 2.9036399859802184e-06
20350.056 3.067095374319815e-06
20400.056 3.0832663584794904e-06
20450.056 3.1303488574196036e-06
20500.056 3.2337602633697644e-06
20550.056 3.244287702410026e-06
20600.056 3.4084008091000224e-06
20650.056 3.345904426780018e-06
20700.056 3.4726968048000964e-06
20750.056 3.467554626099954e-06
20800.056 3.5800469969999027e-06
20850.056 3.5202462892999575e-06
20900.056 3.6575688755999295e-06
20950.056 3.6569656563999616e-06
21000.056 3.6916495909000183e-06
21050.056 3.727356458799989e-06
21100.056 3.7168097298999884e-06
21150.056 3.785100730099958e-06
21200.056 3.7757048501000445e-06
21250.056 3.827065701399927e-06
21300.056 3.7529265496000506e-06
21350.056 3.834795911200003e-06
21400.056 3.7700393646000534e-06
21450.056 3.860621822999995e-06
21500.056 3.7803080536000283e-06
21550.056 3.795535179299973e-06
21600.056 3.799448410800046e-06
21650.056 3.766317085299992e-06
21700.056 3.7901016624000077e-06
21750.056 3.72885149350001e-06
21800.056 3.712708580299925e-06
21850.056 3.682323860599947e-06
21900.056 3.6862200677000583e-06
21950.056 3.610447772300008e-06
22000.056 3.5762964861999715e-06
22050.056 3.4982855593999303e-06
22100.056 3.510173706200025e-06
22150.056 3.5196092768000293e-06
22200.056 3.456344197700113e-06
22250.056 3.5160911245000854e-06
22300.056 3.4770089908999976e-06
22350.056 3.4167445927000607e-06
22400.056 3.417941057699965e-06
22450.056 3.358752825299979e-06
22500.056 3.367423709700027e-06
22550.056 3.3372918956999136e-06
22600.056 3.3420909946000245e-06
22650.056 3.2688967022001287e-06
22700.056 3.23315830320012e-06
22750.056 3.2834640702999783e-06
22800.056 3.196250775599977e-06
22850.056 3.2005993099000494e-06
22900.056 3.1876183710999554e-06
22950.056 2.6909877129401444e-06
23000.056 2.732647278790074e-06
23050.056 2.8236715866097293e-06
23100.056 2.763012013049957e-06
23150.056 2.861039067810018e-06
23200.056 2.7541391970701007e-06
23250.056 2.5792442355598065e-06
23300.056 2.580370428870052e-06
23350.056 2.6339724754999793e-06
23400.056 2.632352080920059e-06
23450.056 2.650195995280184e-06
23500.056 2.7376909328699234e-06
23550.056 2.647594157870204e-06
23600.056 2.611340352470224e-06
23650.056 2.713166003969776e-06
23700.056 2.623610866819868e-06
23750.056 2.662878650300166e-06
23800.056 2.6187537860999703e-06
23850.056 2.4626682545700807e-06
23900.056 2.578652304540172e-06
23950.056 2.6903260994101882e-06
24000.056 2.627228903079622e-06
24050.056 2.5953619338602306e-06
24100.056 2.4835597632199233e-06
24150.056 2.4478231307702426e-06
24200.056 2.4368917729097084e-06
24250.056 2.390963553590115e-06
24300.056 2.3857954274301476e-06
24350.056 2.1834591931800267e-06
24400.056 2.3987813081899808e-06
24450.056 2.1755546844299593e-06
24500.056 2.1173710898000843e-06
24550.056 2.040466657090262e-06
24600.056 2.079613745350058e-06
24650.056 2.2484386812501233e-06
24700.056 1.8871564321499552e-06
24750.056 1.7883351556501097e-06
24800.056 1.834522522699989e-06
24850.056 2.090290352350259e-06
24900.056 1.5578622773703673e-06
24950.056 1.97814060664003e-06
25000.056 1.8214755267802488e-06
25050.056 1.4465359701002606e-06
25100.056 1.770086767589891e-06
25150.056 1.5452374081198835e-06
25200.056 1.6449172432201476e-06
25250.056 1.4930128631357892e-06
25300.056 1.6654783140600916e-06
25350.056 1.3941568882099958e-06
25400.056 1.6176821752502915e-06
25450.056 1.4014551024019542e-06
25500.056 1.5063356765552243e-06
25550.056 1.4563514967500318e-06
25600.056 1.5046048493048413e-06
25650.056 1.3207059170639075e-06
25700.056 1.7599259746186357e-06
25750.056 1.254955540760159e-06
25800.056 1.7014858530001935e-06
25850.056 1.467392730656884e-06
25900.056 1.6653512831102703e-06
25950.056 1.3918719018401578e-06
26000.056 1.7302949042603516e-06
26050.056 1.6927247305699827e-06
26100.056 1.8407741831201468e-06
26150.056 1.7718198461798436e-06
26200.056 1.7046345618100374e-06
26250.056 1.863496931469953e-06
26300.056 1.7710039693400013e-06
26350.056 1.9640718880499847e-06
26400.056 1.9514441684998886e-06
26450.056 1.9110224000099543e-06
26500.056 2.0378024541496703e-06
26550.056 1.8783709782398982e-06
26600.056 2.2302247801798513e-06
26650.056 1.720316608613833e-06
26700.056 1.7501223080570625e-06
26750.056 1.4248096989754922e-06
26800.056 1.6471850682598404e-06
26850.056 1.263380051866142e-06
26900.056 1.718969144089869e-06
26950.056 1.1919480345298654e-06
27000.056 1.642576758380086e-06
27050.056 1.394188430569889e-06
27100.056 1.411564606322739e-06
27150.056 1.508206075150061e-06
27200.056 1.4899221034560772e-06
27250.056 1.38503481576827e-06
27300.056 1.7458325350001695e-06
27350.056 1.5933291037097048e-06
27400.056 1.2815523049898875e-06
27450.056 1.8598781891497545e-06
27500.056 1.6886734888000275e-06
27550.056 1.464722830339849e-06
27600.056 1.8608733290099348e-06
27650.056 1.421177625959987e-06
27700.056 1.3347459327899837e-06
27750.056 1.8703799423797139e-06
27800.056 1.3801558133199399e-06
27850.056 1.4549273279898073e-06
27900.056 1.5421329154099221e-06
27950.056 1.8565035882599375e-06
28000.056 1.6326143881701926e-06
28050.056 1.2243926425602747e-06
28100.056 1.9214535874503107e-06
28150.056 1.4906638953900277e-06
28200.056 1.2475276290299772e-06
28250.056 1.7139482795999142e-06
28300.056 1.9415144821703012e-06
28350.056 1.3385556106797595e-06
28400.056 1.6232466249801032e-06
28450.056 1.7494644291898658e-06
28500.056 1.6570073820698022e-06
28550.056 1.1255974402197905e-06
28600.056 1.9486893957300757e-06
28650.056 1.7015284513800316e-06
28700.056 1.5008302591798984e-06
28750.056 1.7648919570999835e-06
