galfind/configs/Brown_Dwarf_templates/sonora_bobcat/m-0.5/1780g/sp_t2400g1780nc_m-0.5_resample.dat
# %ECSV 1.0
# ---
# datatype:
# - {name: wav, unit: Angstrom, datatype: float64}
# - {name: flux_nu, unit: erg / (cm2 Hz s), datatype: float64}
# meta: {C/O: '1.00', Kzz: '1.0000E+05', Teff: '2400.', Y: '0.28', '[Fe/H]': '-0.50', f_hole: '1.00', f_rain: '0.00', grav: '1780.'}
# schema: astropy-2.0
wav flux_nu
[from data line 501]
29050.056 3.526615582490169e-06
29100.056 2.8484570035702996e-06
29150.056 3.71244365689993e-06
29200.056 3.1980241147501567e-06
29250.056 3.3674669761798158e-06
29300.056 2.9604068157194743e-06
29350.056 3.912463944099838e-06
29400.056 3.3547070426298763e-06
29450.056 3.235071786309951e-06
29500.056 3.372096823859817e-06
29550.056 3.367032967630145e-06
29600.056 3.644117303159793e-06
29650.056 3.300030161050029e-06
29700.056 3.283158434179982e-06
29750.056 3.6996605108405125e-06
29800.056 3.7151056728996837e-06
29850.056 3.4069696280697016e-06
29900.056 3.25473476599081e-06
29950.056 3.901444746499629e-06
30000.056 3.7080316793794307e-06
30050.056 3.494967865700159e-06
30100.056 3.0924959867493854e-06
30150.056 4.246454728600025e-06
30200.056 3.807805819800197e-06
30250.056 3.686906746200331e-06
30300.056 3.5146794721998355e-06
30350.056 3.793259610100524e-06
30400.056 4.255141154100305e-06
30450.056 3.4578532727003983e-06
30500.056 3.3864778217002125e-06
30550.056 4.175827361600203e-06
30600.056 3.962873274400205e-06
30650.056 4.039582742200182e-06
30700.056 3.678939049719805e-06
30750.056 3.768566017599914e-06
30800.056 4.459339031100606e-06
30850.056 3.928965701599927e-06
30900.056 3.6583548361999617e-06
30950.056 3.73264368294002e-06
31000.056 4.354416716300036e-06
31050.056 4.1648115637001016e-06
31100.056 3.972850029000064e-06
31150.056 4.0895749163995275e-06
31200.056 4.0017922224996346e-06
31250.056 4.637348642600541e-06
31300.056 4.049575505499812e-06
31350.056 4.066296194900007e-06
31400.056 4.245032467100473e-06
31450.056 4.238001794200093e-06
31500.056 4.310002286700122e-06
31550.056 4.0418684869999135e-06
31600.056 4.238527098599964e-06
31650.056 4.464634047199707e-06
31700.056 4.319141868899963e-06
31750.056 4.175657505699911e-06
31800.056 4.414627987400172e-06
31850.056 4.745221616800125e-06
31900.056 4.704502086899662e-06
31950.056 4.196897093600077e-06
32000.056 4.197128572000265e-06
32050.056 4.634821165400401e-06
32100.056 4.793420760099586e-06
32150.056 4.770922658499875e-06
32200.056 4.589915428600017e-06
32250.056 4.500101719000035e-06
32300.056 4.686778996100022e-06
32350.056 4.987553340900643e-06
32400.056 4.618856394199878e-06
32450.056 4.608195001000227e-06
32500.056 4.863793911400116e-06
32550.056 5.179317560899945e-06
32600.056 5.060663092699728e-06
32650.056 4.961580836900445e-06
32700.056 4.89696037190024e-06
32750.056 4.911026270099945e-06
32800.056 4.6026746973003825e-06
32850.056 5.202422916399692e-06
32900.056 5.135363981700125e-06
32950.056 4.800502514999795e-06
33000.056 5.053149153200184e-06
33050.056 5.0293960462995955e-06
33100.056 4.9635656865994135e-06
33150.056 5.059968754899966e-06
33200.056 4.896962776200474e-06
33250.056 5.197831265900431e-06
33300.056 5.471853656000178e-06
33350.056 5.185068303599842e-06
33400.056 4.824345064899666e-06
33450.056 4.977488436299415e-06
33500.056 5.316093370799967e-06
33550.056 5.030576457399727e-06
33600.056 5.1699467276003744e-06
33650.056 5.272739755800583e-06
33700.056 5.367401374899624e-06
33750.056 5.330915409400006e-06
33800.056 5.111811960700186e-06
33850.056 5.296460108200237e-06
33900.056 5.745157854999551e-06
33950.056 5.289761527699617e-06
34000.056 5.3096173082995105e-06
34050.056 5.466021168399946e-06
34100.056 5.327161714400548e-06
34150.056 5.333362335999487e-06
34200.056 5.318545184599748e-06
34250.056 5.699249392099697e-06
34300.056 5.400329988499851e-06
34350.056 5.478170882699914e-06
34400.056 5.515438094599839e-06
34450.056 5.051755183000311e-06
34500.056 5.727769699200526e-06
34550.056 5.398804406599945e-06
34600.056 5.429993475999891e-06
34650.056 5.5602520754001645e-06
34700.056 5.611583707499475e-06
34750.056 5.773070070900209e-06
34800.056 5.5844659215998365e-06
34850.056 5.391711281899838e-06
34900.056 5.5337114966999815e-06
34950.056 5.563211780399648e-06
35000.056 5.382319311799804e-06
35050.056 6.037638287500419e-06
35100.056 5.650383101999754e-06
35150.056 5.723599787199799e-06
35200.056 5.624083146899994e-06
35250.056 5.515687685700392e-06
35300.056 5.742354516500262e-06
35350.056 5.822077936399977e-06
35400.056 5.534223698299683e-06
35450.056 5.625778516700133e-06
35500.056 5.884522766300034e-06
35550.056 5.765060703199823e-06
35600.056 5.545423459499455e-06
35650.056 5.959205663600347e-06
35700.056 5.6607961938001574e-06
35750.056 5.6585376657996735e-06
35800.056 5.921485084599812e-06
35850.056 5.820173275900133e-06
35900.056 6.066135528799855e-06
35950.056 5.797290972099721e-06
36000.056 5.647222784799688e-06
36050.056 6.008936658300189e-06
36100.056 6.135538052499735e-06
36150.056 5.554084172800379e-06
36200.056 5.976535001199771e-06
36250.056 5.797423732199704e-06
36300.056 6.164821597300218e-06
36350.056 5.843215990199575e-06
36400.056 5.935269152500029e-06
36450.056 6.239671772499799e-06
36500.056 5.884046355200145e-06
36550.056 5.907036543000411e-06
36600.056 5.7857202121001426e-06
36650.056 5.991737099900195e-06
36700.056 6.236198385699927e-06
36750.056 5.739359529800234e-06
36800.056 5.983626398699942e-06
36850.056 6.138420409100076e-06
36900.056 6.034051611900257e-06
36950.056 6.001861732999968e-06
37000.056 6.085023928999915e-06
37050.056 6.195510823299832e-06
37100.056 6.033333028300281e-06
37150.056 6.078039693299522e-06
37200.056 6.0966649497999475e-06
37250.056 6.166274634299969e-06
37300.056 6.220053413900372e-06
37350.056 5.94489193450034e-06
37400.056 6.113151683699974e-06
37450.056 5.9944877104001075e-06
37500.056 6.260843339099858e-06
37550.056 6.108150671699569e-06
37600.056 6.269007562499822e-06
37650.056 6.051731323399903e-06
37700.056 6.215670967199966e-06
37750.056 6.1809528579998125e-06
37800.056 6.24164731729989e-06
37850.056 6.2121014919999705e-06
37900.056 6.204901716600202e-06
37950.056 6.214396126000131e-06
38000.056 6.2444047019001714e-06
38050.056 6.191223977800176e-06
38100.056 6.0688019052001326e-06
38150.056 6.283165603099908e-06
38200.056 6.2740666827998564e-06
38250.056 6.062088566400251e-06
38300.056 6.027901046500001e-06
38350.056 6.1433294935999884e-06
38400.056 6.214007238299927e-06
38450.056 6.276079978100106e-06
38500.056 6.114276438999928e-06
38550.056 6.171838834800194e-06
38600.056 6.415901336599952e-06
38650.056 6.059691810100013e-06
38700.056 6.052997497500355e-06
38750.056 6.228216859899972e-06
38800.056 6.143426501700358e-06
38850.056 6.193527044899989e-06
38900.056 5.999188278799932e-06
38950.056 6.185643938300014e-06
39000.056 6.131992496900047e-06
39050.056 6.167651765099966e-06
39100.056 5.967001280900062e-06
39150.056 6.067086036600085e-06
39200.056 6.123838904200051e-06
39250.056 6.0989786863997576e-06
39300.056 6.103494551099741e-06
39350.056 6.048395851100225e-06
39400.056 6.0412572776000585e-06
39450.056 6.073718372699974e-06
39500.056 5.948002037999932e-06
39550.056 5.886461928599564e-06
39600.056 6.1321321831999875e-06
39650.056 5.837020333200106e-06
39700.056 5.900661351299994e-06
39750.056 5.976181832299784e-06
39800.056 5.707737807900183e-06
39850.056 5.909656523599895e-06
39900.056 5.739268544599826e-06
39950.056 5.894268350299892e-06
40000.056 5.6280539717998375e-06
40050.056 5.535821244599981e-06
40100.056 5.7172646203999235e-06
40150.056 5.503750554699526e-06
40200.056 5.651893326799929e-06
40250.056 5.443826499799213e-06
40300.056 5.443740453100308e-06
40350.056 5.491854057700002e-06
40400.056 5.4785669511000765e-06
40450.056 5.278882559600182e-06
40500.056 5.101442953400147e-06
40550.056 5.528478535999744e-06
40600.056 5.019415268400196e-06
40650.056 5.34533226070025e-06
40700.056 5.480248145000012e-06
40750.056 5.047912185499217e-06
40800.056 5.034491102700006e-06
40850.056 4.7882898456006445e-06
40900.056 4.852935972600271e-06
40950.056 4.9848007363999506e-06
41000.056 5.079137733000007e-06
41050.056 5.0657856513994595e-06
41100.056 4.79975556159995e-06
41150.056 5.085337131000045e-06
41200.056 4.8898259511000795e-06
41250.056 4.950708027200125e-06
41300.056 4.514908597499739e-06
41350.056 4.933225853500072e-06
41400.056 4.723741576500158e-06
41450.056 4.764257912000143e-06
41500.056 4.893430191900171e-06
41550.056 4.771936680300088e-06
41600.056 4.741261730100089e-06
41650.056 4.609097664600222e-06
41700.056 4.4966705713998255e-06
41750.056 4.7370638488999014e-06
41800.056 4.782598710899926e-06
41850.056 4.279655735100289e-06
41900.056 4.7326138346997545e-06
41950.056 4.728060256400125e-06
42000.056 4.705174302700264e-06
42050.056 4.427153070799547e-06
42100.056 4.73955280550015e-06
42150.056 4.216494486299879e-06
42200.056 4.283998401700081e-06
42250.056 4.793266937500062e-06
42300.056 4.504973718400058e-06
42350.056 4.742904551200438e-06
42400.056 4.436857731000052e-06
42450.056 4.151009097100147e-06
42500.056 4.183498717500079e-06
42550.056 4.2899302623000064e-06
42600.056 4.314739534100175e-06
42650.056 4.474944049799614e-06
42700.056 4.424965093700066e-06
42750.056 4.163325901100033e-06
42800.056 4.414887802000092e-06
42850.056 4.499542180399726e-06
42900.056 4.5232412018002335e-06
42950.056 3.923016027299195e-06
43000.056 4.190887724500038e-06
43050.056 3.8019473740008852e-06
43100.056 3.972833282999869e-06
43150.056 3.9708628274004555e-06
43200.056 3.742768310399853e-06
43250.056 3.930952377600637e-06
43300.056 3.8761818367001515e-06
43350.056 3.596687875499567e-06
43400.056 3.60008157129995e-06
43450.056 3.5733433964001795e-06
43500.056 3.5130354859995954e-06
43550.056 3.4323002104998996e-06
43600.056 3.617864809800223e-06
43650.056 3.231456000499989e-06
43700.056 3.368729370500108e-06
43750.056 3.3700799017000392e-06
43800.056 3.1274576305998805e-06
43850.056 3.170983675700324e-06
43900.056 3.2440597259999646e-06
43950.056 3.0721161182999284e-06
44000.056 2.882991446499974e-06
44050.056 2.839806806300035e-06
44100.056 2.968030265000361e-06
44150.056 3.0918530032999834e-06
44200.056 2.808393456880166e-06
44250.056 2.879646165499896e-06
44300.056 2.767119518100266e-06
44350.056 2.606245258900208e-06
44400.056 2.762517398199933e-06
44450.056 2.8408737306001245e-06
44500.056 2.708350664300233e-06
44550.056 2.5347055654996133e-06
44600.056 2.5266161475002855e-06
44650.056 2.7374159945998726e-06
44700.056 2.5973013549001213e-06
44750.056 2.629475071019759e-06
44800.056 2.5864404170000024e-06
44850.056 2.591562125700248e-06
44900.056 2.494824954300146e-06
44950.056 2.363116053160138e-06
45000.056 2.543582882600012e-06
45050.056 2.4944602457997966e-06
45100.056 2.6144074407000852e-06
45150.056 2.410906220500012e-06
45200.056 2.238318089699919e-06
45250.056 2.346545579419831e-06
45300.056 2.5699897536000605e-06
45350.056 2.5529711703297925e-06
45400.056 2.4038937778602345e-06
45450.056 2.304771713309753e-06
45500.056 2.388706854599794e-06
45550.056 2.556335972200023e-06
45600.056 2.3868067092999473e-06
45650.056 2.245538738699706e-06
45700.056 2.4505994081001636e-06
45750.056 2.2978953549800387e-06
45800.056 2.2560708227198888e-06
45850.056 2.642041536899987e-06
45900.056 2.501316175719955e-06
45950.056 2.287724074839973e-06
46000.056 2.6490116255499633e-06
46050.056 2.7327204013005805e-06
46100.056 2.252225634880137e-06
46150.056 2.364149760799822e-06
46200.056 2.504932347950502e-06
46250.056 2.181592165739999e-06
46300.056 2.7013510088800527e-06
46350.056 2.3986965683098364e-06
46400.056 2.4482282998597935e-06
46450.056 2.4529866776002515e-06
46500.056 2.3300243945198443e-06
46550.056 2.658718028100025e-06
46600.056 2.537071916900081e-06
46650.056 2.9293047654798254e-06
46700.056 2.9197484917508668e-06
46750.056 2.4161561306901046e-06
46800.056 2.5574046090002935e-06
46850.056 2.6660857181702022e-06
46900.056 2.522587030639688e-06
46950.056 2.919218513140066e-06
47000.056 2.495867298550054e-06
47050.056 2.777358967899858e-06
47100.056 2.3177788846000573e-06
47150.056 2.644030552900116e-06
47200.056 2.6390593201405474e-06
47250.056 2.5279987239997275e-06
47300.056 2.7344989887896286e-06
47350.056 2.2673988642398486e-06
47400.056 2.653598021399739e-06
47450.056 2.5609231953399807e-06
47500.056 2.6122992933997333e-06
47550.056 2.481535989989866e-06
47600.056 2.7136051111998207e-06
47650.056 2.1827182797896784e-06
47700.056 2.749094239279899e-06
47750.056 2.0934110875204266e-06
47800.056 2.689161324699906e-06
47850.056 2.0975003160298026e-06
47900.056 2.7305454563999902e-06
47950.056 2.1912395817203445e-06
48000.056 2.917724018999987e-06
48050.056 2.2911835107602403e-06
48100.056 2.5696281469999264e-06
48150.056 2.2615190699002117e-06
48200.056 2.716623295600213e-06
48250.056 2.3008807647801114e-06
48300.056 2.865124438799843e-06
48350.056 2.0900347876795982e-06
48400.056 2.604625909799952e-06
48450.056 2.18945179701005e-06
48500.056 2.8946606028000057e-06
48550.056 2.0480433964399523e-06
48600.056 2.8301191421998193e-06
48650.056 2.100939737979985e-06
48700.056 2.7671008288000897e-06
48750.056 1.9178909117401294e-06
48800.056 2.7932069323001473e-06
48850.056 2.043057864779684e-06
48900.056 2.762329359900222e-06
48950.056 2.3388675070999797e-06
49000.056 2.4146623317400135e-06
49050.056 2.5693855155998975e-06
49100.056 2.3510690512200705e-06
49150.056 2.398814316199903e-06
49200.056 2.322871963829866e-06
49250.056 2.3769875567500392e-06
49300.056 2.170509990499735e-06
49350.056 2.3508388838998972e-06
49400.056 2.6264426910000766e-06
49450.056 2.2829437216004035e-06
49500.056 2.34072628240016e-06
49550.056 2.153695728899796e-06
49600.056 2.265410108400263e-06
49650.056 2.3729751911999975e-06
49700.056 2.0745863759998638e-06
49750.056 2.9853077065998135e-06
49800.056 2.2382587045000217e-06
49850.056 2.7551067751401363e-06
49900.056 2.287635107400002e-06
49950.056 2.3376626584998082e-06
50000.056 2.3398578712995147e-06
50050.056 2.3120316651001303e-06
50100.056 2.5444619927998885e-06
50150.056 2.196861524600029e-06
50200.056 2.1196206630001403e-06
50250.056 2.320908777140123e-06
50300.056 2.141476484379893e-06
50350.056 2.5948913431899518e-06
50400.056 2.243919777999839e-06
50450.056 2.2291861590002504e-06
50500.056 2.7540748148002017e-06
50550.056 2.2650409271999517e-06
50600.056 2.425885067400012e-06
50650.056 2.2874662238003022e-06
50700.056 2.587607509499826e-06
50750.056 2.694348840200165e-06
50800.056 1.9856836383397894e-06
50850.056 2.3880828558001304e-06
50900.056 2.4461340333998795e-06
50950.056 2.4061647876004064e-06
51000.056 2.78652917960022e-06
51050.056 2.2875121765201373e-06
51100.056 2.259514526899899e-06
51150.056 2.529166970480005e-06
51200.056 2.2588519127600335e-06
51250.056 2.5474566683000713e-06
51300.056 2.136971517710409e-06
51350.056 2.473196529999974e-06
51400.056 2.424617750999665e-06
51450.056 1.8501584026597355e-06
51500.056 2.4350699603001225e-06
51550.056 2.850295941300124e-06
51600.056 1.966349197309995e-06
51650.056 2.4503614528997694e-06
51700.056 2.2771707396794414e-06
51750.056 2.1788578058000283e-06
51800.056 2.5895217975996605e-06
51850.056 2.4051220654997295e-06
51900.056 2.6128526625001992e-06
51950.056 2.4185149718998416e-06
52000.056 2.0809089455599853e-06
52050.056 2.465661020979879e-06
52100.056 2.3475383242998336e-06
52150.056 2.3454405185000987e-06
52200.056 2.274516283460096e-06
52250.056 2.2904530228999407e-06
52300.056 2.4704716856999626e-06
52350.056 2.586203103220161e-06
52400.056 2.0276325587501608e-06
52450.056 2.2563386037000823e-06
52500.056 2.5472096751996423e-06
52550.056 2.346015925399676e-06
52600.056 2.4464705780000356e-06
52650.056 2.6571026196002514e-06
52700.056 2.239377369700109e-06
52750.056 2.091320123799897e-06
52800.056 2.1974938332001167e-06
52850.056 2.130841951499957e-06
52900.056 2.44112636506002e-06
52950.056 2.2277463948998508e-06
53000.056 2.514748615839915e-06
53050.056 2.3623842031796426e-06
53100.056 2.2267058042998332e-06
53150.056 2.62713279140026e-06
53200.056 1.9376159678901942e-06
53250.056 2.474775920000022e-06
53300.056 2.51700887970045e-06
53350.056 2.5197737953997347e-06
53400.056 2.3263667369001257e-06
53450.056 2.262354344100057e-06
53500.056 1.932944728109804e-06
53550.056 2.4111674274000117e-06
53600.056 2.4924961014002565e-06
53650.056 2.07030978792017e-06
53700.056 2.1714084259802836e-06
