galfind/configs/Brown_Dwarf_templates/sonora_bobcat/m-0.5/1780g/sp_t650g1780nc_m-0.5_resample.dat
# %ECSV 1.0
# ---
# datatype:
# - {name: wav, unit: Angstrom, datatype: float64}
# - {name: flux_nu, unit: erg / (cm2 Hz s), datatype: float64}
# meta: {C/O: '1.00', Kzz: '1.0000E+05', Teff: '650.', Y: '0.28', '[Fe/H]': '-0.50', f_hole: '1.00', f_rain: '0.00', grav: '1780.'}
# schema: astropy-2.0
wav flux_nu
4000.0559999999996 nan
4050.0559999999996 4.4371278165411713e-16
4100.056 1.5798787166560352e-13
4150.056 1.7373332386100207e-12
4200.056 1.928485660505017e-12
4250.056 1.161058429790006e-11
4300.056 2.2683388017000026e-11
4350.056 3.2828575908000116e-11
4400.056 4.649877370100019e-11
4450.056 6.577162710800033e-11
4500.056 7.728536317799984e-11
4550.056 8.560182509699982e-11
4600.056 5.7767418225999954e-11
4650.056 3.994248729799968e-11
4700.056 2.139266970399977e-11
4750.056 4.736266853699921e-12
4800.056 5.974993959499891e-13
4850.056 9.900683825499856e-14
4900.056 3.277842653199971e-14
4950.056 1.452415609069988e-14
5000.056 6.308404810599949e-15
5050.056 3.606843000899994e-15
5100.056 3.442257886100002e-15
5150.056 3.497781427700002e-15
5200.056 3.6251104424e-15
5250.056 3.828540232700002e-15
5300.056 4.083627174200001e-15
5350.056 4.415575152000005e-15
5400.056 4.852804836300006e-15
5450.056 5.288985123700002e-15
5500.056 5.719681676600005e-15
5550.056 6.124069262800007e-15
5600.056 6.5082281370000046e-15
5650.056 6.835289326300002e-15
5700.056 7.034143756400001e-15
5750.056 6.782570263399992e-15
5800.056 5.9274559505999826e-15
5850.056 4.055527874599956e-15
5900.056 1.3548599314210401e-15
5950.056 8.34645927500011e-15
6000.056 1.813630004800016e-14
6050.056 3.176526695800023e-14
6100.056 5.0612102203000314e-14
6150.056 7.698097314600043e-14
6200.056 1.1386410270200054e-13
6250.056 1.6532148030000086e-13
6300.056 2.353622312400012e-13
6350.056 3.326157918000017e-13
6400.056 4.689134241900024e-13
6450.056 6.497845307900024e-13
6500.056 9.09545488080006e-13
6550.056 1.2772119412000034e-12
6600.056 1.794364461500013e-12
6650.056 2.5271399451000143e-12
6700.056 3.345080748000018e-12
6750.056 4.766422530100021e-12
6800.056 6.07249647430002e-12
6850.056 6.7018738744999994e-12
6900.056 6.07451069769999e-12
6950.056 5.2022036330999976e-12
7000.056 5.14994052239999e-12
7050.056 5.4775856472000015e-12
7100.056 5.990022640300002e-12
7150.056 5.986568435799964e-12
7200.056 5.873954149200025e-12
7250.056 5.957626646899908e-12
7300.056 5.822605209300077e-12
7350.056 5.9542608785e-12
7400.056 6.07735154720002e-12
7450.056 6.212229103600026e-12
7500.056 6.2004468703e-12
7550.056 5.9809492326999935e-12
7600.056 5.521755662299983e-12
7650.056 2.1389500627559243e-12
7700.056 1.7070544602940572e-12
7750.056 5.46812655640007e-12
7800.056 8.219982373800076e-12
7850.056 1.2786057990000051e-11
7900.056 1.6900759953000076e-11
7950.056 1.9017011336400128e-11
8000.056 2.8316322812000163e-11
8050.056 3.62697621930002e-11
8100.056 4.2942093297999915e-11
8150.056 5.117960684000064e-11
8200.056 7.120817483000103e-11
8250.056 8.856323710000071e-11
8300.056 1.1385372916800196e-10
8350.056 1.4493985832300116e-10
8400.056 1.8554630183000156e-10
8450.056 2.404804968300019e-10
8500.056 2.8314037588999695e-10
8550.056 3.742148381300096e-10
8600.056 4.919155379600046e-10
8650.056 6.176895882400056e-10
8700.056 7.667778417600072e-10
8750.056 9.511570790400086e-10
8800.056 1.1650915620000093e-09
8850.056 1.3848026293000064e-09
8900.056 1.4270990774999953e-09
8950.056 1.372523838990007e-09
9000.056 1.880367071850009e-09
9050.056 2.7486314288000395e-09
9100.056 3.2615968539000638e-09
9150.056 3.806293157700028e-09
9200.056 4.623274270500044e-09
9250.056 4.894389999399891e-09
9300.056 1.8128205350799592e-09
9350.056 2.723568271040959e-09
9400.056 5.634801095200009e-09
9450.056 4.99928096364716e-09
9500.056 5.151922633981703e-09
9550.056 5.816134717216595e-09
9600.056 6.622190924179949e-09
9650.056 8.48986368411035e-09
9700.056 1.2119202339699748e-08
9750.056 1.3719117298100588e-08
9800.056 1.625503601379988e-08
9850.056 1.9437590750999895e-08
9900.056 2.3414625149000346e-08
9950.056 2.613264541300018e-08
10000.056 1.9581415731688985e-08
10050.056 2.4697468776999892e-08
10100.056 2.5273364232000062e-08
10150.056 2.531150343199998e-08
10200.056 2.4998910108000197e-08
10250.056 2.6952177732000125e-08
10300.056 2.9107649225999675e-08
10350.056 2.7687237132000246e-08
10400.056 2.932320687000002e-08
10450.056 3.022100926199966e-08
10500.056 3.071242505899992e-08
10550.056 3.124405548900001e-08
10600.056 3.1133022845999996e-08
10650.056 3.071304409099997e-08
10700.056 2.985790655399997e-08
10750.056 2.9334753697999957e-08
10800.056 2.870060144100002e-08
10850.056 2.787659137299998e-08
10900.056 2.586215567499979e-08
10950.056 2.0962912445999887e-08
11000.056 1.643213460609936e-08
11050.056 1.1320937472699967e-08
11100.056 6.912191330591802e-09
11150.056 4.303972294969327e-09
11200.056 4.639591230458638e-09
11250.056 6.779815625694185e-09
11300.056 7.873688902494462e-09
11350.056 3.803227169621797e-09
11400.056 1.0420172904362751e-08
11450.056 7.1907284281933965e-09
11500.056 7.58381101722653e-09
11550.056 4.560750650223303e-09
11600.056 4.183349999660505e-09
11650.056 6.976143295600391e-09
11700.056 7.958115615199609e-09
11750.056 5.560633964110084e-09
11800.056 1.1380251465699916e-08
11850.056 1.432479891440005e-08
11900.056 1.6376740503899925e-08
11950.056 1.8787199793600265e-08
12000.056 2.134629115000016e-08
12050.056 2.4227474916000204e-08
12100.056 2.6406158725999942e-08
12150.056 2.9558949592999885e-08
12200.056 3.177492002500012e-08
12250.056 3.502198728499978e-08
12300.056 3.943231858300038e-08
12350.056 4.212405058400015e-08
12400.056 4.693017009200006e-08
12450.056 5.186043034900024e-08
12500.056 5.605646524800042e-08
12550.056 6.068680542800023e-08
12600.056 6.583350322100031e-08
12650.056 7.03231897210002e-08
12700.056 7.307962459900002e-08
12750.056 7.097286086500014e-08
12800.056 6.794215347599985e-08
12850.056 6.160811482299961e-08
12900.056 5.848501432099984e-08
12950.056 5.63123392530006e-08
13000.056 5.761606059900107e-08
13050.056 5.217386897299991e-08
13100.056 5.410621832899753e-08
13150.056 4.5904822275201953e-08
13200.056 4.594662401799883e-08
13250.056 3.694208906759923e-08
13300.056 2.080963475288797e-08
13350.056 7.959949199275722e-09
13400.056 1.6565554294956628e-09
13450.056 6.972497741568251e-10
13500.056 3.201598731908218e-10
13550.056 1.4440072894044267e-10
13600.056 8.385388804192439e-11
13650.056 3.661124756453734e-10
13700.056 2.4116150724573726e-10
13750.056 6.760232830884554e-10
13800.056 8.067473518626924e-10
13850.056 2.9896482729882887e-10
13900.056 3.4589308990364534e-10
13950.056 3.5439343588500597e-10
14000.056 4.863318731453446e-10
14050.056 6.306390074586905e-10
14100.056 4.724541941285412e-10
14150.056 7.877896265640977e-10
14200.056 5.608102070376059e-10
14250.056 6.683232668115043e-10
14300.056 1.7181562492709656e-09
14350.056 1.5387187049797713e-09
14400.056 1.5226678726559284e-09
14450.056 2.5462336591430003e-09
14500.056 4.545916097515342e-09
14550.056 4.61836421727163e-09
14600.056 7.93751824183986e-09
14650.056 5.54358512507512e-09
14700.056 3.253170060737108e-09
14750.056 3.4796860687651956e-09
14800.056 3.938893161776121e-09
14850.056 4.426701324665309e-09
14900.056 4.506351668371783e-09
14950.056 5.256528803664152e-09
15000.056 8.070860926585264e-09
15050.056 8.836267442369698e-09
15100.056 6.9995356101196315e-09
15150.056 5.54024857243688e-09
15200.056 8.635567593019203e-09
15250.056 1.1871074062130775e-08
15300.056 1.365036416220986e-08
15350.056 1.558965556400029e-08
15400.056 1.821541993770123e-08
15450.056 2.0062705356700828e-08
15500.056 2.2943075647998892e-08
15550.056 2.627572238800089e-08
15600.056 3.05850924809995e-08
15650.056 3.529376738000087e-08
15700.056 3.9946258287000076e-08
15750.056 4.196452690700023e-08
15800.056 4.396377393299989e-08
15850.056 4.553454360800032e-08
15900.056 4.5436093959999975e-08
15950.056 4.4797962915999855e-08
16000.056 4.179527771699985e-08
16050.056 3.6200926262999585e-08
16100.056 3.002500490999979e-08
16150.056 2.31166885604989e-08
16200.056 1.6212329177300492e-08
16250.056 1.3404652960289952e-08
16300.056 1.1052953670869394e-08
16350.056 1.1610142741090018e-08
16400.056 1.2435192321060035e-08
16450.056 1.310283592372568e-08
16500.056 1.371777521951175e-08
16550.056 1.3647858499111524e-08
16600.056 1.6087571352960386e-08
16650.056 9.595498814947762e-09
16700.056 5.2887689448105155e-09
16750.056 9.800156614640287e-09
16800.056 1.1879542952069993e-08
16850.056 1.1357013263059002e-08
16900.056 9.689895618657617e-09
16950.056 8.107228894579743e-09
17000.056 6.7213677838407216e-09
17050.056 8.715084166100315e-09
17100.056 9.970706905300062e-09
17150.056 8.667312912000154e-09
17200.056 1.1988855012199818e-08
17250.056 9.577500522798983e-09
17300.056 8.561712441599995e-09
17350.056 8.345064408599607e-09
17400.056 8.922429598799996e-09
17450.056 9.190050034099661e-09
17500.056 9.627210801400988e-09
17550.056 8.055435658599456e-09
17600.056 7.435263731300354e-09
17650.056 6.494883125590212e-09
17700.056 5.477132875269885e-09
17750.056 4.359077635315188e-09
17800.056 5.082377503781323e-09
17850.056 3.332893417448102e-09
17900.056 3.342294614919258e-09
17950.056 2.241753670286425e-09
18000.056 2.7911260841442638e-09
18050.056 1.7095807784259797e-09
18100.056 1.9655051466827173e-09
18150.056 1.8432058215009443e-09
18200.056 1.2761193965061907e-09
18250.056 2.959736864385428e-09
18300.056 1.199959110820909e-09
18350.056 1.1366029732762302e-09
18400.056 8.660977725496282e-10
18450.056 2.0466824598673872e-09
18500.056 1.8151485445053734e-09
18550.056 1.1808938984666067e-09
18600.056 1.2998572231383416e-09
18650.056 9.947323377855749e-10
18700.056 4.861212082774556e-10
18750.056 9.583821793221912e-10
18800.056 2.7821420685328756e-09
18850.056 2.5966241545772864e-09
18900.056 2.2866551738967894e-09
18950.056 3.33002345437766e-09
19000.056 1.6054967650678088e-09
19050.056 9.76906683964159e-10
19100.056 1.7984821085916345e-09
19150.056 1.0355540036041157e-09
19200.056 1.4034929135502458e-09
19250.056 1.0564814264311675e-09
19300.056 8.698367880107821e-10
19350.056 8.513245254090589e-10
19400.056 6.20458301962503e-10
19450.056 9.280663232326132e-10
19500.056 9.997511522595116e-10
19550.056 9.670773158025063e-10
19600.056 1.3756941563582463e-09
19650.056 1.4454855861144452e-09
19700.056 1.6084910878622718e-09
19750.056 1.9924334321960707e-09
19800.056 1.6398794572939136e-09
19850.056 2.132640590776213e-09
19900.056 2.2605519288348033e-09
19950.056 2.6084436125119216e-09
20000.056 2.7146602377295717e-09
20050.056 2.7205481356042705e-09
20100.056 3.3687323841762063e-09
20150.056 2.6844623977799663e-09
20200.056 2.4554804848188465e-09
20250.056 3.1798883477792576e-09
20300.056 3.279034443970065e-09
20350.056 3.3331521507697553e-09
20400.056 3.4371310483599883e-09
20450.056 4.126181643100327e-09
20500.056 4.315843798099827e-09
20550.056 4.429120546100065e-09
20600.056 4.549131006800128e-09
20650.056 4.748010250499945e-09
20700.056 4.842558100000023e-09
20750.056 4.871968834299963e-09
20800.056 4.8229196926998544e-09
20850.056 4.917183535300021e-09
20900.056 4.909450108799974e-09
20950.056 4.845616544900022e-09
21000.056 4.792796093199998e-09
21050.056 4.80912737489998e-09
21100.056 4.761090834100007e-09
21150.056 4.74944946299995e-09
21200.056 4.705033206400025e-09
21250.056 4.657079249299902e-09
21300.056 4.557801790599991e-09
21350.056 4.484062714999974e-09
21400.056 4.544615223700173e-09
21450.056 4.319561846100081e-09
21500.056 4.200082291410048e-09
21550.056 4.100688915999963e-09
21600.056 3.926148433500048e-09
21650.056 3.660803157109998e-09
21700.056 3.723652829299834e-09
21750.056 3.404001226830138e-09
21800.056 2.9839624373899675e-09
21850.056 2.798922118710051e-09
21900.056 2.4474121461801533e-09
21950.056 1.8430130471419342e-09
22000.056 7.776918775538921e-10
22050.056 9.487617922976094e-10
22100.056 1.6920491594502247e-09
22150.056 1.4671258828713938e-09
22200.056 1.52054412952054e-09
22250.056 1.426222259790631e-09
22300.056 1.015618590452371e-09
22350.056 1.211071809276068e-09
22400.056 7.74797669344203e-10
22450.056 8.637723914397567e-10
22500.056 7.963507638531036e-10
22550.056 6.156324676835952e-10
22600.056 5.747732040055312e-10
22650.056 6.913912839055615e-10
22700.056 6.658573506718739e-10
22750.056 7.380586730600464e-10
22800.056 8.512665207410016e-10
22850.056 6.679755625069342e-10
22900.056 6.390006424254434e-10
22950.056 5.768016977899737e-10
23000.056 6.543366810316747e-10
23050.056 7.666987850814542e-10
23100.056 1.6342782757884536e-09
23150.056 1.231426746348203e-09
23200.056 2.916169094785268e-10
23250.056 7.040163241408047e-10
23300.056 6.062023619437302e-10
23350.056 6.546679487362659e-10
23400.056 5.315870439047275e-10
23450.056 4.866343867862597e-10
23500.056 5.085430473473265e-10
23550.056 7.833764862680658e-10
23600.056 1.0513862988606186e-09
23650.056 1.2763915672896614e-09
23700.056 4.2443922229178425e-10
23750.056 5.315094876403207e-10
23800.056 1.2162837826661716e-09
23850.056 9.360800923224882e-10
23900.056 1.4594980909164582e-09
23950.056 1.093405090886191e-09
24000.056 1.6818568645571362e-09
24050.056 1.6436815535502984e-09
24100.056 1.7099402391197932e-09
24150.056 2.1121195208601023e-09
24200.056 1.9009113685772455e-09
24250.056 1.8630806291130596e-09
24300.056 2.5191138721422006e-09
24350.056 2.154787193253516e-09
24400.056 3.0904818987700313e-09
24450.056 3.064838729594409e-09
24500.056 2.9026178215670613e-09
24550.056 3.742094164690243e-09
24600.056 3.852928773069847e-09
24650.056 4.466990289012258e-09
24700.056 3.5944575589883245e-09
24750.056 3.8505092278007115e-09
24800.056 3.7180704957650837e-09
24850.056 5.014469638759614e-09
24900.056 2.583975874720331e-09
24950.056 4.425137337335236e-09
25000.056 4.185729207655062e-09
25050.056 2.4998441498267987e-09
25100.056 4.016460241374996e-09
25150.056 2.3282773654860272e-09
25200.056 3.1873325708375453e-09
25250.056 1.4975592393374507e-09
25300.056 2.279726592632129e-09
25350.056 1.0938256212047839e-09
25400.056 2.5278372032038704e-09
25450.056 1.0759118670424074e-09
25500.056 1.0313554238587147e-09
25550.056 2.0239553395560663e-09
25600.056 1.4245719939835421e-09
25650.056 6.248723835523592e-10
25700.056 1.0545729316328328e-09
25750.056 3.4527106603068423e-10
25800.056 1.5099218184131015e-09
25850.056 4.3685625785595345e-10
25900.056 7.259802034036356e-10
25950.056 2.0814308362854823e-10
26000.056 1.5737695572535088e-09
26050.056 3.3773364455272306e-10
26100.056 1.3763878375191986e-09
26150.056 7.261234956865463e-10
26200.056 8.28917648693192e-10
26250.056 3.3443453279468757e-09
26300.056 1.123131279166406e-09
26350.056 4.675690066695282e-09
26400.056 4.46229266277709e-09
26450.056 3.521705690282785e-09
26500.056 5.814504212007607e-09
26550.056 1.4369149741673719e-09
26600.056 1.6784582604363375e-09
26650.056 4.1474462691045793e-10
26700.056 2.938326714481531e-10
26750.056 2.6435226751017586e-10
26800.056 6.419811618237218e-10
26850.056 3.4408984768343267e-10
26900.056 1.3567243681353464e-09
26950.056 5.873799750498776e-10
27000.056 2.3398411444796046e-09
27050.056 2.4513063941612286e-09
27100.056 6.379796097728045e-10
27150.056 3.46051561644053e-09
27200.056 6.149937177566804e-10
27250.056 1.4439981937546898e-09
27300.056 6.731445411513181e-09
27350.056 2.7944334879334053e-09
27400.056 2.927005636925145e-10
27450.056 3.385271842393304e-09
27500.056 4.2683695106752704e-09
27550.056 8.405478880019321e-10
27600.056 2.1323465949237883e-09
27650.056 6.810339205393178e-10
27700.056 5.651355266136195e-10
27750.056 2.7697804605387703e-09
27800.056 1.0409091132796225e-09
27850.056 1.417284863618892e-09
27900.056 1.7222911325067118e-09
27950.056 3.5830095333024162e-09
28000.056 2.6962760649546336e-09
28050.056 5.580741524998544e-10
28100.056 3.4612350805570755e-09
28150.056 2.2283502381929283e-09
28200.056 8.349526724718004e-10
28250.056 4.318264860880947e-09
28300.056 4.4724435976982585e-09
28350.056 1.0200029997186307e-09
28400.056 3.19618075541772e-09
28450.056 5.138930355753145e-09
28500.056 3.205036987073268e-09
28550.056 8.780678139451209e-10
28600.056 5.22754337258264e-09
28650.056 3.396670729408524e-09
28700.056 3.995347933388499e-09
28750.056 7.462582412008523e-09
28800.056 4.268891016957614e-09
28850.056 6.409747994437854e-09
28900.056 3.2844852685303014e-09
