galfind/configs/Brown_Dwarf_templates/sonora_bobcat/m-0.5/1780g/sp_t1400g1780nc_m-0.5_resample.dat
# %ECSV 1.0
# ---
# datatype:
# - {name: wav, unit: Angstrom, datatype: float64}
# - {name: flux_nu, unit: erg / (cm2 Hz s), datatype: float64}
# meta: {C/O: '1.00', Kzz: '1.0000E+05', Teff: '1400.', Y: '0.28', '[Fe/H]': '-0.50', f_hole: '1.00', f_rain: '0.00', grav: '1780.'}
# schema: astropy-2.0
wav flux_nu
4000.0559999999996 nan
4050.0559999999996 6.46883190527724e-11
4100.056 6.29887664096965e-10
4150.056 8.283638061780271e-10
4200.056 6.97627178553729e-10
4250.056 7.552391314270546e-10
4300.056 7.088805681900537e-10
4350.056 6.835935877900212e-10
4400.056 7.872220503200255e-10
4450.056 7.02186495820016e-10
4500.056 7.014195219600352e-10
4550.056 8.842333478999369e-10
4600.056 8.534856407199885e-10
4650.056 8.055866207599685e-10
4700.056 9.615103555000015e-10
4750.056 8.037341760099921e-10
4800.056 3.501139918600055e-10
4850.056 2.3371965982999953e-10
4900.056 1.594957446699984e-10
4950.056 7.60861959339994e-11
5000.056 2.572498857999978e-11
5050.056 9.263599195499938e-12
5100.056 7.30550715489996e-12
5150.056 6.250865688899954e-12
5200.056 5.203847202800006e-12
5250.056 4.047777161799988e-12
5300.056 3.125670738399991e-12
5350.056 2.4191883430999923e-12
5400.056 1.878094690499994e-12
5450.056 1.4401342796999945e-12
5500.056 1.0838371377799961e-12
5550.056 8.02672554449997e-13
5600.056 5.835043638999973e-13
5650.056 4.1356925252999834e-13
5700.056 2.8762985757999876e-13
5750.056 1.933144102599989e-13
5800.056 1.2497020331299925e-13
5850.056 6.885281633499915e-14
5900.056 1.8866563933192764e-14
5950.056 1.45756923649002e-13
6000.056 4.172354399500062e-13
6050.056 1.0990943256200137e-12
6100.056 2.7081487471000312e-12
6150.056 6.234669317600068e-12
6200.056 1.3190319389000122e-11
6250.056 2.5799378983000247e-11
6300.056 4.737531576200042e-11
6350.056 8.246221312400065e-11
6400.056 1.3668673481000099e-10
6450.056 2.1738001257000148e-10
6500.056 3.341494774200022e-10
6550.056 5.008551857600031e-10
6600.056 7.340433445400044e-10
6650.056 1.0395977623300031e-09
6700.056 8.771239930697011e-10
6750.056 1.856818514000015e-09
6800.056 2.511339369700004e-09
6850.056 2.8062114630999994e-09
6900.056 2.656366224199994e-09
6950.056 2.362272874899995e-09
7000.056 2.3054723235000025e-09
7050.056 2.5164180495000017e-09
7100.056 2.7925541615000033e-09
7150.056 2.9862280681999965e-09
7200.056 3.000704920000008e-09
7250.056 2.806286998299982e-09
7300.056 2.4860522986999955e-09
7350.056 2.1254061664999917e-09
7400.056 1.7784508692999959e-09
7450.056 1.426797768499995e-09
7500.056 1.0754182013999933e-09
7550.056 7.378907819499939e-10
7600.056 4.266377669099933e-10
7650.056 5.034898343362892e-11
7700.056 1.783295636635942e-11
7750.056 2.4514947778700797e-10
7800.056 6.803084942573768e-10
7850.056 1.6971272906000205e-09
7900.056 2.8607576685000247e-09
7950.056 3.4648346551701234e-09
8000.056 6.500559975900051e-09
8050.056 9.033007380900063e-09
8100.056 1.2067841411000053e-08
8150.056 1.567955196700009e-08
8200.056 1.945830984900023e-08
8250.056 2.5011301063000214e-08
8300.056 3.0879616785000495e-08
8350.056 3.740136481400016e-08
8400.056 4.48569768950001e-08
8450.056 5.3091041038000166e-08
8500.056 5.478363723384308e-08
8550.056 6.860971817500237e-08
8600.056 7.887131432000044e-08
8650.056 7.763754814799882e-08
8700.056 8.702959994899548e-08
8750.056 9.867153159000121e-08
8800.056 1.1677379939200072e-07
8850.056 1.3161338891999936e-07
8900.056 1.4440645356200078e-07
8950.056 1.3597244391811827e-07
9000.056 1.830389009099987e-07
9050.056 1.965152567100026e-07
9100.056 2.2450136115000283e-07
9150.056 2.495886851100014e-07
9200.056 2.74532584749994e-07
9250.056 2.833022425099916e-07
9300.056 2.3112834661999105e-07
9350.056 2.75386438499017e-07
9400.056 3.307553372559934e-07
9450.056 3.571563935060113e-07
9500.056 3.850605746789787e-07
9550.056 4.1610071398302866e-07
9600.056 4.3826084915601e-07
9650.056 4.805421342330073e-07
9700.056 5.436084909669784e-07
9750.056 5.48101435830004e-07
9800.056 5.834350974599903e-07
9850.056 5.931596058800012e-07
9900.056 4.1853296613998357e-07
9950.056 3.463819738100004e-07
10000.056 2.9204836102500167e-07
10050.056 3.7436845870000047e-07
10100.056 4.3148024726000734e-07
10150.056 4.3244422305999137e-07
10200.056 4.6818321181e-07
10250.056 4.989084089400023e-07
10300.056 5.076686279599988e-07
10350.056 5.756874392500192e-07
10400.056 6.218220173399891e-07
10450.056 6.543160120099992e-07
10500.056 6.692579871900006e-07
10550.056 6.977151603900069e-07
10600.056 7.45268774499997e-07
10650.056 7.765411926400193e-07
10700.056 8.229076470000096e-07
10750.056 8.663290236900106e-07
10800.056 9.132296660300012e-07
10850.056 9.951205754999964e-07
10900.056 1.014329488629999e-06
10950.056 9.758195049799897e-07
11000.056 8.984905210499751e-07
11050.056 8.054035603799789e-07
11100.056 7.558795715100274e-07
11150.056 7.299575780434788e-07
11200.056 7.739269500530936e-07
11250.056 9.488251003341701e-07
11300.056 9.189665595439797e-07
11350.056 6.921197852342899e-07
11400.056 7.955254814820285e-07
11450.056 8.929051322370296e-07
11500.056 1.0695890561154692e-06
11550.056 9.30004934818399e-07
11600.056 9.700830043702949e-07
11650.056 9.56971005744015e-07
11700.056 6.703677494390021e-07
11750.056 6.585869829299428e-07
11800.056 7.626362282480355e-07
11850.056 1.177670198120018e-06
11900.056 1.3858056178499407e-06
11950.056 1.2863326165000082e-06
12000.056 1.1754574525800097e-06
12050.056 1.381015185670033e-06
12100.056 1.413954236579986e-06
12150.056 1.6201943061199952e-06
12200.056 1.6128435441999544e-06
12250.056 1.747357854800001e-06
12300.056 1.8248020070000136e-06
12350.056 1.7553782146999862e-06
12400.056 1.5917001613999842e-06
12450.056 1.5303866663000183e-06
12500.056 1.5434855770999808e-06
12550.056 1.6306881785000489e-06
12600.056 1.954242900500005e-06
12650.056 1.985689560399997e-06
12700.056 2.1558914204000505e-06
12750.056 2.109836868499978e-06
12800.056 2.1685290886000366e-06
12850.056 2.0907933304999727e-06
12900.056 1.9893416559000112e-06
12950.056 2.0245779340999874e-06
13000.056 2.0885612301e-06
13050.056 2.1453458855799685e-06
13100.056 2.15682705506996e-06
13150.056 2.1034418643800098e-06
13200.056 2.003460702739985e-06
13250.056 1.7416356479339955e-06
13300.056 1.3036941994036984e-06
13350.056 5.489975530580027e-07
13400.056 3.2073801132116947e-07
13450.056 2.5355163652861325e-07
13500.056 1.9133230284933825e-07
13550.056 1.6156929384000198e-07
13600.056 1.5111967674692197e-07
13650.056 2.637973165099883e-07
13700.056 2.228229787084118e-07
13750.056 2.745912302915685e-07
13800.056 3.3531212980686235e-07
13850.056 2.6467300116046566e-07
13900.056 2.4847253325206883e-07
13950.056 2.3020186353244773e-07
14000.056 2.1948219954177383e-07
14050.056 2.553904768449566e-07
14100.056 1.9829797336400804e-07
14150.056 2.445134152407237e-07
14200.056 2.0795443407134394e-07
14250.056 1.998941368526626e-07
14300.056 2.6423985235828973e-07
14350.056 2.6907823754671316e-07
14400.056 2.7720801394948595e-07
14450.056 3.1166056745323835e-07
14500.056 4.108168174090753e-07
14550.056 4.109787711783911e-07
14600.056 5.381098368016613e-07
14650.056 5.191125755431021e-07
14700.056 4.526817990579118e-07
14750.056 5.355095040600759e-07
14800.056 5.897987860289503e-07
14850.056 6.493059639469592e-07
14900.056 6.307455872691826e-07
14950.056 6.855947841750428e-07
15000.056 7.371131793809958e-07
15050.056 8.481818508839532e-07
15100.056 8.620985439899973e-07
15150.056 9.328179758300473e-07
15200.056 9.706130672299522e-07
15250.056 1.0598645054500192e-06
15300.056 1.1155645154399842e-06
15350.056 1.208376883389971e-06
15400.056 1.2680551917800106e-06
15450.056 1.3242916423500435e-06
15500.056 1.354972906030024e-06
15550.056 1.428462446059958e-06
15600.056 1.4536336728700148e-06
15650.056 1.4730265998400222e-06
15700.056 1.537890743900026e-06
15750.056 1.5562590980999953e-06
15800.056 1.5471857279000095e-06
15850.056 1.5050071363e-06
15900.056 1.4900684139000051e-06
15950.056 1.4620821346999793e-06
16000.056 1.4177821736000043e-06
16050.056 1.3288934362999899e-06
16100.056 1.2444128118599749e-06
16150.056 1.133443002199974e-06
16200.056 1.0415099758999579e-06
16250.056 1.0059962785499559e-06
16300.056 9.710118059999968e-07
16350.056 1.0010222018420083e-06
16400.056 1.0267767107460455e-06
16450.056 1.0563458423720122e-06
16500.056 1.092756830099021e-06
16550.056 1.0801699476999793e-06
16600.056 1.0655573043700299e-06
16650.056 9.229292541500327e-07
16700.056 7.950692808900257e-07
16750.056 8.455257173199904e-07
16800.056 9.382872334600163e-07
16850.056 9.332770207099445e-07
16900.056 9.084657691600272e-07
16950.056 8.672419128799677e-07
17000.056 8.29638985090074e-07
17050.056 9.00035214500036e-07
17100.056 9.10715415750005e-07
17150.056 8.613197146299902e-07
17200.056 8.831865710799553e-07
17250.056 8.321889209899451e-07
17300.056 7.837472215400202e-07
17350.056 7.334050597599861e-07
17400.056 7.075958140539833e-07
17450.056 6.73390006812898e-07
17500.056 6.716844394160901e-07
17550.056 6.14687957555019e-07
17600.056 5.895343588480171e-07
17650.056 5.781248497020627e-07
17700.056 4.875221323084766e-07
17750.056 4.47150882152892e-07
17800.056 4.672466687840527e-07
17850.056 3.72806003887069e-07
17900.056 4.1587733115831257e-07
17950.056 3.621624855150805e-07
18000.056 3.5567780396000056e-07
18050.056 3.337596696179921e-07
18100.056 3.3917038706078003e-07
18150.056 3.825080796265163e-07
18200.056 2.878999326495587e-07
18250.056 4.317542539060839e-07
18300.056 3.4378842164854944e-07
18350.056 3.335029800406321e-07
18400.056 3.1586173283809686e-07
18450.056 3.188614639811425e-07
18500.056 3.251804559581982e-07
18550.056 2.7593508764892866e-07
18600.056 2.421749496726595e-07
18650.056 2.512533496713847e-07
18700.056 2.6525759988094185e-07
18750.056 2.945409082673834e-07
18800.056 3.8550850968364453e-07
18850.056 4.2481645727489636e-07
18900.056 3.9867699973675237e-07
18950.056 5.073889651788077e-07
19000.056 4.4368458467097e-07
19050.056 3.8928327406648115e-07
19100.056 4.932249355837035e-07
19150.056 4.2541512004975645e-07
19200.056 4.579935981306754e-07
19250.056 3.98367366742015e-07
19300.056 4.0225298219783133e-07
19350.056 3.777279824773589e-07
19400.056 2.834028453595599e-07
19450.056 3.972122179269742e-07
19500.056 3.9391799861730217e-07
19550.056 3.250178656397259e-07
19600.056 3.6940597815820627e-07
19650.056 4.1700603344940753e-07
19700.056 4.0436361138042306e-07
19750.056 3.892746181111227e-07
19800.056 4.32672840470461e-07
19850.056 4.92733642057977e-07
19900.056 4.0470892404701694e-07
19950.056 5.194340437909812e-07
20000.056 4.7089818872705497e-07
20050.056 5.458158009689975e-07
20100.056 5.262110624618767e-07
20150.056 5.700524780580663e-07
20200.056 5.92860535003044e-07
20250.056 6.229666670659465e-07
20300.056 6.151155168710428e-07
20350.056 6.682715777199653e-07
20400.056 6.637763655259024e-07
20450.056 6.906183239999376e-07
20500.056 7.112238853599433e-07
20550.056 7.118118333300132e-07
20600.056 7.486491567000163e-07
20650.056 7.402803472100154e-07
20700.056 7.542289538500145e-07
20750.056 7.541590185899968e-07
20800.056 7.699363953699831e-07
20850.056 7.595160124099891e-07
20900.056 7.753547391899697e-07
20950.056 7.677190656700059e-07
21000.056 7.652717479500105e-07
21050.056 7.615812959999954e-07
21100.056 7.554184111800019e-07
21150.056 7.58088397119967e-07
21200.056 7.454053915400067e-07
21250.056 7.415614848199698e-07
21300.056 7.214303828899867e-07
21350.056 7.190128630500092e-07
21400.056 7.075919637000359e-07
21450.056 6.975227093800054e-07
21500.056 6.813505723200097e-07
21550.056 6.698826761400084e-07
21600.056 6.513180439000162e-07
21650.056 6.353879410900064e-07
21700.056 6.30185032830008e-07
21750.056 5.995815898700114e-07
21800.056 5.764272550199663e-07
21850.056 5.511755529700098e-07
21900.056 5.121125171599982e-07
21950.056 4.5071689762001803e-07
22000.056 3.543001382100114e-07
22050.056 3.0588571684297054e-07
22100.056 3.453168980800385e-07
22150.056 3.739008786289831e-07
22200.056 3.8431626366299607e-07
22250.056 3.8371337338902465e-07
22300.056 3.522999887359976e-07
22350.056 3.4633013228403054e-07
22400.056 3.136310156569794e-07
22450.056 2.9337100407700003e-07
22500.056 3.0116498585304885e-07
22550.056 2.77451130534983e-07
22600.056 2.809164934540332e-07
22650.056 2.802657962770181e-07
22700.056 2.67013269791997e-07
22750.056 2.6713783611302e-07
22800.056 2.6051977590997844e-07
22850.056 2.401169214880125e-07
22900.056 2.3611226929197576e-07
22950.056 2.2941117559297512e-07
23000.056 2.531293421299995e-07
23050.056 2.915156738419971e-07
23100.056 3.4154215838002215e-07
23150.056 3.2959079869698626e-07
23200.056 2.1148402380098873e-07
23250.056 2.2723233239102508e-07
23300.056 1.9959801484204076e-07
23350.056 1.9582903585000992e-07
23400.056 1.960206711220097e-07
23450.056 1.996414609730091e-07
23500.056 2.1181136806903586e-07
23550.056 2.414164895970118e-07
23600.056 2.62434823954966e-07
23650.056 2.909102139819765e-07
23700.056 2.1398290667004946e-07
23750.056 2.1115862271798358e-07
23800.056 2.0700152006198838e-07
23850.056 2.216849198960219e-07
23900.056 2.7144866667102357e-07
23950.056 2.8237031985502476e-07
24000.056 3.069107459499741e-07
24050.056 3.166818695220258e-07
24100.056 3.023106893199896e-07
24150.056 3.2021503140006104e-07
24200.056 3.219277643909918e-07
24250.056 3.132476084280075e-07
24300.056 3.2744028575402667e-07
24350.056 2.96240556095967e-07
24400.056 3.436956675360175e-07
24450.056 3.1011359919795795e-07
24500.056 3.1760895470997694e-07
24550.056 3.1998165470206517e-07
24600.056 3.2373063060300266e-07
24650.056 3.7127970185103375e-07
24700.056 2.931257789839665e-07
24750.056 2.889517386690063e-07
24800.056 2.9990716057580724e-07
24850.056 3.656665320920628e-07
24900.056 2.4415643004597065e-07
24950.056 3.4769965841001704e-07
25000.056 3.1444010121905024e-07
25050.056 2.3489864217134546e-07
25100.056 3.0713908088537377e-07
25150.056 2.45931180657482e-07
25200.056 2.818669719362362e-07
25250.056 2.2432627561096975e-07
25300.056 2.7687637128290794e-07
25350.056 2.0595427468171131e-07
25400.056 2.861851748260448e-07
25450.056 2.072547277517763e-07
25500.056 2.2531321614581613e-07
25550.056 2.2972550495411372e-07
25600.056 2.3606306682465914e-07
25650.056 1.8011324018640081e-07
25700.056 2.8387504489283334e-07
25750.056 1.6913174619763085e-07
25800.056 2.9286426265034607e-07
25850.056 1.9735445398018468e-07
25900.056 2.6134899806370705e-07
25950.056 1.776586466635176e-07
26000.056 3.021941695340831e-07
26050.056 2.4366393657616164e-07
26100.056 3.212134082560324e-07
26150.056 2.8039817526917055e-07
26200.056 2.836676229003152e-07
26250.056 3.601929192190499e-07
26300.056 2.942268710167227e-07
26350.056 4.007711766264841e-07
26400.056 3.770551756919552e-07
26450.056 3.77240723656023e-07
26500.056 4.102156767499408e-07
26550.056 3.102558587199989e-07
26600.056 3.985193078898711e-07
26650.056 2.5618637763675777e-07
26700.056 2.481051567220086e-07
26750.056 1.8393927596391307e-07
26800.056 2.4122253559958474e-07
26850.056 1.6256716005212643e-07
26900.056 2.716500475889866e-07
26950.056 1.6842087965606197e-07
27000.056 2.9076704034443807e-07
27050.056 2.3894812946298095e-07
27100.056 2.2389347467485664e-07
27150.056 2.88167366402029e-07
27200.056 2.403326038654084e-07
27250.056 2.500339134784422e-07
27300.056 4.0160138608803647e-07
27350.056 3.308724022317366e-07
27400.056 1.877997396226887e-07
27450.056 4.038856105399765e-07
27500.056 3.817022847474857e-07
27550.056 2.4883030575025486e-07
27600.056 3.7939079166380285e-07
27650.056 2.3627788869439762e-07
27700.056 2.0772597670237093e-07
27750.056 3.8343429870697707e-07
27800.056 2.317250414258834e-07
27850.056 2.556298405331443e-07
27900.056 2.830095327499233e-07
27950.056 3.9542690782501114e-07
28000.056 3.181602660038074e-07
28050.056 1.8750849061984e-07
28100.056 4.149979828821312e-07
28150.056 2.8048326724761857e-07
28200.056 1.986357020700847e-07
28250.056 3.786732687299753e-07
28300.056 4.407090271075846e-07
28350.056 2.2483691010934177e-07
28400.056 3.270812490694151e-07
28450.056 4.022277936279562e-07
28500.056 3.3141429708595775e-07
28550.056 1.818637106739696e-07
28600.056 4.258921845899931e-07
28650.056 3.672772014820286e-07
28700.056 3.1516462865695455e-07
28750.056 4.088413164929975e-07
28800.056 3.817380016720774e-07
28850.056 4.0287497938400124e-07
28900.056 2.567505940459815e-07
