galfind/configs/Brown_Dwarf_templates/sonora_bobcat/m-0.5/1780g/sp_t400g1780nc_m-0.5_resample.dat
# %ECSV 1.0
# ---
# datatype:
# - {name: wav, unit: Angstrom, datatype: float64}
# - {name: flux_nu, unit: erg / (cm2 Hz s), datatype: float64}
# meta: {C/O: '1.00', Kzz: '1.0000E+05', Teff: '400.', Y: '0.28', '[Fe/H]': '-0.50', f_hole: '1.00', f_rain: '0.00', grav: '1780.'}
# schema: astropy-2.0
wav flux_nu
[from data line 498]
28900.056 8.187743167451668e-11
28950.056 1.0195965285047992e-10
29000.056 7.21196378692458e-11
29050.056 1.4720106354635049e-10
29100.056 4.9613756312954124e-11
29150.056 9.75595329962635e-11
29200.056 2.2658094694298336e-10
29250.056 1.9605585369866481e-10
29300.056 1.2683582820642426e-10
29350.056 4.461696224659618e-10
29400.056 1.8107710220023652e-10
29450.056 6.75173327947098e-11
29500.056 4.371380607589533e-10
29550.056 1.5067014354790561e-10
29600.056 1.9931936047376445e-10
29650.056 6.054064395513317e-10
29700.056 1.0610908944264321e-10
29750.056 3.440123650935175e-10
29800.056 2.310033390149086e-10
29850.056 7.2714493646802e-10
29900.056 3.1360677186073607e-10
29950.056 2.3016030192851442e-10
30000.056 3.9439366595520595e-12
30050.056 5.5333782334511656e-11
30100.056 2.2331331866108744e-10
30150.056 5.118266916448424e-10
30200.056 3.525655973687289e-10
30250.056 8.157519835850952e-10
30300.056 7.930934367979116e-10
30350.056 2.235021176320183e-10
30400.056 9.309225336041941e-10
30450.056 7.700803019678859e-10
30500.056 4.1829901370178314e-10
30550.056 3.467208667692466e-10
30600.056 2.5837269435999613e-09
30650.056 1.3799165538258806e-09
30700.056 5.529967102072371e-10
30750.056 1.2915788600440305e-09
30800.056 1.2825424224002344e-09
30850.056 1.4200589288640316e-09
30900.056 6.326452710321379e-10
30950.056 6.149556121490288e-10
31000.056 8.340142709350736e-10
31050.056 5.399828931319137e-10
31100.056 2.1621299594624967e-10
31150.056 5.358015463395251e-10
31200.056 1.666818763249951e-09
31250.056 5.295240317998106e-10
31300.056 2.9906734627115083e-10
31350.056 9.819489643319712e-10
31400.056 5.013527640490556e-10
31450.056 6.426517416899349e-10
31500.056 2.126574751928153e-10
31550.056 4.595306870509464e-10
31600.056 2.977272883752549e-10
31650.056 2.1031323312457973e-10
31700.056 2.17369103179036e-10
31750.056 6.963518008868194e-11
31800.056 1.6297889406699792e-10
31850.056 2.9736182208451154e-11
31900.056 8.336610913801098e-11
31950.056 3.3547439039479855e-11
32000.056 2.9422731668244327e-11
32050.056 2.5891288109104755e-11
32100.056 2.0480554959213922e-11
32150.056 2.3740946868842372e-11
32200.056 9.573965681828261e-12
32250.056 2.3363961081184975e-11
32300.056 6.190004284472516e-12
32350.056 2.4747323273762268e-11
32400.056 2.687527355458546e-12
32450.056 1.7547768524500752e-11
32500.056 3.2036534836014497e-12
32550.056 2.3310011598300152e-11
32600.056 2.8153581093226122e-12
32650.056 3.530431571000037e-11
32700.056 4.513968813028815e-12
32750.056 9.127419411801836e-11
32800.056 3.995348927614028e-11
32850.056 2.0211329322804237e-10
32900.056 1.538278787991904e-10
32950.056 1.9039789398451608e-10
33000.056 4.44627543250788e-11
33050.056 4.271627094620714e-11
33100.056 6.661450701026073e-12
33150.056 6.1720565172196686e-15
33200.056 3.5801311775221474e-13
33250.056 1.1836436160739407e-12
33300.056 2.059424164379287e-11
33350.056 3.993964106298074e-11
33400.056 1.4788078659599882e-10
33450.056 2.7356912698682742e-11
33500.056 1.7268551094301535e-10
33550.056 2.6431288874917183e-11
33600.056 7.096635653611852e-11
33650.056 8.490988401129414e-11
33700.056 1.4785105343802907e-11
33750.056 1.0658987728400041e-10
33800.056 5.5630409525439655e-12
33850.056 4.841967253893551e-11
33900.056 4.0344619943584296e-11
33950.056 4.4530714340345207e-11
34000.056 1.1021296898928996e-10
34050.056 1.7762831841244897e-11
34100.056 1.1706934492945317e-10
34150.056 2.7354515116952333e-11
34200.056 1.3391628201296706e-10
34250.056 6.505125678087504e-11
34300.056 6.947714554451141e-11
34350.056 2.7607537676840567e-10
34400.056 3.6451532874344364e-11
34450.056 2.3927773533530455e-10
34500.056 8.809878259129453e-11
34550.056 1.455863587586227e-10
34600.056 6.794751864490076e-10
34650.056 4.949553727615602e-11
34700.056 5.422069541328098e-10
34750.056 2.2055920274466286e-10
34800.056 1.5452107125964383e-10
34850.056 6.744871664224084e-10
34900.056 7.669190153004463e-11
34950.056 8.200061947800178e-10
35000.056 8.490177193424021e-10
35050.056 5.446921463728954e-10
35100.056 1.6356175327118483e-09
35150.056 1.1901128503957714e-09
35200.056 1.205594407930103e-09
35250.056 2.250504474898355e-09
35300.056 4.222762355517966e-10
35350.056 5.671393602842823e-10
35400.056 3.7385875727811034e-10
35450.056 3.1811560000751093e-10
35500.056 1.4562694757612264e-09
35550.056 9.986300218014153e-10
35600.056 1.701119489972213e-09
35650.056 1.5664205367358839e-09
35700.056 1.737349915799203e-09
35750.056 2.9250195666801295e-09
35800.056 1.1146622138235064e-09
35850.056 7.580587348814278e-10
35900.056 1.4188717065104396e-09
35950.056 2.4348886934399325e-09
36000.056 2.6770511688602787e-09
36050.056 1.7427235533746635e-09
36100.056 1.6619499998076967e-09
36150.056 4.972065522500136e-09
36200.056 4.836333777939817e-09
36250.056 2.451758118123717e-09
36300.056 5.997815188798981e-09
36350.056 4.671379737250104e-09
36400.056 6.448517910399335e-09
36450.056 3.602003722582043e-09
36500.056 4.2158143182037016e-09
36550.056 9.61973966480013e-09
36600.056 1.1383773521299507e-08
36650.056 5.051805199466786e-09
36700.056 5.775435144670508e-09
36750.056 1.1405872488200913e-08
36800.056 1.1263372379899424e-08
36850.056 5.656699082129463e-09
36900.056 6.610738743682825e-09
36950.056 1.275467388009836e-08
37000.056 9.115178151600544e-09
37050.056 1.0858282510269228e-08
37100.056 4.1875783128663374e-09
37150.056 8.522339613220617e-09
37200.056 1.7171218055999954e-08
37250.056 7.63752824123844e-09
37300.056 4.830279933270325e-09
37350.056 1.062768781878075e-08
37400.056 1.6054777899199584e-08
37450.056 7.790357964399206e-09
37500.056 7.889854697439788e-09
37550.056 1.930878069920253e-08
37600.056 2.6540419118999493e-08
37650.056 7.972341645800881e-09
37700.056 1.428947699540113e-08
37750.056 1.0720023049000299e-08
37800.056 1.377982912360077e-08
37850.056 7.958896282099873e-09
37900.056 9.545946284299608e-09
37950.056 1.2668246697999884e-08
38000.056 1.166337834755943e-08
38050.056 1.6360179954701214e-08
38100.056 2.355436292549963e-08
38150.056 2.5331123797398262e-08
38200.056 1.732558204420088e-08
38250.056 2.228931118020157e-08
38300.056 3.6420384577997364e-08
38350.056 2.9420514673002838e-08
38400.056 1.4262856449396499e-08
38450.056 7.833799288198809e-09
38500.056 7.741648531401149e-09
38550.056 1.9946284821000882e-08
38600.056 2.2490494689998677e-08
38650.056 2.1613258991799804e-08
38700.056 2.1109186436798473e-08
38750.056 2.1483089294899163e-08
38800.056 2.1137161807000126e-08
38850.056 2.4142287607000924e-08
38900.056 2.489384738059727e-08
38950.056 1.9341614502001522e-08
39000.056 2.6037296526997935e-08
39050.056 1.8256477525003278e-08
39100.056 1.898767203522972e-08
39150.056 3.05289265789994e-08
39200.056 2.7491233886000294e-08
39250.056 2.616088643530041e-08
39300.056 2.3284399697500977e-08
39350.056 3.700439752100048e-08
39400.056 2.5730781392497578e-08
39450.056 3.3599836296102486e-08
39500.056 3.7459555644998814e-08
39550.056 2.228560682290327e-08
39600.056 2.8042920916502182e-08
39650.056 4.402415480999974e-08
39700.056 3.965540968100015e-08
39750.056 2.0354399394499904e-08
39800.056 1.9440991787700806e-08
39850.056 4.254257603500197e-08
39900.056 4.6121862578000106e-08
39950.056 3.019458649800048e-08
40000.056 3.9840181096000285e-08
40050.056 3.9222182247998334e-08
40100.056 1.5955345674362783e-08
40150.056 3.677874406000143e-08
40200.056 4.312431464899885e-08
40250.056 4.5928980592997795e-08
40300.056 4.4917400334001734e-08
40350.056 2.5702734356996905e-08
40400.056 3.414458797819928e-08
40450.056 2.391428455379942e-08
40500.056 4.2140038931999515e-08
40550.056 4.5550816023998485e-08
40600.056 4.711950369299959e-08
40650.056 3.547225890979742e-08
40700.056 5.199376213900035e-08
40750.056 4.2845162629998664e-08
40800.056 3.105058032099812e-08
40850.056 5.524253399900196e-08
40900.056 5.545142253299894e-08
40950.056 3.792934440699933e-08
41000.056 4.155436543400003e-08
41050.056 5.790172054600098e-08
41100.056 5.190880382599634e-08
41150.056 2.6517339704999363e-08
41200.056 5.255515284800413e-08
41250.056 5.203138784199537e-08
41300.056 5.64059729190025e-08
41350.056 6.452817031800005e-08
41400.056 5.597644592199939e-08
41450.056 6.168812471600051e-08
41500.056 4.500394894499603e-08
41550.056 4.2603063327003096e-08
41600.056 4.410233023900021e-08
41650.056 6.00561873570019e-08
41700.056 6.813736518899888e-08
41750.056 6.036063966600077e-08
41800.056 6.349489596099949e-08
41850.056 5.1375781173998444e-08
41900.056 4.61644474689951e-08
41950.056 4.919109473399949e-08
42000.056 3.81232997689931e-08
42050.056 4.059243295100202e-08
42100.056 5.0019484719998627e-08
42150.056 5.0303247556999575e-08
42200.056 5.17437428909986e-08
42250.056 4.52998789350014e-08
42300.056 4.400024193999893e-08
42350.056 5.644974440200079e-08
42400.056 6.168657265800066e-08
42450.056 6.197621235300146e-08
42500.056 6.487463893999951e-08
42550.056 6.100398412499958e-08
42600.056 5.586273150700313e-08
42650.056 6.645507090999773e-08
42700.056 4.8581084120997555e-08
42750.056 5.3954888593003425e-08
42800.056 6.789021938900031e-08
42850.056 6.916837803399826e-08
42900.056 6.709686856200074e-08
42950.056 5.988570141300086e-08
43000.056 6.433838293599896e-08
43050.056 4.688161115699992e-08
43100.056 6.10318764690007e-08
43150.056 6.015564464900017e-08
43200.056 6.456287782700083e-08
43250.056 7.614112025100034e-08
43300.056 7.008481863699839e-08
43350.056 5.1888528517000215e-08
43400.056 6.398333518800064e-08
43450.056 5.658466710200023e-08
43500.056 5.303053050900027e-08
43550.056 5.2347926306001296e-08
43600.056 6.852262217299965e-08
43650.056 4.709158157699776e-08
43700.056 6.436342263600501e-08
43750.056 7.179798173699907e-08
43800.056 6.424860183399898e-08
43850.056 6.075515610200246e-08
43900.056 5.536053039e-08
43950.056 4.553527868099883e-08
44000.056 4.411953749300006e-08
44050.056 6.639526621400313e-08
44100.056 7.735080330500035e-08
44150.056 7.44337632269992e-08
44200.056 7.230833685599998e-08
44250.056 5.5902336031998543e-08
44300.056 4.140192974399933e-08
44350.056 4.2366657130000854e-08
44400.056 4.946586224299971e-08
44450.056 6.194742819200234e-08
44500.056 5.809496329400038e-08
44550.056 6.77857564270005e-08
44600.056 5.8528283484000384e-08
44650.056 6.294779365099807e-08
44700.056 5.158854255899759e-08
44750.056 5.741771952300221e-08
44800.056 4.701786885299959e-08
44850.056 5.917042127500176e-08
44900.056 5.8543473130999335e-08
44950.056 6.355837277500135e-08
45000.056 6.700554025399983e-08
45050.056 6.355648192299784e-08
45100.056 6.05306992700022e-08
45150.056 5.821397367799937e-08
45200.056 4.11891647669992e-08
45250.056 4.8100742550999656e-08
45300.056 4.708858659399975e-08
45350.056 3.46742252840018e-08
45400.056 6.742501534800092e-08
45450.056 6.432097897900188e-08
45500.056 6.819397665800108e-08
45550.056 7.113247641099797e-08
45600.056 6.855289226700049e-08
45650.056 6.309238512399744e-08
45700.056 4.0175337731396035e-08
45750.056 3.6876488032003084e-08
45800.056 6.529873138000074e-08
45850.056 6.006632125400153e-08
45900.056 7.058997810299965e-08
45950.056 6.903148499399887e-08
46000.056 6.833102322900065e-08
46050.056 6.389469277100136e-08
46100.056 6.851540505399822e-08
46150.056 5.329879212499994e-08
46200.056 4.108231288499639e-08
46250.056 1.9551333546799774e-08
46300.056 4.899850339200275e-08
46350.056 5.806255958200095e-08
46400.056 5.847266879300031e-08
46450.056 4.990041006699795e-08
46500.056 5.633103099100067e-08
46550.056 4.230379066499811e-08
46600.056 3.8015743853998247e-08
46650.056 5.193746568500166e-08
46700.056 4.328400457599711e-08
46750.056 2.0679835528801975e-08
46800.056 1.4095025998698563e-08
46850.056 4.395521960300478e-08
46900.056 5.8999890627000135e-08
46950.056 5.991311228099942e-08
47000.056 6.048373936100053e-08
47050.056 4.4424475251994556e-08
47100.056 4.073222497500072e-08
47150.056 5.032002689800268e-08
47200.056 5.280621180299895e-08
47250.056 2.5680458463795133e-08
47300.056 1.8935512225504617e-08
47350.056 5.140270950500182e-08
47400.056 5.724919834499975e-08
47450.056 4.328527491000112e-08
47500.056 6.023539184800097e-08
47550.056 5.737080594700034e-08
47600.056 4.803556317099811e-08
47650.056 5.247883498599803e-08
47700.056 4.6348066629003034e-08
47750.056 3.8685985185999705e-08
47800.056 2.6352517300998296e-08
47850.056 9.401001210401457e-09
47900.056 1.7287771910300037e-08
47950.056 4.398492389800272e-08
48000.056 5.1682034472998176e-08
48050.056 4.4172514211999276e-08
48100.056 2.5558560024599683e-08
48150.056 4.2053064134001466e-08
48200.056 3.125569453539821e-08
48250.056 4.438597961900069e-08
48300.056 4.813366287199952e-08
48350.056 3.2720888562996684e-08
48400.056 6.621463840349235e-09
48450.056 1.329512690521515e-08
48500.056 2.846983289239738e-08
48550.056 3.199746716440561e-08
48600.056 5.118255362000079e-08
48650.056 5.547066045599967e-08
48700.056 4.8570733677000575e-08
48750.056 4.0943215909e-08
48800.056 4.781260580400004e-08
48850.056 2.658769116589693e-08
48900.056 2.58568092141973e-08
48950.056 1.4850469665998952e-08
49000.056 9.384994307382194e-09
49050.056 2.8387770086497825e-08
49100.056 3.66332193872042e-08
49150.056 3.34770329159994e-08
49200.056 4.834446079600172e-08
49250.056 5.0650917736999845e-08
49300.056 4.376684496199788e-08
49350.056 2.3936593332501063e-08
49400.056 2.4799015043595896e-08
49450.056 1.9349164335353932e-08
49500.056 1.6365344200257268e-08
49550.056 2.6900516125898998e-09
49600.056 7.754544771273468e-09
49650.056 2.7002430823002147e-08
49700.056 3.603379676000035e-08
49750.056 2.882081837659776e-08
49800.056 1.644950618899995e-08
49850.056 3.781443354900214e-08
49900.056 4.25914914829999e-08
49950.056 3.867644631199867e-08
50000.056 2.546197313115742e-08
50050.056 2.700579295610381e-08
50100.056 2.4744646690998802e-08
50150.056 9.09964479279819e-09
50200.056 1.1250180875775324e-09
50250.056 8.281326318999978e-09
50300.056 6.062552199477312e-09
50350.056 2.5889662266001863e-08
50400.056 3.3917274470000245e-08
50450.056 2.874635834899951e-08
50500.056 3.8356713325001945e-08
50550.056 4.212434706499985e-08
50600.056 3.040617665699624e-08
50650.056 3.83513988630017e-08
50700.056 3.670949878399895e-08
50750.056 2.2991200424998564e-08
50800.056 6.2673267397782396e-09
50850.056 2.532066490537282e-09
50900.056 2.0326296792802147e-08
50950.056 2.5506924670998312e-08
51000.056 1.6935557961173057e-08
51050.056 2.718694134319693e-08
51100.056 1.3884992535100097e-08
51150.056 9.087978974572073e-09
51200.056 3.1066244953001295e-08
51250.056 2.845897384799812e-08
51300.056 1.8172849826000307e-08
51350.056 1.3751474095321487e-08
51400.056 3.452086863791743e-09
51450.056 2.7663815989671598e-09
51500.056 2.5362639682329852e-09
51550.056 1.3386805685001633e-08
51600.056 1.7163888603000814e-08
51650.056 2.351250072399973e-08
51700.056 1.7960320973586363e-08
51750.056 1.5614325794653076e-08
51800.056 2.7924334759000052e-08
51850.056 2.1590696040498833e-08
51900.056 1.9630592379999945e-08
51950.056 9.397752861698019e-09
52000.056 6.54485402589744e-10
52050.056 4.817926184500414e-09
52100.056 2.2888959572793256e-09
52150.056 1.1647528365564725e-09
52200.056 6.273347596300043e-09
52250.056 1.2381558170301378e-08
52300.056 1.3575795746599e-08
52350.056 2.523963601725714e-09
52400.056 3.1360494101981716e-09
52450.056 1.5459090854101882e-08
52500.056 1.2556600962819207e-08
52550.056 1.7262763834997987e-08
52600.056 1.4934050092701925e-08
52650.056 1.972766063499924e-08
52700.056 9.994952663099421e-09
52750.056 2.9470905047188894e-09
52800.056 6.378944117001196e-09
52850.056 8.174518464598659e-09
52900.056 1.9647017042230554e-09
52950.056 4.144670709790937e-09
53000.056 1.1941663790400156e-08
53050.056 4.1476002804280184e-09
53100.056 1.7871888745901647e-08
53150.056 1.9557266719999333e-08
53200.056 7.51869283681935e-09
53250.056 1.6153989671000416e-08
53300.056 1.6208099127601474e-08
53350.056 1.4630060315999367e-08
53400.056 8.337518677799083e-09
53450.056 1.6699287121294475e-09
53500.056 2.5873226149894395e-10
53550.056 6.33224533902992e-10
