galfind/configs/Brown_Dwarf_templates/sonora_cholla/logkzz4/100g/1000K_100g_logkzz4_resample.dat
# %ECSV 1.0
# ---
# datatype:
# - {name: wav, unit: Angstrom, datatype: float64}
# - {name: flux_nu, unit: erg / (cm2 Hz s), datatype: float64}
# schema: astropy-2.0
wav flux_nu
[from data line 388]
29400.000000000095 9.074992028545623e-08
29450.000000000095 9.221092661089994e-08
29500.000000000095 1.0009989539751525e-07
29550.000000000095 8.366040284415782e-08
29600.000000000095 1.2182841804522661e-07
29650.000000000095 1.017899676399756e-07
29700.000000000095 8.527942410694885e-08
29750.000000000095 1.0743665391274935e-07
29800.000000000095 1.3145799929808194e-07
29850.000000000095 1.3568180710775725e-07
29900.000000000095 1.2417305378597136e-07
29950.000000000095 1.0606085373933327e-07
30000.000000000095 1.0974390929670634e-07
30050.000000000095 9.34274545079211e-08
30100.000000000095 1.1262790568402436e-07
30150.000000000095 1.4196536123174382e-07
30200.000000000095 1.0775104083188975e-07
30250.000000000095 1.503459035563885e-07
30300.000000000095 1.2871008859288648e-07
30350.000000000095 1.0688758620457032e-07
30400.000000000095 1.3435965256638015e-07
30450.000000000095 1.0766838005882524e-07
30500.000000000095 1.0146353426198696e-07
30550.000000000095 1.0789432838999281e-07
30600.000000000095 1.2049326926983202e-07
30650.000000000095 1.096627459294854e-07
30700.000000000095 9.583692926863025e-08
30750.000000000095 8.738862058992844e-08
30800.000000000095 8.743825577911498e-08
30850.000000000095 8.367392611963392e-08
30900.000000000095 8.302122607350183e-08
30950.000000000095 5.818867742869302e-08
31000.000000000095 7.006897231332254e-08
31050.000000000095 7.049283777170126e-08
31100.000000000095 4.728166285705884e-08
31150.000000000095 5.99576524646748e-08
31200.000000000095 6.137213824907963e-08
31250.000000000095 4.936461081462216e-08
31300.000000000095 4.681961136337789e-08
31350.000000000095 4.603076328557513e-08
31400.000000000095 3.044858292924577e-08
31450.000000000095 4.798002513166573e-08
31500.000000000095 3.26372847933879e-08
31550.000000000095 4.295791610871904e-08
31600.000000000095 2.8578529840884923e-08
31650.000000000095 3.0840587233984694e-08
31700.000000000095 3.370879680513538e-08
31750.000000000095 2.425990039684535e-08
31800.000000000095 3.091967860424353e-08
31850.000000000095 2.7471371116932165e-08
31900.000000000095 2.680463413190284e-08
31950.000000000095 2.6174953541851664e-08
32000.000000000095 2.6543160624005393e-08
32050.000000000095 1.9822539986920945e-08
32100.000000000095 1.9792243023054977e-08
32150.000000000095 2.5146600114638645e-08
32200.000000000095 1.9388665647261843e-08
32250.000000000095 2.9565294020203832e-08
32300.000000000095 1.6450796936546764e-08
32350.000000000095 3.364584930284005e-08
32400.000000000095 2.3215804916596052e-08
32450.000000000095 3.146728012188074e-08
32500.000000000095 2.376651493615271e-08
32550.000000000095 3.039584865730278e-08
32600.000000000095 3.19561396409575e-08
32650.000000000095 4.221087898865916e-08
32700.000000000095 3.31638158268e-08
32750.000000000095 4.8189891478347224e-08
32800.000000000095 3.424070412418626e-08
32850.000000000095 5.0516435317156284e-08
32900.000000000095 5.2669315599806726e-08
32950.000000000095 5.688086284072071e-08
33000.000000000095 4.8842014507111485e-08
33050.000000000095 4.7836092528336995e-08
33100.000000000095 2.344911597514522e-08
33150.000000000095 6.131450919908491e-09
33200.000000000095 7.041831245592913e-09
33250.000000000095 3.760850893844086e-09
33300.000000000095 4.250280362660822e-09
33350.000000000095 8.625072503692415e-09
33400.000000000095 1.3186103265913789e-08
33450.000000000095 1.7286182455788193e-08
33500.000000000095 2.343327517934423e-08
33550.000000000095 2.2699004785917778e-08
33600.000000000095 3.5945684784040406e-08
33650.000000000095 3.3820861267146013e-08
33700.000000000095 3.116400092554913e-08
33750.000000000095 4.1761070287299125e-08
33800.000000000095 3.0305305702169316e-08
33850.000000000095 4.058845357937764e-08
33900.000000000095 3.6828092484151294e-08
33950.000000000095 3.973009931841773e-08
34000.000000000095 4.4757979589899506e-08
34050.000000000095 2.1154316862428397e-08
34100.000000000095 4.3125410657505906e-08
34150.000000000095 3.204729132760621e-08
34200.000000000095 4.04891207755947e-08
34250.000000000095 3.1936462558133465e-08
34300.000000000095 2.7622032837107003e-08
34350.000000000095 3.820413644579292e-08
34400.000000000095 3.1276267872286405e-08
34450.000000000095 4.483689667251693e-08
34500.000000000095 3.555240012977529e-08
34550.000000000095 2.611128205799854e-08
34600.000000000095 4.462670675709945e-08
34650.000000000095 2.8746532732526758e-08
34700.000000000095 3.2630492113199104e-08
34750.000000000095 3.0921665653995415e-08
34800.000000000095 2.2665254334411327e-08
34850.000000000095 3.5357015083278623e-08
34900.000000000095 4.234124997387637e-08
34950.000000000095 3.552747403095977e-08
35000.000000000095 4.691650609610347e-08
35050.000000000095 3.736119367282238e-08
35100.000000000095 4.884526419374554e-08
35150.000000000095 4.543585294178922e-08
35200.000000000095 6.399328025300323e-08
35250.000000000095 6.034229141035745e-08
35300.000000000095 4.182365934514211e-08
35350.000000000095 6.087417625773886e-08
35400.000000000095 5.867151378878407e-08
35450.000000000095 5.12262078654924e-08
35500.000000000095 8.361876425962144e-08
35550.000000000095 7.076014141378912e-08
35600.000000000095 7.250074300091254e-08
35650.000000000095 7.089639681920791e-08
35700.000000000095 5.1366547956159005e-08
35750.000000000095 9.13079872449536e-08
35800.000000000095 7.959792182332844e-08
35850.000000000095 5.8091244319190574e-08
35900.000000000095 8.979397929700533e-08
35950.000000000095 8.432294684380306e-08
36000.000000000095 5.926159141211061e-08
36050.000000000095 8.471664642057388e-08
36100.000000000095 8.234906826578257e-08
36150.000000000095 8.726460548739651e-08
36200.000000000095 8.561869222214352e-08
36250.000000000095 9.585906488715141e-08
36300.000000000095 1.0155456930778301e-07
36350.000000000095 1.0918659319262424e-07
36400.000000000095 1.3072448968241098e-07
36450.000000000095 1.2659519564272873e-07
36500.000000000095 1.3237439183592454e-07
36550.000000000095 1.3145111862020034e-07
36600.000000000095 1.6018905329587662e-07
36650.000000000095 1.6415809092489514e-07
36700.000000000095 1.7564839977101818e-07
36750.000000000095 1.8921262407427457e-07
36800.000000000095 1.6978278963644646e-07
36850.000000000095 1.6156443594138362e-07
36900.000000000095 1.7015023052755828e-07
36950.000000000095 1.8583810178860236e-07
37000.000000000095 1.752654653554346e-07
37050.000000000095 1.9238158383456105e-07
37100.000000000095 2.0826259264350958e-07
37150.000000000095 2.0739623410071832e-07
37200.000000000095 2.0349452968346678e-07
37250.000000000095 1.8029546192704545e-07
37300.000000000095 1.9338301734472448e-07
37350.000000000095 2.1452385309518198e-07
37400.000000000095 2.4726422596398525e-07
37450.000000000095 2.3094261850700332e-07
37500.000000000095 1.9254977222123104e-07
37550.000000000095 2.798930388182847e-07
37600.000000000095 2.885475151584417e-07
37650.000000000095 2.278508552926542e-07
37700.000000000095 2.4637107745309327e-07
37750.000000000095 2.02242201503728e-07
37800.000000000095 2.2977962774016667e-07
37850.000000000095 2.0615019206790815e-07
37900.000000000095 2.3294966673307116e-07
37950.000000000095 2.6659260344116067e-07
38000.000000000095 3.09391393655623e-07
38050.000000000095 2.695703196481456e-07
38100.000000000095 2.9110655666161496e-07
38150.000000000095 3.0645124892389263e-07
38200.000000000095 3.2987128978779744e-07
38250.000000000095 3.110158222419626e-07
38300.000000000095 3.739881061037905e-07
38350.000000000095 3.837929357908148e-07
38400.000000000095 2.755145651447271e-07
38450.000000000095 3.051168545488957e-07
38500.000000000095 2.559590213240965e-07
38550.000000000095 3.0452193569270895e-07
38600.000000000095 3.1266009410084284e-07
38650.000000000095 3.962305273839997e-07
38700.000000000095 3.6298466426239955e-07
38750.000000000095 3.6481885224738113e-07
38800.000000000095 3.1934926957892257e-07
38850.000000000095 4.081952641036351e-07
38900.000000000095 4.033745874718505e-07
38950.000000000095 3.689024365623063e-07
39000.000000000095 4.472025630950088e-07
39050.000000000095 3.8392543790547567e-07
39100.000000000095 4.0241208026256633e-07
39150.000000000095 3.9068735178378805e-07
39200.000000000095 3.750956089102135e-07
39250.000000000095 4.4874959665521303e-07
39300.000000000095 4.2871699967595824e-07
39350.000000000095 5.17347495822607e-07
39400.000000000095 4.945299256190713e-07
39450.000000000095 4.891665639360621e-07
39500.000000000095 4.1623590826209333e-07
39550.000000000095 4.4899653467271027e-07
39600.000000000095 4.7031576582270815e-07
39650.000000000095 5.562091628964016e-07
39700.000000000095 4.659027462552653e-07
39750.000000000095 3.917288481598637e-07
39800.000000000095 5.020958020421037e-07
39850.000000000095 5.289246601688881e-07
39900.000000000095 5.130050402941926e-07
39950.000000000095 5.126095239902971e-07
40000.000000000095 5.583579647819109e-07
40050.000000000095 5.619463004541623e-07
40100.000000000095 4.7270775155306095e-07
40150.000000000095 6.258545727162485e-07
40200.000000000095 6.224965589010645e-07
40250.000000000095 5.346552462872329e-07
40300.000000000095 5.966595646624547e-07
40350.000000000095 5.243291086756984e-07
40400.000000000095 5.958113058696169e-07
40450.000000000095 5.774726900239885e-07
40500.000000000095 5.842349377213767e-07
40550.000000000095 6.163568448453394e-07
40600.000000000095 5.685681792008737e-07
40650.000000000095 6.299892609044231e-07
40700.000000000095 7.491790298246905e-07
40750.000000000095 6.491150322642119e-07
40800.000000000095 5.35118832266567e-07
40850.000000000095 6.801910784086175e-07
40900.000000000095 5.866726968770069e-07
40950.000000000095 5.821570263230073e-07
41000.000000000095 6.31042982588181e-07
41050.000000000095 7.033694740313427e-07
41100.000000000095 5.681974511910417e-07
41150.000000000095 5.288360723142878e-07
41200.000000000095 6.878201761245481e-07
41250.000000000095 6.679023364572867e-07
41300.000000000095 5.295733300082938e-07
41350.000000000095 7.223298677011953e-07
41400.000000000095 6.577893794834061e-07
41450.000000000095 6.842456265134134e-07
41500.000000000095 6.014989856030342e-07
41550.000000000095 5.781826133035665e-07
41600.000000000095 6.667838658751201e-07
41650.000000000095 5.98866034282212e-07
41700.000000000095 5.853337260064413e-07
41750.000000000095 5.179350683393505e-07
41800.000000000095 7.142398016673256e-07
41850.000000000095 4.1581781683841406e-07
41900.000000000095 5.54066814695713e-07
41950.000000000095 5.593156266980193e-07
42000.000000000095 5.959535217290112e-07
42050.000000000095 5.251781081694489e-07
42100.000000000095 5.738647776689254e-07
42150.000000000095 4.513514753980674e-07
42200.000000000095 5.133854855061605e-07
42250.000000000095 4.6891253280262874e-07
42300.000000000095 4.943166293725609e-07
42350.000000000095 5.232240636004908e-07
42400.000000000095 4.296665227848357e-07
42450.000000000095 4.1760875434513805e-07
42500.000000000095 4.2102865438501326e-07
42550.000000000095 4.3059994521527635e-07
42600.000000000095 4.54050846451923e-07
42650.000000000095 5.715823733688136e-07
42700.000000000095 4.418348742631541e-07
42750.000000000095 4.3323106718797093e-07
42800.000000000095 3.8576514433541743e-07
42850.000000000095 4.692339521881935e-07
42900.000000000095 4.971622614320198e-07
42950.000000000095 3.7795817666232283e-07
43000.000000000095 5.225927706536412e-07
43050.000000000095 3.3010700851857044e-07
43100.000000000095 4.4649139879631617e-07
43150.000000000095 4.953777455259456e-07
43200.000000000095 4.868877386870478e-07
43250.000000000095 4.829060980273593e-07
43300.000000000095 5.625188573709178e-07
43350.000000000095 4.0539852500766646e-07
43400.000000000095 4.924040979183485e-07
43450.000000000095 3.6730366401331103e-07
43500.000000000095 3.55827151767621e-07
43550.000000000095 3.6929935010126425e-07
43600.000000000095 4.6668287803225343e-07
43650.000000000095 3.2940162025799896e-07
43700.000000000095 4.932851390319996e-07
43750.000000000095 4.934452305321698e-07
43800.000000000095 3.884263920429881e-07
43850.000000000095 4.0744416019281477e-07
43900.000000000095 3.184110105718594e-07
43950.000000000095 3.2958087599591287e-07
44000.000000000095 2.2095460215541532e-07
44050.000000000095 3.368139751642313e-07
44100.000000000095 3.474712725973317e-07
44150.000000000095 3.4697270512385364e-07
44200.000000000095 2.925109282156964e-07
44250.000000000095 2.819492369554667e-07
44300.000000000095 2.563850982262488e-07
44350.000000000095 2.0481125372228968e-07
44400.000000000095 2.2704121970754383e-07
44450.000000000095 2.272327892720675e-07
44500.000000000095 1.7698265773510738e-07
44550.000000000095 2.0591603285242853e-07
44600.000000000095 1.7049047012801058e-07
44650.000000000095 1.9762353313065043e-07
44700.000000000095 1.8085011752691718e-07
44750.000000000095 1.888122677648044e-07
44800.000000000095 1.7191098062301313e-07
44850.000000000095 1.6200127474552842e-07
44900.000000000095 1.3001424531672765e-07
44950.000000000095 1.308788391508537e-07
45000.000000000095 1.3398777891890955e-07
45050.000000000095 1.4117860761540708e-07
45100.000000000095 1.263973649242301e-07
45150.000000000095 1.1990186694156635e-07
45200.000000000095 9.375212072499652e-08
45250.000000000095 1.0235052663024984e-07
45300.000000000095 1.172452726726311e-07
45350.000000000095 1.1846454068266063e-07
45400.000000000095 8.867043152398986e-08
45450.000000000095 9.001678675749505e-08
45500.000000000095 9.194390148587729e-08
45550.000000000095 1.1124960977653329e-07
45600.000000000095 8.774516192958021e-08
45650.000000000095 8.73557609156195e-08
45700.000000000095 1.1224613454082645e-07
45750.000000000095 9.600705208801437e-08
45800.000000000095 8.144047947111127e-08
45850.000000000095 1.2376715301053227e-07
45900.000000000095 1.2040512798344658e-07
45950.000000000095 8.47215590161479e-08
46000.000000000095 1.1394790174208315e-07
46050.000000000095 1.2385132692522643e-07
46100.000000000095 8.526959172222258e-08
46150.000000000095 1.2277980693347203e-07
46200.000000000095 1.1529672468955772e-07
46250.000000000095 6.361838360259002e-08
46300.000000000095 1.37169257092581e-07
46350.000000000095 9.788239086063167e-08
46400.000000000095 1.1844069741610972e-07
46450.000000000095 1.5753921460344636e-07
46500.000000000095 1.1421519917672198e-07
46550.000000000095 1.6139866141169956e-07
46600.000000000095 1.6341346118756114e-07
46650.000000000095 2.6085706473368555e-07
46700.000000000095 1.9012571169059091e-07
46750.000000000095 1.4904297512754933e-07
46800.000000000095 1.187211773901381e-07
46850.000000000095 1.6396225961164578e-07
46900.000000000095 1.3920595485630264e-07
46950.000000000095 1.8975956034675474e-07
47000.000000000095 1.0800375682253913e-07
47050.000000000095 1.9982238577175585e-07
47100.000000000095 9.796311107342466e-08
47150.000000000095 1.227065480306511e-07
47200.000000000095 1.4653106792165786e-07
47250.000000000095 1.0437370580886116e-07
47300.000000000095 1.2448310988711557e-07
47350.000000000095 9.065718146128421e-08
47400.000000000095 1.6306303497324504e-07
47450.000000000095 9.2243875408143e-08
47500.000000000095 1.7620157345795092e-07
47550.000000000095 9.689848691683582e-08
47600.000000000095 1.6611510227037898e-07
47650.000000000095 9.953623736109987e-08
47700.000000000095 1.5573176341916174e-07
47750.000000000095 8.452900187803775e-08
47800.000000000095 1.4839613909151154e-07
47850.000000000095 7.92635385877467e-08
47900.000000000095 1.3856701083127738e-07
47950.000000000095 1.0492654646855244e-07
48000.000000000095 1.8860224574449884e-07
48050.000000000095 1.2262107870325473e-07
48100.000000000095 1.6570120260238347e-07
48150.000000000095 1.1792156613926446e-07
48200.000000000095 1.7542704311384194e-07
48250.000000000095 1.282349703428453e-07
48300.000000000095 2.169101059900541e-07
48350.000000000095 1.174150937539393e-07
48400.000000000095 1.5978973339095554e-07
48450.000000000095 1.0881111256292397e-07
48500.000000000095 2.1171185373745418e-07
48550.000000000095 1.0547867256307573e-07
48600.000000000095 1.8992920750741174e-07
