galfind/configs/Brown_Dwarf_templates/sonora_cholla/logkzz4/100g/1050K_100g_logkzz4_resample.dat
# %ECSV 1.0
# ---
# datatype:
# - {name: wav, unit: Angstrom, datatype: float64}
# - {name: flux_nu, unit: erg / (cm2 Hz s), datatype: float64}
# schema: astropy-2.0
wav flux_nu
[from data line 388]
29400.000000000095 1.1367989482256955e-07
29450.000000000095 1.131362800838908e-07
29500.000000000095 1.2100049728050975e-07
29550.000000000095 1.0319725376191192e-07
29600.000000000095 1.4915762692826056e-07
29650.000000000095 1.2152869328221584e-07
29700.000000000095 1.0698792646561199e-07
29750.000000000095 1.3167211567736095e-07
29800.000000000095 1.613961382859917e-07
29850.000000000095 1.6307599245575356e-07
29900.000000000095 1.474263008052024e-07
29950.000000000095 1.297865539157259e-07
30000.000000000095 1.3856829670628684e-07
30050.000000000095 1.1599211275913253e-07
30100.000000000095 1.3598535992191684e-07
30150.000000000095 1.7252243453059817e-07
30200.000000000095 1.329882110573113e-07
30250.000000000095 1.8108892017318294e-07
30300.000000000095 1.558712770642632e-07
30350.000000000095 1.3010577919695113e-07
30400.000000000095 1.6381220526511804e-07
30450.000000000095 1.3337242962880254e-07
30500.000000000095 1.2594533346389916e-07
30550.000000000095 1.3722447585495915e-07
30600.000000000095 1.4931593782078768e-07
30650.000000000095 1.386102699011615e-07
30700.000000000095 1.2159688015923647e-07
30750.000000000095 1.1076229934929386e-07
30800.000000000095 1.1166470849949088e-07
30850.000000000095 1.0687163482340884e-07
30900.000000000095 1.0693644198170908e-07
30950.000000000095 7.504681171544083e-08
31000.000000000095 9.155847612268765e-08
31050.000000000095 9.217158368243513e-08
31100.000000000095 6.277612138918985e-08
31150.000000000095 7.903460743601316e-08
31200.000000000095 8.019883628333872e-08
31250.000000000095 6.69232350714963e-08
31300.000000000095 6.372298645787375e-08
31350.000000000095 6.160999913004222e-08
31400.000000000095 4.2256120250895033e-08
31450.000000000095 6.431303455095987e-08
31500.000000000095 4.618867127306766e-08
31550.000000000095 5.916764006468181e-08
31600.000000000095 4.0465119905818927e-08
31650.000000000095 4.3864039153866265e-08
31700.000000000095 4.6691318316385685e-08
31750.000000000095 3.6135950859632063e-08
31800.000000000095 4.3101017840919684e-08
31850.000000000095 3.978231131067542e-08
31900.000000000095 3.792712484112048e-08
31950.000000000095 3.8427937227464783e-08
32000.000000000095 3.794679578722976e-08
32050.000000000095 2.9333163135488933e-08
32100.000000000095 2.8947282885189077e-08
32150.000000000095 3.68130898869881e-08
32200.000000000095 2.9155660009095037e-08
32250.000000000095 4.1100393272892264e-08
32300.000000000095 2.5523187393535736e-08
32350.000000000095 4.8447368769475343e-08
32400.000000000095 3.491836253123402e-08
32450.000000000095 4.650415570367622e-08
32500.000000000095 3.52888670179891e-08
32550.000000000095 4.4491164592442673e-08
32600.000000000095 4.795353740724334e-08
32650.000000000095 6.0753888425617e-08
32700.000000000095 4.756879476531079e-08
32750.000000000095 6.854199080493549e-08
32800.000000000095 4.911127201183896e-08
32850.000000000095 6.98713475205128e-08
32900.000000000095 7.432800617607639e-08
32950.000000000095 7.86121335017003e-08
33000.000000000095 6.90636055181378e-08
33050.000000000095 6.66926193910218e-08
33100.000000000095 3.4847176214729e-08
33150.000000000095 1.1163226133233063e-08
33200.000000000095 1.2154353797250466e-08
33250.000000000095 6.542529377006296e-09
33300.000000000095 6.9565117506256775e-09
33350.000000000095 1.3290677573694126e-08
33400.000000000095 1.9317208684559276e-08
33450.000000000095 2.4922505589368746e-08
33500.000000000095 3.272639756486634e-08
33550.000000000095 3.222532745943723e-08
33600.000000000095 4.9742372492026585e-08
33650.000000000095 4.8486180223453955e-08
33700.000000000095 4.532259378456609e-08
33750.000000000095 5.936195520397449e-08
33800.000000000095 4.5210774579414794e-08
33850.000000000095 5.947631335136325e-08
33900.000000000095 5.32099790039083e-08
33950.000000000095 5.765559298551241e-08
34000.000000000095 6.280078343952913e-08
34050.000000000095 3.200656756986555e-08
34100.000000000095 6.110847265016895e-08
34150.000000000095 4.669774248971186e-08
34200.000000000095 5.754474840382701e-08
34250.000000000095 4.677736316483872e-08
34300.000000000095 3.961577376368888e-08
34350.000000000095 5.317888691928507e-08
34400.000000000095 4.544446757153724e-08
34450.000000000095 6.234799526657772e-08
34500.000000000095 5.255440384768817e-08
34550.000000000095 3.831673328730208e-08
34600.000000000095 6.306630106070355e-08
34650.000000000095 4.2510694899306796e-08
34700.000000000095 4.6800426045600395e-08
34750.000000000095 4.526569874184682e-08
34800.000000000095 3.275428487731234e-08
34850.000000000095 5.010058021016848e-08
34900.000000000095 6.006401603858162e-08
34950.000000000095 5.0094590520283444e-08
35000.000000000095 6.61444430365475e-08
35050.000000000095 5.324936446037081e-08
35100.000000000095 6.728126951871615e-08
35150.000000000095 6.287399257091153e-08
35200.000000000095 8.785227848047884e-08
35250.000000000095 8.437421225283607e-08
35300.000000000095 5.7926450467248616e-08
35350.000000000095 8.31540257165339e-08
35400.000000000095 7.968615894461585e-08
35450.000000000095 7.022391158130167e-08
35500.000000000095 1.1004862793172048e-07
35550.000000000095 9.627476736944065e-08
35600.000000000095 9.785480711464174e-08
35650.000000000095 9.69726712939367e-08
35700.000000000095 7.044258345607998e-08
35750.000000000095 1.185605012442742e-07
35800.000000000095 1.0857742581151974e-07
35850.000000000095 7.99771702695193e-08
35900.000000000095 1.216100425937949e-07
35950.000000000095 1.1263680103423475e-07
36000.000000000095 8.463540256645036e-08
36050.000000000095 1.1746977327428702e-07
36100.000000000095 1.1240983944155649e-07
36150.000000000095 1.1945299199850724e-07
36200.000000000095 1.1928235958545038e-07
36250.000000000095 1.2933041992549072e-07
36300.000000000095 1.3878005193287847e-07
36350.000000000095 1.4894497327948865e-07
36400.000000000095 1.733008234530388e-07
36450.000000000095 1.67988493222607e-07
36500.000000000095 1.7545103619372594e-07
36550.000000000095 1.7318856586758367e-07
36600.000000000095 2.0707375223183413e-07
36650.000000000095 2.1190129811025154e-07
36700.000000000095 2.266206894419012e-07
36750.000000000095 2.4378929209450777e-07
36800.000000000095 2.2369096797123522e-07
36850.000000000095 2.1555371184228166e-07
36900.000000000095 2.205729563926175e-07
36950.000000000095 2.441761122362743e-07
37000.000000000095 2.303249276923012e-07
37050.000000000095 2.5000712037673043e-07
37100.000000000095 2.6869989028171277e-07
37150.000000000095 2.702460859916147e-07
37200.000000000095 2.696878476105352e-07
37250.000000000095 2.3923877557996173e-07
37300.000000000095 2.568482894692986e-07
37350.000000000095 2.7700255746002536e-07
37400.000000000095 3.1966415733819377e-07
37450.000000000095 3.0160747228542607e-07
37500.000000000095 2.579195796857686e-07
37550.000000000095 3.542365982559962e-07
37600.000000000095 3.677727572094101e-07
37650.000000000095 2.9903546099234654e-07
37700.000000000095 3.2274365856264775e-07
37750.000000000095 2.701090151358241e-07
37800.000000000095 3.069070401616107e-07
37850.000000000095 2.742090257117917e-07
37900.000000000095 3.1150137783265734e-07
37950.000000000095 3.5023084759336324e-07
38000.000000000095 3.959174950317382e-07
38050.000000000095 3.4970345975111215e-07
38100.000000000095 3.7652397888998585e-07
38150.000000000095 3.893681309903746e-07
38200.000000000095 4.2432234278828137e-07
38250.000000000095 3.9685272184022585e-07
38300.000000000095 4.6387981389775445e-07
38350.000000000095 4.794557322851643e-07
38400.000000000095 3.5666172311061787e-07
38450.000000000095 4.050623385299646e-07
38500.000000000095 3.5156639770072486e-07
38550.000000000095 4.052399926955116e-07
38600.000000000095 4.1357633731894367e-07
38650.000000000095 5.046796032584642e-07
38700.000000000095 4.721796821702601e-07
38750.000000000095 4.6953299068433194e-07
38800.000000000095 4.230244784474575e-07
38850.000000000095 5.18723173161486e-07
38900.000000000095 5.101487223730603e-07
38950.000000000095 4.806520040570333e-07
39000.000000000095 5.646885196303573e-07
39050.000000000095 4.976577983545642e-07
39100.000000000095 5.014834166122117e-07
39150.000000000095 5.048687284674084e-07
39200.000000000095 4.853561724510069e-07
39250.000000000095 5.670167858224156e-07
39300.000000000095 5.478887290374386e-07
39350.000000000095 6.397036912128371e-07
39400.000000000095 6.261862865401985e-07
39450.000000000095 6.181321577776294e-07
39500.000000000095 5.219887821249901e-07
39550.000000000095 5.704497836586712e-07
39600.000000000095 5.931324037277014e-07
39650.000000000095 6.787709154821844e-07
39700.000000000095 5.90697070219643e-07
39750.000000000095 5.120820886329548e-07
39800.000000000095 6.290524786239265e-07
39850.000000000095 6.543749775382115e-07
39900.000000000095 6.358319462766443e-07
39950.000000000095 6.395695403891918e-07
40000.000000000095 6.727834821955826e-07
40050.000000000095 6.896323392286514e-07
40100.000000000095 6.097228375235558e-07
40150.000000000095 7.626710997840239e-07
40200.000000000095 7.633546088443465e-07
40250.000000000095 6.454811264224533e-07
40300.000000000095 7.15460175906308e-07
40350.000000000095 6.516929763413496e-07
40400.000000000095 7.272648860561282e-07
40450.000000000095 7.094047312840341e-07
40500.000000000095 6.869521840325889e-07
40550.000000000095 7.423609451505366e-07
40600.000000000095 6.714995476791288e-07
40650.000000000095 7.668499256173084e-07
40700.000000000095 8.839976184291463e-07
40750.000000000095 7.602220760590166e-07
40800.000000000095 6.438164649631895e-07
40850.000000000095 7.832257560901294e-07
40900.000000000095 6.890515721198329e-07
40950.000000000095 6.98393397991115e-07
41000.000000000095 7.416696355291684e-07
41050.000000000095 8.149605640415907e-07
41100.000000000095 6.689897208939829e-07
41150.000000000095 6.36400627506116e-07
41200.000000000095 7.8416941853109e-07
41250.000000000095 7.787114359610397e-07
41300.000000000095 6.079620923821932e-07
41350.000000000095 8.228647692924866e-07
41400.000000000095 7.587017969798644e-07
41450.000000000095 7.816592744508037e-07
41500.000000000095 7.144081504560774e-07
41550.000000000095 6.76842029033929e-07
41600.000000000095 7.563120822167948e-07
41650.000000000095 6.862235260576987e-07
41700.000000000095 6.701619232440959e-07
41750.000000000095 5.876668113256791e-07
41800.000000000095 7.983694040544612e-07
41850.000000000095 4.6494390385704176e-07
41900.000000000095 6.330732100020973e-07
41950.000000000095 6.305106457680831e-07
42000.000000000095 6.604903017373796e-07
42050.000000000095 5.692133935843063e-07
42100.000000000095 6.224654849392374e-07
42150.000000000095 4.903638540314282e-07
42200.000000000095 5.594956979164603e-07
42250.000000000095 5.092733811546827e-07
42300.000000000095 5.333932156181469e-07
42350.000000000095 5.604723541882268e-07
42400.000000000095 4.569690449592375e-07
42450.000000000095 4.2598737167555866e-07
42500.000000000095 4.504207117214251e-07
42550.000000000095 4.5736702865884334e-07
42600.000000000095 4.919294576596949e-07
42650.000000000095 5.949130425036312e-07
42700.000000000095 4.838498065402265e-07
42750.000000000095 4.7303579026977495e-07
42800.000000000095 4.1611131664643357e-07
42850.000000000095 5.066602695435325e-07
42900.000000000095 5.279881239257026e-07
42950.000000000095 4.042504617556326e-07
43000.000000000095 5.490118815165034e-07
43050.000000000095 3.64719248052812e-07
43100.000000000095 4.906012363977394e-07
43150.000000000095 5.339426400181993e-07
43200.000000000095 5.197101477103088e-07
43250.000000000095 4.916915251386358e-07
43300.000000000095 5.891680170522462e-07
43350.000000000095 4.446353118548715e-07
43400.000000000095 5.340341878638515e-07
43450.000000000095 4.017412524943403e-07
43500.000000000095 3.846176560622662e-07
43550.000000000095 3.9591220311029174e-07
43600.000000000095 4.970476970830973e-07
43650.000000000095 3.5188923961687536e-07
43700.000000000095 5.159821977713064e-07
43750.000000000095 5.155973968490812e-07
43800.000000000095 4.062700427980293e-07
43850.000000000095 4.352583964285065e-07
43900.000000000095 3.3368803266664444e-07
43950.000000000095 3.5934536678226915e-07
44000.000000000095 2.431706451071104e-07
44050.000000000095 3.556139773564276e-07
44100.000000000095 3.6425846741881354e-07
44150.000000000095 3.6557445644428284e-07
44200.000000000095 3.085116183395074e-07
44250.000000000095 3.0197335949584266e-07
44300.000000000095 2.7688372888675254e-07
44350.000000000095 2.2031770464912787e-07
44400.000000000095 2.4624756294399595e-07
44450.000000000095 2.4449095062043463e-07
44500.000000000095 1.9160986432235786e-07
44550.000000000095 2.2051578416548191e-07
44600.000000000095 1.8549412432329038e-07
44650.000000000095 2.1410600455683497e-07
44700.000000000095 1.977276307176895e-07
44750.000000000095 2.0631345270774198e-07
44800.000000000095 1.9040176932613645e-07
44850.000000000095 1.7793966308754897e-07
44900.000000000095 1.4563089027512367e-07
44950.000000000095 1.4745619404818427e-07
45000.000000000095 1.5020570526113857e-07
45050.000000000095 1.5814374990783404e-07
45100.000000000095 1.4191128367303607e-07
45150.000000000095 1.3566405635665125e-07
45200.000000000095 1.0905208727272138e-07
45250.000000000095 1.1775025399397187e-07
45300.000000000095 1.3370377403821772e-07
45350.000000000095 1.3583336863774903e-07
45400.000000000095 1.0310453803741686e-07
45450.000000000095 1.0493022435714255e-07
45500.000000000095 1.0709195388884485e-07
45550.000000000095 1.276936924029431e-07
45600.000000000095 1.0225041026559836e-07
45650.000000000095 1.0249718707597662e-07
45700.000000000095 1.304908941861364e-07
45750.000000000095 1.1229670128274242e-07
45800.000000000095 9.674858277804748e-08
45850.000000000095 1.4291193605050604e-07
45900.000000000095 1.3890460094336708e-07
45950.000000000095 1.0079120421093088e-07
46000.000000000095 1.3222674081995772e-07
46050.000000000095 1.4324081880462175e-07
46100.000000000095 1.013408302675441e-07
46150.000000000095 1.414162361943676e-07
46200.000000000095 1.3236647882019007e-07
46250.000000000095 7.698101894902935e-08
46300.000000000095 1.5696545993357952e-07
46350.000000000095 1.1236390204593169e-07
46400.000000000095 1.3588023265577298e-07
46450.000000000095 1.7736055164704152e-07
46500.000000000095 1.3205378508754015e-07
46550.000000000095 1.8270347314163634e-07
46600.000000000095 1.838515889190721e-07
46650.000000000095 2.837220142525614e-07
46700.000000000095 2.108503364674091e-07
46750.000000000095 1.688851640621934e-07
46800.000000000095 1.3856991807411226e-07
46850.000000000095 1.8395138051696687e-07
46900.000000000095 1.5751673816940817e-07
46950.000000000095 2.1099239785046422e-07
47000.000000000095 1.2579279380037706e-07
47050.000000000095 2.2295468203228208e-07
47100.000000000095 1.1649553750343014e-07
47150.000000000095 1.4132467313526934e-07
47200.000000000095 1.6691935307646764e-07
47250.000000000095 1.2301953310558438e-07
47300.000000000095 1.443760634113015e-07
47350.000000000095 1.0690238420194511e-07
47400.000000000095 1.8394906032389916e-07
47450.000000000095 1.0952756315975445e-07
47500.000000000095 1.9749315113086818e-07
47550.000000000095 1.1410084616383024e-07
47600.000000000095 1.867120097386008e-07
47650.000000000095 1.1672310705173174e-07
47700.000000000095 1.750849196038754e-07
47750.000000000095 1.001257993304036e-07
47800.000000000095 1.6933578683787667e-07
47850.000000000095 9.235574183116422e-08
47900.000000000095 1.5995435614650943e-07
47950.000000000095 1.2109009983897978e-07
48000.000000000095 2.100355173602211e-07
48050.000000000095 1.3963135542059713e-07
48100.000000000095 1.876941296279493e-07
48150.000000000095 1.334908221329878e-07
48200.000000000095 1.956669103297441e-07
48250.000000000095 1.464555240371273e-07
48300.000000000095 2.3849176298048177e-07
48350.000000000095 1.3369213065575168e-07
48400.000000000095 1.8350820263343474e-07
48450.000000000095 1.226243566629209e-07
48500.000000000095 2.342846028049224e-07
48550.000000000095 1.2103630478749602e-07
48600.000000000095 2.1222327252414932e-07
48650.000000000095 1.2387040576869497e-07
