galfind/configs/Brown_Dwarf_templates/sonora_cholla/logkzz4/100g/1050K_100g_logkzz4_resample.dat
# %ECSV 1.0
# ---
# datatype:
# - {name: wav, unit: Angstrom, datatype: float64}
# - {name: flux_nu, unit: erg / (cm2 Hz s), datatype: float64}
# schema: astropy-2.0
wav flux_nu
[from data line 1161]
68050.00000000009 1.92785563433162e-07
68100.00000000009 2.0764186435098804e-07
68150.00000000009 1.6377414653898077e-07
68200.00000000009 1.6981761145961303e-07
68250.00000000009 8.566795419291677e-08
68300.00000000009 1.5002720169468246e-07
68350.00000000009 8.445527456738297e-08
68400.00000000009 2.110662593831452e-07
68450.00000000009 2.0343251064388902e-07
68500.00000000009 1.712643297972981e-07
68550.00000000009 1.2077051051276713e-07
68600.00000000009 1.276935410947599e-07
68650.00000000009 8.86545038161709e-08
68700.00000000009 1.3965793439832533e-07
68750.00000000009 1.696458142972849e-07
68800.00000000009 1.8546311065809529e-07
68850.00000000009 1.0192719474999643e-07
68900.00000000009 2.2497049300727704e-07
68950.00000000009 2.343564476078289e-07
69000.00000000009 2.1888108903307078e-07
69050.00000000009 1.411739616515e-07
69100.00000000009 2.2270452842613017e-07
69150.00000000009 2.654566437296552e-07
69200.00000000009 1.6783648056402186e-07
69250.00000000009 2.414650129320486e-07
69300.00000000009 1.726039918715919e-07
69350.00000000009 2.245737555996657e-07
69400.00000000009 1.1723309849113691e-07
69450.00000000009 2.3349096573264736e-07
69500.00000000009 1.5552558303428597e-07
69550.00000000009 1.6538883119798844e-07
69600.00000000009 7.169518766278826e-08
69650.00000000009 1.5223906665016096e-07
69700.00000000009 2.1672435440253098e-07
69750.00000000009 1.546624223808959e-07
69800.00000000009 2.028863689904928e-07
69850.00000000009 2.1190111138120106e-07
69900.00000000009 1.4474849124138957e-07
69950.00000000009 1.7047521943933987e-07
70000.00000000009 1.5088708338857811e-07
70050.00000000009 2.211166075083417e-07
70100.00000000009 1.681655645881833e-07
70150.00000000009 1.8167730936384068e-07
70200.00000000009 1.3223108580940174e-07
70250.00000000009 1.7028585268143646e-07
70300.00000000009 2.120642010311321e-07
70350.00000000009 1.5843902143740223e-07
70400.00000000009 1.4686485604547878e-07
70450.00000000009 7.807020755697171e-08
70500.00000000009 1.1861675669050973e-07
70550.00000000009 1.272711491833345e-07
70600.00000000009 1.2484674432494188e-07
70650.00000000009 1.8256421587616538e-07
70700.00000000009 1.7274594617812274e-07
70750.00000000009 1.9944593638431307e-07
70800.00000000009 1.364887468863485e-07
70850.00000000009 1.3377036349776114e-07
70900.00000000009 1.3110176143490908e-07
70950.00000000009 2.0628241494604637e-07
71000.00000000009 1.6995476229035228e-07
71050.00000000009 1.7743005491503437e-07
71100.00000000009 1.5734813567807952e-07
71150.00000000009 1.6006382067430687e-07
71200.00000000009 1.4081947255080644e-07
71250.00000000009 1.5177830469139233e-07
71300.00000000009 1.9622189429016266e-07
71350.00000000009 1.8430782572945245e-07
71400.00000000009 1.828179526839018e-07
71450.00000000009 1.0768605685222175e-07
71500.00000000009 1.3280231063354405e-07
71550.00000000009 1.4276532768607767e-07
71600.00000000009 1.544562861728678e-07
71650.00000000009 1.4678201601883772e-07
71700.00000000009 1.206584601266816e-07
71750.00000000009 1.4614584605071e-07
71800.00000000009 1.8866673145267472e-07
71850.00000000009 1.8257289567521707e-07
71900.00000000009 1.2926910280653725e-07
71950.00000000009 1.3898340513482227e-07
72000.00000000009 1.3973961390328706e-07
72050.00000000009 1.1073595235129135e-07
72100.00000000009 1.2930794004127147e-07
72150.00000000009 1.1106898278646125e-07
72200.00000000009 1.374052229219349e-07
72250.00000000009 1.5792658863496445e-07
72300.00000000009 1.5107997837849935e-07
72350.00000000009 1.4939820229957678e-07
72400.00000000009 1.2142613988861276e-07
72450.00000000009 1.1388983605731006e-07
72500.00000000009 1.3385774596152275e-07
72550.00000000009 8.380056827328486e-08
72600.00000000009 8.159165926058224e-08
72650.00000000009 1.5811579163427325e-07
72700.00000000009 1.5743780522629765e-07
72750.00000000009 1.3206647149692043e-07
72800.00000000009 1.2284226515709702e-07
72850.00000000009 1.1750834858451527e-07
72900.00000000009 1.4160410626589218e-07
72950.00000000009 1.4275650342022293e-07
73000.00000000009 1.4460705615977316e-07
73050.00000000009 1.2135652857519374e-07
73100.00000000009 1.0640761949358008e-07
73150.00000000009 1.8209357467194044e-07
73200.00000000009 1.1316127417085583e-07
73250.00000000009 1.2933160145914796e-07
73300.00000000009 1.339124402796462e-07
73350.00000000009 1.0697964778468449e-07
73400.00000000009 1.3134976452974408e-07
73450.00000000009 8.824883285900443e-08
73500.00000000009 9.334677619834644e-08
73550.00000000009 1.1961255281316898e-07
73600.00000000009 9.280440436681144e-08
73650.00000000009 1.2612917202554397e-07
73700.00000000009 1.5184863274908398e-07
73750.00000000009 9.332816873467301e-08
73800.00000000009 1.1807921090863689e-07
73850.00000000009 1.285270060243183e-07
73900.00000000009 1.4215532380028472e-07
73950.00000000009 1.216791587515972e-07
74000.00000000009 1.1166902172592002e-07
74050.00000000009 1.8238794748090716e-07
74100.00000000009 1.1147051556394807e-07
74150.00000000009 1.2951105958118327e-07
74200.00000000009 1.1584140716722792e-07
74250.00000000009 7.59826805844213e-08
74300.00000000009 1.1798105104309808e-07
74350.00000000009 1.4248730865354185e-07
74400.00000000009 1.2818958565819128e-07
74450.00000000009 7.99216736076148e-08
74500.00000000009 9.65252053930823e-08
74550.00000000009 1.1650597415570804e-07
74600.00000000009 1.1414423769493487e-07
74650.00000000009 1.1316010772924377e-07
74700.00000000009 8.815893394439622e-08
74750.00000000009 1.0567515052609781e-07
74800.00000000009 1.0810779193101689e-07
74850.00000000009 7.194797389815243e-08
74900.00000000009 1.51069478976061e-07
74950.00000000009 1.5382250167534932e-07
75000.00000000009 1.2473734526029145e-07
75050.00000000009 9.811325942308124e-08
75100.00000000009 1.64996817293536e-07
75150.00000000009 1.3509929199209373e-07
75200.00000000009 1.619803730772191e-07
75250.00000000009 1.4229760673043703e-07
75300.00000000009 1.5679760077410431e-07
75350.00000000009 9.410623308976991e-08
75400.00000000009 1.5437073469357108e-07
75450.00000000009 1.3205505197145232e-07
75500.00000000009 1.215471629762465e-07
75550.00000000009 1.6441167896339275e-07
75600.00000000009 1.9257656129079333e-07
75650.00000000009 1.215336318672319e-07
75700.00000000009 1.310466570791603e-07
75750.00000000009 9.491754972212659e-08
75800.00000000009 1.4476839382548947e-07
75850.00000000009 1.7621113597763407e-07
75900.00000000009 1.5279784425613605e-07
75950.00000000009 1.2256569561209318e-07
76000.00000000009 1.3432613465354512e-07
76050.00000000009 1.5529745663373298e-07
76100.00000000009 1.305746978258208e-07
76150.00000000009 1.581364791939673e-07
76200.00000000009 1.614071313032313e-07
76250.00000000009 1.9067471249417627e-07
76300.00000000009 1.992025685782842e-07
76350.00000000009 2.4083509619798625e-07
76400.00000000009 1.8722710112259588e-07
76450.00000000009 1.7954350449567996e-07
76500.00000000009 1.4518812117456476e-07
76550.00000000009 1.3711557655342112e-07
76600.00000000009 6.909550813731553e-08
76650.00000000009 7.333686346723739e-08
76700.00000000009 8.56255129713113e-08
76750.00000000009 7.753421749906922e-08
76800.00000000009 1.1748652765569215e-07
76850.00000000009 5.156274970968456e-08
76900.00000000009 6.14692612987046e-08
76950.00000000009 9.218346003126984e-08
77000.00000000009 1.0117432277458034e-07
77050.00000000009 7.05314040893739e-08
77100.00000000009 7.689157952297059e-08
77150.00000000009 1.1325726817202655e-07
77200.00000000009 9.35581038897514e-08
77250.00000000009 1.0438603120166487e-07
77300.00000000009 9.876298452793528e-08
77350.00000000009 6.716155249789052e-08
77400.00000000009 6.18108935407432e-08
77450.00000000009 7.008192139192016e-08
77500.00000000009 7.894872029236427e-08
77550.00000000009 9.266182897257493e-08
77600.00000000009 9.846676533728541e-08
77650.00000000009 9.503220704699501e-08
77700.00000000009 7.022323200622265e-08
77750.00000000009 1.153401252083396e-07
77800.00000000009 9.081939599481468e-08
77850.00000000009 1.3775981973544614e-07
77900.00000000009 1.1282082772351017e-07
77950.00000000009 7.566427802862321e-08
78000.00000000009 9.289976701997805e-08
78050.00000000009 1.1331258139087711e-07
78100.00000000009 8.676637954095483e-08
78150.00000000009 1.2665665105094297e-07
78200.00000000009 1.278463351937519e-07
78250.00000000009 1.4027182019429108e-07
78300.00000000009 1.376248309450641e-07
78350.00000000009 1.2388819423184869e-07
78400.00000000009 1.1499554185108434e-07
78450.00000000009 1.5380427242344445e-07
78500.00000000009 1.3778171292391283e-07
78550.00000000009 1.5001715534606758e-07
78600.00000000009 1.299791523707853e-07
78650.00000000009 6.489293831648703e-08
78700.00000000009 1.040779826874818e-07
78750.00000000009 9.82140319395464e-08
78800.00000000009 1.3461152894614575e-07
78850.00000000009 9.493230076044526e-08
78900.00000000009 1.271306464944429e-07
78950.00000000009 1.1330209881841623e-07
79000.00000000009 1.1398540902926856e-07
79050.00000000009 1.0533346508614305e-07
79100.00000000009 1.1435752953189815e-07
79150.00000000009 1.277943711085163e-07
79200.00000000009 1.5331301928672492e-07
79250.00000000009 1.3370607817852258e-07
79300.00000000009 9.460722510690718e-08
79350.00000000009 1.394824850056725e-07
79400.00000000009 1.1818236188743427e-07
79450.00000000009 1.251041402556314e-07
79500.00000000009 1.8342312869757197e-07
79550.00000000009 1.4637027962309765e-07
79600.00000000009 1.032986837389382e-07
79650.00000000009 1.297991241607693e-07
79700.00000000009 1.6326837091774754e-07
79750.00000000009 1.5281757518177587e-07
79800.00000000009 1.3044499860922246e-07
79850.00000000009 1.2565341480819838e-07
79900.00000000009 1.9028303317370123e-07
79950.00000000009 1.2857974579809517e-07
