galfind/configs/Brown_Dwarf_templates/sonora_cholla/logkzz4/100g/1100K_100g_logkzz4_resample.dat
# %ECSV 1.0
# ---
# datatype:
# - {name: wav, unit: Angstrom, datatype: float64}
# - {name: flux_nu, unit: erg / (cm2 Hz s), datatype: float64}
# schema: astropy-2.0
wav flux_nu
[from data line 775]
48750.000000000095 1.5797859603254582e-07
48800.000000000095 2.450402456300259e-07
48850.000000000095 1.8283977901073896e-07
48900.000000000095 2.6310697907663544e-07
48950.000000000095 2.2604012453145653e-07
49000.000000000095 1.959830539091635e-07
49050.000000000095 2.441126803904006e-07
49100.000000000095 1.7433856167930275e-07
49150.000000000095 2.7568099777612693e-07
49200.000000000095 1.9460413767455209e-07
49250.000000000095 2.798196196444371e-07
49300.000000000095 2.1590514932572508e-07
49350.000000000095 2.2716166521084543e-07
49400.000000000095 2.7580040554883914e-07
49450.000000000095 2.467648955900261e-07
49500.000000000095 2.4546708527840205e-07
49550.000000000095 1.6630836990801593e-07
49600.000000000095 2.550552606911599e-07
49650.000000000095 2.2893817591700193e-07
49700.000000000095 1.9960516116639448e-07
49750.000000000095 3.331224331568177e-07
49800.000000000095 2.072179146647678e-07
49850.000000000095 3.618921319041466e-07
49900.000000000095 2.6873483517711243e-07
49950.000000000095 2.9902478255991993e-07
50000.000000000095 3.308378229653201e-07
50050.000000000095 2.961020191077659e-07
50100.000000000095 3.8973778501709996e-07
50150.000000000095 2.0962702523620929e-07
50200.000000000095 1.6961836994446227e-07
50250.000000000095 3.423173468205499e-07
50300.000000000095 2.4156356196863533e-07
50350.000000000095 3.2151131829028776e-07
50400.000000000095 2.91184988861397e-07
50450.000000000095 2.9531577904481277e-07
50500.000000000095 3.513471112900803e-07
50550.000000000095 2.9886916826212057e-07
50600.000000000095 3.488626102621583e-07
50650.000000000095 3.09765244191871e-07
50700.000000000095 4.120539403332472e-07
50750.000000000095 4.1912785352469955e-07
50800.000000000095 2.2157997592389464e-07
50850.000000000095 2.725164159346095e-07
50900.000000000095 3.870059833244044e-07
50950.000000000095 4.10929583123071e-07
51000.000000000095 3.709385365087158e-07
51050.000000000095 3.2779289122784477e-07
51100.000000000095 2.3953627332947927e-07
51150.000000000095 2.904379115512176e-07
51200.000000000095 3.997069190313517e-07
51250.000000000095 3.8547236536624373e-07
51300.000000000095 2.539887735930335e-07
51350.000000000095 3.36094239506345e-07
51400.000000000095 2.766000901185558e-07
51450.000000000095 2.40120508673581e-07
51500.000000000095 2.2486581061824506e-07
51550.000000000095 3.85614687441253e-07
51600.000000000095 2.626797567508853e-07
51650.000000000095 3.6327635800497016e-07
51700.000000000095 3.623815909539249e-07
51750.000000000095 2.529616265520977e-07
51800.000000000095 4.6677573635346827e-07
51850.000000000095 3.505143708113791e-07
51900.000000000095 4.541181251116402e-07
51950.000000000095 3.9780664063339125e-07
52000.000000000095 1.722572306184464e-07
52050.000000000095 2.7630988731208233e-07
52100.000000000095 2.705211256760924e-07
52150.000000000095 2.2808137336181414e-07
52200.000000000095 2.257367324223909e-07
52250.000000000095 2.6680817273582586e-07
52300.000000000095 4.118640990704878e-07
52350.000000000095 3.3891993007637583e-07
52400.000000000095 2.521124053938273e-07
52450.000000000095 3.7919710355619305e-07
52500.000000000095 3.4008042819710205e-07
52550.000000000095 3.6996812254943495e-07
52600.000000000095 2.849948248156719e-07
52650.000000000095 3.466245079897845e-07
52700.000000000095 2.823159434710664e-07
52750.000000000095 2.461188939940377e-07
52800.000000000095 2.4963960078521435e-07
52850.000000000095 2.966117787438518e-07
52900.000000000095 2.3475203909303002e-07
52950.000000000095 2.368250360636733e-07
53000.000000000095 4.3597728658389953e-07
53050.000000000095 2.0777720064299987e-07
53100.000000000095 3.7850605375070486e-07
53150.000000000095 4.3377532917774045e-07
53200.000000000095 2.2736070047275597e-07
53250.000000000095 4.079289609875124e-07
53300.000000000095 4.0850292554548346e-07
53350.000000000095 3.764776169347933e-07
53400.000000000095 4.1689925335337486e-07
53450.000000000095 2.2684799389416432e-07
53500.000000000095 1.5905309144419297e-07
53550.000000000095 2.3611855958992844e-07
53600.000000000095 3.026725491110075e-07
53650.000000000095 2.647553660048265e-07
53700.000000000095 2.4434251917865514e-07
53750.000000000095 2.574253447804517e-07
53800.000000000095 2.510286955471419e-07
53850.000000000095 3.2846172995977297e-07
53900.000000000095 2.8195258454609126e-07
53950.000000000095 3.830619023392906e-07
54000.000000000095 2.796894378412652e-07
54050.000000000095 2.8378219094920224e-07
54100.000000000095 1.6633035298733733e-07
54150.000000000095 2.3018236248075727e-07
54200.000000000095 1.3037030905465563e-07
54250.000000000095 1.4196720375382993e-07
54300.000000000095 2.2692082392621734e-07
54350.000000000095 2.9033603518177656e-07
54400.000000000095 3.0552968226213004e-07
54450.000000000095 2.440111981464342e-07
54500.000000000095 2.240368248419085e-07
54550.000000000095 2.0072440447730092e-07
54600.000000000095 2.5377422901505746e-07
54650.000000000095 1.6263916833069355e-07
54700.000000000095 2.9065530147758485e-07
54750.000000000095 2.8844384499778245e-07
54800.000000000095 2.1909850379928805e-07
54850.000000000095 2.486139425518289e-07
54900.000000000095 3.1342124261946597e-07
54950.000000000095 4.0406924517816063e-07
55000.000000000095 1.9628707462718758e-07
55050.000000000095 2.778815028473268e-07
55100.000000000095 2.271127223420239e-07
55150.000000000095 2.105451247559454e-07
55200.000000000095 2.1095742410944987e-07
55250.000000000095 2.32154803013928e-07
55300.000000000095 1.7863953943928186e-07
55350.000000000095 2.5235695251203197e-07
55400.000000000095 3.259045162907856e-07
55450.000000000095 2.4959208011122546e-07
55500.000000000095 1.4692633555048028e-07
55550.000000000095 1.963488843922668e-07
55600.000000000095 1.7993317337852708e-07
55650.000000000095 1.5170857138011525e-07
55700.000000000095 2.065668130888575e-07
55750.000000000095 2.3110179797350487e-07
55800.000000000095 1.7653164547444104e-07
55850.000000000095 1.5581872534050164e-07
55900.000000000095 2.627919377162295e-07
55950.000000000095 3.3820540215554755e-07
56000.000000000095 1.7055693573802922e-07
56050.000000000095 2.366752104818219e-07
56100.000000000095 2.656014758504765e-07
56150.000000000095 1.9771397127916104e-07
56200.000000000095 2.2147173486390412e-07
56250.000000000095 2.0926204338566366e-07
56300.000000000095 2.379527042414972e-07
56350.000000000095 2.447993587667146e-07
56400.000000000095 1.7917286858390884e-07
56450.000000000095 1.574695459875864e-07
56500.000000000095 1.6070039889034218e-07
56550.000000000095 1.326740111046576e-07
56600.000000000095 2.4404419642337267e-07
56650.000000000095 2.2786531951348683e-07
56700.000000000095 2.571707789813548e-07
56750.000000000095 1.4879849561084766e-07
56800.000000000095 2.715559995519889e-07
56850.000000000095 2.1160733817079957e-07
56900.000000000095 1.7447235193654575e-07
56950.000000000095 2.6208535850426914e-07
57000.000000000095 2.7335921237480674e-07
57050.000000000095 2.0080856820622714e-07
57100.000000000095 1.1559333201149881e-07
57150.000000000095 1.565766504590413e-07
57200.000000000095 1.3020631203201074e-07
57250.000000000095 1.865812573708694e-07
57300.000000000095 2.3364819937605098e-07
57350.000000000095 1.3381680823067696e-07
57400.000000000095 2.2150488451663427e-07
57450.000000000095 2.097978065621818e-07
57500.000000000095 2.0486158899262678e-07
57550.000000000095 2.523293957927714e-07
57600.000000000095 2.683941865192324e-07
57650.000000000095 1.1917389390093553e-07
57700.000000000095 1.4631324585214072e-07
57750.000000000095 1.8089443336951978e-07
57800.000000000095 7.86773588192573e-08
57850.000000000095 2.9582629461543707e-07
57900.000000000095 3.3846321465348755e-07
57950.000000000095 2.9493206798833127e-07
58000.000000000095 1.619442093595421e-07
58050.000000000095 2.306347411568694e-07
58100.000000000095 2.727399654896135e-07
58150.000000000095 2.0964424910833326e-07
58200.000000000095 1.27575909093934e-07
58250.000000000095 1.6653347406365828e-07
58300.000000000095 1.2857271924076515e-07
58350.000000000095 1.622016822916639e-07
58400.000000000095 2.1089868443574356e-07
58450.000000000095 2.166482416585704e-07
58500.000000000095 1.9806822876636879e-07
58550.000000000095 2.2342941595212078e-07
58600.000000000095 1.3950538135338634e-07
58650.000000000095 1.7716245748453561e-07
58700.000000000095 1.8278573993562377e-07
58750.000000000095 1.9137562090098096e-07
58800.000000000095 1.0872976877245462e-07
58850.000000000095 1.770500577066439e-07
58900.000000000095 2.2693706759642083e-07
58950.000000000095 1.4446634868374083e-07
59000.000000000095 2.151768185021608e-07
59050.000000000095 2.2976925341779462e-07
59100.000000000095 2.7771755236829944e-07
59150.000000000095 1.9976965839058995e-07
59200.000000000095 2.1514505393829582e-07
59250.000000000095 2.316613778602386e-07
59300.000000000095 2.198779770941154e-07
59350.000000000095 1.2383329492292104e-07
59400.000000000095 9.608692045086083e-08
59450.000000000095 1.8954596197905755e-07
59500.000000000095 1.2298136815216719e-07
59550.000000000095 2.3677840310539166e-07
59600.000000000095 2.1626872766049359e-07
59650.000000000095 2.142590405201328e-07
59700.000000000095 1.4449410101473336e-07
59750.000000000095 2.8795535656516503e-07
59800.000000000095 1.8709663039108324e-07
59850.000000000095 2.3884341568079917e-07
59900.000000000095 1.2882013532095666e-07
59950.000000000095 2.0197215322581367e-07
60000.000000000095 3.0460686704488395e-07
60050.000000000095 2.6572793169193306e-07
60100.000000000095 2.8473510804801463e-07
60150.000000000095 2.0213270003836567e-07
60200.000000000095 2.239766894876654e-07
60250.000000000095 2.6664892753654084e-07
60300.000000000095 2.5327405723739214e-07
60350.000000000095 1.8914540792565098e-07
60400.000000000095 2.2283388237803207e-07
60450.000000000095 1.389547685152902e-07
60500.000000000095 9.505241534325996e-08
60550.000000000095 2.454473477332872e-07
60600.000000000095 2.3651566304123462e-07
60650.000000000095 2.0540462800924984e-07
60700.000000000095 1.8052576770703252e-07
60750.000000000095 1.4741165941702842e-07
60800.000000000095 2.4343054394492244e-07
60850.000000000095 3.3050078445492545e-07
60900.000000000095 3.0722821679793205e-07
60950.000000000095 2.8943213626283664e-07
61000.000000000095 2.147509686255703e-07
61050.000000000095 1.6584399892632357e-07
61100.000000000095 2.3206796846729685e-07
61150.000000000095 9.570150055609277e-08
61200.000000000095 2.9301480515336073e-07
61250.000000000095 3.4382547920897953e-07
61300.000000000095 2.9931639656023284e-07
61350.000000000095 3.3772549785333934e-07
61400.000000000095 2.52361700405842e-07
61450.000000000095 1.7122329905324764e-07
61500.000000000095 1.9991559497909993e-07
61550.000000000095 1.7581015457303964e-07
61600.000000000095 1.2840454519780317e-07
61650.000000000095 2.1934584632487804e-07
61700.000000000095 1.7373635891603952e-07
61750.000000000095 2.139617764894586e-07
61800.000000000095 2.3501447867911124e-07
61850.000000000095 1.6911488156671105e-07
61900.000000000095 2.769430019448967e-07
61950.000000000095 2.794049094151727e-07
62000.000000000095 2.7122988508468305e-07
62050.000000000095 2.5187992341321485e-07
62100.000000000095 2.8348769759362347e-07
62150.000000000095 2.892455815089161e-07
62200.000000000095 2.4750754667847997e-07
62250.000000000095 2.6766931365827193e-07
62300.000000000095 3.497626149766098e-07
62350.000000000095 2.732446951879282e-07
62400.000000000095 1.683281040222265e-07
62450.000000000095 2.450938496196591e-07
62500.000000000095 3.1797516530122395e-07
62550.000000000095 3.040064621555746e-07
62600.000000000095 3.317583027277126e-07
62650.000000000095 2.5199740395781415e-07
62700.000000000095 2.9849890282984243e-07
62750.000000000095 3.6229340029017617e-07
62800.000000000095 2.3590950587469106e-07
62850.000000000095 3.1471384295949315e-07
62900.000000000095 2.445373006706222e-07
62950.000000000095 2.883022306964237e-07
63000.000000000095 2.83352086826666e-07
63050.000000000095 3.7100528379059967e-07
63100.000000000095 3.244168571441267e-07
63150.000000000095 2.5264127443915094e-07
63200.000000000095 3.2723394471870646e-07
63250.000000000095 2.513088334379508e-07
63300.000000000095 3.281740770558325e-07
63350.000000000095 2.908383947441646e-07
63400.000000000095 1.8713578478839193e-07
63450.000000000095 1.6745441557831525e-07
63500.000000000095 2.8339168140806385e-07
63550.000000000095 2.5580096619899034e-07
63600.000000000095 3.111571952035484e-07
63650.000000000095 2.1923436259501505e-07
63700.000000000095 1.7769726466207492e-07
63750.000000000095 2.394302769815489e-07
63800.000000000095 2.5648593012895187e-07
63850.000000000095 2.503450535891973e-07
63900.000000000095 1.9054746242769137e-07
63950.000000000095 2.680386568321534e-07
64000.000000000095 2.827509818106806e-07
64050.000000000095 2.1456998291725082e-07
64100.000000000095 9.342245493316862e-08
64150.000000000095 1.2663269561978078e-07
64200.000000000095 1.4576306421815778e-07
64250.000000000095 2.237968926101219e-07
64300.000000000095 1.7673620314698835e-07
64350.000000000095 1.5014256047286608e-07
64400.000000000095 2.3060584801124447e-07
64450.000000000095 2.3859840890476976e-07
64500.000000000095 1.4968438239650985e-07
64550.000000000095 2.1229487319166646e-07
64600.000000000095 1.2402863281723305e-07
64650.000000000095 1.8479611931548384e-07
64700.000000000095 1.171687828449936e-07
64750.000000000095 1.458243534037365e-07
64800.000000000095 1.4686477179092932e-07
64850.000000000095 1.33001545569652e-07
64900.000000000095 1.5420179821639352e-07
64950.000000000095 1.428436937532976e-07
65000.000000000095 1.6846319196855546e-07
65050.000000000095 1.6226565476943443e-07
65100.000000000095 2.0214682672688097e-07
65150.000000000095 1.4343171171384897e-07
65200.000000000095 1.2686683230014286e-07
65250.000000000095 1.9603581959339105e-07
65300.000000000095 1.546690969335151e-07
65350.000000000095 2.757560519406764e-07
65400.000000000095 1.6044366217419547e-07
65450.000000000095 1.6928996966928827e-07
65500.000000000095 1.9278619910923133e-07
65550.00000000009 1.3293666202698376e-07
65600.00000000009 1.5914794170250172e-07
65650.00000000009 1.7305869686174673e-07
65700.00000000009 1.531230841536623e-07
65750.00000000009 1.3337761904326884e-07
65800.00000000009 1.8246702224053895e-07
65850.00000000009 1.9854323606921547e-07
65900.00000000009 1.3069357507942073e-07
65950.00000000009 1.0297390528224418e-07
66000.00000000009 1.565972973419666e-07
66050.00000000009 2.548358555701922e-07
66100.00000000009 1.7149604527341037e-07
66150.00000000009 1.2225474185639273e-07
66200.00000000009 1.2947125451267921e-07
66250.00000000009 1.239967126372905e-07
66300.00000000009 6.949118383799986e-08
66350.00000000009 1.0058923417527669e-07
66400.00000000009 1.2026312826341344e-07
66450.00000000009 1.911526155451314e-07
66500.00000000009 2.4805299743157e-07
66550.00000000009 2.435189063451e-07
66600.00000000009 1.8612769876778923e-07
66650.00000000009 1.8418200029303131e-07
66700.00000000009 1.6044283535962559e-07
66750.00000000009 1.464755720693631e-07
66800.00000000009 1.8787270928119512e-07
66850.00000000009 1.3791458411515913e-07
66900.00000000009 1.993678539878342e-07
66950.00000000009 2.4703228576164423e-07
67000.00000000009 2.3369203577045777e-07
67050.00000000009 1.7438938640390145e-07
67100.00000000009 1.470244650632184e-07
67150.00000000009 1.517453711009967e-07
67200.00000000009 1.6842014110290643e-07
67250.00000000009 1.7888745043407712e-07
67300.00000000009 1.826116108923715e-07
67350.00000000009 1.3016662703101848e-07
67400.00000000009 2.3795445604168125e-07
67450.00000000009 1.9489518970961085e-07
67500.00000000009 1.7370237382727948e-07
67550.00000000009 2.0255286737259504e-07
67600.00000000009 3.002945944081356e-07
67650.00000000009 2.3489989969059536e-07
67700.00000000009 1.9119386984225395e-07
67750.00000000009 1.7394891063424944e-07
67800.00000000009 2.2000299849824056e-07
67850.00000000009 1.4311489361015132e-07
67900.00000000009 1.7953732681896584e-07
67950.00000000009 1.2409840263110544e-07
