galfind/configs/Brown_Dwarf_templates/sonora_cholla/logkzz4/100g/1150K_100g_logkzz4_resample.dat
# %ECSV 1.0
# ---
# datatype:
# - {name: wav, unit: Angstrom, datatype: float64}
# - {name: flux_nu, unit: erg / (cm2 Hz s), datatype: float64}
# schema: astropy-2.0
wav flux_nu
[from data line 775]
48750.000000000095 1.8482536210244935e-07
48800.000000000095 2.8070630175446385e-07
48850.000000000095 2.1063911316750624e-07
48900.000000000095 3.0083333383974915e-07
48950.000000000095 2.5816100369438577e-07
49000.000000000095 2.263816617060534e-07
49050.000000000095 2.781264452106937e-07
49100.000000000095 2.0257246357634166e-07
49150.000000000095 3.099892982537592e-07
49200.000000000095 2.254827981443716e-07
49250.000000000095 3.129259752151817e-07
49300.000000000095 2.4782164356173863e-07
49350.000000000095 2.5905826378995414e-07
49400.000000000095 3.1387811009141283e-07
49450.000000000095 2.7966796514174333e-07
49500.000000000095 2.8016759259843423e-07
49550.000000000095 1.949832037121893e-07
49600.000000000095 2.89286549466263e-07
49650.000000000095 2.588135308671122e-07
49700.000000000095 2.2651652411578293e-07
49750.000000000095 3.6962807159308103e-07
49800.000000000095 2.382021166584116e-07
49850.000000000095 3.988021646489205e-07
49900.000000000095 3.003320355050487e-07
49950.000000000095 3.320823380671152e-07
50000.000000000095 3.6856640658533456e-07
50050.000000000095 3.2820052644515466e-07
50100.000000000095 4.3284535103074887e-07
50150.000000000095 2.4167416803691285e-07
50200.000000000095 1.9805468459708562e-07
50250.000000000095 3.8437043671117425e-07
50300.000000000095 2.734338903366002e-07
50350.000000000095 3.588110506272607e-07
50400.000000000095 3.258165194861542e-07
50450.000000000095 3.289769737398974e-07
50500.000000000095 3.8627276700957905e-07
50550.000000000095 3.3273299730635155e-07
50600.000000000095 3.8753468660299194e-07
50650.000000000095 3.437833512452615e-07
50700.000000000095 4.498376670326839e-07
50750.000000000095 4.6398730697304285e-07
50800.000000000095 2.54336010305124e-07
50850.000000000095 3.201162973872774e-07
50900.000000000095 4.264394180839358e-07
50950.000000000095 4.561774523088072e-07
51000.000000000095 4.173145485993131e-07
51050.000000000095 3.637624062567076e-07
51100.000000000095 2.800127372994513e-07
51150.000000000095 3.2710006248220513e-07
51200.000000000095 4.369964316143946e-07
51250.000000000095 4.3070729364938315e-07
51300.000000000095 2.8627565354513415e-07
51350.000000000095 3.7785404296751334e-07
51400.000000000095 3.230623066096385e-07
51450.000000000095 2.786083141695689e-07
51500.000000000095 2.636247776142774e-07
51550.000000000095 4.3548633564368716e-07
51600.000000000095 2.9607507728532847e-07
51650.000000000095 4.0841620082187573e-07
51700.000000000095 4.046768281098879e-07
51750.000000000095 2.8679313526837406e-07
51800.000000000095 5.179169379309783e-07
51850.000000000095 3.874795739906618e-07
51900.000000000095 5.007392293810175e-07
51950.000000000095 4.453662697233403e-07
52000.000000000095 2.0745473509371296e-07
52050.000000000095 3.166931312090827e-07
52100.000000000095 3.148201193187731e-07
52150.000000000095 2.7051820892729925e-07
52200.000000000095 2.6527997522759057e-07
52250.000000000095 2.999102646818864e-07
52300.000000000095 4.547003563413602e-07
52350.000000000095 3.938639601640066e-07
52400.000000000095 2.8992410191462543e-07
52450.000000000095 4.2329712410447964e-07
52500.000000000095 3.7757940063289144e-07
52550.000000000095 4.1564675881357005e-07
52600.000000000095 3.2158571205669665e-07
52650.000000000095 3.9766982385326746e-07
52700.000000000095 3.206356941976661e-07
52750.000000000095 2.8691819845362157e-07
52800.000000000095 2.869090688554052e-07
52850.000000000095 3.4061852480807127e-07
52900.000000000095 2.7396087321041335e-07
52950.000000000095 2.720852773414048e-07
53000.000000000095 4.886872079023448e-07
53050.000000000095 2.4644377689136757e-07
53100.000000000095 4.2321030692756915e-07
53150.000000000095 4.799715433679142e-07
53200.000000000095 2.6000257588936265e-07
53250.000000000095 4.5590918482522043e-07
53300.000000000095 4.558000532844178e-07
53350.000000000095 4.1868244049746123e-07
53400.000000000095 4.6635617274388433e-07
53450.000000000095 2.690577407689465e-07
53500.000000000095 1.9419182861582062e-07
53550.000000000095 2.804773101781234e-07
53600.000000000095 3.485230002136268e-07
53650.000000000095 3.03932016984721e-07
53700.000000000095 2.825674583731185e-07
53750.000000000095 3.006646414918799e-07
53800.000000000095 2.9317679006918987e-07
53850.000000000095 3.7688660654296983e-07
53900.000000000095 3.1779009962523137e-07
53950.000000000095 4.2994358575223835e-07
54000.000000000095 3.2071060883296373e-07
54050.000000000095 3.219356823860324e-07
54100.000000000095 2.0010491179087622e-07
54150.000000000095 2.721136717345652e-07
54200.000000000095 1.5996478949319737e-07
54250.000000000095 1.7191974729306056e-07
54300.000000000095 2.642347386199661e-07
54350.000000000095 3.333729622856933e-07
54400.000000000095 3.530338583929829e-07
54450.000000000095 2.8577067689532533e-07
54500.000000000095 2.605720132396964e-07
54550.000000000095 2.3400533026606466e-07
54600.000000000095 2.9332138461620024e-07
54650.000000000095 2.0158702302194042e-07
54700.000000000095 3.373453841158121e-07
54750.000000000095 3.3503121399033394e-07
54800.000000000095 2.6082111935668257e-07
54850.000000000095 2.888112187309302e-07
54900.000000000095 3.608677102674991e-07
54950.000000000095 4.588160243378976e-07
55000.000000000095 2.3634608221492982e-07
55050.000000000095 3.2295320500300453e-07
55100.000000000095 2.5833051273906215e-07
55150.000000000095 2.49675195853471e-07
55200.000000000095 2.50478958910874e-07
55250.000000000095 2.691102137755216e-07
55300.000000000095 2.1279976087783236e-07
55350.000000000095 2.866015024867436e-07
55400.000000000095 3.707814030877794e-07
55450.000000000095 2.944672245310756e-07
55500.000000000095 1.7882809538942357e-07
55550.000000000095 2.3427006840855173e-07
55600.000000000095 2.1581365040458455e-07
55650.000000000095 1.7698541409607433e-07
55700.000000000095 2.453007609165117e-07
55750.000000000095 2.781366355001727e-07
55800.000000000095 2.1665620582645564e-07
55850.000000000095 1.888849572047895e-07
55900.000000000095 3.0654089628507377e-07
55950.000000000095 3.9491647030038493e-07
56000.000000000095 2.0256649535456705e-07
56050.000000000095 2.8287503178064947e-07
56100.000000000095 3.1130561911735e-07
56150.000000000095 2.3462930613577724e-07
56200.000000000095 2.6201838548457297e-07
56250.000000000095 2.4086171731295086e-07
56300.000000000095 2.784275564997113e-07
56350.000000000095 2.899848396189782e-07
56400.000000000095 2.210514812706277e-07
56450.000000000095 1.9480353182985353e-07
56500.000000000095 1.9232988417248927e-07
56550.000000000095 1.6216580330943593e-07
56600.000000000095 2.841945316688416e-07
56650.000000000095 2.649353804862644e-07
56700.000000000095 3.0287917653922927e-07
56750.000000000095 1.8043112741470632e-07
56800.000000000095 3.1609840971463733e-07
56850.000000000095 2.4801231863228537e-07
56900.000000000095 2.1266339681994686e-07
56950.000000000095 3.065258818351751e-07
57000.000000000095 3.1610774653962195e-07
57050.000000000095 2.440894123442249e-07
57100.000000000095 1.439695622649206e-07
57150.000000000095 1.9238212867631306e-07
57200.000000000095 1.5791469469167837e-07
57250.000000000095 2.268519466881164e-07
57300.000000000095 2.753543933773364e-07
57350.000000000095 1.6029795496135814e-07
57400.000000000095 2.6146356586027776e-07
57450.000000000095 2.5300149296440637e-07
57500.000000000095 2.4588439054493665e-07
57550.000000000095 2.977742752568374e-07
57600.000000000095 3.180333584627821e-07
57650.000000000095 1.4859132544372554e-07
57700.000000000095 1.795345280961164e-07
57750.000000000095 2.2023302246266992e-07
57800.000000000095 9.9595521856993e-08
57850.000000000095 3.393326935136824e-07
57900.000000000095 3.8799213547047866e-07
57950.000000000095 3.377178863559959e-07
58000.000000000095 1.933628834138589e-07
58050.000000000095 2.7114533868128365e-07
58100.000000000095 3.206432341893176e-07
58150.000000000095 2.5410470685933293e-07
58200.000000000095 1.5919292510533165e-07
58250.000000000095 2.046673922309747e-07
58300.000000000095 1.5854417023959336e-07
58350.000000000095 1.960798429369464e-07
58400.000000000095 2.4837608723390137e-07
58450.000000000095 2.545855408472239e-07
58500.000000000095 2.3245821248186905e-07
58550.000000000095 2.6268627459663144e-07
58600.000000000095 1.708233253188903e-07
58650.000000000095 2.1731551409542826e-07
58700.000000000095 2.1604819876428702e-07
58750.000000000095 2.245851958407523e-07
58800.000000000095 1.3780352411224836e-07
58850.000000000095 2.1409318220216798e-07
58900.000000000095 2.6995215456929983e-07
58950.000000000095 1.774839391561497e-07
59000.000000000095 2.5389991500624456e-07
59050.000000000095 2.6861796672085274e-07
59100.000000000095 3.252443262600451e-07
59150.000000000095 2.4161308988703136e-07
59200.000000000095 2.555789012046412e-07
59250.000000000095 2.733251122338193e-07
59300.000000000095 2.5885455277949876e-07
59350.000000000095 1.5577523523213384e-07
59400.000000000095 1.2074975864077676e-07
59450.000000000095 2.2393453729411423e-07
59500.000000000095 1.4939319946998264e-07
59550.000000000095 2.8260336036248814e-07
59600.000000000095 2.517774191524955e-07
59650.000000000095 2.574591523643049e-07
59700.000000000095 1.745344802974681e-07
59750.000000000095 3.346001427586719e-07
59800.000000000095 2.282334549321624e-07
59850.000000000095 2.784246200334263e-07
59900.000000000095 1.588733181930955e-07
59950.000000000095 2.4332399095746757e-07
60000.000000000095 3.5339336198205596e-07
60050.000000000095 3.063890018270272e-07
60100.000000000095 3.3342838690094576e-07
60150.000000000095 2.43978004706617e-07
60200.000000000095 2.633996877915105e-07
60250.000000000095 3.0974374630342976e-07
60300.000000000095 2.9246962848765164e-07
60350.000000000095 2.263207293753648e-07
60400.000000000095 2.611109076881168e-07
60450.000000000095 1.719016504835218e-07
60500.000000000095 1.1962597660333964e-07
60550.000000000095 2.882643126766653e-07
60600.000000000095 2.7709865645581014e-07
60650.000000000095 2.473538183140453e-07
60700.000000000095 2.2069703602738635e-07
60750.000000000095 1.85619326416859e-07
60800.000000000095 2.872162265457714e-07
60850.000000000095 3.7974817250609666e-07
60900.000000000095 3.5040606380462734e-07
60950.000000000095 3.3623192310437085e-07
61000.000000000095 2.5105777918647723e-07
61050.000000000095 2.004869759575193e-07
61100.000000000095 2.7922715477792013e-07
61150.000000000095 1.1749265430917709e-07
61200.000000000095 3.462351041876193e-07
61250.000000000095 4.0306720368887055e-07
61300.000000000095 3.516366729969345e-07
61350.000000000095 3.886058315879537e-07
61400.000000000095 3.023890920014993e-07
61450.000000000095 2.1824630849483213e-07
61500.000000000095 2.388832930753784e-07
61550.000000000095 2.0673072806520223e-07
61600.000000000095 1.5131124893094257e-07
61650.000000000095 2.605736237439415e-07
61700.000000000095 2.0578209684090804e-07
61750.000000000095 2.5529978045800433e-07
61800.000000000095 2.757089593671641e-07
61850.000000000095 2.071951096870869e-07
61900.000000000095 3.19661371951825e-07
61950.000000000095 3.2762878676164887e-07
62000.000000000095 3.123040318520609e-07
62050.000000000095 2.9564884928754454e-07
62100.000000000095 3.348321332813654e-07
62150.000000000095 3.32537436016076e-07
62200.000000000095 2.8531085877849913e-07
62250.000000000095 3.1531691091268743e-07
62300.000000000095 3.9901468843341086e-07
62350.000000000095 3.1704406233427123e-07
62400.000000000095 2.0291320102494364e-07
62450.000000000095 2.8603173943377567e-07
62500.000000000095 3.6590762753612664e-07
62550.000000000095 3.4707816921489743e-07
62600.000000000095 3.794389608487485e-07
62650.000000000095 2.9019678515015917e-07
62700.000000000095 3.469177082250534e-07
62750.000000000095 4.1527812581450934e-07
62800.000000000095 2.781283590796219e-07
62850.000000000095 3.6501974050396177e-07
62900.000000000095 2.888970399937408e-07
62950.000000000095 3.287360195937142e-07
63000.000000000095 3.322014358839485e-07
63050.000000000095 4.257335623884535e-07
63100.000000000095 3.7240245430696546e-07
63150.000000000095 2.8928020502357156e-07
63200.000000000095 3.771280012911912e-07
63250.000000000095 2.9711288596576873e-07
63300.000000000095 3.8178153587230405e-07
63350.000000000095 3.336840034525696e-07
63400.000000000095 2.2140396473963395e-07
63450.000000000095 2.0560952469038044e-07
63500.000000000095 3.3427194630583306e-07
63550.000000000095 2.9554791399793957e-07
63600.000000000095 3.630963692910286e-07
63650.000000000095 2.579357975892464e-07
63700.000000000095 2.181760535286363e-07
63750.000000000095 2.8716496981960275e-07
63800.000000000095 2.901934135955747e-07
63850.000000000095 2.9067434126676495e-07
63900.000000000095 2.284192803642701e-07
63950.000000000095 3.1495046930498205e-07
64000.000000000095 3.323250452543704e-07
64050.000000000095 2.572595180770371e-07
64100.000000000095 1.1667267437346605e-07
64150.000000000095 1.5564984709778463e-07
64200.000000000095 1.807347719969493e-07
64250.000000000095 2.6691546301380623e-07
64300.000000000095 2.134632925740231e-07
64350.000000000095 1.8572087269813155e-07
64400.000000000095 2.720863969597585e-07
64450.000000000095 2.7713137205976743e-07
64500.000000000095 1.8200526928144776e-07
64550.000000000095 2.538980432383501e-07
64600.000000000095 1.5548624290050182e-07
64650.000000000095 2.1970366966151366e-07
64700.000000000095 1.4323780227069548e-07
64750.000000000095 1.7492927224354243e-07
64800.000000000095 1.7809890893131868e-07
64850.000000000095 1.641194875200832e-07
64900.000000000095 1.9183403942654092e-07
64950.000000000095 1.7591279759054658e-07
65000.000000000095 2.0337939300007502e-07
65050.000000000095 1.9566322618481584e-07
65100.000000000095 2.3691542531858908e-07
65150.000000000095 1.761743680487417e-07
65200.000000000095 1.5567742409115848e-07
65250.000000000095 2.2937830920783707e-07
65300.000000000095 1.848040479529291e-07
65350.000000000095 3.2000968175328337e-07
65400.000000000095 1.9206428553049416e-07
65450.000000000095 2.0151477712198534e-07
65500.000000000095 2.2641890556793216e-07
65550.00000000009 1.6119036776494533e-07
65600.00000000009 1.880318607462505e-07
65650.00000000009 2.070316926460271e-07
65700.00000000009 1.8055209237790772e-07
65750.00000000009 1.6328916388366655e-07
65800.00000000009 2.1710654041152006e-07
65850.00000000009 2.328531177896173e-07
65900.00000000009 1.6000736179117088e-07
65950.00000000009 1.2104723431498597e-07
66000.00000000009 1.8645387510192904e-07
66050.00000000009 2.9371492284752165e-07
66100.00000000009 2.033657985626694e-07
66150.00000000009 1.4404740274649725e-07
66200.00000000009 1.5445559960029041e-07
66250.00000000009 1.4691064531158445e-07
66300.00000000009 8.65280907087787e-08
66350.00000000009 1.251782222559081e-07
66400.00000000009 1.454164173060977e-07
66450.00000000009 2.2307607615322256e-07
66500.00000000009 2.863619320576197e-07
66550.00000000009 2.785700216569299e-07
66600.00000000009 2.1501654447270795e-07
66650.00000000009 2.1959829434608838e-07
66700.00000000009 1.8968406200394263e-07
66750.00000000009 1.720085743164266e-07
66800.00000000009 2.1880585007803597e-07
66850.00000000009 1.6736943478110526e-07
66900.00000000009 2.2783860575373235e-07
66950.00000000009 2.827993584367955e-07
67000.00000000009 2.679577045158634e-07
67050.00000000009 2.0537430918049484e-07
67100.00000000009 1.7785983854921174e-07
67150.00000000009 1.8243349098763934e-07
67200.00000000009 1.971335428500704e-07
67250.00000000009 2.1077943941756423e-07
67300.00000000009 2.0928400994322213e-07
67350.00000000009 1.5684512547998006e-07
67400.00000000009 2.715669588074958e-07
67450.00000000009 2.2682347821422655e-07
67500.00000000009 2.0299714241017876e-07
67550.00000000009 2.3266669484747764e-07
67600.00000000009 3.3749703879758417e-07
67650.00000000009 2.676561001467492e-07
67700.00000000009 2.2401169545876687e-07
67750.00000000009 2.0660558836098033e-07
67800.00000000009 2.5678621386647763e-07
67850.00000000009 1.7098022111550503e-07
67900.00000000009 2.1445256892396015e-07
67950.00000000009 1.4422676215840672e-07
68000.00000000009 1.9274101100228485e-07
