galfind/configs/Brown_Dwarf_templates/sonora_cholla/logkzz4/100g/1200K_100g_logkzz4_resample.dat
# %ECSV 1.0
# ---
# datatype:
# - {name: wav, unit: Angstrom, datatype: float64}
# - {name: flux_nu, unit: erg / (cm2 Hz s), datatype: float64}
# schema: astropy-2.0
wav flux_nu
10000.000000000093 nan
10050.000000000093 2.540273965080519e-07
10100.000000000093 3.00813454218929e-07
10150.000000000093 3.086385660276646e-07
10200.000000000093 3.4069907673192224e-07
10250.000000000093 3.6256666795662496e-07
10300.000000000093 3.5958793691372873e-07
10350.000000000093 4.126155524729623e-07
10400.000000000093 4.605375825240771e-07
10450.000000000093 4.6475809216296517e-07
10500.000000000093 4.377706487800556e-07
10550.000000000093 4.3322454397568214e-07
10600.000000000093 4.52621828641822e-07
10650.000000000093 4.955189112564833e-07
10700.000000000093 5.294453067407758e-07
10750.000000000093 5.723749379817826e-07
10800.000000000093 6.032053620666109e-07
10850.000000000093 6.582112639988926e-07
10900.000000000093 5.765155150281303e-07
10950.000000000093 4.248129447496003e-07
11000.000000000093 3.8394665314035376e-07
11050.000000000093 3.149594964043983e-07
11100.000000000093 2.9919725462906e-07
11150.000000000093 2.504551483762641e-07
11200.000000000093 2.491521475089856e-07
11250.000000000093 3.0158123313945847e-07
11300.000000000093 2.8725925875585144e-07
11350.000000000093 1.805904942528919e-07
11400.000000000093 2.953917590959527e-07
11450.000000000093 2.383151508067627e-07
11500.000000000093 2.931641444845795e-07
11550.000000000093 2.3478258961154943e-07
11600.000000000093 2.5063803559814284e-07
11650.000000000093 2.733427364394848e-07
11700.000000000093 2.905041654304093e-07
11750.000000000093 2.543104192554034e-07
11800.000000000093 3.172382906381293e-07
11850.000000000093 3.801383876793029e-07
11900.000000000093 3.9644696754759255e-07
11950.000000000093 4.74522959755359e-07
12000.000000000093 4.839355260221647e-07
12050.000000000093 5.734127989256812e-07
12100.000000000093 6.131964456044986e-07
12150.000000000093 6.695107697251985e-07
12200.000000000093 7.381218231726974e-07
12250.000000000093 8.198900360341598e-07
12300.000000000093 8.70477358854047e-07
12350.000000000093 9.012988210905118e-07
12400.000000000093 9.024463234866459e-07
12450.000000000093 9.875933631102964e-07
12500.000000000093 1.0395187629335805e-06
12550.000000000093 1.0844193466815704e-06
12600.000000000093 1.103486246180728e-06
12650.000000000093 1.100455765215914e-06
12700.000000000093 1.1682545438636397e-06
12750.000000000093 1.1093572555295347e-06
12800.000000000093 1.1513383374113075e-06
12850.000000000093 1.0576659424464418e-06
12900.000000000093 9.7184368770903e-07
12950.000000000093 1.0272706587518516e-06
13000.000000000093 1.024067091194943e-06
13050.000000000093 1.019941195199457e-06
13100.000000000093 9.522874219169285e-07
13150.000000000093 8.697400045747639e-07
13200.000000000093 8.287163872279244e-07
13250.000000000093 6.765179831110633e-07
13300.000000000093 4.2263537791532645e-07
13350.000000000093 1.635842039860487e-07
13400.000000000093 9.785913460467234e-08
13450.000000000093 6.488648737266281e-08
13500.000000000093 4.265581562571692e-08
13550.000000000093 3.6804307147446716e-08
13600.000000000093 2.7515758062328382e-08
13650.000000000093 5.58216347335757e-08
13700.000000000093 4.720069528235051e-08
13750.000000000093 4.8331501113162485e-08
13800.000000000093 6.541276690995103e-08
13850.000000000093 5.191207469245401e-08
13900.000000000093 5.405614779171051e-08
13950.000000000093 4.896747925069418e-08
14000.000000000093 4.294377660564431e-08
14050.000000000093 5.225937705427085e-08
14100.000000000093 3.868561031704213e-08
14150.000000000093 5.0741740362668805e-08
14200.000000000093 4.1893962746879016e-08
14250.000000000093 4.190641574257411e-08
14300.000000000093 5.461430377536707e-08
14350.000000000093 5.239146565590566e-08
14400.000000000093 6.170461695890867e-08
14450.000000000093 6.286196461827985e-08
14500.000000000093 1.0185227913417219e-07
14550.000000000093 1.0129194374329319e-07
14600.000000000093 1.2621224411786766e-07
14650.000000000093 1.3428186179506304e-07
14700.000000000093 1.015453133917308e-07
14750.000000000093 1.281402258179573e-07
14800.000000000093 1.560743976601325e-07
14850.000000000093 1.5805505700340647e-07
14900.000000000093 1.7337135136072513e-07
14950.000000000093 1.8317079935911492e-07
15000.000000000093 1.934552631515709e-07
15050.000000000093 2.421776088453026e-07
15100.000000000093 2.609774346336506e-07
15150.000000000093 2.8245826308906917e-07
15200.000000000093 2.577393147850907e-07
15250.000000000093 2.996542151421134e-07
15300.000000000093 3.460751432053889e-07
15350.000000000093 3.9355544152370535e-07
15400.000000000093 4.2189030165216344e-07
15450.000000000093 4.78006308842827e-07
15500.000000000093 5.028242585445004e-07
15550.000000000093 5.631218787326775e-07
15600.000000000093 5.766478686977499e-07
15650.000000000093 6.040343348231086e-07
15700.000000000093 6.977832706263583e-07
15750.000000000093 7.456002561160999e-07
15800.000000000093 7.193639000226027e-07
15850.000000000093 7.794795271803573e-07
15900.000000000093 7.818517631006892e-07
15950.000000000093 7.984647653134431e-07
16000.000000000093 8.138942791710526e-07
16050.000000000093 7.993815636455868e-07
16100.000000000093 7.903048650179509e-07
16150.000000000093 6.721277505147113e-07
16200.000000000093 6.17815884186472e-07
16250.000000000093 6.361956822632364e-07
16300.000000000093 6.009690968763566e-07
16350.000000000093 6.337118351245514e-07
16400.000000000095 6.859532282870148e-07
16450.000000000095 7.126818787008981e-07
16500.000000000095 7.423681795478736e-07
16550.000000000095 7.239604470763477e-07
16600.000000000095 6.887845884051073e-07
16650.000000000095 6.442099157735875e-07
16700.000000000095 4.7330060386010267e-07
16750.000000000095 5.335661093328076e-07
16800.000000000095 6.49003692233738e-07
16850.000000000095 6.233189600837271e-07
16900.000000000095 5.993521200794235e-07
16950.000000000095 5.532812354618367e-07
17000.000000000095 5.131265109270515e-07
17050.000000000095 5.667781579594113e-07
17100.000000000095 5.567878134277314e-07
17150.000000000095 4.828862933568934e-07
17200.000000000095 4.953436728079629e-07
17250.000000000095 4.3917946673880206e-07
17300.000000000095 3.957397500444664e-07
17350.000000000095 3.8182442557117785e-07
17400.000000000095 3.568020001644622e-07
17450.000000000095 3.372939122661414e-07
17500.000000000095 3.4991769586780945e-07
17550.000000000095 3.015650053565581e-07
17600.000000000095 2.863507796653551e-07
17650.000000000095 2.850288479619749e-07
17700.000000000095 1.9805948804655935e-07
17750.000000000095 1.859513004679293e-07
17800.000000000095 2.1868736904329913e-07
17850.000000000095 1.4889874059060926e-07
17900.000000000095 1.770450679777834e-07
17950.000000000095 1.4080177523154604e-07
18000.000000000095 1.44340450940135e-07
18050.000000000095 1.4166607265145877e-07
18100.000000000095 1.2175583169142126e-07
18150.000000000095 1.684110605995737e-07
18200.000000000095 1.122538405335466e-07
18250.000000000095 1.9296581194231464e-07
18300.000000000095 1.388640432741441e-07
18350.000000000095 1.293672973973368e-07
18400.000000000095 1.1759476022715848e-07
18450.000000000095 1.1573574241604742e-07
18500.000000000095 1.339046534491493e-07
18550.000000000095 1.0784579440709839e-07
18600.000000000095 8.849759824728062e-08
18650.000000000095 9.061193165243207e-08
18700.000000000095 9.798398879593686e-08
18750.000000000095 1.0260329797912419e-07
18800.000000000095 1.5217085017709895e-07
18850.000000000095 1.8233054058135253e-07
18900.000000000095 1.6738713277263732e-07
18950.000000000095 2.2421759087152453e-07
19000.000000000095 1.893122418795321e-07
19050.000000000095 1.5696942698327448e-07
19100.000000000095 2.1783940536984623e-07
19150.000000000095 1.9800044541922869e-07
19200.000000000095 2.0049995463594304e-07
19250.000000000095 1.8671173831310895e-07
19300.000000000095 1.7472711266627012e-07
19350.000000000095 1.5579054117234105e-07
19400.000000000095 1.0613796532402439e-07
19450.000000000095 1.7339764418481013e-07
19500.000000000095 1.6004932002355813e-07
19550.000000000095 1.2906625193780305e-07
19600.000000000095 1.6694167694204673e-07
19650.000000000095 1.782799129772895e-07
19700.000000000095 1.7971872322146298e-07
19750.000000000095 1.732308547985417e-07
19800.000000000095 1.9931416168492866e-07
19850.000000000095 2.2317564252302917e-07
19900.000000000095 1.6363877398408878e-07
19950.000000000095 2.4574100444152574e-07
20000.000000000095 2.411129040903636e-07
20050.000000000095 2.580354524307103e-07
20100.000000000095 2.7114685812759463e-07
20150.000000000095 2.647129464034912e-07
20200.000000000095 3.1017989364412194e-07
20250.000000000095 3.3984602815844287e-07
20300.000000000095 3.105637196233215e-07
20350.000000000095 3.4791583444411556e-07
20400.000000000095 3.513305445302895e-07
20450.000000000095 4.143128234275198e-07
20500.000000000095 4.202196257452762e-07
20550.000000000095 4.023024290944973e-07
20600.000000000095 4.767388052363997e-07
20650.000000000095 4.395767770827245e-07
20700.000000000095 4.629393397062019e-07
20750.000000000095 5.152657931940734e-07
20800.000000000095 5.117808572738311e-07
20850.000000000095 5.05158157921354e-07
20900.000000000095 5.417651056373378e-07
20950.000000000095 5.185191076369336e-07
21000.000000000095 5.570442022010727e-07
21050.000000000095 5.322510190339883e-07
21100.000000000095 5.39369192916892e-07
21150.000000000095 5.418172038620814e-07
21200.000000000095 5.243682169166742e-07
21250.000000000095 5.414904234350218e-07
21300.000000000095 4.976803412299716e-07
21350.000000000095 5.315623663248855e-07
21400.000000000095 4.759960960618173e-07
21450.000000000095 4.928717466877432e-07
21500.000000000095 4.865895752425528e-07
21550.000000000095 4.6705088972170705e-07
21600.000000000095 4.613252892899026e-07
21650.000000000095 4.2162915460760595e-07
21700.000000000095 4.4294690684828436e-07
21750.000000000095 4.0781934867513325e-07
21800.000000000095 3.7824972946573144e-07
21850.000000000095 3.4579629858958226e-07
21900.000000000095 3.344434864572744e-07
21950.000000000095 2.3336761502948215e-07
22000.000000000095 1.840833768634753e-07
22050.000000000095 1.394620963954246e-07
22100.000000000095 1.796766373704478e-07
22150.000000000095 2.016899164121168e-07
22200.000000000095 2.0493651456339583e-07
22250.000000000095 1.8802132739954982e-07
22300.000000000095 1.926284505723005e-07
22350.000000000095 1.7654013188420728e-07
22400.000000000095 1.6526308453212786e-07
22450.000000000095 1.4297207790955081e-07
22500.000000000095 1.5396070442419987e-07
22550.000000000095 1.1686517056318171e-07
22600.000000000095 1.3676696275079343e-07
22650.000000000095 1.2769114373956386e-07
22700.000000000095 1.268118979139282e-07
22750.000000000095 1.3011835534871475e-07
22800.000000000095 1.1974901146884614e-07
22850.000000000095 1.0853294232270506e-07
22900.000000000095 1.032428680982169e-07
22950.000000000095 9.960138050770134e-08
23000.000000000095 7.705980327809279e-08
23050.000000000095 1.0612711002992211e-07
23100.000000000095 1.3036517322230743e-07
23150.000000000095 1.3311317260724843e-07
23200.000000000095 8.221163927605498e-08
23250.000000000095 7.799310331205965e-08
23300.000000000095 7.409057399306493e-08
23350.000000000095 6.50818707295845e-08
23400.000000000095 8.126107309757874e-08
23450.000000000095 7.575691706755024e-08
23500.000000000095 7.980862279398955e-08
23550.000000000095 1.0523412867573521e-07
23600.000000000095 1.0605924835242657e-07
23650.000000000095 1.1804869016012654e-07
23700.000000000095 8.491322587849394e-08
23750.000000000095 8.038871923726018e-08
23800.000000000095 8.181154269350277e-08
23850.000000000095 8.43103747419176e-08
23900.000000000095 1.1754311891812507e-07
23950.000000000095 1.194140664501693e-07
24000.000000000095 1.4914316358491234e-07
24050.000000000095 1.4791693788639258e-07
24100.000000000095 1.2548301699620995e-07
24150.000000000095 1.352273693278024e-07
24200.000000000095 1.468708286376489e-07
24250.000000000095 1.375160045375154e-07
24300.000000000095 1.3950713100185908e-07
24350.000000000095 1.3029592715681686e-07
24400.000000000095 1.737678524203653e-07
24450.000000000095 1.407003468212184e-07
24500.000000000095 1.5853897277461358e-07
24550.000000000095 1.4638712350480453e-07
24600.000000000095 1.6169740893074362e-07
24650.000000000095 1.7638613795636835e-07
24700.000000000095 1.4092688934521915e-07
24750.000000000095 1.2878326093922532e-07
24800.000000000095 1.3885636945047044e-07
24850.000000000095 1.776905559424441e-07
24900.000000000095 9.921776395676629e-08
24950.000000000095 1.608895082357274e-07
25000.000000000095 1.506802576101367e-07
25050.000000000095 1.1605062750011579e-07
25100.000000000095 1.4159859860437785e-07
25150.000000000095 9.375416438807898e-08
25200.000000000095 1.2363471683557175e-07
25250.000000000095 9.100137041839081e-08
25300.000000000095 1.267308716735327e-07
25350.000000000095 7.170842854896233e-08
25400.000000000095 1.1762172645554666e-07
25450.000000000095 8.692875180448789e-08
25500.000000000095 8.223326806941197e-08
25550.000000000095 1.0096783852775627e-07
25600.000000000095 8.499570085713773e-08
25650.000000000095 6.816574628830817e-08
25700.000000000095 1.1831224396613487e-07
25750.000000000095 6.764232934657708e-08
25800.000000000095 1.1671763805229225e-07
25850.000000000095 6.784050814566631e-08
25900.000000000095 9.223331341636157e-08
25950.000000000095 6.627500412870896e-08
26000.000000000095 1.0837496905080245e-07
26050.000000000095 9.57018829341254e-08
26100.000000000095 1.257494442471181e-07
26150.000000000095 1.093178758459069e-07
26200.000000000095 1.215994701250051e-07
26250.000000000095 1.3814814958790546e-07
26300.000000000095 1.0970736966967991e-07
26350.000000000095 1.4621330922173414e-07
26400.000000000095 1.785196989203494e-07
26450.000000000095 1.5967504155915686e-07
26500.000000000095 1.436745387054312e-07
26550.000000000095 1.3040440151296946e-07
26600.000000000095 1.600320417825523e-07
26650.000000000095 8.990872286304446e-08
26700.000000000095 7.444050529892108e-08
26750.000000000095 6.433165900439528e-08
26800.000000000095 9.134555901446066e-08
26850.000000000095 5.631160037281764e-08
26900.000000000095 1.0125921614792612e-07
26950.000000000095 5.579864903925459e-08
27000.000000000095 1.1605216335728379e-07
27050.000000000095 1.0454566504010136e-07
27100.000000000095 8.351488266490918e-08
27150.000000000095 1.302682513989276e-07
27200.000000000095 8.916698659955465e-08
27250.000000000095 9.740337725786329e-08
27300.000000000095 1.7194787438719662e-07
27350.000000000095 1.352145181802476e-07
27400.000000000095 5.871885124559638e-08
27450.000000000095 1.7187248954195849e-07
27500.000000000095 1.5571204436549086e-07
27550.000000000095 1.0655032969511829e-07
27600.000000000095 1.6976709581932773e-07
27650.000000000095 8.657687829290456e-08
27700.000000000095 7.210760195483836e-08
27750.000000000095 1.5923576819243415e-07
27800.000000000095 9.007969896065163e-08
27850.000000000095 1.016816358917766e-07
27900.000000000095 1.2661077702840203e-07
27950.000000000095 1.2814985885197677e-07
28000.000000000095 1.426650458668702e-07
28050.000000000095 7.403621323568429e-08
28100.000000000095 1.6877568303182193e-07
28150.000000000095 1.374524499325788e-07
28200.000000000095 6.793391453840085e-08
28250.000000000095 1.6591293037456048e-07
28300.000000000095 2.18112291003087e-07
28350.000000000095 7.584591624142243e-08
28400.000000000095 1.5821133788640727e-07
28450.000000000095 1.5713187869364985e-07
28500.000000000095 1.4771681976196382e-07
28550.000000000095 7.285670738988079e-08
28600.000000000095 1.757804458631487e-07
28650.000000000095 1.6592509405740008e-07
28700.000000000095 1.4119003569417937e-07
28750.000000000095 1.8501349727491817e-07
28800.000000000095 1.5746215522546245e-07
28850.000000000095 2.1573512182565194e-07
28900.000000000095 1.0387452502101084e-07
28950.000000000095 2.0769514843683886e-07
29000.000000000095 1.427928267445355e-07
29050.000000000095 1.7312341842162858e-07
29100.000000000095 1.1302932735075177e-07
29150.000000000095 2.09334980417938e-07
29200.000000000095 1.559983387807202e-07
29250.000000000095 2.110093935723543e-07
29300.000000000095 1.319224193653543e-07
