galfind/configs/Brown_Dwarf_templates/sonora_cholla/logkzz4/100g/1250K_100g_logkzz4_resample.dat
# %ECSV 1.0
# ---
# datatype:
# - {name: wav, unit: Angstrom, datatype: float64}
# - {name: flux_nu, unit: erg / (cm2 Hz s), datatype: float64}
# schema: astropy-2.0
wav flux_nu
[from data line 774]
48700.000000000095 3.999941753214907e-07
48750.000000000095 2.603541307178747e-07
48800.000000000095 3.8264016329095804e-07
48850.000000000095 2.8747831867603194e-07
48900.000000000095 4.044057108740592e-07
48950.000000000095 3.473195601468795e-07
49000.000000000095 3.100392452690676e-07
49050.000000000095 3.738742990856021e-07
49100.000000000095 2.81604642799056e-07
49150.000000000095 4.0748706275860047e-07
49200.000000000095 3.1301227272246204e-07
49250.000000000095 4.057098701521576e-07
49300.000000000095 3.36941990981712e-07
49350.000000000095 3.433681829995527e-07
49400.000000000095 4.1640819088501656e-07
49450.000000000095 3.7082102257904044e-07
49500.000000000095 3.7334564127766456e-07
49550.000000000095 2.707828686070364e-07
49600.000000000095 3.7922155587464427e-07
49650.000000000095 3.410420749736888e-07
49700.000000000095 2.959536389152384e-07
49750.000000000095 4.6792019688157865e-07
49800.000000000095 3.212325513146323e-07
49850.000000000095 5.021279118661828e-07
49900.000000000095 3.8831823864432456e-07
49950.000000000095 4.1678607833802256e-07
50000.000000000095 4.6777187461292546e-07
50050.000000000095 4.178981304802667e-07
50100.000000000095 5.438665701477011e-07
50150.000000000095 3.267132109922295e-07
50200.000000000095 2.656150225467808e-07
50250.000000000095 4.928071352188457e-07
50300.000000000095 3.579190237109684e-07
50350.000000000095 4.544051988326964e-07
50400.000000000095 4.175945807827207e-07
50450.000000000095 4.1114820612829884e-07
50500.000000000095 4.7560473659018204e-07
50550.000000000095 4.214949674031283e-07
50600.000000000095 4.822310584005474e-07
50650.000000000095 4.3205529808318547e-07
50700.000000000095 5.449656161712033e-07
50750.000000000095 5.745023431463697e-07
50800.000000000095 3.356235349110594e-07
50850.000000000095 4.3646500855317666e-07
50900.000000000095 5.216265744738489e-07
50950.000000000095 5.660531512756197e-07
51000.000000000095 5.293203630506545e-07
51050.000000000095 4.5395060515631997e-07
51100.000000000095 3.7895826050453463e-07
51150.000000000095 4.174718078910377e-07
51200.000000000095 5.3238184256437e-07
51250.000000000095 5.36522408361084e-07
51300.000000000095 3.6569924643195077e-07
51350.000000000095 4.786740813088836e-07
51400.000000000095 4.337462912479283e-07
51450.000000000095 3.715543043244646e-07
51500.000000000095 3.594080178318158e-07
51550.000000000095 5.555322300181136e-07
51600.000000000095 3.781479209745993e-07
51650.000000000095 5.15910463357889e-07
51700.000000000095 5.020061103136421e-07
51750.000000000095 3.6909125757792167e-07
51800.000000000095 6.355776003050502e-07
51850.000000000095 4.7499195420365037e-07
51900.000000000095 6.12363651660068e-07
51950.000000000095 5.518813108557441e-07
52000.000000000095 2.941591512988364e-07
52050.000000000095 4.1361812760507963e-07
52100.000000000095 4.222932126347905e-07
52150.000000000095 3.723820898702434e-07
52200.000000000095 3.5937502279900536e-07
52250.000000000095 3.7544338824100447e-07
52300.000000000095 5.53656449957129e-07
52350.000000000095 5.253434090402092e-07
52400.000000000095 3.773915614305742e-07
52450.000000000095 5.275747449178568e-07
52500.000000000095 4.6505943155726696e-07
52550.000000000095 5.213008443682066e-07
52600.000000000095 4.050657863074669e-07
52650.000000000095 5.136858970466674e-07
52700.000000000095 4.109103450665539e-07
52750.000000000095 3.810157017682339e-07
52800.000000000095 3.733698861519272e-07
52850.000000000095 4.4487272933636603e-07
52900.000000000095 3.663644872834501e-07
52950.000000000095 3.5202620786383434e-07
53000.000000000095 6.101871871427774e-07
53050.000000000095 3.352459517735668e-07
53100.000000000095 5.243919672997212e-07
53150.000000000095 5.828861267633217e-07
53200.000000000095 3.355956643600773e-07
53250.000000000095 5.6629329826357e-07
53300.000000000095 5.620544326876625e-07
53350.000000000095 5.170295759495796e-07
53400.000000000095 5.740241202409189e-07
53450.000000000095 3.707910942325936e-07
53500.000000000095 2.7965410280687024e-07
53550.000000000095 3.856531351867175e-07
53600.000000000095 4.551939004178367e-07
53650.000000000095 3.9774475628586135e-07
53700.000000000095 3.7446445848300355e-07
53750.000000000095 4.039614990018968e-07
53800.000000000095 3.959190236746373e-07
53850.000000000095 4.88937520796843e-07
53900.000000000095 4.001127123035652e-07
53950.000000000095 5.36236177844112e-07
54000.000000000095 4.15327023419886e-07
54050.000000000095 4.0986411391941576e-07
54100.000000000095 2.825813016126498e-07
54150.000000000095 3.722302944809586e-07
54200.000000000095 2.327789493681522e-07
54250.000000000095 2.445973653079016e-07
54300.000000000095 3.532324922615695e-07
54350.000000000095 4.3044949403831237e-07
54400.000000000095 4.654196290737088e-07
54450.000000000095 3.8462759875280333e-07
54500.000000000095 3.505818338604394e-07
54550.000000000095 3.150228124782607e-07
54600.000000000095 3.8587029692402794e-07
54650.000000000095 2.9441886703646094e-07
54700.000000000095 4.481221381615554e-07
54750.000000000095 4.427780106465761e-07
54800.000000000095 3.6124145527586646e-07
54850.000000000095 3.841990891818323e-07
54900.000000000095 4.700983715122489e-07
54950.000000000095 5.816747434582534e-07
55000.000000000095 3.316085246409039e-07
55050.000000000095 4.3190763204904987e-07
55100.000000000095 3.296277473139909e-07
55150.000000000095 3.429913866412383e-07
55200.000000000095 3.4298059337861997e-07
55250.000000000095 3.5559724251693424e-07
55300.000000000095 2.9900088075144706e-07
55350.000000000095 3.657671588588423e-07
55400.000000000095 4.7351786077311285e-07
55450.000000000095 4.025568751178247e-07
55500.000000000095 2.574696412569656e-07
55550.000000000095 3.219547535453238e-07
55600.000000000095 3.0298696002713695e-07
55650.000000000095 2.399226947365173e-07
55700.000000000095 3.39674232102257e-07
55750.000000000095 3.886808113481036e-07
55800.000000000095 3.124318185633134e-07
55850.000000000095 2.7014358269201785e-07
55900.000000000095 4.0526487639152295e-07
55950.000000000095 5.21628178029561e-07
56000.000000000095 2.808238363645734e-07
56050.000000000095 3.9154104747276234e-07
56100.000000000095 4.1389104403375e-07
56150.000000000095 3.1994988996357613e-07
56200.000000000095 3.582737280215831e-07
56250.000000000095 3.1482395480631444e-07
56300.000000000095 3.706204652226793e-07
56350.000000000095 3.989839346141912e-07
56400.000000000095 3.24155903230642e-07
56450.000000000095 2.879155422187538e-07
56500.000000000095 2.6907628359801626e-07
56550.000000000095 2.357094857191434e-07
56600.000000000095 3.7799431289983797e-07
56650.000000000095 3.5361243010846164e-07
56700.000000000095 4.0932090061559755e-07
56750.000000000095 2.5343655046982186e-07
56800.000000000095 4.1672742008688865e-07
56850.000000000095 3.359687614727129e-07
56900.000000000095 3.0360850911417993e-07
56950.000000000095 4.074023021372978e-07
57000.000000000095 4.1364167094752257e-07
57050.000000000095 3.4995842641780287e-07
57100.000000000095 2.1446270774452343e-07
57150.000000000095 2.826953450436944e-07
57200.000000000095 2.2359590350655374e-07
57250.000000000095 3.238529466787183e-07
57300.000000000095 3.7291693649517396e-07
57350.000000000095 2.235002791330348e-07
57400.000000000095 3.5502760658256107e-07
57450.000000000095 3.5896328101668737e-07
57500.000000000095 3.4139734267540736e-07
57550.000000000095 4.0528186187260235e-07
57600.000000000095 4.322500695232217e-07
57650.000000000095 2.1958163521564573e-07
57700.000000000095 2.6243191958120513e-07
57750.000000000095 3.1242986203994536e-07
57800.000000000095 1.5059191526799218e-07
57850.000000000095 4.388936763656458e-07
57900.000000000095 5.001020300128233e-07
57950.000000000095 4.3572535842530254e-07
58000.000000000095 2.6966528687682247e-07
58050.000000000095 3.685858308812963e-07
58100.000000000095 4.2853011443818764e-07
58150.000000000095 3.602024098498045e-07
58200.000000000095 2.3798721256997112e-07
58250.000000000095 2.963405856528198e-07
58300.000000000095 2.3007805028309408e-07
58350.000000000095 2.7644197145595096e-07
58400.000000000095 3.34118309693203e-07
58450.000000000095 3.4103604841056333e-07
58500.000000000095 3.1337361664147234e-07
58550.000000000095 3.5045620952779755e-07
58600.000000000095 2.461359729355212e-07
58650.000000000095 3.146043227293115e-07
58700.000000000095 2.9572968498112703e-07
58750.000000000095 3.0590869185067464e-07
58800.000000000095 2.1058296326102014e-07
58850.000000000095 3.036954697111802e-07
58900.000000000095 3.720587027950933e-07
58950.000000000095 2.5970076178594407e-07
59000.000000000095 3.4447147815575446e-07
59050.000000000095 3.5917082844290606e-07
59100.000000000095 4.320193765419678e-07
59150.000000000095 3.376534386161498e-07
59200.000000000095 3.5066280915017864e-07
59250.000000000095 3.717620825858464e-07
59300.000000000095 3.435371992649154e-07
59350.000000000095 2.3556038345308987e-07
59400.000000000095 1.8718929408091854e-07
59450.000000000095 3.0355963521310756e-07
59500.000000000095 2.127957711776194e-07
59550.000000000095 3.887567052537365e-07
59600.000000000095 3.305000623703269e-07
59650.000000000095 3.6145059389250176e-07
59700.000000000095 2.4765137372889067e-07
59750.000000000095 4.3993093571129433e-07
59800.000000000095 3.2515165350728733e-07
59850.000000000095 3.6501531890725565e-07
59900.000000000095 2.3175938196547683e-07
59950.000000000095 3.3814798302615313e-07
60000.000000000095 4.6494277604584835e-07
60050.000000000095 3.972506410040107e-07
60100.000000000095 4.4278967484616346e-07
60150.000000000095 3.4334153008272737e-07
60200.000000000095 3.542494420395987e-07
60250.000000000095 4.0665468001088955e-07
60300.000000000095 3.7855120140613565e-07
60350.000000000095 3.1867347779890707e-07
60400.000000000095 3.4710071879241604e-07
60450.000000000095 2.506690910635975e-07
60500.000000000095 1.783491414884619e-07
60550.000000000095 3.8763896363798203e-07
60600.000000000095 3.7298314480804213e-07
60650.000000000095 3.441338402231031e-07
60700.000000000095 3.201429571863e-07
60750.000000000095 2.726363745651164e-07
60800.000000000095 3.949453636917481e-07
60850.000000000095 4.917053063875028e-07
60900.000000000095 4.455723707648493e-07
60950.000000000095 4.4435429064889254e-07
61000.000000000095 3.334831057594311e-07
61050.000000000095 2.8609526099554584e-07
61100.000000000095 3.920839944171177e-07
61150.000000000095 1.7552354480893737e-07
61200.000000000095 4.6390220560457953e-07
61250.000000000095 5.372253162875976e-07
61300.000000000095 4.753975940550594e-07
61350.000000000095 5.030633458299971e-07
61400.000000000095 4.189241773399881e-07
61450.000000000095 3.3466527775083953e-07
61500.000000000095 3.3117512084604553e-07
61550.000000000095 2.8304627532402687e-07
61600.000000000095 2.0628256920100676e-07
61650.000000000095 3.553751624584396e-07
61700.000000000095 2.839893329635486e-07
61750.000000000095 3.5190072643639863e-07
61800.000000000095 3.7138955081523724e-07
61850.000000000095 2.9903927948257795e-07
61900.000000000095 4.149433964244702e-07
61950.000000000095 4.3430022760323394e-07
62000.000000000095 4.0914310945319463e-07
62050.000000000095 3.943750426443968e-07
62100.000000000095 4.5218578736842385e-07
62150.000000000095 4.341477188262729e-07
62200.000000000095 3.6844353050434674e-07
62250.000000000095 4.283886533259819e-07
62300.000000000095 5.105348701547261e-07
62350.000000000095 4.136873823142414e-07
62400.000000000095 2.853924022477542e-07
62450.000000000095 3.826557637102174e-07
62500.000000000095 4.7397215177203376e-07
62550.000000000095 4.4189648059563616e-07
62600.000000000095 4.846933786825316e-07
62650.000000000095 3.796585602751982e-07
62700.000000000095 4.549025264882457e-07
62750.000000000095 5.35883444216976e-07
62800.000000000095 3.7502308215866864e-07
62850.000000000095 4.780965364958042e-07
62900.000000000095 3.927848864020115e-07
62950.000000000095 4.25041083182538e-07
63000.000000000095 4.431585923982056e-07
63050.000000000095 5.431229658717118e-07
63100.000000000095 4.78160409977884e-07
63150.000000000095 3.744577556162152e-07
63200.000000000095 4.88161441915678e-07
63250.000000000095 3.970515996146927e-07
63300.000000000095 5.012472661260306e-07
63350.000000000095 4.3054580893520287e-07
63400.000000000095 3.041788573224642e-07
63450.000000000095 2.926515895287847e-07
63500.000000000095 4.5054551408032906e-07
63550.000000000095 3.8598406750113847e-07
63600.000000000095 4.774774122595649e-07
63650.000000000095 3.522757178448391e-07
63700.000000000095 3.127398342107164e-07
63750.000000000095 3.9657426209961167e-07
63800.000000000095 3.673613951399581e-07
63850.000000000095 3.833607494850932e-07
63900.000000000095 3.1711340462204376e-07
63950.000000000095 4.2226104929859295e-07
64000.000000000095 4.4641024529261947e-07
64050.000000000095 3.5791117626619883e-07
64100.000000000095 1.7321742313925844e-07
64150.000000000095 2.2246532617728883e-07
64200.000000000095 2.623920228580566e-07
64250.000000000095 3.6661122945371503e-07
64300.000000000095 2.9882015826030933e-07
64350.000000000095 2.7109633798070267e-07
64400.000000000095 3.67240665573527e-07
64450.000000000095 3.645800707810211e-07
64500.000000000095 2.578274726536182e-07
64550.000000000095 3.498926124518574e-07
64600.000000000095 2.2926437042865645e-07
64650.000000000095 2.9857935196151235e-07
64700.000000000095 2.0597157758995883e-07
64750.000000000095 2.4194169956446845e-07
64800.000000000095 2.489826818559071e-07
64850.000000000095 2.3697070341932712e-07
64900.000000000095 2.792811305979637e-07
64950.000000000095 2.5554545398914454e-07
65000.000000000095 2.8328867149836183e-07
65050.000000000095 2.70829722478297e-07
65100.000000000095 3.162049180589921e-07
65150.000000000095 2.5157649005842876e-07
65200.000000000095 2.2782948131008782e-07
65250.000000000095 3.0595834602016087e-07
65300.000000000095 2.515225500087436e-07
65350.000000000095 4.1723241606589187e-07
65400.000000000095 2.665282836950454e-07
65450.000000000095 2.787870465053932e-07
65500.000000000095 3.0505683383003337e-07
65550.00000000009 2.265981380636373e-07
65600.00000000009 2.543054513846504e-07
65650.00000000009 2.8736674482103217e-07
65700.00000000009 2.432025726613517e-07
65750.00000000009 2.3540390478794568e-07
65800.00000000009 2.9679156071778847e-07
65850.00000000009 3.1297608124879593e-07
65900.00000000009 2.3145065116698654e-07
65950.00000000009 1.7429045448768455e-07
66000.00000000009 2.5804366711804586e-07
66050.00000000009 3.8241498416914075e-07
66100.00000000009 2.7655684535665643e-07
66150.00000000009 2.050489741901347e-07
66200.00000000009 2.1324253198538447e-07
66250.00000000009 1.966407163164229e-07
66300.00000000009 1.290837604272931e-07
66350.00000000009 1.8599570427324275e-07
66400.00000000009 2.075267060505682e-07
66450.00000000009 2.9591824897371225e-07
66500.00000000009 3.7264182409605733e-07
66550.00000000009 3.5789264728608183e-07
66600.00000000009 2.81956932065607e-07
66650.00000000009 2.9713350530110107e-07
66700.00000000009 2.561061614244866e-07
66750.00000000009 2.3097349812180894e-07
66800.00000000009 2.8621491600632295e-07
66850.00000000009 2.3727405112767959e-07
66900.00000000009 2.9246039953535656e-07
66950.00000000009 3.567465533601406e-07
67000.00000000009 3.3817881332217444e-07
67050.00000000009 2.781467266405367e-07
67100.00000000009 2.496331971729882e-07
67150.00000000009 2.5429220230544556e-07
67200.00000000009 2.623990744170346e-07
67250.00000000009 2.848472402030621e-07
67300.00000000009 2.6849488933016274e-07
67350.00000000009 2.2678545743839526e-07
67400.00000000009 3.47530940237497e-07
67450.00000000009 2.9694053572118375e-07
67500.00000000009 2.6895251301541504e-07
67550.00000000009 2.9994207854792935e-07
67600.00000000009 4.1810886349132065e-07
67650.00000000009 3.4209341298411507e-07
67700.00000000009 2.9982291600022916e-07
67750.00000000009 2.81107823285426e-07
67800.00000000009 3.411489323636259e-07
67850.00000000009 2.3380258380344115e-07
67900.00000000009 2.954079675600777e-07
67950.00000000009 1.8878093197540134e-07
68000.00000000009 2.483284152239273e-07
