galfind/configs/Brown_Dwarf_templates/sonora_cholla/logkzz4/100g/1300K_100g_logkzz4_resample.dat
# %ECSV 1.0
# ---
# datatype:
# - {name: wav, unit: Angstrom, datatype: float64}
# - {name: flux_nu, unit: erg / (cm2 Hz s), datatype: float64}
# schema: astropy-2.0
wav flux_nu
[from data line 1163]
68150.00000000009 3.0269018748575276e-07
68200.00000000009 3.3116070641388727e-07
68250.00000000009 2.0865906334768456e-07
68300.00000000009 3.0391632032483595e-07
68350.00000000009 1.8858310011945336e-07
68400.00000000009 3.7278396706122473e-07
68450.00000000009 3.7594590379554223e-07
68500.00000000009 3.360394462731591e-07
68550.00000000009 2.4409290564573447e-07
68600.00000000009 2.8625707532283713e-07
68650.00000000009 2.2289390869591964e-07
68700.00000000009 2.942941048591238e-07
68750.00000000009 3.462494896161969e-07
68800.00000000009 3.557235079747878e-07
68850.00000000009 2.2870481319930655e-07
68900.00000000009 4.081164255505749e-07
68950.00000000009 4.354764828075423e-07
69000.00000000009 4.195674638111581e-07
69050.00000000009 3.088287447164288e-07
69100.00000000009 3.8749853333763953e-07
69150.00000000009 4.6352093934184596e-07
69200.00000000009 3.109106588754972e-07
69250.00000000009 3.943669639498572e-07
69300.00000000009 3.6512545467527035e-07
69350.00000000009 3.91738987355073e-07
69400.00000000009 2.6824824121608547e-07
69450.00000000009 4.1753169594018483e-07
69500.00000000009 3.3564194727134814e-07
69550.00000000009 3.4371573399328546e-07
69600.00000000009 1.6986678554197976e-07
69650.00000000009 3.2540769658481516e-07
69700.00000000009 3.636603085116667e-07
69750.00000000009 3.237446988237666e-07
69800.00000000009 3.877187550992499e-07
69850.00000000009 4.1628327076823736e-07
69900.00000000009 2.859958430753886e-07
69950.00000000009 3.767352667696918e-07
70000.00000000009 2.8971744241535136e-07
70050.00000000009 3.7413133624367963e-07
70100.00000000009 3.130251916428531e-07
70150.00000000009 3.5251374600619515e-07
70200.00000000009 2.849777380729676e-07
70250.00000000009 3.260937580097835e-07
70300.00000000009 3.697475502292675e-07
70350.00000000009 2.8257533920325653e-07
70400.00000000009 3.087110279517708e-07
70450.00000000009 2.0439666146202824e-07
70500.00000000009 2.5359560515843183e-07
70550.00000000009 2.7457864528855085e-07
70600.00000000009 2.959152486752996e-07
70650.00000000009 3.22381745928658e-07
70700.00000000009 3.2395192942511366e-07
70750.00000000009 3.601273824698272e-07
70800.00000000009 2.7535362460688206e-07
70850.00000000009 2.6843344130539907e-07
70900.00000000009 2.730171305236663e-07
70950.00000000009 3.7808896450116803e-07
71000.00000000009 3.283110226066181e-07
71050.00000000009 3.583106748382192e-07
71100.00000000009 3.131338733271692e-07
71150.00000000009 3.2896442803466236e-07
71200.00000000009 2.850888873086414e-07
71250.00000000009 3.107037853620888e-07
71300.00000000009 3.582858716572903e-07
71350.00000000009 3.106315020636932e-07
71400.00000000009 3.350182302222944e-07
71450.00000000009 2.345310813366637e-07
71500.00000000009 2.803355170158134e-07
71550.00000000009 2.9302838693225547e-07
71600.00000000009 3.1974662161407963e-07
71650.00000000009 3.036624988068987e-07
71700.00000000009 2.6550855029076643e-07
71750.00000000009 2.9456086366073543e-07
71800.00000000009 3.692795284115163e-07
71850.00000000009 3.6168986234728566e-07
71900.00000000009 2.6535266566012407e-07
71950.00000000009 2.911345473699667e-07
72000.00000000009 2.857486643785256e-07
72050.00000000009 2.4081648357827517e-07
72100.00000000009 2.758516344127377e-07
72150.00000000009 2.6403738384804924e-07
72200.00000000009 2.9167102961833404e-07
72250.00000000009 3.085750280674277e-07
72300.00000000009 3.1199620570273685e-07
72350.00000000009 2.8453000153257236e-07
72400.00000000009 2.464266473633313e-07
72450.00000000009 2.418287733882168e-07
72500.00000000009 2.721980753802059e-07
72550.00000000009 2.0933099151378883e-07
72600.00000000009 1.83704672791405e-07
72650.00000000009 3.2189577945159004e-07
72700.00000000009 3.2355992743987397e-07
72750.00000000009 2.6536386494431746e-07
72800.00000000009 2.7527114458594994e-07
72850.00000000009 2.6054175772438707e-07
72900.00000000009 3.006179873334738e-07
72950.00000000009 2.640107023845129e-07
73000.00000000009 3.049958836303648e-07
73050.00000000009 2.727129263864087e-07
73100.00000000009 2.5710457062854583e-07
73150.00000000009 3.5043653665770863e-07
73200.00000000009 2.723828334014262e-07
73250.00000000009 2.79210372285032e-07
73300.00000000009 2.9211013434092875e-07
73350.00000000009 2.4523417654164463e-07
73400.00000000009 2.785100333437179e-07
73450.00000000009 1.9295563855935508e-07
73500.00000000009 2.2708466169587112e-07
73550.00000000009 2.3632667879526292e-07
73600.00000000009 2.220879847912495e-07
73650.00000000009 2.6305323571102995e-07
73700.00000000009 3.108380886527554e-07
73750.00000000009 2.500734580431254e-07
73800.00000000009 2.4303497165726983e-07
73850.00000000009 2.6950584906872763e-07
73900.00000000009 3.0153694901443284e-07
73950.00000000009 2.560268983627634e-07
74000.00000000009 2.72269098353235e-07
74050.00000000009 3.561582578467518e-07
74100.00000000009 2.2898010447724958e-07
74150.00000000009 2.7937770521685096e-07
74200.00000000009 2.511725599121934e-07
74250.00000000009 2.1648552649246736e-07
74300.00000000009 2.598891118508702e-07
74350.00000000009 2.905110079652501e-07
74400.00000000009 2.5796747837598335e-07
74450.00000000009 1.9842571957009996e-07
74500.00000000009 2.3133132182020317e-07
74550.00000000009 2.706347019227524e-07
74600.00000000009 2.433363698091414e-07
74650.00000000009 2.3861647594308985e-07
74700.00000000009 2.0617563472432697e-07
74750.00000000009 2.4730229039125086e-07
74800.00000000009 2.2858506987974498e-07
74850.00000000009 1.780205187847239e-07
74900.00000000009 3.2270940089911203e-07
74950.00000000009 3.1167700439741127e-07
75000.00000000009 2.686555619420957e-07
75050.00000000009 2.742884544927772e-07
75100.00000000009 3.3531977574750265e-07
75150.00000000009 3.0621344480680003e-07
75200.00000000009 3.273942415274867e-07
75250.00000000009 2.838447728824125e-07
75300.00000000009 3.1806158790695276e-07
75350.00000000009 2.250796662625295e-07
75400.00000000009 2.976789048392304e-07
75450.00000000009 2.7017167826707546e-07
75500.00000000009 2.4519624314712595e-07
75550.00000000009 3.245119031437491e-07
75600.00000000009 3.6794103935757745e-07
75650.00000000009 2.5766503567238565e-07
75700.00000000009 2.7710467193698045e-07
75750.00000000009 2.2555639968904087e-07
75800.00000000009 2.9413641031278313e-07
75850.00000000009 3.2774855269792105e-07
75900.00000000009 2.926292970891987e-07
75950.00000000009 2.6055837289828127e-07
76000.00000000009 2.693698330904813e-07
76050.00000000009 2.903095992163563e-07
76100.00000000009 2.5198678519212577e-07
76150.00000000009 2.9280828835303515e-07
76200.00000000009 3.1035552162029497e-07
76250.00000000009 3.733707491954478e-07
76300.00000000009 3.3608804021549706e-07
76350.00000000009 4.2817056839516797e-07
76400.00000000009 3.4451516287811555e-07
76450.00000000009 3.2548020915101924e-07
76500.00000000009 3.0169984456736916e-07
76550.00000000009 2.801798547126164e-07
76600.00000000009 1.9095601589487314e-07
76650.00000000009 2.0725721767950336e-07
76700.00000000009 2.3439529814607226e-07
76750.00000000009 2.1187489192457483e-07
76800.00000000009 2.6862207108651947e-07
76850.00000000009 1.4831390670609094e-07
76900.00000000009 2.079497057035131e-07
76950.00000000009 2.0772107658987191e-07
77000.00000000009 2.407241036508531e-07
77050.00000000009 1.8494200537866294e-07
77100.00000000009 1.8414595189594645e-07
77150.00000000009 2.1666322727905102e-07
77200.00000000009 2.3483805034964572e-07
77250.00000000009 2.3034270385267384e-07
77300.00000000009 2.1123749640030984e-07
77350.00000000009 1.696704148420506e-07
77400.00000000009 1.3842988887217484e-07
77450.00000000009 1.71371347402851e-07
77500.00000000009 2.1370508657310354e-07
77550.00000000009 2.1898179592436475e-07
77600.00000000009 2.2007811314669113e-07
77650.00000000009 2.172799903562482e-07
77700.00000000009 1.8205471873370633e-07
77750.00000000009 2.3102805159342678e-07
77800.00000000009 2.2305734697587843e-07
77850.00000000009 2.554817011238648e-07
77900.00000000009 2.3665913208345808e-07
77950.00000000009 2.0447681482164043e-07
78000.00000000009 2.250242019225091e-07
78050.00000000009 2.3803425802758798e-07
78100.00000000009 1.7849264152230934e-07
78150.00000000009 2.4281418976895815e-07
78200.00000000009 2.564734764296128e-07
78250.00000000009 2.779780389007774e-07
78300.00000000009 2.7954999843317136e-07
78350.00000000009 2.648774320655019e-07
78400.00000000009 2.457695121804889e-07
78450.00000000009 2.96178804193018e-07
78500.00000000009 2.728761758522671e-07
78550.00000000009 2.712778781182764e-07
78600.00000000009 2.459915224002765e-07
78650.00000000009 1.664014641173729e-07
78700.00000000009 2.300305977639682e-07
78750.00000000009 2.357287502887796e-07
78800.00000000009 2.799871800533333e-07
78850.00000000009 2.0273428499989663e-07
78900.00000000009 2.4776073550155797e-07
78950.00000000009 2.2339945468590148e-07
79000.00000000009 2.5269613141337095e-07
79050.00000000009 2.4367898364985277e-07
79100.00000000009 2.2700825378277148e-07
79150.00000000009 2.6808466887698503e-07
79200.00000000009 3.2286232381531636e-07
79250.00000000009 2.8840311521392684e-07
79300.00000000009 2.021358386357273e-07
79350.00000000009 2.903798605543588e-07
79400.00000000009 2.3409318360160513e-07
79450.00000000009 2.6494503819342675e-07
79500.00000000009 3.307219929991492e-07
79550.00000000009 2.875756260787132e-07
79600.00000000009 2.2790664869873278e-07
79650.00000000009 2.560489506610052e-07
79700.00000000009 3.3542560899229776e-07
79750.00000000009 2.9248016370018517e-07
79800.00000000009 2.7665028878423204e-07
79850.00000000009 2.705930792525104e-07
79900.00000000009 3.672804505337638e-07
79950.00000000009 2.687686985454901e-07
