galfind/configs/Brown_Dwarf_templates/sonora_cholla/logkzz4/100g/1300K_100g_logkzz4_resample.dat
# %ECSV 1.0
# ---
# datatype:
# - {name: wav, unit: Angstrom, datatype: float64}
# - {name: flux_nu, unit: erg / (cm2 Hz s), datatype: float64}
# schema: astropy-2.0
wav flux_nu
[from data line 388]
29400.000000000095 3.011537770244108e-07
29450.000000000095 2.7857661046989225e-07
29500.000000000095 2.886039869589086e-07
29550.000000000095 2.613575366856079e-07
29600.000000000095 3.7018447759954303e-07
29650.000000000095 2.752092974152483e-07
29700.000000000095 2.9481639596470683e-07
29750.000000000095 3.2560244080436087e-07
29800.000000000095 4.0188126128428863e-07
29850.000000000095 3.746214843020598e-07
29900.000000000095 3.2007495222229945e-07
29950.000000000095 3.158827798426386e-07
30000.000000000095 3.7562149958256375e-07
30050.000000000095 3.0400698669666316e-07
30100.000000000095 3.1283836618462967e-07
30150.000000000095 4.1051501448412795e-07
30200.000000000095 3.3763852233781033e-07
30250.000000000095 4.0801859984448134e-07
30300.000000000095 3.6289770400930644e-07
30350.000000000095 3.1372201308311164e-07
30400.000000000095 3.800429976662415e-07
30450.000000000095 3.3635216763572347e-07
30500.000000000095 3.228655998994623e-07
30550.000000000095 3.809100654943834e-07
30600.000000000095 3.796613492286824e-07
30650.000000000095 3.790624217201924e-07
30700.000000000095 3.35058906203976e-07
30750.000000000095 2.989131016318074e-07
30800.000000000095 3.160265567161451e-07
30850.000000000095 3.0434626449237257e-07
30900.000000000095 3.0736998616607466e-07
30950.000000000095 2.2332616023957477e-07
31000.000000000095 2.80067899958414e-07
31050.000000000095 2.8048301678051176e-07
31100.000000000095 2.0859907839095416e-07
31150.000000000095 2.5315752762264217e-07
31200.000000000095 2.45668975957083e-07
31250.000000000095 2.3693010089120197e-07
31300.000000000095 2.305292911489639e-07
31350.000000000095 2.129928870287577e-07
31400.000000000095 1.6799258119992278e-07
31450.000000000095 2.219256088987163e-07
31500.000000000095 1.9610624314201747e-07
31550.000000000095 2.1871089655175525e-07
31600.000000000095 1.7221961024784105e-07
31650.000000000095 1.9251954129054528e-07
31700.000000000095 1.822212653894759e-07
31750.000000000095 1.616215893471528e-07
31800.000000000095 1.7481625723404558e-07
31850.000000000095 1.7346710391235393e-07
31900.000000000095 1.5413621136170278e-07
31950.000000000095 1.744008771329183e-07
32000.000000000095 1.6319723023171496e-07
32050.000000000095 1.445032105370191e-07
32100.000000000095 1.3153569866294578e-07
32150.000000000095 1.765012393847444e-07
32200.000000000095 1.4778596385856876e-07
32250.000000000095 1.628225120316833e-07
32300.000000000095 1.3893916510568267e-07
32350.000000000095 2.1509930086402487e-07
32400.000000000095 1.6870787209891022e-07
32450.000000000095 2.1479659744996183e-07
32500.000000000095 1.757286614772183e-07
32550.000000000095 2.0813308428184708e-07
32600.000000000095 2.365554179073369e-07
32650.000000000095 2.5766500387059993e-07
32700.000000000095 2.091167088930552e-07
32750.000000000095 2.836791358149818e-07
32800.000000000095 2.0492412330303703e-07
32850.000000000095 2.650303573580558e-07
32900.000000000095 3.002701185092579e-07
32950.000000000095 2.886711864900277e-07
33000.000000000095 2.7670339938860223e-07
33050.000000000095 2.566865772427783e-07
33100.000000000095 1.8075725916344916e-07
33150.000000000095 9.865779927820369e-08
33200.000000000095 9.192382882106322e-08
33250.000000000095 5.311171823334727e-08
33300.000000000095 5.542265963615042e-08
33350.000000000095 7.38861811144625e-08
33400.000000000095 9.13854523347499e-08
33450.000000000095 1.1094672738590976e-07
33500.000000000095 1.3059599830166198e-07
33550.000000000095 1.3979390672383258e-07
33600.000000000095 1.8201886279280893e-07
33650.000000000095 2.0437434297717474e-07
33700.000000000095 1.9592489747235478e-07
33750.000000000095 2.423615373767038e-07
33800.000000000095 2.1455412851747794e-07
33850.000000000095 2.6328963591305993e-07
33900.000000000095 2.3291015889244792e-07
33950.000000000095 2.4789679004851973e-07
34000.000000000095 2.4609657511359467e-07
34050.000000000095 1.652668490679591e-07
34100.000000000095 2.4703226450806907e-07
34150.000000000095 2.008271112352034e-07
34200.000000000095 2.3961751883209327e-07
34250.000000000095 2.1558313552773622e-07
34300.000000000095 1.6848842968715385e-07
34350.000000000095 2.0375693353690598e-07
34400.000000000095 2.0439582906504817e-07
34450.000000000095 2.434785011078222e-07
34500.000000000095 2.411875594204813e-07
34550.000000000095 1.7080732484363032e-07
34600.000000000095 2.585048053348385e-07
34650.000000000095 2.0218600634807985e-07
34700.000000000095 2.08603069022315e-07
34750.000000000095 2.072089749598682e-07
34800.000000000095 1.5688891182930004e-07
34850.000000000095 2.1126560056013634e-07
34900.000000000095 2.5319702074812333e-07
34950.000000000095 1.9750479949813127e-07
35000.000000000095 2.7458370599483973e-07
35050.000000000095 2.2676216478697997e-07
35100.000000000095 2.5952939424713644e-07
35150.000000000095 2.42312322872653e-07
35200.000000000095 3.1455547466880676e-07
35250.000000000095 3.177185563101001e-07
35300.000000000095 2.2722331995413236e-07
35350.000000000095 3.0698618451208827e-07
35400.000000000095 2.8782723260199576e-07
35450.000000000095 2.6140078330980133e-07
35500.000000000095 3.568693067282383e-07
35550.000000000095 3.337295551212459e-07
35600.000000000095 3.3802079445929295e-07
35650.000000000095 3.4493444983040564e-07
35700.000000000095 2.607996153405922e-07
35750.000000000095 3.5381689227880797e-07
35800.000000000095 3.7643067217201237e-07
35850.000000000095 3.052160304672954e-07
35900.000000000095 4.104225814160312e-07
35950.000000000095 3.8061812276583176e-07
36000.000000000095 3.4245577914951254e-07
36050.000000000095 4.289550980391614e-07
36100.000000000095 3.957679726360221e-07
36150.000000000095 4.2854225325803553e-07
36200.000000000095 4.418962791097527e-07
36250.000000000095 4.3473877700527717e-07
36300.000000000095 4.95157255860271e-07
36350.000000000095 4.974949863664385e-07
36400.000000000095 5.486423444073769e-07
36450.000000000095 5.410408591751517e-07
36500.000000000095 5.510561129962735e-07
36550.000000000095 5.251218245709717e-07
36600.000000000095 5.830262912373e-07
36650.000000000095 6.172230062941054e-07
36700.000000000095 6.794947610968361e-07
36750.000000000095 7.032800138849346e-07
36800.000000000095 6.859396701158263e-07
36850.000000000095 6.902374437871286e-07
36900.000000000095 6.574353923258178e-07
36950.000000000095 7.381753930763493e-07
37000.000000000095 7.210564530596258e-07
37050.000000000095 7.562779225941512e-07
37100.000000000095 7.866782117158159e-07
37150.000000000095 8.222697751958785e-07
37200.000000000095 8.392261873037605e-07
37250.000000000095 7.72463073234197e-07
37300.000000000095 8.239939251812817e-07
37350.000000000095 7.645427445839763e-07
37400.000000000095 9.332921053820733e-07
37450.000000000095 8.74061455161852e-07
37500.000000000095 8.566624487009253e-07
37550.000000000095 9.749005378335625e-07
37600.000000000095 1.055376526773835e-06
37650.000000000095 9.371128313497712e-07
37700.000000000095 1.0154988770225848e-06
37750.000000000095 9.167595361616224e-07
37800.000000000095 1.0319032046296892e-06
37850.000000000095 9.058478317524888e-07
37900.000000000095 1.0445463511487862e-06
37950.000000000095 1.1147674074387302e-06
38000.000000000095 1.1266856653338486e-06
38050.000000000095 1.06498535338678e-06
38100.000000000095 1.1264269084506915e-06
38150.000000000095 1.1316405048393208e-06
38200.000000000095 1.2464819517527505e-06
38250.000000000095 1.1138167007410978e-06
38300.000000000095 1.1526336585262583e-06
38350.000000000095 1.265361926901867e-06
38400.000000000095 1.0554838887237184e-06
38450.000000000095 1.295048900310162e-06
38500.000000000095 1.2101384183623288e-06
38550.000000000095 1.2419752466264056e-06
38600.000000000095 1.332046095816729e-06
38650.000000000095 1.3821548916021994e-06
38700.000000000095 1.3661480702186815e-06
38750.000000000095 1.3157163530165098e-06
38800.000000000095 1.3285057380118393e-06
38850.000000000095 1.3908567413304358e-06
38900.000000000095 1.326401798537236e-06
38950.000000000095 1.3491529006254072e-06
39000.000000000095 1.4664567377456835e-06
39050.000000000095 1.4643372361108553e-06
39100.000000000095 1.239366462923698e-06
39150.000000000095 1.4575411293824426e-06
39200.000000000095 1.373573285841604e-06
39250.000000000095 1.4449908777722283e-06
39300.000000000095 1.4745363306941798e-06
39350.000000000095 1.5259437939933344e-06
39400.000000000095 1.5780729496218266e-06
39450.000000000095 1.5721865306816447e-06
39500.000000000095 1.328163266074924e-06
39550.000000000095 1.4641502980660245e-06
39600.000000000095 1.5399040485374317e-06
39650.000000000095 1.4748224531287383e-06
39700.000000000095 1.4856571415574392e-06
39750.000000000095 1.4710995104953511e-06
39800.000000000095 1.4860086155944283e-06
39850.000000000095 1.4901343989239581e-06
39900.000000000095 1.4589807254312105e-06
39950.000000000095 1.5117061830281238e-06
40000.000000000095 1.38282749010031e-06
40050.000000000095 1.5313264006010697e-06
40100.000000000095 1.583677498669574e-06
40150.000000000095 1.60494843052211e-06
40200.000000000095 1.674474088167056e-06
40250.000000000095 1.3231002395590403e-06
40300.000000000095 1.449240466802293e-06
40350.000000000095 1.4649109515542602e-06
40400.000000000095 1.550870463058133e-06
40450.000000000095 1.5055131116291175e-06
40500.000000000095 1.2955668756566464e-06
40550.000000000095 1.5696534762887662e-06
40600.000000000095 1.2582143099971412e-06
40650.000000000095 1.5981963828110106e-06
40700.000000000095 1.651799293680125e-06
40750.000000000095 1.390688747103015e-06
40800.000000000095 1.2956747402395036e-06
40850.000000000095 1.3797443770368722e-06
40900.000000000095 1.264078108112209e-06
40950.000000000095 1.3576420993607614e-06
41000.000000000095 1.386216741810748e-06
41050.000000000095 1.469816874229614e-06
41100.000000000095 1.2965246488389606e-06
41150.000000000095 1.2305070552056196e-06
41200.000000000095 1.312985227527479e-06
41250.000000000095 1.412110006889056e-06
41300.000000000095 1.0668134437213634e-06
41350.000000000095 1.3830547064425527e-06
41400.000000000095 1.3393627001862145e-06
41450.000000000095 1.3222399060303434e-06
41500.000000000095 1.36236913948546e-06
41550.000000000095 1.2646813262958584e-06
41600.000000000095 1.2651756677925528e-06
41650.000000000095 1.181541861233219e-06
41700.000000000095 1.1621454810766575e-06
41750.000000000095 9.698921272345728e-07
41800.000000000095 1.2801521670678211e-06
41850.000000000095 7.601818802411867e-07
41900.000000000095 1.101851549430866e-06
41950.000000000095 1.051311541603376e-06
42000.000000000095 1.0309166501104895e-06
42050.000000000095 7.95594459615313e-07
42100.000000000095 9.241679196102874e-07
42150.000000000095 7.127588234717239e-07
42200.000000000095 8.364810601515299e-07
42250.000000000095 7.283273065652074e-07
42300.000000000095 7.941919140230016e-07
42350.000000000095 7.816291901533713e-07
42400.000000000095 6.559136470424016e-07
42450.000000000095 5.402226738913288e-07
42500.000000000095 6.184556396883908e-07
42550.000000000095 6.619253129499915e-07
42600.000000000095 7.097150261068256e-07
42650.000000000095 7.828056938564646e-07
42700.000000000095 7.004134616338244e-07
42750.000000000095 6.948020989370499e-07
42800.000000000095 6.196511737247357e-07
42850.000000000095 7.002120913904745e-07
42900.000000000095 6.89109227974311e-07
42950.000000000095 5.737825984841239e-07
43000.000000000095 6.958204178213385e-07
43050.000000000095 5.669004945595144e-07
43100.000000000095 6.998014955002127e-07
43150.000000000095 7.206551496323982e-07
43200.000000000095 6.937263805816585e-07
43250.000000000095 5.735079309134543e-07
43300.000000000095 7.318478332470374e-07
43350.000000000095 6.720467907265923e-07
43400.000000000095 7.535696860870167e-07
43450.000000000095 5.666646728316184e-07
43500.000000000095 5.473992584849801e-07
43550.000000000095 5.370580848031949e-07
43600.000000000095 6.843197290783097e-07
43650.000000000095 4.775242783652737e-07
43700.000000000095 6.765182505396094e-07
43750.000000000095 6.362147422009482e-07
43800.000000000095 5.250808422401244e-07
43850.000000000095 6.260853279688195e-07
43900.000000000095 4.3628582113430626e-07
43950.000000000095 5.481246736910721e-07
44000.000000000095 4.083415470370124e-07
44050.000000000095 5.212453666447399e-07
44100.000000000095 5.212159960153788e-07
44150.000000000095 5.527953598661448e-07
44200.000000000095 4.5866948295109745e-07
44250.000000000095 4.723987079538554e-07
44300.000000000095 4.477674759321459e-07
44350.000000000095 3.613498698020418e-07
44400.000000000095 4.222088116838346e-07
44450.000000000095 4.192003051944064e-07
44500.000000000095 3.411480929940213e-07
44550.000000000095 3.852655116590754e-07
44600.000000000095 3.4507785426063565e-07
44650.000000000095 3.926056483431777e-07
44700.000000000095 3.645919762013602e-07
44750.000000000095 3.898590542686555e-07
44800.000000000095 3.732171461597016e-07
44850.000000000095 3.445586992271763e-07
44900.000000000095 3.041956464009513e-07
44950.000000000095 3.1424862710766053e-07
45000.000000000095 3.201292705666557e-07
45050.000000000095 3.327180466113477e-07
45100.000000000095 2.9972862917031196e-07
45150.000000000095 2.955082283792453e-07
45200.000000000095 2.556940115179067e-07
45250.000000000095 2.685061862122971e-07
45300.000000000095 2.981294298409137e-07
45350.000000000095 3.0507931243214146e-07
45400.000000000095 2.4447941647528403e-07
45450.000000000095 2.5137341894438416e-07
45500.000000000095 2.5248839175701764e-07
45550.000000000095 2.794821253026606e-07
45600.000000000095 2.4542648239296224e-07
45650.000000000095 2.507285959831726e-07
45700.000000000095 3.025742304897575e-07
45750.000000000095 2.7208225182720803e-07
45800.000000000095 2.4797201708497315e-07
45850.000000000095 3.3360767030218033e-07
45900.000000000095 3.253152299312149e-07
45950.000000000095 2.5740000844548374e-07
46000.000000000095 3.146690330660622e-07
46050.000000000095 3.312520845126604e-07
46100.000000000095 2.594409613253981e-07
46150.000000000095 3.1724369885022295e-07
46200.000000000095 2.978204610813226e-07
46250.000000000095 2.0749173370719027e-07
46300.000000000095 3.528863525932887e-07
46350.000000000095 2.509024685407942e-07
46400.000000000095 3.071946661388284e-07
46450.000000000095 3.7037072595324896e-07
46500.000000000095 3.055981620584499e-07
46550.000000000095 3.6905349452728665e-07
46600.000000000095 3.717531789010921e-07
46650.000000000095 5.193293602506462e-07
46700.000000000095 4.128272535681274e-07
46750.000000000095 3.54646667110141e-07
46800.000000000095 3.079633295996427e-07
46850.000000000095 3.913838812953066e-07
46900.000000000095 3.411326513495125e-07
46950.000000000095 4.2781265003230657e-07
47000.000000000095 3.016436983333458e-07
47050.000000000095 4.5418603134535563e-07
47100.000000000095 2.805772837715937e-07
47150.000000000095 3.2366167780384244e-07
47200.000000000095 3.6847257556037586e-07
47250.000000000095 2.9968818632951645e-07
47300.000000000095 3.2900878226068994e-07
47350.000000000095 2.6769004664320304e-07
47400.000000000095 3.8437342407543816e-07
47450.000000000095 2.8022461695882035e-07
47500.000000000095 4.101535523937207e-07
47550.000000000095 2.8292079186727603e-07
47600.000000000095 3.8675003711957016e-07
47650.000000000095 2.8322845243554013e-07
47700.000000000095 3.6693897992519585e-07
47750.000000000095 2.434333490114542e-07
47800.000000000095 3.576510445975613e-07
47850.000000000095 2.1705865040862364e-07
47900.000000000095 3.514003299430856e-07
47950.000000000095 2.7758253323039625e-07
48000.000000000095 4.3028650271105715e-07
48050.000000000095 3.060992313834658e-07
48100.000000000095 3.8456038146991255e-07
48150.000000000095 2.913793535088041e-07
48200.000000000095 3.9412543466065664e-07
48250.000000000095 3.1996167466305453e-07
48300.000000000095 4.578721464125046e-07
48350.000000000095 2.7940013053662425e-07
48400.000000000095 3.864414523892924e-07
48450.000000000095 2.621664210263584e-07
48500.000000000095 4.579027548164566e-07
48550.000000000095 2.650585374257372e-07
48600.000000000095 4.1336695893558297e-07
