galfind/configs/Brown_Dwarf_templates/sonora_cholla/logkzz4/100g/500K_100g_logkzz4_resample.dat
# %ECSV 1.0
# ---
# datatype:
# - {name: wav, unit: Angstrom, datatype: float64}
# - {name: flux_nu, unit: erg / (cm2 Hz s), datatype: float64}
# schema: astropy-2.0
wav flux_nu
[from data line 1211]
63550.04800076804 6.416909842271634e-09
63600.04800076804 5.890899950378716e-09
63650.04800076804 3.204763376595946e-09
63700.04800076804 5.438405406512495e-10
63750.04800076804 2.4250432965549867e-09
63800.04800076804 7.676478523354042e-09
63850.04800076804 5.248294083052093e-09
63900.04800076804 8.998702894691151e-10
63950.04800076804 3.417245892679455e-09
64000.04800076804 4.9425774492575245e-09
64050.04800076804 1.3419943885005823e-09
64100.04800076804 1.9380839446390508e-10
64150.04800076804 3.031656330151717e-10
64200.04800076804 4.0644300186178687e-10
64250.04800076804 2.281711125998085e-09
64300.04800076804 1.97862984905281e-09
64350.04800076804 1.2001092646267174e-09
64400.04800076804 3.967875995319007e-09
64450.04800076804 5.009675050321798e-09
64500.04800076804 1.8022555961795069e-09
64550.04800076804 4.510659037233641e-09
64600.04800076804 2.597808547707026e-09
64650.04800076804 3.4622898578496582e-09
64700.04800076804 8.581597699215816e-10
64750.04800076804 1.7933240246021363e-09
64800.04800076804 7.124329866340773e-10
64850.04800076804 3.923400890063707e-10
64900.04800076804 3.1521606961350264e-10
64950.04800076804 2.3319851413095364e-10
65000.04800076804 6.575154548457429e-10
65050.04800076804 1.986390880967235e-09
65100.04800076804 3.173647479637934e-09
65150.04800076804 1.2443416996905933e-09
65200.04800076804 2.6526800412609336e-10
65250.04800076804 1.7683629439951806e-09
65300.04800076804 2.5796180116641797e-09
65350.04800076804 7.349127307395486e-09
65400.04800076804 2.3585258780481474e-09
65450.04800076804 2.35702369961006e-09
65500.04800076804 2.854186139259971e-09
65550.04800076805 8.33981290512157e-10
65600.04800076805 2.6016185105663513e-09
65650.04800076805 1.1518554877759303e-09
65700.04800076805 1.0294488039908055e-09
65750.04800076805 7.012127779923272e-10
65800.04800076805 2.266925807555966e-09
65850.04800076805 3.4403376453219125e-09
65900.04800076805 5.056501823622182e-10
65950.04800076805 1.6240124542817756e-09
66000.04800076805 2.1436888054102584e-09
66050.04800076805 5.4357235779519626e-09
66100.04800076805 2.7573398891808067e-09
66150.04800076805 2.5558516372565396e-09
66200.04800076805 2.56777370781674e-09
66250.04800076805 1.1137368846226973e-09
66300.04800076805 3.155934812505672e-10
66350.04800076805 1.6582157452037164e-10
66400.04800076805 4.2616571486844605e-10
66450.04800076805 2.329869206172662e-09
66500.04800076805 4.270222634788588e-09
66550.04800076805 4.9451979521197215e-09
66600.04800076805 3.842318585508836e-09
66650.04800076805 1.996723408864462e-09
66700.04800076805 1.2136484992138661e-09
66750.04800076805 1.563422504423967e-09
66800.04800076805 1.7736332517572207e-09
66850.04800076805 1.0691714260146958e-09
66900.04800076805 5.845110705332764e-09
66950.04800076805 5.251612801775479e-09
67000.04800076805 5.94994774556101e-09
67050.04800076805 3.1394341524274577e-09
67100.04800076805 1.3243933365118484e-09
67150.04800076805 2.071195118751974e-09
67200.04800076805 3.377721525005042e-09
67250.04800076805 3.0878413928862893e-09
67300.04800076805 7.067682670987461e-09
67350.04800076805 2.759852739158689e-09
67400.04800076805 7.255004646990497e-09
67450.04800076805 3.7134666338447906e-09
67500.04800076805 3.486205605429715e-09
67550.04800076805 1.0157526925690998e-08
67600.04800076805 1.595245183126214e-08
67650.04800076805 1.1168296088032979e-08
67700.04800076805 5.1258332259861805e-09
67750.04800076805 2.4587383390745613e-09
67800.04800076805 3.94405268465108e-09
67850.04800076805 1.3897648468468238e-09
67900.04800076805 1.6763293607057379e-09
67950.04800076805 1.4686509658585462e-09
68000.04800076805 4.181068348889306e-09
68050.04800076805 5.638501719151314e-09
68100.04800076805 1.0620234849901547e-08
68150.04800076805 8.530692449479347e-09
68200.04800076805 4.942842521076329e-09
68250.04800076805 6.779671188057955e-10
68300.04800076805 5.207401171998871e-09
68350.04800076805 6.93980958784925e-09
68400.04800076805 1.1974724408023317e-08
68450.04800076805 9.331317656687178e-09
68500.04800076805 4.427023907899916e-09
68550.04800076805 1.2848688740006173e-09
68600.04800076805 1.250614507643681e-09
68650.04800076805 5.448492496275851e-10
68700.04800076805 2.1529449089590957e-09
68750.04800076805 4.894837673067119e-09
68800.04800076805 5.632835385171629e-09
68850.04800076805 1.9686845912735817e-09
68900.04800076805 9.854932770754134e-09
68950.04800076805 1.0756468192045036e-08
69000.04800076805 5.961867742636057e-09
69050.04800076805 2.3275251282669604e-09
69100.04800076805 8.122060871017088e-09
69150.04800076805 1.3543850120461962e-08
69200.04800076805 1.1346932785933503e-08
69250.04800076805 1.3233884884111967e-08
69300.04800076805 6.620573986274117e-09
69350.04800076805 1.751329147096989e-08
69400.04800076805 5.39375547612402e-09
69450.04800076805 1.4439845953609012e-08
69500.04800076805 5.880134018414202e-09
69550.04800076805 3.6564186808266744e-09
69600.04800076805 7.089536588886995e-10
69650.04800076805 3.9342212218357766e-09
69700.04800076805 8.158993313981668e-09
69750.04800076805 4.9900576924842946e-09
69800.04800076805 1.0223846198427106e-08
69850.04800076805 1.0060892255931636e-08
69900.04800076805 5.329465672874313e-09
69950.04800076805 5.048951479981145e-09
70000.04800076805 6.620874926165557e-09
70050.04800076805 1.3880283285835103e-08
70100.04800076805 1.0982330388559331e-08
70150.04800076805 6.654054652159504e-09
70200.04800076805 4.2401797942849335e-09
70250.04800076805 5.787171911247197e-09
70300.04800076805 1.3156766212515161e-08
70350.04800076805 9.664018875674416e-09
70400.04800076805 3.805370296386459e-09
70450.04800076805 3.2566004942189273e-10
70500.04800076805 3.176883280556502e-09
70550.04800076805 3.379196964529825e-09
70600.04800076805 3.4734892926069355e-09
70650.04800076805 1.0952060531615259e-08
70700.04800076805 1.1921587571145864e-08
70750.04800076805 1.9280048966419124e-08
70800.04800076805 6.832618390781964e-09
70850.04800076805 8.11768433371927e-09
70900.04800076805 1.0739380263015401e-08
70950.04800076805 1.4778824867056667e-08
71000.04800076805 1.2844847352470159e-08
71050.04800076805 1.3369360878682007e-08
71100.04800076805 9.251783483378465e-09
71150.04800076805 5.347133860475917e-09
71200.04800076805 5.0651138573141395e-09
71250.04800076805 1.0789210167983704e-08
71300.04800076805 1.5083543987703578e-08
71350.04800076805 1.5363307761436974e-08
71400.04800076805 1.0242065993241634e-08
71450.04800076805 3.0309555373019362e-09
71500.04800076805 3.829422469329327e-09
71550.04800076805 5.798916844493521e-09
71600.04800076805 6.284824073443061e-09
71650.04800076805 3.507060859662948e-09
71700.04800076805 2.2692341568950696e-09
71750.04800076805 7.085738364623842e-09
71800.04800076805 1.1797913364691191e-08
71850.04800076805 1.1234401125566295e-08
71900.04800076805 4.991133309809844e-09
71950.04800076805 8.61863655913567e-09
72000.04800076805 7.292493030949724e-09
72050.04800076805 2.8309197107484398e-09
72100.04800076805 3.7479420482950695e-09
72150.04800076805 4.6808184141896364e-09
72200.04800076805 8.634102635987516e-09
72250.04800076805 1.3398815045222411e-08
72300.04800076805 6.900875493649413e-09
72350.04800076805 9.585840209386818e-09
72400.04800076805 8.271970188108495e-09
72450.04800076805 5.8677198392649245e-09
72500.04800076805 8.717371978099828e-09
72550.04800076805 2.638383834751e-09
72600.04800076805 5.386628194393081e-09
72650.04800076805 1.064727275624923e-08
72700.04800076805 4.966339226716485e-09
72750.04800076805 5.251170195108947e-09
72800.04800076805 2.684141277197891e-09
72850.04800076805 4.547702032472873e-09
72900.04800076805 1.1134410057680402e-08
72950.04800076805 5.907305527667016e-09
73000.04800076805 6.4633143046764886e-09
73050.04800076805 2.4357736444993797e-09
73100.04800076805 3.899471811996038e-09
73150.04800076805 1.0693947599006695e-08
73200.04800076805 3.358653221879864e-09
73250.04800076805 4.585217969844057e-09
73300.04800076805 3.0124398894405514e-09
73350.04800076805 1.8916232974503245e-09
73400.04800076805 4.653052795218246e-09
73450.04800076805 2.214903003504097e-09
73500.04800076805 1.7900236267883687e-09
73550.04800076805 3.454420237446361e-09
73600.04800076805 3.915702921573011e-09
73650.04800076805 4.047801433007604e-09
73700.04800076805 3.563508966458651e-09
73750.04800076805 8.222243154581454e-10
73800.04800076805 3.3180306987705505e-09
73850.04800076805 5.4684748056610054e-09
73900.04800076805 1.982535579553216e-09
73950.04800076805 2.4870638273629736e-09
74000.04800076805 8.026239189202806e-10
74050.04800076805 5.645579623610204e-09
74100.04800076805 4.027842046656741e-09
74150.04800076805 4.07999158109147e-09
74200.04800076805 1.3967596709790158e-09
74250.04800076805 1.5151221152611892e-10
74300.04800076805 3.7062813734205373e-09
74350.04800076805 5.837895400827161e-09
74400.04800076805 5.126179106551428e-09
74450.04800076805 1.3915808865039525e-09
74500.04800076805 5.679431340643655e-10
74550.04800076805 1.964390389680761e-09
74600.04800076805 3.3278751206682007e-09
74650.04800076805 3.5817803694689184e-09
74700.04800076805 2.1822476458165627e-09
74750.04800076805 7.242481188547783e-10
74800.04800076805 1.2694947782844768e-09
74850.04800076805 3.0222899455629104e-09
74900.04800076805 5.200043622100218e-09
74950.04800076805 4.474089587101582e-09
75000.04800076805 1.6236160986524626e-09
75050.04800076805 1.0409084754706563e-10
75100.04800076805 3.824221487452121e-09
75150.04800076805 6.53881485457516e-09
75200.04800076805 6.940311429002391e-09
75250.04800076805 5.692722756160472e-09
75300.04800076805 3.1800335899707955e-09
75350.04800076805 5.690697570771888e-10
75400.04800076805 5.761033943895023e-09
75450.04800076805 6.748649519438103e-09
75500.04800076805 7.007944168675698e-09
75550.04800076805 5.417845323465017e-09
75600.04800076805 5.692676841018088e-09
75650.04800076805 2.5966736781471826e-09
75700.04800076805 8.690485799050999e-09
75750.04800076805 3.9512590600246465e-09
75800.04800076805 6.54894088029172e-09
75850.04800076805 7.267571432451661e-09
75900.04800076805 8.025443605986486e-09
75950.04800076805 2.921985632298818e-09
76000.04800076805 9.8908653046008e-09
76050.04800076805 9.791303425759047e-09
76100.04800076805 7.774197485542167e-09
76150.04800076805 8.966644476419686e-09
76200.04800076805 6.757009230044449e-09
76250.04800076805 2.5681413456793534e-09
76300.04800076805 1.0666086103742589e-08
76350.04800076805 1.287874443119053e-08
76400.04800076805 1.0310053701892586e-08
76450.04800076805 6.994685755618294e-09
76500.04800076805 4.021634510605122e-09
76550.04800076805 9.851452479930152e-10
76600.04800076805 1.3970966102997075e-10
76650.04800076805 1.1868081561765758e-10
76700.04800076805 2.7060133629495547e-10
76750.04800076805 4.166738714325087e-10
76800.04800076805 9.140009329912911e-10
76850.04800076805 4.6111578087721354e-10
76900.04800076805 3.803504878927053e-10
76950.04800076805 1.3401385082812786e-09
77000.04800076805 3.3254967948263666e-09
77050.04800076805 2.6164579836075573e-10
77100.04800076805 2.832319400475024e-10
77150.04800076805 3.7128385843499282e-09
77200.04800076805 1.517774826611403e-09
77250.04800076805 6.54822641541116e-10
77300.04800076805 3.0591029005261357e-09
77350.04800076805 1.3080557537018202e-09
77400.04800076805 1.3994812415362398e-09
77450.04800076805 5.382822217078507e-09
77500.04800076805 3.409886763219662e-09
77550.04800076805 1.8038105736132842e-09
77600.04800076805 6.551122924078932e-10
77650.04800076805 9.602016541490672e-10
77700.04800076805 1.0099114656649557e-09
77750.04800076805 4.508928854223516e-09
77800.04800076805 5.105326737915028e-09
77850.04800076805 9.043319398927062e-09
77900.04800076805 2.8658165286877636e-09
77950.04800076805 3.2607970352643704e-10
78000.04800076805 1.9919702087561267e-09
78050.04800076805 2.985778505832183e-09
78100.04800076805 4.095965502845784e-09
78150.04800076805 7.970025199535544e-09
78200.04800076805 8.660934864778851e-09
78250.04800076805 6.241771771802029e-09
78300.04800076805 1.4582673107481094e-09
78350.04800076805 4.7405977041998185e-09
78400.04800076805 1.4477501845524001e-09
78450.04800076805 4.113318551369265e-09
78500.04800076805 8.039365871897143e-09
78550.04800076805 1.2545650385523191e-08
78600.04800076805 7.915708986549098e-09
78650.04800076805 4.856611586198128e-10
78700.04800076805 1.2309835443893194e-09
78750.04800076805 3.063517633234342e-09
78800.04800076805 2.520994495375469e-09
78850.04800076805 6.469028604526821e-10
78900.04800076805 3.4440480683940477e-09
78950.04800076805 6.825151564334864e-09
79000.04800076805 4.52826672995803e-09
79050.04800076805 2.944517302493031e-09
79100.04800076805 4.0365385770638485e-09
79150.04800076805 3.119588716276958e-09
79200.04800076805 4.426785323021528e-09
79250.04800076805 1.7127376778805836e-09
79300.04800076805 1.982777513136285e-09
79350.04800076805 3.3307855141607026e-09
79400.04800076805 1.6116528888311278e-09
79450.04800076805 7.507142558140237e-09
79500.04800076805 1.1071380708279804e-08
79550.04800076805 7.31801037532343e-09
79600.04800076805 3.4607897545237783e-09
79650.04800076805 6.714865603965708e-09
79700.04800076805 4.668507275662246e-09
79750.04800076805 4.371090228161763e-09
79800.04800076805 1.7852557356060227e-09
79850.04800076805 6.347280174947663e-09
79900.04800076805 1.2127592459040119e-08
79950.04800076805 1.1870018948009813e-08
