galfind/configs/Brown_Dwarf_templates/sonora_cholla/logkzz4/100g/550K_100g_logkzz4_resample.dat
# %ECSV 1.0
# ---
# datatype:
# - {name: wav, unit: Angstrom, datatype: float64}
# - {name: flux_nu, unit: erg / (cm2 Hz s), datatype: float64}
# schema: astropy-2.0
wav flux_nu
[from data line 417]
23850.04800076804 3.0259351939847266e-11
23900.04800076804 6.824644034316944e-11
23950.04800076804 4.561004578791049e-11
24000.04800076804 8.753680501502044e-11
24050.04800076804 1.1605284086336346e-10
24100.04800076804 1.1012505119413619e-10
24150.04800076804 1.6481338240070759e-10
24200.04800076804 1.1997833530821226e-10
24250.04800076804 6.749013517269912e-11
24300.04800076804 1.7952971215978238e-10
24350.04800076804 1.1370438694961826e-10
24400.04800076804 2.6149721741016564e-10
24450.04800076804 2.820741161323793e-10
24500.04800076804 2.6870498708553774e-10
24550.04800076804 4.310036686867901e-10
24600.04800076804 5.501980748477346e-10
24650.04800076804 6.145222696031455e-10
24700.04800076804 4.640621630145096e-10
24750.04800076804 5.586794506949292e-10
24800.04800076804 5.017390950972602e-10
24850.04800076804 7.859058300278302e-10
24900.04800076804 3.260939278943304e-10
24950.04800076804 6.344329926336844e-10
25000.04800076804 6.949486970497761e-10
25050.04800076804 4.0528647904495623e-10
25100.04800076804 5.907474971850855e-10
25150.04800076804 2.5581247745630004e-10
25200.04800076804 4.0512438871613577e-10
25250.04800076804 1.6112649154483736e-10
25300.04800076804 2.418881908204754e-10
25350.04800076804 9.579717774413911e-11
25400.04800076804 2.7129491431342445e-10
25450.04800076804 9.315858018981401e-11
25500.04800076804 7.054955695025955e-11
25550.04800076804 1.6112522696595297e-10
25600.04800076804 3.5801450991769526e-11
25650.04800076804 3.6707701288600304e-11
25700.04800076804 4.3289449615115077e-11
25750.04800076804 1.573121751329813e-11
25800.04800076804 8.351169615730958e-11
25850.04800076804 1.2326322866017447e-11
25900.04800076804 2.1280104838046436e-11
25950.04800076804 5.4730497107255286e-12
26000.04800076804 6.486854928814583e-11
26050.04800076804 7.815906935085405e-12
26100.04800076804 4.944546477839255e-11
26150.04800076804 2.0033524165281717e-11
26200.04800076804 2.2959434315218234e-11
26250.04800076804 1.770374417183131e-10
26300.04800076804 3.63168681698235e-11
26350.04800076804 2.459981638478818e-10
26400.04800076804 4.5679669327589786e-10
26450.04800076804 2.874207086933604e-10
26500.04800076804 5.847440913550424e-10
26550.04800076804 8.1002120545391e-11
26600.04800076804 7.42876479883412e-11
26650.04800076804 1.3779238380296569e-11
26700.04800076804 5.00651787449114e-12
26750.04800076804 1.1897005351257932e-11
26800.04800076804 2.8586148826390078e-11
26850.04800076804 1.9840799114742067e-11
26900.04800076804 9.76937478807685e-11
26950.04800076804 2.7878447312118523e-11
27000.04800076804 1.5117648954037876e-10
27050.04800076804 1.700028599665918e-10
27100.04800076804 2.730964876007653e-11
27150.04800076804 2.2138322209316344e-10
27200.04800076804 2.3188498872287998e-11
27250.04800076804 7.990226183188464e-11
27300.04800076804 6.868646677791227e-10
27350.04800076804 2.101321065103052e-10
27400.04800076804 1.0491949787878308e-11
27450.04800076804 3.098134268358726e-10
27500.04800076804 4.2568413607406124e-10
27550.04800076804 5.4326676838751495e-11
27600.04800076804 1.698882531165007e-10
27650.04800076804 4.2867380037520986e-11
27700.04800076804 3.593663095862276e-11
27750.04800076804 2.380210672733881e-10
27800.04800076804 7.592958417772196e-11
27850.04800076804 1.1795738268434997e-10
27900.04800076804 1.6232163779087185e-10
27950.04800076804 4.1306487194034377e-10
28000.04800076804 3.2200346409451175e-10
28050.04800076804 5.104332739741384e-11
28100.04800076804 5.27815719662714e-10
28150.04800076804 3.2313554382280803e-10
28200.04800076804 7.520328638325225e-11
28250.04800076804 6.270788522611307e-10
28300.04800076804 9.543213723534628e-10
28350.04800076804 1.150268723251191e-10
28400.04800076804 5.090690574155344e-10
28450.04800076804 1.1233929864389092e-09
28500.04800076804 4.901391051760633e-10
28550.04800076804 1.1587486362733281e-10
28600.04800076804 8.103191875715647e-10
28650.04800076804 8.405686274605343e-10
28700.04800076804 7.152995591710836e-10
28750.04800076804 1.5806738358225326e-09
28800.04800076804 1.1913280469321917e-09
28850.04800076804 1.4896468288230403e-09
28900.04800076804 7.040700796858815e-10
28950.04800076804 2.2482776841499085e-09
29000.04800076804 1.3232098533324232e-09
29050.04800076804 1.4079592500778327e-09
29100.04800076804 1.1706478217864538e-09
29150.04800076804 2.3652583081899124e-09
29200.04800076804 1.7015432888113018e-09
29250.04800076804 2.3781148428965415e-09
29300.04800076804 1.2880017293442337e-09
29350.04800076804 6.30523504012091e-09
29400.04800076804 1.3041815409311985e-09
29450.04800076804 1.6986409720909697e-09
29500.04800076804 3.438841146485211e-09
29550.04800076804 1.747231588213483e-09
29600.04800076804 3.2925866882754873e-09
29650.04800076804 4.468401332955733e-09
29700.04800076804 1.3633907216121296e-09
29750.04800076804 2.906917267103682e-09
29800.04800076804 2.9704609937868347e-09
29850.04800076804 5.207619218441287e-09
29900.04800076804 5.2107432720320776e-09
29950.04800076804 3.462681871575603e-09
30000.04800076804 7.335176605691117e-10
30050.04800076804 1.5291007274717423e-09
30100.04800076804 3.1213808678162566e-09
30150.04800076804 4.811764254261126e-09
30200.04800076804 2.662105886885529e-09
30250.04800076804 7.2683535994714195e-09
30300.04800076804 6.903325099723877e-09
30350.04800076804 3.0125594386978897e-09
30400.04800076804 6.487693091011297e-09
30450.04800076804 4.685566634388032e-09
30500.04800076804 3.6991374513719313e-09
30550.04800076804 2.6480895562915953e-09
30600.04800076804 7.710665134941915e-09
30650.04800076804 4.921317895448282e-09
30700.04800076804 3.7077571873163454e-09
30750.04800076804 4.980978007372785e-09
30800.04800076804 3.324852760774706e-09
30850.04800076804 4.547299428808269e-09
30900.04800076804 3.767395035916096e-09
30950.04800076804 1.8204495998559342e-09
31000.04800076804 3.1548417030161486e-09
31050.04800076804 2.4690727098626577e-09
31100.04800076804 1.5515526587270387e-09
31150.04800076804 2.229596377854268e-09
31200.04800076804 3.459230029600029e-09
31250.04800076804 1.7127025276309977e-09
31300.04800076804 1.303151686708511e-09
31350.04800076804 2.1100070250815945e-09
31400.04800076804 1.1029017503675642e-09
31450.04800076804 1.7229582513810313e-09
31500.04800076804 7.298824788427608e-10
31550.04800076804 8.904837360365747e-10
31600.04800076804 5.989656737222744e-10
31650.04800076804 5.74328424565318e-10
31700.04800076804 6.983737066237323e-10
31750.04800076804 2.2368527244453287e-10
31800.04800076804 6.444696942302617e-10
31850.04800076804 1.5664979387439536e-10
31900.04800076804 3.639843983787192e-10
31950.04800076804 2.107149665950824e-10
32000.04800076804 1.9466622879703128e-10
32050.04800076804 1.726129495619273e-10
32100.04800076804 1.3513881409526242e-10
32150.04800076804 1.7966827003042777e-10
32200.04800076804 9.327833328473293e-11
32250.04800076804 2.8082389074154356e-10
32300.04800076804 7.191995611472015e-11
32350.04800076804 2.801764548009868e-10
32400.04800076804 6.530486978620949e-11
32450.04800076804 1.6970656948821728e-10
32500.04800076804 8.242262614707937e-11
32550.04800076804 1.8454790079626407e-10
32600.04800076804 8.223750640553982e-11
32650.04800076804 3.5052343587033705e-10
32700.04800076804 1.3497507373701868e-10
32750.04800076804 6.438584796037077e-10
32800.04800076804 3.4437152792970275e-10
32850.04800076804 1.0308178974747643e-09
32900.04800076804 8.194603023377017e-10
32950.04800076804 1.034181018647802e-09
33000.04800076804 4.399704802023327e-10
33050.04800076804 5.084993227856268e-10
33100.04800076804 1.4637885866153758e-10
33150.04800076804 2.1199460919436095e-13
33200.04800076804 4.605733448854721e-12
33250.04800076804 6.5291813460691875e-12
33300.04800076804 3.214283953745948e-11
33350.04800076804 1.1429700109763124e-10
33400.04800076804 3.1209870378849567e-10
33450.04800076804 1.855122169638901e-10
33500.04800076804 6.599576147260787e-10
33550.04800076804 2.604426986768855e-10
33600.04800076804 3.906223444037759e-10
33650.04800076804 3.335269314777296e-10
33700.04800076804 2.0177888577495586e-10
33750.04800076804 5.31376789566024e-10
33800.04800076804 9.960565693211108e-11
33850.04800076804 3.1206646999563815e-10
33900.04800076804 3.559938871156048e-10
33950.04800076804 3.052664047072716e-10
34000.04800076804 5.919976335771809e-10
34050.04800076804 1.0429999278035344e-10
34100.04800076804 4.83268423379697e-10
34150.04800076804 2.271634016193362e-10
34200.04800076804 4.6054586636856537e-10
34250.04800076804 3.1938691258497737e-10
34300.04800076804 3.204042334255876e-10
34350.04800076804 7.283400075461373e-10
34400.04800076804 2.5148294730498704e-10
34450.04800076804 6.745721552368111e-10
34500.04800076804 3.062664242356712e-10
34550.04800076804 2.6867054663084005e-10
34600.04800076804 1.0452090443167076e-09
34650.04800076804 1.9785076002930568e-10
34700.04800076804 4.773387892651523e-10
34750.04800076804 4.0644063472642545e-10
34800.04800076804 3.916035145429477e-10
34850.04800076804 9.024227343878093e-10
34900.04800076804 4.043636876378041e-10
34950.04800076804 5.97170396414242e-10
35000.04800076804 1.5132602713075122e-09
35050.04800076804 7.634901602714057e-10
35100.04800076804 1.5889626760008888e-09
35150.04800076804 1.3172700714544938e-09
35200.04800076804 1.4462437067548455e-09
35250.04800076804 1.8062004451625704e-09
35300.04800076804 9.74659228722119e-10
35350.04800076804 1.5355232515241858e-09
35400.04800076804 1.1389931601672355e-09
35450.04800076804 8.759258533982896e-10
35500.04800076804 3.48196311394496e-09
35550.04800076804 1.7563514232832605e-09
35600.04800076804 2.323520791503625e-09
35650.04800076804 2.5112057584196456e-09
35700.04800076804 1.8346988413071833e-09
35750.04800076804 3.882720524718921e-09
35800.04800076804 2.1636674375807275e-09
35850.04800076804 1.1213429728499379e-09
35900.04800076804 2.103188500562486e-09
35950.04800076804 2.0867363524467017e-09
36000.04800076804 1.0037559004307675e-09
36050.04800076804 1.7896772206605052e-09
36100.04800076804 1.5544024875731876e-09
36150.04800076804 3.5872128214349456e-09
36200.04800076804 3.002677425435819e-09
36250.04800076804 2.882742090266954e-09
36300.04800076804 4.6081963998215155e-09
36350.04800076804 2.8986366456954327e-09
36400.04800076804 5.6451234147405586e-09
36450.04800076804 4.002782770553305e-09
36500.04800076804 4.729300679781595e-09
36550.04800076804 7.610704914651982e-09
36600.04800076804 7.72647487260382e-09
36650.04800076804 6.754628852216333e-09
36700.04800076804 7.822162508496246e-09
36750.04800076804 8.735252858616382e-09
36800.04800076804 8.060292837367417e-09
36850.04800076804 4.506707125748396e-09
36900.04800076804 7.259771766091715e-09
36950.04800076804 8.240595867844232e-09
37000.04800076804 6.152967719115381e-09
37050.04800076804 1.0081436231802215e-08
37100.04800076804 7.750944499034045e-09
37150.04800076804 8.036541863800234e-09
37200.04800076804 8.358901281435404e-09
37250.04800076804 6.983768732093392e-09
37300.04800076804 6.229329240774851e-09
37350.04800076804 9.814231349202068e-09
37400.04800076804 1.1942722285678384e-08
37450.04800076804 5.809028037786382e-09
37500.04800076804 8.865515595305786e-09
37550.04800076804 1.4751167054158335e-08
37600.04800076804 1.981522921617429e-08
37650.04800076804 9.871367026127925e-09
37700.04800076804 1.4448821250143763e-08
37750.04800076804 8.608632105698121e-09
37800.04800076804 9.620141929576323e-09
37850.04800076804 5.9981853371983615e-09
37900.04800076804 8.646668888422476e-09
37950.04800076804 1.3219297181257888e-08
38000.04800076804 1.5244721911642095e-08
38050.04800076804 1.9311072967776382e-08
38100.04800076804 2.001489593609525e-08
38150.04800076804 2.055870390827603e-08
38200.04800076804 2.066660132023945e-08
38250.04800076804 2.0697750250852067e-08
38300.04800076804 3.7002813981601145e-08
38350.04800076804 2.991564081635394e-08
38400.04800076804 1.4008470758680103e-08
38450.04800076804 1.0159435621644984e-08
38500.04800076804 4.901609171881055e-09
38550.04800076804 1.211139931629834e-08
38600.04800076804 1.5406362317539316e-08
38650.04800076804 2.1463379122870087e-08
38700.04800076804 1.7603950512533026e-08
38750.04800076804 2.169161064761152e-08
38800.04800076804 1.490561731842085e-08
38850.04800076804 2.5729882942547276e-08
38900.04800076804 2.621766420452591e-08
38950.04800076804 1.732837505483686e-08
39000.04800076804 3.170681464189169e-08
39050.04800076804 1.9726340248723962e-08
39100.04800076804 2.9379259575851764e-08
39150.04800076804 2.6824478087832336e-08
39200.04800076804 1.9167567017166854e-08
39250.04800076804 3.101466268454028e-08
39300.04800076804 2.6047728441286188e-08
39350.04800076804 4.864625844097539e-08
39400.04800076804 3.103436213062823e-08
39450.04800076804 3.383641548602561e-08
39500.04800076804 3.6283122465749676e-08
39550.04800076804 2.6693308443122406e-08
39600.04800076804 3.909479381121314e-08
39650.04800076804 5.2620361631895826e-08
39700.04800076804 3.376654543001311e-08
39750.04800076804 2.0468400912913956e-08
39800.04800076804 2.7974303795680275e-08
39850.04800076804 4.720026048603091e-08
39900.04800076804 5.2719354772479236e-08
39950.04800076804 3.513009056426945e-08
40000.04800076804 5.577462773191443e-08
40050.04800076804 4.8430200458665616e-08
40100.04800076804 2.21041256129955e-08
40150.04800076804 5.3267946756034775e-08
40200.04800076804 5.519972051620403e-08
40250.04800076804 5.7441733337645534e-08
40300.04800076804 6.193224530325241e-08
40350.04800076804 3.3912208374080494e-08
40400.04800076804 5.833447983487866e-08
40450.04800076804 3.596461111062648e-08
40500.04800076804 6.975946678623395e-08
40550.04800076804 6.169439038379039e-08
40600.04800076804 5.449953286460707e-08
40650.04800076804 4.890005991326914e-08
40700.04800076804 9.467183731912027e-08
40750.04800076804 6.725547309903692e-08
40800.04800076804 3.974876405646256e-08
40850.04800076804 9.419665169824754e-08
40900.04800076804 7.571761769940427e-08
40950.04800076804 5.3206601195224276e-08
41000.04800076804 6.930434472643944e-08
41050.04800076804 9.808040736239265e-08
41100.04800076804 5.87663837261911e-08
41150.04800076804 3.491125991817976e-08
41200.04800076804 1.0080916756034776e-07
41250.04800076804 7.335911102442431e-08
41300.04800076804 7.228870712895692e-08
41350.04800076804 1.0594840122911515e-07
41400.04800076804 8.109174932467744e-08
41450.04800076804 9.736091235740148e-08
41500.04800076804 6.389472518291535e-08
41550.04800076804 5.700666412176917e-08
41600.04800076804 8.305923467789815e-08
41650.04800076804 9.478824012486462e-08
41700.04800076804 9.033292227811865e-08
41750.04800076804 7.855407952579714e-08
41800.04800076804 1.1095952442149714e-07
41850.04800076804 6.987456058476422e-08
41900.04800076804 6.475426396158464e-08
41950.04800076804 8.148152653926234e-08
42000.04800076804 9.580234002415828e-08
42050.04800076804 8.301888757535756e-08
42100.04800076804 1.1007889648604692e-07
42150.04800076804 8.211454134800071e-08
42200.04800076804 9.09909769369161e-08
42250.04800076804 6.888478542598504e-08
42300.04800076804 6.846144599068647e-08
42350.04800076804 9.450406166939204e-08
42400.04800076804 1.027980434439063e-07
42450.04800076804 1.0102663447931776e-07
42500.04800076804 8.867179097204495e-08
42550.04800076804 8.454519302310562e-08
42600.04800076804 8.192155663003245e-08
42650.04800076804 1.363137768953927e-07
42700.04800076804 6.04777551108425e-08
42750.04800076804 8.049245017354396e-08
42800.04800076804 8.810745329469645e-08
42850.04800076804 1.030310064004962e-07
42900.04800076804 1.179302162549295e-07
42950.04800076804 8.447711273886208e-08
43000.04800076804 1.135188115146389e-07
43050.04800076804 4.794745538939418e-08
43100.04800076804 7.349907654224119e-08
43150.04800076804 8.244337153021687e-08
43200.04800076804 1.0687797523316586e-07
43250.04800076804 1.425096884159381e-07
43300.04800076804 1.3717486305721323e-07
43350.04800076804 7.322444571379606e-08
43400.04800076804 9.949647403404053e-08
43450.04800076804 6.197526444243733e-08
43500.04800076804 7.336043636954679e-08
43550.04800076804 7.937590323558193e-08
