galfind/configs/Brown_Dwarf_templates/sonora_cholla/logkzz4/100g/600K_100g_logkzz4_resample.dat
# %ECSV 1.0
# ---
# datatype:
# - {name: wav, unit: Angstrom, datatype: float64}
# - {name: flux_nu, unit: erg / (cm2 Hz s), datatype: float64}
# schema: astropy-2.0
wav flux_nu
[from data line 1211]
63550.04800076804 2.2423789938974832e-08
63600.04800076804 2.21062327926563e-08
63650.04800076804 1.1608405874503862e-08
63700.04800076804 3.444492783580535e-09
63750.04800076804 1.0338060516528545e-08
63800.04800076804 2.6769289494388143e-08
63850.04800076804 1.8569794047043344e-08
63900.04800076804 5.036498812157027e-09
63950.04800076804 1.4264082816811777e-08
64000.04800076804 1.83754302946302e-08
64050.04800076804 6.38121501163471e-09
64100.04800076804 1.3212587799263935e-09
64150.04800076804 2.115617545406858e-09
64200.04800076804 2.6374372903075136e-09
64250.04800076804 9.41196812735836e-09
64300.04800076804 7.300420539193896e-09
64350.04800076804 4.729485738298926e-09
64400.04800076804 1.443981582870827e-08
64450.04800076804 1.6967229054979392e-08
64500.04800076804 5.987652850825417e-09
64550.04800076804 1.374169776113638e-08
64600.04800076804 6.296143312314199e-09
64650.04800076804 1.125602434874384e-08
64700.04800076804 3.370792067555337e-09
64750.04800076804 6.683417533336066e-09
64800.04800076804 3.8661336495467415e-09
64850.04800076804 2.2818253620128028e-09
64900.04800076804 2.1794332286628674e-09
64950.04800076804 1.95126037080535e-09
65000.04800076804 3.6990970102080036e-09
65050.04800076804 7.302391574298187e-09
65100.04800076804 1.1851974623245538e-08
65150.04800076804 4.597625770123975e-09
65200.04800076804 1.8878230006670913e-09
65250.04800076804 7.952697417739336e-09
65300.04800076804 8.190946776139406e-09
65350.04800076804 2.335588901478542e-08
65400.04800076804 8.068669744727626e-09
65450.04800076804 8.283947491914002e-09
65500.04800076804 1.026792598571329e-08
65550.04800076805 3.721786153913614e-09
65600.04800076805 9.668002932987846e-09
65650.04800076805 5.462501365165298e-09
65700.04800076805 4.9916224921849925e-09
65750.04800076805 3.296022779456453e-09
65800.04800076805 8.242268753346142e-09
65850.04800076805 1.1859676101046767e-08
65900.04800076805 2.7003527082330723e-09
65950.04800076805 5.599265564558184e-09
66000.04800076805 7.539266230221624e-09
66050.04800076805 1.8328525062998333e-08
66100.04800076805 9.094946537884914e-09
66150.04800076805 7.85933435225988e-09
66200.04800076805 7.610135200222464e-09
66250.04800076805 4.476211860999959e-09
66300.04800076805 1.5652362020750364e-09
66350.04800076805 1.230388357341595e-09
66400.04800076805 2.715732554210214e-09
66450.04800076805 9.903452205407187e-09
66500.04800076805 1.5384400208254332e-08
66550.04800076805 1.6624566203113848e-08
66600.04800076805 1.2565375965214308e-08
66650.04800076805 7.899497625836694e-09
66700.04800076805 5.693583541579104e-09
66750.04800076805 6.063400716143626e-09
66800.04800076805 7.477848050710184e-09
66850.04800076805 4.521355177966477e-09
66900.04800076805 1.894591206188196e-08
66950.04800076805 1.8002852577272774e-08
67000.04800076805 1.8922458646647007e-08
67050.04800076805 1.0335701530382979e-08
67100.04800076805 5.25574563209677e-09
67150.04800076805 6.427453245911463e-09
67200.04800076805 1.1072701648983472e-08
67250.04800076805 1.0350814686851767e-08
67300.04800076805 1.8193656454666302e-08
67350.04800076805 7.863634467856067e-09
67400.04800076805 2.0373681916939637e-08
67450.04800076805 1.1751863447260835e-08
67500.04800076805 1.074888483058644e-08
67550.04800076805 2.362411334191193e-08
67600.04800076805 3.949471235671746e-08
67650.04800076805 2.8497369515229706e-08
67700.04800076805 1.4561474252157588e-08
67750.04800076805 8.56468145441585e-09
67800.04800076805 1.3440417651391971e-08
67850.04800076805 5.266892730443063e-09
67900.04800076805 6.708012157341169e-09
67950.04800076805 5.4062048836786815e-09
68000.04800076805 1.2708436456453623e-08
68050.04800076805 1.800623094227188e-08
68100.04800076805 2.856098594709448e-08
68150.04800076805 2.250049084762609e-08
68200.04800076805 1.5763589757517363e-08
68250.04800076805 2.8365696260691125e-09
68300.04800076805 1.6084136974392554e-08
68350.04800076805 1.2910310545480024e-08
68400.04800076805 3.189434843779502e-08
68450.04800076805 2.4832698092825776e-08
68500.04800076805 1.4368346741591827e-08
68550.04800076805 5.270387737412097e-09
68600.04800076805 5.402570601495653e-09
68650.04800076805 2.4649718730233074e-09
68700.04800076805 7.592916955169075e-09
68750.04800076805 1.4509826580281238e-08
68800.04800076805 1.6697369061758773e-08
68850.04800076805 5.7518674461091235e-09
68900.04800076805 2.6158872276553096e-08
68950.04800076805 2.666679589568724e-08
69000.04800076805 1.6908564423816753e-08
69050.04800076805 7.673785343497733e-09
69100.04800076805 2.353696009631145e-08
69150.04800076805 3.521544100789753e-08
69200.04800076805 2.493013890105436e-08
69250.04800076805 3.4323740917719534e-08
69300.04800076805 1.7468290628376737e-08
69350.04800076805 3.9199250559653435e-08
69400.04800076805 1.1931442335234054e-08
69450.04800076805 3.455408380002962e-08
69500.04800076805 1.524014217130263e-08
69550.04800076805 1.1512589540615453e-08
69600.04800076805 2.7472658522841688e-09
69650.04800076805 1.133738568613785e-08
69700.04800076805 2.255714121345319e-08
69750.04800076805 1.415461424588589e-08
69800.04800076805 2.4841365451188237e-08
69850.04800076805 2.5117997409529077e-08
69900.04800076805 1.4720214089972558e-08
69950.04800076805 1.454554061620623e-08
70000.04800076805 1.668938576033957e-08
70050.04800076805 3.451324825350469e-08
70100.04800076805 2.469499452184008e-08
70150.04800076805 1.7052662309997355e-08
70200.04800076805 1.15542891278235e-08
70250.04800076805 1.715348733088542e-08
70300.04800076805 3.3158576214331334e-08
70350.04800076805 2.3141874493472606e-08
70400.04800076805 1.0863664632945857e-08
70450.04800076805 1.658652775431243e-09
70500.04800076805 8.981232240228626e-09
70550.04800076805 9.329247219898048e-09
70600.04800076805 8.974194725053839e-09
70650.04800076805 2.6151332925415547e-08
70700.04800076805 2.5683038611170427e-08
70750.04800076805 3.8391266698009175e-08
70800.04800076805 1.6013454605826622e-08
70850.04800076805 1.7378676077433293e-08
70900.04800076805 2.1349294805436548e-08
70950.04800076805 3.129073968410031e-08
71000.04800076805 2.6709326068636426e-08
71050.04800076805 2.749176315278435e-08
71100.04800076805 1.8703372587882997e-08
71150.04800076805 1.4423489516707745e-08
71200.04800076805 1.2712928608205544e-08
71250.04800076805 2.1371639173655514e-08
71300.04800076805 3.0363056328337105e-08
71350.04800076805 3.2738734719259325e-08
71400.04800076805 2.4336619603681473e-08
71450.04800076805 9.069156782338286e-09
71500.04800076805 1.0133376588820037e-08
71550.04800076805 1.4205237713412156e-08
71600.04800076805 1.5462759271819255e-08
71650.04800076805 1.0449411472295167e-08
71700.04800076805 7.1864284240481545e-09
71750.04800076805 1.6877524843701882e-08
71800.04800076805 2.6205467071046707e-08
71850.04800076805 2.468540994631413e-08
71900.04800076805 1.2293093871042342e-08
71950.04800076805 1.794365439647689e-08
72000.04800076805 1.6500621758050305e-08
72050.04800076805 8.015410611917966e-09
72100.04800076805 9.582300479882939e-09
72150.04800076805 9.189241224123725e-09
72200.04800076805 1.8475626008000547e-08
72250.04800076805 2.5199191581513355e-08
72300.04800076805 1.5691748652132362e-08
72350.04800076805 2.0388567044242095e-08
72400.04800076805 1.648108530137048e-08
72450.04800076805 1.227005950341845e-08
72500.04800076805 1.788837172472854e-08
72550.04800076805 6.330555501325447e-09
72600.04800076805 1.1881807555821528e-08
72650.04800076805 2.262205204330857e-08
72700.04800076805 1.3484224048727399e-08
72750.04800076805 1.3754055737734573e-08
72800.04800076805 7.723269673776557e-09
72850.04800076805 1.0746592580020544e-08
72900.04800076805 2.3750406471737204e-08
72950.04800076805 1.4546512773064728e-08
73000.04800076805 1.5283283078512228e-08
73050.04800076805 7.300920340876764e-09
73100.04800076805 9.730531057102813e-09
73150.04800076805 2.4862953743290268e-08
73200.04800076805 8.346192897227834e-09
73250.04800076805 1.2224641651226164e-08
73300.04800076805 9.028113571879214e-09
73350.04800076805 5.994486177873194e-09
73400.04800076805 1.228113773756626e-08
73450.04800076805 6.269976314948749e-09
73500.04800076805 5.226728819258764e-09
73550.04800076805 9.992932217041362e-09
73600.04800076805 9.331942390875435e-09
73650.04800076805 1.1336700172326846e-08
73700.04800076805 1.0666448662260639e-08
73750.04800076805 3.3718620917105346e-09
73800.04800076805 9.59385625583238e-09
73850.04800076805 1.3750069712910365e-08
73900.04800076805 7.332532120411355e-09
73950.04800076805 7.946983817627311e-09
74000.04800076805 3.5990429168382855e-09
74050.04800076805 1.6592206012417463e-08
74100.04800076805 1.1093638112971193e-08
74150.04800076805 1.0924009627848606e-08
74200.04800076805 5.749459033294428e-09
74250.04800076805 1.0326647876725967e-09
74300.04800076805 9.827020575297347e-09
74350.04800076805 1.5928965058559248e-08
74400.04800076805 1.4797366615002361e-08
74450.04800076805 5.208459240866557e-09
74500.04800076805 2.9630261050174293e-09
74550.04800076805 7.363980919563053e-09
74600.04800076805 9.411438797455965e-09
74650.04800076805 9.738138178786145e-09
74700.04800076805 6.1460955206749095e-09
74750.04800076805 3.4732305987549375e-09
74800.04800076805 5.589542828073009e-09
74850.04800076805 6.548035577535845e-09
74900.04800076805 1.446330169196967e-08
74950.04800076805 1.3975038441516187e-08
75000.04800076805 5.805573326651455e-09
75050.04800076805 1.293316319925839e-09
75100.04800076805 1.28870158085123e-08
75150.04800076805 1.596333481245711e-08
75200.04800076805 1.7467418682580142e-08
75250.04800076805 1.709447702776389e-08
75300.04800076805 1.2380516120693594e-08
75350.04800076805 3.5177078056091944e-09
75400.04800076805 1.794771816649454e-08
75450.04800076805 1.6356064039521652e-08
75500.04800076805 1.6036498018217295e-08
75550.04800076805 1.4964187009109542e-08
75600.04800076805 1.84487575131843e-08
75650.04800076805 9.831233098342425e-09
75700.04800076805 1.9948049986726015e-08
75750.04800076805 9.023320020791233e-09
75800.04800076805 1.638439866326818e-08
75850.04800076805 1.9124766716918845e-08
75900.04800076805 1.996116492760052e-08
75950.04800076805 8.518155194086296e-09
76000.04800076805 2.1746017814970603e-08
76050.04800076805 2.1481438457819898e-08
76100.04800076805 1.8303031481177307e-08
76150.04800076805 2.099872416353833e-08
76200.04800076805 1.849187357510044e-08
76250.04800076805 1.0782501750814686e-08
76300.04800076805 2.8880131013732283e-08
76350.04800076805 3.4426175176238856e-08
76400.04800076805 2.7113692656369356e-08
76450.04800076805 2.0574659160008052e-08
76500.04800076805 1.2683505387432828e-08
76550.04800076805 5.001930746030317e-09
76600.04800076805 1.0150365517801297e-09
76650.04800076805 1.1113556620082898e-09
76700.04800076805 1.8644055468310057e-09
76750.04800076805 2.0636224816662915e-09
76800.04800076805 4.651539365584784e-09
76850.04800076805 1.3602822139987661e-09
76900.04800076805 1.3626976688554271e-09
76950.04800076805 4.870171609500969e-09
77000.04800076805 7.821387758665994e-09
77050.04800076805 1.7273965317434218e-09
77100.04800076805 1.762209746937689e-09
77150.04800076805 9.341560473119672e-09
77200.04800076805 5.161277563401111e-09
77250.04800076805 4.129736749300955e-09
77300.04800076805 8.263462780023659e-09
77350.04800076805 3.2298095642329716e-09
77400.04800076805 3.4256700459750643e-09
77450.04800076805 9.442112812030668e-09
77500.04800076805 7.285368989175676e-09
77550.04800076805 5.902212963545387e-09
77600.04800076805 2.932997268014005e-09
77650.04800076805 4.2632701523347445e-09
77700.04800076805 3.2587038304866496e-09
77750.04800076805 1.0776181218946598e-08
77800.04800076805 1.1131194122635205e-08
77850.04800076805 2.1435454316064176e-08
77900.04800076805 9.63084550120974e-09
77950.04800076805 1.963501625300965e-09
78000.04800076805 6.042035054938676e-09
78050.04800076805 8.795766533277262e-09
78100.04800076805 9.09698059825728e-09
78150.04800076805 1.8163828018385473e-08
78200.04800076805 1.7688724766042e-08
78250.04800076805 1.6487325784204905e-08
78300.04800076805 7.321816161032339e-09
78350.04800076805 1.3934815579765737e-08
78400.04800076805 5.266335633082004e-09
78450.04800076805 1.3464916894350115e-08
78500.04800076805 1.8980005590611163e-08
78550.04800076805 2.7010490624282263e-08
78600.04800076805 1.86507674440657e-08
78650.04800076805 2.251593403451736e-09
78700.04800076805 5.144233150640064e-09
78750.04800076805 8.477540860353464e-09
78800.04800076805 9.655229430341924e-09
78850.04800076805 3.2408425343830444e-09
78900.04800076805 1.047073300080961e-08
78950.04800076805 1.6544322986655565e-08
79000.04800076805 1.2665262945711551e-08
79050.04800076805 8.718539737885578e-09
79100.04800076805 1.0704116851389028e-08
79150.04800076805 1.0123528352332728e-08
79200.04800076805 1.3411069483855995e-08
79250.04800076805 6.715567788009156e-09
79300.04800076805 5.731429240296748e-09
79350.04800076805 1.0091547429452032e-08
79400.04800076805 5.905880224037226e-09
79450.04800076805 1.788163119531759e-08
79500.04800076805 2.6963885101709475e-08
79550.04800076805 1.818609882487432e-08
79600.04800076805 8.789888544587123e-09
79650.04800076805 1.5478255062945242e-08
79700.04800076805 1.3338605818440254e-08
79750.04800076805 1.312237067401917e-08
79800.04800076805 5.970483819884934e-09
79850.04800076805 1.4736689858424146e-08
79900.04800076805 2.803007684422714e-08
79950.04800076805 2.198323810129654e-08
