galfind/configs/Brown_Dwarf_templates/sonora_cholla/logkzz4/100g/650K_100g_logkzz4_resample.dat
# %ECSV 1.0
# ---
# datatype:
# - {name: wav, unit: Angstrom, datatype: float64}
# - {name: flux_nu, unit: erg / (cm2 Hz s), datatype: float64}
# schema: astropy-2.0
wav flux_nu
[from data line 418]
23900.04800076804 4.442756302294143e-10
23950.04800076804 3.693760751492857e-10
24000.04800076804 5.774972109053194e-10
24050.04800076804 7.607250984670045e-10
24100.04800076804 6.416481919271514e-10
24150.04800076804 8.584702810796848e-10
24200.04800076804 7.264409483697236e-10
24250.04800076804 4.541242923108621e-10
24300.04800076804 9.41452765883047e-10
24350.04800076804 6.466485307946661e-10
24400.04800076804 1.3390545671137405e-09
24450.04800076804 1.2933401398432e-09
24500.04800076804 1.3594957667707771e-09
24550.04800076804 1.894801874571713e-09
24600.04800076804 2.3175878471688993e-09
24650.04800076804 2.5720534349315394e-09
24700.04800076804 1.9564330183831314e-09
24750.04800076804 2.1454477632715504e-09
24800.04800076804 2.08894491522436e-09
24850.04800076804 3.223045510563078e-09
24900.04800076804 1.4351940158812444e-09
24950.04800076804 2.6369320460269404e-09
25000.04800076804 2.865661273325858e-09
25050.04800076804 1.725933783585737e-09
25100.04800076804 2.429394198229893e-09
25150.04800076804 1.1782564037044085e-09
25200.04800076804 1.835320650169559e-09
25250.04800076804 7.793132510712216e-10
25300.04800076804 1.2681128189454393e-09
25350.04800076804 5.172728017895472e-10
25400.04800076804 1.3580267041701718e-09
25450.04800076804 5.707440135437943e-10
25500.04800076804 4.638588343136837e-10
25550.04800076804 8.835852636363927e-10
25600.04800076804 2.6701743031978746e-10
25650.04800076804 2.6379921641347333e-10
25700.04800076804 4.061001021504566e-10
25750.04800076804 1.54756426253767e-10
25800.04800076804 6.320739138516435e-10
25850.04800076804 1.3416214151139337e-10
25900.04800076804 2.197865690198142e-10
25950.04800076804 7.406916919615923e-11
26000.04800076804 5.585643527761619e-10
26050.04800076804 1.0995031228433309e-10
26100.04800076804 4.698561556242732e-10
26150.04800076804 2.4873767187500237e-10
26200.04800076804 2.7758754521248253e-10
26250.04800076804 1.2958417783709973e-09
26300.04800076804 4.003783128205589e-10
26350.04800076804 1.5803670208801348e-09
26400.04800076804 2.3355267636584124e-09
26450.04800076804 1.853093179724773e-09
26500.04800076804 2.6360636818072233e-09
26550.04800076804 6.924255728257323e-10
26600.04800076804 7.010587591812328e-10
26650.04800076804 1.728003933586952e-10
26700.04800076804 7.100311917878227e-11
26750.04800076804 1.2377900518373131e-10
26800.04800076804 2.5043676659876133e-10
26850.04800076804 1.595026002422543e-10
26900.04800076804 6.558881097698646e-10
26950.04800076804 2.2457249449987024e-10
27000.04800076804 9.921081006471024e-10
27050.04800076804 9.93210448132052e-10
27100.04800076804 2.857690993169479e-10
27150.04800076804 1.3850021017485615e-09
27200.04800076804 2.452898758211525e-10
27250.04800076804 6.295534496072295e-10
27300.04800076804 3.7122389630833152e-09
27350.04800076804 1.4751585514458954e-09
27400.04800076804 1.1002309885835678e-10
27450.04800076804 2.020387137911062e-09
27500.04800076804 2.634989013819876e-09
27550.04800076804 4.668795277800993e-10
27600.04800076804 1.2358054601125585e-09
27650.04800076804 3.6368301988591183e-10
27700.04800076804 2.828172020640431e-10
27750.04800076804 1.5239881083488417e-09
27800.04800076804 5.324542156557866e-10
27850.04800076804 7.31429794667572e-10
27900.04800076804 9.967739909393344e-10
27950.04800076804 2.1371139361990936e-09
28000.04800076804 1.705831238921584e-09
28050.04800076804 3.6889110762584553e-10
28100.04800076804 2.7642645297074492e-09
28150.04800076804 1.6052574176062902e-09
28200.04800076804 4.205293648866432e-10
28250.04800076804 3.044460342146173e-09
28300.04800076804 4.565508206660367e-09
28350.04800076804 6.7807716817788e-10
28400.04800076804 2.4071025252541708e-09
28450.04800076804 4.563085452600926e-09
28500.04800076804 2.317751883541043e-09
28550.04800076804 5.738438514416817e-10
28600.04800076804 3.6278449902084556e-09
28650.04800076804 3.6892251136156114e-09
28700.04800076804 3.044824931316748e-09
28750.04800076804 6.052646519923232e-09
28800.04800076804 4.863835666176626e-09
28850.04800076804 5.967965106669118e-09
28900.04800076804 2.562576539139087e-09
28950.04800076804 8.435225891378684e-09
29000.04800076804 4.819562401916229e-09
29050.04800076804 5.6997672923254654e-09
29100.04800076804 4.056067982395762e-09
29150.04800076804 9.280049663871833e-09
29200.04800076804 5.779786358638352e-09
29250.04800076804 8.279438168090628e-09
29300.04800076804 4.774323611243481e-09
29350.04800076804 2.1770273500906112e-08
29400.04800076804 5.594681752460492e-09
29450.04800076804 7.2812013163254885e-09
29500.04800076804 1.1376909661756194e-08
29550.04800076804 6.990528881308938e-09
29600.04800076804 1.1706324012789198e-08
29650.04800076804 1.3527699277124231e-08
29700.04800076804 6.022174647065152e-09
29750.04800076804 1.0513080910356565e-08
29800.04800076804 1.1640521673996995e-08
29850.04800076804 1.6799144842774827e-08
29900.04800076804 1.6962477802967213e-08
29950.04800076804 1.1924813006130405e-08
30000.04800076804 5.0003287844427864e-09
30050.04800076804 6.994292106018586e-09
30100.04800076804 1.176125053912992e-08
30150.04800076804 1.5882959353796193e-08
30200.04800076804 1.0028272845872717e-08
30250.04800076804 2.157115243085339e-08
30300.04800076804 1.8906305478121907e-08
30350.04800076804 1.2155655671273218e-08
30400.04800076804 1.9151988482842262e-08
30450.04800076804 1.3811142848060854e-08
30500.04800076804 1.211759620489222e-08
30550.04800076804 9.831470207502457e-09
30600.04800076804 1.889846923735585e-08
30650.04800076804 1.4133474029138296e-08
30700.04800076804 1.1058480021731088e-08
30750.04800076804 1.2875219656087036e-08
30800.04800076804 9.63509181759837e-09
30850.04800076804 1.1751594125344994e-08
30900.04800076804 1.0298264412155076e-08
30950.04800076804 5.796933682660025e-09
31000.04800076804 8.571706012239614e-09
31050.04800076804 7.604559330975898e-09
31100.04800076804 4.821876375365262e-09
31150.04800076804 6.5617512246915195e-09
31200.04800076804 8.255629608800946e-09
31250.04800076804 4.860528122107909e-09
31300.04800076804 4.027530381427254e-09
31350.04800076804 5.114749447222087e-09
31400.04800076804 2.785426609322924e-09
31450.04800076804 4.756688445066506e-09
31500.04800076804 2.2660886599205164e-09
31550.04800076804 2.9699542523777507e-09
31600.04800076804 1.8188136078031315e-09
31650.04800076804 1.8316855471463794e-09
31700.04800076804 2.305249895673498e-09
31750.04800076804 8.840032999150203e-10
31800.04800076804 2.21276314090196e-09
31850.04800076804 8.325676145619232e-10
31900.04800076804 1.4627078372399461e-09
31950.04800076804 9.240061903637814e-10
32000.04800076804 9.912542151932725e-10
32050.04800076804 7.602394798155979e-10
32100.04800076804 6.392823789823144e-10
32150.04800076804 9.094523763699612e-10
32200.04800076804 5.074364084243779e-10
32250.04800076804 1.42082462025226e-09
32300.04800076804 4.0474069807309544e-10
32350.04800076804 1.4436481048181617e-09
32400.04800076804 4.5536403987027365e-10
32450.04800076804 9.393420211525642e-10
32500.04800076804 5.936278853202504e-10
32550.04800076804 1.0316978508747292e-09
32600.04800076804 6.89614804944329e-10
32650.04800076804 1.7236796006902535e-09
32700.04800076804 1.000176188959613e-09
32750.04800076804 2.5957160178110157e-09
32800.04800076804 1.6532889211438507e-09
32850.04800076804 3.6367327604866543e-09
32900.04800076804 3.172073933916e-09
32950.04800076804 3.950980641739137e-09
33000.04800076804 2.1711585395700293e-09
33050.04800076804 2.4942481063746185e-09
33100.04800076804 8.442125588780281e-10
33150.04800076804 6.73822671324621e-12
33200.04800076804 4.212575686460417e-11
33250.04800076804 3.996835082876868e-11
33300.04800076804 1.1085882251230427e-10
33350.04800076804 3.955896845194243e-10
33400.04800076804 9.132093031688211e-10
33450.04800076804 8.134210157367595e-10
33500.04800076804 2.1197018337619385e-09
33550.04800076804 1.1947188913747444e-09
33600.04800076804 1.8095258319925088e-09
33650.04800076804 1.4645364079430478e-09
33700.04800076804 1.069474419402146e-09
33750.04800076804 2.3151107680823867e-09
33800.04800076804 6.435188344872011e-10
33850.04800076804 1.4857762729590688e-09
33900.04800076804 1.60129670638109e-09
33950.04800076804 1.4779417725497826e-09
34000.04800076804 2.46637764186781e-09
34050.04800076804 6.040403315461144e-10
34100.04800076804 2.071072123604575e-09
34150.04800076804 1.1089985315123054e-09
34200.04800076804 1.907895727012672e-09
34250.04800076804 1.3961074188269615e-09
34300.04800076804 1.3350057484370528e-09
34350.04800076804 2.4570169923363802e-09
34400.04800076804 1.215860217985029e-09
34450.04800076804 2.5833471042559304e-09
34500.04800076804 1.2570416180533214e-09
34550.04800076804 1.0080005284842491e-09
34600.04800076804 3.2402943059558265e-09
34650.04800076804 9.429022422271151e-10
34700.04800076804 1.664355698129867e-09
34750.04800076804 1.4730226681783473e-09
34800.04800076804 1.3068228058278298e-09
34850.04800076804 2.6860766722229484e-09
34900.04800076804 1.86609638156505e-09
34950.04800076804 1.962122525495677e-09
35000.04800076804 4.151603220615403e-09
35050.04800076804 2.3582606823137187e-09
35100.04800076804 4.37973562635968e-09
35150.04800076804 3.6456706744308473e-09
35200.04800076804 4.552933289421957e-09
35250.04800076804 5.0390964941708986e-09
35300.04800076804 3.1748573824607426e-09
35350.04800076804 5.096081308754115e-09
35400.04800076804 4.159143513959561e-09
35450.04800076804 3.377994773610612e-09
35500.04800076804 9.806434409145514e-09
35550.04800076804 5.446258300328206e-09
35600.04800076804 6.739268734844525e-09
35650.04800076804 6.937258303507339e-09
35700.04800076804 4.821439392410072e-09
35750.04800076804 1.100333507150255e-08
35800.04800076804 6.8147046272463155e-09
35850.04800076804 4.001729227260461e-09
35900.04800076804 7.140714014885965e-09
35950.04800076804 6.880707772155751e-09
36000.04800076804 3.3712386475146536e-09
36050.04800076804 6.200594284661791e-09
36100.04800076804 5.637056062176945e-09
36150.04800076804 9.099109908690453e-09
36200.04800076804 7.699947363403985e-09
36250.04800076804 8.824352112907688e-09
36300.04800076804 1.1070725395090636e-08
36350.04800076804 8.526465987401503e-09
36400.04800076804 1.4803871778266147e-08
36450.04800076804 1.2028762208681623e-08
36500.04800076804 1.3383343653790152e-08
36550.04800076804 1.778862329621332e-08
36600.04800076804 1.9557202372606213e-08
36650.04800076804 1.8756960401724914e-08
36700.04800076804 2.1267270114904898e-08
36750.04800076804 2.2568689957508505e-08
36800.04800076804 2.0194875577361562e-08
36850.04800076804 1.3915612291768806e-08
36900.04800076804 1.9885894348354674e-08
36950.04800076804 2.065387667052106e-08
37000.04800076804 1.825992288606238e-08
37050.04800076804 2.4415671161642887e-08
37100.04800076804 2.307674226573625e-08
37150.04800076804 2.295831392759034e-08
37200.04800076804 2.143665310988083e-08
37250.04800076804 1.8575466684062044e-08
37300.04800076804 1.8386112500488038e-08
37350.04800076804 2.620552423976657e-08
37400.04800076804 3.037440579530873e-08
37450.04800076804 2.0179791233872972e-08
37500.04800076804 2.2305143141714365e-08
37550.04800076804 3.597971565429165e-08
37600.04800076804 4.5191295339793476e-08
37650.04800076804 2.666336328740541e-08
37700.04800076804 3.4849425558593085e-08
37750.04800076804 2.2665900965332696e-08
37800.04800076804 2.6163065912673933e-08
37850.04800076804 1.8566703014248776e-08
37900.04800076804 2.4433378760257488e-08
37950.04800076804 3.340805609763045e-08
38000.04800076804 4.0460745660704653e-08
38050.04800076804 4.2462009918334585e-08
38100.04800076804 4.447966795632249e-08
38150.04800076804 4.6934049191057864e-08
38200.04800076804 4.8697359166186793e-08
38250.04800076804 4.734869351388352e-08
38300.04800076804 7.453890467397899e-08
38350.04800076804 6.608317617054106e-08
38400.04800076804 3.6129820118327335e-08
38450.04800076804 3.1391257367561714e-08
38500.04800076804 1.7048275341168387e-08
38550.04800076804 3.196816356072885e-08
38600.04800076804 3.850731040711162e-08
38650.04800076804 5.4869021910915666e-08
38700.04800076804 4.6748064618188054e-08
38750.04800076804 5.199366830803175e-08
38800.04800076804 3.7384785381138576e-08
38850.04800076804 6.156577371746939e-08
38900.04800076804 6.273191817964426e-08
38950.04800076804 4.4070439641796124e-08
39000.04800076804 7.25540907291778e-08
39050.04800076804 5.112602976880436e-08
39100.04800076804 6.755223824423517e-08
39150.04800076804 5.952427912148623e-08
39200.04800076804 4.7827910120182727e-08
39250.04800076804 6.979388807911564e-08
39300.04800076804 6.40978852454062e-08
39350.04800076804 9.988385660896996e-08
39400.04800076804 7.271890708157601e-08
39450.04800076804 7.712311540508791e-08
39500.04800076804 7.744801365954243e-08
39550.04800076804 6.676942023271565e-08
39600.04800076804 8.492912683170904e-08
39650.04800076804 1.0985318387909251e-07
39700.04800076804 7.452614736602342e-08
39750.04800076804 5.029744628785351e-08
39800.04800076804 6.907800046289078e-08
39850.04800076804 9.74491670123209e-08
39900.04800076804 1.0386207318558274e-07
39950.04800076804 8.45957568966472e-08
40000.04800076804 1.1541653965559101e-07
40050.04800076804 1.019702001788922e-07
40100.04800076804 5.8285349031817334e-08
40150.04800076804 1.1511392222190984e-07
40200.04800076804 1.1534335435604052e-07
40250.04800076804 1.1382173133357881e-07
40300.04800076804 1.2621803382052816e-07
40350.04800076804 7.993997963043285e-08
40400.04800076804 1.1917468851830977e-07
40450.04800076804 8.770835865496718e-08
40500.04800076804 1.3621656971387742e-07
40550.04800076804 1.2688122701152636e-07
40600.04800076804 1.1548609003841002e-07
40650.04800076804 1.1113594732104217e-07
40700.04800076804 1.7841099097393022e-07
40750.04800076804 1.4009938647453868e-07
40800.04800076804 9.519931423150036e-08
40850.04800076804 1.769318993968126e-07
40900.04800076804 1.4501863648454182e-07
40950.04800076804 1.1213524740399865e-07
41000.04800076804 1.3926891694874137e-07
41050.04800076804 1.8151828152036954e-07
41100.04800076804 1.120443534671076e-07
41150.04800076804 8.404805925809114e-08
41200.04800076804 1.863459474270892e-07
41250.04800076804 1.4827814844104165e-07
41300.04800076804 1.3262066396998073e-07
41350.04800076804 1.9426342357780956e-07
41400.04800076804 1.5755558054852583e-07
41450.04800076804 1.796307665083215e-07
41500.04800076804 1.280564283574829e-07
41550.04800076804 1.1892259787361678e-07
41600.04800076804 1.656257580801898e-07
41650.04800076804 1.704918019414133e-07
41700.04800076804 1.5732100057981606e-07
41750.04800076804 1.4332016168008497e-07
41800.04800076804 2.0117497182500805e-07
41850.04800076804 1.222770975817854e-07
41900.04800076804 1.2906273601218866e-07
41950.04800076804 1.5196620336570565e-07
42000.04800076804 1.798831029506801e-07
42050.04800076804 1.56434025426426e-07
42100.04800076804 1.9797469323531467e-07
42150.04800076804 1.4594853115512506e-07
42200.04800076804 1.6178126464353486e-07
42250.04800076804 1.3403820506438303e-07
42300.04800076804 1.3944732820170426e-07
42350.04800076804 1.6899009825625234e-07
42400.04800076804 1.650480634427422e-07
42450.04800076804 1.650026957349139e-07
42500.04800076804 1.4835121234081769e-07
42550.04800076804 1.4452640962731568e-07
42600.04800076804 1.457105397087003e-07
42650.04800076804 2.268285791007071e-07
42700.04800076804 1.1899799328661747e-07
42750.04800076804 1.3925882200616352e-07
42800.04800076804 1.385988667935185e-07
42850.04800076804 1.6825928678626403e-07
42900.04800076804 1.8983201819664144e-07
42950.04800076804 1.398956196082555e-07
43000.04800076804 1.9107807735082059e-07
43050.04800076804 8.838483369325066e-08
43100.04800076804 1.2802124719558687e-07
43150.04800076804 1.4920534114335007e-07
43200.04800076804 1.761358603343391e-07
43250.04800076804 2.241695817259884e-07
43300.04800076804 2.2792775019029008e-07
43350.04800076804 1.2598375849301163e-07
43400.04800076804 1.680880422400312e-07
43450.04800076804 1.0826269687276197e-07
43500.04800076804 1.2349834610526457e-07
43550.04800076804 1.3389277325166285e-07
43600.04800076804 1.7872798575454614e-07
