galfind/configs/Brown_Dwarf_templates/sonora_cholla/logkzz4/100g/700K_100g_logkzz4_resample.dat
# %ECSV 1.0
# ---
# datatype:
# - {name: wav, unit: Angstrom, datatype: float64}
# - {name: flux_nu, unit: erg / (cm2 Hz s), datatype: float64}
# schema: astropy-2.0
wav flux_nu
[from data line 1209]
63450.04800076804 1.1030198877949088e-08
63500.04800076804 3.823354791406727e-08
63550.04800076804 4.8697433553771035e-08
63600.04800076804 5.038110910560353e-08
63650.04800076804 2.9930567082836635e-08
63700.04800076804 1.2035496742733535e-08
63750.04800076804 2.708548940398498e-08
63800.04800076804 5.773821530974257e-08
63850.04800076804 4.285773020201707e-08
63900.04800076804 1.639190130075712e-08
63950.04800076804 3.739170821488139e-08
64000.04800076804 4.362711437630632e-08
64050.04800076804 1.8906668895260974e-08
64100.04800076804 4.960823267163233e-09
64150.04800076804 7.882534422233221e-09
64200.04800076804 9.170643785337691e-09
64250.04800076804 2.507192546068284e-08
64300.04800076804 1.835328023651773e-08
64350.04800076804 1.3323351095434746e-08
64400.04800076804 3.4339987367456506e-08
64450.04800076804 3.905053638620042e-08
64500.04800076804 1.4826445316836535e-08
64550.04800076804 2.9628533203230038e-08
64600.04800076804 1.2416762850976235e-08
64650.04800076804 2.6611923957510163e-08
64700.04800076804 9.413678022164802e-09
64750.04800076804 1.6909399863876496e-08
64800.04800076804 1.2290539603764479e-08
64850.04800076804 8.008394133269432e-09
64900.04800076804 7.868177799183154e-09
64950.04800076804 7.915570353882566e-09
65000.04800076804 1.2323050964809088e-08
65050.04800076804 1.8194422266181605e-08
65100.04800076804 2.8983655294632714e-08
65150.04800076804 1.1773531196302608e-08
65200.04800076804 7.067319965701335e-09
65250.04800076804 2.2887054098110614e-08
65300.04800076804 1.8864885372152578e-08
65350.04800076804 4.96926209903116e-08
65400.04800076804 1.95002503377357e-08
65450.04800076804 2.0459480516488096e-08
65500.04800076804 2.581588339995951e-08
65550.04800076805 1.1103140210533393e-08
65600.04800076805 2.3385341293496758e-08
65650.04800076805 1.635832251412103e-08
65700.04800076805 1.5018076734464148e-08
65750.04800076805 1.0058798623441185e-08
65800.04800076805 2.0902760223136637e-08
65850.04800076805 2.807066685177211e-08
65900.04800076805 8.849015702252425e-09
65950.04800076805 1.3378356801559201e-08
66000.04800076805 1.8652810443211952e-08
66050.04800076805 4.280843553529222e-08
66100.04800076805 2.1681613870139514e-08
66150.04800076805 1.7314462677738815e-08
66200.04800076805 1.698534334804643e-08
66250.04800076805 1.233254751704466e-08
66300.04800076805 4.7953958727479984e-09
66350.04800076805 5.007178388850476e-09
66400.04800076805 9.56375951189382e-09
66450.04800076805 2.588828952735819e-08
66500.04800076805 3.810741007305656e-08
66550.04800076805 3.957008265877523e-08
66600.04800076805 2.9684898147229554e-08
66650.04800076805 2.067815182026649e-08
66700.04800076805 1.6944102308643654e-08
66750.04800076805 1.61707746017322e-08
66800.04800076805 2.1079161796939056e-08
66850.04800076805 1.2787904407382103e-08
66900.04800076805 4.135738051809118e-08
66950.04800076805 4.1328278168541114e-08
67000.04800076805 4.120637545004807e-08
67050.04800076805 2.4228946769207127e-08
67100.04800076805 1.4243776342286775e-08
67150.04800076805 1.5419560360302342e-08
67200.04800076805 2.5391137153079294e-08
67250.04800076805 2.450344000064374e-08
67300.04800076805 3.522871758160508e-08
67350.04800076805 1.7269671234072975e-08
67400.04800076805 4.2609142082723197e-08
67450.04800076805 2.730578627730486e-08
67500.04800076805 2.4538137693361055e-08
67550.04800076805 4.335117597561998e-08
67600.04800076805 7.422188888080666e-08
67650.04800076805 5.410626063821041e-08
67700.04800076805 3.091988162997953e-08
67750.04800076805 2.1371633816472875e-08
67800.04800076805 3.246033575646093e-08
67850.04800076805 1.4181046306799512e-08
67900.04800076805 1.8320398607798364e-08
67950.04800076805 1.3966854119940535e-08
68000.04800076805 2.8431200852795232e-08
68050.04800076805 3.991797998487417e-08
68100.04800076805 5.5784617502309854e-08
68150.04800076805 4.3226881761094644e-08
68200.04800076805 3.582785205066686e-08
68250.04800076805 8.687429432103963e-09
68300.04800076805 3.403153787784974e-08
68350.04800076805 2.051274593417259e-08
68400.04800076805 6.029290760874985e-08
68450.04800076805 4.913536261489738e-08
68500.04800076805 3.293864184768761e-08
68550.04800076805 1.4501607521207948e-08
68600.04800076805 1.52665979217888e-08
68650.04800076805 7.65042484463282e-09
68700.04800076805 1.9298568163569802e-08
68750.04800076805 3.185949037941295e-08
68800.04800076805 3.692870689452038e-08
68850.04800076805 1.3406872221107508e-08
68900.04800076805 5.290096650477585e-08
68950.04800076805 5.07054396843385e-08
69000.04800076805 3.688762242121103e-08
69050.04800076805 1.8828747404713118e-08
69100.04800076805 5.0507704174099916e-08
69150.04800076805 6.946564621489258e-08
69200.04800076805 4.435026399614927e-08
69250.04800076805 6.571365193498144e-08
69300.04800076805 3.58017403779153e-08
69350.04800076805 6.881393971844715e-08
69400.04800076805 2.1877191235482517e-08
69450.04800076805 6.271731088104498e-08
69500.04800076805 3.039172178774827e-08
69550.04800076805 2.69690803743382e-08
69600.04800076805 7.575714409465543e-09
69650.04800076805 2.5015883400474646e-08
69700.04800076805 4.690032312582178e-08
69750.04800076805 3.069036354807746e-08
69800.04800076805 4.792526306014296e-08
69850.04800076805 4.8192571870942284e-08
69900.04800076805 3.038252538209925e-08
69950.04800076805 3.157895133276522e-08
70000.04800076805 3.309274470880474e-08
70050.04800076805 6.441562403248383e-08
70100.04800076805 4.432645509170677e-08
70150.04800076805 3.5640350610754793e-08
70200.04800076805 2.4117242352528983e-08
70250.04800076805 3.6810422301657356e-08
70300.04800076805 6.120139955268067e-08
70350.04800076805 4.213359689463977e-08
70400.04800076805 2.3982358424800335e-08
70450.04800076805 5.757969713233305e-09
70500.04800076805 1.9988054571347252e-08
70550.04800076805 2.0674861745333417e-08
70600.04800076805 1.897549603434911e-08
70650.04800076805 4.8761048147588335e-08
70700.04800076805 4.597992190716067e-08
70750.04800076805 6.137795546295846e-08
70800.04800076805 2.9675196148416573e-08
70850.04800076805 3.13553148301743e-08
70900.04800076805 3.482256912261998e-08
70950.04800076805 5.4916797359720704e-08
71000.04800076805 4.647467329023341e-08
71050.04800076805 4.683645159684434e-08
71100.04800076805 3.2896009819672564e-08
71150.04800076805 3.0363460405875795e-08
71200.04800076805 2.6196285079411734e-08
71250.04800076805 3.6530874688546026e-08
71300.04800076805 5.213573243048108e-08
71350.04800076805 5.581351399567267e-08
71400.04800076805 4.5891783631936294e-08
71450.04800076805 1.976019201361706e-08
71500.04800076805 2.170794642026883e-08
71550.04800076805 2.833330037945682e-08
71600.04800076805 3.0673354274112216e-08
71650.04800076805 2.382974003958436e-08
71700.04800076805 1.705243359846962e-08
71750.04800076805 3.169501699920274e-08
71800.04800076805 4.719694321245393e-08
71850.04800076805 4.457062710639176e-08
71900.04800076805 2.4695695636465758e-08
71950.04800076805 3.0840316657301774e-08
72000.04800076805 3.049194777487798e-08
72050.04800076805 1.775331689947301e-08
72100.04800076805 2.005183834911329e-08
72150.04800076805 1.6399919828455148e-08
72200.04800076805 3.281353741916647e-08
72250.04800076805 4.093169412590271e-08
72300.04800076805 2.9465232031680098e-08
72350.04800076805 3.678206457172789e-08
72400.04800076805 2.788378276114622e-08
72450.04800076805 2.2665063277462958e-08
72500.04800076805 3.132831272275185e-08
72550.04800076805 1.2589708918774133e-08
72600.04800076805 2.0748700138821265e-08
72650.04800076805 3.817032218239079e-08
72700.04800076805 2.8342417752080948e-08
72750.04800076805 2.7550970557774687e-08
72800.04800076805 1.7934348252544622e-08
72850.04800076805 2.0908208288917556e-08
72900.04800076805 3.9814582001202325e-08
72950.04800076805 2.9211284550713026e-08
73000.04800076805 2.9497153651737158e-08
73050.04800076805 1.6724479498895526e-08
73100.04800076805 1.9249423956814107e-08
73150.04800076805 4.556845917812675e-08
73200.04800076805 1.6925271397567207e-08
73250.04800076805 2.5590062887687805e-08
73300.04800076805 2.076474433267877e-08
73350.04800076805 1.4358258078263475e-08
73400.04800076805 2.520296554353581e-08
73450.04800076805 1.4088726940451407e-08
73500.04800076805 1.1624281778522379e-08
73550.04800076805 2.234861199042434e-08
73600.04800076805 1.766401073968517e-08
73650.04800076805 2.3568193746525416e-08
73700.04800076805 2.3961646216397148e-08
73750.04800076805 9.855052573034425e-09
73800.04800076805 2.0907704114642484e-08
73850.04800076805 2.6648606676356446e-08
73900.04800076805 1.9110930268948997e-08
73950.04800076805 1.8697435328418534e-08
74000.04800076805 1.0945542397389376e-08
74050.04800076805 3.5330396552543414e-08
74100.04800076805 2.2774405029665366e-08
74150.04800076805 2.2650674526619267e-08
74200.04800076805 1.5687594957723634e-08
74250.04800076805 4.042137872485825e-09
74300.04800076805 2.0512063424145656e-08
74350.04800076805 3.191531051247267e-08
74400.04800076805 3.0616183704946105e-08
74450.04800076805 1.2098631214730103e-08
74500.04800076805 9.11217576369728e-09
74550.04800076805 1.8119290014348114e-08
74600.04800076805 2.0167407544393113e-08
74650.04800076805 2.0381243303347354e-08
74700.04800076805 1.3197322695879364e-08
74750.04800076805 9.925170138268835e-09
74800.04800076805 1.5042761408942356e-08
74850.04800076805 1.3043836832912537e-08
74900.04800076805 2.9015389775655523e-08
74950.04800076805 3.03337168606644e-08
75000.04800076805 1.4669630796071686e-08
75050.04800076805 6.145230607174972e-09
75100.04800076805 2.9084499578189422e-08
75150.04800076805 3.024573046738261e-08
75200.04800076805 3.420936502770162e-08
75250.04800076805 3.488057292514009e-08
75300.04800076805 2.8619216036110307e-08
75350.04800076805 1.1355681983762223e-08
75400.04800076805 3.646541621122674e-08
75450.04800076805 3.0811178338717756e-08
75500.04800076805 2.8058102164373766e-08
75550.04800076805 3.181313597875836e-08
75600.04800076805 4.018267556422413e-08
75650.04800076805 2.1969806854636115e-08
75700.04800076805 3.415314756018769e-08
75750.04800076805 1.721100288403969e-08
75800.04800076805 3.165800545087905e-08
75850.04800076805 3.885198103506984e-08
75900.04800076805 3.725842799229615e-08
75950.04800076805 1.8192852833514138e-08
76000.04800076805 3.7046463917427214e-08
76050.04800076805 3.85713491511137e-08
76100.04800076805 3.365123236278446e-08
76150.04800076805 3.8793044574661466e-08
76200.04800076805 3.685643959586531e-08
76250.04800076805 2.7720981016224434e-08
76300.04800076805 5.3214021271307246e-08
76350.04800076805 6.402870074978652e-08
76400.04800076805 5.069836757182321e-08
76450.04800076805 4.318959397322829e-08
76500.04800076805 2.8090195343984574e-08
76550.04800076805 1.4952839263144596e-08
76600.04800076805 3.997822936247753e-09
76650.04800076805 4.713696474853924e-09
76700.04800076805 6.717551477657409e-09
76750.04800076805 6.5216293622047825e-09
76800.04800076805 1.311619616068371e-08
76850.04800076805 3.783933207704081e-09
76900.04800076805 4.302755359518451e-09
76950.04800076805 1.1676251338829134e-08
77000.04800076805 1.544959371951525e-08
77050.04800076805 6.0413645638419185e-09
77100.04800076805 7.423326891536152e-09
77150.04800076805 1.8675106263449826e-08
77200.04800076805 1.230578132676009e-08
77250.04800076805 1.2761520830218794e-08
77300.04800076805 1.6892131643641357e-08
77350.04800076805 7.127469994140711e-09
77400.04800076805 8.157440480293806e-09
77450.04800076805 1.4653889661573647e-08
77500.04800076805 1.3880972597160788e-08
77550.04800076805 1.361215396230773e-08
77600.04800076805 8.85383975084889e-09
77650.04800076805 1.1563762356560439e-08
77700.04800076805 7.960344795534464e-09
77750.04800076805 2.080800293948251e-08
77800.04800076805 1.9829427283934406e-08
77850.04800076805 3.725617927799763e-08
77900.04800076805 2.1213129415170222e-08
77950.04800076805 6.892990424556274e-09
78000.04800076805 1.4549405259900276e-08
78050.04800076805 1.8876094807041352e-08
78100.04800076805 1.755218998453855e-08
78150.04800076805 3.264257663540036e-08
78200.04800076805 2.9281363756934283e-08
78250.04800076805 3.1626898529572744e-08
78300.04800076805 2.071898438778426e-08
78350.04800076805 2.7726609869164266e-08
78400.04800076805 1.3687293775160042e-08
78450.04800076805 3.0293893120996376e-08
78500.04800076805 3.425272153317262e-08
78550.04800076805 4.4524648341817476e-08
78600.04800076805 3.3639995986212396e-08
78650.04800076805 6.906661947636335e-09
78700.04800076805 1.4075108180279427e-08
78750.04800076805 1.7558939041683956e-08
78800.04800076805 2.4168501516010373e-08
78850.04800076805 9.68855794972017e-09
78900.04800076805 2.1845780246951233e-08
78950.04800076805 2.9832448247118e-08
79000.04800076805 2.506332154435922e-08
79050.04800076805 1.956154636642751e-08
79100.04800076805 2.157522316080286e-08
79150.04800076805 2.3045806991350706e-08
79200.04800076805 2.9128037015819773e-08
79250.04800076805 1.789239909304006e-08
79300.04800076805 1.3153185276093588e-08
79350.04800076805 2.2436999514279628e-08
79400.04800076805 1.545946814990376e-08
79450.04800076805 3.3724577471151125e-08
79500.04800076805 5.009632597665019e-08
79550.04800076805 3.485242504336855e-08
79600.04800076805 1.8044931029107518e-08
79650.04800076805 2.8615210105628224e-08
79700.04800076805 2.852020475122003e-08
79750.04800076805 2.9155150040609678e-08
79800.04800076805 1.4594326648202296e-08
79850.04800076805 2.6997026021236342e-08
79900.04800076805 5.125173207000126e-08
79950.04800076805 3.5128542164229586e-08
