galfind/configs/Brown_Dwarf_templates/sonora_cholla/logkzz4/100g/700K_100g_logkzz4_resample.dat
# %ECSV 1.0
# ---
# datatype:
# - {name: wav, unit: Angstrom, datatype: float64}
# - {name: flux_nu, unit: erg / (cm2 Hz s), datatype: float64}
# schema: astropy-2.0
wav flux_nu
[from data line 417]
23850.04800076804 4.380400193622809e-10
23900.04800076804 8.979962925178379e-10
23950.04800076804 7.948519179911649e-10
24000.04800076804 1.1689689348078723e-09
24050.04800076804 1.5595999729453045e-09
24100.04800076804 1.2611887453268236e-09
24150.04800076804 1.6272044326251218e-09
24200.04800076804 1.45395700177005e-09
24250.04800076804 9.1301198334289e-10
24300.04800076804 1.7621720175012363e-09
24350.04800076804 1.2552095940750206e-09
24400.04800076804 2.4686033218071115e-09
24450.04800076804 2.3096433589018395e-09
24500.04800076804 2.5305369320031167e-09
24550.04800076804 3.3247184679617183e-09
24600.04800076804 4.026159412409463e-09
24650.04800076804 4.453936731948675e-09
24700.04800076804 3.4377794679200196e-09
24750.04800076804 3.604532028645205e-09
24800.04800076804 3.6740866358645593e-09
24850.04800076804 5.5864390982901545e-09
24900.04800076804 2.616373317112578e-09
24950.04800076804 4.651350226041995e-09
25000.04800076804 5.110726659718582e-09
25050.04800076804 3.1620092608831517e-09
25100.04800076804 4.3304132505287495e-09
25150.04800076804 2.212565706920696e-09
25200.04800076804 3.445215777212291e-09
25250.04800076804 1.5363174482884967e-09
25300.04800076804 2.561377162887718e-09
25350.04800076804 1.0673488792560286e-09
25400.04800076804 2.6845871817341147e-09
25450.04800076804 1.2196244885142686e-09
25500.04800076804 1.0313271577570993e-09
25550.04800076804 1.797971146667257e-09
25600.04800076804 5.975307678296445e-10
25650.04800076804 6.053221204237149e-10
25700.04800076804 1.0199958476581585e-09
25750.04800076804 4.012392947031805e-10
25800.04800076804 1.431269695997573e-09
25850.04800076804 3.5636844702158535e-10
25900.04800076804 5.617246406592579e-10
25950.04800076804 2.166783171322863e-10
26000.04800076804 1.317118519741606e-09
26050.04800076804 3.220033235459165e-10
26100.04800076804 1.1551309172049839e-09
26150.04800076804 6.783089661447095e-10
26200.04800076804 7.618982182018097e-10
26250.04800076804 2.8007503378745856e-09
26300.04800076804 1.0172410560913303e-09
26350.04800076804 3.303756338147181e-09
26400.04800076804 4.538381406510269e-09
26450.04800076804 3.9077570753340255e-09
26500.04800076804 4.8052852316332194e-09
26550.04800076804 1.6629384693579987e-09
26600.04800076804 1.7355042051064903e-09
26650.04800076804 4.904889135607798e-10
26700.04800076804 2.135150173982237e-10
26750.04800076804 3.305870936852068e-10
26800.04800076804 6.347033518648061e-10
26850.04800076804 3.8582320560548765e-10
26900.04800076804 1.4471529060233688e-09
26950.04800076804 5.344809324500988e-10
27000.04800076804 2.1420876950019254e-09
27050.04800076804 2.064282486476255e-09
27100.04800076804 7.397851415384134e-10
27150.04800076804 2.9219167150622864e-09
27200.04800076804 6.459563514690925e-10
27250.04800076804 1.4581855604371312e-09
27300.04800076804 7.30224648770803e-09
27350.04800076804 3.2471975921127065e-09
27400.04800076804 2.988909932453231e-10
27450.04800076804 4.3466290171374345e-09
27500.04800076804 5.456035882788363e-09
27550.04800076804 1.1533750815470788e-09
27600.04800076804 2.8418978052248805e-09
27650.04800076804 8.913077172269298e-10
27700.04800076804 6.825883742264287e-10
27750.04800076804 3.32184693365602e-09
27800.04800076804 1.21843254990411e-09
27850.04800076804 1.5978037154902064e-09
27900.04800076804 2.1721021382132957e-09
27950.04800076804 4.213050022236317e-09
28000.04800076804 3.4928385633582787e-09
28050.04800076804 8.48702169589126e-10
28100.04800076804 5.508807138361234e-09
28150.04800076804 3.196536266811473e-09
28200.04800076804 8.868974819824377e-10
28250.04800076804 5.9048351876832635e-09
28300.04800076804 8.757574051018697e-09
28350.04800076804 1.4330752829096705e-09
28400.04800076804 4.654885160922542e-09
28450.04800076804 8.114445785141977e-09
28500.04800076804 4.46947901159183e-09
28550.04800076804 1.163343159384792e-09
28600.04800076804 6.7637264305126015e-09
28650.04800076804 6.7907801992292104e-09
28700.04800076804 5.611114485642926e-09
28750.04800076804 1.0483657014186951e-08
28800.04800076804 8.549487472877751e-09
28850.04800076804 1.0674314856260077e-08
28900.04800076804 4.467903707804295e-09
28950.04800076804 1.4299951042905291e-08
29000.04800076804 8.230175795870848e-09
29050.04800076804 1.0041341391058939e-08
29100.04800076804 6.611559806024467e-09
29150.04800076804 1.5704085667032547e-08
29200.04800076804 9.58464431245867e-09
29250.04800076804 1.3887407789502213e-08
29300.04800076804 8.098824232290349e-09
29350.04800076804 3.470693242290416e-08
29400.04800076804 1.0355992528648766e-08
29450.04800076804 1.2910449206150604e-08
29500.04800076804 1.8282799495789723e-08
29550.04800076804 1.2058679927674874e-08
29600.04800076804 1.9401169417201526e-08
29650.04800076804 2.0974239402991416e-08
29700.04800076804 1.0857398554105274e-08
29750.04800076804 1.745849323938139e-08
29800.04800076804 1.9855628566843756e-08
29850.04800076804 2.632310115154917e-08
29900.04800076804 2.6313522910939115e-08
29950.04800076804 1.9104702082126917e-08
30000.04800076804 1.0446858715494025e-08
30050.04800076804 1.253680342832513e-08
30100.04800076804 1.958632761950415e-08
30150.04800076804 2.5471595674366268e-08
30200.04800076804 1.6833741001896818e-08
30250.04800076804 3.221668604833288e-08
30300.04800076804 2.768658514648693e-08
30350.04800076804 1.9953254665210167e-08
30400.04800076804 2.8370496338471545e-08
30450.04800076804 2.0733474161537498e-08
30500.04800076804 1.870275546979421e-08
30550.04800076804 1.614800070063224e-08
30600.04800076804 2.6481605228328324e-08
30650.04800076804 2.0874620867486273e-08
30700.04800076804 1.666331476480226e-08
30750.04800076804 1.807657228361651e-08
30800.04800076804 1.4504979863746687e-08
30850.04800076804 1.6580257483889577e-08
30900.04800076804 1.4856585707686636e-08
30950.04800076804 9.008437449792282e-09
31000.04800076804 1.225860676795293e-08
31050.04800076804 1.1337970547209395e-08
31100.04800076804 7.199257595526217e-09
31150.04800076804 9.660839180180673e-09
31200.04800076804 1.1259878871435495e-08
31250.04800076804 7.123618373549012e-09
31300.04800076804 6.083198379230807e-09
31350.04800076804 7.197573506289198e-09
31400.04800076804 3.924504248826177e-09
31450.04800076804 6.9586696005739295e-09
31500.04800076804 3.4605120427094025e-09
31550.04800076804 4.6853299808935055e-09
31600.04800076804 2.8119668060613822e-09
31650.04800076804 2.8888749214844746e-09
31700.04800076804 3.6019677112362943e-09
31750.04800076804 1.5135727873456159e-09
31800.04800076804 3.462782627812813e-09
31850.04800076804 1.5819966459392706e-09
31900.04800076804 2.4224127275502675e-09
31950.04800076804 1.6316142810785237e-09
32000.04800076804 1.8381758796972583e-09
32050.04800076804 1.3145365374501039e-09
32100.04800076804 1.1622812354072527e-09
32150.04800076804 1.6480664075778934e-09
32200.04800076804 9.593735672049928e-10
32250.04800076804 2.52639470680585e-09
32300.04800076804 7.626882061409825e-10
32350.04800076804 2.56822477017531e-09
32400.04800076804 9.401133204202626e-10
32450.04800076804 1.7478867220689784e-09
32500.04800076804 1.1747961371080201e-09
32550.04800076804 1.89709922385678e-09
32600.04800076804 1.4549942566507915e-09
32650.04800076804 3.063581146443533e-09
32700.04800076804 1.989740817694245e-09
32750.04800076804 4.257423430564317e-09
32800.04800076804 2.789670744424989e-09
32850.04800076804 5.669670018279072e-09
32900.04800076804 5.118031489546755e-09
32950.04800076804 6.303274820313148e-09
33000.04800076804 3.8401109326566544e-09
33050.04800076804 4.3100678488885384e-09
33100.04800076804 1.5322759049681383e-09
33150.04800076804 2.5692757473745054e-11
33200.04800076804 1.0257891070221298e-10
33250.04800076804 7.98397852413061e-11
33300.04800076804 1.8136598012685732e-10
33350.04800076804 6.222467541633824e-10
33400.04800076804 1.3475144536283721e-09
33450.04800076804 1.3943793102394954e-09
33500.04800076804 3.1088908411807648e-09
33550.04800076804 2.022505621839558e-09
33600.04800076804 3.1281045643325715e-09
33650.04800076804 2.5196319833732037e-09
33700.04800076804 1.9629621478922593e-09
33750.04800076804 3.8463799965514895e-09
33800.04800076804 1.3019832134532068e-09
33850.04800076804 2.630521196351656e-09
33900.04800076804 2.7429122644160403e-09
33950.04800076804 2.6267135422772683e-09
34000.04800076804 4.119567125663075e-09
34050.04800076804 1.1447690251168701e-09
34100.04800076804 3.528255804791412e-09
34150.04800076804 2.01402646385332e-09
34200.04800076804 3.2259642963058958e-09
34250.04800076804 2.372865992913726e-09
34300.04800076804 2.246142427304964e-09
34350.04800076804 3.8546370225840545e-09
34400.04800076804 2.1746907979880406e-09
34450.04800076804 4.21968799687243e-09
34500.04800076804 2.165970044305864e-09
34550.04800076804 1.7142838896149952e-09
34600.04800076804 4.960735708639168e-09
34650.04800076804 1.7005823930519423e-09
34700.04800076804 2.67581708070649e-09
34750.04800076804 2.3712067570776e-09
34800.04800076804 2.073531905546653e-09
34850.04800076804 3.978551447178228e-09
34900.04800076804 3.2538074362093672e-09
34950.04800076804 3.079187404661047e-09
35000.04800076804 5.9411781795861914e-09
35050.04800076804 3.6394024643341876e-09
35100.04800076804 6.334233323836161e-09
35150.04800076804 5.348871775802101e-09
35200.04800076804 7.0550447394601295e-09
35250.04800076804 7.270756474289882e-09
35300.04800076804 4.853508700630025e-09
35350.04800076804 7.678932376505838e-09
35400.04800076804 6.6031751150152505e-09
35450.04800076804 5.537504935267687e-09
35500.04800076804 1.3983888301440104e-08
35550.04800076804 8.255573243046419e-09
35600.04800076804 9.911433819788057e-09
35650.04800076804 1.0039738382068298e-08
35700.04800076804 6.928667189427611e-09
35750.04800076804 1.5718166351593247e-08
35800.04800076804 1.0171106009668087e-08
35850.04800076804 6.254177870623452e-09
35900.04800076804 1.1004919719234668e-08
35950.04800076804 1.0488557362727933e-08
36000.04800076804 5.247528594210658e-09
36050.04800076804 9.603854209530238e-09
36100.04800076804 8.983426274679954e-09
36150.04800076804 1.2571078541043887e-08
36200.04800076804 1.079288764717291e-08
36250.04800076804 1.3061105528092874e-08
36300.04800076804 1.5099863981848808e-08
36350.04800076804 1.2589498099463301e-08
36400.04800076804 2.071376210814628e-08
36450.04800076804 1.7777078945162776e-08
36500.04800076804 1.9482906616070713e-08
36550.04800076804 2.3740370147833655e-08
36600.04800076804 2.7114468937743536e-08
36650.04800076804 2.6733475165999195e-08
36700.04800076804 3.0438092235890127e-08
36750.04800076804 3.1640052535454314e-08
36800.04800076804 2.7964282780029705e-08
36850.04800076804 2.0913929969032454e-08
36900.04800076804 2.8299535689093115e-08
36950.04800076804 2.891748894617108e-08
37000.04800076804 2.6845205303095056e-08
37050.04800076804 3.3642270795398326e-08
37100.04800076804 3.394259959164625e-08
37150.04800076804 3.329275856538834e-08
37200.04800076804 3.003757864453668e-08
37250.04800076804 2.6528913415245783e-08
37300.04800076804 2.6857953520663688e-08
37350.04800076804 3.701261374220485e-08
37400.04800076804 4.180920892697967e-08
37450.04800076804 3.1410686674430153e-08
37500.04800076804 3.080714918459054e-08
37550.04800076804 4.956093430345141e-08
37600.04800076804 6.023195392734994e-08
37650.04800076804 3.781430222449771e-08
37700.04800076804 4.687689609520931e-08
37750.04800076804 3.1769216914864074e-08
37800.04800076804 3.67630222020217e-08
37850.04800076804 2.779334013608605e-08
37900.04800076804 3.508194231920402e-08
37950.04800076804 4.6086823120080685e-08
38000.04800076804 5.700382063474478e-08
38050.04800076804 5.612706394447019e-08
38100.04800076804 5.879629263822436e-08
38150.04800076804 6.334999170435966e-08
38200.04800076804 6.54808847378995e-08
38250.04800076804 6.379844196355257e-08
38300.04800076804 9.567372206826295e-08
38350.04800076804 8.762633912887014e-08
38400.04800076804 5.0022156604733594e-08
38450.04800076804 4.614712754009102e-08
38500.04800076804 2.671870224309255e-08
38550.04800076804 4.48686296106205e-08
38600.04800076804 5.323658316390868e-08
38650.04800076804 7.632454111194068e-08
38700.04800076804 6.485758375373049e-08
38750.04800076804 7.048076270025528e-08
38800.04800076804 5.170903409154336e-08
38850.04800076804 8.37002286545326e-08
38900.04800076804 8.483809315752758e-08
38950.04800076804 6.190748750150067e-08
39000.04800076804 9.726955716857151e-08
39050.04800076804 7.112521599318934e-08
39100.04800076804 9.07376082285305e-08
39150.04800076804 7.925700890349e-08
39200.04800076804 6.645478078779921e-08
39250.04800076804 9.319656607182132e-08
39300.04800076804 8.766012713476654e-08
39350.04800076804 1.2952789624081556e-07
39400.04800076804 9.90597696373546e-08
39450.04800076804 1.0383568016780016e-07
39500.04800076804 1.0062900169537712e-07
39550.04800076804 9.103952487000539e-08
39600.04800076804 1.1156340526706179e-07
39650.04800076804 1.4234247764333704e-07
39700.04800076804 9.865476261189284e-08
39750.04800076804 6.951660128009856e-08
39800.04800076804 9.503380962979513e-08
39850.04800076804 1.2570153746209365e-07
39900.04800076804 1.3158527191513985e-07
39950.04800076804 1.1499552978423471e-07
40000.04800076804 1.4935386021408924e-07
40050.04800076804 1.3310041003234183e-07
40100.04800076804 8.182951345757751e-08
40150.04800076804 1.5202072959941613e-07
40200.04800076804 1.5043611751095514e-07
40250.04800076804 1.443218303963452e-07
40300.04800076804 1.6281663346074758e-07
40350.04800076804 1.0840745637967422e-07
40400.04800076804 1.531449785816729e-07
40450.04800076804 1.214351719018054e-07
40500.04800076804 1.7443180985200332e-07
40550.04800076804 1.638555699585271e-07
40600.04800076804 1.5128607182652553e-07
40650.04800076804 1.4901461314654836e-07
40700.04800076804 2.2360056341628744e-07
40750.04800076804 1.8341582418325413e-07
40800.04800076804 1.297369796560542e-07
40850.04800076804 2.2252762094034285e-07
40900.04800076804 1.8129560394226529e-07
40950.04800076804 1.4710546656606377e-07
41000.04800076804 1.796734601624346e-07
41050.04800076804 2.275043485491098e-07
41100.04800076804 1.4234836152456958e-07
41150.04800076804 1.1575849123586453e-07
41200.04800076804 2.3369432745988396e-07
41250.04800076804 1.9146559975707204e-07
41300.04800076804 1.6698136044175133e-07
41350.04800076804 2.428390212021491e-07
41400.04800076804 2.01337699343565e-07
41450.04800076804 2.2567222665151539e-07
41500.04800076804 1.6529663820647178e-07
41550.04800076804 1.5732361229279643e-07
41600.04800076804 2.1482733466578234e-07
41650.04800076804 2.1098728926700006e-07
41700.04800076804 1.9566420958849042e-07
41750.04800076804 1.795538650714919e-07
41800.04800076804 2.520624799455337e-07
41850.04800076804 1.522703186187511e-07
41900.04800076804 1.6812900701677142e-07
41950.04800076804 1.9175275457789582e-07
42000.04800076804 2.256519559500683e-07
42050.04800076804 1.9860925554403928e-07
42100.04800076804 2.455858741694085e-07
42150.04800076804 1.824439585975192e-07
42200.04800076804 2.0361658174668078e-07
42250.04800076804 1.7186471762307676e-07
42300.04800076804 1.8157896665304906e-07
42350.04800076804 2.1265184193855856e-07
42400.04800076804 1.9727064726815415e-07
42450.04800076804 2.0080985842731907e-07
42500.04800076804 1.8288108221539523e-07
42550.04800076804 1.8027133581518486e-07
42600.04800076804 1.8134093881871875e-07
42650.04800076804 2.7654412719776933e-07
42700.04800076804 1.5442840803038806e-07
42750.04800076804 1.7423755544763566e-07
42800.04800076804 1.6702672885475894e-07
42850.04800076804 2.0434383543581217e-07
42900.04800076804 2.302783327315216e-07
42950.04800076804 1.7194163305915954e-07
43000.04800076804 2.3617576068135077e-07
43050.04800076804 1.147288430279815e-07
43100.04800076804 1.611623037992788e-07
43150.04800076804 1.9103897804186423e-07
43200.04800076804 2.174624989277246e-07
43250.04800076804 2.676422260422144e-07
43300.04800076804 2.7883500087456903e-07
43350.04800076804 1.595517269901689e-07
43400.04800076804 2.0928840249101623e-07
43450.04800076804 1.3676535371502538e-07
43500.04800076804 1.5230769134769856e-07
43550.04800076804 1.6589764339719513e-07
