galfind/configs/Brown_Dwarf_templates/sonora_cholla/logkzz4/100g/750K_100g_logkzz4_resample.dat
# %ECSV 1.0
# ---
# datatype:
# - {name: wav, unit: Angstrom, datatype: float64}
# - {name: flux_nu, unit: erg / (cm2 Hz s), datatype: float64}
# schema: astropy-2.0
wav flux_nu
[from data line 814]
43700.04800076804 2.8567397317704953e-07
43750.04800076804 2.830142236863696e-07
43800.04800076804 2.0898887710093792e-07
43850.04800076804 2.2379429679295504e-07
43900.04800076804 1.844508752863854e-07
43950.04800076804 1.5049869795673363e-07
44000.04800076804 1.0819993543401675e-07
44050.04800076804 1.964121078956023e-07
44100.04800076804 2.159894840648288e-07
44150.04800076804 2.1161829493221756e-07
44200.04800076804 1.7892136209343346e-07
44250.04800076804 1.4307585306598365e-07
44300.04800076804 1.3169356705597094e-07
44350.04800076804 1.1556732918914992e-07
44400.04800076804 1.180981838417019e-07
44450.04800076804 1.2629441133376175e-07
44500.04800076804 1.0143863032319731e-07
44550.04800076804 1.2221892699242516e-07
44600.04800076804 9.300528324592166e-08
44650.04800076804 1.0799264382863224e-07
44700.04800076804 9.09827140762314e-08
44750.04800076804 9.800738767905092e-08
44800.04800076804 8.259523499161212e-08
44850.04800076804 8.203027740109047e-08
44900.04800076804 6.079753514031866e-08
44950.04800076804 5.7471871578465463e-08
45000.04800076804 6.09325330455443e-08
45050.04800076804 6.381507015963116e-08
45100.04800076804 5.8236017966970114e-08
45150.04800076804 5.091956493793275e-08
45200.04800076804 3.388138767869314e-08
45250.04800076804 3.8839052429682885e-08
45300.04800076804 4.6950300128648783e-08
45350.04800076804 4.457511525934796e-08
45400.04800076804 3.2154979669202644e-08
45450.04800076804 3.1141281066426594e-08
45500.04800076804 3.3594518710584154e-08
45550.04800076804 4.0738400260516384e-08
45600.04800076804 2.8996871740259382e-08
45650.04800076804 2.8554984787447764e-08
45700.04800076804 3.835421029816762e-08
45750.04800076804 3.152306645827303e-08
45800.04800076804 2.400186473519185e-08
45850.04800076804 4.173519103313062e-08
45900.04800076804 4.1174051675969014e-08
45950.04800076804 2.4070736101405153e-08
46000.04800076804 3.762746770132977e-08
46050.04800076804 4.2518423005013604e-08
46100.04800076804 2.4663914912597063e-08
46150.04800076804 4.322918772548054e-08
46200.04800076804 4.083621999513417e-08
46250.04800076804 1.758346726837054e-08
46300.04800076804 5.033419462655345e-08
46350.04800076804 3.510556662336981e-08
46400.04800076804 4.192923499650327e-08
46450.04800076804 6.388442920136243e-08
46500.04800076804 3.999942281323527e-08
46550.04800076804 6.472425698671391e-08
46600.04800076804 6.592935496288509e-08
46650.04800076804 1.310420591204617e-07
46700.04800076804 8.51813118278721e-08
46750.04800076804 5.8713892044234473e-08
46800.04800076804 3.919275336038597e-08
46850.04800076804 6.620202294524512e-08
46900.04800076804 5.389114424213753e-08
46950.04800076804 8.160294040590972e-08
47000.04800076804 3.5193176534506615e-08
47050.04800076804 8.112615060127262e-08
47100.04800076804 2.866295158276317e-08
47150.04800076804 4.317342129432385e-08
47200.04800076804 5.3438595850803984e-08
47250.04800076804 3.2258170176605137e-08
47300.04800076804 4.154259241905994e-08
47350.04800076804 2.818820494594798e-08
47400.04800076804 6.393651603389835e-08
47450.04800076804 2.677984885220858e-08
47500.04800076804 7.289237482824426e-08
47550.04800076804 3.012437737902051e-08
47600.04800076804 6.765805159439938e-08
47650.04800076804 3.24408654242088e-08
47700.04800076804 6.47874174708787e-08
47750.04800076804 2.6609195590817782e-08
47800.04800076804 5.7434421301946e-08
47850.04800076804 2.813431574972313e-08
47900.04800076804 4.855018531296479e-08
47950.04800076804 3.84856293220898e-08
48000.04800076804 8.294120714027577e-08
48050.04800076804 4.926331727717372e-08
48100.04800076804 6.710963398378605e-08
48150.04800076804 4.982892841541211e-08
48200.04800076804 7.718274705514096e-08
48250.04800076804 5.2114550661989556e-08
48300.04800076804 1.0413193316610688e-07
48350.04800076804 4.9067594618254274e-08
48400.04800076804 5.69535358486078e-08
48450.04800076804 4.6840488642047895e-08
48500.04800076804 9.658042830031132e-08
48550.04800076804 4.22832903204888e-08
48600.04800076804 8.799500152045268e-08
48650.04800076804 4.9192441541823636e-08
48700.04800076804 1.0236232927673598e-07
48750.04800076804 5.582322503107706e-08
48800.04800076804 1.0142164479783909e-07
48850.04800076804 7.07875684452387e-08
48900.04800076804 1.0120563371769507e-07
48950.04800076804 8.997109326925293e-08
49000.04800076804 6.859186763670601e-08
49050.04800076804 1.0372127075747505e-07
49100.04800076804 6.956908050660154e-08
49150.04800076804 1.272429599492095e-07
49200.04800076804 7.721321753146136e-08
49250.04800076804 1.3386396188144994e-07
49300.04800076804 8.575835290323117e-08
49350.04800076804 7.990965872286428e-08
49400.04800076804 1.013711212707894e-07
49450.04800076804 1.0370080680504699e-07
49500.04800076804 8.845774452080244e-08
49550.04800076804 3.8716485742453005e-08
49600.04800076804 9.31121917538371e-08
49650.04800076804 9.249943508975005e-08
49700.04800076804 8.666894418318607e-08
49750.04800076804 1.507501925310052e-07
49800.04800076804 7.838440459777241e-08
49850.04800076804 1.7835762407616428e-07
49900.04800076804 1.2599485388289355e-07
49950.04800076804 1.40315308327166e-07
50000.04800076804 1.4253125638053365e-07
50050.04800076804 1.462770349484288e-07
50100.04800076804 1.5966357829226692e-07
50150.04800076804 6.913023110956968e-08
50200.04800076804 3.387036100574565e-08
50250.04800076804 1.1739481508548684e-07
50300.04800076804 8.44738054061523e-08
50350.04800076804 1.3648467193322267e-07
50400.04800076804 1.2892423210055535e-07
50450.04800076804 1.2244213544631282e-07
50500.04800076804 1.6700892447136277e-07
50550.04800076804 1.3789748900498178e-07
50600.04800076804 1.4338187474924043e-07
50650.04800076804 1.4330095715123386e-07
50700.04800076804 2.0070412553049946e-07
50750.04800076804 1.6751065447116167e-07
50800.04800076804 6.850681295959723e-08
50850.04800076804 5.750837511706317e-08
50900.04800076804 1.6431287281459898e-07
50950.04800076804 1.629762570502975e-07
51000.04800076804 1.261409750932893e-07
51050.04800076804 1.418345432607357e-07
51100.04800076804 5.940958801711017e-08
51150.04800076804 9.726232213249871e-08
51200.04800076804 1.9284904118245802e-07
51250.04800076804 1.458700738014887e-07
51300.04800076804 9.697391200435666e-08
51350.04800076804 1.2355464306676952e-07
51400.04800076804 6.482522983677139e-08
51450.04800076804 5.546543744474323e-08
51500.04800076804 4.932849455016872e-08
51550.04800076804 1.2398303356438977e-07
51600.04800076804 9.094327930824121e-08
51650.04800076804 1.3003182864325635e-07
51700.04800076804 1.2901410535631145e-07
51750.04800076804 8.31430297346771e-08
51800.04800076804 1.7475895896449682e-07
51850.04800076804 1.3935383049539702e-07
51900.04800076804 1.816141479796319e-07
51950.04800076804 1.254732240723185e-07
52000.04800076804 2.655061231491784e-08
52050.04800076804 7.52621600916175e-08
52100.04800076804 5.991969134424737e-08
52150.04800076804 4.068881493973522e-08
52200.04800076804 5.516841067714953e-08
52250.04800076804 9.287182681493069e-08
52300.04800076804 1.5593183135802232e-07
52350.04800076804 7.356898774166623e-08
52400.04800076804 6.377042162145173e-08
52450.04800076804 1.4213626530275541e-07
52500.04800076804 1.2906420475482917e-07
52550.04800076804 1.2632476103478533e-07
52600.04800076804 9.320688888769361e-08
52650.04800076804 1.0048978124988072e-07
52700.04800076804 8.756904839294746e-08
52750.04800076804 5.634811415464872e-08
52800.04800076804 6.599807568070322e-08
52850.04800076804 8.3795419669608e-08
52900.04800076804 5.193853676299234e-08
52950.04800076804 5.924346452603163e-08
53000.04800076804 1.3945576883901044e-07
53050.04800076804 4.497903924649223e-08
53100.04800076804 1.317072194157525e-07
53150.04800076804 1.6024548574098257e-07
53200.04800076804 6.600622220659496e-08
53250.04800076804 1.4736198137072038e-07
53300.04800076804 1.4979787567009308e-07
53350.04800076804 1.4407000022142587e-07
53400.04800076804 1.2781069236574298e-07
53450.04800076804 4.1434335200832375e-08
53500.04800076804 1.8663483605557034e-08
53550.04800076804 3.7011178880726585e-08
53600.04800076804 8.052144742628593e-08
53650.04800076804 7.516562726424429e-08
53700.04800076804 6.277577843734785e-08
53750.04800076804 6.218737621389595e-08
53800.04800076804 5.99627661093016e-08
53850.04800076804 8.786979878302288e-08
53900.04800076804 9.956445039450534e-08
53950.04800076804 1.253037910955744e-07
54000.04800076804 7.859655027332628e-08
54050.04800076804 8.873184300279108e-08
54100.04800076804 2.860792234400635e-08
54150.04800076804 4.571093150818137e-08
54200.04800076804 1.3587235158005008e-08
54250.04800076804 2.416973954983921e-08
54300.04800076804 5.474507570310938e-08
54350.04800076804 7.670096693751894e-08
54400.04800076804 7.309452778257763e-08
54450.04800076804 6.003856145349119e-08
54500.04800076804 5.1225478203416905e-08
54550.04800076804 4.7825944264973164e-08
54600.04800076804 5.5997209252526196e-08
54650.04800076804 1.703785904946225e-08
54700.04800076804 6.628462186185937e-08
54750.04800076804 6.219855311023156e-08
54800.04800076804 3.767175192657019e-08
54850.04800076804 5.4173245712411414e-08
54900.04800076804 7.983433181834825e-08
54950.04800076804 1.1574521959493822e-07
55000.04800076804 3.551503927520175e-08
55050.04800076804 6.712832649991077e-08
55100.04800076804 6.746527549245709e-08
55150.04800076804 4.0798558282401034e-08
55200.04800076804 3.876801452419041e-08
55250.04800076804 5.369814111956188e-08
55300.04800076804 3.440374677280096e-08
55350.04800076804 7.177392059379791e-08
55400.04800076804 8.67710563594479e-08
55450.04800076804 4.952109589165098e-08
55500.04800076804 2.1519136243816094e-08
55550.04800076804 2.7770511485475148e-08
55600.04800076804 3.4636921502838613e-08
55650.04800076804 3.280911255010884e-08
55700.04800076804 3.807367004738611e-08
55750.04800076804 3.814044099617648e-08
55800.04800076804 2.0653642978083872e-08
55850.04800076804 2.4183848000763095e-08
55900.04800076804 5.8077142977651254e-08
55950.04800076804 7.962541092191093e-08
56000.04800076804 2.971513807113567e-08
56050.04800076804 4.1235361613191844e-08
56100.04800076804 5.865343998561293e-08
56150.04800076804 3.1873593919433264e-08
56200.04800076804 4.213674616633061e-08
56250.04800076804 5.8597957651956775e-08
56300.04800076804 4.773196895110086e-08
56350.04800076804 3.98713276702721e-08
56400.04800076804 1.769440960377444e-08
56450.04800076804 1.6350599253764612e-08
56500.04800076804 3.073416381511728e-08
56550.04800076804 1.6876180125924738e-08
56600.04800076804 5.335462435218295e-08
56650.04800076804 5.6132908199880394e-08
56700.04800076804 5.1213069400150516e-08
56750.04800076804 1.8330799009864313e-08
56800.04800076804 4.89008840789549e-08
56850.04800076804 4.491116790692215e-08
56900.04800076804 2.516957680766913e-08
56950.04800076804 5.273743927237556e-08
57000.04800076804 6.433833964456963e-08
57050.04800076804 3.175756967838916e-08
57100.04800076804 1.2157771475520576e-08
57150.04800076804 2.0575629674856053e-08
57200.04800076804 1.769028433132555e-08
57250.04800076804 2.453177437589566e-08
57300.04800076804 4.078479543459392e-08
57350.04800076804 1.9520388647620973e-08
57400.04800076804 4.4086527615723914e-08
57450.04800076804 2.9105908734115987e-08
57500.04800076804 2.990773032577279e-08
57550.04800076804 4.272755343891253e-08
57600.04800076804 4.1322367641042944e-08
57650.04800076804 1.0128494501596391e-08
57700.04800076804 1.6785282729296812e-08
57750.04800076804 2.743152690001647e-08
57800.04800076804 1.0872376017941679e-08
57850.04800076804 7.540520214261443e-08
57900.04800076804 8.466656788490258e-08
57950.04800076804 8.115043929182665e-08
58000.04800076804 2.8830218972284785e-08
58050.04800076804 4.7387628521094564e-08
58100.04800076804 5.1532593920109194e-08
58150.04800076804 3.178810216167994e-08
58200.04800076804 1.0934702860108578e-08
58250.04800076804 1.6125428035892036e-08
58300.04800076804 1.5914461083607996e-08
58350.04800076804 2.1644163114380607e-08
58400.04800076804 4.1762328239155834e-08
58450.04800076804 4.5449500461355784e-08
58500.04800076804 4.230935474025561e-08
58550.04800076804 4.239620473031054e-08
58600.04800076804 1.8215773378134254e-08
58650.04800076804 2.3699152526443538e-08
58700.04800076804 3.1599004141083295e-08
58750.04800076804 2.8499438730876077e-08
58800.04800076804 6.9113039465578516e-09
58850.04800076804 2.2350650756576456e-08
58900.04800076804 3.247912649697043e-08
58950.04800076804 1.4440041251589611e-08
59000.04800076804 3.322736024606361e-08
59050.04800076804 4.503357409571342e-08
59100.04800076804 4.6516186731068907e-08
59150.04800076804 3.2976864623560994e-08
59200.04800076804 3.850304331113434e-08
59250.04800076804 4.136803447321943e-08
59300.04800076804 3.338336764254131e-08
59350.04800076804 9.408744921833846e-09
59400.04800076804 8.384273501382385e-09
59450.04800076804 3.448779615884992e-08
59500.04800076804 1.7432016816613392e-08
59550.04800076804 3.979266555701761e-08
59600.04800076804 4.6915547037610936e-08
59650.04800076804 2.7447819646807372e-08
59700.04800076804 1.864145399354093e-08
59750.04800076804 5.5628278311628076e-08
59800.04800076804 2.6353119536031122e-08
59850.04800076804 3.910838056236822e-08
59900.04800076804 1.4175507961897082e-08
59950.04800076804 3.007656959741952e-08
60000.04800076804 6.597810928510882e-08
60050.04800076804 5.754073065502029e-08
60100.04800076804 5.2594699114321974e-08
60150.04800076804 2.62504401806273e-08
60200.04800076804 4.556594738152633e-08
60250.04800076804 6.427846223646387e-08
60300.04800076804 5.776544846517018e-08
60350.04800076804 3.7188707062063407e-08
60400.04800076804 4.103154939550324e-08
60450.04800076804 1.2897980714226088e-08
60500.04800076804 5.707794100537898e-09
60550.04800076804 3.795043883734693e-08
60600.04800076804 4.57018557437441e-08
60650.04800076804 3.0508813220375754e-08
60700.04800076804 2.145219410286006e-08
60750.04800076804 1.2915836775833605e-08
60800.04800076804 4.382876420592287e-08
60850.04800076804 8.146859247433215e-08
60900.04800076804 7.47377897315343e-08
60950.04800076804 6.050148468930598e-08
61000.04800076804 4.68619667727777e-08
61050.04800076804 2.2455302111615002e-08
61100.04800076804 3.021382015391814e-08
61150.04800076804 1.0523083798444505e-08
61200.04800076804 4.7887474726547086e-08
61250.04800076804 6.588828673937898e-08
61300.04800076804 5.974715079801457e-08
61350.04800076804 8.429572511340086e-08
61400.04800076804 3.796846826643917e-08
61450.04800076804 1.542726380258596e-08
61500.04800076804 2.4926406761506335e-08
61550.04800076804 3.35078284530258e-08
61600.04800076804 1.7151107782827397e-08
61650.04800076804 3.6964560800043555e-08
61700.04800076804 3.430616962680543e-08
61750.04800076804 3.9383650181806415e-08
61800.04800076804 3.9059767457227275e-08
61850.04800076804 1.6202506457565402e-08
61900.04800076804 5.931662134328142e-08
61950.04800076804 5.773346028180612e-08
62000.04800076804 7.212565772225183e-08
62050.04800076804 6.126847566684052e-08
62100.04800076804 5.163597634339394e-08
62150.04800076804 7.068241060673913e-08
62200.04800076804 5.98636618355284e-08
62250.04800076804 5.266265326669461e-08
62300.04800076804 9.941268682670444e-08
62350.04800076804 7.43106865389741e-08
62400.04800076804 3.0846659270389333e-08
62450.04800076804 5.3080492290398735e-08
62500.04800076804 9.157701989251305e-08
62550.04800076804 8.381774606521957e-08
62600.04800076804 9.080267210217079e-08
62650.04800076804 6.446972137193332e-08
62700.04800076804 6.360762883909746e-08
62750.04800076804 8.866223436273157e-08
62800.04800076804 4.9581750164381924e-08
62850.04800076804 7.848317310942089e-08
62900.04800076804 5.170364916074471e-08
62950.04800076804 9.228922681403123e-08
63000.04800076804 6.816910246974279e-08
63050.04800076804 1.0852461039240402e-07
63100.04800076804 9.935362972691032e-08
63150.04800076804 7.19093209074933e-08
63200.04800076804 8.652092534192248e-08
63250.04800076804 6.241806922389705e-08
63300.04800076804 7.271783960984439e-08
63350.04800076804 6.610292977615541e-08
63400.04800076804 2.9241248196541283e-08
63450.04800076804 1.7924777451966707e-08
