galfind/configs/Brown_Dwarf_templates/sonora_cholla/logkzz4/100g/750K_100g_logkzz4_resample.dat
# %ECSV 1.0
# ---
# datatype:
# - {name: wav, unit: Angstrom, datatype: float64}
# - {name: flux_nu, unit: erg / (cm2 Hz s), datatype: float64}
# schema: astropy-2.0
wav flux_nu
[from data line 418]
23900.04800076804 1.7821534818116487e-09
23950.04800076804 1.6449229865589396e-09
24000.04800076804 2.3168752200216616e-09
24050.04800076804 3.0352907915335066e-09
24100.04800076804 2.402479841839358e-09
24150.04800076804 2.9590140064817026e-09
24200.04800076804 2.767884603206748e-09
24250.04800076804 1.8604772783624004e-09
24300.04800076804 3.221932703671912e-09
24350.04800076804 2.389408662233314e-09
24400.04800076804 4.540791055555256e-09
24450.04800076804 4.03947395623683e-09
24500.04800076804 4.550184107993605e-09
24550.04800076804 5.596820810510196e-09
24600.04800076804 6.66246932712576e-09
24650.04800076804 7.412946825053165e-09
24700.04800076804 5.707781556890757e-09
24750.04800076804 5.795153444712503e-09
24800.04800076804 6.014386535867316e-09
24850.04800076804 9.107373487998989e-09
24900.04800076804 4.342644562572382e-09
24950.04800076804 7.46355091274129e-09
25000.04800076804 8.151604437025438e-09
25050.04800076804 5.1236503218681626e-09
25100.04800076804 6.9515623585517326e-09
25150.04800076804 3.7072452458329504e-09
25200.04800076804 5.6651217130602154e-09
25250.04800076804 2.6381065179620705e-09
25300.04800076804 4.402290211323255e-09
25350.04800076804 1.8844576025182695e-09
25400.04800076804 4.495890683505487e-09
25450.04800076804 2.178784891020781e-09
25500.04800076804 1.912838127100498e-09
25550.04800076804 3.123407391758345e-09
25600.04800076804 1.2351851502216752e-09
25650.04800076804 1.168777480775591e-09
25700.04800076804 2.117497295207138e-09
25750.04800076804 8.472578727751647e-10
25800.04800076804 2.7117066043110156e-09
25850.04800076804 7.695045984274601e-10
25900.04800076804 1.1748689768796895e-09
25950.04800076804 5.077835356831556e-10
26000.04800076804 2.5539653276382274e-09
26050.04800076804 7.491573656255445e-10
26100.04800076804 2.33455737337304e-09
26150.04800076804 1.4631121657521e-09
26200.04800076804 1.6615104824376802e-09
26250.04800076804 5.0125015378577156e-09
26300.04800076804 2.0536979185309958e-09
26350.04800076804 5.802929489874566e-09
26400.04800076804 7.596434180089688e-09
26450.04800076804 6.865868097435246e-09
26500.04800076804 7.68862353779555e-09
26550.04800076804 3.1896494688261058e-09
26600.04800076804 3.382049199822869e-09
26650.04800076804 1.074001459793426e-09
26700.04800076804 4.997286440630227e-10
26750.04800076804 7.052244804622435e-10
26800.04800076804 1.3003724254149494e-09
26850.04800076804 7.678990819914502e-10
26900.04800076804 2.6146841959198084e-09
26950.04800076804 1.0315980679615713e-09
27000.04800076804 3.758325586635727e-09
27050.04800076804 3.5753156369862225e-09
27100.04800076804 1.4963087290056595e-09
27150.04800076804 5.013752301402852e-09
27200.04800076804 1.3376563467336869e-09
27250.04800076804 2.708153353340999e-09
27300.04800076804 1.1796540810560122e-08
27350.04800076804 5.734911267057489e-09
27400.04800076804 6.507197283596552e-10
27450.04800076804 7.557035186950207e-09
27500.04800076804 9.173420584514248e-09
27550.04800076804 2.2660812124745624e-09
27600.04800076804 5.243365307739034e-09
27650.04800076804 1.7486827417407799e-09
27700.04800076804 1.3471664379196266e-09
27750.04800076804 5.8932725514925e-09
27800.04800076804 2.273872685631889e-09
27850.04800076804 2.877702059803487e-09
27900.04800076804 3.908957105924153e-09
27950.04800076804 6.959929246937526e-09
28000.04800076804 5.9588517610032215e-09
28050.04800076804 1.598079698361989e-09
28100.04800076804 9.120436334897666e-09
28150.04800076804 5.384835362539054e-09
28200.04800076804 1.600885340306711e-09
28250.04800076804 9.63466687620251e-09
28300.04800076804 1.4058668120636846e-08
28350.04800076804 2.515796532397154e-09
28400.04800076804 7.6166650734403e-09
28450.04800076804 1.236366499261851e-08
28500.04800076804 7.293742303288213e-09
28550.04800076804 2.039804219246666e-09
28600.04800076804 1.0770388733871317e-08
28650.04800076804 1.0663982633796889e-08
28700.04800076804 8.832417333855217e-09
28750.04800076804 1.5687573807227425e-08
28800.04800076804 1.2947819050180496e-08
28850.04800076804 1.635458299409057e-08
28900.04800076804 6.789988238002624e-09
28950.04800076804 2.1006595063971774e-08
29000.04800076804 1.2329790710342758e-08
29050.04800076804 1.52077509009606e-08
29100.04800076804 9.59909081606968e-09
29150.04800076804 2.3068271169672166e-08
29200.04800076804 1.3985668863839661e-08
29250.04800076804 2.0475207791996127e-08
29300.04800076804 1.1931098977727012e-08
29350.04800076804 4.868933546351377e-08
29400.04800076804 1.635943049828008e-08
29450.04800076804 1.9729933628283675e-08
29500.04800076804 2.606323359490343e-08
29550.04800076804 1.8090583542410226e-08
29600.04800076804 2.8196124143964505e-08
29650.04800076804 2.9111905890534848e-08
29700.04800076804 1.6721354543510395e-08
29750.04800076804 2.5504973472053536e-08
29800.04800076804 2.9400338901265777e-08
29850.04800076804 3.700811672864302e-08
29900.04800076804 3.671135543174724e-08
29950.04800076804 2.7307144906473137e-08
30000.04800076804 1.7568515646093754e-08
30050.04800076804 1.9224846875415475e-08
30100.04800076804 2.8556034893331687e-08
30150.04800076804 3.6722126756717196e-08
30200.04800076804 2.4918394295988177e-08
30250.04800076804 4.4876441943711596e-08
30300.04800076804 3.809045567485413e-08
30350.04800076804 2.8981692143410016e-08
30400.04800076804 3.9699940737090233e-08
30450.04800076804 2.913595462651541e-08
30500.04800076804 2.6633287942821656e-08
30550.04800076804 2.427571840768165e-08
30600.04800076804 3.630264348093707e-08
30650.04800076804 2.9466121736304952e-08
30700.04800076804 2.4072054547758975e-08
30750.04800076804 2.5023351995450068e-08
30800.04800076804 2.0944433369300453e-08
30850.04800076804 2.3014453045601358e-08
30900.04800076804 2.1206785156215388e-08
30950.04800076804 1.3175050148596269e-08
31000.04800076804 1.741326547009925e-08
31050.04800076804 1.6619139637697608e-08
31100.04800076804 1.0586400014618027e-08
31150.04800076804 1.4096020773165694e-08
31200.04800076804 1.593739524977902e-08
31250.04800076804 1.0478064847496258e-08
31300.04800076804 9.32312734658452e-09
31350.04800076804 1.0381430694476729e-08
31400.04800076804 5.863595092937937e-09
31450.04800076804 1.0241008092966227e-08
31500.04800076804 5.409608939813195e-09
31550.04800076804 7.393792767645274e-09
31600.04800076804 4.473823823782597e-09
31650.04800076804 4.636534720464731e-09
31700.04800076804 5.7075467685377545e-09
31750.04800076804 2.6375356764738653e-09
31800.04800076804 5.476964116880201e-09
31850.04800076804 2.9234779122268876e-09
31900.04800076804 3.9907805424565515e-09
31950.04800076804 2.8931219145010943e-09
32000.04800076804 3.2693771066492016e-09
32050.04800076804 2.3236321029520633e-09
32100.04800076804 2.1131878686140345e-09
32150.04800076804 2.9440283297251556e-09
32200.04800076804 1.799105560232296e-09
32250.04800076804 4.3473839079373265e-09
32300.04800076804 1.4283375557186126e-09
32350.04800076804 4.520700085605064e-09
32400.04800076804 1.8991031666835906e-09
32450.04800076804 3.2461730280622387e-09
32500.04800076804 2.273698206777491e-09
32550.04800076804 3.4735256002512312e-09
32600.04800076804 2.96135915719165e-09
32650.04800076804 5.367136908187837e-09
32700.04800076804 3.7845017803476086e-09
32750.04800076804 7.1077071768487904e-09
32800.04800076804 4.830717878732115e-09
32850.04800076804 9.001887248102985e-09
32900.04800076804 8.456888037727195e-09
32950.04800076804 1.003336411574658e-08
33000.04800076804 6.632318757436047e-09
33050.04800076804 7.348216680119008e-09
33100.04800076804 2.761163916234341e-09
33150.04800076804 8.637431407093737e-11
33200.04800076804 2.4566515513411355e-10
33250.04800076804 1.6394304917369516e-10
33300.04800076804 3.2312840138080873e-10
33350.04800076804 1.031926298449377e-09
33400.04800076804 2.0795925779606492e-09
33450.04800076804 2.4064278796400635e-09
33500.04800076804 4.724279760362343e-09
33550.04800076804 3.413574087199543e-09
33600.04800076804 5.3872078574900276e-09
33650.04800076804 4.4387753886650825e-09
33700.04800076804 3.581793377022489e-09
33750.04800076804 6.465844319126103e-09
33800.04800076804 2.576621367933157e-09
33850.04800076804 4.697586771551284e-09
33900.04800076804 4.729061698118881e-09
33950.04800076804 4.690410299075221e-09
34000.04800076804 6.892482470705405e-09
34050.04800076804 2.1356690985565827e-09
34100.04800076804 5.9848817922344945e-09
34150.04800076804 3.6181051520081668e-09
34200.04800076804 5.505035674408338e-09
34250.04800076804 4.092044178767655e-09
34300.04800076804 3.803369893078145e-09
34350.04800076804 6.1998892733520486e-09
34400.04800076804 3.824873199619451e-09
34450.04800076804 6.982469125745901e-09
34500.04800076804 3.868049204570368e-09
34550.04800076804 3.001258204491991e-09
34600.04800076804 7.810619716277936e-09
34650.04800076804 3.0596424958591214e-09
34700.04800076804 4.472567591909511e-09
34750.04800076804 4.029066516143466e-09
34800.04800076804 3.352730861882962e-09
34850.04800076804 6.182087845922476e-09
34900.04800076804 5.63888773552234e-09
34950.04800076804 5.130168454175359e-09
35000.04800076804 8.930953799908128e-09
35050.04800076804 5.788277612759439e-09
35100.04800076804 9.647623559687195e-09
35150.04800076804 8.336598314089511e-09
35200.04800076804 1.1133313632612286e-08
35250.04800076804 1.1072406754515327e-08
35300.04800076804 7.558877262485982e-09
35350.04800076804 1.181748856046534e-08
35400.04800076804 1.0597691244627384e-08
35450.04800076804 8.976700771808966e-09
35500.04800076804 2.0293710376570096e-08
35550.04800076804 1.2847293572727877e-08
35600.04800076804 1.494567839501698e-08
35650.04800076804 1.4955503147818604e-08
35700.04800076804 1.0354820949563373e-08
35750.04800076804 2.2890854436292337e-08
35800.04800076804 1.563896241429508e-08
35850.04800076804 9.996155478141258e-09
35900.04800076804 1.721700672318787e-08
35950.04800076804 1.643941159073706e-08
36000.04800076804 8.757979877511656e-09
36050.04800076804 1.5336364178534395e-08
36100.04800076804 1.4609180556708282e-08
36150.04800076804 1.8690653121220474e-08
36200.04800076804 1.6425635008210473e-08
36250.04800076804 2.0067329046490528e-08
36300.04800076804 2.2241715459222883e-08
36350.04800076804 1.966398781156468e-08
36400.04800076804 3.0574332580768166e-08
36450.04800076804 2.693793388365677e-08
36500.04800076804 2.9040658096244958e-08
36550.04800076804 3.387268543598409e-08
36600.04800076804 3.926946545888088e-08
36650.04800076804 3.869377562626762e-08
36700.04800076804 4.4265499961013105e-08
36750.04800076804 4.5448343857576335e-08
36800.04800076804 4.0751271340754257e-08
36850.04800076804 3.248378851728416e-08
36900.04800076804 4.1345681573520304e-08
36950.04800076804 4.225734747161993e-08
37000.04800076804 4.050614839991402e-08
37050.04800076804 4.7884737716715897e-08
37100.04800076804 5.0593843893198145e-08
37150.04800076804 4.9733490229533055e-08
37200.04800076804 4.546577992578519e-08
37250.04800076804 3.996398453710935e-08
37300.04800076804 4.0865693569397763e-08
37350.04800076804 5.43206553536399e-08
37400.04800076804 6.06605596442211e-08
37450.04800076804 4.949669034513676e-08
37500.04800076804 4.454467923419547e-08
37550.04800076804 7.058801691852855e-08
37600.04800076804 8.39999743077695e-08
37650.04800076804 5.519816022439647e-08
37700.04800076804 6.657411789576754e-08
37750.04800076804 4.733756404091118e-08
37800.04800076804 5.4175423192036894e-08
37850.04800076804 4.2702738441319456e-08
37900.04800076804 5.19434061969623e-08
37950.04800076804 6.609377742592232e-08
38000.04800076804 8.279566283977831e-08
38050.04800076804 7.780985922306966e-08
38100.04800076804 8.209271140051741e-08
38150.04800076804 8.820671075866124e-08
38200.04800076804 9.203874835948917e-08
38250.04800076804 8.92526554552665e-08
38300.04800076804 1.2720263052711396e-07
38350.04800076804 1.193636818579306e-07
38400.04800076804 7.196540980923636e-08
38450.04800076804 6.92140845395798e-08
38500.04800076804 4.395330188099834e-08
38550.04800076804 6.70725741415229e-08
38600.04800076804 7.699541188934607e-08
38650.04800076804 1.094434331255412e-07
38700.04800076804 9.496606221721124e-08
38750.04800076804 9.980960907679216e-08
38800.04800076804 7.53068504962087e-08
38850.04800076804 1.1702537432145208e-07
38900.04800076804 1.1901658996057679e-07
38950.04800076804 9.016571497289767e-08
39000.04800076804 1.343641393958082e-07
39050.04800076804 1.0192743784062033e-07
39100.04800076804 1.2486348477744337e-07
39150.04800076804 1.1003676015522584e-07
39200.04800076804 9.588042992503897e-08
39250.04800076804 1.2951986766416415e-07
39300.04800076804 1.231602423006938e-07
39350.04800076804 1.7275933151718395e-07
39400.04800076804 1.3970456202126216e-07
39450.04800076804 1.4495956482044583e-07
39500.04800076804 1.3565173592479877e-07
39550.04800076804 1.2774620181770377e-07
39600.04800076804 1.5064799509879233e-07
39650.04800076804 1.8927343545340548e-07
39700.04800076804 1.3689027213515058e-07
39750.04800076804 9.934288485165103e-08
39800.04800076804 1.3368476204381035e-07
39850.04800076804 1.688403061133223e-07
39900.04800076804 1.744824203211376e-07
39950.04800076804 1.5812954083933448e-07
40000.04800076804 1.9724045744870514e-07
40050.04800076804 1.778464277242655e-07
40100.04800076804 1.1890765859504267e-07
40150.04800076804 2.046657396947038e-07
40200.04800076804 1.993925099286817e-07
40250.04800076804 1.906261848202259e-07
40300.04800076804 2.1334363530372786e-07
40350.04800076804 1.507805696424416e-07
40400.04800076804 2.025844736969039e-07
40450.04800076804 1.691628215800257e-07
40500.04800076804 2.2295803491174554e-07
40550.04800076804 2.1393557931209998e-07
40600.04800076804 2.0015927803262434e-07
40650.04800076804 2.018161375615879e-07
40700.04800076804 2.8418205970002455e-07
40750.04800076804 2.3968259877856657e-07
40800.04800076804 1.7611438698472674e-07
40850.04800076804 2.774240867197394e-07
40900.04800076804 2.3203287730137731e-07
40950.04800076804 1.9680453659481608e-07
41000.04800076804 2.3095113532073617e-07
41050.04800076804 2.851714548726663e-07
41100.04800076804 1.823871476274886e-07
41150.04800076804 1.6029194498606872e-07
41200.04800076804 2.924220182865772e-07
41250.04800076804 2.481777700293306e-07
41300.04800076804 2.09905445271486e-07
41350.04800076804 3.0194839951470125e-07
41400.04800076804 2.564192449935025e-07
41450.04800076804 2.832424830795347e-07
41500.04800076804 2.1525841733769487e-07
41550.04800076804 2.054234767414531e-07
41600.04800076804 2.727583098161648e-07
41650.04800076804 2.62617290143445e-07
41700.04800076804 2.435821337879194e-07
41750.04800076804 2.254701817206819e-07
41800.04800076804 3.1044389797952687e-07
41850.04800076804 1.864483465175974e-07
41900.04800076804 2.1717037269972683e-07
41950.04800076804 2.3839438020403834e-07
42000.04800076804 2.780596159072628e-07
42050.04800076804 2.427968940992172e-07
42100.04800076804 2.946327514478369e-07
42150.04800076804 2.1914867534179885e-07
42200.04800076804 2.479382780577502e-07
42250.04800076804 2.1588904252918272e-07
42300.04800076804 2.2363132650985594e-07
42350.04800076804 2.5587510128377716e-07
42400.04800076804 2.2517162349382485e-07
42450.04800076804 2.297996079916397e-07
42500.04800076804 2.1827591559037034e-07
42550.04800076804 2.115244833690752e-07
42600.04800076804 2.2117402338470095e-07
42650.04800076804 3.231399770185639e-07
42700.04800076804 1.9412380865702299e-07
42750.04800076804 2.105595373495205e-07
42800.04800076804 1.9168945361730498e-07
42850.04800076804 2.429417706369783e-07
42900.04800076804 2.6787855869204466e-07
42950.04800076804 1.9803710276979184e-07
43000.04800076804 2.778770592790787e-07
43050.04800076804 1.4070756638256368e-07
43100.04800076804 1.9745052779706713e-07
43150.04800076804 2.3272936732790927e-07
43200.04800076804 2.551955574601431e-07
43250.04800076804 3.0058750576649274e-07
43300.04800076804 3.2580861142357097e-07
43350.04800076804 1.917228320042581e-07
43400.04800076804 2.48810021485633e-07
43450.04800076804 1.6682364534185797e-07
43500.04800076804 1.81568058922306e-07
43550.04800076804 1.933688000688389e-07
43600.04800076804 2.562677831218663e-07
