galfind/configs/Brown_Dwarf_templates/sonora_cholla/logkzz4/100g/800K_100g_logkzz4_resample.dat
# %ECSV 1.0
# ---
# datatype:
# - {name: wav, unit: Angstrom, datatype: float64}
# - {name: flux_nu, unit: erg / (cm2 Hz s), datatype: float64}
# schema: astropy-2.0
wav flux_nu
[from data line 417]
23850.04800076804 1.571598735763977e-09
23900.04800076804 3.0632516464475197e-09
23950.04800076804 2.9332874300987578e-09
24000.04800076804 3.957698569090421e-09
24050.04800076804 5.2236471039112525e-09
24100.04800076804 4.071043639689193e-09
24150.04800076804 4.887320735276622e-09
24200.04800076804 4.718786425858115e-09
24250.04800076804 3.2014885891361927e-09
24300.04800076804 5.2331700134205265e-09
24350.04800076804 4.024217243570964e-09
24400.04800076804 7.335109736183255e-09
24450.04800076804 6.370194879022155e-09
24500.04800076804 7.383520666076848e-09
24550.04800076804 8.65613765785572e-09
24600.04800076804 1.0254396175083164e-08
24650.04800076804 1.1376882815567803e-08
24700.04800076804 8.914633077588254e-09
24750.04800076804 8.731212155492742e-09
24800.04800076804 9.421249938905255e-09
24850.04800076804 1.4001386463321036e-08
24900.04800076804 7.008528039064748e-09
24950.04800076804 1.1660732196616406e-08
25000.04800076804 1.2871317867040936e-08
25050.04800076804 8.362484307260622e-09
25100.04800076804 1.1035195543835497e-08
25150.04800076804 6.138605782154523e-09
25200.04800076804 9.371702054260398e-09
25250.04800076804 4.630176272487279e-09
25300.04800076804 7.763676408305057e-09
25350.04800076804 3.4104460543177913e-09
25400.04800076804 7.742569484748524e-09
25450.04800076804 4.018456789022658e-09
25500.04800076804 3.639891134441945e-09
25550.04800076804 5.5317590293855255e-09
25600.04800076804 2.3770748852014976e-09
25650.04800076804 2.2949772878027767e-09
25700.04800076804 4.339535105639785e-09
25750.04800076804 1.808108580998003e-09
25800.04800076804 5.106274480012927e-09
25850.04800076804 1.6569271186709509e-09
25900.04800076804 2.4236176757104055e-09
25950.04800076804 1.1887745617721404e-09
26000.04800076804 4.886159566604065e-09
26050.04800076804 1.7340731165962833e-09
26100.04800076804 4.668646755266101e-09
26150.04800076804 3.1165523041835436e-09
26200.04800076804 3.6110228040731203e-09
26250.04800076804 8.86138285021051e-09
26300.04800076804 4.122810823966791e-09
26350.04800076804 1.0163216895032669e-08
26400.04800076804 1.279321454815723e-08
26450.04800076804 1.2100656536939506e-08
26500.04800076804 1.2372119599159209e-08
26550.04800076804 6.265783059412904e-09
26600.04800076804 6.721329202620609e-09
26650.04800076804 2.411958707192907e-09
26700.04800076804 1.1973306409062684e-09
26750.04800076804 1.5511137521954145e-09
26800.04800076804 2.7547144390010614e-09
26850.04800076804 1.5846399979471352e-09
26900.04800076804 4.925910193765827e-09
26950.04800076804 2.0696388559044317e-09
27000.04800076804 6.807804896724692e-09
27050.04800076804 6.348113792101941e-09
27100.04800076804 3.1163905089925575e-09
27150.04800076804 8.924706130185734e-09
27200.04800076804 2.846753223219463e-09
27250.04800076804 5.182058349313988e-09
27300.04800076804 1.9588595937724743e-08
27350.04800076804 1.0373280898771443e-08
27400.04800076804 1.4522256300193387e-09
27450.04800076804 1.3601703313924833e-08
27500.04800076804 1.5655117729090205e-08
27550.04800076804 4.6278249253778836e-09
27600.04800076804 1.0062862385905898e-08
27650.04800076804 3.564784371153057e-09
27700.04800076804 2.7452167411707142e-09
27750.04800076804 1.0866727222709964e-08
27800.04800076804 4.414600416345154e-09
27850.04800076804 5.4210743251044004e-09
27900.04800076804 7.32461718675777e-09
27950.04800076804 1.179541658667999e-08
28000.04800076804 1.0628443533594015e-08
28050.04800076804 3.1372761940101608e-09
28100.04800076804 1.5640820037580876e-08
28150.04800076804 9.472034427024134e-09
28200.04800076804 3.0011296709448486e-09
28250.04800076804 1.6266826457420576e-08
28300.04800076804 2.3501417269385393e-08
28350.04800076804 4.576555298341128e-09
28400.04800076804 1.299613157061277e-08
28450.04800076804 1.9448765341233743e-08
28500.04800076804 1.2433688527524469e-08
28550.04800076804 3.735676540306313e-09
28600.04800076804 1.7680932610489265e-08
28650.04800076804 1.7433838124761022e-08
28700.04800076804 1.443762050433025e-08
28750.04800076804 2.4283066557911265e-08
28800.04800076804 2.0153778702397405e-08
28850.04800076804 2.600059473590474e-08
28900.04800076804 1.0740507938191053e-08
28950.04800076804 3.1607956704195995e-08
29000.04800076804 1.897035687670354e-08
29050.04800076804 2.3589092420995727e-08
29100.04800076804 1.4249446861450904e-08
29150.04800076804 3.445951775562301e-08
29200.04800076804 2.106137601041767e-08
29250.04800076804 3.103806134141349e-08
29300.04800076804 1.8079449047373845e-08
29350.04800076804 6.881593322511532e-08
29400.04800076804 2.6560192140976712e-08
29450.04800076804 3.045409090767953e-08
29500.04800076804 3.767835957926418e-08
29550.04800076804 2.765195679668105e-08
29600.04800076804 4.202306015032155e-08
29650.04800076804 4.087957933553445e-08
29700.04800076804 2.6139160857899395e-08
29750.04800076804 3.76007211844486e-08
29800.04800076804 4.430349715954607e-08
29850.04800076804 5.242793998107691e-08
29900.04800076804 5.1130398920211594e-08
29950.04800076804 3.8913850632874416e-08
30000.04800076804 3.013578700731219e-08
30050.04800076804 2.988008198866225e-08
30100.04800076804 4.187082014673449e-08
30150.04800076804 5.2740765270957955e-08
30200.04800076804 3.69084093202324e-08
30250.04800076804 6.062796899587946e-08
30300.04800076804 5.12959708463765e-08
30350.04800076804 4.085174111555872e-08
30400.04800076804 5.306810245568003e-08
30450.04800076804 3.9815356403385164e-08
30500.04800076804 3.683864846955054e-08
30550.04800076804 3.508714799541635e-08
30600.04800076804 4.724566906031057e-08
30650.04800076804 3.941530052455548e-08
30700.04800076804 3.294441922687895e-08
30750.04800076804 3.2360184257855734e-08
30800.04800076804 2.8912241352185343e-08
30850.04800076804 2.998493906800443e-08
30900.04800076804 2.8161390650538415e-08
30950.04800076804 1.8569267281334765e-08
31000.04800076804 2.299082495310398e-08
31050.04800076804 2.2407810675028015e-08
31100.04800076804 1.4399200485014387e-08
31150.04800076804 1.8972403091410385e-08
31200.04800076804 2.047098781608171e-08
31250.04800076804 1.4141655205849439e-08
31300.04800076804 1.2857820509912013e-08
31350.04800076804 1.3820704945773881e-08
31400.04800076804 7.886088654060247e-09
31450.04800076804 1.3945819807140572e-08
31500.04800076804 7.662857803685134e-09
31550.04800076804 1.063454914528135e-08
31600.04800076804 6.462642342192808e-09
31650.04800076804 6.793796533969677e-09
31700.04800076804 8.181034903837592e-09
31750.04800076804 4.128521001135094e-09
31800.04800076804 7.744436710469044e-09
31850.04800076804 4.816720666154717e-09
31900.04800076804 5.890618692435467e-09
31950.04800076804 4.610405375571158e-09
32000.04800076804 5.233454117281956e-09
32050.04800076804 3.581321480787741e-09
32100.04800076804 3.412848202097925e-09
32150.04800076804 4.632795709494785e-09
32200.04800076804 2.980446263907317e-09
32250.04800076804 6.608316184264774e-09
32300.04800076804 2.3584222396417727e-09
32350.04800076804 6.889265118667315e-09
32400.04800076804 3.3207512011088345e-09
32450.04800076804 5.244807400265363e-09
32500.04800076804 3.758737038392771e-09
32550.04800076804 5.497124768154885e-09
32600.04800076804 5.004440820953485e-09
32650.04800076804 8.312858900920385e-09
32700.04800076804 6.144967266986921e-09
32750.04800076804 1.0449474849766487e-08
32800.04800076804 7.114608534883415e-09
32850.04800076804 1.2673435747826963e-08
32900.04800076804 1.2152201731290874e-08
32950.04800076804 1.4250643645660089e-08
33000.04800076804 1.017789991359067e-08
33050.04800076804 1.0924865491759617e-08
33100.04800076804 4.2706065373265244e-09
33150.04800076804 2.435667670210576e-10
33200.04800076804 5.175485873511616e-10
33250.04800076804 3.005421022720484e-10
33300.04800076804 5.192668387946598e-10
33350.04800076804 1.519755211971913e-09
33400.04800076804 2.8749013929979985e-09
33450.04800076804 3.607336728407804e-09
33500.04800076804 6.3015214005267374e-09
33550.04800076804 5.028238549115794e-09
33600.04800076804 8.096228564011488e-09
33650.04800076804 6.78263189690989e-09
33700.04800076804 5.7072552105425605e-09
33750.04800076804 9.40219020129288e-09
33800.04800076804 4.46004739960242e-09
33850.04800076804 7.337796655949365e-09
33900.04800076804 7.193828875670702e-09
33950.04800076804 7.311596669027918e-09
34000.04800076804 1.0156634665669535e-08
34050.04800076804 3.4569373082155887e-09
34100.04800076804 9.040047733780103e-09
34150.04800076804 5.7936812862535716e-09
34200.04800076804 8.340198069030077e-09
34250.04800076804 6.186655986477671e-09
34300.04800076804 5.686516685303006e-09
34350.04800076804 8.87933189118266e-09
34400.04800076804 5.961784443013173e-09
34450.04800076804 1.0239169611075868e-08
34500.04800076804 6.029853460247673e-09
34550.04800076804 4.709426926715044e-09
34600.04800076804 1.0960613440633877e-08
34650.04800076804 4.888025800929445e-09
34700.04800076804 6.6366894390538854e-09
34750.04800076804 5.9254215061241835e-09
34800.04800076804 4.908470967161834e-09
34850.04800076804 8.483751095174634e-09
34900.04800076804 8.616979147634776e-09
34950.04800076804 7.505926929183828e-09
35000.04800076804 1.2003075804437734e-08
35050.04800076804 8.320471769119918e-09
35100.04800076804 1.3051981354541625e-08
35150.04800076804 1.1514959989687327e-08
35200.04800076804 1.585419688399647e-08
35250.04800076804 1.5054204641600398e-08
35300.04800076804 1.0532443125354542e-08
35350.04800076804 1.6209028693750734e-08
35400.04800076804 1.5026787674691218e-08
35450.04800076804 1.3000768461210979e-08
35500.04800076804 2.65530593852436e-08
35550.04800076804 1.7988024125736896e-08
35600.04800076804 2.0331544549205337e-08
35650.04800076804 1.9946904869426132e-08
35700.04800076804 1.3929906304830526e-08
35750.04800076804 2.998083766304917e-08
35800.04800076804 2.1359642725530947e-08
35850.04800076804 1.4223304749015964e-08
35900.04800076804 2.391946812293836e-08
35950.04800076804 2.2577233762758485e-08
36000.04800076804 1.2525470953115331e-08
36050.04800076804 2.13373559554882e-08
36100.04800076804 2.0755352801850512e-08
36150.04800076804 2.4290549801548397e-08
36200.04800076804 2.1852479022802547e-08
36250.04800076804 2.7042891730957618e-08
36300.04800076804 2.8818733769470034e-08
36350.04800076804 2.7031419157249728e-08
36400.04800076804 3.980775766373561e-08
36450.04800076804 3.6004502194910815e-08
36500.04800076804 3.885151390027961e-08
36550.04800076804 4.249766630754966e-08
36600.04800076804 5.066046884266183e-08
36650.04800076804 5.034530128992424e-08
36700.04800076804 5.787670173166141e-08
36750.04800076804 5.868779456427291e-08
36800.04800076804 5.273870459522184e-08
36850.04800076804 4.4598336623667316e-08
36900.04800076804 5.39844344692686e-08
36950.04800076804 5.5503829554862174e-08
37000.04800076804 5.396734560092232e-08
37050.04800076804 6.161252609199296e-08
37100.04800076804 6.718846137859825e-08
37150.04800076804 6.58583356268303e-08
37200.04800076804 5.957632216153765e-08
37250.04800076804 5.292023620364979e-08
37300.04800076804 5.4712386553928066e-08
37350.04800076804 7.057713157782902e-08
37400.04800076804 7.752290036086755e-08
37450.04800076804 6.82292462055037e-08
37500.04800076804 5.7412780890744515e-08
37550.04800076804 9.05835228053671e-08
37600.04800076804 1.0469680309268945e-07
37650.04800076804 7.193271519251559e-08
37700.04800076804 8.340038321434503e-08
37750.04800076804 6.154045401733985e-08
37800.04800076804 6.982459336735354e-08
37850.04800076804 5.804803150163156e-08
37900.04800076804 6.843045321759073e-08
37950.04800076804 8.452322400066075e-08
38000.04800076804 1.064660366479591e-07
38050.04800076804 9.66782307765053e-08
38100.04800076804 1.020208724339656e-07
38150.04800076804 1.1111739321979124e-07
38200.04800076804 1.1581166902951187e-07
38250.04800076804 1.1270752459125626e-07
38300.04800076804 1.546227249246027e-07
38350.04800076804 1.481043427203482e-07
38400.04800076804 9.215348173310833e-08
38450.04800076804 9.181062729844363e-08
38500.04800076804 6.209812749299132e-08
38550.04800076804 8.766860557580098e-08
38600.04800076804 9.896559717021038e-08
38650.04800076804 1.406192877474364e-07
38700.04800076804 1.209874891792613e-07
38750.04800076804 1.2596806959162948e-07
38800.04800076804 9.750302054184756e-08
38850.04800076804 1.4772604932818972e-07
38900.04800076804 1.4943924586483894e-07
38950.04800076804 1.1770133713480419e-07
39000.04800076804 1.6815632008022983e-07
39050.04800076804 1.305460012158433e-07
39100.04800076804 1.566038922733012e-07
39150.04800076804 1.3809927702199376e-07
39200.04800076804 1.237128644011918e-07
39250.04800076804 1.621592796364468e-07
39300.04800076804 1.556487191632031e-07
39350.04800076804 2.1209407542253969e-07
39400.04800076804 1.7779745980746493e-07
39450.04800076804 1.8249508021397605e-07
39500.04800076804 1.65629904641828e-07
39550.04800076804 1.612953170646974e-07
39600.04800076804 1.8554036168954664e-07
39650.04800076804 2.308476024163741e-07
39700.04800076804 1.7070883366606854e-07
39750.04800076804 1.2797031454494998e-07
39800.04800076804 1.7084638960149554e-07
39850.04800076804 2.065999181760701e-07
39900.04800076804 2.1033294041348281e-07
39950.04800076804 1.9858557380631887e-07
40000.04800076804 2.4074015446782074e-07
40050.04800076804 2.187702096638717e-07
40100.04800076804 1.5411622160634698e-07
40150.04800076804 2.539681927412494e-07
40200.04800076804 2.450649682984989e-07
40250.04800076804 2.296240271669898e-07
40300.04800076804 2.591605308686771e-07
40350.04800076804 1.910116480128467e-07
40400.04800076804 2.461938115663891e-07
40450.04800076804 2.1681388769208528e-07
40500.04800076804 2.699035655774344e-07
40550.04800076804 2.595702113586648e-07
40600.04800076804 2.4634399804725165e-07
40650.04800076804 2.51779100238225e-07
40700.04800076804 3.384965122869413e-07
40750.04800076804 2.945989131788025e-07
40800.04800076804 2.209905269033281e-07
40850.04800076804 3.3028855818863724e-07
40900.04800076804 2.7476644812469e-07
40950.04800076804 2.4370308391331625e-07
41000.04800076804 2.809484548944379e-07
41050.04800076804 3.39924231945918e-07
41100.04800076804 2.211797145442968e-07
41150.04800076804 2.054409523355915e-07
41200.04800076804 3.483826645700251e-07
41250.04800076804 3.01522206737417e-07
41300.04800076804 2.527219952034617e-07
41350.04800076804 3.5867367669835745e-07
41400.04800076804 3.1059242221871897e-07
41450.04800076804 3.3847839530728497e-07
41500.04800076804 2.628519055163017e-07
41550.04800076804 2.556805612407242e-07
41600.04800076804 3.331350014221067e-07
41650.04800076804 3.1001270000896977e-07
41700.04800076804 2.9169573757714966e-07
41750.04800076804 2.69578415956203e-07
41800.04800076804 3.7038921877076895e-07
41850.04800076804 2.2273813051255003e-07
41900.04800076804 2.672575552857492e-07
41950.04800076804 2.855436306321512e-07
42000.04800076804 3.302249594786103e-07
42050.04800076804 2.922395300795691e-07
42100.04800076804 3.4738480136743567e-07
42150.04800076804 2.618562437166076e-07
42200.04800076804 2.9801978891054754e-07
42250.04800076804 2.6104685327090686e-07
42300.04800076804 2.73501755182475e-07
42350.04800076804 3.0675806714698706e-07
42400.04800076804 2.6127986209986015e-07
42450.04800076804 2.684482989395731e-07
42500.04800076804 2.5814383769269947e-07
42550.04800076804 2.522479992285774e-07
42600.04800076804 2.614282718310652e-07
42650.04800076804 3.758853872882207e-07
42700.04800076804 2.3746131759945525e-07
42750.04800076804 2.52287822162473e-07
42800.04800076804 2.24189911646683e-07
42850.04800076804 2.830495586991798e-07
42900.04800076804 3.1314409590846014e-07
42950.04800076804 2.337652109608714e-07
43000.04800076804 3.2812701030530855e-07
43050.04800076804 1.7496441409658232e-07
43100.04800076804 2.392141993865586e-07
43150.04800076804 2.836566063363832e-07
43200.04800076804 3.0252563941663476e-07
43250.04800076804 3.427861890718966e-07
43300.04800076804 3.7826203621181406e-07
43350.04800076804 2.3314030503499816e-07
43400.04800076804 2.957452866584426e-07
43450.04800076804 2.0228278434409093e-07
43500.04800076804 2.1471583098715713e-07
43550.04800076804 2.282909335946714e-07
43600.04800076804 3.0162897219514634e-07
