galfind/configs/Brown_Dwarf_templates/sonora_cholla/logkzz4/100g/800K_100g_logkzz4_resample.dat
# %ECSV 1.0
# ---
# datatype:
# - {name: wav, unit: Angstrom, datatype: float64}
# - {name: flux_nu, unit: erg / (cm2 Hz s), datatype: float64}
# schema: astropy-2.0
wav flux_nu
[from data line 814]
43700.04800076804 3.3093721677890866e-07
43750.04800076804 3.3009583787535716e-07
43800.04800076804 2.459379706072222e-07
43850.04800076804 2.628312012572504e-07
43900.04800076804 2.1489325280299335e-07
43950.04800076804 1.846325504938279e-07
44000.04800076804 1.3030038346777935e-07
44050.04800076804 2.277898002091066e-07
44100.04800076804 2.468088177118211e-07
44150.04800076804 2.427034291297032e-07
44200.04800076804 2.0418351159332003e-07
44250.04800076804 1.7175019410985364e-07
44300.04800076804 1.5809958680050527e-07
44350.04800076804 1.3484857944546484e-07
44400.04800076804 1.400803664092928e-07
44450.04800076804 1.4744095099303136e-07
44500.04800076804 1.1704984221170399e-07
44550.04800076804 1.404242809074213e-07
44600.04800076804 1.0886070605617365e-07
44650.04800076804 1.2619898050065638e-07
44700.04800076804 1.0886950038488584e-07
44750.04800076804 1.1610102588534209e-07
44800.04800076804 9.931002741690968e-08
44850.04800076804 9.757715674005354e-08
44900.04800076804 7.318475521494446e-08
44950.04800076804 7.045660304065062e-08
45000.04800076804 7.39388361223078e-08
45050.04800076804 7.771322863995722e-08
45100.04800076804 7.026508030838095e-08
45150.04800076804 6.29692651700716e-08
45200.04800076804 4.3263271223827323e-08
45250.04800076804 4.9281755190210045e-08
45300.04800076804 5.889007193411957e-08
45350.04800076804 5.6935677175706576e-08
45400.04800076804 4.0930122304361426e-08
45450.04800076804 4.031398037465325e-08
45500.04800076804 4.274992531283577e-08
45550.04800076804 5.240673177712761e-08
45600.04800076804 3.816600848249852e-08
45650.04800076804 3.749530919518211e-08
45700.04800076804 5.0000778856298496e-08
45750.04800076804 4.157855393408169e-08
45800.04800076804 3.241148319533037e-08
45850.04800076804 5.514645076556431e-08
45900.04800076804 5.42074936393159e-08
45950.04800076804 3.29365604594655e-08
46000.04800076804 4.9839400542867667e-08
46050.04800076804 5.580424404905893e-08
46100.04800076804 3.3598197276786605e-08
46150.04800076804 5.645537114982533e-08
46200.04800076804 5.350640617346436e-08
46250.04800076804 2.4016133515639e-08
46300.04800076804 6.499530792228879e-08
46350.04800076804 4.578640179562124e-08
46400.04800076804 5.422360773441528e-08
46450.04800076804 8.092532426417121e-08
46500.04800076804 5.2057341733110444e-08
46550.04800076804 8.234863186081926e-08
46600.04800076804 8.395364848500013e-08
46650.04800076804 1.5766679932430715e-07
46700.04800076804 1.0527137144602321e-07
46750.04800076804 7.504181159318675e-08
46800.04800076804 5.2133113213562954e-08
46850.04800076804 8.432860381157578e-08
46900.04800076804 6.907120250871482e-08
46950.04800076804 1.0229349830400532e-07
47000.04800076804 4.6836817313142114e-08
47050.04800076804 1.0351988763917481e-07
47100.04800076804 3.871313216679106e-08
47150.04800076804 5.647594585067427e-08
47200.04800076804 6.947756430902404e-08
47250.04800076804 4.315917361628175e-08
47300.04800076804 5.4983456650582406e-08
47350.04800076804 3.758282608741882e-08
47400.04800076804 8.163211773899081e-08
47450.04800076804 3.640072342796463e-08
47500.04800076804 9.181033559435797e-08
47550.04800076804 4.025210199487838e-08
47600.04800076804 8.553433711540172e-08
47650.04800076804 4.275707079099956e-08
47700.04800076804 8.125394560717898e-08
47750.04800076804 3.515281714720661e-08
47800.04800076804 7.311152824064583e-08
47850.04800076804 3.611724317810637e-08
47900.04800076804 6.339465242650715e-08
47950.04800076804 4.9267116871945064e-08
48000.04800076804 1.0267408745362517e-07
48050.04800076804 6.189270337071783e-08
48100.04800076804 8.458361941040752e-08
48150.04800076804 6.188994064714539e-08
48200.04800076804 9.560538884665158e-08
48250.04800076804 6.503799769383423e-08
48300.04800076804 1.2619427609465082e-07
48350.04800076804 6.081813951766825e-08
48400.04800076804 7.448307347934454e-08
48450.04800076804 5.7736237961052444e-08
48500.04800076804 1.1908788333148307e-07
48550.04800076804 5.262175268131212e-08
48600.04800076804 1.0652154683014257e-07
48650.04800076804 5.962449799209819e-08
48700.04800076804 1.2374541964979821e-07
48750.04800076804 6.745481308377323e-08
48800.04800076804 1.2062084271265942e-07
48850.04800076804 8.457517460014735e-08
48900.04800076804 1.2368249071581255e-07
48950.04800076804 1.087420103043377e-07
49000.04800076804 8.394564153931927e-08
49050.04800076804 1.2290567240333788e-07
49100.04800076804 8.116641306643911e-08
49150.04800076804 1.498328271566111e-07
49200.04800076804 9.163120797736598e-08
49250.04800076804 1.5596380881946536e-07
49300.04800076804 1.0244184507142099e-07
49350.04800076804 9.858259462382079e-08
49400.04800076804 1.2255240087821336e-07
49450.04800076804 1.2420276557584988e-07
49500.04800076804 1.0904557388680572e-07
49550.04800076804 5.243062654815282e-08
49600.04800076804 1.1639559745206839e-07
49650.04800076804 1.1122518097194896e-07
49700.04800076804 1.0072927666586567e-07
49750.04800076804 1.7709734404673654e-07
49800.04800076804 9.492497917016862e-08
49850.04800076804 2.0801836552228984e-07
49900.04800076804 1.4714049427248843e-07
49950.04800076804 1.6316233274126087e-07
50000.04800076804 1.7036687336783157e-07
50050.04800076804 1.699489040213497e-07
50100.04800076804 1.9253585759021204e-07
50150.04800076804 8.520808916369056e-08
50200.04800076804 4.778374037075797e-08
50250.04800076804 1.5026195162490148e-07
50300.04800076804 1.0684670261197149e-07
50350.04800076804 1.6259976730845757e-07
50400.04800076804 1.5132147215241034e-07
50450.04800076804 1.463157276806057e-07
50500.04800076804 1.9298937011097773e-07
50550.04800076804 1.5894408461935783e-07
50600.04800076804 1.7198567608558302e-07
50650.04800076804 1.66351924590997e-07
50700.04800076804 2.340277643348923e-07
50750.04800076804 2.0455425895699432e-07
50800.04800076804 8.646322864939863e-08
50850.04800076804 7.970887074933347e-08
50900.04800076804 1.9620071448387942e-07
50950.04800076804 1.9533398374360248e-07
51000.04800076804 1.568563881870379e-07
51050.04800076804 1.6651043029588925e-07
51100.04800076804 7.787109997631644e-08
51150.04800076804 1.2342513558815582e-07
51200.04800076804 2.2324605116147795e-07
51250.04800076804 1.7638676904852272e-07
51300.04800076804 1.1648266865193303e-07
51350.04800076804 1.5117936827873392e-07
51400.04800076804 8.670737807953415e-08
51450.04800076804 7.479787693782631e-08
51500.04800076804 6.728799719367106e-08
51550.04800076804 1.5724417040384052e-07
51600.04800076804 1.1282390408463601e-07
51650.04800076804 1.5964279420959236e-07
51700.04800076804 1.5836468601935087e-07
51750.04800076804 1.0335427047564894e-07
51800.04800076804 2.1251067192244317e-07
51850.04800076804 1.6717599656557708e-07
51900.04800076804 2.210200160773042e-07
51950.04800076804 1.616375766380516e-07
52000.04800076804 3.887364550733537e-08
52050.04800076804 9.942927205609295e-08
52100.04800076804 8.270080994701292e-08
52150.04800076804 5.879220251658008e-08
52200.04800076804 7.088958977055699e-08
52250.04800076804 1.1397396834161322e-07
52300.04800076804 1.924403165772063e-07
52350.04800076804 1.0220897593489348e-07
52400.04800076804 8.467840251271368e-08
52450.04800076804 1.7301140205831747e-07
52500.04800076804 1.5676849489160065e-07
52550.04800076804 1.56844604174585e-07
52600.04800076804 1.1482236714908746e-07
52650.04800076804 1.2477012801423228e-07
52700.04800076804 1.1069244245691568e-07
52750.04800076804 7.631653933894529e-08
52800.04800076804 8.647194323100068e-08
52850.04800076804 1.076717063895578e-07
52900.04800076804 7.073232992482861e-08
52950.04800076804 7.776186760120186e-08
53000.04800076804 1.771993554985552e-07
53050.04800076804 5.991358357649134e-08
53100.04800076804 1.6114764912457436e-07
53150.04800076804 1.970326451211783e-07
53200.04800076804 8.43891807427434e-08
53250.04800076804 1.8096942041574068e-07
53300.04800076804 1.8238297642856015e-07
53350.04800076804 1.7485900172919997e-07
53400.04800076804 1.6438021644608353e-07
53450.04800076804 5.801574476955252e-08
53500.04800076804 2.9084139690238158e-08
53550.04800076804 5.529570398247075e-08
53600.04800076804 1.0499018255948183e-07
53650.04800076804 9.682727561142142e-08
53700.04800076804 8.219589355983936e-08
53750.04800076804 8.228895699793747e-08
53800.04800076804 7.980100699830092e-08
53850.04800076804 1.1505059697175429e-07
53900.04800076804 1.2023937089904703e-07
53950.04800076804 1.5657839970278536e-07
54000.04800076804 9.912300668559417e-08
54050.04800076804 1.1183961527931135e-07
54100.04800076804 4.016609499038294e-08
54150.04800076804 6.341039169707458e-08
54200.04800076804 2.160090696751029e-08
54250.04800076804 3.4304206075573875e-08
54300.04800076804 7.243422318191901e-08
54350.04800076804 1.0023357667052688e-07
54400.04800076804 9.91962658690746e-08
54450.04800076804 7.88620033714003e-08
54500.04800076804 6.905674441262704e-08
54550.04800076804 6.312941265956389e-08
54600.04800076804 7.735835235322508e-08
54650.04800076804 2.7221802729873445e-08
54700.04800076804 9.157590681863903e-08
54750.04800076804 8.58424016764514e-08
54800.04800076804 5.419118888731879e-08
54850.04800076804 7.44786235426131e-08
54900.04800076804 1.0530473794183339e-07
54950.04800076804 1.4783541108770257e-07
55000.04800076804 4.893910550761184e-08
55050.04800076804 9.006810682556602e-08
55100.04800076804 8.620686863418263e-08
55150.04800076804 5.5717867032835355e-08
55200.04800076804 5.4759423908043883e-08
55250.04800076804 7.289992996763878e-08
55300.04800076804 4.783517581746019e-08
55350.04800076804 9.38520974519973e-08
55400.04800076804 1.1561722943583627e-07
55450.04800076804 6.824879569351401e-08
55500.04800076804 3.12892620320152e-08
55550.04800076804 4.2056292364593874e-08
55600.04800076804 4.711772714220755e-08
55650.04800076804 4.5038103188123674e-08
55700.04800076804 5.36622524860492e-08
55750.04800076804 5.532176897266706e-08
55800.04800076804 3.259132327113625e-08
55850.04800076804 3.507062588120153e-08
55900.04800076804 7.932236340671827e-08
55950.04800076804 1.0536981392190589e-07
56000.04800076804 4.1925401808677104e-08
56050.04800076804 5.8321146039590965e-08
56100.04800076804 7.97670030251772e-08
56150.04800076804 4.683072218900757e-08
56200.04800076804 5.902315371304033e-08
56250.04800076804 7.582789815000021e-08
56300.04800076804 6.678060560719822e-08
56350.04800076804 5.91455382790626e-08
56400.04800076804 2.901228296768971e-08
56450.04800076804 2.6338366764336394e-08
56500.04800076804 4.1849911295910115e-08
56550.04800076804 2.5309510763842158e-08
56600.04800076804 7.269174058122519e-08
56650.04800076804 7.331285473659077e-08
56700.04800076804 7.09873520274011e-08
56750.04800076804 2.7983361164271534e-08
56800.04800076804 7.210240388176323e-08
56850.04800076804 6.19933945987009e-08
56900.04800076804 3.618504438065068e-08
56950.04800076804 7.328580566991884e-08
57000.04800076804 8.667393273699812e-08
57050.04800076804 4.602544174276131e-08
57100.04800076804 1.8965008380903587e-08
57150.04800076804 3.158940924477291e-08
57200.04800076804 2.6897178719759136e-08
57250.04800076804 3.665890536301476e-08
57300.04800076804 5.926483710397679e-08
57350.04800076804 2.9300033174039514e-08
57400.04800076804 6.047025283074028e-08
57450.04800076804 4.3756238645238565e-08
57500.04800076804 4.47539883532e-08
57550.04800076804 6.272545487108869e-08
57600.04800076804 6.236630715674466e-08
57650.04800076804 1.6770377582847565e-08
57700.04800076804 2.6353852207306154e-08
57750.04800076804 4.054147550653071e-08
57800.04800076804 1.6043306203367203e-08
57850.04800076804 1.0135752950112306e-07
57900.04800076804 1.1346977752742961e-07
57950.04800076804 1.0443315847226819e-07
58000.04800076804 4.068095600202366e-08
58050.04800076804 6.435631415017239e-08
58100.04800076804 7.252022168621155e-08
58150.04800076804 4.537565391395799e-08
58200.04800076804 1.8358221903051622e-08
58250.04800076804 2.5611882626332868e-08
58300.04800076804 2.382351804597029e-08
58350.04800076804 3.28326631684521e-08
58400.04800076804 5.765389717394869e-08
58450.04800076804 6.113166156752503e-08
58500.04800076804 5.623766345580427e-08
58550.04800076804 5.8787190929214985e-08
58600.04800076804 2.661942418944773e-08
58650.04800076804 3.5006660147570994e-08
58700.04800076804 4.4722695090441296e-08
58750.04800076804 4.369781866944048e-08
58800.04800076804 1.2119715599126129e-08
58850.04800076804 3.455731700305124e-08
58900.04800076804 4.9897033272190604e-08
58950.04800076804 2.359453167900621e-08
59000.04800076804 5.0195084211763446e-08
59050.04800076804 6.243470004624108e-08
59100.04800076804 6.774147507101672e-08
59150.04800076804 4.711031684878297e-08
59200.04800076804 5.447396705236784e-08
59250.04800076804 5.938931513798215e-08
59300.04800076804 4.96493458844628e-08
59350.04800076804 1.6257511585796113e-08
59400.04800076804 1.3544613695597663e-08
59450.04800076804 4.975662760487792e-08
59500.04800076804 2.5569936808627808e-08
59550.04800076804 5.6074282786334256e-08
59600.04800076804 6.267185880597084e-08
59650.04800076804 4.273614411823821e-08
59700.04800076804 2.8431328420182314e-08
59750.04800076804 7.811481753634389e-08
59800.04800076804 3.904069924707215e-08
59850.04800076804 5.7846305852606254e-08
59900.04800076804 2.2162335853716068e-08
59950.04800076804 4.303697805831883e-08
60000.04800076804 8.966416926720252e-08
60050.04800076804 7.725071336934027e-08
60100.04800076804 7.511778650166821e-08
60150.04800076804 4.05173155139244e-08
60200.04800076804 6.254168261010063e-08
60250.04800076804 8.444937799710459e-08
60300.04800076804 7.815717971114512e-08
60350.04800076804 5.170147164441245e-08
60400.04800076804 5.930091432714527e-08
60450.04800076804 2.1270635342473028e-08
60500.04800076804 1.0281117677923629e-08
60550.04800076804 5.770317275677989e-08
60600.04800076804 6.485593114201624e-08
60650.04800076804 4.595862630371943e-08
60700.04800076804 3.3000358910377624e-08
60750.04800076804 2.1642328923331678e-08
60800.04800076804 6.326271355995358e-08
60850.04800076804 1.0958088810291737e-07
60900.04800076804 1.0133847949978774e-07
60950.04800076804 8.47793246079064e-08
61000.04800076804 6.211585619829562e-08
61050.04800076804 3.4100172733074256e-08
61100.04800076804 4.658348268861674e-08
61150.04800076804 1.6924030529918846e-08
61200.04800076804 7.02260191478435e-08
61250.04800076804 9.305724391954248e-08
61300.04800076804 8.398557590655706e-08
61350.04800076804 1.1207774369111041e-07
61400.04800076804 5.742177352431403e-08
61450.04800076804 2.5290123197215273e-08
61500.04800076804 4.054213323929178e-08
61550.04800076804 4.734249529979553e-08
61600.04800076804 2.731733435743508e-08
61650.04800076804 5.450043951581919e-08
61700.04800076804 4.714763565711635e-08
61750.04800076804 5.539108041970075e-08
61800.04800076804 5.921563103618431e-08
61850.04800076804 2.7083383790812877e-08
61900.04800076804 8.279826331464409e-08
61950.04800076804 7.612836470902917e-08
62000.04800076804 9.491974071249929e-08
62050.04800076804 7.629085803019052e-08
62100.04800076804 7.264926880249562e-08
62150.04800076804 9.479656007630673e-08
62200.04800076804 7.89234658234433e-08
62250.04800076804 7.363519108330226e-08
62300.04800076804 1.2634398142930316e-07
62350.04800076804 9.366278759420528e-08
62400.04800076804 4.1358099734159865e-08
62450.04800076804 7.203957162302933e-08
62500.04800076804 1.1518037887223338e-07
62550.04800076804 1.0560799707581786e-07
62600.04800076804 1.1654489088012627e-07
62650.04800076804 8.334433900417229e-08
62700.04800076804 8.790783809330064e-08
62750.04800076804 1.1827288091912501e-07
62800.04800076804 6.668432336986691e-08
62850.04800076804 1.0126458014610253e-07
62900.04800076804 6.81453722887803e-08
62950.04800076804 1.1377150002587696e-07
63000.04800076804 8.776212471273275e-08
63050.04800076804 1.3009049101441015e-07
63100.04800076804 1.1958619343521718e-07
63150.04800076804 9.06651814516649e-08
63200.04800076804 1.1225530574746989e-07
63250.04800076804 7.504886088786125e-08
63300.04800076804 9.824891399707624e-08
63350.04800076804 9.062318282144633e-08
63400.04800076804 4.4063847620142736e-08
63450.04800076804 2.8979438743936357e-08
