galfind/configs/Brown_Dwarf_templates/sonora_cholla/logkzz4/100g/850K_100g_logkzz4_resample.dat
# %ECSV 1.0
# ---
# datatype:
# - {name: wav, unit: Angstrom, datatype: float64}
# - {name: flux_nu, unit: erg / (cm2 Hz s), datatype: float64}
# schema: astropy-2.0
wav flux_nu
[from data line 774]
48700.000000000095 1.2552784295249969e-07
48750.000000000095 6.78477001285715e-08
48800.000000000095 1.202821913776763e-07
48850.000000000095 8.610321522667789e-08
48900.000000000095 1.2638874722312647e-07
48950.000000000095 1.1259170130781543e-07
49000.000000000095 9.01440883312424e-08
49050.000000000095 1.2384380477687814e-07
49100.000000000095 8.245338932226971e-08
49150.000000000095 1.5182314307005279e-07
49200.000000000095 9.028494217523881e-08
49250.000000000095 1.5667129553937983e-07
49300.000000000095 1.0448303998530086e-07
49350.000000000095 1.0818070832172346e-07
49400.000000000095 1.3444106185569602e-07
49450.000000000095 1.2741885304314847e-07
49500.000000000095 1.1906642810269048e-07
49550.000000000095 6.25557947651756e-08
49600.000000000095 1.2774749918010578e-07
49650.000000000095 1.1766025977029112e-07
49700.000000000095 1.0613607995230591e-07
49750.000000000095 1.8987587801076609e-07
49800.000000000095 1.0181973855468705e-07
49850.000000000095 2.1873902594931275e-07
49900.000000000095 1.5133223803031074e-07
49950.000000000095 1.7353090442876386e-07
50000.000000000095 1.8344320963091927e-07
50050.000000000095 1.7516153530655186e-07
50100.000000000095 2.1465037386919266e-07
50150.000000000095 9.462317159275117e-08
50200.000000000095 6.02306103547588e-08
50250.000000000095 1.708445149444216e-07
50300.000000000095 1.2010858068372126e-07
50350.000000000095 1.7675530304981145e-07
50400.000000000095 1.611546957087066e-07
50450.000000000095 1.619736357044684e-07
50500.000000000095 2.098023537587073e-07
50550.000000000095 1.713443670070638e-07
50600.000000000095 1.9323483676362544e-07
50650.000000000095 1.786558148556105e-07
50700.000000000095 2.53004094025387e-07
50750.000000000095 2.325306890125444e-07
50800.000000000095 1.0005198027939136e-07
50850.000000000095 1.0064634200494529e-07
50900.000000000095 2.1951612348879562e-07
50950.000000000095 2.2114751131077508e-07
51000.000000000095 1.8412368017634873e-07
51050.000000000095 1.8579232937542997e-07
51100.000000000095 9.57458565360959e-08
51150.000000000095 1.4396761996796604e-07
51200.000000000095 2.4223622812444725e-07
51250.000000000095 2.0365350743387695e-07
51300.000000000095 1.305041434681105e-07
51350.000000000095 1.7314073054632064e-07
51400.000000000095 1.0791701520157772e-07
51450.000000000095 9.369766865566395e-08
51500.000000000095 8.411640558954744e-08
51550.000000000095 1.8621215679551207e-07
51600.000000000095 1.305332489143582e-07
51650.000000000095 1.8521367102409343e-07
51700.000000000095 1.85250319473443e-07
51750.000000000095 1.2108774034037647e-07
51800.000000000095 2.475110776515116e-07
51850.000000000095 1.9270688567076217e-07
51900.000000000095 2.5280046623015615e-07
51950.000000000095 1.934832651510402e-07
52000.000000000095 5.208271233619437e-08
52050.000000000095 1.2065749395333236e-07
52100.000000000095 1.0393073769942592e-07
52150.000000000095 7.67449675762236e-08
52200.000000000095 8.806003621740287e-08
52250.000000000095 1.3351674253528804e-07
52300.000000000095 2.2435152148821188e-07
52350.000000000095 1.2910075713930352e-07
52400.000000000095 1.0485166283530323e-07
52450.000000000095 1.999553755702845e-07
52500.000000000095 1.822529790926375e-07
52550.000000000095 1.841133248713453e-07
52600.000000000095 1.3608089173058708e-07
52650.000000000095 1.5166139308945308e-07
52700.000000000095 1.3205605109764077e-07
52750.000000000095 9.53287276710944e-08
52800.000000000095 1.0568116334721515e-07
52850.000000000095 1.300332910506805e-07
52900.000000000095 8.960728220340327e-08
52950.000000000095 9.656208654578084e-08
53000.000000000095 2.1177701551980308e-07
53050.000000000095 7.579433987690873e-08
53100.000000000095 1.9072282049254438e-07
53150.000000000095 2.3043286075754585e-07
53200.000000000095 1.0138635619477957e-07
53250.000000000095 2.1109908014034688e-07
53300.000000000095 2.1304799403034733e-07
53350.000000000095 2.0256596560487827e-07
53400.000000000095 1.9882800772742876e-07
53450.000000000095 7.594861550878641e-08
53500.000000000095 4.08757162966757e-08
53550.000000000095 7.402074790491195e-08
53600.000000000095 1.2860869131638576e-07
53650.000000000095 1.1645837058684046e-07
53700.000000000095 1.0096257231522584e-07
53750.000000000095 1.0151504200076433e-07
53800.000000000095 9.93576110915165e-08
53850.000000000095 1.4078364331887723e-07
53900.000000000095 1.4007155401230951e-07
53950.000000000095 1.8630593619148033e-07
54000.000000000095 1.202637781540603e-07
54050.000000000095 1.3352236255654687e-07
54100.000000000095 5.2421810048088406e-08
54150.000000000095 8.129093975675902e-08
54200.000000000095 3.1152105699489625e-08
54250.000000000095 4.5027004994021875e-08
54300.000000000095 8.973468387976794e-08
54350.000000000095 1.231810188689068e-07
54400.000000000095 1.234539086535821e-07
54450.000000000095 9.766745112422856e-08
54500.000000000095 8.741340789417337e-08
54550.000000000095 7.846702383237805e-08
54600.000000000095 9.823472481536462e-08
54650.000000000095 3.874330872435799e-08
54700.000000000095 1.1548107956011566e-07
54750.000000000095 1.0934045353213483e-07
54800.000000000095 7.103363603481952e-08
54850.000000000095 9.397472259304597e-08
54900.000000000095 1.297011835848529e-07
54950.000000000095 1.8073098466374693e-07
55000.000000000095 6.361792673027101e-08
55050.000000000095 1.11572409694771e-07
55100.000000000095 1.0388988484456071e-07
55150.000000000095 7.189373119372938e-08
55200.000000000095 7.095943029645779e-08
55250.000000000095 9.114606246951101e-08
55300.000000000095 6.143513810988424e-08
55350.000000000095 1.13827098520863e-07
55400.000000000095 1.421423615175869e-07
55450.000000000095 8.783623806318987e-08
55500.000000000095 4.205735825969227e-08
55550.000000000095 5.76757590246453e-08
55600.000000000095 6.03007419266513e-08
55650.000000000095 5.7303664955343606e-08
55700.000000000095 6.965354731500726e-08
55750.000000000095 7.366640688631819e-08
55800.000000000095 4.566033507185213e-08
55850.000000000095 4.685134355208177e-08
55900.000000000095 1.0016371401044559e-07
55950.000000000095 1.3168639064405446e-07
56000.000000000095 5.5462391548882895e-08
56050.000000000095 7.618208801139871e-08
56100.000000000095 1.0037079483847417e-07
56150.000000000095 6.25876482965576e-08
56200.000000000095 7.651394506485614e-08
56250.000000000095 9.227595538869783e-08
56300.000000000095 8.611461697408602e-08
56350.000000000095 7.889802367079962e-08
56400.000000000095 4.227392019392973e-08
56450.000000000095 3.797543147066786e-08
56500.000000000095 5.502367007470651e-08
56550.000000000095 3.4960135722813875e-08
56600.000000000095 9.253741927904358e-08
56650.000000000095 9.154282080932182e-08
56700.000000000095 9.198039926414121e-08
56750.000000000095 3.920102989706482e-08
56800.000000000095 9.413748734939873e-08
56850.000000000095 7.8874905966829e-08
56900.000000000095 4.930949442730557e-08
56950.000000000095 9.419590679238341e-08
57000.000000000095 1.0838069722558655e-07
57050.000000000095 6.123143025298711e-08
57100.000000000095 2.7049566162771616e-08
57150.000000000095 4.417435915550347e-08
57200.000000000095 3.706286814420243e-08
57250.000000000095 5.086024676150248e-08
57300.000000000095 7.812299040325631e-08
57350.000000000095 4.001927235927277e-08
57400.000000000095 7.81315039410496e-08
57450.000000000095 6.033726125162822e-08
57500.000000000095 5.995859758878554e-08
57550.000000000095 8.334771752780504e-08
57600.000000000095 8.428082931501191e-08
57650.000000000095 2.5020339149190822e-08
57700.000000000095 3.747437615642555e-08
57750.000000000095 5.425397682741177e-08
57800.000000000095 2.1907104468486567e-08
57850.000000000095 1.253629068303234e-07
57900.000000000095 1.4142039775921513e-07
57950.000000000095 1.2801572704410298e-07
58000.000000000095 5.31042854901048e-08
58050.000000000095 8.237938468862927e-08
58100.000000000095 9.504950299210441e-08
58150.000000000095 6.158408393036799e-08
58200.000000000095 2.7443624020366543e-08
58250.000000000095 3.7095627691458115e-08
58300.000000000095 3.339773098405861e-08
58350.000000000095 4.544444810264344e-08
58400.000000000095 7.4917979924453e-08
58450.000000000095 7.849831939833582e-08
58500.000000000095 7.221537389401991e-08
58550.000000000095 7.728531195913781e-08
58600.000000000095 3.6977687171512014e-08
58650.000000000095 4.870037082271395e-08
58700.000000000095 5.9241869065859045e-08
58750.000000000095 6.05336978406095e-08
58800.000000000095 1.9116940426944375e-08
58850.000000000095 4.827851383027828e-08
58900.000000000095 6.853794900619897e-08
58950.000000000095 3.444517020490057e-08
59000.000000000095 6.80363052359347e-08
59050.000000000095 8.096354391622153e-08
59100.000000000095 9.143965635676979e-08
59150.000000000095 6.292834922171113e-08
59200.000000000095 7.155652070955787e-08
59250.000000000095 7.805321823555339e-08
59300.000000000095 6.72883906950345e-08
59350.000000000095 2.4904849460574385e-08
59400.000000000095 2.018359806085204e-08
59450.000000000095 6.571199146450302e-08
59500.000000000095 3.491642743071921e-08
59550.000000000095 7.524205972160548e-08
59600.000000000095 8.088381938600265e-08
59650.000000000095 6.06509039474269e-08
59700.000000000095 3.991793563833311e-08
59750.000000000095 1.0296825655654677e-07
59800.000000000095 5.321955524776383e-08
59850.000000000095 7.83157106669557e-08
59900.000000000095 3.1753512799565496e-08
59950.000000000095 5.911125235308744e-08
60000.000000000095 1.1565328053332794e-07
60050.000000000095 1.0079571818770788e-07
60100.000000000095 9.874034831909539e-08
60150.000000000095 5.6535363650444716e-08
60200.000000000095 8.06257814367121e-08
60250.000000000095 1.0600787460138082e-07
60300.000000000095 9.905872314748232e-08
60350.000000000095 6.675572216424246e-08
60400.000000000095 7.850273637762237e-08
60450.000000000095 3.144094089829455e-08
60500.000000000095 1.6292032479622905e-08
60550.000000000095 7.85797390900857e-08
60600.000000000095 8.453731266609423e-08
60650.000000000095 6.246327227103218e-08
60700.000000000095 4.670335584847918e-08
60750.000000000095 3.2205522842350315e-08
60800.000000000095 8.447928575246545e-08
60850.000000000095 1.3757374065239004e-07
60900.000000000095 1.2755248561985547e-07
60950.000000000095 1.0885438225907515e-07
61000.000000000095 7.831353597071008e-08
61050.000000000095 4.732270085080387e-08
61100.000000000095 6.475656803496819e-08
61150.000000000095 2.445084727149573e-08
61200.000000000095 9.407198438893506e-08
61250.000000000095 1.213538674519192e-07
61300.000000000095 1.0881836554267596e-07
61350.000000000095 1.3972298490746116e-07
61400.000000000095 7.76926950523203e-08
61450.000000000095 3.689228863249109e-08
61500.000000000095 5.6355580853063594e-08
61550.000000000095 6.152680950705052e-08
61600.000000000095 3.8636892784689035e-08
61650.000000000095 7.237847896930139e-08
61700.000000000095 6.111173795296725e-08
61750.000000000095 7.217229918193093e-08
61800.000000000095 8.011681745876646e-08
61850.000000000095 3.9919873561609504e-08
61900.000000000095 1.0672238899233244e-07
61950.000000000095 1.0077588700807393e-07
62000.000000000095 1.1635900037404578e-07
62050.000000000095 9.551102232166235e-08
62100.000000000095 9.613914416097662e-08
62150.000000000095 1.1868759810330538e-07
62200.000000000095 9.920553710861753e-08
62250.000000000095 9.488357579994277e-08
62300.000000000095 1.5474458144241146e-07
62350.000000000095 1.1562094209716093e-07
62400.000000000095 5.492884554043576e-08
62450.000000000095 9.131601616397845e-08
62500.000000000095 1.393568581796134e-07
62550.000000000095 1.313338678344576e-07
62600.000000000095 1.4463530887228245e-07
62650.000000000095 1.0476319646778032e-07
62700.000000000095 1.1261269122505282e-07
62750.000000000095 1.4829974933234652e-07
62800.000000000095 8.39741257440678e-08
62850.000000000095 1.2507478952543712e-07
62900.000000000095 8.638197868161746e-08
62950.000000000095 1.3765665719928112e-07
63000.000000000095 1.0997697166595176e-07
63050.000000000095 1.598215848076978e-07
63100.000000000095 1.452054482797651e-07
63150.000000000095 1.1233811247694597e-07
63200.000000000095 1.3837285277676506e-07
63250.000000000095 9.47189437588055e-08
63300.000000000095 1.2597915768015666e-07
63350.000000000095 1.1719957638762701e-07
63400.000000000095 6.001113254863831e-08
63450.000000000095 4.188475909167404e-08
63500.000000000095 9.999872814544825e-08
63550.000000000095 1.0469862076799277e-07
63600.000000000095 1.1645537091057618e-07
63650.000000000095 8.09618385623811e-08
63700.000000000095 4.450644969254634e-08
63750.000000000095 7.39124696119976e-08
63800.000000000095 1.1858762126173824e-07
63850.000000000095 9.823892194201963e-08
63900.000000000095 5.339509635382099e-08
63950.000000000095 9.551329364356562e-08
64000.000000000095 1.0323169432157993e-07
64050.000000000095 6.109255045853013e-08
64100.000000000095 2.0025053514615922e-08
64150.000000000095 3.0363932583963974e-08
64200.000000000095 3.34739299400717e-08
64250.000000000095 7.020370303942726e-08
64300.000000000095 5.101415240589086e-08
64350.000000000095 4.3210723269695426e-08
64400.000000000095 8.279851228897446e-08
64450.000000000095 9.172252442556557e-08
64500.000000000095 4.2895861455192026e-08
64550.000000000095 7.056543655947012e-08
64600.000000000095 3.2603354938479224e-08
64650.000000000095 6.606221169631777e-08
64700.000000000095 3.087743821484423e-08
64750.000000000095 4.5448447909213455e-08
64800.000000000095 3.981392105777215e-08
64850.000000000095 3.0761098635530724e-08
64900.000000000095 3.346753357299078e-08
64950.000000000095 3.282558336010686e-08
65000.000000000095 4.420929395278385e-08
65050.000000000095 5.123801331085564e-08
65100.000000000095 7.28366228148825e-08
65150.000000000095 3.6135976986121765e-08
65200.000000000095 2.767661804467789e-08
65250.000000000095 6.6523532167873e-08
65300.000000000095 4.851599128676083e-08
65350.000000000095 1.0804011685415621e-07
65400.000000000095 5.141842941166821e-08
65450.000000000095 5.441416905065986e-08
65500.000000000095 6.735716368630104e-08
65550.00000000009 3.636912263977887e-08
65600.00000000009 5.763989293049084e-08
65650.00000000009 5.107574613762681e-08
65700.00000000009 4.797923995960728e-08
65750.00000000009 3.3907813169515445e-08
65800.00000000009 5.715084320688994e-08
65850.00000000009 7.03560953017725e-08
65900.00000000009 3.193872428994236e-08
65950.00000000009 3.5131240805332035e-08
66000.00000000009 5.001955294417301e-08
66050.00000000009 1.0158433512684656e-07
66100.00000000009 5.704890089612796e-08
66150.00000000009 4.239623364140911e-08
66200.00000000009 4.230899469287049e-08
66250.00000000009 3.7220898866269397e-08
66300.00000000009 1.6529247646839124e-08
66350.00000000009 2.11352340974718e-08
66400.00000000009 3.414147779345295e-08
66450.00000000009 6.74911222909796e-08
66500.00000000009 9.522482056779712e-08
66550.00000000009 9.613665082020355e-08
66600.00000000009 7.089445092722225e-08
66650.00000000009 5.4584798857315627e-08
66700.00000000009 5.099050050291326e-08
66750.00000000009 4.562257888320204e-08
66800.00000000009 6.175677145316955e-08
66850.00000000009 3.975260412565674e-08
66900.00000000009 8.77840790878142e-08
66950.00000000009 9.685274685506436e-08
67000.00000000009 8.92095873961333e-08
67050.00000000009 6.067415636762649e-08
67100.00000000009 4.215304973317415e-08
67150.00000000009 4.4490033458008155e-08
67200.00000000009 6.171320496513603e-08
67250.00000000009 6.212542775578302e-08
67300.00000000009 7.359667728514634e-08
67350.00000000009 4.3181164402211094e-08
67400.00000000009 9.669196990838542e-08
67450.00000000009 6.761940821395049e-08
67500.00000000009 6.095513032847911e-08
67550.00000000009 8.584694065690044e-08
67600.00000000009 1.4286527534741207e-07
67650.00000000009 1.0559480685280731e-07
67700.00000000009 7.059729877370578e-08
67750.00000000009 5.666213260569617e-08
67800.00000000009 8.167061946848914e-08
67850.00000000009 4.205131705232298e-08
67900.00000000009 5.422435457163396e-08
67950.00000000009 3.849449855683538e-08
68000.00000000009 6.363337276078674e-08
68050.00000000009 8.907477568378879e-08
