galfind/configs/Brown_Dwarf_templates/sonora_cholla/logkzz4/100g/900K_100g_logkzz4_resample.dat
# %ECSV 1.0
# ---
# datatype:
# - {name: wav, unit: Angstrom, datatype: float64}
# - {name: flux_nu, unit: erg / (cm2 Hz s), datatype: float64}
# schema: astropy-2.0
wav flux_nu
[from data line 387]
29350.000000000095 1.1089930322133349e-07
29400.000000000095 5.0927904399321e-08
29450.000000000095 5.502156255412548e-08
29500.000000000095 6.284798771590224e-08
29550.000000000095 4.951440284528788e-08
29600.000000000095 7.34926107133216e-08
29650.000000000095 6.6000633418607e-08
29700.000000000095 4.8783519011019704e-08
29750.000000000095 6.529605873863018e-08
29800.000000000095 7.871741219611511e-08
29850.000000000095 8.646514489207552e-08
29900.000000000095 8.205848839434536e-08
29950.000000000095 6.600655694524296e-08
30000.000000000095 6.025498486984058e-08
30050.000000000095 5.476839720192791e-08
30100.000000000095 7.108307643875752e-08
30150.000000000095 8.928337199357629e-08
30200.000000000095 6.529261276621613e-08
30250.000000000095 9.897243119271703e-08
30300.000000000095 8.35853747025548e-08
30350.000000000095 6.850890823149827e-08
30400.000000000095 8.79746203771674e-08
30450.000000000095 6.746013673572124e-08
30500.000000000095 6.319405992504847e-08
30550.000000000095 6.43353650119152e-08
30600.000000000095 7.811218156212023e-08
30650.000000000095 6.846361819647524e-08
30700.000000000095 5.8670597755955945e-08
30750.000000000095 5.5036478550181864e-08
30800.000000000095 5.2433158947211714e-08
30850.000000000095 5.1738037753745515e-08
30900.000000000095 5.0563140369584416e-08
30950.000000000095 3.398593129230697e-08
31000.000000000095 4.163752876092989e-08
31050.000000000095 4.153870075302351e-08
31100.000000000095 2.7223247026314277e-08
31150.000000000095 3.513211388358524e-08
31200.000000000095 3.698589262189092e-08
31250.000000000095 2.7548003605214296e-08
31300.000000000095 2.5905553104613503e-08
31350.000000000095 2.6265172294490012e-08
31400.000000000095 1.6266818780322777e-08
31450.000000000095 2.7022568001180593e-08
31500.000000000095 1.6647240377559454e-08
31550.000000000095 2.2614660915845287e-08
31600.000000000095 1.439641017395702e-08
31650.000000000095 1.5345699552728075e-08
31700.000000000095 1.7678352468271747e-08
31750.000000000095 1.0725668017067406e-08
31800.000000000095 1.6383463612990247e-08
31850.000000000095 1.2586559638561005e-08
31900.000000000095 1.3395899734899222e-08
31950.000000000095 1.1913946299058964e-08
32000.000000000095 1.2744989065501429e-08
32050.000000000095 9.133814911225309e-09
32100.000000000095 8.966792048941005e-09
32150.000000000095 1.1655784370999707e-08
32200.000000000095 8.281875582736536e-09
32250.000000000095 1.509711160684233e-08
32300.000000000095 6.695530028910926e-09
32350.000000000095 1.650668145948656e-08
32400.000000000095 9.813636427986208e-09
32450.000000000095 1.4076849349458718e-08
32500.000000000095 1.0476046893048064e-08
32550.000000000095 1.4178772751435926e-08
32600.000000000095 1.4053905762177798e-08
32650.000000000095 2.0227111127431632e-08
32700.000000000095 1.5811118791279104e-08
32750.000000000095 2.4127508753316962e-08
32800.000000000095 1.690802787356367e-08
32850.000000000095 2.6951928178923563e-08
32900.000000000095 2.72148074697095e-08
32950.000000000095 3.0174607821600274e-08
33000.000000000095 2.407986073953774e-08
33050.000000000095 2.476299089021578e-08
33100.000000000095 1.0865032252037086e-08
33150.000000000095 1.4773785298555877e-09
33200.000000000095 2.1200242704637746e-09
33250.000000000095 1.1319804996661166e-09
33300.000000000095 1.5787419800858407e-09
33350.000000000095 3.779713256325088e-09
33400.000000000095 6.372715307344416e-09
33450.000000000095 8.482402634700995e-09
33500.000000000095 1.2707756896381526e-08
33550.000000000095 1.1446876511679165e-08
33600.000000000095 1.858674153754404e-08
33650.000000000095 1.6599575924755413e-08
33700.000000000095 1.4584957152745305e-08
33750.000000000095 2.131127221184821e-08
33800.000000000095 1.2939694651640903e-08
33850.000000000095 1.8771823211038097e-08
33900.000000000095 1.7556327637285398e-08
33950.000000000095 1.8618728932377173e-08
34000.000000000095 2.2834782219544417e-08
34050.000000000095 9.216906435571775e-09
34100.000000000095 2.1222846330473102e-08
34150.000000000095 1.4732316824050813e-08
34200.000000000095 1.9846147665027823e-08
34250.000000000095 1.5103707057601834e-08
34300.000000000095 1.3397047409763525e-08
34350.000000000095 1.9688223052349408e-08
34400.000000000095 1.4729858761284218e-08
34450.000000000095 2.3184894988175564e-08
34500.000000000095 1.594498524919665e-08
34550.000000000095 1.1977794700785935e-08
34600.000000000095 2.3209336188642318e-08
34650.000000000095 1.2829012159098294e-08
34700.000000000095 1.5836230027694355e-08
34750.000000000095 1.4586624455698562e-08
34800.000000000095 1.1091587454511442e-08
34850.000000000095 1.8237763738411958e-08
34900.000000000095 2.0855821064866383e-08
34950.000000000095 1.774189611215693e-08
35000.000000000095 2.476569071939954e-08
35050.000000000095 1.8653421419071817e-08
35100.000000000095 2.670846591481017e-08
35150.000000000095 2.4439236611154253e-08
35200.000000000095 3.3889192699300735e-08
35250.000000000095 3.194634308631391e-08
35300.000000000095 2.2266297923071817e-08
35350.000000000095 3.33258386170925e-08
35400.000000000095 3.215734452335978e-08
35450.000000000095 2.7571494985000798e-08
35500.000000000095 4.991539408968883e-08
35550.000000000095 3.839633429887904e-08
35600.000000000095 4.084369933550399e-08
35650.000000000095 3.953981525751067e-08
35700.000000000095 2.813339930803631e-08
35750.000000000095 5.541893962955483e-08
35800.000000000095 4.400483752866385e-08
35850.000000000095 3.1025011056567694e-08
35900.000000000095 4.971962166299491e-08
35950.000000000095 4.860648779717273e-08
36000.000000000095 2.999368583594137e-08
36050.000000000095 4.572456505861352e-08
36100.000000000095 4.496340938250713e-08
36150.000000000095 4.9220237637448144e-08
36200.000000000095 4.6127715694372794e-08
36250.000000000095 5.467292114006523e-08
36300.000000000095 5.7542969395888914e-08
36350.000000000095 5.985601240758807e-08
36400.000000000095 7.749873303775832e-08
36450.000000000095 7.478787218443551e-08
36500.000000000095 7.748085982710866e-08
36550.000000000095 7.995679976907229e-08
36600.000000000095 9.950103079218267e-08
36650.000000000095 1.025944155357328e-07
36700.000000000095 1.0881897067693284e-07
36750.000000000095 1.1846784757423783e-07
36800.000000000095 1.0189464605832116e-07
36850.000000000095 9.241469553016295e-08
36900.000000000095 1.0463156151317772e-07
36950.000000000095 1.1133885430816043e-07
37000.000000000095 1.0492490772147327e-07
37050.000000000095 1.1849467172025319e-07
37100.000000000095 1.277519916766719e-07
37150.000000000095 1.2577443731107208e-07
37200.000000000095 1.2020629524756687e-07
37250.000000000095 1.0621021408149593e-07
37300.000000000095 1.1256012848214035e-07
37350.000000000095 1.3219358627883783e-07
37400.000000000095 1.5412899324962333e-07
37450.000000000095 1.372816090248416e-07
37500.000000000095 1.135106259574869e-07
37550.000000000095 1.8083814848294608e-07
37600.000000000095 1.86493207985423e-07
37650.000000000095 1.3832295890451953e-07
37700.000000000095 1.5322785708139564e-07
37750.000000000095 1.2018724944625327e-07
37800.000000000095 1.36748363656845e-07
37850.000000000095 1.1974710157774097e-07
37900.000000000095 1.3654419981255052e-07
37950.000000000095 1.6317135434511363e-07
38000.000000000095 1.9653282141614135e-07
38050.000000000095 1.7023551485380876e-07
38100.000000000095 1.8421928127132634e-07
38150.000000000095 1.9823671045975316e-07
38200.000000000095 2.073593634199087e-07
38250.000000000095 1.979893037430381e-07
38300.000000000095 2.536372452417612e-07
38350.000000000095 2.5632771504090173e-07
38400.000000000095 1.7039447989893375e-07
38450.000000000095 1.7992047455166055e-07
38500.000000000095 1.3849708323938886e-07
38550.000000000095 1.7846590901921928e-07
38600.000000000095 1.891027463477177e-07
38650.000000000095 2.515857599336342e-07
38700.000000000095 2.2516911834087197e-07
38750.000000000095 2.314219908376034e-07
38800.000000000095 1.8993896741341437e-07
38850.000000000095 2.6249314430176606e-07
38900.000000000095 2.613288452290647e-07
38950.000000000095 2.2328995317838003e-07
39000.000000000095 2.910891253929929e-07
39050.000000000095 2.3963594025733945e-07
39100.000000000095 2.656212795110167e-07
39150.000000000095 2.4644889913940915e-07
39200.000000000095 2.3228628811083818e-07
39250.000000000095 2.9043530805382696e-07
39300.000000000095 2.7349589317165434e-07
39350.000000000095 3.484315538749599e-07
39400.000000000095 3.159242085870251e-07
39450.000000000095 3.166991734162382e-07
39500.000000000095 2.7797074194800084e-07
39550.000000000095 2.886574210869313e-07
39600.000000000095 3.0943947855167124e-07
39650.000000000095 3.822979898317402e-07
39700.000000000095 3.009613118955156e-07
39750.000000000095 2.384393104710431e-07
39800.000000000095 3.2571541766477944e-07
39850.000000000095 3.5429093601462576e-07
39900.000000000095 3.4568203140374007e-07
39950.000000000095 3.374116571611039e-07
40000.000000000095 3.8863781081925547e-07
40050.000000000095 3.817530033582066e-07
40100.000000000095 2.9038506875745106e-07
40150.000000000095 4.245923042864693e-07
40200.000000000095 4.2168235519218264e-07
40250.000000000095 3.7183933613546656e-07
40300.000000000095 4.1804614067627776e-07
40350.000000000095 3.406320714693781e-07
40400.000000000095 4.058988778418215e-07
40450.000000000095 3.803096773006429e-07
40500.000000000095 4.2051723445593966e-07
40550.000000000095 4.2977861404862274e-07
40600.000000000095 4.0075369542173886e-07
40650.000000000095 4.252615157879494e-07
40700.000000000095 5.369580566050015e-07
40750.000000000095 4.630151254710585e-07
40800.000000000095 3.663408469391661e-07
40850.000000000095 5.083459555596231e-07
40900.000000000095 4.269096126210547e-07
40950.000000000095 3.988663865085189e-07
41000.000000000095 4.516840028287929e-07
41050.000000000095 5.162656648023776e-07
41100.000000000095 4.0885895777696363e-07
41150.000000000095 3.536974538500909e-07
41200.000000000095 5.177201512011026e-07
41250.000000000095 4.824200751598297e-07
41300.000000000095 3.925895033850842e-07
41350.000000000095 5.447479045057856e-07
41400.000000000095 4.825642217977531e-07
41450.000000000095 5.099544993393094e-07
41500.000000000095 4.222204673638473e-07
41550.000000000095 4.105729082959705e-07
41600.000000000095 4.987609643235998e-07
41650.000000000095 4.496132568351749e-07
41700.000000000095 4.348528106179202e-07
41750.000000000095 3.9028720987345844e-07
41800.000000000095 5.529522480468937e-07
41850.000000000095 3.1912719973797013e-07
41900.000000000095 4.084314539276368e-07
41950.000000000095 4.300946830126464e-07
42000.000000000095 4.6886786609959676e-07
42050.000000000095 4.209076713736596e-07
42100.000000000095 4.6578018782555957e-07
42150.000000000095 3.609191100668587e-07
42200.000000000095 4.079298423481073e-07
42250.000000000095 3.7148600574672356e-07
42300.000000000095 3.9230195046670305e-07
42350.000000000095 4.2634182705379046e-07
42400.000000000095 3.571218030224195e-07
42450.000000000095 3.5707959972986933e-07
42500.000000000095 3.459092014030085e-07
42550.000000000095 3.523730638279032e-07
42600.000000000095 3.644599651377323e-07
42650.000000000095 4.91588147287936e-07
42700.000000000095 3.4260070104432535e-07
42750.000000000095 3.4370644565297115e-07
42800.000000000095 3.1420786480982474e-07
42850.000000000095 3.830426221686979e-07
42900.000000000095 4.149383606005807e-07
42950.000000000095 3.127277106995586e-07
43000.000000000095 4.3786626855446745e-07
43050.000000000095 2.523438670200305e-07
43100.000000000095 3.4545514046233575e-07
43150.000000000095 3.947402471839564e-07
43200.000000000095 3.978068251023776e-07
43250.000000000095 4.3276982066091483e-07
43300.000000000095 4.836024901239716e-07
43350.000000000095 3.151951883183489e-07
43400.000000000095 3.92570715377775e-07
43450.000000000095 2.8369405700056335e-07
43500.000000000095 2.8570654270952666e-07
43550.000000000095 2.983737984192709e-07
43600.000000000095 3.847310916357629e-07
43650.000000000095 2.6272997051287355e-07
43700.000000000095 4.1729576285618873e-07
43750.000000000095 4.128658710963438e-07
43800.000000000095 3.2320020979705996e-07
43850.000000000095 3.28442191036691e-07
43900.000000000095 2.6539452694155095e-07
43950.000000000095 2.517794749328301e-07
44000.000000000095 1.6850675632000863e-07
44050.000000000095 2.72446229549187e-07
44100.000000000095 2.852079245318591e-07
44150.000000000095 2.811561972071661e-07
44200.000000000095 2.3776259867177586e-07
44250.000000000095 2.1957213352892028e-07
44300.000000000095 1.9630048821070816e-07
44350.000000000095 1.5971603327915923e-07
44400.000000000095 1.7140665177912939e-07
44450.000000000095 1.737660577828913e-07
44500.000000000095 1.3480526657878175e-07
44550.000000000095 1.5761898952874803e-07
44600.000000000095 1.268160359530566e-07
44650.000000000095 1.4655083527810925e-07
44700.000000000095 1.317152199950764e-07
44750.000000000095 1.3695068357771433e-07
44800.000000000095 1.2170128232238103e-07
44850.000000000095 1.1507157097481196e-07
44900.000000000095 9.000062842786206e-08
44950.000000000095 8.807266136185921e-08
45000.000000000095 9.045642488070865e-08
45050.000000000095 9.541482410837004e-08
45100.000000000095 8.586071220639534e-08
45150.000000000095 7.906809118348945e-08
45200.000000000095 5.862715471179251e-08
45250.000000000095 6.499255335890571e-08
45300.000000000095 7.611306704910387e-08
45350.000000000095 7.489393362723815e-08
45400.000000000095 5.478958919551107e-08
45450.000000000095 5.459041140995874e-08
45500.000000000095 5.699176722140993e-08
45550.000000000095 7.020604185855075e-08
45600.000000000095 5.2810483173874066e-08
45650.000000000095 5.2277439881604395e-08
45700.000000000095 6.909164546324898e-08
45750.000000000095 5.7681172726475126e-08
45800.000000000095 4.67411260924478e-08
45850.000000000095 7.503425326803552e-08
45900.000000000095 7.295892687655471e-08
45950.000000000095 4.807366400300437e-08
46000.000000000095 6.836743883829834e-08
46050.000000000095 7.567367847123314e-08
46100.000000000095 4.873115643175792e-08
46150.000000000095 7.635664197697202e-08
46200.000000000095 7.271963479114215e-08
46250.000000000095 3.583685755611789e-08
46300.000000000095 8.650572702406995e-08
46350.000000000095 6.141915386123399e-08
46400.000000000095 7.380785725487499e-08
46450.000000000095 1.0350792683936105e-07
46500.000000000095 7.06875795105774e-08
46550.000000000095 1.0852020156249573e-07
46600.000000000095 1.1005338686549614e-07
46650.000000000095 1.8877928406122108e-07
46700.000000000095 1.3267214190455228e-07
46750.000000000095 9.833336382344204e-08
46800.000000000095 7.483100063186469e-08
46850.000000000095 1.0637789035605265e-07
46900.000000000095 8.923541541966085e-08
46950.000000000095 1.2811584527156191e-07
47000.000000000095 6.472621673195887e-08
47050.000000000095 1.3227456862805532e-07
47100.000000000095 5.681477241280518e-08
47150.000000000095 7.692149328109909e-08
47200.000000000095 9.138441877274801e-08
47250.000000000095 6.120466004479756e-08
47300.000000000095 7.691263622622271e-08
47350.000000000095 5.3122594621176146e-08
47400.000000000095 1.0508133071977116e-07
47450.000000000095 5.2820471199954793e-08
47500.000000000095 1.1573905025143203e-07
47550.000000000095 5.678743832280128e-08
47600.000000000095 1.0928062429863288e-07
47650.000000000095 5.97490051578664e-08
47700.000000000095 1.0275516382182742e-07
47750.000000000095 5.0768305637988084e-08
47800.000000000095 9.720150062306785e-08
47850.000000000095 4.9232742773812414e-08
47900.000000000095 8.752397531790042e-08
47950.000000000095 6.586974830848172e-08
48000.000000000095 1.2671111224338598e-07
48050.000000000095 7.947184813662001e-08
48100.000000000095 1.1110143132339536e-07
48150.000000000095 7.842006504776446e-08
48200.000000000095 1.2021314952059204e-07
48250.000000000095 8.453756358856558e-08
48300.000000000095 1.5190681650667214e-07
48350.000000000095 7.890893677269219e-08
48400.000000000095 1.0517699651902174e-07
48450.000000000095 7.287459902349833e-08
48500.000000000095 1.4727408274720618e-07
48550.000000000095 6.884608124766355e-08
48600.000000000095 1.3305658055847175e-07
