galfind/configs/Brown_Dwarf_templates/sonora_cholla/logkzz4/100g/900K_100g_logkzz4_resample.dat
# %ECSV 1.0
# ---
# datatype:
# - {name: wav, unit: Angstrom, datatype: float64}
# - {name: flux_nu, unit: erg / (cm2 Hz s), datatype: float64}
# schema: astropy-2.0
wav flux_nu
10000.000000000093 nan
10050.000000000093 1.1910152157317994e-07
10100.000000000093 1.4631602132839665e-07
10150.000000000093 1.56927511699753e-07
10200.000000000093 1.8012999400064633e-07
10250.000000000093 2.0029195390047672e-07
10300.000000000093 2.118741491033942e-07
10350.000000000093 2.485641813968335e-07
10400.000000000093 2.787450183657865e-07
10450.000000000093 2.887215370153232e-07
10500.000000000093 2.855201231185348e-07
10550.000000000093 2.904527974631421e-07
10600.000000000093 2.998526416437675e-07
10650.000000000093 3.2005711639423e-07
10700.000000000093 3.3289843017535005e-07
10750.000000000093 3.472416493639218e-07
10800.000000000093 3.4738243731525325e-07
10850.000000000093 3.4950562014579836e-07
10900.000000000093 2.5661320196273594e-07
10950.000000000093 1.3590871189524946e-07
11000.000000000093 1.0402403419520799e-07
11050.000000000093 7.398889748432722e-08
11100.000000000093 5.583494217708617e-08
11150.000000000093 3.644987623359164e-08
11200.000000000093 3.416806640566866e-08
11250.000000000093 4.202960639403982e-08
11300.000000000093 4.322341660511677e-08
11350.000000000093 1.9661267180049005e-08
11400.000000000093 4.2044111596555036e-08
11450.000000000093 3.0674867383797897e-08
11500.000000000093 3.124127009633866e-08
11550.000000000093 1.6681801272152142e-08
11600.000000000093 1.8063822096113558e-08
11650.000000000093 2.6343654311509055e-08
11700.000000000093 3.021806915420936e-08
11750.000000000093 1.4776702449378057e-08
11800.000000000093 3.642169771968356e-08
11850.000000000093 5.659677855707622e-08
11900.000000000093 6.373624531189301e-08
11950.000000000093 9.386130770409595e-08
12000.000000000093 1.1765053409354999e-07
12050.000000000093 1.5093171336736095e-07
12100.000000000093 1.8327280347618496e-07
12150.000000000093 2.1450440309014808e-07
12200.000000000093 2.546236283205283e-07
12250.000000000093 2.9948005176096556e-07
12300.000000000093 3.399041460913785e-07
12350.000000000093 3.602103082222671e-07
12400.000000000093 4.0798521550837747e-07
12450.000000000093 4.714249569030492e-07
12500.000000000093 5.051251672255513e-07
12550.000000000093 5.360331404998499e-07
12600.000000000093 5.300469152071332e-07
12650.000000000093 5.204470891985868e-07
12700.000000000093 5.244510593189454e-07
12750.000000000093 4.872176301145471e-07
12800.000000000093 4.854584668669104e-07
12850.000000000093 4.079441420829888e-07
12900.000000000093 3.536848656023287e-07
12950.000000000093 3.527250524145671e-07
13000.000000000093 3.402827323735551e-07
13050.000000000093 3.069780738691349e-07
13100.000000000093 2.7099776689255205e-07
13150.000000000093 2.143376219452507e-07
13200.000000000093 1.942351809959922e-07
13250.000000000093 1.3926866881990393e-07
13300.000000000093 6.773676976019211e-08
13350.000000000093 2.03772257179943e-08
13400.000000000093 1.0881912414501189e-08
13450.000000000093 5.722286921612831e-09
13500.000000000093 3.1266193440034595e-09
13550.000000000093 2.3367127721378045e-09
13600.000000000093 1.1716571672807871e-09
13650.000000000093 3.652543923424967e-09
13700.000000000093 2.751501415355179e-09
13750.000000000093 3.359460472453074e-09
13800.000000000093 4.100161327884539e-09
13850.000000000093 3.00407978733538e-09
13900.000000000093 3.16038173031311e-09
13950.000000000093 2.827031238682229e-09
14000.000000000093 2.6870678308672025e-09
14050.000000000093 3.634917181459747e-09
14100.000000000093 2.9976694381120658e-09
14150.000000000093 4.553322447734104e-09
14200.000000000093 3.3235009952589683e-09
14250.000000000093 3.715447416208883e-09
14300.000000000093 6.457090117797639e-09
14350.000000000093 6.107031897306439e-09
14400.000000000093 7.186012315683992e-09
14450.000000000093 8.061477229675985e-09
14500.000000000093 1.5622013109165672e-08
14550.000000000093 1.6039231269076758e-08
14600.000000000093 2.2125616009730667e-08
14650.000000000093 2.3698661771017e-08
14700.000000000093 1.607056289072067e-08
14750.000000000093 2.2837411828956225e-08
14800.000000000093 2.992090738078484e-08
14850.000000000093 3.07403299111495e-08
14900.000000000093 3.4389260666053077e-08
14950.000000000093 4.037553197461583e-08
15000.000000000093 4.4705582884904627e-08
15050.000000000093 5.504179764659047e-08
15100.000000000093 6.429573554509745e-08
15150.000000000093 6.879854883750583e-08
15200.000000000093 6.384355577502605e-08
15250.000000000093 8.268272276569762e-08
15300.000000000093 9.906873628386121e-08
15350.000000000093 1.1899234105543038e-07
15400.000000000093 1.3253054485015773e-07
15450.000000000093 1.507010965507567e-07
15500.000000000093 1.6110418246975956e-07
15550.000000000093 1.8897591898598458e-07
15600.000000000093 1.9937896288111795e-07
15650.000000000093 2.0978625325685193e-07
15700.000000000093 2.433942116729498e-07
15750.000000000093 2.614178820472726e-07
15800.000000000093 2.483037672586464e-07
15850.000000000093 2.6386647481043637e-07
15900.000000000093 2.487981861725493e-07
15950.000000000093 2.3127908552305206e-07
16000.000000000093 1.9761129443269745e-07
16050.000000000093 1.5012801385419456e-07
16100.000000000093 1.1784431520228008e-07
16150.000000000093 7.799210124302624e-08
16200.000000000093 5.278317613315619e-08
16250.000000000093 5.1650211122270106e-08
16300.000000000093 4.0495091355207586e-08
16350.000000000093 4.509094962118933e-08
16400.000000000095 5.1434256390279236e-08
16450.000000000095 5.716721219549422e-08
16500.000000000095 6.095708391611722e-08
16550.000000000095 5.646604881391388e-08
16600.000000000095 5.7018409930647205e-08
16650.000000000095 4.2058536320574856e-08
16700.000000000095 1.676604675357595e-08
16750.000000000095 2.5761709071262512e-08
16800.000000000095 4.108036630848461e-08
16850.000000000095 4.258771029131606e-08
16900.000000000095 3.388820129242477e-08
16950.000000000095 2.9890242107994526e-08
17000.000000000095 2.3719008003990704e-08
17050.000000000095 3.186903215218544e-08
17100.000000000095 3.907495864018842e-08
17150.000000000095 2.8949061457603177e-08
17200.000000000095 4.679820206235396e-08
17250.000000000095 3.763102279251836e-08
17300.000000000095 2.9630824933927932e-08
17350.000000000095 3.0333472921078664e-08
17400.000000000095 3.094876322910083e-08
17450.000000000095 3.581795256072117e-08
17500.000000000095 4.2790051862649165e-08
17550.000000000095 3.652539429598786e-08
17600.000000000095 2.9766728308962296e-08
17650.000000000095 2.9559972436304364e-08
17700.000000000095 2.2009713299196344e-08
17750.000000000095 2.0198192201459555e-08
17800.000000000095 2.7667439854517645e-08
17850.000000000095 1.8406081007819585e-08
17900.000000000095 2.0093252094373636e-08
17950.000000000095 1.3608020208099589e-08
18000.000000000095 1.647317344263114e-08
18050.000000000095 1.6943441214491116e-08
18100.000000000095 1.4345038742301009e-08
18150.000000000095 2.183360933514112e-08
18200.000000000095 1.2611205580506108e-08
18250.000000000095 2.8369245773964268e-08
18300.000000000095 1.6254929430543674e-08
18350.000000000095 1.3978557154666633e-08
18400.000000000095 1.202614452148404e-08
18450.000000000095 1.6634208132241062e-08
18500.000000000095 1.891785694421871e-08
18550.000000000095 1.4188283218163002e-08
18600.000000000095 1.3004075990604396e-08
18650.000000000095 1.1000060475577918e-08
18700.000000000095 9.912899040866671e-09
18750.000000000095 1.3322406335974332e-08
18800.000000000095 2.777783477727478e-08
18850.000000000095 3.0599599483201853e-08
18900.000000000095 2.7649744462475136e-08
18950.000000000095 4.497003494228848e-08
19000.000000000095 2.8457002447234384e-08
19050.000000000095 2.1155554228029635e-08
19100.000000000095 3.9264834912466065e-08
19150.000000000095 2.826598635163088e-08
19200.000000000095 3.450017121539272e-08
19250.000000000095 2.8932394389945025e-08
19300.000000000095 2.4021525304133604e-08
19350.000000000095 2.2943954398042545e-08
19400.000000000095 1.4458499326415478e-08
19450.000000000095 2.7988520229350796e-08
19500.000000000095 2.533124805522848e-08
19550.000000000095 2.0532618340578316e-08
19600.000000000095 2.9328939840698578e-08
19650.000000000095 3.251221295963916e-08
19700.000000000095 3.415989251364039e-08
19750.000000000095 3.719326637507122e-08
19800.000000000095 4.2785445979368665e-08
19850.000000000095 5.225208037461723e-08
19900.000000000095 3.858495524678261e-08
19950.000000000095 6.070348172258058e-08
20000.000000000095 5.992815311542333e-08
20050.000000000095 6.243287168985276e-08
20100.000000000095 7.028550296596559e-08
20150.000000000095 6.516604137758278e-08
20200.000000000095 7.852796287215865e-08
20250.000000000095 9.053295582763265e-08
20300.000000000095 8.132356339814864e-08
20350.000000000095 9.432960654602673e-08
20400.000000000095 9.282844666992128e-08
20450.000000000095 1.1248380893785282e-07
20500.000000000095 1.1447014584340098e-07
20550.000000000095 1.0985240310854528e-07
20600.000000000095 1.2734053743994477e-07
20650.000000000095 1.192928636692034e-07
20700.000000000095 1.2152304367981813e-07
20750.000000000095 1.3286462977148973e-07
20800.000000000095 1.2855322124150106e-07
20850.000000000095 1.279634394568408e-07
20900.000000000095 1.3361337959109714e-07
20950.000000000095 1.2320122456424233e-07
21000.000000000095 1.2933930797718363e-07
21050.000000000095 1.2019797351728091e-07
21100.000000000095 1.1695960769204887e-07
21150.000000000095 1.1638728112908165e-07
21200.000000000095 1.0998973773099067e-07
21250.000000000095 1.0857082346428465e-07
21300.000000000095 9.45301649704527e-08
21350.000000000095 9.723092524080784e-08
21400.000000000095 8.707726537131375e-08
21450.000000000095 7.953539692045463e-08
21500.000000000095 8.15184604613794e-08
21550.000000000095 7.526684594115698e-08
21600.000000000095 6.866476572997925e-08
21650.000000000095 5.962191281329871e-08
21700.000000000095 6.326489404825542e-08
21750.000000000095 5.959418921560179e-08
21800.000000000095 5.1755943169517566e-08
21850.000000000095 4.5135024243369746e-08
21900.000000000095 3.8915973010740176e-08
21950.000000000095 1.893959322721297e-08
22000.000000000095 1.0073281161878892e-08
22050.000000000095 7.73471261309601e-09
22100.000000000095 1.3933278862825469e-08
22150.000000000095 1.767664167079507e-08
22200.000000000095 1.66597562982144e-08
22250.000000000095 1.5351239074727615e-08
22300.000000000095 1.3232998764121198e-08
22350.000000000095 1.248691592807085e-08
22400.000000000095 9.324221388441652e-09
22450.000000000095 8.588372294375359e-09
22500.000000000095 9.491135438168261e-09
22550.000000000095 4.789560148666965e-09
22600.000000000095 7.0058374717173584e-09
22650.000000000095 8.290905139559914e-09
22700.000000000095 6.627276838115313e-09
22750.000000000095 7.346516625325071e-09
22800.000000000095 6.3946432136891575e-09
22850.000000000095 5.655505669161506e-09
22900.000000000095 4.352969283563117e-09
22950.000000000095 4.728217797210048e-09
23000.000000000095 4.324133418134713e-09
23050.000000000095 5.868584397896195e-09
23100.000000000095 1.1005558193463438e-08
23150.000000000095 1.1465576987249503e-08
23200.000000000095 3.350299666382231e-09
23250.000000000095 3.445831758289452e-09
23300.000000000095 3.816744010774534e-09
23350.000000000095 3.136779267413622e-09
23400.000000000095 5.098280743518043e-09
23450.000000000095 4.228900619455096e-09
23500.000000000095 3.939616430582891e-09
23550.000000000095 6.23388838519739e-09
23600.000000000095 6.547108606809631e-09
23650.000000000095 8.70637950103174e-09
23700.000000000095 4.0398199745866796e-09
23750.000000000095 3.168860604415922e-09
23800.000000000095 5.47165654416555e-09
23850.000000000095 5.226893650899474e-09
23900.000000000095 9.374855626633378e-09
23950.000000000095 9.235903938930183e-09
24000.000000000095 1.203602039980313e-08
24050.000000000095 1.4839156524912632e-08
24100.000000000095 1.1531663547447954e-08
24150.000000000095 1.3193523837088005e-08
24200.000000000095 1.3584424545240024e-08
24250.000000000095 1.0259216620916172e-08
24300.000000000095 1.4194293287422774e-08
24350.000000000095 1.1606422565931025e-08
24400.000000000095 1.9730436665521998e-08
24450.000000000095 1.606221473156098e-08
24500.000000000095 1.9046063906932474e-08
24550.000000000095 2.032905335620501e-08
24600.000000000095 2.388426711991333e-08
24650.000000000095 2.6340855262336848e-08
24700.000000000095 2.048804715480281e-08
24750.000000000095 1.9565851422786808e-08
24800.000000000095 2.1260325431773484e-08
24850.000000000095 3.070829966547032e-08
24900.000000000095 1.5640596690744725e-08
24950.000000000095 2.702408179426763e-08
25000.000000000095 2.7030552477224416e-08
25050.000000000095 1.8736833052789834e-08
25100.000000000095 2.4088270581992897e-08
25150.000000000095 1.4153944941072951e-08
25200.000000000095 2.0999361798947295e-08
25250.000000000095 1.175150943465731e-08
25300.000000000095 1.847941716845081e-08
25350.000000000095 8.708832905014956e-09
25400.000000000095 1.9047730512843185e-08
25450.000000000095 1.1024480623987883e-08
25500.000000000095 1.0445658782753647e-08
25550.000000000095 1.3786625973288483e-08
25600.000000000095 8.056959531598841e-09
25650.000000000095 6.849307595918889e-09
25700.000000000095 1.328697801262018e-08
25750.000000000095 5.870051227714894e-09
25800.000000000095 1.4519213391545358e-08
25850.000000000095 5.678568317987329e-09
25900.000000000095 8.169878025549244e-09
25950.000000000095 4.3962829269255836e-09
26000.000000000095 1.4559243846287948e-08
26050.000000000095 7.030116215734777e-09
26100.000000000095 1.4605730315107711e-08
26150.000000000095 1.060388624647634e-08
26200.000000000095 1.3112317704690844e-08
26250.000000000095 2.2678000216299336e-08
26300.000000000095 1.239771182495033e-08
26350.000000000095 2.6567423919769825e-08
26400.000000000095 3.326447340357586e-08
26450.000000000095 2.7834022824645817e-08
26500.000000000095 2.657409170929611e-08
26550.000000000095 1.7002379472857775e-08
26600.000000000095 2.0767025048378986e-08
26650.000000000095 8.015211911624653e-09
26700.000000000095 5.157747295397348e-09
26750.000000000095 4.993999229302465e-09
26800.000000000095 8.460637436688842e-09
26850.000000000095 4.941066529702043e-09
26900.000000000095 1.3447653385956943e-08
26950.000000000095 5.901084340056805e-09
27000.000000000095 1.9163440399823998e-08
27050.000000000095 1.68853212723641e-08
27100.000000000095 9.176608265056143e-09
27150.000000000095 2.3781335692127172e-08
27200.000000000095 9.36490570382568e-09
27250.000000000095 1.3530692035951873e-08
27300.000000000095 4.030893052465329e-08
27350.000000000095 2.5403212791806482e-08
27400.000000000095 4.721411113183869e-09
27450.000000000095 3.137920898631931e-08
27500.000000000095 3.422175953739283e-08
27550.000000000095 1.2665535984421221e-08
27600.000000000095 2.4914194810594972e-08
27650.000000000095 1.0291123804582813e-08
27700.000000000095 7.728925243312613e-09
27750.000000000095 2.5489233124175866e-08
27800.000000000095 1.1399034214725075e-08
27850.000000000095 1.354363857891826e-08
27900.000000000095 1.778921224409952e-08
27950.000000000095 2.4870360776090625e-08
28000.000000000095 2.3947856150087347e-08
28050.000000000095 8.296617789772195e-09
28100.000000000095 3.2886172688709323e-08
28150.000000000095 2.137715514118178e-08
28200.000000000095 7.703719349906007e-09
28250.000000000095 3.3300127322695516e-08
28300.000000000095 4.708024837504072e-08
28350.000000000095 1.0781049630965493e-08
28400.000000000095 2.7628702389222693e-08
28450.000000000095 3.629148953475632e-08
28500.000000000095 2.6330982541913515e-08
28550.000000000095 9.244222195618576e-09
28600.000000000095 3.5366158845177275e-08
28650.000000000095 3.4283055927508956e-08
28700.000000000095 2.8627376985271738e-08
28750.000000000095 4.444352483917168e-08
28800.000000000095 3.7148022936926976e-08
28850.000000000095 4.9080686538328574e-08
28900.000000000095 2.073246917206804e-08
28950.000000000095 5.540597158290594e-08
29000.000000000095 3.4811423786009655e-08
29050.000000000095 4.308617626951531e-08
29100.000000000095 2.5578001923263705e-08
29150.000000000095 5.958313828091064e-08
29200.000000000095 3.7687776826551705e-08
29250.000000000095 5.54395436855115e-08
