galfind/configs/Brown_Dwarf_templates/sonora_cholla/logkzz4/100g/950K_100g_logkzz4_resample.dat
# %ECSV 1.0
# ---
# datatype:
# - {name: wav, unit: Angstrom, datatype: float64}
# - {name: flux_nu, unit: erg / (cm2 Hz s), datatype: float64}
# schema: astropy-2.0
wav flux_nu
10000.000000000093 nan
10050.000000000093 1.4274802505376456e-07
10100.000000000093 1.7340540694923203e-07
10150.000000000093 1.8370470284190013e-07
10200.000000000093 2.0870803489365556e-07
10250.000000000093 2.299070715125593e-07
10300.000000000093 2.3991873146785166e-07
10350.000000000093 2.79781484366042e-07
10400.000000000093 3.122489429996774e-07
10450.000000000093 3.2119760414295246e-07
10500.000000000093 3.1435594406348895e-07
10550.000000000093 3.176868733619443e-07
10600.000000000093 3.2886385821032046e-07
10650.000000000093 3.5295111504695984e-07
10700.000000000093 3.6999939873591217e-07
10750.000000000093 3.8875657977610953e-07
10800.000000000093 3.9358151537560236e-07
10850.000000000093 4.036011107980334e-07
10900.000000000093 3.0818951923928073e-07
10950.000000000093 1.7481785203762805e-07
11000.000000000093 1.389714989518078e-07
11050.000000000093 1.0258447222515419e-07
11100.000000000093 8.123251530418638e-08
11150.000000000093 5.627456800756757e-08
11200.000000000093 5.394944975779026e-08
11250.000000000093 6.629781847317037e-08
11300.000000000093 6.642858654279793e-08
11350.000000000093 3.201476808585016e-08
11400.000000000093 6.577424437235165e-08
11450.000000000093 4.8717408195026375e-08
11500.000000000093 5.281284430264215e-08
11550.000000000093 3.1384607291246465e-08
11600.000000000093 3.3960193122336935e-08
11650.000000000093 4.52192645844727e-08
11700.000000000093 5.099467089889401e-08
11750.000000000093 2.983738409300588e-08
11800.000000000093 6.072876813531586e-08
11850.000000000093 8.873930492943396e-08
11900.000000000093 9.798679037422327e-08
11950.000000000093 1.3879566119224443e-07
12000.000000000093 1.6578995752379398e-07
12050.000000000093 2.0663943479066845e-07
12100.000000000093 2.4268574122389396e-07
12150.000000000093 2.775169816969287e-07
12200.000000000093 3.24210603075759e-07
12250.000000000093 3.743363242351312e-07
12300.000000000093 4.175473387016157e-07
12350.000000000093 4.4116294177518114e-07
12400.000000000093 4.872608747642153e-07
12450.000000000093 5.565760677036256e-07
12500.000000000093 5.931521733014497e-07
12550.000000000093 6.272604783269366e-07
12600.000000000093 6.231146416141579e-07
12650.000000000093 6.140813424470459e-07
12700.000000000093 6.240016974848319e-07
12750.000000000093 5.835638448150339e-07
12800.000000000093 5.872801615362079e-07
12850.000000000093 5.035890950341497e-07
12900.000000000093 4.4380400046856295e-07
12950.000000000093 4.495209285467476e-07
13000.000000000093 4.3735420998509376e-07
13050.000000000093 4.0513336170168177e-07
13100.000000000093 3.6288818454084856e-07
13150.000000000093 2.959590485869835e-07
13200.000000000093 2.714324806255807e-07
13250.000000000093 1.997399578634024e-07
13300.000000000093 1.0174549684490252e-07
13350.000000000093 3.148354903152498e-08
13400.000000000093 1.679331018201229e-08
13450.000000000093 9.264943880296555e-09
13500.000000000093 5.237381747402824e-09
13550.000000000093 4.051770900713854e-09
13600.000000000093 2.2345024180899053e-09
13650.000000000093 6.339879437679697e-09
13700.000000000093 4.868915859750255e-09
13750.000000000093 5.825622500453609e-09
13800.000000000093 7.365435761501466e-09
13850.000000000093 5.446383976540767e-09
13900.000000000093 5.7065564678499524e-09
13950.000000000093 5.1454939470175815e-09
14000.000000000093 4.812533262125149e-09
14050.000000000093 6.31733418628632e-09
14100.000000000093 5.015998629957979e-09
14150.000000000093 7.402009987436313e-09
14200.000000000093 5.525209169548997e-09
14250.000000000093 5.995457259835641e-09
14300.000000000093 9.915078290610626e-09
14350.000000000093 9.337592383786328e-09
14400.000000000093 1.1013245533506366e-08
14450.000000000093 1.2087004448736637e-08
14500.000000000093 2.2684446641118338e-08
14550.000000000093 2.309594002581569e-08
14600.000000000093 3.1249171650603045e-08
14650.000000000093 3.342994961097253e-08
14700.000000000093 2.3056896420994743e-08
14750.000000000093 3.209178027736164e-08
14800.000000000093 4.158455489890801e-08
14850.000000000093 4.2660117752850745e-08
14900.000000000093 4.724389181213262e-08
14950.000000000093 5.438783333956218e-08
15000.000000000093 5.949040321419694e-08
15050.000000000093 7.380756327974564e-08
15100.000000000093 8.476320924275807e-08
15150.000000000093 9.101890643023403e-08
15200.000000000093 8.389025288541863e-08
15250.000000000093 1.063841971408306e-07
15300.000000000093 1.2667561542929096e-07
15350.000000000093 1.5063640135300548e-07
15400.000000000093 1.6659844058405137e-07
15450.000000000093 1.8913818556005145e-07
15500.000000000093 2.015932610687808e-07
15550.000000000093 2.3453277238195293e-07
15600.000000000093 2.4410678386378404e-07
15650.000000000093 2.575380279623759e-07
15700.000000000093 2.99485159168811e-07
15750.000000000093 3.2204693218142296e-07
15800.000000000093 3.060581932102503e-07
15850.000000000093 3.2835625946832694e-07
15900.000000000093 3.1529932968804854e-07
15950.000000000093 3.01169870293309e-07
16000.000000000093 2.685600602337732e-07
16050.000000000093 2.1685062382728561e-07
16100.000000000093 1.7887386787587033e-07
16150.000000000093 1.2465962687247387e-07
16200.000000000093 8.911466371182207e-08
16250.000000000093 8.886019071893276e-08
16300.000000000093 7.257758785031144e-08
16350.000000000093 7.959432745443917e-08
16400.000000000095 9.05557797038246e-08
16450.000000000095 1.0002245812169352e-07
16500.000000000095 1.0642100548714665e-07
16550.000000000095 9.921460149217249e-08
16600.000000000095 9.837586023810906e-08
16650.000000000095 7.453296264505818e-08
16700.000000000095 3.406678172659052e-08
16750.000000000095 4.760992477794785e-08
16800.000000000095 7.284642340574177e-08
16850.000000000095 7.40918153064526e-08
16900.000000000095 6.180763447556574e-08
16950.000000000095 5.562194553503223e-08
17000.000000000095 4.595408234261358e-08
17050.000000000095 5.957795256596214e-08
17100.000000000095 6.968899907124374e-08
17150.000000000095 5.425682146193522e-08
17200.000000000095 7.798357882060182e-08
17250.000000000095 6.445407863009863e-08
17300.000000000095 5.275310705954855e-08
17350.000000000095 5.291227830681763e-08
17400.000000000095 5.23925444666636e-08
17450.000000000095 5.7571752131390806e-08
17500.000000000095 6.671194661422231e-08
17550.000000000095 5.678766829158768e-08
17600.000000000095 4.797808041837188e-08
17650.000000000095 4.7939080956904836e-08
17700.000000000095 3.5085950874840163e-08
17750.000000000095 3.2059098619553826e-08
17800.000000000095 4.2274368712058925e-08
17850.000000000095 2.813849713640004e-08
17900.000000000095 3.170022320839726e-08
17950.000000000095 2.2069882211444607e-08
18000.000000000095 2.5751961175260274e-08
18050.000000000095 2.5760196553213477e-08
18100.000000000095 2.1845262299329478e-08
18150.000000000095 3.2926695383084136e-08
18200.000000000095 1.9334144432847907e-08
18250.000000000095 4.162963473391865e-08
18300.000000000095 2.4928738283115846e-08
18350.000000000095 2.1833539465187415e-08
18400.000000000095 1.9072642561096233e-08
18450.000000000095 2.42740618055722e-08
18500.000000000095 2.7682743965244728e-08
18550.000000000095 2.1050654905145873e-08
18600.000000000095 1.8674952795881678e-08
18650.000000000095 1.6410026317575834e-08
18700.000000000095 1.551528379458197e-08
18750.000000000095 1.9799136145714394e-08
18800.000000000095 3.834834361115216e-08
18850.000000000095 4.312313467047727e-08
18900.000000000095 3.902713853331515e-08
18950.000000000095 6.137269436463321e-08
19000.000000000095 4.107582411065046e-08
19050.000000000095 3.116894096090261e-08
19100.000000000095 5.493382284153098e-08
19150.000000000095 4.129777390701856e-08
19200.000000000095 4.8416079681049447e-08
19250.000000000095 4.131429355517254e-08
19300.000000000095 3.5228949169360966e-08
19350.000000000095 3.28939123801952e-08
19400.000000000095 2.0933037084162783e-08
19450.000000000095 3.93032691619769e-08
19500.000000000095 3.587010242675989e-08
19550.000000000095 2.886172488169026e-08
19600.000000000095 4.043521473129363e-08
19650.000000000095 4.465021850491676e-08
19700.000000000095 4.648030968229782e-08
19750.000000000095 4.932800506982371e-08
19800.000000000095 5.690886793420378e-08
19850.000000000095 6.847995288503078e-08
19900.000000000095 5.023096592750294e-08
19950.000000000095 7.852436421050801e-08
20000.000000000095 7.73724429720735e-08
20050.000000000095 8.124137867571859e-08
20100.000000000095 8.991669324604451e-08
20150.000000000095 8.467386978516208e-08
20200.000000000095 1.0191819875944505e-07
20250.000000000095 1.1592124615774087e-07
20300.000000000095 1.042975898138818e-07
20350.000000000095 1.2037652401491253e-07
20400.000000000095 1.1937913751351435e-07
20450.000000000095 1.43436627783154e-07
20500.000000000095 1.4610531030059467e-07
20550.000000000095 1.3997761670257243e-07
20600.000000000095 1.632612812595337e-07
20650.000000000095 1.5248940975258796e-07
20700.000000000095 1.561190581836001e-07
20750.000000000095 1.7112687160326102e-07
20800.000000000095 1.6664610617179886e-07
20850.000000000095 1.6580384059891248e-07
20900.000000000095 1.7388782118496165e-07
20950.000000000095 1.6155150598504756e-07
21000.000000000095 1.7042550576041814e-07
21050.000000000095 1.5930477045085033e-07
21100.000000000095 1.56249426436888e-07
21150.000000000095 1.5597666370957638e-07
21200.000000000095 1.4804861814005726e-07
21250.000000000095 1.4795053928568361e-07
21300.000000000095 1.3056179584199104e-07
21350.000000000095 1.3492414835666673e-07
21400.000000000095 1.2105557802048226e-07
21450.000000000095 1.1295219870443484e-07
21500.000000000095 1.1544270787425244e-07
21550.000000000095 1.0712258067397106e-07
21600.000000000095 9.977738034593609e-08
21650.000000000095 8.762353648674508e-08
21700.000000000095 9.263842003389719e-08
21750.000000000095 8.647605214044703e-08
21800.000000000095 7.597219339839587e-08
21850.000000000095 6.675542100102149e-08
21900.000000000095 5.9121913280894496e-08
21950.000000000095 3.1265756167961126e-08
22000.000000000095 1.8233869520664176e-08
22050.000000000095 1.3590706964843519e-08
22100.000000000095 2.286220038682572e-08
22150.000000000095 2.854603322121247e-08
22200.000000000095 2.7290485574990708e-08
22250.000000000095 2.502838261326938e-08
22300.000000000095 2.284312504553422e-08
22350.000000000095 2.1164864623617592e-08
22400.000000000095 1.6667631638278027e-08
22450.000000000095 1.5086010118633827e-08
22500.000000000095 1.667864756327314e-08
22550.000000000095 9.057761475525067e-09
22600.000000000095 1.2655595012663506e-08
22650.000000000095 1.416078712902549e-08
22700.000000000095 1.2119540497263418e-08
22750.000000000095 1.3068111222686329e-08
22800.000000000095 1.1429547569140236e-08
22850.000000000095 1.0183886004577646e-08
22900.000000000095 8.315903150694095e-09
22950.000000000095 8.93506342736332e-09
23000.000000000095 7.494805927506754e-09
23050.000000000095 1.0503544079451157e-08
23100.000000000095 1.784534844421585e-08
23150.000000000095 1.826254937360156e-08
23200.000000000095 6.339800901452822e-09
23250.000000000095 6.4598510164917125e-09
23300.000000000095 6.805143988224758e-09
23350.000000000095 5.7176232527663585e-09
23400.000000000095 8.786346750683573e-09
23450.000000000095 7.570738295770374e-09
23500.000000000095 7.274880402177091e-09
23550.000000000095 1.0960624595030561e-08
23600.000000000095 1.1400975301587675e-08
23650.000000000095 1.4509567763538843e-08
23700.000000000095 7.415273375258274e-09
23750.000000000095 6.108976027411985e-09
23800.000000000095 9.26624151476088e-09
23850.000000000095 9.073308471084018e-09
23900.000000000095 1.551010674399247e-08
23950.000000000095 1.5455162020544765e-08
24000.000000000095 1.9903107719530577e-08
24050.000000000095 2.3571491993144947e-08
24100.000000000095 1.8453905205124755e-08
24150.000000000095 2.0612546026348705e-08
24200.000000000095 2.1857300482080704e-08
24250.000000000095 1.7368476553276928e-08
24300.000000000095 2.2343509109816148e-08
24350.000000000095 1.8749179760879098e-08
24400.000000000095 3.068359084513266e-08
24450.000000000095 2.4488955476979182e-08
24500.000000000095 2.9105134751102804e-08
24550.000000000095 2.987158220149552e-08
24600.000000000095 3.469200075984061e-08
24650.000000000095 3.822482709552837e-08
24700.000000000095 2.980780867201159e-08
24750.000000000095 2.805472508354579e-08
24800.000000000095 3.044990809651048e-08
24850.000000000095 4.3325080796123625e-08
24900.000000000095 2.228262904073428e-08
24950.000000000095 3.796553228282989e-08
25000.000000000095 3.735371205888072e-08
25050.000000000095 2.6367536456631487e-08
25100.000000000095 3.3634702536825885e-08
25150.000000000095 2.025747892291746e-08
25200.000000000095 2.939611183571395e-08
25250.000000000095 1.7346232313335946e-08
25300.000000000095 2.6698958757796974e-08
25350.000000000095 1.3028133979498448e-08
25400.000000000095 2.686595488178971e-08
25450.000000000095 1.6371650698422787e-08
25500.000000000095 1.5637487151250103e-08
25550.000000000095 2.0173258495094504e-08
25600.000000000095 1.3108287764407862e-08
25650.000000000095 1.0709592458997547e-08
25700.000000000095 2.0758699655017415e-08
25750.000000000095 9.55295322466147e-09
25800.000000000095 2.2006485148657003e-08
25850.000000000095 9.30972105207327e-09
25900.000000000095 1.3184960697038028e-08
25950.000000000095 7.608961306944447e-09
26000.000000000095 2.1779869217077923e-08
26050.000000000095 1.2014634803949534e-08
26100.000000000095 2.2582725429220863e-08
26150.000000000095 1.6974843077988608e-08
26200.000000000095 2.0729384232471455e-08
26250.000000000095 3.22517177632284e-08
26300.000000000095 1.9092689787938623e-08
26350.000000000095 3.7361706398302896e-08
26400.000000000095 4.614543533613666e-08
26450.000000000095 3.9324141323899765e-08
26500.000000000095 3.6549883336003933e-08
26550.000000000095 2.536811678443528e-08
26600.000000000095 3.1229314020503785e-08
26650.000000000095 1.304365340891369e-08
26700.000000000095 8.838600372994666e-09
26750.000000000095 8.263647058857458e-09
26800.000000000095 1.357904865193065e-08
26850.000000000095 7.950778909774522e-09
26900.000000000095 1.9817639395218327e-08
26950.000000000095 9.130217892203035e-09
27000.000000000095 2.6962917312082015e-08
27050.000000000095 2.3949250254199397e-08
27100.000000000095 1.4211545487671713e-08
27150.000000000095 3.294503794382794e-08
27200.000000000095 1.4696624642936789e-08
27250.000000000095 1.9917414897837165e-08
27300.000000000095 5.318638318915084e-08
27350.000000000095 3.541107205257456e-08
27400.000000000095 7.805486714556202e-09
27450.000000000095 4.3753981880519104e-08
27500.000000000095 4.595199167652424e-08
27550.000000000095 1.9359887780067793e-08
27600.000000000095 3.6346674531463004e-08
27650.000000000095 1.5781351660089322e-08
27700.000000000095 1.2047021154136846e-08
27750.000000000095 3.641462076303014e-08
27800.000000000095 1.7069636705899626e-08
27850.000000000095 1.998984295736537e-08
27900.000000000095 2.6086816741847332e-08
27950.000000000095 3.4036071458917674e-08
28000.000000000095 3.384465426473269e-08
28050.000000000095 1.2718624452399199e-08
28100.000000000095 4.4983273074960064e-08
28150.000000000095 3.047743028352962e-08
28200.000000000095 1.1704948260817672e-08
28250.000000000095 4.521850335225306e-08
28300.000000000095 6.305320978934243e-08
28350.000000000095 1.568421772608034e-08
28400.000000000095 3.841664021988544e-08
28450.000000000095 4.7603003509794664e-08
28500.000000000095 3.650607449434606e-08
28550.000000000095 1.3833260931134002e-08
28600.000000000095 4.7869428277766364e-08
28650.000000000095 4.6041546302256994e-08
28700.000000000095 3.859317977383858e-08
28750.000000000095 5.778417410021392e-08
28800.000000000095 4.8590518668998765e-08
28850.000000000095 6.466809331369458e-08
28900.000000000095 2.7857705120416678e-08
28950.000000000095 7.075420215044213e-08
29000.000000000095 4.536749204602474e-08
29050.000000000095 5.588155346091623e-08
29100.000000000095 3.344885589517701e-08
29150.000000000095 7.526798509498593e-08
29200.000000000095 4.881033681219686e-08
29250.000000000095 7.130070664241566e-08
