galfind/configs/Brown_Dwarf_templates/sonora_cholla/logkzz4/178g/1000K_178g_logkzz4_resample.dat
# %ECSV 1.0
# ---
# datatype:
# - {name: wav, unit: Angstrom, datatype: float64}
# - {name: flux_nu, unit: erg / (cm2 Hz s), datatype: float64}
# schema: astropy-2.0
wav flux_nu
[from data line 775]
48750.000000000095 1.1451274586934671e-07
48800.000000000095 1.9022034149843676e-07
48850.000000000095 1.3670484956207755e-07
48900.000000000095 1.999337817174945e-07
48950.000000000095 1.7442600167949693e-07
49000.000000000095 1.4715663157904685e-07
49050.000000000095 1.887914979512167e-07
49100.000000000095 1.323649174792006e-07
49150.000000000095 2.1983053312885494e-07
49200.000000000095 1.4476882866857812e-07
49250.000000000095 2.2383944045131967e-07
49300.000000000095 1.629370603851232e-07
49350.000000000095 1.7356553578366905e-07
49400.000000000095 2.0851208678819166e-07
49450.000000000095 1.9154744405577525e-07
49500.000000000095 1.8577046946523886e-07
49550.000000000095 1.1557809739307754e-07
49600.000000000095 1.9586192590892284e-07
49650.000000000095 1.7930515630362612e-07
49700.000000000095 1.5875073023045958e-07
49750.000000000095 2.702200103313581e-07
49800.000000000095 1.5919193049613163e-07
49850.000000000095 2.979031222587497e-07
49900.000000000095 2.1623030855381227e-07
49950.000000000095 2.4131965312215004e-07
50000.000000000095 2.6414489560178997e-07
50050.000000000095 2.4084563258979886e-07
50100.000000000095 3.098699294404787e-07
50150.000000000095 1.5804839270854582e-07
50200.000000000095 1.1842459282902154e-07
50250.000000000095 2.644766240818484e-07
50300.000000000095 1.8632171630126156e-07
50350.000000000095 2.5942327101398286e-07
50400.000000000095 2.2985459597248089e-07
50450.000000000095 2.3389383944203663e-07
50500.000000000095 2.9277386723206426e-07
50550.000000000095 2.3996603566688017e-07
50600.000000000095 2.758838480393996e-07
50650.000000000095 2.48920660193834e-07
50700.000000000095 3.4711090833930996e-07
50750.000000000095 3.3623997739479064e-07
50800.000000000095 1.6634176843645496e-07
50850.000000000095 1.8701099022115495e-07
50900.000000000095 3.1462934014327085e-07
50950.000000000095 3.2082343313440983e-07
51000.000000000095 2.87269521098658e-07
51050.000000000095 2.6510634714350163e-07
51100.000000000095 1.6954542716868477e-07
51150.000000000095 2.2486401137942228e-07
51200.000000000095 3.311546298383664e-07
51250.000000000095 2.989458930415443e-07
51300.000000000095 1.964315818786189e-07
51350.000000000095 2.590705777623045e-07
51400.000000000095 1.906460668971621e-07
51450.000000000095 1.6750154169951275e-07
51500.000000000095 1.54872606701942e-07
51550.000000000095 2.928223197379328e-07
51600.000000000095 2.0184845696880188e-07
51650.000000000095 2.7650164249139377e-07
51700.000000000095 2.7999084669888795e-07
51750.000000000095 1.8745281506784866e-07
51800.000000000095 3.6290094484212496e-07
51850.000000000095 2.8225481782152347e-07
51900.000000000095 3.653694715589972e-07
51950.000000000095 3.0454154206106063e-07
52000.000000000095 1.1114815089658182e-07
52050.000000000095 2.0304529439323262e-07
52100.000000000095 1.8800644101158742e-07
52150.000000000095 1.5143282572028315e-07
52200.000000000095 1.5476567319181858e-07
52250.000000000095 2.0691822432763895e-07
52300.000000000095 3.352973778454948e-07
52350.000000000095 2.327006572331551e-07
52400.000000000095 1.8097637361202362e-07
52450.000000000095 2.947852547056749e-07
52500.000000000095 2.684001356532061e-07
52550.000000000095 2.8240523162354273e-07
52600.000000000095 2.171266597632647e-07
52650.000000000095 2.4649259098292996e-07
52700.000000000095 2.1010015772397285e-07
52750.000000000095 1.7024113801467664e-07
52800.000000000095 1.807068221346075e-07
52850.000000000095 2.1393450492908597e-07
52900.000000000095 1.6485624663423386e-07
52950.000000000095 1.7156826234637185e-07
53000.000000000095 3.2706918082674764e-07
53050.000000000095 1.3903539108943968e-07
53100.000000000095 2.883497646861168e-07
53150.000000000095 3.443504759047801e-07
53200.000000000095 1.6646472419127648e-07
53250.000000000095 3.1389794320597096e-07
53300.000000000095 3.190170849235924e-07
53350.000000000095 3.0074890665777084e-07
53400.000000000095 3.158254723507858e-07
53450.000000000095 1.4967189574026792e-07
53500.000000000095 9.595936051372927e-08
53550.000000000095 1.5248879910527883e-07
53600.000000000095 2.1852442366899928e-07
53650.000000000095 1.9095350267528632e-07
53700.000000000095 1.7347896731576083e-07
53750.000000000095 1.7732638318588482e-07
53800.000000000095 1.739889209283987e-07
53850.000000000095 2.360489952866972e-07
53900.000000000095 2.1436357438960214e-07
53950.000000000095 2.903063404795078e-07
54000.000000000095 2.016077718174368e-07
54050.000000000095 2.1147379859315948e-07
54100.000000000095 1.0602819948205403e-07
54150.000000000095 1.5435479020318392e-07
54200.000000000095 7.798376680677571e-08
54250.000000000095 9.321619851378019e-08
54300.000000000095 1.5746703151448167e-07
54350.000000000095 2.1033378286979162e-07
54400.000000000095 2.164977608661385e-07
54450.000000000095 1.7279546882452795e-07
54500.000000000095 1.5847065661720497e-07
54550.000000000095 1.4089580406290866e-07
54600.000000000095 1.7859275800391307e-07
54650.000000000095 9.458775839490763e-08
54700.000000000095 2.072079965034523e-07
54750.000000000095 1.9892067347072097e-07
54800.000000000095 1.4208134751428463e-07
54850.000000000095 1.6935698649652e-07
54900.000000000095 2.232175235148031e-07
54950.000000000095 2.9365918478261207e-07
55000.000000000095 1.2577760250092289e-07
55050.000000000095 1.9445412446675115e-07
55100.000000000095 1.718012723044682e-07
55150.000000000095 1.400507630177262e-07
55200.000000000095 1.4015563625539156e-07
55250.000000000095 1.6271144854550056e-07
55300.000000000095 1.1825011504962076e-07
55350.000000000095 1.8819463188600055e-07
55400.000000000095 2.3826741659942555e-07
55450.000000000095 1.665391502316966e-07
55500.000000000095 9.102107421196443e-08
55550.000000000095 1.2513890282439142e-07
55600.000000000095 1.1783333671678131e-07
55650.000000000095 1.0558211016303443e-07
55700.000000000095 1.3569806205356053e-07
55750.000000000095 1.4779997551990065e-07
55800.000000000095 1.0676721647347969e-07
55850.000000000095 9.826060429550244e-08
55900.000000000095 1.8041306355675474e-07
55950.000000000095 2.3116562652168641e-07
56000.000000000095 1.1255894014089042e-07
56050.000000000095 1.518707661324819e-07
56100.000000000095 1.8038695823620527e-07
56150.000000000095 1.2874577700143733e-07
56200.000000000095 1.4727897744303804e-07
56250.000000000095 1.5494909350296558e-07
56300.000000000095 1.6275069237997082e-07
56350.000000000095 1.6122959586696502e-07
56400.000000000095 1.0495836780215395e-07
56450.000000000095 9.313736353748662e-08
56500.000000000095 1.1131712803284016e-07
56550.000000000095 8.070488855612431e-08
56600.000000000095 1.7004599084178815e-07
56650.000000000095 1.6070216940795156e-07
56700.000000000095 1.7494446006333047e-07
56750.000000000095 9.131305434049632e-08
56800.000000000095 1.8137778276368803e-07
56850.000000000095 1.4471812094908403e-07
56900.000000000095 1.0716980710985693e-07
56950.000000000095 1.7811592635006824e-07
57000.000000000095 1.941686607849454e-07
57050.000000000095 1.2704677554903084e-07
57100.000000000095 6.687048948967793e-08
57150.000000000095 9.871745841456624e-08
57200.000000000095 8.182340349220511e-08
57250.000000000095 1.1475539649255349e-07
57300.000000000095 1.553784708114174e-07
57350.000000000095 8.710987179139225e-08
57400.000000000095 1.496748355212507e-07
57450.000000000095 1.3223636884672233e-07
57500.000000000095 1.282714489315936e-07
57550.000000000095 1.6671137904245458e-07
57600.000000000095 1.7386686404913478e-07
57650.000000000095 6.780568841467764e-08
57700.000000000095 8.861933204986422e-08
57750.000000000095 1.132442485702503e-07
57800.000000000095 4.84624382549764e-08
57850.000000000095 2.1259792722561412e-07
57900.000000000095 2.424990485241287e-07
57950.000000000095 2.1455116384021418e-07
58000.000000000095 1.0709142753892281e-07
58050.000000000095 1.5459529962385042e-07
58100.000000000095 1.827573640289179e-07
58150.000000000095 1.3316033091172492e-07
58200.000000000095 7.269422575173458e-08
58250.000000000095 9.728657648889122e-08
58300.000000000095 7.714557879598792e-08
58350.000000000095 1.0098632789192222e-07
58400.000000000095 1.4113386347586296e-07
58450.000000000095 1.465872731481945e-07
58500.000000000095 1.3581870751847586e-07
58550.000000000095 1.5035792331049725e-07
58600.000000000095 8.537153301612395e-08
58650.000000000095 1.087280131928422e-07
58700.000000000095 1.2055717277807168e-07
58750.000000000095 1.3084049167000564e-07
58800.000000000095 5.843558301797008e-08
58850.000000000095 1.1007769286200695e-07
58900.000000000095 1.4654761862599717e-07
58950.000000000095 8.598778783256031e-08
59000.000000000095 1.424510111679018e-07
59050.000000000095 1.5567348905763556e-07
59100.000000000095 1.85026212806116e-07
59150.000000000095 1.282411554000895e-07
59200.000000000095 1.412210963144696e-07
59250.000000000095 1.5402407189183432e-07
59300.000000000095 1.424178265083187e-07
59350.000000000095 6.934249374958536e-08
59400.000000000095 5.4924113491446473e-08
59450.000000000095 1.2706797651260356e-07
59500.000000000095 7.732088973348734e-08
59550.000000000095 1.5295539875022195e-07
59600.000000000095 1.523731162894921e-07
59650.000000000095 1.3482056460548154e-07
59700.000000000095 9.03747616100923e-08
59750.000000000095 1.989923852500184e-07
59800.000000000095 1.1577217647651441e-07
59850.000000000095 1.6148747356968463e-07
59900.000000000095 7.695006729329397e-08
59950.000000000095 1.2852975901786946e-07
60000.000000000095 2.1303843267202724e-07
60050.000000000095 1.8737692267438503e-07
60100.000000000095 1.9219522253177673e-07
60150.000000000095 1.2732023181125493e-07
60200.000000000095 1.529511067481812e-07
60250.000000000095 1.8803745339419707e-07
60300.000000000095 1.7758695692047646e-07
60350.000000000095 1.2632902200644268e-07
60400.000000000095 1.5475894478619136e-07
60450.000000000095 8.080788615551128e-08
60500.000000000095 5.092154760548355e-08
60550.000000000095 1.631216471567034e-07
60600.000000000095 1.610668718320998e-07
60650.000000000095 1.3066551462836909e-07
60700.000000000095 1.0971046245145889e-07
60750.000000000095 8.383802080986695e-08
60800.000000000095 1.6331816246882385e-07
60850.000000000095 2.385568156403139e-07
60900.000000000095 2.1975142508484676e-07
60950.000000000095 1.9819557894510876e-07
61000.000000000095 1.4603167843967616e-07
61050.000000000095 1.0493661960013508e-07
61100.000000000095 1.4500305277102232e-07
61150.000000000095 5.8714558698763315e-08
61200.000000000095 1.8990995599903738e-07
61250.000000000095 2.284958529749442e-07
61300.000000000095 2.0052335589010253e-07
61350.000000000095 2.421961730882429e-07
61400.000000000095 1.6200064009176288e-07
61450.000000000095 9.386566317393367e-08
61500.000000000095 1.2452222206545123e-07
61550.000000000095 1.2106614874314302e-07
61600.000000000095 8.656651004739584e-08
61650.000000000095 1.4265228165480307e-07
61700.000000000095 1.1680144096876627e-07
61750.000000000095 1.4086847500040246e-07
61800.000000000095 1.5865976469817356e-07
61850.000000000095 1.0047067183112163e-07
61900.000000000095 1.9907929542156217e-07
61950.000000000095 1.906639460444109e-07
62000.000000000095 1.9731713173171687e-07
62050.000000000095 1.7282100174878005e-07
62100.000000000095 1.8600646955311642e-07
62150.000000000095 2.0433281600003364e-07
62200.000000000095 1.7467224704752743e-07
62250.000000000095 1.7906313645921892e-07
62300.000000000095 2.518160344721274e-07
62350.000000000095 1.9361627615404268e-07
62400.000000000095 1.0937246474107802e-07
62450.000000000095 1.6771741214696144e-07
62500.000000000095 2.2536878448802745e-07
62550.000000000095 2.1939297268414014e-07
62600.000000000095 2.398089483490374e-07
62650.000000000095 1.8322918716728471e-07
62700.000000000095 2.0364893558885704e-07
62750.000000000095 2.5625481151929336e-07
62800.000000000095 1.5732102656287372e-07
62850.000000000095 2.1493325945742905e-07
62900.000000000095 1.627553456874193e-07
62950.000000000095 2.1860532628724442e-07
63000.000000000095 1.9386141113991552e-07
63050.000000000095 2.6301072482069907e-07
63100.000000000095 2.347191162487987e-07
63150.000000000095 1.8317575101294237e-07
63200.000000000095 2.30994472445642e-07
63250.000000000095 1.710825288786649e-07
63300.000000000095 2.2869011947379495e-07
63350.000000000095 2.0967012968282485e-07
63400.000000000095 1.2551963654462403e-07
63450.000000000095 1.0029701535393398e-07
63500.000000000095 1.9001136300470777e-07
63550.000000000095 1.8269638043587861e-07
63600.000000000095 2.1273910131945388e-07
63650.000000000095 1.5131430804706335e-07
63700.000000000095 1.0776039970706084e-07
63750.000000000095 1.509938454422307e-07
63800.000000000095 1.9060508122893398e-07
63850.000000000095 1.7455089112491217e-07
63900.000000000095 1.19498279126196e-07
63950.000000000095 1.792713629519041e-07
64000.000000000095 1.9226754750569644e-07
64050.000000000095 1.3759946377026918e-07
64100.000000000095 5.3382545250006e-08
64150.000000000095 7.495471645656026e-08
64200.000000000095 8.353519631070703e-08
64250.000000000095 1.4421932567108754e-07
64300.000000000095 1.0946619797442823e-07
64350.000000000095 9.295782909970542e-08
64400.000000000095 1.5507396835250946e-07
64450.000000000095 1.654003473943574e-07
64500.000000000095 9.199365311451001e-08
64550.000000000095 1.3802344878783096e-07
64600.000000000095 7.375705397902478e-08
64650.000000000095 1.2510588372122905e-07
64700.000000000095 7.146547819253394e-08
64750.000000000095 9.291987628816244e-08
64800.000000000095 8.95863807246008e-08
64850.000000000095 7.803648612892965e-08
64900.000000000095 8.724360954103307e-08
64950.000000000095 8.355571472252921e-08
65000.000000000095 1.0338142073473505e-07
65050.000000000095 1.0320902748119351e-07
65100.000000000095 1.3739995276957195e-07
65150.000000000095 8.461235014225064e-08
65200.000000000095 7.53002067031921e-08
65250.000000000095 1.3182977182605903e-07
65300.000000000095 1.0161435153583563e-07
65350.000000000095 1.924782707645366e-07
65400.000000000095 1.0404510981250744e-07
65450.000000000095 1.0977131728402434e-07
65500.000000000095 1.2974691352844695e-07
65550.00000000009 8.267377746263725e-08
65600.00000000009 1.086461678978079e-07
65650.00000000009 1.10771381381918e-07
65700.00000000009 1.0116437634122878e-07
65750.00000000009 8.042363077016679e-08
65800.00000000009 1.1806820648965719e-07
65850.00000000009 1.363043102574987e-07
65900.00000000009 7.793595096446858e-08
65950.00000000009 7.131144514869366e-08
66000.00000000009 1.0188639503088459e-07
66050.00000000009 1.8117221777002428e-07
66100.00000000009 1.1296933516578058e-07
66150.00000000009 8.362936694729313e-08
66200.00000000009 8.471572761082102e-08
66250.00000000009 7.997886730483162e-08
66300.00000000009 4.141086525966674e-08
66350.00000000009 5.707642435382469e-08
66400.00000000009 7.694975619758069e-08
66450.00000000009 1.30890928003667e-07
66500.00000000009 1.760072387452779e-07
66550.00000000009 1.7276492354449436e-07
66600.00000000009 1.302423255789553e-07
66650.00000000009 1.1507477529702958e-07
66700.00000000009 1.0573253125168403e-07
66750.00000000009 9.762161478306945e-08
66800.00000000009 1.2650273607961154e-07
66850.00000000009 8.630742945534251e-08
66900.00000000009 1.4559067241852004e-07
66950.00000000009 1.7468646157960173e-07
67000.00000000009 1.638522542235892e-07
67050.00000000009 1.1731196320700651e-07
67100.00000000009 9.330496730279641e-08
67150.00000000009 9.67895618286508e-08
67200.00000000009 1.1559942042550739e-07
67250.00000000009 1.196183016714297e-07
67300.00000000009 1.306123083936056e-07
67350.00000000009 8.536814953945314e-08
67400.00000000009 1.692969242938959e-07
67450.00000000009 1.3025560196205942e-07
67500.00000000009 1.1758530650800501e-07
67550.00000000009 1.4453857991577716e-07
67600.00000000009 2.2711478628736053e-07
67650.00000000009 1.7167247319945453e-07
67700.00000000009 1.308203713246457e-07
67750.00000000009 1.1362112828935448e-07
67800.00000000009 1.5080218481565983e-07
67850.00000000009 9.143708430671052e-08
67900.00000000009 1.1489042387957545e-07
67950.00000000009 8.025913347680593e-08
