galfind/configs/Brown_Dwarf_templates/sonora_cholla/logkzz4/178g/1000K_178g_logkzz4_resample.dat
# %ECSV 1.0
# ---
# datatype:
# - {name: wav, unit: Angstrom, datatype: float64}
# - {name: flux_nu, unit: erg / (cm2 Hz s), datatype: float64}
# schema: astropy-2.0
wav flux_nu
[from data line 1161]
68050.00000000009 1.5669114860670542e-07
68100.00000000009 1.7562556881565036e-07
68150.00000000009 1.388374628752492e-07
68200.00000000009 1.4177553283899353e-07
68250.00000000009 6.532217737654298e-08
68300.00000000009 1.2388777759944698e-07
68350.00000000009 6.97553185461966e-08
68400.00000000009 1.7874554441690416e-07
68450.00000000009 1.696340426518121e-07
68500.00000000009 1.402758491021174e-07
68550.00000000009 9.413497613640488e-08
68600.00000000009 9.949880964506152e-08
68650.00000000009 6.547453975940193e-08
68700.00000000009 1.0953774701238944e-07
68750.00000000009 1.370003632740514e-07
68800.00000000009 1.5287839227069232e-07
68850.00000000009 7.862084238539113e-08
68900.00000000009 1.8816511297092242e-07
68950.00000000009 1.9378491790023702e-07
69000.00000000009 1.768734029625998e-07
69050.00000000009 1.1148018710149511e-07
69100.00000000009 1.8940889419775597e-07
69150.00000000009 2.2440285726972355e-07
69200.00000000009 1.397573393153209e-07
69250.00000000009 2.084114727271017e-07
69300.00000000009 1.314854685098129e-07
69350.00000000009 1.9362899642128346e-07
69400.00000000009 9.429944051094046e-08
69450.00000000009 1.9852516600079177e-07
69500.00000000009 1.2590227028687054e-07
69550.00000000009 1.3233124974617917e-07
69600.00000000009 5.419510460358628e-08
69650.00000000009 1.20524606231996e-07
69700.00000000009 1.8292849351588136e-07
69750.00000000009 1.284053922728911e-07
69800.00000000009 1.6710375754680633e-07
69850.00000000009 1.757791844801873e-07
69900.00000000009 1.2379040066174626e-07
69950.00000000009 1.3718029751037542e-07
70000.00000000009 1.2514946286419242e-07
70050.00000000009 1.9111025658078577e-07
70100.00000000009 1.4015695779489355e-07
70150.00000000009 1.4482759306065233e-07
70200.00000000009 1.0562973603641583e-07
70250.00000000009 1.4136371943530085e-07
70300.00000000009 1.8184479123848015e-07
70350.00000000009 1.353394041756833e-07
70400.00000000009 1.1593361766811408e-07
70450.00000000009 5.7462229995943906e-08
70500.00000000009 9.468385068478809e-08
70550.00000000009 1.0051898347333974e-07
70600.00000000009 9.612425640137363e-08
70650.00000000009 1.5623171032944147e-07
70700.00000000009 1.447211589354371e-07
70750.00000000009 1.6951545544861322e-07
70800.00000000009 1.1300575914111198e-07
70850.00000000009 1.1046601350785986e-07
70900.00000000009 1.1051431164281351e-07
70950.00000000009 1.7246043097997823e-07
71000.00000000009 1.430132617343994e-07
71050.00000000009 1.4565574278368132e-07
71100.00000000009 1.262022203471142e-07
71150.00000000009 1.2749944645972724e-07
71200.00000000009 1.1304613585291553e-07
71250.00000000009 1.231048469182965e-07
71300.00000000009 1.6201000329194893e-07
71350.00000000009 1.572152094443641e-07
71400.00000000009 1.5200541121814105e-07
71450.00000000009 8.560147710638305e-08
71500.00000000009 1.0501753915987014e-07
71550.00000000009 1.1411840258521181e-07
71600.00000000009 1.277838167092142e-07
71650.00000000009 1.1656902774068429e-07
71700.00000000009 9.380876565765256e-08
71750.00000000009 1.1723948508522709e-07
71800.00000000009 1.531336206800277e-07
71850.00000000009 1.4858514515279582e-07
71900.00000000009 1.0256244245462027e-07
71950.00000000009 1.1113710578017242e-07
72000.00000000009 1.1237252628953212e-07
72050.00000000009 8.652049377147612e-08
72100.00000000009 1.0184989609986967e-07
72150.00000000009 8.450193177989505e-08
72200.00000000009 1.1234753760156747e-07
72250.00000000009 1.303931543884244e-07
72300.00000000009 1.1893179987824934e-07
72350.00000000009 1.2242598087728e-07
72400.00000000009 1.0025790227353918e-07
72450.00000000009 8.874093497163429e-08
72500.00000000009 1.0939431482634124e-07
72550.00000000009 6.652325014058844e-08
72600.00000000009 6.920860602569844e-08
72650.00000000009 1.2617067911786567e-07
72700.00000000009 1.2296624788186468e-07
72750.00000000009 1.0450967190624028e-07
72800.00000000009 9.409736467942693e-08
72850.00000000009 9.238167171627897e-08
72900.00000000009 1.1841197329676234e-07
72950.00000000009 1.151570618363719e-07
73000.00000000009 1.1522674179334391e-07
73050.00000000009 9.178604446292039e-08
73100.00000000009 8.170644599686911e-08
73150.00000000009 1.48730061248313e-07
73200.00000000009 8.590313357066536e-08
73250.00000000009 1.0226221846087486e-07
73300.00000000009 1.045698142996646e-07
73350.00000000009 8.124941123912092e-08
73400.00000000009 1.0519313753663266e-07
73450.00000000009 7.053938207688191e-08
73500.00000000009 6.878819558989096e-08
73550.00000000009 9.480166501709113e-08
73600.00000000009 7.266242294157026e-08
73650.00000000009 1.0063513741366598e-07
73700.00000000009 1.1812604449309603e-07
73750.00000000009 6.932334299578273e-08
73800.00000000009 9.526134598692472e-08
73850.00000000009 1.0388956133844984e-07
73900.00000000009 1.0961838371507634e-07
73950.00000000009 9.485507233350119e-08
74000.00000000009 8.07796552684636e-08
74050.00000000009 1.4599728522037133e-07
74100.00000000009 9.009266776907531e-08
74150.00000000009 1.0069959392601959e-07
74200.00000000009 8.992291591667868e-08
74250.00000000009 5.118765138057665e-08
74300.00000000009 9.027454420428762e-08
74350.00000000009 1.1583111437931701e-07
74400.00000000009 1.0523938624367967e-07
74450.00000000009 6.112118095022267e-08
74500.00000000009 7.191951596806669e-08
74550.00000000009 9.160509357746775e-08
74600.00000000009 9.062017167799879e-08
74650.00000000009 8.999488732430797e-08
74700.00000000009 6.905802717619928e-08
74750.00000000009 7.83243287411394e-08
74800.00000000009 8.482840324701023e-08
74850.00000000009 6.255149025377681e-08
74900.00000000009 1.183136119301542e-07
74950.00000000009 1.2387505981735889e-07
75000.00000000009 9.459469558637192e-08
75050.00000000009 6.714638496142181e-08
75100.00000000009 1.30887960462193e-07
75150.00000000009 1.0862374829711365e-07
75200.00000000009 1.2979727948719192e-07
75250.00000000009 1.189601827849373e-07
75300.00000000009 1.248612444309573e-07
75350.00000000009 7.264390494719156e-08
75400.00000000009 1.2921028371682905e-07
75450.00000000009 1.0756398317436761e-07
75500.00000000009 9.95004248107785e-08
75550.00000000009 1.2993783993172098e-07
75600.00000000009 1.5583627853590922e-07
75650.00000000009 9.445109804841409e-08
75700.00000000009 1.0768259832022391e-07
75750.00000000009 7.625918373437682e-08
75800.00000000009 1.182588116921432e-07
75850.00000000009 1.4301954019123658e-07
75900.00000000009 1.2556565013470966e-07
75950.00000000009 9.222668530210741e-08
76000.00000000009 1.14286887801078e-07
76050.00000000009 1.2793559401146655e-07
76100.00000000009 1.0876473964221028e-07
76150.00000000009 1.3035632664872972e-07
76200.00000000009 1.3185462243963595e-07
76250.00000000009 1.5140731497008598e-07
76300.00000000009 1.7085809513265887e-07
76350.00000000009 2.042284741676327e-07
76400.00000000009 1.5608178371015003e-07
76450.00000000009 1.5028524671000035e-07
76500.00000000009 1.2041204196677238e-07
76550.00000000009 1.0182344676461437e-07
76600.00000000009 4.696655380480157e-08
76650.00000000009 5.180990109163618e-08
76700.00000000009 5.7007527653544465e-08
76750.00000000009 5.509952280422407e-08
76800.00000000009 8.748061315375777e-08
76850.00000000009 3.3081478296547866e-08
76900.00000000009 4.480182312158787e-08
76950.00000000009 7.061852666566491e-08
77000.00000000009 7.653767872693098e-08
77050.00000000009 5.096062623744122e-08
77100.00000000009 5.87647789742364e-08
77150.00000000009 8.751410994712491e-08
77200.00000000009 7.11149012957255e-08
77250.00000000009 8.047213819206876e-08
77300.00000000009 7.722509897782082e-08
77350.00000000009 5.0154097715439604e-08
77400.00000000009 4.841300171545577e-08
77450.00000000009 5.828591751246722e-08
77500.00000000009 5.5961632421911555e-08
77550.00000000009 7.013629563701375e-08
77600.00000000009 7.48911426761868e-08
77650.00000000009 7.08035018324016e-08
77700.00000000009 5.020194140059351e-08
77750.00000000009 9.179580339614836e-08
77800.00000000009 7.1573279535144e-08
77850.00000000009 1.1405951160583917e-07
77900.00000000009 9.122735917830413e-08
77950.00000000009 5.762228163331692e-08
78000.00000000009 7.640286154381157e-08
78050.00000000009 8.776973740496685e-08
78100.00000000009 6.827414627749842e-08
78150.00000000009 1.0416220229735761e-07
78200.00000000009 1.0382274265896277e-07
78250.00000000009 1.1728601680168406e-07
78300.00000000009 1.0989814822829678e-07
78350.00000000009 9.954756006731701e-08
78400.00000000009 8.929175966690484e-08
78450.00000000009 1.2491639902222106e-07
78500.00000000009 1.131095420050157e-07
78550.00000000009 1.2565308611124736e-07
78600.00000000009 1.0897000171104871e-07
78650.00000000009 4.908313593159481e-08
78700.00000000009 7.862984219074398e-08
78750.00000000009 7.624341027192617e-08
78800.00000000009 1.0895571138236754e-07
78850.00000000009 6.906496173909478e-08
78900.00000000009 1.033287201703401e-07
78950.00000000009 9.377815601871602e-08
79000.00000000009 9.260290106702738e-08
79050.00000000009 8.573130105496244e-08
79100.00000000009 9.154843318582687e-08
79150.00000000009 1.0121271829295965e-07
79200.00000000009 1.1859757866870545e-07
79250.00000000009 1.0128346216414736e-07
79300.00000000009 7.21426016737243e-08
79350.00000000009 1.1146710624135237e-07
79400.00000000009 9.259665802493846e-08
79450.00000000009 1.0827116415088152e-07
79500.00000000009 1.5297339651173208e-07
79550.00000000009 1.218694658991793e-07
79600.00000000009 8.042608241077166e-08
79650.00000000009 1.0712820039430714e-07
79700.00000000009 1.2702640205140473e-07
79750.00000000009 1.2407688635690722e-07
79800.00000000009 1.0130632024054033e-07
79850.00000000009 1.0190221267642051e-07
79900.00000000009 1.5627908545395062e-07
79950.00000000009 1.0613251927225797e-07
