galfind/configs/Brown_Dwarf_templates/sonora_cholla/logkzz4/178g/1050K_178g_logkzz4_resample.dat
# %ECSV 1.0
# ---
# datatype:
# - {name: wav, unit: Angstrom, datatype: float64}
# - {name: flux_nu, unit: erg / (cm2 Hz s), datatype: float64}
# schema: astropy-2.0
wav flux_nu
[from data line 1161]
68050.00000000009 1.8757845802443013e-07
68100.00000000009 2.032602094432806e-07
68150.00000000009 1.6111691701166504e-07
68200.00000000009 1.6674964390933167e-07
68250.00000000009 8.312057073078201e-08
68300.00000000009 1.4671375087343085e-07
68350.00000000009 8.389478511481891e-08
68400.00000000009 2.0605910952304335e-07
68450.00000000009 1.98489470002426e-07
68500.00000000009 1.6721323491843119e-07
68550.00000000009 1.1710016123140522e-07
68600.00000000009 1.241552616482282e-07
68650.00000000009 8.518017819438986e-08
68700.00000000009 1.3556846843986113e-07
68750.00000000009 1.6494028403042676e-07
68800.00000000009 1.813199674342764e-07
68850.00000000009 9.983605187883072e-08
68900.00000000009 2.202349935840746e-07
68950.00000000009 2.296836164338843e-07
69000.00000000009 2.1281956377154788e-07
69050.00000000009 1.3730723884413574e-07
69100.00000000009 2.2127365817881493e-07
69150.00000000009 2.5954580727199525e-07
69200.00000000009 1.6369225797996377e-07
69250.00000000009 2.3749046576462626e-07
69300.00000000009 1.6626560791915864e-07
69350.00000000009 2.2168630266993406e-07
69400.00000000009 1.1428875790663632e-07
69450.00000000009 2.303770469494238e-07
69500.00000000009 1.5206826552865713e-07
69550.00000000009 1.6103797673511844e-07
69600.00000000009 6.923852712763404e-08
69650.00000000009 1.4793668481760514e-07
69700.00000000009 2.1288132867659937e-07
69750.00000000009 1.5147235557201158e-07
69800.00000000009 1.9709096045570165e-07
69850.00000000009 2.0759252513518648e-07
69900.00000000009 1.4574023004494452e-07
69950.00000000009 1.6653766979465227e-07
70000.00000000009 1.4804446900944726e-07
70050.00000000009 2.1934027465312934e-07
70100.00000000009 1.6372376831272477e-07
70150.00000000009 1.7436144797502724e-07
70200.00000000009 1.2861920660039257e-07
70250.00000000009 1.6659540566585538e-07
70300.00000000009 2.082049916145928e-07
70350.00000000009 1.5776903257670434e-07
70400.00000000009 1.4215582103633764e-07
70450.00000000009 7.49990069021916e-08
70500.00000000009 1.154684218817159e-07
70550.00000000009 1.233951334046904e-07
70600.00000000009 1.21180529638954e-07
70650.00000000009 1.7994088625425485e-07
70700.00000000009 1.681495614234039e-07
70750.00000000009 1.9603056586459276e-07
70800.00000000009 1.3412600052457872e-07
70850.00000000009 1.305797577238331e-07
70900.00000000009 1.2936385718540683e-07
70950.00000000009 2.0056456019129857e-07
71000.00000000009 1.6627629934918232e-07
71050.00000000009 1.7185933466302602e-07
71100.00000000009 1.5217613766520914e-07
71150.00000000009 1.5400773621910567e-07
71200.00000000009 1.3623012507764878e-07
71250.00000000009 1.4707966636865253e-07
71300.00000000009 1.8818690335577261e-07
71350.00000000009 1.7964121030720475e-07
71400.00000000009 1.7754053632259334e-07
71450.00000000009 1.0455272112333323e-07
71500.00000000009 1.280166086357194e-07
71550.00000000009 1.3768761991377846e-07
71600.00000000009 1.5238060228278825e-07
71650.00000000009 1.4229071928494622e-07
71700.00000000009 1.1646355936362306e-07
71750.00000000009 1.4042008570335268e-07
71800.00000000009 1.802407971602974e-07
71850.00000000009 1.7591216249503554e-07
71900.00000000009 1.2470183890314483e-07
71950.00000000009 1.3306033425001561e-07
72000.00000000009 1.342941304677728e-07
72050.00000000009 1.0687167573878865e-07
72100.00000000009 1.2499477966642983e-07
72150.00000000009 1.0616006315865553e-07
72200.00000000009 1.3279571982449624e-07
72250.00000000009 1.538105508935591e-07
72300.00000000009 1.4324657416819007e-07
72350.00000000009 1.442723915212795e-07
72400.00000000009 1.1777737314799844e-07
72450.00000000009 1.0899267681236065e-07
72500.00000000009 1.305200341104708e-07
72550.00000000009 8.130536641101618e-08
72600.00000000009 8.123967645394258e-08
72650.00000000009 1.495386176814959e-07
72700.00000000009 1.49571963742984e-07
72750.00000000009 1.270332014362774e-07
72800.00000000009 1.1701155573974285e-07
72850.00000000009 1.1259190318903597e-07
72900.00000000009 1.3922421036235775e-07
72950.00000000009 1.3789549271624615e-07
73000.00000000009 1.3818030702561913e-07
73050.00000000009 1.1487902110309701e-07
73100.00000000009 1.0018104029231565e-07
73150.00000000009 1.7420314100728678e-07
73200.00000000009 1.0687021000353424e-07
73250.00000000009 1.2416545728902394e-07
73300.00000000009 1.272897787751379e-07
73350.00000000009 1.0231112384465479e-07
73400.00000000009 1.269429206835854e-07
73450.00000000009 8.53982210686049e-08
73500.00000000009 8.81573915696255e-08
73550.00000000009 1.1528079417924723e-07
73600.00000000009 8.981150840054175e-08
73650.00000000009 1.2121060241590612e-07
73700.00000000009 1.4448855420052869e-07
73750.00000000009 8.82243418565714e-08
73800.00000000009 1.1458931118338905e-07
73850.00000000009 1.2342841944792402e-07
73900.00000000009 1.3471703331303904e-07
73950.00000000009 1.1501520604495472e-07
74000.00000000009 1.0350537773253906e-07
74050.00000000009 1.7378674555373397e-07
74100.00000000009 1.0799235767650877e-07
74150.00000000009 1.2354558239199815e-07
74200.00000000009 1.103961447432855e-07
74250.00000000009 6.998966662804641e-08
74300.00000000009 1.1191575780589481e-07
74350.00000000009 1.373346564843405e-07
74400.00000000009 1.2548931583768617e-07
74450.00000000009 7.63194913935858e-08
74500.00000000009 9.112530599638947e-08
74550.00000000009 1.1206882674139735e-07
74600.00000000009 1.1035325797731483e-07
74650.00000000009 1.0935288142629281e-07
74700.00000000009 8.518729535941966e-08
74750.00000000009 9.925160538201389e-08
74800.00000000009 1.0452156122843749e-07
74850.00000000009 7.309982754615854e-08
74900.00000000009 1.4545555389588562e-07
74950.00000000009 1.4691179616174215e-07
75000.00000000009 1.1872628019807444e-07
75050.00000000009 9.004669872799517e-08
75100.00000000009 1.5688551965115438e-07
75150.00000000009 1.289321725983757e-07
75200.00000000009 1.5481003852601045e-07
75250.00000000009 1.387871137923918e-07
75300.00000000009 1.5013697132820805e-07
75350.00000000009 8.92465173181843e-08
75400.00000000009 1.5027688833669052e-07
75450.00000000009 1.2659072039406354e-07
75500.00000000009 1.1840084009810515e-07
75550.00000000009 1.5692325752647845e-07
75600.00000000009 1.8455195885816558e-07
75650.00000000009 1.165511122708767e-07
75700.00000000009 1.2770029245499567e-07
75750.00000000009 9.209141608204013e-08
75800.00000000009 1.4031856566600566e-07
75850.00000000009 1.687688556074392e-07
75900.00000000009 1.4813388059099462e-07
75950.00000000009 1.1592487287229653e-07
76000.00000000009 1.325357184416818e-07
76050.00000000009 1.5085318806984983e-07
76100.00000000009 1.286681654458615e-07
76150.00000000009 1.5326413247191794e-07
76200.00000000009 1.55928451440126e-07
76250.00000000009 1.8105327688953118e-07
76300.00000000009 1.9769319142245257e-07
76350.00000000009 2.3367626434342902e-07
76400.00000000009 1.814083736065886e-07
76450.00000000009 1.7502339051013605e-07
76500.00000000009 1.4054360161469517e-07
76550.00000000009 1.2850693491306726e-07
76600.00000000009 6.317219646494831e-08
76650.00000000009 6.885891461990895e-08
76700.00000000009 7.854921751923074e-08
76750.00000000009 7.233442929324553e-08
76800.00000000009 1.103548574896033e-07
76850.00000000009 4.796197844568613e-08
76900.00000000009 5.7746237863358745e-08
76950.00000000009 8.8059508088263e-08
77000.00000000009 9.516751037696105e-08
77050.00000000009 6.690851623340124e-08
77100.00000000009 7.338865663087463e-08
77150.00000000009 1.0739000599872175e-07
77200.00000000009 8.909566225250605e-08
77250.00000000009 9.923145662626144e-08
77300.00000000009 9.415766038270186e-08
77350.00000000009 6.336283328876964e-08
77400.00000000009 5.977497053796991e-08
77450.00000000009 6.860761384090963e-08
77500.00000000009 7.425496398609319e-08
77550.00000000009 8.817044323192913e-08
77600.00000000009 9.437180274631273e-08
77650.00000000009 9.052237506444935e-08
77700.00000000009 6.739296047808955e-08
77750.00000000009 1.1104211928449665e-07
77800.00000000009 8.773760943132716e-08
77850.00000000009 1.3334886257510934e-07
77900.00000000009 1.0929122304273094e-07
77950.00000000009 7.281000768968963e-08
78000.00000000009 9.005546136550389e-08
78050.00000000009 1.07424867355497e-07
78100.00000000009 8.348052588363324e-08
78150.00000000009 1.2248990092097274e-07
78200.00000000009 1.2303298332160153e-07
78250.00000000009 1.3660803526182074e-07
78300.00000000009 1.3169810826862037e-07
78350.00000000009 1.1879589200998453e-07
78400.00000000009 1.0924284683855062e-07
78450.00000000009 1.4765696823389047e-07
78500.00000000009 1.3439358663895746e-07
78550.00000000009 1.4562432017512113e-07
78600.00000000009 1.2665041594079754e-07
78650.00000000009 6.26713125392175e-08
78700.00000000009 9.940475443558803e-08
78750.00000000009 9.35962017344683e-08
78800.00000000009 1.2955975113072302e-07
78850.00000000009 8.849056676506593e-08
78900.00000000009 1.225827298489489e-07
78950.00000000009 1.1097753007475713e-07
79000.00000000009 1.1134516514244012e-07
79050.00000000009 1.0227162640155461e-07
79100.00000000009 1.1059275928571847e-07
79150.00000000009 1.2394218192825918e-07
79200.00000000009 1.4401478081810516e-07
79250.00000000009 1.2575302858611689e-07
79300.00000000009 9.016105853525942e-08
79350.00000000009 1.3493924981217772e-07
79400.00000000009 1.1381201001612345e-07
79450.00000000009 1.2307785490798526e-07
79500.00000000009 1.7673201807298778e-07
79550.00000000009 1.4228767272464202e-07
79600.00000000009 9.902054499890116e-08
79650.00000000009 1.2519517421529738e-07
79700.00000000009 1.5322851652546297e-07
79750.00000000009 1.4706584810973085e-07
79800.00000000009 1.234923999654502e-07
79850.00000000009 1.2056834211404766e-07
79900.00000000009 1.8308339249601436e-07
79950.00000000009 1.2542955113752892e-07
