galfind/configs/Brown_Dwarf_templates/sonora_cholla/logkzz4/178g/1050K_178g_logkzz4_resample.dat
# %ECSV 1.0
# ---
# datatype:
# - {name: wav, unit: Angstrom, datatype: float64}
# - {name: flux_nu, unit: erg / (cm2 Hz s), datatype: float64}
# schema: astropy-2.0
wav flux_nu
[from data line 775]
48750.000000000095 1.4101174925862288e-07
48800.000000000095 2.281328465961483e-07
48850.000000000095 1.6465203957795148e-07
48900.000000000095 2.40295271062859e-07
48950.000000000095 2.071824550753127e-07
49000.000000000095 1.765985276697988e-07
49050.000000000095 2.2485030843220286e-07
49100.000000000095 1.5907523779529668e-07
49150.000000000095 2.5651220743296695e-07
49200.000000000095 1.7616904234899527e-07
49250.000000000095 2.6032941484568007e-07
49300.000000000095 1.9506039382556857e-07
49350.000000000095 2.0496026845515837e-07
49400.000000000095 2.466354243198029e-07
49450.000000000095 2.2629962841994616e-07
49500.000000000095 2.19218485605882e-07
49550.000000000095 1.4206760788518403e-07
49600.000000000095 2.296943576573776e-07
49650.000000000095 2.1015581391536567e-07
49700.000000000095 1.8427249509127417e-07
49750.000000000095 3.092440650639624e-07
49800.000000000095 1.8732780237122883e-07
49850.000000000095 3.3768677576193017e-07
49900.000000000095 2.506295790673511e-07
49950.000000000095 2.741288981741113e-07
50000.000000000095 3.0299382687396563e-07
50050.000000000095 2.760916239469914e-07
50100.000000000095 3.533403118409969e-07
50150.000000000095 1.887978556741007e-07
50200.000000000095 1.4549193449037058e-07
50250.000000000095 3.079529093051804e-07
50300.000000000095 2.177002907887981e-07
50350.000000000095 2.9703972377994817e-07
50400.000000000095 2.6419055705401105e-07
50450.000000000095 2.6690098721002676e-07
50500.000000000095 3.28735043335241e-07
50550.000000000095 2.7292364517099094e-07
50600.000000000095 3.1280004913503687e-07
50650.000000000095 2.8271704948807973e-07
50700.000000000095 3.876444334392929e-07
50750.000000000095 3.807310602951884e-07
50800.000000000095 1.96055206349925e-07
50850.000000000095 2.2671833873647745e-07
50900.000000000095 3.5566113650335853e-07
50950.000000000095 3.663295309493309e-07
51000.000000000095 3.2994724501090663e-07
51050.000000000095 2.9963957444183535e-07
51100.000000000095 2.023625298530227e-07
51150.000000000095 2.5929496052352664e-07
51200.000000000095 3.7131970421660253e-07
51250.000000000095 3.399806164460322e-07
51300.000000000095 2.255743470086319e-07
51350.000000000095 2.970967143179053e-07
51400.000000000095 2.284451396271797e-07
51450.000000000095 2.0106100801223278e-07
51500.000000000095 1.874459132264827e-07
51550.000000000095 3.3832689239069314e-07
51600.000000000095 2.3247263635030154e-07
51650.000000000095 3.1646222717734164e-07
51700.000000000095 3.1989058668258007e-07
51750.000000000095 2.1852437530833195e-07
51800.000000000095 4.1210534435964405e-07
51850.000000000095 3.188059452630029e-07
51900.000000000095 4.1148970022617125e-07
51950.000000000095 3.4963070253910947e-07
52000.000000000095 1.3914837692939897e-07
52050.000000000095 2.385489428151125e-07
52100.000000000095 2.2610774707749963e-07
52150.000000000095 1.8591743763008405e-07
52200.000000000095 1.8591516726035088e-07
52250.000000000095 2.3692765758954723e-07
52300.000000000095 3.77474793986671e-07
52350.000000000095 2.803389076453076e-07
52400.000000000095 2.1365780081530837e-07
52450.000000000095 3.349222218891787e-07
52500.000000000095 3.039920863245173e-07
52550.000000000095 3.23597833505307e-07
52600.000000000095 2.5081377692697877e-07
52650.000000000095 2.8978480439143203e-07
52700.000000000095 2.437931911868366e-07
52750.000000000095 2.0475039037997015e-07
52800.000000000095 2.132051241865265e-07
52850.000000000095 2.5118270716261347e-07
52900.000000000095 1.9759631448395452e-07
52950.000000000095 2.0277826279361263e-07
53000.000000000095 3.765017299935241e-07
53050.000000000095 1.688108105882696e-07
53100.000000000095 3.2912894972330635e-07
53150.000000000095 3.8976532774973784e-07
53200.000000000095 1.9484096303279835e-07
53250.000000000095 3.571885243555651e-07
53300.000000000095 3.61874911295446e-07
53350.000000000095 3.391197527532195e-07
53400.000000000095 3.6385745279671284e-07
53450.000000000095 1.8400900038337195e-07
53500.000000000095 1.2362389766118939e-07
53550.000000000095 1.8978249273142085e-07
53600.000000000095 2.5683259192908564e-07
53650.000000000095 2.243148538459974e-07
53700.000000000095 2.0574090156387672e-07
53750.000000000095 2.1248670584688313e-07
53800.000000000095 2.0790860346186986e-07
53850.000000000095 2.778245220871692e-07
53900.000000000095 2.458279386663802e-07
53950.000000000095 3.340733416094512e-07
54000.000000000095 2.372505319045132e-07
54050.000000000095 2.449537554306393e-07
54100.000000000095 1.322300604477784e-07
54150.000000000095 1.8793604293921318e-07
54200.000000000095 1.010198790298393e-07
54250.000000000095 1.1555607750185366e-07
54300.000000000095 1.8828557853180315e-07
54350.000000000095 2.4764170113761944e-07
54400.000000000095 2.573367240918074e-07
54450.000000000095 2.057413416165631e-07
54500.000000000095 1.884407077309645e-07
54550.000000000095 1.6857028445525231e-07
54600.000000000095 2.1354090364752536e-07
54650.000000000095 1.2422169216951838e-07
54700.000000000095 2.4634123106862765e-07
54750.000000000095 2.389810276499034e-07
54800.000000000095 1.7578737889191643e-07
54850.000000000095 2.0445831914996095e-07
54900.000000000095 2.6423279736807384e-07
54950.000000000095 3.424459098299162e-07
55000.000000000095 1.5604344730181247e-07
55050.000000000095 2.3158255494049452e-07
55100.000000000095 1.9972331661231456e-07
55150.000000000095 1.717841106945149e-07
55200.000000000095 1.722026760778766e-07
55250.000000000095 1.9452146068383553e-07
55300.000000000095 1.4523995226174748e-07
55350.000000000095 2.191882424503643e-07
55400.000000000095 2.7904315991952654e-07
55450.000000000095 2.0304275983271184e-07
55500.000000000095 1.1526419248441649e-07
55550.000000000095 1.5705848212228679e-07
55600.000000000095 1.455880985860318e-07
55650.000000000095 1.2693547580237837e-07
55700.000000000095 1.6683085322273032e-07
55750.000000000095 1.8299786258135223e-07
55800.000000000095 1.3746694988179793e-07
55850.000000000095 1.233168777088347e-07
55900.000000000095 2.1677561922772523e-07
55950.000000000095 2.7681065971928334e-07
56000.000000000095 1.386111213084282e-07
56050.000000000095 1.8852176242950683e-07
56100.000000000095 2.1775126507266678e-07
56150.000000000095 1.5948983495119983e-07
56200.000000000095 1.8007162780746623e-07
56250.000000000095 1.812120250960929e-07
56300.000000000095 1.970237819520927e-07
56350.000000000095 1.9956822485203518e-07
56400.000000000095 1.3692762641139105e-07
56450.000000000095 1.2091823448692208e-07
56500.000000000095 1.352051940160426e-07
56550.000000000095 1.036419971006837e-07
56600.000000000095 2.0383104042358197e-07
56650.000000000095 1.9079626295348263e-07
56700.000000000095 2.1217443748626092e-07
56750.000000000095 1.1688855629517306e-07
56800.000000000095 2.217584548006364e-07
56850.000000000095 1.7431586754286842e-07
56900.000000000095 1.358772543321099e-07
56950.000000000095 2.1617402495486e-07
57000.000000000095 2.3163852318964736e-07
57050.000000000095 1.5899936129409682e-07
57100.000000000095 8.770732650841116e-08
57150.000000000095 1.2412890844277932e-07
57200.000000000095 1.0333885491817164e-07
57250.000000000095 1.460862552723808e-07
57300.000000000095 1.9066073458113517e-07
57350.000000000095 1.0898023928818245e-07
57400.000000000095 1.81796281148196e-07
57450.000000000095 1.6659433965666547e-07
57500.000000000095 1.6194551508326842e-07
57550.000000000095 2.0480637730699924e-07
57600.000000000095 2.1556264687725648e-07
57650.000000000095 9.000644719846871e-08
57700.000000000095 1.1387615120193627e-07
57750.000000000095 1.4228799888794528e-07
57800.000000000095 6.108425731185397e-08
57850.000000000095 2.5008581925468847e-07
57900.000000000095 2.8569180396039644e-07
57950.000000000095 2.511008078636336e-07
58000.000000000095 1.3238048987583596e-07
58050.000000000095 1.8787001231527338e-07
58100.000000000095 2.2263230095044996e-07
58150.000000000095 1.6609758828209916e-07
58200.000000000095 9.632834291335115e-08
58250.000000000095 1.2779023689732184e-07
58300.000000000095 9.910924480536412e-08
58350.000000000095 1.2770840426988154e-07
58400.000000000095 1.7133842472304805e-07
58450.000000000095 1.774671254639662e-07
58500.000000000095 1.6386352428615122e-07
58550.000000000095 1.8295515213391631e-07
58600.000000000095 1.0912962019096863e-07
58650.000000000095 1.3803688233191415e-07
58700.000000000095 1.4839734442776766e-07
58750.000000000095 1.6014416735974533e-07
58800.000000000095 8.027534253044266e-08
58850.000000000095 1.3972378163218935e-07
58900.000000000095 1.8231135094689185e-07
58950.000000000095 1.1163912426834246e-07
59000.000000000095 1.7561016892633037e-07
59050.000000000095 1.8919080285345977e-07
59100.000000000095 2.2622899808266978e-07
59150.000000000095 1.5912418522757737e-07
59200.000000000095 1.735974504740823e-07
59250.000000000095 1.8852783350794698e-07
59300.000000000095 1.7756551936046924e-07
59350.000000000095 9.279699007486788e-08
59400.000000000095 7.280462517470241e-08
59450.000000000095 1.547964770470006e-07
59500.000000000095 9.76306075402202e-08
59550.000000000095 1.8930927278695653e-07
59600.000000000095 1.8301364724313736e-07
59650.000000000095 1.694888370490989e-07
59700.000000000095 1.142233185247616e-07
59750.000000000095 2.4001683425035573e-07
59800.000000000095 1.463145067990078e-07
59850.000000000095 1.9759545621226373e-07
59900.000000000095 9.965342403890773e-08
59950.000000000095 1.6086263219519053e-07
60000.000000000095 2.549207085336667e-07
60050.000000000095 2.2356393517179533e-07
60100.000000000095 2.3366595965538725e-07
60150.000000000095 1.601364269049515e-07
60200.000000000095 1.8459471758146744e-07
60250.000000000095 2.231966082587403e-07
60300.000000000095 2.1179195507249868e-07
60350.000000000095 1.5381111208750894e-07
60400.000000000095 1.8727562749069456e-07
60450.000000000095 1.0598738748251909e-07
60500.000000000095 7.004331426387944e-08
60550.000000000095 2.0054272619604483e-07
60600.000000000095 1.9503206253716123e-07
60650.000000000095 1.6320962600059788e-07
60700.000000000095 1.4047793552842698e-07
60750.000000000095 1.1093136736632257e-07
60800.000000000095 1.979499100239046e-07
60850.000000000095 2.808992797617157e-07
60900.000000000095 2.589508335707697e-07
60950.000000000095 2.3806298433128494e-07
61000.000000000095 1.7726326812123565e-07
61050.000000000095 1.3222337848082635e-07
61100.000000000095 1.8328434303165925e-07
61150.000000000095 7.5271032451891e-08
61200.000000000095 2.34544959560149e-07
61250.000000000095 2.781403596761031e-07
61300.000000000095 2.423645088754922e-07
61350.000000000095 2.859351180250389e-07
61400.000000000095 2.0190516603617598e-07
61450.000000000095 1.2569399123542344e-07
61500.000000000095 1.5715490380706998e-07
61550.000000000095 1.4696860461930225e-07
61600.000000000095 1.0711869237267097e-07
61650.000000000095 1.7581642987632908e-07
61700.000000000095 1.4223432658592932e-07
61750.000000000095 1.732291648852656e-07
61800.000000000095 1.928313665316913e-07
61850.000000000095 1.305279200915139e-07
61900.000000000095 2.3687614696275e-07
61950.000000000095 2.2906355760754198e-07
62000.000000000095 2.3175307328408736e-07
62050.000000000095 2.0789939239053467e-07
62100.000000000095 2.2834991442613037e-07
62150.000000000095 2.4178792544478657e-07
62200.000000000095 2.0737895694758946e-07
62250.000000000095 2.172897452711171e-07
62300.000000000095 2.940143049931154e-07
62350.000000000095 2.2764783920661722e-07
62400.000000000095 1.3450749829479468e-07
62450.000000000095 2.0288334696654092e-07
62500.000000000095 2.6559352933469393e-07
62550.000000000095 2.568513217199009e-07
62600.000000000095 2.8038492183496266e-07
62650.000000000095 2.1575125653909278e-07
62700.000000000095 2.443491841180551e-07
62750.000000000095 3.0284800598713723e-07
62800.000000000095 1.922991652655264e-07
62850.000000000095 2.5875733278952505e-07
62900.000000000095 1.9890793534912453e-07
62950.000000000095 2.5117308897347815e-07
63000.000000000095 2.3169333821724994e-07
63050.000000000095 3.085799157766524e-07
63100.000000000095 2.7370554514036704e-07
63150.000000000095 2.142037405363804e-07
63200.000000000095 2.724320982657798e-07
63250.000000000095 2.0563782513012404e-07
63300.000000000095 2.7317040448173494e-07
63350.000000000095 2.46898465968345e-07
63400.000000000095 1.541948478423947e-07
63450.000000000095 1.2898944908364356e-07
63500.000000000095 2.2991008549811616e-07
63550.000000000095 2.1582558575281654e-07
63600.000000000095 2.556066619403791e-07
63650.000000000095 1.8141112211679274e-07
63700.000000000095 1.379986908868432e-07
63750.000000000095 1.8830380151582388e-07
63800.000000000095 2.2047206491715204e-07
63850.000000000095 2.0826622768699536e-07
63900.000000000095 1.5134502564198773e-07
63950.000000000095 2.1733977939727312e-07
64000.000000000095 2.3178851150101322e-07
64050.000000000095 1.7234753552101413e-07
64100.000000000095 7.086637255709387e-08
64150.000000000095 9.750875545591177e-08
64200.000000000095 1.0958726503055155e-07
64250.000000000095 1.787079052534766e-07
64300.000000000095 1.3849725823006927e-07
64350.000000000095 1.163776952112611e-07
64400.000000000095 1.8755016877195828e-07
64450.000000000095 1.975005877009348e-07
64500.000000000095 1.1670221147331969e-07
64550.000000000095 1.695412527121683e-07
64600.000000000095 9.408196731578466e-08
64650.000000000095 1.517383733571944e-07
64700.000000000095 9.135208073808202e-08
64750.000000000095 1.1577416078284163e-07
64800.000000000095 1.1408131557742242e-07
64850.000000000095 1.0151030800604666e-07
64900.000000000095 1.1490205431640081e-07
64950.000000000095 1.090633043619276e-07
65000.000000000095 1.318808013568324e-07
65050.000000000095 1.27692930353451e-07
65100.000000000095 1.6630259581766485e-07
65150.000000000095 1.1054876251007943e-07
65200.000000000095 9.884741880295136e-08
65250.000000000095 1.6087261610564073e-07
65300.000000000095 1.2590903238343768e-07
65350.000000000095 2.2932107354762286e-07
65400.000000000095 1.2878075136999004e-07
65450.000000000095 1.3602416350202154e-07
65500.000000000095 1.5777228745011892e-07
65550.00000000009 1.0512367134693095e-07
65600.00000000009 1.3115305614553633e-07
65650.00000000009 1.3832941783948162e-07
65700.00000000009 1.2473701407772135e-07
65750.00000000009 1.0347255333191444e-07
65800.00000000009 1.4662638140046046e-07
65850.00000000009 1.6466166672588688e-07
65900.00000000009 1.010867292331767e-07
65950.00000000009 8.616923535359454e-08
66000.00000000009 1.2611906208254308e-07
66050.00000000009 2.1508231164124614e-07
66100.00000000009 1.387288216543194e-07
66150.00000000009 1.0180905952397854e-07
66200.00000000009 1.0459735103645558e-07
66250.00000000009 1.0012062760815741e-07
66300.00000000009 5.357809449937249e-08
66350.00000000009 7.59886445159171e-08
66400.00000000009 9.636845016315838e-08
66450.00000000009 1.5839900898482172e-07
66500.00000000009 2.0987330763375118e-07
66550.00000000009 2.0546789893730728e-07
66600.00000000009 1.5608789093548276e-07
66650.00000000009 1.4528416730290985e-07
66700.00000000009 1.3083524827666308e-07
66750.00000000009 1.2065214757955423e-07
66800.00000000009 1.5510122577780987e-07
66850.00000000009 1.0889667524903132e-07
66900.00000000009 1.7040911282745098e-07
66950.00000000009 2.0801948026574483e-07
67000.00000000009 1.9848622513689973e-07
67050.00000000009 1.4296292484330041e-07
67100.00000000009 1.1764538618056121e-07
67150.00000000009 1.2086766379377553e-07
67200.00000000009 1.3930518846935674e-07
67250.00000000009 1.459241746573877e-07
67300.00000000009 1.551608336173439e-07
67350.00000000009 1.0537652662296677e-07
67400.00000000009 1.9987538078663673e-07
67450.00000000009 1.588065135987543e-07
67500.00000000009 1.4289645107292496e-07
67550.00000000009 1.7029650221281396e-07
67600.00000000009 2.615817627390643e-07
67650.00000000009 1.9993905191766208e-07
67700.00000000009 1.5766215302767098e-07
67750.00000000009 1.4019606961926968e-07
67800.00000000009 1.812960313780106e-07
67850.00000000009 1.1481197457089616e-07
67900.00000000009 1.4340426053446754e-07
67950.00000000009 1.0162826353989621e-07
