galfind/configs/Brown_Dwarf_templates/sonora_cholla/logkzz4/178g/1100K_178g_logkzz4_resample.dat
# %ECSV 1.0
# ---
# datatype:
# - {name: wav, unit: Angstrom, datatype: float64}
# - {name: flux_nu, unit: erg / (cm2 Hz s), datatype: float64}
# schema: astropy-2.0
wav flux_nu
[from data line 1162]
68100.00000000009 2.315346050199512e-07
68150.00000000009 1.8379271915489315e-07
68200.00000000009 1.9351785947952774e-07
68250.00000000009 1.0216385405335209e-07
68300.00000000009 1.7193512846387042e-07
68350.00000000009 1.0138746067522168e-07
68400.00000000009 2.334638059076138e-07
68450.00000000009 2.2754215776012133e-07
68500.00000000009 1.9472935719541997e-07
68550.00000000009 1.399587205103706e-07
68600.00000000009 1.501915246939076e-07
68650.00000000009 1.0680761758325111e-07
68700.00000000009 1.6270690237457112e-07
68750.00000000009 1.9386024478384006e-07
68800.00000000009 2.1037255373755065e-07
68850.00000000009 1.2205586546168947e-07
68900.00000000009 2.527882210999899e-07
68950.00000000009 2.6697564134515083e-07
69000.00000000009 2.516879924822681e-07
69050.00000000009 1.650930814116653e-07
69100.00000000009 2.540006934359287e-07
69150.00000000009 2.9506252649531083e-07
69200.00000000009 1.8818004143491616e-07
69250.00000000009 2.6658137070322956e-07
69300.00000000009 2.05928236630843e-07
69350.00000000009 2.501007281206053e-07
69400.00000000009 1.377109184146671e-07
69450.00000000009 2.641629951844392e-07
69500.00000000009 1.7943922124609847e-07
69550.00000000009 1.9128719431281168e-07
69600.00000000009 8.50164029100166e-08
69650.00000000009 1.7680721619805366e-07
69700.00000000009 2.419314981219472e-07
69750.00000000009 1.7853318875417087e-07
69800.00000000009 2.285385475852671e-07
69850.00000000009 2.424130093971928e-07
69900.00000000009 1.6947362205089366e-07
69950.00000000009 1.996015352676247e-07
70000.00000000009 1.7140279006694652e-07
70050.00000000009 2.478974346969127e-07
70100.00000000009 1.8829111555305335e-07
70150.00000000009 2.0714232378586316e-07
70200.00000000009 1.5437695798972503e-07
70250.00000000009 1.9308644476432313e-07
70300.00000000009 2.3601949331174603e-07
70350.00000000009 1.82025473664202e-07
70400.00000000009 1.705474082215831e-07
70450.00000000009 9.417213251234647e-08
70500.00000000009 1.3788067309817786e-07
70550.00000000009 1.4745844296069218e-07
70600.00000000009 1.5001749910884876e-07
70650.00000000009 2.0465126890501825e-07
70700.00000000009 1.9365907298692803e-07
70750.00000000009 2.262561111945731e-07
70800.00000000009 1.5768270886276272e-07
70850.00000000009 1.5191122311404447e-07
70900.00000000009 1.5117871577346287e-07
70950.00000000009 2.2998384642614175e-07
71000.00000000009 1.9219978063326188e-07
71050.00000000009 2.0245536169281774e-07
71100.00000000009 1.812833339040713e-07
71150.00000000009 1.824239503851564e-07
71200.00000000009 1.6045429391778264e-07
71250.00000000009 1.740829345111233e-07
71300.00000000009 2.168181369044228e-07
71350.00000000009 2.030129840711762e-07
71400.00000000009 2.040207602184798e-07
71450.00000000009 1.2630190702658878e-07
71500.00000000009 1.5409716578967955e-07
71550.00000000009 1.6328005400832628e-07
71600.00000000009 1.7980199026481778e-07
71650.00000000009 1.6905623601238022e-07
71700.00000000009 1.4059858195766738e-07
71750.00000000009 1.6664653402599684e-07
71800.00000000009 2.1072441239636863e-07
71850.00000000009 2.072888143040744e-07
71900.00000000009 1.4829907291150406e-07
71950.00000000009 1.5910833413410063e-07
72000.00000000009 1.5938518723268854e-07
72050.00000000009 1.291498427105561e-07
72100.00000000009 1.4981522525097186e-07
72150.00000000009 1.3112796240524354e-07
72200.00000000009 1.5701709048153015e-07
72250.00000000009 1.7979865750163304e-07
72300.00000000009 1.7137953239870078e-07
72350.00000000009 1.681394462177945e-07
72400.00000000009 1.3859531105572976e-07
72450.00000000009 1.3241168918234572e-07
72500.00000000009 1.541726516042803e-07
72550.00000000009 9.784566900817525e-08
72600.00000000009 9.625177023073889e-08
72650.00000000009 1.774226405906223e-07
72700.00000000009 1.7923242618349172e-07
72750.00000000009 1.5208887855941654e-07
72800.00000000009 1.4294338023275546e-07
72850.00000000009 1.3710443358813914e-07
72900.00000000009 1.6513331314434685e-07
72950.00000000009 1.6089670067984922e-07
73000.00000000009 1.6418892017032627e-07
73050.00000000009 1.4039007667778736e-07
73100.00000000009 1.227928623393146e-07
73150.00000000009 2.0374407588069749e-07
73200.00000000009 1.3189326883552576e-07
73250.00000000009 1.4993891108700802e-07
73300.00000000009 1.535556220286263e-07
73350.00000000009 1.2553235489898783e-07
73400.00000000009 1.5175004483503035e-07
73450.00000000009 1.0228087387764538e-07
73500.00000000009 1.1033957387087786e-07
73550.00000000009 1.3874635637037705e-07
73600.00000000009 1.1151643128287709e-07
73650.00000000009 1.446264514571832e-07
73700.00000000009 1.742801976928773e-07
73750.00000000009 1.1194609055354701e-07
73800.00000000009 1.3584778739929007e-07
73850.00000000009 1.4696049449086169e-07
73900.00000000009 1.633866547122072e-07
73950.00000000009 1.375347489491875e-07
74000.00000000009 1.300844039870748e-07
74050.00000000009 2.0533564387871657e-07
74100.00000000009 1.285680929572365e-07
74150.00000000009 1.5009396965537958e-07
74200.00000000009 1.3592130766341877e-07
74250.00000000009 9.512764130322902e-08
74300.00000000009 1.3846164920045835e-07
74350.00000000009 1.6267336242193094e-07
74400.00000000009 1.4760146810492936e-07
74450.00000000009 9.38625728238018e-08
74500.00000000009 1.1326515357659718e-07
74550.00000000009 1.3608413454223158e-07
74600.00000000009 1.3243260001914364e-07
74650.00000000009 1.3061140576771937e-07
74700.00000000009 1.0361745263142106e-07
74750.00000000009 1.235891505534251e-07
74800.00000000009 1.2580215088940987e-07
74850.00000000009 8.676875523129408e-08
74900.00000000009 1.7641636902133205e-07
74950.00000000009 1.7242744816701798e-07
75000.00000000009 1.4495567948064444e-07
75050.00000000009 1.1898247599087338e-07
75100.00000000009 1.86223884583418e-07
75150.00000000009 1.5397870147917867e-07
75200.00000000009 1.835417483930486e-07
75250.00000000009 1.633258545297075e-07
75300.00000000009 1.7891227076868402e-07
75350.00000000009 1.0895681002371668e-07
75400.00000000009 1.7462441500107649e-07
75450.00000000009 1.5133415142790145e-07
75500.00000000009 1.4003647894801244e-07
75550.00000000009 1.8581866854690857e-07
75600.00000000009 2.1776805040849735e-07
75650.00000000009 1.4469936747069843e-07
75700.00000000009 1.5076388255836423e-07
75750.00000000009 1.1165045388598104e-07
75800.00000000009 1.652357059437395e-07
75850.00000000009 1.9604570531250044e-07
75900.00000000009 1.7172386880228203e-07
75950.00000000009 1.415618032822169e-07
76000.00000000009 1.536396559141348e-07
76050.00000000009 1.7451359835822937e-07
76100.00000000009 1.5085605830659346e-07
76150.00000000009 1.7732301072538916e-07
76200.00000000009 1.8139823285104914e-07
76250.00000000009 2.142386347486314e-07
76300.00000000009 2.2556313553247038e-07
76350.00000000009 2.6758354091486345e-07
76400.00000000009 2.0989376349298143e-07
76450.00000000009 2.012270398429297e-07
76500.00000000009 1.6414380934919604e-07
76550.00000000009 1.5716820673962462e-07
76600.00000000009 8.198824966838994e-08
76650.00000000009 8.874266044260717e-08
76700.00000000009 1.0453599177551546e-07
76750.00000000009 9.244968860156967e-08
76800.00000000009 1.3760940027543102e-07
76850.00000000009 6.568477494512205e-08
76900.00000000009 7.594570713982545e-08
76950.00000000009 1.1015115893034622e-07
77000.00000000009 1.1907030306133974e-07
77050.00000000009 8.66349635106411e-08
77100.00000000009 9.143098016531737e-08
77150.00000000009 1.2799458606310325e-07
77200.00000000009 1.1062090651274609e-07
77250.00000000009 1.209719545762881e-07
77300.00000000009 1.142216820575813e-07
77350.00000000009 7.95891298062396e-08
77400.00000000009 7.436435985978447e-08
77450.00000000009 8.192513826721342e-08
77500.00000000009 9.817102510567845e-08
77550.00000000009 1.1098764392333034e-07
77600.00000000009 1.1645561605946336e-07
77650.00000000009 1.1381488585102411e-07
77700.00000000009 9.050806893655926e-08
77750.00000000009 1.3405458561721962e-07
77800.00000000009 1.085643290037019e-07
77850.00000000009 1.5643363156560442e-07
77900.00000000009 1.3090060841545658e-07
77950.00000000009 9.046345253913652e-08
78000.00000000009 1.1029406010488534e-07
78050.00000000009 1.292170366694346e-07
78100.00000000009 9.880866421090232e-08
78150.00000000009 1.4454821579764372e-07
78200.00000000009 1.4457124135265002e-07
78250.00000000009 1.60491702257179e-07
78300.00000000009 1.5748914309490237e-07
78350.00000000009 1.4393989837119861e-07
78400.00000000009 1.3177824633660213e-07
78450.00000000009 1.7325381211161986e-07
78500.00000000009 1.600731461944442e-07
78550.00000000009 1.6832278929783547e-07
78600.00000000009 1.4705836669870138e-07
78650.00000000009 7.885543696567342e-08
78700.00000000009 1.2417424001748436e-07
78750.00000000009 1.155429381074524e-07
78800.00000000009 1.544272600656392e-07
78850.00000000009 1.1047852288598585e-07
78900.00000000009 1.4353670062487968e-07
78950.00000000009 1.310927857614275e-07
79000.00000000009 1.3588218903007197e-07
79050.00000000009 1.2376331267423088e-07
79100.00000000009 1.3248846758557846e-07
79150.00000000009 1.5072300073789192e-07
79200.00000000009 1.7409241323269902e-07
79250.00000000009 1.5310036760413214e-07
79300.00000000009 1.1095428038349984e-07
79350.00000000009 1.6196253455744658e-07
79400.00000000009 1.3615530826542105e-07
79450.00000000009 1.4320200857540085e-07
79500.00000000009 2.0456215560046384e-07
79550.00000000009 1.6663147663888245e-07
79600.00000000009 1.18974585975103e-07
79650.00000000009 1.451172701192801e-07
79700.00000000009 1.8356101908774504e-07
79750.00000000009 1.7289731225849157e-07
79800.00000000009 1.4811636470899593e-07
79850.00000000009 1.4222778825634742e-07
79900.00000000009 2.1709996812539872e-07
79950.00000000009 1.5041101669446197e-07
