galfind/configs/Brown_Dwarf_templates/sonora_cholla/logkzz4/178g/1150K_178g_logkzz4_resample.dat
# %ECSV 1.0
# ---
# datatype:
# - {name: wav, unit: Angstrom, datatype: float64}
# - {name: flux_nu, unit: erg / (cm2 Hz s), datatype: float64}
# schema: astropy-2.0
wav flux_nu
[from data line 388]
29400.000000000095 1.6901888936944603e-07
29450.000000000095 1.634732389078579e-07
29500.000000000095 1.7461142304579973e-07
29550.000000000095 1.5412319323771365e-07
29600.000000000095 2.1661640291105642e-07
29650.000000000095 1.7134879212244994e-07
29700.000000000095 1.6209315658388083e-07
29750.000000000095 1.9517508961441788e-07
29800.000000000095 2.3209925352291003e-07
29850.000000000095 2.2846848682243023e-07
29900.000000000095 2.0768124816035791e-07
29950.000000000095 1.9229336248182768e-07
30000.000000000095 2.082718215432614e-07
30050.000000000095 1.7042614986039199e-07
30100.000000000095 1.929670245564185e-07
30150.000000000095 2.4990642103582873e-07
30200.000000000095 1.9482844889528586e-07
30250.000000000095 2.5517809528128785e-07
30300.000000000095 2.2178310463920248e-07
30350.000000000095 1.918423444426434e-07
30400.000000000095 2.3519465940936384e-07
30450.000000000095 1.960197837113949e-07
30500.000000000095 1.8612408115702753e-07
30550.000000000095 2.0692950638557747e-07
30600.000000000095 2.1970391629909205e-07
30650.000000000095 2.0777244370567115e-07
30700.000000000095 1.838209081258354e-07
30750.000000000095 1.6796689793527804e-07
30800.000000000095 1.707918011290116e-07
30850.000000000095 1.621621014891158e-07
30900.000000000095 1.6438601765467087e-07
30950.000000000095 1.1646913710728886e-07
31000.000000000095 1.428438553548352e-07
31050.000000000095 1.4613547834568377e-07
31100.000000000095 1.0253828607967255e-07
31150.000000000095 1.2592551408861208e-07
31200.000000000095 1.275424745055936e-07
31250.000000000095 1.11143512189187e-07
31300.000000000095 1.0656438172186382e-07
31350.000000000095 1.012364071122279e-07
31400.000000000095 7.406304447314783e-08
31450.000000000095 1.0520456493708178e-07
31500.000000000095 8.261389598468062e-08
31550.000000000095 9.90056919689742e-08
31600.000000000095 7.223078279983194e-08
31650.000000000095 7.778848304805685e-08
31700.000000000095 8.08643683875724e-08
31750.000000000095 6.666161163941905e-08
31800.000000000095 7.525123152694331e-08
31850.000000000095 7.079068164509211e-08
31900.000000000095 6.728018543505387e-08
31950.000000000095 7.046176819736367e-08
32000.000000000095 6.812712550073494e-08
32050.000000000095 5.614224512443461e-08
32100.000000000095 5.378505190509718e-08
32150.000000000095 6.91605683950882e-08
32200.000000000095 5.549410352163091e-08
32250.000000000095 7.182791546961996e-08
32300.000000000095 5.088419368439307e-08
32350.000000000095 8.842178358169121e-08
32400.000000000095 6.611032874312294e-08
32450.000000000095 8.688137520367671e-08
32500.000000000095 6.733132415555205e-08
32550.000000000095 8.25172215611318e-08
32600.000000000095 9.183382646017008e-08
32650.000000000095 1.0828542307149336e-07
32700.000000000095 8.687695186307615e-08
32750.000000000095 1.2066903947325802e-07
32800.000000000095 9.032937302438431e-08
32850.000000000095 1.204899791943245e-07
32900.000000000095 1.3107177605456343e-07
32950.000000000095 1.345284430822901e-07
33000.000000000095 1.2150621280772562e-07
33050.000000000095 1.1540631651475418e-07
33100.000000000095 6.826773164631428e-08
33150.000000000095 2.6758225224996587e-08
33200.000000000095 2.7731761810385454e-08
33250.000000000095 1.576428913240865e-08
33300.000000000095 1.6231645025164577e-08
33350.000000000095 2.7329280799798442e-08
33400.000000000095 3.670707863317664e-08
33450.000000000095 4.6086674588984614e-08
33500.000000000095 5.8548082017613774e-08
33550.000000000095 5.892978833721008e-08
33600.000000000095 8.556439531985906e-08
33650.000000000095 8.905021415334472e-08
33700.000000000095 8.341901888044366e-08
33750.000000000095 1.072742289652683e-07
33800.000000000095 8.418736131272259e-08
33850.000000000095 1.0954477079246148e-07
33900.000000000095 9.641483481410728e-08
33950.000000000095 1.0514824686473418e-07
34000.000000000095 1.0925145387881043e-07
34050.000000000095 6.183834256397276e-08
34100.000000000095 1.071912618200447e-07
34150.000000000095 8.392301477537585e-08
34200.000000000095 1.0062452670988929e-07
34250.000000000095 8.71404212437515e-08
34300.000000000095 7.147158329214376e-08
34350.000000000095 9.293214427644962e-08
34400.000000000095 8.25208551039199e-08
34450.000000000095 1.0711826235367078e-07
34500.000000000095 9.720548326491865e-08
34550.000000000095 7.066732261026296e-08
34600.000000000095 1.1141987866640677e-07
34650.000000000095 7.85646814656758e-08
34700.000000000095 8.43731050314327e-08
34750.000000000095 8.5288988759101e-08
34800.000000000095 6.048371238877942e-08
34850.000000000095 9.01167145946271e-08
34900.000000000095 1.0556229729960663e-07
34950.000000000095 8.81364695163584e-08
35000.000000000095 1.1793704905067243e-07
35050.000000000095 9.44046540904009e-08
35100.000000000095 1.1583101052078566e-07
35150.000000000095 1.0809586310520212e-07
35200.000000000095 1.4386865613899096e-07
35250.000000000095 1.474202022132824e-07
35300.000000000095 9.905799077440304e-08
35350.000000000095 1.3898581823993915e-07
35400.000000000095 1.3339500298495568e-07
35450.000000000095 1.1889693050380496e-07
35500.000000000095 1.7348691054814103e-07
35550.000000000095 1.5756463490827922e-07
35600.000000000095 1.6102471626011924e-07
35650.000000000095 1.6411704432918283e-07
35700.000000000095 1.1891421953456983e-07
35750.000000000095 1.8219336290673057e-07
35800.000000000095 1.8018956409328462e-07
35850.000000000095 1.3738322158738716e-07
35900.000000000095 1.98445723339461e-07
35950.000000000095 1.8369243899907478e-07
36000.000000000095 1.53225815964017e-07
36050.000000000095 2.0088122066176118e-07
36100.000000000095 1.8659611970645043e-07
36150.000000000095 2.0284918536061896e-07
36200.000000000095 2.0699913627550332e-07
36250.000000000095 2.1378460972040958e-07
36300.000000000095 2.3413390259415686e-07
36350.000000000095 2.44354077652815e-07
36400.000000000095 2.7635065038527843e-07
36450.000000000095 2.690345882911266e-07
36500.000000000095 2.7720769219697166e-07
36550.000000000095 2.7745717499297187e-07
36600.000000000095 3.183017298494488e-07
36650.000000000095 3.237339795044569e-07
36700.000000000095 3.4426407029967156e-07
36750.000000000095 3.70737827896433e-07
36800.000000000095 3.5154868567835596e-07
36850.000000000095 3.431803794985394e-07
36900.000000000095 3.3916667127034055e-07
36950.000000000095 3.822405896746763e-07
37000.000000000095 3.622205302625348e-07
37050.000000000095 3.8758252215474077e-07
37100.000000000095 4.064874732103315e-07
37150.000000000095 4.1662762141858197e-07
37200.000000000095 4.271439685196575e-07
37250.000000000095 3.8279115138034855e-07
37300.000000000095 4.075924293820994e-07
37350.000000000095 4.2497355503586195e-07
37400.000000000095 4.88693457794097e-07
37450.000000000095 4.638972199464202e-07
37500.000000000095 4.1994190362550663e-07
37550.000000000095 5.271543289504653e-07
37600.000000000095 5.521699172174927e-07
37650.000000000095 4.7021927978586554e-07
37700.000000000095 5.108470443847899e-07
37750.000000000095 4.380818642238631e-07
37800.000000000095 4.985468044390081e-07
37850.000000000095 4.3620474414419625e-07
37900.000000000095 5.030787261850796e-07
37950.000000000095 5.484402560008752e-07
38000.000000000095 5.953558196538049e-07
38050.000000000095 5.416684098444191e-07
38100.000000000095 5.788260063027761e-07
38150.000000000095 5.821817419709957e-07
38200.000000000095 6.369582162769452e-07
38250.000000000095 5.942783483056725e-07
38300.000000000095 6.690000464006289e-07
38350.000000000095 6.95440053572455e-07
38400.000000000095 5.452035846862963e-07
38450.000000000095 6.399380909802145e-07
38500.000000000095 5.808770457694974e-07
38550.000000000095 6.39746980344691e-07
38600.000000000095 6.533571630316427e-07
38650.000000000095 7.417407770671042e-07
38700.000000000095 7.227286809250795e-07
38750.000000000095 7.104763942369094e-07
38800.000000000095 6.647609223560805e-07
38850.000000000095 7.643744742969464e-07
38900.000000000095 7.479596497036879e-07
38950.000000000095 7.306212000712487e-07
39000.000000000095 8.207738350066361e-07
39050.000000000095 7.586787046792323e-07
39100.000000000095 7.204119646751612e-07
39150.000000000095 7.697937668253101e-07
39200.000000000095 7.374481250571201e-07
39250.000000000095 8.237047280585387e-07
39300.000000000095 8.12714047658115e-07
39350.000000000095 8.961216449624677e-07
39400.000000000095 8.994457267245549e-07
39450.000000000095 8.926512733268931e-07
39500.000000000095 7.681911410608522e-07
39550.000000000095 8.39784090320828e-07
39600.000000000095 8.628162047793768e-07
39650.000000000095 9.327392582965638e-07
39700.000000000095 8.64718593528952e-07
39750.000000000095 7.868233476367916e-07
39800.000000000095 8.925316046275546e-07
39850.000000000095 9.196837408351793e-07
39900.000000000095 8.997381311598067e-07
39950.000000000095 9.115932213124667e-07
40000.000000000095 9.124605460737326e-07
40050.000000000095 9.529382865972755e-07
40100.000000000095 9.026136265721624e-07
40150.000000000095 1.0281201939154012e-06
40200.000000000095 1.0407178959672918e-06
40250.000000000095 8.758754082110891e-07
40300.000000000095 9.572633584163048e-07
40350.000000000095 9.116815932941402e-07
40400.000000000095 9.918044435976426e-07
40450.000000000095 9.720575996030167e-07
40500.000000000095 8.936983361502534e-07
40550.000000000095 1.00403246781968e-06
40600.000000000095 8.78652035650197e-07
40650.000000000095 1.0331027685407037e-06
40700.000000000095 1.1418249262131895e-06
40750.000000000095 9.689169312054413e-07
40800.000000000095 8.597163530175406e-07
40850.000000000095 9.85177779761042e-07
40900.000000000095 9.092483020437316e-07
40950.000000000095 9.287496369395037e-07
41000.000000000095 9.629707511860885e-07
41050.000000000095 1.0261988046336062e-06
41100.000000000095 8.75862066072632e-07
41150.000000000095 8.54015861374795e-07
41200.000000000095 9.740213053682347e-07
41250.000000000095 9.936698995280476e-07
41300.000000000095 7.696252558165285e-07
41350.000000000095 1.0185253071572515e-06
41400.000000000095 9.510054251879297e-07
41450.000000000095 9.694497642932717e-07
41500.000000000095 9.332896552408753e-07
41550.000000000095 8.692147708129335e-07
41600.000000000095 9.219498930367635e-07
41650.000000000095 8.712187032082286e-07
41700.000000000095 8.33173031177285e-07
41750.000000000095 7.453230251872828e-07
41800.000000000095 9.776474342754145e-07
41850.000000000095 5.859563224126163e-07
41900.000000000095 7.9796996996162e-07
41950.000000000095 8.020829205138813e-07
42000.000000000095 8.158833791080254e-07
42050.000000000095 6.919810021067586e-07
42100.000000000095 7.60495567372462e-07
42150.000000000095 6.009571759986158e-07
42200.000000000095 6.778982243284892e-07
42250.000000000095 6.40879003466024e-07
42300.000000000095 6.549263437161598e-07
42350.000000000095 6.845006824219503e-07
42400.000000000095 5.754742238658971e-07
42450.000000000095 5.336828693021559e-07
42500.000000000095 5.539090850646996e-07
42550.000000000095 5.643914934339658e-07
42600.000000000095 6.25327004659173e-07
42650.000000000095 7.213692681736374e-07
42700.000000000095 6.147265878550781e-07
42750.000000000095 5.849002147776895e-07
42800.000000000095 5.260102808761955e-07
42850.000000000095 6.295240833210316e-07
42900.000000000095 6.465654954441415e-07
42950.000000000095 4.961079026800581e-07
43000.000000000095 6.632839335019907e-07
43050.000000000095 4.6196512430103905e-07
43100.000000000095 6.060050996694677e-07
43150.000000000095 6.478947804480908e-07
43200.000000000095 6.216445234962169e-07
43250.000000000095 5.947114292134829e-07
43300.000000000095 6.944603840383215e-07
43350.000000000095 5.457521076201579e-07
43400.000000000095 6.40750963945899e-07
43450.000000000095 5.026938507154033e-07
43500.000000000095 4.832997233666193e-07
43550.000000000095 4.814368599354845e-07
43600.000000000095 5.906287025237623e-07
43650.000000000095 4.253185617399944e-07
43700.000000000095 6.003942452448325e-07
43750.000000000095 6.007643113366409e-07
43800.000000000095 4.79558707367644e-07
43850.000000000095 5.147941682944784e-07
43900.000000000095 4.0811674266687086e-07
43950.000000000095 4.395158045098078e-07
44000.000000000095 3.0431837753626456e-07
44050.000000000095 4.211561220724454e-07
44100.000000000095 4.3187506072713046e-07
44150.000000000095 4.3370100178092934e-07
44200.000000000095 3.698392754111984e-07
44250.000000000095 3.6543716758223215e-07
44300.000000000095 3.4200158126670625e-07
44350.000000000095 2.732744276556471e-07
44400.000000000095 3.0751450371871747e-07
44450.000000000095 3.055159243823236e-07
44500.000000000095 2.431405205958911e-07
44550.000000000095 2.7531649438447116e-07
44600.000000000095 2.3909033672307614e-07
44650.000000000095 2.7313340157726223e-07
44700.000000000095 2.5481708537448705e-07
44750.000000000095 2.6648672740678083e-07
44800.000000000095 2.498596002259451e-07
44850.000000000095 2.3386084635600652e-07
44900.000000000095 1.971640314850195e-07
44950.000000000095 2.0090290099324022e-07
45000.000000000095 2.0488347768620403e-07
45050.000000000095 2.141069516910288e-07
45100.000000000095 1.944954164743618e-07
45150.000000000095 1.8679739398055948e-07
45200.000000000095 1.5515278498735653e-07
45250.000000000095 1.663019983540582e-07
45300.000000000095 1.8675568338541015e-07
45350.000000000095 1.9040680304964856e-07
45400.000000000095 1.4951944060025655e-07
45450.000000000095 1.5209718488492488e-07
45500.000000000095 1.5568589982587167e-07
45550.000000000095 1.7989965238581482e-07
45600.000000000095 1.4892669418313482e-07
45650.000000000095 1.493333822034533e-07
45700.000000000095 1.8622003625119856e-07
45750.000000000095 1.6270777308112622e-07
45800.000000000095 1.4385834652509076e-07
45850.000000000095 2.0397262524744184e-07
45900.000000000095 1.9830508065334108e-07
45950.000000000095 1.5020673607877005e-07
46000.000000000095 1.907424577295299e-07
46050.000000000095 2.0443612567559575e-07
46100.000000000095 1.507984414961293e-07
46150.000000000095 1.9877519041071217e-07
46200.000000000095 1.8684381971174318e-07
46250.000000000095 1.1896576332401866e-07
46300.000000000095 2.2080048312616516e-07
46350.000000000095 1.589089346605314e-07
46400.000000000095 1.9094026252360492e-07
46450.000000000095 2.407356824121697e-07
46500.000000000095 1.8785976573586335e-07
46550.000000000095 2.444177775584281e-07
46600.000000000095 2.4515467438936396e-07
46650.000000000095 3.611784973768633e-07
46700.000000000095 2.7767055681228133e-07
46750.000000000095 2.2898584101731382e-07
46800.000000000095 1.956563879954026e-07
46850.000000000095 2.516211495271155e-07
46900.000000000095 2.1735279994975662e-07
46950.000000000095 2.8350349422392066e-07
47000.000000000095 1.8229276018055146e-07
47050.000000000095 2.985428996798692e-07
47100.000000000095 1.6930805723393453e-07
47150.000000000095 2.0047719929496838e-07
47200.000000000095 2.329922318624512e-07
47250.000000000095 1.7951475881038887e-07
47300.000000000095 2.0430893425580223e-07
47350.000000000095 1.572618457509914e-07
47400.000000000095 2.5157401145827925e-07
47450.000000000095 1.6295994754549122e-07
47500.000000000095 2.675234400881072e-07
47550.000000000095 1.6759577114768806e-07
47600.000000000095 2.5323018634215815e-07
47650.000000000095 1.6910635264736122e-07
47700.000000000095 2.395129356896407e-07
47750.000000000095 1.4604187592179764e-07
47800.000000000095 2.324560899246615e-07
47850.000000000095 1.315178958054115e-07
47900.000000000095 2.2170169438417532e-07
47950.000000000095 1.7123619401908127e-07
48000.000000000095 2.815953292345337e-07
48050.000000000095 1.935636345855177e-07
48100.000000000095 2.531358446672388e-07
48150.000000000095 1.8379022367867495e-07
48200.000000000095 2.6036354554133805e-07
48250.000000000095 2.0149667446983465e-07
48300.000000000095 3.1165794615332555e-07
48350.000000000095 1.8405455724795944e-07
48400.000000000095 2.498652229955413e-07
48450.000000000095 1.674488946502565e-07
48500.000000000095 3.0785893250400233e-07
48550.000000000095 1.6822835728491127e-07
48600.000000000095 2.799911075842229e-07
48650.000000000095 1.6850381687424746e-07
48700.000000000095 3.022078098993006e-07
