galfind/configs/Brown_Dwarf_templates/sonora_cholla/logkzz4/178g/1200K_178g_logkzz4_resample.dat
# %ECSV 1.0
# ---
# datatype:
# - {name: wav, unit: Angstrom, datatype: float64}
# - {name: flux_nu, unit: erg / (cm2 Hz s), datatype: float64}
# schema: astropy-2.0
wav flux_nu
[from data line 775]
48750.000000000095 2.115549318481404e-07
48800.000000000095 3.213023796635133e-07
48850.000000000095 2.3764981020097287e-07
48900.000000000095 3.3851461681187065e-07
48950.000000000095 2.9036493390151296e-07
49000.000000000095 2.5804349405780097e-07
49050.000000000095 3.1286976889480447e-07
49100.000000000095 2.346141567628272e-07
49150.000000000095 3.445683692637674e-07
49200.000000000095 2.560632560372636e-07
49250.000000000095 3.4515814203879404e-07
49300.000000000095 2.78336395763947e-07
49350.000000000095 2.906200367688506e-07
49400.000000000095 3.5009942140021715e-07
49450.000000000095 3.1178453879425205e-07
49500.000000000095 3.117915516588717e-07
49550.000000000095 2.2069565539753212e-07
49600.000000000095 3.206558976279383e-07
49650.000000000095 2.908445455539206e-07
49700.000000000095 2.561695997121201e-07
49750.000000000095 4.078895197120281e-07
49800.000000000095 2.693626985986368e-07
49850.000000000095 4.350131482168252e-07
49900.000000000095 3.3396491532643014e-07
49950.000000000095 3.61758370295389e-07
50000.000000000095 4.0419757720317634e-07
50050.000000000095 3.5995487223902617e-07
50100.000000000095 4.715468042120893e-07
50150.000000000095 2.761849245472622e-07
50200.000000000095 2.2683799490031065e-07
50250.000000000095 4.2182415559925584e-07
50300.000000000095 3.0300109181509164e-07
50350.000000000095 3.9753812420124986e-07
50400.000000000095 3.55942965358923e-07
50450.000000000095 3.601133105193103e-07
50500.000000000095 4.254841036628314e-07
50550.000000000095 3.6404091452120484e-07
50600.000000000095 4.203810145583991e-07
50650.000000000095 3.743118991572888e-07
50700.000000000095 4.906452398402395e-07
50750.000000000095 5.053306902930319e-07
50800.000000000095 2.862620267557203e-07
50850.000000000095 3.5737933125959606e-07
50900.000000000095 4.6549828885182706e-07
50950.000000000095 4.940382564531374e-07
51000.000000000095 4.6102675184754404e-07
51050.000000000095 3.9942579538313245e-07
51100.000000000095 3.125908040212346e-07
51150.000000000095 3.6094012825733516e-07
51200.000000000095 4.737682557394774e-07
51250.000000000095 4.6665557427255737e-07
51300.000000000095 3.131495185063842e-07
51350.000000000095 4.121288958608644e-07
51400.000000000095 3.56357089883869e-07
51450.000000000095 3.0809161400589787e-07
51500.000000000095 2.943769082973193e-07
51550.000000000095 4.77726206208516e-07
51600.000000000095 3.24630105566336e-07
51650.000000000095 4.407489224193976e-07
51700.000000000095 4.3874398904670904e-07
51750.000000000095 3.1424917642837545e-07
51800.000000000095 5.59490547096259e-07
51850.000000000095 4.261433107509084e-07
51900.000000000095 5.419000125133971e-07
51950.000000000095 4.842497516697935e-07
52000.000000000095 2.36814508124297e-07
52050.000000000095 3.4913954122666585e-07
52100.000000000095 3.4720989758163846e-07
52150.000000000095 3.025545300712367e-07
52200.000000000095 3.0126443130868334e-07
52250.000000000095 3.3062359745595043e-07
52300.000000000095 5.010369012014538e-07
52350.000000000095 4.312115815232121e-07
52400.000000000095 3.1913156218600973e-07
52450.000000000095 4.572687325161967e-07
52500.000000000095 4.1206482266513e-07
52550.000000000095 4.506149083323631e-07
52600.000000000095 3.5664190676603815e-07
52650.000000000095 4.3824215391844456e-07
52700.000000000095 3.521520501281169e-07
52750.000000000095 3.178738303008767e-07
52800.000000000095 3.1736203185921417e-07
52850.000000000095 3.725389594273624e-07
52900.000000000095 3.075536385337701e-07
52950.000000000095 3.03005716108853e-07
53000.000000000095 5.256537705921635e-07
53050.000000000095 2.7614824898099263e-07
53100.000000000095 4.587034311152319e-07
53150.000000000095 5.242497290037e-07
53200.000000000095 2.862180593395213e-07
53250.000000000095 4.927581479948955e-07
53300.000000000095 4.965793965620301e-07
53350.000000000095 4.6001722031484944e-07
53400.000000000095 5.083387403980076e-07
53450.000000000095 3.0127669034583494e-07
53500.000000000095 2.2000868324617764e-07
53550.000000000095 3.128419260188744e-07
53600.000000000095 3.8485360457201814e-07
53650.000000000095 3.3251126825589103e-07
53700.000000000095 3.1196894039204393e-07
53750.000000000095 3.3100924651149627e-07
53800.000000000095 3.265938341313717e-07
53850.000000000095 4.1355803525301925e-07
53900.000000000095 3.460082977909377e-07
53950.000000000095 4.6822550810642123e-07
54000.000000000095 3.5378139158551084e-07
54050.000000000095 3.5184477185178014e-07
54100.000000000095 2.2480235825274664e-07
54150.000000000095 3.038159943422231e-07
54200.000000000095 1.8299982345162783e-07
54250.000000000095 1.9874701148028186e-07
54300.000000000095 2.915732519702153e-07
54350.000000000095 3.6897116565445105e-07
54400.000000000095 3.890546560405887e-07
54450.000000000095 3.2311319342010365e-07
54500.000000000095 2.9325134812546657e-07
54550.000000000095 2.6109600714904206e-07
54600.000000000095 3.2445476037031775e-07
54650.000000000095 2.3048264657175648e-07
54700.000000000095 3.763726808866816e-07
54750.000000000095 3.700865648452566e-07
54800.000000000095 2.899322094574805e-07
54850.000000000095 3.1717936362951987e-07
54900.000000000095 3.9714897201415695e-07
54950.000000000095 4.981319721823616e-07
55000.000000000095 2.688571026231499e-07
55050.000000000095 3.556526643726378e-07
55100.000000000095 2.90561534469609e-07
55150.000000000095 2.8126448717675395e-07
55200.000000000095 2.8118391194620296e-07
55250.000000000095 2.9755559931354925e-07
55300.000000000095 2.398534628742277e-07
55350.000000000095 3.1667277208674135e-07
55400.000000000095 4.07002761275407e-07
55450.000000000095 3.277214673462062e-07
55500.000000000095 2.0247027394279304e-07
55550.000000000095 2.626429888320643e-07
55600.000000000095 2.4686168415027767e-07
55650.000000000095 1.988268395966479e-07
55700.000000000095 2.7336839983046004e-07
55750.000000000095 3.1420001758352137e-07
55800.000000000095 2.4747850840591797e-07
55850.000000000095 2.147214572748927e-07
55900.000000000095 3.4007575438789653e-07
55950.000000000095 4.3843386176839157e-07
56000.000000000095 2.2784213016745924e-07
56050.000000000095 3.1597347161018785e-07
56100.000000000095 3.4403099901631445e-07
56150.000000000095 2.6242159043228447e-07
56200.000000000095 2.930484863585064e-07
56250.000000000095 2.706274588616019e-07
56300.000000000095 3.114475988636571e-07
56350.000000000095 3.2924368248133687e-07
56400.000000000095 2.515480527615047e-07
56450.000000000095 2.2341492480527095e-07
56500.000000000095 2.2631145600795883e-07
56550.000000000095 1.858099046070754e-07
56600.000000000095 3.1686002067120327e-07
56650.000000000095 2.948765733467625e-07
56700.000000000095 3.4371075451200583e-07
56750.000000000095 2.0667502148884883e-07
56800.000000000095 3.463103772020425e-07
56850.000000000095 2.742523759966428e-07
56900.000000000095 2.4267388160205645e-07
56950.000000000095 3.4180085679966833e-07
57000.000000000095 3.515090310763743e-07
57050.000000000095 2.760595465474155e-07
57100.000000000095 1.6541641424944059e-07
57150.000000000095 2.2248674736817587e-07
57200.000000000095 1.800255469917264e-07
57250.000000000095 2.576283035524122e-07
57300.000000000095 3.0644045811268175e-07
57350.000000000095 1.8436729445264928e-07
57400.000000000095 2.939441398008904e-07
57450.000000000095 2.861184558114202e-07
57500.000000000095 2.7571878647043074e-07
57550.000000000095 3.310389260220153e-07
57600.000000000095 3.5481497263644237e-07
57650.000000000095 1.711765140599476e-07
57700.000000000095 2.0540179380471128e-07
57750.000000000095 2.4923351758543933e-07
57800.000000000095 1.169209784123247e-07
57850.000000000095 3.712570999270608e-07
57900.000000000095 4.257596312197792e-07
57950.000000000095 3.733914552788065e-07
58000.000000000095 2.2184979514135597e-07
58050.000000000095 3.012919976494196e-07
58100.000000000095 3.6089342803689336e-07
58150.000000000095 2.913345361569049e-07
58200.000000000095 1.830840194482166e-07
58250.000000000095 2.337375503861724e-07
58300.000000000095 1.8373638965308268e-07
58350.000000000095 2.2208570078479785e-07
58400.000000000095 2.7564724766576665e-07
58450.000000000095 2.861888644732722e-07
58500.000000000095 2.6108794700577156e-07
58550.000000000095 2.964233938971352e-07
58600.000000000095 1.9872902478142438e-07
58650.000000000095 2.503348251412659e-07
58700.000000000095 2.4173296828908335e-07
58750.000000000095 2.549921074088254e-07
58800.000000000095 1.6149038340010688e-07
58850.000000000095 2.4197233187753987e-07
58900.000000000095 3.0059498188087174e-07
58950.000000000095 2.0299563949629231e-07
59000.000000000095 2.8304757301713947e-07
59050.000000000095 2.9902865426705407e-07
59100.000000000095 3.609209437180656e-07
59150.000000000095 2.7557401037276164e-07
59200.000000000095 2.864510513119478e-07
59250.000000000095 3.0440360144695714e-07
59300.000000000095 2.87120910157557e-07
59350.000000000095 1.8040650839178392e-07
59400.000000000095 1.407781444938893e-07
59450.000000000095 2.5086359566010276e-07
59500.000000000095 1.7104538424175257e-07
59550.000000000095 3.192030070598856e-07
59600.000000000095 2.8957302345082876e-07
59650.000000000095 2.9070988325120386e-07
59700.000000000095 1.9930201137863117e-07
59750.000000000095 3.7552607479374947e-07
59800.000000000095 2.6181141171397283e-07
59850.000000000095 3.133497731671559e-07
59900.000000000095 1.844255167754142e-07
59950.000000000095 2.789369437404226e-07
60000.000000000095 4.0139829211511546e-07
60050.000000000095 3.417873613158764e-07
60100.000000000095 3.7205362205264067e-07
60150.000000000095 2.765262325863535e-07
60200.000000000095 2.9716423035168674e-07
60250.000000000095 3.448173296025771e-07
60300.000000000095 3.22785689516719e-07
60350.000000000095 2.557132504865093e-07
60400.000000000095 2.9738660771846136e-07
60450.000000000095 1.965303434459852e-07
60500.000000000095 1.3833261788238163e-07
60550.000000000095 3.204651572316867e-07
60600.000000000095 3.0892790045425674e-07
60650.000000000095 2.7852608639401414e-07
60700.000000000095 2.528045270747466e-07
60750.000000000095 2.1532047981378642e-07
60800.000000000095 3.228303612682446e-07
60850.000000000095 4.2310559490290836e-07
60900.000000000095 3.8355622467191025e-07
60950.000000000095 3.709765060893214e-07
61000.000000000095 2.83352513818261e-07
61050.000000000095 2.295823664270374e-07
61100.000000000095 3.1569424249475954e-07
61150.000000000095 1.3541875359167894e-07
61200.000000000095 3.8771843506432677e-07
61250.000000000095 4.488813275761395e-07
61300.000000000095 3.9363086833559973e-07
61350.000000000095 4.351511360288947e-07
61400.000000000095 3.434156105500166e-07
61450.000000000095 2.555729513150719e-07
61500.000000000095 2.669722288104223e-07
61550.000000000095 2.3370232244467016e-07
61600.000000000095 1.727300581174561e-07
61650.000000000095 2.9058566707418623e-07
61700.000000000095 2.3520158582992052e-07
61750.000000000095 2.8864186831414887e-07
61800.000000000095 3.1313603870383153e-07
61850.000000000095 2.357739238389931e-07
61900.000000000095 3.6154750374667844e-07
61950.000000000095 3.709614950598933e-07
62000.000000000095 3.4828518997531643e-07
62050.000000000095 3.3633367206252196e-07
62100.000000000095 3.7737011293308814e-07
62150.000000000095 3.645490893752727e-07
62200.000000000095 3.1650386461994436e-07
62250.000000000095 3.538344679028825e-07
62300.000000000095 4.374157031789961e-07
62350.000000000095 3.602011628266815e-07
62400.000000000095 2.3510082583693283e-07
62450.000000000095 3.182372209391682e-07
62500.000000000095 4.061921216895491e-07
62550.000000000095 3.818569751963302e-07
62600.000000000095 4.2064939688170315e-07
62650.000000000095 3.308643826678658e-07
62700.000000000095 3.8416844416079835e-07
62750.000000000095 4.56286770301473e-07
62800.000000000095 3.103089294504758e-07
62850.000000000095 4.0562673018263545e-07
62900.000000000095 3.28192647875685e-07
62950.000000000095 3.772161281107714e-07
63000.000000000095 3.76101327053849e-07
63050.000000000095 4.730518215299515e-07
63100.000000000095 4.18853264614467e-07
63150.000000000095 3.1639243014010795e-07
63200.000000000095 4.160761310733115e-07
63250.000000000095 3.509589451673054e-07
63300.000000000095 4.319698191117341e-07
63350.000000000095 3.717987416759977e-07
63400.000000000095 2.5112936799414016e-07
63450.000000000095 2.3384429035262027e-07
63500.000000000095 3.7724144757709516e-07
63550.000000000095 3.309061349733504e-07
63600.000000000095 4.133466881521534e-07
63650.000000000095 2.978132422265879e-07
63700.000000000095 2.489765906401887e-07
63750.000000000095 3.2290273212306163e-07
63800.000000000095 3.1708436037075804e-07
63850.000000000095 3.23558316779084e-07
63900.000000000095 2.568835391905418e-07
63950.000000000095 3.526987656882593e-07
64000.000000000095 3.7648101471454944e-07
64050.000000000095 2.9362927102116446e-07
64100.000000000095 1.35208822046759e-07
64150.000000000095 1.7846191941095812e-07
64200.000000000095 2.0876658794966715e-07
64250.000000000095 2.9987216694038203e-07
64300.000000000095 2.414978265814865e-07
64350.000000000095 2.1519431651542934e-07
64400.000000000095 3.055245103051009e-07
64450.000000000095 3.093687409193545e-07
64500.000000000095 2.0618500077129665e-07
64550.000000000095 2.889906943486484e-07
64600.000000000095 1.8505947127269202e-07
64650.000000000095 2.5402947421935104e-07
64700.000000000095 1.6509664032931916e-07
64750.000000000095 1.9705942668805302e-07
64800.000000000095 2.0154483931952234e-07
64850.000000000095 1.8844847693276425e-07
64900.000000000095 2.2017926640436706e-07
64950.000000000095 2.0048971720203673e-07
65000.000000000095 2.2946480827628207e-07
65050.000000000095 2.2300970556091594e-07
65100.000000000095 2.649646341544224e-07
65150.000000000095 2.0588961804275414e-07
65200.000000000095 1.80147387011154e-07
65250.000000000095 2.543480714650839e-07
65300.000000000095 2.094592202023947e-07
65350.000000000095 3.5759533648924247e-07
65400.000000000095 2.1628733134079158e-07
65450.000000000095 2.2494742611755943e-07
65500.000000000095 2.507478666697324e-07
65550.00000000009 1.8366816812280117e-07
65600.00000000009 2.10003443778164e-07
65650.00000000009 2.3168396791715122e-07
65700.00000000009 2.0132924112320686e-07
65750.00000000009 1.8557199309983653e-07
65800.00000000009 2.419764344556976e-07
65850.00000000009 2.627401813663642e-07
65900.00000000009 1.825028606078329e-07
65950.00000000009 1.3836820901833805e-07
66000.00000000009 2.0837912006420838e-07
66050.00000000009 3.233881110664942e-07
66100.00000000009 2.2612271717462095e-07
66150.00000000009 1.6456688742757393e-07
66200.00000000009 1.7415089913575864e-07
66250.00000000009 1.6531494036921305e-07
66300.00000000009 9.927229786546725e-08
66350.00000000009 1.4426224520202468e-07
66400.00000000009 1.6635049981362056e-07
66450.00000000009 2.4921420434519557e-07
66500.00000000009 3.170185108650581e-07
66550.00000000009 3.0375642647332484e-07
66600.00000000009 2.368202992969241e-07
66650.00000000009 2.453605997275547e-07
66700.00000000009 2.1241444631208348e-07
66750.00000000009 1.9279106111212358e-07
66800.00000000009 2.430572026542473e-07
66850.00000000009 1.8945785905554113e-07
66900.00000000009 2.4986347485891416e-07
66950.00000000009 3.1108983232584393e-07
67000.00000000009 2.9864418420995635e-07
67050.00000000009 2.2862337553512678e-07
67100.00000000009 2.0321000563801827e-07
67150.00000000009 2.0723335078012495e-07
67200.00000000009 2.199679242310596e-07
67250.00000000009 2.3402342401701708e-07
67300.00000000009 2.32470398316926e-07
67350.00000000009 1.8071526068235262e-07
67400.00000000009 2.983084887093543e-07
67450.00000000009 2.506255985169139e-07
67500.00000000009 2.256343477073723e-07
67550.00000000009 2.5632764377475906e-07
67600.00000000009 3.7117689772280046e-07
67650.00000000009 2.9235185803688284e-07
67700.00000000009 2.4941738985545957e-07
67750.00000000009 2.3051434697089556e-07
67800.00000000009 2.834439566178243e-07
67850.00000000009 1.9303679595103407e-07
67900.00000000009 2.403470742650888e-07
67950.00000000009 1.6309795335823412e-07
68000.00000000009 2.1278489542023877e-07
