galfind/configs/Brown_Dwarf_templates/sonora_cholla/logkzz4/178g/1200K_178g_logkzz4_resample.dat
# %ECSV 1.0
# ---
# datatype:
# - {name: wav, unit: Angstrom, datatype: float64}
# - {name: flux_nu, unit: erg / (cm2 Hz s), datatype: float64}
# schema: astropy-2.0
wav flux_nu
10000.000000000093 nan
10050.000000000093 2.695993494290036e-07
10100.000000000093 3.17505705055339e-07
10150.000000000093 3.22372662126624e-07
10200.000000000093 3.547281400364426e-07
10250.000000000093 3.7908194969638417e-07
10300.000000000093 3.777904258358561e-07
10350.000000000093 4.341059029453277e-07
10400.000000000093 4.812349288987169e-07
10450.000000000093 4.902169464358675e-07
10500.000000000093 4.7287353096777524e-07
10550.000000000093 4.7408427967103e-07
10600.000000000093 4.967769192458455e-07
10650.000000000093 5.353826360857547e-07
10700.000000000093 5.691919702280847e-07
10750.000000000093 6.100070837991207e-07
10800.000000000093 6.399090362321704e-07
10850.000000000093 6.920768187220708e-07
10900.000000000093 6.098426637072051e-07
10950.000000000093 4.485732997359182e-07
11000.000000000093 3.9453501565970304e-07
11050.000000000093 3.2052631199967414e-07
11100.000000000093 2.943700445990738e-07
11150.000000000093 2.4457224580878286e-07
11200.000000000093 2.468958269979384e-07
11250.000000000093 3.010516529551339e-07
11300.000000000093 2.857906328702975e-07
11350.000000000093 1.7590285619300304e-07
11400.000000000093 3.0022538596322043e-07
11450.000000000093 2.399492795471124e-07
11500.000000000093 2.968256708442324e-07
11550.000000000093 2.3438249314699587e-07
11600.000000000093 2.5082054519845144e-07
11650.000000000093 2.739901124991521e-07
11700.000000000093 2.8980047717376637e-07
11750.000000000093 2.572129990531032e-07
11800.000000000093 3.248024984044918e-07
11850.000000000093 3.919122694291243e-07
11900.000000000093 4.1450510195423777e-07
11950.000000000093 4.928229490425719e-07
12000.000000000093 5.078602328020704e-07
12050.000000000093 6.014783812916536e-07
12100.000000000093 6.424317557981479e-07
12150.000000000093 7.107016669525213e-07
12200.000000000093 7.75996685554119e-07
12250.000000000093 8.59591529136765e-07
12300.000000000093 9.184161679858575e-07
12350.000000000093 9.442930170227933e-07
12400.000000000093 9.502554237841021e-07
12450.000000000093 1.0364091514940252e-06
12500.000000000093 1.0861679763276941e-06
12550.000000000093 1.1378546481241553e-06
12600.000000000093 1.1583593814899164e-06
12650.000000000093 1.1508517977584755e-06
12700.000000000093 1.2115225101141441e-06
12750.000000000093 1.151948803472865e-06
12800.000000000093 1.191065608139165e-06
12850.000000000093 1.0869050387746241e-06
12900.000000000093 9.99207069813843e-07
12950.000000000093 1.040385604965345e-06
13000.000000000093 1.0459288517529286e-06
13050.000000000093 1.0370740314466624e-06
13100.000000000093 9.78952052427508e-07
13150.000000000093 8.874604686414152e-07
13200.000000000093 8.378503363210357e-07
13250.000000000093 6.74757094324971e-07
13300.000000000093 4.162274880842045e-07
13350.000000000093 1.519761343238439e-07
13400.000000000093 8.718229137960711e-08
13450.000000000093 5.8085736111675335e-08
13500.000000000093 3.7660438972985094e-08
13550.000000000093 3.1797072195099607e-08
13600.000000000093 2.426776993612861e-08
13650.000000000093 5.0159744004228314e-08
13700.000000000093 4.1439096633453373e-08
13750.000000000093 4.488779692337806e-08
13800.000000000093 6.0594382896362e-08
13850.000000000093 4.726441704849109e-08
13900.000000000093 4.910408883699345e-08
13950.000000000093 4.5046631142087624e-08
14000.000000000093 4.004880782501811e-08
14050.000000000093 4.8481351393957656e-08
14100.000000000093 3.540522729878522e-08
14150.000000000093 4.7753382920414085e-08
14200.000000000093 3.829071337571991e-08
14250.000000000093 3.875011024990752e-08
14300.000000000093 5.2424503867089514e-08
14350.000000000093 5.023178097586192e-08
14400.000000000093 5.7304750374326586e-08
14450.000000000093 5.958477893820057e-08
14500.000000000093 9.74018716167179e-08
14550.000000000093 9.714763077306365e-08
14600.000000000093 1.2340158139015576e-07
14650.000000000093 1.290469825698104e-07
14700.000000000093 9.819833136874707e-08
14750.000000000093 1.2357923461438193e-07
14800.000000000093 1.5204446542483411e-07
14850.000000000093 1.5526860009535517e-07
14900.000000000093 1.675390841353716e-07
14950.000000000093 1.7890755306140806e-07
15000.000000000093 1.9107564160554936e-07
15050.000000000093 2.3777021432945394e-07
15100.000000000093 2.5770471112569786e-07
15150.000000000093 2.775282151086575e-07
15200.000000000093 2.60062263369345e-07
15250.000000000093 3.044047244106033e-07
15300.000000000093 3.5177844517033384e-07
15350.000000000093 4.005619709093702e-07
15400.000000000093 4.314923490785861e-07
15450.000000000093 4.853423080176531e-07
15500.000000000093 5.125397181557923e-07
15550.000000000093 5.760867763053976e-07
15600.000000000093 5.884058618042178e-07
15650.000000000093 6.187927040264419e-07
15700.000000000093 7.100799810864931e-07
15750.000000000093 7.58095300211251e-07
15800.000000000093 7.323557072266125e-07
15850.000000000093 7.893271262838266e-07
15900.000000000093 7.933117226045541e-07
15950.000000000093 8.056524572803741e-07
16000.000000000093 8.055809691184385e-07
16050.000000000093 7.778255926599574e-07
16100.000000000093 7.536669147976655e-07
16150.000000000093 6.445360578171792e-07
16200.000000000093 5.824034220030953e-07
16250.000000000093 5.95431891894581e-07
16300.000000000093 5.55748939319993e-07
16350.000000000093 5.878742005979237e-07
16400.000000000095 6.341267502747102e-07
16450.000000000095 6.607703896650158e-07
16500.000000000095 6.892812386525683e-07
16550.000000000095 6.710391015648228e-07
16600.000000000095 6.431302367234853e-07
16650.000000000095 5.817115365923142e-07
16700.000000000095 4.306532818245608e-07
16750.000000000095 4.84252848970589e-07
16800.000000000095 5.881571033464768e-07
16850.000000000095 5.654746693376515e-07
16900.000000000095 5.39825441655912e-07
16950.000000000095 5.035230475813706e-07
17000.000000000095 4.6563480981707053e-07
17050.000000000095 5.206367528087323e-07
17100.000000000095 5.132512288659065e-07
17150.000000000095 4.475450409590777e-07
17200.000000000095 4.645630312853568e-07
17250.000000000095 4.118495045856922e-07
17300.000000000095 3.714071839665504e-07
17350.000000000095 3.5705302011728133e-07
17400.000000000095 3.3475306444495175e-07
17450.000000000095 3.117451452835838e-07
17500.000000000095 3.241058382229408e-07
17550.000000000095 2.8132373950084316e-07
17600.000000000095 2.648041385301255e-07
17650.000000000095 2.636092716521529e-07
17700.000000000095 1.872428302641703e-07
17750.000000000095 1.7234982770640355e-07
17800.000000000095 2.0037781131631283e-07
17850.000000000095 1.3696474090634907e-07
17900.000000000095 1.6425543101289447e-07
17950.000000000095 1.300438997017268e-07
18000.000000000095 1.3331694262762286e-07
18050.000000000095 1.282280385147366e-07
18100.000000000095 1.1162228075908511e-07
18150.000000000095 1.5255731791219661e-07
18200.000000000095 1.0097451092114122e-07
18250.000000000095 1.7727664979619816e-07
18300.000000000095 1.2485070260652497e-07
18350.000000000095 1.16462887900447e-07
18400.000000000095 1.0570310847561809e-07
18450.000000000095 1.0644037375906181e-07
18500.000000000095 1.209765122914325e-07
18550.000000000095 9.795876851777335e-08
18600.000000000095 8.176723965471392e-08
18650.000000000095 8.151221414802129e-08
18700.000000000095 8.669066657693787e-08
18750.000000000095 9.503933235069779e-08
18800.000000000095 1.424550549541461e-07
18850.000000000095 1.685299705860868e-07
18900.000000000095 1.5280239088571576e-07
18950.000000000095 2.1320638191403282e-07
19000.000000000095 1.7297447613528983e-07
19050.000000000095 1.4190516424619186e-07
19100.000000000095 2.0417812265911722e-07
19150.000000000095 1.7823986761892502e-07
19200.000000000095 1.8684531741586905e-07
19250.000000000095 1.6884907703730737e-07
19300.000000000095 1.576225983859636e-07
19350.000000000095 1.4090498136763383e-07
19400.000000000095 9.46896480204684e-08
19450.000000000095 1.5707451728451767e-07
19500.000000000095 1.4726617425903632e-07
19550.000000000095 1.1778492938306914e-07
19600.000000000095 1.509569368843116e-07
19650.000000000095 1.6492779592465275e-07
19700.000000000095 1.6561990734344722e-07
19750.000000000095 1.610342437636342e-07
19800.000000000095 1.853569309502758e-07
19850.000000000095 2.1158329277249852e-07
19900.000000000095 1.5620923635658864e-07
19950.000000000095 2.3119195932998578e-07
20000.000000000095 2.253225163021196e-07
20050.000000000095 2.4287363661104286e-07
20100.000000000095 2.5389445646016227e-07
20150.000000000095 2.524794307910936e-07
20200.000000000095 2.938718814383252e-07
20250.000000000095 3.205518625918122e-07
20300.000000000095 2.954322553036267e-07
20350.000000000095 3.3270363475140685e-07
20400.000000000095 3.3752819207697744e-07
20450.000000000095 3.906260683642426e-07
20500.000000000095 4.003742621563318e-07
20550.000000000095 3.8573583438213715e-07
20600.000000000095 4.5088236126697167e-07
20650.000000000095 4.197784956416299e-07
20700.000000000095 4.391218941719845e-07
20750.000000000095 4.804591655660625e-07
20800.000000000095 4.788111295305398e-07
20850.000000000095 4.7561177114167275e-07
20900.000000000095 5.064072020883887e-07
20950.000000000095 4.870089303234429e-07
21000.000000000095 5.157833964955047e-07
21050.000000000095 4.947048788292537e-07
21100.000000000095 4.99285055081487e-07
21150.000000000095 5.046764392044566e-07
21200.000000000095 4.871810800629127e-07
21250.000000000095 5.009257882239169e-07
21300.000000000095 4.632634409605887e-07
21350.000000000095 4.871477332391138e-07
21400.000000000095 4.432794195846348e-07
21450.000000000095 4.5393889458113407e-07
21500.000000000095 4.499445047480834e-07
21550.000000000095 4.326359608287047e-07
21600.000000000095 4.258999169830816e-07
21650.000000000095 3.9405901195127717e-07
21700.000000000095 4.079812582825794e-07
21750.000000000095 3.783205952760488e-07
21800.000000000095 3.525478180148816e-07
21850.000000000095 3.2319883513596657e-07
21900.000000000095 3.122693108793935e-07
21950.000000000095 2.2471464896979907e-07
22000.000000000095 1.748986611537175e-07
22050.000000000095 1.3531363895261296e-07
22100.000000000095 1.7489669561142588e-07
22150.000000000095 1.9423241867820512e-07
22200.000000000095 1.9632617625806837e-07
22250.000000000095 1.8162785445207736e-07
22300.000000000095 1.8444822273414852e-07
22350.000000000095 1.6984849384760452e-07
22400.000000000095 1.5706582137107394e-07
22450.000000000095 1.376650324329386e-07
22500.000000000095 1.466186236068268e-07
22550.000000000095 1.1391636963479575e-07
22600.000000000095 1.317367687059043e-07
22650.000000000095 1.2494777105811618e-07
22700.000000000095 1.2353714728787858e-07
22750.000000000095 1.2673549220321e-07
22800.000000000095 1.1727349178556717e-07
22850.000000000095 1.0616208232266024e-07
22900.000000000095 1.0184542528020966e-07
22950.000000000095 9.776418051863346e-08
23000.000000000095 7.69008393054433e-08
23050.000000000095 1.0428046055603767e-07
23100.000000000095 1.2887389172499868e-07
23150.000000000095 1.3006318121564536e-07
23200.000000000095 7.925216234936064e-08
23250.000000000095 7.693553321866637e-08
23300.000000000095 7.318998760651657e-08
23350.000000000095 6.4534695767224e-08
23400.000000000095 7.935173320922876e-08
23450.000000000095 7.468366239615703e-08
23500.000000000095 7.859696329705513e-08
23550.000000000095 1.0293613921909212e-07
23600.000000000095 1.0483890606860515e-07
23650.000000000095 1.1497210061799627e-07
23700.000000000095 8.123204523475648e-08
23750.000000000095 7.851020095952712e-08
23800.000000000095 8.205705073782498e-08
23850.000000000095 8.310222762850717e-08
23900.000000000095 1.1533707909000436e-07
23950.000000000095 1.1651502763557173e-07
24000.000000000095 1.4515790882115754e-07
24050.000000000095 1.437324576817838e-07
24100.000000000095 1.2146683802513587e-07
24150.000000000095 1.3214186504012295e-07
24200.000000000095 1.4328267613506717e-07
24250.000000000095 1.3424793297978248e-07
24300.000000000095 1.3655980318343226e-07
24350.000000000095 1.2611479319197804e-07
24400.000000000095 1.6901647892985463e-07
24450.000000000095 1.354450012046195e-07
24500.000000000095 1.5209244459340704e-07
24550.000000000095 1.4243980817611688e-07
24600.000000000095 1.555246976930907e-07
24650.000000000095 1.714846195066228e-07
24700.000000000095 1.340815002739352e-07
24750.000000000095 1.2293778985614275e-07
24800.000000000095 1.330898876188136e-07
24850.000000000095 1.7160531785604622e-07
24900.000000000095 9.344354406025049e-08
24950.000000000095 1.5253952692483537e-07
25000.000000000095 1.4313125973659282e-07
25050.000000000095 1.0743682839060377e-07
25100.000000000095 1.3314683133125107e-07
25150.000000000095 8.789449928055501e-08
25200.000000000095 1.1556127850428914e-07
25250.000000000095 8.363903944196892e-08
25300.000000000095 1.1560608616402612e-07
25350.000000000095 6.654431189082382e-08
25400.000000000095 1.1018979623628444e-07
25450.000000000095 7.938284525720473e-08
25500.000000000095 7.582625172809556e-08
25550.000000000095 9.316749722376175e-08
25600.000000000095 8.027146716594805e-08
25650.000000000095 6.149194824392966e-08
25700.000000000095 1.087647161790614e-07
25750.000000000095 6.089863852923309e-08
25800.000000000095 1.0852614377124635e-07
25850.000000000095 6.149588924638353e-08
25900.000000000095 8.555707214662266e-08
25950.000000000095 5.914533762480767e-08
26000.000000000095 1.0124026296288879e-07
26050.000000000095 8.55865552182695e-08
26100.000000000095 1.1715639414375746e-07
26150.000000000095 1.0111040565540082e-07
26200.000000000095 1.1133462775582633e-07
26250.000000000095 1.3206965288124945e-07
26300.000000000095 1.0233029498288152e-07
26350.000000000095 1.3964409923625376e-07
26400.000000000095 1.6800180549472829e-07
26450.000000000095 1.5022495513624277e-07
26500.000000000095 1.3625711264814136e-07
26550.000000000095 1.1934693271009542e-07
26600.000000000095 1.4655136440477378e-07
26650.000000000095 8.099230199962216e-08
26700.000000000095 6.734985626847179e-08
26750.000000000095 5.8093886234804654e-08
26800.000000000095 8.238412943251057e-08
26850.000000000095 5.0301869680408845e-08
26900.000000000095 9.274791026119154e-08
26950.000000000095 5.0513561711100445e-08
27000.000000000095 1.0699805685820655e-07
27050.000000000095 9.737952059891437e-08
27100.000000000095 7.578073655706721e-08
27150.000000000095 1.204571068909092e-07
27200.000000000095 8.156757499917851e-08
27250.000000000095 8.957942132231545e-08
27300.000000000095 1.6280436990731747e-07
27350.000000000095 1.2823500769363762e-07
27400.000000000095 5.306582438846037e-08
27450.000000000095 1.6031095544617983e-07
27500.000000000095 1.498311465283868e-07
27550.000000000095 9.636268172979461e-08
27600.000000000095 1.5426548154373343e-07
27650.000000000095 7.885541688670714e-08
27700.000000000095 6.634914979698375e-08
27750.000000000095 1.4647370090726098e-07
27800.000000000095 8.2319082387288e-08
27850.000000000095 9.243553724458947e-08
27900.000000000095 1.1612859841557279e-07
27950.000000000095 1.2398357260848064e-07
28000.000000000095 1.3105174583850145e-07
28050.000000000095 6.693741331583924e-08
28100.000000000095 1.586848925893365e-07
28150.000000000095 1.2475601277373077e-07
28200.000000000095 6.187299966392185e-08
28250.000000000095 1.5497151879238608e-07
28300.000000000095 2.0220415970000864e-07
28350.000000000095 6.931667499148207e-08
28400.000000000095 1.4551942368743687e-07
28450.000000000095 1.4970717726122553e-07
28500.000000000095 1.3649631692941462e-07
28550.000000000095 6.751313338588933e-08
28600.000000000095 1.6705035010183586e-07
28650.000000000095 1.5393979083585732e-07
28700.000000000095 1.3193188486360477e-07
28750.000000000095 1.7240190359395833e-07
28800.000000000095 1.510046869716079e-07
28850.000000000095 1.9960154834230242e-07
28900.000000000095 9.802011361590099e-08
28950.000000000095 1.9951191697426712e-07
29000.000000000095 1.384678027309953e-07
29050.000000000095 1.6666552859613504e-07
29100.000000000095 1.0892133012679777e-07
29150.000000000095 2.0288340468390058e-07
29200.000000000095 1.483454617963313e-07
29250.000000000095 2.0002065849544116e-07
29300.000000000095 1.2599670520900154e-07
