galfind/configs/Brown_Dwarf_templates/sonora_cholla/logkzz4/178g/1250K_178g_logkzz4_resample.dat
# %ECSV 1.0
# ---
# datatype:
# - {name: wav, unit: Angstrom, datatype: float64}
# - {name: flux_nu, unit: erg / (cm2 Hz s), datatype: float64}
# schema: astropy-2.0
wav flux_nu
[from data line 773]
48650.000000000095 2.2765636098379186e-07
48700.000000000095 3.887875743668828e-07
48750.000000000095 2.492276830297809e-07
48800.000000000095 3.7243650355789495e-07
48850.000000000095 2.759024615334888e-07
48900.000000000095 3.898603344281503e-07
48950.000000000095 3.343371846380882e-07
49000.000000000095 2.9995840919348815e-07
49050.000000000095 3.602427074691679e-07
49100.000000000095 2.742036049375694e-07
49150.000000000095 3.9242019087731524e-07
49200.000000000095 2.9929164377028663e-07
49250.000000000095 3.906645752614358e-07
49300.000000000095 3.2240507661261813e-07
49350.000000000095 3.3280815690728304e-07
49400.000000000095 4.0074332318834366e-07
49450.000000000095 3.5672982815498644e-07
49500.000000000095 3.5804544510162807e-07
49550.000000000095 2.589822250790377e-07
49600.000000000095 3.655207974008514e-07
49650.000000000095 3.323098752263949e-07
49700.000000000095 2.913672553561194e-07
49750.000000000095 4.5700702631448734e-07
49800.000000000095 3.105196996006512e-07
49850.000000000095 4.860210069018155e-07
49900.000000000095 3.7779148225755405e-07
49950.000000000095 4.037967870016775e-07
50000.000000000095 4.5374312071533926e-07
50050.000000000095 4.042181214302309e-07
50100.000000000095 5.269437171420501e-07
50150.000000000095 3.189637895506454e-07
50200.000000000095 2.6192666755100636e-07
50250.000000000095 4.7592754303413006e-07
50300.000000000095 3.4499609656445334e-07
50350.000000000095 4.456324156234648e-07
50400.000000000095 4.013748873782293e-07
50450.000000000095 4.022355706438936e-07
50500.000000000095 4.7001832258385126e-07
50550.000000000095 4.0765520252377087e-07
50600.000000000095 4.686445071517165e-07
50650.000000000095 4.186047163926289e-07
50700.000000000095 5.387559356902468e-07
50750.000000000095 5.613842433677957e-07
50800.000000000095 3.2758160609371877e-07
50850.000000000095 4.1587709857819914e-07
50900.000000000095 5.133211895671879e-07
50950.000000000095 5.481607351627412e-07
51000.000000000095 5.184338178243631e-07
51050.000000000095 4.4469631389237195e-07
51100.000000000095 3.624528156350555e-07
51150.000000000095 4.0695066997216064e-07
51200.000000000095 5.208522523401545e-07
51250.000000000095 5.200669430849648e-07
51300.000000000095 3.530976978904541e-07
51350.000000000095 4.6252328283057736e-07
51400.000000000095 4.1169399689601426e-07
51450.000000000095 3.5466244927811646e-07
51500.000000000095 3.4290279526171265e-07
51550.000000000095 5.38132588290865e-07
51600.000000000095 3.6581950993697016e-07
51650.000000000095 4.94984882494444e-07
51700.000000000095 4.875557980066573e-07
51750.000000000095 3.561358551310642e-07
51800.000000000095 6.194899219944059e-07
51850.000000000095 4.7060657902787494e-07
51900.000000000095 5.976969628734694e-07
51950.000000000095 5.389823262787385e-07
52000.000000000095 2.812950823296878e-07
52050.000000000095 3.979952072784234e-07
52100.000000000095 4.0096297684776897e-07
52150.000000000095 3.5435727680535487e-07
52200.000000000095 3.4889245186105705e-07
52250.000000000095 3.6897929190638315e-07
52300.000000000095 5.50996205290295e-07
52350.000000000095 4.966788461401435e-07
52400.000000000095 3.6304721654704646e-07
52450.000000000095 5.093776870957197e-07
52500.000000000095 4.567339250093921e-07
52550.000000000095 5.037547420245706e-07
52600.000000000095 3.99761234111486e-07
52650.000000000095 4.961972224034174e-07
52700.000000000095 3.9807993320266676e-07
52750.000000000095 3.6609664193883784e-07
52800.000000000095 3.617389528077361e-07
52850.000000000095 4.2490635963077573e-07
52900.000000000095 3.545170696641247e-07
52950.000000000095 3.437014475883329e-07
53000.000000000095 5.862222939663035e-07
53050.000000000095 3.205703614898161e-07
53100.000000000095 5.096177676840864e-07
53150.000000000095 5.770446169721747e-07
53200.000000000095 3.2516841668423397e-07
53250.000000000095 5.484593937743756e-07
53300.000000000095 5.503715726512571e-07
53350.000000000095 5.104581524898998e-07
53400.000000000095 5.634635346437017e-07
53450.000000000095 3.527276763606043e-07
53500.000000000095 2.633598276975229e-07
53550.000000000095 3.663634133671139e-07
53600.000000000095 4.3866624515606665e-07
53650.000000000095 3.8001341037120415e-07
53700.000000000095 3.5868771164988883e-07
53750.000000000095 3.82999717238004e-07
53800.000000000095 3.7862915823803305e-07
53850.000000000095 4.702220907478748e-07
53900.000000000095 3.8760574522958615e-07
53950.000000000095 5.222657715443091e-07
54000.000000000095 4.0189714322835863e-07
54050.000000000095 3.959259642480693e-07
54100.000000000095 2.662510757732769e-07
54150.000000000095 3.546087115426907e-07
54200.000000000095 2.2023523124346808e-07
54250.000000000095 2.362427521052351e-07
54300.000000000095 3.3631149492523886e-07
54350.000000000095 4.18576474243831e-07
54400.000000000095 4.460742796060517e-07
54450.000000000095 3.734307326272822e-07
54500.000000000095 3.393366758224626e-07
54550.000000000095 3.0256999581426587e-07
54600.000000000095 3.718862652742157e-07
54650.000000000095 2.7718994400532404e-07
54700.000000000095 4.327222176950093e-07
54750.000000000095 4.2485435257703077e-07
54800.000000000095 3.4046975192377363e-07
54850.000000000095 3.6551075097475537e-07
54900.000000000095 4.5245951096283944e-07
54950.000000000095 5.595081395322076e-07
55000.000000000095 3.170323052999796e-07
55050.000000000095 4.1040750539203764e-07
55100.000000000095 3.2809891938606817e-07
55150.000000000095 3.2825134649596294e-07
55200.000000000095 3.278126605923984e-07
55250.000000000095 3.417556964878423e-07
55300.000000000095 2.838170931752989e-07
55350.000000000095 3.571047525215039e-07
55400.000000000095 4.597038151213132e-07
55450.000000000095 3.8199504773597924e-07
55500.000000000095 2.421304334792264e-07
55550.000000000095 3.067640331611938e-07
55600.000000000095 2.910121448481507e-07
55650.000000000095 2.3175924926843785e-07
55700.000000000095 3.208060324652583e-07
55750.000000000095 3.696342890587126e-07
55800.000000000095 2.9615990987193213e-07
55850.000000000095 2.5594701475741764e-07
55900.000000000095 3.9005338808309794e-07
55950.000000000095 5.018649339885143e-07
56000.000000000095 2.6753053188386346e-07
56050.000000000095 3.707058132487153e-07
56100.000000000095 3.9554421867793474e-07
56150.000000000095 3.0588372168987835e-07
56200.000000000095 3.4171203515919426e-07
56250.000000000095 3.0824837025317284e-07
56300.000000000095 3.586805307074321e-07
56350.000000000095 3.857671126846991e-07
56400.000000000095 3.033546112146347e-07
56450.000000000095 2.7040298189004734e-07
56500.000000000095 2.655229116591431e-07
56550.000000000095 2.2340898776379438e-07
56600.000000000095 3.6437225825145905e-07
56650.000000000095 3.3927208605517847e-07
56700.000000000095 3.978687674117582e-07
56750.000000000095 2.4429071494291085e-07
56800.000000000095 3.975246361506124e-07
56850.000000000095 3.1843672750818803e-07
56900.000000000095 2.884323865003499e-07
56950.000000000095 3.930509729112597e-07
57000.000000000095 4.0086152403264875e-07
57050.000000000095 3.2894158161199904e-07
57100.000000000095 2.0103509591460243e-07
57150.000000000095 2.6908779652924893e-07
57200.000000000095 2.1332961411606153e-07
57250.000000000095 3.064405529046904e-07
57300.000000000095 3.5594307667582004e-07
57350.000000000095 2.1727998492984582e-07
57400.000000000095 3.41046703579671e-07
57450.000000000095 3.3929096366610683e-07
57500.000000000095 3.24111021779596e-07
57550.000000000095 3.8493019842765536e-07
57600.000000000095 4.126770122227268e-07
57650.000000000095 2.072925714917972e-07
57700.000000000095 2.476119855156613e-07
57750.000000000095 2.955223781392509e-07
57800.000000000095 1.4257053251389524e-07
57850.000000000095 4.2120991166127427e-07
57900.000000000095 4.818971523301018e-07
57950.000000000095 4.226355480748924e-07
58000.000000000095 2.617378775648695e-07
58050.000000000095 3.5023777584571054e-07
58100.000000000095 4.1622601528194483e-07
58150.000000000095 3.4430277386869977e-07
58200.000000000095 2.2285246584504018e-07
58250.000000000095 2.802095158188284e-07
58300.000000000095 2.201135844323731e-07
58350.000000000095 2.62959789218664e-07
58400.000000000095 3.1821292792298027e-07
58450.000000000095 3.2995511362726313e-07
58500.000000000095 3.0199916871815676e-07
58550.000000000095 3.407594534512864e-07
58600.000000000095 2.373032788683835e-07
58650.000000000095 2.9948706552857305e-07
58700.000000000095 2.8192733276562783e-07
58750.000000000095 2.9691087511273095e-07
58800.000000000095 1.9871201588625493e-07
58850.000000000095 2.8731293115727e-07
58900.000000000095 3.5178064672493315e-07
58950.000000000095 2.4507231569610024e-07
59000.000000000095 3.288365244822098e-07
59050.000000000095 3.4430849847252087e-07
59100.000000000095 4.1434608540553866e-07
59150.000000000095 3.236391918013431e-07
59200.000000000095 3.344178283726873e-07
59250.000000000095 3.5411411541819603e-07
59300.000000000095 3.301647620687456e-07
59350.000000000095 2.2079456844475334e-07
59400.000000000095 1.7502332896969588e-07
59450.000000000095 2.91708557765002e-07
59500.000000000095 2.0329511242473951e-07
59550.000000000095 3.726273333466129e-07
59600.000000000095 3.3063284408082233e-07
59650.000000000095 3.4348158959805047e-07
59700.000000000095 2.3644437828543845e-07
59750.000000000095 4.288506548503479e-07
59800.000000000095 3.1089561724437075e-07
59850.000000000095 3.582948772332525e-07
59900.000000000095 2.2152804167784596e-07
59950.000000000095 3.266818731881547e-07
60000.000000000095 4.5851794277359795e-07
60050.000000000095 3.8732349709304904e-07
60100.000000000095 4.2748356869115833e-07
60150.000000000095 3.2680033170356846e-07
60200.000000000095 3.433419446300545e-07
60250.000000000095 3.9295367383252716e-07
60300.000000000095 3.662583420013428e-07
60350.000000000095 3.0128914112897784e-07
60400.000000000095 3.4183784226420477e-07
60450.000000000095 2.3628463061950826e-07
60500.000000000095 1.6817693310577102e-07
60550.000000000095 3.7067840575311094e-07
60600.000000000095 3.5763976163858756e-07
60650.000000000095 3.269790314420083e-07
60700.000000000095 3.0275272778173785e-07
60750.000000000095 2.600648089174268e-07
60800.000000000095 3.774492617139698e-07
60850.000000000095 4.797442141029826e-07
60900.000000000095 4.316241349232654e-07
60950.000000000095 4.2523323251486376e-07
61000.000000000095 3.2513355576765646e-07
61050.000000000095 2.7323164327731684e-07
61100.000000000095 3.726323260388339e-07
61150.000000000095 1.6406379318696158e-07
61200.000000000095 4.464226280959015e-07
61250.000000000095 5.162027047237749e-07
61300.000000000095 4.564513516994818e-07
61350.000000000095 4.9306949686497e-07
61400.000000000095 4.0371639468838014e-07
61450.000000000095 3.1425268689530366e-07
61500.000000000095 3.136636362810696e-07
61550.000000000095 2.7276631222730123e-07
61600.000000000095 2.0131708673524442e-07
61650.000000000095 3.3800557795929286e-07
61700.000000000095 2.756231996243784e-07
61750.000000000095 3.3774749033718573e-07
61800.000000000095 3.632089593752034e-07
61850.000000000095 2.8244219258551485e-07
61900.000000000095 4.101747102375422e-07
61950.000000000095 4.2400515627813036e-07
62000.000000000095 3.969381289268313e-07
62050.000000000095 3.857641131629332e-07
62100.000000000095 4.3589324995000256e-07
62150.000000000095 4.153706374697329e-07
62200.000000000095 3.585866130790372e-07
62250.000000000095 4.11559623894991e-07
62300.000000000095 4.929351796127164e-07
62350.000000000095 4.0916456476111446e-07
62400.000000000095 2.767475467826029e-07
62450.000000000095 3.667386951998772e-07
62500.000000000095 4.605243664751276e-07
62550.000000000095 4.2879005996313927e-07
62600.000000000095 4.7333320729951154e-07
62650.000000000095 3.7710607671618846e-07
62700.000000000095 4.384718277969077e-07
62750.000000000095 5.165951770204029e-07
62800.000000000095 3.590168908962408e-07
62850.000000000095 4.6243130867014946e-07
62900.000000000095 3.8043188476781634e-07
62950.000000000095 4.274272227455946e-07
63000.000000000095 4.319223030042928e-07
63050.000000000095 5.310241581457712e-07
63100.000000000095 4.716004250667958e-07
63150.000000000095 3.5915514029568453e-07
63200.000000000095 4.720026217481036e-07
63250.000000000095 4.02196728945871e-07
63300.000000000095 4.922824512935619e-07
63350.000000000095 4.209932674690583e-07
63400.000000000095 2.930434381130828e-07
63450.000000000095 2.7775435234037926e-07
63500.000000000095 4.355178207897909e-07
63550.000000000095 3.763415558270377e-07
63600.000000000095 4.70863887160105e-07
63650.000000000095 3.464182477678441e-07
63700.000000000095 2.965173663766803e-07
63750.000000000095 3.7714955871221283e-07
63800.000000000095 3.558714173924214e-07
63850.000000000095 3.7033014448347254e-07
63900.000000000095 3.020193337187126e-07
63950.000000000095 4.0662744982748824e-07
64000.000000000095 4.3347011629973036e-07
64050.000000000095 3.445851042586e-07
64100.000000000095 1.640547075488158e-07
64150.000000000095 2.123907393904045e-07
64200.000000000095 2.5012281260638904e-07
64250.000000000095 3.501053746905451e-07
64300.000000000095 2.844759272863241e-07
64350.000000000095 2.5799614285594044e-07
64400.000000000095 3.531619172318853e-07
64450.000000000095 3.53221494159845e-07
64500.000000000095 2.4442224864989526e-07
64550.000000000095 3.3708365865359543e-07
64600.000000000095 2.2272200225259987e-07
64650.000000000095 2.946940909317862e-07
64700.000000000095 1.9699140841118914e-07
64750.000000000095 2.3072266162787006e-07
64800.000000000095 2.3717745698668602e-07
64850.000000000095 2.2524842150346688e-07
64900.000000000095 2.6394978407522827e-07
64950.000000000095 2.406033481643414e-07
65000.000000000095 2.700049215391491e-07
65050.000000000095 2.6050143439838437e-07
65100.000000000095 3.051745925038612e-07
65150.000000000095 2.4386205694695124e-07
65200.000000000095 2.1717543389682048e-07
65250.000000000095 2.930297265685649e-07
65300.000000000095 2.429406101456829e-07
65350.000000000095 4.0615511900678967e-07
65400.000000000095 2.537589335821969e-07
65450.000000000095 2.6386192654021393e-07
65500.000000000095 2.90266650249225e-07
65550.00000000009 2.1703016605596426e-07
65600.00000000009 2.4302959611752544e-07
65650.00000000009 2.719734885075942e-07
65700.00000000009 2.3310276941608178e-07
65750.00000000009 2.2190155310065585e-07
65800.00000000009 2.8196727174443886e-07
65850.00000000009 3.0320881919065704e-07
65900.00000000009 2.1857815958777258e-07
65950.00000000009 1.6642634709375654e-07
66000.00000000009 2.4450010192311577e-07
66050.00000000009 3.683369394811423e-07
66100.00000000009 2.6285690827503823e-07
66150.00000000009 1.9688050282912007e-07
66200.00000000009 2.0418402964103715e-07
66250.00000000009 1.9119400779514772e-07
66300.00000000009 1.207294741017121e-07
66350.00000000009 1.7517980217035342e-07
66400.00000000009 1.982571974258768e-07
66450.00000000009 2.863567310273759e-07
66500.00000000009 3.6097872079015967e-07
66550.00000000009 3.440231840931498e-07
66600.00000000009 2.708755655387575e-07
66650.00000000009 2.8373694489689127e-07
66700.00000000009 2.459796649666763e-07
66750.00000000009 2.2309034250054823e-07
66800.00000000009 2.775064302784458e-07
66850.00000000009 2.2467289132336088e-07
66900.00000000009 2.8275257887261816e-07
66950.00000000009 3.4825568677170127e-07
67000.00000000009 3.345441529960035e-07
67050.00000000009 2.6531585522112033e-07
67100.00000000009 2.3974600696624736e-07
67150.00000000009 2.4351920542682925e-07
67200.00000000009 2.5276540679041257e-07
67250.00000000009 2.7135899483085707e-07
67300.00000000009 2.6250056799055815e-07
67350.00000000009 2.1672450709692165e-07
67400.00000000009 3.3666792596370755e-07
67450.00000000009 2.856691360467134e-07
67500.00000000009 2.592908362548295e-07
67550.00000000009 2.904431928856293e-07
67600.00000000009 4.1213224509853647e-07
67650.00000000009 3.294275223915532e-07
67700.00000000009 2.873984094373576e-07
67750.00000000009 2.681146407830304e-07
67800.00000000009 3.254447318320666e-07
67850.00000000009 2.2532918890455004e-07
67900.00000000009 2.8106075088064414e-07
67950.00000000009 1.869352753942559e-07
