galfind/configs/Brown_Dwarf_templates/sonora_cholla/logkzz4/178g/1300K_178g_logkzz4_resample.dat
# %ECSV 1.0
# ---
# datatype:
# - {name: wav, unit: Angstrom, datatype: float64}
# - {name: flux_nu, unit: erg / (cm2 Hz s), datatype: float64}
# schema: astropy-2.0
wav flux_nu
[from data line 774]
48700.000000000095 4.4327353240445206e-07
48750.000000000095 2.9027636577978745e-07
48800.000000000095 4.273093160291641e-07
48850.000000000095 3.171131988294806e-07
48900.000000000095 4.438900316873801e-07
48950.000000000095 3.80921046504954e-07
49000.000000000095 3.456561863665645e-07
49050.000000000095 4.1059546925808396e-07
49100.000000000095 3.168179815291224e-07
49150.000000000095 4.428868293981235e-07
49200.000000000095 3.458080023046735e-07
49250.000000000095 4.3859431090981315e-07
49300.000000000095 3.698661853827188e-07
49350.000000000095 3.790668238075673e-07
49400.000000000095 4.545752746590212e-07
49450.000000000095 4.0423267505278103e-07
49500.000000000095 4.072496483476003e-07
49550.000000000095 3.0135541108042363e-07
49600.000000000095 4.132665776941608e-07
49650.000000000095 3.7767120508414494e-07
49700.000000000095 3.292826120453135e-07
49750.000000000095 5.068924886139271e-07
49800.000000000095 3.5448106620818284e-07
49850.000000000095 5.394530427926588e-07
49900.000000000095 4.242139581656642e-07
49950.000000000095 4.4847281533413e-07
50000.000000000095 5.063691952482172e-07
50050.000000000095 4.5062724897355863e-07
50100.000000000095 5.857136134269864e-07
50150.000000000095 3.641682039753174e-07
50200.000000000095 2.996042500201637e-07
50250.000000000095 5.329106742736583e-07
50300.000000000095 3.90044407745861e-07
50350.000000000095 4.960405203847653e-07
50400.000000000095 4.5014796945127997e-07
50450.000000000095 4.469942863047515e-07
50500.000000000095 5.167380340155285e-07
50550.000000000095 4.5314437898514516e-07
50600.000000000095 5.19680521134852e-07
50650.000000000095 4.659014735919361e-07
50700.000000000095 5.887114616530357e-07
50750.000000000095 6.202040720753095e-07
50800.000000000095 3.7256226434953847e-07
50850.000000000095 4.791182021722781e-07
50900.000000000095 5.618835363869741e-07
50950.000000000095 6.042629344014977e-07
51000.000000000095 5.809558959438414e-07
51050.000000000095 4.935723826743832e-07
51100.000000000095 4.176359516620345e-07
51150.000000000095 4.5751782826047724e-07
51200.000000000095 5.688708871669223e-07
51250.000000000095 5.778048477447203e-07
51300.000000000095 3.9653407062126014e-07
51350.000000000095 5.163760811117025e-07
51400.000000000095 4.7293394267320055e-07
51450.000000000095 4.058776735399778e-07
51500.000000000095 3.971618294474104e-07
51550.000000000095 6.031005595750171e-07
51600.000000000095 4.1055937014117136e-07
51650.000000000095 5.540380642181331e-07
51700.000000000095 5.394770413922415e-07
51750.000000000095 4.0201575555925774e-07
51800.000000000095 6.827758759075224e-07
51850.000000000095 5.17865203626193e-07
51900.000000000095 6.564264927982062e-07
51950.000000000095 5.963703065703121e-07
52000.000000000095 3.3113604993321003e-07
52050.000000000095 4.507319991971416e-07
52100.000000000095 4.60148141841134e-07
52150.000000000095 4.1141984889755856e-07
52200.000000000095 4.0126601530093804e-07
52250.000000000095 4.108399173099381e-07
52300.000000000095 6.038616721090386e-07
52350.000000000095 5.676802016752099e-07
52400.000000000095 4.106452155616329e-07
52450.000000000095 5.650831827175898e-07
52500.000000000095 5.046673629285535e-07
52550.000000000095 5.602034211870494e-07
52600.000000000095 4.4546470327027967e-07
52650.000000000095 5.57608402534507e-07
52700.000000000095 4.479928884182307e-07
52750.000000000095 4.181551086448872e-07
52800.000000000095 4.1055563444544143e-07
52850.000000000095 4.824203703940446e-07
52900.000000000095 4.0686864730822254e-07
52950.000000000095 3.891262712779164e-07
53000.000000000095 6.501721444120588e-07
53050.000000000095 3.6861679853294445e-07
53100.000000000095 5.6449185779431e-07
53150.000000000095 6.318453208229805e-07
53200.000000000095 3.676261842709369e-07
53250.000000000095 6.081944335956892e-07
53300.000000000095 6.071531538620966e-07
53350.000000000095 5.659368192827961e-07
53400.000000000095 6.206737725162464e-07
53450.000000000095 4.099909238063619e-07
53500.000000000095 3.1230245094052014e-07
53550.000000000095 4.253226276357211e-07
53600.000000000095 4.969783585141287e-07
53650.000000000095 4.326184344949506e-07
53700.000000000095 4.1117878638279547e-07
53750.000000000095 4.4044127628643363e-07
53800.000000000095 4.365997294975918e-07
53850.000000000095 5.307329261056656e-07
53900.000000000095 4.3265889214444836e-07
53950.000000000095 5.801458914692295e-07
54000.000000000095 4.549203175908389e-07
54050.000000000095 4.424875124416232e-07
54100.000000000095 3.125966906015657e-07
54150.000000000095 4.1075291738367256e-07
54200.000000000095 2.629558058362502e-07
54250.000000000095 2.764814902867224e-07
54300.000000000095 3.857998269433529e-07
54350.000000000095 4.714223472795059e-07
54400.000000000095 5.084070567707864e-07
54450.000000000095 4.279053096380348e-07
54500.000000000095 3.9107677566007984e-07
54550.000000000095 3.491226640736757e-07
54600.000000000095 4.240839364008067e-07
54650.000000000095 3.290005702873236e-07
54700.000000000095 4.94118424677707e-07
54750.000000000095 4.842587462225206e-07
54800.000000000095 3.9602107436191325e-07
54850.000000000095 4.1940668893317786e-07
54900.000000000095 5.126703678782238e-07
54950.000000000095 6.24475198413666e-07
55000.000000000095 3.6987777904264214e-07
55050.000000000095 4.7134928454254016e-07
55100.000000000095 3.690620030376515e-07
55150.000000000095 3.802790233443987e-07
55200.000000000095 3.781451513036449e-07
55250.000000000095 3.904140034253872e-07
55300.000000000095 3.338162351786403e-07
55350.000000000095 4.0141478858592006e-07
55400.000000000095 5.167598545613426e-07
55450.000000000095 4.423138045418862e-07
55500.000000000095 2.868480632167602e-07
55550.000000000095 3.5513965799143117e-07
55600.000000000095 3.401747106802348e-07
55650.000000000095 2.713005611922577e-07
55700.000000000095 3.7388445907151646e-07
55750.000000000095 4.290378479670179e-07
55800.000000000095 3.502370088108249e-07
55850.000000000095 3.019875710766762e-07
55900.000000000095 4.434284914483467e-07
55950.000000000095 5.691547194097748e-07
56000.000000000095 3.121447126845102e-07
56050.000000000095 4.301928538593491e-07
56100.000000000095 4.506911560860053e-07
56150.000000000095 3.5354071207180003e-07
56200.000000000095 3.953927171424072e-07
56250.000000000095 3.4867793138698144e-07
56300.000000000095 4.09141169334936e-07
56350.000000000095 4.458346216781129e-07
56400.000000000095 3.613309610608624e-07
56450.000000000095 3.238988292361121e-07
56500.000000000095 3.092973471276557e-07
56550.000000000095 2.668606387981544e-07
56600.000000000095 4.166037617709825e-07
56650.000000000095 3.8876188178104203e-07
56700.000000000095 4.5651373333570223e-07
56750.000000000095 2.854706100126339e-07
56800.000000000095 4.5203281098844783e-07
56850.000000000095 3.6737162829067806e-07
56900.000000000095 3.391449240038936e-07
56950.000000000095 4.4705958240019046e-07
57000.000000000095 4.5458591977723565e-07
57050.000000000095 3.873148237623656e-07
57100.000000000095 2.41391716169458e-07
57150.000000000095 3.229039918168221e-07
57200.000000000095 2.494313335741162e-07
57250.000000000095 3.6039993404339254e-07
57300.000000000095 4.099835584747747e-07
57350.000000000095 2.5437542335503423e-07
57400.000000000095 3.92779876925637e-07
57450.000000000095 3.987036383674225e-07
57500.000000000095 3.767421132005593e-07
57550.000000000095 4.441304738192441e-07
57600.000000000095 4.7473585933612924e-07
57650.000000000095 2.4741746956714066e-07
57700.000000000095 2.943658310170396e-07
57750.000000000095 3.4535294414487555e-07
57800.000000000095 1.7101800983869606e-07
57850.000000000095 4.7413901880189654e-07
57900.000000000095 5.417892607778179e-07
57950.000000000095 4.7597541295044787e-07
58000.000000000095 3.0717296504990297e-07
58050.000000000095 4.042724006087787e-07
58100.000000000095 4.752716676770153e-07
58150.000000000095 4.033388653264644e-07
58200.000000000095 2.664717226393959e-07
58250.000000000095 3.3184623251808965e-07
58300.000000000095 2.606485561385741e-07
58350.000000000095 3.0787358989783445e-07
58400.000000000095 3.6467336102593934e-07
58450.000000000095 3.7749716872060913e-07
58500.000000000095 3.4595886725539857e-07
58550.000000000095 3.87372449046509e-07
58600.000000000095 2.812896216991522e-07
58650.000000000095 3.5344226653230984e-07
58700.000000000095 3.271820779327468e-07
58750.000000000095 3.4571157344543115e-07
58800.000000000095 2.4145716574061637e-07
58850.000000000095 3.378150421593349e-07
58900.000000000095 4.074311902250243e-07
58950.000000000095 2.923397974937695e-07
59000.000000000095 3.787679511752773e-07
59050.000000000095 3.941189111657513e-07
59100.000000000095 4.713584186389396e-07
59150.000000000095 3.7516146442822624e-07
59200.000000000095 3.8664843638954535e-07
59250.000000000095 4.087485305830058e-07
59300.000000000095 3.771307392171697e-07
59350.000000000095 2.6700053103399346e-07
59400.000000000095 2.1584777632229519e-07
59450.000000000095 3.3780804320469517e-07
59500.000000000095 2.392630433899597e-07
59550.000000000095 4.3050235081921765e-07
59600.000000000095 3.7469996772245026e-07
59650.000000000095 4.0097835849259006e-07
59700.000000000095 2.782085968209797e-07
59750.000000000095 4.864034954337411e-07
59800.000000000095 3.6566289442958575e-07
59850.000000000095 4.0596890116863077e-07
59900.000000000095 2.6320086601579213e-07
59950.000000000095 3.779899247018407e-07
60000.000000000095 5.192792611836752e-07
60050.000000000095 4.362358142698376e-07
60100.000000000095 4.865491508948849e-07
60150.000000000095 3.8064689101723866e-07
60200.000000000095 3.9104216376719517e-07
60250.000000000095 4.4221223323776325e-07
60300.000000000095 4.0951509665295496e-07
60350.000000000095 3.507328319094546e-07
60400.000000000095 3.8823672483802366e-07
60450.000000000095 2.8034775329087646e-07
60500.000000000095 2.018320958382779e-07
60550.000000000095 4.17586874004814e-07
60600.000000000095 4.1086247868291746e-07
60650.000000000095 3.79374471646078e-07
60700.000000000095 3.589409940269755e-07
60750.000000000095 3.0685473689129486e-07
60800.000000000095 4.3723459485725086e-07
60850.000000000095 5.401079970834067e-07
60900.000000000095 4.7950641012548e-07
60950.000000000095 4.827944416899937e-07
61000.000000000095 3.695074150040133e-07
61050.000000000095 3.185493179610168e-07
61100.000000000095 4.3440843607701475e-07
61150.000000000095 2.006897396394027e-07
61200.000000000095 5.083080300835091e-07
61250.000000000095 5.844791159946323e-07
61300.000000000095 5.228938069755559e-07
61350.000000000095 5.536808884823954e-07
61400.000000000095 4.6638056641176507e-07
61450.000000000095 3.7614659189139753e-07
61500.000000000095 3.623476260130672e-07
61550.000000000095 3.1711325636144745e-07
61600.000000000095 2.359367051553285e-07
61650.000000000095 3.8973690264990777e-07
61700.000000000095 3.1952654953203095e-07
61750.000000000095 3.9007643582516626e-07
61800.000000000095 4.179975842864402e-07
61850.000000000095 3.3409396373342505e-07
61900.000000000095 4.6209996990897306e-07
61950.000000000095 4.777357314599092e-07
62000.000000000095 4.495852057451922e-07
62050.000000000095 4.3521680624577827e-07
62100.000000000095 4.963081689540693e-07
62150.000000000095 4.6921118361999313e-07
62200.000000000095 4.033106976481196e-07
62250.000000000095 4.7319637372809353e-07
62300.000000000095 5.483251120934036e-07
62350.000000000095 4.5907672421386103e-07
62400.000000000095 3.217547142782829e-07
62450.000000000095 4.1572936904348653e-07
62500.000000000095 5.169236345311619e-07
62550.000000000095 4.752745064728636e-07
62600.000000000095 5.205361396758559e-07
62650.000000000095 4.222107664238454e-07
62700.000000000095 4.940420987831534e-07
62750.000000000095 5.782010508027859e-07
62800.000000000095 4.113042143239002e-07
62850.000000000095 5.135908483848143e-07
62900.000000000095 4.363622001369252e-07
62950.000000000095 4.814930242714464e-07
63000.000000000095 4.897849568666218e-07
63050.000000000095 5.841564898642235e-07
63100.000000000095 5.2272526490983e-07
63150.000000000095 3.8354849138889876e-07
63200.000000000095 5.23559273725627e-07
63250.000000000095 4.5083673486569276e-07
63300.000000000095 5.539646007059023e-07
63350.000000000095 4.7294693406783114e-07
63400.000000000095 3.3969885178521126e-07
63450.000000000095 3.196768902496364e-07
63500.000000000095 4.778779602724647e-07
63550.000000000095 4.218779001123488e-07
63600.000000000095 5.295652290369764e-07
63650.000000000095 4.0004728210692523e-07
63700.000000000095 3.4436135587256484e-07
63750.000000000095 4.346974841035822e-07
63800.000000000095 3.8991091827797077e-07
63850.000000000095 4.1152823229385767e-07
63900.000000000095 3.5241288090849946e-07
63950.000000000095 4.632994734355551e-07
64000.000000000095 4.923841333712561e-07
64050.000000000095 3.956664631411314e-07
64100.000000000095 1.9574516659160604e-07
64150.000000000095 2.489561721037354e-07
64200.000000000095 2.960070528608752e-07
64250.000000000095 3.9833585284167387e-07
64300.000000000095 3.3101667356194655e-07
64350.000000000095 2.876412298758239e-07
64400.000000000095 4.004938572004513e-07
64450.000000000095 3.988313184570681e-07
64500.000000000095 2.806010169462231e-07
64550.000000000095 3.8749367868988153e-07
64600.000000000095 2.6038150924704904e-07
64650.000000000095 3.355429921312245e-07
64700.000000000095 2.3189545268199384e-07
64750.000000000095 2.672034040106735e-07
64800.000000000095 2.752036030527962e-07
64850.000000000095 2.6512849500046697e-07
64900.000000000095 3.070134458233118e-07
64950.000000000095 2.851443180582439e-07
65000.000000000095 3.135632384268089e-07
65050.000000000095 2.999307503590423e-07
65100.000000000095 3.486550892274225e-07
65150.000000000095 2.680910474130707e-07
65200.000000000095 2.5812963542532547e-07
65250.000000000095 3.3220042721754044e-07
65300.000000000095 2.7986433926531887e-07
65350.000000000095 4.557552815120861e-07
65400.000000000095 2.9569864283932657e-07
65450.000000000095 3.069775921237491e-07
65500.000000000095 3.3313216726580793e-07
65550.00000000009 2.526012855882309e-07
65600.00000000009 2.7779853763109084e-07
65650.00000000009 3.143782278198643e-07
65700.00000000009 2.671675559729486e-07
65750.00000000009 2.619763076032218e-07
65800.00000000009 3.254549747207797e-07
65850.00000000009 3.446364205101985e-07
65900.00000000009 2.588608427659002e-07
65950.00000000009 1.9636723659961005e-07
66000.00000000009 2.840256773955484e-07
66050.00000000009 4.1389546572610595e-07
66100.00000000009 2.9867448311413565e-07
66150.00000000009 2.3054383350563278e-07
66200.00000000009 2.3630025984083638e-07
66250.00000000009 2.1956690080011257e-07
66300.00000000009 1.4580976463763804e-07
66350.00000000009 2.100683821897186e-07
66400.00000000009 2.3289563204043906e-07
66450.00000000009 3.258308632102478e-07
66500.00000000009 4.07051540902821e-07
66550.00000000009 3.8661976477384225e-07
66600.00000000009 3.080552585720165e-07
66650.00000000009 3.20713588860811e-07
66700.00000000009 2.8284189851905275e-07
66750.00000000009 2.554680041882321e-07
66800.00000000009 3.14066908278725e-07
66850.00000000009 2.569215545532594e-07
66900.00000000009 3.1761763649074e-07
66950.00000000009 3.8318086903610065e-07
67000.00000000009 3.7014755211414767e-07
67050.00000000009 3.0504019687228724e-07
67100.00000000009 2.792075790285794e-07
67150.00000000009 2.831614554843648e-07
67200.00000000009 2.882907879306263e-07
67250.00000000009 3.0778797444042255e-07
67300.00000000009 2.948643067240758e-07
67350.00000000009 2.5955000694851023e-07
67400.00000000009 3.7923071697329755e-07
67450.00000000009 3.21951775816153e-07
67500.00000000009 2.949085387120496e-07
67550.00000000009 3.261110081914005e-07
67600.00000000009 4.5414449468338884e-07
67650.00000000009 3.6879467584028895e-07
67700.00000000009 3.28329305643235e-07
67750.00000000009 3.076919925842442e-07
67800.00000000009 3.653412641237951e-07
67850.00000000009 2.604785597929581e-07
67900.00000000009 3.242618426679395e-07
67950.00000000009 2.1322603967597829e-07
68000.00000000009 2.696105097986916e-07
68050.00000000009 3.8469472395626326e-07
