galfind/configs/Brown_Dwarf_templates/sonora_cholla/logkzz4/178g/500K_178g_logkzz4_resample.dat
# %ECSV 1.0
# ---
# datatype:
# - {name: wav, unit: Angstrom, datatype: float64}
# - {name: flux_nu, unit: erg / (cm2 Hz s), datatype: float64}
# schema: astropy-2.0
wav flux_nu
[from data line 815]
43750.04800076804 9.108286016298499e-08
43800.04800076804 7.308810639164215e-08
43850.04800076804 7.728900867189863e-08
43900.04800076804 5.5578145342057957e-08
43950.04800076804 3.753636098509003e-08
44000.04800076804 3.180504877084773e-08
44050.04800076804 8.514488250848548e-08
44100.04800076804 1.1085187447556305e-07
44150.04800076804 9.989240475679404e-08
44200.04800076804 8.934346760624947e-08
44250.04800076804 5.2900389091549854e-08
44300.04800076804 3.76664723134636e-08
44350.04800076804 4.099435175354583e-08
44400.04800076804 4.245851563997805e-08
44450.04800076804 6.465292496760497e-08
44500.04800076804 5.353818712241681e-08
44550.04800076804 7.754707076374072e-08
44600.04800076804 5.3627590135923626e-08
44650.04800076804 6.512365286961656e-08
44700.04800076804 4.333103630813709e-08
44750.04800076804 5.787080539747961e-08
44800.04800076804 3.935701543115845e-08
44850.04800076804 5.395169299528265e-08
44900.04800076804 4.063772232965356e-08
44950.04800076804 3.795113924270149e-08
45000.04800076804 5.080312575601385e-08
45050.04800076804 4.875871091659062e-08
45100.04800076804 4.724810688864269e-08
45150.04800076804 3.484464868664336e-08
45200.04800076804 2.0157393913589818e-08
45250.04800076804 2.3728393942105443e-08
45300.04800076804 3.188774166984454e-08
45350.04800076804 2.8005830387075612e-08
45400.04800076804 3.2451563286657074e-08
45450.04800076804 2.8004391109111958e-08
45500.04800076804 3.24414716686852e-08
45550.04800076804 3.603923126608567e-08
45600.04800076804 2.7761299058895646e-08
45650.04800076804 2.5956094234561546e-08
45700.04800076804 2.7111783262686356e-08
45750.04800076804 1.926448401077193e-08
45800.04800076804 2.26031308238564e-08
45850.04800076804 3.127142882250403e-08
45900.04800076804 3.77872156702788e-08
45950.04800076804 2.0427030100681434e-08
46000.04800076804 3.419933221340224e-08
46050.04800076804 3.407223002445963e-08
46100.04800076804 2.397333816817345e-08
46150.04800076804 3.0228405406550064e-08
46200.04800076804 2.3034685553780267e-08
46250.04800076804 1.1099218828470985e-08
46300.04800076804 3.677798373383612e-08
46350.04800076804 2.4903500719834438e-08
46400.04800076804 3.49777873358104e-08
46450.04800076804 4.13813781592037e-08
46500.04800076804 3.1153798796021404e-08
46550.04800076804 2.4216741788598117e-08
46600.04800076804 3.014423425789142e-08
46650.04800076804 7.236033835770613e-08
46700.04800076804 4.0664967617556555e-08
46750.04800076804 2.0534216165511978e-08
46800.04800076804 1.0985106849332532e-08
46850.04800076804 4.511454690528561e-08
46900.04800076804 3.918636748616425e-08
46950.04800076804 5.2685792592830405e-08
47000.04800076804 2.6830553194385188e-08
47050.04800076804 4.1767622345355356e-08
47100.04800076804 1.4343929190363225e-08
47150.04800076804 2.6565452158810106e-08
47200.04800076804 3.861553465925527e-08
47250.04800076804 2.014431935682687e-08
47300.04800076804 1.8799089472556975e-08
47350.04800076804 2.587311586835143e-08
47400.04800076804 5.034314673813717e-08
47450.04800076804 2.103691563101827e-08
47500.04800076804 6.04306413966358e-08
47550.04800076804 2.7418883619386468e-08
47600.04800076804 4.568355490600201e-08
47650.04800076804 2.1527790287724465e-08
47700.04800076804 4.322896949515551e-08
47750.04800076804 1.713551874209316e-08
47800.04800076804 2.4968462850458614e-08
47850.04800076804 1.0655473569299913e-08
47900.04800076804 1.7736814527027998e-08
47950.04800076804 3.0533174980106206e-08
48000.04800076804 5.9441765686854185e-08
48050.04800076804 3.472595014540798e-08
48100.04800076804 2.4380961861377046e-08
48150.04800076804 2.923161204708223e-08
48200.04800076804 3.295175291326913e-08
48250.04800076804 2.888679409909949e-08
48300.04800076804 6.469796785614604e-08
48350.04800076804 2.451326671434818e-08
48400.04800076804 1.0479660269255741e-08
48450.04800076804 1.8457580750691986e-08
48500.04800076804 3.724299471419436e-08
48550.04800076804 2.5782160985001615e-08
48600.04800076804 5.247915350367898e-08
48650.04800076804 4.332721044924829e-08
48700.04800076804 4.863941319577001e-08
48750.04800076804 3.1592535146389426e-08
48800.04800076804 5.571598733973907e-08
48850.04800076804 3.131583243433136e-08
48900.04800076804 3.5683664374513833e-08
48950.04800076804 2.3033121345092155e-08
49000.04800076804 1.4328301883449245e-08
49050.04800076804 4.082751184897353e-08
49100.04800076804 4.197518272572822e-08
49150.04800076804 4.4304378239463724e-08
49200.04800076804 5.179895142571765e-08
49250.04800076804 6.649999618419742e-08
49300.04800076804 4.695010344433597e-08
49350.04800076804 1.9840317473534407e-08
49400.04800076804 2.9580899688623217e-08
49450.04800076804 2.991504198257328e-08
49500.04800076804 2.4994874673381233e-08
49550.04800076804 4.525391969063884e-09
49600.04800076804 1.4120648700293884e-08
49650.04800076804 3.103264356539855e-08
49700.04800076804 3.7564744239490814e-08
49750.04800076804 3.971540334726557e-08
49800.04800076804 2.2781470221821572e-08
49850.04800076804 5.545797055457891e-08
49900.04800076804 4.907866824999449e-08
49950.04800076804 4.722345619998953e-08
50000.04800076804 3.5884785469452124e-08
50050.04800076804 4.287865766288199e-08
50100.04800076804 3.547504943284908e-08
50150.04800076804 1.4085002498475178e-08
50200.04800076804 2.5381866714400666e-09
50250.04800076804 1.5515925574124928e-08
50300.04800076804 1.0970396528963066e-08
50350.04800076804 3.9497076419926944e-08
50400.04800076804 4.64634839913582e-08
50450.04800076804 3.486852716388148e-08
50500.04800076804 5.3205342174096276e-08
50550.04800076804 5.456720819702764e-08
50600.04800076804 3.685783519908459e-08
50650.04800076804 5.515818223037239e-08
50700.04800076804 5.833619254610131e-08
50750.04800076804 3.474484628235665e-08
50800.04800076804 1.055243760707032e-08
50850.04800076804 4.953992348827802e-09
50900.04800076804 3.478105767686162e-08
50950.04800076804 3.694340807757447e-08
51000.04800076804 2.4712136185405083e-08
51050.04800076804 3.9330517043849934e-08
51100.04800076804 1.1124498693366828e-08
51150.04800076804 1.4502127108641199e-08
51200.04800076804 5.297717999122575e-08
51250.04800076804 3.457121018150727e-08
51300.04800076804 2.467031439241228e-08
51350.04800076804 2.328716023816142e-08
51400.04800076804 6.3930510376117555e-09
51450.04800076804 5.422699923053941e-09
51500.04800076804 4.8642448535090044e-09
51550.04800076804 1.880746540376705e-08
51600.04800076804 1.8797253695046468e-08
51650.04800076804 3.00593780361533e-08
51700.04800076804 2.6819946339141686e-08
51750.04800076804 1.6111099506081708e-08
51800.04800076804 3.894982172761546e-08
51850.04800076804 3.178055426332788e-08
51900.04800076804 3.3485120772265134e-08
51950.04800076804 1.641244044359523e-08
52000.04800076804 1.6191713364572825e-09
52050.04800076804 8.526875440861165e-09
52100.04800076804 4.871387899882639e-09
52150.04800076804 2.4760451330888636e-09
52200.04800076804 8.555458933473215e-09
52250.04800076804 1.821489828823806e-08
52300.04800076804 2.26661376670017e-08
52350.04800076804 5.575954301120976e-09
52400.04800076804 6.363121601717371e-09
52450.04800076804 2.6848202904342695e-08
52500.04800076804 2.154188140351369e-08
52550.04800076804 2.5234954355013762e-08
52600.04800076804 2.061137067254758e-08
52650.04800076804 2.1325831870817402e-08
52700.04800076804 1.519429413744451e-08
52750.04800076804 5.5098538662065435e-09
52800.04800076804 9.489911293246526e-09
52850.04800076804 1.2460138270339419e-08
52900.04800076804 4.334170629119283e-09
52950.04800076804 7.770464634533641e-09
53000.04800076804 2.001932833501655e-08
53050.04800076804 5.483074722814692e-09
53100.04800076804 2.662684160139754e-08
53150.04800076804 3.0736872792524046e-08
53200.04800076804 1.137122342579435e-08
53250.04800076804 2.750848151438879e-08
53300.04800076804 2.7571922198899898e-08
53350.04800076804 2.617952851711687e-08
53400.04800076804 1.5016084242455823e-08
53450.04800076804 3.4404211411232514e-09
53500.04800076804 6.846433251464536e-10
53550.04800076804 1.6911993376685208e-09
53600.04800076804 8.841959120639843e-09
53650.04800076804 1.1950708119053419e-08
53700.04800076804 9.413208134722817e-09
53750.04800076804 8.469577350032076e-09
53800.04800076804 7.582639319878578e-09
53850.04800076804 1.3105449305263127e-08
53900.04800076804 2.3382249974429876e-08
53950.04800076804 2.06317590073996e-08
54000.04800076804 1.3268021359660963e-08
54050.04800076804 1.4170666081186943e-08
54100.04800076804 2.6137892974644082e-09
54150.04800076804 3.625522572162774e-09
54200.04800076804 5.104441068456502e-10
54250.04800076804 1.5679398719789619e-09
54300.04800076804 5.651450880017885e-09
54350.04800076804 8.956609449202276e-09
54400.04800076804 6.601847665767368e-09
54450.04800076804 6.08187785472034e-09
54500.04800076804 5.703005405189281e-09
54550.04800076804 6.046759984341753e-09
54600.04800076804 4.507898943825932e-09
54650.04800076804 4.175409743592157e-10
54700.04800076804 4.598091398633936e-09
54750.04800076804 4.81653780230224e-09
54800.04800076804 2.445841761945343e-09
54850.04800076804 4.597425455068708e-09
54900.04800076804 8.887343582741921e-09
54950.04800076804 1.5659472697894215e-08
55000.04800076804 4.517379831046431e-09
55050.04800076804 6.538846212698713e-09
55100.04800076804 1.0003823933236276e-08
55150.04800076804 3.991379268276847e-09
55200.04800076804 2.614130048671621e-09
55250.04800076804 4.625269229878331e-09
55300.04800076804 3.2339519006869274e-09
55350.04800076804 6.6295059466806385e-09
55400.04800076804 7.161497870443147e-09
55450.04800076804 4.575292841940138e-09
55500.04800076804 1.6135731551330184e-09
55550.04800076804 1.1262352018750296e-09
55600.04800076804 2.864222171693997e-09
55650.04800076804 2.743753375776182e-09
55700.04800076804 2.5542321281651285e-09
55750.04800076804 1.770545534021473e-09
55800.04800076804 6.009344932113154e-10
55850.04800076804 1.5254915548271975e-09
55900.04800076804 4.516292759829515e-09
55950.04800076804 7.534368612691377e-09
56000.04800076804 2.53413215560644e-09
56050.04800076804 2.8686681257241243e-09
56100.04800076804 4.828124779717052e-09
56150.04800076804 1.4185360547701348e-09
56200.04800076804 2.7544809385774725e-09
56250.04800076804 5.997588865672937e-09
56300.04800076804 3.1428338775798986e-09
56350.04800076804 1.4588276735833753e-09
56400.04800076804 3.419057194041629e-10
56450.04800076804 3.582551450933897e-10
56500.04800076804 2.335908039744435e-09
56550.04800076804 8.835996761424076e-10
56600.04800076804 4.138113205906975e-09
56650.04800076804 5.219812570013359e-09
56700.04800076804 2.9619753421619354e-09
56750.04800076804 8.223513053283799e-10
56800.04800076804 1.830826118741666e-09
56850.04800076804 3.1453571071152483e-09
56900.04800076804 1.4638926892710675e-09
56950.04800076804 3.876062378255226e-09
57000.04800076804 5.379115176922227e-09
57050.04800076804 2.1991544416942898e-09
57100.04800076804 4.973455232328943e-10
57150.04800076804 1.0152720252126365e-09
57200.04800076804 7.041970236059492e-10
57250.04800076804 1.2151593677509084e-09
57300.04800076804 2.1415798341218387e-09
57350.04800076804 9.192990551789088e-10
57400.04800076804 3.1150953644860512e-09
57450.04800076804 1.035846833258004e-09
57500.04800076804 1.0180288992032496e-09
57550.04800076804 1.7273899955358375e-09
57600.04800076804 1.2891149944308267e-09
57650.04800076804 1.970000447837007e-10
57700.04800076804 5.713591207668719e-10
57750.04800076804 1.728140424694853e-09
57800.04800076804 5.9210384354144e-10
57850.04800076804 5.392318982677728e-09
57900.04800076804 6.967730244616807e-09
57950.04800076804 7.908432797434873e-09
58000.04800076804 1.506772294142144e-09
58050.04800076804 3.713959614669301e-09
58100.04800076804 2.7340528210187886e-09
58150.04800076804 1.5736094208564022e-09
58200.04800076804 1.725460710663608e-10
58250.04800076804 5.607310604409487e-10
58300.04800076804 6.070224604443376e-10
58350.04800076804 9.385159706580693e-10
58400.04800076804 3.035005584202189e-09
58450.04800076804 3.62656714268537e-09
58500.04800076804 3.932248218741618e-09
58550.04800076804 2.274762135172102e-09
58600.04800076804 5.886208936655024e-10
58650.04800076804 1.0428966984084418e-09
58700.04800076804 1.7127841524335606e-09
58750.04800076804 1.174013020644266e-09
58800.04800076804 5.421821252488981e-11
58850.04800076804 5.785476497280702e-10
58900.04800076804 8.597303753339328e-10
58950.04800076804 3.1470854943974204e-10
59000.04800076804 1.0996877138728792e-09
59050.04800076804 2.1971068947661544e-09
59100.04800076804 1.7332148242241895e-09
59150.04800076804 1.364668194781301e-09
59200.04800076804 2.316108165800503e-09
59250.04800076804 2.3769157167373338e-09
59300.04800076804 1.4863519252458918e-09
59350.04800076804 1.0290066124731801e-10
59400.04800076804 2.1787420379957586e-10
59450.04800076804 1.8292778685222352e-09
59500.04800076804 1.174183170774899e-09
59550.04800076804 2.2668440883278435e-09
59600.04800076804 3.003044031915469e-09
59650.04800076804 1.1314817712639871e-09
59700.04800076804 6.588826071326912e-10
59750.04800076804 3.202644816955801e-09
59800.04800076804 1.2312098665619286e-09
59850.04800076804 1.4344518217374685e-09
59900.04800076804 3.3204025028067603e-10
59950.04800076804 1.4034820275204198e-09
60000.04800076804 3.762216275410241e-09
60050.04800076804 5.095927513756533e-09
60100.04800076804 2.420203328387563e-09
60150.04800076804 6.91139514674312e-10
60200.04800076804 2.3123294770681156e-09
60250.04800076804 5.2913794247542395e-09
60300.04800076804 4.544055645484888e-09
60350.04800076804 2.5271603591489128e-09
60400.04800076804 1.7092310831501173e-09
60450.04800076804 2.1205742009223775e-10
60500.04800076804 2.955263378180332e-11
60550.04800076804 1.0930497867546565e-09
60600.04800076804 2.2775052452064342e-09
60650.04800076804 1.0834973636373597e-09
60700.04800076804 6.197576338831375e-10
60750.04800076804 2.050431616653095e-10
60800.04800076804 2.0494100759333024e-09
60850.04800076804 4.733489241523373e-09
60900.04800076804 4.233084057056279e-09
60950.04800076804 2.66200549896391e-09
61000.04800076804 3.6051511031759943e-09
61050.04800076804 7.951780039123447e-10
61100.04800076804 7.266991062337337e-10
61150.04800076804 1.3480916311184778e-10
61200.04800076804 1.7992282279372297e-09
61250.04800076804 3.1351208690484778e-09
61300.04800076804 2.2893958456705986e-09
61350.04800076804 5.357941547559712e-09
61400.04800076804 1.1999163717111504e-09
61450.04800076804 2.5967678339272735e-10
61500.04800076804 2.2707640352586374e-10
61550.04800076804 1.543946342543992e-09
61600.04800076804 3.8314391378979935e-10
61650.04800076804 1.0890688544695907e-09
61700.04800076804 1.7695147903530101e-09
61750.04800076804 2.015642320434293e-09
61800.04800076804 1.2101996198313902e-09
61850.04800076804 1.898413743951451e-10
61900.04800076804 2.550990316141908e-09
61950.04800076804 3.736995097332264e-09
62000.04800076804 3.841830319303001e-09
62050.04800076804 7.365186654222585e-09
62100.04800076804 1.9089791614185285e-09
62150.04800076804 4.812729526890028e-09
62200.04800076804 4.582078924568445e-09
62250.04800076804 2.9013269095164203e-09
62300.04800076804 1.0316383949427262e-08
62350.04800076804 7.934253319032665e-09
62400.04800076804 3.475847687178397e-09
62450.04800076804 4.199622803544633e-09
62500.04800076804 9.746064267977736e-09
62550.04800076804 1.4153540088696653e-08
62600.04800076804 7.182897107568923e-09
62650.04800076804 5.411099751953036e-09
62700.04800076804 3.106972620940953e-09
62750.04800076804 7.27080233160175e-09
62800.04800076804 4.0687525202054585e-09
62850.04800076804 5.8147632587242285e-09
62900.04800076804 6.024370434188388e-09
62950.04800076804 1.4016629063758365e-08
63000.04800076804 5.747511423517117e-09
63050.04800076804 2.1852673171228434e-08
63100.04800076804 1.7894378234444326e-08
63150.04800076804 1.246847450580934e-08
63200.04800076804 8.730765494565548e-09
63250.04800076804 9.719169275128894e-09
63300.04800076804 4.07169743739395e-09
63350.04800076804 3.467234743592085e-09
63400.04800076804 9.779432688804573e-10
63450.04800076804 3.1422934887025027e-10
