galfind/configs/Brown_Dwarf_templates/sonora_cholla/logkzz4/178g/500K_178g_logkzz4_resample.dat
# %ECSV 1.0
# ---
# datatype:
# - {name: wav, unit: Angstrom, datatype: float64}
# - {name: flux_nu, unit: erg / (cm2 Hz s), datatype: float64}
# schema: astropy-2.0
wav flux_nu
[from data line 418]
23900.04800076804 1.8417950264736698e-11
23950.04800076804 9.325776925265582e-12
24000.04800076804 2.2313380490405062e-11
24050.04800076804 2.8249928778794925e-11
24100.04800076804 3.052483723399596e-11
24150.04800076804 4.922439345954376e-11
24200.04800076804 3.3354791401162395e-11
24250.04800076804 1.845508290951191e-11
24300.04800076804 5.5587925250414535e-11
24350.04800076804 3.285501820059324e-11
24400.04800076804 8.549506251830506e-11
24450.04800076804 9.29418925650305e-11
24500.04800076804 8.181425845517732e-11
24550.04800076804 1.4500609397363355e-10
24600.04800076804 1.8824981518182787e-10
24650.04800076804 2.2078279495735644e-10
24700.04800076804 1.5795887871004194e-10
24750.04800076804 2.1054333347666372e-10
24800.04800076804 1.763709511259267e-10
24850.04800076804 2.734521727805018e-10
24900.04800076804 1.0722644168239409e-10
24950.04800076804 2.1799277800588526e-10
25000.04800076804 2.3452807420505686e-10
25050.04800076804 1.346049213273184e-10
25100.04800076804 2.1121351038331514e-10
25150.04800076804 8.265315458184817e-11
25200.04800076804 1.3454218887119973e-10
25250.04800076804 4.914555554905001e-11
25300.04800076804 6.467935610993385e-11
25350.04800076804 2.7006418061373056e-11
25400.04800076804 8.379270903470827e-11
25450.04800076804 2.2808719443049207e-11
25500.04800076804 1.8344838998066142e-11
25550.04800076804 4.326357757395898e-11
25600.04800076804 1.0838404748035436e-11
25650.04800076804 8.388127801712225e-12
25700.04800076804 7.6896986581976e-12
25750.04800076804 2.5781711961448626e-12
25800.04800076804 1.766342271443154e-11
25850.04800076804 1.9488527417325342e-12
25900.04800076804 3.750903476163638e-12
25950.04800076804 7.570307588371818e-13
26000.04800076804 1.2911855310280561e-11
26050.04800076804 1.018691082566055e-12
26100.04800076804 8.06695260916261e-12
26150.04800076804 2.8666984592544505e-12
26200.04800076804 4.286552387297163e-12
26250.04800076804 3.550075366484475e-11
26300.04800076804 4.572875497127475e-12
26350.04800076804 7.611894023778024e-11
26400.04800076804 1.5811287545658056e-10
26450.04800076804 5.77084886015637e-11
26500.04800076804 1.7141422637848874e-10
26550.04800076804 1.4638751228099193e-11
26600.04800076804 1.2133367828347945e-11
26650.04800076804 1.7146084638243572e-12
26700.04800076804 7.165206347957474e-13
26750.04800076804 1.7911975720089398e-12
26800.04800076804 5.221939539252023e-12
26850.04800076804 3.8198681302867844e-12
26900.04800076804 2.163834258927765e-11
26950.04800076804 5.367459130169105e-12
27000.04800076804 4.37284790922126e-11
27050.04800076804 5.0970188575830085e-11
27100.04800076804 3.992413316846573e-12
27150.04800076804 5.937174645774431e-11
27200.04800076804 3.354385173765013e-12
27250.04800076804 1.414218941761642e-11
27300.04800076804 1.704172082560678e-10
27350.04800076804 4.2426597891778406e-11
27400.04800076804 1.6316438510546491e-12
27450.04800076804 6.106249721614119e-11
27500.04800076804 8.996335742353833e-11
27550.04800076804 9.081529117955374e-12
27600.04800076804 3.204203081443882e-11
27650.04800076804 7.266705488522348e-12
27700.04800076804 6.870960591773756e-12
27750.04800076804 5.1051094780448914e-11
27800.04800076804 1.559376807263295e-11
27850.04800076804 2.6392318862003655e-11
27900.04800076804 3.869019378957153e-11
27950.04800076804 1.0144767498451155e-10
28000.04800076804 8.269665924708888e-11
28050.04800076804 9.798886681647172e-12
28100.04800076804 1.3126898368497598e-10
28150.04800076804 8.550892058519552e-11
28200.04800076804 1.8563706195786693e-11
28250.04800076804 1.7195948686680974e-10
28300.04800076804 2.4229700987101447e-10
28350.04800076804 2.5495660821843147e-11
28400.04800076804 1.3215589352065463e-10
28450.04800076804 3.238818956591479e-10
28500.04800076804 1.262452360913353e-10
28550.04800076804 3.075736124594704e-11
28600.04800076804 2.2414374236857833e-10
28650.04800076804 2.1168322065498132e-10
28700.04800076804 2.029272280273576e-10
28750.04800076804 4.773508523943291e-10
28800.04800076804 3.16217205283074e-10
28850.04800076804 4.46294408331223e-10
28900.04800076804 2.309201760772777e-10
28950.04800076804 6.211389022101355e-10
29000.04800076804 3.8536546447832536e-10
29050.04800076804 4.022115240333474e-10
29100.04800076804 3.254682903996555e-10
29150.04800076804 6.1585721536841e-10
29200.04800076804 5.890969430298629e-10
29250.04800076804 7.776436859361294e-10
29300.04800076804 4.229991363606666e-10
29350.04800076804 1.8584143103479508e-09
29400.04800076804 3.748402025824412e-10
29450.04800076804 3.9922000476405646e-10
29500.04800076804 1.230425871091509e-09
29550.04800076804 4.758502803959188e-10
29600.04800076804 9.327849064394984e-10
29650.04800076804 1.699236320434665e-09
29700.04800076804 3.4782684933271134e-10
29750.04800076804 9.148089568677235e-10
29800.04800076804 8.043688515133138e-10
29850.04800076804 1.7238557619006669e-09
29900.04800076804 1.49885962961859e-09
29950.04800076804 1.0274471931074573e-09
30000.04800076804 9.841884135844973e-11
30050.04800076804 3.2275880500409814e-10
30100.04800076804 8.510225322235246e-10
30150.04800076804 1.729281957629946e-09
30200.04800076804 8.196571143429205e-10
30250.04800076804 2.647027497740188e-09
30300.04800076804 2.6681363013737976e-09
30350.04800076804 7.438447258795457e-10
30400.04800076804 2.4870601002733004e-09
30450.04800076804 1.7167791149826592e-09
30500.04800076804 1.177798894227408e-09
30550.04800076804 8.1256263606005e-10
30600.04800076804 3.999398911735119e-09
30650.04800076804 2.037192765508454e-09
30700.04800076804 1.412565112976105e-09
30750.04800076804 2.280636266797889e-09
30800.04800076804 1.4684830905497792e-09
30850.04800076804 2.045440904658451e-09
30900.04800076804 1.5914575062845666e-09
30950.04800076804 6.823497360612799e-10
31000.04800076804 1.325460727565984e-09
31050.04800076804 9.622593071909974e-10
31100.04800076804 5.708216808177048e-10
31150.04800076804 9.244507956841797e-10
31200.04800076804 1.9664641901505784e-09
31250.04800076804 7.647010926031523e-10
31300.04800076804 5.936167466856045e-10
31350.04800076804 1.1778937669088122e-09
31400.04800076804 6.116998651759407e-10
31450.04800076804 8.188986971201404e-10
31500.04800076804 3.229086341269916e-10
31550.04800076804 3.840872071281049e-10
31600.04800076804 3.1061326917290114e-10
31650.04800076804 2.5044213190778485e-10
31700.04800076804 2.860913152546055e-10
31750.04800076804 8.804915070790884e-11
31800.04800076804 2.519354513011521e-10
31850.04800076804 4.634207783748139e-11
31900.04800076804 1.2379781853399947e-10
31950.04800076804 6.801232357414214e-11
32000.04800076804 5.4291642635173864e-11
32050.04800076804 5.729374007986105e-11
32100.04800076804 4.344297166256774e-11
32150.04800076804 5.2384810681565116e-11
32200.04800076804 2.6413558094511186e-11
32250.04800076804 7.316218002419869e-11
32300.04800076804 1.8791872160976286e-11
32350.04800076804 7.553956139312228e-11
32400.04800076804 1.4281441440829491e-11
32450.04800076804 4.524733980380572e-11
32500.04800076804 1.581156024245743e-11
32550.04800076804 4.7069738143079184e-11
32600.04800076804 1.5498737643666887e-11
32650.04800076804 9.80757623758327e-11
32700.04800076804 2.5415321290784844e-11
32750.04800076804 2.1088641213568102e-10
32800.04800076804 1.0131769788508835e-10
32850.04800076804 3.914110294465805e-10
32900.04800076804 3.059611492761223e-10
32950.04800076804 3.5385014856607343e-10
33000.04800076804 1.1869941606544194e-10
33050.04800076804 1.3301718930288577e-10
33100.04800076804 3.338992797440488e-11
33150.04800076804 1.660598753113755e-14
33200.04800076804 1.073535590343029e-12
33250.04800076804 1.7797763917597e-12
33300.04800076804 1.5319425663784646e-11
33350.04800076804 4.7489246875194234e-11
33400.04800076804 1.4624465891735885e-10
33450.04800076804 6.360658085033022e-11
33500.04800076804 2.6737760360574623e-10
33550.04800076804 7.543932650320676e-11
33600.04800076804 1.2200955701660947e-10
33650.04800076804 1.1918174544348768e-10
33700.04800076804 5.406378628524885e-11
33750.04800076804 1.6845617693994117e-10
33800.04800076804 2.3466818453430406e-11
33850.04800076804 9.474393853691925e-11
33900.04800076804 1.0922104376234886e-10
33950.04800076804 9.21146104300325e-11
34000.04800076804 2.0411790868635898e-10
34050.04800076804 2.8074003386152496e-11
34100.04800076804 1.588613303315006e-10
34150.04800076804 6.669966709298912e-11
34200.04800076804 1.628482015134955e-10
34250.04800076804 1.023757817126308e-10
34300.04800076804 1.0824813806519049e-10
34350.04800076804 3.1394662395030785e-10
34400.04800076804 7.558700705695859e-11
34450.04800076804 2.5837826543021474e-10
34500.04800076804 1.2109836130499853e-10
34550.04800076804 1.1549794710200976e-10
34600.04800076804 5.07445770876356e-10
34650.04800076804 6.385921370603319e-11
34700.04800076804 2.2656712908820125e-10
34750.04800076804 1.783148254965849e-10
34800.04800076804 1.6564200532953076e-10
34850.04800076804 4.733332769127752e-10
34900.04800076804 1.2535189861777613e-10
34950.04800076804 3.1070315857690254e-10
35000.04800076804 7.630650220608032e-10
35050.04800076804 3.888203704489563e-10
35100.04800076804 8.769514203109417e-10
35150.04800076804 7.940748887894261e-10
35200.04800076804 6.70472134072656e-10
35250.04800076804 9.35885840232605e-10
35300.04800076804 4.076796377885064e-10
35350.04800076804 6.170695380370982e-10
35400.04800076804 4.392480139199198e-10
35450.04800076804 3.355663352616751e-10
35500.04800076804 1.5973901890003996e-09
35550.04800076804 7.940421787687436e-10
35600.04800076804 1.1038739291960218e-09
35650.04800076804 1.2906788532699128e-09
35700.04800076804 1.0463833868152478e-09
35750.04800076804 1.8489706389048394e-09
35800.04800076804 9.994520263744302e-10
35850.04800076804 4.4486161970846224e-10
35900.04800076804 8.846783240135224e-10
35950.04800076804 1.1178232769982394e-09
36000.04800076804 6.170179089311445e-10
36050.04800076804 7.820287214596943e-10
36100.04800076804 7.167218983966051e-10
36150.04800076804 2.2137169957729718e-09
36200.04800076804 1.8445886868435287e-09
36250.04800076804 1.4461109452808421e-09
36300.04800076804 3.110355448555552e-09
36350.04800076804 1.6425110160205813e-09
36400.04800076804 3.297454977851565e-09
36450.04800076804 2.3714611932293484e-09
36500.04800076804 2.5566266378046507e-09
36550.04800076804 5.1125738146334486e-09
36600.04800076804 5.0028783045005585e-09
36650.04800076804 4.035612734960774e-09
36700.04800076804 4.123903477996616e-09
36750.04800076804 5.212678728158931e-09
36800.04800076804 5.445760256104275e-09
36850.04800076804 2.42687174864708e-09
36900.04800076804 4.229224208628555e-09
36950.04800076804 5.475912997798523e-09
37000.04800076804 3.3515056009732317e-09
37050.04800076804 6.7800692680859905e-09
37100.04800076804 3.6100746858171624e-09
37150.04800076804 4.3927661193297384e-09
37200.04800076804 5.859752270504264e-09
37250.04800076804 4.325035432959141e-09
37300.04800076804 3.4410716069485956e-09
37350.04800076804 5.540596195133173e-09
37400.04800076804 8.122952702265013e-09
37450.04800076804 2.746430787618936e-09
37500.04800076804 5.244299989770077e-09
37550.04800076804 1.1519792215205171e-08
37600.04800076804 1.4418082767392604e-08
37650.04800076804 5.493998155673437e-09
37700.04800076804 8.897091505796633e-09
37750.04800076804 5.351646240908643e-09
37800.04800076804 5.9508717134144544e-09
37850.04800076804 3.135408586137826e-09
37900.04800076804 4.449040918207639e-09
37950.04800076804 8.23575304191854e-09
38000.04800076804 8.746275104172642e-09
38050.04800076804 1.2202704566907445e-08
38100.04800076804 1.4023329442606507e-08
38150.04800076804 1.4674308231333835e-08
38200.04800076804 1.2466124304104735e-08
38250.04800076804 1.3589243008287655e-08
38300.04800076804 2.612274840596738e-08
38350.04800076804 2.0140700899550917e-08
38400.04800076804 8.009879948398849e-09
38450.04800076804 4.481243402664446e-09
38500.04800076804 2.341734508527272e-09
38550.04800076804 7.454987310622629e-09
38600.04800076804 1.0165275993025159e-08
38650.04800076804 1.262873567996119e-08
38700.04800076804 1.0692567143160644e-08
38750.04800076804 1.4297786451413262e-08
38800.04800076804 9.544256827241496e-09
38850.04800076804 1.5394596234743525e-08
38900.04800076804 1.614027885505168e-08
38950.04800076804 9.822444295997125e-09
39000.04800076804 1.959239924130249e-08
39050.04800076804 1.0568643291458732e-08
39100.04800076804 1.72653326660995e-08
39150.04800076804 1.8074618856900827e-08
39200.04800076804 1.2014724062767893e-08
39250.04800076804 2.065988308225201e-08
39300.04800076804 1.5272600397014075e-08
39350.04800076804 3.2241215101994383e-08
39400.04800076804 1.939704009445858e-08
39450.04800076804 2.2006129514729157e-08
39500.04800076804 2.5584475774525384e-08
39550.04800076804 1.4716266513463157e-08
39600.04800076804 2.4191631409413498e-08
39650.04800076804 3.691093215244271e-08
39700.04800076804 2.4188783369369846e-08
39750.04800076804 1.173835227378027e-08
39800.04800076804 1.6618789922894687e-08
39850.04800076804 3.432278502004513e-08
39900.04800076804 3.81575590636037e-08
39950.04800076804 2.1069539612021136e-08
40000.04800076804 3.7820104659103e-08
40050.04800076804 3.575540549787669e-08
40100.04800076804 1.1780879760386082e-08
40150.04800076804 3.4435038742451995e-08
40200.04800076804 3.895491383194169e-08
40250.04800076804 4.174226234198303e-08
40300.04800076804 4.246823153271776e-08
40350.04800076804 2.0917241083404484e-08
40400.04800076804 3.93108057607439e-08
40450.04800076804 2.081072565918203e-08
40500.04800076804 4.893064511459425e-08
40550.04800076804 4.183530737530961e-08
40600.04800076804 3.6781550557700085e-08
40650.04800076804 2.9938129038482544e-08
40700.04800076804 6.762142411213775e-08
40750.04800076804 4.449273585464807e-08
40800.04800076804 2.224255491199904e-08
40850.04800076804 7.066035697424343e-08
40900.04800076804 5.798968643474838e-08
40950.04800076804 3.491975484093002e-08
41000.04800076804 4.66770558751991e-08
41050.04800076804 7.179332792541732e-08
41100.04800076804 5.309867926098858e-08
41150.04800076804 1.955972469164911e-08
41200.04800076804 7.190592662324633e-08
41250.04800076804 5.4168769832368546e-08
41300.04800076804 5.911110505000101e-08
41350.04800076804 7.77388515670102e-08
41400.04800076804 6.255742573652008e-08
41450.04800076804 7.176206175913695e-08
41500.04800076804 4.348370252606291e-08
41550.04800076804 4.014071791762291e-08
41600.04800076804 5.632201912800194e-08
41650.04800076804 6.839264594238534e-08
41700.04800076804 7.596676256175996e-08
41750.04800076804 5.695665997321383e-08
41800.04800076804 8.620337060019493e-08
41850.04800076804 5.390480407824975e-08
41900.04800076804 4.523204983219984e-08
41950.04800076804 6.113551648296052e-08
42000.04800076804 6.123325144823319e-08
42050.04800076804 5.4648060604000646e-08
42100.04800076804 7.34014211050217e-08
42150.04800076804 5.807341648495473e-08
42200.04800076804 6.239271800155721e-08
42250.04800076804 4.497111068159801e-08
42300.04800076804 4.075816877421462e-08
42350.04800076804 6.696499913717713e-08
42400.04800076804 7.74452380108261e-08
42450.04800076804 7.361467378284505e-08
42500.04800076804 6.840921334939848e-08
42550.04800076804 6.50541595046978e-08
42600.04800076804 5.849836295165497e-08
42650.04800076804 9.855122939553515e-08
42700.04800076804 3.8283377797736964e-08
42750.04800076804 5.7701876387904075e-08
42800.04800076804 7.143370964049108e-08
42850.04800076804 8.002185719710924e-08
42900.04800076804 9.052668786334013e-08
42950.04800076804 6.143052222168492e-08
43000.04800076804 8.078946940893486e-08
43050.04800076804 3.241810870372532e-08
43100.04800076804 5.6880575344248025e-08
43150.04800076804 5.6765976017983237e-08
43200.04800076804 7.581650884891599e-08
43250.04800076804 1.1246899954185478e-07
43300.04800076804 9.776686669380148e-08
43350.04800076804 5.063014392629223e-08
43400.04800076804 7.079999829066861e-08
43450.04800076804 4.747172890582535e-08
43500.04800076804 5.453039019817216e-08
43550.04800076804 5.409573396055796e-08
43600.04800076804 8.382130818464406e-08
43650.04800076804 4.7536640025354404e-08
