galfind/configs/Brown_Dwarf_templates/sonora_cholla/logkzz4/178g/550K_178g_logkzz4_resample.dat
# %ECSV 1.0
# ---
# datatype:
# - {name: wav, unit: Angstrom, datatype: float64}
# - {name: flux_nu, unit: erg / (cm2 Hz s), datatype: float64}
# schema: astropy-2.0
wav flux_nu
[from data line 1211]
63550.04800076804 1.1506368427975686e-08
63600.04800076804 1.0304740698816325e-08
63650.04800076804 5.8281387573100214e-09
63700.04800076804 1.2431151789535518e-09
63750.04800076804 4.529171885019701e-09
63800.04800076804 1.2990042992210923e-08
63850.04800076804 9.075843457752069e-09
63900.04800076804 1.9353021414073053e-09
63950.04800076804 6.213004032104521e-09
64000.04800076804 8.76545581279391e-09
64050.04800076804 2.665105386004721e-09
64100.04800076804 4.572993880565904e-10
64150.04800076804 7.218307350942318e-10
64200.04800076804 9.479235171492773e-10
64250.04800076804 4.2245895666751e-09
64300.04800076804 3.511480179792498e-09
64350.04800076804 2.19436922020863e-09
64400.04800076804 7.0467962637631684e-09
64450.04800076804 8.356566665628564e-09
64500.04800076804 3.079781155999516e-09
64550.04800076804 7.304504309797842e-09
64600.04800076804 4.210342271781626e-09
64650.04800076804 5.9709258587350725e-09
64700.04800076804 1.6328325181381824e-09
64750.04800076804 3.127897361110516e-09
64800.04800076804 1.4522221314353763e-09
64850.04800076804 8.717927431440605e-10
64900.04800076804 7.713594539947651e-10
64950.04800076804 6.090564190845437e-10
65000.04800076804 1.4227017159172332e-09
65050.04800076804 3.5751996984843778e-09
65100.04800076804 5.590963721452595e-09
65150.04800076804 2.2792333899796425e-09
65200.04800076804 6.586032999207081e-10
65250.04800076804 3.232095880916544e-09
65300.04800076804 4.256674720991041e-09
65350.04800076804 1.193457022339794e-08
65400.04800076804 3.988085473442784e-09
65450.04800076804 3.9905757064433874e-09
65500.04800076804 4.856987903730491e-09
65550.04800076805 1.588701234920469e-09
65600.04800076805 4.537277365731814e-09
65650.04800076805 2.2632233018175244e-09
65700.04800076805 2.0711172267817687e-09
65750.04800076805 1.3761192931427809e-09
65800.04800076805 3.959669323183069e-09
65850.04800076805 5.987067514052601e-09
65900.04800076805 1.061369220904497e-09
65950.04800076805 2.76243738432659e-09
66000.04800076805 3.6110050351118855e-09
66050.04800076805 8.866821314874746e-09
66100.04800076805 4.5495892098985726e-09
66150.04800076805 4.200358758999992e-09
66200.04800076805 4.071734822859705e-09
66250.04800076805 1.98969429014842e-09
66300.04800076805 6.349637213297036e-10
66350.04800076805 4.0061195585152154e-10
66400.04800076805 9.750403017247879e-10
66450.04800076805 4.37807755946669e-09
66500.04800076805 7.370093808872922e-09
66550.04800076805 8.081647816233383e-09
66600.04800076805 6.239574637877039e-09
66650.04800076805 3.687756067840094e-09
66700.04800076805 2.3360808829770555e-09
66750.04800076805 2.812392096536675e-09
66800.04800076805 3.2583880848912415e-09
66850.04800076805 1.9969449837752935e-09
66900.04800076805 9.511264923185413e-09
66950.04800076805 8.584524629000118e-09
67000.04800076805 9.867887980769452e-09
67050.04800076805 5.215037025962414e-09
67100.04800076805 2.412745696767379e-09
67150.04800076805 3.4875807063117288e-09
67200.04800076805 5.748359539256674e-09
67250.04800076805 5.1938944033032195e-09
67300.04800076805 1.057701523417374e-08
67350.04800076805 4.284908608099628e-09
67400.04800076805 1.1113522041888976e-08
67450.04800076805 6.031745551765611e-09
67500.04800076805 5.671570713865696e-09
67550.04800076805 1.4583271069575224e-08
67600.04800076805 2.3319456463053455e-08
67650.04800076805 1.6415711934126592e-08
67700.04800076805 8.019333557551062e-09
67750.04800076805 4.1699596267132005e-09
67800.04800076805 6.609115451002201e-09
67850.04800076805 2.4622316795338516e-09
67900.04800076805 3.054728078860933e-09
67950.04800076805 2.557704173919096e-09
68000.04800076805 6.830571646374936e-09
68050.04800076805 8.94171993577238e-09
68100.04800076805 1.5749846284683465e-08
68150.04800076805 1.280119489201303e-08
68200.04800076805 8.092444743076144e-09
68250.04800076805 1.2731570774577836e-09
68300.04800076805 8.646564131999816e-09
68350.04800076805 1.0223108677696527e-08
68400.04800076805 1.8097216274679377e-08
68450.04800076805 1.4204021987508646e-08
68500.04800076805 7.32843646217594e-09
68550.04800076805 2.3693728979645717e-09
68600.04800076805 2.374018117448595e-09
68650.04800076805 1.0427450197747902e-09
68700.04800076805 3.6835122157049732e-09
68750.04800076805 7.718724012213612e-09
68800.04800076805 8.809383846940218e-09
68850.04800076805 3.1841251037142183e-09
68900.04800076805 1.509211173073963e-08
68950.04800076805 1.6147000998405023e-08
69000.04800076805 9.395279636256903e-09
69050.04800076805 3.925454179837544e-09
69100.04800076805 1.2634126070021287e-08
69150.04800076805 2.014625249903689e-08
69200.04800076805 1.5826327115125152e-08
69250.04800076805 1.9999873161916548e-08
69300.04800076805 1.044322505974394e-08
69350.04800076805 2.4554943057230862e-08
69400.04800076805 7.679511758980887e-09
69450.04800076805 2.0869580319206245e-08
69500.04800076805 8.887968359044913e-09
69550.04800076805 5.99619905428529e-09
69600.04800076805 1.2695953636140384e-09
69650.04800076805 6.297381202775942e-09
69700.04800076805 1.2768215373865657e-08
69750.04800076805 7.746881972151411e-09
69800.04800076805 1.4830014493844768e-08
69850.04800076805 1.5082773238655597e-08
69900.04800076805 8.537586613396012e-09
69950.04800076805 8.070433836601394e-09
70000.04800076805 1.0511612256179383e-08
70050.04800076805 2.0315935475661513e-08
70100.04800076805 1.5388849264085684e-08
70150.04800076805 1.0177648573088277e-08
70200.04800076805 6.602031640067634e-09
70250.04800076805 9.127572758960807e-09
70300.04800076805 1.951417979246712e-08
70350.04800076805 1.4515755292755485e-08
70400.04800076805 6.017174624713499e-09
70450.04800076805 6.569648091688077e-10
70500.04800076805 5.0291837359835144e-09
70550.04800076805 5.156184530992758e-09
70600.04800076805 5.286090102638414e-09
70650.04800076805 1.581456606066102e-08
70700.04800076805 1.6889120747372995e-08
70750.04800076805 2.6824926086100942e-08
70800.04800076805 1.024967787440294e-08
70850.04800076805 1.1336072586461166e-08
70900.04800076805 1.4802758899498394e-08
70950.04800076805 2.093701434630193e-08
71000.04800076805 1.967786035790973e-08
71050.04800076805 1.863725592032028e-08
71100.04800076805 1.3319045222567852e-08
71150.04800076805 8.091538407865858e-09
71200.04800076805 7.49668957326533e-09
71250.04800076805 1.4751698809333529e-08
71300.04800076805 2.0440117844706363e-08
71350.04800076805 2.110118342127056e-08
71400.04800076805 1.4757357932835895e-08
71450.04800076805 4.853583136609071e-09
71500.04800076805 5.975421277226243e-09
71550.04800076805 8.434150191110402e-09
71600.04800076805 9.541182602266967e-09
71650.04800076805 5.5551194585444175e-09
71700.04800076805 3.7192028924390855e-09
71750.04800076805 1.0371411232903562e-08
71800.04800076805 1.6557363663524868e-08
71850.04800076805 1.5895172866118995e-08
71900.04800076805 7.358179339271166e-09
71950.04800076805 1.2089477562875307e-08
72000.04800076805 1.0519669634313885e-08
72050.04800076805 4.398998958462915e-09
72100.04800076805 5.751576851410664e-09
72150.04800076805 6.752290709526328e-09
72200.04800076805 1.1957775218819178e-08
72250.04800076805 1.8298818932385928e-08
72300.04800076805 9.962703428852021e-09
72350.04800076805 1.307373078030203e-08
72400.04800076805 1.1436221865383964e-08
72450.04800076805 8.339186369312217e-09
72500.04800076805 1.2129098442573627e-08
72550.04800076805 3.860575228815492e-09
72600.04800076805 7.749787399165391e-09
72650.04800076805 1.4993927739331267e-08
72700.04800076805 7.557009295916189e-09
72750.04800076805 8.063406025593978e-09
72800.04800076805 4.235505632840826e-09
72850.04800076805 6.903143350800856e-09
72900.04800076805 1.5791668534736118e-08
72950.04800076805 8.591994975195314e-09
73000.04800076805 9.297209366707166e-09
73050.04800076805 3.900461428850832e-09
73100.04800076805 5.854097947815848e-09
73150.04800076805 1.538550804660334e-08
73200.04800076805 5.126897860027516e-09
73250.04800076805 7.052264893945651e-09
73300.04800076805 4.80563737845491e-09
73350.04800076805 3.0983745188742566e-09
73400.04800076805 7.048628167254039e-09
73450.04800076805 3.5204196571184537e-09
73500.04800076805 2.9411606671206555e-09
73550.04800076805 5.546899578825972e-09
73600.04800076805 6.051286368149228e-09
73650.04800076805 6.376134905769776e-09
73700.04800076805 5.746639024661887e-09
73750.04800076805 1.5172288036296532e-09
73800.04800076805 5.283128813586168e-09
73850.04800076805 8.338536964571263e-09
73900.04800076805 3.4766644848449015e-09
73950.04800076805 4.114479198053244e-09
74000.04800076805 1.5482477795444308e-09
74050.04800076805 9.046050786066192e-09
74100.04800076805 6.292395607113238e-09
74150.04800076805 6.3881013852393225e-09
74200.04800076805 2.694327262233375e-09
74250.04800076805 3.564358778890636e-10
74300.04800076805 5.9234860830801725e-09
74350.04800076805 9.153857828552256e-09
74400.04800076805 8.241322961472337e-09
74450.04800076805 2.5564631919922108e-09
74500.04800076805 1.1824263449588845e-09
74550.04800076805 3.5194325661377173e-09
74600.04800076805 5.2786608648744775e-09
74650.04800076805 5.7731293606799494e-09
74700.04800076805 3.477309228582325e-09
74750.04800076805 1.5073230039823643e-09
74800.04800076805 2.4607173598573837e-09
74850.04800076805 4.924436710209076e-09
74900.04800076805 8.320657519477163e-09
74950.04800076805 7.609967499200928e-09
75000.04800076805 2.877585894251712e-09
75050.04800076805 3.305477196618066e-10
75100.04800076805 6.649136411055312e-09
75150.04800076805 9.83831219427257e-09
75200.04800076805 1.0663437188486273e-08
75250.04800076805 9.741311759230476e-09
75300.04800076805 5.938594460446009e-09
75350.04800076805 1.2888438648885823e-09
75400.04800076805 9.769586798674031e-09
75450.04800076805 1.0286443831972759e-08
75500.04800076805 1.0299542978743461e-08
75550.04800076805 8.721159403180022e-09
75600.04800076805 9.653054816113936e-09
75650.04800076805 4.7990640213649215e-09
75700.04800076805 1.2774016226898986e-08
75750.04800076805 6.04229460447061e-09
75800.04800076805 9.862318789567436e-09
75850.04800076805 1.1068765463462181e-08
75900.04800076805 1.2024161974875919e-08
75950.04800076805 4.75548795695245e-09
76000.04800076805 1.4513177967589247e-08
76050.04800076805 1.3811040425291663e-08
76100.04800076805 1.1290001898210877e-08
76150.04800076805 1.3029971215007211e-08
76200.04800076805 1.0518568807172382e-08
76250.04800076805 4.989623845308573e-09
76300.04800076805 1.705424902828683e-08
76350.04800076805 2.1859911094779003e-08
76400.04800076805 1.5731202818430582e-08
76450.04800076805 1.1154998419204464e-08
76500.04800076805 6.87080438614912e-09
76550.04800076805 2.038690943032212e-09
76600.04800076805 3.4152097031255247e-10
76650.04800076805 3.3010980568687586e-10
76700.04800076805 6.530259175955541e-10
76750.04800076805 8.537698445550918e-10
76800.04800076805 1.924988933649699e-09
76850.04800076805 8.288153262553387e-10
76900.04800076805 7.120050985099519e-10
76950.04800076805 2.4245252872751624e-09
77000.04800076805 4.947312289946536e-09
77050.04800076805 6.27190994435901e-10
77100.04800076805 6.901891041334604e-10
77150.04800076805 5.677507073758718e-09
77200.04800076805 2.68129601724234e-09
77250.04800076805 1.5642674515346792e-09
77300.04800076805 4.794447756665718e-09
77350.04800076805 2.0660889017841015e-09
77400.04800076805 2.2394701919435665e-09
77450.04800076805 7.480517646341865e-09
77500.04800076805 4.9965999501659e-09
77550.04800076805 3.168456785456187e-09
77600.04800076805 1.3704675492333588e-09
77650.04800076805 2.0131669656184846e-09
77700.04800076805 1.8406228800582151e-09
77750.04800076805 6.843774285477656e-09
77800.04800076805 7.421082534601e-09
77850.04800076805 1.3891880816361971e-08
77900.04800076805 5.3160125904708795e-09
77950.04800076805 7.564072416437307e-10
78000.04800076805 3.4746912442848525e-09
78050.04800076805 4.885764443800357e-09
78100.04800076805 6.098304853223239e-09
78150.04800076805 1.1604177481013733e-08
78200.04800076805 1.2517839524494944e-08
78250.04800076805 1.1206809359641297e-08
78300.04800076805 3.0250136884214596e-09
78350.04800076805 7.946602946425645e-09
78400.04800076805 2.5932588409965525e-09
78450.04800076805 7.052817300555121e-09
78500.04800076805 1.2351869999166836e-08
78550.04800076805 1.7871800103741497e-08
78600.04800076805 1.1760296295576299e-08
78650.04800076805 9.767619335008994e-10
78700.04800076805 2.3905593932104853e-09
78750.04800076805 5.108141049790384e-09
78800.04800076805 4.663575573688923e-09
78850.04800076805 1.3644362180160944e-09
78900.04800076805 5.801067723118614e-09
78950.04800076805 1.0460687290285652e-08
79000.04800076805 7.192101816812439e-09
79050.04800076805 4.862320837624082e-09
79100.04800076805 6.607803093323172e-09
79150.04800076805 5.293592677238368e-09
79200.04800076805 7.198727093679362e-09
79250.04800076805 3.1088992135924196e-09
79300.04800076805 3.453015685702877e-09
79350.04800076805 5.838665897609947e-09
79400.04800076805 2.8289368238256357e-09
79450.04800076805 1.1317074119169686e-08
79500.04800076805 1.6377355896376265e-08
79550.04800076805 1.279844616049125e-08
79600.04800076805 5.438415233658436e-09
79650.04800076805 9.910904861769948e-09
79700.04800076805 7.38353721424471e-09
79750.04800076805 7.042352351086169e-09
79800.04800076805 4.9157703609145816e-09
79850.04800076805 9.46092119881505e-09
79900.04800076805 1.786534640060201e-08
79950.04800076805 1.7114433053283504e-08
