galfind/configs/Brown_Dwarf_templates/sonora_cholla/logkzz4/178g/550K_178g_logkzz4_resample.dat
# %ECSV 1.0
# ---
# datatype:
# - {name: wav, unit: Angstrom, datatype: float64}
# - {name: flux_nu, unit: erg / (cm2 Hz s), datatype: float64}
# schema: astropy-2.0
wav flux_nu
[from data line 814]
43700.04800076804 1.4109201280719897e-07
43750.04800076804 1.2261421242215195e-07
43800.04800076804 9.777427418736606e-08
43850.04800076804 1.0423403218918436e-07
43900.04800076804 7.829170057755462e-08
43950.04800076804 5.4708578166749614e-08
44000.04800076804 4.416716438659862e-08
44050.04800076804 1.1165648264576937e-07
44100.04800076804 1.3832485350012318e-07
44150.04800076804 1.2777453700360797e-07
44200.04800076804 1.1097776893975908e-07
44250.04800076804 6.99078169568865e-08
44300.04800076804 5.3523852447540375e-08
44350.04800076804 5.6604191335138366e-08
44400.04800076804 5.803062295600801e-08
44450.04800076804 8.120099271349405e-08
44500.04800076804 6.820593849330354e-08
44550.04800076804 9.653935275731552e-08
44600.04800076804 6.675434913958511e-08
44650.04800076804 8.176305391785328e-08
44700.04800076804 5.661760647521212e-08
44750.04800076804 7.1769447620186e-08
44800.04800076804 5.1686007693869944e-08
44850.04800076804 6.673389696949451e-08
44900.04800076804 4.914741845951841e-08
44950.04800076804 4.5301907711082906e-08
45000.04800076804 5.8481982634884666e-08
45050.04800076804 5.7503020561061795e-08
45100.04800076804 5.5969559946377755e-08
45150.04800076804 4.249109556003992e-08
45200.04800076804 2.469663615685104e-08
45250.04800076804 2.9431425710195913e-08
45300.04800076804 3.874064432480557e-08
45350.04800076804 3.510568164307187e-08
45400.04800076804 3.521048437905607e-08
45450.04800076804 3.1493575835835235e-08
45500.04800076804 3.612989771666529e-08
45550.04800076804 3.978755441810551e-08
45600.04800076804 3.0533282017595015e-08
45650.04800076804 2.8940804687036826e-08
45700.04800076804 3.202906240945528e-08
45750.04800076804 2.3972143276559927e-08
45800.04800076804 2.4417688171380015e-08
45850.04800076804 3.687813792015054e-08
45900.04800076804 4.2476834439119393e-08
45950.04800076804 2.259842669275061e-08
46000.04800076804 3.8016704337454876e-08
46050.04800076804 3.936315089945219e-08
46100.04800076804 2.5647771959317037e-08
46150.04800076804 3.5394960995512735e-08
46200.04800076804 2.8852947170051208e-08
46250.04800076804 1.3742789340847257e-08
46300.04800076804 4.3128165553343533e-08
46350.04800076804 2.8973089259002756e-08
46400.04800076804 4.0611177164495624e-08
46450.04800076804 5.0905960780275825e-08
46500.04800076804 3.5837899749529275e-08
46550.04800076804 3.2399405121590995e-08
46600.04800076804 3.831641213364683e-08
46650.04800076804 9.394442473675752e-08
46700.04800076804 5.2596193845316424e-08
46750.04800076804 2.957959298210688e-08
46800.04800076804 1.5683885058345654e-08
46850.04800076804 5.622634295125204e-08
46900.04800076804 4.7044885074126714e-08
46950.04800076804 6.454182880670957e-08
47000.04800076804 3.100023087285341e-08
47050.04800076804 5.4436440505080664e-08
47100.04800076804 1.8012207063394602e-08
47150.04800076804 3.146338466586766e-08
47200.04800076804 4.667145286697249e-08
47250.04800076804 2.5081549408967254e-08
47300.04800076804 2.493480086440064e-08
47350.04800076804 2.937773958835931e-08
47400.04800076804 5.957133346632899e-08
47450.04800076804 2.4663071711230636e-08
47500.04800076804 7.043467921806259e-08
47550.04800076804 3.0291188120288125e-08
47600.04800076804 5.568934262345326e-08
47650.04800076804 2.5733063918949684e-08
47700.04800076804 5.379230186636096e-08
47750.04800076804 2.0348614458575037e-08
47800.04800076804 3.3677246394245745e-08
47850.04800076804 1.5266102097434185e-08
47900.04800076804 2.441248276189987e-08
47950.04800076804 3.5563633864194224e-08
48000.04800076804 7.218895018114859e-08
48050.04800076804 4.1448483552703954e-08
48100.04800076804 3.381598553711563e-08
48150.04800076804 3.653045018995727e-08
48200.04800076804 4.5188881207631076e-08
48250.04800076804 3.598568228788038e-08
48300.04800076804 8.141257629010136e-08
48350.04800076804 3.128966555677769e-08
48400.04800076804 1.6885860305058127e-08
48450.04800076804 2.706938200625488e-08
48500.04800076804 5.3272615544623825e-08
48550.04800076804 3.1882277268531295e-08
48600.04800076804 6.37212022978624e-08
48650.04800076804 4.895447265977789e-08
48700.04800076804 6.294762755283399e-08
48750.04800076804 3.989297251535126e-08
48800.04800076804 7.101538227670109e-08
48850.04800076804 4.213141962424071e-08
48900.04800076804 5.066804827920218e-08
48950.04800076804 3.5957629010070826e-08
49000.04800076804 2.2665191553705778e-08
49050.04800076804 5.756329441720029e-08
49100.04800076804 5.242873408745569e-08
49150.04800076804 6.213572348074734e-08
49200.04800076804 6.324477403622352e-08
49250.04800076804 8.543992786047256e-08
49300.04800076804 5.770856088815966e-08
49350.04800076804 2.9002654006504386e-08
49400.04800076804 4.1634547612307266e-08
49450.04800076804 4.478167563960293e-08
49500.04800076804 3.738823698964537e-08
49550.04800076804 8.034792001744051e-09
49600.04800076804 2.3908369637159736e-08
49650.04800076804 4.261844008813614e-08
49700.04800076804 4.942514468565752e-08
49750.04800076804 5.8934024434245355e-08
49800.04800076804 3.355149933769897e-08
49850.04800076804 7.997670648153993e-08
49900.04800076804 6.557388974740469e-08
49950.04800076804 6.523006151664991e-08
50000.04800076804 5.4176974353054543e-08
50050.04800076804 6.352012518702434e-08
50100.04800076804 5.339240318163856e-08
50150.04800076804 2.244776077746875e-08
50200.04800076804 4.919075731888651e-09
50250.04800076804 2.6984977165912233e-08
50300.04800076804 1.898975819029721e-08
50350.04800076804 5.803756771330672e-08
50400.04800076804 6.411096216193407e-08
50450.04800076804 4.9112684576592086e-08
50500.04800076804 7.372435527029767e-08
50550.04800076804 7.359682709144158e-08
50600.04800076804 5.2755941027474854e-08
50650.04800076804 7.410881904409557e-08
50700.04800076804 8.334891238995508e-08
50750.04800076804 5.247217514534146e-08
50800.04800076804 1.7760091206885128e-08
50850.04800076804 9.247096911731742e-09
50900.04800076804 5.445396709471425e-08
50950.04800076804 5.5149444295514584e-08
51000.04800076804 3.806804490854756e-08
51050.04800076804 5.624700028767487e-08
51100.04800076804 1.669305584211713e-08
51150.04800076804 2.390557315842843e-08
51200.04800076804 7.872559117924349e-08
51250.04800076804 5.029656566186823e-08
51300.04800076804 3.6739499409219126e-08
51350.04800076804 3.72951045377481e-08
51400.04800076804 1.1847967279774879e-08
51450.04800076804 9.932387453623142e-09
51500.04800076804 8.771138045636422e-09
51550.04800076804 3.0833033205909576e-08
51600.04800076804 2.8489383907547827e-08
51650.04800076804 4.3414343768628065e-08
51700.04800076804 4.044505542206098e-08
51750.04800076804 2.4381918258780023e-08
51800.04800076804 5.70902443478126e-08
51850.04800076804 4.691558463204229e-08
51900.04800076804 5.335805452389658e-08
51950.04800076804 2.8191489293898705e-08
52000.04800076804 3.2687273135874484e-09
52050.04800076804 1.5123921297606387e-08
52100.04800076804 9.371821745646793e-09
52150.04800076804 5.042561077204175e-09
52200.04800076804 1.3837992335965547e-08
52250.04800076804 2.835037234954563e-08
52300.04800076804 3.872909416656245e-08
52350.04800076804 1.0824695283552397e-08
52400.04800076804 1.1834073954455908e-08
52450.04800076804 4.26545671768323e-08
52500.04800076804 3.597152847863229e-08
52550.04800076804 3.828397042675269e-08
52600.04800076804 3.0518329126598694e-08
52650.04800076804 3.103077089635038e-08
52700.04800076804 2.3675220769950923e-08
52750.04800076804 1.0069554395736877e-08
52800.04800076804 1.555208433104303e-08
52850.04800076804 2.0519222838806862e-08
52900.04800076804 8.375255589415811e-09
52950.04800076804 1.3543928532844289e-08
53000.04800076804 3.3418351744421203e-08
53050.04800076804 9.312234051499148e-09
53100.04800076804 4.0826417930853655e-08
53150.04800076804 4.7574995091801096e-08
53200.04800076804 1.7798054349570314e-08
53250.04800076804 4.3068214521713765e-08
53300.04800076804 4.388349515603004e-08
53350.04800076804 4.26555516125767e-08
53400.04800076804 2.668110207173845e-08
53450.04800076804 6.509840429414288e-09
53500.04800076804 1.5957972282491546e-09
53550.04800076804 3.7258471048283085e-09
53600.04800076804 1.6257168233896494e-08
53650.04800076804 1.9055711358408607e-08
53700.04800076804 1.514450893403707e-08
53750.04800076804 1.3868586868456682e-08
53800.04800076804 1.2740454797064046e-08
53850.04800076804 2.101145631746459e-08
53900.04800076804 3.506330426291033e-08
53950.04800076804 3.3775606654625394e-08
54000.04800076804 2.118399687901051e-08
54050.04800076804 2.312415219575652e-08
54100.04800076804 4.71185750047263e-09
54150.04800076804 7.011010646543047e-09
54200.04800076804 1.1555864379209804e-09
54250.04800076804 3.2701916677552048e-09
54300.04800076804 1.048372461187288e-08
54350.04800076804 1.591465026426415e-08
54400.04800076804 1.2431820859187192e-08
54450.04800076804 1.1285318844638288e-08
54500.04800076804 9.969001470954802e-09
54550.04800076804 1.0369574940840428e-08
54600.04800076804 8.800839956288197e-09
54650.04800076804 1.095415550930495e-09
54700.04800076804 9.348226108395006e-09
54750.04800076804 9.41085060712067e-09
54800.04800076804 4.924417118070836e-09
54850.04800076804 8.638758802929187e-09
54900.04800076804 1.6111107911040556e-08
54950.04800076804 2.6502014860222368e-08
55000.04800076804 7.3322841896700415e-09
55050.04800076804 1.2099619529458814e-08
55100.04800076804 1.6733600307789308e-08
55150.04800076804 7.2357918297128934e-09
55200.04800076804 5.2769925837884875e-09
55250.04800076804 8.927582578973142e-09
55300.04800076804 5.838987907076714e-09
55350.04800076804 1.2641507610726915e-08
55400.04800076804 1.4116914033074573e-08
55450.04800076804 8.379272541186918e-09
55500.04800076804 3.0545152700378598e-09
55550.04800076804 2.5802929162894938e-09
55600.04800076804 5.635738775026653e-09
55650.04800076804 5.2413526225638355e-09
55700.04800076804 5.20853462480113e-09
55750.04800076804 4.021589238497734e-09
55800.04800076804 1.4958792861026051e-09
55850.04800076804 3.0960457817579847e-09
55900.04800076804 8.793924854617199e-09
55950.04800076804 1.401731223020126e-08
56000.04800076804 4.722093766176631e-09
56050.04800076804 5.7340984983859525e-09
56100.04800076804 9.37633039567119e-09
56150.04800076804 3.254434506977444e-09
56200.04800076804 5.660830918512689e-09
56250.04800076804 1.1379993464561661e-08
56300.04800076804 6.443592983421688e-09
56350.04800076804 3.5665329677916994e-09
56400.04800076804 9.856878610841241e-10
56450.04800076804 9.96649903637413e-10
56500.04800076804 4.733147028652716e-09
56550.04800076804 1.87288306366022e-09
56600.04800076804 8.294972931031264e-09
56650.04800076804 1.0376846712989889e-08
56700.04800076804 6.477408239294127e-09
56750.04800076804 1.8203398625291568e-09
56800.04800076804 4.3315931692803746e-09
56850.04800076804 6.365300932020793e-09
56900.04800076804 3.176547504621989e-09
56950.04800076804 7.68147709768341e-09
57000.04800076804 1.0485216509787918e-08
57050.04800076804 4.2793461470748546e-09
57100.04800076804 1.114860224222927e-09
57150.04800076804 2.177012585207156e-09
57200.04800076804 1.6444679499835771e-09
57250.04800076804 2.625005347602387e-09
57300.04800076804 4.6419470798447195e-09
57350.04800076804 1.988121327047495e-09
57400.04800076804 6.5232495297698225e-09
57450.04800076804 2.558807327705919e-09
57500.04800076804 2.5068080647755445e-09
57550.04800076804 4.094005210206772e-09
57600.04800076804 3.304705142678634e-09
57650.04800076804 5.652180018560798e-10
57700.04800076804 1.3645321695239476e-09
57750.04800076804 3.4496039966206527e-09
57800.04800076804 1.2298655537181905e-09
57850.04800076804 1.119697827938961e-08
57900.04800076804 1.3601527357172987e-08
57950.04800076804 1.5619259692688816e-08
58000.04800076804 3.399064098171789e-09
58050.04800076804 7.533361360021811e-09
58100.04800076804 6.103767909326272e-09
58150.04800076804 3.5663841808121254e-09
58200.04800076804 5.34638261138522e-10
58250.04800076804 1.3305556497170838e-09
58300.04800076804 1.4901841667350692e-09
58350.04800076804 2.1258500357187053e-09
58400.04800076804 6.250451342446075e-09
58450.04800076804 7.316024420504149e-09
58500.04800076804 7.719064083779094e-09
58550.04800076804 5.221563486043432e-09
58600.04800076804 1.5830152724963645e-09
58650.04800076804 2.4431018835679092e-09
58700.04800076804 3.869038963807714e-09
58750.04800076804 2.7625042142354984e-09
58800.04800076804 2.0936435650911237e-10
58850.04800076804 1.6075434513116124e-09
58900.04800076804 2.348386080086604e-09
58950.04800076804 8.67200807857383e-10
59000.04800076804 2.7695291348556653e-09
59050.04800076804 5.19933430864658e-09
59100.04800076804 4.463670255648706e-09
59150.04800076804 3.3601849452738285e-09
59200.04800076804 4.879248086851422e-09
59250.04800076804 5.048654026698597e-09
59300.04800076804 3.394217877025501e-09
59350.04800076804 3.6016691178094384e-10
59400.04800076804 5.955442862816534e-10
59450.04800076804 4.017451674187136e-09
59500.04800076804 2.3336657556627455e-09
59550.04800076804 4.883882761609328e-09
59600.04800076804 6.5298351626125455e-09
59650.04800076804 2.6639858701649874e-09
59700.04800076804 1.6224357580571777e-09
59750.04800076804 6.9945945638958656e-09
59800.04800076804 2.728498832066311e-09
59850.04800076804 3.5430897724342218e-09
59900.04800076804 9.39600702139591e-10
59950.04800076804 3.2716844021846537e-09
60000.04800076804 8.383723587135684e-09
60050.04800076804 1.0058479629467835e-08
60100.04800076804 5.679876571810147e-09
60150.04800076804 1.825383748147875e-09
60200.04800076804 5.482320059880635e-09
60250.04800076804 1.1045465780838136e-08
60300.04800076804 9.280797917215772e-09
60350.04800076804 5.257007566123315e-09
60400.04800076804 4.015537214112776e-09
60450.04800076804 6.618617404830781e-10
60500.04800076804 1.443694962009319e-10
60550.04800076804 2.881856332705715e-09
60600.04800076804 5.25354985506415e-09
60650.04800076804 2.6731578698268026e-09
60700.04800076804 1.6315915399287284e-09
60750.04800076804 6.433729158023758e-10
60800.04800076804 4.668159780526744e-09
60850.04800076804 1.0610531240584212e-08
60900.04800076804 9.53540928129491e-09
60950.04800076804 6.330316567226523e-09
61000.04800076804 7.454949925633394e-09
61050.04800076804 1.9604385432541976e-09
61100.04800076804 2.0010567316378584e-09
61150.04800076804 4.801814206794604e-10
61200.04800076804 4.360720733906757e-09
61250.04800076804 7.02585467109915e-09
61300.04800076804 5.801940732077933e-09
61350.04800076804 1.1854162076187454e-08
61400.04800076804 3.015512307884068e-09
61450.04800076804 7.58523953159025e-10
61500.04800076804 8.571245904413344e-10
61550.04800076804 3.788130808669061e-09
61600.04800076804 1.0952244704998093e-09
61650.04800076804 2.8547320485055927e-09
61700.04800076804 3.985431332203955e-09
61750.04800076804 4.611561352681964e-09
61800.04800076804 3.112917315827476e-09
61850.04800076804 6.852419370507352e-10
61900.04800076804 6.183133744247516e-09
61950.04800076804 8.34593364619899e-09
62000.04800076804 9.187093767188559e-09
62050.04800076804 1.387694046886303e-08
62100.04800076804 4.875547085217539e-09
62150.04800076804 1.0207786442690817e-08
62200.04800076804 9.45776177895279e-09
62250.04800076804 6.192253034444828e-09
62300.04800076804 1.9584258997272377e-08
62350.04800076804 1.5073418601255895e-08
62400.04800076804 6.25724626635366e-09
62450.04800076804 8.44011883287329e-09
62500.04800076804 1.8460286196372594e-08
62550.04800076804 2.3106561652506873e-08
62600.04800076804 1.5009012985605664e-08
62650.04800076804 1.1295433193596787e-08
62700.04800076804 7.277951145151723e-09
62750.04800076804 1.4391050105039886e-08
62800.04800076804 8.307128599680881e-09
62850.04800076804 1.2869365175447241e-08
62900.04800076804 1.069681794789327e-08
62950.04800076804 2.3994544712679517e-08
63000.04800076804 1.200540805553362e-08
63050.04800076804 3.531671405304564e-08
63100.04800076804 2.892034363711736e-08
63150.04800076804 2.018154748710317e-08
63200.04800076804 1.64158163412444e-08
63250.04800076804 1.741332584855303e-08
63300.04800076804 9.547537381282273e-09
63350.04800076804 8.124753251791708e-09
63400.04800076804 2.484322422853545e-09
63450.04800076804 9.829068373956068e-10
