galfind/configs/Brown_Dwarf_templates/sonora_cholla/logkzz4/178g/600K_178g_logkzz4_resample.dat
# %ECSV 1.0
# ---
# datatype:
# - {name: wav, unit: Angstrom, datatype: float64}
# - {name: flux_nu, unit: erg / (cm2 Hz s), datatype: float64}
# schema: astropy-2.0
wav flux_nu
[from data line 417]
23850.04800076804 7.877787783320606e-11
23900.04800076804 1.7234277875170264e-10
23950.04800076804 1.2124934698361855e-10
24000.04800076804 2.184567382458254e-10
24050.04800076804 2.7379165352740807e-10
24100.04800076804 2.5238907045467454e-10
24150.04800076804 3.6700548893827923e-10
24200.04800076804 2.913671496793886e-10
24250.04800076804 1.7620599324100492e-10
24300.04800076804 4.140644852623133e-10
24350.04800076804 2.627478060134747e-10
24400.04800076804 6.010663336038273e-10
24450.04800076804 5.950775261277863e-10
24500.04800076804 5.818231179643049e-10
24550.04800076804 8.979919085820189e-10
24600.04800076804 1.1187926040816198e-09
24650.04800076804 1.2692019429005296e-09
24700.04800076804 9.134999812283986e-10
24750.04800076804 1.1072036712923773e-09
24800.04800076804 9.965440928253183e-10
24850.04800076804 1.5698965315868854e-09
24900.04800076804 6.265396252166668e-10
24950.04800076804 1.2891193964179347e-09
25000.04800076804 1.3064254761882065e-09
25050.04800076804 7.699215568512976e-10
25100.04800076804 1.16664594513861e-09
25150.04800076804 5.116520969742523e-10
25200.04800076804 8.111051825003533e-10
25250.04800076804 3.2111213974822345e-10
25300.04800076804 4.75858618502972e-10
25350.04800076804 1.9934796543605963e-10
25400.04800076804 5.916676814675693e-10
25450.04800076804 2.0800123607863556e-10
25500.04800076804 1.7306050337209436e-10
25550.04800076804 3.376896650979003e-10
25600.04800076804 1.0707703592388903e-10
25650.04800076804 8.882316965151664e-11
25700.04800076804 1.1596862062747152e-10
25750.04800076804 4.1230677992921234e-11
25800.04800076804 2.1692340276950537e-10
25850.04800076804 3.53626396640414e-11
25900.04800076804 6.433801978263304e-11
25950.04800076804 1.7412663373237496e-11
26000.04800076804 1.8366515255807313e-10
26050.04800076804 2.6032901376925565e-11
26100.04800076804 1.437071340310226e-10
26150.04800076804 6.69846893654957e-11
26200.04800076804 8.873279640874451e-11
26250.04800076804 4.661038950597497e-10
26300.04800076804 1.0550674234064238e-10
26350.04800076804 7.198715576315276e-10
26400.04800076804 1.1830726728590675e-09
26450.04800076804 6.162461388970095e-10
26500.04800076804 1.1841420612476414e-09
26550.04800076804 2.0973621789753928e-10
26600.04800076804 2.0875477901309515e-10
26650.04800076804 3.9547263354344644e-11
26700.04800076804 1.8511039337779198e-11
26750.04800076804 3.1277073012618134e-11
26800.04800076804 7.002406847039883e-11
26850.04800076804 4.853787679129014e-11
26900.04800076804 2.3230836648889807e-10
26950.04800076804 7.10776893832795e-11
27000.04800076804 4.567545389728718e-10
27050.04800076804 4.3724961607639396e-10
27100.04800076804 7.711912934862563e-11
27150.04800076804 6.132942617508128e-10
27200.04800076804 6.584045965286256e-11
27250.04800076804 1.948208539852982e-10
27300.04800076804 1.4608701050296963e-09
27350.04800076804 4.952112855128574e-10
27400.04800076804 2.737310871067017e-11
27450.04800076804 6.579215315560635e-10
27500.04800076804 9.304916201433845e-10
27550.04800076804 1.251997542495084e-10
27600.04800076804 3.634743061705231e-10
27650.04800076804 1.0049757544979254e-10
27700.04800076804 8.22873925569903e-11
27750.04800076804 4.926505861584827e-10
27800.04800076804 1.634544655349875e-10
27850.04800076804 2.3984625016854394e-10
27900.04800076804 3.3296661673078264e-10
27950.04800076804 8.042532846414841e-10
28000.04800076804 6.080346466784858e-10
28050.04800076804 1.0961129140711322e-10
28100.04800076804 1.0027447154159139e-09
28150.04800076804 5.942094710691604e-10
28200.04800076804 1.5318877589264398e-10
28250.04800076804 1.1835736930188562e-09
28300.04800076804 1.7354396667015587e-09
28350.04800076804 2.249158982150916e-10
28400.04800076804 9.123984408544887e-10
28450.04800076804 1.9299517189064343e-09
28500.04800076804 8.828568207220848e-10
28550.04800076804 2.1546305161206134e-10
28600.04800076804 1.4950761609509653e-09
28650.04800076804 1.482593457754988e-09
28700.04800076804 1.2388687930317516e-09
28750.04800076804 2.673281289367398e-09
28800.04800076804 2.0969358678569512e-09
28850.04800076804 2.514395547880554e-09
28900.04800076804 1.1464957414350262e-09
28950.04800076804 3.6945918900206904e-09
29000.04800076804 2.2414871298232387e-09
29050.04800076804 2.458838281728938e-09
29100.04800076804 1.9633082116404576e-09
29150.04800076804 4.1697378685385596e-09
29200.04800076804 2.805072969563899e-09
29250.04800076804 3.9838146652231565e-09
29300.04800076804 2.155752643724835e-09
29350.04800076804 1.057731307123774e-08
29400.04800076804 2.292633297968904e-09
29450.04800076804 3.024453135548911e-09
29500.04800076804 5.84611405832675e-09
29550.04800076804 3.109030865243031e-09
29600.04800076804 5.442708539954623e-09
29650.04800076804 7.163393068989808e-09
29700.04800076804 2.4336277734532807e-09
29750.04800076804 4.999177572918821e-09
29800.04800076804 5.07588866972808e-09
29850.04800076804 8.631200316533091e-09
29900.04800076804 8.619367172694716e-09
29950.04800076804 5.777701197344213e-09
30000.04800076804 1.3789299601022082e-09
30050.04800076804 2.6650607027945707e-09
30100.04800076804 5.221582205545163e-09
30150.04800076804 8.000899998587762e-09
30200.04800076804 4.638282895877312e-09
30250.04800076804 1.1965363253882861e-08
30300.04800076804 1.0850803896754699e-08
30350.04800076804 5.355204935261561e-09
30400.04800076804 1.0857692064098709e-08
30450.04800076804 7.471002239510363e-09
30500.04800076804 6.3008584245493135e-09
30550.04800076804 4.650249319677048e-09
30600.04800076804 1.2196481162328905e-08
30650.04800076804 7.981038716273695e-09
30700.04800076804 6.136472152322192e-09
30750.04800076804 7.924096624089807e-09
30800.04800076804 5.4592045565287944e-09
30850.04800076804 7.089158832411715e-09
30900.04800076804 6.006109896131592e-09
30950.04800076804 3.0314186640137803e-09
31000.04800076804 4.998455978898792e-09
31050.04800076804 4.223534537073993e-09
31100.04800076804 2.666078475704217e-09
31150.04800076804 3.766108087961677e-09
31200.04800076804 5.6699996445318816e-09
31250.04800076804 2.786693928826795e-09
31300.04800076804 2.272532005183971e-09
31350.04800076804 3.267219759918015e-09
31400.04800076804 1.8207127439739175e-09
31450.04800076804 2.7611347053344805e-09
31500.04800076804 1.2337459402630824e-09
31550.04800076804 1.5324422970090643e-09
31600.04800076804 1.0287500706537768e-09
31650.04800076804 9.553739982750745e-10
31700.04800076804 1.203222568527336e-09
31750.04800076804 4.129335388100484e-10
31800.04800076804 1.1248954263407918e-09
31850.04800076804 3.186653367336226e-10
31900.04800076804 6.753740748214645e-10
31950.04800076804 3.932679880750754e-10
32000.04800076804 3.890118810516708e-10
32050.04800076804 3.4443962338358035e-10
32100.04800076804 2.6920026186788025e-10
32150.04800076804 3.7122409117962904e-10
32200.04800076804 1.981367727442648e-10
32250.04800076804 5.62378880292204e-10
32300.04800076804 1.5657104597042838e-10
32350.04800076804 5.797531354066848e-10
32400.04800076804 1.5235267375966472e-10
32450.04800076804 3.750280316318269e-10
32500.04800076804 1.9869649142899527e-10
32550.04800076804 3.9828451131328103e-10
32600.04800076804 2.1456039077027099e-10
32650.04800076804 7.069735271279647e-10
32700.04800076804 3.2456083378663105e-10
32750.04800076804 1.2218523654654855e-09
32800.04800076804 7.5537828042077e-10
32850.04800076804 1.863176985744442e-09
32900.04800076804 1.5689497225117315e-09
32950.04800076804 1.911636470923986e-09
33000.04800076804 8.904411527716113e-10
33050.04800076804 1.0297531054681908e-09
33100.04800076804 3.207871378213237e-10
33150.04800076804 9.197397606026799e-13
33200.04800076804 1.22435598775851e-11
33250.04800076804 1.531915567298405e-11
33300.04800076804 6.222501274011173e-11
33350.04800076804 2.1707156228235776e-10
33400.04800076804 5.466471962538345e-10
33450.04800076804 3.8159598846564017e-10
33500.04800076804 1.2201111398014828e-09
33550.04800076804 5.262825411186854e-10
33600.04800076804 7.961002575628938e-10
33650.04800076804 6.947431823425108e-10
33700.04800076804 4.3259140804259203e-10
33750.04800076804 1.0651956669280892e-09
33800.04800076804 2.212775670036714e-10
33850.04800076804 6.280431849064193e-10
33900.04800076804 7.037337524748424e-10
33950.04800076804 6.121136742225417e-10
34000.04800076804 1.1364825203358263e-09
34050.04800076804 2.2486257522566227e-10
34100.04800076804 9.196843149055169e-10
34150.04800076804 4.4253293058900853e-10
34200.04800076804 8.688806301018333e-10
34250.04800076804 6.297064739004149e-10
34300.04800076804 6.007005538595014e-10
34350.04800076804 1.3045783512565611e-09
34400.04800076804 4.897749852545128e-10
34450.04800076804 1.2550170855966444e-09
34500.04800076804 6.061715684974751e-10
34550.04800076804 4.911127708169445e-10
34600.04800076804 1.7963942220984363e-09
34650.04800076804 3.9223538997647687e-10
34700.04800076804 8.891108027364747e-10
34750.04800076804 7.872122927447453e-10
34800.04800076804 6.700305833010574e-10
34850.04800076804 1.6268645464305708e-09
34900.04800076804 7.980458419247931e-10
34950.04800076804 1.1283664453282959e-09
35000.04800076804 2.5581738173502672e-09
35050.04800076804 1.305759422667835e-09
35100.04800076804 2.761858846286808e-09
35150.04800076804 2.32956257139802e-09
35200.04800076804 2.4287033727049166e-09
35250.04800076804 3.0706983599288462e-09
35300.04800076804 1.6662974584390357e-09
35350.04800076804 2.7440318970685115e-09
35400.04800076804 2.0937664983494186e-09
35450.04800076804 1.6350554437756455e-09
35500.04800076804 5.8817814376566736e-09
35550.04800076804 3.047180958458174e-09
35600.04800076804 3.860536318559182e-09
35650.04800076804 4.073241680791108e-09
35700.04800076804 3.0021590695351444e-09
35750.04800076804 6.60786764605642e-09
35800.04800076804 3.887358059784455e-09
35850.04800076804 2.093469933271432e-09
35900.04800076804 3.8157817168058045e-09
35950.04800076804 4.2844116944077746e-09
36000.04800076804 2.1495250820413987e-09
36050.04800076804 3.3544726882681287e-09
36100.04800076804 2.9955211098892147e-09
36150.04800076804 6.283170835711485e-09
36200.04800076804 5.285053283813601e-09
36250.04800076804 5.250910846843047e-09
36300.04800076804 8.162442822151688e-09
36350.04800076804 5.388832261887025e-09
36400.04800076804 9.875441814978037e-09
36450.04800076804 7.915265745495344e-09
36500.04800076804 8.384862319132508e-09
36550.04800076804 1.3405391116131075e-08
36600.04800076804 1.450349076775037e-08
36650.04800076804 1.3372082101998123e-08
36700.04800076804 1.3009646480501686e-08
36750.04800076804 1.561722043769894e-08
36800.04800076804 1.4617535599848849e-08
36850.04800076804 8.405222173730603e-09
36900.04800076804 1.350667402230957e-08
36950.04800076804 1.4850627384494667e-08
37000.04800076804 1.111112540423986e-08
37050.04800076804 1.8057739932158198e-08
37100.04800076804 1.3303874488638176e-08
37150.04800076804 1.4183783343950991e-08
37200.04800076804 1.559540823874004e-08
37250.04800076804 1.2528378907548766e-08
37300.04800076804 1.1813811683723443e-08
37350.04800076804 1.6837900512084624e-08
37400.04800076804 2.3165580471538297e-08
37450.04800076804 1.0999648883848345e-08
37500.04800076804 1.543729486264145e-08
37550.04800076804 3.01147055579424e-08
37600.04800076804 3.464845606513999e-08
37650.04800076804 1.746007750677029e-08
37700.04800076804 2.4797685049168086e-08
37750.04800076804 1.536693650565965e-08
37800.04800076804 1.814462183411785e-08
37850.04800076804 1.11732060991638e-08
37900.04800076804 1.524725347823483e-08
37950.04800076804 2.4125511880561532e-08
38000.04800076804 2.669945355363573e-08
38050.04800076804 3.016258090727188e-08
38100.04800076804 3.390406442128475e-08
38150.04800076804 3.493942514273764e-08
38200.04800076804 3.378187328578188e-08
38250.04800076804 3.3166587986901995e-08
38300.04800076804 5.706452848964792e-08
38350.04800076804 4.92025507711024e-08
38400.04800076804 2.402838361052914e-08
38450.04800076804 1.8106746051358334e-08
38500.04800076804 9.55837876901037e-09
38550.04800076804 2.212078504983806e-08
38600.04800076804 2.7504899394769987e-08
38650.04800076804 3.6399394720638175e-08
38700.04800076804 3.219917494764721e-08
38750.04800076804 3.8855929707407243e-08
38800.04800076804 2.6357268263416607e-08
38850.04800076804 4.265679280547576e-08
38900.04800076804 4.387381412446626e-08
38950.04800076804 2.850361370510445e-08
39000.04800076804 5.0678139753929124e-08
39050.04800076804 3.337509105815874e-08
39100.04800076804 4.597342579414687e-08
39150.04800076804 4.370185493444221e-08
39200.04800076804 3.2946421474129546e-08
39250.04800076804 5.106002609043174e-08
39300.04800076804 4.3134062907492175e-08
39350.04800076804 7.332607904361255e-08
39400.04800076804 5.064123845246231e-08
39450.04800076804 5.4324141893825594e-08
39500.04800076804 6.010022892323936e-08
39550.04800076804 4.55812802897228e-08
39600.04800076804 6.002366988617558e-08
39650.04800076804 8.436251094294235e-08
39700.04800076804 5.66341497819524e-08
39750.04800076804 3.358010838836899e-08
39800.04800076804 4.998664843594014e-08
39850.04800076804 7.759037664707397e-08
39900.04800076804 8.15492443529524e-08
39950.04800076804 5.857492273348851e-08
40000.04800076804 8.87687683043467e-08
40050.04800076804 8.294087022696233e-08
40100.04800076804 3.716791656972725e-08
40150.04800076804 8.434690327429047e-08
40200.04800076804 9.011793845531312e-08
40250.04800076804 9.07145579532271e-08
40300.04800076804 9.609900313280175e-08
40350.04800076804 5.6631052377141654e-08
40400.04800076804 9.260114574988403e-08
40450.04800076804 5.971005278697144e-08
40500.04800076804 1.0711829440463804e-07
40550.04800076804 9.904493394162478e-08
40600.04800076804 8.719011155365122e-08
40650.04800076804 7.782229034661749e-08
40700.04800076804 1.44081144972117e-07
40750.04800076804 1.0330948956700064e-07
40800.04800076804 6.363862826680564e-08
40850.04800076804 1.4899374605878273e-07
40900.04800076804 1.2125575775688583e-07
40950.04800076804 8.137465629886891e-08
41000.04800076804 1.0815025942685329e-07
41050.04800076804 1.472969022982707e-07
41100.04800076804 1.1036229720050327e-07
41150.04800076804 5.526661835864625e-08
41200.04800076804 1.4860379527645736e-07
41250.04800076804 1.1827064168428047e-07
41300.04800076804 1.1520998347252202e-07
41350.04800076804 1.5824625939141672e-07
41400.04800076804 1.303884427128428e-07
41450.04800076804 1.432855496984089e-07
41500.04800076804 9.739272020773842e-08
41550.04800076804 9.03868900435489e-08
41600.04800076804 1.2571671786325772e-07
41650.04800076804 1.3651041342550606e-07
41700.04800076804 1.3521367778553282e-07
41750.04800076804 1.1282830580285668e-07
41800.04800076804 1.7255305894032007e-07
41850.04800076804 1.016249796954928e-07
41900.04800076804 9.615979157601723e-08
41950.04800076804 1.2766392867690956e-07
42000.04800076804 1.4037309698065177e-07
42050.04800076804 1.2276588135695032e-07
42100.04800076804 1.581076123461815e-07
42150.04800076804 1.1722216336389606e-07
42200.04800076804 1.2275311136562272e-07
42250.04800076804 9.825039202304143e-08
42300.04800076804 9.844159022759693e-08
42350.04800076804 1.329401556731804e-07
42400.04800076804 1.4060788011789851e-07
42450.04800076804 1.3253892372296602e-07
42500.04800076804 1.2155216965217877e-07
42550.04800076804 1.1873757435767575e-07
42600.04800076804 1.1440008171650924e-07
42650.04800076804 1.8196422605132654e-07
42700.04800076804 8.456166687921809e-08
42750.04800076804 1.0830038679325666e-07
42800.04800076804 1.2169725727316806e-07
42850.04800076804 1.3965629848758995e-07
42900.04800076804 1.5917927959427194e-07
42950.04800076804 1.1078287322369593e-07
43000.04800076804 1.4867086607315825e-07
43050.04800076804 6.497017543586504e-08
43100.04800076804 1.0349056399128705e-07
43150.04800076804 1.1070517629031062e-07
43200.04800076804 1.361005301928986e-07
43250.04800076804 1.9136725339353957e-07
43300.04800076804 1.7915073710553285e-07
43350.04800076804 9.357476517488652e-08
43400.04800076804 1.2903390294962786e-07
43450.04800076804 8.600027907036895e-08
43500.04800076804 1.0147943777786295e-07
43550.04800076804 1.0418590310529994e-07
43600.04800076804 1.4501732524589707e-07
