galfind/configs/Brown_Dwarf_templates/sonora_cholla/logkzz4/178g/600K_178g_logkzz4_resample.dat
# %ECSV 1.0
# ---
# datatype:
# - {name: wav, unit: Angstrom, datatype: float64}
# - {name: flux_nu, unit: erg / (cm2 Hz s), datatype: float64}
# schema: astropy-2.0
wav flux_nu
[from data line 814]
43700.04800076804 1.8039524990967895e-07
43750.04800076804 1.5806271607137455e-07
43800.04800076804 1.2527319103716692e-07
43850.04800076804 1.3251600612433633e-07
43900.04800076804 1.0379367121227508e-07
43950.04800076804 7.513271565202618e-08
44000.04800076804 5.768813270159055e-08
44050.04800076804 1.3333010416509868e-07
44100.04800076804 1.5745196030649706e-07
44150.04800076804 1.4821089307009053e-07
44200.04800076804 1.2837471378866528e-07
44250.04800076804 8.667672504873504e-08
44300.04800076804 7.093276133727181e-08
44350.04800076804 7.11652915553061e-08
44400.04800076804 7.230273037545904e-08
44450.04800076804 9.041890507225171e-08
44500.04800076804 7.624772147456002e-08
44550.04800076804 1.0164261385881967e-07
44600.04800076804 7.094448529629206e-08
44650.04800076804 8.700894734395763e-08
44700.04800076804 6.383485721427329e-08
44750.04800076804 7.555064337025351e-08
44800.04800076804 5.822756087416999e-08
44850.04800076804 6.737052391916175e-08
44900.04800076804 4.9427503001232586e-08
44950.04800076804 4.4563453173836905e-08
45000.04800076804 5.365141401674817e-08
45050.04800076804 5.404753122491714e-08
45100.04800076804 5.2460330558768895e-08
45150.04800076804 4.089759430642972e-08
45200.04800076804 2.4297441043739224e-08
45250.04800076804 2.895492074907565e-08
45300.04800076804 3.722392108056401e-08
45350.04800076804 3.3922460469666725e-08
45400.04800076804 2.8846175331865956e-08
45450.04800076804 2.6324809652555295e-08
45500.04800076804 3.0139322394312206e-08
45550.04800076804 3.3669868387967196e-08
45600.04800076804 2.4333317676023122e-08
45650.04800076804 2.365317505032466e-08
45700.04800076804 2.919172485497579e-08
45750.04800076804 2.2820041998228714e-08
45800.04800076804 1.905039659286137e-08
45850.04800076804 3.2054998443865174e-08
45900.04800076804 3.447175728112691e-08
45950.04800076804 1.813049782969104e-08
46000.04800076804 3.093761154888007e-08
46050.04800076804 3.392708332125036e-08
46100.04800076804 1.955271600727046e-08
46150.04800076804 3.223507112820061e-08
46200.04800076804 2.793423536736967e-08
46250.04800076804 1.2485785222630857e-08
46300.04800076804 3.9092446482662674e-08
46350.04800076804 2.6210806850404463e-08
46400.04800076804 3.5155809775781174e-08
46450.04800076804 4.9218953206756614e-08
46500.04800076804 3.153701141775201e-08
46550.04800076804 3.7729778350059185e-08
46600.04800076804 4.055149187739019e-08
46650.04800076804 1.0004523003411152e-07
46700.04800076804 5.7777132711132775e-08
46750.04800076804 3.4973710423452324e-08
46800.04800076804 1.923095611519605e-08
46850.04800076804 5.3266766099001795e-08
46900.04800076804 4.2963962638313674e-08
46950.04800076804 6.331589467984612e-08
47000.04800076804 2.672852929278148e-08
47050.04800076804 5.681768572987837e-08
47100.04800076804 1.7938030057902406e-08
47150.04800076804 2.9434863523465787e-08
47200.04800076804 4.226910236810727e-08
47250.04800076804 2.3420932880552817e-08
47300.04800076804 2.6297435765666714e-08
47350.04800076804 2.3665722189281962e-08
47400.04800076804 5.3458027884089103e-08
47450.04800076804 2.047101386250665e-08
47500.04800076804 6.227853477020174e-08
47550.04800076804 2.4227221297358622e-08
47600.04800076804 5.263903229042192e-08
47650.04800076804 2.3620025273221932e-08
47700.04800076804 5.203182033245648e-08
47750.04800076804 1.893272114201969e-08
47800.04800076804 3.746324712247756e-08
47850.04800076804 1.7569214605436392e-08
47900.04800076804 2.767681023824509e-08
47950.04800076804 3.169338245857266e-08
48000.04800076804 6.839822229746769e-08
48050.04800076804 3.893920720329301e-08
48100.04800076804 4.0419508229638635e-08
48150.04800076804 3.735931748382338e-08
48200.04800076804 5.15366264690287e-08
48250.04800076804 3.7139765037537815e-08
48300.04800076804 8.267779173530305e-08
48350.04800076804 3.3311115743802435e-08
48400.04800076804 2.4220254103160635e-08
48450.04800076804 3.176582581827324e-08
48500.04800076804 6.28559211596435e-08
48550.04800076804 3.1866630485405735e-08
48600.04800076804 6.629143436136634e-08
48650.04800076804 4.395037784275917e-08
48700.04800076804 7.105594743529471e-08
48750.04800076804 4.2719246278483706e-08
48800.04800076804 7.707407431829982e-08
48850.04800076804 4.859439879865328e-08
48900.04800076804 6.118831576968782e-08
48950.04800076804 4.909483430217298e-08
49000.04800076804 3.24893433571989e-08
49050.04800076804 6.969887827340309e-08
49100.04800076804 5.579122481912502e-08
49150.04800076804 7.80531324721288e-08
49200.04800076804 6.374587490500401e-08
49250.04800076804 9.670102286636412e-08
49300.04800076804 6.125759790495547e-08
49350.04800076804 3.9390262959942374e-08
49400.04800076804 5.430909742952385e-08
49450.04800076804 5.929764720689483e-08
49500.04800076804 4.827573094196223e-08
49550.04800076804 1.2673543070451545e-08
49600.04800076804 3.6763540266311814e-08
49650.04800076804 5.28430942285489e-08
49700.04800076804 5.840420630424315e-08
49750.04800076804 8.021361922128201e-08
49800.04800076804 4.3344107102449765e-08
49850.04800076804 1.0410823476463967e-07
49900.04800076804 7.94139385333641e-08
49950.04800076804 8.351708155275678e-08
50000.04800076804 7.400220140871141e-08
50050.04800076804 8.424871093675344e-08
50100.04800076804 7.468271663429587e-08
50150.04800076804 3.192663515622163e-08
50200.04800076804 8.635601343537425e-09
50250.04800076804 4.2351211576963584e-08
50300.04800076804 3.0119235049451225e-08
50350.04800076804 7.660435473863215e-08
50400.04800076804 7.941550031444543e-08
50450.04800076804 6.466449318114684e-08
50500.04800076804 9.57792945851404e-08
50550.04800076804 9.026285991937933e-08
50600.04800076804 7.090939542127266e-08
50650.04800076804 9.058580941156875e-08
50700.04800076804 1.1078487321875674e-07
50750.04800076804 7.40479267526646e-08
50800.04800076804 2.7200921346803146e-08
50850.04800076804 1.571090578381031e-08
50900.04800076804 7.781486430247075e-08
50950.04800076804 7.668787925595596e-08
51000.04800076804 5.4572120536295766e-08
51050.04800076804 7.523102026728123e-08
51100.04800076804 2.3783390797620692e-08
51150.04800076804 3.629254057780614e-08
51200.04800076804 1.0652647863645644e-07
51250.04800076804 6.877659844497796e-08
51300.04800076804 5.051526944197153e-08
51350.04800076804 5.4257579670046025e-08
51400.04800076804 1.965117708490475e-08
51450.04800076804 1.6453232606109076e-08
51500.04800076804 1.4445427078296827e-08
51550.04800076804 4.657150823002497e-08
51600.04800076804 4.0463491355298026e-08
51650.04800076804 5.936088388063516e-08
51700.04800076804 5.702900908655205e-08
51750.04800076804 3.465340958002489e-08
51800.04800076804 7.898453471719784e-08
51850.04800076804 6.498578511359708e-08
51900.04800076804 7.823025501504147e-08
51950.04800076804 4.411970119963044e-08
52000.04800076804 5.96451580389383e-09
52050.04800076804 2.43546252636543e-08
52100.04800076804 1.6165328851250458e-08
52150.04800076804 9.233757846130557e-09
52200.04800076804 2.0748756003572842e-08
52250.04800076804 4.069868391277361e-08
52300.04800076804 5.998653455133935e-08
52350.04800076804 1.89090696886584e-08
52400.04800076804 1.9742725857153405e-08
52450.04800076804 6.186906476389321e-08
52500.04800076804 5.400812401633697e-08
52550.04800076804 5.439401653292387e-08
52600.04800076804 4.2602760996798197e-08
52650.04800076804 4.319038253046926e-08
52700.04800076804 3.449475964997625e-08
52750.04800076804 1.6685822501338546e-08
52800.04800076804 2.3643234085899124e-08
52850.04800076804 3.1073275686264884e-08
52900.04800076804 1.447638737274196e-08
52950.04800076804 2.126643597161729e-08
53000.04800076804 5.111344288729474e-08
53050.04800076804 1.4654387514229807e-08
53100.04800076804 5.7982288222880774e-08
53150.04800076804 6.860823988224194e-08
53200.04800076804 2.5941010562152864e-08
53250.04800076804 6.230263924017741e-08
53300.04800076804 6.406097691687067e-08
53350.04800076804 6.294342330702874e-08
53400.04800076804 4.2959590185855186e-08
53450.04800076804 1.1144267016428083e-08
53500.04800076804 3.2611029883255967e-09
53550.04800076804 7.256503586708096e-09
53600.04800076804 2.66136009314638e-08
53650.04800076804 2.8206492970156336e-08
53700.04800076804 2.269793211447595e-08
53750.04800076804 2.1164718991669356e-08
53800.04800076804 1.9800563910602716e-08
53850.04800076804 3.1739383304003146e-08
53900.04800076804 4.840714483902097e-08
53950.04800076804 5.056813283019923e-08
54000.04800076804 3.123362375562127e-08
54050.04800076804 3.4559516589462984e-08
54100.04800076804 7.829765776134949e-09
54150.04800076804 1.2158006557696517e-08
54200.04800076804 2.3249222231544084e-09
54250.04800076804 6.007827204467025e-09
54300.04800076804 1.730307608033767e-08
54350.04800076804 2.5580970265475084e-08
54400.04800076804 2.1024334039571355e-08
54450.04800076804 1.875508114171152e-08
54500.04800076804 1.60095213994912e-08
54550.04800076804 1.6236754879885513e-08
54600.04800076804 1.52136105149906e-08
54650.04800076804 2.462294802829763e-09
54700.04800076804 1.6862338363888174e-08
54750.04800076804 1.6424900372270366e-08
54800.04800076804 8.873474769990513e-09
54850.04800076804 1.4744758046688307e-08
54900.04800076804 2.61305412524983e-08
54950.04800076804 4.105946730171496e-08
55000.04800076804 1.1257831320339094e-08
55050.04800076804 2.0152376601945398e-08
55100.04800076804 2.543404888885176e-08
55150.04800076804 1.208294427864397e-08
55200.04800076804 9.540880023680868e-09
55250.04800076804 1.529198113195001e-08
55300.04800076804 9.662895438826844e-09
55350.04800076804 2.1619534367172674e-08
55400.04800076804 2.4588841742715475e-08
55450.04800076804 1.3997996812411312e-08
55500.04800076804 5.288157678797976e-09
55550.04800076804 5.19875244711409e-09
55600.04800076804 9.795090365824146e-09
55650.04800076804 8.993521659073349e-09
55700.04800076804 9.39337477575348e-09
55750.04800076804 7.901186910931107e-09
55800.04800076804 3.2373441871276287e-09
55850.04800076804 5.622265900256576e-09
55900.04800076804 1.5448983147928662e-08
55950.04800076804 2.3597357054427307e-08
56000.04800076804 8.060383472402337e-09
56050.04800076804 1.0215266297770066e-08
56100.04800076804 1.6219068956374703e-08
56150.04800076804 6.47933479586757e-09
56200.04800076804 1.0318531928860132e-08
56250.04800076804 1.9057546701983656e-08
56300.04800076804 1.1681324994009933e-08
56350.04800076804 7.4251439046021185e-09
56400.04800076804 2.343359725720787e-09
56450.04800076804 2.3101355193593117e-09
56500.04800076804 8.455701106997407e-09
56550.04800076804 3.5397388187728153e-09
56600.04800076804 1.4614225992281709e-08
56650.04800076804 1.777926912767236e-08
56700.04800076804 1.2268392889024796e-08
56750.04800076804 3.5575823812431295e-09
56800.04800076804 8.960694848472419e-09
56850.04800076804 1.1446737639070767e-08
56900.04800076804 5.932956648942043e-09
56950.04800076804 1.3561677761626215e-08
57000.04800076804 1.81463388173798e-08
57050.04800076804 7.611417430036525e-09
57100.04800076804 2.212687861397565e-09
57150.04800076804 4.153302871698155e-09
57200.04800076804 3.3278349093696973e-09
57250.04800076804 5.031498873342266e-09
57300.04800076804 8.846245479122771e-09
57350.04800076804 3.840783171456379e-09
57400.04800076804 1.1844316285808069e-08
57450.04800076804 5.330965235831979e-09
57500.04800076804 5.2580677124515e-09
57550.04800076804 8.296313903199106e-09
57600.04800076804 7.1466886037526176e-09
57650.04800076804 1.3468904833118303e-09
57700.04800076804 2.8530083097552323e-09
57750.04800076804 6.219886566706975e-09
57800.04800076804 2.3243381340977316e-09
57850.04800076804 2.0205831155437747e-08
57900.04800076804 2.3612030071176072e-08
57950.04800076804 2.656049200245375e-08
58000.04800076804 6.671066988581109e-09
58050.04800076804 1.3283044228395424e-08
58100.04800076804 1.1731325611029819e-08
58150.04800076804 6.9682901798203555e-09
58200.04800076804 1.3359319340934822e-09
58250.04800076804 2.741177364503205e-09
58300.04800076804 3.068850345265896e-09
58350.04800076804 4.187890353488991e-09
58400.04800076804 1.1107623487206666e-08
58450.04800076804 1.2858451860057637e-08
58500.04800076804 1.3179179486278858e-08
58550.04800076804 1.0118416598264743e-08
58600.04800076804 3.4624010301690213e-09
58650.04800076804 4.876338559257646e-09
58700.04800076804 7.412462138275295e-09
58750.04800076804 5.535709003970951e-09
58800.04800076804 6.249185205227996e-10
58850.04800076804 3.6230148334176205e-09
58900.04800076804 5.253362200460968e-09
58950.04800076804 2.000407896619003e-09
59000.04800076804 5.901150880126386e-09
59050.04800076804 1.0337076431242858e-08
59100.04800076804 9.363849476606527e-09
59150.04800076804 6.942137463920947e-09
59200.04800076804 9.034659512727906e-09
59250.04800076804 9.410834212087886e-09
59300.04800076804 6.7024401130827216e-09
59350.04800076804 9.897915212882073e-10
59400.04800076804 1.3370684997733887e-09
59450.04800076804 7.691690862648326e-09
59500.04800076804 4.1616111406334125e-09
59550.04800076804 9.239270131435448e-09
59600.04800076804 1.228670741583111e-08
59650.04800076804 5.28175029433081e-09
59700.04800076804 3.38135683919913e-09
59750.04800076804 1.3244698098740646e-08
59800.04800076804 5.307283127639383e-09
59850.04800076804 7.375682213077221e-09
59900.04800076804 2.162094647614705e-09
59950.04800076804 6.532584397363332e-09
60000.04800076804 1.6058958327619643e-08
60050.04800076804 1.7239144959319618e-08
60100.04800076804 1.133253773459553e-08
60150.04800076804 4.095674773264868e-09
60200.04800076804 1.079718961748766e-08
60250.04800076804 1.9604829129308845e-08
60300.04800076804 1.6322828064703846e-08
60350.04800076804 9.471630035422203e-09
60400.04800076804 8.140699810554846e-09
60450.04800076804 1.6492648056253888e-09
60500.04800076804 4.812534315087619e-10
60550.04800076804 6.318247831863047e-09
60600.04800076804 1.024386238268693e-08
60650.04800076804 5.574668851820525e-09
60700.04800076804 3.582436307584689e-09
60750.04800076804 1.6253193594338802e-09
60800.04800076804 9.124729262076105e-09
60850.04800076804 2.0279078624422694e-08
60900.04800076804 1.8272270318208348e-08
60950.04800076804 1.2765493837303153e-08
61000.04800076804 1.3323664308937901e-08
61050.04800076804 4.11842170917547e-09
61100.04800076804 4.571721898664393e-09
61150.04800076804 1.2836713270669775e-09
61200.04800076804 9.013095733698993e-09
61250.04800076804 1.3786352699755758e-08
61300.04800076804 1.222767667795864e-08
61350.04800076804 2.24319279824637e-08
61400.04800076804 6.553475278042894e-09
61450.04800076804 1.8765040484659935e-09
61500.04800076804 2.4826888032066784e-09
61550.04800076804 7.649469476904995e-09
61600.04800076804 2.540828672596655e-09
61650.04800076804 6.306451707651771e-09
61700.04800076804 7.864018725543388e-09
61750.04800076804 8.958414801164328e-09
61800.04800076804 6.749414214583416e-09
61850.04800076804 1.8572643669101999e-09
61900.04800076804 1.2657385208224272e-08
61950.04800076804 1.582188949036863e-08
62000.04800076804 1.8425418115978797e-08
62050.04800076804 2.2663664760777715e-08
62100.04800076804 1.0336159680338284e-08
62150.04800076804 1.8754004305549356e-08
62200.04800076804 1.696057212055984e-08
62250.04800076804 1.1761777639466996e-08
62300.04800076804 3.2695409295981446e-08
62350.04800076804 2.519189627225474e-08
62400.04800076804 1.010911719510924e-08
62450.04800076804 1.4879713758091195e-08
62500.04800076804 3.064547421957678e-08
62550.04800076804 3.442532558565675e-08
62600.04800076804 2.726899163468126e-08
62650.04800076804 2.001291418189709e-08
62700.04800076804 1.4493809854132381e-08
62750.04800076804 2.518316992695454e-08
62800.04800076804 1.4647728411051124e-08
62850.04800076804 2.364138007895613e-08
62900.04800076804 1.7172832502781764e-08
62950.04800076804 3.67348673869607e-08
63000.04800076804 2.1422292038324673e-08
63050.04800076804 5.093481665931923e-08
63100.04800076804 4.287815144985012e-08
63150.04800076804 2.988464257101339e-08
63200.04800076804 2.750888301951455e-08
63250.04800076804 2.712018753056454e-08
63300.04800076804 1.8486135685978458e-08
63350.04800076804 1.58873208700642e-08
63400.04800076804 5.263770818109382e-09
