galfind/configs/Brown_Dwarf_templates/sonora_cholla/logkzz4/178g/650K_178g_logkzz4_resample.dat
# %ECSV 1.0
# ---
# datatype:
# - {name: wav, unit: Angstrom, datatype: float64}
# - {name: flux_nu, unit: erg / (cm2 Hz s), datatype: float64}
# schema: astropy-2.0
wav flux_nu
[from data line 813]
43650.04800076804 1.0972439064639175e-07
43700.04800076804 2.207314070657904e-07
43750.04800076804 1.969863104662521e-07
43800.04800076804 1.5547198352568775e-07
43850.04800076804 1.6225060365764305e-07
43900.04800076804 1.3128175235229172e-07
43950.04800076804 9.843242785259482e-08
44000.04800076804 7.269028355732634e-08
44050.04800076804 1.5488691782041294e-07
44100.04800076804 1.7793380431086928e-07
44150.04800076804 1.6984891024567523e-07
44200.04800076804 1.469117412071367e-07
44250.04800076804 1.0584534879963458e-07
44300.04800076804 8.982291426765295e-08
44350.04800076804 8.606851018910688e-08
44400.04800076804 8.711572816046286e-08
44450.04800076804 1.017592211054151e-07
44500.04800076804 8.484011478200966e-08
44550.04800076804 1.0802675655158476e-07
44600.04800076804 7.746321929568125e-08
44650.04800076804 9.337513504044348e-08
44700.04800076804 7.214401369740394e-08
44750.04800076804 8.167609583759328e-08
44800.04800076804 6.550947520940261e-08
44850.04800076804 7.077919346975467e-08
44900.04800076804 5.207047449456499e-08
44950.04800076804 4.718953026096302e-08
45000.04800076804 5.395702620653549e-08
45050.04800076804 5.520448415595985e-08
45100.04800076804 5.289133030866821e-08
45150.04800076804 4.266314787826808e-08
45200.04800076804 2.6230567226727542e-08
45250.04800076804 3.08444924457332e-08
45300.04800076804 3.877170432911462e-08
45350.04800076804 3.5724216318292514e-08
45400.04800076804 2.8166185339758608e-08
45450.04800076804 2.6087756781863245e-08
45500.04800076804 2.949141229006177e-08
45550.04800076804 3.385128015919232e-08
45600.04800076804 2.3935404244610537e-08
45650.04800076804 2.3445229231763943e-08
45700.04800076804 3.027982012646268e-08
45750.04800076804 2.4252060014731286e-08
45800.04800076804 1.8883382928721473e-08
45850.04800076804 3.293284716644375e-08
45900.04800076804 3.3937593221212536e-08
45950.04800076804 1.83357442218202e-08
46000.04800076804 3.06648263153023e-08
46050.04800076804 3.433029097503935e-08
46100.04800076804 1.9281694382481233e-08
46150.04800076804 3.3698458469884806e-08
46200.04800076804 3.0394224725507846e-08
46250.04800076804 1.3135669615218929e-08
46300.04800076804 4.059403825550196e-08
46350.04800076804 2.754932470604684e-08
46400.04800076804 3.5346397929478656e-08
46450.04800076804 5.1754430572511514e-08
46500.04800076804 3.21478134548023e-08
46550.04800076804 4.5021611562405336e-08
46600.04800076804 4.6622928658147105e-08
46650.04800076804 1.0839782477608199e-07
46700.04800076804 6.534282161888538e-08
46750.04800076804 4.150212957284516e-08
46800.04800076804 2.4271590129183614e-08
46850.04800076804 5.501460506215185e-08
46900.04800076804 4.422180489229889e-08
46950.04800076804 6.706526708142879e-08
47000.04800076804 2.7444712550497134e-08
47050.04800076804 6.24869992129287e-08
47100.04800076804 2.0110642742627136e-08
47150.04800076804 3.200048575811609e-08
47200.04800076804 4.333239944348356e-08
47250.04800076804 2.4676916320969397e-08
47300.04800076804 2.96346238569335e-08
47350.04800076804 2.3157874175947898e-08
47400.04800076804 5.387232461511876e-08
47450.04800076804 2.069221526125949e-08
47500.04800076804 6.231315613554053e-08
47550.04800076804 2.4020657773033797e-08
47600.04800076804 5.498535839050833e-08
47650.04800076804 2.490648215620257e-08
47700.04800076804 5.3964985216930854e-08
47750.04800076804 2.01367807480599e-08
47800.04800076804 4.260132674287157e-08
47850.04800076804 2.0431171154394576e-08
47900.04800076804 3.289889317767007e-08
47950.04800076804 3.2036617104165986e-08
48000.04800076804 7.030789699444753e-08
48050.04800076804 4.0506750562276584e-08
48100.04800076804 4.7976069067816916e-08
48150.04800076804 4.024299194236607e-08
48200.04800076804 5.884642384073285e-08
48250.04800076804 4.056918430558836e-08
48300.04800076804 8.756465380098883e-08
48350.04800076804 3.744420164874331e-08
48400.04800076804 3.302801619099981e-08
48450.04800076804 3.645730134236702e-08
48500.04800076804 7.290651948721084e-08
48550.04800076804 3.417191308813624e-08
48600.04800076804 7.187168168736023e-08
48650.04800076804 4.3825755333130424e-08
48700.04800076804 8.054855455875484e-08
48750.04800076804 4.6285192026739357e-08
48800.04800076804 8.470395785157555e-08
48850.04800076804 5.537217059181949e-08
48900.04800076804 7.326829375351656e-08
48950.04800076804 6.257512693930298e-08
49000.04800076804 4.368748435064592e-08
49050.04800076804 8.144334200830074e-08
49100.04800076804 6.020000927635194e-08
49150.04800076804 9.451451890209847e-08
49200.04800076804 6.669477549979594e-08
49250.04800076804 1.0857858053571147e-07
49300.04800076804 6.769287900739729e-08
49350.04800076804 5.140240910248651e-08
49400.04800076804 6.829378431382961e-08
49450.04800076804 7.390659761184199e-08
49500.04800076804 5.96566791169119e-08
49550.04800076804 1.889169850001603e-08
49600.04800076804 5.258668679891346e-08
49650.04800076804 6.467608496497709e-08
49700.04800076804 6.817298651746264e-08
49750.04800076804 1.0302108538574905e-07
49800.04800076804 5.4237689313342894e-08
49850.04800076804 1.282276090180297e-07
49900.04800076804 9.427894959791846e-08
49950.04800076804 1.0189946486157842e-07
50000.04800076804 9.528612452012137e-08
50050.04800076804 1.0498066452627028e-07
50100.04800076804 9.920750879431354e-08
50150.04800076804 4.287116689174603e-08
50200.04800076804 1.4153546836672801e-08
50250.04800076804 6.190010277326318e-08
50300.04800076804 4.463585858682747e-08
50350.04800076804 9.578404089204263e-08
50400.04800076804 9.482456855256406e-08
50450.04800076804 8.147074862181303e-08
50500.04800076804 1.1909983369983059e-07
50550.04800076804 1.0642057026543384e-07
50600.04800076804 9.139574469964444e-08
50650.04800076804 1.0695295184555956e-07
50700.04800076804 1.4011805739445907e-07
50750.04800076804 9.958488549645805e-08
50800.04800076804 3.880658946282365e-08
50850.04800076804 2.4977687236528177e-08
50900.04800076804 1.0419642682503937e-07
50950.04800076804 1.013054702206978e-07
51000.04800076804 7.443869084337944e-08
51050.04800076804 9.582025738313234e-08
51100.04800076804 3.2735053522087685e-08
51150.04800076804 5.2039882195732106e-08
51200.04800076804 1.351063482442052e-07
51250.04800076804 9.009837533628352e-08
51300.04800076804 6.551848906486976e-08
51350.04800076804 7.385226987403063e-08
51400.04800076804 3.027189537142125e-08
51450.04800076804 2.5464398178514533e-08
51500.04800076804 2.2352608908049666e-08
51550.04800076804 6.645802103682192e-08
51600.04800076804 5.4637711484171775e-08
51650.04800076804 7.811294875085474e-08
51700.04800076804 7.666292342667852e-08
51750.04800076804 4.709065219397621e-08
51800.04800076804 1.0465686915873214e-07
51850.04800076804 8.590781858568166e-08
51900.04800076804 1.0779617341172539e-07
51950.04800076804 6.472213923170184e-08
52000.04800076804 1.0156531445243417e-08
52050.04800076804 3.670675309779411e-08
52100.04800076804 2.5899314240367512e-08
52150.04800076804 1.5717467818304817e-08
52200.04800076804 2.9472918691332098e-08
52250.04800076804 5.525863533009523e-08
52300.04800076804 8.656111016518808e-08
52350.04800076804 3.07104119395386e-08
52400.04800076804 3.048293183454102e-08
52450.04800076804 8.440891893059557e-08
52500.04800076804 7.526891601000593e-08
52550.04800076804 7.367232976172463e-08
52600.04800076804 5.6811074529981886e-08
52650.04800076804 5.7866409967391946e-08
52700.04800076804 4.7934691380162346e-08
52750.04800076804 2.5806368423863507e-08
52800.04800076804 3.409860906203017e-08
52850.04800076804 4.4373578091704414e-08
52900.04800076804 2.3124638534766698e-08
52950.04800076804 3.1165598490914164e-08
53000.04800076804 7.329529751856759e-08
53050.04800076804 2.1840167564798773e-08
53100.04800076804 7.795575776101829e-08
53150.04800076804 9.363400411804982e-08
53200.04800076804 3.600338330722978e-08
53250.04800076804 8.512904765233629e-08
53300.04800076804 8.800102491973256e-08
53350.04800076804 8.648033351317129e-08
53400.04800076804 6.411273864498921e-08
53450.04800076804 1.7790184161073054e-08
53500.04800076804 6.0884764303755355e-09
53550.04800076804 1.2984857781385003e-08
53600.04800076804 4.0196465157836865e-08
53650.04800076804 3.973492038373e-08
53700.04800076804 3.241400796228401e-08
53750.04800076804 3.078065086190556e-08
53800.04800076804 2.9178682392040753e-08
53850.04800076804 4.5602493064309595e-08
53900.04800076804 6.323263988169574e-08
53950.04800076804 7.067866769244811e-08
54000.04800076804 4.353085531252095e-08
54050.04800076804 4.863268459618649e-08
54100.04800076804 1.2331922871597089e-08
54150.04800076804 1.957832409199263e-08
54200.04800076804 4.32858264438804e-09
54250.04800076804 1.008846045804356e-08
54300.04800076804 2.6341324954618918e-08
54350.04800076804 3.831452608220876e-08
54400.04800076804 3.2950985910899556e-08
54450.04800076804 2.8851185226123622e-08
54500.04800076804 2.420542250241089e-08
54550.04800076804 2.3966901760429166e-08
54600.04800076804 2.4296635491172286e-08
54650.04800076804 4.966137648744552e-09
54700.04800076804 2.7911935314175586e-08
54750.04800076804 2.6514681014553446e-08
54800.04800076804 1.4840768126541585e-08
54850.04800076804 2.3446944805040667e-08
54900.04800076804 3.920951426701295e-08
54950.04800076804 5.957933877976935e-08
55000.04800076804 1.6666289319233633e-08
55050.04800076804 3.1056398731924166e-08
55100.04800076804 3.623062914480662e-08
55150.04800076804 1.878565068349946e-08
55200.04800076804 1.5902240531113622e-08
55250.04800076804 2.4129674489180834e-08
55300.04800076804 1.5093764382535054e-08
55350.04800076804 3.378612549971542e-08
55400.04800076804 3.905992995319574e-08
55450.04800076804 2.1864429791956503e-08
55500.04800076804 8.636907089028273e-09
55550.04800076804 9.506060585144657e-09
55600.04800076804 1.5612868279256006e-08
55650.04800076804 1.4345896658935982e-08
55700.04800076804 1.5588442673081095e-08
55750.04800076804 1.4032755768671886e-08
55800.04800076804 6.316442656700062e-09
55850.04800076804 9.455410599839245e-09
55900.04800076804 2.5011995116955237e-08
55950.04800076804 3.684836549824173e-08
56000.04800076804 1.2877597586591548e-08
56050.04800076804 1.6796659600736606e-08
56100.04800076804 2.585250888751919e-08
56150.04800076804 1.1606388694024826e-08
56200.04800076804 1.7204659186779524e-08
56250.04800076804 2.9174660941454657e-08
56300.04800076804 1.947426791444266e-08
56350.04800076804 1.3756035894067382e-08
56400.04800076804 4.895509957392472e-09
56450.04800076804 4.725647450263852e-09
56500.04800076804 1.3808469837814272e-08
56550.04800076804 6.185591637971599e-09
56600.04800076804 2.3528492265681438e-08
56650.04800076804 2.7466810172036924e-08
56700.04800076804 2.086882324940476e-08
56750.04800076804 6.396816508524938e-09
56800.04800076804 1.6619781524741965e-08
56850.04800076804 1.884712331139208e-08
56900.04800076804 1.0031906803061468e-08
56950.04800076804 2.2117585974431368e-08
57000.04800076804 2.8856683499599544e-08
57050.04800076804 1.266218156275406e-08
57100.04800076804 4.045313579505792e-09
57150.04800076804 7.327137669419295e-09
57200.04800076804 6.095654926406042e-09
57250.04800076804 8.883997759232004e-09
57300.04800076804 1.5358067339446815e-08
57350.04800076804 6.880029661328293e-09
57400.04800076804 1.942720127717065e-08
57450.04800076804 9.925021028840605e-09
57500.04800076804 9.904885192166072e-09
57550.04800076804 1.5103633232596233e-08
57600.04800076804 1.3599918334910117e-08
57650.04800076804 2.8147097036912823e-09
57700.04800076804 5.4087166259047065e-09
57750.04800076804 1.0475935780035981e-08
57800.04800076804 4.047114353280646e-09
57850.04800076804 3.2912763705642163e-08
57900.04800076804 3.771262663365569e-08
57950.04800076804 4.0644105410661624e-08
58000.04800076804 1.1604640955128122e-08
58050.04800076804 2.1210773075924163e-08
58100.04800076804 2.0231627055780315e-08
58150.04800076804 1.2256240779791989e-08
58200.04800076804 2.885432595346782e-09
58250.04800076804 5.157121677660993e-09
58300.04800076804 5.622483947801532e-09
58350.04800076804 7.520353566214497e-09
58400.04800076804 1.7925961940743162e-08
58450.04800076804 2.0570578049410586e-08
58500.04800076804 2.0466853484418123e-08
58550.04800076804 1.7387007982830415e-08
58600.04800076804 6.562342000381335e-09
58650.04800076804 8.736582054407368e-09
58700.04800076804 1.2713216049861616e-08
58750.04800076804 1.0031967470392585e-08
58800.04800076804 1.5464488729021713e-09
58850.04800076804 7.119765903819374e-09
58900.04800076804 1.02733693460287e-08
58950.04800076804 4.09475742181405e-09
59000.04800076804 1.1166420008938372e-08
59050.04800076804 1.8081563468299528e-08
59100.04800076804 1.7078337425466834e-08
59150.04800076804 1.2532321138160155e-08
59200.04800076804 1.5324324577253353e-08
59250.04800076804 1.6078686697876302e-08
59300.04800076804 1.2022046192730608e-08
59350.04800076804 2.2850166982425533e-09
59400.04800076804 2.6259115850503604e-09
59450.04800076804 1.3328121717380105e-08
59500.04800076804 6.907231474857695e-09
59550.04800076804 1.5800794032183494e-08
59600.04800076804 2.059554954956351e-08
59650.04800076804 9.390615157261857e-09
59700.04800076804 6.304178989027534e-09
59750.04800076804 2.261946713711934e-08
59800.04800076804 9.45937820942129e-09
59850.04800076804 1.3665269858464393e-08
59900.04800076804 4.348567350973365e-09
59950.04800076804 1.1606293530288451e-08
60000.04800076804 2.7403112746283765e-08
60050.04800076804 2.688073497131812e-08
60100.04800076804 2.0127618010976578e-08
60150.04800076804 8.146368443156491e-09
60200.04800076804 1.863946221117306e-08
60250.04800076804 3.1140805845131816e-08
60300.04800076804 2.615963273307114e-08
60350.04800076804 1.5570311380032813e-08
60400.04800076804 1.4854828958703664e-08
60450.04800076804 3.5275809327916603e-09
60500.04800076804 1.2381619409873573e-09
60550.04800076804 1.2246427567571837e-08
60600.04800076804 1.783314916941658e-08
60650.04800076804 1.0382518965396113e-08
60700.04800076804 6.9498203835238005e-09
60750.04800076804 3.493702257291975e-09
60800.04800076804 1.614114007900203e-08
60850.04800076804 3.444589084150106e-08
60900.04800076804 3.105826215374011e-08
60950.04800076804 2.2795015104064438e-08
61000.04800076804 2.1469532302177997e-08
61050.04800076804 7.695428236118437e-09
61100.04800076804 9.164025263531547e-09
61150.04800076804 2.8576063207146813e-09
61200.04800076804 1.6654373911499855e-08
61250.04800076804 2.4359573439435688e-08
61300.04800076804 2.2262563239314685e-08
61350.04800076804 3.7478892644832484e-08
61400.04800076804 1.2553674650249798e-08
61450.04800076804 3.970084932174258e-09
61500.04800076804 5.796013791950799e-09
61550.04800076804 1.344622586813374e-08
61600.04800076804 5.120627463669522e-09
61650.04800076804 1.2173659123477714e-08
61700.04800076804 1.377048064623021e-08
61750.04800076804 1.551721717487906e-08
61800.04800076804 1.2790583245016034e-08
61850.04800076804 4.169361721310241e-09
61900.04800076804 2.2892456319183456e-08
61950.04800076804 2.6345127794083633e-08
62000.04800076804 3.173922077174999e-08
62050.04800076804 3.347896222734653e-08
62100.04800076804 1.8932139568633293e-08
62150.04800076804 3.0826694277722374e-08
62200.04800076804 2.7325017600893617e-08
62250.04800076804 2.036254164942621e-08
62300.04800076804 4.954169517845866e-08
62350.04800076804 3.815446033642097e-08
62400.04800076804 1.5138013938699376e-08
62450.04800076804 2.3813937605163557e-08
62500.04800076804 4.6048342983831984e-08
62550.04800076804 4.7847106448064506e-08
62600.04800076804 4.367145903942885e-08
62650.04800076804 3.148859525566219e-08
62700.04800076804 2.530410830647164e-08
62750.04800076804 4.016068395635221e-08
62800.04800076804 2.3109173231402973e-08
62850.04800076804 3.7685759699852155e-08
62900.04800076804 2.57420388834462e-08
62950.04800076804 5.195563302973055e-08
63000.04800076804 3.3631562210179783e-08
63050.04800076804 6.796106471175258e-08
63100.04800076804 5.923699754884706e-08
63150.04800076804 4.156979970697119e-08
63200.04800076804 4.2066991203032556e-08
63250.04800076804 3.8136193507019824e-08
63300.04800076804 3.1107824957498894e-08
63350.04800076804 2.734264911751442e-08
