galfind/configs/Brown_Dwarf_templates/sonora_cholla/logkzz4/178g/650K_178g_logkzz4_resample.dat
# %ECSV 1.0
# ---
# datatype:
# - {name: wav, unit: Angstrom, datatype: float64}
# - {name: flux_nu, unit: erg / (cm2 Hz s), datatype: float64}
# schema: astropy-2.0
wav flux_nu
3000.0480007680403 nan
3050.0480007680403 0.0
3100.0480007680403 0.0
3150.0480007680403 0.0
3200.0480007680403 0.0
3250.0480007680403 0.0
3300.0480007680403 0.0
3350.0480007680403 0.0
3400.0480007680403 0.0
3450.0480007680403 0.0
3500.0480007680403 0.0
3550.0480007680403 0.0
3600.0480007680403 0.0
3650.0480007680403 0.0
3700.0480007680403 0.0
3750.0480007680403 0.0
3800.0480007680403 0.0
3850.0480007680403 0.0
3900.0480007680403 0.0
3950.0480007680403 0.0
4000.0480007680403 0.0
4050.0480007680403 0.0
4100.04800076804 0.0
4150.04800076804 0.0
4200.04800076804 0.0
4250.04800076804 0.0
4300.04800076804 0.0
4350.04800076804 0.0
4400.04800076804 0.0
4450.04800076804 0.0
4500.04800076804 0.0
4550.04800076804 0.0
4600.04800076804 0.0
4650.04800076804 0.0
4700.04800076804 0.0
4750.04800076804 0.0
4800.04800076804 0.0
4850.04800076804 0.0
4900.04800076804 0.0
4950.04800076804 0.0
5000.04800076804 4.442136378871158e-12
5050.04800076804 1.0598571633663269e-11
5100.04800076804 1.1510869302797556e-11
5150.04800076804 1.2820932569432522e-11
5200.04800076804 1.4394818738793298e-11
5250.04800076804 1.5887216844015904e-11
5300.04800076804 1.7361176793211296e-11
5350.04800076804 1.895067908183196e-11
5400.04800076804 2.0519486231788746e-11
5450.04800076804 2.2410169191816406e-11
5500.04800076804 2.4523489250107468e-11
5550.04800076804 2.6817613362968655e-11
5600.04800076804 2.910004242202615e-11
5650.04800076804 3.122821252499204e-11
5700.04800076804 3.253859623984541e-11
5750.04800076804 3.346405442985513e-11
5800.04800076804 3.22918133310989e-11
5850.04800076804 2.7445600197900906e-11
5900.04800076804 9.916756143161628e-12
5950.04800076804 1.6820823321667528e-11
6000.04800076804 4.7510385453605325e-11
6050.04800076804 7.409794174659343e-11
6100.04800076804 1.0068918611505488e-10
6150.04800076804 1.2847957101315822e-10
6200.04800076804 1.5898334258819377e-10
6250.04800076804 1.9170602752219666e-10
6300.04800076804 2.3180565219407683e-10
6350.04800076804 2.78178433398954e-10
6400.04800076804 3.2591111230048306e-10
6450.04800076804 3.5019088412793137e-10
6500.04800076804 4.030071548902795e-10
6550.04800076804 4.752241808353067e-10
6600.04800076804 5.518934383732733e-10
6650.04800076804 6.472140045483762e-10
6700.04800076804 7.725105230214717e-10
6750.04800076804 8.953274639717982e-10
6800.04800076804 1.0186010960085764e-09
6850.04800076804 1.1551929029221898e-09
6900.04800076804 1.1057018135896022e-09
6950.04800076804 1.0286002667581416e-09
7000.04800076804 1.1799244522381108e-09
7050.04800076804 1.1719170987551264e-09
7100.04800076804 1.2374100912771947e-09
7150.04800076804 1.010098436891368e-09
7200.04800076804 9.231970702996077e-10
7250.04800076804 1.072921326595759e-09
7300.04800076804 1.1166521009226055e-09
7350.04800076804 1.2669995269765734e-09
7400.04800076804 1.4272516200728312e-09
7450.04800076804 1.6581448744068033e-09
7500.04800076804 1.822988657729228e-09
7550.04800076804 1.98467453167348e-09
7600.04800076804 2.1198029783254296e-09
7650.04800076804 2.1815296917775426e-09
7700.04800076804 1.4702753703896896e-09
7750.04800076804 7.547427420854801e-10
7800.04800076804 2.343894006876068e-09
7850.04800076804 2.8075557922941956e-09
7900.04800076804 3.270879044774561e-09
7950.04800076804 3.730326861581629e-09
8000.04800076804 3.956608955875497e-09
8050.04800076804 4.12537006855564e-09
8100.04800076804 3.2019930808318328e-09
8150.04800076804 2.9295870782767163e-09
8200.04800076804 4.0391826757514635e-09
8250.04800076804 3.981643081003469e-09
8300.04800076804 4.398995577114606e-09
8350.04800076804 4.389979274615472e-09
8400.04800076804 4.659971432995846e-09
8450.04800076804 5.4718416588784315e-09
8500.04800076804 6.2090192495579546e-09
8550.04800076804 7.080633119535447e-09
8600.04800076804 8.036828866527908e-09
8650.04800076804 8.699625656747932e-09
8700.04800076804 8.842444487935875e-09
8750.04800076804 9.439528617842938e-09
8800.04800076804 9.352369142841937e-09
8850.04800076804 7.60107056851843e-09
8900.04800076804 2.894738361569626e-09
8950.04800076804 2.816052900099393e-09
9000.04800076804 2.38573915362125e-09
9050.04800076804 5.625863426281531e-09
9100.04800076804 6.2280252202194624e-09
9150.04800076804 5.7866619003862385e-09
9200.04800076804 7.57660699538627e-09
9250.04800076804 5.9286604317906055e-09
9300.04800076804 6.182821643811284e-10
9350.04800076804 8.454797726939774e-10
9400.04800076804 2.0535935374278887e-09
9450.04800076804 2.205717019918475e-09
9500.04800076804 1.7813888686161067e-09
9550.04800076804 1.963659456422969e-09
9600.04800076804 1.8147207720516625e-09
9650.04800076804 2.540101461377185e-09
9700.04800076804 4.217875976224861e-09
9750.04800076804 4.129099475158017e-09
9800.04800076804 4.985043877682101e-09
9850.04800076804 5.835663208729576e-09
9900.04800076804 7.87228799699494e-09
9950.04800076804 8.140863195208327e-09
10000.04800076804 1.0705603159995578e-08
10050.04800076804 1.1643587957356437e-08
10100.04800076804 1.4682879333186587e-08
10150.04800076804 1.71589325998596e-08
10200.04800076804 2.0237651647922792e-08
10250.04800076804 2.3391670510721215e-08
10300.04800076804 2.724185794133712e-08
10350.04800076804 3.098626079679132e-08
10400.04800076804 3.712979824775533e-08
10450.04800076804 4.0902803225703436e-08
10500.04800076804 4.4026311323979934e-08
10550.04800076804 4.739000315979149e-08
10600.04800076804 4.7650164678362554e-08
10650.04800076804 4.853889661892753e-08
10700.04800076804 4.657870129498822e-08
10750.04800076804 4.631782763979077e-08
10800.04800076804 4.276490535353415e-08
10850.04800076804 3.776920001852282e-08
10900.04800076804 2.5539399861918042e-08
10950.04800076804 1.1430675230988752e-08
11000.04800076804 6.788126149936544e-09
11050.04800076804 3.7140040474463146e-09
11100.04800076804 2.120369436356156e-09
11150.04800076804 9.706788303002055e-10
11200.04800076804 7.654430578892506e-10
11250.04800076804 9.87928431042064e-10
11300.04800076804 1.3059857472156435e-09
11350.04800076804 4.3659730397214487e-10
11400.04800076804 1.4600609338124972e-09
11450.04800076804 9.66804475052835e-10
11500.04800076804 8.112267719751523e-10
11550.04800076804 2.433596933771712e-10
11600.04800076804 2.0008128354000278e-10
11650.04800076804 5.588435087061255e-10
11700.04800076804 6.949189661386648e-10
11750.04800076804 1.8113148643740845e-10
11800.04800076804 9.9038580959226e-10
11850.04800076804 1.8330018169922179e-09
11900.04800076804 2.289836972630811e-09
11950.04800076804 3.947872806862385e-09
12000.04800076804 6.436153324678414e-09
12050.04800076804 9.964679935869876e-09
12100.04800076804 1.4537427666498997e-08
12150.04800076804 1.9965258411748572e-08
12200.04800076804 2.500326092808421e-08
12250.04800076804 3.271393512979657e-08
12300.04800076804 4.190329883287991e-08
12350.04800076804 4.427709391174617e-08
12400.04800076804 5.770732355547286e-08
12450.04800076804 7.01137237104085e-08
12500.04800076804 7.754647749138272e-08
12550.04800076804 8.487802179559851e-08
12600.04800076804 8.628274702926728e-08
12650.04800076804 8.375490972204427e-08
12700.04800076804 8.178899018148868e-08
12750.04800076804 7.078589352103223e-08
12800.04800076804 6.445694339920129e-08
12850.04800076804 4.721070980559358e-08
12900.04800076804 3.693312992734834e-08
12950.04800076804 3.13888574648829e-08
13000.04800076804 3.21298447821984e-08
13050.04800076804 2.352379584817152e-08
13100.04800076804 2.0881343450883354e-08
13150.04800076804 1.4614659729988036e-08
13200.04800076804 1.352478838871582e-08
13250.04800076804 9.10050718350056e-09
13300.04800076804 3.5035603519929576e-09
13350.04800076804 1.02933478788371e-09
13400.04800076804 4.2953403276659327e-10
13450.04800076804 1.484269158550068e-10
13500.04800076804 5.740140230309558e-11
13550.04800076804 2.7917235758384753e-11
13600.04800076804 7.253948431816487e-12
13650.04800076804 5.0274304868252264e-11
13700.04800076804 2.926139859430615e-11
13750.04800076804 5.887234770897595e-11
13800.04800076804 5.952239458231229e-11
13850.04800076804 3.178790542136261e-11
13900.04800076804 4.240394855956495e-11
13950.04800076804 3.6816767954102905e-11
14000.04800076804 3.929807075139187e-11
14050.04800076804 6.82882564182054e-11
14100.04800076804 6.305037629963195e-11
14150.04800076804 1.216370969644819e-10
14200.04800076804 7.429326094966608e-11
14250.04800076804 1.010804222640456e-10
14300.04800076804 2.8008358823020835e-10
14350.04800076804 2.4664690401284823e-10
14400.04800076804 2.7688556782550267e-10
14450.04800076804 4.063500135255779e-10
14500.04800076804 9.46893871746322e-10
14550.04800076804 1.0277443119812516e-09
14600.04800076804 1.7115929542444833e-09
14650.04800076804 1.6486520348156003e-09
14700.04800076804 9.640094757478409e-10
14750.04800076804 1.4684630200916582e-09
14800.04800076804 1.943797835890997e-09
14850.04800076804 1.93764742130629e-09
14900.04800076804 2.4199004632154474e-09
14950.04800076804 3.1510429697650957e-09
15000.04800076804 4.396319601362939e-09
15050.04800076804 4.698778441128051e-09
15100.04800076804 5.700907572075556e-09
15150.04800076804 5.6885546874896055e-09
15200.04800076804 6.496108453172023e-09
15250.04800076804 9.988363675748456e-09
15300.04800076804 1.2208412140572952e-08
15350.04800076804 1.5963603329648817e-08
15400.04800076804 1.8627132031939754e-08
15450.04800076804 2.1811537865909955e-08
15500.04800076804 2.4079918797222048e-08
15550.04800076804 3.040225651683601e-08
15600.04800076804 3.502191155097209e-08
15650.04800076804 3.889150637040155e-08
15700.04800076804 4.592359713643984e-08
15750.04800076804 4.965168872494859e-08
15800.04800076804 4.9315089767423206e-08
15850.04800076804 5.093600848841789e-08
15900.04800076804 4.6698635208256304e-08
15950.04800076804 3.9651798492425765e-08
16000.04800076804 2.9922818890094505e-08
16050.04800076804 1.8248327381822005e-08
16100.04800076804 1.1757566426263166e-08
16150.04800076804 6.36205206334484e-09
16200.04800076804 3.4594383426518925e-09
16250.04800076804 2.81767512547194e-09
16300.04800076804 1.8041836131223885e-09
16350.04800076804 2.179003631743366e-09
16400.04800076804 2.6183027041086044e-09
16450.04800076804 2.6206214469932825e-09
16500.04800076804 2.6660941983158672e-09
16550.04800076804 2.550250644714621e-09
16600.04800076804 3.2778708142588486e-09
16650.04800076804 2.3745566681051757e-09
16700.04800076804 3.952871262180344e-10
16750.04800076804 1.2453709804737239e-09
16800.04800076804 2.13182617128589e-09
16850.04800076804 2.259749374725648e-09
16900.04800076804 1.3128711542821895e-09
16950.04800076804 9.683851212599232e-10
17000.04800076804 5.702856555534787e-10
17050.04800076804 9.403216294442235e-10
17100.04800076804 1.469268148680288e-09
17150.04800076804 7.952470296612176e-10
17200.04800076804 2.426477287055057e-09
17250.04800076804 1.4256184459103812e-09
17300.04800076804 8.860368063380003e-10
17350.04800076804 1.0535918161658197e-09
17400.04800076804 1.4460250248464549e-09
17450.04800076804 1.917922169887605e-09
17500.04800076804 2.5863640763649198e-09
17550.04800076804 2.1232358652509417e-09
17600.04800076804 1.5001163886403614e-09
17650.04800076804 1.3237143953545278e-09
17700.04800076804 1.0603306229579657e-09
17750.04800076804 9.53052182246198e-10
17800.04800076804 1.668509848160556e-09
17850.04800076804 9.429909565437859e-10
17900.04800076804 8.227193516518646e-10
17950.04800076804 4.963339447657012e-10
18000.04800076804 7.707595378309474e-10
18050.04800076804 7.057219544343789e-10
18100.04800076804 6.475623918017024e-10
18150.04800076804 8.250117991928442e-10
18200.04800076804 4.3493017232489435e-10
18250.04800076804 1.4878078507982028e-09
18300.04800076804 4.688317240206206e-10
18350.04800076804 3.634868352131914e-10
18400.04800076804 2.612205553598056e-10
18450.04800076804 8.779024507878206e-10
18500.04800076804 9.096031784257854e-10
18550.04800076804 5.567871682202566e-10
18600.04800076804 6.762188117256966e-10
18650.04800076804 4.268358667889355e-10
18700.04800076804 2.0637809514872028e-10
18750.04800076804 4.089652142957427e-10
18800.04800076804 1.8649786727819693e-09
18850.04800076804 1.6675960831813882e-09
18900.04800076804 1.5007758239343345e-09
18950.04800076804 3.083015339670947e-09
19000.04800076804 1.1177517462422406e-09
19050.04800076804 6.775795564404132e-10
19100.04800076804 1.7714028226999951e-09
19150.04800076804 8.685094938909968e-10
19200.04800076804 1.6090691399992588e-09
19250.04800076804 1.1562592993241664e-09
19300.04800076804 7.664036537452151e-10
19350.04800076804 9.211785426598277e-10
19400.04800076804 6.197919502992052e-10
19450.04800076804 1.3777949763547901e-09
19500.04800076804 1.1146603014779634e-09
19550.04800076804 1.024862246398394e-09
19600.04800076804 1.6341861466219418e-09
19650.04800076804 1.8945046044861717e-09
19700.04800076804 2.120673261692542e-09
19750.04800076804 2.8993526623395093e-09
19800.04800076804 3.044453960291099e-09
19850.04800076804 4.0143973167211555e-09
19900.04800076804 3.5982188110346357e-09
19950.04800076804 5.414779373122933e-09
20000.04800076804 5.467656043116083e-09
20050.04800076804 5.3557674353511215e-09
20100.04800076804 7.029840862428478e-09
20150.04800076804 5.446303939664147e-09
20200.04800076804 5.989265353645707e-09
20250.04800076804 7.875550536408283e-09
20300.04800076804 7.436249041937675e-09
20350.04800076804 8.649252219728949e-09
20400.04800076804 7.720865251213678e-09
20450.04800076804 1.0205684682880196e-08
20500.04800076804 1.030986571847693e-08
20550.04800076804 1.0402958776068676e-08
20600.04800076804 1.1175226148610203e-08
20650.04800076804 1.1069888693422156e-08
20700.04800076804 1.086355946394619e-08
20750.04800076804 1.1701240809831257e-08
20800.04800076804 1.0939036811029042e-08
20850.04800076804 1.133434663057834e-08
20900.04800076804 1.1431694275169479e-08
20950.04800076804 1.0631184811178766e-08
21000.04800076804 1.0582157823274643e-08
21050.04800076804 1.0019128476769885e-08
21100.04800076804 9.56308171398378e-09
21150.04800076804 9.450092680820378e-09
21200.04800076804 8.802665735918944e-09
21250.04800076804 8.279700179045498e-09
21300.04800076804 7.148573648723587e-09
21350.04800076804 7.121112669764473e-09
21400.04800076804 6.698050133769302e-09
21450.04800076804 5.589494660011247e-09
21500.04800076804 5.7039909849158915e-09
21550.04800076804 5.3057443593088665e-09
21600.04800076804 4.636622229470723e-09
21650.04800076804 3.934574735567411e-09
21700.04800076804 4.0557638963473574e-09
21750.04800076804 4.2113904077398165e-09
21800.04800076804 3.531931138116569e-09
21850.04800076804 3.057822913293149e-09
21900.04800076804 2.4844627088324865e-09
21950.04800076804 8.86242866020799e-10
22000.04800076804 2.1346258710540132e-10
22050.04800076804 2.8454170069656725e-10
22100.04800076804 8.41885369140401e-10
22150.04800076804 8.722665563369701e-10
22200.04800076804 7.363176623769028e-10
22250.04800076804 7.325323232461592e-10
22300.04800076804 4.1124035051528893e-10
22350.04800076804 4.886242133685114e-10
22400.04800076804 2.5638718924195584e-10
22450.04800076804 2.5998587310284966e-10
22500.04800076804 2.747509106733645e-10
22550.04800076804 1.2721579791681985e-10
22600.04800076804 1.8948593677932135e-10
22650.04800076804 3.267577415448846e-10
22700.04800076804 1.7142583306301112e-10
22750.04800076804 1.8108806018499598e-10
22800.04800076804 2.0947267731472208e-10
22850.04800076804 1.8369546407207875e-10
22900.04800076804 9.903651697471026e-11
22950.04800076804 8.067178975725325e-11
23000.04800076804 1.5357466104113015e-10
23050.04800076804 1.6924674639687002e-10
23100.04800076804 5.992801109736744e-10
23150.04800076804 6.742453165285531e-10
23200.04800076804 5.498052948174657e-11
23250.04800076804 9.089535161411298e-11
23300.04800076804 1.3913047790338636e-10
23350.04800076804 9.455351011713128e-11
23400.04800076804 1.7076621977500642e-10
23450.04800076804 9.893700375291059e-11
23500.04800076804 1.0006765239550702e-10
23550.04800076804 1.7905694694106612e-10
23600.04800076804 2.4395983585980135e-10
23650.04800076804 3.4597643106558544e-10
23700.04800076804 9.406262654612541e-11
23750.04800076804 7.356658786606385e-11
23800.04800076804 2.5731780721716167e-10
