galfind/configs/Brown_Dwarf_templates/sonora_cholla/logkzz4/178g/700K_178g_logkzz4_resample.dat
# %ECSV 1.0
# ---
# datatype:
# - {name: wav, unit: Angstrom, datatype: float64}
# - {name: flux_nu, unit: erg / (cm2 Hz s), datatype: float64}
# schema: astropy-2.0
wav flux_nu
[from data line 1210]
63500.04800076804 3.4869521506387454e-08
63550.04800076804 4.643652112545945e-08
63600.04800076804 4.650533489270427e-08
63650.04800076804 2.7128673425187953e-08
63700.04800076804 1.0436439796899113e-08
63750.04800076804 2.4437998080631968e-08
63800.04800076804 5.222809176035696e-08
63850.04800076804 3.901833825260149e-08
63900.04800076804 1.4284900478111305e-08
63950.04800076804 3.273690553358296e-08
64000.04800076804 4.0059213955646215e-08
64050.04800076804 1.7062946925544604e-08
64100.04800076804 4.2707841189636926e-09
64150.04800076804 6.802979238508238e-09
64200.04800076804 8.14252475330181e-09
64250.04800076804 2.229548163361303e-08
64300.04800076804 1.6624403894130497e-08
64350.04800076804 1.2058033548073458e-08
64400.04800076804 3.182142431669265e-08
64450.04800076804 3.5242862434717104e-08
64500.04800076804 1.3734248339107224e-08
64550.04800076804 2.7784748878011787e-08
64600.04800076804 1.2913590550460204e-08
64650.04800076804 2.466920819028478e-08
64700.04800076804 8.753524383805958e-09
64750.04800076804 1.5155549349470152e-08
64800.04800076804 1.06077295627597e-08
64850.04800076804 7.1031115433449895e-09
64900.04800076804 7.096411917291482e-09
64950.04800076804 6.771975277422524e-09
65000.04800076804 1.0808402805525414e-08
65050.04800076804 1.6873119246742292e-08
65100.04800076804 2.5854563526043822e-08
65150.04800076804 1.1591869599034912e-08
65200.04800076804 6.2207584546664475e-09
65250.04800076804 1.9504516680070868e-08
65300.04800076804 1.7284604467716064e-08
65350.04800076804 4.6163850488650734e-08
65400.04800076804 1.7578448486371643e-08
65450.04800076804 1.8120217378024047e-08
65500.04800076804 2.2578770091517257e-08
65550.04800076805 9.708435250802253e-09
65600.04800076805 2.101171990965051e-08
65650.04800076805 1.425474112161595e-08
65700.04800076805 1.3336299466594269e-08
65750.04800076805 8.819498409640482e-09
65800.04800076805 1.870272294801019e-08
65850.04800076805 2.6040188047412524e-08
65900.04800076805 7.78582900055235e-09
65950.04800076805 1.2056397882520656e-08
66000.04800076805 1.6498412222267764e-08
66050.04800076805 3.7613351655103074e-08
66100.04800076805 1.9490094214445592e-08
66150.04800076805 1.605711565474131e-08
66200.04800076805 1.5414553186002072e-08
66250.04800076805 1.0746412395288217e-08
66300.04800076805 4.2593810828244956e-09
66350.04800076805 4.316913376632104e-09
66400.04800076805 8.287163994795134e-09
66450.04800076805 2.304491397776151e-08
66500.04800076805 3.404095217147478e-08
66550.04800076805 3.439327083705918e-08
66600.04800076805 2.6081139299425437e-08
66650.04800076805 1.893773172713798e-08
66700.04800076805 1.4595327229945802e-08
66750.04800076805 1.4221008090377806e-08
66800.04800076805 1.8328584492723183e-08
66850.04800076805 1.1370502760638422e-08
66900.04800076805 3.696343862017618e-08
66950.04800076805 3.677412633138183e-08
67000.04800076805 3.783314347818226e-08
67050.04800076805 2.1647527539333278e-08
67100.04800076805 1.2799027800517631e-08
67150.04800076805 1.4270760020353162e-08
67200.04800076805 2.3299847146018816e-08
67250.04800076805 2.195159122787592e-08
67300.04800076805 3.300856306003414e-08
67350.04800076805 1.5981591329566083e-08
67400.04800076805 3.907714732310489e-08
67450.04800076805 2.4941377942388273e-08
67500.04800076805 2.2376190750016893e-08
67550.04800076805 4.024661180383396e-08
67600.04800076805 6.839989996693645e-08
67650.04800076805 4.959880741428112e-08
67700.04800076805 2.848664622058675e-08
67750.04800076805 1.9035065416327026e-08
67800.04800076805 2.8911748318471243e-08
67850.04800076805 1.2562157901156226e-08
67900.04800076805 1.6163542260252128e-08
67950.04800076805 1.2363957637178742e-08
68000.04800076805 2.595756763329539e-08
68050.04800076805 3.5998819786784085e-08
68100.04800076805 5.048214117579075e-08
68150.04800076805 3.9581521192057e-08
68200.04800076805 3.23556232677484e-08
68250.04800076805 7.652182145191436e-09
68300.04800076805 3.1491662569193355e-08
68350.04800076805 2.1442933715337337e-08
68400.04800076805 5.522394976872392e-08
68450.04800076805 4.502305542605316e-08
68500.04800076805 2.9704108673409928e-08
68550.04800076805 1.275674771214744e-08
68600.04800076805 1.347225456098567e-08
68650.04800076805 6.708887221736342e-09
68700.04800076805 1.714068848645132e-08
68750.04800076805 2.865975131111478e-08
68800.04800076805 3.3233693797657004e-08
68850.04800076805 1.2353633929241278e-08
68900.04800076805 4.90741088583489e-08
68950.04800076805 4.9259167430770214e-08
69000.04800076805 3.4453644865033044e-08
69050.04800076805 1.7191606320367405e-08
69100.04800076805 4.5474126084848304e-08
69150.04800076805 6.271545554907803e-08
69200.04800076805 4.097290781360488e-08
69250.04800076805 6.081575585010211e-08
69300.04800076805 3.422744554717483e-08
69350.04800076805 6.401099370226823e-08
69400.04800076805 2.0693208506553008e-08
69450.04800076805 5.989420982521826e-08
69500.04800076805 2.8141017339710394e-08
69550.04800076805 2.4654570507164792e-08
69600.04800076805 6.739401352628108e-09
69650.04800076805 2.3156877844433328e-08
69700.04800076805 4.328943689424656e-08
69750.04800076805 2.7742339054419974e-08
69800.04800076805 4.4114553395540704e-08
69850.04800076805 4.616806808612856e-08
69900.04800076805 2.9372962074090808e-08
69950.04800076805 2.9453630281789622e-08
70000.04800076805 3.195853229808225e-08
70050.04800076805 5.9478898154530573e-08
70100.04800076805 4.0992922839573e-08
70150.04800076805 3.334790908177388e-08
70200.04800076805 2.262405258275126e-08
70250.04800076805 3.3278297687840444e-08
70300.04800076805 5.7887790772095606e-08
70350.04800076805 4.063578939614369e-08
70400.04800076805 2.192920979828422e-08
70450.04800076805 5.004516985294395e-09
70500.04800076805 1.8203707030531125e-08
70550.04800076805 1.859886418577022e-08
70600.04800076805 1.7576701287405757e-08
70650.04800076805 4.5929818820000715e-08
70700.04800076805 4.3451907302111464e-08
70750.04800076805 6.121965445963436e-08
70800.04800076805 2.9294148381164494e-08
70850.04800076805 2.9706123489905312e-08
70900.04800076805 3.450041622314632e-08
70950.04800076805 5.247190319985442e-08
71000.04800076805 4.673243321267108e-08
71050.04800076805 4.5213836100995025e-08
71100.04800076805 3.312922471198718e-08
71150.04800076805 2.7496378800317252e-08
71200.04800076805 2.394745520884118e-08
71250.04800076805 3.528315290713146e-08
71300.04800076805 4.87897492279343e-08
71350.04800076805 5.189661700975069e-08
71400.04800076805 4.211057818274517e-08
71450.04800076805 1.8053179696742816e-08
71500.04800076805 2.0086727774945003e-08
71550.04800076805 2.590894282998546e-08
71600.04800076805 2.9269306366535942e-08
71650.04800076805 2.1465748671973132e-08
71700.04800076805 1.544567064365682e-08
71750.04800076805 3.010774979651774e-08
71800.04800076805 4.427727585334324e-08
71850.04800076805 4.2035017787943506e-08
71900.04800076805 2.2694873999721606e-08
71950.04800076805 3.0052295848429726e-08
72000.04800076805 2.878547971618505e-08
72050.04800076805 1.6125317010764736e-08
72100.04800076805 1.9010583763389996e-08
72150.04800076805 1.6746320918349696e-08
72200.04800076805 3.128137745651007e-08
72250.04800076805 4.055237835534797e-08
72300.04800076805 2.7783696674349473e-08
72350.04800076805 3.4090098588166246e-08
72400.04800076805 2.741747892395052e-08
72450.04800076805 2.186640182839063e-08
72500.04800076805 3.0301198250182515e-08
72550.04800076805 1.1974560073554207e-08
72600.04800076805 2.0617597934701718e-08
72650.04800076805 3.652965960735917e-08
72700.04800076805 2.599036842045829e-08
72750.04800076805 2.622888534683441e-08
72800.04800076805 1.6395354907621514e-08
72850.04800076805 2.0496907234915405e-08
72900.04800076805 3.9237707065406315e-08
72950.04800076805 2.684211217727233e-08
73000.04800076805 2.734229723808424e-08
73050.04800076805 1.535240158786566e-08
73100.04800076805 1.8133950540307407e-08
73150.04800076805 4.3011824095449746e-08
73200.04800076805 1.6212924958046882e-08
73250.04800076805 2.392133979694426e-08
73300.04800076805 1.8941164004823502e-08
73350.04800076805 1.3072138653508793e-08
73400.04800076805 2.335190438286241e-08
73450.04800076805 1.3102839499210549e-08
73500.04800076805 1.1200150898943809e-08
73550.04800076805 2.097267604810341e-08
73600.04800076805 1.7711117208419127e-08
73650.04800076805 2.214131685262201e-08
73700.04800076805 2.2196916012822742e-08
73750.04800076805 8.832257394560775e-09
73800.04800076805 1.935159730191828e-08
73850.04800076805 2.5501028314265814e-08
73900.04800076805 1.7219524421288726e-08
73950.04800076805 1.7050694659220547e-08
74000.04800076805 9.82631665373168e-09
74050.04800076805 3.289169231406987e-08
74100.04800076805 2.1387121284884474e-08
74150.04800076805 2.1448771669323313e-08
74200.04800076805 1.4737303192397369e-08
74250.04800076805 3.5734833867043573e-09
74300.04800076805 1.9573901491559757e-08
74350.04800076805 3.00586841822178e-08
74400.04800076805 2.8731232034334218e-08
74450.04800076805 1.1494526319410267e-08
74500.04800076805 8.131829234246817e-09
74550.04800076805 1.6704662777354417e-08
74600.04800076805 1.859701639835937e-08
74650.04800076805 1.8996244103021383e-08
74700.04800076805 1.2190218080964652e-08
74750.04800076805 9.21093547002419e-09
74800.04800076805 1.3656223072481855e-08
74850.04800076805 1.3535503950961231e-08
74900.04800076805 2.7698682825269865e-08
74950.04800076805 2.8452427786583157e-08
75000.04800076805 1.3549506375442841e-08
75050.04800076805 5.389523018098969e-09
75100.04800076805 2.700218398201918e-08
75150.04800076805 2.8419617560384057e-08
75200.04800076805 3.2359674720865744e-08
75250.04800076805 3.4172953251206314e-08
75300.04800076805 2.7234468894525232e-08
75350.04800076805 1.0092357658302567e-08
75400.04800076805 3.4902779739993954e-08
75450.04800076805 2.9375282100697875e-08
75500.04800076805 2.7356484364426098e-08
75550.04800076805 2.985270723037151e-08
75600.04800076805 3.748579986817052e-08
75650.04800076805 2.1193162390363507e-08
75700.04800076805 3.328173864122521e-08
75750.04800076805 1.6734447036766894e-08
75800.04800076805 2.998998759030695e-08
75850.04800076805 3.5760477616753786e-08
75900.04800076805 3.4500482741635055e-08
75950.04800076805 1.6880236449066904e-08
76000.04800076805 3.582760746351807e-08
76050.04800076805 3.597696687546774e-08
76100.04800076805 3.215768888740337e-08
76150.04800076805 3.6156873120238835e-08
76200.04800076805 3.390115033020556e-08
76250.04800076805 2.766518257944723e-08
76300.04800076805 5.222097914586046e-08
76350.04800076805 6.690747016017074e-08
76400.04800076805 4.75355356065647e-08
76450.04800076805 3.975505820951081e-08
76500.04800076805 2.66348250595487e-08
76550.04800076805 1.331188969627442e-08
76600.04800076805 3.487265051721633e-09
76650.04800076805 4.194079850797699e-09
76700.04800076805 5.986111411644689e-09
76750.04800076805 5.876138828080497e-09
76800.04800076805 1.2029432439409368e-08
76850.04800076805 3.7087832238062277e-09
76900.04800076805 4.05126412301646e-09
76950.04800076805 1.1069842324705261e-08
77000.04800076805 1.4629230302434097e-08
77050.04800076805 5.448951802163715e-09
77100.04800076805 6.665116506891271e-09
77150.04800076805 1.7535819136630296e-08
77200.04800076805 1.1695129447857634e-08
77250.04800076805 1.1691247842838069e-08
77300.04800076805 1.6093487792453635e-08
77350.04800076805 6.891837349878732e-09
77400.04800076805 7.956649794522179e-09
77450.04800076805 1.5156826608926376e-08
77500.04800076805 1.3336549504331994e-08
77550.04800076805 1.272968094075486e-08
77600.04800076805 8.447600579854184e-09
77650.04800076805 1.0882821259108434e-08
77700.04800076805 7.831898595831888e-09
77750.04800076805 2.0613777132789402e-08
77800.04800076805 1.9426487616008504e-08
77850.04800076805 3.7202510468437385e-08
77900.04800076805 2.1105838521862245e-08
77950.04800076805 6.517199774548273e-09
78000.04800076805 1.4013060493363215e-08
78050.04800076805 1.7532331528196538e-08
78100.04800076805 1.684732221311586e-08
78150.04800076805 3.11226774414243e-08
78200.04800076805 2.8926704537024493e-08
78250.04800076805 3.5118840312710205e-08
78300.04800076805 1.8745374327899636e-08
78350.04800076805 2.6799632741413633e-08
78400.04800076805 1.2502590231292778e-08
78450.04800076805 2.826729729085095e-08
78500.04800076805 3.4158277777765656e-08
78550.04800076805 4.326863348176156e-08
78600.04800076805 3.2250915185547786e-08
78650.04800076805 6.342056904811766e-09
78700.04800076805 1.302154704089677e-08
78750.04800076805 1.6959097622891728e-08
78800.04800076805 2.2363864307929372e-08
78850.04800076805 8.81920735685236e-09
78900.04800076805 2.0700017314818524e-08
78950.04800076805 2.862096928133038e-08
79000.04800076805 2.3803407044221203e-08
79050.04800076805 1.8385297152674315e-08
79100.04800076805 2.114514886014082e-08
79150.04800076805 2.1603949601271926e-08
79200.04800076805 2.688366274637753e-08
79250.04800076805 1.614344729516541e-08
79300.04800076805 1.271510665564099e-08
79350.04800076805 2.2730565544556437e-08
79400.04800076805 1.3896534226891267e-08
79450.04800076805 3.2496010219107953e-08
79500.04800076805 4.7221931026440946e-08
79550.04800076805 3.595914471661289e-08
79600.04800076805 1.7188229378880655e-08
79650.04800076805 2.72180612866621e-08
79700.04800076805 2.6261667619875543e-08
79750.04800076805 2.6903028798951104e-08
79800.04800076805 1.824357445434909e-08
79850.04800076805 2.618157990820675e-08
79900.04800076805 4.9776343960173086e-08
79950.04800076805 3.690873458583092e-08
