galfind/configs/Brown_Dwarf_templates/sonora_cholla/logkzz4/178g/750K_178g_logkzz4_resample.dat
# %ECSV 1.0
# ---
# datatype:
# - {name: wav, unit: Angstrom, datatype: float64}
# - {name: flux_nu, unit: erg / (cm2 Hz s), datatype: float64}
# schema: astropy-2.0
wav flux_nu
[from data line 813]
43650.04800076804 1.6440832802507553e-07
43700.04800076804 3.058734851697782e-07
43750.04800076804 2.833877794068157e-07
43800.04800076804 2.2308667205759032e-07
43850.04800076804 2.287638467828459e-07
43900.04800076804 1.9171924705993792e-07
43950.04800076804 1.5470892090673256e-07
44000.04800076804 1.0860119161862096e-07
44050.04800076804 2.0863089364702935e-07
44100.04800076804 2.3224972996506715e-07
44150.04800076804 2.2611061009487486e-07
44200.04800076804 1.9391047022359502e-07
44250.04800076804 1.5306649780221212e-07
44300.04800076804 1.3401331062567175e-07
44350.04800076804 1.2220277739075966e-07
44400.04800076804 1.2500385868319072e-07
44450.04800076804 1.3764499481957766e-07
44500.04800076804 1.1223871277847393e-07
44550.04800076804 1.3787895356028104e-07
44600.04800076804 1.0361358943303073e-07
44650.04800076804 1.2234479973705277e-07
44700.04800076804 1.0063611775260153e-07
44750.04800076804 1.098068102549525e-07
44800.04800076804 9.208506595229109e-08
44850.04800076804 9.477475857295848e-08
44900.04800076804 7.028362218880367e-08
44950.04800076804 6.601274805244968e-08
45000.04800076804 7.243537861598634e-08
45050.04800076804 7.5073331161734e-08
45100.04800076804 7.03012963955835e-08
45150.04800076804 6.018117461812498e-08
45200.04800076804 3.939273239819797e-08
45250.04800076804 4.5720169163427827e-08
45300.04800076804 5.5663111898495776e-08
45350.04800076804 5.297265647258396e-08
45400.04800076804 4.021814360049916e-08
45450.04800076804 3.859938001886487e-08
45500.04800076804 4.195302375028546e-08
45550.04800076804 4.98884921504792e-08
45600.04800076804 3.644601431515292e-08
45650.04800076804 3.543342343613979e-08
45700.04800076804 4.6084105996668426e-08
45750.04800076804 3.811948444226043e-08
45800.04800076804 2.997798008487182e-08
45850.04800076804 5.14622718884781e-08
45900.04800076804 5.161954900914765e-08
45950.04800076804 3.004585399270976e-08
46000.04800076804 4.7101375826673554e-08
46050.04800076804 5.243667555126974e-08
46100.04800076804 3.106932679815778e-08
46150.04800076804 5.178879018574179e-08
46200.04800076804 4.8426622294724286e-08
46250.04800076804 2.1525456501369236e-08
46300.04800076804 6.125528118075499e-08
46350.04800076804 4.273847531540154e-08
46400.04800076804 5.276828046277959e-08
46450.04800076804 7.596889111990467e-08
46500.04800076804 4.8522840874232035e-08
46550.04800076804 7.115099110186934e-08
46600.04800076804 7.258132653502688e-08
46650.04800076804 1.4934809844300247e-07
46700.04800076804 9.537973232184235e-08
46750.04800076804 6.570382707582358e-08
46800.04800076804 4.224309970404094e-08
46850.04800076804 8.085721503423777e-08
46900.04800076804 6.579061075184015e-08
46950.04800076804 9.760978497637734e-08
47000.04800076804 4.3277219975321856e-08
47050.04800076804 9.52660590810433e-08
47100.04800076804 3.347922950726712e-08
47150.04800076804 5.102149688534731e-08
47200.04800076804 6.571640401427131e-08
47250.04800076804 3.938443297853606e-08
47300.04800076804 4.784838643428828e-08
47350.04800076804 3.541534181249398e-08
47400.04800076804 7.835156431239485e-08
47450.04800076804 3.3491847561736224e-08
47500.04800076804 8.86957848476376e-08
47550.04800076804 3.7498232387705996e-08
47600.04800076804 8.055242073980883e-08
47650.04800076804 3.89378707398663e-08
47700.04800076804 7.743565254895381e-08
47750.04800076804 3.153217181834059e-08
47800.04800076804 6.51726595530316e-08
47850.04800076804 3.2169306546895564e-08
47900.04800076804 5.3737459767211385e-08
47950.04800076804 4.669871911742439e-08
48000.04800076804 9.858700257614366e-08
48050.04800076804 5.8405208101302486e-08
48100.04800076804 7.383925980697712e-08
48150.04800076804 5.770074253711752e-08
48200.04800076804 8.669123020084114e-08
48250.04800076804 5.8994850806482573e-08
48300.04800076804 1.2083960256998036e-07
48350.04800076804 5.522899355470722e-08
48400.04800076804 5.793403734555633e-08
48450.04800076804 5.3853781131519434e-08
48500.04800076804 1.0811634130613948e-07
48550.04800076804 4.913698643077848e-08
48600.04800076804 9.889385432059317e-08
48650.04800076804 5.8323746870028176e-08
48700.04800076804 1.138800190909476e-07
48750.04800076804 6.340319414517739e-08
48800.04800076804 1.1558189055527486e-07
48850.04800076804 7.715672745968374e-08
48900.04800076804 1.0982110384969569e-07
48950.04800076804 9.520041972945042e-08
49000.04800076804 7.105162348400236e-08
49050.04800076804 1.142878357106409e-07
49100.04800076804 7.923742498987294e-08
49150.04800076804 1.3553169278017142e-07
49200.04800076804 8.796679735711339e-08
49250.04800076804 1.446304881651533e-07
49300.04800076804 9.293572984820313e-08
49350.04800076804 8.185466827565787e-08
49400.04800076804 1.0355803503444875e-07
49450.04800076804 1.0929540637704934e-07
49500.04800076804 9.04540869749288e-08
49550.04800076804 3.7091220143983413e-08
49600.04800076804 9.068157035614062e-08
49650.04800076804 9.538529232271814e-08
49700.04800076804 9.292437559711183e-08
49750.04800076804 1.5339963878395233e-07
49800.04800076804 8.17027188775318e-08
49850.04800076804 1.8125692935423905e-07
49900.04800076804 1.3187839210529245e-07
49950.04800076804 1.4157696565751076e-07
50000.04800076804 1.4340709042740728e-07
50050.04800076804 1.5013954946295568e-07
50100.04800076804 1.5514063530171816e-07
50150.04800076804 7.046076917938277e-08
50200.04800076804 3.131113167449639e-08
50250.04800076804 1.1163197503315978e-07
50300.04800076804 8.110646221181514e-08
50350.04800076804 1.4021610699600447e-07
50400.04800076804 1.3142769430261695e-07
50450.04800076804 1.197092177433096e-07
50500.04800076804 1.6937750560262882e-07
50550.04800076804 1.4322957244217754e-07
50600.04800076804 1.3767017734784405e-07
50650.04800076804 1.4516779902561235e-07
50700.04800076804 2.024552616346164e-07
50750.04800076804 1.5839242549241388e-07
50800.04800076804 6.708669224052932e-08
50850.04800076804 5.237310514518333e-08
50900.04800076804 1.6255294254085527e-07
50950.04800076804 1.578598805080172e-07
51000.04800076804 1.2207003927888736e-07
51050.04800076804 1.4083100646491994e-07
51100.04800076804 5.6633446362790774e-08
51150.04800076804 9.172415989587501e-08
51200.04800076804 1.9491391321252186e-07
51250.04800076804 1.3868755833453989e-07
51300.04800076804 9.792513990938164e-08
51350.04800076804 1.1908730050543271e-07
51400.04800076804 5.951862730803158e-08
51450.04800076804 5.0946244968675935e-08
51500.04800076804 4.496119615087628e-08
51550.04800076804 1.1585586065547681e-07
51600.04800076804 8.80782470032314e-08
51650.04800076804 1.2192625334319347e-07
51700.04800076804 1.2255895616084844e-07
51750.04800076804 7.735939447699612e-08
51800.04800076804 1.6463538260643782e-07
51850.04800076804 1.3353440214116414e-07
51900.04800076804 1.748971131294694e-07
51950.04800076804 1.1685635568419894e-07
52000.04800076804 2.4098163568300617e-08
52050.04800076804 6.981995314108647e-08
52100.04800076804 5.4321859396983206e-08
52150.04800076804 3.663815182222529e-08
52200.04800076804 5.2497981525714415e-08
52250.04800076804 8.935114221048884e-08
52300.04800076804 1.4972222506309328e-07
52350.04800076804 6.594757015927257e-08
52400.04800076804 5.959891110100218e-08
52450.04800076804 1.3533682752473503e-07
52500.04800076804 1.2333849834361813e-07
52550.04800076804 1.1938719291703711e-07
52600.04800076804 9.047677881825459e-08
52650.04800076804 9.520259196086246e-08
52700.04800076804 8.134627477593526e-08
52750.04800076804 5.124426776632726e-08
52800.04800076804 6.16076998309663e-08
52850.04800076804 7.773305821275097e-08
52900.04800076804 4.7976464937483845e-08
52950.04800076804 5.72579398400528e-08
53000.04800076804 1.2835784300390477e-07
53050.04800076804 4.182812554639235e-08
53100.04800076804 1.250548554199947e-07
53150.04800076804 1.5201738262065793e-07
53200.04800076804 6.132319515424512e-08
53250.04800076804 1.3783810683188483e-07
53300.04800076804 1.428804483074963e-07
53350.04800076804 1.3853333732586834e-07
53400.04800076804 1.1801108709619734e-07
53450.04800076804 3.804953832603944e-08
53500.04800076804 1.6657585017535385e-08
53550.04800076804 3.2668148655990475e-08
53600.04800076804 7.536644861021283e-08
53650.04800076804 6.904126867630746e-08
53700.04800076804 5.808037698599416e-08
53750.04800076804 5.6784322321503813e-08
53800.04800076804 5.5028172165857366e-08
53850.04800076804 8.184788551373304e-08
53900.04800076804 9.6219951883109e-08
53950.04800076804 1.1833550167883696e-07
54000.04800076804 7.428895648365103e-08
54050.04800076804 8.29986918948894e-08
54100.04800076804 2.6131532258153754e-08
54150.04800076804 4.159393927171985e-08
54200.04800076804 1.2158133764646279e-08
54250.04800076804 2.2641884282608458e-08
54300.04800076804 5.0421437156786946e-08
54350.04800076804 7.175322613998423e-08
54400.04800076804 6.643623895401084e-08
54450.04800076804 5.6141470130442555e-08
54500.04800076804 4.748195817196379e-08
54550.04800076804 4.47415887002643e-08
54600.04800076804 5.0814566759783924e-08
54650.04800076804 1.5110419230713374e-08
54700.04800076804 6.052089079489912e-08
54750.04800076804 5.619513946342268e-08
54800.04800076804 3.380554557360587e-08
54850.04800076804 4.862443983872378e-08
54900.04800076804 7.366660433981609e-08
54950.04800076804 1.0718072952561445e-07
55000.04800076804 3.3026050535148306e-08
55050.04800076804 6.09420226103386e-08
55100.04800076804 6.339028944434761e-08
55150.04800076804 3.819555255854515e-08
55200.04800076804 3.544101484161554e-08
55250.04800076804 4.8933520810676234e-08
55300.04800076804 3.134771504494298e-08
55350.04800076804 6.559953989972512e-08
55400.04800076804 7.838736450819929e-08
55450.04800076804 4.509659628220919e-08
55500.04800076804 1.9608590384308178e-08
55550.04800076804 2.478130037901196e-08
55600.04800076804 3.218305412879121e-08
55650.04800076804 3.0009243895340615e-08
55700.04800076804 3.461817471368424e-08
55750.04800076804 3.428541281038395e-08
55800.04800076804 1.829661997350955e-08
55850.04800076804 2.1954168617954048e-08
55900.04800076804 5.254753184723991e-08
55950.04800076804 7.325699204772486e-08
56000.04800076804 2.7511919017580955e-08
56050.04800076804 3.7128774581304096e-08
56100.04800076804 5.31927643091835e-08
56150.04800076804 2.8672912697573603e-08
56200.04800076804 3.809149470653157e-08
56250.04800076804 5.510088853239129e-08
56300.04800076804 4.3296295473028214e-08
56350.04800076804 3.537881215745234e-08
56400.04800076804 1.55983949535915e-08
56450.04800076804 1.4489354760367875e-08
56500.04800076804 2.994742638043154e-08
56550.04800076804 1.5423707093417794e-08
56600.04800076804 4.914900265168292e-08
56650.04800076804 5.274832205587701e-08
56700.04800076804 4.699038023884805e-08
56750.04800076804 1.6724211257225893e-08
56800.04800076804 4.2223893273720044e-08
56850.04800076804 4.056761066549845e-08
56900.04800076804 2.3361292626168402e-08
56950.04800076804 4.780003553813947e-08
57000.04800076804 5.8953917977660155e-08
57050.04800076804 2.8997171771228124e-08
57100.04800076804 1.0935685104453643e-08
57150.04800076804 1.8731023536624973e-08
57200.04800076804 1.5928613535367507e-08
57250.04800076804 2.242864227346297e-08
57300.04800076804 3.6388486511702944e-08
57350.04800076804 1.770873450698678e-08
57400.04800076804 4.153690884909378e-08
57450.04800076804 2.6271694500397615e-08
57500.04800076804 2.6494547670573427e-08
57550.04800076804 3.789526150769708e-08
57600.04800076804 3.618945671467494e-08
57650.04800076804 9.024056963757818e-09
57700.04800076804 1.5139223307107722e-08
57750.04800076804 2.4615459768374073e-08
57800.04800076804 9.831366430566388e-09
57850.04800076804 6.812453774187676e-08
57900.04800076804 7.72349507466807e-08
57950.04800076804 7.607805438507216e-08
58000.04800076804 2.6519025216091656e-08
58050.04800076804 4.3573608815850466e-08
58100.04800076804 4.6699718070609226e-08
58150.04800076804 2.922259605967905e-08
58200.04800076804 9.706234837473474e-09
58250.04800076804 1.4492903417949381e-08
58300.04800076804 1.4691665958876252e-08
58350.04800076804 1.931822853349888e-08
58400.04800076804 3.8048306349339975e-08
58450.04800076804 4.2475541406200545e-08
58500.04800076804 4.028537453313518e-08
58550.04800076804 3.9440217339320976e-08
58600.04800076804 1.7055383091443615e-08
58650.04800076804 2.190682745218745e-08
58700.04800076804 2.9081351812797272e-08
58750.04800076804 2.6253295287532304e-08
58800.04800076804 6.167276071351571e-09
58850.04800076804 2.0039170301076924e-08
58900.04800076804 2.8735991230657647e-08
58950.04800076804 1.2799568123349405e-08
59000.04800076804 2.9804288880885346e-08
59050.04800076804 4.1352235078031234e-08
59100.04800076804 4.262494455524797e-08
59150.04800076804 3.04842914714417e-08
59200.04800076804 3.509187968332585e-08
59250.04800076804 3.7373712068071586e-08
59300.04800076804 3.0258205194507916e-08
59350.04800076804 8.310232508368933e-09
59400.04800076804 7.677956069551541e-09
59450.04800076804 3.145971680084572e-08
59500.04800076804 1.600040790051128e-08
59550.04800076804 3.676099401839895e-08
59600.04800076804 4.43449387981726e-08
59650.04800076804 2.4350885142669935e-08
59700.04800076804 1.6921693966945412e-08
59750.04800076804 5.183997581309278e-08
59800.04800076804 2.393605321805363e-08
59850.04800076804 3.540927627058905e-08
59900.04800076804 1.2844784286875297e-08
59950.04800076804 2.8392071186618044e-08
60000.04800076804 6.090618701481068e-08
60050.04800076804 5.4252881709297794e-08
60100.04800076804 4.7988441994637085e-08
60150.04800076804 2.3333842732341174e-08
60200.04800076804 4.1606677041793733e-08
60250.04800076804 6.163586211753483e-08
60300.04800076804 5.406079515236552e-08
60350.04800076804 3.397791138000467e-08
60400.04800076804 3.712941085672155e-08
60450.04800076804 1.1483488571669294e-08
60500.04800076804 5.032933812966263e-09
60550.04800076804 3.384947402033595e-08
60600.04800076804 4.142869647898293e-08
60650.04800076804 2.7360440249677552e-08
60700.04800076804 1.947285753104093e-08
60750.04800076804 1.1348100131605448e-08
60800.04800076804 3.935340869689058e-08
60850.04800076804 7.471649721426124e-08
60900.04800076804 6.765225029778491e-08
60950.04800076804 5.3738150129824776e-08
61000.04800076804 4.377171595238172e-08
61050.04800076804 2.0290037415597103e-08
61100.04800076804 2.687023221133324e-08
61150.04800076804 9.487136281252873e-09
61200.04800076804 4.279586549328345e-08
61250.04800076804 5.792396400865461e-08
61300.04800076804 5.2351926781095476e-08
61350.04800076804 7.791239920252168e-08
61400.04800076804 3.3307258880003134e-08
61450.04800076804 1.3472914020767572e-08
61500.04800076804 2.03634075884999e-08
61550.04800076804 3.063728642037925e-08
61600.04800076804 1.520649531303778e-08
61650.04800076804 3.2253965399745544e-08
61700.04800076804 3.1337800816612555e-08
61750.04800076804 3.588507311033215e-08
61800.04800076804 3.3982434773606684e-08
61850.04800076804 1.420653849679054e-08
61900.04800076804 5.47181059846576e-08
61950.04800076804 5.623178576811562e-08
62000.04800076804 6.647801625575584e-08
62050.04800076804 6.018742015772224e-08
62100.04800076804 4.642960187495637e-08
62150.04800076804 6.426526881353856e-08
62200.04800076804 5.528145506477755e-08
62250.04800076804 4.6505895390540776e-08
62300.04800076804 9.21682148322008e-08
62350.04800076804 7.053652297560391e-08
62400.04800076804 2.9910731461462675e-08
62450.04800076804 4.901401446976541e-08
62500.04800076804 8.474325488904855e-08
62550.04800076804 8.183015130749303e-08
62600.04800076804 8.484564324311077e-08
62650.04800076804 6.120545716403804e-08
62700.04800076804 5.732036685317589e-08
62750.04800076804 8.122147835466553e-08
62800.04800076804 4.580079198347574e-08
62850.04800076804 7.286377794626537e-08
62900.04800076804 4.93238002322745e-08
62950.04800076804 8.890894517075117e-08
63000.04800076804 6.442074923694583e-08
63050.04800076804 1.0737607414367849e-07
63100.04800076804 9.723989219308513e-08
63150.04800076804 6.979473994587483e-08
63200.04800076804 7.987421329430461e-08
63250.04800076804 6.404759435372948e-08
63300.04800076804 6.709073981168345e-08
63350.04800076804 6.126081650950512e-08
63400.04800076804 2.6340035068118228e-08
