galfind/configs/Brown_Dwarf_templates/sonora_cholla/logkzz4/178g/800K_178g_logkzz4_resample.dat
# %ECSV 1.0
# ---
# datatype:
# - {name: wav, unit: Angstrom, datatype: float64}
# - {name: flux_nu, unit: erg / (cm2 Hz s), datatype: float64}
# schema: astropy-2.0
wav flux_nu
[from data line 814]
43700.04800076804 3.4440691564063524e-07
43750.04800076804 3.260306039908997e-07
43800.04800076804 2.564721960946523e-07
43850.04800076804 2.600456793771027e-07
43900.04800076804 2.1974338271955578e-07
43950.04800076804 1.8408797282710237e-07
44000.04800076804 1.268077076094332e-07
44050.04800076804 2.2966517502160647e-07
44100.04800076804 2.5192458359768545e-07
44150.04800076804 2.4609847976266905e-07
44200.04800076804 2.107379259180994e-07
44250.04800076804 1.7423863536342203e-07
44300.04800076804 1.540579345036135e-07
44350.04800076804 1.360100958984317e-07
44400.04800076804 1.4010377855669007e-07
44450.04800076804 1.4993697875958013e-07
44500.04800076804 1.2027088348451807e-07
44550.04800076804 1.4423769234258766e-07
44600.04800076804 1.1096531311088404e-07
44650.04800076804 1.2983016606636298e-07
44700.04800076804 1.1037948054398982e-07
44750.04800076804 1.1798698301379207e-07
44800.04800076804 1.010930824580376e-07
44850.04800076804 1.0060727329401327e-07
44900.04800076804 7.587982974543668e-08
44950.04800076804 7.20682979205435e-08
45000.04800076804 7.707636393941712e-08
45050.04800076804 8.041566956790118e-08
45100.04800076804 7.445647579530371e-08
45150.04800076804 6.520485835017325e-08
45200.04800076804 4.444852117980859e-08
45250.04800076804 5.088170153573864e-08
45300.04800076804 6.119500954301578e-08
45350.04800076804 5.8698514721451206e-08
45400.04800076804 4.397317240456101e-08
45450.04800076804 4.261647721401163e-08
45500.04800076804 4.5742226328820115e-08
45550.04800076804 5.521204788809869e-08
45600.04800076804 4.0561745042335307e-08
45650.04800076804 3.954648189001479e-08
45700.04800076804 5.2089144609430085e-08
45750.04800076804 4.3236592834669384e-08
45800.04800076804 3.407808852044898e-08
45850.04800076804 5.7569979252102564e-08
45900.04800076804 5.696023578253019e-08
45950.04800076804 3.4532203470165996e-08
46000.04800076804 5.2456003202476054e-08
46050.04800076804 5.845695973088895e-08
46100.04800076804 3.540085627610395e-08
46150.04800076804 5.826357725571575e-08
46200.04800076804 5.5174568953213865e-08
46250.04800076804 2.513690198924808e-08
46300.04800076804 6.825219489698298e-08
46350.04800076804 4.788047647019636e-08
46400.04800076804 5.813282067823461e-08
46450.04800076804 8.361613767901421e-08
46500.04800076804 5.43036485579961e-08
46550.04800076804 8.25849132200464e-08
46600.04800076804 8.348704080514324e-08
46650.04800076804 1.6137270700155726e-07
46700.04800076804 1.0682170160891582e-07
46750.04800076804 7.514625288344921e-08
46800.04800076804 5.1290611839428746e-08
46850.04800076804 8.781959067389372e-08
46900.04800076804 7.207762708331846e-08
46950.04800076804 1.0683484153370812e-07
47000.04800076804 4.881344140938807e-08
47050.04800076804 1.0604499035377165e-07
47100.04800076804 3.9487949837037816e-08
47150.04800076804 5.855606503690729e-08
47200.04800076804 7.254257734320031e-08
47250.04800076804 4.494986255370734e-08
47300.04800076804 5.5764087305209734e-08
47350.04800076804 3.971849603116664e-08
47400.04800076804 8.542658094486742e-08
47450.04800076804 3.828757004397863e-08
47500.04800076804 9.578168872611307e-08
47550.04800076804 4.227051389787254e-08
47600.04800076804 8.844325639608054e-08
47650.04800076804 4.42832528560357e-08
47700.04800076804 8.437136653752525e-08
47750.04800076804 3.6544920086676843e-08
47800.04800076804 7.430801430941897e-08
47850.04800076804 3.6773387471118814e-08
47900.04800076804 6.303467332643942e-08
47950.04800076804 5.1697115074787646e-08
48000.04800076804 1.0615191606014734e-07
48050.04800076804 6.404397765814401e-08
48100.04800076804 8.473118578618578e-08
48150.04800076804 6.353595110803747e-08
48200.04800076804 9.67681807363904e-08
48250.04800076804 6.599617614169163e-08
48300.04800076804 1.2979692600124292e-07
48350.04800076804 6.227124405090479e-08
48400.04800076804 7.130868429078524e-08
48450.04800076804 5.9441024407609404e-08
48500.04800076804 1.2002822075592958e-07
48550.04800076804 5.4663878861774285e-08
48600.04800076804 1.0887571979692321e-07
48650.04800076804 6.245884871387818e-08
48700.04800076804 1.2604684764435937e-07
48750.04800076804 6.914887381706478e-08
48800.04800076804 1.254818351571127e-07
48850.04800076804 8.494983464399457e-08
48900.04800076804 1.23490952067746e-07
48950.04800076804 1.0833270383720075e-07
49000.04800076804 8.388601989655141e-08
49050.04800076804 1.2555402720381723e-07
49100.04800076804 8.569547850268539e-08
49150.04800076804 1.5047379919745223e-07
49200.04800076804 9.399768499398666e-08
49250.04800076804 1.5690158203822316e-07
49300.04800076804 1.0243293636299487e-07
49350.04800076804 9.723020456302258e-08
49400.04800076804 1.2097406239306526e-07
49450.04800076804 1.2306825632545608e-07
49500.04800076804 1.0549234408105943e-07
49550.04800076804 4.840852483870361e-08
49600.04800076804 1.0989004075675476e-07
49650.04800076804 1.092368625428211e-07
49700.04800076804 1.0311859033017405e-07
49750.04800076804 1.759101582566905e-07
49800.04800076804 9.405461474180106e-08
49850.04800076804 2.0422206071799083e-07
49900.04800076804 1.4680290723257587e-07
49950.04800076804 1.5926534736827815e-07
50000.04800076804 1.6541393483765852e-07
50050.04800076804 1.677146963685584e-07
50100.04800076804 1.8422330604887139e-07
50150.04800076804 8.491944676349031e-08
50200.04800076804 4.327579291379923e-08
50250.04800076804 1.3896430415740603e-07
50300.04800076804 1.0066561050140159e-07
50350.04800076804 1.6121425939103135e-07
50400.04800076804 1.4754506924932703e-07
50450.04800076804 1.394053949732534e-07
50500.04800076804 1.9340017135299728e-07
50550.04800076804 1.5977008440181892e-07
50600.04800076804 1.6228895662602988e-07
50650.04800076804 1.6260566399327302e-07
50700.04800076804 2.3150760251881718e-07
50750.04800076804 1.9075458480228924e-07
50800.04800076804 8.276272777912426e-08
50850.04800076804 7.1347905492972e-08
50900.04800076804 1.9167635421153297e-07
50950.04800076804 1.8771595653707065e-07
51000.04800076804 1.4979737338928399e-07
51050.04800076804 1.6361697769055597e-07
51100.04800076804 7.255271306025102e-08
51150.04800076804 1.1498759710521709e-07
51200.04800076804 2.2192574827046253e-07
51250.04800076804 1.6601616235452927e-07
51300.04800076804 1.1376311592359594e-07
51350.04800076804 1.4330624417985883e-07
51400.04800076804 7.857977484858747e-08
51450.04800076804 6.784915089232216e-08
51500.04800076804 6.03222495700334e-08
51550.04800076804 1.4526081531676603e-07
51600.04800076804 1.068844052451343e-07
51650.04800076804 1.4729161359709194e-07
51700.04800076804 1.4896367441055938e-07
51750.04800076804 9.521945374108948e-08
51800.04800076804 1.9884920881888114e-07
51850.04800076804 1.600620204791495e-07
51900.04800076804 2.1073902202882087e-07
51950.04800076804 1.482499236269612e-07
52000.04800076804 3.4723602026891806e-08
52050.04800076804 9.082083455948314e-08
52100.04800076804 7.358710446014615e-08
52150.04800076804 5.1897539500039575e-08
52200.04800076804 6.730748628853425e-08
52250.04800076804 1.09019230767912e-07
52300.04800076804 1.847844153619259e-07
52350.04800076804 9.001626722223337e-08
52400.04800076804 7.818498357260294e-08
52450.04800076804 1.6348062514974489e-07
52500.04800076804 1.4964303932313044e-07
52550.04800076804 1.4615870319690743e-07
52600.04800076804 1.1055464397115855e-07
52650.04800076804 1.184873696852664e-07
52700.04800076804 1.0169261925434084e-07
52750.04800076804 6.813649128500852e-08
52800.04800076804 7.94156143020576e-08
52850.04800076804 9.84800999909515e-08
52900.04800076804 6.473964495075884e-08
52950.04800076804 7.40723550130908e-08
53000.04800076804 1.6151602506063661e-07
53050.04800076804 5.520569951827577e-08
53100.04800076804 1.5237113359762636e-07
53150.04800076804 1.8546975932090037e-07
53200.04800076804 7.718842570538252e-08
53250.04800076804 1.678673557756419e-07
53300.04800076804 1.7347102378427128e-07
53350.04800076804 1.6707277285497793e-07
53400.04800076804 1.508496334505643e-07
53450.04800076804 5.2618015738352846e-08
53500.04800076804 2.5395052257974492e-08
53550.04800076804 4.774677704879653e-08
53600.04800076804 9.721849017201415e-08
53650.04800076804 8.740453862337566e-08
53700.04800076804 7.486742729853191e-08
53750.04800076804 7.391934735682037e-08
53800.04800076804 7.227288821208947e-08
53850.04800076804 1.0513249251988946e-07
53900.04800076804 1.1500674790653857e-07
53950.04800076804 1.4641465530344632e-07
54000.04800076804 9.32675283788908e-08
54050.04800076804 1.0350048071537226e-07
54100.04800076804 3.607571311379975e-08
54150.04800076804 5.687985019183329e-08
54200.04800076804 1.893352278828392e-08
54250.04800076804 3.16822327009231e-08
54300.04800076804 6.596070316907497e-08
54350.04800076804 9.288795992887294e-08
54400.04800076804 8.859117193408937e-08
54450.04800076804 7.359157445328971e-08
54500.04800076804 6.329040722277655e-08
54550.04800076804 5.8363668590607896e-08
54600.04800076804 6.903158747082185e-08
54650.04800076804 2.3728399345839156e-08
54700.04800076804 8.267321295444991e-08
54750.04800076804 7.653805984966367e-08
54800.04800076804 4.768214235324905e-08
54850.04800076804 6.578917424510852e-08
54900.04800076804 9.587721704122383e-08
54950.04800076804 1.3676619151387437e-07
55000.04800076804 4.490039874179302e-08
55050.04800076804 8.057880345479654e-08
55100.04800076804 8.028163196259719e-08
55150.04800076804 5.1722738515463344e-08
55200.04800076804 4.938084259446562e-08
55250.04800076804 6.544371877693436e-08
55300.04800076804 4.288251358912766e-08
55350.04800076804 8.530820228217914e-08
55400.04800076804 1.034862780305468e-07
55450.04800076804 6.148343905715249e-08
55500.04800076804 2.800290723949161e-08
55550.04800076804 3.693784144456561e-08
55600.04800076804 4.3530565220956675e-08
55650.04800076804 4.0735047903083955e-08
55700.04800076804 4.814290531130517e-08
55750.04800076804 4.928279949404894e-08
55800.04800076804 2.8299514342854147e-08
55850.04800076804 3.138856050231598e-08
55900.04800076804 7.108541428359415e-08
55950.04800076804 9.681411249903776e-08
56000.04800076804 3.833728916591905e-08
56050.04800076804 5.183143106909408e-08
56100.04800076804 7.150080378490647e-08
56150.04800076804 4.143633404721062e-08
56200.04800076804 5.284980335986222e-08
56250.04800076804 7.101771204533308e-08
56300.04800076804 5.996815771176284e-08
56350.04800076804 5.179602298556178e-08
56400.04800076804 2.5065544263362314e-08
56450.04800076804 2.291929632516193e-08
56500.04800076804 4.124474074615844e-08
56550.04800076804 2.2772193240281514e-08
56600.04800076804 6.657699433368287e-08
56650.04800076804 6.893313107538054e-08
56700.04800076804 6.518479881820313e-08
56750.04800076804 2.5127632396338793e-08
56800.04800076804 6.116506257957064e-08
56850.04800076804 5.5373865255460184e-08
56900.04800076804 3.347166234946453e-08
56950.04800076804 6.576661298433131e-08
57000.04800076804 7.887126247090106e-08
57050.04800076804 4.123784896350539e-08
57100.04800076804 1.6750202310935253e-08
57150.04800076804 2.817406636865307e-08
57200.04800076804 2.3784866882371954e-08
57250.04800076804 3.317719637500538e-08
57300.04800076804 5.195646854037929e-08
57350.04800076804 2.6215549352124738e-08
57400.04800076804 5.6686938713569496e-08
57450.04800076804 3.906676898078477e-08
57500.04800076804 3.904054085511365e-08
57550.04800076804 5.491956088563413e-08
57600.04800076804 5.379804545068949e-08
57650.04800076804 1.465488165045585e-08
57700.04800076804 2.3329992036747808e-08
57750.04800076804 3.550910387806607e-08
57800.04800076804 1.4296426688424186e-08
57850.04800076804 9.079052480107232e-08
57900.04800076804 1.0288995508703388e-07
57950.04800076804 9.794311444700214e-08
58000.04800076804 3.7043232200177494e-08
58050.04800076804 5.8728737116643857e-08
58100.04800076804 6.567087353660915e-08
58150.04800076804 4.172479653392322e-08
58200.04800076804 1.599409578521196e-08
58250.04800076804 2.2504407347922014e-08
58300.04800076804 2.1956021983973622e-08
58350.04800076804 2.889061318006132e-08
58400.04800076804 5.223620843729498e-08
58450.04800076804 5.7195253253398014e-08
58500.04800076804 5.346558661792724e-08
58550.04800076804 5.487892988639083e-08
58600.04800076804 2.5033746603380098e-08
58650.04800076804 3.2246719877153985e-08
58700.04800076804 4.086614684815942e-08
58750.04800076804 3.941660405206373e-08
58800.04800076804 1.072208860376268e-08
58850.04800076804 3.0464384590889e-08
58900.04800076804 4.3430956158138404e-08
58950.04800076804 2.0494455907074425e-08
59000.04800076804 4.4263337216830974e-08
59050.04800076804 5.735328233216081e-08
59100.04800076804 6.175257756627253e-08
59150.04800076804 4.346713126936714e-08
59200.04800076804 4.923418915982281e-08
59250.04800076804 5.2861130913724405e-08
59300.04800076804 4.425200049936585e-08
59350.04800076804 1.4087350629824687e-08
59400.04800076804 1.2149491841041817e-08
59450.04800076804 4.487099626121944e-08
59500.04800076804 2.3128647461306155e-08
59550.04800076804 5.2055834113853066e-08
59600.04800076804 6.005051830532422e-08
59650.04800076804 3.7229609633258435e-08
59700.04800076804 2.5543492591872905e-08
59750.04800076804 7.265339479894437e-08
59800.04800076804 3.5067918368445145e-08
59850.04800076804 5.205721063486877e-08
59900.04800076804 1.993115838829347e-08
59950.04800076804 4.110734183193144e-08
60000.04800076804 8.353221003980195e-08
60050.04800076804 7.32506717029704e-08
60100.04800076804 6.796259289106144e-08
60150.04800076804 3.558461287497496e-08
60200.04800076804 5.7249720357457595e-08
60250.04800076804 8.096059355090496e-08
60300.04800076804 7.249857760279078e-08
60350.04800076804 4.682579907455827e-08
60400.04800076804 5.3452422078350604e-08
60450.04800076804 1.8619196943947965e-08
60500.04800076804 8.873797920966179e-09
60550.04800076804 5.072652067745374e-08
60600.04800076804 5.8147942300543906e-08
60650.04800076804 4.0550700966781774e-08
60700.04800076804 2.9661907421322117e-08
60750.04800076804 1.858532288056863e-08
60800.04800076804 5.6537271598810044e-08
60850.04800076804 1.0066739616273786e-07
60900.04800076804 9.150344319442133e-08
60950.04800076804 7.488744788303728e-08
61000.04800076804 5.8129914287675356e-08
61050.04800076804 3.035595660014773e-08
61100.04800076804 4.107899698482594e-08
61150.04800076804 1.5145209056518516e-08
61200.04800076804 6.238209402870423e-08
61250.04800076804 8.193803021683208e-08
61300.04800076804 7.357518148193578e-08
61350.04800076804 1.0369515241023893e-07
61400.04800076804 4.9695770445152246e-08
61450.04800076804 2.221074754061233e-08
61500.04800076804 3.2970821325732956e-08
61550.04800076804 4.2701638115999426e-08
61600.04800076804 2.384581690770232e-08
61650.04800076804 4.72781164460829e-08
61700.04800076804 4.337287198258872e-08
61750.04800076804 5.0362187234566824e-08
61800.04800076804 5.1007922888392406e-08
61850.04800076804 2.325922951265946e-08
61900.04800076804 7.655436384628801e-08
61950.04800076804 7.642420462026676e-08
62000.04800076804 8.768765841896538e-08
62050.04800076804 7.660914855229537e-08
62100.04800076804 6.618243561558647e-08
62150.04800076804 8.586897202287128e-08
62200.04800076804 7.325408449264225e-08
62250.04800076804 6.482263945278191e-08
62300.04800076804 1.1810668373621302e-07
62350.04800076804 9.027522386457899e-08
62400.04800076804 4.0487918544992935e-08
62450.04800076804 6.595906800640883e-08
62500.04800076804 1.0800769056464308e-07
62550.04800076804 1.0332854949149803e-07
62600.04800076804 1.1000806592562179e-07
62650.04800076804 8.002391495157657e-08
62700.04800076804 7.910474291878237e-08
62750.04800076804 1.0792366114345884e-07
62800.04800076804 6.092192305237792e-08
62850.04800076804 9.45400888047932e-08
62900.04800076804 6.492242939631131e-08
62950.04800076804 1.11017110008978e-07
63000.04800076804 8.394347714380276e-08
63050.04800076804 1.311350598477186e-07
63100.04800076804 1.194229995373066e-07
63150.04800076804 8.707244139149144e-08
63200.04800076804 1.0367746750153699e-07
63250.04800076804 7.982536617106146e-08
63300.04800076804 9.146092852431705e-08
63350.04800076804 8.424039501605426e-08
63400.04800076804 3.9177101008296353e-08
