galfind/configs/Brown_Dwarf_templates/sonora_cholla/logkzz4/178g/850K_178g_logkzz4_resample.dat
# %ECSV 1.0
# ---
# datatype:
# - {name: wav, unit: Angstrom, datatype: float64}
# - {name: flux_nu, unit: erg / (cm2 Hz s), datatype: float64}
# schema: astropy-2.0
wav flux_nu
[from data line 775]
48750.000000000095 8.399400034479625e-08
48800.000000000095 1.491180468533525e-07
48850.000000000095 1.018360439278563e-07
48900.000000000095 1.4998005557148205e-07
48950.000000000095 1.302695896841935e-07
49000.000000000095 1.0209963608305125e-07
49050.000000000095 1.4850101615698424e-07
49100.000000000095 1.0038148490050297e-07
49150.000000000095 1.7649969471394737e-07
49200.000000000095 1.1202897137532553e-07
49250.000000000095 1.81993500838278e-07
49300.000000000095 1.2221880597635068e-07
49350.000000000095 1.1857512743152649e-07
49400.000000000095 1.4499838546546928e-07
49450.000000000095 1.463659235854429e-07
49500.000000000095 1.2821178817863068e-07
49550.000000000095 6.42020807776634e-08
49600.000000000095 1.3471448372684284e-07
49650.000000000095 1.3050099328272158e-07
49700.000000000095 1.1900619663383013e-07
49750.000000000095 2.0506971306753292e-07
49800.000000000095 1.1297863365007772e-07
49850.000000000095 2.3561675250102016e-07
49900.000000000095 1.709290554140717e-07
49950.000000000095 1.8328271906465532e-07
50000.000000000095 1.9493615270793506e-07
50050.000000000095 1.9376217030859022e-07
50100.000000000095 2.1881927568242884e-07
50150.000000000095 1.0421477042562487e-07
50200.000000000095 5.908291600915483e-08
50250.000000000095 1.7359480899506734e-07
50300.000000000095 1.2471888595519604e-07
50350.000000000095 1.891952665018745e-07
50400.000000000095 1.715592289423616e-07
50450.000000000095 1.6419786073755438e-07
50500.000000000095 2.214532981032697e-07
50550.000000000095 1.819835345942286e-07
50600.000000000095 1.913787802214445e-07
50650.000000000095 1.8684320554898855e-07
50700.000000000095 2.6602996775308444e-07
50750.000000000095 2.2841423081679584e-07
50800.000000000095 1.0299080322975394e-07
50850.000000000095 9.532563647935601e-08
50900.000000000095 2.2544387378177264e-07
50950.000000000095 2.216334778294638e-07
51000.000000000095 1.820224249008024e-07
51050.000000000095 1.8983879367584846e-07
51100.000000000095 9.240463956121133e-08
51150.000000000095 1.424732243329815e-07
51200.000000000095 2.5442043126654015e-07
51250.000000000095 1.97138601054699e-07
51300.000000000095 1.341602554793342e-07
51350.000000000095 1.720704969493225e-07
51400.000000000095 1.0175719912341172e-07
51450.000000000095 8.89606286653739e-08
51500.000000000095 7.973583634304193e-08
51550.000000000095 1.7990815624324812e-07
51600.000000000095 1.296309078969239e-07
51650.000000000095 1.7701823893005673e-07
51700.000000000095 1.7940512015560172e-07
51750.000000000095 1.1598014761600932e-07
51800.000000000095 2.3718783971519552e-07
51850.000000000095 1.8909349587855203e-07
51900.000000000095 2.5067339262622345e-07
51950.000000000095 1.8513693517638728e-07
52000.000000000095 4.902702912488436e-08
52050.000000000095 1.1633538688782773e-07
52100.000000000095 9.797813549107632e-08
52150.000000000095 7.17503804227007e-08
52200.000000000095 8.473285642127659e-08
52250.000000000095 1.3114579434977455e-07
52300.000000000095 2.2276451410569347e-07
52350.000000000095 1.2048335891357594e-07
52400.000000000095 1.005366905542161e-07
52450.000000000095 1.9482878210623194e-07
52500.000000000095 1.7841877749787026e-07
52550.000000000095 1.7741775274818995e-07
52600.000000000095 1.3360277781221356e-07
52650.000000000095 1.4463629455366873e-07
52700.000000000095 1.2567967162089267e-07
52750.000000000095 8.954648995803958e-08
52800.000000000095 1.0097055714382886e-07
52850.000000000095 1.2345451026893308e-07
52900.000000000095 8.556141266522117e-08
52950.000000000095 9.448162956533688e-08
53000.000000000095 1.9975590343865298e-07
53050.000000000095 7.17546315466764e-08
53100.000000000095 1.8270580085496587e-07
53150.000000000095 2.2296668368978144e-07
53200.000000000095 9.651374418945354e-08
53250.000000000095 2.018296437121166e-07
53300.000000000095 2.070371349577791e-07
53350.000000000095 1.9863196199311825e-07
53400.000000000095 1.886835255531666e-07
53450.000000000095 7.137804248402836e-08
53500.000000000095 3.77730537388789e-08
53550.000000000095 6.801587814955682e-08
53600.000000000095 1.2331765199525363e-07
53650.000000000095 1.0985663715103448e-07
53700.000000000095 9.558924204365301e-08
53750.000000000095 9.526180375854812e-08
53800.000000000095 9.352429264144043e-08
53850.000000000095 1.3321950489390825e-07
53900.000000000095 1.3641982043726756e-07
53950.000000000095 1.7857564790516324e-07
54000.000000000095 1.1548375689231217e-07
54050.000000000095 1.2744735698523949e-07
54100.000000000095 4.914213202530748e-08
54150.000000000095 7.642435815256597e-08
54200.000000000095 2.8804142204838835e-08
54250.000000000095 4.3430036063339546e-08
54300.000000000095 8.477723737839225e-08
54350.000000000095 1.182221249765519e-07
54400.000000000095 1.1611088158048538e-07
54450.000000000095 9.407043051507142e-08
54500.000000000095 8.286903933065007e-08
54550.000000000095 7.515410733960904e-08
54600.000000000095 9.207926864168862e-08
54650.000000000095 3.585407688815971e-08
54700.000000000095 1.0972729755892835e-07
54750.000000000095 1.0215352292094618e-07
54800.000000000095 6.588623509856509e-08
54850.000000000095 8.743896177809971e-08
54900.000000000095 1.229171206417301e-07
54950.000000000095 1.7082485612605897e-07
55000.000000000095 6.0087158804532e-08
55050.000000000095 1.0482332397437802e-07
55100.000000000095 1.0028337088852748e-07
55150.000000000095 6.868717116491886e-08
55200.000000000095 6.722345515725426e-08
55250.000000000095 8.584333115310734e-08
55300.000000000095 5.775484724200663e-08
55350.000000000095 1.0837591981637826e-07
55400.000000000095 1.3364244596565896e-07
55450.000000000095 8.233439217285201e-08
55500.000000000095 3.930742536179295e-08
55550.000000000095 5.340402571311436e-08
55600.000000000095 5.754559631735067e-08
55650.000000000095 5.41766874243995e-08
55700.000000000095 6.527879888520124e-08
55750.000000000095 6.867566890602469e-08
55800.000000000095 4.22560968748189e-08
55850.000000000095 4.389006564881505e-08
55900.000000000095 9.400706024062492e-08
55950.000000000095 1.2462602852420833e-07
56000.000000000095 5.25763260163714e-08
56050.000000000095 7.079728311632294e-08
56100.000000000095 9.412248646612157e-08
56150.000000000095 5.825143463188477e-08
56200.000000000095 7.167277982238907e-08
56250.000000000095 8.932346977057804e-08
56300.000000000095 8.10285565313887e-08
56350.000000000095 7.324530328688629e-08
56400.000000000095 3.8737036534785146e-08
56450.000000000095 3.493874481742419e-08
56500.000000000095 5.480746250352989e-08
56550.000000000095 3.2817301412654635e-08
56600.000000000095 8.793699663525806e-08
56650.000000000095 8.804612060882839e-08
56700.000000000095 8.740726465118955e-08
56750.000000000095 3.665013353848045e-08
56800.000000000095 8.578566279117842e-08
56850.000000000095 7.393134372577237e-08
56900.000000000095 4.6588490361675654e-08
56950.000000000095 8.848612952823002e-08
57000.000000000095 1.030521219092307e-07
57050.000000000095 5.747041502337226e-08
57100.000000000095 2.5031980897004694e-08
57150.000000000095 4.1439465558094786e-08
57200.000000000095 3.451653121137545e-08
57250.000000000095 4.761275266563584e-08
57300.000000000095 7.244491677137493e-08
57350.000000000095 3.7628259785555684e-08
57400.000000000095 7.517792754036027e-08
57450.000000000095 5.615249364678696e-08
57500.000000000095 5.5523452836224925e-08
57550.000000000095 7.709917978704216e-08
57600.000000000095 7.733154266870451e-08
57650.000000000095 2.300892824853139e-08
57700.000000000095 3.482683601196663e-08
57750.000000000095 5.019255261488289e-08
57800.000000000095 2.050593887797871e-08
57850.000000000095 1.1784701142527552e-07
57900.000000000095 1.3348451019974676e-07
57950.000000000095 1.2304066224169676e-07
58000.000000000095 5.038238380583072e-08
58050.000000000095 7.760855282892544e-08
58100.000000000095 8.91721075904652e-08
58150.000000000095 5.824376503092749e-08
58200.000000000095 2.521572777742287e-08
58250.000000000095 3.430067261901347e-08
58300.000000000095 3.161492965772209e-08
58350.000000000095 4.199518563156294e-08
58400.000000000095 6.988375123215474e-08
58450.000000000095 7.49512265114964e-08
58500.000000000095 6.940143403061839e-08
58550.000000000095 7.38118697957629e-08
58600.000000000095 3.547871778251402e-08
58650.000000000095 4.597014960410557e-08
58700.000000000095 5.6019691575677153e-08
58750.000000000095 5.730429006735705e-08
58800.000000000095 1.7625374041246118e-08
58850.000000000095 4.4752028100881834e-08
58900.000000000095 6.326842305264385e-08
58950.000000000095 3.1661688928355445e-08
59000.000000000095 6.350772629668671e-08
59050.000000000095 7.687497643070691e-08
59100.000000000095 8.593884087222853e-08
59150.000000000095 5.968144388709951e-08
59200.000000000095 6.721851584252141e-08
59250.000000000095 7.281514760351332e-08
59300.000000000095 6.287777365214096e-08
59350.000000000095 2.2809243482168457e-08
59400.000000000095 1.8788842697993112e-08
59450.000000000095 6.190703595113341e-08
59500.000000000095 3.283083089161474e-08
59550.000000000095 7.102966456053039e-08
59600.000000000095 7.837744923948712e-08
59650.000000000095 5.5266190212182595e-08
59700.000000000095 3.7170764427271814e-08
59750.000000000095 9.80801240477133e-08
59800.000000000095 4.980225636864214e-08
59850.000000000095 7.35219707985953e-08
59900.000000000095 2.9737890877340355e-08
59950.000000000095 5.699942533226283e-08
60000.000000000095 1.1008940466916758e-07
60050.000000000095 9.59555303340155e-08
60100.000000000095 9.308688237940868e-08
60150.000000000095 5.2395179251457236e-08
60200.000000000095 7.632318621835248e-08
60250.000000000095 1.0324118102459901e-07
60300.000000000095 9.436073184545622e-08
60350.000000000095 6.283470120725523e-08
60400.000000000095 7.421528113400226e-08
60450.000000000095 2.8981633643605974e-08
60500.000000000095 1.4863261865276652e-08
60550.000000000095 7.290502877799025e-08
60600.000000000095 7.92478993022669e-08
60650.000000000095 5.803229682392248e-08
60700.000000000095 4.358769618131231e-08
60750.000000000095 2.9415842626917906e-08
60800.000000000095 7.816379640237137e-08
60850.000000000095 1.3104449705258052e-07
60900.000000000095 1.1947468979034594e-07
60950.000000000095 1.007712588081491e-07
61000.000000000095 7.511473015598633e-08
61050.000000000095 4.411379850052385e-08
61100.000000000095 6.013516178203028e-08
61150.000000000095 2.3064173779211985e-08
61200.000000000095 8.725077789306762e-08
61250.000000000095 1.114000821072659e-07
61300.000000000095 9.988146919446082e-08
61350.000000000095 1.3357420197993463e-07
61400.000000000095 7.169827197135294e-08
61450.000000000095 3.403656859938563e-08
61500.000000000095 4.9970763100878406e-08
61550.000000000095 5.8326141586363307e-08
61600.000000000095 3.593964096189082e-08
61650.000000000095 6.648914339412924e-08
61700.000000000095 5.7899756691953216e-08
61750.000000000095 6.818366500727727e-08
61800.000000000095 7.344871557744139e-08
61850.000000000095 3.646049212745758e-08
61900.000000000095 1.0279949884070901e-07
61950.000000000095 9.848834966932398e-08
62000.000000000095 1.1195908919274471e-07
62050.000000000095 9.436680085023876e-08
62100.000000000095 8.981472474458921e-08
62150.000000000095 1.1113636563425072e-07
62200.000000000095 9.44583354089785e-08
62250.000000000095 8.760033307178222e-08
62300.000000000095 1.466369821180708e-07
62350.000000000095 1.1186593212749182e-07
62400.000000000095 5.302147108445129e-08
62450.000000000095 8.654119810416904e-08
62500.000000000095 1.328316080274003e-07
62550.000000000095 1.2689974948685246e-07
62600.000000000095 1.3699300564159623e-07
62650.000000000095 1.0070271355951337e-07
62700.000000000095 1.053743072027046e-07
62750.000000000095 1.3944569810266366e-07
62800.000000000095 7.972105773553014e-08
62850.000000000095 1.1815302922743249e-07
62900.000000000095 8.343683854399934e-08
62950.000000000095 1.3431225143555205e-07
63000.000000000095 1.0593252743626939e-07
63050.000000000095 1.556716562128322e-07
63100.000000000095 1.4197262423948373e-07
63150.000000000095 1.0465727718533369e-07
63200.000000000095 1.3065237909806725e-07
63250.000000000095 9.546626242733972e-08
63300.000000000095 1.2006880828906443e-07
63350.000000000095 1.1154146342506295e-07
63400.000000000095 5.6190838429015145e-08
63450.000000000095 3.844577872699222e-08
63500.000000000095 9.42891960740663e-08
63550.000000000095 1.0132685061901727e-07
63600.000000000095 1.1151472219311606e-07
63650.000000000095 7.653099157303824e-08
63700.000000000095 4.1282709647997036e-08
63750.000000000095 6.99850375756743e-08
63800.000000000095 1.1223855822904596e-07
63850.000000000095 9.332097180948958e-08
63900.000000000095 4.9691230679853113e-08
63950.000000000095 8.928904516227541e-08
64000.000000000095 9.972702272731723e-08
64050.000000000095 5.814163729906456e-08
64100.000000000095 1.8506086094533262e-08
64150.000000000095 2.819270128741816e-08
64200.000000000095 3.139546795149461e-08
64250.000000000095 6.567393119859952e-08
64300.000000000095 4.8241445013966814e-08
64350.000000000095 3.935843129837606e-08
64400.000000000095 7.939032946942947e-08
64450.000000000095 8.692115156569218e-08
64500.000000000095 3.9466543069935866e-08
64550.000000000095 6.778732731651524e-08
64600.000000000095 3.19564201819509e-08
64650.000000000095 6.343592765815003e-08
64700.000000000095 2.9198428483561897e-08
64750.000000000095 4.283766634745851e-08
64800.000000000095 3.694989312051835e-08
64850.000000000095 2.839785404604299e-08
64900.000000000095 3.080685176314072e-08
64950.000000000095 3.0110420438119306e-08
65000.000000000095 4.0916004973686953e-08
65050.000000000095 4.8528530278822805e-08
65100.000000000095 6.870915245541526e-08
65150.000000000095 3.2709372780164015e-08
65200.000000000095 2.5943254106420628e-08
65250.000000000095 6.109164445634891e-08
65300.000000000095 4.668815948024465e-08
65350.000000000095 1.0474277856060239e-07
65400.000000000095 4.858675178527096e-08
65450.000000000095 5.100820577961451e-08
65500.000000000095 6.307404324030847e-08
65550.00000000009 3.3909893907194726e-08
65600.00000000009 5.471631126775639e-08
65650.00000000009 4.75138663231697e-08
65700.00000000009 4.4314530977249975e-08
65750.00000000009 3.153190372213077e-08
65800.00000000009 5.392394472580504e-08
65850.00000000009 6.771796471391363e-08
65900.00000000009 2.9720312270507348e-08
65950.00000000009 3.318364641955931e-08
66000.00000000009 4.6885606200476354e-08
66050.00000000009 9.532355495226402e-08
66100.00000000009 5.2852453684379286e-08
66150.00000000009 3.999148088872989e-08
66200.00000000009 3.9828111432008115e-08
66250.00000000009 3.468642122557159e-08
66300.00000000009 1.5441066444336014e-08
66350.00000000009 1.949378460234544e-08
66400.00000000009 3.1862106756990696e-08
66450.00000000009 6.389028370903761e-08
66500.00000000009 9.010849454932786e-08
66550.00000000009 8.905669054065815e-08
66600.00000000009 6.670770684733156e-08
66650.00000000009 5.161057403007933e-08
66700.00000000009 4.7734336449941086e-08
66750.00000000009 4.2759855500607004e-08
66800.00000000009 5.76647833492432e-08
66850.00000000009 3.6621712175319656e-08
66900.00000000009 8.368477295034586e-08
66950.00000000009 9.070329735052868e-08
67000.00000000009 8.586356935162795e-08
67050.00000000009 5.7232931779906964e-08
67100.00000000009 4.017131251739974e-08
67150.00000000009 4.209289554801434e-08
67200.00000000009 5.909273260548783e-08
67250.00000000009 5.814886697802275e-08
67300.00000000009 7.125077924890954e-08
67350.00000000009 4.150173739731115e-08
67400.00000000009 9.092390026581934e-08
67450.00000000009 6.392150670353163e-08
67500.00000000009 5.778879877691707e-08
67550.00000000009 8.21602608101531e-08
67600.00000000009 1.3704303818065508e-07
67650.00000000009 1.0100387637168325e-07
67700.00000000009 6.775949680777062e-08
67750.00000000009 5.33766601982212e-08
67800.00000000009 7.64919370439288e-08
67850.00000000009 3.953104022885433e-08
67900.00000000009 5.0725704579725183e-08
67950.00000000009 3.621469696223117e-08
68000.00000000009 6.104395771150043e-08
68050.00000000009 8.469419191998241e-08
