galfind/configs/Brown_Dwarf_templates/sonora_cholla/logkzz4/178g/850K_178g_logkzz4_resample.dat
# %ECSV 1.0
# ---
# datatype:
# - {name: wav, unit: Angstrom, datatype: float64}
# - {name: flux_nu, unit: erg / (cm2 Hz s), datatype: float64}
# schema: astropy-2.0
wav flux_nu
[from data line 387]
29350.000000000095 8.356737097026466e-08
29400.000000000095 3.343007636855767e-08
29450.000000000095 3.8090223259737115e-08
29500.000000000095 4.633969338532254e-08
29550.000000000095 3.507365856449971e-08
29600.000000000095 5.14832095815332e-08
29650.000000000095 4.901323529843698e-08
29700.000000000095 3.2974268663357136e-08
29750.000000000095 4.769336123376714e-08
29800.000000000095 5.4324559983604166e-08
29850.000000000095 6.38901412192816e-08
29900.000000000095 6.295343944597497e-08
29950.000000000095 4.918923914549773e-08
30000.000000000095 3.739895876780013e-08
30050.000000000095 3.6849598974128745e-08
30100.000000000095 5.08669435644845e-08
30150.000000000095 6.628648061870394e-08
30200.000000000095 4.6306155264515457e-08
30250.000000000095 7.585201575284292e-08
30300.000000000095 6.349185744429653e-08
30350.000000000095 5.162543145534565e-08
30400.000000000095 6.730598010254796e-08
30450.000000000095 4.999310623767634e-08
30500.000000000095 4.6924798290945574e-08
30550.000000000095 4.535800674531491e-08
30600.000000000095 6.01743240013853e-08
30650.000000000095 5.009274050416897e-08
30700.000000000095 4.275191136282196e-08
30750.000000000095 4.164808194848052e-08
30800.000000000095 3.7198998152858405e-08
30850.000000000095 3.813935397360509e-08
30900.000000000095 3.681474608665307e-08
30950.000000000095 2.3864438587716393e-08
31000.000000000095 2.975448081264277e-08
31050.000000000095 2.9898158615068645e-08
31100.000000000095 1.9506075443249317e-08
31150.000000000095 2.5145056081825274e-08
31200.000000000095 2.7657859630552105e-08
31250.000000000095 1.926569603673936e-08
31300.000000000095 1.7943898344083735e-08
31350.000000000095 1.8588477164703185e-08
31400.000000000095 1.1289012755117413e-08
31450.000000000095 1.8692522901734177e-08
31500.000000000095 1.09208926819286e-08
31550.000000000095 1.4601649365068531e-08
31600.000000000095 9.263084443715945e-09
31650.000000000095 9.54125103446243e-09
31700.000000000095 1.1606607441122593e-08
31750.000000000095 6.191002126293613e-09
31800.000000000095 1.0799096110674285e-08
31850.000000000095 7.051931006438767e-09
31900.000000000095 8.543816009743726e-09
31950.000000000095 6.854009868897533e-09
32000.000000000095 7.618496924817334e-09
32050.000000000095 5.5921877846207595e-09
32100.000000000095 5.187442817388452e-09
32150.000000000095 6.985030888692418e-09
32200.000000000095 4.570788268670583e-09
32250.000000000095 9.49090090219314e-09
32300.000000000095 3.732847298360714e-09
32350.000000000095 1.0246499739202156e-08
32400.000000000095 5.2240693740815825e-09
32450.000000000095 8.24264200600338e-09
32500.000000000095 5.964091182073194e-09
32550.000000000095 8.37031191525191e-09
32600.000000000095 7.94031720936633e-09
32650.000000000095 1.215037543908403e-08
32700.000000000095 9.403804544405351e-09
32750.000000000095 1.5188043397507825e-08
32800.000000000095 1.1143381738502229e-08
32850.000000000095 1.7973181451813293e-08
32900.000000000095 1.7790006483846337e-08
32950.000000000095 2.005867166935971e-08
33000.000000000095 1.4935058926200742e-08
33050.000000000095 1.5753724553895436e-08
33100.000000000095 6.658222489508469e-09
33150.000000000095 4.910214079674131e-10
33200.000000000095 9.158072414068135e-10
33250.000000000095 5.376583468353145e-10
33300.000000000095 8.839965282161543e-10
33350.000000000095 2.3891919628549987e-09
33400.000000000095 4.2999109590750475e-09
33450.000000000095 5.458150080424671e-09
33500.000000000095 9.185148445244837e-09
33550.000000000095 7.468065141155872e-09
33600.000000000095 1.198151696045076e-08
33650.000000000095 1.0451164220655381e-08
33700.000000000095 8.728972592560684e-09
33750.000000000095 1.4016845478042392e-08
33800.000000000095 6.948260626822224e-09
33850.000000000095 1.1147267180492283e-08
33900.000000000095 1.067548034013953e-08
33950.000000000095 1.1113551580291086e-08
34000.000000000095 1.4573882066757787e-08
34050.000000000095 5.322388350474887e-09
34100.000000000095 1.3125316537899508e-08
34150.000000000095 8.454711438128574e-09
34200.000000000095 1.2097826620303325e-08
34250.000000000095 9.316887438003565e-09
34300.000000000095 8.352267555418992e-09
34350.000000000095 1.3027690084138486e-08
34400.000000000095 8.670719981856664e-09
34450.000000000095 1.4734185211031358e-08
34500.000000000095 9.423598366039116e-09
34550.000000000095 7.081051193409964e-09
34600.000000000095 1.538321000416825e-08
34650.000000000095 7.302722156380259e-09
34700.000000000095 9.869654287721173e-09
34750.000000000095 9.284408617693754e-09
34800.000000000095 6.914380491833794e-09
34850.000000000095 1.2330273385473868e-08
34900.000000000095 1.2621486032435167e-08
34950.000000000095 1.1365984500265623e-08
35000.000000000095 1.713166667773768e-08
35050.000000000095 1.1873075999277571e-08
35100.000000000095 1.855126580325183e-08
35150.000000000095 1.655535478348361e-08
35200.000000000095 2.1797128021891544e-08
35250.000000000095 2.174079427329292e-08
35300.000000000095 1.4729360466895249e-08
35350.000000000095 2.244541504980274e-08
35400.000000000095 2.1120977892213887e-08
35450.000000000095 1.8182967313541022e-08
35500.000000000095 3.5245199205244364e-08
35550.000000000095 2.505926928372361e-08
35600.000000000095 2.7818262612547485e-08
35650.000000000095 2.76280450049485e-08
35700.000000000095 1.9353016197438807e-08
35750.000000000095 3.952382874890704e-08
35800.000000000095 2.9687715401061388e-08
35850.000000000095 2.0407762450274513e-08
35900.000000000095 3.303140990024549e-08
35950.000000000095 3.2415304238285774e-08
36000.000000000095 1.9607874368319038e-08
36050.000000000095 3.077512256098997e-08
36100.000000000095 2.9396950127064206e-08
36150.000000000095 3.5393120198098365e-08
36200.000000000095 3.2374805811027196e-08
36250.000000000095 3.834037757305624e-08
36300.000000000095 4.150607130300333e-08
36350.000000000095 3.936176352796581e-08
36400.000000000095 5.552578601310005e-08
36450.000000000095 5.049152946875874e-08
36500.000000000095 5.258223547444403e-08
36550.000000000095 6.014696867785355e-08
36600.000000000095 7.057692189123198e-08
36650.000000000095 6.88971353720131e-08
36700.000000000095 7.62787269386402e-08
36750.000000000095 7.819047617076767e-08
36800.000000000095 7.30928340567377e-08
36850.000000000095 6.23406160705431e-08
36900.000000000095 7.32432691248917e-08
36950.000000000095 7.685055945437885e-08
37000.000000000095 7.358581927101776e-08
37050.000000000095 8.380221799235863e-08
37100.000000000095 8.980159274446928e-08
37150.000000000095 8.918973525431522e-08
37200.000000000095 8.677430670699656e-08
37250.000000000095 7.482005153439853e-08
37300.000000000095 7.752954678207391e-08
37350.000000000095 9.641375748046029e-08
37400.000000000095 1.0941589054029637e-07
37450.000000000095 9.372859715164369e-08
37500.000000000095 8.028553017329308e-08
37550.000000000095 1.2408391704340348e-07
37600.000000000095 1.4106522088772608e-07
37650.000000000095 9.783843960988999e-08
37700.000000000095 1.1591486165797535e-07
37750.000000000095 8.75418741215249e-08
37800.000000000095 9.938253160892327e-08
37850.000000000095 8.04423179137989e-08
37900.000000000095 9.499879076948819e-08
37950.000000000095 1.1687141763699757e-07
38000.000000000095 1.4385675463325866e-07
38050.000000000095 1.2949795094866453e-07
38100.000000000095 1.39684161959481e-07
38150.000000000095 1.4612785269895125e-07
38200.000000000095 1.5461706621757462e-07
38250.000000000095 1.4877154295399014e-07
38300.000000000095 1.9838893050284881e-07
38350.000000000095 1.9173397986043872e-07
38400.000000000095 1.2499443514476513e-07
38450.000000000095 1.2693164367024655e-07
38500.000000000095 9.233783699553899e-08
38550.000000000095 1.2659667889788748e-07
38600.000000000095 1.3642882090615745e-07
38650.000000000095 1.8558633788344839e-07
38700.000000000095 1.6946547123795604e-07
38750.000000000095 1.727257974464685e-07
38800.000000000095 1.3587333027724695e-07
38850.000000000095 1.9534266391255645e-07
38900.000000000095 1.9947444986857794e-07
38950.000000000095 1.5945984234317305e-07
39000.000000000095 2.1957263460923377e-07
39050.000000000095 1.753123159951176e-07
39100.000000000095 2.007048859001195e-07
39150.000000000095 1.8430307893223316e-07
39200.000000000095 1.6905475725951035e-07
39250.000000000095 2.1617699921225797e-07
39300.000000000095 2.0554093703368598e-07
39350.000000000095 2.6820785343761956e-07
39400.000000000095 2.3405368023333051e-07
39450.000000000095 2.384498855594749e-07
39500.000000000095 2.192623627532758e-07
39550.000000000095 2.1581831255209393e-07
39600.000000000095 2.3762856761546931e-07
39650.000000000095 2.937797267967342e-07
39700.000000000095 2.291610738021586e-07
39750.000000000095 1.7460129470807184e-07
39800.000000000095 2.291908633449267e-07
39850.000000000095 2.7238639503595355e-07
39900.000000000095 2.748975035445101e-07
39950.000000000095 2.5521289546651005e-07
40000.000000000095 3.0500375084109005e-07
40050.000000000095 2.854776758386742e-07
40100.000000000095 2.0910527114425222e-07
40150.000000000095 3.205632176978631e-07
40200.000000000095 3.1065577546302937e-07
40250.000000000095 2.98048979166935e-07
40300.000000000095 3.2505972982984183e-07
40350.000000000095 2.49557492269693e-07
40400.000000000095 3.1553000340385597e-07
40450.000000000095 2.7750297995936407e-07
40500.000000000095 3.3035189986970945e-07
40550.000000000095 3.280895805831276e-07
40600.000000000095 3.10685916986593e-07
40650.000000000095 3.172486955292183e-07
40700.000000000095 4.184259453845613e-07
40750.000000000095 3.5746169663115134e-07
40800.000000000095 2.777542886796574e-07
40850.000000000095 4.003972193555228e-07
40900.000000000095 3.508685376618169e-07
40950.000000000095 3.085437953701825e-07
41000.000000000095 3.4480916046553555e-07
41050.000000000095 4.1183890151491445e-07
41100.000000000095 2.864452279349314e-07
41150.000000000095 2.617650280214527e-07
41200.000000000095 4.1680067543253646e-07
41250.000000000095 3.7251889678778815e-07
41300.000000000095 3.1016127103429305e-07
41350.000000000095 4.302993277451064e-07
41400.000000000095 3.7719068295793247e-07
41450.000000000095 4.059548290844149e-07
41500.000000000095 3.2605305813116005e-07
41550.000000000095 3.123273326200085e-07
41600.000000000095 3.9220830416931567e-07
41650.000000000095 3.7630740267993475e-07
41700.000000000095 3.506222490859839e-07
41750.000000000095 3.272162479814269e-07
41800.000000000095 4.443641847892583e-07
41850.000000000095 2.658900889707158e-07
41900.000000000095 3.2083128979214575e-07
41950.000000000095 3.4887080809480617e-07
42000.000000000095 3.9451801794946816e-07
42050.000000000095 3.44335247631013e-07
42100.000000000095 4.1684928184928956e-07
42150.000000000095 3.091505847418216e-07
42200.000000000095 3.451265771774375e-07
42250.000000000095 3.159967619183469e-07
42300.000000000095 3.290835804742354e-07
42350.000000000095 3.6398585775158184e-07
42400.000000000095 3.342952128957121e-07
42450.000000000095 3.257976597727024e-07
42500.000000000095 3.0612669026043596e-07
42550.000000000095 3.0095325283366105e-07
42600.000000000095 3.1920452922393483e-07
42650.000000000095 4.435672933145754e-07
42700.000000000095 2.835525917703515e-07
42750.000000000095 2.954462257381086e-07
42800.000000000095 2.777720392441956e-07
42850.000000000095 3.376867780082318e-07
42900.000000000095 3.7265340980069444e-07
42950.000000000095 2.791026448851296e-07
43000.000000000095 3.823318254030726e-07
43050.000000000095 2.0484006553116578e-07
43100.000000000095 2.846502044640239e-07
43150.000000000095 3.2498968668175143e-07
43200.000000000095 3.437872133889676e-07
43250.000000000095 4.0840738227644325e-07
43300.000000000095 4.328313637043418e-07
43350.000000000095 2.6463901654427356e-07
43400.000000000095 3.391720016905974e-07
43450.000000000095 2.3934854908641347e-07
43500.000000000095 2.5760189729207414e-07
43550.000000000095 2.665174570598871e-07
43600.000000000095 3.428845816258269e-07
43650.000000000095 2.1389750439045527e-07
43700.000000000095 3.784592044393973e-07
43750.000000000095 3.7416114477906547e-07
43800.000000000095 2.8478804659264254e-07
43850.000000000095 2.9583488151461793e-07
43900.000000000095 2.519223072560033e-07
43950.000000000095 2.1454056340883098e-07
44000.000000000095 1.4972353897115744e-07
44050.000000000095 2.5844646043499235e-07
44100.000000000095 2.835144069332499e-07
44150.000000000095 2.791384370090543e-07
44200.000000000095 2.3643823494080444e-07
44250.000000000095 1.9725275734177307e-07
44300.000000000095 1.8104461309010624e-07
44350.000000000095 1.5787907110995552e-07
44400.000000000095 1.6401694595690264e-07
44450.000000000095 1.735097528455334e-07
44500.000000000095 1.3838824087132273e-07
44550.000000000095 1.6608329354351743e-07
44600.000000000095 1.298414647379824e-07
44650.000000000095 1.512009065585075e-07
44700.000000000095 1.3092467464679444e-07
44750.000000000095 1.3976443044498408e-07
44800.000000000095 1.209828883809005e-07
44850.000000000095 1.2023062382495847e-07
44900.000000000095 9.161993106576403e-08
44950.000000000095 8.867604276830456e-08
45000.000000000095 9.405761682818888e-08
45050.000000000095 9.849572435939107e-08
45100.000000000095 9.004832479159227e-08
45150.000000000095 8.093804273634554e-08
45200.000000000095 5.6829817842308824e-08
45250.000000000095 6.486528097188169e-08
45300.000000000095 7.697950678016142e-08
45350.000000000095 7.499889486070997e-08
45400.000000000095 5.6258045522893004e-08
45450.000000000095 5.543352398865193e-08
45500.000000000095 5.84460164815695e-08
45550.000000000095 7.079686429336359e-08
45600.000000000095 5.3145913114120326e-08
45650.000000000095 5.179367931875247e-08
45700.000000000095 6.773942035534976e-08
45750.000000000095 5.683467720039851e-08
45800.000000000095 4.60143188095142e-08
45850.000000000095 7.589663455484048e-08
45900.000000000095 7.482969024063441e-08
45950.000000000095 4.711064962070951e-08
46000.000000000095 6.942859966885747e-08
46050.000000000095 7.636686178588589e-08
46100.000000000095 4.801131648703251e-08
46150.000000000095 7.57659624861442e-08
46200.000000000095 7.164898972744817e-08
46250.000000000095 3.4166301331236095e-08
46300.000000000095 8.783494624515268e-08
46350.000000000095 6.199676556931298e-08
46400.000000000095 7.379446329623931e-08
46450.000000000095 1.0532931556837173e-07
46500.000000000095 7.056111670688689e-08
46550.000000000095 1.038261456565056e-07
46600.000000000095 1.0513052238219642e-07
46650.000000000095 1.9333251196116905e-07
46700.000000000095 1.3072403964400887e-07
46750.000000000095 9.51854693791564e-08
46800.000000000095 6.75324759083839e-08
46850.000000000095 1.114228121022189e-07
46900.000000000095 9.22540577771821e-08
46950.000000000095 1.3289909490944077e-07
47000.000000000095 6.466627479712313e-08
47050.000000000095 1.3438066109266088e-07
47100.000000000095 5.300820990453988e-08
47150.000000000095 7.628217261807165e-08
47200.000000000095 9.412592591209276e-08
47250.000000000095 5.996256178840084e-08
47300.000000000095 7.312580375178118e-08
47350.000000000095 5.287095668690962e-08
47400.000000000095 1.087829436151401e-07
47450.000000000095 5.1938693415127556e-08
47500.000000000095 1.2046492588676235e-07
47550.000000000095 5.6428338069594235e-08
47600.000000000095 1.1170053917119413e-07
47650.000000000095 5.83667803188658e-08
47700.000000000095 1.0576784518675175e-07
47750.000000000095 4.8073691364822485e-08
47800.000000000095 9.404105082626768e-08
47850.000000000095 4.7325051610920086e-08
47900.000000000095 8.180140429984317e-08
47950.000000000095 6.602714393852161e-08
48000.000000000095 1.31764492974596e-07
48050.000000000095 8.05280123061216e-08
48100.000000000095 1.062865338842559e-07
48150.000000000095 7.88230842782464e-08
48200.000000000095 1.195863254521676e-07
48250.000000000095 8.229234915744645e-08
48300.000000000095 1.57608480218721e-07
48350.000000000095 7.70893832362444e-08
48400.000000000095 9.213943233875205e-08
48450.000000000095 7.342107451460475e-08
48500.000000000095 1.4774119216208418e-07
48550.000000000095 6.815599291388317e-08
48600.000000000095 1.3123796050761593e-07
48650.000000000095 7.610226585166283e-08
