galfind/configs/Brown_Dwarf_templates/sonora_cholla/logkzz4/178g/900K_178g_logkzz4_resample.dat
# %ECSV 1.0
# ---
# datatype:
# - {name: wav, unit: Angstrom, datatype: float64}
# - {name: flux_nu, unit: erg / (cm2 Hz s), datatype: float64}
# schema: astropy-2.0
wav flux_nu
[from data line 1161]
68050.00000000009 1.0596668957138335e-07
68100.00000000009 1.2667677498364154e-07
68150.00000000009 9.920415978208994e-08
68200.00000000009 9.766515129950312e-08
68250.00000000009 3.7815667102263025e-08
68300.00000000009 8.574474131918318e-08
68350.00000000009 4.7883606747331214e-08
68400.00000000009 1.3044004342124324e-07
68450.00000000009 1.1890059163044259e-07
68500.00000000009 9.365439828204706e-08
68550.00000000009 5.5528060625415815e-08
68600.00000000009 5.914712244903844e-08
68650.00000000009 3.550693771204373e-08
68700.00000000009 6.671984398429862e-08
68750.00000000009 8.983602852570563e-08
68800.00000000009 1.0272986808177558e-07
68850.00000000009 4.513113422218649e-08
68900.00000000009 1.3128463881517385e-07
68950.00000000009 1.30907259657793e-07
69000.00000000009 1.1432780655018346e-07
69050.00000000009 6.79391690091373e-08
69100.00000000009 1.3125373643645653e-07
69150.00000000009 1.6091157406250804e-07
69200.00000000009 9.875923311534178e-08
69250.00000000009 1.522061033533357e-07
69300.00000000009 8.680873460807689e-08
69350.00000000009 1.4308045329316063e-07
69400.00000000009 6.108438872530499e-08
69450.00000000009 1.42667712068811e-07
69500.00000000009 8.189755661622632e-08
69550.00000000009 8.411992279421916e-08
69600.00000000009 3.0420201724220004e-08
69650.00000000009 7.581824533224301e-08
69700.00000000009 1.2607664302122278e-07
69750.00000000009 8.753259296897003e-08
69800.00000000009 1.158233597522638e-07
69850.00000000009 1.2134284367693707e-07
69900.00000000009 8.454184110601521e-08
69950.00000000009 8.963045588939845e-08
70000.00000000009 8.541254584448874e-08
70050.00000000009 1.3962980058690352e-07
70100.00000000009 9.924894287659943e-08
70150.00000000009 9.601579857345455e-08
70200.00000000009 6.80128681143376e-08
70250.00000000009 9.685860912063356e-08
70300.00000000009 1.338480327733962e-07
70350.00000000009 9.634470962579838e-08
70400.00000000009 7.322491175621676e-08
70450.00000000009 3.007976830791516e-08
70500.00000000009 6.037285215381938e-08
70550.00000000009 6.309163442805001e-08
70600.00000000009 5.813274386194696e-08
70650.00000000009 1.1266210120578013e-07
70700.00000000009 1.0332021514782898e-07
70750.00000000009 1.241245034815248e-07
70800.00000000009 7.616117303761867e-08
70850.00000000009 7.525169381737891e-08
70900.00000000009 7.745049044414691e-08
70950.00000000009 1.2358727240868468e-07
71000.00000000009 1.031439196392169e-07
71050.00000000009 1.0249056102611232e-07
71100.00000000009 8.410266414818759e-08
71150.00000000009 8.328810844053488e-08
71200.00000000009 7.332796660766627e-08
71250.00000000009 8.400900454037525e-08
71300.00000000009 1.1525250464749714e-07
71350.00000000009 1.1536830728784769e-07
71400.00000000009 1.0714088820520663e-07
71450.00000000009 5.538279200714856e-08
71500.00000000009 6.582868785090445e-08
71550.00000000009 7.52480676553327e-08
71600.00000000009 8.474437513467957e-08
71650.00000000009 7.344830423966833e-08
71700.00000000009 5.6879523751722054e-08
71750.00000000009 7.880433617740702e-08
71800.00000000009 1.0723081821578153e-07
71850.00000000009 1.0318135656054141e-07
71900.00000000009 6.692455461271036e-08
71950.00000000009 7.54979708198931e-08
72000.00000000009 7.575427233287321e-08
72050.00000000009 5.397761108106961e-08
72100.00000000009 6.330641914844053e-08
72150.00000000009 5.063731010333741e-08
72200.00000000009 7.765556366784177e-08
72250.00000000009 9.061274727286558e-08
72300.00000000009 7.822416572089671e-08
72350.00000000009 8.46670653405309e-08
72400.00000000009 6.864600559858329e-08
72450.00000000009 5.760664753580145e-08
72500.00000000009 7.437409863108448e-08
72550.00000000009 3.9860541053492934e-08
72600.00000000009 4.8690691585324026e-08
72650.00000000009 8.736532063276139e-08
72700.00000000009 7.934119347140857e-08
72750.00000000009 6.985520139182718e-08
72800.00000000009 5.800577229110024e-08
72850.00000000009 6.018317463375884e-08
72900.00000000009 8.415211101296961e-08
72950.00000000009 7.632454779504717e-08
73000.00000000009 7.66997930656444e-08
73050.00000000009 5.463785729060855e-08
73100.00000000009 5.2742920360495607e-08
73150.00000000009 1.044952021819584e-07
73200.00000000009 5.2914297940322905e-08
73250.00000000009 6.76115092912367e-08
73300.00000000009 6.624948173495773e-08
73350.00000000009 4.8577667518873944e-08
73400.00000000009 6.896784227947304e-08
73450.00000000009 4.533959670486348e-08
73500.00000000009 3.983866966315499e-08
73550.00000000009 6.240011271246188e-08
73600.00000000009 4.716887771381435e-08
73650.00000000009 6.57528998810166e-08
73700.00000000009 7.417467648226809e-08
73750.00000000009 4.138051774156982e-08
73800.00000000009 6.158518994656766e-08
73850.00000000009 7.009321190853462e-08
73900.00000000009 6.731762739027409e-08
73950.00000000009 5.980726818981174e-08
74000.00000000009 4.526407150667184e-08
74050.00000000009 9.715547175125662e-08
74100.00000000009 5.990816439972304e-08
74150.00000000009 6.428007102297591e-08
74200.00000000009 5.686690071069585e-08
74250.00000000009 2.669445580705908e-08
74300.00000000009 5.764657690614022e-08
74350.00000000009 7.971895823949897e-08
74400.00000000009 7.343280520874525e-08
74450.00000000009 3.700519029064096e-08
74500.00000000009 4.0423791140637765e-08
74550.00000000009 5.715711480125386e-08
74600.00000000009 5.831801381247062e-08
74650.00000000009 5.82470967629246e-08
74700.00000000009 4.241537404495408e-08
74750.00000000009 4.3749790319203146e-08
74800.00000000009 5.2172880849881064e-08
74850.00000000009 4.10820016436752e-08
74900.00000000009 7.52257785793482e-08
74950.00000000009 8.290791708650068e-08
75000.00000000009 5.240738277980117e-08
75050.00000000009 3.421496683718982e-08
75100.00000000009 8.567910721300724e-08
75150.00000000009 7.401427660392347e-08
75200.00000000009 8.814321435344111e-08
75250.00000000009 8.473805782417095e-08
75300.00000000009 8.190518544072432e-08
75350.00000000009 4.46665380508265e-08
75400.00000000009 9.122924706053355e-08
75450.00000000009 7.456571240454764e-08
75500.00000000009 6.538564003703438e-08
75550.00000000009 8.469637561816295e-08
75600.00000000009 1.0657024838459129e-07
75650.00000000009 6.201970125795046e-08
75700.00000000009 7.499592647491584e-08
75750.00000000009 4.969157507207688e-08
75800.00000000009 8.08154854269069e-08
75850.00000000009 9.822111995611729e-08
75900.00000000009 8.714396569400344e-08
75950.00000000009 5.514189046221995e-08
76000.00000000009 8.198186741446748e-08
76050.00000000009 8.862680574591008e-08
76100.00000000009 7.636562687659726e-08
76150.00000000009 9.077999408398354e-08
76200.00000000009 9.023158032587678e-08
76250.00000000009 9.87052724847347e-08
76300.00000000009 1.2213024480465068e-07
76350.00000000009 1.510559997375494e-07
76400.00000000009 1.119888211187274e-07
76450.00000000009 1.0634418022874162e-07
76500.00000000009 8.213998276525282e-08
76550.00000000009 5.9275621037659286e-08
76600.00000000009 2.3552854601712306e-08
76650.00000000009 2.6705226454351814e-08
76700.00000000009 2.960180924192165e-08
76750.00000000009 2.9455908939136587e-08
76800.00000000009 5.095536318934795e-08
76850.00000000009 1.674712675182138e-08
76900.00000000009 2.4432608508064902e-08
76950.00000000009 4.268544746725903e-08
77000.00000000009 4.849595097056921e-08
77050.00000000009 2.803070921620696e-08
77100.00000000009 3.448627490522963e-08
77150.00000000009 5.401418564295863e-08
77200.00000000009 4.2214951363726184e-08
77250.00000000009 4.841914978186128e-08
77300.00000000009 4.8005018863997354e-08
77350.00000000009 2.8074538237140625e-08
77400.00000000009 3.019000388882884e-08
77450.00000000009 3.731620933112366e-08
77500.00000000009 3.369319627498467e-08
77550.00000000009 4.2750689397587703e-08
77600.00000000009 4.218457180065806e-08
77650.00000000009 4.178571918155618e-08
77700.00000000009 3.1059573602466816e-08
77750.00000000009 5.9349676758127815e-08
77800.00000000009 4.678404827322807e-08
77850.00000000009 8.145135517695012e-08
77900.00000000009 6.069691035442668e-08
77950.00000000009 3.189944751072822e-08
78000.00000000009 5.125764453793496e-08
78050.00000000009 5.581985858774288e-08
78100.00000000009 4.462915193959653e-08
78150.00000000009 7.412197176365672e-08
78200.00000000009 6.78717367935806e-08
78250.00000000009 8.376850787123861e-08
78300.00000000009 7.125947282899752e-08
78350.00000000009 6.891890940831308e-08
78400.00000000009 5.414483603244762e-08
78450.00000000009 8.410881926099518e-08
78500.00000000009 7.851067003168353e-08
78550.00000000009 9.125680048125427e-08
78600.00000000009 7.786535177446526e-08
78650.00000000009 2.8664479107156618e-08
78700.00000000009 4.717583732353866e-08
78750.00000000009 4.8748389453035025e-08
78800.00000000009 7.351990109322468e-08
78850.00000000009 3.899641439827123e-08
78900.00000000009 6.672488799203527e-08
78950.00000000009 6.691506393362828e-08
79000.00000000009 6.290987779033702e-08
79050.00000000009 5.7713508321000055e-08
79100.00000000009 5.9359165417627965e-08
79150.00000000009 6.598275411040189e-08
79200.00000000009 7.83244667194105e-08
79250.00000000009 6.187020639768811e-08
79300.00000000009 4.492672221076576e-08
79350.00000000009 7.163511033202514e-08
79400.00000000009 5.7233945151042194e-08
79450.00000000009 8.101481248623384e-08
79500.00000000009 1.1128970127866599e-07
79550.00000000009 8.623946494103375e-08
79600.00000000009 4.9773483217175823e-08
79650.00000000009 7.247262226227046e-08
79700.00000000009 8.227360245959292e-08
79750.00000000009 8.352462228898454e-08
79800.00000000009 6.317784157653662e-08
79850.00000000009 6.801062026917066e-08
79900.00000000009 1.1280687350297048e-07
79950.00000000009 7.588392270680007e-08
