galfind/configs/Brown_Dwarf_templates/sonora_cholla/logkzz4/178g/900K_178g_logkzz4_resample.dat
# %ECSV 1.0
# ---
# datatype:
# - {name: wav, unit: Angstrom, datatype: float64}
# - {name: flux_nu, unit: erg / (cm2 Hz s), datatype: float64}
# schema: astropy-2.0
wav flux_nu
[from data line 387]
29350.000000000095 1.0760344199454667e-07
29400.000000000095 4.741343874159795e-08
29450.000000000095 5.201953993797459e-08
29500.000000000095 6.087465976876198e-08
29550.000000000095 4.791828400538546e-08
29600.000000000095 6.9714200765689e-08
29650.000000000095 6.336148357363943e-08
29700.000000000095 4.605286493041968e-08
29750.000000000095 6.398115671387409e-08
29800.000000000095 7.391607697294455e-08
29850.000000000095 8.307149770815532e-08
29900.000000000095 8.089124409171096e-08
29950.000000000095 6.486999910132909e-08
30000.000000000095 5.4858032003485426e-08
30050.000000000095 5.09739904082183e-08
30100.000000000095 6.773706180134742e-08
30150.000000000095 8.716230731466403e-08
30200.000000000095 6.244076887647309e-08
30250.000000000095 9.669031470454884e-08
30300.000000000095 8.120170301601653e-08
30350.000000000095 6.739952860932566e-08
30400.000000000095 8.618177575958064e-08
30450.000000000095 6.502773035215337e-08
30500.000000000095 6.13804873334678e-08
30550.000000000095 6.123824375911787e-08
30600.000000000095 7.634355281354276e-08
30650.000000000095 6.558419786853502e-08
30700.000000000095 5.651657285646414e-08
30750.000000000095 5.340375582246234e-08
30800.000000000095 4.998433880576813e-08
30850.000000000095 4.940433014287004e-08
30900.000000000095 4.849608552361723e-08
30950.000000000095 3.228125651255025e-08
31000.000000000095 3.930158225615521e-08
31050.000000000095 3.999542571345234e-08
31100.000000000095 2.630391268152894e-08
31150.000000000095 3.3511858554391545e-08
31200.000000000095 3.613507730772172e-08
31250.000000000095 2.6275195137081143e-08
31300.000000000095 2.4742487156521075e-08
31350.000000000095 2.5097854404737552e-08
31400.000000000095 1.569199497166035e-08
31450.000000000095 2.5506609733258644e-08
31500.000000000095 1.5686264968681596e-08
31550.000000000095 2.0814660736455114e-08
31600.000000000095 1.34637144168195e-08
31650.000000000095 1.400759997744024e-08
31700.000000000095 1.663210948888007e-08
31750.000000000095 9.683737290107828e-09
31800.000000000095 1.5307908009896032e-08
31850.000000000095 1.1109862442554264e-08
31900.000000000095 1.2560316085459539e-08
31950.000000000095 1.0720584775703494e-08
32000.000000000095 1.1627659105772968e-08
32050.000000000095 8.613448545919166e-09
32100.000000000095 8.166231286155243e-09
32150.000000000095 1.0760769062478343e-08
32200.000000000095 7.3824487944585635e-09
32250.000000000095 1.400955566736211e-08
32300.000000000095 6.094120138504179e-09
32350.000000000095 1.5347582232348872e-08
32400.000000000095 8.684695058412269e-09
32450.000000000095 1.3007702138382814e-08
32500.000000000095 9.595333492507735e-09
32550.000000000095 1.2945475819486392e-08
32600.000000000095 1.2800256390283153e-08
32650.000000000095 1.8396947952278818e-08
32700.000000000095 1.4608323946237676e-08
32750.000000000095 2.2293870198126283e-08
32800.000000000095 1.647838365901771e-08
32850.000000000095 2.544650268612767e-08
32900.000000000095 2.5660731839216343e-08
32950.000000000095 2.8455294617487452e-08
33000.000000000095 2.233665453919814e-08
33050.000000000095 2.3006831783175767e-08
33100.000000000095 1.0236115300782566e-08
33150.000000000095 1.1696537648219693e-09
33200.000000000095 1.7942638028121202e-09
33250.000000000095 1.0140422236120096e-09
33300.000000000095 1.4893845197466525e-09
33350.000000000095 3.6368655551065436e-09
33400.000000000095 6.204886500395658e-09
33450.000000000095 8.086309277920147e-09
33500.000000000095 1.2616035031385937e-08
33550.000000000095 1.091488063719883e-08
33600.000000000095 1.7594152928854322e-08
33650.000000000095 1.57449302102868e-08
33700.000000000095 1.3511648808876198e-08
33750.000000000095 2.0399316559293924e-08
33800.000000000095 1.1455600611408771e-08
33850.000000000095 1.7204811235556313e-08
33900.000000000095 1.616207998037117e-08
33950.000000000095 1.7136454489484976e-08
34000.000000000095 2.1227183723597742e-08
34050.000000000095 8.407092985452305e-09
34100.000000000095 1.9535780747463542e-08
34150.000000000095 1.3147991175605484e-08
34200.000000000095 1.8088033553425368e-08
34250.000000000095 1.4056016602111687e-08
34300.000000000095 1.2475596558162223e-08
34350.000000000095 1.8791214063228824e-08
34400.000000000095 1.3297920034033275e-08
34450.000000000095 2.1486940816100234e-08
34500.000000000095 1.4709749022926618e-08
34550.000000000095 1.0956653909816398e-08
34600.000000000095 2.1781615157478915e-08
34650.000000000095 1.1464214314396223e-08
34700.000000000095 1.4713206343460844e-08
34750.000000000095 1.3957656874171932e-08
34800.000000000095 1.0160659731175497e-08
34850.000000000095 1.7465421047511464e-08
34900.000000000095 1.9108527445949705e-08
34950.000000000095 1.6753572677143173e-08
35000.000000000095 2.3820687180830184e-08
35050.000000000095 1.7250595320183593e-08
35100.000000000095 2.5674198791796095e-08
35150.000000000095 2.322371241966755e-08
35200.000000000095 3.1041751244504806e-08
35250.000000000095 3.0623248173158054e-08
35300.000000000095 2.082622065365653e-08
35350.000000000095 3.122130001100288e-08
35400.000000000095 3.006596599033216e-08
35450.000000000095 2.5829001358407178e-08
35500.000000000095 4.730925727502906e-08
35550.000000000095 3.571861506163557e-08
35600.000000000095 3.846980120939121e-08
35650.000000000095 3.7924354558321194e-08
35700.000000000095 2.6726316282763952e-08
35750.000000000095 5.242109936884819e-08
35800.000000000095 4.14572956718641e-08
35850.000000000095 2.9267480099403238e-08
35900.000000000095 4.643359220694245e-08
35950.000000000095 4.652130692695957e-08
36000.000000000095 2.9193544442700963e-08
36050.000000000095 4.353759803455814e-08
36100.000000000095 4.204941149833323e-08
36150.000000000095 4.850463971031757e-08
36200.000000000095 4.5102696435739496e-08
36250.000000000095 5.2758030113215805e-08
36300.000000000095 5.641081709332154e-08
36350.000000000095 5.710919639729758e-08
36400.000000000095 7.499558442250287e-08
36450.000000000095 7.188520229811723e-08
36500.000000000095 7.268291907027942e-08
36550.000000000095 7.992289956812628e-08
36600.000000000095 9.728325860343143e-08
36650.000000000095 9.914285029457434e-08
36700.000000000095 1.027592330195712e-07
36750.000000000095 1.1324210785923404e-07
36800.000000000095 9.859145413568371e-08
36850.000000000095 8.730460206340353e-08
36900.000000000095 1.001929068177311e-07
36950.000000000095 1.0678911891625453e-07
37000.000000000095 9.981567615391567e-08
37050.000000000095 1.1450066443239798e-07
37100.000000000095 1.2124247881225593e-07
37150.000000000095 1.1965581489589201e-07
37200.000000000095 1.1814303759689311e-07
37250.000000000095 1.0263338048979187e-07
37300.000000000095 1.0804825490628343e-07
37350.000000000095 1.2795635692526386e-07
37400.000000000095 1.5105421972764693e-07
37450.000000000095 1.2934696058086787e-07
37500.000000000095 1.1022475925394174e-07
37550.000000000095 1.757695880636448e-07
37600.000000000095 1.8322431564730687e-07
37650.000000000095 1.3272699714783143e-07
37700.000000000095 1.521333446476487e-07
37750.000000000095 1.1768075672487445e-07
37800.000000000095 1.3505463624040247e-07
37850.000000000095 1.1317679557751167e-07
37900.000000000095 1.3098241261780782e-07
37950.000000000095 1.5894524245235223e-07
38000.000000000095 1.903116678611963e-07
38050.000000000095 1.6667037546852646e-07
38100.000000000095 1.8218290253941115e-07
38150.000000000095 1.91504153748583e-07
38200.000000000095 2.0042338798354175e-07
38250.000000000095 1.9134598674410187e-07
38300.000000000095 2.48578057509491e-07
38350.000000000095 2.486388127971581e-07
38400.000000000095 1.6479948166419836e-07
38450.000000000095 1.7272505742171343e-07
38500.000000000095 1.3219892578906773e-07
38550.000000000095 1.7432269458688922e-07
38600.000000000095 1.8375972599679764e-07
38650.000000000095 2.407756321082834e-07
38700.000000000095 2.220667923574658e-07
38750.000000000095 2.2799444698192546e-07
38800.000000000095 1.8394488175531745e-07
38850.000000000095 2.548514087832914e-07
38900.000000000095 2.559010857679766e-07
38950.000000000095 2.1345006524375376e-07
39000.000000000095 2.8215299057159887e-07
39050.000000000095 2.3163848060272233e-07
39100.000000000095 2.5552230083428794e-07
39150.000000000095 2.400285719044873e-07
39200.000000000095 2.2573650745481907e-07
39250.000000000095 2.8251024127525636e-07
39300.000000000095 2.6531726779839344e-07
39350.000000000095 3.36568664056164e-07
39400.000000000095 3.0376633457599174e-07
39450.000000000095 3.056043566104505e-07
39500.000000000095 2.7762834159609663e-07
39550.000000000095 2.826074288237308e-07
39600.000000000095 3.002654354179392e-07
39650.000000000095 3.725424887990527e-07
39700.000000000095 2.964800060459517e-07
39750.000000000095 2.3229816416198133e-07
39800.000000000095 3.1425636475508535e-07
39850.000000000095 3.5074584696472474e-07
39900.000000000095 3.439463024851597e-07
39950.000000000095 3.2793493862267585e-07
40000.000000000095 3.832221602087464e-07
40050.000000000095 3.7461561264084185e-07
40100.000000000095 2.7931657932300693e-07
40150.000000000095 4.097730486526523e-07
40200.000000000095 4.091130560667414e-07
40250.000000000095 3.7113765956212627e-07
40300.000000000095 4.102088048986366e-07
40350.000000000095 3.291138541484415e-07
40400.000000000095 4.000965859239346e-07
40450.000000000095 3.654064440286251e-07
40500.000000000095 4.137118956515965e-07
40550.000000000095 4.2341316151935156e-07
40600.000000000095 3.9496631523840486e-07
40650.000000000095 4.1016209401560403e-07
40700.000000000095 5.291634942331437e-07
40750.000000000095 4.4665424897020334e-07
40800.000000000095 3.5624480536932657e-07
40850.000000000095 5.044770140686716e-07
40900.000000000095 4.363309284513162e-07
40950.000000000095 3.896972157342551e-07
41000.000000000095 4.4231298495490134e-07
41050.000000000095 5.104248024302776e-07
41100.000000000095 4.0342154079879487e-07
41150.000000000095 3.4180025385649036e-07
41200.000000000095 5.11129599037826e-07
41250.000000000095 4.7481738182660345e-07
41300.000000000095 3.8971182872603744e-07
41350.000000000095 5.376858213927588e-07
41400.000000000095 4.739896603982495e-07
41450.000000000095 5.008166118327961e-07
41500.000000000095 4.118710719929728e-07
41550.000000000095 3.976132969158288e-07
41600.000000000095 4.833151011600305e-07
41650.000000000095 4.514710959540745e-07
41700.000000000095 4.281616346923952e-07
41750.000000000095 3.9118713526872637e-07
41800.000000000095 5.512051857919803e-07
41850.000000000095 3.182763312215061e-07
41900.000000000095 3.963752710730564e-07
41950.000000000095 4.3033557032797883e-07
42000.000000000095 4.688081889435317e-07
42050.000000000095 4.155619360277029e-07
42100.000000000095 4.760780733133523e-07
42150.000000000095 3.592362392054931e-07
42200.000000000095 4.005096015540639e-07
42250.000000000095 3.6926309341023003e-07
42300.000000000095 3.803408074994734e-07
42350.000000000095 4.2459070978783365e-07
42400.000000000095 3.6145609361759414e-07
42450.000000000095 3.5549544895884154e-07
42500.000000000095 3.5012245179573167e-07
42550.000000000095 3.48093466608652e-07
42600.000000000095 3.697773588194225e-07
42650.000000000095 4.961268947670447e-07
42700.000000000095 3.3547597574277e-07
42750.000000000095 3.435591996560893e-07
42800.000000000095 3.185368553006159e-07
42850.000000000095 3.9005472873926375e-07
42900.000000000095 4.237187284359916e-07
42950.000000000095 3.09846381828837e-07
43000.000000000095 4.3649268530135803e-07
43050.000000000095 2.4331558872820033e-07
43100.000000000095 3.408852835022106e-07
43150.000000000095 3.8508873478046254e-07
43200.000000000095 3.9370956268491115e-07
43250.000000000095 4.4993316622665167e-07
43300.000000000095 4.928693730345914e-07
43350.000000000095 3.082697802473119e-07
43400.000000000095 3.891801634597635e-07
43450.000000000095 2.8043712320168345e-07
43500.000000000095 2.964005828338435e-07
43550.000000000095 3.0051835848067894e-07
43600.000000000095 3.888582856833157e-07
43650.000000000095 2.599818953057321e-07
43700.000000000095 4.257551581040781e-07
43750.000000000095 4.1444218555827813e-07
43800.000000000095 3.2647768500777583e-07
43850.000000000095 3.2970346799260956e-07
43900.000000000095 2.774184077508399e-07
43950.000000000095 2.514453334365464e-07
44000.000000000095 1.69968538993395e-07
44050.000000000095 2.803184184480502e-07
44100.000000000095 3.0024157927473255e-07
44150.000000000095 2.952373525443125e-07
44200.000000000095 2.5133981883119465e-07
44250.000000000095 2.2426839437427885e-07
44300.000000000095 2.013266040592378e-07
44350.000000000095 1.6932009073501993e-07
44400.000000000095 1.7890812997616454e-07
44450.000000000095 1.8511498900473352e-07
44500.000000000095 1.4577628069564495e-07
44550.000000000095 1.7097438067924055e-07
44600.000000000095 1.3660514556788693e-07
44650.000000000095 1.5873809530542206e-07
44700.000000000095 1.413346190755691e-07
44750.000000000095 1.481001301385936e-07
44800.000000000095 1.3085260894167662e-07
44850.000000000095 1.2629091792950091e-07
44900.000000000095 9.855751345189766e-08
44950.000000000095 9.615064039494889e-08
45000.000000000095 1.0021620207123237e-07
45050.000000000095 1.0519870197166908e-07
45100.000000000095 9.586136913117306e-08
45150.000000000095 8.736674206352482e-08
45200.000000000095 6.394547501270124e-08
45250.000000000095 7.16576821834361e-08
45300.000000000095 8.422366321310954e-08
45350.000000000095 8.27127541143194e-08
45400.000000000095 6.203966449557835e-08
45450.000000000095 6.135354458618135e-08
45500.000000000095 6.426691217919556e-08
45550.000000000095 7.841360133735594e-08
45600.000000000095 5.954850078079923e-08
45650.000000000095 5.828334468372734e-08
45700.000000000095 7.633004924247324e-08
45750.000000000095 6.406492883147761e-08
45800.000000000095 5.231618251419334e-08
45850.000000000095 8.419071470121662e-08
45900.000000000095 8.22498761136421e-08
45950.000000000095 5.388158841691668e-08
46000.000000000095 7.702321775916622e-08
46050.000000000095 8.474110147476807e-08
46100.000000000095 5.4641636733316687e-08
46150.000000000095 8.445009094762708e-08
46200.000000000095 8.033326638544158e-08
46250.000000000095 3.9792995327764256e-08
46300.000000000095 9.686943835286292e-08
46350.000000000095 6.867663679574106e-08
46400.000000000095 8.25306728165286e-08
46450.000000000095 1.1447957701502849e-07
46500.000000000095 7.857080616912857e-08
46550.000000000095 1.1670716146065621e-07
46600.000000000095 1.1761942310447698e-07
46650.000000000095 2.050665576513233e-07
46700.000000000095 1.4334994440614103e-07
46750.000000000095 1.0600515348390204e-07
46800.000000000095 7.934567423527687e-08
46850.000000000095 1.1930240483015074e-07
46900.000000000095 9.989626110758514e-08
46950.000000000095 1.431319588900242e-07
47000.000000000095 7.231562223000448e-08
47050.000000000095 1.4611737857170063e-07
47100.000000000095 6.198918094456035e-08
47150.000000000095 8.56787885680591e-08
47200.000000000095 1.0269162781811657e-07
47250.000000000095 6.809995859151923e-08
47300.000000000095 8.371933554104506e-08
47350.000000000095 5.950971212640925e-08
47400.000000000095 1.1772040592870169e-07
47450.000000000095 5.916168100567654e-08
47500.000000000095 1.2921867928950028e-07
47550.000000000095 6.35674674819365e-08
47600.000000000095 1.2112518310330718e-07
47650.000000000095 6.601082464125108e-08
47700.000000000095 1.1412407808224981e-07
47750.000000000095 5.5547869140338665e-08
47800.000000000095 1.0547007996906093e-07
47850.000000000095 5.354447160896425e-08
47900.000000000095 9.375690781036373e-08
47950.000000000095 7.307408813815762e-08
48000.000000000095 1.4047092019488665e-07
48050.000000000095 8.776660155334921e-08
48100.000000000095 1.1913698463456638e-07
48150.000000000095 8.590347516984968e-08
48200.000000000095 1.3052047848652375e-07
48250.000000000095 9.126905072665135e-08
48300.000000000095 1.6684665367271804e-07
48350.000000000095 8.579262625430438e-08
48400.000000000095 1.0889335424757458e-07
48450.000000000095 7.992149560751874e-08
48500.000000000095 1.5975309127612893e-07
48550.000000000095 7.548936122550125e-08
48600.000000000095 1.433048016669059e-07
