galfind/configs/Brown_Dwarf_templates/sonora_cholla/logkzz4/178g/950K_178g_logkzz4_resample.dat
# %ECSV 1.0
# ---
# datatype:
# - {name: wav, unit: Angstrom, datatype: float64}
# - {name: flux_nu, unit: erg / (cm2 Hz s), datatype: float64}
# schema: astropy-2.0
wav flux_nu
[from data line 775]
48750.000000000095 9.705865218131319e-08
48800.000000000095 1.656919859980777e-07
48850.000000000095 1.1772710935984496e-07
48900.000000000095 1.7298185973921145e-07
48950.000000000095 1.52083735406743e-07
49000.000000000095 1.262173988331815e-07
49050.000000000095 1.6552783130725055e-07
49100.000000000095 1.1458719164640115e-07
49150.000000000095 1.9593917503619985e-07
49200.000000000095 1.2461967997317237e-07
49250.000000000095 1.9983863705004464e-07
49300.000000000095 1.4114380173948811e-07
49350.000000000095 1.4983861064754143e-07
49400.000000000095 1.8073215279932853e-07
49450.000000000095 1.6803105764743765e-07
49500.000000000095 1.604929240775607e-07
49550.000000000095 9.44618775798338e-08
49600.000000000095 1.7018516954226855e-07
49650.000000000095 1.5685598882134275e-07
49700.000000000095 1.4005041430438273e-07
49750.000000000095 2.418679601085559e-07
49800.000000000095 1.3831969739664546e-07
49850.000000000095 2.6985781667826717e-07
49900.000000000095 1.930498131431658e-07
49950.000000000095 2.1600707272498787e-07
50000.000000000095 2.3447278848135263e-07
50050.000000000095 2.171730975591684e-07
50100.000000000095 2.7475536208768693e-07
50150.000000000095 1.3494626839578212e-07
50200.000000000095 9.512351657450801e-08
50250.000000000095 2.2904400485838931e-07
50300.000000000095 1.6180387015121737e-07
50350.000000000095 2.3003358031946368e-07
50400.000000000095 2.03848078913709e-07
50450.000000000095 2.0635906573201477e-07
50500.000000000095 2.6454485766104537e-07
50550.000000000095 2.1516925448324596e-07
50600.000000000095 2.440468921939094e-07
50650.000000000095 2.2251380406451832e-07
50700.000000000095 3.1498224737355654e-07
50750.000000000095 2.970433893278735e-07
50800.000000000095 1.411602322584622e-07
50850.000000000095 1.5177804368108844e-07
50900.000000000095 2.8071474048166705e-07
50950.000000000095 2.832079271037025e-07
51000.000000000095 2.4880091331722843e-07
51050.000000000095 2.3637902977238936e-07
51100.000000000095 1.4014370192295713e-07
51150.000000000095 1.9458348516834325e-07
51200.000000000095 3.0028150044612175e-07
51250.000000000095 2.6172263349258895e-07
51300.000000000095 1.7145740119436155e-07
51350.000000000095 2.2608742916958537e-07
51400.000000000095 1.5670766219711293e-07
51450.000000000095 1.3765571490860522e-07
51500.000000000095 1.2585799943244808e-07
51550.000000000095 2.515090402035243e-07
51600.000000000095 1.7466710667370917e-07
51650.000000000095 2.3974837996938237e-07
51700.000000000095 2.433741545590809e-07
51750.000000000095 1.6039816520922632e-07
51800.000000000095 3.175981215624935e-07
51850.000000000095 2.489245317989841e-07
51900.000000000095 3.241230737072168e-07
51950.000000000095 2.6165108821406227e-07
52000.000000000095 8.649341183931109e-08
52050.000000000095 1.708097954651245e-07
52100.000000000095 1.537724214725188e-07
52150.000000000095 1.2057369576007804e-07
52200.000000000095 1.279229141230273e-07
52250.000000000095 1.791573913495797e-07
52300.000000000095 2.9607383604473554e-07
52350.000000000095 1.8993764867396973e-07
52400.000000000095 1.5106191991886674e-07
52450.000000000095 2.5837361709311014e-07
52500.000000000095 2.361709782168216e-07
52550.000000000095 2.4406988489875907e-07
52600.000000000095 1.8626823204939044e-07
52650.000000000095 2.083316719339377e-07
52700.000000000095 1.7890714409423702e-07
52750.000000000095 1.3926866336889174e-07
52800.000000000095 1.507291486441161e-07
52850.000000000095 1.8002408754362818e-07
52900.000000000095 1.3492400537368281e-07
52950.000000000095 1.4273068714577147e-07
53000.000000000095 2.811891502208452e-07
53050.000000000095 1.1294931868437536e-07
53100.000000000095 2.5029163202352924e-07
53150.000000000095 3.0131094683247116e-07
53200.000000000095 1.402134623443358e-07
53250.000000000095 2.7337337065953227e-07
53300.000000000095 2.788100110305245e-07
53350.000000000095 2.6430407177072015e-07
53400.000000000095 2.702286091203543e-07
53450.000000000095 1.1913213826490804e-07
53500.000000000095 7.223682264069633e-08
53550.000000000095 1.1940128932250167e-07
53600.000000000095 1.831402953338813e-07
53650.000000000095 1.6040119884178331e-07
53700.000000000095 1.4397684598013265e-07
53750.000000000095 1.4581162033194338e-07
53800.000000000095 1.4347744315530958e-07
53850.000000000095 1.9772259500681035e-07
53900.000000000095 1.8544194276548432e-07
53950.000000000095 2.4958630656967216e-07
54000.000000000095 1.6905843097044525e-07
54050.000000000095 1.8043403849200977e-07
54100.000000000095 8.329520040207909e-08
54150.000000000095 1.2428340308599587e-07
54200.000000000095 5.791019713967724e-08
54250.000000000095 7.370104954219863e-08
54300.000000000095 1.2973357947098298e-07
54350.000000000095 1.7592817415049815e-07
54400.000000000095 1.7878184897372295e-07
54450.000000000095 1.429899731070122e-07
54500.000000000095 1.3038649596105865e-07
54550.000000000095 1.1567071208468819e-07
54600.000000000095 1.460681952453306e-07
54650.000000000095 7.018202887935032e-08
54700.000000000095 1.7104487407633524e-07
54750.000000000095 1.6233823815874774e-07
54800.000000000095 1.1217375633793631e-07
54850.000000000095 1.380707248619425e-07
54900.000000000095 1.854712091219787e-07
54950.000000000095 2.485378087075049e-07
55000.000000000095 9.983340334363667e-08
55050.000000000095 1.6057597802099826e-07
55100.000000000095 1.455104512387689e-07
55150.000000000095 1.1209465719298065e-07
55200.000000000095 1.1170466639692113e-07
55250.000000000095 1.335903919755328e-07
55300.000000000095 9.446703701724903e-08
55350.000000000095 1.589160000579039e-07
55400.000000000095 1.9990304410503115e-07
55450.000000000095 1.3396770543178933e-07
55500.000000000095 7.014766130692357e-08
55550.000000000095 9.679664700069752e-08
55600.000000000095 9.392203350991986e-08
55650.000000000095 8.60090567718597e-08
55700.000000000095 1.081692613187855e-07
55750.000000000095 1.1706695398528361e-07
55800.000000000095 8.052040677545628e-08
55850.000000000095 7.665064988293678e-08
55900.000000000095 1.4766202807685282e-07
55950.000000000095 1.9074171439717054e-07
56000.000000000095 8.924706673677384e-08
56050.000000000095 1.1977788936168542e-07
56100.000000000095 1.4738620961095267e-07
56150.000000000095 1.0123170043299273e-07
56200.000000000095 1.1806510616873594e-07
56250.000000000095 1.3074445927777828e-07
56300.000000000095 1.3162150982369934e-07
56350.000000000095 1.2690949693172953e-07
56400.000000000095 7.77983172156173e-08
56450.000000000095 6.935732788866047e-08
56500.000000000095 8.989037202986333e-08
56550.000000000095 6.108717135924358e-08
56600.000000000095 1.3915212927809012e-07
56650.000000000095 1.334509657285335e-07
56700.000000000095 1.4160167339438207e-07
56750.000000000095 6.920728866761365e-08
56800.000000000095 1.446354200767304e-07
56850.000000000095 1.178166812307326e-07
56900.000000000095 8.28323794991026e-08
56950.000000000095 1.4375468541443536e-07
57000.000000000095 1.59743623711868e-07
57050.000000000095 9.947236501469036e-08
57100.000000000095 4.946359260504819e-08
57150.000000000095 7.648730647036888e-08
57200.000000000095 6.302601389535487e-08
57250.000000000095 8.771111788717638e-08
57300.000000000095 1.233598678270206e-07
57350.000000000095 6.767512400427593e-08
57400.000000000095 1.211408859551522e-07
57450.000000000095 1.0204893689630331e-07
57500.000000000095 9.895102849997012e-08
57550.000000000095 1.322267423350264e-07
57600.000000000095 1.3643645540810103e-07
57650.000000000095 4.90219276793293e-08
57700.000000000095 6.694358177016407e-08
57750.000000000095 8.826971713226815e-08
57800.000000000095 3.744970270693414e-08
57850.000000000095 1.7768286730122192e-07
57900.000000000095 2.0234132238470018e-07
57950.000000000095 1.8075955929024264e-07
58000.000000000095 8.47059113906243e-08
58050.000000000095 1.248413578992364e-07
58100.000000000095 1.4714021337307898e-07
58150.000000000095 1.0413127939418412e-07
58200.000000000095 5.284172905145786e-08
58250.000000000095 7.099483364759938e-08
58300.000000000095 5.8686887557708385e-08
58350.000000000095 7.750728347431225e-08
58400.000000000095 1.1406718714068973e-07
58450.000000000095 1.1919637060689118e-07
58500.000000000095 1.1039574772350815e-07
58550.000000000095 1.212691170259866e-07
58600.000000000095 6.520879683580907e-08
58650.000000000095 8.368562559441776e-08
58700.000000000095 9.547033230328072e-08
58750.000000000095 1.0318017472756572e-07
58800.000000000095 4.065889096024839e-08
58850.000000000095 8.400111626387633e-08
58900.000000000095 1.1421346837562557e-07
58950.000000000095 6.377040133602491e-08
59000.000000000095 1.120744206419655e-07
59050.000000000095 1.2541714275653653e-07
59100.000000000095 1.4738637831479785e-07
59150.000000000095 1.0155422654578118e-07
59200.000000000095 1.1249097883104393e-07
59250.000000000095 1.227649154625821e-07
59300.000000000095 1.1104301398325955e-07
59350.000000000095 4.976632994126405e-08
59400.000000000095 3.987452387008287e-08
59450.000000000095 1.0250397697799718e-07
59500.000000000095 5.961901836982154e-08
59550.000000000095 1.2108647453214758e-07
59600.000000000095 1.2449012842443607e-07
59650.000000000095 1.0391551275958118e-07
59700.000000000095 6.93384434635278e-08
59750.000000000095 1.6106841487433426e-07
59800.000000000095 8.945310758301692e-08
59850.000000000095 1.2800340054191954e-07
59900.000000000095 5.766223088600485e-08
59950.000000000095 1.0046314167533831e-07
60000.000000000095 1.7476561875498094e-07
60050.000000000095 1.535878488320124e-07
60100.000000000095 1.5459858808716327e-07
60150.000000000095 9.800447835818365e-08
60200.000000000095 1.2406901828933506e-07
60250.000000000095 1.5641271394631477e-07
60300.000000000095 1.4642278215235462e-07
60350.000000000095 1.01891184425006e-07
60400.000000000095 1.2462026936175412e-07
60450.000000000095 5.9443000224730426e-08
60500.000000000095 3.540623157280684e-08
60550.000000000095 1.2871239963834585e-07
60600.000000000095 1.3010624479515393e-07
60650.000000000095 1.022621837331711e-07
60700.000000000095 8.305373003393179e-08
60750.000000000095 6.13426041586406e-08
60800.000000000095 1.3158709386289654e-07
60850.000000000095 1.992417786502217e-07
60900.000000000095 1.8312514709864413e-07
60950.000000000095 1.6169106587741696e-07
61000.000000000095 1.1838308183659979e-07
61050.000000000095 8.103958612116834e-08
61100.000000000095 1.1127640766767998e-07
61150.000000000095 4.439732454686063e-08
61200.000000000095 1.5031591041957899e-07
61250.000000000095 1.839309316816078e-07
61300.000000000095 1.6289618518114402e-07
61350.000000000095 2.0218221942727265e-07
61400.000000000095 1.2683315908838358e-07
61450.000000000095 6.864819930381343e-08
61500.000000000095 9.504390183305546e-08
61550.000000000095 9.725524827173074e-08
61600.000000000095 6.743131272513212e-08
61650.000000000095 1.1344685119652263e-07
61700.000000000095 9.41555619699019e-08
61750.000000000095 1.1264817028490587e-07
61800.000000000095 1.2701426292236133e-07
61850.000000000095 7.442762726928021e-08
61900.000000000095 1.6365940188898858e-07
61950.000000000095 1.5642699244936686e-07
62000.000000000095 1.6570942579096887e-07
62050.000000000095 1.4240485666405553e-07
62100.000000000095 1.489651103215887e-07
62150.000000000095 1.6984562724006462e-07
62200.000000000095 1.4477720387559892e-07
62250.000000000095 1.4424205177375205e-07
62300.000000000095 2.1335567428080829e-07
62350.000000000095 1.6356369594987675e-07
62400.000000000095 8.760051151444512e-08
62450.000000000095 1.364434702309377e-07
62500.000000000095 1.9047723129154343e-07
62550.000000000095 1.8544546841196028e-07
62600.000000000095 2.026545433117004e-07
62650.000000000095 1.530534223492565e-07
62700.000000000095 1.669188665760401e-07
62750.000000000095 2.1313441444556284e-07
62800.000000000095 1.2682800222500245e-07
62850.000000000095 1.7735374197988175e-07
62900.000000000095 1.317096450927393e-07
62950.000000000095 1.8873401022570057e-07
63000.000000000095 1.6071122676440035e-07
63050.000000000095 2.230238505143392e-07
63100.000000000095 2.0044025611983143e-07
63150.000000000095 1.5481715874442763e-07
63200.000000000095 1.9368068947418303e-07
63250.000000000095 1.42156408744627e-07
63300.000000000095 1.8849724903388455e-07
63350.000000000095 1.745785039345714e-07
63400.000000000095 9.913506262197224e-08
63450.000000000095 7.553443620379245e-08
63500.000000000095 1.5423134358606345e-07
63550.000000000095 1.5267764721058618e-07
63600.000000000095 1.7468132305458593e-07
63650.000000000095 1.23939804204342e-07
63700.000000000095 8.118511632276734e-08
63750.000000000095 1.1912621925833106e-07
63800.000000000095 1.6258410192779642e-07
63850.000000000095 1.4423217010740439e-07
63900.000000000095 9.158824730542198e-08
63950.000000000095 1.451008892771871e-07
64000.000000000095 1.5723773566780677e-07
64050.000000000095 1.067066785303581e-07
64100.000000000095 3.8659215210229456e-08
64150.000000000095 5.5889636006033604e-08
64200.000000000095 6.199359193216195e-08
64250.000000000095 1.136706807548648e-07
64300.000000000095 8.489351516725556e-08
64350.000000000095 7.268576648380012e-08
64400.000000000095 1.2636741983419227e-07
64450.000000000095 1.3621035131453227e-07
64500.000000000095 7.11449966047614e-08
64550.000000000095 1.1074980078192973e-07
64600.000000000095 5.707810479925199e-08
64650.000000000095 1.0170060110438671e-07
64700.000000000095 5.447299623857796e-08
64750.000000000095 7.314964767695627e-08
64800.000000000095 6.850689853777984e-08
64850.000000000095 5.780069796716887e-08
64900.000000000095 6.428180898814358e-08
64950.000000000095 6.171784824230391e-08
65000.000000000095 7.845750008324465e-08
65050.000000000095 8.234300190056179e-08
65100.000000000095 1.1132333434467661e-07
65150.000000000095 6.346056287660444e-08
65200.000000000095 5.456997575479496e-08
65250.000000000095 1.0510674467664057e-07
65300.000000000095 8.007462549341187e-08
65350.000000000095 1.5948115689022954e-07
65400.000000000095 8.233173767755699e-08
65450.000000000095 8.665631446032536e-08
65500.000000000095 1.0425558571087625e-07
65550.00000000009 6.307864692340322e-08
65600.00000000009 8.81146038008671e-08
65650.00000000009 8.601290000711648e-08
65700.00000000009 7.958952672229908e-08
65750.00000000009 6.058356687043592e-08
65800.00000000009 9.28488418776342e-08
65850.00000000009 1.1043809496620074e-07
65900.00000000009 5.81577291201416e-08
65950.00000000009 5.683827383430626e-08
66000.00000000009 8.030401006905436e-08
66050.00000000009 1.4943095124134022e-07
66100.00000000009 8.988728175465124e-08
66150.00000000009 6.696487335159294e-08
66200.00000000009 6.720364590281243e-08
66250.00000000009 6.202023731480577e-08
66300.00000000009 3.085409132573066e-08
66350.00000000009 4.121730436494397e-08
66400.00000000009 5.949236363321907e-08
66450.00000000009 1.0553926987173081e-07
66500.00000000009 1.441516591108613e-07
66550.00000000009 1.4167340189712256e-07
66600.00000000009 1.0615339938304085e-07
66650.00000000009 8.938657213900584e-08
66700.00000000009 8.319341193901939e-08
66750.00000000009 7.619576132963436e-08
66800.00000000009 1.0006726807191602e-07
66850.00000000009 6.674262994717055e-08
66900.00000000009 1.2272153657737682e-07
66950.00000000009 1.4387674936021987e-07
67000.00000000009 1.33181331449158e-07
67050.00000000009 9.416544785387043e-08
67100.00000000009 7.214226320897362e-08
67150.00000000009 7.55770481852104e-08
67200.00000000009 9.428025597907835e-08
67250.00000000009 9.601930658414749e-08
67300.00000000009 1.080903013373188e-07
67350.00000000009 6.806674559137676e-08
67400.00000000009 1.406520507729174e-07
67450.00000000009 1.0459032787327275e-07
67500.00000000009 9.462485428549379e-08
67550.00000000009 1.2112184341840807e-07
67600.00000000009 1.9462609866191956e-07
67650.00000000009 1.4559131010096033e-07
67700.00000000009 1.0674128766860438e-07
67750.00000000009 9.009990377968533e-08
67800.00000000009 1.2300371157582212e-07
67850.00000000009 7.080189295497751e-08
67900.00000000009 8.966776887135497e-08
67950.00000000009 6.290363211906138e-08
68000.00000000009 9.348933082894979e-08
