galfind/configs/Brown_Dwarf_templates/sonora_cholla/logkzz4/56g/1000K_56g_logkzz4_resample.dat
# %ECSV 1.0
# ---
# datatype:
# - {name: wav, unit: Angstrom, datatype: float64}
# - {name: flux_nu, unit: erg / (cm2 Hz s), datatype: float64}
# schema: astropy-2.0
wav flux_nu
[from data line 388]
29400.000000000095 9.603260265871963e-08
29450.000000000095 9.66223604839983e-08
29500.000000000095 1.0264596811476772e-07
29550.000000000095 8.547712687652015e-08
29600.000000000095 1.2664511530854533e-07
29650.000000000095 1.0436623900345718e-07
29700.000000000095 8.925894893874373e-08
29750.000000000095 1.0917664052115054e-07
29800.000000000095 1.3847628741777818e-07
29850.000000000095 1.405185530746178e-07
29900.000000000095 1.2501965403856213e-07
29950.000000000095 1.0755375537546415e-07
30000.000000000095 1.1654731200968217e-07
30050.000000000095 9.867029092344206e-08
30100.000000000095 1.1630794505188188e-07
30150.000000000095 1.4440531169608058e-07
30200.000000000095 1.1173095539106392e-07
30250.000000000095 1.536925075372671e-07
30300.000000000095 1.324499990964701e-07
30350.000000000095 1.076498276197305e-07
30400.000000000095 1.3676357627343528e-07
30450.000000000095 1.1102361244057708e-07
30500.000000000095 1.0462931696196446e-07
30550.000000000095 1.1333580435785627e-07
30600.000000000095 1.2398044926678675e-07
30650.000000000095 1.1418343882322294e-07
30700.000000000095 9.937806002966922e-08
30750.000000000095 9.009859804856378e-08
30800.000000000095 9.120056218232405e-08
30850.000000000095 8.756838832621285e-08
30900.000000000095 8.652195398305217e-08
30950.000000000095 6.100926017334524e-08
31000.000000000095 7.406383594469933e-08
31050.000000000095 7.295727080722576e-08
31100.000000000095 4.928748502562311e-08
31150.000000000095 6.305736706245018e-08
31200.000000000095 6.33057143399429e-08
31250.000000000095 5.1994160481873186e-08
31300.000000000095 4.938171302342844e-08
31350.000000000095 4.8261512865788085e-08
31400.000000000095 3.187717934944439e-08
31450.000000000095 5.0677568312470825e-08
31500.000000000095 3.4637650527949015e-08
31550.000000000095 4.6349591964287004e-08
31600.000000000095 3.053266713056848e-08
31650.000000000095 3.355591808213071e-08
31700.000000000095 3.560576615837425e-08
31750.000000000095 2.678600251114633e-08
31800.000000000095 3.292745791493281e-08
31850.000000000095 3.044213124736345e-08
31900.000000000095 2.8460525355473434e-08
31950.000000000095 2.87872936753123e-08
32000.000000000095 2.8739962248126317e-08
32050.000000000095 2.1009902740841194e-08
32100.000000000095 2.138742509284076e-08
32150.000000000095 2.7055765784446002e-08
32200.000000000095 2.1562302385060855e-08
32250.000000000095 3.130169721959346e-08
32300.000000000095 1.8119006683575964e-08
32350.000000000095 3.589137746322941e-08
32400.000000000095 2.566627321040501e-08
32450.000000000095 3.3952668281461795e-08
32500.000000000095 2.567582721655302e-08
32550.000000000095 3.3036615905506536e-08
32600.000000000095 3.491224378972424e-08
32650.000000000095 4.603272353538426e-08
32700.000000000095 3.534116644422901e-08
32750.000000000095 5.204637034737815e-08
32800.000000000095 3.540310707304933e-08
32850.000000000095 5.328129777140379e-08
32900.000000000095 5.5943906605017e-08
32950.000000000095 6.010257843986353e-08
33000.000000000095 5.23625200645005e-08
33050.000000000095 5.094420938050835e-08
33100.000000000095 2.4918007129848772e-08
33150.000000000095 7.50792602294502e-09
33200.000000000095 8.291236706045372e-09
33250.000000000095 4.253464557694543e-09
33300.000000000095 4.609464857227811e-09
33350.000000000095 9.179008703979765e-09
33400.000000000095 1.383420236638548e-08
33450.000000000095 1.8212150810904454e-08
33500.000000000095 2.4041871019152043e-08
33550.000000000095 2.3771464604588616e-08
33600.000000000095 3.768911133665346e-08
33650.000000000095 3.554437570780662e-08
33700.000000000095 3.3390397404105834e-08
33750.000000000095 4.3753610808067986e-08
33800.000000000095 3.369280824411132e-08
33850.000000000095 4.402049657241098e-08
33900.000000000095 3.985784635222554e-08
33950.000000000095 4.2701938123956516e-08
34000.000000000095 4.7946670929775863e-08
34050.000000000095 2.3297839273870176e-08
34100.000000000095 4.664101491615724e-08
34150.000000000095 3.537456707236978e-08
34200.000000000095 4.4186943975675456e-08
34250.000000000095 3.4422622504720505e-08
34300.000000000095 2.9522432137284834e-08
34350.000000000095 3.996576173550361e-08
34400.000000000095 3.4256291645649444e-08
34450.000000000095 4.80042302298646e-08
34500.000000000095 3.863830606124315e-08
34550.000000000095 2.8411925827543545e-08
34600.000000000095 4.7692006980157975e-08
34650.000000000095 3.198802051923534e-08
34700.000000000095 3.527612583129178e-08
34750.000000000095 3.2763253668041947e-08
34800.000000000095 2.4651402518351853e-08
34850.000000000095 3.737628132997951e-08
34900.000000000095 4.5804675503893175e-08
34950.000000000095 3.768962288636767e-08
35000.000000000095 4.958926234891216e-08
35050.000000000095 4.0533665028759045e-08
35100.000000000095 5.120608336832753e-08
35150.000000000095 4.8094762861886185e-08
35200.000000000095 6.954271828181926e-08
35250.000000000095 6.325530136630003e-08
35300.000000000095 4.4584740743221603e-08
35350.000000000095 6.486331785848622e-08
35400.000000000095 6.192441570620902e-08
35450.000000000095 5.431890489097542e-08
35500.000000000095 8.797405946889577e-08
35550.000000000095 7.555567392624369e-08
35600.000000000095 7.650512470020384e-08
35650.000000000095 7.398398117976602e-08
35700.000000000095 5.4385895518314056e-08
35750.000000000095 9.633618369329256e-08
35800.000000000095 8.460648869140185e-08
35850.000000000095 6.134811463382069e-08
35900.000000000095 9.603574692871552e-08
35950.000000000095 8.78937231745127e-08
36000.000000000095 6.175737413059003e-08
36050.000000000095 8.929625207606108e-08
36100.000000000095 8.739446115652991e-08
36150.000000000095 8.990351785988812e-08
36200.000000000095 8.900092352389372e-08
36250.000000000095 9.950125071008727e-08
36300.000000000095 1.0581124668049307e-07
36350.000000000095 1.1558816939636387e-07
36400.000000000095 1.3592219755121084e-07
36450.000000000095 1.3181264701313034e-07
36500.000000000095 1.4088488696491944e-07
36550.000000000095 1.335520353559308e-07
36600.000000000095 1.652218292350567e-07
36650.000000000095 1.702429682620861e-07
36700.000000000095 1.8534415485571149e-07
36750.000000000095 1.9764529659000147e-07
36800.000000000095 1.7737589502458897e-07
36850.000000000095 1.704382841223736e-07
36900.000000000095 1.7804035934139372e-07
36950.000000000095 1.9472271911552656e-07
37000.000000000095 1.8396539803123752e-07
37050.000000000095 1.9965047853670004e-07
37100.000000000095 2.1813767114364312e-07
37150.000000000095 2.1777283819193938e-07
37200.000000000095 2.0960461041383512e-07
37250.000000000095 1.8758901343479932e-07
37300.000000000095 2.0212258998994716e-07
37350.000000000095 2.2137471542007083e-07
37400.000000000095 2.551242695775114e-07
37450.000000000095 2.423536692960943e-07
37500.000000000095 1.9991334987949916e-07
37550.000000000095 2.8827317340847835e-07
37600.000000000095 2.971450615673974e-07
37650.000000000095 2.3769808482033987e-07
37700.000000000095 2.5130401694889505e-07
37750.000000000095 2.0881074146942168e-07
37800.000000000095 2.3580731980398698e-07
37850.000000000095 2.1806846646140822e-07
37900.000000000095 2.434515128741925e-07
37950.000000000095 2.768635566350412e-07
38000.000000000095 3.1960327744401436e-07
38050.000000000095 2.7750216601501664e-07
38100.000000000095 2.990315417964915e-07
38150.000000000095 3.187845529891383e-07
38200.000000000095 3.44920669143863e-07
38250.000000000095 3.2404757133108434e-07
38300.000000000095 3.836504910169508e-07
38350.000000000095 3.970440769970575e-07
38400.000000000095 2.873109410968838e-07
38450.000000000095 3.188253271819583e-07
38500.000000000095 2.7028826448571397e-07
38550.000000000095 3.1632330474228e-07
38600.000000000095 3.2635368714767976e-07
38650.000000000095 4.162703091798748e-07
38700.000000000095 3.734804568188753e-07
38750.000000000095 3.752127503227474e-07
38800.000000000095 3.3428584040962096e-07
38850.000000000095 4.232697477313108e-07
38900.000000000095 4.16171326603273e-07
38950.000000000095 3.8726150543598643e-07
39000.000000000095 4.6467680011882177e-07
39050.000000000095 4.0048654482503166e-07
39100.000000000095 4.1870122591639966e-07
39150.000000000095 4.0593028584908066e-07
39200.000000000095 3.9021666984570273e-07
39250.000000000095 4.661174430758732e-07
39300.000000000095 4.4628919996079833e-07
39350.000000000095 5.392224176195002e-07
39400.000000000095 5.185173266760857e-07
39450.000000000095 5.101564729773864e-07
39500.000000000095 4.234092377152744e-07
39550.000000000095 4.6141509018438784e-07
39600.000000000095 4.894936532039135e-07
39650.000000000095 5.735077812497092e-07
39700.000000000095 4.791423348149836e-07
39750.000000000095 4.061510561380852e-07
39800.000000000095 5.218204904396929e-07
39850.000000000095 5.427287724752581e-07
39900.000000000095 5.234837843313911e-07
39950.000000000095 5.308101777224106e-07
40000.000000000095 5.693310765224065e-07
40050.000000000095 5.791062760023344e-07
40100.000000000095 4.947465012869056e-07
40150.000000000095 6.519723474841553e-07
40200.000000000095 6.493071517343156e-07
40250.000000000095 5.433426615290844e-07
40300.000000000095 6.118815869429164e-07
40350.000000000095 5.450197015161249e-07
40400.000000000095 6.137034817844473e-07
40450.000000000095 6.010761750946055e-07
40500.000000000095 5.956056923807885e-07
40550.000000000095 6.314748706188535e-07
40600.000000000095 5.808412865641231e-07
40650.000000000095 6.55270114592066e-07
40700.000000000095 7.670070156352711e-07
40750.000000000095 6.730640223968303e-07
40800.000000000095 5.527256860013162e-07
40850.000000000095 6.914864147607023e-07
40900.000000000095 5.81804855656422e-07
40950.000000000095 5.980415739775679e-07
41000.000000000095 6.47156759052786e-07
41050.000000000095 7.188164539179737e-07
41100.000000000095 5.828178438756316e-07
41150.000000000095 5.444011253855782e-07
41200.000000000095 6.985162684822321e-07
41250.000000000095 6.817097053222688e-07
41300.000000000095 5.385993830541133e-07
41350.000000000095 7.343408450267915e-07
41400.000000000095 6.730890835585013e-07
41450.000000000095 6.984982161297935e-07
41500.000000000095 6.197155731504566e-07
41550.000000000095 5.980601885652782e-07
41600.000000000095 6.884850066775967e-07
41650.000000000095 5.992993849712921e-07
41700.000000000095 6.008060102321911e-07
41750.000000000095 5.1462603657852e-07
41800.000000000095 7.115830002258408e-07
41850.000000000095 4.1349762605594966e-07
41900.000000000095 5.642943673712609e-07
41950.000000000095 5.519289286093755e-07
42000.000000000095 5.87232868563054e-07
42050.000000000095 5.106774656536465e-07
42100.000000000095 5.547048150681337e-07
42150.000000000095 4.3957202079789273e-07
42200.000000000095 5.074412176292007e-07
42250.000000000095 4.4771411253534903e-07
42300.000000000095 4.831942914946713e-07
42350.000000000095 5.009109544319408e-07
42400.000000000095 4.0157310405680055e-07
42450.000000000095 3.7729149016255416e-07
42500.000000000095 4.001819453809055e-07
42550.000000000095 4.117502226372953e-07
42600.000000000095 4.264641283472234e-07
42650.000000000095 5.304595184133927e-07
42700.000000000095 4.2485965194582554e-07
42750.000000000095 4.220877216205226e-07
42800.000000000095 3.6498887169625433e-07
42850.000000000095 4.443945872848412e-07
42900.000000000095 4.673695627160968e-07
42950.000000000095 3.631259864870493e-07
43000.000000000095 4.945541008672634e-07
43050.000000000095 3.2642886006036877e-07
43100.000000000095 4.399876666921336e-07
43150.000000000095 4.825301147697952e-07
43200.000000000095 4.742318137936537e-07
43250.000000000095 4.344421064885343e-07
43300.000000000095 5.30307717300103e-07
43350.000000000095 4.0412229921587627e-07
43400.000000000095 4.859436427569984e-07
43450.000000000095 3.5770276538534954e-07
43500.000000000095 3.37086076582808e-07
43550.000000000095 3.5662860292099406e-07
43600.000000000095 4.52186908917877e-07
43650.000000000095 3.194206603191112e-07
43700.000000000095 4.727634627087497e-07
43750.000000000095 4.723656106423461e-07
43800.000000000095 3.706428606591109e-07
43850.000000000095 4.009588555913523e-07
43900.000000000095 2.9418828965136633e-07
43950.000000000095 3.2558055802090773e-07
44000.000000000095 2.1870632193284482e-07
44050.000000000095 3.258180418932641e-07
44100.000000000095 3.310354090316701e-07
44150.000000000095 3.324784138831748e-07
44200.000000000095 2.7812668818006006e-07
44250.000000000095 2.7379586098365406e-07
44300.000000000095 2.4837960715830205e-07
44350.000000000095 1.9561269655930165e-07
44400.000000000095 2.1895480144888586e-07
44450.000000000095 2.1582891275220665e-07
44500.000000000095 1.6710015277163826e-07
44550.000000000095 1.9439707632136367e-07
44600.000000000095 1.6137657300525998e-07
44650.000000000095 1.8663120579409045e-07
44700.000000000095 1.7110313803338775e-07
44750.000000000095 1.784352282507116e-07
44800.000000000095 1.6342844056496738e-07
44850.000000000095 1.5172112480907672e-07
44900.000000000095 1.2273724637312136e-07
44950.000000000095 1.2375327548109777e-07
45000.000000000095 1.2545317743125696e-07
45050.000000000095 1.327960020787636e-07
45100.000000000095 1.182363234832864e-07
45150.000000000095 1.1284556751861999e-07
45200.000000000095 8.952038757672631e-08
45250.000000000095 9.667254370695136e-08
45300.000000000095 1.102657742790138e-07
45350.000000000095 1.1178688300813398e-07
45400.000000000095 8.275608781533702e-08
45450.000000000095 8.438660762941509e-08
45500.000000000095 8.606538132645e-08
45550.000000000095 1.0425729144175078e-07
45600.000000000095 8.170976870159043e-08
45650.000000000095 8.245765830929974e-08
45700.000000000095 1.0620294126846732e-07
45750.000000000095 9.060276515069574e-08
45800.000000000095 7.684732990471784e-08
45850.000000000095 1.1574924971551233e-07
45900.000000000095 1.124111688876518e-07
45950.000000000095 7.975388357055378e-08
46000.000000000095 1.0644900776456677e-07
46050.000000000095 1.1614515516574346e-07
46100.000000000095 8.041943877992209e-08
46150.000000000095 1.159637428345502e-07
46200.000000000095 1.0863531056030298e-07
46250.000000000095 6.02987392079035e-08
46300.000000000095 1.2804151269312847e-07
46350.000000000095 9.158535362698574e-08
46400.000000000095 1.1119583507382086e-07
46450.000000000095 1.4826385623733126e-07
46500.000000000095 1.0750706224722815e-07
46550.000000000095 1.5416074457568136e-07
46600.000000000095 1.5658641645224314e-07
46650.000000000095 2.4671689124627046e-07
46700.000000000095 1.8065541076894252e-07
46750.000000000095 1.4251378833069143e-07
46800.000000000095 1.1458614669901078e-07
46850.000000000095 1.5281514794988544e-07
46900.000000000095 1.301734255458633e-07
46950.000000000095 1.766530550616508e-07
47000.000000000095 1.0149466739211093e-07
47050.000000000095 1.8760977727471016e-07
47100.000000000095 9.386539138047104e-08
47150.000000000095 1.1520893796689096e-07
47200.000000000095 1.365417949871876e-07
47250.000000000095 9.866043044659505e-08
47300.000000000095 1.1846697381958923e-07
47350.000000000095 8.552313381258295e-08
47400.000000000095 1.523648032614489e-07
47450.000000000095 8.695842232955826e-08
47500.000000000095 1.64746389952953e-07
47550.000000000095 9.118902161211955e-08
47600.000000000095 1.5573115894778394e-07
47650.000000000095 9.439621428783232e-08
47700.000000000095 1.4570202586309118e-07
47750.000000000095 8.088045172510858e-08
47800.000000000095 1.4134548876787983e-07
47850.000000000095 7.579772375216566e-08
47900.000000000095 1.3319233033662987e-07
47950.000000000095 9.912551421648305e-08
48000.000000000095 1.7666403887445035e-07
48050.000000000095 1.1572384839923481e-07
48100.000000000095 1.5882343094859092e-07
48150.000000000095 1.1159657128767912e-07
48200.000000000095 1.6618641668524365e-07
48250.000000000095 1.2277137269450686e-07
48300.000000000095 2.0375298887165722e-07
48350.000000000095 1.1112413423728649e-07
48400.000000000095 1.5574355927574476e-07
48450.000000000095 1.0296770275724375e-07
48500.000000000095 2.0020436988950045e-07
48550.000000000095 1.0015663144995629e-07
48600.000000000095 1.817427479229987e-07
48650.000000000095 1.0376623733258192e-07
