galfind/configs/Brown_Dwarf_templates/sonora_cholla/logkzz4/56g/1000K_56g_logkzz4_resample.dat
# %ECSV 1.0
# ---
# datatype:
# - {name: wav, unit: Angstrom, datatype: float64}
# - {name: flux_nu, unit: erg / (cm2 Hz s), datatype: float64}
# schema: astropy-2.0
wav flux_nu
[from data line 1161]
68050.00000000009 1.681891793903684e-07
68100.00000000009 1.86989701256491e-07
68150.00000000009 1.4664088072875976e-07
68200.00000000009 1.4917367359667347e-07
68250.00000000009 7.20622624072221e-08
68300.00000000009 1.3110026630160097e-07
68350.00000000009 7.085154856062494e-08
68400.00000000009 1.9182962571050866e-07
68450.00000000009 1.8267886439368763e-07
68500.00000000009 1.5110886984626123e-07
68550.00000000009 1.0404028894462637e-07
68600.00000000009 1.0892553334979364e-07
68650.00000000009 7.376594820729953e-08
68700.00000000009 1.2012925133443014e-07
68750.00000000009 1.488124620242845e-07
68800.00000000009 1.6399840650696187e-07
68850.00000000009 8.47896529198303e-08
68900.00000000009 2.0030233628949944e-07
68950.00000000009 2.0469741810768288e-07
69000.00000000009 1.8957613217832548e-07
69050.00000000009 1.210462720044614e-07
69100.00000000009 1.9545328342564958e-07
69150.00000000009 2.395207328732284e-07
69200.00000000009 1.5051265506204068e-07
69250.00000000009 2.1950404795561811e-07
69300.00000000009 1.418678039344215e-07
69350.00000000009 2.0228174899624614e-07
69400.00000000009 1.0090826358522403e-07
69450.00000000009 2.0611184349819609e-07
69500.00000000009 1.3604128749347896e-07
69550.00000000009 1.431051090650056e-07
69600.00000000009 6.053938428630779e-08
69650.00000000009 1.3088679719221272e-07
69700.00000000009 1.9435264220375922e-07
69750.00000000009 1.3588279389002772e-07
69800.00000000009 1.8051425034125735e-07
69850.00000000009 1.8536259080892246e-07
69900.00000000009 1.241989627114182e-07
69950.00000000009 1.4566409998794147e-07
70000.00000000009 1.3324261160546195e-07
70050.00000000009 1.9784570505830665e-07
70100.00000000009 1.5100927250276565e-07
70150.00000000009 1.5936759920128743e-07
70200.00000000009 1.1298574052697063e-07
70250.00000000009 1.5054494743734124e-07
70300.00000000009 1.9104154742845692e-07
70350.00000000009 1.3744422222053427e-07
70400.00000000009 1.265504205590261e-07
70450.00000000009 6.483826851409953e-08
70500.00000000009 1.0242947041681187e-07
70550.00000000009 1.102744604968191e-07
70600.00000000009 1.041462819120227e-07
70650.00000000009 1.6308722568430254e-07
70700.00000000009 1.5431754020742052e-07
70750.00000000009 1.7495804813768588e-07
70800.00000000009 1.1753568241001327e-07
70850.00000000009 1.18149181380325e-07
70900.00000000009 1.1383442302725322e-07
70950.00000000009 1.8539823625330765e-07
71000.00000000009 1.5086172374058747e-07
71050.00000000009 1.5531749232337775e-07
71100.00000000009 1.351160029542563e-07
71150.00000000009 1.4064439066769157e-07
71200.00000000009 1.2401255862014387e-07
71250.00000000009 1.3237646402534646e-07
71300.00000000009 1.7827038843073004e-07
71350.00000000009 1.6839609846246017e-07
71400.00000000009 1.6443116428171293e-07
71450.00000000009 9.252322933751117e-08
71500.00000000009 1.1551770586175044e-07
71550.00000000009 1.2494627570758753e-07
71600.00000000009 1.3287505573635406e-07
71650.00000000009 1.274488695549957e-07
71700.00000000009 1.035870251760207e-07
71750.00000000009 1.281743249914811e-07
71800.00000000009 1.6912605270260944e-07
71850.00000000009 1.6106024556931552e-07
71900.00000000009 1.1263650742840047e-07
71950.00000000009 1.2169389128897866e-07
72000.00000000009 1.2273533650891706e-07
72050.00000000009 9.495808777653002e-08
72100.00000000009 1.1124424222606443e-07
72150.00000000009 9.288692440149882e-08
72200.00000000009 1.2023492523917067e-07
72250.00000000009 1.3797955661588697e-07
72300.00000000009 1.3336120199095267e-07
72350.00000000009 1.3337722632918322e-07
72400.00000000009 1.0713757906942557e-07
72450.00000000009 9.79562874475331e-08
72500.00000000009 1.1632199571391184e-07
72550.00000000009 7.200494704959946e-08
72600.00000000009 6.959623584269022e-08
72650.00000000009 1.4134364794935158e-07
72700.00000000009 1.380457093375516e-07
72750.00000000009 1.1437790355137983e-07
72800.00000000009 1.0552889789123343e-07
72850.00000000009 1.0069352774752236e-07
72900.00000000009 1.2132981370742328e-07
72950.00000000009 1.263084279997887e-07
73000.00000000009 1.2768269616345566e-07
73050.00000000009 1.0460126654591723e-07
73100.00000000009 9.254572472988603e-08
73150.00000000009 1.6274172919311016e-07
73200.00000000009 9.708168344451196e-08
73250.00000000009 1.1112534417930687e-07
73300.00000000009 1.168865903461958e-07
73350.00000000009 9.075378436376204e-08
73400.00000000009 1.1371616664144101e-07
73450.00000000009 7.60589782436956e-08
73500.00000000009 7.780808030807752e-08
73550.00000000009 1.0227214108353301e-07
73600.00000000009 7.750817504108928e-08
73650.00000000009 1.0981277612228367e-07
73700.00000000009 1.316044351403902e-07
73750.00000000009 7.789035244964883e-08
73800.00000000009 1.0275509540564045e-07
73850.00000000009 1.124173189432743e-07
73900.00000000009 1.2329829063403938e-07
73950.00000000009 1.0755066539004124e-07
74000.00000000009 9.566455088027399e-08
74050.00000000009 1.615579573551799e-07
74100.00000000009 9.606753572457414e-08
74150.00000000009 1.1138191855628627e-07
74200.00000000009 9.929706094041262e-08
74250.00000000009 6.04732681358649e-08
74300.00000000009 1.0058700743877884e-07
74350.00000000009 1.2487058334565178e-07
74400.00000000009 1.110605681447756e-07
74450.00000000009 6.769199127332474e-08
74500.00000000009 8.260259498560298e-08
74550.00000000009 9.962634698841574e-08
74600.00000000009 9.876910466916103e-08
74650.00000000009 9.830778415115818e-08
74700.00000000009 7.566071549859089e-08
74750.00000000009 8.998278508396026e-08
74800.00000000009 9.282584454707532e-08
74850.00000000009 6.121183348539293e-08
74900.00000000009 1.2787868484815013e-07
74950.00000000009 1.37497914673238e-07
75000.00000000009 1.0655105383952943e-07
75050.00000000009 8.1164635120512e-08
75100.00000000009 1.4617700613238674e-07
75150.00000000009 1.199844587448632e-07
75200.00000000009 1.4320727021309755e-07
75250.00000000009 1.2395474473829422e-07
75300.00000000009 1.3675438102463396e-07
75350.00000000009 8.19828401930895e-08
75400.00000000009 1.367694803127479e-07
75450.00000000009 1.169664931436215e-07
75500.00000000009 1.0444124094386978e-07
75550.00000000009 1.4536517477920845e-07
75600.00000000009 1.6995491445713526e-07
75650.00000000009 1.0156183265504202e-07
75700.00000000009 1.1427269049209098e-07
75750.00000000009 8.191985832962724e-08
75800.00000000009 1.273816748489087e-07
75850.00000000009 1.5881142335848775e-07
75900.00000000009 1.364811393799021e-07
75950.00000000009 1.0560619479653074e-07
76000.00000000009 1.1821526978016987e-07
76050.00000000009 1.385043867753181e-07
76100.00000000009 1.129353632915968e-07
76150.00000000009 1.4145214814869232e-07
76200.00000000009 1.438742157951858e-07
76250.00000000009 1.6978345315390542e-07
76300.00000000009 1.746947888480523e-07
76350.00000000009 2.1663226737663603e-07
76400.00000000009 1.6689893670383313e-07
76450.00000000009 1.6033159435677993e-07
76500.00000000009 1.2859457540709853e-07
76550.00000000009 1.1837181975023106e-07
76600.00000000009 5.796324600914752e-08
76650.00000000009 5.971952223697543e-08
76700.00000000009 6.874282067691771e-08
76750.00000000009 6.454824558887449e-08
76800.00000000009 1.0066783200210462e-07
76850.00000000009 3.817764257295929e-08
76900.00000000009 5.111209796793611e-08
76950.00000000009 7.781402435357475e-08
77000.00000000009 8.615933022536152e-08
77050.00000000009 5.704917151521197e-08
77100.00000000009 6.537229131981842e-08
77150.00000000009 9.954429483142602e-08
77200.00000000009 7.885954441803696e-08
77250.00000000009 9.00184899520128e-08
77300.00000000009 8.56441035689997e-08
77350.00000000009 5.6993310481197583e-08
77400.00000000009 5.196516719705422e-08
77450.00000000009 6.089647077391701e-08
77500.00000000009 6.364634976905169e-08
77550.00000000009 7.772676993326483e-08
77600.00000000009 8.28038122403924e-08
77650.00000000009 7.900440528264755e-08
77700.00000000009 5.363822430705975e-08
77750.00000000009 9.862056751248897e-08
77800.00000000009 7.674935990392459e-08
77850.00000000009 1.210498881629444e-07
77900.00000000009 9.683183024763597e-08
77950.00000000009 6.286916582372982e-08
78000.00000000009 8.061004660138814e-08
78050.00000000009 9.923032029528623e-08
78100.00000000009 7.524122152417797e-08
78150.00000000009 1.1109953485461164e-07
78200.00000000009 1.1273312863762774e-07
78250.00000000009 1.2234669396778612e-07
78300.00000000009 1.200481060463972e-07
78350.00000000009 1.0703364149817752e-07
78400.00000000009 1.0062607046358938e-07
78450.00000000009 1.364455727719785e-07
78500.00000000009 1.1764087008949902e-07
78550.00000000009 1.3344660814780275e-07
78600.00000000009 1.1521838409596972e-07
78650.00000000009 5.373876889787097e-08
78700.00000000009 8.628675520443261e-08
78750.00000000009 8.405573931078794e-08
78800.00000000009 1.1771925255382782e-07
78850.00000000009 8.126588634491903e-08
78900.00000000009 1.1257437970102305e-07
78950.00000000009 9.832756863412039e-08
79000.00000000009 9.793113869963488e-08
79050.00000000009 9.103524661027281e-08
79100.00000000009 9.795000242653189e-08
79150.00000000009 1.07050868685278e-07
79200.00000000009 1.3479759649962027e-07
79250.00000000009 1.164252177729446e-07
79300.00000000009 7.992370842463588e-08
79350.00000000009 1.191194332888993e-07
79400.00000000009 1.0174961109004946e-07
79450.00000000009 1.1041677480809131e-07
79500.00000000009 1.646899298796631e-07
79550.00000000009 1.2886109733461673e-07
79600.00000000009 8.905171036904191e-08
79650.00000000009 1.1646239581291497e-07
79700.00000000009 1.4511003462837645e-07
79750.00000000009 1.3515003311144132e-07
79800.00000000009 1.1484645547077177e-07
79850.00000000009 1.1126074870467083e-07
79900.00000000009 1.668019850935493e-07
79950.00000000009 1.0933523567815758e-07
