galfind/configs/Brown_Dwarf_templates/sonora_cholla/logkzz4/56g/1050K_56g_logkzz4_resample.dat
# %ECSV 1.0
# ---
# datatype:
# - {name: wav, unit: Angstrom, datatype: float64}
# - {name: flux_nu, unit: erg / (cm2 Hz s), datatype: float64}
# schema: astropy-2.0
wav flux_nu
[from data line 1161]
68050.00000000009 2.0118295563809314e-07
68100.00000000009 2.1530523256244544e-07
68150.00000000009 1.6940887862289078e-07
68200.00000000009 1.7508470280369878e-07
68250.00000000009 9.08554902422771e-08
68300.00000000009 1.5563560210734355e-07
68350.00000000009 8.635121377124084e-08
68400.00000000009 2.1970476329010747e-07
68450.00000000009 2.120873379620947e-07
68500.00000000009 1.7852764102040681e-07
68550.00000000009 1.2744948968804896e-07
68600.00000000009 1.3428706178049557e-07
68650.00000000009 9.481374436976502e-08
68700.00000000009 1.4684968092711806e-07
68750.00000000009 1.7794078664720364e-07
68800.00000000009 1.9229728194331707e-07
68850.00000000009 1.0679963350885013e-07
68900.00000000009 2.3307326548650094e-07
68950.00000000009 2.415349294413089e-07
69000.00000000009 2.263562514558983e-07
69050.00000000009 1.4803819227008945e-07
69100.00000000009 2.2577163519675892e-07
69150.00000000009 2.7492200396761e-07
69200.00000000009 1.7509922479461864e-07
69250.00000000009 2.476659587213516e-07
69300.00000000009 1.8104303193183873e-07
69350.00000000009 2.3004009007734313e-07
69400.00000000009 1.2191414042715122e-07
69450.00000000009 2.392344858463184e-07
69500.00000000009 1.6308921676379687e-07
69550.00000000009 1.7291229330726052e-07
69600.00000000009 7.618705913385337e-08
69650.00000000009 1.6009247872035768e-07
69700.00000000009 2.2288957387742808e-07
69750.00000000009 1.6018646386229896e-07
69800.00000000009 2.1199800721454306e-07
69850.00000000009 2.187773249490364e-07
69900.00000000009 1.4647877959845407e-07
69950.00000000009 1.7769788354846644e-07
70000.00000000009 1.5614507867272542e-07
70050.00000000009 2.255118054192073e-07
70100.00000000009 1.7518141147623876e-07
70150.00000000009 1.902818669517602e-07
70200.00000000009 1.3766440239790438e-07
70250.00000000009 1.7652135334549845e-07
70300.00000000009 2.18448782476611e-07
70350.00000000009 1.605872201089336e-07
70400.00000000009 1.545653991681361e-07
70450.00000000009 8.3468020438728e-08
70500.00000000009 1.2418958629776727e-07
70550.00000000009 1.3416186316552277e-07
70600.00000000009 1.3086113096205324e-07
70650.00000000009 1.874015024356307e-07
70700.00000000009 1.7917878099173454e-07
70750.00000000009 2.0338163131880912e-07
70800.00000000009 1.39343023190227e-07
70850.00000000009 1.3900861439398917e-07
70900.00000000009 1.339103173419477e-07
70950.00000000009 2.145259135059288e-07
71000.00000000009 1.75387582584958e-07
71050.00000000009 1.8401020066085826e-07
71100.00000000009 1.6369358519204951e-07
71150.00000000009 1.6890419164996202e-07
71200.00000000009 1.4779777038627304e-07
71250.00000000009 1.5786989473602497e-07
71300.00000000009 2.057131019617573e-07
71350.00000000009 1.9100197247224017e-07
71400.00000000009 1.907386295483269e-07
71450.00000000009 1.128468204611098e-07
71500.00000000009 1.3946870474548736e-07
71550.00000000009 1.4999498810564322e-07
71600.00000000009 1.5767682608874898e-07
71650.00000000009 1.5415670221240548e-07
71700.00000000009 1.2741646014552556e-07
71750.00000000009 1.531395919966178e-07
71800.00000000009 1.9849166974081932e-07
71850.00000000009 1.9047830086967752e-07
71900.00000000009 1.3595513756976372e-07
71950.00000000009 1.4563147624730611e-07
72000.00000000009 1.4649570337393267e-07
72050.00000000009 1.1681633109039415e-07
72100.00000000009 1.3554841707711136e-07
72150.00000000009 1.160824841785234e-07
72200.00000000009 1.4198133513666943e-07
72250.00000000009 1.625442895233667e-07
72300.00000000009 1.5981358908545368e-07
72350.00000000009 1.5572244591512052e-07
72400.00000000009 1.254438696976862e-07
72450.00000000009 1.1991869411333606e-07
72500.00000000009 1.3875831282101868e-07
72550.00000000009 8.696283132773863e-08
72600.00000000009 8.254789184389024e-08
72650.00000000009 1.6746660542946555e-07
72700.00000000009 1.6650804014306046e-07
72750.00000000009 1.3848611423508045e-07
72800.00000000009 1.3012283612975514e-07
72850.00000000009 1.2300464539661068e-07
72900.00000000009 1.4374816051178704e-07
72950.00000000009 1.4823370346745764e-07
73000.00000000009 1.524767900831698e-07
73050.00000000009 1.2906991770493874e-07
73100.00000000009 1.1334548876061176e-07
73150.00000000009 1.9007412249715988e-07
73200.00000000009 1.2017404704981452e-07
73250.00000000009 1.344393460910783e-07
73300.00000000009 1.4130314716728658e-07
73350.00000000009 1.1341303853522269e-07
73400.00000000009 1.3704379691547434e-07
73450.00000000009 9.223937172508268e-08
73500.00000000009 9.930250924262833e-08
73550.00000000009 1.2441935451216777e-07
73600.00000000009 9.693386651387852e-08
73650.00000000009 1.3144387821577913e-07
73700.00000000009 1.5899503491611052e-07
73750.00000000009 9.916618562750269e-08
73800.00000000009 1.2238595502817022e-07
73850.00000000009 1.3366900332934464e-07
73900.00000000009 1.494625126329798e-07
73950.00000000009 1.2897064925772523e-07
74000.00000000009 1.2111863615244956e-07
74050.00000000009 1.9046640115077436e-07
74100.00000000009 1.143925208444524e-07
74150.00000000009 1.3633517886103212e-07
74200.00000000009 1.2225767324404776e-07
74250.00000000009 8.335362805773396e-08
74300.00000000009 1.2474210430617544e-07
74350.00000000009 1.4787790273547994e-07
74400.00000000009 1.3225394154371038e-07
74450.00000000009 8.383525954837124e-08
74500.00000000009 1.0252672376423781e-07
74550.00000000009 1.2138861038826745e-07
74600.00000000009 1.197229059132244e-07
74650.00000000009 1.1887736096345476e-07
74700.00000000009 9.264579091256917e-08
74750.00000000009 1.1310563624526436e-07
74800.00000000009 1.1334891786965661e-07
74850.00000000009 7.160282233324386e-08
74900.00000000009 1.565565065859253e-07
74950.00000000009 1.616267011677759e-07
75000.00000000009 1.3154123648677645e-07
75050.00000000009 1.0761475843680806e-07
75100.00000000009 1.735233361340277e-07
75150.00000000009 1.4228313650900592e-07
75200.00000000009 1.6998000909820846e-07
75250.00000000009 1.452534982010356e-07
75300.00000000009 1.6394106594423892e-07
75350.00000000009 1.0004374993338049e-07
75400.00000000009 1.5943562341556292e-07
75450.00000000009 1.381479095531524e-07
75500.00000000009 1.243257378467136e-07
75550.00000000009 1.7336052029243965e-07
75600.00000000009 2.0040434399022762e-07
75650.00000000009 1.26881029136009e-07
75700.00000000009 1.358240553014237e-07
75750.00000000009 9.880371054374272e-08
75800.00000000009 1.5060066776978386e-07
75850.00000000009 1.8552686887346105e-07
75900.00000000009 1.5994854707945854e-07
75950.00000000009 1.308030131098185e-07
76000.00000000009 1.370294350711935e-07
76050.00000000009 1.6201424596657725e-07
76100.00000000009 1.3452490012768575e-07
76150.00000000009 1.6525073463096796e-07
76200.00000000009 1.687459196970653e-07
76250.00000000009 2.0107997112803996e-07
76300.00000000009 2.012130648447476e-07
76350.00000000009 2.4729619529614507e-07
76400.00000000009 1.9358770421362963e-07
76450.00000000009 1.8548208116412541e-07
76500.00000000009 1.4979660748673685e-07
76550.00000000009 1.4586361920525862e-07
76600.00000000009 7.649283518198194e-08
76650.00000000009 7.858677518262392e-08
76700.00000000009 9.423208169449617e-08
76750.00000000009 8.372268169023821e-08
76800.00000000009 1.252456766666165e-07
76850.00000000009 5.552141750101319e-08
76900.00000000009 6.624761434900644e-08
76950.00000000009 9.666175123849222e-08
77000.00000000009 1.0820814912663732e-07
77050.00000000009 7.478469230996764e-08
77100.00000000009 8.117470974551897e-08
77150.00000000009 1.1976580665952105e-07
77200.00000000009 9.835683147865193e-08
77250.00000000009 1.0985296767934709e-07
77300.00000000009 1.0366747821981925e-07
77350.00000000009 7.168584598248717e-08
77400.00000000009 6.465249756276363e-08
77450.00000000009 7.18740560460562e-08
77500.00000000009 8.480592387176758e-08
77550.00000000009 9.800774190119591e-08
77600.00000000009 1.029439409348882e-07
77650.00000000009 1.0047569141677745e-07
77700.00000000009 7.372989902710479e-08
77750.00000000009 1.1954184813951308e-07
77800.00000000009 9.423071145343241e-08
77850.00000000009 1.4183323520172378e-07
77900.00000000009 1.1603763752640732e-07
77950.00000000009 7.888505268817984e-08
78000.00000000009 9.594279358024723e-08
78050.00000000009 1.201769244296965e-07
78100.00000000009 9.07667862768823e-08
78150.00000000009 1.3081021534081769e-07
78200.00000000009 1.324238602496121e-07
78250.00000000009 1.4295266423104456e-07
78300.00000000009 1.4323283064968347e-07
78350.00000000009 1.2924415582177032e-07
78400.00000000009 1.211195651738852e-07
78450.00000000009 1.5959445278776461e-07
78500.00000000009 1.4067619325894239e-07
78550.00000000009 1.549290733107696e-07
78600.00000000009 1.3377780380640305e-07
78650.00000000009 6.837026015032165e-08
78700.00000000009 1.0885855257643882e-07
78750.00000000009 1.0337803631608085e-07
78800.00000000009 1.397000766073269e-07
78850.00000000009 1.0249405065067688e-07
78900.00000000009 1.3189636697331625e-07
78950.00000000009 1.168121803060768e-07
79000.00000000009 1.1726569188240911e-07
79050.00000000009 1.0828218766068352e-07
79100.00000000009 1.1821083305144901e-07
79150.00000000009 1.3187979669443672e-07
79200.00000000009 1.6316630850705748e-07
79250.00000000009 1.4284061720563616e-07
79300.00000000009 9.958387782089419e-08
79350.00000000009 1.4411892293169238e-07
79400.00000000009 1.2236137054925874e-07
79450.00000000009 1.265100904049381e-07
79500.00000000009 1.8981876126906877e-07
79550.00000000009 1.5063472676584773e-07
79600.00000000009 1.0827739565599686e-07
79650.00000000009 1.3466954806490883e-07
79700.00000000009 1.7381520031919453e-07
79750.00000000009 1.586933296981193e-07
79800.00000000009 1.3755493514836605e-07
79850.00000000009 1.3116185160569074e-07
79900.00000000009 1.9707276092007923e-07
79950.00000000009 1.3111611960099386e-07
