galfind/configs/Brown_Dwarf_templates/sonora_cholla/logkzz4/56g/1100K_56g_logkzz4_resample.dat
# %ECSV 1.0
# ---
# datatype:
# - {name: wav, unit: Angstrom, datatype: float64}
# - {name: flux_nu, unit: erg / (cm2 Hz s), datatype: float64}
# schema: astropy-2.0
wav flux_nu
10000.000000000093 nan
10050.000000000093 1.9698971468379637e-07
10100.000000000093 2.356921780997397e-07
10150.000000000093 2.466765135883783e-07
10200.000000000093 2.7554816454468556e-07
10250.000000000093 2.9587414416607464e-07
10300.000000000093 2.975872379849012e-07
10350.000000000093 3.4302155440623344e-07
10400.000000000093 3.8400230624056524e-07
10450.000000000093 3.8654188528138215e-07
10500.000000000093 3.637210213884278e-07
10550.000000000093 3.5998310715892796e-07
10600.000000000093 3.7433889966423925e-07
10650.000000000093 4.1137838087054533e-07
10700.000000000093 4.3883506205672094e-07
10750.000000000093 4.7155124074433836e-07
10800.000000000093 4.910112437487113e-07
10850.000000000093 5.281394958032676e-07
10900.000000000093 4.3831888907584716e-07
10950.000000000093 2.959537129892413e-07
11000.000000000093 2.64610917189585e-07
11050.000000000093 2.1513694356608893e-07
11100.000000000093 1.980955598132833e-07
11150.000000000093 1.5767022479255118e-07
11200.000000000093 1.5284661122179707e-07
11250.000000000093 1.8560820131293414e-07
11300.000000000093 1.7963613612687484e-07
11350.000000000093 1.0343945789054382e-07
11400.000000000093 1.7858399803644581e-07
11450.000000000093 1.4037931881528793e-07
11500.000000000093 1.6848417189289986e-07
11550.000000000093 1.259884275019383e-07
11600.000000000093 1.343945236383397e-07
11650.000000000093 1.5285432743427313e-07
11700.000000000093 1.6624692364271947e-07
11750.000000000093 1.3216479976441034e-07
11800.000000000093 1.8340249813355687e-07
11850.000000000093 2.3191346940085935e-07
11900.000000000093 2.4196292440030655e-07
11950.000000000093 3.09620471853444e-07
12000.000000000093 3.2914556423810753e-07
12050.000000000093 3.917145435746912e-07
12100.000000000093 4.3155849887496496e-07
12150.000000000093 4.673425623639745e-07
12200.000000000093 5.312401353571674e-07
12250.000000000093 5.941955433107736e-07
12300.000000000093 6.340624111719614e-07
12350.000000000093 6.670136439851605e-07
12400.000000000093 6.890963585292806e-07
12450.000000000093 7.707203018844873e-07
12500.000000000093 8.163992123000903e-07
12550.000000000093 8.53356488525151e-07
12600.000000000093 8.597132925914902e-07
12650.000000000093 8.584155339838386e-07
12700.000000000093 9.023470645619469e-07
12750.000000000093 8.551264609001144e-07
12800.000000000093 8.805922566910291e-07
12850.000000000093 8.007592714142791e-07
12900.000000000093 7.29570843688329e-07
12950.000000000093 7.742826117422161e-07
13000.000000000093 7.57324671947646e-07
13050.000000000093 7.423459316009317e-07
13100.000000000093 6.780977440451438e-07
13150.000000000093 5.993060260150767e-07
13200.000000000093 5.715034315457731e-07
13250.000000000093 4.5757082297600176e-07
13300.000000000093 2.664967198111907e-07
13350.000000000093 9.855315593474731e-08
13400.000000000093 5.720589434618958e-08
13450.000000000093 3.534537407507353e-08
13500.000000000093 2.228812475468608e-08
13550.000000000093 1.913147541644337e-08
13600.000000000093 1.2755334265945045e-08
13650.000000000093 2.8336491076027167e-08
13700.000000000093 2.3713499389778002e-08
13750.000000000093 2.4498265923718923e-08
13800.000000000093 3.280892763678792e-08
13850.000000000093 2.5872341992762863e-08
13900.000000000093 2.6945218007895486e-08
13950.000000000093 2.4022274067452138e-08
14000.000000000093 2.1364166640733482e-08
14050.000000000093 2.6466198713443795e-08
14100.000000000093 2.0160509888900012e-08
14150.000000000093 2.668878961645126e-08
14200.000000000093 2.1954480938418296e-08
14250.000000000093 2.212541728777257e-08
14300.000000000093 3.036830765801234e-08
14350.000000000093 2.8833000212280586e-08
14400.000000000093 3.530339501923911e-08
14450.000000000093 3.6126541408386956e-08
14500.000000000093 6.107721575939975e-08
14550.000000000093 6.095249957941678e-08
14600.000000000093 7.662436904867894e-08
14650.000000000093 8.340640728594679e-08
14700.000000000093 6.053701169639644e-08
14750.000000000093 7.977060333640129e-08
14800.000000000093 9.837540256072158e-08
14850.000000000093 9.960636424248372e-08
14900.000000000093 1.103397616755612e-07
14950.000000000093 1.1929906631119428e-07
15000.000000000093 1.2586209668700775e-07
15050.000000000093 1.5890573973969117e-07
15100.000000000093 1.7349387489671648e-07
15150.000000000093 1.8926599467650417e-07
15200.000000000093 1.678554346190805e-07
15250.000000000093 2.0054477410974233e-07
15300.000000000093 2.3341225111358935e-07
15350.000000000093 2.7052648531293657e-07
15400.000000000093 2.922123740198023e-07
15450.000000000093 3.3320996547281573e-07
15500.000000000093 3.5062399149309215e-07
15550.000000000093 3.972723117587631e-07
15600.000000000093 4.0859261326910447e-07
15650.000000000093 4.283129743107464e-07
15700.000000000093 5.007160476970386e-07
15750.000000000093 5.374598658303236e-07
15800.000000000093 5.138950377205321e-07
15850.000000000093 5.64684354226522e-07
15900.000000000093 5.588362450949048e-07
15950.000000000093 5.67054892737631e-07
16000.000000000093 5.693827751707908e-07
16050.000000000093 5.385851459977287e-07
16100.000000000093 5.164577723983891e-07
16150.000000000093 4.1113569134325264e-07
16200.000000000093 3.5556123596879634e-07
16250.000000000093 3.6837079712947866e-07
16300.000000000093 3.3827055067376157e-07
16350.000000000093 3.5527507766599434e-07
16400.000000000095 3.9551401359048136e-07
16450.000000000095 4.205706764293613e-07
16500.000000000095 4.3883028443452165e-07
16550.000000000095 4.2026530412833243e-07
16600.000000000095 3.998525513453295e-07
16650.000000000095 3.5673642649909363e-07
16700.000000000095 2.271433322950657e-07
16750.000000000095 2.6561805686860604e-07
16800.000000000095 3.52345322921183e-07
16850.000000000095 3.4098716261299485e-07
16900.000000000095 3.1818209113842305e-07
16950.000000000095 2.8954853348574176e-07
17000.000000000095 2.6108074285336033e-07
17050.000000000095 2.988190137783094e-07
17100.000000000095 3.079217016138229e-07
17150.000000000095 2.5843364831926267e-07
17200.000000000095 2.85612141756646e-07
17250.000000000095 2.487454186034752e-07
17300.000000000095 2.182576023948007e-07
17350.000000000095 2.115228340183836e-07
17400.000000000095 1.9867248872693624e-07
17450.000000000095 1.980690284014454e-07
17500.000000000095 2.121236070044442e-07
17550.000000000095 1.7935903625988624e-07
17600.000000000095 1.6665480716659843e-07
17650.000000000095 1.6620721490503817e-07
17700.000000000095 1.1428117102834314e-07
17750.000000000095 1.0763969640710743e-07
17800.000000000095 1.3271843605685135e-07
17850.000000000095 8.860291320620836e-08
17900.000000000095 1.042619467074236e-07
17950.000000000095 7.913962552838078e-08
18000.000000000095 8.42461603616849e-08
18050.000000000095 8.385137325889134e-08
18100.000000000095 7.093581881541749e-08
18150.000000000095 1.0299436370831851e-07
18200.000000000095 6.587360608622651e-08
18250.000000000095 1.1991930059857527e-07
18300.000000000095 8.311970252300344e-08
18350.000000000095 7.576660206074198e-08
18400.000000000095 6.835582720007476e-08
18450.000000000095 7.068321859725496e-08
18500.000000000095 8.312521830430115e-08
18550.000000000095 6.512813891073388e-08
18600.000000000095 5.3340788561951554e-08
18650.000000000095 5.345915007176557e-08
18700.000000000095 5.694136686255046e-08
18750.000000000095 6.054203263546929e-08
18800.000000000095 9.70737493914718e-08
18850.000000000095 1.1552310778325424e-07
18900.000000000095 1.0704056093296976e-07
18950.000000000095 1.4557286678923395e-07
19000.000000000095 1.1818531231494374e-07
19050.000000000095 9.602189463191133e-08
19100.000000000095 1.408956170179903e-07
19150.000000000095 1.2413078751942039e-07
19200.000000000095 1.2750728369544523e-07
19250.000000000095 1.1825480097670792e-07
19300.000000000095 1.0778372840144155e-07
19350.000000000095 9.67237273267093e-08
19400.000000000095 6.478624872063436e-08
19450.000000000095 1.0968316172802137e-07
19500.000000000095 9.969313615826024e-08
19550.000000000095 8.035750988076491e-08
19600.000000000095 1.0779921933049375e-07
19650.000000000095 1.1451957646562111e-07
19700.000000000095 1.1704078049719892e-07
19750.000000000095 1.1507586602994011e-07
19800.000000000095 1.3325388123968266e-07
19850.000000000095 1.5032422241538334e-07
19900.000000000095 1.087395551758727e-07
19950.000000000095 1.685789600354232e-07
20000.000000000095 1.6741276547473964e-07
20050.000000000095 1.778191634118046e-07
20100.000000000095 1.8942131648394073e-07
20150.000000000095 1.8085963526823285e-07
20200.000000000095 2.166142587102057e-07
20250.000000000095 2.4098545611590134e-07
20300.000000000095 2.1597278201170025e-07
20350.000000000095 2.442566324877497e-07
20400.000000000095 2.4426442639175703e-07
20450.000000000095 2.9486875501635486e-07
20500.000000000095 2.973396859011774e-07
20550.000000000095 2.8230976185635473e-07
20600.000000000095 3.381535270214831e-07
20650.000000000095 3.104092125639248e-07
20700.000000000095 3.255409282200768e-07
20750.000000000095 3.662015493664924e-07
20800.000000000095 3.609789771288412e-07
20850.000000000095 3.552608142105949e-07
20900.000000000095 3.8022111830888155e-07
20950.000000000095 3.5802689228630983e-07
21000.000000000095 3.8780368348060616e-07
21050.000000000095 3.6668028346991463e-07
21100.000000000095 3.688859740520095e-07
21150.000000000095 3.6741056653463213e-07
21200.000000000095 3.5407818836213443e-07
21250.000000000095 3.637299145293074e-07
21300.000000000095 3.2820344707417134e-07
21350.000000000095 3.511757480606649e-07
21400.000000000095 3.108606606362528e-07
21450.000000000095 3.114234380331686e-07
21500.000000000095 3.112940061144912e-07
21550.000000000095 2.936743231138925e-07
21600.000000000095 2.8618959896923076e-07
21650.000000000095 2.546672852797113e-07
21700.000000000095 2.708384038417346e-07
21750.000000000095 2.486887177014448e-07
21800.000000000095 2.2549123716062884e-07
21850.000000000095 2.0246609946835323e-07
21900.000000000095 1.9073584131020072e-07
21950.000000000095 1.1870130860600073e-07
22000.000000000095 8.806261365570492e-08
22050.000000000095 6.347440168443085e-08
22100.000000000095 8.82690833266077e-08
22150.000000000095 1.0459785944619119e-07
22200.000000000095 1.0479530009844371e-07
22250.000000000095 9.464473645545324e-08
22300.000000000095 9.62529528832254e-08
22350.000000000095 8.771730048921594e-08
22400.000000000095 7.925162137976651e-08
22450.000000000095 6.852876361741239e-08
22500.000000000095 7.497623263962579e-08
22550.000000000095 4.9519120647413474e-08
22600.000000000095 6.235334022071693e-08
22650.000000000095 6.044410772203475e-08
22700.000000000095 5.8561004802602805e-08
22750.000000000095 6.043568391004287e-08
22800.000000000095 5.422706100764161e-08
22850.000000000095 4.9074536184960886e-08
22900.000000000095 4.4448369650754314e-08
22950.000000000095 4.555547734703381e-08
23000.000000000095 3.391847330754895e-08
23050.000000000095 4.909705438896651e-08
23100.000000000095 6.525916649934998e-08
23150.000000000095 6.713354037610708e-08
23200.000000000095 3.5485725260323313e-08
23250.000000000095 3.3873312600833314e-08
23300.000000000095 3.274834146841744e-08
23350.000000000095 2.85625891827129e-08
23400.000000000095 3.8356190827764996e-08
23450.000000000095 3.5109095707091445e-08
23500.000000000095 3.615365314138828e-08
23550.000000000095 4.961250882348389e-08
23600.000000000095 4.9734886442884046e-08
23650.000000000095 5.8827918961182035e-08
23700.000000000095 3.8925386364380534e-08
23750.000000000095 3.4664659658117786e-08
23800.000000000095 3.805767621949374e-08
23850.000000000095 3.9768084241565236e-08
23900.000000000095 5.948699288393369e-08
23950.000000000095 6.120176513007659e-08
24000.000000000095 7.644824366720338e-08
24050.000000000095 8.127852030275122e-08
24100.000000000095 6.646149198695012e-08
24150.000000000095 7.117338316190857e-08
24200.000000000095 7.817152876488926e-08
24250.000000000095 6.98442067239527e-08
24300.000000000095 7.532446425803032e-08
24350.000000000095 6.872748238982098e-08
24400.000000000095 9.853557346701677e-08
24450.000000000095 7.879937347031215e-08
24500.000000000095 9.178087742094121e-08
24550.000000000095 8.562410035853332e-08
24600.000000000095 9.738924275793123e-08
24650.000000000095 1.0526054334521097e-07
24700.000000000095 8.490396926396732e-08
24750.000000000095 7.71877470337553e-08
24800.000000000095 8.350027045056798e-08
24850.000000000095 1.1097884494119755e-07
24900.000000000095 6.094139170903592e-08
24950.000000000095 9.99241361470357e-08
25000.000000000095 9.497654786155101e-08
25050.000000000095 7.234650827104216e-08
25100.000000000095 8.859037939000567e-08
25150.000000000095 5.705241258151549e-08
25200.000000000095 7.776336299118613e-08
25250.000000000095 5.413004559889158e-08
25300.000000000095 7.879032675650361e-08
25350.000000000095 4.137402873037072e-08
25400.000000000095 7.296023572697404e-08
25450.000000000095 5.189238533992306e-08
25500.000000000095 4.911296494640801e-08
25550.000000000095 6.097055718314276e-08
25600.000000000095 4.696998004357814e-08
25650.000000000095 3.888595123440651e-08
25700.000000000095 6.998541534506458e-08
25750.000000000095 3.759652475895924e-08
25800.000000000095 6.976210802058859e-08
25850.000000000095 3.716564994376062e-08
25900.000000000095 5.010900999147324e-08
25950.000000000095 3.4813802574365875e-08
26000.000000000095 6.581603931068457e-08
26050.000000000095 5.2394360211011804e-08
26100.000000000095 7.426567001603262e-08
26150.000000000095 6.138589942111689e-08
26200.000000000095 7.208803085180139e-08
26250.000000000095 8.507723521289617e-08
26300.000000000095 6.312549856784232e-08
26350.000000000095 9.461336262983381e-08
26400.000000000095 1.1556888209481872e-07
26450.000000000095 1.0292777636494722e-07
26500.000000000095 9.154406619388133e-08
26550.000000000095 7.94244749501391e-08
26600.000000000095 9.831999296125511e-08
26650.000000000095 5.100311712996554e-08
26700.000000000095 3.9125218196451363e-08
26750.000000000095 3.4268526821479335e-08
26800.000000000095 5.146299249391025e-08
26850.000000000095 3.128280730246595e-08
26900.000000000095 6.103118076583857e-08
26950.000000000095 3.204081441697506e-08
27000.000000000095 7.355799277537952e-08
27050.000000000095 6.534717341441197e-08
27100.000000000095 4.9003471158375626e-08
27150.000000000095 8.53490006211469e-08
27200.000000000095 5.134662657565788e-08
27250.000000000095 5.995539160367616e-08
27300.000000000095 1.1801008309977738e-07
27350.000000000095 8.855676741195369e-08
27400.000000000095 3.182828710885737e-08
27450.000000000095 1.1258714521114506e-07
27500.000000000095 1.0337420162560904e-07
27550.000000000095 6.459219223912264e-08
27600.000000000095 1.0806155772648552e-07
27650.000000000095 5.228284360118995e-08
27700.000000000095 4.1640494106657085e-08
27750.000000000095 1.0186088783799895e-07
27800.000000000095 5.4313927007737506e-08
27850.000000000095 6.21107325847429e-08
27900.000000000095 7.835837220642335e-08
27950.000000000095 8.127647345006496e-08
28000.000000000095 9.240038879181076e-08
28050.000000000095 4.360849156919044e-08
28100.000000000095 1.1085190125556816e-07
28150.000000000095 8.745333519925573e-08
28200.000000000095 3.9539639937452466e-08
28250.000000000095 1.1022305855142919e-07
28300.000000000095 1.494014623910134e-07
28350.000000000095 4.6915641516092764e-08
28400.000000000095 1.0245792497294469e-07
28450.000000000095 1.0546791798980496e-07
28500.000000000095 9.596676532621375e-08
28550.000000000095 4.3291330865035157e-08
28600.000000000095 1.1448294102477432e-07
28650.000000000095 1.1143468496484505e-07
28700.000000000095 9.3108820901035e-08
28750.000000000095 1.2862783839254347e-07
28800.000000000095 1.0565110700754417e-07
28850.000000000095 1.4870766694714625e-07
28900.000000000095 6.723204047709659e-08
28950.000000000095 1.443014173897102e-07
29000.000000000095 9.654773862056911e-08
29050.000000000095 1.181590822066505e-07
29100.000000000095 7.365702039828396e-08
29150.000000000095 1.4726915262568705e-07
29200.000000000095 1.0542148458203671e-07
29250.000000000095 1.491988699095891e-07
29300.000000000095 8.950060518248508e-08
