galfind/configs/Brown_Dwarf_templates/sonora_cholla/logkzz4/56g/1100K_56g_logkzz4_resample.dat
# %ECSV 1.0
# ---
# datatype:
# - {name: wav, unit: Angstrom, datatype: float64}
# - {name: flux_nu, unit: erg / (cm2 Hz s), datatype: float64}
# schema: astropy-2.0
wav flux_nu
[from data line 775]
48750.000000000095 1.5892288489180367e-07
48800.000000000095 2.41652706596828e-07
48850.000000000095 1.8406351351155838e-07
48900.000000000095 2.6363502988831423e-07
48950.000000000095 2.2629033849714919e-07
49000.000000000095 1.9637749360964842e-07
49050.000000000095 2.4425950540642186e-07
49100.000000000095 1.7218633130650002e-07
49150.000000000095 2.7569793467007245e-07
49200.000000000095 1.9542488796689576e-07
49250.000000000095 2.8056635223754137e-07
49300.000000000095 2.1766598584358876e-07
49350.000000000095 2.2894126860043935e-07
49400.000000000095 2.7862205811076003e-07
49450.000000000095 2.476704569482389e-07
49500.000000000095 2.494288638410038e-07
49550.000000000095 1.7024176349394293e-07
49600.000000000095 2.583036054694092e-07
49650.000000000095 2.2792685050357756e-07
49700.000000000095 1.9755165874146403e-07
49750.000000000095 3.3244160898524807e-07
49800.000000000095 2.0778319748601742e-07
49850.000000000095 3.6331044257746615e-07
49900.000000000095 2.676230356009609e-07
49950.000000000095 3.0270509461218065e-07
50000.000000000095 3.334891792198897e-07
50050.000000000095 2.9652468822658097e-07
50100.000000000095 3.94843721236965e-07
50150.000000000095 2.0874208300783372e-07
50200.000000000095 1.7031864884675406e-07
50250.000000000095 3.4659025553757307e-07
50300.000000000095 2.447088006539405e-07
50350.000000000095 3.2161947204583436e-07
50400.000000000095 2.957465646008638e-07
50450.000000000095 2.981696911013635e-07
50500.000000000095 3.4909483689720385e-07
50550.000000000095 3.0200091865748246e-07
50600.000000000095 3.556087955866739e-07
50650.000000000095 3.136764289862503e-07
50700.000000000095 4.105593182278664e-07
50750.000000000095 4.230085858899681e-07
50800.000000000095 2.231455663351597e-07
50850.000000000095 2.835174152340329e-07
50900.000000000095 3.8804228539241576e-07
50950.000000000095 4.194298822360859e-07
51000.000000000095 3.7753402266379187e-07
51050.000000000095 3.2958631436594523e-07
51100.000000000095 2.4859305854333437e-07
51150.000000000095 2.9539350311642526e-07
51200.000000000095 4.006015471702544e-07
51250.000000000095 3.9634924662779037e-07
51300.000000000095 2.59846407575382e-07
51350.000000000095 3.4430633056993794e-07
51400.000000000095 2.903984938809057e-07
51450.000000000095 2.4962884013565933e-07
51500.000000000095 2.3345829827444897e-07
51550.000000000095 3.9381344321994455e-07
51600.000000000095 2.6751654600934083e-07
51650.000000000095 3.7605103084344165e-07
51700.000000000095 3.717231759335059e-07
51750.000000000095 2.6044976467322716e-07
51800.000000000095 4.766389934776013e-07
51850.000000000095 3.509277545998008e-07
51900.000000000095 4.611289893289351e-07
51950.000000000095 4.063823456217949e-07
52000.000000000095 1.794416529072427e-07
52050.000000000095 2.851744180985482e-07
52100.000000000095 2.827267280128813e-07
52150.000000000095 2.389995459752418e-07
52200.000000000095 2.326706385156561e-07
52250.000000000095 2.698850019284181e-07
52300.000000000095 4.1059673234484743e-07
52350.000000000095 3.56724409991141e-07
52400.000000000095 2.611193611953943e-07
52450.000000000095 3.8941203739865126e-07
52500.000000000095 3.448907369369644e-07
52550.000000000095 3.8153595483347793e-07
52600.000000000095 2.887211149319272e-07
52650.000000000095 3.594164825107294e-07
52700.000000000095 2.9026144170667106e-07
52750.000000000095 2.5587781149659126e-07
52800.000000000095 2.5757328405093754e-07
52850.000000000095 3.0899855187646105e-07
52900.000000000095 2.4176526186885965e-07
52950.000000000095 2.4175655705489024e-07
53000.000000000095 4.526138165271563e-07
53050.000000000095 2.1728621695044034e-07
53100.000000000095 3.892391849202963e-07
53150.000000000095 4.3711120644749874e-07
53200.000000000095 2.345638923878965e-07
53250.000000000095 4.200103565829189e-07
53300.000000000095 4.172477510709691e-07
53350.000000000095 3.799915409837337e-07
53400.000000000095 4.261629161139934e-07
53450.000000000095 2.3774907982626734e-07
53500.000000000095 1.6869661562388587e-07
53550.000000000095 2.4848555832340655e-07
53600.000000000095 3.131496545140943e-07
53650.000000000095 2.7555583675917636e-07
53700.000000000095 2.540909349507901e-07
53750.000000000095 2.7050653290274826e-07
53800.000000000095 2.6181846194580956e-07
53850.000000000095 3.4109316485128567e-07
53900.000000000095 2.905181651337008e-07
53950.000000000095 3.9363369096138933e-07
54000.000000000095 2.891025683397573e-07
54050.000000000095 2.927284315507551e-07
54100.000000000095 1.758572516981116e-07
54150.000000000095 2.4091129759931985e-07
54200.000000000095 1.3780584523187204e-07
54250.000000000095 1.4653303410294023e-07
54300.000000000095 2.3747738688211163e-07
54350.000000000095 2.9789560037280346e-07
54400.000000000095 3.173573819731403e-07
54450.000000000095 2.5149075681878167e-07
54500.000000000095 2.3105640718492208e-07
54550.000000000095 2.072807935058071e-07
54600.000000000095 2.628768900952002e-07
54650.000000000095 1.725920812686402e-07
54700.000000000095 2.9914675188478393e-07
54750.000000000095 3.0096843270458583e-07
54800.000000000095 2.3195174804808998e-07
54850.000000000095 2.609114192777994e-07
54900.000000000095 3.2515643298474754e-07
54950.000000000095 4.202342708309127e-07
55000.000000000095 2.0615551600243596e-07
55050.000000000095 2.9063920578793545e-07
55100.000000000095 2.278374435149794e-07
55150.000000000095 2.1912815001928442e-07
55200.000000000095 2.2027812020739442e-07
55250.000000000095 2.40838793932613e-07
55300.000000000095 1.866428025443451e-07
55350.000000000095 2.5789788217786357e-07
55400.000000000095 3.3563686604610323e-07
55450.000000000095 2.618565118581109e-07
55500.000000000095 1.5570665364911398e-07
55550.000000000095 2.0622347815188878e-07
55600.000000000095 1.8675365116107203e-07
55650.000000000095 1.5646732455575164e-07
55700.000000000095 2.1763818848782975e-07
55750.000000000095 2.4355956365120215e-07
55800.000000000095 1.8633220498721907e-07
55850.000000000095 1.6402641231757362e-07
55900.000000000095 2.7367822745333116e-07
55950.000000000095 3.5349255065809453e-07
56000.000000000095 1.7806375153301356e-07
56050.000000000095 2.5049473064204665e-07
56100.000000000095 2.78197810804098e-07
56150.000000000095 2.071243499486222e-07
56200.000000000095 2.3155649467539446e-07
56250.000000000095 2.1217646103923924e-07
56300.000000000095 2.466415612999819e-07
56350.000000000095 2.5379756186187974e-07
56400.000000000095 1.9123379622440315e-07
56450.000000000095 1.6756388303770496e-07
56500.000000000095 1.6160685289962233e-07
56550.000000000095 1.39675764896854e-07
56600.000000000095 2.522301535539269e-07
56650.000000000095 2.3557905253406346e-07
56700.000000000095 2.6420119785418206e-07
56750.000000000095 1.556266423236706e-07
56800.000000000095 2.859088450128932e-07
56850.000000000095 2.2201844711703677e-07
56900.000000000095 1.8386739130096074e-07
56950.000000000095 2.719051351648293e-07
57000.000000000095 2.8194718313762327e-07
57050.000000000095 2.1261168505490417e-07
57100.000000000095 1.2317339526882403e-07
57150.000000000095 1.6408394773979023e-07
57200.000000000095 1.3673577086657455e-07
57250.000000000095 1.967928526594617e-07
57300.000000000095 2.4445770714585203e-07
57350.000000000095 1.3769504491416107e-07
57400.000000000095 2.3008500763821035e-07
57450.000000000095 2.2088852223345387e-07
57500.000000000095 2.166519651597321e-07
57550.000000000095 2.650178636753732e-07
57600.000000000095 2.8225558972642925e-07
57650.000000000095 1.2672370943825352e-07
57700.000000000095 1.547399229968318e-07
57750.000000000095 1.912855449550948e-07
57800.000000000095 8.320035868467888e-08
57850.000000000095 3.0764629151995374e-07
57900.000000000095 3.510280904564782e-07
57950.000000000095 3.0300184532489105e-07
58000.000000000095 1.6733332735314847e-07
58050.000000000095 2.417605172494792e-07
58100.000000000095 2.823542844639623e-07
58150.000000000095 2.1858981756848148e-07
58200.000000000095 1.3606442866384398e-07
58250.000000000095 1.7653473895442668e-07
58300.000000000095 1.3472777469217752e-07
58350.000000000095 1.7082201835711479e-07
58400.000000000095 2.2153184178574734e-07
58450.000000000095 2.2446858561007019e-07
58500.000000000095 2.0503957936592734e-07
58550.000000000095 2.308280977196422e-07
58600.000000000095 1.4491799075816206e-07
58650.000000000095 1.8645078567291926e-07
58700.000000000095 1.9106171528877655e-07
58750.000000000095 1.9614068718840028e-07
58800.000000000095 1.1540228363318677e-07
58850.000000000095 1.867898535723042e-07
58900.000000000095 2.393385351124139e-07
58950.000000000095 1.5304730004442e-07
59000.000000000095 2.2508099177870057e-07
59050.000000000095 2.3880907461386705e-07
59100.000000000095 2.8975404219156694e-07
59150.000000000095 2.087989249322396e-07
59200.000000000095 2.2536333108273112e-07
59250.000000000095 2.428908896515677e-07
59300.000000000095 2.302195759240738e-07
59350.000000000095 1.3194911182202869e-07
59400.000000000095 1.0229115644757225e-07
59450.000000000095 1.9739204154165426e-07
59500.000000000095 1.2851881199524486e-07
59550.000000000095 2.4741088399943793e-07
59600.000000000095 2.169163511712963e-07
59650.000000000095 2.257844708498539e-07
59700.000000000095 1.515179255729358e-07
59750.000000000095 2.950728022946394e-07
59800.000000000095 1.9623591572727474e-07
59850.000000000095 2.4545535615107734e-07
59900.000000000095 1.350292751387258e-07
59950.000000000095 2.08825429456605e-07
60000.000000000095 3.10809768664832e-07
60050.000000000095 2.7285764009370766e-07
60100.000000000095 2.9575466260022825e-07
60150.000000000095 2.128495306032288e-07
60200.000000000095 2.3171012946310628e-07
60250.000000000095 2.751634963178881e-07
60300.000000000095 2.6265391428935466e-07
60350.000000000095 1.982465452313113e-07
60400.000000000095 2.2667649883418334e-07
60450.000000000095 1.476846184650749e-07
60500.000000000095 1.0129210799574694e-07
60550.000000000095 2.5648905470291055e-07
60600.000000000095 2.460017600360371e-07
60650.000000000095 2.1645448810205464e-07
60700.000000000095 1.9025299886756714e-07
60750.000000000095 1.5683406700371172e-07
60800.000000000095 2.550322636728176e-07
60850.000000000095 3.386075909742674e-07
60900.000000000095 3.1824996653294886e-07
60950.000000000095 3.0320734836126023e-07
61000.000000000095 2.2060982886772726e-07
61050.000000000095 1.728239178829652e-07
61100.000000000095 2.4419622730533357e-07
61150.000000000095 1.0058919256765603e-07
61200.000000000095 3.061167118534142e-07
61250.000000000095 3.601645128015356e-07
61300.000000000095 3.1415049951786017e-07
61350.000000000095 3.4601374679262664e-07
61400.000000000095 2.6411815452018574e-07
61450.000000000095 1.8316873084967907e-07
61500.000000000095 2.1166117238928866e-07
61550.000000000095 1.8165531694974435e-07
61600.000000000095 1.3112977625362344e-07
61650.000000000095 2.3041708140908183e-07
61700.000000000095 1.7910388738372533e-07
61750.000000000095 2.2273153742189096e-07
61800.000000000095 2.430869004456477e-07
61850.000000000095 1.7925656952156776e-07
61900.000000000095 2.802628450493962e-07
61950.000000000095 2.876120783641381e-07
62000.000000000095 2.7796845817095323e-07
62050.000000000095 2.5760532489365694e-07
62100.000000000095 2.948604319063546e-07
62150.000000000095 3.014707799589681e-07
62200.000000000095 2.5507610864400317e-07
62250.000000000095 2.8000015864395056e-07
62300.000000000095 3.626768981873877e-07
62350.000000000095 2.7871801141811037e-07
62400.000000000095 1.7430350444724083e-07
62450.000000000095 2.549324625538043e-07
62500.000000000095 3.2857109034530973e-07
62550.000000000095 3.1333144027573823e-07
62600.000000000095 3.407553265017433e-07
62650.000000000095 2.5380355601302175e-07
62700.000000000095 3.1130391241263776e-07
62750.000000000095 3.762285797667625e-07
62800.000000000095 2.464163519602773e-07
62850.000000000095 3.2651275233611025e-07
62900.000000000095 2.5268333391987326e-07
62950.000000000095 2.879829471915675e-07
63000.000000000095 2.929262444144218e-07
63050.000000000095 3.8195713373727547e-07
63100.000000000095 3.307214107306414e-07
63150.000000000095 2.626517647499551e-07
63200.000000000095 3.40201075297911e-07
63250.000000000095 2.519469394383591e-07
63300.000000000095 3.342375887780598e-07
63350.000000000095 2.975761060976619e-07
63400.000000000095 1.9311613694436594e-07
63450.000000000095 1.7771553933948366e-07
63500.000000000095 2.948898536275939e-07
63550.000000000095 2.620703955861955e-07
63600.000000000095 3.177916312843319e-07
63650.000000000095 2.2446742510133865e-07
63700.000000000095 1.8784755782426251e-07
63750.000000000095 2.523575177429921e-07
63800.000000000095 2.6452537195888544e-07
63850.000000000095 2.5884653565136595e-07
63900.000000000095 2.0022411310774708e-07
63950.000000000095 2.8004599027743064e-07
64000.000000000095 2.906657953753383e-07
64050.000000000095 2.2214785462629922e-07
64100.000000000095 9.901436393453007e-08
64150.000000000095 1.3341174954108808e-07
64200.000000000095 1.5403939830196717e-07
64250.000000000095 2.35011369959095e-07
64300.000000000095 1.8605627012539154e-07
64350.000000000095 1.5802610933883919e-07
64400.000000000095 2.401108090019299e-07
64450.000000000095 2.4667592980211197e-07
64500.000000000095 1.5814328885731773e-07
64550.000000000095 2.2076449009371118e-07
64600.000000000095 1.2859076038892658e-07
64650.000000000095 1.8918827556056313e-07
64700.000000000095 1.2256835425575888e-07
64750.000000000095 1.5321318408414917e-07
64800.000000000095 1.5500581249238296e-07
64850.000000000095 1.4058480301101284e-07
64900.000000000095 1.6419656216337643e-07
64950.000000000095 1.5194123569368375e-07
65000.000000000095 1.7766288245822771e-07
65050.000000000095 1.697155564671383e-07
65100.000000000095 2.0950207478454174e-07
65150.000000000095 1.4816000274094525e-07
65200.000000000095 1.3263722288130237e-07
65250.000000000095 2.0472577623259941e-07
65300.000000000095 1.5990110281603863e-07
65350.000000000095 2.834043686757619e-07
65400.000000000095 1.680236420457148e-07
65450.000000000095 1.7835187450072747e-07
65500.000000000095 2.021526499372107e-07
65550.00000000009 1.3917933497071757e-07
65600.00000000009 1.6611122032808948e-07
65650.00000000009 1.825377225765717e-07
65700.00000000009 1.5997121145823505e-07
65750.00000000009 1.413804669907538e-07
65800.00000000009 1.919872556142853e-07
65850.00000000009 2.041960506820908e-07
65900.00000000009 1.382905608682559e-07
65950.00000000009 1.065500656303121e-07
66000.00000000009 1.6480654753647747e-07
66050.00000000009 2.641389597218564e-07
66100.00000000009 1.8045768543625263e-07
66150.00000000009 1.2582071072927436e-07
66200.00000000009 1.3518747300640238e-07
66250.00000000009 1.290251784309323e-07
66300.00000000009 7.453660062566391e-08
66350.00000000009 1.0683893553047991e-07
66400.00000000009 1.2574493378969357e-07
66450.00000000009 1.9789310289680475e-07
66500.00000000009 2.5610961424884124e-07
66550.00000000009 2.5348589832395233e-07
66600.00000000009 1.936320687858227e-07
66650.00000000009 1.9328768411892077e-07
66700.00000000009 1.6671305588151802e-07
66750.00000000009 1.52174860803543e-07
66800.00000000009 1.9472788746080388e-07
66850.00000000009 1.4569662383790592e-07
66900.00000000009 2.0586896990480255e-07
66950.00000000009 2.5474368899667593e-07
67000.00000000009 2.3720223903066606e-07
67050.00000000009 1.8231819115930777e-07
67100.00000000009 1.527560719138113e-07
67150.00000000009 1.5843303107300204e-07
67200.00000000009 1.7454724479694171e-07
67250.00000000009 1.876207111037937e-07
67300.00000000009 1.86668955420008e-07
67350.00000000009 1.3510329534271263e-07
67400.00000000009 2.4624703077215793e-07
67450.00000000009 2.0355027541668207e-07
67500.00000000009 1.8069064320580245e-07
67550.00000000009 2.097094587532746e-07
67600.00000000009 3.049978472314658e-07
67650.00000000009 2.433457928291198e-07
67700.00000000009 1.9875213345653184e-07
67750.00000000009 1.8271130639362174e-07
67800.00000000009 2.3003530838195195e-07
67850.00000000009 1.491128357578724e-07
67900.00000000009 1.8884115028803528e-07
67950.00000000009 1.262465145292066e-07
