galfind/configs/Brown_Dwarf_templates/sonora_cholla/logkzz4/56g/1150K_56g_logkzz4_resample.dat
# %ECSV 1.0
# ---
# datatype:
# - {name: wav, unit: Angstrom, datatype: float64}
# - {name: flux_nu, unit: erg / (cm2 Hz s), datatype: float64}
# schema: astropy-2.0
wav flux_nu
10000.000000000093 nan
10050.000000000093 2.1536117495713663e-07
10100.000000000093 2.5671340021193185e-07
10150.000000000093 2.6768951724057417e-07
10200.000000000093 2.974029273008011e-07
10250.000000000093 3.174988078589495e-07
10300.000000000093 3.1713572766429285e-07
10350.000000000093 3.641757748670948e-07
10400.000000000093 4.0764467360812373e-07
10450.000000000093 4.0891406068584876e-07
10500.000000000093 3.811365851333157e-07
10550.000000000093 3.7533220972258425e-07
10600.000000000093 3.902819167330416e-07
10650.000000000093 4.308022248568485e-07
10700.000000000093 4.6074482070660944e-07
10750.000000000093 4.972393740230388e-07
10800.000000000093 5.213600800433786e-07
10850.000000000093 5.662922704908994e-07
10900.000000000093 4.802467153601207e-07
10950.000000000093 3.3781289354711144e-07
11000.000000000093 3.0746268134118107e-07
11050.000000000093 2.5249278803369826e-07
11100.000000000093 2.3941669547493565e-07
11150.000000000093 1.960593473585177e-07
11200.000000000093 1.9146709685229978e-07
11250.000000000093 2.3188514260915904e-07
11300.000000000093 2.2280327531304673e-07
11350.000000000093 1.3465322442010171e-07
11400.000000000093 2.2333505848192155e-07
11450.000000000093 1.7826906237730543e-07
11500.000000000093 2.1789411936825301e-07
11550.000000000093 1.7133277024472222e-07
11600.000000000093 1.819546975835536e-07
11650.000000000093 2.0095063961773837e-07
11700.000000000093 2.1665077048640196e-07
11750.000000000093 1.8361556877320385e-07
11800.000000000093 2.357667286206895e-07
11850.000000000093 2.881369623255939e-07
11900.000000000093 2.987879941174337e-07
11950.000000000093 3.716985471509287e-07
12000.000000000093 3.853216237753593e-07
12050.000000000093 4.5566105714998716e-07
12100.000000000093 4.947271114279959e-07
12150.000000000093 5.325792434770778e-07
12200.000000000093 6.001119697315256e-07
12250.000000000093 6.679900770367576e-07
12300.000000000093 7.079416476986265e-07
12350.000000000093 7.424652120699707e-07
12400.000000000093 7.552888856555086e-07
12450.000000000093 8.376493385574695e-07
12500.000000000093 8.863886167750078e-07
12550.000000000093 9.239254381464839e-07
12600.000000000093 9.344011873820913e-07
12650.000000000093 9.343303124140971e-07
12700.000000000093 9.899472180549021e-07
12750.000000000093 9.388670714989566e-07
12800.000000000093 9.71397460368958e-07
12850.000000000093 8.917449289659031e-07
12900.000000000093 8.172204872569741e-07
12950.000000000093 8.721063863146726e-07
13000.000000000093 8.570313988642334e-07
13050.000000000093 8.483479358692498e-07
13100.000000000093 7.796887015191699e-07
13150.000000000093 7.029585441210021e-07
13200.000000000093 6.74140858198272e-07
13250.000000000093 5.480385382450389e-07
13300.000000000093 3.318537347616589e-07
13350.000000000093 1.291844472051924e-07
13400.000000000093 7.677924359590333e-08
13450.000000000093 4.9050621357593536e-08
13500.000000000093 3.1682633772860316e-08
13550.000000000093 2.7664407903133593e-08
13600.000000000093 1.9461105639041696e-08
13650.000000000093 4.090147045885944e-08
13700.000000000093 3.474540417173584e-08
13750.000000000093 3.5066157679511573e-08
13800.000000000093 4.762720156459086e-08
13850.000000000093 3.771263436743847e-08
13900.000000000093 3.9403422050285746e-08
13950.000000000093 3.521220631574866e-08
14000.000000000093 3.0956719811182546e-08
14050.000000000093 3.7952893453485834e-08
14100.000000000093 2.8567044884560187e-08
14150.000000000093 3.700295264906438e-08
14200.000000000093 3.0945539230817113e-08
14250.000000000093 3.07510287251214e-08
14300.000000000093 4.0448993515007455e-08
14350.000000000093 3.85292929119779e-08
14400.000000000093 4.712570161279612e-08
14450.000000000093 4.767082769380501e-08
14500.000000000093 7.850056467846692e-08
14550.000000000093 7.808698207533955e-08
14600.000000000093 9.676073354051168e-08
14650.000000000093 1.0512098771731183e-07
14700.000000000093 7.742306391295474e-08
14750.000000000093 1.0030512201442586e-07
14800.000000000093 1.2207526453943359e-07
14850.000000000093 1.229889002906371e-07
14900.000000000093 1.365386829555995e-07
14950.000000000093 1.4552381316698218e-07
15000.000000000093 1.5276633407796642e-07
15050.000000000093 1.9271210227825896e-07
15100.000000000093 2.0846082754892792e-07
15150.000000000093 2.272983720665591e-07
15200.000000000093 2.0178160062045683e-07
15250.000000000093 2.3757068758605665e-07
15300.000000000093 2.749453105565258e-07
15350.000000000093 3.160559376564701e-07
15400.000000000093 3.395151891605172e-07
15450.000000000093 3.8721319087769423e-07
15500.000000000093 4.0649163889963967e-07
15550.000000000093 4.5753501627497705e-07
15600.000000000093 4.7079923161037625e-07
15650.000000000093 4.91729640591914e-07
15700.000000000093 5.734887448892023e-07
15750.000000000093 6.142021034093809e-07
15800.000000000093 5.905620731748641e-07
15850.000000000093 6.483567330742565e-07
15900.000000000093 6.454264081723794e-07
15950.000000000093 6.611339396968884e-07
16000.000000000093 6.798464590983681e-07
16050.000000000093 6.654242774319456e-07
16100.000000000093 6.58880521375087e-07
16150.000000000093 5.47448076798134e-07
16200.000000000093 4.976003918821829e-07
16250.000000000093 5.169764566503717e-07
16300.000000000093 4.879471656787458e-07
16350.000000000093 5.117015033654507e-07
16400.000000000095 5.602184903366712e-07
16450.000000000095 5.852009510760941e-07
16500.000000000095 6.08919818452212e-07
16550.000000000095 5.8989896908656e-07
16600.000000000095 5.601192066266377e-07
16650.000000000095 5.232600879723262e-07
16700.000000000095 3.677251822006801e-07
16750.000000000095 4.2072333329358495e-07
16800.000000000095 5.257206860641681e-07
16850.000000000095 5.044115946179884e-07
16900.000000000095 4.832742548350979e-07
16950.000000000095 4.4144598159274016e-07
17000.000000000095 4.069195862694618e-07
17050.000000000095 4.5106505783172827e-07
17100.000000000095 4.4870976458981164e-07
17150.000000000095 3.840842469468175e-07
17200.000000000095 3.9914126279028866e-07
17250.000000000095 3.514614109119653e-07
17300.000000000095 3.142063750273068e-07
17350.000000000095 3.0341962153693953e-07
17400.000000000095 2.837953682220314e-07
17450.000000000095 2.7488393859543534e-07
17500.000000000095 2.867477824930321e-07
17550.000000000095 2.435766919620213e-07
17600.000000000095 2.318408433038368e-07
17650.000000000095 2.2983095926570947e-07
17700.000000000095 1.5671718214035946e-07
17750.000000000095 1.4765760983259778e-07
17800.000000000095 1.7858079276691802e-07
17850.000000000095 1.19322305194646e-07
17900.000000000095 1.4112161299893365e-07
17950.000000000095 1.1024977998152083e-07
18000.000000000095 1.1458798356635743e-07
18050.000000000095 1.1279203523364879e-07
18100.000000000095 9.576442396690997e-08
18150.000000000095 1.362743558615437e-07
18200.000000000095 8.896422836998663e-08
18250.000000000095 1.563481424354966e-07
18300.000000000095 1.1103680367228165e-07
18350.000000000095 1.0221425504846445e-07
18400.000000000095 9.262618632601847e-08
18450.000000000095 9.243661667647453e-08
18500.000000000095 1.0863837726160487e-07
18550.000000000095 8.558040139867456e-08
18600.000000000095 6.930448303145129e-08
18650.000000000095 7.106120459333904e-08
18700.000000000095 7.696662526773778e-08
18750.000000000095 7.946049512011255e-08
18800.000000000095 1.2251747949508584e-07
18850.000000000095 1.471177352509492e-07
18900.000000000095 1.3659080761871945e-07
18950.000000000095 1.8068683006790695e-07
19000.000000000095 1.5193381882242142e-07
19050.000000000095 1.2518486666173426e-07
19100.000000000095 1.7618006200131557e-07
19150.000000000095 1.6016302101269382e-07
19200.000000000095 1.609402624345935e-07
19250.000000000095 1.5136805893951913e-07
19300.000000000095 1.398642766733483e-07
19350.000000000095 1.24911792685031e-07
19400.000000000095 8.481371074396488e-08
19450.000000000095 1.4042873364074443e-07
19500.000000000095 1.2744832101043255e-07
19550.000000000095 1.0308725175572981e-07
19600.000000000095 1.3651995053638955e-07
19650.000000000095 1.4407234745207123e-07
19700.000000000095 1.4643050012835284e-07
19750.000000000095 1.4192655840942805e-07
19800.000000000095 1.6399138475261944e-07
19850.000000000095 1.82569642460453e-07
19900.000000000095 1.3255348927735166e-07
19950.000000000095 2.039966058368009e-07
20000.000000000095 2.0237359554497763e-07
20050.000000000095 2.1519422265002311e-07
20100.000000000095 2.2815131997665705e-07
20150.000000000095 2.1841251055380812e-07
20200.000000000095 2.598557220613588e-07
20250.000000000095 2.879943839275298e-07
20300.000000000095 2.5915567603539786e-07
20350.000000000095 2.9150901781684546e-07
20400.000000000095 2.91870247894685e-07
20450.000000000095 3.5202474185648456e-07
20500.000000000095 3.5444878475293234e-07
20550.000000000095 3.365396350952173e-07
20600.000000000095 4.044811490412198e-07
20650.000000000095 3.7071411455136954e-07
20700.000000000095 3.901814375863424e-07
20750.000000000095 4.41283338042133e-07
20800.000000000095 4.363234605759223e-07
20850.000000000095 4.294400397747045e-07
20900.000000000095 4.615004741938001e-07
20950.000000000095 4.3757676103976474e-07
21000.000000000095 4.757251785096304e-07
21050.000000000095 4.5228635290337836e-07
21100.000000000095 4.59304232089318e-07
21150.000000000095 4.5778132224043426e-07
21200.000000000095 4.4305424408227763e-07
21250.000000000095 4.585488704239031e-07
21300.000000000095 4.1781301537460465e-07
21350.000000000095 4.5060021007191256e-07
21400.000000000095 3.9911554103989516e-07
21450.000000000095 4.116228702855897e-07
21500.000000000095 4.070568613000503e-07
21550.000000000095 3.882858679740455e-07
21600.000000000095 3.8341557670373543e-07
21650.000000000095 3.4487747896560476e-07
21700.000000000095 3.6824950793300636e-07
21750.000000000095 3.3734237100024527e-07
21800.000000000095 3.1077685035831187e-07
21850.000000000095 2.8247957176975946e-07
21900.000000000095 2.719965352306352e-07
21950.000000000095 1.8039478202557933e-07
22000.000000000095 1.4053198840293274e-07
22050.000000000095 1.0430796619803542e-07
22100.000000000095 1.380805021443604e-07
22150.000000000095 1.5820076878728505e-07
22200.000000000095 1.60072637549033e-07
22250.000000000095 1.4537616831747395e-07
22300.000000000095 1.4906358886229442e-07
22350.000000000095 1.3660891675547625e-07
22400.000000000095 1.2729713807244316e-07
22450.000000000095 1.0893210394492914e-07
22500.000000000095 1.1898479801838768e-07
22550.000000000095 8.528150363792537e-08
22600.000000000095 1.0280024742960255e-07
22650.000000000095 9.617594722884785e-08
22700.000000000095 9.496620169609536e-08
22750.000000000095 9.807504083370986e-08
22800.000000000095 8.924280265801566e-08
22850.000000000095 8.080525326987971e-08
22900.000000000095 7.531866019176471e-08
22950.000000000095 7.41552968650241e-08
23000.000000000095 5.587110922482527e-08
23050.000000000095 7.881212306387763e-08
23100.000000000095 9.895104286221784e-08
23150.000000000095 1.0114950772674838e-07
23200.000000000095 5.984332541495123e-08
23250.000000000095 5.6566616706142784e-08
23300.000000000095 5.4167437204349724e-08
23350.000000000095 4.7386379591935036e-08
23400.000000000095 6.111383101144607e-08
23450.000000000095 5.644889343151833e-08
23500.000000000095 5.887269540307263e-08
23550.000000000095 7.881254482684772e-08
23600.000000000095 7.88221345108119e-08
23650.000000000095 9.033806637201615e-08
23700.000000000095 6.362356868819517e-08
23750.000000000095 5.8533946684638265e-08
23800.000000000095 6.043973502112419e-08
23850.000000000095 6.282952729579306e-08
23900.000000000095 9.014864985996237e-08
23950.000000000095 9.194824439712253e-08
24000.000000000095 1.1565202441933996e-07
24050.000000000095 1.169480459324537e-07
24100.000000000095 9.7914042667388e-08
24150.000000000095 1.0439405879774035e-07
24200.000000000095 1.1436606686820746e-07
24250.000000000095 1.0606258120344521e-07
24300.000000000095 1.0878298302644562e-07
24350.000000000095 1.0123011395564428e-07
24400.000000000095 1.3876750513467341e-07
24450.000000000095 1.1194359861671508e-07
24500.000000000095 1.277031291385842e-07
24550.000000000095 1.1689163613951447e-07
24600.000000000095 1.3160872213005518e-07
24650.000000000095 1.4203048189222857e-07
24700.000000000095 1.1407240802387333e-07
24750.000000000095 1.0396774852336155e-07
24800.000000000095 1.1116187520826888e-07
24850.000000000095 1.44735485795326e-07
24900.000000000095 7.992195124875278e-08
24950.000000000095 1.3104429527982597e-07
25000.000000000095 1.2220454300600608e-07
25050.000000000095 9.413013084816526e-08
25100.000000000095 1.1491098747288806e-07
25150.000000000095 7.512136483833834e-08
25200.000000000095 1.0002085588433256e-07
25250.000000000095 7.192960492518812e-08
25300.000000000095 1.028733461267824e-07
25350.000000000095 5.54496692714384e-08
25400.000000000095 9.377173561142322e-08
25450.000000000095 6.858249414311567e-08
25500.000000000095 6.459341151649608e-08
25550.000000000095 8.02121510572107e-08
25600.000000000095 6.45825355675701e-08
25650.000000000095 5.3020217910965976e-08
25700.000000000095 9.342700743000985e-08
25750.000000000095 5.201520225750516e-08
25800.000000000095 9.26482802590624e-08
25850.000000000095 5.173998229289993e-08
25900.000000000095 7.007345679961727e-08
25950.000000000095 4.976364038359815e-08
26000.000000000095 8.600730306648269e-08
26050.000000000095 7.35156916101204e-08
26100.000000000095 9.88142656856631e-08
26150.000000000095 8.424689815004379e-08
26200.000000000095 9.613755296671628e-08
26250.000000000095 1.0887524458629761e-07
26300.000000000095 8.489888375116134e-08
26350.000000000095 1.1850594102773477e-07
26400.000000000095 1.455206932701687e-07
26450.000000000095 1.2975154883417865e-07
26500.000000000095 1.1571386489774209e-07
26550.000000000095 1.03741281148817e-07
26600.000000000095 1.282437019711847e-07
26650.000000000095 6.968048554207206e-08
26700.000000000095 5.517981358392823e-08
26750.000000000095 4.798966957064807e-08
26800.000000000095 7.062743867718503e-08
26850.000000000095 4.319287479071384e-08
26900.000000000095 7.984743266009164e-08
26950.000000000095 4.319165705712832e-08
27000.000000000095 9.387567916053957e-08
27050.000000000095 8.34349706049082e-08
27100.000000000095 6.531427738553607e-08
27150.000000000095 1.0685767253967103e-07
27200.000000000095 6.879192895490608e-08
27250.000000000095 7.756976315160627e-08
27300.000000000095 1.425860788207111e-07
27350.000000000095 1.095506647636318e-07
27400.000000000095 4.421147131919247e-08
27450.000000000095 1.4027897121506813e-07
27500.000000000095 1.260883145919613e-07
27550.000000000095 8.474173066283485e-08
27600.000000000095 1.3816746277907886e-07
27650.000000000095 6.863156741379634e-08
27700.000000000095 5.555118747934489e-08
27750.000000000095 1.2930628708075442e-07
27800.000000000095 7.115740854489245e-08
27850.000000000095 8.092037444786411e-08
27900.000000000095 1.0114522175486544e-07
27950.000000000095 1.0087924035226436e-07
28000.000000000095 1.1655055598111342e-07
28050.000000000095 5.8071422749130894e-08
28100.000000000095 1.3747842229767353e-07
28150.000000000095 1.1202126642505958e-07
28200.000000000095 5.288471432062791e-08
28250.000000000095 1.3648121513089327e-07
28300.000000000095 1.8266347045314607e-07
28350.000000000095 6.076004789247284e-08
28400.000000000095 1.2918994287018385e-07
28450.000000000095 1.2860900800807835e-07
28500.000000000095 1.2064659630175816e-07
28550.000000000095 5.6860789401039215e-08
28600.000000000095 1.4170941676290367e-07
28650.000000000095 1.3778064178992316e-07
28700.000000000095 1.1536685876737759e-07
28750.000000000095 1.5616655835407466e-07
28800.000000000095 1.2847172244637595e-07
28850.000000000095 1.8143480267029744e-07
28900.000000000095 8.37509996932952e-08
28950.000000000095 1.725942470573717e-07
29000.000000000095 1.1656287218226126e-07
29050.000000000095 1.4235430528357835e-07
29100.000000000095 9.079846675275531e-08
29150.000000000095 1.745097069925324e-07
29200.000000000095 1.282577592766337e-07
29250.000000000095 1.784124061914687e-07
29300.000000000095 1.0847435687292102e-07
