galfind/configs/Brown_Dwarf_templates/sonora_cholla/logkzz4/56g/1150K_56g_logkzz4_resample.dat
# %ECSV 1.0
# ---
# datatype:
# - {name: wav, unit: Angstrom, datatype: float64}
# - {name: flux_nu, unit: erg / (cm2 Hz s), datatype: float64}
# schema: astropy-2.0
wav flux_nu
[from data line 775]
48750.000000000095 1.8601556537429078e-07
48800.000000000095 2.772731729947913e-07
48850.000000000095 2.1200343577412126e-07
48900.000000000095 3.014773577774311e-07
48950.000000000095 2.585859121859672e-07
49000.000000000095 2.2663918207346284e-07
49050.000000000095 2.785555031548701e-07
49100.000000000095 2.0072251232667977e-07
49150.000000000095 3.1060808385851483e-07
49200.000000000095 2.2670957454267798e-07
49250.000000000095 3.140416760857954e-07
49300.000000000095 2.498842343056396e-07
49350.000000000095 2.606603234840881e-07
49400.000000000095 3.1722601913716613e-07
49450.000000000095 2.8080922538861435e-07
49500.000000000095 2.8345383265972886e-07
49550.000000000095 1.9807642319306788e-07
49600.000000000095 2.9171692382705163e-07
49650.000000000095 2.5732830638642785e-07
49700.000000000095 2.2373386199724093e-07
49750.000000000095 3.6919316908764196e-07
49800.000000000095 2.385014725307481e-07
49850.000000000095 4.0050785723778395e-07
49900.000000000095 2.994003908051534e-07
49950.000000000095 3.3490690955952777e-07
50000.000000000095 3.707719684241079e-07
50050.000000000095 3.29179891447792e-07
50100.000000000095 4.374622317872083e-07
50150.000000000095 2.4064239427015096e-07
50200.000000000095 1.9647877776860477e-07
50250.000000000095 3.8722905249714705e-07
50300.000000000095 2.7591391194621536e-07
50350.000000000095 3.5732296784765434e-07
50400.000000000095 3.299676668958172e-07
50450.000000000095 3.298613742859029e-07
50500.000000000095 3.842669182248883e-07
50550.000000000095 3.3609068893526005e-07
50600.000000000095 3.921692622397184e-07
50650.000000000095 3.4670674721033826e-07
50700.000000000095 4.470910076350592e-07
50750.000000000095 4.6494813872567654e-07
50800.000000000095 2.543616538584766e-07
50850.000000000095 3.288462603742271e-07
50900.000000000095 4.2638696512599874e-07
50950.000000000095 4.65197553352273e-07
51000.000000000095 4.213719379626182e-07
51050.000000000095 3.6440133538008595e-07
51100.000000000095 2.867111295788649e-07
51150.000000000095 3.301781436079008e-07
51200.000000000095 4.3865362709432665e-07
51250.000000000095 4.390344051945855e-07
51300.000000000095 2.9053295357982424e-07
51350.000000000095 3.8476668862148356e-07
51400.000000000095 3.351675196031063e-07
51450.000000000095 2.8667632597096205e-07
51500.000000000095 2.701758437072461e-07
51550.000000000095 4.416927320734331e-07
51600.000000000095 2.9949494768142847e-07
51650.000000000095 4.18105366569051e-07
51700.000000000095 4.117000605900273e-07
51750.000000000095 2.9246110401576354e-07
51800.000000000095 5.243802738637486e-07
51850.000000000095 3.86113432020157e-07
51900.000000000095 5.060137482291489e-07
51950.000000000095 4.496449304128924e-07
52000.000000000095 2.1259892701706516e-07
52050.000000000095 3.2305556315306106e-07
52100.000000000095 3.2474470358416024e-07
52150.000000000095 2.789324999000671e-07
52200.000000000095 2.7316887755838223e-07
52250.000000000095 3.0109217882851063e-07
52300.000000000095 4.5189189928755457e-07
52350.000000000095 4.092970002684804e-07
52400.000000000095 2.9682998128068176e-07
52450.000000000095 4.3180881023474705e-07
52500.000000000095 3.80658169013025e-07
52550.000000000095 4.248880284817778e-07
52600.000000000095 3.230630829408393e-07
52650.000000000095 4.1065760689646743e-07
52700.000000000095 3.26343885656902e-07
52750.000000000095 2.935346240277841e-07
52800.000000000095 2.920188178999162e-07
52850.000000000095 3.5101435941388343e-07
52900.000000000095 2.790340882464592e-07
52950.000000000095 2.7538074656322373e-07
53000.000000000095 5.036537767050161e-07
53050.000000000095 2.5492593968974545e-07
53100.000000000095 4.3290444526862157e-07
53150.000000000095 4.798670284525568e-07
53200.000000000095 2.6469136375793513e-07
53250.000000000095 4.658405696825423e-07
53300.000000000095 4.621556018897157e-07
53350.000000000095 4.194174269498318e-07
53400.000000000095 4.7265930629871096e-07
53450.000000000095 2.780866111316238e-07
53500.000000000095 2.0193761959126326e-07
53550.000000000095 2.89986610157439e-07
53600.000000000095 3.576588980671456e-07
53650.000000000095 3.1237270792770956e-07
53700.000000000095 2.900487092147046e-07
53750.000000000095 3.118380946305487e-07
53800.000000000095 3.03281039197973e-07
53850.000000000095 3.867700664948804e-07
53900.000000000095 3.247674481184776e-07
53950.000000000095 4.371454504011176e-07
54000.000000000095 3.284789604622823e-07
54050.000000000095 3.2863145154952043e-07
54100.000000000095 2.0853039599671844e-07
54150.000000000095 2.8124517161209106e-07
54200.000000000095 1.6604534175086003e-07
54250.000000000095 1.7500009556687973e-07
54300.000000000095 2.732765260148365e-07
54350.000000000095 3.386110264682608e-07
54400.000000000095 3.6193737678985175e-07
54450.000000000095 2.920462052093903e-07
54500.000000000095 2.6688481372009755e-07
54550.000000000095 2.3869443440270103e-07
54600.000000000095 2.994237618784042e-07
54650.000000000095 2.097788070237909e-07
54700.000000000095 3.434229449308551e-07
54750.000000000095 3.4519219024494614e-07
54800.000000000095 2.718180564837982e-07
54850.000000000095 2.9978014529011106e-07
54900.000000000095 3.7047800485453626e-07
54950.000000000095 4.7382519574769656e-07
55000.000000000095 2.458658378816542e-07
55050.000000000095 3.342423754457725e-07
55100.000000000095 2.5610416675927233e-07
55150.000000000095 2.5717292314741707e-07
55200.000000000095 2.581683777536668e-07
55250.000000000095 2.7526447623196275e-07
55300.000000000095 2.193201560302807e-07
55350.000000000095 2.8999382898823846e-07
55400.000000000095 3.7784877689891606e-07
55450.000000000095 3.056610996028818e-07
55500.000000000095 1.8641194356206988e-07
55550.000000000095 2.4244391525894105e-07
55600.000000000095 2.2245424787119913e-07
55650.000000000095 1.8022418255929637e-07
55700.000000000095 2.549648795721663e-07
55750.000000000095 2.9060464419694695e-07
55800.000000000095 2.2395912126988962e-07
55850.000000000095 1.9625441403665553e-07
55900.000000000095 3.1609299637571754e-07
55950.000000000095 4.11045295003143e-07
56000.000000000095 2.0913030927483122e-07
56050.000000000095 2.9519974055629673e-07
56100.000000000095 3.217098433195819e-07
56150.000000000095 2.419325865963493e-07
56200.000000000095 2.7073510853479886e-07
56250.000000000095 2.423368740218217e-07
56300.000000000095 2.850490176257085e-07
56350.000000000095 2.973452919809372e-07
56400.000000000095 2.3180333337027867e-07
56450.000000000095 2.037073890284812e-07
56500.000000000095 1.9339096251801802e-07
56550.000000000095 1.6785202146514386e-07
56600.000000000095 2.9110400370918783e-07
56650.000000000095 2.727012170864311e-07
56700.000000000095 3.0967731749249477e-07
56750.000000000095 1.857470147506018e-07
56800.000000000095 3.276243962631498e-07
56850.000000000095 2.57088619027587e-07
56900.000000000095 2.216304739093143e-07
56950.000000000095 3.1447363623671325e-07
57000.000000000095 3.2192704351358656e-07
57050.000000000095 2.5469890057207436e-07
57100.000000000095 1.5059617090113592e-07
57150.000000000095 1.9795907073927092e-07
57200.000000000095 1.628540594529399e-07
57250.000000000095 2.3614378567993472e-07
57300.000000000095 2.837121805484576e-07
57350.000000000095 1.6215370738025014e-07
57400.000000000095 2.694696201243834e-07
57450.000000000095 2.6264225630977727e-07
57500.000000000095 2.558542078722402e-07
57550.000000000095 3.0917002265184515e-07
57600.000000000095 3.3007063496598656e-07
57650.000000000095 1.550289476289909e-07
57700.000000000095 1.8673512492791177e-07
57750.000000000095 2.2850784760117565e-07
57800.000000000095 1.0344982295392556e-07
57850.000000000095 3.4961191938225987e-07
57900.000000000095 3.995927935477872e-07
57950.000000000095 3.456648829913406e-07
58000.000000000095 1.9694279065220708e-07
58050.000000000095 2.8162501739962553e-07
58100.000000000095 3.2921786698912603e-07
58150.000000000095 2.637582811075001e-07
58200.000000000095 1.6672436135497173e-07
58250.000000000095 2.1341405327562792e-07
58300.000000000095 1.646702034471247e-07
58350.000000000095 2.037933323108193e-07
58400.000000000095 2.580895520127463e-07
58450.000000000095 2.620066715623754e-07
58500.000000000095 2.3871707961716907e-07
58550.000000000095 2.699892072744188e-07
58600.000000000095 1.761917879734551e-07
58650.000000000095 2.2689444676141615e-07
58700.000000000095 2.2365613740482018e-07
58750.000000000095 2.2694923883226913e-07
58800.000000000095 1.4358188770973424e-07
58850.000000000095 2.221825339363601e-07
58900.000000000095 2.805375048727558e-07
58950.000000000095 1.845195241842557e-07
59000.000000000095 2.6167491584489925e-07
59050.000000000095 2.77168542765529e-07
59100.000000000095 3.36559984142529e-07
59150.000000000095 2.5023251389820914e-07
59200.000000000095 2.649173879906309e-07
59250.000000000095 2.82939792227408e-07
59300.000000000095 2.6645794178951895e-07
59350.000000000095 1.6268640935595965e-07
59400.000000000095 1.260781206644217e-07
59450.000000000095 2.2988153592952684e-07
59500.000000000095 1.5373320271348233e-07
59550.000000000095 2.930988406740922e-07
59600.000000000095 2.5135985636118004e-07
59650.000000000095 2.6794687107671344e-07
59700.000000000095 1.8141915943358308e-07
59750.000000000095 3.407681485653228e-07
59800.000000000095 2.3719646386365183e-07
59850.000000000095 2.830338433341804e-07
59900.000000000095 1.6476976888250813e-07
59950.000000000095 2.5062619524102235e-07
60000.000000000095 3.600352252699715e-07
60050.000000000095 3.1310992354804415e-07
60100.000000000095 3.4298935246556584e-07
60150.000000000095 2.533852709419204e-07
60200.000000000095 2.7071328587086896e-07
60250.000000000095 3.187105007803686e-07
60300.000000000095 3.001838477576311e-07
60350.000000000095 2.3453062489602124e-07
60400.000000000095 2.629115194947622e-07
60450.000000000095 1.7928656249859102e-07
60500.000000000095 1.248294569216303e-07
60550.000000000095 2.9736328661776264e-07
60600.000000000095 2.8487193927409264e-07
60650.000000000095 2.5681519074536037e-07
60700.000000000095 2.3023705438982622e-07
60750.000000000095 1.930226085208902e-07
60800.000000000095 2.990277409726993e-07
60850.000000000095 3.8754788227259256e-07
60900.000000000095 3.601273643820383e-07
60950.000000000095 3.4961895145143435e-07
61000.000000000095 2.566066222692798e-07
61050.000000000095 2.0643653576254903e-07
61100.000000000095 2.9084681591189304e-07
61150.000000000095 1.2161810758386036e-07
61200.000000000095 3.5986054630948066e-07
61250.000000000095 4.202186628706488e-07
61300.000000000095 3.68830140357681e-07
61350.000000000095 3.9747030920615044e-07
61400.000000000095 3.1308522938088103e-07
61450.000000000095 2.3120374615537722e-07
61500.000000000095 2.504131090417205e-07
61550.000000000095 2.1136919945227422e-07
61600.000000000095 1.5238186006023488e-07
61650.000000000095 2.7121898676053293e-07
61700.000000000095 2.1098862786466953e-07
61750.000000000095 2.633704753963782e-07
61800.000000000095 2.8346883187297934e-07
61850.000000000095 2.1552453401009732e-07
61900.000000000095 3.2179943818811846e-07
61950.000000000095 3.3921686612761023e-07
62000.000000000095 3.189543530520081e-07
62050.000000000095 3.0378657690958285e-07
62100.000000000095 3.4766164212554035e-07
62150.000000000095 3.444949774307388e-07
62200.000000000095 2.924143310836374e-07
62250.000000000095 3.284466367491605e-07
62300.000000000095 4.1387949738312764e-07
62350.000000000095 3.260709022809515e-07
62400.000000000095 2.107216046195088e-07
62450.000000000095 2.9506052462495265e-07
62500.000000000095 3.7840198042866906e-07
62550.000000000095 3.5715129653871156e-07
62600.000000000095 3.9066089625637406e-07
62650.000000000095 2.9301963088556775e-07
62700.000000000095 3.605432690723981e-07
62750.000000000095 4.3082442801634563e-07
62800.000000000095 2.875851904813376e-07
62850.000000000095 3.7776407717860704e-07
62900.000000000095 2.977843327424003e-07
62950.000000000095 3.297771510387434e-07
63000.000000000095 3.4542730741698766e-07
63050.000000000095 4.4120530938423214e-07
63100.000000000095 3.823493273934394e-07
63150.000000000095 2.984492812536083e-07
63200.000000000095 3.90725662997101e-07
63250.000000000095 3.0282727724307727e-07
63300.000000000095 3.8947179716743826e-07
63350.000000000095 3.4043343979084853e-07
63400.000000000095 2.2631917576713355e-07
63450.000000000095 2.1461256692642903e-07
63500.000000000095 3.4834229172299144e-07
63550.000000000095 3.0264043970335214e-07
63600.000000000095 3.7319422229326264e-07
63650.000000000095 2.654317897445889e-07
63700.000000000095 2.2739628540052608e-07
63750.000000000095 3.010891885934278e-07
63800.000000000095 2.9746634107556486e-07
63850.000000000095 2.995774991137142e-07
63900.000000000095 2.3678799326098384e-07
63950.000000000095 3.2846282483708025e-07
64000.000000000095 3.4345541661763353e-07
64050.000000000095 2.6404281964585657e-07
64100.000000000095 1.2133335388921246e-07
64150.000000000095 1.6138889696163342e-07
64200.000000000095 1.8895832878027663e-07
64250.000000000095 2.778241290909356e-07
64300.000000000095 2.2228502044616172e-07
64350.000000000095 1.9448693532008651e-07
64400.000000000095 2.8259500631499535e-07
64450.000000000095 2.861070209798546e-07
64500.000000000095 1.895264669026942e-07
64550.000000000095 2.6412594979188464e-07
64600.000000000095 1.6195090640856946e-07
64650.000000000095 2.2436632615525527e-07
64700.000000000095 1.4816889211867883e-07
64750.000000000095 1.8172517747248697e-07
64800.000000000095 1.8557791237013608e-07
64850.000000000095 1.7117410999612916e-07
64900.000000000095 2.0153351406712825e-07
64950.000000000095 1.8398574031882987e-07
65000.000000000095 2.1096252633588259e-07
65050.000000000095 2.0399995140748702e-07
65100.000000000095 2.433709969031962e-07
65150.000000000095 1.8129449701873363e-07
65200.000000000095 1.60293798302886e-07
65250.000000000095 2.3631697172552577e-07
65300.000000000095 1.884348047218803e-07
65350.000000000095 3.291317826378008e-07
65400.000000000095 1.9863411629082455e-07
65450.000000000095 2.0925156285939455e-07
65500.000000000095 2.34492889342432e-07
65550.00000000009 1.65889637176095e-07
65600.00000000009 1.936106047306601e-07
65650.00000000009 2.151420091535627e-07
65700.00000000009 1.858610929920597e-07
65750.00000000009 1.7021450599078177e-07
65800.00000000009 2.2477996034491623e-07
65850.00000000009 2.3857350610768156e-07
65900.00000000009 1.6668386611703748e-07
65950.00000000009 1.23858400298051e-07
66000.00000000009 1.9335017959724688e-07
66050.00000000009 3.008903348983312e-07
66100.00000000009 2.1074890306998413e-07
66150.00000000009 1.463176912330541e-07
66200.00000000009 1.5873009148447943e-07
66250.00000000009 1.5008295306975006e-07
66300.00000000009 9.108687365216448e-08
66350.00000000009 1.305022131578194e-07
66400.00000000009 1.4970209087394602e-07
66450.00000000009 2.2886704168502463e-07
66500.00000000009 2.91950350229646e-07
66550.00000000009 2.857201237793215e-07
66600.00000000009 2.2036017526178924e-07
66650.00000000009 2.2790462419346335e-07
66700.00000000009 1.9425922788677856e-07
66750.00000000009 1.7600290059355556e-07
66800.00000000009 2.2321107423235657e-07
66850.00000000009 1.7403216571018106e-07
66900.00000000009 2.3262509863865121e-07
66950.00000000009 2.8906336384523427e-07
67000.00000000009 2.6875641964877013e-07
67050.00000000009 2.1169779467593826e-07
67100.00000000009 1.8195846226781308e-07
67150.00000000009 1.8839485543762523e-07
67200.00000000009 2.0244443353921164e-07
67250.00000000009 2.1800901703287016e-07
67300.00000000009 2.1226431927915108e-07
67350.00000000009 1.6132045712399838e-07
67400.00000000009 2.7980016625306647e-07
67450.00000000009 2.3412249604282364e-07
67500.00000000009 2.0850501866957815e-07
67550.00000000009 2.3922964586867754e-07
67600.00000000009 3.4135984482071775e-07
67650.00000000009 2.7561028385168203e-07
67700.00000000009 2.3117622183999586e-07
67750.00000000009 2.1402304758470755e-07
67800.00000000009 2.659659714401366e-07
67850.00000000009 1.7494831556281352e-07
67900.00000000009 2.2271408253854116e-07
67950.00000000009 1.4443045087711513e-07
