galfind/configs/Brown_Dwarf_templates/sonora_cholla/logkzz4/56g/1200K_56g_logkzz4_resample.dat
# %ECSV 1.0
# ---
# datatype:
# - {name: wav, unit: Angstrom, datatype: float64}
# - {name: flux_nu, unit: erg / (cm2 Hz s), datatype: float64}
# schema: astropy-2.0
wav flux_nu
[from data line 388]
29400.000000000095 2.253084587799672e-07
29450.000000000095 2.1098446401816787e-07
29500.000000000095 2.153595566559975e-07
29550.000000000095 1.9168405620458556e-07
29600.000000000095 2.770178596283357e-07
29650.000000000095 2.0663056097017156e-07
29700.000000000095 2.1509885734303455e-07
29750.000000000095 2.3922873485285833e-07
29800.000000000095 3.059931329372824e-07
29850.000000000095 2.8847238497870756e-07
29900.000000000095 2.418921609739428e-07
29950.000000000095 2.3228574131301555e-07
30000.000000000095 2.783128798107343e-07
30050.000000000095 2.2588339170101733e-07
30100.000000000095 2.3781313427168912e-07
30150.000000000095 3.05438919156831e-07
30200.000000000095 2.499395531250768e-07
30250.000000000095 3.078180647138133e-07
30300.000000000095 2.732344726977351e-07
30350.000000000095 2.2592649071393565e-07
30400.000000000095 2.802904914778595e-07
30450.000000000095 2.456118115679459e-07
30500.000000000095 2.3369786251719176e-07
30550.000000000095 2.718503302158125e-07
30600.000000000095 2.712915028904157e-07
30650.000000000095 2.6532841872993036e-07
30700.000000000095 2.3414524504643517e-07
30750.000000000095 2.0812138461840979e-07
30800.000000000095 2.186127793154225e-07
30850.000000000095 2.1014309766626554e-07
30900.000000000095 2.1085880072242668e-07
30950.000000000095 1.534054435517229e-07
31000.000000000095 1.8882496257827174e-07
31050.000000000095 1.8683850124267366e-07
31100.000000000095 1.3577194450851497e-07
31150.000000000095 1.68156046653271e-07
31200.000000000095 1.6204240042647165e-07
31250.000000000095 1.5172274502240192e-07
31300.000000000095 1.4762448136804338e-07
31350.000000000095 1.3547843592076352e-07
31400.000000000095 1.0152103773331749e-07
31450.000000000095 1.4301545377919685e-07
31500.000000000095 1.1775265838963734e-07
31550.000000000095 1.4015092749821416e-07
31600.000000000095 1.0327750407516624e-07
31650.000000000095 1.1776108838385374e-07
31700.000000000095 1.1141457528895367e-07
31750.000000000095 9.95260230750334e-08
31800.000000000095 1.061661774949679e-07
31850.000000000095 1.0602656289579998e-07
31900.000000000095 9.406607367210192e-08
31950.000000000095 1.0651282831041338e-07
32000.000000000095 9.984504965412355e-08
32050.000000000095 8.145354560792783e-08
32100.000000000095 7.766209093114473e-08
32150.000000000095 1.0215044452435229e-07
32200.000000000095 8.663437794742583e-08
32250.000000000095 9.841154976670529e-08
32300.000000000095 7.979956260498984e-08
32350.000000000095 1.261348941840326e-07
32400.000000000095 1.0002423767431608e-07
32450.000000000095 1.2746192107089365e-07
32500.000000000095 1.0020035821315053e-07
32550.000000000095 1.2298995680356564e-07
32600.000000000095 1.3878838317875158e-07
32650.000000000095 1.5825832682035983e-07
32700.000000000095 1.224571584123078e-07
32750.000000000095 1.7383804154824548e-07
32800.000000000095 1.2235101232717685e-07
32850.000000000095 1.6388786424253674e-07
32900.000000000095 1.8281960657029338e-07
32950.000000000095 1.8215645832628162e-07
33000.000000000095 1.7097402180820229e-07
33050.000000000095 1.5884517906933667e-07
33100.000000000095 9.996635324776426e-08
33150.000000000095 5.3839621754400093e-08
33200.000000000095 5.190151991027705e-08
33250.000000000095 2.762534190876723e-08
33300.000000000095 2.7747780774213102e-08
33350.000000000095 4.162371048008886e-08
33400.000000000095 5.283098362246059e-08
33450.000000000095 6.572550818251101e-08
33500.000000000095 7.839946951005739e-08
33550.000000000095 8.259296273480465e-08
33600.000000000095 1.139808468442054e-07
33650.000000000095 1.218386141106706e-07
33700.000000000095 1.1803847099932612e-07
33750.000000000095 1.4603001211495683e-07
33800.000000000095 1.2903808714369614e-07
33850.000000000095 1.5956626751172413e-07
33900.000000000095 1.4074295065982163e-07
33950.000000000095 1.4801598569574423e-07
34000.000000000095 1.527234588297877e-07
34050.000000000095 9.597745990344354e-08
34100.000000000095 1.5285475644847527e-07
34150.000000000095 1.2458671619527617e-07
34200.000000000095 1.4857749791791163e-07
34250.000000000095 1.278983629774713e-07
34300.000000000095 1.0244485435406099e-07
34350.000000000095 1.2482208128456043e-07
34400.000000000095 1.23752396474767e-07
34450.000000000095 1.5151788712030351e-07
34500.000000000095 1.4409719297691603e-07
34550.000000000095 1.0293096829274201e-07
34600.000000000095 1.5789408085314855e-07
34650.000000000095 1.227114378983651e-07
34700.000000000095 1.2475895992848286e-07
34750.000000000095 1.2244519224976502e-07
34800.000000000095 9.188454359022979e-08
34850.000000000095 1.2581354393267338e-07
34900.000000000095 1.5430339104619624e-07
34950.000000000095 1.2208645077440444e-07
35000.000000000095 1.6702115730313262e-07
35050.000000000095 1.3854373577709912e-07
35100.000000000095 1.5887924316828232e-07
35150.000000000095 1.4992854179806462e-07
35200.000000000095 2.0509040578079635e-07
35250.000000000095 1.9593296032672821e-07
35300.000000000095 1.404077606387297e-07
35350.000000000095 1.9398908550231316e-07
35400.000000000095 1.7899046139768495e-07
35450.000000000095 1.635787725516232e-07
35500.000000000095 2.3068989869523542e-07
35550.000000000095 2.1552147107390177e-07
35600.000000000095 2.1579825832007757e-07
35650.000000000095 2.1601472911375924e-07
35700.000000000095 1.6365760961470833e-07
35750.000000000095 2.3839270723638456e-07
35800.000000000095 2.428139694328962e-07
35850.000000000095 1.882410808439231e-07
35900.000000000095 2.681051068788254e-07
35950.000000000095 2.4145786934739076e-07
36000.000000000095 2.0503733020826438e-07
36050.000000000095 2.7010303100903445e-07
36100.000000000095 2.50066205572363e-07
36150.000000000095 2.662052329050087e-07
36200.000000000095 2.7268499659663534e-07
36250.000000000095 2.78229588525089e-07
36300.000000000095 3.1191332277771635e-07
36350.000000000095 3.2567447289676416e-07
36400.000000000095 3.560114145258291e-07
36450.000000000095 3.480309807378971e-07
36500.000000000095 3.6710535150348997e-07
36550.000000000095 3.391857138312138e-07
36600.000000000095 3.9442474778393595e-07
36650.000000000095 4.122188144911005e-07
36700.000000000095 4.5056765223644093e-07
36750.000000000095 4.738477989141331e-07
36800.000000000095 4.546792638294203e-07
36850.000000000095 4.4947217195296305e-07
36900.000000000095 4.3628977465518737e-07
36950.000000000095 4.905530749824144e-07
37000.000000000095 4.725238115517345e-07
37050.000000000095 4.969344869167278e-07
37100.000000000095 5.325260025074962e-07
37150.000000000095 5.440590710724733e-07
37200.000000000095 5.492282866939667e-07
37250.000000000095 4.989931649121345e-07
37300.000000000095 5.406390631136499e-07
37350.000000000095 5.194722800366166e-07
37400.000000000095 6.302629629734056e-07
37450.000000000095 5.977919970239615e-07
37500.000000000095 5.538749777096055e-07
37550.000000000095 6.710024873026726e-07
37600.000000000095 7.215246813419282e-07
37650.000000000095 6.221013258515043e-07
37700.000000000095 6.643458553495853e-07
37750.000000000095 5.928005880069445e-07
37800.000000000095 6.640094776121297e-07
37850.000000000095 5.987899451359238e-07
37900.000000000095 6.862598116323931e-07
37950.000000000095 7.4733453364727e-07
38000.000000000095 7.757071923298527e-07
38050.000000000095 7.208452848843627e-07
38100.000000000095 7.683577155825149e-07
38150.000000000095 7.780203600883012e-07
38200.000000000095 8.761810126938437e-07
38250.000000000095 7.878299531105363e-07
38300.000000000095 8.370303376586562e-07
38350.000000000095 9.130370011959822e-07
38400.000000000095 7.329337989583922e-07
38450.000000000095 8.85944091593668e-07
38500.000000000095 8.185991431088237e-07
38550.000000000095 8.706330479251246e-07
38600.000000000095 9.172131014088255e-07
38650.000000000095 1.0159951111690973e-06
38700.000000000095 9.759925017394687e-07
38750.000000000095 9.408823893624485e-07
38800.000000000095 9.226186069819125e-07
38850.000000000095 1.0245304539212014e-06
38900.000000000095 9.777743632769294e-07
38950.000000000095 9.774888748180492e-07
39000.000000000095 1.0959301231636445e-06
39050.000000000095 1.050046047653364e-06
39100.000000000095 9.153838253125215e-07
39150.000000000095 1.0485738597540566e-06
39200.000000000095 9.900850918802395e-07
39250.000000000095 1.0831684167909622e-06
39300.000000000095 1.0909258334578192e-06
39350.000000000095 1.182983210519669e-06
39400.000000000095 1.2127506216288391e-06
39450.000000000095 1.1924880235509584e-06
39500.000000000095 9.725673361606367e-07
39550.000000000095 1.0897641937564395e-06
39600.000000000095 1.1511003856041785e-06
39650.000000000095 1.1592570341990975e-06
39700.000000000095 1.11613976509365e-06
39750.000000000095 1.0718410133747721e-06
39800.000000000095 1.1521343883395621e-06
39850.000000000095 1.1640033418950088e-06
39900.000000000095 1.129071060120501e-06
39950.000000000095 1.1583536043883047e-06
40000.000000000095 1.09841174798964e-06
40050.000000000095 1.2096545866887005e-06
40100.000000000095 1.2027253855385203e-06
40150.000000000095 1.2994962240894372e-06
40200.000000000095 1.3505352351938152e-06
40250.000000000095 1.0584295196905086e-06
40300.000000000095 1.1718210264783515e-06
40350.000000000095 1.1503167979203926e-06
40400.000000000095 1.2455938972199022e-06
40450.000000000095 1.211998434116911e-06
40500.000000000095 1.0651453801606562e-06
40550.000000000095 1.2461196922223712e-06
40600.000000000095 1.0394813238918036e-06
40650.000000000095 1.302689682206732e-06
40700.000000000095 1.3810018634003017e-06
40750.000000000095 1.1717091457522986e-06
40800.000000000095 1.065921272934222e-06
40850.000000000095 1.1666159318076085e-06
40900.000000000095 1.031349925895881e-06
40950.000000000095 1.1116514689998735e-06
41000.000000000095 1.1468039530836174e-06
41050.000000000095 1.2496346147582142e-06
41100.000000000095 1.0617365859383158e-06
41150.000000000095 1.0045269607582923e-06
41200.000000000095 1.1176400766187747e-06
41250.000000000095 1.1838708007460526e-06
41300.000000000095 8.937773463172261e-07
41350.000000000095 1.1822453280910812e-06
41400.000000000095 1.1403401137912362e-06
41450.000000000095 1.1318239649718522e-06
41500.000000000095 1.1272022444349962e-06
41550.000000000095 1.0609668902526183e-06
41600.000000000095 1.1015320489980042e-06
41650.000000000095 9.834777894883926e-07
41700.000000000095 9.931091187358259e-07
41750.000000000095 8.042375910838164e-07
41800.000000000095 1.0906782948174919e-06
41850.000000000095 6.250551651916104e-07
41900.000000000095 9.187891106467079e-07
41950.000000000095 8.599426502262318e-07
42000.000000000095 8.593421737902453e-07
42050.000000000095 6.664147866333316e-07
42100.000000000095 7.754732206108529e-07
42150.000000000095 5.883302113345213e-07
42200.000000000095 7.027019985577466e-07
42250.000000000095 5.840158897912316e-07
42300.000000000095 6.573427540430901e-07
42350.000000000095 6.403406113505792e-07
42400.000000000095 5.31772271461069e-07
42450.000000000095 4.3191627838519286e-07
42500.000000000095 5.069780903594899e-07
42550.000000000095 5.491974067180931e-07
42600.000000000095 5.713470256545926e-07
42650.000000000095 6.473518987432658e-07
42700.000000000095 5.613750784394547e-07
42750.000000000095 5.724913732829314e-07
42800.000000000095 4.966011482855715e-07
42850.000000000095 5.639094520433642e-07
42900.000000000095 5.611611190029864e-07
42950.000000000095 4.7335501780819037e-07
43000.000000000095 5.729652866492081e-07
43050.000000000095 4.5630683984095237e-07
43100.000000000095 5.780962331588076e-07
43150.000000000095 5.964606974647745e-07
43200.000000000095 5.831551508025414e-07
43250.000000000095 4.581428663384477e-07
43300.000000000095 6.151631326645626e-07
43350.000000000095 5.57685607962088e-07
43400.000000000095 6.378712198065139e-07
43450.000000000095 4.6173903270111695e-07
43500.000000000095 4.4345854839324823e-07
43550.000000000095 4.479938057349754e-07
43600.000000000095 5.788569849531026e-07
43650.000000000095 3.9349875546604405e-07
43700.000000000095 5.78186551459252e-07
43750.000000000095 5.368817788840813e-07
43800.000000000095 4.3883721981467857e-07
43850.000000000095 5.384810910974403e-07
43900.000000000095 3.4901464591316403e-07
43950.000000000095 4.652542786323986e-07
44000.000000000095 3.383883467635152e-07
44050.000000000095 4.490581733875755e-07
44100.000000000095 4.4840851683237694e-07
44150.000000000095 4.808515008882202e-07
44200.000000000095 3.922581430587355e-07
44250.000000000095 4.0215631870312595e-07
44300.000000000095 3.743200125566325e-07
44350.000000000095 3.018265398448236e-07
44400.000000000095 3.571653270266727e-07
44450.000000000095 3.541033318079245e-07
44500.000000000095 2.8298612579452844e-07
44550.000000000095 3.268793032877849e-07
44600.000000000095 2.8486350628962527e-07
44650.000000000095 3.272679098501437e-07
44700.000000000095 3.026356285290201e-07
44750.000000000095 3.244969252912143e-07
44800.000000000095 3.079567823655139e-07
44850.000000000095 2.8257682337065055e-07
44900.000000000095 2.4265242293402277e-07
44950.000000000095 2.5277901763675373e-07
45000.000000000095 2.571948987591641e-07
45050.000000000095 2.6983107976906057e-07
45100.000000000095 2.4166125105929627e-07
45150.000000000095 2.36602328732569e-07
45200.000000000095 2.011338460694887e-07
45250.000000000095 2.127509143651456e-07
45300.000000000095 2.3523244139500003e-07
45350.000000000095 2.4371545955429953e-07
45400.000000000095 1.896875128671852e-07
45450.000000000095 1.9635773959017145e-07
45500.000000000095 1.9781039737697694e-07
45550.000000000095 2.221387010693607e-07
45600.000000000095 1.9078425813536458e-07
45650.000000000095 1.9543240962156974e-07
45700.000000000095 2.396363195737036e-07
45750.000000000095 2.1301215390006902e-07
45800.000000000095 1.9149254563867724e-07
45850.000000000095 2.6534329563673225e-07
45900.000000000095 2.5849674971147766e-07
45950.000000000095 1.9893662692803351e-07
46000.000000000095 2.4783045165853213e-07
46050.000000000095 2.6242624553349913e-07
46100.000000000095 2.0084683530862822e-07
46150.000000000095 2.542753423671914e-07
46200.000000000095 2.3614597468247675e-07
46250.000000000095 1.5848711210172394e-07
46300.000000000095 2.8168907127552017e-07
46350.000000000095 1.9690197319351072e-07
46400.000000000095 2.4493622273375317e-07
46450.000000000095 3.026923972946766e-07
46500.000000000095 2.4033010934923926e-07
46550.000000000095 3.005372368879541e-07
46600.000000000095 3.056094305688187e-07
46650.000000000095 4.390379871694656e-07
46700.000000000095 3.3911114184354723e-07
46750.000000000095 2.894754802549491e-07
46800.000000000095 2.4403084541705424e-07
46850.000000000095 3.2079735064193687e-07
46900.000000000095 2.7503581894397484e-07
46950.000000000095 3.4768423914111736e-07
47000.000000000095 2.393796371656159e-07
47050.000000000095 3.751691305892177e-07
47100.000000000095 2.2094738851090047e-07
47150.000000000095 2.561077925841302e-07
47200.000000000095 2.9802362256030814e-07
47250.000000000095 2.336873431729553e-07
47300.000000000095 2.6191562285801325e-07
47350.000000000095 2.0779762034497218e-07
47400.000000000095 3.143311023063214e-07
47450.000000000095 2.1695410855865726e-07
47500.000000000095 3.36212379344936e-07
47550.000000000095 2.198265631444646e-07
47600.000000000095 3.152510029470941e-07
47650.000000000095 2.2205119091958996e-07
47700.000000000095 2.9914854437629464e-07
47750.000000000095 1.8876565191780283e-07
47800.000000000095 2.880682803230088e-07
47850.000000000095 1.690929410143909e-07
47900.000000000095 2.829095748210472e-07
47950.000000000095 2.1962907764255112e-07
48000.000000000095 3.540398115906698e-07
48050.000000000095 2.4545797903143504e-07
48100.000000000095 3.12278468110262e-07
48150.000000000095 2.3234195044436014e-07
48200.000000000095 3.239878280640742e-07
48250.000000000095 2.569928610141996e-07
48300.000000000095 3.8176538200956664e-07
48350.000000000095 2.2226791967701796e-07
48400.000000000095 3.119163602955758e-07
48450.000000000095 2.1148419162730052e-07
48500.000000000095 3.791657023454217e-07
48550.000000000095 2.1172874430168362e-07
48600.000000000095 3.413169525838527e-07
