galfind/configs/Brown_Dwarf_templates/sonora_cholla/logkzz4/56g/1200K_56g_logkzz4_resample.dat
# %ECSV 1.0
# ---
# datatype:
# - {name: wav, unit: Angstrom, datatype: float64}
# - {name: flux_nu, unit: erg / (cm2 Hz s), datatype: float64}
# schema: astropy-2.0
wav flux_nu
[from data line 1161]
68050.00000000009 3.209613662249918e-07
68100.00000000009 3.149630616011243e-07
68150.00000000009 2.51942212737853e-07
68200.00000000009 2.7059339012086584e-07
68250.00000000009 1.6236019008499301e-07
68300.00000000009 2.45470469339053e-07
68350.00000000009 1.4592331993077771e-07
68400.00000000009 3.165294862481403e-07
68450.00000000009 3.1456486976052077e-07
68500.00000000009 2.755250098374127e-07
68550.00000000009 2.0058931035669662e-07
68600.00000000009 2.2660550679468797e-07
68650.00000000009 1.7414812367464644e-07
68700.00000000009 2.386474848668251e-07
68750.00000000009 2.8282866681592643e-07
68800.00000000009 2.908033721249555e-07
68850.00000000009 1.8265603750213124e-07
68900.00000000009 3.423140737653357e-07
68950.00000000009 3.600587415226859e-07
69000.00000000009 3.4574515225694154e-07
69050.00000000009 2.4783226109322795e-07
69100.00000000009 3.194316394799151e-07
69150.00000000009 3.9275732546641834e-07
69200.00000000009 2.5996237234542536e-07
69250.00000000009 3.3825340863846546e-07
69300.00000000009 2.985372324893319e-07
69350.00000000009 3.2677603924535865e-07
69400.00000000009 2.0731085669632673e-07
69450.00000000009 3.5000592215817766e-07
69500.00000000009 2.7208333055674374e-07
69550.00000000009 2.769068836542758e-07
69600.00000000009 1.3154453549744624e-07
69650.00000000009 2.638125532895047e-07
69700.00000000009 3.1012682454898625e-07
69750.00000000009 2.5544876431653737e-07
69800.00000000009 3.221722357235514e-07
69850.00000000009 3.371363009739519e-07
69900.00000000009 2.2694061635471347e-07
69950.00000000009 3.0053632314014257e-07
70000.00000000009 2.339294910195113e-07
70050.00000000009 3.1571626811014074e-07
70100.00000000009 2.6014047776335047e-07
70150.00000000009 2.9092566104405424e-07
70200.00000000009 2.2677726460364179e-07
70250.00000000009 2.6722265060842844e-07
70300.00000000009 3.1130716529238025e-07
70350.00000000009 2.3574989557145816e-07
70400.00000000009 2.517878956440089e-07
70450.00000000009 1.5701066980333867e-07
70500.00000000009 2.0325690740880445e-07
70550.00000000009 2.208320363252891e-07
70600.00000000009 2.2979195891581184e-07
70650.00000000009 2.699428031052333e-07
70700.00000000009 2.662336185827206e-07
70750.00000000009 2.95778945360102e-07
70800.00000000009 2.1621340997212498e-07
70850.00000000009 2.1505252397322265e-07
70900.00000000009 2.13027272177966e-07
70950.00000000009 3.1511391195587903e-07
71000.00000000009 2.661625706563257e-07
71050.00000000009 2.8885595915840163e-07
71100.00000000009 2.567169755138366e-07
71150.00000000009 2.697979343937809e-07
71200.00000000009 2.3229668161406655e-07
71250.00000000009 2.4882950038838507e-07
71300.00000000009 3.005702771445905e-07
71350.00000000009 2.667130246591045e-07
71400.00000000009 2.810342286091059e-07
71450.00000000009 1.8750708135282616e-07
71500.00000000009 2.2485022931090722e-07
71550.00000000009 2.3714305530586504e-07
71600.00000000009 2.481812265167918e-07
71650.00000000009 2.468836294980563e-07
71700.00000000009 2.113808894513073e-07
71750.00000000009 2.3765481230998984e-07
71800.00000000009 3.025796446867569e-07
71850.00000000009 2.9144394032403687e-07
71900.00000000009 2.1442626539853858e-07
71950.00000000009 2.3211966249786297e-07
72000.00000000009 2.3282109291378235e-07
72050.00000000009 1.9382277720130295e-07
72100.00000000009 2.1952683842880955e-07
72150.00000000009 1.9925955847393657e-07
72200.00000000009 2.2447470625749544e-07
72250.00000000009 2.457466010322437e-07
72300.00000000009 2.530156994468183e-07
72350.00000000009 2.3474203811691546e-07
72400.00000000009 1.947767866160924e-07
72450.00000000009 1.9688321372321453e-07
72500.00000000009 2.1626590893427514e-07
72550.00000000009 1.5789195787878096e-07
72600.00000000009 1.3765717883902826e-07
72650.00000000009 2.618185563986227e-07
72700.00000000009 2.6291664577737024e-07
72750.00000000009 2.16720710334128e-07
72800.00000000009 2.177279831437036e-07
72850.00000000009 2.0263871110290072e-07
72900.00000000009 2.3046766212564541e-07
72950.00000000009 2.149390366974815e-07
73000.00000000009 2.4306933610873494e-07
73050.00000000009 2.1522787580430588e-07
73100.00000000009 1.9503870304058777e-07
73150.00000000009 2.8407727084415207e-07
73200.00000000009 2.0647175457734216e-07
73250.00000000009 2.1743604411228604e-07
73300.00000000009 2.310341616124275e-07
73350.00000000009 1.9359169005048816e-07
73400.00000000009 2.22901345967327e-07
73450.00000000009 1.51180932587102e-07
73500.00000000009 1.7130447402897653e-07
73550.00000000009 1.9029360648548275e-07
73600.00000000009 1.6966869024617252e-07
73650.00000000009 2.0863868525181415e-07
73700.00000000009 2.483351096134287e-07
73750.00000000009 1.851861580553541e-07
73800.00000000009 1.9369293329630786e-07
73850.00000000009 2.1161970749472096e-07
73900.00000000009 2.376534639562629e-07
73950.00000000009 2.0316864596355715e-07
74000.00000000009 2.1413639226447995e-07
74050.00000000009 2.870633220130278e-07
74100.00000000009 1.7720976016836467e-07
74150.00000000009 2.2265057605299639e-07
74200.00000000009 2.0331152778211125e-07
74250.00000000009 1.6360239796219e-07
74300.00000000009 2.086437725096124e-07
74350.00000000009 2.331405801412552e-07
74400.00000000009 2.061378437640238e-07
74450.00000000009 1.449924870281294e-07
74500.00000000009 1.850416695690864e-07
74550.00000000009 2.0879050798526856e-07
74600.00000000009 1.961249754635214e-07
74650.00000000009 1.918490782661703e-07
74700.00000000009 1.6106682151159793e-07
74750.00000000009 1.9314138687311494e-07
74800.00000000009 1.8374253022558578e-07
74850.00000000009 1.2479954388917907e-07
74900.00000000009 2.5518979723697605e-07
74950.00000000009 2.5050804029711197e-07
75000.00000000009 2.1451669936922471e-07
75050.00000000009 2.0841007246366586e-07
75100.00000000009 2.6879148240366106e-07
75150.00000000009 2.429464266146991e-07
75200.00000000009 2.648496014595599e-07
75250.00000000009 2.210260069930611e-07
75300.00000000009 2.55953739033343e-07
75350.00000000009 1.7606825971406444e-07
75400.00000000009 2.4141532179475404e-07
75450.00000000009 2.2022305467512124e-07
75500.00000000009 1.9238974059483826e-07
75550.00000000009 2.662556885920111e-07
75600.00000000009 2.995836721148539e-07
75650.00000000009 2.0419393137778746e-07
75700.00000000009 2.1710436418268016e-07
75750.00000000009 1.713855580271169e-07
75800.00000000009 2.3492740103348223e-07
75850.00000000009 2.7589030557082886e-07
75900.00000000009 2.426934258663672e-07
75950.00000000009 2.1117039286694396e-07
76000.00000000009 2.144730597792933e-07
76050.00000000009 2.414286645682408e-07
76100.00000000009 2.0511338048648376e-07
76150.00000000009 2.4600932304150953e-07
76200.00000000009 2.559166152888477e-07
76250.00000000009 3.070359586182876e-07
76300.00000000009 2.762375758507665e-07
76350.00000000009 3.5231206497991186e-07
76400.00000000009 2.8374093254007135e-07
76450.00000000009 2.69655206200039e-07
76500.00000000009 2.3224160451658564e-07
76550.00000000009 2.2806281406873432e-07
76600.00000000009 1.4563644249184875e-07
76650.00000000009 1.4446125441099707e-07
76700.00000000009 1.8279708327141485e-07
76750.00000000009 1.5944348087650885e-07
76800.00000000009 2.1436788977506598e-07
76850.00000000009 1.0210926397020048e-07
76900.00000000009 1.4900351639000927e-07
76950.00000000009 1.6416234909383098e-07
77000.00000000009 1.9012602480815027e-07
77050.00000000009 1.3518046482855295e-07
77100.00000000009 1.4166836443361794e-07
77150.00000000009 1.7856333307950918e-07
77200.00000000009 1.7377915984631432e-07
77250.00000000009 1.8000003859812319e-07
77300.00000000009 1.6643813682069402e-07
77350.00000000009 1.308233595758796e-07
77400.00000000009 1.096496617013387e-07
77450.00000000009 1.2744990947024816e-07
77500.00000000009 1.7141101366527007e-07
77550.00000000009 1.699570825165436e-07
77600.00000000009 1.7054889366897033e-07
77650.00000000009 1.6970470460749868e-07
77700.00000000009 1.3928587902565028e-07
77750.00000000009 1.875726337809888e-07
77800.00000000009 1.642555743510529e-07
77850.00000000009 2.083801733131324e-07
77900.00000000009 1.8300403373981412e-07
77950.00000000009 1.4409272185801625e-07
78000.00000000009 1.7557154247705445e-07
78050.00000000009 1.9109935208244975e-07
78100.00000000009 1.3869752230494385e-07
78150.00000000009 1.9742245581370764e-07
78200.00000000009 1.9948512489572373e-07
78250.00000000009 2.1756924200150185e-07
78300.00000000009 2.2383755010832088e-07
78350.00000000009 2.0996638473534668e-07
78400.00000000009 1.9322423380824213e-07
78450.00000000009 2.3622390218464892e-07
78500.00000000009 2.148473523242401e-07
78550.00000000009 2.2619540769021924e-07
78600.00000000009 1.9822287138550452e-07
78650.00000000009 1.246979448955116e-07
78700.00000000009 1.8580954411292832e-07
78750.00000000009 1.8280936473047365e-07
78800.00000000009 2.2144113549491623e-07
78850.00000000009 1.6639146920607367e-07
78900.00000000009 1.9724630508059435e-07
78950.00000000009 1.82686641097821e-07
79000.00000000009 1.9914790761515454e-07
79050.00000000009 1.8182979704146498e-07
79100.00000000009 1.813603396681887e-07
79150.00000000009 2.1244922723770887e-07
79200.00000000009 2.60930070134889e-07
79250.00000000009 2.3389066969136754e-07
79300.00000000009 1.6011483253783916e-07
79350.00000000009 2.2908220451554172e-07
79400.00000000009 1.8284523142956316e-07
79450.00000000009 2.0587463706114568e-07
79500.00000000009 2.746646285933395e-07
79550.00000000009 2.3368953027950884e-07
79600.00000000009 1.7714972975530917e-07
79650.00000000009 2.019937823568345e-07
79700.00000000009 2.725220165847768e-07
79750.00000000009 2.3822086743646816e-07
79800.00000000009 2.1965837445836442e-07
79850.00000000009 2.1197139570904097e-07
79900.00000000009 3.02896883049521e-07
79950.00000000009 2.098721737709912e-07
