galfind/configs/Brown_Dwarf_templates/sonora_cholla/logkzz4/56g/1250K_56g_logkzz4_resample.dat
# %ECSV 1.0
# ---
# datatype:
# - {name: wav, unit: Angstrom, datatype: float64}
# - {name: flux_nu, unit: erg / (cm2 Hz s), datatype: float64}
# schema: astropy-2.0
wav flux_nu
10000.000000000093 nan
10050.000000000093 2.5602491977079446e-07
10100.000000000093 3.0423907448322134e-07
10150.000000000093 3.149685820670148e-07
10200.000000000093 3.46756797932695e-07
10250.000000000093 3.661692696856668e-07
10300.000000000093 3.6113504293452603e-07
10350.000000000093 4.1270939091076593e-07
10400.000000000093 4.633812094090512e-07
10450.000000000093 4.6471397853475653e-07
10500.000000000093 4.309443164516985e-07
10550.000000000093 4.234373298068255e-07
10600.000000000093 4.407011414072349e-07
10650.000000000093 4.891524918020854e-07
10700.000000000093 5.233228899136916e-07
10750.000000000093 5.689021549267292e-07
10800.000000000093 6.03587661291244e-07
10850.000000000093 6.669594900626101e-07
10900.000000000093 5.851497377086319e-07
10950.000000000093 4.415645216869336e-07
11000.000000000093 4.1350262294315835e-07
11050.000000000093 3.4065707426098314e-07
11100.000000000093 3.4066210011076393e-07
11150.000000000093 2.926711608705195e-07
11200.000000000093 2.8819747999751334e-07
11250.000000000093 3.47171151973137e-07
11300.000000000093 3.3083406485432434e-07
11350.000000000093 2.1949577839812148e-07
11400.000000000093 3.353094100506977e-07
11450.000000000093 2.7604306239898504e-07
11500.000000000093 3.419545322710934e-07
11550.000000000093 2.8825808479084904e-07
11600.000000000093 3.043253548765834e-07
11650.000000000093 3.264956967861743e-07
11700.000000000093 3.466833812673076e-07
11750.000000000093 3.1375614083021537e-07
11800.000000000093 3.668691565193331e-07
11850.000000000093 4.273159855964432e-07
11900.000000000093 4.3835207436378976e-07
11950.000000000093 5.17246321037787e-07
12000.000000000093 5.121741204205473e-07
12050.000000000093 6.059076172228033e-07
12100.000000000093 6.425122308575454e-07
12150.000000000093 6.891355605316944e-07
12200.000000000093 7.639731829834211e-07
12250.000000000093 8.468640982207473e-07
12300.000000000093 8.882957896837492e-07
12350.000000000093 9.255196416753845e-07
12400.000000000093 9.117171621865985e-07
12450.000000000093 9.917306033546958e-07
12500.000000000093 1.0511495945802007e-06
12550.000000000093 1.0895533825923998e-06
12600.000000000093 1.1089187112048736e-06
12650.000000000093 1.111210220002952e-06
12700.000000000093 1.199707897873135e-06
12750.000000000093 1.1370001676290062e-06
12800.000000000093 1.1872625310152885e-06
12850.000000000093 1.1068302244980785e-06
12900.000000000093 1.0226274229750574e-06
12950.000000000093 1.1016376092497997e-06
13000.000000000093 1.0910501806300171e-06
13050.000000000093 1.096279616227945e-06
13100.000000000093 1.0157812819574793e-06
13150.000000000093 9.473339370802122e-07
13200.000000000093 9.15888743495001e-07
13250.000000000093 7.60330972090703e-07
13300.000000000093 4.946864187405822e-07
13350.000000000093 2.1211620732507563e-07
13400.000000000093 1.3395265368193722e-07
13450.000000000093 9.114860437329327e-08
13500.000000000093 6.186898588625606e-08
13550.000000000093 5.5257522166109193e-08
13600.000000000093 4.2104113031976014e-08
13650.000000000093 8.052921362729678e-08
13700.000000000093 7.049113912531592e-08
13750.000000000093 6.750055551213316e-08
13800.000000000093 9.267785511357326e-08
13850.000000000093 7.435395765064916e-08
13900.000000000093 7.758296273766394e-08
13950.000000000093 6.985226853762015e-08
14000.000000000093 6.0169641816619e-08
14050.000000000093 7.269995366133574e-08
14100.000000000093 5.482782407760827e-08
14150.000000000093 6.793322170436827e-08
14200.000000000093 5.887649306365233e-08
14250.000000000093 5.757496101421318e-08
14300.000000000093 6.952679069476345e-08
14350.000000000093 6.708921926655394e-08
14400.000000000093 8.165301385851394e-08
14450.000000000093 8.117810473751988e-08
14500.000000000093 1.2676135486814293e-07
14550.000000000093 1.258399629665612e-07
14600.000000000093 1.5160939671114006e-07
14650.000000000093 1.643408069731326e-07
14700.000000000093 1.2482967693949028e-07
14750.000000000093 1.5648272258595427e-07
14800.000000000093 1.8553814107116928e-07
14850.000000000093 1.848391259151109e-07
14900.000000000093 2.0690691542184572e-07
14950.000000000093 2.1461108888244548e-07
15000.000000000093 2.235119495195356e-07
15050.000000000093 2.8103660410872716e-07
15100.000000000093 2.989330887058209e-07
15150.000000000093 3.2524781968939753e-07
15200.000000000093 2.9003694278060555e-07
15250.000000000093 3.3203405748147226e-07
15300.000000000093 3.7981949826396167e-07
15350.000000000093 4.29294761633024e-07
15400.000000000093 4.562959534287658e-07
15450.000000000093 5.207105707548605e-07
15500.000000000093 5.442188288674302e-07
15550.000000000093 6.044844447184914e-07
15600.000000000093 6.240710767586042e-07
15650.000000000093 6.453579081969962e-07
15700.000000000093 7.471987856298232e-07
15750.000000000093 7.958497188947888e-07
15800.000000000093 7.737030569161233e-07
15850.000000000093 8.416065037445121e-07
15900.000000000093 8.418656249320935e-07
15950.000000000093 8.685310585782236e-07
16000.000000000093 9.213502725174773e-07
16050.000000000093 9.4172159332456e-07
16100.000000000093 9.709644935327993e-07
16150.000000000093 8.55969348917372e-07
16200.000000000093 8.333658966462663e-07
16250.000000000093 8.617699276164237e-07
16300.000000000093 8.449557991938719e-07
16350.000000000093 8.894471581902998e-07
16400.000000000095 9.415317288550569e-07
16450.000000000095 9.58589910667868e-07
16500.000000000095 9.963333874086775e-07
16550.000000000095 9.846948285796885e-07
16600.000000000095 9.310422127997907e-07
16650.000000000095 9.379488847349823e-07
16700.000000000095 7.503415966975738e-07
16750.000000000095 8.310374255382445e-07
16800.000000000095 9.540465357739707e-07
16850.000000000095 9.186672369428054e-07
16900.000000000095 9.057949579027136e-07
16950.000000000095 8.335454577730472e-07
17000.000000000095 7.934571774075217e-07
17050.000000000095 8.414868774163966e-07
17100.000000000095 8.030580511733267e-07
17150.000000000095 7.05438096158454e-07
17200.000000000095 6.825940104099841e-07
17250.000000000095 6.10723323176529e-07
17300.000000000095 5.600798874960622e-07
17350.000000000095 5.409541190142622e-07
17400.000000000095 5.055440282256646e-07
17450.000000000095 4.76422421550252e-07
17500.000000000095 4.794988013432106e-07
17550.000000000095 4.1330806062179735e-07
17600.000000000095 4.049061556703871e-07
17650.000000000095 3.9881728247176316e-07
17700.000000000095 2.703931812077824e-07
17750.000000000095 2.5792254500751307e-07
17800.000000000095 3.019918778806875e-07
17850.000000000095 2.050748038515192e-07
17900.000000000095 2.4145338912755463e-07
17950.000000000095 1.9842532727932868e-07
18000.000000000095 1.9879676481534989e-07
18050.000000000095 1.9645570343723968e-07
18100.000000000095 1.6744694554516786e-07
18150.000000000095 2.2956075242088014e-07
18200.000000000095 1.5693572695681388e-07
18250.000000000095 2.5655418820537855e-07
18300.000000000095 1.9146951620857146e-07
18350.000000000095 1.7926744542121414e-07
18400.000000000095 1.6327731977766291e-07
18450.000000000095 1.5421090277428112e-07
18500.000000000095 1.8102571653668606e-07
18550.000000000095 1.4443167744921892e-07
18600.000000000095 1.1568348797406297e-07
18650.000000000095 1.2306974797610095e-07
18700.000000000095 1.3680967913014375e-07
18750.000000000095 1.3417488179556112e-07
18800.000000000095 1.9323204496131568e-07
18850.000000000095 2.3523797162697173e-07
18900.000000000095 2.1959849616919603e-07
18950.000000000095 2.749643933441882e-07
19000.000000000095 2.4732680084374383e-07
19050.000000000095 2.0948822314596547e-07
19100.000000000095 2.710329020085299e-07
19150.000000000095 2.625936220266179e-07
19200.000000000095 2.5315999412082666e-07
19250.000000000095 2.453876306687908e-07
19300.000000000095 2.3189087417689e-07
19350.000000000095 2.0703775552627493e-07
19400.000000000095 1.4437543855569577e-07
19450.000000000095 2.2925412001280095e-07
19500.000000000095 2.0697489105604067e-07
19550.000000000095 1.6946248865872938e-07
19600.000000000095 2.1950893154977555e-07
19650.000000000095 2.2776630449260058e-07
19700.000000000095 2.2962300655683555e-07
19750.000000000095 2.1691811956464041e-07
19800.000000000095 2.488873180664465e-07
19850.000000000095 2.7005447495380197e-07
19900.000000000095 1.9817756763587656e-07
19950.000000000095 3.001923000013035e-07
20000.000000000095 2.971066302608621e-07
20050.000000000095 3.1522398627238043e-07
20100.000000000095 3.3289334255678547e-07
20150.000000000095 3.1872002917448544e-07
20200.000000000095 3.730950367533275e-07
20250.000000000095 4.114568248486496e-07
20300.000000000095 3.73634081732126e-07
20350.000000000095 4.153398522296268e-07
20400.000000000095 4.1571529929724336e-07
20450.000000000095 5.019186284706098e-07
20500.000000000095 5.02527136415349e-07
20550.000000000095 4.769996920910889e-07
20600.000000000095 5.763160803586375e-07
20650.000000000095 5.263170937583522e-07
20700.000000000095 5.57492033415971e-07
20750.000000000095 6.372557140017145e-07
20800.000000000095 6.319957430061192e-07
20850.000000000095 6.210457345427662e-07
20900.000000000095 6.725611084595718e-07
20950.000000000095 6.444933810136709e-07
21000.000000000095 7.055586246266865e-07
21050.000000000095 6.765913262747328e-07
21100.000000000095 6.980938478733284e-07
21150.000000000095 6.93920596904307e-07
21200.000000000095 6.779668703229656e-07
21250.000000000095 7.087685794771301e-07
21300.000000000095 6.556747211499633e-07
21350.000000000095 7.174310645999053e-07
21400.000000000095 6.34099410457242e-07
21450.000000000095 6.886870561470166e-07
21500.000000000095 6.657536595124625e-07
21550.000000000095 6.49456628205368e-07
21600.000000000095 6.532817949246244e-07
21650.000000000095 5.962257781661216e-07
21700.000000000095 6.468016132050618e-07
21750.000000000095 5.916030300242568e-07
21800.000000000095 5.590167485702891e-07
21850.000000000095 5.223729282153746e-07
21900.000000000095 5.192020801364352e-07
21950.000000000095 3.813190448980849e-07
22000.000000000095 3.2259207180320823e-07
22050.000000000095 2.558569445015778e-07
22100.000000000095 3.1258640132767606e-07
22150.000000000095 3.3735340338569216e-07
22200.000000000095 3.448218885750049e-07
22250.000000000095 3.1930845673276294e-07
22300.000000000095 3.2598295229275626e-07
22350.000000000095 3.0290233732635417e-07
22400.000000000095 2.9691987303123154e-07
22450.000000000095 2.5060369256004355e-07
22500.000000000095 2.737215555479566e-07
22550.000000000095 2.2295118050800021e-07
22600.000000000095 2.512851374045752e-07
22650.000000000095 2.2323811740252218e-07
22700.000000000095 2.2392355228116695e-07
22750.000000000095 2.353641547349034e-07
22800.000000000095 2.1707162803085633e-07
22850.000000000095 1.9765231598191903e-07
22900.000000000095 1.9161045845451677e-07
22950.000000000095 1.7126688303936842e-07
23000.000000000095 1.3669257502712037e-07
23050.000000000095 1.822454548469652e-07
23100.000000000095 2.0985302125939745e-07
23150.000000000095 2.1276459828143822e-07
23200.000000000095 1.516435753819875e-07
23250.000000000095 1.3891192250494607e-07
23300.000000000095 1.320723386491467e-07
23350.000000000095 1.1721368622605323e-07
23400.000000000095 1.4124950674237584e-07
23450.000000000095 1.3216849437045832e-07
23500.000000000095 1.389558478453479e-07
23550.000000000095 1.7738333731475908e-07
23600.000000000095 1.7721891723648814e-07
23650.000000000095 1.948324809100586e-07
23700.000000000095 1.5065219175796407e-07
23750.000000000095 1.445553205784814e-07
23800.000000000095 1.3831154825889295e-07
23850.000000000095 1.4105029923245857e-07
23900.000000000095 1.8976903351226758e-07
23950.000000000095 1.8877576061198871e-07
24000.000000000095 2.394640549260223e-07
24050.000000000095 2.226206614235243e-07
24100.000000000095 1.9581582903287232e-07
24150.000000000095 2.0793973016966077e-07
24200.000000000095 2.231040074532731e-07
24250.000000000095 2.1770430116530675e-07
24300.000000000095 2.075444470352229e-07
24350.000000000095 1.9981737557974064e-07
24400.000000000095 2.5217282281539196e-07
24450.000000000095 2.0791042825686788e-07
24500.000000000095 2.2862747104565514e-07
24550.000000000095 2.0240948258988287e-07
24600.000000000095 2.248765781959513e-07
24650.000000000095 2.425200105050821e-07
24700.000000000095 1.9418955408705412e-07
24750.000000000095 1.7832240569387995e-07
24800.000000000095 1.8676868162522035e-07
24850.000000000095 2.3385767629173934e-07
24900.000000000095 1.3237756580333852e-07
24950.000000000095 2.1645989184075193e-07
25000.000000000095 1.9580643595558188e-07
25050.000000000095 1.5444397235765758e-07
25100.000000000095 1.866812934973157e-07
25150.000000000095 1.252700985301361e-07
25200.000000000095 1.6092455685481564e-07
25250.000000000095 1.220506359412626e-07
25300.000000000095 1.6975587089951144e-07
25350.000000000095 9.556430855479475e-08
25400.000000000095 1.5053930050201755e-07
25450.000000000095 1.1558655494403059e-07
25500.000000000095 1.0758665233923162e-07
25550.000000000095 1.3292280232403947e-07
25600.000000000095 1.1336306112992048e-07
25650.000000000095 9.39059432750309e-08
25700.000000000095 1.587731877350737e-07
25750.000000000095 9.405558433953556e-08
25800.000000000095 1.5479859376628674e-07
25850.000000000095 9.486618617059272e-08
25900.000000000095 1.279900718646681e-07
25950.000000000095 9.496262472977092e-08
26000.000000000095 1.4052858710956783e-07
26050.000000000095 1.3493275728497839e-07
26100.000000000095 1.6568157918836633e-07
26150.000000000095 1.4863015733973696e-07
26200.000000000095 1.624295584229477e-07
26250.000000000095 1.722322050190909e-07
26300.000000000095 1.4691697995748784e-07
26350.000000000095 1.7957908927879677e-07
26400.000000000095 2.2411830083423973e-07
26450.000000000095 1.9957047674881057e-07
26500.000000000095 1.8070679538536042e-07
26550.000000000095 1.7063994721499617e-07
26600.000000000095 2.0931718368972818e-07
26650.000000000095 1.22189809933084e-07
26700.000000000095 1.0290560122881857e-07
26750.000000000095 8.869928169907492e-08
26800.000000000095 1.229481848020242e-07
26850.000000000095 7.821493115455316e-08
26900.000000000095 1.324345613582583e-07
26950.000000000095 7.537438080580469e-08
27000.000000000095 1.4881702571700737e-07
27050.000000000095 1.312734447000562e-07
27100.000000000095 1.1118774014179916e-07
27150.000000000095 1.6348188744459838e-07
27200.000000000095 1.173049461991758e-07
27250.000000000095 1.2535309716816506e-07
27300.000000000095 2.0538126340217893e-07
27350.000000000095 1.630165474872018e-07
27400.000000000095 8.075611715999899e-08
27450.000000000095 2.1212025097042347e-07
27500.000000000095 1.8462257528768772e-07
27550.000000000095 1.401723878251865e-07
27600.000000000095 2.190373451811778e-07
27650.000000000095 1.136029533415606e-07
27700.000000000095 9.385318428544699e-08
27750.000000000095 2.0241596555526026e-07
27800.000000000095 1.174225677403813e-07
27850.000000000095 1.3300918447138104e-07
27900.000000000095 1.624031723286757e-07
27950.000000000095 1.528548809386957e-07
28000.000000000095 1.8044628348410844e-07
28050.000000000095 9.87774996353725e-08
28100.000000000095 2.0706282594048925e-07
28150.000000000095 1.7848073659282194e-07
28200.000000000095 9.061541295665186e-08
28250.000000000095 2.0493308087319147e-07
28300.000000000095 2.686436848564712e-07
28350.000000000095 9.916295303424717e-08
28400.000000000095 2.0122615199421998e-07
28450.000000000095 1.882739373404035e-07
28500.000000000095 1.8578573445867923e-07
28550.000000000095 9.398989257648672e-08
28600.000000000095 2.1265876968259943e-07
28650.000000000095 2.0674794262365902e-07
28700.000000000095 1.7415821750071178e-07
28750.000000000095 2.2729585148434677e-07
28800.000000000095 1.868581099172874e-07
28850.000000000095 2.6670840940010923e-07
28900.000000000095 1.2802716208044462e-07
28950.000000000095 2.4420123570603077e-07
29000.000000000095 1.6660036599983094e-07
29050.000000000095 2.03624316796932e-07
29100.000000000095 1.3558724534022748e-07
29150.000000000095 2.4388078424260873e-07
29200.000000000095 1.8782943335174024e-07
29250.000000000095 2.5200387790080817e-07
29300.000000000095 1.5695321787466357e-07
