galfind/configs/Brown_Dwarf_templates/sonora_cholla/logkzz4/56g/1300K_56g_logkzz4_resample.dat
# %ECSV 1.0
# ---
# datatype:
# - {name: wav, unit: Angstrom, datatype: float64}
# - {name: flux_nu, unit: erg / (cm2 Hz s), datatype: float64}
# schema: astropy-2.0
wav flux_nu
10000.000000000093 nan
10050.000000000093 2.803454338241003e-07
10100.000000000093 3.3364737587892303e-07
10150.000000000093 3.4399257899926e-07
10200.000000000093 3.7747735166156417e-07
10250.000000000093 3.96323888429964e-07
10300.000000000093 3.886044945978235e-07
10350.000000000093 4.4401128288096007e-07
10400.000000000093 4.998187200097561e-07
10450.000000000093 5.021687964855917e-07
10500.000000000093 4.6550457285649065e-07
10550.000000000093 4.5784870479598206e-07
10600.000000000093 4.767051586499607e-07
10650.000000000093 5.304465363482295e-07
10700.000000000093 5.669570930986263e-07
10750.000000000093 6.18765656845896e-07
10800.000000000093 6.60248958203281e-07
10850.000000000093 7.358939893844358e-07
10900.000000000093 6.544445200489792e-07
10950.000000000093 5.091637073279144e-07
11000.000000000093 4.824105195130307e-07
11050.000000000093 3.945320551716541e-07
11100.000000000093 4.0447851780643783e-07
11150.000000000093 3.548078514895986e-07
11200.000000000093 3.503045760050445e-07
11250.000000000093 4.2091364888633006e-07
11300.000000000093 4.002105892448418e-07
11350.000000000093 2.7802357400546097e-07
11400.000000000093 4.074439988746295e-07
11450.000000000093 3.406981425513394e-07
11500.000000000093 4.2127105962740365e-07
11550.000000000093 3.639850754599902e-07
11600.000000000093 3.836732007608051e-07
11650.000000000093 4.096234953776676e-07
11700.000000000093 4.3188377995104136e-07
11750.000000000093 3.958490204742237e-07
11800.000000000093 4.5062572842092336e-07
11850.000000000093 5.159757644115926e-07
11900.000000000093 5.267307947204447e-07
11950.000000000093 6.064805781740142e-07
12000.000000000093 5.878646840829673e-07
12050.000000000093 6.984684292565876e-07
12100.000000000093 7.33779204317256e-07
12150.000000000093 7.876349120434925e-07
12200.000000000093 8.67149492256741e-07
12250.000000000093 9.605227212359322e-07
12300.000000000093 1.0034976382913883e-06
12350.000000000093 1.0425775692033125e-06
12400.000000000093 1.0103546199654769e-06
12450.000000000093 1.086452144140466e-06
12500.000000000093 1.1549518629240871e-06
12550.000000000093 1.1942766607327944e-06
12600.000000000093 1.217358586638478e-06
12650.000000000093 1.2206346684438806e-06
12700.000000000093 1.331801033398251e-06
12750.000000000093 1.2606566544538014e-06
12800.000000000093 1.3224207550606834e-06
12850.000000000093 1.2411431158897843e-06
12900.000000000093 1.1506316736465973e-06
12950.000000000093 1.2452433584858377e-06
13000.000000000093 1.2370172089117955e-06
13050.000000000093 1.2496144041594648e-06
13100.000000000093 1.1607574201004872e-06
13150.000000000093 1.0986351572337069e-06
13200.000000000093 1.0647749872226561e-06
13250.000000000093 8.896932007573052e-07
13300.000000000093 5.987326430359938e-07
13350.000000000093 2.688803275490832e-07
13400.000000000093 1.7585185097100312e-07
13450.000000000093 1.2348825338658985e-07
13500.000000000093 8.612911556087986e-08
13550.000000000093 7.738263999310742e-08
13600.000000000093 6.077961349890868e-08
13650.000000000093 1.1138122529820934e-07
13700.000000000093 9.888696538938361e-08
13750.000000000093 9.23148159756513e-08
13800.000000000093 1.2648527680600437e-07
13850.000000000093 1.0237281862746662e-07
13900.000000000093 1.0638073236022019e-07
13950.000000000093 9.646123485728523e-08
14000.000000000093 8.230620321615737e-08
14050.000000000093 9.883731671674338e-08
14100.000000000093 7.542276678810836e-08
14150.000000000093 9.127219906151175e-08
14200.000000000093 8.063234861043622e-08
14250.000000000093 7.866992692941086e-08
14300.000000000093 9.09115858240985e-08
14350.000000000093 8.856026718676322e-08
14400.000000000093 1.0720834691854294e-07
14450.000000000093 1.0603108752925344e-07
14500.000000000093 1.608470113542344e-07
14550.000000000093 1.5987532510948796e-07
14600.000000000093 1.8983513064869566e-07
14650.000000000093 2.0554938547030806e-07
14700.000000000093 1.587863270042587e-07
14750.000000000093 1.9560019016983953e-07
14800.000000000093 2.2899079622155308e-07
14850.000000000093 2.2658562805989377e-07
14900.000000000093 2.550019316009371e-07
14950.000000000093 2.609772435727812e-07
15000.000000000093 2.7109091454694443e-07
15050.000000000093 3.3980808627445775e-07
15100.000000000093 3.585478701820267e-07
15150.000000000093 3.8940514640798577e-07
15200.000000000093 3.486314276155706e-07
15250.000000000093 3.9348854563350963e-07
15300.000000000093 4.473675290046712e-07
15350.000000000093 5.00913785652919e-07
15400.000000000093 5.296456886728128e-07
15450.000000000093 6.04574271665369e-07
15500.000000000093 6.305633188013912e-07
15550.000000000093 6.954610905587428e-07
15600.000000000093 7.194006393179748e-07
15650.000000000093 7.39517375154047e-07
15700.000000000093 8.522681677512712e-07
15750.000000000093 9.050913763818083e-07
15800.000000000093 8.846736393617863e-07
15850.000000000093 9.543415151332364e-07
15900.000000000093 9.549657235876027e-07
15950.000000000093 9.842388419459935e-07
16000.000000000093 1.0540630133564145e-06
16050.000000000093 1.090729776805726e-06
16100.000000000093 1.137307096363837e-06
16150.000000000093 1.0206402165735334e-06
16200.000000000093 1.0141800179002766e-06
16250.000000000093 1.0442044552274149e-06
16300.000000000093 1.0364296362867972e-06
16350.000000000093 1.0944402224902454e-06
16400.000000000095 1.1427706884198144e-06
16450.000000000095 1.1543864495560617e-06
16500.000000000095 1.2006639247089736e-06
16550.000000000095 1.1974482155280467e-06
16600.000000000095 1.1293424492492355e-06
16650.000000000095 1.1704663233472767e-06
16700.000000000095 9.711916684323434e-07
16750.000000000095 1.0623522697548044e-06
16800.000000000095 1.18834679903826e-06
16850.000000000095 1.1520865912746292e-06
16900.000000000095 1.143075846218257e-06
16950.000000000095 1.0574440220206541e-06
17000.000000000095 1.0174729672687588e-06
17050.000000000095 1.0641126527016438e-06
17100.000000000095 1.0063034618117523e-06
17150.000000000095 8.931849639604465e-07
17200.000000000095 8.49628642199917e-07
17250.000000000095 7.639625263884949e-07
17300.000000000095 7.079519488279373e-07
17350.000000000095 6.853419154044895e-07
17400.000000000095 6.417735811962737e-07
17450.000000000095 6.034593586868336e-07
17500.000000000095 6.011144145125077e-07
17550.000000000095 5.226990303211847e-07
17600.000000000095 5.15497831002177e-07
17650.000000000095 5.082416115205978e-07
17700.000000000095 3.454815389322676e-07
17750.000000000095 3.334001981148125e-07
17800.000000000095 3.8420553291405423e-07
17850.000000000095 2.651194803655156e-07
17900.000000000095 3.097231309927217e-07
17950.000000000095 2.602334071640444e-07
18000.000000000095 2.572689984472258e-07
18050.000000000095 2.5737441740870067e-07
18100.000000000095 2.1938411890964401e-07
18150.000000000095 2.952173570804728e-07
18200.000000000095 2.0750265696232922e-07
18250.000000000095 3.261700861816888e-07
18300.000000000095 2.498509258000509e-07
18350.000000000095 2.3590982210442314e-07
18400.000000000095 2.1507396816403817e-07
18450.000000000095 1.9897251634702208e-07
18500.000000000095 2.3308103073307123e-07
18550.000000000095 1.876348415347531e-07
18600.000000000095 1.5029514476398198e-07
18650.000000000095 1.620178586018565e-07
18700.000000000095 1.8193523969541856e-07
18750.000000000095 1.7443726632849338e-07
18800.000000000095 2.4342904170761224e-07
18850.000000000095 2.9774975344449725e-07
18900.000000000095 2.788165223915051e-07
18950.000000000095 3.3975131416528224e-07
19000.000000000095 3.155992555161579e-07
19050.000000000095 2.712150236213483e-07
19100.000000000095 3.357033976131504e-07
19150.000000000095 3.3609343214733037e-07
19200.000000000095 3.175436011038103e-07
19250.000000000095 3.129524898647429e-07
19300.000000000095 2.984216404322481e-07
19350.000000000095 2.6788113790273567e-07
19400.000000000095 1.8936404187081908e-07
19450.000000000095 2.9420026460198307e-07
19500.000000000095 2.6481363897903844e-07
19550.000000000095 2.1906370132028662e-07
19600.000000000095 2.805261362823257e-07
19650.000000000095 2.8818414057682214e-07
19700.000000000095 2.898055296190738e-07
19750.000000000095 2.706281444784456e-07
19800.000000000095 3.087662846554111e-07
19850.000000000095 3.309069033786062e-07
19900.000000000095 2.4479706131901495e-07
19950.000000000095 3.668793198326175e-07
20000.000000000095 3.6272028783105795e-07
20050.000000000095 3.8349123610131825e-07
20100.000000000095 4.050579899129359e-07
20150.000000000095 3.869447664803132e-07
20200.000000000095 4.4847176616125214e-07
20250.000000000095 4.938654398296178e-07
20300.000000000095 4.5065385083238655e-07
20350.000000000095 4.977047057138409e-07
20400.000000000095 4.975114591476678e-07
20450.000000000095 6.011830488901641e-07
20500.000000000095 5.996005364444026e-07
20550.000000000095 5.690097492776563e-07
20600.000000000095 6.880755053476327e-07
20650.000000000095 6.275288740196326e-07
20700.000000000095 6.661842585040187e-07
20750.000000000095 7.649689447867611e-07
20800.000000000095 7.586549975744565e-07
20850.000000000095 7.446083240241351e-07
20900.000000000095 8.089222095916353e-07
20950.000000000095 7.783177294980257e-07
21000.000000000095 8.543670458818057e-07
21050.000000000095 8.223611667349328e-07
21100.000000000095 8.53599668015912e-07
21150.000000000095 8.457992014248458e-07
21200.000000000095 8.308776945554936e-07
21250.000000000095 8.711467069981068e-07
21300.000000000095 8.112683840130347e-07
21350.000000000095 8.928825896406678e-07
21400.000000000095 7.876522020676857e-07
21450.000000000095 8.7327026034008e-07
21500.000000000095 8.357843514474248e-07
21550.000000000095 8.235856744134881e-07
21600.000000000095 8.346643193462661e-07
21650.000000000095 7.648641123722496e-07
21700.000000000095 8.380906973028293e-07
21750.000000000095 7.663979790862724e-07
21800.000000000095 7.304520939076972e-07
21850.000000000095 6.919293855952427e-07
21900.000000000095 6.949454914659026e-07
21950.000000000095 5.295802919868457e-07
22000.000000000095 4.625496974213342e-07
22050.000000000095 3.781498602048257e-07
22100.000000000095 4.4954055163554637e-07
22150.000000000095 4.7408787668805233e-07
22200.000000000095 4.849050356682361e-07
22250.000000000095 4.5452719755788483e-07
22300.000000000095 4.6061856147689175e-07
22350.000000000095 4.303669326946445e-07
22400.000000000095 4.3031414151535245e-07
22450.000000000095 3.621210473226271e-07
22500.000000000095 3.9663639725243227e-07
22550.000000000095 3.373295234557166e-07
22600.000000000095 3.7128319341093366e-07
22650.000000000095 3.242686083153752e-07
22700.000000000095 3.2612068472514184e-07
22750.000000000095 3.468263837064367e-07
22800.000000000095 3.1982259297912026e-07
22850.000000000095 2.9306809252446753e-07
22900.000000000095 2.877342709829561e-07
22950.000000000095 2.4425483285460557e-07
23000.000000000095 2.0203730791648176e-07
23050.000000000095 2.6287340757435996e-07
23100.000000000095 2.94145379643637e-07
23150.000000000095 2.975374899723885e-07
23200.000000000095 2.2754097225114534e-07
23250.000000000095 2.0384225276786673e-07
23300.000000000095 1.9390159994647098e-07
23350.000000000095 1.738651681882101e-07
23400.000000000095 2.040942352307946e-07
23450.000000000095 1.9207437694897658e-07
23500.000000000095 2.0174785592962728e-07
23550.000000000095 2.508659637463283e-07
23600.000000000095 2.51609317460631e-07
23650.000000000095 2.732890999354455e-07
23700.000000000095 2.1837591037580127e-07
23750.000000000095 2.1156232642901172e-07
23800.000000000095 1.9811888382595342e-07
23850.000000000095 2.0046507004101644e-07
23900.000000000095 2.6370073395752535e-07
23950.000000000095 2.588174322660281e-07
24000.000000000095 3.2844226037325723e-07
24050.000000000095 2.955794351129127e-07
24100.000000000095 2.658388820784512e-07
24150.000000000095 2.815366361210534e-07
24200.000000000095 2.990811339986038e-07
24250.000000000095 2.9513600555475867e-07
24300.000000000095 2.7566278170276714e-07
24350.000000000095 2.6846696384654163e-07
24400.000000000095 3.2740227402974173e-07
24450.000000000095 2.7304175433981805e-07
24500.000000000095 2.9617865123869026e-07
24550.000000000095 2.5808400970100947e-07
24600.000000000095 2.8622357709338235e-07
24650.000000000095 3.0863970599076176e-07
24700.000000000095 2.4795574638871796e-07
24750.000000000095 2.2866756035085755e-07
24800.000000000095 2.3748942327048463e-07
24850.000000000095 2.922706258352224e-07
24900.000000000095 1.689629830187914e-07
24950.000000000095 2.745780372783774e-07
25000.000000000095 2.458391058259736e-07
25050.000000000095 1.9668917820389134e-07
25100.000000000095 2.359757361413808e-07
25150.000000000095 1.6000340851878863e-07
25200.000000000095 2.0364438413929505e-07
25250.000000000095 1.580667786774028e-07
25300.000000000095 2.1704355836889463e-07
25350.000000000095 1.2473928017707025e-07
25400.000000000095 1.9023486851972134e-07
25450.000000000095 1.4944605352955474e-07
25500.000000000095 1.383766286565837e-07
25550.000000000095 1.6976967406700494e-07
25600.000000000095 1.4783016058049732e-07
25650.000000000095 1.2414936791256878e-07
25700.000000000095 2.0510645052178506e-07
25750.000000000095 1.252183124726807e-07
25800.000000000095 1.9726661518129586e-07
25850.000000000095 1.267947408471794e-07
25900.000000000095 1.696704762560938e-07
25950.000000000095 1.2935903811540373e-07
26000.000000000095 1.7802424798507754e-07
26050.000000000095 1.7971268993781577e-07
26100.000000000095 2.1197750786061695e-07
26150.000000000095 1.9408875027681604e-07
26200.000000000095 2.0887418085624696e-07
26250.000000000095 2.1543572383446422e-07
26300.000000000095 1.9095425513235533e-07
26350.000000000095 2.1986647803308834e-07
26400.000000000095 2.7682106192899937e-07
26450.000000000095 2.461129104421143e-07
26500.000000000095 2.257814845833932e-07
26550.000000000095 2.180127995798107e-07
26600.000000000095 2.654154824446085e-07
26650.000000000095 1.5942399205842305e-07
26700.000000000095 1.3883064048057004e-07
26750.000000000095 1.196628958482932e-07
26800.000000000095 1.6127573138108332e-07
26850.000000000095 1.0476264633239031e-07
26900.000000000095 1.7048158428147323e-07
26950.000000000095 9.935371054102756e-08
27000.000000000095 1.8741707250686268e-07
27050.000000000095 1.6445340820591098e-07
27100.000000000095 1.445353776093153e-07
27150.000000000095 2.02344569757787e-07
27200.000000000095 1.5227953615522747e-07
27250.000000000095 1.5897186064574067e-07
27300.000000000095 2.470773866399337e-07
27350.000000000095 1.9823618501852955e-07
27400.000000000095 1.0830514138493637e-07
27450.000000000095 2.6041633311204466e-07
27500.000000000095 2.2411925726168572e-07
27550.000000000095 1.7937356279287128e-07
27600.000000000095 2.747566955701308e-07
27650.000000000095 1.4561599065485463e-07
27700.000000000095 1.2106839751475004e-07
27750.000000000095 2.525827905198183e-07
27800.000000000095 1.5022260824986433e-07
27850.000000000095 1.7020076749803248e-07
27900.000000000095 2.0486427090400084e-07
27950.000000000095 1.8881992042117964e-07
28000.000000000095 2.2423780976464229e-07
28050.000000000095 1.2809934219942497e-07
28100.000000000095 2.54079416705838e-07
28150.000000000095 2.2488623731588215e-07
28200.000000000095 1.1772606172255526e-07
28250.000000000095 2.5130090154067116e-07
28300.000000000095 3.2591937374146246e-07
28350.000000000095 1.268479722244848e-07
28400.000000000095 2.514912943134829e-07
28450.000000000095 2.2822382009298434e-07
28500.000000000095 2.3031219642596625e-07
28550.000000000095 1.2018475677594325e-07
28600.000000000095 2.6043399172199144e-07
28650.000000000095 2.535338321870905e-07
28700.000000000095 2.1404038040083519e-07
28750.000000000095 2.751293211801458e-07
28800.000000000095 2.2569925155369638e-07
28850.000000000095 3.24167726572087e-07
28900.000000000095 1.5892092423040706e-07
28950.000000000095 2.9161878372324416e-07
29000.000000000095 1.9898113483610411e-07
29050.000000000095 2.4369365364876905e-07
29100.000000000095 1.662256643788217e-07
29150.000000000095 2.9020310796145014e-07
29200.000000000095 2.2830657823945652e-07
29250.000000000095 3.001541254362971e-07
