galfind/configs/Brown_Dwarf_templates/sonora_cholla/logkzz4/56g/1300K_56g_logkzz4_resample.dat
# %ECSV 1.0
# ---
# datatype:
# - {name: wav, unit: Angstrom, datatype: float64}
# - {name: flux_nu, unit: erg / (cm2 Hz s), datatype: float64}
# schema: astropy-2.0
wav flux_nu
[from data line 1162]
68100.00000000009 3.8543771812858455e-07
68150.00000000009 3.093558226584279e-07
68200.00000000009 3.3996617256725704e-07
68250.00000000009 2.1499367000175904e-07
68300.00000000009 3.1362629648648103e-07
68350.00000000009 1.9162136587743134e-07
68400.00000000009 3.832663215761907e-07
68450.00000000009 3.867235453690082e-07
68500.00000000009 3.444803364952429e-07
68550.00000000009 2.498894734483491e-07
68600.00000000009 2.939202976859632e-07
68650.00000000009 2.2952910695635984e-07
68700.00000000009 2.9972892118646456e-07
68750.00000000009 3.5798865783001313e-07
68800.00000000009 3.63620105053692e-07
68850.00000000009 2.3342784130460636e-07
68900.00000000009 4.1652454685097504e-07
68950.00000000009 4.4731856962349466e-07
69000.00000000009 4.248524017499905e-07
69050.00000000009 3.1684548865871563e-07
69100.00000000009 3.8334733906718494e-07
69150.00000000009 4.737531846168872e-07
69200.00000000009 3.1777011272413943e-07
69250.00000000009 4.0023954762998185e-07
69300.00000000009 3.7601042207902885e-07
69350.00000000009 3.988120837194416e-07
69400.00000000009 2.7755040305252946e-07
69450.00000000009 4.2471266633894413e-07
69500.00000000009 3.4646912350855053e-07
69550.00000000009 3.5396746669224917e-07
69600.00000000009 1.7473510101367472e-07
69650.00000000009 3.3660589988255496e-07
69700.00000000009 3.675120871856713e-07
69750.00000000009 3.348806174807875e-07
69800.00000000009 4.0053982342506824e-07
69850.00000000009 4.280077761606416e-07
69900.00000000009 2.86677782412303e-07
69950.00000000009 3.8996935776175027e-07
70000.00000000009 2.93801106289493e-07
70050.00000000009 3.764761960081148e-07
70100.00000000009 3.202840894848851e-07
70150.00000000009 3.605558178204959e-07
70200.00000000009 2.9396402891662625e-07
70250.00000000009 3.3550298110814813e-07
70300.00000000009 3.797513136055728e-07
70350.00000000009 2.846259194278013e-07
70400.00000000009 3.187818623822018e-07
70450.00000000009 2.1152991927743282e-07
70500.00000000009 2.604378681402504e-07
70550.00000000009 2.8369241746300774e-07
70600.00000000009 3.054532871312904e-07
70650.00000000009 3.296188974825326e-07
70700.00000000009 3.3586589032045916e-07
70750.00000000009 3.694312149370874e-07
70800.00000000009 2.830427129177005e-07
70850.00000000009 2.780911123812709e-07
70900.00000000009 2.8089293884350944e-07
70950.00000000009 3.908416493456539e-07
71000.00000000009 3.382819088073248e-07
71050.00000000009 3.7125194126806935e-07
71100.00000000009 3.211876300974077e-07
71150.00000000009 3.4049827119581246e-07
71200.00000000009 2.9334048444917063e-07
71250.00000000009 3.2129929127575657e-07
71300.00000000009 3.7240951707375056e-07
71350.00000000009 3.1808417475976547e-07
71400.00000000009 3.4451646374804185e-07
71450.00000000009 2.4095744663620926e-07
71500.00000000009 2.8628001119786185e-07
71550.00000000009 3.039576645020316e-07
71600.00000000009 3.242232705560385e-07
71650.00000000009 3.1273740445414745e-07
71700.00000000009 2.7432662002503413e-07
71750.00000000009 3.0610126241473607e-07
71800.00000000009 3.8838109758705524e-07
71850.00000000009 3.7441895431434394e-07
71900.00000000009 2.7428022950273695e-07
71950.00000000009 3.036976921646194e-07
72000.00000000009 2.937692055988606e-07
72050.00000000009 2.4777033593102283e-07
72100.00000000009 2.8441592873811584e-07
72150.00000000009 2.7694565817206466e-07
72200.00000000009 3.052706065243378e-07
72250.00000000009 3.1947974466276127e-07
72300.00000000009 3.262734948421374e-07
72350.00000000009 2.8848514803424526e-07
72400.00000000009 2.5299342357810234e-07
72450.00000000009 2.489602674452418e-07
72500.00000000009 2.8027910721870985e-07
72550.00000000009 2.181397261895985e-07
72600.00000000009 1.875280249582846e-07
72650.00000000009 3.3967527842927577e-07
72700.00000000009 3.371756420741639e-07
72750.00000000009 2.7342498066882016e-07
72800.00000000009 2.8688681535708245e-07
72850.00000000009 2.716587654903227e-07
72900.00000000009 3.0968389927540213e-07
72950.00000000009 2.6897223662013613e-07
73000.00000000009 3.1911163827770204e-07
73050.00000000009 2.85006150987718e-07
73100.00000000009 2.739908184700599e-07
73150.00000000009 3.6762229970034366e-07
73200.00000000009 2.914528569990375e-07
73250.00000000009 2.8966556145124904e-07
73300.00000000009 3.0560424842924283e-07
73350.00000000009 2.542372621384812e-07
73400.00000000009 2.8765711795734845e-07
73450.00000000009 1.9954867703024448e-07
73500.00000000009 2.3998488859013755e-07
73550.00000000009 2.4142995922820086e-07
73600.00000000009 2.301846250355401e-07
73650.00000000009 2.7236477435651896e-07
73700.00000000009 3.208725185665546e-07
73750.00000000009 2.6446719838975436e-07
73800.00000000009 2.494117744994528e-07
73850.00000000009 2.8114203839167775e-07
73900.00000000009 3.1409376606306486e-07
73950.00000000009 2.6945716229159443e-07
74000.00000000009 2.8988975720228304e-07
74050.00000000009 3.717382264461356e-07
74100.00000000009 2.346887585908397e-07
74150.00000000009 2.9017699359719403e-07
74200.00000000009 2.604779163637086e-07
74250.00000000009 2.299756259288519e-07
74300.00000000009 2.709281468051076e-07
74350.00000000009 3.005326542877373e-07
74400.00000000009 2.637833279642832e-07
74450.00000000009 2.0565319027697127e-07
74500.00000000009 2.3951425282880313e-07
74550.00000000009 2.793098288262149e-07
74600.00000000009 2.493473434880316e-07
74650.00000000009 2.463518605421321e-07
74700.00000000009 2.1014716305217698e-07
74750.00000000009 2.5740448150390135e-07
74800.00000000009 2.3438560018260174e-07
74850.00000000009 1.7994588458651724e-07
74900.00000000009 3.331342485316985e-07
74950.00000000009 3.287774296585779e-07
75000.00000000009 2.738730625856908e-07
75050.00000000009 2.9379556672112553e-07
75100.00000000009 3.5115621408601244e-07
75150.00000000009 3.2155380294057497e-07
75200.00000000009 3.412478358122407e-07
75250.00000000009 2.929809751330783e-07
75300.00000000009 3.306887934200033e-07
75350.00000000009 2.362812050799349e-07
75400.00000000009 3.080492466259448e-07
75450.00000000009 2.789036808613702e-07
75500.00000000009 2.533002257041671e-07
75550.00000000009 3.3684628139566726e-07
75600.00000000009 3.8157405529278624e-07
75650.00000000009 2.6544410943922857e-07
75700.00000000009 2.8740870756822864e-07
75750.00000000009 2.326948322630925e-07
75800.00000000009 3.0463584263504565e-07
75850.00000000009 3.391073317022808e-07
75900.00000000009 3.018221862438787e-07
75950.00000000009 2.701716182928963e-07
76000.00000000009 2.758621295383185e-07
76050.00000000009 2.9713928497061836e-07
76100.00000000009 2.5636463570917027e-07
76150.00000000009 2.999868367328863e-07
76200.00000000009 3.2049994303649065e-07
76250.00000000009 3.8705232420665754e-07
76300.00000000009 3.3472499593277236e-07
76350.00000000009 4.4405253185091895e-07
76400.00000000009 3.550142508924475e-07
76450.00000000009 3.3410305899964254e-07
76500.00000000009 3.1291495645957773e-07
76550.00000000009 2.8951619118123775e-07
76600.00000000009 2.066766733294587e-07
76650.00000000009 2.2076799421973095e-07
76700.00000000009 2.471732522209671e-07
76750.00000000009 2.2616035004914046e-07
76800.00000000009 2.776888099852543e-07
76850.00000000009 1.5570080046185688e-07
76900.00000000009 2.2078362140952114e-07
76950.00000000009 2.1313758724237599e-07
77000.00000000009 2.5332102888307776e-07
77050.00000000009 1.930131352175803e-07
77100.00000000009 1.9242510148834546e-07
77150.00000000009 2.2334634820468605e-07
77200.00000000009 2.4854106305655503e-07
77250.00000000009 2.392949714014278e-07
77300.00000000009 2.187017254054566e-07
77350.00000000009 1.7773389990287145e-07
77400.00000000009 1.3955550575411538e-07
77450.00000000009 1.7698443397378624e-07
77500.00000000009 2.2130462063428022e-07
77550.00000000009 2.2853770796794738e-07
77600.00000000009 2.262705284079285e-07
77650.00000000009 2.2482407055083468e-07
77700.00000000009 1.871281044803189e-07
77750.00000000009 2.3513204935630892e-07
77800.00000000009 2.3038934909847487e-07
77850.00000000009 2.621032487239901e-07
77900.00000000009 2.4440693783909456e-07
77950.00000000009 2.1494797890380139e-07
78000.00000000009 2.3173047916782488e-07
78050.00000000009 2.4967159782965533e-07
78100.00000000009 1.8478758947796748e-07
78150.00000000009 2.493317280221979e-07
78200.00000000009 2.6659486159343e-07
78250.00000000009 2.877260834304689e-07
78300.00000000009 2.9029330053592187e-07
78350.00000000009 2.750820029883135e-07
78400.00000000009 2.5502268092252486e-07
78450.00000000009 3.0793833530787073e-07
78500.00000000009 2.8050876191173067e-07
78550.00000000009 2.786414185434964e-07
78600.00000000009 2.5330221967490534e-07
78650.00000000009 1.698948485781302e-07
78700.00000000009 2.36255568215485e-07
78750.00000000009 2.4564603186678563e-07
78800.00000000009 2.8953086665969e-07
78850.00000000009 2.1092768283129098e-07
78900.00000000009 2.5579879077782247e-07
78950.00000000009 2.2859517639718642e-07
79000.00000000009 2.616301676128575e-07
79050.00000000009 2.5485514061679144e-07
79100.00000000009 2.321798745826772e-07
79150.00000000009 2.7423031558885055e-07
79200.00000000009 3.4001430958143655e-07
79250.00000000009 3.024351520192692e-07
79300.00000000009 2.081207815229621e-07
79350.00000000009 3.0083154063327916e-07
79400.00000000009 2.3961010778765396e-07
79450.00000000009 2.730681679531891e-07
79500.00000000009 3.4135387290030506e-07
79550.00000000009 2.963459046554537e-07
79600.00000000009 2.3687647203499535e-07
79650.00000000009 2.6522643206180294e-07
79700.00000000009 3.5272747978715626e-07
79750.00000000009 3.022475724763656e-07
79800.00000000009 2.915167502138649e-07
79850.00000000009 2.7892733240095054e-07
79900.00000000009 3.785928026630869e-07
79950.00000000009 2.7822210357617025e-07
