galfind/configs/Brown_Dwarf_templates/sonora_cholla/logkzz4/56g/500K_56g_logkzz4_resample.dat
# %ECSV 1.0
# ---
# datatype:
# - {name: wav, unit: Angstrom, datatype: float64}
# - {name: flux_nu, unit: erg / (cm2 Hz s), datatype: float64}
# schema: astropy-2.0
wav flux_nu
[from data line 417]
23850.04800076804 9.402761256313518e-12
23900.04800076804 2.1869488098916496e-11
23950.04800076804 1.3651617233718978e-11
24000.04800076804 2.8446721305971672e-11
24050.04800076804 3.943506221578108e-11
24100.04800076804 3.95402253368367e-11
24150.04800076804 6.15958140038808e-11
24200.04800076804 4.0628962927044126e-11
24250.04800076804 2.119780379679729e-11
24300.04800076804 6.418496240585612e-11
24350.04800076804 4.123329056997942e-11
24400.04800076804 9.447089923132218e-11
24450.04800076804 1.1249884605850924e-10
24500.04800076804 1.0271858059918566e-10
24550.04800076804 1.730349810602863e-10
24600.04800076804 2.2958393842227362e-10
24650.04800076804 2.517881622594363e-10
24700.04800076804 1.9733350309469746e-10
24750.04800076804 2.404312535629007e-10
24800.04800076804 2.129311227205405e-10
24850.04800076804 3.3367742755856097e-10
24900.04800076804 1.4273944244440386e-10
24950.04800076804 2.7082038332038305e-10
25000.04800076804 3.132324254328589e-10
25050.04800076804 1.827946245974751e-10
25100.04800076804 2.579833299904651e-10
25150.04800076804 1.0912203692690904e-10
25200.04800076804 1.7629301639564126e-10
25250.04800076804 7.073139887937876e-11
25300.04800076804 1.019825543920642e-10
25350.04800076804 3.9986769560045075e-11
25400.04800076804 1.1233186167546e-10
25450.04800076804 3.5610683118270905e-11
25500.04800076804 2.631177295679717e-11
25550.04800076804 6.635243901300863e-11
25600.04800076804 1.0617404367554797e-11
25650.04800076804 1.2853114177791091e-11
25700.04800076804 1.3014993154512727e-11
25750.04800076804 4.74893658387935e-12
25800.04800076804 2.784555187588798e-11
25850.04800076804 3.4326563939693864e-12
25900.04800076804 6.060225700297979e-12
25950.04800076804 1.3522721426145798e-12
26000.04800076804 1.932856557844011e-11
26050.04800076804 1.8893495329524275e-12
26100.04800076804 1.4335321464819086e-11
26150.04800076804 4.997462996010212e-12
26200.04800076804 5.701976998747344e-12
26250.04800076804 5.5931410831657224e-11
26300.04800076804 9.445601232461193e-12
26350.04800076804 8.283969796874378e-11
26400.04800076804 1.7924018896965423e-10
26450.04800076804 1.0544351716540856e-10
26500.04800076804 2.4560334847190246e-10
26550.04800076804 2.5698522383367833e-11
26600.04800076804 2.189177451853768e-11
26650.04800076804 3.644149941697961e-12
26700.04800076804 1.15497193993517e-12
26750.04800076804 3.497746360583398e-12
26800.04800076804 9.246605844243197e-12
26850.04800076804 6.676248259929328e-12
26900.04800076804 3.5909302745803915e-11
26950.04800076804 9.159635169695781e-12
27000.04800076804 5.272728899697902e-11
27050.04800076804 6.41710465891758e-11
27100.04800076804 7.688510850957797e-12
27150.04800076804 7.571700398573868e-11
27200.04800076804 6.4493971981182824e-12
27250.04800076804 2.585492841269152e-11
27300.04800076804 2.725948226644933e-10
27350.04800076804 7.384606370523815e-11
27400.04800076804 3.1080503282261486e-12
27450.04800076804 1.1593058216683112e-10
27500.04800076804 1.60260486350439e-10
27550.04800076804 1.8233603960884714e-11
27600.04800076804 6.230070071865228e-11
27650.04800076804 1.4362421199988947e-11
27700.04800076804 1.2386473428114502e-11
27750.04800076804 9.179258011345237e-11
27800.04800076804 2.804139607574945e-11
27850.04800076804 4.686299925633508e-11
27900.04800076804 6.392978638404724e-11
27950.04800076804 1.7290954566721788e-10
28000.04800076804 1.4035472244028618e-10
28050.04800076804 1.8760590682923315e-11
28100.04800076804 2.2675121300426302e-10
28150.04800076804 1.451222929124474e-10
28200.04800076804 3.036317827486338e-11
28250.04800076804 2.744744527865782e-10
28300.04800076804 4.3242052972637783e-10
28350.04800076804 4.7946540614296214e-11
28400.04800076804 2.3468746366899755e-10
28450.04800076804 5.495317747796072e-10
28500.04800076804 2.2480744712538332e-10
28550.04800076804 5.2464687233824395e-11
28600.04800076804 3.638805332962346e-10
28650.04800076804 3.9140351388848805e-10
28700.04800076804 3.4420830492768326e-10
28750.04800076804 7.866568133923036e-10
28800.04800076804 5.592322461423158e-10
28850.04800076804 7.393289972857347e-10
28900.04800076804 3.7246702194617836e-10
28950.04800076804 1.1632349750277755e-09
29000.04800076804 6.64709921152474e-10
29050.04800076804 6.716205157911067e-10
29100.04800076804 5.896927156817892e-10
29150.04800076804 1.1174516518924513e-09
29200.04800076804 8.848738422957395e-10
29250.04800076804 1.2209992868504943e-09
29300.04800076804 6.552055647781041e-10
29350.04800076804 3.1769306102825216e-09
29400.04800076804 6.304704559115159e-10
29450.04800076804 7.93594547858762e-10
29500.04800076804 1.7213930493242841e-09
29550.04800076804 8.175374637028472e-10
29600.04800076804 1.6740821207539313e-09
29650.04800076804 2.3750112158798098e-09
29700.04800076804 6.283185007884832e-10
29750.04800076804 1.4329319606711863e-09
29800.04800076804 1.4462099145867255e-09
29850.04800076804 2.640563195552992e-09
29900.04800076804 2.644524986217333e-09
29950.04800076804 1.753400779482286e-09
30000.04800076804 3.059321262749879e-10
30050.04800076804 7.219361170474279e-10
30100.04800076804 1.5776179072296592e-09
30150.04800076804 2.524002345857944e-09
30200.04800076804 1.2764984354828574e-09
30250.04800076804 3.821167304182622e-09
30300.04800076804 3.844204624875132e-09
30350.04800076804 1.405866626746247e-09
30400.04800076804 3.3403413397372835e-09
30450.04800076804 2.5407044160580778e-09
30500.04800076804 1.8242795193912393e-09
30550.04800076804 1.2840413246976231e-09
30600.04800076804 4.377152258639064e-09
30650.04800076804 2.6717952309677755e-09
30700.04800076804 1.9298362513034324e-09
30750.04800076804 2.7842501158044736e-09
30800.04800076804 1.7719666353512797e-09
30850.04800076804 2.587536951067373e-09
30900.04800076804 2.1132674901582995e-09
30950.04800076804 9.407567340560161e-10
31000.04800076804 1.7571833584017144e-09
31050.04800076804 1.256302695023516e-09
31100.04800076804 7.863776790083578e-10
31150.04800076804 1.1658878352475133e-09
31200.04800076804 1.9279222331998075e-09
31250.04800076804 9.420420045992853e-10
31300.04800076804 6.689975337621135e-10
31350.04800076804 1.2606975026366386e-09
31400.04800076804 6.082159162809306e-10
31450.04800076804 9.694006982747682e-10
31500.04800076804 3.874417902410187e-10
31550.04800076804 4.6137286531408955e-10
31600.04800076804 3.1672503396539947e-10
31650.04800076804 3.1110007765266696e-10
31700.04800076804 3.6048545646215886e-10
31750.04800076804 1.086068705149515e-10
31800.04800076804 3.234878792042136e-10
31850.04800076804 6.555979555685535e-11
31900.04800076804 1.7028284011879223e-10
31950.04800076804 9.872385909021989e-11
32000.04800076804 8.213830234446431e-11
32050.04800076804 7.505690924259193e-11
32100.04800076804 5.865971740238254e-11
32150.04800076804 7.361730768658199e-11
32200.04800076804 3.700995558510425e-11
32250.04800076804 1.160467697447746e-10
32300.04800076804 2.756171195849244e-11
32350.04800076804 1.1351064610224996e-10
32400.04800076804 2.283900972980062e-11
32450.04800076804 6.346611664221466e-11
32500.04800076804 2.7049886564150295e-11
32550.04800076804 7.0301274456277e-11
32600.04800076804 2.4983073735794827e-11
32650.04800076804 1.449216518567996e-10
32700.04800076804 4.388788014921233e-11
32750.04800076804 2.887205333017617e-10
32800.04800076804 1.299712126752006e-10
32850.04800076804 4.963378044375191e-10
32900.04800076804 3.708809027049455e-10
32950.04800076804 4.783331497211144e-10
33000.04800076804 1.8103216419755224e-10
33050.04800076804 2.075946363917052e-10
33100.04800076804 5.446793863577559e-11
33150.04800076804 3.66750389366033e-14
33200.04800076804 1.4711748391303211e-12
33250.04800076804 2.3501040134631155e-12
33300.04800076804 1.5063509355615383e-11
33350.04800076804 5.285918553288192e-11
33400.04800076804 1.6097541761082235e-10
33450.04800076804 7.75258675735873e-11
33500.04800076804 3.089248095150622e-10
33550.04800076804 1.0837679989840133e-10
33600.04800076804 1.6329224406066614e-10
33650.04800076804 1.3814867855717222e-10
33700.04800076804 7.851183573673008e-11
33750.04800076804 2.26376902688991e-10
33800.04800076804 3.7256159692654086e-11
33850.04800076804 1.319595618057426e-10
33900.04800076804 1.526478673436227e-10
33950.04800076804 1.3044564439842872e-10
34000.04800076804 2.6439231846258355e-10
34050.04800076804 4.067088170396403e-11
34100.04800076804 2.191354052189438e-10
34150.04800076804 9.943393820199467e-11
34200.04800076804 2.1163476883008413e-10
34250.04800076804 1.3926405017782413e-10
34300.04800076804 1.4748789169918543e-10
34350.04800076804 3.619499212818374e-10
34400.04800076804 1.1134048959273532e-10
34450.04800076804 3.2109801912784524e-10
34500.04800076804 1.3595117464622446e-10
34550.04800076804 1.3292022270232613e-10
34600.04800076804 5.510641767974871e-10
34650.04800076804 8.62886827822693e-11
34700.04800076804 2.337690500091089e-10
34750.04800076804 1.864271973957073e-10
34800.04800076804 2.0433265634847459e-10
34850.04800076804 4.484330393838551e-10
34900.04800076804 1.7597005973507473e-10
34950.04800076804 2.8567574599192806e-10
35000.04800076804 8.100836628910952e-10
35050.04800076804 4.056222177167587e-10
35100.04800076804 8.284005983726153e-10
35150.04800076804 6.8080804452706e-10
35200.04800076804 7.867040202093025e-10
35250.04800076804 9.706424619071512e-10
35300.04800076804 5.051331377777892e-10
35350.04800076804 7.460280359174568e-10
35400.04800076804 5.471820839958168e-10
35450.04800076804 4.074410591151572e-10
35500.04800076804 1.864833220613626e-09
35550.04800076804 9.149053771259193e-10
35600.04800076804 1.261625108011824e-09
35650.04800076804 1.4186015250798164e-09
35700.04800076804 1.0359785902256872e-09
35750.04800076804 2.0293909559242717e-09
35800.04800076804 1.0757799123942786e-09
35850.04800076804 5.285871885088428e-10
35900.04800076804 1.0343086648664836e-09
35950.04800076804 9.588228651433837e-10
36000.04800076804 4.4126242944254794e-10
36050.04800076804 8.557329996542989e-10
36100.04800076804 7.187721850008311e-10
36150.04800076804 1.9131541091995858e-09
36200.04800076804 1.5911551975998033e-09
36250.04800076804 1.4453798214900398e-09
36300.04800076804 2.475430597543804e-09
36350.04800076804 1.4825329062275863e-09
36400.04800076804 2.9921067662619115e-09
36450.04800076804 1.989356192191279e-09
36500.04800076804 2.518747502957733e-09
36550.04800076804 4.192541033447738e-09
36600.04800076804 4.082509447614095e-09
36650.04800076804 3.5196833720218808e-09
36700.04800076804 4.404090288221102e-09
36750.04800076804 4.9091812401663935e-09
36800.04800076804 4.286126822137473e-09
36850.04800076804 2.279941785169178e-09
36900.04800076804 3.768049185376909e-09
36950.04800076804 4.54413419045705e-09
37000.04800076804 3.159350302326598e-09
37050.04800076804 5.672773093476817e-09
37100.04800076804 4.156894057796049e-09
37150.04800076804 4.23975012338224e-09
37200.04800076804 4.320937067556234e-09
37250.04800076804 3.6896648833990895e-09
37300.04800076804 3.113003486517621e-09
37350.04800076804 5.34925247213959e-09
37400.04800076804 6.093361829398219e-09
37450.04800076804 2.8143159322198067e-09
37500.04800076804 4.891456792273712e-09
37550.04800076804 7.959586018964845e-09
37600.04800076804 1.0859956009511295e-08
37650.04800076804 5.31475993119212e-09
37700.04800076804 7.942414815800507e-09
37750.04800076804 4.496317152080723e-09
37800.04800076804 4.920946299151178e-09
37850.04800076804 3.0122570934790718e-09
37900.04800076804 4.594995200110061e-09
37950.04800076804 7.14672147391118e-09
38000.04800076804 8.271714355752302e-09
38050.04800076804 1.1673931045026603e-08
38100.04800076804 1.1524544825375796e-08
38150.04800076804 1.1880570989992208e-08
38200.04800076804 1.1561000335499083e-08
38250.04800076804 1.2140524350100751e-08
38300.04800076804 2.311024737392409e-08
38350.04800076804 1.7653382710591244e-08
38400.04800076804 7.477177309145957e-09
38450.04800076804 5.168419363170974e-09
38500.04800076804 2.3304362100853886e-09
38550.04800076804 6.293938913674107e-09
38600.04800076804 8.419805743691572e-09
38650.04800076804 1.1527884787017788e-08
38700.04800076804 8.810608094304183e-09
38750.04800076804 1.1841192273598857e-08
38800.04800076804 8.031934293440952e-09
38850.04800076804 1.4763742234172588e-08
38900.04800076804 1.4730098423037113e-08
38950.04800076804 9.915878425398192e-09
39000.04800076804 1.866633853446027e-08
39050.04800076804 1.0965511349715616e-08
39100.04800076804 1.7498931896511835e-08
39150.04800076804 1.5678207984486333e-08
39200.04800076804 1.0660742431309596e-08
39250.04800076804 1.8061406209657832e-08
39300.04800076804 1.4624576636319442e-08
39350.04800076804 3.0798758774664284e-08
39400.04800076804 1.8038190007892928e-08
39450.04800076804 1.9847718933175284e-08
39500.04800076804 2.0998011081407113e-08
39550.04800076804 1.458248248182151e-08
39600.04800076804 2.40823122226542e-08
39650.04800076804 3.1745127757112196e-08
39700.04800076804 1.9158254401367657e-08
39750.04800076804 1.1854084973539833e-08
39800.04800076804 1.5381620884043178e-08
39850.04800076804 2.799394596948853e-08
39900.04800076804 3.2757558331045396e-08
39950.04800076804 2.0147096212706172e-08
40000.04800076804 3.388082634631515e-08
40050.04800076804 2.8203574399512594e-08
40100.04800076804 1.2299682729356768e-08
40150.04800076804 3.2493123112736434e-08
40200.04800076804 3.369325335004621e-08
40250.04800076804 3.498987931130725e-08
40300.04800076804 3.899780453660905e-08
40350.04800076804 1.9290924068531946e-08
40400.04800076804 3.5489618011064076e-08
40450.04800076804 2.0921974800967258e-08
40500.04800076804 4.50227960854162e-08
40550.04800076804 3.8215070242774695e-08
40600.04800076804 3.2623195066075094e-08
40650.04800076804 2.9454345975582374e-08
40700.04800076804 6.063424685198187e-08
40750.04800076804 4.2342675701109906e-08
40800.04800076804 2.35888360624008e-08
40850.04800076804 6.081375018833718e-08
40900.04800076804 4.6389993706902624e-08
40950.04800076804 3.3141341675654265e-08
41000.04800076804 4.3902958290973896e-08
41050.04800076804 6.371230116256108e-08
41100.04800076804 3.454581837920327e-08
41150.04800076804 2.0567430088979983e-08
41200.04800076804 6.698450637485772e-08
41250.04800076804 4.4939454019890764e-08
41300.04800076804 4.609013104189232e-08
41350.04800076804 7.00953924683906e-08
41400.04800076804 5.0579207005577986e-08
41450.04800076804 6.45964198645377e-08
41500.04800076804 4.0922303305843515e-08
41550.04800076804 3.5776900021686946e-08
41600.04800076804 5.349166946055684e-08
41650.04800076804 6.312106430564969e-08
41700.04800076804 6.071039807672943e-08
41750.04800076804 5.2048719131637766e-08
41800.04800076804 7.087381507378703e-08
41850.04800076804 4.757793545051626e-08
41900.04800076804 4.23753415954159e-08
41950.04800076804 5.258638216744822e-08
42000.04800076804 6.202463423739513e-08
42050.04800076804 5.447554246017324e-08
42100.04800076804 7.243252167291834e-08
42150.04800076804 5.537384365013898e-08
42200.04800076804 6.416839952072456e-08
42250.04800076804 4.495124330844225e-08
42300.04800076804 4.480023574349818e-08
42350.04800076804 6.4860951001048e-08
42400.04800076804 7.186895246735042e-08
42450.04800076804 7.346686623608826e-08
42500.04800076804 6.281268366140743e-08
42550.04800076804 5.983916219758752e-08
42600.04800076804 5.6102650683745195e-08
42650.04800076804 9.849219279067053e-08
42700.04800076804 4.100946162507701e-08
42750.04800076804 5.722733028142537e-08
42800.04800076804 6.314633381352213e-08
42850.04800076804 7.38213041257121e-08
42900.04800076804 8.46355581343723e-08
42950.04800076804 6.146181482240283e-08
43000.04800076804 8.300151861639052e-08
43050.04800076804 3.371620103263574e-08
43100.04800076804 5.1370400566677944e-08
43150.04800076804 5.872267479695601e-08
43200.04800076804 7.987246539876758e-08
43250.04800076804 1.0305292178519198e-07
43300.04800076804 1.0017393330547709e-07
43350.04800076804 5.4416068367376246e-08
43400.04800076804 7.328816093047964e-08
43450.04800076804 4.362164043761597e-08
43500.04800076804 5.0909537625792427e-08
43550.04800076804 5.770283274783075e-08
43600.04800076804 8.075072977950124e-08
