galfind/configs/Brown_Dwarf_templates/sonora_cholla/logkzz4/56g/550K_56g_logkzz4_resample.dat
# %ECSV 1.0
# ---
# datatype:
# - {name: wav, unit: Angstrom, datatype: float64}
# - {name: flux_nu, unit: erg / (cm2 Hz s), datatype: float64}
# schema: astropy-2.0
wav flux_nu
[from data line 814]
43700.04800076804 1.3431124196964517e-07
43750.04800076804 1.270876528047621e-07
43800.04800076804 8.891366422905564e-08
43850.04800076804 1.0342518410599884e-07
43900.04800076804 7.91831710854413e-08
43950.04800076804 5.5363782495550414e-08
44000.04800076804 4.532336125707387e-08
44050.04800076804 1.0625625761321453e-07
44100.04800076804 1.245942327788431e-07
44150.04800076804 1.1886901229318551e-07
44200.04800076804 9.923443735342737e-08
44250.04800076804 6.465638040520436e-08
44300.04800076804 5.90109890320099e-08
44350.04800076804 5.8097407621327745e-08
44400.04800076804 5.764437038204756e-08
44450.04800076804 7.410847928703803e-08
44500.04800076804 6.466846009608388e-08
44550.04800076804 8.780468346561597e-08
44600.04800076804 6.075604888783329e-08
44650.04800076804 7.271813754184385e-08
44700.04800076804 5.25643499121409e-08
44750.04800076804 6.505219524263044e-08
44800.04800076804 4.782411802632639e-08
44850.04800076804 5.782658867170334e-08
44900.04800076804 4.086736641573897e-08
44950.04800076804 3.81699261987902e-08
45000.04800076804 4.585692280522968e-08
45050.04800076804 4.584554507870373e-08
45100.04800076804 4.310218755434922e-08
45150.04800076804 3.483722663700186e-08
45200.04800076804 2.0212664652628803e-08
45250.04800076804 2.4326877872760687e-08
45300.04800076804 3.0868367498879486e-08
45350.04800076804 2.8802143824138237e-08
45400.04800076804 2.3474584467875695e-08
45450.04800076804 2.19200445811316e-08
45500.04800076804 2.4436079354611994e-08
45550.04800076804 2.691697177211131e-08
45600.04800076804 1.978907402350343e-08
45650.04800076804 1.9356164658484916e-08
45700.04800076804 2.2989637855447177e-08
45750.04800076804 1.8820619942784273e-08
45800.04800076804 1.5598666914192528e-08
45850.04800076804 2.650088806998547e-08
45900.04800076804 2.8583253222219874e-08
45950.04800076804 1.4727294270882828e-08
46000.04800076804 2.495352125220853e-08
46050.04800076804 2.7429039470264374e-08
46100.04800076804 1.5772612238689865e-08
46150.04800076804 2.6365137527778456e-08
46200.04800076804 2.2905053765885324e-08
46250.04800076804 9.337974705283397e-09
46300.04800076804 3.1158949287156294e-08
46350.04800076804 2.097368423551296e-08
46400.04800076804 2.795344649233187e-08
46450.04800076804 4.018535587220428e-08
46500.04800076804 2.5200652335422182e-08
46550.04800076804 2.9363547589665042e-08
46600.04800076804 3.2752777258488046e-08
46650.04800076804 8.374846911735571e-08
46700.04800076804 4.710598359478255e-08
46750.04800076804 2.911907013118606e-08
46800.04800076804 1.542987156554487e-08
46850.04800076804 4.4530023559648154e-08
46900.04800076804 3.553727330631585e-08
46950.04800076804 5.098999684024628e-08
47000.04800076804 2.1800413521952895e-08
47050.04800076804 4.7103965596447774e-08
47100.04800076804 1.453285248796429e-08
47150.04800076804 2.3247941632554062e-08
47200.04800076804 3.5023961635629135e-08
47250.04800076804 1.8806683253674803e-08
47300.04800076804 2.1216372729946172e-08
47350.04800076804 1.8989874942580133e-08
47400.04800076804 4.3973775539328044e-08
47450.04800076804 1.656120832741479e-08
47500.04800076804 5.204644403688712e-08
47550.04800076804 2.0017809185252438e-08
47600.04800076804 4.393342014564274e-08
47650.04800076804 1.9450171979331047e-08
47700.04800076804 4.3352002462262465e-08
47750.04800076804 1.4857630411447117e-08
47800.04800076804 3.060329759228906e-08
47850.04800076804 1.4650623816988735e-08
47900.04800076804 2.2973367223139247e-08
47950.04800076804 2.5388441504286975e-08
48000.04800076804 5.8976101173069405e-08
48050.04800076804 3.2664126035973073e-08
48100.04800076804 3.338129385916187e-08
48150.04800076804 3.163920719505354e-08
48200.04800076804 4.336957211442792e-08
48250.04800076804 3.142651766146347e-08
48300.04800076804 7.114717971459581e-08
48350.04800076804 2.7619971834472397e-08
48400.04800076804 1.9883139785554665e-08
48450.04800076804 2.7118637553672062e-08
48500.04800076804 5.3489482137173616e-08
48550.04800076804 2.6031368772169398e-08
48600.04800076804 5.317928156144441e-08
48650.04800076804 3.7046109940408825e-08
48700.04800076804 5.750476682731525e-08
48750.04800076804 3.711791325606286e-08
48800.04800076804 6.188419506528596e-08
48850.04800076804 4.194399730529474e-08
48900.04800076804 5.158095087274487e-08
48950.04800076804 4.0387972808140975e-08
49000.04800076804 2.689965544157417e-08
49050.04800076804 5.679125223884956e-08
49100.04800076804 4.5165477533146834e-08
49150.04800076804 6.564969857597796e-08
49200.04800076804 5.537801096683207e-08
49250.04800076804 8.073020535722847e-08
49300.04800076804 5.245796801342875e-08
49350.04800076804 3.1746461869117475e-08
49400.04800076804 4.3006565183675276e-08
49450.04800076804 4.99790338176356e-08
49500.04800076804 3.936863431765744e-08
49550.04800076804 1.024682913205276e-08
49600.04800076804 3.065441760303529e-08
49650.04800076804 4.507249505888719e-08
49700.04800076804 4.5709526151932166e-08
49750.04800076804 6.561803808454723e-08
49800.04800076804 3.5556679541892384e-08
49850.04800076804 8.760566670819918e-08
49900.04800076804 6.656748571267394e-08
49950.04800076804 7.144015243291435e-08
50000.04800076804 6.166381445813072e-08
50050.04800076804 7.203229534893887e-08
50100.04800076804 6.272188767127337e-08
50150.04800076804 2.567495918423732e-08
50200.04800076804 6.69934341210488e-09
50250.04800076804 3.508789464669298e-08
50300.04800076804 2.4991801565891008e-08
50350.04800076804 6.168579782451649e-08
50400.04800076804 6.733439323232205e-08
50450.04800076804 5.562456069747486e-08
50500.04800076804 7.816301713476381e-08
50550.04800076804 7.230336286242015e-08
50600.04800076804 6.065142621662876e-08
50650.04800076804 7.592753644412303e-08
50700.04800076804 9.079182168181678e-08
50750.04800076804 6.378456387643631e-08
50800.04800076804 2.220691621307035e-08
50850.04800076804 1.2354908338039978e-08
50900.04800076804 6.249950769741622e-08
50950.04800076804 6.349848694303146e-08
51000.04800076804 4.3182316292283916e-08
51050.04800076804 6.150224354774456e-08
51100.04800076804 1.8651946844949593e-08
51150.04800076804 2.9733127710393572e-08
51200.04800076804 8.763640618301885e-08
51250.04800076804 5.821719555081077e-08
51300.04800076804 4.24219506333267e-08
51350.04800076804 4.5130738984783346e-08
51400.04800076804 1.5487920855371114e-08
51450.04800076804 1.3047637968519459e-08
51500.04800076804 1.171599513597399e-08
51550.04800076804 3.882923752603384e-08
51600.04800076804 3.246459931283765e-08
51650.04800076804 5.0938336215449286e-08
51700.04800076804 4.749869662737441e-08
51750.04800076804 2.9499316423529897e-08
51800.04800076804 6.662379892480151e-08
51850.04800076804 5.4679306533208836e-08
51900.04800076804 6.347224896053367e-08
51950.04800076804 3.520070580698752e-08
52000.04800076804 4.431869913694568e-09
52050.04800076804 1.9548293659308706e-08
52100.04800076804 1.2701109738689379e-08
52150.04800076804 6.755876792015416e-09
52200.04800076804 1.572550320522933e-08
52250.04800076804 3.2573404135297466e-08
52300.04800076804 4.768271080128223e-08
52350.04800076804 1.500623843945893e-08
52400.04800076804 1.5338952981991515e-08
52450.04800076804 5.121512769674036e-08
52500.04800076804 4.435290325443245e-08
52550.04800076804 4.533646200082829e-08
52600.04800076804 3.388618076279489e-08
52650.04800076804 3.456495449229931e-08
52700.04800076804 2.9172064527486517e-08
52750.04800076804 1.3402467933975722e-08
52800.04800076804 1.872559744308866e-08
52850.04800076804 2.5729792425941244e-08
52900.04800076804 1.117693644956518e-08
52950.04800076804 1.570559334620932e-08
53000.04800076804 4.239262742083738e-08
53050.04800076804 1.1493562256686824e-08
53100.04800076804 4.724393098019839e-08
53150.04800076804 5.64990196811545e-08
53200.04800076804 2.190027502991288e-08
53250.04800076804 5.332306505066306e-08
53300.04800076804 5.345652781924698e-08
53350.04800076804 5.145388228022212e-08
53400.04800076804 3.487070406677651e-08
53450.04800076804 8.36362681189743e-09
53500.04800076804 2.2311708386236847e-09
53550.04800076804 5.347573482740609e-09
53600.04800076804 2.133385511210838e-08
53650.04800076804 2.405088550635882e-08
53700.04800076804 1.8678587341931824e-08
53750.04800076804 1.78852489115454e-08
53800.04800076804 1.6107550030243172e-08
53850.04800076804 2.4727420906267654e-08
53900.04800076804 3.960718683677829e-08
53950.04800076804 4.094992903271188e-08
54000.04800076804 2.5615599631904463e-08
54050.04800076804 2.831101546170771e-08
54100.04800076804 6.1387382624506495e-09
54150.04800076804 9.471189558573286e-09
54200.04800076804 1.5864130140573313e-09
54250.04800076804 4.332517150088416e-09
54300.04800076804 1.3927459546436092e-08
54350.04800076804 1.9816321850854187e-08
54400.04800076804 1.6759778333890188e-08
54450.04800076804 1.4790513341326147e-08
54500.04800076804 1.2253481141329247e-08
54550.04800076804 1.2965959306466574e-08
54600.04800076804 1.18215505392809e-08
54650.04800076804 1.6082964289439945e-09
54700.04800076804 1.2712243439898992e-08
54750.04800076804 1.2903874750952336e-08
54800.04800076804 6.789112616966555e-09
54850.04800076804 1.2046465173124613e-08
54900.04800076804 2.117516242209713e-08
54950.04800076804 3.352114209669063e-08
55000.04800076804 8.482402383841467e-09
55050.04800076804 1.6677066167571078e-08
55100.04800076804 2.0916808530496926e-08
55150.04800076804 8.907899820712117e-09
55200.04800076804 7.259619830385901e-09
55250.04800076804 1.2111214966149967e-08
55300.04800076804 7.65463858715569e-09
55350.04800076804 1.804732071952012e-08
55400.04800076804 2.0360711277509186e-08
55450.04800076804 1.112470850037797e-08
55500.04800076804 3.985823508961516e-09
55550.04800076804 3.6883449799443787e-09
55600.04800076804 7.494211296652462e-09
55650.04800076804 7.041611615853369e-09
55700.04800076804 7.032536753331768e-09
55750.04800076804 5.76199190163222e-09
55800.04800076804 2.182174407629459e-09
55850.04800076804 4.264188462100391e-09
55900.04800076804 1.2379884703029483e-08
55950.04800076804 1.8803485272036525e-08
56000.04800076804 5.973232505190075e-09
56050.04800076804 8.030159676384804e-09
56100.04800076804 1.308704163967594e-08
56150.04800076804 4.499836715586637e-09
56200.04800076804 8.095371419495846e-09
56250.04800076804 1.4776488933224513e-08
56300.04800076804 8.891816288660876e-09
56350.04800076804 5.3677154914449705e-09
56400.04800076804 1.4682762135875765e-09
56450.04800076804 1.477043299209303e-09
56500.04800076804 5.689012752276324e-09
56550.04800076804 2.4687893374934215e-09
56600.04800076804 1.135830471257798e-08
56650.04800076804 1.3980847077881287e-08
56700.04800076804 9.243314218831814e-09
56750.04800076804 2.344881165147929e-09
56800.04800076804 7.022704230359613e-09
56850.04800076804 9.173082278984489e-09
56900.04800076804 4.266943441126695e-09
56950.04800076804 1.0610124523013541e-08
57000.04800076804 1.4509050278840846e-08
57050.04800076804 5.529771385398342e-09
57100.04800076804 1.537007191449781e-09
57150.04800076804 2.8801144596802144e-09
57200.04800076804 2.3120419624282113e-09
57250.04800076804 3.4586281607639924e-09
57300.04800076804 6.732575032646341e-09
57350.04800076804 2.6941788568141397e-09
57400.04800076804 8.483003735735359e-09
57450.04800076804 3.5764112430588463e-09
57500.04800076804 3.743843561115355e-09
57550.04800076804 6.162466158365322e-09
57600.04800076804 5.201693784658047e-09
57650.04800076804 8.260408351411537e-10
57700.04800076804 1.8475172967170196e-09
57750.04800076804 4.591848562272521e-09
57800.04800076804 1.7297520043265665e-09
57850.04800076804 1.6439776718655458e-08
57900.04800076804 1.871598371106506e-08
57950.04800076804 2.0903452422536603e-08
58000.04800076804 4.6153862494068786e-09
58050.04800076804 1.038415232155203e-08
58100.04800076804 8.84333639805555e-09
58150.04800076804 5.009263047410943e-09
58200.04800076804 7.81258161104585e-10
58250.04800076804 1.865336954719498e-09
58300.04800076804 2.0381444563847668e-09
58350.04800076804 3.0264717397830108e-09
58400.04800076804 8.594141601956204e-09
58450.04800076804 9.652824792277233e-09
58500.04800076804 9.59103767101322e-09
58550.04800076804 7.271963129986065e-09
58600.04800076804 2.261751783338319e-09
58650.04800076804 3.3187164640780884e-09
58700.04800076804 5.3058287218470175e-09
58750.04800076804 3.6326585658889345e-09
58800.04800076804 3.238504215195651e-10
58850.04800076804 2.3521158135166542e-09
58900.04800076804 3.6159164556042394e-09
58950.04800076804 1.2676865478350712e-09
59000.04800076804 4.077853472592782e-09
59050.04800076804 7.596396170222495e-09
59100.04800076804 6.295434365182052e-09
59150.04800076804 4.767009417746402e-09
59200.04800076804 6.637323224299177e-09
59250.04800076804 6.926770193337775e-09
59300.04800076804 4.576704591572238e-09
59350.04800076804 5.50484226968851e-10
59400.04800076804 8.197302726816978e-10
59450.04800076804 5.4287237798321445e-09
59500.04800076804 3.0187259965617737e-09
59550.04800076804 6.5589967348238075e-09
59600.04800076804 9.099940468635486e-09
59650.04800076804 3.7250354829392233e-09
59700.04800076804 2.246565515002576e-09
59750.04800076804 9.019051145672107e-09
59800.04800076804 3.6532904661303326e-09
59850.04800076804 5.01391064321523e-09
59900.04800076804 1.363284816217615e-09
59950.04800076804 4.20880498312601e-09
60000.04800076804 1.1866837748266066e-08
60050.04800076804 1.2595589421502218e-08
60100.04800076804 7.950293158031738e-09
60150.04800076804 2.7254640161796985e-09
60200.04800076804 8.28773143013781e-09
60250.04800076804 1.4152919457574244e-08
60300.04800076804 1.2091786547819061e-08
60350.04800076804 7.156370437107382e-09
60400.04800076804 5.746346783258011e-09
60450.04800076804 9.86326722054732e-10
60500.04800076804 2.3681086305294113e-10
60550.04800076804 4.212665732463107e-09
60600.04800076804 7.42151617981294e-09
60650.04800076804 3.8355578206562526e-09
60700.04800076804 2.301955690833981e-09
60750.04800076804 1.0289028437937184e-09
60800.04800076804 6.603602042359298e-09
60850.04800076804 1.541025861800645e-08
60900.04800076804 1.410062717945013e-08
60950.04800076804 9.939107549055142e-09
61000.04800076804 1.0154227598936607e-08
61050.04800076804 2.8140494797143675e-09
61100.04800076804 3.0373549348859614e-09
61150.04800076804 7.398049803479771e-10
61200.04800076804 6.217751908182755e-09
61250.04800076804 1.061781549120238e-08
61300.04800076804 1.0191841419287639e-08
61350.04800076804 1.7488569888272953e-08
61400.04800076804 4.825592131053777e-09
61450.04800076804 1.1472536140008231e-09
61500.04800076804 1.8476416827923883e-09
61550.04800076804 5.729175141503116e-09
61600.04800076804 1.6522231487436285e-09
61650.04800076804 4.779212079393198e-09
61700.04800076804 5.901417080793659e-09
61750.04800076804 6.543440578325888e-09
61800.04800076804 4.882193248708106e-09
61850.04800076804 1.092839985548993e-09
61900.04800076804 8.922567879495304e-09
61950.04800076804 1.0438925195986322e-08
62000.04800076804 1.4834251880316796e-08
62050.04800076804 1.7053319558228775e-08
62100.04800076804 7.816425954966607e-09
62150.04800076804 1.4702685166491109e-08
62200.04800076804 1.3537606269769275e-08
62250.04800076804 9.60187769157939e-09
62300.04800076804 2.7005487639736158e-08
62350.04800076804 2.0057797519111687e-08
62400.04800076804 6.96272049596971e-09
62450.04800076804 1.1178577660625731e-08
62500.04800076804 2.5251954977554053e-08
62550.04800076804 2.473686717082206e-08
62600.04800076804 2.200876510951183e-08
62650.04800076804 1.5859659437008992e-08
62700.04800076804 1.1310936254816726e-08
62750.04800076804 1.9977199503127216e-08
62800.04800076804 1.162412466022686e-08
62850.04800076804 1.960063418289066e-08
62900.04800076804 1.2592046074778496e-08
62950.04800076804 2.8577801341936767e-08
63000.04800076804 1.6850803851512686e-08
63050.04800076804 3.9484016166895736e-08
63100.04800076804 3.308581146344992e-08
63150.04800076804 2.4010972846127522e-08
63200.04800076804 2.19917501185987e-08
63250.04800076804 1.869619548967898e-08
63300.04800076804 1.4013933102488069e-08
63350.04800076804 1.1690809392326162e-08
63400.04800076804 3.5141130345707213e-09
63450.04800076804 1.4810313462180746e-09
