galfind/configs/Brown_Dwarf_templates/sonora_cholla/logkzz4/56g/550K_56g_logkzz4_resample.dat
# %ECSV 1.0
# ---
# datatype:
# - {name: wav, unit: Angstrom, datatype: float64}
# - {name: flux_nu, unit: erg / (cm2 Hz s), datatype: float64}
# schema: astropy-2.0
wav flux_nu
[from data line 1211]
63550.04800076804 1.4305028429432293e-08
63600.04800076804 1.4445550856470575e-08
63650.04800076804 7.214047029964311e-09
63700.04800076804 1.7912818683828047e-09
63750.04800076804 6.293625472641437e-09
63800.04800076804 1.8003072940086553e-08
63850.04800076804 1.1974893076065447e-08
63900.04800076804 2.7030804258974983e-09
63950.04800076804 8.866681951606912e-09
64000.04800076804 1.1546543120340852e-08
64050.04800076804 3.6572802863453265e-09
64100.04800076804 6.668220741100016e-10
64150.04800076804 1.0635029101218084e-09
64200.04800076804 1.359858932330941e-09
64250.04800076804 5.721411008047647e-09
64300.04800076804 4.549954967881078e-09
64350.04800076804 2.846256089228207e-09
64400.04800076804 9.02497330845287e-09
64450.04800076804 1.119662375764667e-08
64500.04800076804 3.822499836099117e-09
64550.04800076804 9.242851653860533e-09
64600.04800076804 4.118816218412836e-09
64650.04800076804 7.181087797037015e-09
64700.04800076804 1.9247647624111806e-09
64750.04800076804 4.2192001650481025e-09
64800.04800076804 2.1885702459425684e-09
64850.04800076804 1.1774987953285094e-09
64900.04800076804 1.0683927601426832e-09
64950.04800076804 9.282984004080071e-10
65000.04800076804 1.9739212932660167e-09
65050.04800076804 4.5412700501927595e-09
65100.04800076804 7.57793014745033e-09
65150.04800076804 2.8099432339101316e-09
65200.04800076804 9.36479348009341e-10
65250.04800076804 4.869265166758536e-09
65300.04800076804 5.443239190836029e-09
65350.04800076804 1.5767709856067536e-08
65400.04800076804 5.206280343385835e-09
65450.04800076804 5.348927428787748e-09
65500.04800076804 6.636559734476812e-09
65550.04800076805 2.1700920068471547e-09
65600.04800076805 6.200686793853954e-09
65650.04800076805 3.1314786462663292e-09
65700.04800076805 2.842060363713379e-09
65750.04800076805 1.8835234111855684e-09
65800.04800076805 5.188075095606635e-09
65850.04800076805 7.44886596503744e-09
65900.04800076805 1.4669751201078972e-09
65950.04800076805 3.640157432692565e-09
66000.04800076805 4.895327097873496e-09
66050.04800076805 1.2350253814796335e-08
66100.04800076805 5.992509615371118e-09
66150.04800076805 5.28903195273506e-09
66200.04800076805 5.1599222448071615e-09
66250.04800076805 2.766898755354905e-09
66300.04800076805 8.882987148235769e-10
66350.04800076805 5.874808489954746e-10
66400.04800076805 1.4063838196174675e-09
66450.04800076805 5.998615038385718e-09
66500.04800076805 9.80037552729495e-09
66550.04800076805 1.1140776077102537e-08
66600.04800076805 8.41572608388484e-09
66650.04800076805 4.695095431821334e-09
66700.04800076805 3.3492349003011185e-09
66750.04800076805 3.729528602504493e-09
66800.04800076805 4.5070527888854915e-09
66850.04800076805 2.7007869735389054e-09
66900.04800076805 1.284205270401271e-08
66950.04800076805 1.2166422873862082e-08
67000.04800076805 1.2497126457838649e-08
67050.04800076805 6.799619060862469e-09
67100.04800076805 3.1742442582909278e-09
67150.04800076805 4.146919024450585e-09
67200.04800076805 7.199860748973525e-09
67250.04800076805 6.761575126155867e-09
67300.04800076805 1.2971446143494059e-08
67350.04800076805 5.454161254250208e-09
67400.04800076805 1.4301540997985834e-08
67450.04800076805 7.794775349556638e-09
67500.04800076805 7.104142493490791e-09
67550.04800076805 1.7530186494631704e-08
67600.04800076805 2.8880080918027755e-08
67650.04800076805 2.0849853724744466e-08
67700.04800076805 9.943602747005816e-09
67750.04800076805 5.473362169930342e-09
67800.04800076805 8.730580186972361e-09
67850.04800076805 3.2455613065855684e-09
67900.04800076805 4.076088103267419e-09
67950.04800076805 3.3931862416969223e-09
68000.04800076805 8.455491808583157e-09
68050.04800076805 1.2445476675548205e-08
68100.04800076805 2.0812192551570312e-08
68150.04800076805 1.6244995771804933e-08
68200.04800076805 1.0517221832118055e-08
68250.04800076805 1.6637282014320499e-09
68300.04800076805 1.071861501967413e-08
68350.04800076805 9.381114062734602e-09
68400.04800076805 2.3194555288172822e-08
68450.04800076805 1.7762662963029146e-08
68500.04800076805 9.51408523480916e-09
68550.04800076805 3.1806769828579624e-09
68600.04800076805 3.1986783459360007e-09
68650.04800076805 1.4118572298322825e-09
68700.04800076805 4.8139592236011465e-09
68750.04800076805 9.89921777718462e-09
68800.04800076805 1.1487424361077428e-08
68850.04800076805 3.774323099173188e-09
68900.04800076805 1.8315075386479604e-08
68950.04800076805 1.8883101900218967e-08
69000.04800076805 1.1472554444511717e-08
69050.04800076805 4.872477098437267e-09
69100.04800076805 1.6229118347168997e-08
69150.04800076805 2.536569618790858e-08
69200.04800076805 1.89546351934948e-08
69250.04800076805 2.488939783329608e-08
69300.04800076805 1.2017483537522365e-08
69350.04800076805 2.9680703671911298e-08
69400.04800076805 8.871218447957648e-09
69450.04800076805 2.539049928869518e-08
69500.04800076805 1.0919847356833359e-08
69550.04800076805 7.588558800510998e-09
69600.04800076805 1.6662763823108053e-09
69650.04800076805 7.546550635307063e-09
69700.04800076805 1.5656159275379532e-08
69750.04800076805 9.811522367040372e-09
69800.04800076805 1.81463448061911e-08
69850.04800076805 1.7896590905225437e-08
69900.04800076805 9.814660985781563e-09
69950.04800076805 9.773579780577288e-09
70000.04800076805 1.1916438679886662e-08
70050.04800076805 2.538708317024195e-08
70100.04800076805 1.8775464881900976e-08
70150.04800076805 1.1862444947774958e-08
70200.04800076805 7.924167195825721e-09
70250.04800076805 1.1788701791432425e-08
70300.04800076805 2.402981392820575e-08
70350.04800076805 1.674610442674324e-08
70400.04800076805 7.353428145684287e-09
70450.04800076805 9.005676520745428e-10
70500.04800076805 6.028242678346416e-09
70550.04800076805 6.435997838053284e-09
70600.04800076805 6.239155173987188e-09
70650.04800076805 1.9107546393042222e-08
70700.04800076805 1.902633702228653e-08
70750.04800076805 2.9243654032620512e-08
70800.04800076805 1.1277060596613777e-08
70850.04800076805 1.2987473703978948e-08
70900.04800076805 1.6297971117954846e-08
70950.04800076805 2.3793212684761768e-08
71000.04800076805 1.9879052238374102e-08
71050.04800076805 2.077588785903498e-08
71100.04800076805 1.3570765184733028e-08
71150.04800076805 1.0122819010855698e-08
71200.04800076805 9.031502470119604e-09
71250.04800076805 1.6196906141308474e-08
71300.04800076805 2.3540892952155355e-08
71350.04800076805 2.5291694791152074e-08
71400.04800076805 1.7958408993292438e-08
71450.04800076805 6.130890679686758e-09
71500.04800076805 6.962955949067107e-09
71550.04800076805 1.0274631944795186e-08
71600.04800076805 1.0773941512542105e-08
71650.04800076805 7.017904466032675e-09
71700.04800076805 4.701000984060224e-09
71750.04800076805 1.220069594536224e-08
71800.04800076805 1.9657421655437123e-08
71850.04800076805 1.8516214760584024e-08
71900.04800076805 8.783106976831723e-09
71950.04800076805 1.3456959640531605e-08
72000.04800076805 1.2094449099984781e-08
72050.04800076805 5.476129360818e-09
72100.04800076805 6.567507723039957e-09
72150.04800076805 6.573690686934099e-09
72200.04800076805 1.3992633350682918e-08
72250.04800076805 1.9182327462598287e-08
72300.04800076805 1.1566766045781621e-08
72350.04800076805 1.5604817179347075e-08
72400.04800076805 1.2521427065229273e-08
72450.04800076805 8.962062621128868e-09
72500.04800076805 1.3359103990780146e-08
72550.04800076805 4.515783992916078e-09
72600.04800076805 8.695023142363946e-09
72650.04800076805 1.730654862955076e-08
72700.04800076805 9.445688871534362e-09
72750.04800076805 9.652217789246823e-09
72800.04800076805 5.1595301697888034e-09
72850.04800076805 7.59540961730152e-09
72900.04800076805 1.784131124469175e-08
72950.04800076805 1.0548591179102545e-08
73000.04800076805 1.1203399343410205e-08
73050.04800076805 4.899309879514327e-09
73100.04800076805 6.939033093714395e-09
73150.04800076805 1.841906278193976e-08
73200.04800076805 5.823021829902573e-09
73250.04800076805 8.521782504128108e-09
73300.04800076805 6.066819811554806e-09
73350.04800076805 3.918441815220221e-09
73400.04800076805 8.645085506091942e-09
73450.04800076805 4.227539218623639e-09
73500.04800076805 3.4415322310251096e-09
73550.04800076805 6.6389268275130535e-09
73600.04800076805 6.458667075866991e-09
73650.04800076805 7.833260962579832e-09
73700.04800076805 7.171414955723048e-09
73750.04800076805 2.021980499074227e-09
73800.04800076805 6.528868261688149e-09
73850.04800076805 9.751621257195536e-09
73900.04800076805 4.603948828553625e-09
73950.04800076805 5.200118616075407e-09
74000.04800076805 2.0743291184805003e-09
74050.04800076805 1.1331892973193598e-08
74100.04800076805 7.719150881111828e-09
74150.04800076805 7.53654882541445e-09
74200.04800076805 3.440098128671878e-09
74250.04800076805 5.062669891633754e-10
74300.04800076805 6.653424520639018e-09
74350.04800076805 1.1124691893666038e-08
74400.04800076805 1.0088922945310271e-08
74450.04800076805 3.259895976364812e-09
74500.04800076805 1.65697650356245e-09
74550.04800076805 4.62033562156421e-09
74600.04800076805 6.458733855610196e-09
74650.04800076805 6.7919754703551606e-09
74700.04800076805 4.227020505607648e-09
74750.04800076805 1.9838478987481077e-09
74800.04800076805 3.3242674601122013e-09
74850.04800076805 4.27106427329913e-09
74900.04800076805 1.0051427665770144e-08
74950.04800076805 9.359202425028577e-09
75000.04800076805 3.678032337913025e-09
75050.04800076805 5.389451482510793e-10
75100.04800076805 8.43420442236458e-09
75150.04800076805 1.1552068672268181e-08
75200.04800076805 1.258470987530048e-08
75250.04800076805 1.1646221549936468e-08
75300.04800076805 7.747282741501713e-09
75350.04800076805 1.8775792933559185e-09
75400.04800076805 1.2065097796819283e-08
75450.04800076805 1.158658884375685e-08
75500.04800076805 1.1929601070603838e-08
75550.04800076805 1.0404613242489183e-08
75600.04800076805 1.2256387959116999e-08
75650.04800076805 6.214189119745854e-09
75700.04800076805 1.4826339789241885e-08
75750.04800076805 6.3425391476112046e-09
75800.04800076805 1.1769007206067527e-08
75850.04800076805 1.361893315365441e-08
75900.04800076805 1.4656963340282548e-08
75950.04800076805 5.779798400207205e-09
76000.04800076805 1.625171543914121e-08
76050.04800076805 1.6298067815373764e-08
76100.04800076805 1.338320770246924e-08
76150.04800076805 1.5549409077566924e-08
76200.04800076805 1.3112004290621241e-08
76250.04800076805 6.516658924690876e-09
76300.04800076805 2.0171130894394792e-08
76350.04800076805 2.4662862332239574e-08
76400.04800076805 1.963722424042916e-08
76450.04800076805 1.417957888780377e-08
76500.04800076805 8.248449847799234e-09
76550.04800076805 2.850705739854848e-09
76600.04800076805 5.054583463367318e-10
76650.04800076805 5.083313324175967e-10
76700.04800076805 9.424255703040506e-10
76750.04800076805 1.1640723949054749e-09
76800.04800076805 2.650563744040786e-09
76850.04800076805 7.835166995505116e-10
76900.04800076805 7.92073514334099e-10
76950.04800076805 3.053676997171482e-09
77000.04800076805 5.676650335694632e-09
77050.04800076805 8.917979706319014e-10
77100.04800076805 8.458183274974342e-10
77150.04800076805 6.612816095719696e-09
77200.04800076805 3.251708405634824e-09
77250.04800076805 2.168816532476779e-09
77300.04800076805 5.724587437189777e-09
77350.04800076805 2.145017183029887e-09
77400.04800076805 2.1870508083825934e-09
77450.04800076805 7.157917757493416e-09
77500.04800076805 5.268389044558792e-09
77550.04800076805 3.728067169892376e-09
77600.04800076805 1.6026632379218676e-09
77650.04800076805 2.4102313245017687e-09
77700.04800076805 1.931497664400174e-09
77750.04800076805 7.518897111349406e-09
77800.04800076805 8.244475867312389e-09
77850.04800076805 1.55894485354198e-08
77900.04800076805 6.113492555869461e-09
77950.04800076805 9.692816700625472e-10
78000.04800076805 3.626150467779217e-09
78050.04800076805 5.998801630899746e-09
78100.04800076805 6.556886320355778e-09
78150.04800076805 1.3484756829037558e-08
78200.04800076805 1.3400005597122815e-08
78250.04800076805 1.1328039290670514e-08
78300.04800076805 4.200800258171874e-09
78350.04800076805 9.532651322521722e-09
78400.04800076805 3.2874541411678976e-09
78450.04800076805 8.822729202843162e-09
78500.04800076805 1.3312150036427362e-08
78550.04800076805 2.059918865815739e-08
78600.04800076805 1.3681273452129855e-08
78650.04800076805 1.248984083747553e-09
78700.04800076805 2.9688330728126107e-09
78750.04800076805 5.634523640467813e-09
78800.04800076805 6.01001574699353e-09
78850.04800076805 1.8245880341098125e-09
78900.04800076805 7.031788004453206e-09
78950.04800076805 1.2127142236333376e-08
79000.04800076805 8.849459724125303e-09
79050.04800076805 5.74064142326287e-09
79100.04800076805 7.179570495572965e-09
79150.04800076805 6.603060029924088e-09
79200.04800076805 9.099014805901198e-09
79250.04800076805 4.113579430249962e-09
79300.04800076805 3.7057456133371643e-09
79350.04800076805 6.477715350555196e-09
79400.04800076805 3.7235206596455453e-09
79450.04800076805 1.2869135399478075e-08
79500.04800076805 1.977166175519618e-08
79550.04800076805 1.2645443733115115e-08
79600.04800076805 6.099797958386393e-09
79650.04800076805 1.1286477532487983e-08
79700.04800076805 9.200169892082948e-09
79750.04800076805 8.892652138377416e-09
79800.04800076805 3.5180557658321667e-09
79850.04800076805 1.083207512545556e-08
79900.04800076805 2.0198643717651586e-08
79950.04800076805 1.5898042972067644e-08
