galfind/configs/Brown_Dwarf_templates/sonora_cholla/logkzz4/56g/600K_56g_logkzz4_resample.dat
# %ECSV 1.0
# ---
# datatype:
# - {name: wav, unit: Angstrom, datatype: float64}
# - {name: flux_nu, unit: erg / (cm2 Hz s), datatype: float64}
# schema: astropy-2.0
wav flux_nu
3000.0480007680403 nan
3050.0480007680403 0.0
3100.0480007680403 0.0
3150.0480007680403 0.0
3200.0480007680403 0.0
3250.0480007680403 0.0
3300.0480007680403 0.0
3350.0480007680403 0.0
3400.0480007680403 0.0
3450.0480007680403 0.0
3500.0480007680403 0.0
3550.0480007680403 0.0
3600.0480007680403 0.0
3650.0480007680403 0.0
3700.0480007680403 0.0
3750.0480007680403 0.0
3800.0480007680403 0.0
3850.0480007680403 0.0
3900.0480007680403 0.0
3950.0480007680403 0.0
4000.0480007680403 0.0
4050.0480007680403 0.0
4100.04800076804 0.0
4150.04800076804 0.0
4200.04800076804 0.0
4250.04800076804 0.0
4300.04800076804 0.0
4350.04800076804 0.0
4400.04800076804 0.0
4450.04800076804 0.0
4500.04800076804 0.0
4550.04800076804 0.0
4600.04800076804 0.0
4650.04800076804 0.0
4700.04800076804 0.0
4750.04800076804 0.0
4800.04800076804 0.0
4850.04800076804 0.0
4900.04800076804 0.0
4950.04800076804 0.0
5000.04800076804 1.3613419310130168e-12
5050.04800076804 3.675304611685538e-12
5100.04800076804 4.343742467198555e-12
5150.04800076804 5.174958407819926e-12
5200.04800076804 6.1510944691946465e-12
5250.04800076804 7.254904477526146e-12
5300.04800076804 8.50704174282864e-12
5350.04800076804 9.928122526714425e-12
5400.04800076804 1.1457669670610949e-11
5450.04800076804 1.322324796486287e-11
5500.04800076804 1.5215397292745874e-11
5550.04800076804 1.7398337912101885e-11
5600.04800076804 1.9673468334332086e-11
5650.04800076804 2.1893730715104408e-11
5700.04800076804 2.3468591179962582e-11
5750.04800076804 2.4856212800714943e-11
5800.04800076804 2.4403995699025427e-11
5850.04800076804 2.0492445599127442e-11
5900.04800076804 6.2385718428516825e-12
5950.04800076804 1.1228915059467976e-11
6000.04800076804 3.541152680016219e-11
6050.04800076804 5.5148933802599295e-11
6100.04800076804 7.332250196150791e-11
6150.04800076804 9.04341193964112e-11
6200.04800076804 1.0730688708702285e-10
6250.04800076804 1.2361163367238416e-10
6300.04800076804 1.4232775445468004e-10
6350.04800076804 1.6234115313387142e-10
6400.04800076804 1.8333335882391375e-10
6450.04800076804 1.9570557968455118e-10
6500.04800076804 2.2028482731221988e-10
6550.04800076804 2.510726018992949e-10
6600.04800076804 2.8560779548902665e-10
6650.04800076804 3.257557335037271e-10
6700.04800076804 3.726403303024447e-10
6750.04800076804 4.2129928746570893e-10
6800.04800076804 4.720282304128674e-10
6850.04800076804 5.266031147983812e-10
6900.04800076804 5.335416224252635e-10
6950.04800076804 5.271564835603524e-10
7000.04800076804 6.06978720546031e-10
7050.04800076804 6.283437022919935e-10
7100.04800076804 6.766004317863274e-10
7150.04800076804 5.615762625884175e-10
7200.04800076804 5.206650799961687e-10
7250.04800076804 6.175300687810465e-10
7300.04800076804 6.528919276572087e-10
7350.04800076804 7.66863943329881e-10
7400.04800076804 8.777139429661892e-10
7450.04800076804 1.0562449548045491e-09
7500.04800076804 1.2068336915576975e-09
7550.04800076804 1.3606196728122377e-09
7600.04800076804 1.5009197376446608e-09
7650.04800076804 1.607115232825761e-09
7700.04800076804 1.135762430363339e-09
7750.04800076804 5.551348402760913e-10
7800.04800076804 1.8335072661694362e-09
7850.04800076804 2.0326123226808664e-09
7900.04800076804 2.244728165077691e-09
7950.04800076804 2.4557681172439016e-09
8000.04800076804 2.5254748926852157e-09
8050.04800076804 2.598328372963397e-09
8100.04800076804 1.9522879514470564e-09
8150.04800076804 1.7861150029046028e-09
8200.04800076804 2.422254686920512e-09
8250.04800076804 2.3991970966465706e-09
8300.04800076804 2.652348361082173e-09
8350.04800076804 2.4760429498042334e-09
8400.04800076804 2.5866533737936503e-09
8450.04800076804 3.026659738157397e-09
8500.04800076804 3.431091824111784e-09
8550.04800076804 3.91897709523112e-09
8600.04800076804 4.4308374586031254e-09
8650.04800076804 4.772399460974574e-09
8700.04800076804 4.716506929754562e-09
8750.04800076804 4.971978765976296e-09
8800.04800076804 4.781188170956739e-09
8850.04800076804 3.492021898583731e-09
8900.04800076804 8.465696220988972e-10
8950.04800076804 9.822408465801865e-10
9000.04800076804 7.052547059472723e-10
9050.04800076804 2.06116358855046e-09
9100.04800076804 2.446858267099082e-09
9150.04800076804 2.3306949102069818e-09
9200.04800076804 3.4984769573953867e-09
9250.04800076804 2.8855173031062995e-09
9300.04800076804 2.8881085605373783e-10
9350.04800076804 3.520211755943594e-10
9400.04800076804 7.687222122446252e-10
9450.04800076804 9.394722707668916e-10
9500.04800076804 7.469013486250617e-10
9550.04800076804 8.799002268273719e-10
9600.04800076804 7.542160396749227e-10
9650.04800076804 1.0674600991628671e-09
9700.04800076804 1.7554869337426778e-09
9750.04800076804 1.641511113819215e-09
9800.04800076804 1.9819268558078247e-09
9850.04800076804 2.233048025444224e-09
9900.04800076804 3.084933713021285e-09
9950.04800076804 2.9139678294004306e-09
10000.04800076804 4.00816414413164e-09
10050.04800076804 4.222301233019653e-09
10100.04800076804 5.711556781340517e-09
10150.04800076804 6.879473488331992e-09
10200.04800076804 8.549886428925592e-09
10250.04800076804 1.0110332335343845e-08
10300.04800076804 1.1923055960196185e-08
10350.04800076804 1.4269077809029808e-08
10400.04800076804 1.8020718950209467e-08
10450.04800076804 2.0415643581457977e-08
10500.04800076804 2.2593763264748106e-08
10550.04800076804 2.4988297136544163e-08
10600.04800076804 2.521854551671368e-08
10650.04800076804 2.594151079737396e-08
10700.04800076804 2.4801346724284075e-08
10750.04800076804 2.47716839243982e-08
10800.04800076804 2.227252567623404e-08
10850.04800076804 1.9254212606152295e-08
10900.04800076804 1.2351243395903682e-08
10950.04800076804 5.236112987234996e-09
11000.04800076804 3.1005941520860817e-09
11050.04800076804 1.7692314030475773e-09
11100.04800076804 9.673848569469657e-10
11150.04800076804 3.9318636822813604e-10
11200.04800076804 2.4907893685087865e-10
11250.04800076804 3.147445518352155e-10
11300.04800076804 4.854566988356173e-10
11350.04800076804 1.4368421582699553e-10
11400.04800076804 4.475637247360546e-10
11450.04800076804 3.275794979660299e-10
11500.04800076804 2.2607586742668148e-10
11550.04800076804 5.1364038471246516e-11
11600.04800076804 4.4289695762611464e-11
11650.04800076804 1.5978424605074114e-10
11700.04800076804 1.8582380387617086e-10
11750.04800076804 3.124128017349571e-11
11800.04800076804 2.4167937883516407e-10
11850.04800076804 5.012685001686236e-10
11900.04800076804 5.771566297932e-10
11950.04800076804 1.0263103304756621e-09
12000.04800076804 1.9793910759953333e-09
12050.04800076804 3.418753021400661e-09
12100.04800076804 5.725535504449462e-09
12150.04800076804 8.515350650009672e-09
12200.04800076804 1.1134287455939002e-08
12250.04800076804 1.5725290475095943e-08
12300.04800076804 2.1227647848060474e-08
12350.04800076804 2.2462527243290457e-08
12400.04800076804 3.1038303730686954e-08
12450.04800076804 3.997180604136916e-08
12500.04800076804 4.486931293561793e-08
12550.04800076804 5.0084255746445746e-08
12600.04800076804 5.098402816936897e-08
12650.04800076804 4.9270765931475104e-08
12700.04800076804 4.8131856938790654e-08
12750.04800076804 4.1046922504664505e-08
12800.04800076804 3.6375955114937854e-08
12850.04800076804 2.5857928902866993e-08
12900.04800076804 1.9539949162974025e-08
12950.04800076804 1.6321930370892934e-08
13000.04800076804 1.5348691890472626e-08
13050.04800076804 1.0403903299060003e-08
13100.04800076804 8.803746071750039e-09
13150.04800076804 5.987947514907661e-09
13200.04800076804 5.405218266223524e-09
13250.04800076804 3.730517441565269e-09
13300.04800076804 1.3048417689543652e-09
13350.04800076804 3.874033621952832e-10
13400.04800076804 2.102236823270843e-10
13450.04800076804 6.57044597580984e-11
13500.04800076804 2.5471424159447673e-11
13550.04800076804 1.2444601744381406e-11
13600.04800076804 2.458020789168562e-12
13650.04800076804 2.0721124812000717e-11
13700.04800076804 1.2307527517771067e-11
13750.04800076804 1.872802304018717e-11
13800.04800076804 1.6335293666016883e-11
13850.04800076804 1.0831555082647235e-11
13900.04800076804 1.4973474696814657e-11
13950.04800076804 1.1288148568924527e-11
14000.04800076804 1.2687907613496879e-11
14050.04800076804 2.28916533641566e-11
14100.04800076804 2.4943499184231983e-11
14150.04800076804 5.08846217392105e-11
14200.04800076804 2.944958555657579e-11
14250.04800076804 4.239716143809721e-11
14300.04800076804 1.1747113313759582e-10
14350.04800076804 1.1190097619246421e-10
14400.04800076804 1.2802229022846628e-10
14450.04800076804 1.8101326993815632e-10
14500.04800076804 4.548025987004781e-10
14550.04800076804 4.992880483906085e-10
14600.04800076804 8.235256454351496e-10
14650.04800076804 8.242065072055465e-10
14700.04800076804 4.810766820351425e-10
14750.04800076804 7.448135170252839e-10
14800.04800076804 1.0069699506768197e-09
14850.04800076804 1.0460453255876966e-09
14900.04800076804 1.3239727823688287e-09
14950.04800076804 1.7955742736023927e-09
15000.04800076804 2.4179608901081198e-09
15050.04800076804 2.5002889174316704e-09
15100.04800076804 3.155653773918977e-09
15150.04800076804 3.0792729431286735e-09
15200.04800076804 3.4488835195541494e-09
15250.04800076804 5.434247445527901e-09
15300.04800076804 6.731996636401928e-09
15350.04800076804 8.975399458179901e-09
15400.04800076804 1.026687979013428e-08
15450.04800076804 1.1855670363661022e-08
15500.04800076804 1.2983039381775618e-08
15550.04800076804 1.6344445129150416e-08
15600.04800076804 1.82789495476773e-08
15650.04800076804 1.9304296191178473e-08
15700.04800076804 2.386775796424673e-08
15750.04800076804 2.6280559194313385e-08
15800.04800076804 2.6241435221869034e-08
15850.04800076804 2.8029930808145484e-08
15900.04800076804 2.3280408674185377e-08
15950.04800076804 2.0521185110810457e-08
16000.04800076804 1.4252950518286875e-08
16050.04800076804 7.938628891341952e-09
16100.04800076804 4.9708647007140556e-09
16150.04800076804 2.468915520383257e-09
16200.04800076804 1.3466969255102864e-09
16250.04800076804 1.0862418270918038e-09
16300.04800076804 6.240551678904028e-10
16350.04800076804 7.673242216467056e-10
16400.04800076804 8.961576949436852e-10
16450.04800076804 9.052128288161201e-10
16500.04800076804 8.917657407941302e-10
16550.04800076804 8.357060447886071e-10
16600.04800076804 1.088733874738914e-09
16650.04800076804 7.850436510014663e-10
16700.04800076804 1.117673955341816e-10
16750.04800076804 3.948325281526026e-10
16800.04800076804 6.974249189473947e-10
16850.04800076804 7.988845523557617e-10
16900.04800076804 4.2857883940928725e-10
16950.04800076804 2.925869868686129e-10
17000.04800076804 1.6442627977820175e-10
17050.04800076804 2.679822093966399e-10
17100.04800076804 4.5251441119937944e-10
17150.04800076804 2.135029931183035e-10
17200.04800076804 8.545701537510949e-10
17250.04800076804 4.590231724445263e-10
17300.04800076804 2.586871219748151e-10
17350.04800076804 3.2200550976821677e-10
17400.04800076804 4.785271814213042e-10
17450.04800076804 6.959922135351933e-10
17500.04800076804 1.012832895931644e-09
17550.04800076804 8.215073601634668e-10
17600.04800076804 5.660346840624674e-10
17650.04800076804 4.90750461802736e-10
17700.04800076804 3.873960805694733e-10
17750.04800076804 3.914546728571367e-10
17800.04800076804 7.512830560008357e-10
17850.04800076804 4.0300528017385444e-10
17900.04800076804 3.459245474344401e-10
17950.04800076804 1.9892860459159492e-10
18000.04800076804 3.1886043775213727e-10
18050.04800076804 3.8559591840195997e-10
18100.04800076804 3.13763496285768e-10
18150.04800076804 4.4342970198247926e-10
18200.04800076804 2.422612897973494e-10
18250.04800076804 7.848475698486842e-10
18300.04800076804 2.679654525232398e-10
18350.04800076804 1.8955909671594998e-10
18400.04800076804 1.3110698728432956e-10
18450.04800076804 4.818967063632255e-10
18500.04800076804 5.173677288708715e-10
18550.04800076804 3.195016850537465e-10
18600.04800076804 4.3141293121486904e-10
18650.04800076804 2.7621640421153993e-10
18700.04800076804 1.2515708895656873e-10
18750.04800076804 2.471617201686839e-10
18800.04800076804 1.179183220267992e-09
18850.04800076804 1.0130232432131846e-09
18900.04800076804 9.130399211638633e-10
18950.04800076804 1.6607407879067187e-09
19000.04800076804 6.237478489088205e-10
19050.04800076804 3.8331592573416547e-10
19100.04800076804 1.024195149859044e-09
19150.04800076804 5.004179183441156e-10
19200.04800076804 9.505914171349378e-10
19250.04800076804 7.353515442120634e-10
19300.04800076804 4.5506989957606175e-10
19350.04800076804 6.084518145741052e-10
19400.04800076804 3.9505358088884007e-10
19450.04800076804 8.84269583125666e-10
19500.04800076804 7.175585186741418e-10
19550.04800076804 6.486716921396474e-10
19600.04800076804 1.1009333517727058e-09
19650.04800076804 1.1865113560328134e-09
19700.04800076804 1.2748160232253466e-09
19750.04800076804 1.6782296841268638e-09
19800.04800076804 2.0580865713033563e-09
19850.04800076804 2.675814825990811e-09
19900.04800076804 2.4320719558065656e-09
19950.04800076804 3.6166995044592115e-09
20000.04800076804 3.749921481277669e-09
20050.04800076804 3.6500719007622314e-09
20100.04800076804 4.637869399874522e-09
20150.04800076804 3.6404078741807653e-09
20200.04800076804 3.97091820991047e-09
20250.04800076804 5.353341498214185e-09
20300.04800076804 5.112964468889253e-09
20350.04800076804 5.917383410825306e-09
20400.04800076804 5.18634204967056e-09
20450.04800076804 7.063683325375333e-09
20500.04800076804 7.100306190837759e-09
20550.04800076804 7.2123021112849636e-09
20600.04800076804 7.770068553096677e-09
20650.04800076804 7.567799789927391e-09
20700.04800076804 7.618519989464716e-09
20750.04800076804 8.232115859293535e-09
20800.04800076804 7.53988556435273e-09
20850.04800076804 7.788867951761289e-09
20900.04800076804 7.951726209005358e-09
20950.04800076804 7.159684059640409e-09
21000.04800076804 7.2509664091258105e-09
21050.04800076804 6.706210526720452e-09
21100.04800076804 6.347528258885448e-09
21150.04800076804 6.198766089393508e-09
21200.04800076804 5.7655531410967465e-09
21250.04800076804 5.345708341168621e-09
21300.04800076804 4.399789598506154e-09
21350.04800076804 4.428810497670142e-09
21400.04800076804 4.076619321085051e-09
21450.04800076804 3.2478695806365565e-09
21500.04800076804 3.354627685045309e-09
21550.04800076804 3.091152116916665e-09
21600.04800076804 2.6073246500156857e-09
21650.04800076804 2.144703883258073e-09
21700.04800076804 2.1409255188985865e-09
21750.04800076804 2.3848809942371167e-09
21800.04800076804 1.9923973536639033e-09
21850.04800076804 1.7233554221188591e-09
21900.04800076804 1.3563385342650044e-09
21950.04800076804 3.6287824566030223e-10
22000.04800076804 9.189049064426825e-11
22050.04800076804 1.372009665318702e-10
22100.04800076804 3.935356983742129e-10
22150.04800076804 4.3190844814229196e-10
22200.04800076804 3.729233171911668e-10
22250.04800076804 3.6400856222519527e-10
22300.04800076804 1.9149332335355161e-10
22350.04800076804 2.4274829459837483e-10
22400.04800076804 1.1780376893253773e-10
22450.04800076804 1.3293061398404974e-10
22500.04800076804 1.2931099271955208e-10
22550.04800076804 5.177647096086439e-11
22600.04800076804 8.659722687674772e-11
22650.04800076804 1.6202317420011945e-10
22700.04800076804 7.489053193468535e-11
22750.04800076804 7.901090162561279e-11
22800.04800076804 9.382119866867192e-11
22850.04800076804 8.19710394015115e-11
22900.04800076804 3.7847861795552725e-11
22950.04800076804 3.1339282878101455e-11
23000.04800076804 7.394119137503477e-11
23050.04800076804 7.82127852595649e-11
23100.04800076804 2.5971199139718803e-10
23150.04800076804 3.1553833488601746e-10
23200.04800076804 2.7658298578092346e-11
23250.04800076804 3.243886945797105e-11
23300.04800076804 6.066907944657774e-11
23350.04800076804 4.2806932283431206e-11
23400.04800076804 8.643152122389473e-11
23450.04800076804 4.872443480909896e-11
23500.04800076804 4.428844876677283e-11
23550.04800076804 8.980669178507253e-11
23600.04800076804 1.054776752281438e-10
23650.04800076804 1.889439810618515e-10
23700.04800076804 4.720217692251151e-11
23750.04800076804 2.9664377811325593e-11
