galfind/configs/Brown_Dwarf_templates/sonora_cholla/logkzz4/56g/650K_56g_logkzz4_resample.dat
# %ECSV 1.0
# ---
# datatype:
# - {name: wav, unit: Angstrom, datatype: float64}
# - {name: flux_nu, unit: erg / (cm2 Hz s), datatype: float64}
# schema: astropy-2.0
wav flux_nu
[from data line 1210]
63500.04800076804 2.7113608901092967e-08
63550.04800076804 3.6385578380125236e-08
63600.04800076804 3.8039468188786363e-08
63650.04800076804 2.113405529347862e-08
63700.04800076804 7.62608524308933e-09
63750.04800076804 1.919940443421178e-08
63800.04800076804 4.5149544844448654e-08
63850.04800076804 3.1848675974892705e-08
63900.04800076804 1.071184395532614e-08
63950.04800076804 2.7243075388009334e-08
64000.04800076804 3.188444103493853e-08
64050.04800076804 1.2515086208370523e-08
64100.04800076804 3.0594124387819447e-09
64150.04800076804 4.901926945898595e-09
64200.04800076804 5.800202229453288e-09
64250.04800076804 1.7636110528930814e-08
64300.04800076804 1.3041799375157593e-08
64350.04800076804 8.985633833628481e-09
64400.04800076804 2.492320298184347e-08
64450.04800076804 2.939648323609102e-08
64500.04800076804 1.0463149026911465e-08
64550.04800076804 2.2199176978159036e-08
64600.04800076804 8.93583100066526e-09
64650.04800076804 1.9368932883816856e-08
64700.04800076804 6.257966910885657e-09
64750.04800076804 1.2186242749802255e-08
64800.04800076804 8.314182571776607e-09
64850.04800076804 5.030711774514117e-09
64900.04800076804 4.908940163460903e-09
64950.04800076804 4.814007520419074e-09
65000.04800076804 7.943336071781895e-09
65050.04800076804 1.2950011922390873e-08
65100.04800076804 2.1353090683131928e-08
65150.04800076804 8.057242165218033e-09
65200.04800076804 4.3047504595601864e-09
65250.04800076804 1.6187160411460418e-08
65300.04800076804 1.3721466052894957e-08
65350.04800076804 3.77070998784924e-08
65400.04800076804 1.4075987808146726e-08
65450.04800076804 1.4822200408837486e-08
65500.04800076804 1.876236699393113e-08
65550.04800076805 7.444091515011109e-09
65600.04800076805 1.7050659755235975e-08
65650.04800076805 1.104050798045153e-08
65700.04800076805 1.0043759852305304e-08
65750.04800076805 6.68212589657614e-09
65800.04800076805 1.483429349903175e-08
65850.04800076805 2.0003390072127498e-08
65900.04800076805 5.7019591601175825e-09
65950.04800076805 9.724288928898244e-09
66000.04800076805 1.3510817771324025e-08
66050.04800076805 3.219447157673403e-08
66100.04800076805 1.5817343785653008e-08
66150.04800076805 1.2854714609973466e-08
66200.04800076805 1.2625984922854153e-08
66250.04800076805 8.594300873142232e-09
66300.04800076805 3.1947147414055925e-09
66350.04800076805 3.0062123563242607e-09
66400.04800076805 6.069906530699615e-09
66450.04800076805 1.8458887798510632e-08
66500.04800076805 2.7742756656244507e-08
66550.04800076805 2.983454646338688e-08
66600.04800076805 2.22218063702808e-08
66650.04800076805 1.4662097516571581e-08
66700.04800076805 1.1611295811909653e-08
66750.04800076805 1.1373258282111925e-08
66800.04800076805 1.45925220738954e-08
66850.04800076805 8.733160554008595e-09
66900.04800076805 3.174130288479731e-08
66950.04800076805 3.1521313334683085e-08
67000.04800076805 3.1398153795657084e-08
67050.04800076805 1.787566082539669e-08
67100.04800076805 9.752210415536815e-09
67150.04800076805 1.0978896440403813e-08
67200.04800076805 1.864348097106946e-08
67250.04800076805 1.7966034354210853e-08
67300.04800076805 2.74053505336501e-08
67350.04800076805 1.2732857246549752e-08
67400.04800076805 3.3261330924108785e-08
67450.04800076805 2.039627984091728e-08
67500.04800076805 1.8069814185587654e-08
67550.04800076805 3.47833092742928e-08
67600.04800076805 5.957229252811678e-08
67650.04800076805 4.343265009635188e-08
67700.04800076805 2.3286104515258415e-08
67750.04800076805 1.5351994840452245e-08
67800.04800076805 2.3969420675820374e-08
67850.04800076805 9.842761716912961e-09
67900.04800076805 1.2725546986477432e-08
67950.04800076805 9.916425570085176e-09
68000.04800076805 2.12574572156394e-08
68050.04800076805 3.077254631364765e-08
68100.04800076805 4.474599641260118e-08
68150.04800076805 3.4403890290954474e-08
68200.04800076805 2.7095225971780457e-08
68250.04800076805 5.770247662755093e-09
68300.04800076805 2.5994216945692182e-08
68350.04800076805 1.5943589480091758e-08
68400.04800076805 4.876919957466854e-08
68450.04800076805 3.8741648686193385e-08
68500.04800076805 2.4580830725194715e-08
68550.04800076805 1.0049929639849967e-08
68600.04800076805 1.048238779422346e-08
68650.04800076805 5.044963333119013e-09
68700.04800076805 1.3756955617431325e-08
68750.04800076805 2.3985386778487134e-08
68800.04800076805 2.811648138450294e-08
68850.04800076805 9.765939912015305e-09
68900.04800076805 4.106973821724862e-08
68950.04800076805 3.922700871291901e-08
69000.04800076805 2.758605830638878e-08
69050.04800076805 1.3368480950681975e-08
69100.04800076805 3.855606342887168e-08
69150.04800076805 5.509073215814673e-08
69200.04800076805 3.624127399177367e-08
69250.04800076805 5.312167577258355e-08
69300.04800076805 2.77699257610474e-08
69350.04800076805 5.654270455316488e-08
69400.04800076805 1.7359363530709678e-08
69450.04800076805 5.00940466624353e-08
69500.04800076805 2.375663599880114e-08
69550.04800076805 1.9713100968724776e-08
69600.04800076805 5.206654797164691e-09
69650.04800076805 1.8447487727917615e-08
69700.04800076805 3.621295691412768e-08
69750.04800076805 2.3282175680895636e-08
69800.04800076805 3.793764278164643e-08
69850.04800076805 3.7421021876090086e-08
69900.04800076805 2.2341687021215017e-08
69950.04800076805 2.350105536104459e-08
70000.04800076805 2.5799353381174023e-08
70050.04800076805 5.21966144351321e-08
70100.04800076805 3.630207405471864e-08
70150.04800076805 2.7675099452692388e-08
70200.04800076805 1.82883413862897e-08
70250.04800076805 2.816222372403261e-08
70300.04800076805 4.899907073313259e-08
70350.04800076805 3.3339440704498676e-08
70400.04800076805 1.7834801426824045e-08
70450.04800076805 3.60483253523843e-09
70500.04800076805 1.4796908288706985e-08
70550.04800076805 1.5420354348315514e-08
70600.04800076805 1.423862407801173e-08
70650.04800076805 3.864373655992905e-08
70700.04800076805 3.705838828350589e-08
70750.04800076805 5.060649376663396e-08
70800.04800076805 2.3111602379463803e-08
70850.04800076805 2.5154992750668007e-08
70900.04800076805 2.825834580667615e-08
70950.04800076805 4.4554715351919825e-08
71000.04800076805 3.7521592663923237e-08
71050.04800076805 3.8483787916833634e-08
71100.04800076805 2.5528832701928037e-08
71150.04800076805 2.3378203067266438e-08
71200.04800076805 2.0218295416717027e-08
71250.04800076805 2.959614967440623e-08
71300.04800076805 4.33437183188555e-08
71350.04800076805 4.674159355992777e-08
71400.04800076805 3.6764396484177464e-08
71450.04800076805 1.488138190599656e-08
71500.04800076805 1.6351889348770244e-08
71550.04800076805 2.2158897809045154e-08
71600.04800076805 2.333511802462099e-08
71650.04800076805 1.7643577388397822e-08
71700.04800076805 1.2380708875699823e-08
71750.04800076805 2.4924894151502582e-08
71800.04800076805 3.861233402334102e-08
71850.04800076805 3.611460419140448e-08
71900.04800076805 1.914458298560326e-08
71950.04800076805 2.4983184322736138e-08
72000.04800076805 2.4317764906680095e-08
72050.04800076805 1.3248753250205672e-08
72100.04800076805 1.4845350524355255e-08
72150.04800076805 1.262953498124402e-08
72200.04800076805 2.6890247977313133e-08
72250.04800076805 3.351568329767722e-08
72300.04800076805 2.3732841239328703e-08
72350.04800076805 3.023205305131817e-08
72400.04800076805 2.273799230711301e-08
72450.04800076805 1.7738717237470875e-08
72500.04800076805 2.5148685775480327e-08
72550.04800076805 9.683522913564349e-09
72600.04800076805 1.6555925886370086e-08
72650.04800076805 3.1833666982277016e-08
72700.04800076805 2.2043359917969173e-08
72750.04800076805 2.1390290813821915e-08
72800.04800076805 1.3296136409950034e-08
72850.04800076805 1.6147817707581176e-08
72900.04800076805 3.2877281144482987e-08
72950.04800076805 2.3214699555909556e-08
73000.04800076805 2.3523655688717343e-08
73050.04800076805 1.2655740958422578e-08
73100.04800076805 1.5234152452547662e-08
73150.04800076805 3.742704067347819e-08
73200.04800076805 1.3051251918837786e-08
73250.04800076805 2.005142037309666e-08
73300.04800076805 1.5710843782694244e-08
73350.04800076805 1.0521351752449423e-08
73400.04800076805 1.9549897422319603e-08
73450.04800076805 1.0519312566182089e-08
73500.04800076805 8.619136794888161e-09
73550.04800076805 1.707607342173346e-08
73600.04800076805 1.346806311864375e-08
73650.04800076805 1.8459946985113132e-08
73700.04800076805 1.8321083957127642e-08
73750.04800076805 6.8807545645311265e-09
73800.04800076805 1.5990724808907603e-08
73850.04800076805 2.1135934274548528e-08
73900.04800076805 1.4074674403394454e-08
73950.04800076805 1.409567294310104e-08
74000.04800076805 7.635673054942966e-09
74050.04800076805 2.7654899978071524e-08
74100.04800076805 1.7886220902867655e-08
74150.04800076805 1.7419963916407468e-08
74200.04800076805 1.1155293966015988e-08
74250.04800076805 2.513545614532391e-09
74300.04800076805 1.5800521437381046e-08
74350.04800076805 2.5393286630253615e-08
74400.04800076805 2.4114190475185435e-08
74450.04800076805 9.17796516928504e-09
74500.04800076805 6.365481152102727e-09
74550.04800076805 1.3492626580555681e-08
74600.04800076805 1.5320131837652613e-08
74650.04800076805 1.5629640097069906e-08
74700.04800076805 9.957439137338454e-09
74750.04800076805 6.87179796257683e-09
74800.04800076805 1.0843819937831833e-08
74850.04800076805 9.220334968147985e-09
74900.04800076805 2.284613063715433e-08
74950.04800076805 2.3642877967623184e-08
75000.04800076805 1.0717035721369823e-08
75050.04800076805 3.7124025951854603e-09
75100.04800076805 2.237601389001595e-08
75150.04800076805 2.4577836257673048e-08
75200.04800076805 2.7279702237031746e-08
75250.04800076805 2.7610398389774524e-08
75300.04800076805 2.170345608560995e-08
75350.04800076805 7.907031255107852e-09
75400.04800076805 2.871293041677201e-08
75450.04800076805 2.473657300360647e-08
75500.04800076805 2.2945726179621788e-08
75550.04800076805 2.480518997081699e-08
75600.04800076805 3.1265232350043165e-08
75650.04800076805 1.660090537114086e-08
75700.04800076805 2.7957050796155615e-08
75750.04800076805 1.3303307614262882e-08
75800.04800076805 2.492750861213936e-08
75850.04800076805 3.0839608278160476e-08
75900.04800076805 3.010280656174826e-08
75950.04800076805 1.4022988580527363e-08
76000.04800076805 3.017737959618853e-08
76050.04800076805 3.144372124959544e-08
76100.04800076805 2.7085265828683824e-08
76150.04800076805 3.1329917275232186e-08
76200.04800076805 2.9413114105742607e-08
76250.04800076805 1.9929912113237048e-08
76300.04800076805 4.230410677967794e-08
76350.04800076805 5.189706822384215e-08
76400.04800076805 4.154059138597298e-08
76450.04800076805 3.410346840514383e-08
76500.04800076805 2.1467648035827102e-08
76550.04800076805 1.0558155006788608e-08
76600.04800076805 2.546710110678507e-09
76650.04800076805 2.9262467335754043e-09
76700.04800076805 4.404813120408278e-09
76750.04800076805 4.394240004767759e-09
76800.04800076805 9.330835287176179e-09
76850.04800076805 2.5087656759567192e-09
76900.04800076805 2.735647708156039e-09
76950.04800076805 8.592845733387182e-09
77000.04800076805 1.2020515602030168e-08
77050.04800076805 4.011319728734932e-09
77100.04800076805 4.488386762265846e-09
77150.04800076805 1.4727312781552505e-08
77200.04800076805 9.014815728871731e-09
77250.04800076805 8.861018798791886e-09
77300.04800076805 1.3163589785649513e-08
77350.04800076805 5.247018721184315e-09
77400.04800076805 5.688553628328636e-09
77450.04800076805 1.1902350669988455e-08
77500.04800076805 1.094313013748479e-08
77550.04800076805 1.02430363797262e-08
77600.04800076805 5.744324048527157e-09
77650.04800076805 8.18642124380027e-09
77700.04800076805 5.482070465444408e-09
77750.04800076805 1.6114064544389635e-08
77800.04800076805 1.6119268171186808e-08
77850.04800076805 3.038280742553619e-08
77900.04800076805 1.5870268593618598e-08
77950.04800076805 4.4249068578595956e-09
78000.04800076805 1.0346670061481053e-08
78050.04800076805 1.4646896803837708e-08
78100.04800076805 1.363855067782329e-08
78150.04800076805 2.6803561677971248e-08
78200.04800076805 2.436786076817265e-08
78250.04800076805 2.4559937929833283e-08
78300.04800076805 1.4933424173236632e-08
78350.04800076805 2.1942426008255182e-08
78400.04800076805 9.933019422834367e-09
78450.04800076805 2.3352024374935826e-08
78500.04800076805 2.733344469588036e-08
78550.04800076805 3.733698201445079e-08
78600.04800076805 2.72382500415254e-08
78650.04800076805 4.6482441064671525e-09
78700.04800076805 1.004978422008319e-08
78750.04800076805 1.3564840268724794e-08
78800.04800076805 1.7992911170023503e-08
78850.04800076805 6.7273027523268435e-09
78900.04800076805 1.712432640605094e-08
78950.04800076805 2.4295024903631677e-08
79000.04800076805 1.9847483500620643e-08
79050.04800076805 1.4732283983182406e-08
79100.04800076805 1.6657015784129785e-08
79150.04800076805 1.7415045871451536e-08
79200.04800076805 2.2812928232417196e-08
79250.04800076805 1.3099539829286967e-08
79300.04800076805 9.557440836445084e-09
79350.04800076805 1.6242802309943105e-08
79400.04800076805 1.1272100741194637e-08
79450.04800076805 2.6910952442662578e-08
79500.04800076805 4.1185380282522847e-08
79550.04800076805 2.740123344113607e-08
79600.04800076805 1.4088668672013123e-08
79650.04800076805 2.325859622767618e-08
79700.04800076805 2.237217805435386e-08
79750.04800076805 2.258569959560369e-08
79800.04800076805 1.0096061472334451e-08
79850.04800076805 2.1694388127920583e-08
79900.04800076805 4.161210638688232e-08
79950.04800076805 2.818304157492395e-08
