galfind/configs/Brown_Dwarf_templates/sonora_cholla/logkzz4/56g/700K_56g_logkzz4_resample.dat
# %ECSV 1.0
# ---
# datatype:
# - {name: wav, unit: Angstrom, datatype: float64}
# - {name: flux_nu, unit: erg / (cm2 Hz s), datatype: float64}
# schema: astropy-2.0
wav flux_nu
[from data line 813]
43650.04800076804 1.2872041205183097e-07
43700.04800076804 2.427922191394092e-07
43750.04800076804 2.440669201227969e-07
43800.04800076804 1.7534018188043233e-07
43850.04800076804 1.934782850092301e-07
43900.04800076804 1.537490657910078e-07
43950.04800076804 1.2510186710376442e-07
44000.04800076804 9.209752057421722e-08
44050.04800076804 1.6910550876830742e-07
44100.04800076804 1.8391768554699155e-07
44150.04800076804 1.79854104918948e-07
44200.04800076804 1.5098635398048377e-07
44250.04800076804 1.2098974574121752e-07
44300.04800076804 1.1197557001180956e-07
44350.04800076804 9.685834641418399e-08
44400.04800076804 9.856088153993924e-08
44450.04800076804 1.0513664714974797e-07
44500.04800076804 8.444149078186805e-08
44550.04800076804 1.0132735663454757e-07
44600.04800076804 7.640610331671963e-08
44650.04800076804 8.838661897368252e-08
44700.04800076804 7.403579453428343e-08
44750.04800076804 7.972645035250672e-08
44800.04800076804 6.632914037322699e-08
44850.04800076804 6.51231318107006e-08
44900.04800076804 4.759848944594797e-08
44950.04800076804 4.472811234764071e-08
45000.04800076804 4.690480268371696e-08
45050.04800076804 4.916214147098384e-08
45100.04800076804 4.4490762063932255e-08
45150.04800076804 3.860603641650491e-08
45200.04800076804 2.5172985199986006e-08
45250.04800076804 2.875022910797886e-08
45300.04800076804 3.4902118980483016e-08
45350.04800076804 3.2725879071653246e-08
45400.04800076804 2.271186837603188e-08
45450.04800076804 2.1875981698147876e-08
45500.04800076804 2.383011099896064e-08
45550.04800076804 2.898774436287463e-08
45600.04800076804 2.0023901600021824e-08
45650.04800076804 1.9905555598147185e-08
45700.04800076804 2.7206298824288794e-08
45750.04800076804 2.205853982612452e-08
45800.04800076804 1.6163199618424622e-08
45850.04800076804 2.890665677455524e-08
45900.04800076804 2.832551425154255e-08
45950.04800076804 1.598105868387785e-08
46000.04800076804 2.5725907295846018e-08
46050.04800076804 2.9496485824750092e-08
46100.04800076804 1.634977094488519e-08
46150.04800076804 3.060282506322102e-08
46200.04800076804 2.8974953802193426e-08
46250.04800076804 1.1845057177343478e-08
46300.04800076804 3.545992774052585e-08
46350.04800076804 2.4609675906226702e-08
46400.04800076804 2.939677843084265e-08
46450.04800076804 4.6807074837406306e-08
46500.04800076804 2.8240498531727305e-08
46550.04800076804 4.925130329391223e-08
46600.04800076804 5.048796370914339e-08
46650.04800076804 1.0312264979170974e-07
46700.04800076804 6.598738116779573e-08
46750.04800076804 4.41520568653317e-08
46800.04800076804 2.9124031067689298e-08
46850.04800076804 4.755676968539565e-08
46900.04800076804 3.8401831861923175e-08
46950.04800076804 5.96193643734402e-08
47000.04800076804 2.412607656536987e-08
47050.04800076804 5.928630869223294e-08
47100.04800076804 2.0020086269395256e-08
47150.04800076804 3.061217576705852e-08
47200.04800076804 3.747801157788859e-08
47250.04800076804 2.213816367521912e-08
47300.04800076804 2.9727276822468543e-08
47350.04800076804 1.914377921668255e-08
47400.04800076804 4.574913875156558e-08
47450.04800076804 1.7875415136580456e-08
47500.04800076804 5.3095352995718325e-08
47550.04800076804 2.052658713839091e-08
47600.04800076804 4.970860117290926e-08
47650.04800076804 2.28425245865002e-08
47700.04800076804 4.777452532978859e-08
47750.04800076804 1.8748612119062293e-08
47800.04800076804 4.2964785086394445e-08
47850.04800076804 2.0899710806360078e-08
47900.04800076804 3.632848025243645e-08
47950.04800076804 2.7610441747716556e-08
48000.04800076804 6.23381150300205e-08
48050.04800076804 3.6640416827983517e-08
48100.04800076804 5.1769396978890135e-08
48150.04800076804 3.7825718161246976e-08
48200.04800076804 5.970033029815963e-08
48250.04800076804 4.00668184662205e-08
48300.04800076804 8.074586204353657e-08
48350.04800076804 3.77040131506695e-08
48400.04800076804 4.4663643527046344e-08
48450.04800076804 3.594677254772005e-08
48500.04800076804 7.540463494679415e-08
48550.04800076804 3.1889170222753204e-08
48600.04800076804 6.962295764621655e-08
48650.04800076804 3.7768138041367536e-08
48700.04800076804 8.107872842166249e-08
48750.04800076804 4.406556849820778e-08
48800.04800076804 7.98857288710346e-08
48850.04800076804 5.7861856679307354e-08
48900.04800076804 8.111015558454916e-08
48950.04800076804 7.347958581924677e-08
49000.04800076804 5.516094019817906e-08
49050.04800076804 8.404216071709423e-08
49100.04800076804 5.5438137688511304e-08
49150.04800076804 1.0553101470965525e-07
49200.04800076804 6.201743420931095e-08
49250.04800076804 1.1195691810637111e-07
49300.04800076804 7.055448328978952e-08
49350.04800076804 6.479523232566622e-08
49400.04800076804 8.381103229322002e-08
49450.04800076804 8.587307264015579e-08
49500.04800076804 7.334260219972915e-08
49550.04800076804 3.0762188272288755e-08
49600.04800076804 7.797455819338771e-08
49650.04800076804 7.713554876514026e-08
49700.04800076804 7.224468592854029e-08
49750.04800076804 1.270508565343909e-07
49800.04800076804 6.465320324067726e-08
49850.04800076804 1.536682434867181e-07
49900.04800076804 1.0659565120120883e-07
49950.04800076804 1.223981314033963e-07
50000.04800076804 1.2139158878742167e-07
50050.04800076804 1.256092615379675e-07
50100.04800076804 1.3664793680004763e-07
50150.04800076804 5.510277037845909e-08
50200.04800076804 2.6364352860437525e-08
50250.04800076804 9.793594242279518e-08
50300.04800076804 7.025967899776626e-08
50350.04800076804 1.144364501348685e-07
50400.04800076804 1.1142219764373264e-07
50450.04800076804 1.0664117434714928e-07
50500.04800076804 1.4229315757004952e-07
50550.04800076804 1.1776246222635844e-07
50600.04800076804 1.2533014327979982e-07
50650.04800076804 1.2505735438009028e-07
50700.04800076804 1.720466946155604e-07
50750.04800076804 1.45702295369879e-07
50800.04800076804 5.620157103069195e-08
50850.04800076804 4.603387984064173e-08
50900.04800076804 1.3849484811536885e-07
50950.04800076804 1.3973189201427036e-07
51000.04800076804 1.0570562332459825e-07
51050.04800076804 1.219151033614302e-07
51100.04800076804 4.8830278519608944e-08
51150.04800076804 8.157968714805664e-08
51200.04800076804 1.6484257540926028e-07
51250.04800076804 1.2720103061725652e-07
51300.04800076804 8.228926797737224e-08
51350.04800076804 1.0542495469672606e-07
51400.04800076804 5.317235596346436e-08
51450.04800076804 4.50190348482727e-08
51500.04800076804 4.019290246252155e-08
51550.04800076804 1.046440133556698e-07
51600.04800076804 7.669642188531833e-08
51650.04800076804 1.1396054465993844e-07
51700.04800076804 1.108514121379173e-07
51750.04800076804 7.213115031886812e-08
51800.04800076804 1.5187181277398052e-07
51850.04800076804 1.199732210177671e-07
51900.04800076804 1.542748001176059e-07
51950.04800076804 1.049696259594518e-07
52000.04800076804 2.019655683833808e-08
52050.04800076804 6.203540242858973e-08
52100.04800076804 4.8488034713387223e-08
52150.04800076804 3.160057862251405e-08
52200.04800076804 4.504569991748373e-08
52250.04800076804 7.827358403860336e-08
52300.04800076804 1.2994415980962237e-07
52350.04800076804 5.9577696254607855e-08
52400.04800076804 5.139319823587974e-08
52450.04800076804 1.22257209680597e-07
52500.04800076804 1.0993286586982749e-07
52550.04800076804 1.083249902533141e-07
52600.04800076804 7.844350693616251e-08
52650.04800076804 8.438812183912873e-08
52700.04800076804 7.501154826146157e-08
52750.04800076804 4.635008383515066e-08
52800.04800076804 5.472544375892836e-08
52850.04800076804 7.096049032591893e-08
52900.04800076804 4.140662195042929e-08
52950.04800076804 4.6929338053436144e-08
53000.04800076804 1.1910639024548205e-07
53050.04800076804 3.6422542085170216e-08
53100.04800076804 1.125863993251214e-07
53150.04800076804 1.3690516551502484e-07
53200.04800076804 5.6435755122487503e-08
53250.04800076804 1.281665164355156e-07
53300.04800076804 1.2814234934273084e-07
53350.04800076804 1.2313035453752126e-07
53400.04800076804 1.0709701498699382e-07
53450.04800076804 3.235363949304e-08
53500.04800076804 1.3594523519038318e-08
53550.04800076804 2.8441685498059492e-08
53600.04800076804 6.617419035113916e-08
53650.04800076804 6.453748008278955e-08
53700.04800076804 5.2486985843892993e-08
53750.04800076804 5.2169369406132344e-08
53800.04800076804 4.960150102851838e-08
53850.04800076804 7.289688616041838e-08
53900.04800076804 8.60265482672258e-08
53950.04800076804 1.0667968538868617e-07
54000.04800076804 6.597218779564043e-08
54050.04800076804 7.532393740670543e-08
54100.04800076804 2.267059286856857e-08
54150.04800076804 3.658856752136147e-08
54200.04800076804 9.695216782579971e-09
54250.04800076804 1.836804375398023e-08
54300.04800076804 4.532404770973549e-08
54350.04800076804 6.238083842758803e-08
54400.04800076804 5.996045441702134e-08
54450.04800076804 4.87483132037009e-08
54500.04800076804 4.124701927945789e-08
54550.04800076804 3.887093694630053e-08
54600.04800076804 4.517354275337309e-08
54650.04800076804 1.2077172309368376e-08
54700.04800076804 5.2573356277988734e-08
54750.04800076804 5.0200506140023455e-08
54800.04800076804 2.9575761090584062e-08
54850.04800076804 4.452878327108068e-08
54900.04800076804 6.623813447030817e-08
54950.04800076804 9.664723639126183e-08
55000.04800076804 2.812289327896737e-08
55050.04800076804 5.581238739639681e-08
55100.04800076804 5.664364281110875e-08
55150.04800076804 3.2250206987245256e-08
55200.04800076804 3.0427011033432535e-08
55250.04800076804 4.386762267478313e-08
55300.04800076804 2.7547527939392405e-08
55350.04800076804 6.01440622156144e-08
55400.04800076804 7.227741024171664e-08
55450.04800076804 3.975801234378007e-08
55500.04800076804 1.6486443552915955e-08
55550.04800076804 2.0725029548445186e-08
55600.04800076804 2.7535927072146563e-08
55650.04800076804 2.6257342796862443e-08
55700.04800076804 2.9796673398813092e-08
55750.04800076804 2.92535719537596e-08
55800.04800076804 1.4933594028803173e-08
55850.04800076804 1.856223836651291e-08
55900.04800076804 4.7212082899754884e-08
55950.04800076804 6.495081676030443e-08
56000.04800076804 2.286814581682311e-08
56050.04800076804 3.271992743995655e-08
56100.04800076804 4.7892471665659004e-08
56150.04800076804 2.4267273208951245e-08
56200.04800076804 3.343853523545263e-08
56250.04800076804 4.804453726950063e-08
56300.04800076804 3.7684880603126036e-08
56350.04800076804 3.0401923927127445e-08
56400.04800076804 1.2291975228301469e-08
56450.04800076804 1.1493457416293e-08
56500.04800076804 2.2640726580454172e-08
56550.04800076804 1.2415004824115462e-08
56600.04800076804 4.241881296405118e-08
56650.04800076804 4.523428373464792e-08
56700.04800076804 3.976972693943582e-08
56750.04800076804 1.3246935244950133e-08
56800.04800076804 3.9007866385650803e-08
56850.04800076804 3.624812552962155e-08
56900.04800076804 1.8721869329269005e-08
56950.04800076804 4.2072979245780644e-08
57000.04800076804 5.2310554252733834e-08
57050.04800076804 2.4342884146104036e-08
57100.04800076804 8.773685796541672e-09
57150.04800076804 1.499494073611808e-08
57200.04800076804 1.3060821799176826e-08
57250.04800076804 1.7881734640101113e-08
57300.04800076804 3.183259083495247e-08
57350.04800076804 1.4401545717302593e-08
57400.04800076804 3.405092545336995e-08
57450.04800076804 2.1431406251092292e-08
57500.04800076804 2.2682502714467294e-08
57550.04800076804 3.296668395303338e-08
57600.04800076804 3.152427740072079e-08
57650.04800076804 6.916589413972361e-09
57700.04800076804 1.1911800401161137e-08
57750.04800076804 2.1151916727393924e-08
57800.04800076804 8.288460464384434e-09
57850.04800076804 6.22112308134275e-08
57900.04800076804 6.898756635055265e-08
57950.04800076804 6.656384327605333e-08
58000.04800076804 2.2297973468274085e-08
58050.04800076804 3.8042866755823634e-08
58100.04800076804 4.005532523266302e-08
58150.04800076804 2.404293753092283e-08
58200.04800076804 7.338257547902442e-09
58250.04800076804 1.1537206403321493e-08
58300.04800076804 1.1365098731994963e-08
58350.04800076804 1.6132635470250298e-08
58400.04800076804 3.324879746317061e-08
58450.04800076804 3.576439492140138e-08
58500.04800076804 3.302932195161428e-08
58550.04800076804 3.237600820725441e-08
58600.04800076804 1.3095734594673268e-08
58650.04800076804 1.7180904633525884e-08
58700.04800076804 2.4164134819660757e-08
58750.04800076804 2.0312822645270593e-08
58800.04800076804 4.328137718886803e-09
58850.04800076804 1.6176889255556286e-08
58900.04800076804 2.3974101573060854e-08
58950.04800076804 1.002622416525149e-08
59000.04800076804 2.4640043764289986e-08
59050.04800076804 3.504879075017358e-08
59100.04800076804 3.445432357783679e-08
59150.04800076804 2.460548539555949e-08
59200.04800076804 2.982505289084917e-08
59250.04800076804 3.208528769029391e-08
59300.04800076804 2.4937451271401888e-08
59350.04800076804 6.1661165728793785e-09
59400.04800076804 5.7345695922890826e-09
59450.04800076804 2.625623008128993e-08
59500.04800076804 1.3118845347730515e-08
59550.04800076804 2.999117007267142e-08
59600.04800076804 3.634004446580365e-08
59650.04800076804 2.012121843015869e-08
59700.04800076804 1.3410994902413695e-08
59750.04800076804 4.180754255766777e-08
59800.04800076804 1.9644383347553705e-08
59850.04800076804 2.893729806024515e-08
59900.04800076804 9.940817918578916e-09
59950.04800076804 2.1577593569786397e-08
60000.04800076804 5.167096477876347e-08
60050.04800076804 4.4696382397718485e-08
60100.04800076804 4.024861410540169e-08
60150.04800076804 1.918566237000848e-08
60200.04800076804 3.589762704358146e-08
60250.04800076804 5.019219510042553e-08
60300.04800076804 4.57473462436585e-08
60350.04800076804 2.9278491361308498e-08
60400.04800076804 3.115991128241753e-08
60450.04800076804 8.790048510520393e-09
60500.04800076804 3.589686925323914e-09
60550.04800076804 2.794810344027891e-08
60600.04800076804 3.5538760737441516e-08
60650.04800076804 2.267808954528379e-08
60700.04800076804 1.532727326579261e-08
60750.04800076804 8.934091839027252e-09
60800.04800076804 3.3537702923107124e-08
60850.04800076804 6.5204565834155e-08
60900.04800076804 6.043620534966537e-08
60950.04800076804 4.8507171913582636e-08
61000.04800076804 3.769840581513866e-08
61050.04800076804 1.6534500313157724e-08
61100.04800076804 2.1901456627786666e-08
61150.04800076804 7.1715695224565504e-09
61200.04800076804 3.6218590250991205e-08
61250.04800076804 5.2428862580915353e-08
61300.04800076804 4.842943975354972e-08
61350.04800076804 6.8086792115602e-08
61400.04800076804 2.887700720564647e-08
61450.04800076804 1.0488217245224928e-08
61500.04800076804 1.8850052083908126e-08
61550.04800076804 2.633687676410889e-08
61600.04800076804 1.2224762120748839e-08
61650.04800076804 2.86903420473345e-08
61700.04800076804 2.6970464274328612e-08
61750.04800076804 3.0441480118089775e-08
61800.04800076804 2.9903987657789243e-08
61850.04800076804 1.1065713424827663e-08
61900.04800076804 4.512683157616025e-08
61950.04800076804 4.214203000779274e-08
62000.04800076804 5.879636785726049e-08
62050.04800076804 4.8457633839999306e-08
62100.04800076804 3.9976979208567806e-08
62150.04800076804 5.7757737307514047e-08
62200.04800076804 4.8570511674504993e-08
62250.04800076804 4.2894757771362716e-08
62300.04800076804 8.321619228197382e-08
62350.04800076804 6.065443136197144e-08
62400.04800076804 2.3259141085305858e-08
62450.04800076804 4.228772798551005e-08
62500.04800076804 7.719926732312141e-08
62550.04800076804 6.686974515274192e-08
62600.04800076804 7.52077782103834e-08
62650.04800076804 5.164759276153064e-08
62700.04800076804 5.0635789367996415e-08
62750.04800076804 7.237676682277173e-08
62800.04800076804 4.043388852277564e-08
62850.04800076804 6.519297177283927e-08
62900.04800076804 4.118296560275743e-08
62950.04800076804 7.639146503953446e-08
63000.04800076804 5.499418554203764e-08
63050.04800076804 8.873799601800499e-08
63100.04800076804 8.220937793826351e-08
63150.04800076804 6.085530119666036e-08
63200.04800076804 7.173555400956383e-08
63250.04800076804 4.824703816029881e-08
63300.04800076804 5.694027812473296e-08
63350.04800076804 5.1219529902925273e-08
63400.04800076804 2.1541391184689767e-08
