galfind/configs/Brown_Dwarf_templates/sonora_cholla/logkzz4/56g/700K_56g_logkzz4_resample.dat
# %ECSV 1.0
# ---
# datatype:
# - {name: wav, unit: Angstrom, datatype: float64}
# - {name: flux_nu, unit: erg / (cm2 Hz s), datatype: float64}
# schema: astropy-2.0
wav flux_nu
[from data line 417]
23850.04800076804 4.708271499826623e-10
23900.04800076804 9.57415555247532e-10
23950.04800076804 8.974330802588408e-10
24000.04800076804 1.2645495073687129e-09
24050.04800076804 1.7749322282995123e-09
24100.04800076804 1.4069100084941174e-09
24150.04800076804 1.7366932351969663e-09
24200.04800076804 1.5019648038478983e-09
24250.04800076804 9.884786104837688e-10
24300.04800076804 1.8286849388537072e-09
24350.04800076804 1.370793349555548e-09
24400.04800076804 2.6057791012261693e-09
24450.04800076804 2.4673231472046162e-09
24500.04800076804 2.7343608535019373e-09
24550.04800076804 3.481308479943976e-09
24600.04800076804 4.246129677739494e-09
24650.04800076804 4.619623905973347e-09
24700.04800076804 3.667291802623974e-09
24750.04800076804 3.6927771515562097e-09
24800.04800076804 3.921012500587526e-09
24850.04800076804 5.830436670051742e-09
24900.04800076804 2.910045050747719e-09
24950.04800076804 4.88303918170844e-09
25000.04800076804 5.6075801604557414e-09
25050.04800076804 3.5157039636843915e-09
25100.04800076804 4.652761952201182e-09
25150.04800076804 2.4679558055038105e-09
25200.04800076804 3.8442993214471834e-09
25250.04800076804 1.7478178110709872e-09
25300.04800076804 2.9842330465473716e-09
25350.04800076804 1.2246152901930658e-09
25400.04800076804 2.972902157560424e-09
25450.04800076804 1.4210073966385661e-09
25500.04800076804 1.2166136604731134e-09
25550.04800076804 2.114137091465938e-09
25600.04800076804 6.466322708006262e-10
25650.04800076804 7.136391571661157e-10
25700.04800076804 1.213790671107793e-09
25750.04800076804 4.866661171565088e-10
25800.04800076804 1.6616300703712296e-09
25850.04800076804 4.33847157197838e-10
25900.04800076804 6.757586891544376e-10
25950.04800076804 2.6940606899122685e-10
26000.04800076804 1.5171382283700857e-09
26050.04800076804 4.024352072044411e-10
26100.04800076804 1.3558140286348307e-09
26150.04800076804 8.157240752107646e-10
26200.04800076804 9.125803857613441e-10
26250.04800076804 3.1443362195987074e-09
26300.04800076804 1.2099748070951777e-09
26350.04800076804 3.6915466114817267e-09
26400.04800076804 4.95514206512452e-09
26450.04800076804 4.568023951215589e-09
26500.04800076804 5.249108196413493e-09
26550.04800076804 2.0234293831327712e-09
26600.04800076804 2.057485982837799e-09
26650.04800076804 6.231141611212592e-10
26700.04800076804 2.5697032782462957e-10
26750.04800076804 4.061291819261354e-10
26800.04800076804 7.687504425596745e-10
26850.04800076804 4.668119394793852e-10
26900.04800076804 1.718133083185757e-09
26950.04800076804 6.452326581471256e-10
27000.04800076804 2.4385950205450516e-09
27050.04800076804 2.357713072469935e-09
27100.04800076804 9.055931754027551e-10
27150.04800076804 3.306182625254891e-09
27200.04800076804 7.701537702923375e-10
27250.04800076804 1.72550172236801e-09
27300.04800076804 8.406627340608463e-09
27350.04800076804 3.797207460058072e-09
27400.04800076804 3.6847546051861473e-10
27450.04800076804 5.139710913603095e-09
27500.04800076804 6.263221052251464e-09
27550.04800076804 1.4425948119244843e-09
27600.04800076804 3.4978701502624186e-09
27650.04800076804 1.0905495789088778e-09
27700.04800076804 8.251697015896085e-10
27750.04800076804 3.991051493207111e-09
27800.04800076804 1.4851052069187777e-09
27850.04800076804 1.922645692429483e-09
27900.04800076804 2.59109914190214e-09
27950.04800076804 4.8109582581628275e-09
28000.04800076804 4.182255658474924e-09
28050.04800076804 1.042258160709191e-09
28100.04800076804 6.4909738293501e-09
28150.04800076804 3.7885296423079654e-09
28200.04800076804 1.0294983780399722e-09
28250.04800076804 6.857845994597316e-09
28300.04800076804 1.0335319050301315e-08
28350.04800076804 1.7247328475878104e-09
28400.04800076804 5.508098158022304e-09
28450.04800076804 9.209334564572828e-09
28500.04800076804 5.27081308097131e-09
28550.04800076804 1.3474836230752466e-09
28600.04800076804 7.658469534112094e-09
28650.04800076804 7.898880109195059e-09
28700.04800076804 6.522807601157954e-09
28750.04800076804 1.196197561269522e-08
28800.04800076804 9.621181412928954e-09
28850.04800076804 1.2386487299798364e-08
28900.04800076804 5.0857642624581574e-09
28950.04800076804 1.6048917996102127e-08
29000.04800076804 9.120259567482493e-09
29050.04800076804 1.1231815124996945e-08
29100.04800076804 7.096583282471424e-09
29150.04800076804 1.729531664834041e-08
29200.04800076804 1.0617790236253734e-08
29250.04800076804 1.5367739634007733e-08
29300.04800076804 9.149321013521279e-09
29350.04800076804 3.7539419070801294e-08
29400.04800076804 1.2055903420001984e-08
29450.04800076804 1.4668404447705796e-08
29500.04800076804 1.9889630191374262e-08
29550.04800076804 1.3311920721601128e-08
29600.04800076804 2.15806915038199e-08
29650.04800076804 2.2854703487774044e-08
29700.04800076804 1.2364093442539564e-08
29750.04800076804 1.878762117148109e-08
29800.04800076804 2.2458492382073636e-08
29850.04800076804 2.8452841254442976e-08
29900.04800076804 2.8072720820659643e-08
29950.04800076804 2.0511677604674247e-08
30000.04800076804 1.3187428992420614e-08
30050.04800076804 1.4678764382590134e-08
30100.04800076804 2.19675275954981e-08
30150.04800076804 2.7422911376159988e-08
30200.04800076804 1.8521074926222122e-08
30250.04800076804 3.3937372185529194e-08
30300.04800076804 2.9207983015646357e-08
30350.04800076804 2.1649031537644728e-08
30400.04800076804 2.962535187752581e-08
30450.04800076804 2.214756195055518e-08
30500.04800076804 1.9890570454586133e-08
30550.04800076804 1.7706225440948798e-08
30600.04800076804 2.7384007623050067e-08
30650.04800076804 2.2075159218758073e-08
30700.04800076804 1.7644424066495847e-08
30750.04800076804 1.8764100171237554e-08
30800.04800076804 1.5462472277533976e-08
30850.04800076804 1.7493464194385818e-08
30900.04800076804 1.566328097268593e-08
30950.04800076804 9.815352416482183e-09
31000.04800076804 1.3059940213825477e-08
31050.04800076804 1.2006940147262897e-08
31100.04800076804 7.568010212749411e-09
31150.04800076804 1.0204901202122305e-08
31200.04800076804 1.13768475635565e-08
31250.04800076804 7.539424518597725e-09
31300.04800076804 6.448620281485151e-09
31350.04800076804 7.598719085927643e-09
31400.04800076804 4.007087834448184e-09
31450.04800076804 7.474884557803231e-09
31500.04800076804 3.719243096138696e-09
31550.04800076804 5.2335477811496735e-09
31600.04800076804 3.0397681286582e-09
31650.04800076804 3.2452801851025386e-09
31700.04800076804 3.9236057280609196e-09
31750.04800076804 1.725737089502682e-09
31800.04800076804 3.827086556330827e-09
31850.04800076804 1.88948860999905e-09
31900.04800076804 2.6894807386529807e-09
31950.04800076804 1.8922484807304292e-09
32000.04800076804 2.143904386565547e-09
32050.04800076804 1.4295380075623616e-09
32100.04800076804 1.3276160972756703e-09
32150.04800076804 1.87635376423186e-09
32200.04800076804 1.1190387749547678e-09
32250.04800076804 2.89832026708731e-09
32300.04800076804 8.676070298494818e-10
32350.04800076804 2.896553912913205e-09
32400.04800076804 1.133594789142015e-09
32450.04800076804 1.9543401807760014e-09
32500.04800076804 1.3521781011992324e-09
32550.04800076804 2.162976534407229e-09
32600.04800076804 1.7185336068944064e-09
32650.04800076804 3.5208428748408373e-09
32700.04800076804 2.325825271602528e-09
32750.04800076804 4.7092344915957925e-09
32800.04800076804 2.9187250345460613e-09
32850.04800076804 6.159890557991462e-09
32900.04800076804 5.5523052645674194e-09
32950.04800076804 6.9279236627201756e-09
33000.04800076804 4.333842951941538e-09
33050.04800076804 4.900122887837389e-09
33100.04800076804 1.7051861928579441e-09
33150.04800076804 3.6583943493553565e-11
33200.04800076804 1.2743468785062316e-10
33250.04800076804 9.029203923074344e-11
33300.04800076804 1.8914705972534582e-10
33350.04800076804 6.443879138627167e-10
33400.04800076804 1.379937030547015e-09
33450.04800076804 1.5210246128468373e-09
33500.04800076804 3.1722546600546764e-09
33550.04800076804 2.216310090625885e-09
33600.04800076804 3.4742928243750213e-09
33650.04800076804 2.7507942334168984e-09
33700.04800076804 2.226762468871602e-09
33750.04800076804 4.173101855820669e-09
33800.04800076804 1.5610928285332827e-09
33850.04800076804 2.9587698023885507e-09
33900.04800076804 3.0696812056947275e-09
33950.04800076804 2.9683768653804187e-09
34000.04800076804 4.6046832532831945e-09
34050.04800076804 1.3145000293589802e-09
34100.04800076804 3.968600088099796e-09
34150.04800076804 2.3716689024378985e-09
34200.04800076804 3.6460423626932617e-09
34250.04800076804 2.628194414787807e-09
34300.04800076804 2.4948979324512503e-09
34350.04800076804 4.094544551323596e-09
34400.04800076804 2.5261382670431292e-09
34450.04800076804 4.695162616921541e-09
34500.04800076804 2.372462718613147e-09
34550.04800076804 1.928680645010739e-09
34600.04800076804 5.408233398150468e-09
34650.04800076804 1.974724208183139e-09
34700.04800076804 2.90986741573312e-09
34750.04800076804 2.461193963238529e-09
34800.04800076804 2.3212364974496254e-09
34850.04800076804 4.132198311946214e-09
34900.04800076804 3.694569262506507e-09
34950.04800076804 3.242735427587616e-09
35000.04800076804 6.132175030924209e-09
35050.04800076804 3.975446586597574e-09
35100.04800076804 6.586136611659703e-09
35150.04800076804 5.595930863855451e-09
35200.04800076804 7.857440121860293e-09
35250.04800076804 7.603863589586282e-09
35300.04800076804 5.294528777731734e-09
35350.04800076804 8.263050742208976e-09
35400.04800076804 7.23903273884221e-09
35450.04800076804 6.168543152645177e-09
35500.04800076804 1.4853738215566673e-08
35550.04800076804 8.989540701960776e-09
35600.04800076804 1.0741296554743584e-08
35650.04800076804 1.0716353149551194e-08
35700.04800076804 7.3585699017228056e-09
35750.04800076804 1.6762709549204807e-08
35800.04800076804 1.0875860551506834e-08
35850.04800076804 6.794957110703887e-09
35900.04800076804 1.2029644746141675e-08
35950.04800076804 1.0857685361137373e-08
36000.04800076804 5.290835287542543e-09
36050.04800076804 1.0294115937592229e-08
36100.04800076804 9.768415216465914e-09
36150.04800076804 1.2393648296136303e-08
36200.04800076804 1.0821068383370095e-08
36250.04800076804 1.3632525911246754e-08
36300.04800076804 1.4866865771608898e-08
36350.04800076804 1.2947547642428247e-08
36400.04800076804 2.1066338290746266e-08
36450.04800076804 1.8367446121203293e-08
36500.04800076804 2.064755483636988e-08
36550.04800076804 2.312737735171996e-08
36600.04800076804 2.689439479924137e-08
36650.04800076804 2.7085200467781858e-08
36700.04800076804 3.2406002270927405e-08
36750.04800076804 3.304273998821934e-08
36800.04800076804 2.8235951433058766e-08
36850.04800076804 2.2316747205670236e-08
36900.04800076804 2.9022839299562423e-08
36950.04800076804 2.951914534643835e-08
37000.04800076804 2.8349094138912852e-08
37050.04800076804 3.4164912556338896e-08
37100.04800076804 3.623430927268921e-08
37150.04800076804 3.5279287428948585e-08
37200.04800076804 2.953622736774236e-08
37250.04800076804 2.710768783478325e-08
37300.04800076804 2.731335696804523e-08
37350.04800076804 3.8377056246659136e-08
37400.04800076804 4.084676772475116e-08
37450.04800076804 3.418605580493347e-08
37500.04800076804 3.088798142569626e-08
37550.04800076804 4.896865178059941e-08
37600.04800076804 5.984348024132544e-08
37650.04800076804 3.898984586856254e-08
37700.04800076804 4.635352223482303e-08
37750.04800076804 3.178704604605675e-08
37800.04800076804 3.6813838462531753e-08
37850.04800076804 2.9478182579296245e-08
37900.04800076804 3.6443727264914836e-08
37950.04800076804 4.609765804697094e-08
38000.04800076804 5.868392125515243e-08
38050.04800076804 5.6487006518197826e-08
38100.04800076804 5.792195363014715e-08
38150.04800076804 6.452854735977692e-08
38200.04800076804 6.592663639650814e-08
38250.04800076804 6.549575477561584e-08
38300.04800076804 9.626523517304615e-08
38350.04800076804 8.851347281782012e-08
38400.04800076804 5.10676455327998e-08
38450.04800076804 4.8592361794197224e-08
38500.04800076804 2.8111958328838493e-08
38550.04800076804 4.451792618226234e-08
38600.04800076804 5.4099880539632994e-08
38650.04800076804 7.896874920218858e-08
38700.04800076804 6.458880612755177e-08
38750.04800076804 6.939479181117965e-08
38800.04800076804 5.25810637593236e-08
38850.04800076804 8.532323844272021e-08
38900.04800076804 8.566053871923457e-08
38950.04800076804 6.473131849724667e-08
39000.04800076804 9.905609715202074e-08
39050.04800076804 7.317298499460345e-08
39100.04800076804 9.409143703460069e-08
39150.04800076804 7.999782441745448e-08
39200.04800076804 6.744875746143846e-08
39250.04800076804 9.343045359964858e-08
39300.04800076804 9.024104342554584e-08
39350.04800076804 1.3221014730527062e-07
39400.04800076804 1.0171607310633357e-07
39450.04800076804 1.0688971569407818e-07
39500.04800076804 9.945166086989636e-08
39550.04800076804 9.17714751316385e-08
39600.04800076804 1.1442057044823417e-07
39650.04800076804 1.4300235318613873e-07
39700.04800076804 9.815694895804356e-08
39750.04800076804 7.11576918051521e-08
39800.04800076804 9.448763242774373e-08
39850.04800076804 1.230714421245597e-07
39900.04800076804 1.2980715906096492e-07
39950.04800076804 1.188544733367169e-07
40000.04800076804 1.4976105864777362e-07
40050.04800076804 1.305851149140521e-07
40100.04800076804 8.363960646333701e-08
40150.04800076804 1.560906156574707e-07
40200.04800076804 1.5204204142382879e-07
40250.04800076804 1.4061435058522503e-07
40300.04800076804 1.6414451531520894e-07
40350.04800076804 1.103785092366193e-07
40400.04800076804 1.5220289755063772e-07
40450.04800076804 1.2678346976411423e-07
40500.04800076804 1.7592502537336598e-07
40550.04800076804 1.6246591972310593e-07
40600.04800076804 1.5228173816035614e-07
40650.04800076804 1.5385729806193774e-07
40700.04800076804 2.2082740086681365e-07
40750.04800076804 1.90131380268501e-07
40800.04800076804 1.3488025959334111e-07
40850.04800076804 2.1997449079938286e-07
40900.04800076804 1.746435422239602e-07
40950.04800076804 1.498393767713429e-07
41000.04800076804 1.8153566242488547e-07
41050.04800076804 2.257227121841948e-07
41100.04800076804 1.3391374948060227e-07
41150.04800076804 1.2056733753803906e-07
41200.04800076804 2.3529423854878492e-07
41250.04800076804 1.9132627868576288e-07
41300.04800076804 1.6409067387774572e-07
41350.04800076804 2.418902256663255e-07
41400.04800076804 2.0140351262788207e-07
41450.04800076804 2.26775580325472e-07
41500.04800076804 1.6730094914159275e-07
41550.04800076804 1.613627211614653e-07
41600.04800076804 2.217881123510379e-07
41650.04800076804 2.0920717537227074e-07
41700.04800076804 1.9437578718470108e-07
41750.04800076804 1.7891766938863836e-07
41800.04800076804 2.460416009819266e-07
41850.04800076804 1.512364504307392e-07
41900.04800076804 1.737253715177917e-07
41950.04800076804 1.8880685449375494e-07
42000.04800076804 2.2515177540510895e-07
42050.04800076804 1.9953898490682155e-07
42100.04800076804 2.3819380521259963e-07
42150.04800076804 1.8007237145429442e-07
42200.04800076804 2.0797528025252463e-07
42250.04800076804 1.7363375023142912e-07
42300.04800076804 1.8260218057009298e-07
42350.04800076804 2.0990665059016902e-07
42400.04800076804 1.7776122487190794e-07
42450.04800076804 1.886984107472048e-07
42500.04800076804 1.800436898488294e-07
42550.04800076804 1.7406254244850476e-07
42600.04800076804 1.7762593766539403e-07
42650.04800076804 2.700482901584555e-07
42700.04800076804 1.5978817199801052e-07
42750.04800076804 1.7416973790382677e-07
42800.04800076804 1.5447845097866846e-07
42850.04800076804 1.9946987681152998e-07
42900.04800076804 2.2079044001715942e-07
42950.04800076804 1.660388300115694e-07
43000.04800076804 2.3425134878703725e-07
43050.04800076804 1.1787896371373874e-07
43100.04800076804 1.6195019996486918e-07
43150.04800076804 1.9689278093799638e-07
43200.04800076804 2.1979658655445993e-07
43250.04800076804 2.499225515860894e-07
43300.04800076804 2.7753835800138464e-07
43350.04800076804 1.6437369673719797e-07
43400.04800076804 2.116341140287576e-07
43450.04800076804 1.3816241694764605e-07
43500.04800076804 1.4734861627873217e-07
43550.04800076804 1.625254652348063e-07
