galfind/configs/Brown_Dwarf_templates/sonora_cholla/logkzz4/56g/750K_56g_logkzz4_resample.dat
# %ECSV 1.0
# ---
# datatype:
# - {name: wav, unit: Angstrom, datatype: float64}
# - {name: flux_nu, unit: erg / (cm2 Hz s), datatype: float64}
# schema: astropy-2.0
wav flux_nu
[from data line 814]
43700.04800076804 2.8297531383601856e-07
43750.04800076804 2.8743933192410595e-07
43800.04800076804 2.0803381042888727e-07
43850.04800076804 2.2800056608389826e-07
43900.04800076804 1.8058572868072676e-07
43950.04800076804 1.5436455345817707e-07
44000.04800076804 1.1091752633517866e-07
44050.04800076804 1.9582206502164017e-07
44100.04800076804 2.099147945865219e-07
44150.04800076804 2.06152574769912e-07
44200.04800076804 1.7262634434748815e-07
44250.04800076804 1.446808596918298e-07
44300.04800076804 1.3341371854275673e-07
44350.04800076804 1.1257213701406816e-07
44400.04800076804 1.1655747402438634e-07
44450.04800076804 1.2189065609116334e-07
44500.04800076804 9.641401175361481e-08
44550.04800076804 1.1517808324121752e-07
44600.04800076804 8.851544873729704e-08
44650.04800076804 1.0201648417405373e-07
44700.04800076804 8.745911604110575e-08
44750.04800076804 9.306965436255346e-08
44800.04800076804 7.884411822415157e-08
44850.04800076804 7.63477213120434e-08
44900.04800076804 5.656537746500489e-08
44950.04800076804 5.38766039647243e-08
45000.04800076804 5.592158602350282e-08
45050.04800076804 5.89090613986833e-08
45100.04800076804 5.290709569657421e-08
45150.04800076804 4.694479191288595e-08
45200.04800076804 3.1623370876861196e-08
45250.04800076804 3.588659764498392e-08
45300.04800076804 4.315120412486283e-08
45350.04800076804 4.108829264881883e-08
45400.04800076804 2.8491209596407413e-08
45450.04800076804 2.7910890747965435e-08
45500.04800076804 2.997110134648684e-08
45550.04800076804 3.6871733723478566e-08
45600.04800076804 2.600017819719336e-08
45650.04800076804 2.5794705382443038e-08
45700.04800076804 3.513694653048892e-08
45750.04800076804 2.8717055628825394e-08
45800.04800076804 2.1591861576076055e-08
45850.04800076804 3.772795069452697e-08
45900.04800076804 3.6873003534699e-08
45950.04800076804 2.165554973837628e-08
46000.04800076804 3.371302128288527e-08
46050.04800076804 3.833749075484829e-08
46100.04800076804 2.210744406609579e-08
46150.04800076804 3.959510686928283e-08
46200.04800076804 3.7660388854502275e-08
46250.04800076804 1.6042272943940084e-08
46300.04800076804 4.537424369447196e-08
46350.04800076804 3.1858634383716947e-08
46400.04800076804 3.762118564215114e-08
46450.04800076804 5.875170585052921e-08
46500.04800076804 3.63898932281121e-08
46550.04800076804 6.22198612678101e-08
46600.04800076804 6.372298148403574e-08
46650.04800076804 1.23160976630438e-07
46700.04800076804 8.079067900806595e-08
46750.04800076804 5.5887802920520024e-08
46800.04800076804 3.8359567097514256e-08
46850.04800076804 5.99205363786963e-08
46900.04800076804 4.8769378287238315e-08
46950.04800076804 7.420988432069658e-08
47000.04800076804 3.183362031091335e-08
47050.04800076804 7.499707916954536e-08
47100.04800076804 2.6682177961298556e-08
47150.04800076804 3.9674998187189426e-08
47200.04800076804 4.819495940209492e-08
47250.04800076804 2.9327121688148546e-08
47300.04800076804 3.896256188443132e-08
47350.04800076804 2.5275345016504702e-08
47400.04800076804 5.7807117199565605e-08
47450.04800076804 2.4083067236737155e-08
47500.04800076804 6.6141675531944e-08
47550.04800076804 2.7118224303687388e-08
47600.04800076804 6.210781082055369e-08
47650.04800076804 2.972266314224733e-08
47700.04800076804 5.921657140941434e-08
47750.04800076804 2.4551752750177328e-08
47800.04800076804 5.408030631835098e-08
47850.04800076804 2.6429961190352874e-08
47900.04800076804 4.676222454436232e-08
47950.04800076804 3.499320947147336e-08
48000.04800076804 7.609445229927959e-08
48050.04800076804 4.5346034312825135e-08
48100.04800076804 6.440808813381434e-08
48150.04800076804 4.632925607463199e-08
48200.04800076804 7.300961674346352e-08
48250.04800076804 4.928201717498259e-08
48300.04800076804 9.66519164525257e-08
48350.04800076804 4.608787025877011e-08
48400.04800076804 5.761484229160549e-08
48450.04800076804 4.3638885046046886e-08
48500.04800076804 9.174790948441495e-08
48550.04800076804 3.9146576179347226e-08
48600.04800076804 8.350374820860805e-08
48650.04800076804 4.5121336138407624e-08
48700.04800076804 9.727696944892795e-08
48750.04800076804 5.235916568105972e-08
48800.04800076804 9.411172929209404e-08
48850.04800076804 6.821407292561617e-08
48900.04800076804 9.822199627148456e-08
48950.04800076804 8.791665195393955e-08
49000.04800076804 6.707251674016129e-08
49050.04800076804 9.895826235795758e-08
49100.04800076804 6.414240433261408e-08
49150.04800076804 1.2340490326929134e-07
49200.04800076804 7.246218946717615e-08
49250.04800076804 1.2957421340634177e-07
49300.04800076804 8.322155134784606e-08
49350.04800076804 7.971704908475593e-08
49400.04800076804 1.0174264316280696e-07
49450.04800076804 1.0196640631150984e-07
49500.04800076804 8.997317773952743e-08
49550.04800076804 4.131580998270474e-08
49600.04800076804 9.692810480819901e-08
49650.04800076804 9.179570087771946e-08
49700.04800076804 8.367004900303778e-08
49750.04800076804 1.4980989754748188e-07
49800.04800076804 7.778041399321944e-08
49850.04800076804 1.789287188961641e-07
49900.04800076804 1.2376758885358294e-07
49950.04800076804 1.418972316677483e-07
50000.04800076804 1.4490482314973838e-07
50050.04800076804 1.4553686259407716e-07
50100.04800076804 1.6502572578266908e-07
50150.04800076804 6.752922199246505e-08
50200.04800076804 3.7006380056986295e-08
50250.04800076804 1.2506166068904518e-07
50300.04800076804 8.86546502507487e-08
50350.04800076804 1.3652480178544762e-07
50400.04800076804 1.302840141243986e-07
50450.04800076804 1.2711860321925247e-07
50500.04800076804 1.6560144605704177e-07
50550.04800076804 1.3678376208470427e-07
50600.04800076804 1.5051649004321417e-07
50650.04800076804 1.4518121271962464e-07
50700.04800076804 2.0113307071536868e-07
50750.04800076804 1.7770518199825438e-07
50800.04800076804 7.050504473288075e-08
50850.04800076804 6.379515826077478e-08
50900.04800076804 1.6689775460919324e-07
50950.04800076804 1.6909349898857432e-07
51000.04800076804 1.321836901850151e-07
51050.04800076804 1.4423162044884092e-07
51100.04800076804 6.375003364839481e-08
51150.04800076804 1.0351956255031968e-07
51200.04800076804 1.924365456997865e-07
51250.04800076804 1.5445241910283043e-07
51300.04800076804 9.905285143643644e-08
51350.04800076804 1.2973287420813363e-07
51400.04800076804 7.155916031853779e-08
51450.04800076804 6.097063368481828e-08
51500.04800076804 5.4592612203891716e-08
51550.04800076804 1.3269582887775202e-07
51600.04800076804 9.520609720028101e-08
51650.04800076804 1.3985650556361486e-07
51700.04800076804 1.367409230517661e-07
51750.04800076804 8.996249652125765e-08
51800.04800076804 1.8611399504352466e-07
51850.04800076804 1.4498540194076992e-07
51900.04800076804 1.893535284977603e-07
51950.04800076804 1.3585005986568058e-07
52000.04800076804 2.9579465872783764e-08
52050.04800076804 8.198088043599425e-08
52100.04800076804 6.70126311830728e-08
52150.04800076804 4.587353346839424e-08
52200.04800076804 5.868978180823e-08
52250.04800076804 9.657027606365967e-08
52300.04800076804 1.6227538295590524e-07
52350.04800076804 8.309753320250544e-08
52400.04800076804 6.874464768187771e-08
52450.04800076804 1.49807375547141e-07
52500.04800076804 1.3497086074145979e-07
52550.04800076804 1.346182129537302e-07
52600.04800076804 9.72461446933778e-08
52650.04800076804 1.0645138634086473e-07
52700.04800076804 9.485848367085982e-08
52750.04800076804 6.265959443830166e-08
52800.04800076804 7.174295150329577e-08
52850.04800076804 9.113339440018447e-08
52900.04800076804 5.662717846563396e-08
52950.04800076804 6.202657778137382e-08
53000.04800076804 1.5246859506854553e-07
53050.04800076804 4.882030244782927e-08
53100.04800076804 1.3959273560152523e-07
53150.04800076804 1.6935976299978246e-07
53200.04800076804 7.178626556872586e-08
53250.04800076804 1.579410270755993e-07
53300.04800076804 1.5728776438116145e-07
53350.04800076804 1.502691883600429e-07
53400.04800076804 1.3908850581085224e-07
53450.04800076804 4.564338879628618e-08
53500.04800076804 2.1323767251040394e-08
53550.04800076804 4.269550064150205e-08
53600.04800076804 8.66059686616205e-08
53650.04800076804 8.273603382451885e-08
53700.04800076804 6.859372460291513e-08
53750.04800076804 6.872626591371543e-08
53800.04800076804 6.613655398255765e-08
53850.04800076804 9.592886047436507e-08
53900.04800076804 1.0429880229066212e-07
53950.04800076804 1.3436716306400722e-07
54000.04800076804 8.360158083601192e-08
54050.04800076804 9.537611726711631e-08
54100.04800076804 3.1782394198194115e-08
54150.04800076804 5.078347060269129e-08
54200.04800076804 1.5499522222910636e-08
54250.04800076804 2.6072419765980022e-08
54300.04800076804 6.012559658856735e-08
54350.04800076804 8.197030037208947e-08
54400.04800076804 8.140654281563215e-08
54450.04800076804 6.451181306956781e-08
54500.04800076804 5.5971816285228016e-08
54550.04800076804 5.125538770563387e-08
54600.04800076804 6.256908107903173e-08
54650.04800076804 1.9587987993148605e-08
54700.04800076804 7.312792914430195e-08
54750.04800076804 6.959780455049593e-08
54800.04800076804 4.263033662824925e-08
54850.04800076804 6.113420798683787e-08
54900.04800076804 8.744880057611328e-08
54950.04800076804 1.249698273102393e-07
55000.04800076804 3.894442509558983e-08
55050.04800076804 7.470597039261453e-08
55100.04800076804 7.226516398754097e-08
55150.04800076804 4.428095624671748e-08
55200.04800076804 4.298656502473067e-08
55250.04800076804 5.961311777345883e-08
55300.04800076804 3.822684764168962e-08
55350.04800076804 7.87329754387178e-08
55400.04800076804 9.651910909058862e-08
55450.04800076804 5.4878796526139166e-08
55500.04800076804 2.3974416536594205e-08
55550.04800076804 3.167609865308778e-08
55600.04800076804 3.765048469383818e-08
55650.04800076804 3.6150889618061715e-08
55700.04800076804 4.22954030480016e-08
55750.04800076804 4.2937826231668475e-08
55800.04800076804 2.379854025581289e-08
55850.04800076804 2.6959123781093225e-08
55900.04800076804 6.473360058661649e-08
55950.04800076804 8.68509723073085e-08
56000.04800076804 3.2308136872723004e-08
56050.04800076804 4.642512462785001e-08
56100.04800076804 6.528656477921173e-08
56150.04800076804 3.6028530899040625e-08
56200.04800076804 4.6982822193956636e-08
56250.04800076804 6.264055674699901e-08
56300.04800076804 5.306994446215932e-08
56350.04800076804 4.5576114323586485e-08
56400.04800076804 2.0509344671487737e-08
56450.04800076804 1.880448968037524e-08
56500.04800076804 3.147064612927469e-08
56550.04800076804 1.8768047950833415e-08
56600.04800076804 5.815648115615114e-08
56650.04800076804 5.963052201469357e-08
56700.04800076804 5.591281126255473e-08
56750.04800076804 2.0506459989221055e-08
56800.04800076804 5.762153744419133e-08
56850.04800076804 5.01259112669317e-08
56900.04800076804 2.7380442504937605e-08
56950.04800076804 5.865983249337504e-08
57000.04800076804 7.063526925973011e-08
57050.04800076804 3.540381121207068e-08
57100.04800076804 1.3770633079270426e-08
57150.04800076804 2.3012705310428398e-08
57200.04800076804 1.9995999581194382e-08
57250.04800076804 2.7139399365866985e-08
57300.04800076804 4.6381335916808035e-08
57350.04800076804 2.1840270367326987e-08
57400.04800076804 4.734000641095099e-08
57450.04800076804 3.2847973808296865e-08
57500.04800076804 3.428857076934689e-08
57550.04800076804 4.8798842863912304e-08
57600.04800076804 4.7974461691764504e-08
57650.04800076804 1.1622297710991456e-08
57700.04800076804 1.893139689551579e-08
57750.04800076804 3.126701675923982e-08
57800.04800076804 1.2170202635751132e-08
57850.04800076804 8.400523403868706e-08
57900.04800076804 9.326528755456509e-08
57950.04800076804 8.658912419424338e-08
58000.04800076804 3.175752574681629e-08
58050.04800076804 5.1969078059893957e-08
58100.04800076804 5.721247344676741e-08
58150.04800076804 3.468602902415416e-08
58200.04800076804 1.2597644777609909e-08
58250.04800076804 1.8326511929616693e-08
58300.04800076804 1.7378420238587397e-08
58350.04800076804 2.462662204894307e-08
58400.04800076804 4.639735946653989e-08
58450.04800076804 4.8845882235786254e-08
58500.04800076804 4.4592292866949246e-08
58550.04800076804 4.57338047513961e-08
58600.04800076804 1.9478429951944667e-08
58650.04800076804 2.5825912194264347e-08
58700.04800076804 3.45930826378337e-08
58750.04800076804 3.15361893317936e-08
58800.04800076804 7.894887638657546e-09
58850.04800076804 2.5390683351922384e-08
58900.04800076804 3.731962070611764e-08
58950.04800076804 1.664869420535105e-08
59000.04800076804 3.7644247293748815e-08
59050.04800076804 4.925060806075202e-08
59100.04800076804 5.146443467147926e-08
59150.04800076804 3.6083103775099444e-08
59200.04800076804 4.266824359964153e-08
59250.04800076804 4.644499621415239e-08
59300.04800076804 3.75409055989407e-08
59350.04800076804 1.0911355506317592e-08
59400.04800076804 9.388200551461304e-09
59450.04800076804 3.8349170545679936e-08
59500.04800076804 1.926340164832257e-08
59550.04800076804 4.322146572648134e-08
59600.04800076804 4.9547061703308274e-08
59650.04800076804 3.169109142707403e-08
59700.04800076804 2.0846884374112417e-08
59750.04800076804 6.007515136300321e-08
59800.04800076804 2.9567231891606094e-08
59850.04800076804 4.3605679471504656e-08
59900.04800076804 1.586167257563709e-08
59950.04800076804 3.1701485913052025e-08
60000.04800076804 7.164542023948031e-08
60050.04800076804 6.137827806705569e-08
60100.04800076804 5.828269072464019e-08
60150.04800076804 3.005746638957865e-08
60200.04800076804 4.990286097003926e-08
60250.04800076804 6.709745274227458e-08
60300.04800076804 6.276349258708472e-08
60350.04800076804 4.111205340965074e-08
60400.04800076804 4.562989045272612e-08
60450.04800076804 1.4789385402108308e-08
60500.04800076804 6.646436004960373e-09
60550.04800076804 4.3250862354985166e-08
60600.04800076804 5.103664465890281e-08
60650.04800076804 3.459938822317189e-08
60700.04800076804 2.4018478883817392e-08
60750.04800076804 1.5056207434852136e-08
60800.04800076804 4.941462450817861e-08
60850.04800076804 8.91229729556768e-08
60900.04800076804 8.320372568854071e-08
60950.04800076804 6.876851708911565e-08
61000.04800076804 5.057472215727207e-08
61050.04800076804 2.526471188392828e-08
61100.04800076804 3.438215157887661e-08
61150.04800076804 1.1849351481362718e-08
61200.04800076804 5.4318017310042215e-08
61250.04800076804 7.524192654684803e-08
61300.04800076804 6.834976162829061e-08
61350.04800076804 9.148447442746805e-08
61400.04800076804 4.374205677253211e-08
61450.04800076804 1.7906703102908234e-08
61500.04800076804 3.1090892470751764e-08
61550.04800076804 3.712118332792022e-08
61600.04800076804 1.9652373804986393e-08
61650.04800076804 4.27116185983526e-08
61700.04800076804 3.748025137940477e-08
61750.04800076804 4.344209451408221e-08
61800.04800076804 4.57890021984019e-08
61850.04800076804 1.889825447358272e-08
61900.04800076804 6.401426080054703e-08
61950.04800076804 5.8062667419271924e-08
62000.04800076804 7.782432949576656e-08
62050.04800076804 6.163985912086327e-08
62100.04800076804 5.7521850498560697e-08
62150.04800076804 7.83497875569015e-08
62200.04800076804 6.45876602431078e-08
62250.04800076804 6.011081694427238e-08
62300.04800076804 1.072320580989656e-07
62350.04800076804 7.781730047261726e-08
62400.04800076804 3.211002188984836e-08
62450.04800076804 5.789505113917382e-08
62500.04800076804 9.8745140924122e-08
62550.04800076804 8.655982422763474e-08
62600.04800076804 9.753937836821277e-08
62650.04800076804 6.758360981034192e-08
62700.04800076804 7.077491832495759e-08
62750.04800076804 9.738132770502091e-08
62800.04800076804 5.422738834595385e-08
62850.04800076804 8.49812571781917e-08
62900.04800076804 5.507001261056312e-08
62950.04800076804 9.614385725787533e-08
63000.04800076804 7.18808419718849e-08
63050.04800076804 1.0898975048014586e-07
63100.04800076804 1.0126302436397644e-07
63150.04800076804 7.650832978125499e-08
63200.04800076804 9.40038739825038e-08
63250.04800076804 6.026944965064106e-08
63300.04800076804 7.829117798731214e-08
63350.04800076804 7.142556903293772e-08
63400.04800076804 3.2968829559081844e-08
63450.04800076804 2.0630058013217237e-08
63500.04800076804 5.8788827063447756e-08
