galfind/configs/Brown_Dwarf_templates/sonora_cholla/logkzz4/56g/750K_56g_logkzz4_resample.dat
# %ECSV 1.0
# ---
# datatype:
# - {name: wav, unit: Angstrom, datatype: float64}
# - {name: flux_nu, unit: erg / (cm2 Hz s), datatype: float64}
# schema: astropy-2.0
wav flux_nu
[from data line 418]
23900.04800076804 1.8180138611837447e-09
23950.04800076804 1.7608219737184653e-09
24000.04800076804 2.3877666484565596e-09
24050.04800076804 3.3248700484064807e-09
24100.04800076804 2.5858606931962407e-09
24150.04800076804 3.089440113857319e-09
24200.04800076804 2.8008474455942937e-09
24250.04800076804 1.8932420089521793e-09
24300.04800076804 3.2415735910526346e-09
24350.04800076804 2.501506368106639e-09
24400.04800076804 4.610930662014562e-09
24450.04800076804 4.187716034328114e-09
24500.04800076804 4.776252324207346e-09
24550.04800076804 5.739526699694012e-09
24600.04800076804 6.919575058076943e-09
24650.04800076804 7.55047302251997e-09
24700.04800076804 6.022989905038753e-09
24750.04800076804 5.85413954047839e-09
24800.04800076804 6.40723745452442e-09
24850.04800076804 9.445105486430858e-09
24900.04800076804 4.849935318803284e-09
24950.04800076804 7.87875997139777e-09
25000.04800076804 9.066493468607952e-09
25050.04800076804 5.824536628281427e-09
25100.04800076804 7.589543593652243e-09
25150.04800076804 4.1954863252924816e-09
25200.04800076804 6.461294401051671e-09
25250.04800076804 3.0843387981633097e-09
25300.04800076804 5.293138755307673e-09
25350.04800076804 2.219858854249915e-09
25400.04800076804 5.146818441032313e-09
25450.04800076804 2.621275554135574e-09
25500.04800076804 2.3311001341279794e-09
25550.04800076804 3.768801489456645e-09
25600.04800076804 1.3241914772156633e-09
25650.04800076804 1.4162166791535153e-09
25700.04800076804 2.5716924478419513e-09
25750.04800076804 1.0566823396138144e-09
25800.04800076804 3.200176190616411e-09
25850.04800076804 9.579821988018377e-10
25900.04800076804 1.431631653051777e-09
25950.04800076804 6.491178996920119e-10
26000.04800076804 2.9904521728687208e-09
26050.04800076804 9.582635854484757e-10
26100.04800076804 2.7843636741131458e-09
26150.04800076804 1.7928703957887083e-09
26200.04800076804 2.0503203936676252e-09
26250.04800076804 5.71379632649347e-09
26300.04800076804 2.497782374372546e-09
26350.04800076804 6.624220036517113e-09
26400.04800076804 8.495829363215234e-09
26450.04800076804 8.186428056641406e-09
26500.04800076804 8.574590304813638e-09
26550.04800076804 4.021389506045956e-09
26600.04800076804 4.1380121334581986e-09
26650.04800076804 1.4178927947380448e-09
26700.04800076804 6.262242293861769e-10
26750.04800076804 8.969023713848657e-10
26800.04800076804 1.6395318859024014e-09
26850.04800076804 9.626420265922697e-10
26900.04800076804 3.221734907052414e-09
26950.04800076804 1.2941209258907837e-09
27000.04800076804 4.445311389439105e-09
27050.04800076804 4.211410997258772e-09
27100.04800076804 1.901278739973879e-09
27150.04800076804 5.927483540596455e-09
27200.04800076804 1.6516151677264706e-09
27250.04800076804 3.3252184298887265e-09
27300.04800076804 1.4033182252947173e-08
27350.04800076804 6.914177773326168e-09
27400.04800076804 8.306651597216671e-10
27450.04800076804 9.262728299725132e-09
27500.04800076804 1.0777032506919751e-08
27550.04800076804 2.95442656553306e-09
27600.04800076804 6.717836026774111e-09
27650.04800076804 2.2228656767506877e-09
27700.04800076804 1.6867791033842612e-09
27750.04800076804 7.3595382100450905e-09
27800.04800076804 2.8775052224140238e-09
27850.04800076804 3.6047502606997546e-09
27900.04800076804 4.844946759200809e-09
27950.04800076804 8.161314031496727e-09
28000.04800076804 7.416982632040716e-09
28050.04800076804 2.035787290825768e-09
28100.04800076804 1.106603041285769e-08
28150.04800076804 6.624048610712728e-09
28200.04800076804 1.93087690523476e-09
28250.04800076804 1.1567396089079342e-08
28300.04800076804 1.718738773198135e-08
28350.04800076804 3.120729445878563e-09
28400.04800076804 9.33436375663033e-09
28450.04800076804 1.440730871741178e-08
28500.04800076804 8.909465966283814e-09
28550.04800076804 2.4315543512810067e-09
28600.04800076804 1.255041062594498e-08
28650.04800076804 1.2811298888370526e-08
28700.04800076804 1.059381388680758e-08
28750.04800076804 1.8437574634217133e-08
28800.04800076804 1.491301841234045e-08
28850.04800076804 1.958586902368406e-08
28900.04800076804 7.954180462653736e-09
28950.04800076804 2.4057031070449085e-08
29000.04800076804 1.4008572446462736e-08
29050.04800076804 1.7403888243782996e-08
29100.04800076804 1.050820947923975e-08
29150.04800076804 2.5894452700622973e-08
29200.04800076804 1.589869304930071e-08
29250.04800076804 2.332892939726197e-08
29300.04800076804 1.3775564250705926e-08
29350.04800076804 5.339818289625961e-08
29400.04800076804 1.955205460696481e-08
29450.04800076804 2.2813513604769883e-08
29500.04800076804 2.8938817050184657e-08
29550.04800076804 2.0344356813842816e-08
29600.04800076804 3.2100523969620976e-08
29650.04800076804 3.225110843449024e-08
29700.04800076804 1.9426541953379408e-08
29750.04800076804 2.7852720633297773e-08
29800.04800076804 3.392502145809636e-08
29850.04800076804 4.0682475033190194e-08
29900.04800076804 3.947179787727724e-08
29950.04800076804 2.949250870891802e-08
30000.04800076804 2.2350273818338478e-08
30050.04800076804 2.2746798603655368e-08
30100.04800076804 3.234428428152646e-08
30150.04800076804 3.977159725589027e-08
30200.04800076804 2.7751320238247598e-08
30250.04800076804 4.706394139284361e-08
30300.04800076804 4.0217395931663614e-08
30350.04800076804 3.1183126936423685e-08
30400.04800076804 4.105791593113297e-08
30450.04800076804 3.095038354306138e-08
30500.04800076804 2.8240466542236763e-08
30550.04800076804 2.639998506425963e-08
30600.04800076804 3.703032669956126e-08
30650.04800076804 3.069661539724326e-08
30700.04800076804 2.5085514189241535e-08
30750.04800076804 2.5350243688563323e-08
30800.04800076804 2.2101620010554943e-08
30850.04800076804 2.374495270888499e-08
30900.04800076804 2.1756985241513286e-08
30950.04800076804 1.4228080068964098e-08
31000.04800076804 1.8037969669325126e-08
31050.04800076804 1.7017960715720885e-08
31100.04800076804 1.0790343305752965e-08
31150.04800076804 1.4448602411856777e-08
31200.04800076804 1.5529131668133602e-08
31250.04800076804 1.0672802885676991e-08
31300.04800076804 9.450297163699845e-09
31350.04800076804 1.0586032378525839e-08
31400.04800076804 5.731886804587915e-09
31450.04800076804 1.0634718502260971e-08
31500.04800076804 5.557369509212485e-09
31550.04800076804 7.939066445154768e-09
31600.04800076804 4.649325103477219e-09
31650.04800076804 4.996044618607502e-09
31700.04800076804 5.935492041900971e-09
31750.04800076804 2.867112608393448e-09
31800.04800076804 5.7507467738125454e-09
31850.04800076804 3.3390421871908145e-09
31900.04800076804 4.201748685172603e-09
31950.04800076804 3.1965303485185287e-09
32000.04800076804 3.6500938495949844e-09
32050.04800076804 2.3742903515999e-09
32100.04800076804 2.299685363991308e-09
32150.04800076804 3.1673301126238003e-09
32200.04800076804 1.994885467323599e-09
32250.04800076804 4.713002256565557e-09
32300.04800076804 1.5381258080662419e-09
32350.04800076804 4.772041053912965e-09
32400.04800076804 2.1607107359654374e-09
32450.04800076804 3.4212354977857474e-09
32500.04800076804 2.4394889914772553e-09
32550.04800076804 3.715484875638979e-09
32600.04800076804 3.2368207257438304e-09
32650.04800076804 5.849843555831414e-09
32700.04800076804 4.1215485132313954e-09
32750.04800076804 7.443315798459489e-09
32800.04800076804 4.7063639630933066e-09
32850.04800076804 9.268260293588062e-09
32900.04800076804 8.633227813731034e-09
32950.04800076804 1.0461186189137256e-08
33000.04800076804 7.108965602892614e-09
33050.04800076804 7.850662973408923e-09
33100.04800076804 2.8531992707375087e-09
33150.04800076804 1.167028880455875e-10
33200.04800076804 2.928871548049514e-10
33250.04800076804 1.760400887700777e-10
33300.04800076804 3.2143208981651164e-10
33350.04800076804 1.0112429502136029e-09
33400.04800076804 2.0198619752738347e-09
33450.04800076804 2.469874071447271e-09
33500.04800076804 4.533839276514913e-09
33550.04800076804 3.5113490430281533e-09
33600.04800076804 5.6348896463824696e-09
33650.04800076804 4.575945673090795e-09
33700.04800076804 3.840622617981425e-09
33750.04800076804 6.568361746174351e-09
33800.04800076804 2.9242307742299058e-09
33850.04800076804 4.980352727746164e-09
33900.04800076804 5.005198696293387e-09
33950.04800076804 4.9900069649328774e-09
34000.04800076804 7.2903923310063834e-09
34050.04800076804 2.303929587372844e-09
34100.04800076804 6.396322490414454e-09
34150.04800076804 4.054172849728485e-09
34200.04800076804 5.9194143072135084e-09
34250.04800076804 4.273893654613151e-09
34300.04800076804 3.981768444553202e-09
34350.04800076804 6.248522248823168e-09
34400.04800076804 4.2050008872374855e-09
34450.04800076804 7.3655090836194294e-09
34500.04800076804 4.0039549658313216e-09
34550.04800076804 3.228457495427368e-09
34600.04800076804 8.103677819372794e-09
34650.04800076804 3.378226431296091e-09
34700.04800076804 4.633172204669808e-09
34750.04800076804 3.932951419065883e-09
34800.04800076804 3.5904570272577563e-09
34850.04800076804 6.094799299174804e-09
34900.04800076804 6.057480008575094e-09
34950.04800076804 5.130234875900367e-09
35000.04800076804 8.764472022340486e-09
35050.04800076804 6.0530084425825315e-09
35100.04800076804 9.554623594407213e-09
35150.04800076804 8.323261785352324e-09
35200.04800076804 1.1847324308778444e-08
35250.04800076804 1.0988697678275267e-08
35300.04800076804 7.819836712299298e-09
35350.04800076804 1.2086458315136896e-08
35400.04800076804 1.100631543112466e-08
35450.04800076804 9.52581371790393e-09
35500.04800076804 2.0587069157057716e-08
35550.04800076804 1.335816485493859e-08
35600.04800076804 1.5447644021972458e-08
35650.04800076804 1.51359459852122e-08
35700.04800076804 1.049418423894613e-08
35750.04800076804 2.3398780565447014e-08
35800.04800076804 1.5926080757762668e-08
35850.04800076804 1.0312810599022365e-08
35900.04800076804 1.790416020853013e-08
35950.04800076804 1.6180669619285235e-08
36000.04800076804 8.332609682789965e-09
36050.04800076804 1.5477389830558188e-08
36100.04800076804 1.5060745814373802e-08
36150.04800076804 1.7408502057646532e-08
36200.04800076804 1.5581024065182094e-08
36250.04800076804 1.9827159441728536e-08
36300.04800076804 2.087713668436547e-08
36350.04800076804 1.9258215886935636e-08
36400.04800076804 2.9594638211308454e-08
36450.04800076804 2.6472100716123392e-08
36500.04800076804 2.952479312679618e-08
36550.04800076804 3.127651139653114e-08
36600.04800076804 3.733660422591744e-08
36650.04800076804 3.7567140459690504e-08
36700.04800076804 4.506270501573055e-08
36750.04800076804 4.54611756736936e-08
36800.04800076804 3.9386946920336466e-08
36850.04800076804 3.3067044342757495e-08
36900.04800076804 4.071994049565768e-08
36950.04800076804 4.151414337963343e-08
37000.04800076804 4.0701204300067874e-08
37050.04800076804 4.68091605368352e-08
37100.04800076804 5.142240686070288e-08
37150.04800076804 5.021525237520835e-08
37200.04800076804 4.23461818666997e-08
37250.04800076804 3.8886148051867324e-08
37300.04800076804 3.9525422475804255e-08
37350.04800076804 5.3584723290192416e-08
37400.04800076804 5.6533873683742926e-08
37450.04800076804 5.1039850745367994e-08
37500.04800076804 4.256910146510815e-08
37550.04800076804 6.724407498427982e-08
37600.04800076804 8.006325134285223e-08
37650.04800076804 5.437774066813793e-08
37700.04800076804 6.253737801828652e-08
37750.04800076804 4.4839768523481994e-08
37800.04800076804 5.130338937411543e-08
37850.04800076804 4.317750560796574e-08
37900.04800076804 5.135379386848852e-08
37950.04800076804 6.32145892979903e-08
38000.04800076804 8.111122541239226e-08
38050.04800076804 7.472159147902549e-08
38100.04800076804 7.718290038943965e-08
38150.04800076804 8.658675646999149e-08
38200.04800076804 8.887030583809853e-08
38250.04800076804 8.819770952013711e-08
38300.04800076804 1.2372958665840818e-07
38350.04800076804 1.1643464947025242e-07
38400.04800076804 7.019620320927955e-08
38450.04800076804 6.908650552037769e-08
38500.04800076804 4.3460424368028175e-08
38550.04800076804 6.308753928229338e-08
38600.04800076804 7.485825691943968e-08
38650.04800076804 1.0890907738174863e-07
38700.04800076804 8.955285448674654e-08
38750.04800076804 9.4201244047985e-08
38800.04800076804 7.320437678151848e-08
38850.04800076804 1.1458025874974427e-07
38900.04800076804 1.1515311045555019e-07
38950.04800076804 9.0035392253509e-08
39000.04800076804 1.3164680634509938e-07
39050.04800076804 1.0008820491095397e-07
39100.04800076804 1.2505691919576822e-07
39150.04800076804 1.0700051247095065e-07
39200.04800076804 9.32064135115367e-08
39250.04800076804 1.249453460297881e-07
39300.04800076804 1.2160312337676693e-07
39350.04800076804 1.711091354902261e-07
39400.04800076804 1.381711613155331e-07
39450.04800076804 1.4357339224379514e-07
39500.04800076804 1.2916187642642344e-07
39550.04800076804 1.2359435710630524e-07
39600.04800076804 1.4892656475538793e-07
39650.04800076804 1.8447552143843826e-07
39700.04800076804 1.3101752825621423e-07
39750.04800076804 9.722543413221718e-08
39800.04800076804 1.286263425112464e-07
39850.04800076804 1.599380659427884e-07
39900.04800076804 1.659376460557889e-07
39950.04800076804 1.5794588580935264e-07
40000.04800076804 1.9260734986043777e-07
40050.04800076804 1.6982614705752315e-07
40100.04800076804 1.161295802871412e-07
40150.04800076804 2.0441057536908413e-07
40200.04800076804 1.9633200799375937e-07
40250.04800076804 1.7992633734515616e-07
40300.04800076804 2.0936019862489437e-07
40350.04800076804 1.4867328738230896e-07
40400.04800076804 1.9555886340339176e-07
40450.04800076804 1.7159439468417328e-07
40500.04800076804 2.2102080637916823e-07
40550.04800076804 2.0684839135049648e-07
40600.04800076804 1.9698103780638318e-07
40650.04800076804 2.0214810680551156e-07
40700.04800076804 2.74863943058046e-07
40750.04800076804 2.437668555532509e-07
40800.04800076804 1.7762546439899505e-07
40850.04800076804 2.711245264251698e-07
40900.04800076804 2.1752851008646577e-07
40950.04800076804 1.9505080855408616e-07
41000.04800076804 2.2956297229893818e-07
41050.04800076804 2.792793400423265e-07
41100.04800076804 1.6993630430901619e-07
41150.04800076804 1.625880210157574e-07
41200.04800076804 2.9060137060696805e-07
41250.04800076804 2.434812469693322e-07
41300.04800076804 2.0476053526988277e-07
41350.04800076804 2.969824350405793e-07
41400.04800076804 2.5374935624850374e-07
41450.04800076804 2.809001294521182e-07
41500.04800076804 2.1350273327088316e-07
41550.04800076804 2.0787754476060943e-07
41600.04800076804 2.7980505266379633e-07
41650.04800076804 2.559860120303915e-07
41700.04800076804 2.408857923279998e-07
41750.04800076804 2.2160395963329584e-07
41800.04800076804 3.027333843485372e-07
41850.04800076804 1.850987505803553e-07
41900.04800076804 2.220007982210411e-07
41950.04800076804 2.3396282768276512e-07
42000.04800076804 2.7582701752083826e-07
42050.04800076804 2.453466670673976e-07
42100.04800076804 2.879218290505855e-07
42150.04800076804 2.1914840782638315e-07
42200.04800076804 2.5453549843957895e-07
42250.04800076804 2.169293110128451e-07
42300.04800076804 2.2900239553268688e-07
42350.04800076804 2.565247716234396e-07
42400.04800076804 2.1238861974822666e-07
42450.04800076804 2.2257533472727815e-07
42500.04800076804 2.1651389396466937e-07
42550.04800076804 2.0943041380608693e-07
42600.04800076804 2.152881353465053e-07
42650.04800076804 3.1924071248113047e-07
42700.04800076804 2.0001574828894604e-07
42750.04800076804 2.1188782275022152e-07
42800.04800076804 1.833951308794152e-07
42850.04800076804 2.3709763665520283e-07
42900.04800076804 2.619010068667936e-07
42950.04800076804 1.9897098160325673e-07
43000.04800076804 2.80217602201739e-07
43050.04800076804 1.4826575994376979e-07
43100.04800076804 2.0007452213313326e-07
43150.04800076804 2.4273210539133697e-07
43200.04800076804 2.6241445701083154e-07
43250.04800076804 2.8827770640552203e-07
43300.04800076804 3.265253001023799e-07
43350.04800076804 2.004741946250675e-07
43400.04800076804 2.5469610990626796e-07
43450.04800076804 1.699971311104476e-07
43500.04800076804 1.7701364452496818e-07
43550.04800076804 1.9419884813203609e-07
43600.04800076804 2.611424705273817e-07
