galfind/configs/Brown_Dwarf_templates/sonora_cholla/logkzz4/56g/800K_56g_logkzz4_resample.dat
# %ECSV 1.0
# ---
# datatype:
# - {name: wav, unit: Angstrom, datatype: float64}
# - {name: flux_nu, unit: erg / (cm2 Hz s), datatype: float64}
# schema: astropy-2.0
wav flux_nu
[from data line 418]
23900.04800076804 3.3123806500681716e-09
23950.04800076804 3.2643655800652783e-09
24000.04800076804 4.305741443509789e-09
24050.04800076804 5.871189508085565e-09
24100.04800076804 4.523012843271116e-09
24150.04800076804 5.253385139885798e-09
24200.04800076804 4.993211096835317e-09
24250.04800076804 3.4869799575551582e-09
24300.04800076804 5.520019203004088e-09
24350.04800076804 4.374867615403017e-09
24400.04800076804 7.845230548441468e-09
24450.04800076804 6.836143495592663e-09
24500.04800076804 7.976822194240744e-09
24550.04800076804 9.07799927647348e-09
24600.04800076804 1.0803415621567376e-08
24650.04800076804 1.1840773466524193e-08
24700.04800076804 9.47001638992835e-09
24750.04800076804 8.963781487500962e-09
24800.04800076804 9.983887610381816e-09
24850.04800076804 1.4615036554165802e-08
24900.04800076804 7.634548068305354e-09
24950.04800076804 1.2054297301336944e-08
25000.04800076804 1.3810726125880475e-08
25050.04800076804 9.084131070993715e-09
25100.04800076804 1.1701017210179188e-08
25150.04800076804 6.692940004261338e-09
25200.04800076804 1.0147676178383362e-08
25250.04800076804 5.106917865823488e-09
25300.04800076804 8.697285177504964e-09
25350.04800076804 3.752370202073558e-09
25400.04800076804 8.245780614172692e-09
25450.04800076804 4.452794789174794e-09
25500.04800076804 4.087190831059954e-09
25550.04800076804 6.218472179352254e-09
25600.04800076804 2.534466795959101e-09
25650.04800076804 2.579873165032205e-09
25700.04800076804 4.913946463507602e-09
25750.04800076804 2.0703397197092862e-09
25800.04800076804 5.64947949277474e-09
25850.04800076804 1.90194160590363e-09
25900.04800076804 2.739680456632821e-09
25950.04800076804 1.3942401288988205e-09
26000.04800076804 5.311186337220375e-09
26050.04800076804 2.0263613969858073e-09
26100.04800076804 5.1913052902222e-09
26150.04800076804 3.507476542971725e-09
26200.04800076804 4.086384994042652e-09
26250.04800076804 9.440847374040107e-09
26300.04800076804 4.607320430040442e-09
26350.04800076804 1.086239715003987e-08
26400.04800076804 1.3509963512697125e-08
26450.04800076804 1.3409641601147479e-08
26500.04800076804 1.3125194900548357e-08
26550.04800076804 7.178611504848145e-09
26600.04800076804 7.436380448653374e-09
26650.04800076804 2.842926045727346e-09
26700.04800076804 1.3475802282843885e-09
26750.04800076804 1.7839737655089749e-09
26800.04800076804 3.156533556532568e-09
26850.04800076804 1.8191332695298146e-09
26900.04800076804 5.535600964311838e-09
26950.04800076804 2.363577994706768e-09
27000.04800076804 7.374490047273189e-09
27050.04800076804 6.8957102275042596e-09
27100.04800076804 3.566506615528632e-09
27150.04800076804 9.65333806387836e-09
27200.04800076804 3.164347259005069e-09
27250.04800076804 5.7841558818060466e-09
27300.04800076804 2.1367244298504536e-08
27350.04800076804 1.1353880959076821e-08
27400.04800076804 1.6730531599959614e-09
27450.04800076804 1.5114544834740494e-08
27500.04800076804 1.6799502302902153e-08
27550.04800076804 5.4277029263055796e-09
27600.04800076804 1.1631278936370714e-08
27650.04800076804 4.0868282527307965e-09
27700.04800076804 3.1296980458333794e-09
27750.04800076804 1.231475520812486e-08
27800.04800076804 5.063340662797098e-09
27850.04800076804 6.1771255602327585e-09
27900.04800076804 8.274272746870348e-09
27950.04800076804 1.2719600019573736e-08
28000.04800076804 1.2062616105181044e-08
28050.04800076804 3.6312859242400366e-09
28100.04800076804 1.7276183615641748e-08
28150.04800076804 1.0735781999903363e-08
28200.04800076804 3.3642152149178036e-09
28250.04800076804 1.793958513298288e-08
28300.04800076804 2.6243767250462976e-08
28350.04800076804 5.193444318220327e-09
28400.04800076804 1.4666636141785808e-08
28450.04800076804 2.099634127991085e-08
28500.04800076804 1.3956530453828621e-08
28550.04800076804 4.113671431363155e-09
28600.04800076804 1.9088928071527674e-08
28650.04800076804 1.930448938142065e-08
28700.04800076804 1.5988999300411258e-08
28750.04800076804 2.6576479760321486e-08
28800.04800076804 2.159102032020798e-08
28850.04800076804 2.885887889057433e-08
28900.04800076804 1.1707526043688703e-08
28950.04800076804 3.379361664242867e-08
29000.04800076804 2.0206725520277092e-08
29050.04800076804 2.5160059704008487e-08
29100.04800076804 1.481769318194799e-08
29150.04800076804 3.6226709840369426e-08
29200.04800076804 2.2481363383470564e-08
29250.04800076804 3.327227668962768e-08
29300.04800076804 1.946366517641769e-08
29350.04800076804 7.154342604979317e-08
29400.04800076804 2.922884468215072e-08
29450.04800076804 3.288853425448403e-08
29500.04800076804 3.9585944647640257e-08
29550.04800076804 2.902119117529205e-08
29600.04800076804 4.4949127017427854e-08
29650.04800076804 4.306434195562589e-08
29700.04800076804 2.8336504634531877e-08
29750.04800076804 3.890952577833767e-08
29800.04800076804 4.798664106550822e-08
29850.04800076804 5.509269272393912e-08
29900.04800076804 5.255027881551069e-08
29950.04800076804 4.0197509782009344e-08
30000.04800076804 3.422199401490318e-08
30050.04800076804 3.2724191593197105e-08
30100.04800076804 4.4541199906742386e-08
30150.04800076804 5.445469578222016e-08
30200.04800076804 3.903966892003479e-08
30250.04800076804 6.25371102537059e-08
30300.04800076804 5.330371246363305e-08
30350.04800076804 4.229084511086097e-08
30400.04800076804 5.4620145012766115e-08
30450.04800076804 4.161786222797233e-08
30500.04800076804 3.8356283865999435e-08
30550.04800076804 3.7315349460704366e-08
30600.04800076804 4.870761313855424e-08
30650.04800076804 4.1277107500185566e-08
30700.04800076804 3.438463382432477e-08
30750.04800076804 3.348341467076423e-08
30800.04800076804 3.0534159262372983e-08
30850.04800076804 3.153077606047428e-08
30900.04800076804 2.9500513362754632e-08
30950.04800076804 1.982009738486323e-08
31000.04800076804 2.4443802879245677e-08
31050.04800076804 2.3463186928761233e-08
31100.04800076804 1.5038945143103823e-08
31150.04800076804 1.9951036381030323e-08
31200.04800076804 2.0978592935026195e-08
31250.04800076804 1.4890408566232331e-08
31300.04800076804 1.356198472712333e-08
31350.04800076804 1.4592810592745407e-08
31400.04800076804 8.198335269475572e-09
31450.04800076804 1.4889444323787447e-08
31500.04800076804 8.203310381245771e-09
31550.04800076804 1.1735051908639247e-08
31600.04800076804 7.00623071489556e-09
31650.04800076804 7.557652940832413e-09
31700.04800076804 8.813148843762236e-09
31750.04800076804 4.671924099265813e-09
31800.04800076804 8.435690053304171e-09
31850.04800076804 5.608301580439876e-09
31900.04800076804 6.400437970670666e-09
31950.04800076804 5.25690908222893e-09
32000.04800076804 5.9006480770912045e-09
32050.04800076804 3.849020572279702e-09
32100.04800076804 3.839989398023163e-09
32150.04800076804 5.142235280770369e-09
32200.04800076804 3.4254043822293794e-09
32250.04800076804 7.316166530168298e-09
32300.04800076804 2.6441495626199373e-09
32350.04800076804 7.55920573532358e-09
32400.04800076804 3.89370329985819e-09
32450.04800076804 5.7752228612311245e-09
32500.04800076804 4.20187719298198e-09
32550.04800076804 6.146990432843527e-09
32600.04800076804 5.6801990325812315e-09
32650.04800076804 9.35727857237417e-09
32700.04800076804 6.88273552452787e-09
32750.04800076804 1.148658296568625e-08
32800.04800076804 7.3979634915590845e-09
32850.04800076804 1.3645391111277415e-08
32900.04800076804 1.3090795258997705e-08
32950.04800076804 1.5382878107683875e-08
33000.04800076804 1.1221755548617105e-08
33050.04800076804 1.208368091312523e-08
33100.04800076804 4.623139762346874e-09
33150.04800076804 3.282498521527433e-10
33200.04800076804 6.343432200535793e-10
33250.04800076804 3.4044802167334633e-10
33300.04800076804 5.564362507872821e-10
33350.04800076804 1.5868722142210403e-09
33400.04800076804 2.9615397899829222e-09
33450.04800076804 3.8638063288176525e-09
33500.04800076804 6.409964161045672e-09
33550.04800076804 5.383944168437216e-09
33600.04800076804 8.781399011033669e-09
33650.04800076804 7.359096009956906e-09
33700.04800076804 6.337985832700856e-09
33750.04800076804 1.0012686899682043e-08
33800.04800076804 5.208253364133109e-09
33850.04800076804 8.144409965393379e-09
33900.04800076804 7.951895707091124e-09
33950.04800076804 8.131445741697966e-09
34000.04800076804 1.1166466259644595e-08
34050.04800076804 3.872877388315498e-09
34100.04800076804 1.001161078960192e-08
34150.04800076804 6.666915633912696e-09
34200.04800076804 9.34114889668504e-09
34250.04800076804 6.773805900190062e-09
34300.04800076804 6.188973354423451e-09
34350.04800076804 9.383174105890115e-09
34400.04800076804 6.749196297232496e-09
34450.04800076804 1.126342301236169e-08
34500.04800076804 6.616661676246442e-09
34550.04800076804 5.2718506210217285e-09
34600.04800076804 1.1875073674615705e-08
34650.04800076804 5.593482567174531e-09
34700.04800076804 7.259725390182752e-09
34750.04800076804 6.2115444070186705e-09
34800.04800076804 5.452299370389614e-09
34850.04800076804 8.906409776699115e-09
34900.04800076804 9.562344381920415e-09
34950.04800076804 8.032563065720454e-09
35000.04800076804 1.2508066894619999e-08
35050.04800076804 9.122112407164636e-09
35100.04800076804 1.3701512232587739e-08
35150.04800076804 1.2244172577421538e-08
35200.04800076804 1.7530981118104e-08
35250.04800076804 1.5873445633891994e-08
35300.04800076804 1.1376420596577635e-08
35350.04800076804 1.7409522536028715e-08
35400.04800076804 1.6296749416089897e-08
35450.04800076804 1.4178242608139963e-08
35500.04800076804 2.8098088283611773e-08
35550.04800076804 1.954608530424395e-08
35600.04800076804 2.1904046546107135e-08
35650.04800076804 2.110856587519101e-08
35700.04800076804 1.4829293047734197e-08
35750.04800076804 3.199638375262317e-08
35800.04800076804 2.2889395388460898e-08
35850.04800076804 1.538278748642873e-08
35900.04800076804 2.5982844424574578e-08
35950.04800076804 2.3452948092323304e-08
36000.04800076804 1.2943381852987625e-08
36050.04800076804 2.2733606064552987e-08
36100.04800076804 2.2468325414633524e-08
36150.04800076804 2.4466980895725113e-08
36200.04800076804 2.2456033173749503e-08
36250.04800076804 2.8288774419590728e-08
36300.04800076804 2.933107767512168e-08
36350.04800076804 2.833712590335205e-08
36400.04800076804 4.110746907572177e-08
36450.04800076804 3.727688006668317e-08
36500.04800076804 4.1322867231392864e-08
36550.04800076804 4.230067076836145e-08
36600.04800076804 5.1097707780190025e-08
36650.04800076804 5.099784661783125e-08
36700.04800076804 6.120148309253031e-08
36750.04800076804 6.128351771703032e-08
36800.04800076804 5.438819216835427e-08
36850.04800076804 4.779206249467453e-08
36900.04800076804 5.5922828856035e-08
36950.04800076804 5.763042725030832e-08
37000.04800076804 5.6977631512563155e-08
37050.04800076804 6.331690591221253e-08
37100.04800076804 7.102112482904808e-08
37150.04800076804 6.987405291995404e-08
37200.04800076804 6.021133354215457e-08
37250.04800076804 5.484963502572673e-08
37300.04800076804 5.635014362457287e-08
37350.04800076804 7.347481645040634e-08
37400.04800076804 7.71849620901058e-08
37450.04800076804 7.343209503707533e-08
37500.04800076804 5.8229598137370556e-08
37550.04800076804 9.07030552346484e-08
37600.04800076804 1.057439839423948e-07
37650.04800076804 7.444853112625714e-08
37700.04800076804 8.362500444157486e-08
37750.04800076804 6.256034686106411e-08
37800.04800076804 7.054122156115973e-08
37850.04800076804 6.159216243113566e-08
37900.04800076804 7.11438581641584e-08
37950.04800076804 8.556220272996491e-08
38000.04800076804 1.0981074990302415e-07
38050.04800076804 9.830989770539418e-08
38100.04800076804 1.0222621128096851e-07
38150.04800076804 1.143081998164563e-07
38200.04800076804 1.1873082134266287e-07
38250.04800076804 1.1709175198504235e-07
38300.04800076804 1.574232825568785e-07
38350.04800076804 1.5063500917963213e-07
38400.04800076804 9.513622045700301e-08
38450.04800076804 9.613433123757387e-08
38500.04800076804 6.560773598120295e-08
38550.04800076804 8.857153677968683e-08
38600.04800076804 1.0206085763272785e-07
38650.04800076804 1.4707395416979633e-07
38700.04800076804 1.2226025473872703e-07
38750.04800076804 1.2626655275704564e-07
38800.04800076804 1.0088172859898075e-07
38850.04800076804 1.513729153474202e-07
38900.04800076804 1.5250737489127812e-07
38950.04800076804 1.2339119915960772e-07
39000.04800076804 1.7229318711330785e-07
39050.04800076804 1.3478468270207706e-07
39100.04800076804 1.6337502426968198e-07
39150.04800076804 1.4146424157952488e-07
39200.04800076804 1.2666546428719276e-07
39250.04800076804 1.6482157414631285e-07
39300.04800076804 1.6103377768822184e-07
39350.04800076804 2.186730477605725e-07
39400.04800076804 1.84652368718429e-07
39450.04800076804 1.8965873581954155e-07
39500.04800076804 1.6579247570118836e-07
39550.04800076804 1.6378165352738584e-07
39600.04800076804 1.9135374949152821e-07
39650.04800076804 2.346408045406997e-07
39700.04800076804 1.7259659481761198e-07
39750.04800076804 1.3127947991663704e-07
39800.04800076804 1.7180397226877102e-07
39850.04800076804 2.0570646985017158e-07
39900.04800076804 2.1061229549260018e-07
39950.04800076804 2.0527962766278056e-07
40000.04800076804 2.4371447847307907e-07
40050.04800076804 2.174816210238517e-07
40100.04800076804 1.5890047178898677e-07
40150.04800076804 2.6280998625177537e-07
40200.04800076804 2.4936950292832075e-07
40250.04800076804 2.2804149358301684e-07
40300.04800076804 2.627849165406332e-07
40350.04800076804 1.9669834337329e-07
40400.04800076804 2.4829582928511264e-07
40450.04800076804 2.260382140931819e-07
40500.04800076804 2.724026246646855e-07
40550.04800076804 2.5896247352621404e-07
40600.04800076804 2.4950678747161625e-07
40650.04800076804 2.6009031773103515e-07
40700.04800076804 3.373597204829735e-07
40750.04800076804 3.055084732468382e-07
40800.04800076804 2.2798917515808305e-07
40850.04800076804 3.280541075874539e-07
40900.04800076804 2.6690785782607614e-07
40950.04800076804 2.497191041795343e-07
41000.04800076804 2.8421389668712014e-07
41050.04800076804 3.3968440795498913e-07
41100.04800076804 2.123096011095422e-07
41150.04800076804 2.140641590126848e-07
41200.04800076804 3.519203586834213e-07
41250.04800076804 3.0312745666772044e-07
41300.04800076804 2.5066318779022373e-07
41350.04800076804 3.5789396504699706e-07
41400.04800076804 3.133040659082957e-07
41450.04800076804 3.41276154944091e-07
41500.04800076804 2.682547603797108e-07
41550.04800076804 2.6140643470071107e-07
41600.04800076804 3.4342925301845726e-07
41650.04800076804 3.083991566176021e-07
41700.04800076804 2.9392385581636266e-07
41750.04800076804 2.6960481935580433e-07
41800.04800076804 3.6412154971267617e-07
41850.04800076804 2.219968654800064e-07
41900.04800076804 2.7610314226541355e-07
41950.04800076804 2.826898912866693e-07
42000.04800076804 3.2951402235360705e-07
42050.04800076804 2.9226174520917884e-07
42100.04800076804 3.3800392869662434e-07
42150.04800076804 2.5949823679404825e-07
42200.04800076804 3.027421970491327e-07
42250.04800076804 2.621658486474911e-07
42300.04800076804 2.761302685005486e-07
42350.04800076804 3.0278833537839865e-07
42400.04800076804 2.470185998221066e-07
42450.04800076804 2.529339323044205e-07
42500.04800076804 2.531837133018039e-07
42550.04800076804 2.4343346690497734e-07
42600.04800076804 2.5366185789851674e-07
42650.04800076804 3.647237373049813e-07
42700.04800076804 2.4206839301542086e-07
42750.04800076804 2.509975220003305e-07
42800.04800076804 2.1225499187119058e-07
42850.04800076804 2.754441220187571e-07
42900.04800076804 3.01870990720102e-07
42950.04800076804 2.3073577570842674e-07
43000.04800076804 3.240774093308657e-07
43050.04800076804 1.7976856290643222e-07
43100.04800076804 2.408020255683144e-07
43150.04800076804 2.890222950058345e-07
43200.04800076804 3.0436262889288433e-07
43250.04800076804 3.2057847251957524e-07
43300.04800076804 3.720244505996963e-07
43350.04800076804 2.3773259496814207e-07
43400.04800076804 2.9899245626280703e-07
43450.04800076804 2.038614526521914e-07
43500.04800076804 2.0770733962126466e-07
43550.04800076804 2.264249428439661e-07
43600.04800076804 3.00973691254726e-07
