galfind/configs/Brown_Dwarf_templates/sonora_cholla/logkzz4/56g/800K_56g_logkzz4_resample.dat
# %ECSV 1.0
# ---
# datatype:
# - {name: wav, unit: Angstrom, datatype: float64}
# - {name: flux_nu, unit: erg / (cm2 Hz s), datatype: float64}
# schema: astropy-2.0
wav flux_nu
[from data line 1212]
63600.04800076804 9.522597916019641e-08
63650.04800076804 6.572906487593559e-08
63700.04800076804 3.338673643795839e-08
63750.04800076804 5.849838434452262e-08
63800.04800076804 1.0219821276410919e-07
63850.04800076804 8.047859193225807e-08
63900.04800076804 4.1713997004124006e-08
63950.04800076804 7.928982638996932e-08
64000.04800076804 8.299497921681501e-08
64050.04800076804 4.5622756825814195e-08
64100.04800076804 1.4799343857558168e-08
64150.04800076804 2.2567014790869485e-08
64200.04800076804 2.4810165611090333e-08
64250.04800076804 5.585121877736789e-08
64300.04800076804 4.006613828614045e-08
64350.04800076804 3.2343450779225285e-08
64400.04800076804 6.677075733333089e-08
64450.04800076804 7.59099747283321e-08
64500.04800076804 3.2532548586187284e-08
64550.04800076804 5.6244811342775904e-08
64600.04800076804 2.3758641466368263e-08
64650.04800076804 5.359314576322296e-08
64700.04800076804 2.313374232553598e-08
64750.04800076804 3.643486820855059e-08
64800.04800076804 3.0984269250251574e-08
64850.04800076804 2.2688010198243093e-08
64900.04800076804 2.38924598923686e-08
64950.04800076804 2.434385610997471e-08
65000.04800076804 3.3616775496226894e-08
65050.04800076804 4.012415163041072e-08
65100.04800076804 5.998995846566793e-08
65150.04800076804 2.5183074343662414e-08
65200.04800076804 2.0090570597134087e-08
65250.04800076804 5.37758183026715e-08
65300.04800076804 3.845451415879148e-08
65350.04800076804 8.842185149534635e-08
65400.04800076804 4.1291602319132695e-08
65450.04800076804 4.419435708828704e-08
65500.04800076804 5.553309442965412e-08
65550.04800076805 2.8124646292958317e-08
65600.04800076805 4.748911512678767e-08
65650.04800076805 4.0228685504101135e-08
65700.04800076805 3.7019200222304253e-08
65750.04800076805 2.5953401446267937e-08
65800.04800076805 4.57037929948732e-08
65850.04800076805 5.552225949175461e-08
65900.04800076805 2.4031184288784175e-08
65950.04800076805 2.826158005207053e-08
66000.04800076805 4.052412311216158e-08
66050.04800076805 8.529976111393955e-08
66100.04800076805 4.553834054917948e-08
66150.04800076805 3.337757373802695e-08
66200.04800076805 3.3799627943199445e-08
66250.04800076805 2.9586943990392755e-08
66300.04800076805 1.2416427185369321e-08
66350.04800076805 1.5433341868516687e-08
66400.04800076805 2.6103005067102252e-08
66450.04800076805 5.4722583331794375e-08
66500.04800076805 7.867614241159071e-08
66550.04800076805 8.17440572684977e-08
66600.04800076805 5.960439678519913e-08
66650.04800076805 4.3044338237869516e-08
66700.04800076805 4.0692914312613e-08
66750.04800076805 3.644820248305056e-08
66800.04800076805 4.9577118140968516e-08
66850.04800076805 3.0504503103130686e-08
66900.04800076805 7.545425664837008e-08
66950.04800076805 8.009526675991413e-08
67000.04800076805 7.446254782260803e-08
67050.04800076805 4.973251995888367e-08
67100.04800076805 3.244526874230321e-08
67150.04800076805 3.437224617545694e-08
67200.04800076805 5.0272740540212665e-08
67250.04800076805 5.0568490979093865e-08
67300.04800076805 6.099115145026637e-08
67350.04800076805 3.4675636778890743e-08
67400.04800076805 8.135214004900729e-08
67450.04800076805 5.493019314956818e-08
67500.04800076805 4.957969396674129e-08
67550.04800076805 7.34729935276705e-08
67600.04800076805 1.2352780899090232e-07
67650.04800076805 9.134553198284848e-08
67700.04800076805 5.777836834591896e-08
67750.04800076805 4.580566626703313e-08
67800.04800076805 6.746454170692507e-08
67850.04800076805 3.301236293126847e-08
67900.04800076805 4.295502511511317e-08
67950.04800076805 3.072953346570955e-08
68000.04800076805 5.339461373137768e-08
68050.04800076805 7.507834240771703e-08
68100.04800076805 9.572815176440982e-08
68150.04800076805 7.32981401029863e-08
68200.04800076805 6.85305868804509e-08
68250.04800076805 2.2763128981326204e-08
68300.04800076805 6.064306762924605e-08
68350.04800076805 3.173748714321263e-08
68400.04800076805 1.001148455477266e-07
68450.04800076805 8.69511737383618e-08
68500.04800076805 6.478310817595047e-08
68550.04800076805 3.4185671050919746e-08
68600.04800076805 3.658427729800619e-08
68650.04800076805 2.034880110755702e-08
68700.04800076805 4.2810399477517003e-08
68750.04800076805 6.165143967946776e-08
68800.04800076805 7.212828213147448e-08
68850.04800076805 2.7661648724715365e-08
68900.04800076805 9.352613407391463e-08
68950.04800076805 8.500941358478744e-08
69000.04800076805 7.455046636152032e-08
69050.04800076805 4.180563518521241e-08
69100.04800076805 9.286927054426066e-08
69150.04800076805 1.2108349530185189e-07
69200.04800076805 7.41758766129305e-08
69250.04800076805 1.1478387775087567e-07
69300.04800076805 6.166068765194698e-08
69350.04800076805 1.094822130252301e-07
69400.04800076805 3.907291250954989e-08
69450.04800076805 9.892970116259564e-08
69500.04800076805 5.637691007961951e-08
69550.04800076805 5.496000318472394e-08
69600.04800076805 1.819774322109818e-08
69650.04800076805 4.9346980893987774e-08
69700.04800076805 8.955625677025328e-08
69750.04800076805 6.045260404977152e-08
69800.04800076805 8.375024930917533e-08
69850.04800076805 8.072675743364466e-08
69900.04800076805 5.421213272100357e-08
69950.04800076805 5.943825358459314e-08
70000.04800076805 5.9381272794387244e-08
70050.04800076805 1.0483851278142288e-07
70100.04800076805 7.456845767939184e-08
70150.04800076805 6.811849251265759e-08
70200.04800076805 4.487788081118914e-08
70250.04800076805 6.867674492167492e-08
70300.04800076805 9.735784045135884e-08
70350.04800076805 6.729288862119042e-08
70400.04800076805 4.795207850825101e-08
70450.04800076805 1.661548493123068e-08
70500.04800076805 4.04133504349308e-08
70550.04800076805 4.2104678692631376e-08
70600.04800076805 3.743697391906525e-08
70650.04800076805 8.16544207258773e-08
70700.04800076805 7.632386485674063e-08
70750.04800076805 8.965282750912686e-08
70800.04800076805 5.0090321430155975e-08
70850.04800076805 5.3019414694799626e-08
70900.04800076805 5.314101629370423e-08
70950.04800076805 9.094324000279813e-08
71000.04800076805 7.428322114391567e-08
71050.04800076805 7.453385953619399e-08
71100.04800076805 5.568701051552609e-08
71150.04800076805 5.8250457400207436e-08
71200.04800076805 5.078973599676021e-08
71250.04800076805 5.991317803139199e-08
71300.04800076805 8.71459089958855e-08
71350.04800076805 8.914990182597072e-08
71400.04800076805 7.990937726722183e-08
71450.04800076805 3.7652352794640775e-08
71500.04800076805 4.3442259932466265e-08
71550.04800076805 5.3062716170607886e-08
71600.04800076805 5.606577374724679e-08
71650.04800076805 4.86711517676616e-08
71700.04800076805 3.623808247310127e-08
71750.04800076805 5.519349385048129e-08
71800.04800076805 8.04089606933873e-08
71850.04800076805 7.52938168079815e-08
71900.04800076805 4.662704346127036e-08
71950.04800076805 5.3587218795988795e-08
72000.04800076805 5.368816556180554e-08
72050.04800076805 3.5667341738504956e-08
72100.04800076805 4.006782380451212e-08
72150.04800076805 3.0749196096728445e-08
72200.04800076805 5.574231176184717e-08
72250.04800076805 6.411967399240846e-08
72300.04800076805 5.535162927873232e-08
72350.04800076805 6.314490863107207e-08
72400.04800076805 4.746979951524156e-08
72450.04800076805 4.006585707871092e-08
72500.04800076805 5.219763507394076e-08
72550.04800076805 2.453906296718941e-08
72600.04800076805 3.2772514830911874e-08
72650.04800076805 6.46304233924779e-08
72700.04800076805 5.5288762396261226e-08
72750.04800076805 4.8724384675094805e-08
72800.04800076805 3.8530210989433885e-08
72850.04800076805 3.95086606263613e-08
72900.04800076805 5.999102112622402e-08
72950.04800076805 5.508593070882385e-08
73000.04800076805 5.465607145754632e-08
73050.04800076805 3.575483605461257e-08
73100.04800076805 3.680601779388295e-08
73150.04800076805 7.777906232986456e-08
73200.04800076805 3.4676421168357504e-08
73250.04800076805 4.802338078333447e-08
73300.04800076805 4.4424719036116216e-08
73350.04800076805 3.104118071752092e-08
73400.04800076805 4.7310453208871086e-08
73450.04800076805 2.957830138939664e-08
73500.04800076805 2.4383763867760766e-08
73550.04800076805 4.2600277627975136e-08
73600.04800076805 3.087446539866623e-08
73650.04800076805 4.496147130125746e-08
73700.04800076805 4.974442210491094e-08
73750.04800076805 2.594386682094875e-08
73800.04800076805 4.1850006143169204e-08
73850.04800076805 4.8835626310617425e-08
73900.04800076805 4.4318544680711154e-08
73950.04800076805 4.0229889606094715e-08
74000.04800076805 2.8095416462674785e-08
74050.04800076805 6.858513700621305e-08
74100.04800076805 4.1950833107843175e-08
74150.04800076805 4.340910641257267e-08
74200.04800076805 3.634644940598918e-08
74250.04800076805 1.415705483920911e-08
74300.04800076805 3.9758889441808256e-08
74350.04800076805 5.7347511477911564e-08
74400.04800076805 5.3949615548378675e-08
74450.04800076805 2.364238466512939e-08
74500.04800076805 2.3612940191976515e-08
74550.04800076805 3.705220991010066e-08
74600.04800076805 3.941463893170704e-08
74650.04800076805 3.945227256266318e-08
74700.04800076805 2.71520043965118e-08
74750.04800076805 2.5492039672556575e-08
74800.04800076805 3.331179912794097e-08
74850.04800076805 2.423798519024131e-08
74900.04800076805 5.110781663229212e-08
74950.04800076805 5.888341205675198e-08
75000.04800076805 3.369552823700266e-08
75050.04800076805 1.9328933799456e-08
75100.04800076805 5.96281755334002e-08
75150.04800076805 5.427913250946773e-08
75200.04800076805 6.257430004127359e-08
75250.04800076805 5.946925399733923e-08
75300.04800076805 5.464822702453046e-08
75350.04800076805 2.8872887262200975e-08
75400.04800076805 6.50606157863296e-08
75450.04800076805 5.4067414183861905e-08
75500.04800076805 4.423419658699031e-08
75550.04800076805 5.97528439114632e-08
75600.04800076805 7.623573060528832e-08
75650.04800076805 4.0794023456678606e-08
75700.04800076805 5.346348394951545e-08
75750.04800076805 3.268571983805386e-08
75800.04800076805 5.6288069472779274e-08
75850.04800076805 7.262366593475176e-08
75900.04800076805 6.439656142519905e-08
75950.04800076805 3.6539612579616576e-08
76000.04800076805 5.912144607535067e-08
76050.04800076805 6.545921624553097e-08
76100.04800076805 5.432549666992259e-08
76150.04800076805 6.695087831161402e-08
76200.04800076805 6.613532641401227e-08
76250.04800076805 5.8080593835119265e-08
76300.04800076805 8.548591002611072e-08
76350.04800076805 1.0421951162918551e-07
76400.04800076805 8.375074895551191e-08
76450.04800076805 7.841334656455232e-08
76500.04800076805 5.489115326173839e-08
76550.04800076805 3.842250225838775e-08
76600.04800076805 1.3216930862074889e-08
76650.04800076805 1.3534115063267722e-08
76700.04800076805 1.7792230872313045e-08
76750.04800076805 1.7354695382079854e-08
76800.04800076805 3.1991940852312246e-08
76850.04800076805 8.923123289834282e-09
76900.04800076805 1.2749652059789824e-08
76950.04800076805 2.611309729334278e-08
77000.04800076805 3.2264340469558226e-08
77050.04800076805 1.6330015479270766e-08
77100.04800076805 2.0577135298134593e-08
77150.04800076805 3.714251630828241e-08
77200.04800076805 2.6288319399803124e-08
77250.04800076805 3.049857419735284e-08
77300.04800076805 3.174944602193462e-08
77350.04800076805 1.609875688674365e-08
77400.04800076805 1.8684912419788175e-08
77450.04800076805 2.3132715172293875e-08
77500.04800076805 2.3956053396933112e-08
77550.04800076805 2.792899249672862e-08
77600.04800076805 2.3503715749272317e-08
77650.04800076805 2.6117796474413658e-08
77700.04800076805 1.8467831175628648e-08
77750.04800076805 3.818156340847425e-08
77800.04800076805 3.2578407801213656e-08
77850.04800076805 5.860212585224801e-08
77900.04800076805 3.978857921573726e-08
77950.04800076805 1.7572198882816735e-08
78000.04800076805 3.2505526454669705e-08
78050.04800076805 3.848681324305302e-08
78100.04800076805 3.1725539929464074e-08
78150.04800076805 5.470051965550947e-08
78200.04800076805 4.7212937052046585e-08
78250.04800076805 5.101791639874488e-08
78300.04800076805 4.766947099398886e-08
78350.04800076805 4.8935850138331823e-08
78400.04800076805 3.403917496402801e-08
78450.04800076805 5.946805113802113e-08
78500.04800076805 5.424447503788234e-08
78550.04800076805 6.794236963941909e-08
78600.04800076805 5.651291913026242e-08
78650.04800076805 1.6591897519247807e-08
78700.04800076805 3.012371696456428e-08
78750.04800076805 3.3155513319390326e-08
78800.04800076805 5.08557625211501e-08
78850.04800076805 2.435167713339202e-08
78900.04800076805 4.315079546880511e-08
78950.04800076805 4.862259396336727e-08
79000.04800076805 4.439841930122565e-08
79050.04800076805 3.933886741044078e-08
79100.04800076805 3.8896180731659004e-08
79150.04800076805 4.421428214411305e-08
79200.04800076805 5.6481212590182147e-08
79250.04800076805 4.1331793558576584e-08
79300.04800076805 2.909936796310612e-08
79350.04800076805 4.3618164220906934e-08
79400.04800076805 3.725981310531266e-08
79450.04800076805 5.939832429681389e-08
79500.04800076805 8.47857483573985e-08
79550.04800076805 6.001262838141234e-08
79600.04800076805 3.4116260229150976e-08
79650.04800076805 5.123413811014482e-08
79700.04800076805 5.8074086619838086e-08
79750.04800076805 5.908133505838843e-08
79800.04800076805 3.3808324588849726e-08
79850.04800076805 4.7489388472629595e-08
79900.04800076805 8.365076148500649e-08
79950.04800076805 5.267536491615049e-08
