galfind/configs/Brown_Dwarf_templates/sonora_cholla/logkzz4/56g/850K_56g_logkzz4_resample.dat
# %ECSV 1.0
# ---
# datatype:
# - {name: wav, unit: Angstrom, datatype: float64}
# - {name: flux_nu, unit: erg / (cm2 Hz s), datatype: float64}
# schema: astropy-2.0
wav flux_nu
10000.000000000093 nan
10050.000000000093 9.014485614553284e-08
10100.000000000093 1.1295355442561623e-07
10150.000000000093 1.2417634495013903e-07
10200.000000000093 1.4554703550659645e-07
10250.000000000093 1.6366696197863444e-07
10300.000000000093 1.7514435340954782e-07
10350.000000000093 2.0804165606447988e-07
10400.000000000093 2.367209821128831e-07
10450.000000000093 2.4518002119897217e-07
10500.000000000093 2.4276769824627426e-07
10550.000000000093 2.480302616950605e-07
10600.000000000093 2.5515239200186114e-07
10650.000000000093 2.738956975947845e-07
10700.000000000093 2.841079380199787e-07
10750.000000000093 2.957515463280531e-07
10800.000000000093 2.922907232272538e-07
10850.000000000093 2.903932690290801e-07
10900.000000000093 2.028481031593238e-07
10950.000000000093 1.0064074078657854e-07
11000.000000000093 7.692967661369046e-08
11050.000000000093 5.4780380602710866e-08
11100.000000000093 4.00574074237517e-08
11150.000000000093 2.470130614762869e-08
11200.000000000093 2.173210780719294e-08
11250.000000000093 2.662891431074747e-08
11300.000000000093 2.8483396380997046e-08
11350.000000000093 1.211950049933568e-08
11400.000000000093 2.5919152620445292e-08
11450.000000000093 1.8805433613714593e-08
11500.000000000093 1.7449335561255827e-08
11550.000000000093 8.08633438326683e-09
11600.000000000093 8.974973341661513e-09
11650.000000000093 1.4717903815244064e-08
11700.000000000093 1.6999618066327356e-08
11750.000000000093 6.3168553381256236e-09
11800.000000000093 2.0010745014764857e-08
11850.000000000093 3.380766891006301e-08
11900.000000000093 3.78599300088031e-08
11950.000000000093 5.836571901410873e-08
12000.000000000093 7.717075215829208e-08
12050.000000000093 1.0295437139132798e-07
12100.000000000093 1.3129400228258908e-07
12150.000000000093 1.563547090863063e-07
12200.000000000093 1.9054538442117986e-07
12250.000000000093 2.295593849336912e-07
12300.000000000093 2.635194598643121e-07
12350.000000000093 2.817702022956618e-07
12400.000000000093 3.2567421525169353e-07
12450.000000000093 3.850847182166841e-07
12500.000000000093 4.1615920704917087e-07
12550.000000000093 4.4338735591761e-07
12600.000000000093 4.364919088682259e-07
12650.000000000093 4.292815066108257e-07
12700.000000000093 4.328900313550681e-07
12750.000000000093 4.014470205601311e-07
12800.000000000093 3.966878280716232e-07
12850.000000000093 3.31091120463985e-07
12900.000000000093 2.8218388566779814e-07
12950.000000000093 2.8153773749802977e-07
13000.000000000093 2.64269649916118e-07
13050.000000000093 2.336528093778771e-07
13100.000000000093 2.006331086493679e-07
13150.000000000093 1.528136950052114e-07
13200.000000000093 1.3761219658691866e-07
13250.000000000093 9.736258665642773e-08
13300.000000000093 4.432078308471674e-08
13350.000000000093 1.296604380343163e-08
13400.000000000093 7.417861590096536e-09
13450.000000000093 3.6820261932213884e-09
13500.000000000093 2.0003751988173846e-09
13550.000000000093 1.4703720767949846e-09
13600.000000000093 6.482469140981116e-10
13650.000000000093 2.1899431871862863e-09
13700.000000000093 1.682962480090054e-09
13750.000000000093 1.9003852300150344e-09
13800.000000000093 2.1753455624717683e-09
13850.000000000093 1.6968582697119695e-09
13900.000000000093 1.7606138764160126e-09
13950.000000000093 1.5203975665368975e-09
14000.000000000093 1.4672376745519273e-09
14050.000000000093 2.029963663113323e-09
14100.000000000093 1.8216172455610082e-09
14150.000000000093 2.791054860544278e-09
14200.000000000093 2.0477947852550592e-09
14250.000000000093 2.36097986152486e-09
14300.000000000093 4.142452009889233e-09
14350.000000000093 3.997862948843843e-09
14400.000000000093 4.814639422093528e-09
14450.000000000093 5.387280565118004e-09
14500.000000000093 1.070686180915069e-08
14550.000000000093 1.1049289695192145e-08
14600.000000000093 1.5265631384466896e-08
14650.000000000093 1.675084534039219e-08
14700.000000000093 1.1241216092457675e-08
14750.000000000093 1.6332122596475003e-08
14800.000000000093 2.153229530600221e-08
14850.000000000093 2.226410630519233e-08
14900.000000000093 2.522365168349456e-08
14950.000000000093 3.010605021985599e-08
15000.000000000093 3.316899068455906e-08
15050.000000000093 4.085847380032541e-08
15100.000000000093 4.8176804536785537e-08
15150.000000000093 5.188751645558139e-08
15200.000000000093 4.685608251421925e-08
15250.000000000093 6.178479942850918e-08
15300.000000000093 7.438614441997524e-08
15350.000000000093 9.049123135469784e-08
15400.000000000093 1.0120889545495421e-07
15450.000000000093 1.1533822864219881e-07
15500.000000000093 1.234397246738405e-07
15550.000000000093 1.4529333260550295e-07
15600.000000000093 1.5492807143698754e-07
15650.000000000093 1.6291077035298002e-07
15700.000000000093 1.900284146169145e-07
15750.000000000093 2.0501582518894927e-07
15800.000000000093 1.9245134438788522e-07
15850.000000000093 2.0415284174199548e-07
15900.000000000093 1.8798383909857925e-07
15950.000000000093 1.7041227411697244e-07
16000.000000000093 1.3982427890535233e-07
16050.000000000093 9.993262398310368e-08
16100.000000000093 7.521549657601491e-08
16150.000000000093 4.617566753221303e-08
16200.000000000093 3.00713476003712e-08
16250.000000000093 2.8959164359472727e-08
16300.000000000093 2.169447880468427e-08
16350.000000000093 2.427024354743851e-08
16400.000000000095 2.7377169232847708e-08
16450.000000000095 3.102876027848014e-08
16500.000000000095 3.291236469106498e-08
16550.000000000095 3.014975448410809e-08
16600.000000000095 3.0258848988369756e-08
16650.000000000095 2.2313699327832185e-08
16700.000000000095 7.782152047742974e-09
16750.000000000095 1.2753969954019342e-08
16800.000000000095 2.1344975311400244e-08
16850.000000000095 2.2958941158237952e-08
16900.000000000095 1.735582685862954e-08
16950.000000000095 1.47943185278503e-08
17000.000000000095 1.1283357149081479e-08
17050.000000000095 1.553374681962861e-08
17100.000000000095 2.004044032025048e-08
17150.000000000095 1.3779454824656912e-08
17200.000000000095 2.5779902907808592e-08
17250.000000000095 2.019182545839016e-08
17300.000000000095 1.510892022363025e-08
17350.000000000095 1.586402045716814e-08
17400.000000000095 1.6599543740162922e-08
17450.000000000095 2.0862091328914223e-08
17500.000000000095 2.5929660657291283e-08
17550.000000000095 2.2243712434508025e-08
17600.000000000095 1.7629849397287127e-08
17650.000000000095 1.7314610808912396e-08
17700.000000000095 1.293298399441934e-08
17750.000000000095 1.2312503358812123e-08
17800.000000000095 1.7770061775745036e-08
17850.000000000095 1.196098791545024e-08
17900.000000000095 1.2601405102920457e-08
17950.000000000095 8.289299558839898e-09
18000.000000000095 1.0287623226221883e-08
18050.000000000095 1.1739317100010568e-08
18100.000000000095 9.70915940973666e-09
18150.000000000095 1.522039560187154e-08
18200.000000000095 8.946552708374522e-09
18250.000000000095 1.9795584480211827e-08
18300.000000000095 1.1494219043115682e-08
18350.000000000095 9.658415301564243e-09
18400.000000000095 8.179019453839377e-09
18450.000000000095 1.18524996894121e-08
18500.000000000095 1.3852433410682993e-08
18550.000000000095 1.036058415638436e-08
18600.000000000095 9.73945440865058e-09
18650.000000000095 8.214554152292399e-09
18700.000000000095 7.2667295637230385e-09
18750.000000000095 9.717929717642934e-09
18800.000000000095 2.1174133197408133e-08
18850.000000000095 2.3072751390873135e-08
18900.000000000095 2.119064468813511e-08
18950.000000000095 3.386271489604718e-08
19000.000000000095 2.1491847274805247e-08
19050.000000000095 1.596097422970714e-08
19100.000000000095 3.014680405864811e-08
19150.000000000095 2.1682850444682842e-08
19200.000000000095 2.6418822694798623e-08
19250.000000000095 2.2673520553839306e-08
19300.000000000095 1.8426709703927062e-08
19350.000000000095 1.8073725219144826e-08
19400.000000000095 1.136716402575199e-08
19450.000000000095 2.2121702560223934e-08
19500.000000000095 1.9746884489864383e-08
19550.000000000095 1.6158655557641072e-08
19600.000000000095 2.370039764712048e-08
19650.000000000095 2.567447326130209e-08
19700.000000000095 2.7485644070161282e-08
19750.000000000095 3.010226480915817e-08
19800.000000000095 3.476781910923306e-08
19850.000000000095 4.239964886150693e-08
19900.000000000095 3.103829892573328e-08
19950.000000000095 4.952782923648656e-08
20000.000000000095 4.9720863944935733e-08
20050.000000000095 5.1197572545528554e-08
20100.000000000095 5.813065991420621e-08
20150.000000000095 5.273991494106783e-08
20200.000000000095 6.411041450826323e-08
20250.000000000095 7.492978893236796e-08
20300.000000000095 6.614865042727115e-08
20350.000000000095 7.692854979921469e-08
20400.000000000095 7.500892989538991e-08
20450.000000000095 9.290215749928866e-08
20500.000000000095 9.361479504921388e-08
20550.000000000095 8.954759778139706e-08
20600.000000000095 1.0414034371121289e-07
20650.000000000095 9.668286607168609e-08
20700.000000000095 9.92798945294605e-08
20750.000000000095 1.0902537119042921e-07
20800.000000000095 1.0453021034184368e-07
20850.000000000095 1.0293626327985085e-07
20900.000000000095 1.0775771550902065e-07
20950.000000000095 9.740531978028745e-08
21000.000000000095 1.0313549108022903e-07
21050.000000000095 9.45876065871544e-08
21100.000000000095 9.132961432846745e-08
21150.000000000095 8.987191883779418e-08
21200.000000000095 8.475566196013308e-08
21250.000000000095 8.245168947147291e-08
21300.000000000095 6.999013790551287e-08
21350.000000000095 7.237683682279322e-08
21400.000000000095 6.386903519050653e-08
21450.000000000095 5.692950843154307e-08
21500.000000000095 5.8347016911224186e-08
21550.000000000095 5.355451903074169e-08
21600.000000000095 4.743914610982873e-08
21650.000000000095 4.0074202678716016e-08
21700.000000000095 4.308678260199507e-08
21750.000000000095 4.1223277839363286e-08
21800.000000000095 3.558721392995586e-08
21850.000000000095 3.076363912740779e-08
21900.000000000095 2.5801540484624095e-08
21950.000000000095 1.0977958049967842e-08
22000.000000000095 5.7877231557341696e-09
22050.000000000095 4.440179841398896e-09
22100.000000000095 8.253131138564603e-09
22150.000000000095 1.0911855936269334e-08
22200.000000000095 1.0231339476573482e-08
22250.000000000095 9.291696468690435e-09
22300.000000000095 7.708375064274977e-09
22350.000000000095 7.431471648546737e-09
22400.000000000095 5.314529259334999e-09
22450.000000000095 5.063241749334652e-09
22500.000000000095 5.456608261878369e-09
22550.000000000095 2.4530859683644355e-09
22600.000000000095 3.926876441191976e-09
22650.000000000095 4.865373928654681e-09
22700.000000000095 3.6184681066151913e-09
22750.000000000095 4.1509811135525834e-09
22800.000000000095 3.5357259953473524e-09
22850.000000000095 3.1202887536428354e-09
22900.000000000095 2.1910214111212127e-09
22950.000000000095 2.502641249562632e-09
23000.000000000095 2.4505677073363826e-09
23050.000000000095 3.2787650173887856e-09
23100.000000000095 6.456543057019415e-09
23150.000000000095 7.015819812645258e-09
23200.000000000095 1.8368247545600074e-09
23250.000000000095 1.7766922998945236e-09
23300.000000000095 2.0946093909599593e-09
23350.000000000095 1.7132567595310198e-09
23400.000000000095 2.974666091688431e-09
23450.000000000095 2.3991569332063208e-09
23500.000000000095 2.1110986937375482e-09
23550.000000000095 3.6344187731894228e-09
23600.000000000095 3.653747698718185e-09
23650.000000000095 5.3555753733796905e-09
23700.000000000095 2.276678894583635e-09
23750.000000000095 1.633900381095947e-09
23800.000000000095 3.1550202938328836e-09
23850.000000000095 2.9773974499813228e-09
23900.000000000095 5.6335118087706515e-09
23950.000000000095 5.647133315695073e-09
24000.000000000095 7.271435072570111e-09
24050.000000000095 9.686700319207817e-09
24100.000000000095 7.432056033765534e-09
24150.000000000095 8.614799717411352e-09
24200.000000000095 8.343926867339167e-09
24250.000000000095 6.038345055912128e-09
24300.000000000095 8.9257579460216e-09
24350.000000000095 7.290246483824063e-09
24400.000000000095 1.2628492668555747e-08
24450.000000000095 1.068280984632066e-08
24500.000000000095 1.2644119431127851e-08
24550.000000000095 1.3841881480933225e-08
24600.000000000095 1.668248832741342e-08
24650.000000000095 1.8062677054190025e-08
24700.000000000095 1.4407880531410068e-08
24750.000000000095 1.3586265996084208e-08
24800.000000000095 1.5308130374983543e-08
24850.000000000095 2.1859601024383614e-08
24900.000000000095 1.161212709172526e-08
24950.000000000095 1.9784037077917822e-08
25000.000000000095 2.0675800274014293e-08
25050.000000000095 1.4427430159444558e-08
25100.000000000095 1.806967237655154e-08
25150.000000000095 1.0599480409179872e-08
25200.000000000095 1.6070221275237472e-08
25250.000000000095 8.778468987548005e-09
25300.000000000095 1.426947733195512e-08
25350.000000000095 6.360287981833192e-09
25400.000000000095 1.4667812735093099e-08
25450.000000000095 8.36326528439004e-09
25500.000000000095 7.824611693828127e-09
25550.000000000095 1.0527794794764659e-08
25600.000000000095 5.100459903002183e-09
25650.000000000095 4.9471314341111534e-09
25700.000000000095 9.39331443368527e-09
25750.000000000095 4.0817234195847534e-09
25800.000000000095 1.039664637578809e-08
25850.000000000095 3.930942102574292e-09
25900.000000000095 5.617284999645412e-09
25950.000000000095 2.9066657841931263e-09
26000.000000000095 1.0584827648269215e-08
26050.000000000095 4.7256270584170225e-09
26100.000000000095 1.0320054944777226e-08
26150.000000000095 7.256972567327914e-09
26200.000000000095 9.331805550580602e-09
26250.000000000095 1.685950527091195e-08
26300.000000000095 8.88201155623341e-09
26350.000000000095 2.0203800226311893e-08
26400.000000000095 2.5420574367561315e-08
26450.000000000095 2.1405146278345504e-08
26500.000000000095 2.0506017913926204e-08
26550.000000000095 1.2921268168567841e-08
26600.000000000095 1.560902878467764e-08
26650.000000000095 5.725287347907564e-09
26700.000000000095 3.458404867928202e-09
26750.000000000095 3.4303984098403874e-09
26800.000000000095 6.042116674467249e-09
26850.000000000095 3.532456636493813e-09
26900.000000000095 1.0304748398989112e-08
26950.000000000095 4.344512019780665e-09
27000.000000000095 1.5119981073999746e-08
27050.000000000095 1.3159848237689844e-08
27100.000000000095 6.7232576665665e-09
27150.000000000095 1.9261557788666843e-08
27200.000000000095 6.7694066942539335e-09
27250.000000000095 1.0370976296603055e-08
27300.000000000095 3.337397753372578e-08
27350.000000000095 2.007768475621757e-08
27400.000000000095 3.245068417173737e-09
27450.000000000095 2.5187598753173893e-08
27500.000000000095 2.714014906805959e-08
27550.000000000095 9.621079289895515e-09
27600.000000000095 1.9636341706283306e-08
27650.000000000095 7.703027946043672e-09
27700.000000000095 5.5753112186499965e-09
27750.000000000095 2.0152707843730397e-08
27800.000000000095 8.684639550268038e-09
27850.000000000095 1.0480443153975594e-08
27900.000000000095 1.367816227704306e-08
27950.000000000095 1.949257646166575e-08
28000.000000000095 1.9258243551277323e-08
28050.000000000095 6.23923747733027e-09
28100.000000000095 2.653029198942401e-08
28150.000000000095 1.7036247794950295e-08
28200.000000000095 5.6912109496894075e-09
28250.000000000095 2.699568460055746e-08
28300.000000000095 3.932553911899067e-08
28350.000000000095 8.374763162643573e-09
28400.000000000095 2.24600243014525e-08
28450.000000000095 2.990458155635587e-08
28500.000000000095 2.1353228856237247e-08
28550.000000000095 6.7825023938144026e-09
28600.000000000095 2.821853093707019e-08
28650.000000000095 2.836879628649999e-08
28700.000000000095 2.351102450644144e-08
28750.000000000095 3.7606520077693084e-08
28800.000000000095 3.041464710946663e-08
28850.000000000095 4.1398752519545154e-08
28900.000000000095 1.691973325698463e-08
28950.000000000095 4.635564055675623e-08
29000.000000000095 2.843170735715795e-08
29050.000000000095 3.53363135204505e-08
29100.000000000095 2.043006824806968e-08
29150.000000000095 4.955203286310537e-08
29200.000000000095 3.1245850643299295e-08
29250.000000000095 4.6355765614244156e-08
29300.000000000095 2.6901657880354302e-08
