galfind/configs/Brown_Dwarf_templates/sonora_cholla/logkzz4/56g/900K_56g_logkzz4_resample.dat
# %ECSV 1.0
# ---
# datatype:
# - {name: wav, unit: Angstrom, datatype: float64}
# - {name: flux_nu, unit: erg / (cm2 Hz s), datatype: float64}
# schema: astropy-2.0
wav flux_nu
[from data line 387]
29350.000000000095 1.1083546078196944e-07
29400.000000000095 5.335629917993433e-08
29450.000000000095 5.6533267122191904e-08
29500.000000000095 6.326192713289771e-08
29550.000000000095 4.96331420177996e-08
29600.000000000095 7.515459232645301e-08
29650.000000000095 6.663514368931801e-08
29700.000000000095 5.009636566032696e-08
29750.000000000095 6.461051554904793e-08
29800.000000000095 8.111197137294262e-08
29850.000000000095 8.685248233947797e-08
29900.000000000095 8.020717430949895e-08
29950.000000000095 6.411604154150076e-08
30000.000000000095 6.352508750426882e-08
30050.000000000095 5.631647344055997e-08
30100.000000000095 7.121424058826698e-08
30150.000000000095 8.680164493087313e-08
30200.000000000095 6.487609140686745e-08
30250.000000000095 9.452932395353585e-08
30300.000000000095 8.107347375334174e-08
30350.000000000095 6.555711998649477e-08
30400.000000000095 8.240519800017967e-08
30450.000000000095 6.477736164549997e-08
30500.000000000095 6.069783810313685e-08
30550.000000000095 6.17597788566411e-08
30600.000000000095 7.283525202327546e-08
30650.000000000095 6.405560188352917e-08
30700.000000000095 5.487468761492067e-08
30750.000000000095 5.055927255508503e-08
30800.000000000095 4.9827862553368554e-08
30850.000000000095 4.834878013935532e-08
30900.000000000095 4.6533767590920386e-08
30950.000000000095 3.286810553726227e-08
31000.000000000095 3.8846456621543065e-08
31050.000000000095 3.785808677167714e-08
31100.000000000095 2.489934678327281e-08
31150.000000000095 3.2373145251678375e-08
31200.000000000095 3.304827066093435e-08
31250.000000000095 2.498313190211239e-08
31300.000000000095 2.3454262984795465e-08
31350.000000000095 2.40673858196991e-08
31400.000000000095 1.4505078750608804e-08
31450.000000000095 2.515073683745298e-08
31500.000000000095 1.5104800723714063e-08
31550.000000000095 2.1373918228414813e-08
31600.000000000095 1.3263766001387571e-08
31650.000000000095 1.450098746864178e-08
31700.000000000095 1.6253322212873955e-08
31750.000000000095 1.0119958838784053e-08
31800.000000000095 1.505407808835141e-08
31850.000000000095 1.2235649690801037e-08
31900.000000000095 1.2280985874014597e-08
31950.000000000095 1.1337324639327578e-08
32000.000000000095 1.2148482197850646e-08
32050.000000000095 8.100667101918366e-09
32100.000000000095 8.417553802387243e-09
32150.000000000095 1.0790035864520492e-08
32200.000000000095 7.943853879732797e-09
32250.000000000095 1.4047425260407806e-08
32300.000000000095 6.284839269296835e-09
32350.000000000095 1.4943343838160837e-08
32400.000000000095 9.404866357769804e-09
32450.000000000095 1.2838798511383147e-08
32500.000000000095 9.618758148348699e-09
32550.000000000095 1.3084202911313781e-08
32600.000000000095 1.2916783991365414e-08
32650.000000000095 1.8996593021090115e-08
32700.000000000095 1.452685310349006e-08
32750.000000000095 2.2125727815725734e-08
32800.000000000095 1.4567277530140681e-08
32850.000000000095 2.4411161094698854e-08
32900.000000000095 2.4336402071132777e-08
32950.000000000095 2.7532717806238734e-08
33000.000000000095 2.2404217610209142e-08
33050.000000000095 2.278091025012388e-08
33100.000000000095 9.662952570964104e-09
33150.000000000095 1.6311110811301783e-09
33200.000000000095 2.184456299308443e-09
33250.000000000095 1.084743359194328e-09
33300.000000000095 1.446107886368002e-09
33350.000000000095 3.3600399621477833e-09
33400.000000000095 5.622012064835849e-09
33450.000000000095 7.640529568973884e-09
33500.000000000095 1.0996176522298589e-08
33550.000000000095 1.027402454777757e-08
33600.000000000095 1.6922524446274534e-08
33650.000000000095 1.4904106257112788e-08
33700.000000000095 1.345307913339168e-08
33750.000000000095 1.891206537157775e-08
33800.000000000095 1.246256732503174e-08
33850.000000000095 1.725341606394878e-08
33900.000000000095 1.6247462821760106e-08
33950.000000000095 1.7090898963584364e-08
34000.000000000095 2.1174012353734616e-08
34050.000000000095 8.626415305118596e-09
34100.000000000095 1.984957576471796e-08
34150.000000000095 1.4214115236373737e-08
34200.000000000095 1.872929387501348e-08
34250.000000000095 1.3811296946247937e-08
34300.000000000095 1.2296405092247769e-08
34350.000000000095 1.769519451941752e-08
34400.000000000095 1.4008424603797686e-08
34450.000000000095 2.1526478512993127e-08
34500.000000000095 1.4537643445747253e-08
34550.000000000095 1.1274817743407927e-08
34600.000000000095 2.1303564851716136e-08
34650.000000000095 1.2345906807219193e-08
34700.000000000095 1.4671379755854538e-08
34750.000000000095 1.2855152342731628e-08
34800.000000000095 1.0490831833733521e-08
34850.000000000095 1.6299524287053607e-08
34900.000000000095 1.955150931032165e-08
34950.000000000095 1.60669076523948e-08
35000.000000000095 2.2067290629298547e-08
35050.000000000095 1.7436214439274278e-08
35100.000000000095 2.392473910074811e-08
35150.000000000095 2.205325160467431e-08
35200.000000000095 3.1963181681981326e-08
35250.000000000095 2.8324538776807026e-08
35300.000000000095 2.037428694361558e-08
35350.000000000095 3.056188494515832e-08
35400.000000000095 2.9497359664088473e-08
35450.000000000095 2.560626231645948e-08
35500.000000000095 4.5406073257465355e-08
35550.000000000095 3.536376902740338e-08
35600.000000000095 3.7379535892135243e-08
35650.000000000095 3.525906144545073e-08
35700.000000000095 2.559183132750293e-08
35750.000000000095 5.119741846986306e-08
35800.000000000095 4.01395933477991e-08
35850.000000000095 2.8380176310139588e-08
35900.000000000095 4.604831195913345e-08
35950.000000000095 4.3308117877131006e-08
36000.000000000095 2.5727558670637785e-08
36050.000000000095 4.05330303964872e-08
36100.000000000095 4.07903945971874e-08
36150.000000000095 4.183477376561089e-08
36200.000000000095 3.9614282574733484e-08
36250.000000000095 4.8181025253384994e-08
36300.000000000095 4.9646854806447735e-08
36350.000000000095 5.310179376427657e-08
36400.000000000095 6.780319804072483e-08
36450.000000000095 6.590977298082017e-08
36500.000000000095 7.114370399273397e-08
36550.000000000095 6.730145383358272e-08
36600.000000000095 8.706311813465068e-08
36650.000000000095 9.066075136317768e-08
36700.000000000095 9.925493314180354e-08
36750.000000000095 1.0641339251326436e-07
36800.000000000095 8.953586941356245e-08
36850.000000000095 8.285532920155449e-08
36900.000000000095 9.389074323663025e-08
36950.000000000095 9.914766411239871e-08
37000.000000000095 9.408143775707841e-08
37050.000000000095 1.0495781334230162e-07
37100.000000000095 1.1495657397402353e-07
37150.000000000095 1.1266685384067576e-07
37200.000000000095 1.0169101151174465e-07
37250.000000000095 9.265066141449519e-08
37300.000000000095 9.845962043059361e-08
37350.000000000095 1.1657853791323135e-07
37400.000000000095 1.3331408912182092e-07
37450.000000000095 1.232592118181172e-07
37500.000000000095 9.838400916125062e-08
37550.000000000095 1.602273566756101e-07
37600.000000000095 1.6274973922501057e-07
37650.000000000095 1.2261995233436947e-07
37700.000000000095 1.2998506530832056e-07
37750.000000000095 1.0248926508756615e-07
37800.000000000095 1.156393346567924e-07
37850.000000000095 1.0736455984622007e-07
37900.000000000095 1.2040217046138375e-07
37950.000000000095 1.4169956304165764e-07
38000.000000000095 1.723237123707789e-07
38050.000000000095 1.4754890019435992e-07
38100.000000000095 1.582237842372189e-07
38150.000000000095 1.7732783404707308e-07
38200.000000000095 1.8335822178280435e-07
38250.000000000095 1.7755656648230264e-07
38300.000000000095 2.262658580064934e-07
38350.000000000095 2.3029366791705297e-07
38400.000000000095 1.5089530427911585e-07
38450.000000000095 1.5838032970837058e-07
38500.000000000095 1.2016282314694156e-07
38550.000000000095 1.5243153222415726e-07
38600.000000000095 1.6490584727550796e-07
38650.000000000095 2.2693668006299275e-07
38700.000000000095 1.9191161638013318e-07
38750.000000000095 1.997258537228223e-07
38800.000000000095 1.6637890611617357e-07
38850.000000000095 2.332985070215104e-07
38900.000000000095 2.302562510371209e-07
38950.000000000095 1.9930678351248713e-07
39000.000000000095 2.598107098854602e-07
39050.000000000095 2.1127754519416627e-07
39100.000000000095 2.4223783662050867e-07
39150.000000000095 2.1853421622304025e-07
39200.000000000095 2.048899169883639e-07
39250.000000000095 2.588496201379431e-07
39300.000000000095 2.440987852729757e-07
39350.000000000095 3.1807730073118033e-07
39400.000000000095 2.8434243018018947e-07
39450.000000000095 2.8433727844553593e-07
39500.000000000095 2.4300554077190337e-07
39550.000000000095 2.529726465971703e-07
39600.000000000095 2.7891973958136823e-07
39650.000000000095 3.4616530218426803e-07
39700.000000000095 2.640400241455625e-07
39750.000000000095 2.0912976415646523e-07
39800.000000000095 2.9258303730266525e-07
39850.000000000095 3.1450107715690307e-07
39900.000000000095 3.0447550647948183e-07
39950.000000000095 3.057003816138995e-07
40000.000000000095 3.520206934498012e-07
40050.000000000095 3.434074294153146e-07
40100.000000000095 2.567381788689686e-07
40150.000000000095 3.905907648782215e-07
40200.000000000095 3.857539187783214e-07
40250.000000000095 3.298430686227765e-07
40300.000000000095 3.816582017966685e-07
40350.000000000095 3.090122015346637e-07
40400.000000000095 3.652420996530847e-07
40450.000000000095 3.510413132955685e-07
40500.000000000095 3.898019749125006e-07
40550.000000000095 3.9104618898410727e-07
40600.000000000095 3.694058535587712e-07
40650.000000000095 3.9188848713671844e-07
40700.000000000095 4.933635338824884e-07
40750.000000000095 4.398169625033203e-07
40800.000000000095 3.3867027171342343e-07
40850.000000000095 4.7288026335956695e-07
40900.000000000095 3.7727648108322373e-07
40950.000000000095 3.6667170513447233e-07
41000.000000000095 4.23660012195138e-07
41050.000000000095 4.816237398072206e-07
41100.000000000095 3.808306544926479e-07
41150.000000000095 3.2860616085175634e-07
41200.000000000095 4.881819854774821e-07
41250.000000000095 4.4694438985734154e-07
41300.000000000095 3.7025913006155733e-07
41350.000000000095 5.146194303934172e-07
41400.000000000095 4.5295426646510643e-07
41450.000000000095 4.836739844742436e-07
41500.000000000095 3.9159549737556934e-07
41550.000000000095 3.912435413738855e-07
41600.000000000095 4.84869407115594e-07
41650.000000000095 4.1525184213347146e-07
41700.000000000095 4.136221343940093e-07
41750.000000000095 3.6220965511530673e-07
41800.000000000095 5.189676330579929e-07
41850.000000000095 3.007790537241083e-07
41900.000000000095 3.904579965993785e-07
41950.000000000095 3.956430172349282e-07
42000.000000000095 4.35485724223698e-07
42050.000000000095 3.9659275943144527e-07
42100.000000000095 4.265287529179878e-07
42150.000000000095 3.356444934340508e-07
42200.000000000095 3.880684406313588e-07
42250.000000000095 3.357442786134228e-07
42300.000000000095 3.597384772819922e-07
42350.000000000095 3.915813653081988e-07
42400.000000000095 3.044321072655427e-07
42450.000000000095 2.9704148926694965e-07
42500.000000000095 3.154533950727419e-07
42550.000000000095 3.1741696813202835e-07
42600.000000000095 3.2094960723384677e-07
42650.000000000095 4.3344275849212307e-07
42700.000000000095 3.1401436659978403e-07
42750.000000000095 3.2303123473016085e-07
42800.000000000095 2.788007376473449e-07
42850.000000000095 3.4592108999091637e-07
42900.000000000095 3.73266473486753e-07
42950.000000000095 2.875808640277781e-07
43000.000000000095 3.979294893380034e-07
43050.000000000095 2.4072303247527055e-07
43100.000000000095 3.281227727737267e-07
43150.000000000095 3.766106200320254e-07
43200.000000000095 3.7987471494082133e-07
43250.000000000095 3.7215325433101545e-07
43300.000000000095 4.4854399228413693e-07
43350.000000000095 3.079709999024108e-07
43400.000000000095 3.7969662164248827e-07
43450.000000000095 2.66334017228484e-07
43500.000000000095 2.641534996204873e-07
43550.000000000095 2.81570721066427e-07
43600.000000000095 3.727014661418901e-07
43650.000000000095 2.5628767989015865e-07
43700.000000000095 4.0054975133114744e-07
43750.000000000095 3.974953363468431e-07
43800.000000000095 3.1084940469230937e-07
43850.000000000095 3.2741269321398426e-07
43900.000000000095 2.4793304170510944e-07
43950.000000000095 2.529372815138852e-07
44000.000000000095 1.699391349275202e-07
44050.000000000095 2.748839827836284e-07
44100.000000000095 2.833225958853041e-07
44150.000000000095 2.8230163457703805e-07
44200.000000000095 2.3594690816867928e-07
44250.000000000095 2.2365872403157822e-07
44300.000000000095 1.999483784047192e-07
44350.000000000095 1.60305832187715e-07
44400.000000000095 1.749384287553089e-07
44450.000000000095 1.7668814389647065e-07
44500.000000000095 1.363291264335487e-07
44550.000000000095 1.6161668810346252e-07
44600.000000000095 1.2980963617349114e-07
44650.000000000095 1.5059205114581042e-07
44700.000000000095 1.353774762780395e-07
44750.000000000095 1.4153286185238453e-07
44800.000000000095 1.2525542138695065e-07
44850.000000000095 1.1861051861359793e-07
44900.000000000095 9.208424424944249e-08
44950.000000000095 9.132077398155626e-08
45000.000000000095 9.358039464521036e-08
45050.000000000095 9.895042577823966e-08
45100.000000000095 8.814398732445887e-08
45150.000000000095 8.220747362926468e-08
45200.000000000095 6.101616115761996e-08
45250.000000000095 6.760664044550661e-08
45300.000000000095 7.871286606288259e-08
45350.000000000095 7.826726950282757e-08
45400.000000000095 5.6108566728074406e-08
45450.000000000095 5.6756209110843326e-08
45500.000000000095 5.859503006596893e-08
45550.000000000095 7.246676360053542e-08
45600.000000000095 5.476173651078149e-08
45650.000000000095 5.4636242410398783e-08
45700.000000000095 7.162756657517423e-08
45750.000000000095 6.03310921144879e-08
45800.000000000095 4.9068396809893425e-08
45850.000000000095 7.875544661213631e-08
45900.000000000095 7.656712399667577e-08
45950.000000000095 5.054497837619358e-08
46000.000000000095 7.154634925324154e-08
46050.000000000095 7.897261768405175e-08
46100.000000000095 5.1187915962030916e-08
46150.000000000095 7.982020516210102e-08
46200.000000000095 7.537726140082681e-08
46250.000000000095 3.7497784897810045e-08
46300.000000000095 8.922629268201601e-08
46350.000000000095 6.362103031325436e-08
46400.000000000095 7.712249865449507e-08
46450.000000000095 1.078846704229142e-07
46500.000000000095 7.348521830565587e-08
46550.000000000095 1.1168810028010337e-07
46600.000000000095 1.1432809388564629e-07
46650.000000000095 1.942394873461432e-07
46700.000000000095 1.3638254650274109e-07
46750.000000000095 1.0252969030782253e-07
46800.000000000095 7.732136792039581e-08
46850.000000000095 1.1132718194498737e-07
46900.000000000095 9.305906079602999e-08
46950.000000000095 1.3153049241354848e-07
47000.000000000095 6.791938973241886e-08
47050.000000000095 1.3807305287699163e-07
47100.000000000095 5.940439113113099e-08
47150.000000000095 7.930678193943602e-08
47200.000000000095 9.555697453426594e-08
47250.000000000095 6.405593438989685e-08
47300.000000000095 8.024169498882207e-08
47350.000000000095 5.5647851715394794e-08
47400.000000000095 1.0957559480919944e-07
47450.000000000095 5.546785396460785e-08
47500.000000000095 1.207138531828828e-07
47550.000000000095 5.9502699692489e-08
47600.000000000095 1.1355967172831456e-07
47650.000000000095 6.25658639401003e-08
47700.000000000095 1.0659562312772565e-07
47750.000000000095 5.2463093785151755e-08
47800.000000000095 1.0029291704484089e-07
47850.000000000095 5.128364585404337e-08
47900.000000000095 9.156468594078079e-08
47950.000000000095 6.833433790684545e-08
48000.000000000095 1.3201071571898322e-07
48050.000000000095 8.26293027326686e-08
48100.000000000095 1.1486945123607281e-07
48150.000000000095 8.127844185242661e-08
48200.000000000095 1.2447097402075108e-07
48250.000000000095 8.77972760831932e-08
48300.000000000095 1.5733421724267734e-07
48350.000000000095 8.031825845751313e-08
48400.000000000095 1.0880861671927759e-07
48450.000000000095 7.540272893005824e-08
48500.000000000095 1.5265193058231095e-07
48550.000000000095 7.066172624354339e-08
48600.000000000095 1.3639492391105435e-07
