galfind/configs/Brown_Dwarf_templates/sonora_cholla/logkzz4/56g/950K_56g_logkzz4_resample.dat
# %ECSV 1.0
# ---
# datatype:
# - {name: wav, unit: Angstrom, datatype: float64}
# - {name: flux_nu, unit: erg / (cm2 Hz s), datatype: float64}
# schema: astropy-2.0
wav flux_nu
[from data line 775]
48750.000000000095 1.010446731451939e-07
48800.000000000095 1.6643138121531469e-07
48850.000000000095 1.2334042152279362e-07
48900.000000000095 1.8099084113574522e-07
48950.000000000095 1.5673545997511325e-07
49000.000000000095 1.2886770705037338e-07
49050.000000000095 1.7071802249822968e-07
49100.000000000095 1.1260150265115846e-07
49150.000000000095 2.020775900070043e-07
49200.000000000095 1.2970413262144423e-07
49250.000000000095 2.0810919352541296e-07
49300.000000000095 1.4813535833740774e-07
49350.000000000095 1.5438957146268362e-07
49400.000000000095 1.9106956151112567e-07
49450.000000000095 1.7571189165307803e-07
49500.000000000095 1.7089922669107309e-07
49550.000000000095 1.0332019131998674e-07
49600.000000000095 1.808676958430748e-07
49650.000000000095 1.6138516268915137e-07
49700.000000000095 1.3772983763785733e-07
49750.000000000095 2.476837474390584e-07
49800.000000000095 1.423442704410479e-07
49850.000000000095 2.8092353067107207e-07
49900.000000000095 1.987252871813266e-07
49950.000000000095 2.2554154449391794e-07
50000.000000000095 2.4548773443621434e-07
50050.000000000095 2.261409643190618e-07
50100.000000000095 2.895565608015925e-07
50150.000000000095 1.3504131953844901e-07
50200.000000000095 1.0153634691623228e-07
50250.000000000095 2.458157319227779e-07
50300.000000000095 1.7050054006221335e-07
50350.000000000095 2.3437016877722912e-07
50400.000000000095 2.156428142135736e-07
50450.000000000095 2.1764451531726294e-07
50500.000000000095 2.6428786005456873e-07
50550.000000000095 2.2279379067453006e-07
50600.000000000095 2.6095746594758147e-07
50650.000000000095 2.339353921524683e-07
50700.000000000095 3.181467203833011e-07
50750.000000000095 3.136134809179763e-07
50800.000000000095 1.4491496103690855e-07
50850.000000000095 1.6836434566761897e-07
50900.000000000095 2.8831121930352234e-07
50950.000000000095 3.024479283090443e-07
51000.000000000095 2.603404971781152e-07
51050.000000000095 2.420280496731353e-07
51100.000000000095 1.5128344665039858e-07
51150.000000000095 2.0445596316528436e-07
51200.000000000095 3.07480589143448e-07
51250.000000000095 2.8104117108434256e-07
51300.000000000095 1.8147220202692354e-07
51350.000000000095 2.4161120126990013e-07
51400.000000000095 1.7557968097164202e-07
51450.000000000095 1.5248368344578962e-07
51500.000000000095 1.391944845066045e-07
51550.000000000095 2.680499797487176e-07
51600.000000000095 1.847709624807791e-07
51650.000000000095 2.62567265793306e-07
51700.000000000095 2.607095928848713e-07
51750.000000000095 1.7646895052097671e-07
51800.000000000095 3.4317584954811027e-07
51850.000000000095 2.5605942968557023e-07
51900.000000000095 3.3928448777500585e-07
51950.000000000095 2.8162210645249317e-07
52000.000000000095 9.583335648476906e-08
52050.000000000095 1.8505237999367005e-07
52100.000000000095 1.7257755567400863e-07
52150.000000000095 1.3595327924051096e-07
52200.000000000095 1.3777440603441322e-07
52250.000000000095 1.842863672398887e-07
52300.000000000095 2.9859232375193596e-07
52350.000000000095 2.176123446736613e-07
52400.000000000095 1.6346949595418467e-07
52450.000000000095 2.7576392272268535e-07
52500.000000000095 2.47144631582699e-07
52550.000000000095 2.622912585600486e-07
52600.000000000095 1.938301094899628e-07
52650.000000000095 2.2766003885623865e-07
52700.000000000095 1.938445239842923e-07
52750.000000000095 1.553221167922139e-07
52800.000000000095 1.6346159042529054e-07
52850.000000000095 1.9807902549058859e-07
52900.000000000095 1.443479848802698e-07
52950.000000000095 1.486579210739068e-07
53000.000000000095 3.119541268691613e-07
53050.000000000095 1.2516976651377585e-07
53100.000000000095 2.6964173713037253e-07
53150.000000000095 3.1558091829348084e-07
53200.000000000095 1.527824767355404e-07
53250.000000000095 2.950327356993272e-07
53300.000000000095 2.928326815050375e-07
53350.000000000095 2.714750795496293e-07
53400.000000000095 2.9249126171112616e-07
53450.000000000095 1.3372952511582296e-07
53500.000000000095 8.365107366899397e-08
53550.000000000095 1.3814004566022194e-07
53600.000000000095 1.9678812505792173e-07
53650.000000000095 1.7815022298388632e-07
53700.000000000095 1.590639381317347e-07
53750.000000000095 1.639628816652901e-07
53800.000000000095 1.5928333726574202e-07
53850.000000000095 2.186997916844898e-07
53900.000000000095 1.9705174212291144e-07
53950.000000000095 2.702460877600051e-07
54000.000000000095 1.822877539300584e-07
54050.000000000095 1.9659259444231928e-07
54100.000000000095 9.455951859211879e-08
54150.000000000095 1.3846228055535278e-07
54200.000000000095 6.687499745849524e-08
54250.000000000095 7.841232205652464e-08
54300.000000000095 1.443787128182736e-07
54350.000000000095 1.8809086555648982e-07
54400.000000000095 1.9842712657107717e-07
54450.000000000095 1.5141233990212264e-07
54500.000000000095 1.420137261199363e-07
54550.000000000095 1.2484688273617283e-07
54600.000000000095 1.6240528335179083e-07
54650.000000000095 8.065990320685139e-08
54700.000000000095 1.8417214907936688e-07
54750.000000000095 1.8256384754961696e-07
54800.000000000095 1.2902682543900975e-07
54850.000000000095 1.5663043212409266e-07
54900.000000000095 2.0370513738475874e-07
54950.000000000095 2.737323269157512e-07
55000.000000000095 1.1113150461134004e-07
55050.000000000095 1.7883136816820212e-07
55100.000000000095 1.5126970570241083e-07
55150.000000000095 1.2243677390007322e-07
55200.000000000095 1.230094223925389e-07
55250.000000000095 1.4794653578381377e-07
55300.000000000095 1.0536683863946412e-07
55350.000000000095 1.701330538926139e-07
55400.000000000095 2.1934804658764803e-07
55450.000000000095 1.502701809210333e-07
55500.000000000095 8.001881528422192e-08
55550.000000000095 1.1040578779214974e-07
55600.000000000095 1.0182171612580607e-07
55650.000000000095 9.396493617253018e-08
55700.000000000095 1.2193933513097688e-07
55750.000000000095 1.3181036470102896e-07
55800.000000000095 9.223457558761101e-08
55850.000000000095 8.631333067685122e-08
55900.000000000095 1.6378415527057031e-07
55950.000000000095 2.0981820989739657e-07
56000.000000000095 9.828568428926018e-08
56050.000000000095 1.3718801251040057e-07
56100.000000000095 1.6491120115198995e-07
56150.000000000095 1.1493337177009334e-07
56200.000000000095 1.318695702963154e-07
56250.000000000095 1.3582072758602734e-07
56300.000000000095 1.4505539122352113e-07
56350.000000000095 1.426011065675623e-07
56400.000000000095 9.129988844484015e-08
56450.000000000095 8.068908741057587e-08
56500.000000000095 8.80456426490724e-08
56550.000000000095 6.919701090721411e-08
56600.000000000095 1.505735733610545e-07
56650.000000000095 1.4242286079534136e-07
56700.000000000095 1.5234193213717388e-07
56750.000000000095 7.830034455036224e-08
56800.000000000095 1.6850619921676637e-07
56850.000000000095 1.318246517934171e-07
56900.000000000095 9.239285384624983e-08
56950.000000000095 1.5903835626851777e-07
57000.000000000095 1.7300024613214756e-07
57050.000000000095 1.1200525002307413e-07
57100.000000000095 5.736275851695615e-08
57150.000000000095 8.522857455536826e-08
57200.000000000095 7.149287683825036e-08
57250.000000000095 9.923435604716323e-08
57300.000000000095 1.400556372080292e-07
57350.000000000095 7.418867941446516e-08
57400.000000000095 1.3031238282477815e-07
57450.000000000095 1.1605298073657614e-07
57500.000000000095 1.1445367741927067e-07
57550.000000000095 1.5044047727618054e-07
57600.000000000095 1.5700840908929638e-07
57650.000000000095 5.72705296932602e-08
57700.000000000095 7.659661202794374e-08
57750.000000000095 1.0188913587154363e-07
57800.000000000095 4.2013598461277996e-08
57850.000000000095 1.9618310401988665e-07
57900.000000000095 2.2181276035863074e-07
57950.000000000095 1.92565055580753e-07
58000.000000000095 9.246283816799282e-08
58050.000000000095 1.392580458321925e-07
58100.000000000095 1.6190073894120032e-07
58150.000000000095 1.1370741515511531e-07
58200.000000000095 6.180367010490681e-08
58250.000000000095 8.261749743369817e-08
58300.000000000095 6.443505794584281e-08
58350.000000000095 8.842636363945284e-08
58400.000000000095 1.2882138026156112e-07
58450.000000000095 1.290011136137664e-07
58500.000000000095 1.194272727792089e-07
58550.000000000095 1.301117550671092e-07
58600.000000000095 7.041238285002304e-08
58650.000000000095 9.303115062052986e-08
58700.000000000095 1.059350855425496e-07
58750.000000000095 1.1248550968282416e-07
58800.000000000095 4.7308332580452246e-08
58850.000000000095 9.636993106449368e-08
58900.000000000095 1.3100284266913896e-07
58950.000000000095 7.428371001301384e-08
59000.000000000095 1.2615605606094378e-07
59050.000000000095 1.3698587557222034e-07
59100.000000000095 1.6349949606873024e-07
59150.000000000095 1.1112528211939992e-07
59200.000000000095 1.2567859231373963e-07
59250.000000000095 1.3855673025777408e-07
59300.000000000095 1.2553195712159533e-07
59350.000000000095 5.827824765823814e-08
59400.000000000095 4.580929501660171e-08
59450.000000000095 1.126468741219247e-07
59500.000000000095 6.62660956160768e-08
59550.000000000095 1.3371763239594107e-07
59600.000000000095 1.2816620705068737e-07
59650.000000000095 1.2013965594519783e-07
59700.000000000095 7.847691723519322e-08
59750.000000000095 1.735344690476534e-07
59800.000000000095 1.0042687607539938e-07
59850.000000000095 1.4099821628438008e-07
59900.000000000095 6.464066053633887e-08
59950.000000000095 1.0602042527225821e-07
60000.000000000095 1.8657229813985147e-07
60050.000000000095 1.6495386049788833e-07
60100.000000000095 1.7037205188936674e-07
60150.000000000095 1.1141436946268376e-07
60200.000000000095 1.3487976626776837e-07
60250.000000000095 1.6381370311009196e-07
60300.000000000095 1.596772399375977e-07
60350.000000000095 1.1343163334054787e-07
60400.000000000095 1.328579149991195e-07
60450.000000000095 6.897772983653888e-08
60500.000000000095 4.18978542375388e-08
60550.000000000095 1.455426691164006e-07
60600.000000000095 1.4474869171446127e-07
60650.000000000095 1.1665753023560722e-07
60700.000000000095 9.437534734612397e-08
60750.000000000095 7.163068264178115e-08
60800.000000000095 1.4895739300762893e-07
60850.000000000095 2.126400393922766e-07
60900.000000000095 2.0294496393817909e-07
60950.000000000095 1.8314431584835076e-07
61000.000000000095 1.265091540986671e-07
61050.000000000095 9.043804240916474e-08
61100.000000000095 1.2698661305261496e-07
61150.000000000095 4.9116540956531836e-08
61200.000000000095 1.6900975491639019e-07
61250.000000000095 2.0969626628538974e-07
61300.000000000095 1.845966782268107e-07
61350.000000000095 2.1469414786225485e-07
61400.000000000095 1.4316090044072964e-07
61450.000000000095 7.874636274360903e-08
61500.000000000095 1.1355913405636656e-07
61550.000000000095 1.0583896749092829e-07
61600.000000000095 7.339051279798668e-08
61650.000000000095 1.292886803379063e-07
61700.000000000095 1.0205129248008629e-07
61750.000000000095 1.2326834807186932e-07
61800.000000000095 1.427182963211523e-07
61850.000000000095 8.717748132621794e-08
61900.000000000095 1.697690582811319e-07
61950.000000000095 1.6261127951879355e-07
62000.000000000095 1.7483012829008266e-07
62050.000000000095 1.4597830784130517e-07
62100.000000000095 1.6476185001106057e-07
62150.000000000095 1.8896847007252943e-07
62200.000000000095 1.5593016666368114e-07
62250.000000000095 1.632293170070034e-07
62300.000000000095 2.3161327017392426e-07
62350.000000000095 1.6949404472657274e-07
62400.000000000095 9.325251001963869e-08
62450.000000000095 1.4979392566422168e-07
62500.000000000095 2.039330666566652e-07
62550.000000000095 1.9762695846952384e-07
62600.000000000095 2.152288348952226e-07
62650.000000000095 1.578600026441921e-07
62700.000000000095 1.852031414250874e-07
62750.000000000095 2.3516007326756344e-07
62800.000000000095 1.3931703998009233e-07
62850.000000000095 1.935368369717546e-07
62900.000000000095 1.4071006755086126e-07
62950.000000000095 1.9084842312014147e-07
63000.000000000095 1.7055086893273312e-07
63050.000000000095 2.3367106321193367e-07
63100.000000000095 2.0571474148979024e-07
63150.000000000095 1.6855309715558348e-07
63200.000000000095 2.1218515822340789e-07
63250.000000000095 1.3900823405355744e-07
63300.000000000095 1.9762028198969358e-07
63350.000000000095 1.8623773298527845e-07
63400.000000000095 1.0890321164614397e-07
63450.000000000095 8.731891399523395e-08
63500.000000000095 1.6817302978831793e-07
63550.000000000095 1.5899082120838952e-07
63600.000000000095 1.8473220822730894e-07
63650.000000000095 1.3332185264448278e-07
63700.000000000095 9.266842630913786e-08
63750.000000000095 1.3169460228979297e-07
63800.000000000095 1.7561883327112694e-07
63850.000000000095 1.5470252740303128e-07
63900.000000000095 1.0392043748131839e-07
63950.000000000095 1.619283641268756e-07
64000.000000000095 1.6501765444588743e-07
64050.000000000095 1.1566503146832641e-07
64100.000000000095 4.4734602379010426e-08
64150.000000000095 6.320085200272591e-08
64200.000000000095 6.960273284171098e-08
64250.000000000095 1.2764756483485633e-07
64300.000000000095 9.434619309449866e-08
64350.000000000095 8.092103871203166e-08
64400.000000000095 1.358308537231181e-07
64450.000000000095 1.4762642250889054e-07
64500.000000000095 7.980358593440196e-08
64550.000000000095 1.1868215183808291e-07
64600.000000000095 5.940707298836332e-08
64650.000000000095 1.0718894691176584e-07
64700.000000000095 6.023725646293352e-08
64750.000000000095 8.153322713587354e-08
64800.000000000095 7.778912839135001e-08
64850.000000000095 6.636190744410582e-08
64900.000000000095 7.415126889874405e-08
64950.000000000095 7.207564650216347e-08
65000.000000000095 9.004385772585467e-08
65050.000000000095 8.935327989475564e-08
65100.000000000095 1.2190641867140023e-07
65150.000000000095 6.810612316128801e-08
65200.000000000095 6.206673477734891e-08
65250.000000000095 1.1902262803409762e-07
65300.000000000095 8.56465036364645e-08
65350.000000000095 1.67277076125535e-07
65400.000000000095 9.115155890124169e-08
65450.000000000095 9.785620843069037e-08
65500.000000000095 1.170139653972159e-07
65550.00000000009 7.118195120364413e-08
65600.00000000009 9.723232073079433e-08
65650.00000000009 9.800168099736283e-08
65700.00000000009 8.932845153040422e-08
65750.00000000009 6.945636274352789e-08
65800.00000000009 1.0396385217961335e-07
65850.00000000009 1.1723001450820548e-07
65900.00000000009 6.671925127700741e-08
65950.00000000009 6.30096664604645e-08
66000.00000000009 9.065139710373626e-08
66050.00000000009 1.6430910470928607e-07
66100.00000000009 1.0137014933363206e-07
66150.00000000009 7.247734473768421e-08
66200.00000000009 7.43465082275174e-08
66250.00000000009 6.995875166308944e-08
66300.00000000009 3.534607914522454e-08
66350.00000000009 4.7968568422587674e-08
66400.00000000009 6.629500998970596e-08
66450.00000000009 1.15581218737971e-07
66500.00000000009 1.5744645546668183e-07
66550.00000000009 1.604362844164793e-07
66600.00000000009 1.1829059321342198e-07
66650.00000000009 9.924145181640326e-08
66700.00000000009 9.242742825097311e-08
66750.00000000009 8.559654076776589e-08
66800.00000000009 1.1233621437435132e-07
66850.00000000009 7.559616823026817e-08
66900.00000000009 1.3272132041559876e-07
66950.00000000009 1.560413962584684e-07
67000.00000000009 1.3960775021493332e-07
67050.00000000009 1.046494096555725e-07
67100.00000000009 7.839926923491823e-08
67150.00000000009 8.352041071717216e-08
67200.00000000009 1.0145277745214272e-07
67250.00000000009 1.0730227007945986e-07
67300.00000000009 1.1409361636445549e-07
67350.00000000009 7.277332683822843e-08
67400.00000000009 1.547905103475063e-07
67450.00000000009 1.1605435119662376e-07
67500.00000000009 1.0436480964733362e-07
67550.00000000009 1.3116212702735835e-07
67600.00000000009 2.0528392741458398e-07
67650.00000000009 1.5718738392793317e-07
67700.00000000009 1.1514933403494706e-07
67750.00000000009 1.0059319673619353e-07
67800.00000000009 1.3649196795231265e-07
67850.00000000009 7.904419736384802e-08
67900.00000000009 1.0115282626891165e-07
67950.00000000009 6.841019378352369e-08
68000.00000000009 1.0140807306674976e-07
