galfind/configs/Brown_Dwarf_templates/sonora_cholla/logkzz4/56g/950K_56g_logkzz4_resample.dat
# %ECSV 1.0
# ---
# datatype:
# - {name: wav, unit: Angstrom, datatype: float64}
# - {name: flux_nu, unit: erg / (cm2 Hz s), datatype: float64}
# schema: astropy-2.0
wav flux_nu
[from data line 1162]
68100.00000000009 1.6170481936282774e-07
68150.00000000009 1.2641706162855578e-07
68200.00000000009 1.2625929745363057e-07
68250.00000000009 5.6628219972237086e-08
68300.00000000009 1.099858727309706e-07
68350.00000000009 5.8275730245799384e-08
68400.00000000009 1.6690555434214868e-07
68450.00000000009 1.565248440756558e-07
68500.00000000009 1.2686978479842155e-07
68550.00000000009 8.33475368019158e-08
68600.00000000009 8.713999072576637e-08
68650.00000000009 5.634192452010945e-08
68700.00000000009 9.683384114882911e-08
68750.00000000009 1.233368637678602e-07
68800.00000000009 1.3839753994407512e-07
68850.00000000009 6.598362085783926e-08
68900.00000000009 1.7042818728865537e-07
68950.00000000009 1.7009025260750616e-07
69000.00000000009 1.5578595462392503e-07
69050.00000000009 9.782335476688362e-08
69100.00000000009 1.67229914812705e-07
69150.00000000009 2.072083890769394e-07
69200.00000000009 1.288406680473849e-07
69250.00000000009 1.926043253905296e-07
69300.00000000009 1.109816178988718e-07
69350.00000000009 1.7708311654303385e-07
69400.00000000009 8.302336733778281e-08
69450.00000000009 1.7606848657999316e-07
69500.00000000009 1.1294452815474963e-07
69550.00000000009 1.1669447864925511e-07
69600.00000000009 4.697073734114437e-08
69650.00000000009 1.0568362986464325e-07
69700.00000000009 1.6676904865358668e-07
69750.00000000009 1.1544043831824222e-07
69800.00000000009 1.5248208590179492e-07
69850.00000000009 1.5572593942068388e-07
69900.00000000009 1.043127940251674e-07
69950.00000000009 1.1881140937021983e-07
70000.00000000009 1.1291708636975634e-07
70050.00000000009 1.7255180247763488e-07
70100.00000000009 1.294918221041604e-07
70150.00000000009 1.313406017887218e-07
70200.00000000009 9.153656160963917e-08
70250.00000000009 1.273346126025899e-07
70300.00000000009 1.6585250016521318e-07
70350.00000000009 1.1690784093046133e-07
70400.00000000009 1.027146160935358e-07
70450.00000000009 4.9026151941226303e-08
70500.00000000009 8.381771946541376e-08
70550.00000000009 8.976962463832349e-08
70600.00000000009 8.233277664438731e-08
70650.00000000009 1.406173999288247e-07
70700.00000000009 1.3182656362768462e-07
70750.00000000009 1.4849728251789373e-07
70800.00000000009 9.721954508680653e-08
70850.00000000009 9.923567468778849e-08
70900.00000000009 9.573613653122618e-08
70950.00000000009 1.5906016899621527e-07
71000.00000000009 1.2911726352551492e-07
71050.00000000009 1.301397340073821e-07
71100.00000000009 1.09451134820977e-07
71150.00000000009 1.1586442507022835e-07
71200.00000000009 1.0268354907198769e-07
71250.00000000009 1.0982002044331535e-07
71300.00000000009 1.5288044077536545e-07
71350.00000000009 1.473126543160636e-07
71400.00000000009 1.4075003631773695e-07
71450.00000000009 7.558815599682151e-08
71500.00000000009 9.40916384094499e-08
71550.00000000009 1.0314398726872366e-07
71600.00000000009 1.1046902187582679e-07
71650.00000000009 1.0378780996738256e-07
71700.00000000009 8.282363658045315e-08
71750.00000000009 1.0584208187840339e-07
71800.00000000009 1.4277867115853522e-07
71850.00000000009 1.3484601714210237e-07
71900.00000000009 9.232804291587958e-08
71950.00000000009 1.0056663005637209e-07
72000.00000000009 1.0185511621182819e-07
72050.00000000009 7.623454226412449e-08
72100.00000000009 8.94757710540625e-08
72150.00000000009 7.177518930583335e-08
72200.00000000009 1.0051212575469847e-07
72250.00000000009 1.1499373593366911e-07
72300.00000000009 1.0978493858398974e-07
72350.00000000009 1.1286692161039148e-07
72400.00000000009 9.019238294302765e-08
72450.00000000009 7.887361757916235e-08
72500.00000000009 9.661599924038409e-08
72550.00000000009 5.760469275275517e-08
72600.00000000009 5.82598904318977e-08
72650.00000000009 1.1816022941330018e-07
72700.00000000009 1.1268073752691541e-07
72750.00000000009 9.387346064245211e-08
72800.00000000009 8.456452454772266e-08
72850.00000000009 8.177680664139638e-08
72900.00000000009 1.0152424789596956e-07
72950.00000000009 1.0500939171801351e-07
73000.00000000009 1.0570507088243063e-07
73050.00000000009 8.258166443210495e-08
73100.00000000009 7.479394269585771e-08
73150.00000000009 1.3742960152348554e-07
73200.00000000009 7.68011417453409e-08
73250.00000000009 9.05016287516325e-08
73300.00000000009 9.513588061482334e-08
73350.00000000009 7.139316444274237e-08
73400.00000000009 9.331726271988662e-08
73450.00000000009 6.220026528622327e-08
73500.00000000009 5.907979890877893e-08
73550.00000000009 8.243780122606536e-08
73600.00000000009 6.169982592272412e-08
73650.00000000009 8.979518075022821e-08
73700.00000000009 1.0609797161796222e-07
73750.00000000009 6.113392936541006e-08
73800.00000000009 8.480323757121599e-08
73850.00000000009 9.329391336914466e-08
73900.00000000009 9.920963725911417e-08
73950.00000000009 8.749075057694725e-08
74000.00000000009 7.35183298900002e-08
74050.00000000009 1.3422119044570288e-07
74100.00000000009 7.905058012527638e-08
74150.00000000009 8.945471657382948e-08
74200.00000000009 8.038390573815193e-08
74250.00000000009 4.381470716314809e-08
74300.00000000009 8.095317893939418e-08
74350.00000000009 1.0436550034096061e-07
74400.00000000009 9.357307249089258e-08
74450.00000000009 5.299926218624397e-08
74500.00000000009 6.41980706735479e-08
74550.00000000009 8.002936770453155e-08
74600.00000000009 8.074695389791925e-08
74650.00000000009 8.057100606344872e-08
74700.00000000009 6.110033288400884e-08
74750.00000000009 6.950844504079995e-08
74800.00000000009 7.461062372151302e-08
74850.00000000009 5.1707947255945976e-08
74900.00000000009 1.018096538721458e-07
74950.00000000009 1.1520346807631865e-07
75000.00000000009 8.27806546761788e-08
75050.00000000009 5.9346243756238674e-08
75100.00000000009 1.2052538731559328e-07
75150.00000000009 1.0077272957236323e-07
75200.00000000009 1.19597444720654e-07
75250.00000000009 1.0459926443972478e-07
75300.00000000009 1.1159347169131532e-07
75350.00000000009 6.630074339041355e-08
75400.00000000009 1.1634372639298993e-07
75450.00000000009 9.882020296490928e-08
75500.00000000009 8.509018277069811e-08
75550.00000000009 1.196035430004138e-07
75600.00000000009 1.4199867273566702e-07
75650.00000000009 8.102725688194208e-08
75700.00000000009 9.53287267840977e-08
75750.00000000009 6.725174616825878e-08
75800.00000000009 1.0677513265198629e-07
75850.00000000009 1.340941082045343e-07
75900.00000000009 1.1567622190833693e-07
75950.00000000009 8.307113830610772e-08
76000.00000000009 1.014623294504921e-07
76050.00000000009 1.173830437440454e-07
76100.00000000009 9.466956847510656e-08
76150.00000000009 1.199958853377392e-07
76200.00000000009 1.212092856367771e-07
76250.00000000009 1.4082785210571288e-07
76300.00000000009 1.4851762858226578e-07
76350.00000000009 1.8793254092621204e-07
76400.00000000009 1.4232787666298235e-07
76450.00000000009 1.3712218710739575e-07
76500.00000000009 1.0856373484126126e-07
76550.00000000009 9.249346607549166e-08
76600.00000000009 4.22261810973579e-08
76650.00000000009 4.390481238881693e-08
76700.00000000009 4.900368656781612e-08
76750.00000000009 4.7977086721387304e-08
76800.00000000009 7.887742767877202e-08
76850.00000000009 2.625643013913616e-08
76900.00000000009 3.9102139795759955e-08
76950.00000000009 6.20962838663708e-08
77000.00000000009 6.855786081586926e-08
77050.00000000009 4.273525968410854e-08
77100.00000000009 5.206012042727629e-08
77150.00000000009 7.984831048945211e-08
77200.00000000009 6.157817607157777e-08
77250.00000000009 7.178020482306092e-08
77300.00000000009 6.885853618250485e-08
77350.00000000009 4.451159002028281e-08
77400.00000000009 4.188555550317247e-08
77450.00000000009 5.035633245318419e-08
77500.00000000009 4.808641597545388e-08
77550.00000000009 6.163807361178316e-08
77600.00000000009 6.423087678902345e-08
77650.00000000009 6.142006030519143e-08
77700.00000000009 4.037515293584458e-08
77750.00000000009 7.96997208335202e-08
77800.00000000009 6.183304227124573e-08
77850.00000000009 1.020029372647626e-07
77900.00000000009 7.936602247517479e-08
77950.00000000009 4.819733691912239e-08
78000.00000000009 6.773005700940007e-08
78050.00000000009 8.02061069314314e-08
78100.00000000009 6.080318076542849e-08
78150.00000000009 9.384613131536192e-08
78200.00000000009 9.297285849460829e-08
78250.00000000009 1.0364202514409157e-07
78300.00000000009 9.899730540917043e-08
78350.00000000009 8.864332105379105e-08
78400.00000000009 8.151544922135921e-08
78450.00000000009 1.142927204462944e-07
78500.00000000009 9.66560369746676e-08
78550.00000000009 1.1374493376848037e-07
78600.00000000009 9.831795607475261e-08
78650.00000000009 4.143739290127837e-08
78700.00000000009 6.620611031307682e-08
78750.00000000009 6.731240345486975e-08
78800.00000000009 9.795881317738772e-08
78850.00000000009 6.239229672055143e-08
78900.00000000009 9.368171094984936e-08
78950.00000000009 8.310124898900666e-08
79000.00000000009 8.152506740070486e-08
79050.00000000009 7.640809116811071e-08
79100.00000000009 7.944246031331866e-08
79150.00000000009 8.571243030296592e-08
79200.00000000009 1.0973670461142206e-07
79250.00000000009 9.256573021863245e-08
79300.00000000009 6.326328001060882e-08
79350.00000000009 9.634673725307732e-08
79400.00000000009 8.270016049310767e-08
79450.00000000009 9.648173636524769e-08
79500.00000000009 1.4144556202836825e-07
79550.00000000009 1.0901220423634755e-07
79600.00000000009 7.109328140291911e-08
79650.00000000009 9.853886197606382e-08
79700.00000000009 1.190092542166624e-07
79750.00000000009 1.1306057263135205e-07
79800.00000000009 9.34152885015438e-08
79850.00000000009 9.233342661019132e-08
79900.00000000009 1.4090578727141898e-07
79950.00000000009 9.047620211372497e-08
