galfind/configs/Brown_Dwarf_templates/sonora_bobcat/m+0.5/10g/sp_t275g10nc_m+0.5_resample.dat
# %ECSV 1.0
# ---
# datatype:
# - {name: wav, unit: Angstrom, datatype: float64}
# - {name: flux_nu, unit: erg / (cm2 Hz s), datatype: float64}
# meta: {C/O: '1.00', Kzz: '1.0000E+05', Teff: '275.', Y: '0.28', '[Fe/H]': '0.50', f_hole: '1.00', f_rain: '0.00', grav: '10.'}
# schema: astropy-2.0
wav flux_nu
4000.0559999999996 nan
4050.0559999999996 1.115235989126231e-19
4100.056 2.4442843081600457e-18
4150.056 1.1192340008699987e-17
4200.056 1.2457358515230974e-17
4250.056 7.534021022800032e-17
4300.056 1.6687354750999838e-16
4350.056 3.0897819265000094e-16
4400.056 5.002650581299897e-16
4450.056 7.308993695529838e-16
4500.056 1.263367083730011e-15
4550.056 1.594120600456011e-15
4600.056 1.0060915824799926e-15
4650.056 8.558917553399946e-16
4700.056 6.144275573400082e-16
4750.056 4.318612288100062e-16
4800.056 3.2546163471999833e-16
4850.056 1.878049680550001e-16
4900.056 1.3048520040800103e-16
4950.056 1.0574203317200051e-16
5000.056 7.616050146699955e-17
5050.056 5.249410577023729e-17
5100.056 6.613599572921308e-17
5150.056 9.057183723100379e-17
5200.056 1.1672898140800178e-16
5250.056 1.388909730500004e-16
5300.056 1.6488047160000012e-16
5350.056 1.9543229417000062e-16
5400.056 2.120280364370017e-16
5450.056 2.468629337870139e-16
5500.056 2.999099186890103e-16
5550.056 3.633097816700022e-16
5600.056 4.1899720018000106e-16
5650.056 4.608284165099945e-16
5700.056 4.2986526931479693e-16
5750.056 4.470891533379999e-16
5800.056 4.2241137078699658e-16
5850.056 2.815751784459893e-16
5900.056 5.299331451260599e-17
5950.056 4.379459729933493e-16
6000.056 1.0208728396161855e-15
6050.056 2.211093327918119e-15
6100.056 4.154914611160124e-15
6150.056 6.690016187000083e-15
6200.056 9.852899639000094e-15
6250.056 1.233048151158004e-14
6300.056 1.702926088059989e-14
6350.056 2.2220035956100214e-14
6400.056 2.7574016966400627e-14
6450.056 2.45402949624163e-14
6500.056 3.007005702778881e-14
6550.056 4.2323145430065286e-14
6600.056 6.28708131049998e-14
6650.056 9.700444244046267e-14
6700.056 1.4605037920599926e-13
6750.056 2.105596040000034e-13
6800.056 2.448711927100126e-13
6850.056 2.53930230521002e-13
6900.056 1.7562661710878084e-13
6950.056 9.091266311207503e-14
7000.056 1.112353270441416e-13
7050.056 1.0347273175453765e-13
7100.056 1.0927603364756024e-13
7150.056 6.248445538270423e-14
7200.056 2.528681518830438e-14
7250.056 4.2066471801693244e-14
7300.056 4.734223093751737e-14
7350.056 8.121765279401618e-14
7400.056 1.2650124911854094e-13
7450.056 2.380439982775767e-13
7500.056 3.7484260814717613e-13
7550.056 5.465478593199944e-13
7600.056 6.798392922799992e-13
7650.056 3.9378582057459235e-13
7700.056 3.9840209779000266e-13
7750.056 1.010827990060009e-12
7800.056 1.0809675152059402e-12
7850.056 1.0287718907568505e-12
7900.056 1.1346822909287398e-12
7950.056 1.2259211689979928e-12
8000.056 1.063805880216808e-12
8050.056 1.1151805852781325e-12
8100.056 4.310238898123615e-13
8150.056 2.238405889196015e-13
8200.056 5.432288324484902e-13
8250.056 6.473189642811004e-13
8300.056 6.059988699697427e-13
8350.056 3.415510903189481e-13
8400.056 2.7808182242278653e-13
8450.056 4.486094491462822e-13
8500.056 5.133426063205569e-13
8550.056 7.007303425734046e-13
8600.056 8.837449467493856e-13
8650.056 8.840960793420753e-13
8700.056 4.565745679200319e-13
8750.056 3.3401232271401553e-13
8800.056 1.6538209572095544e-13
8850.056 5.181241093533459e-14
8900.056 1.4319415782155554e-16
8950.056 1.5301332540412512e-16
9000.056 6.955295259082491e-17
9050.056 8.834097378036408e-16
9100.056 2.032586436026206e-15
9150.056 1.240773957560482e-14
9200.056 1.0382914110972225e-13
9250.056 1.4247399082329755e-13
9300.056 1.02108609346809e-15
9350.056 8.038859755940622e-16
9400.056 8.34575274851844e-15
9450.056 7.962955802310059e-15
9500.056 7.900498399324248e-15
9550.056 8.553775559445745e-15
9600.056 9.696235176074676e-15
9650.056 2.1682426723413358e-14
9700.056 7.263308206647344e-14
9750.056 3.42743148420694e-14
9800.056 1.3721114397327232e-14
9850.056 9.150804900156312e-15
9900.056 1.0878480999148776e-14
9950.056 4.542537010146731e-15
10000.056 6.3916477924562526e-15
10050.056 2.611242640066348e-15
10100.056 2.8278251979360812e-15
10150.056 1.404793104407568e-15
10200.056 4.553980919553814e-16
10250.056 4.735224865767818e-16
10300.056 1.4672723125268408e-15
10350.056 1.1623635110204361e-15
10400.056 1.1132747026476194e-14
10450.056 5.720224263218805e-14
10500.056 2.5405739317202177e-13
10550.056 1.0304040967787928e-12
10600.056 2.431737347925773e-12
10650.056 3.5286705231723287e-12
10700.056 3.5473613454301934e-12
10750.056 4.989827855344302e-12
10800.056 5.077493124086282e-12
10850.056 3.4887079347094727e-12
10900.056 1.3244268997659461e-12
10950.056 5.303624160642949e-13
11000.056 2.6415650892121016e-13
11050.056 1.2026777826479653e-13
11100.056 2.575368846885247e-14
11150.056 2.995721594095862e-15
11200.056 3.2601973972093387e-16
11250.056 1.6221060604893061e-16
11300.056 2.323066678178888e-15
11350.056 1.4514453908572046e-16
11400.056 1.010779864820226e-15
11450.056 7.321567575562814e-16
11500.056 4.328524592682374e-16
11550.056 2.099245114674743e-17
11600.056 5.697710637587987e-18
11650.056 9.981843317143473e-17
11700.056 9.55997094595547e-17
11750.056 6.107481427504781e-18
11800.056 7.572546538237408e-17
11850.056 6.923608680043735e-17
11900.056 4.6380009890552365e-17
11950.056 1.2957986971421571e-16
12000.056 2.850673331914565e-16
12050.056 6.074566476599175e-16
12100.056 1.5895014488248432e-15
12150.056 2.3069375386722682e-15
12200.056 2.7002208010599535e-15
12250.056 1.2981941691137909e-14
12300.056 4.441837001637819e-14
12350.056 6.822291602332126e-14
12400.056 2.6330417343430254e-13
12450.056 7.279815459845117e-13
12500.056 9.72489000837743e-13
12550.056 1.6356112663551676e-12
12600.056 5.577242969687484e-12
12650.056 1.4264656889728012e-11
12700.056 1.5136392970281043e-11
12750.056 4.270687571063598e-12
12800.056 9.151322030801845e-13
12850.056 2.6913250938884404e-13
12900.056 1.4898498291756386e-13
12950.056 9.573581334868026e-14
13000.056 7.147151836341214e-14
13050.056 3.0988019766790577e-14
13100.056 2.057371479803829e-14
13150.056 8.993167782659175e-15
13200.056 8.843078686967192e-15
13250.056 1.2270955234659597e-14
13300.056 5.238833203493114e-15
13350.056 1.2979133012263474e-15
13400.056 1.099942191385699e-15
13450.056 2.2567202071869524e-16
13500.056 3.309698965688031e-17
13550.056 6.5036652142931694e-18
13600.056 2.4012193820456623e-19
13650.056 5.421184315345026e-18
13700.056 1.5139741792378067e-18
13750.056 7.532660488128073e-18
13800.056 2.5840810017154247e-18
13850.056 1.5013354657962406e-18
13900.056 8.733536648398576e-18
13950.056 3.069689261072678e-18
14000.056 4.577372945282599e-18
14050.056 1.0809337561770047e-17
14100.056 1.789319674569103e-17
14150.056 1.1132924706824217e-16
14200.056 4.866851805866629e-17
14250.056 1.2085683641078024e-16
14300.056 3.0977259101329043e-16
14350.056 4.017385242991359e-16
14400.056 4.96741682905452e-16
14450.056 1.087217601942623e-15
14500.056 3.0201209264608857e-15
14550.056 4.0512376691748795e-15
14600.056 3.1614473264739237e-15
14650.056 8.902861400800444e-16
14700.056 4.2434650831616937e-16
14750.056 5.190032723258295e-17
14800.056 1.7554458024482557e-16
14850.056 2.0932964660651573e-16
14900.056 1.6080766308015007e-16
14950.056 7.811710784896755e-17
15000.056 3.0145228403549017e-16
15050.056 3.883378645390661e-16
15100.056 1.1720832160281143e-16
15150.056 3.972583426949013e-17
15200.056 2.8382980235340786e-16
15250.056 8.243879523057028e-16
15300.056 1.0392088669850168e-15
15350.056 2.3344879568620282e-15
15400.056 3.3139995140276795e-15
15450.056 4.186648791572768e-15
15500.056 5.716945277124375e-15
15550.056 2.4284399497142807e-14
15600.056 3.390535429813171e-14
15650.056 1.1287479059213249e-13
15700.056 2.612360957588599e-13
15750.056 5.368623585738185e-13
15800.056 6.019215843688402e-13
15850.056 1.0942176708614924e-12
15900.056 1.5870329688605969e-12
15950.056 2.0669607152042504e-12
16000.056 2.0310174200043732e-12
16050.056 1.1408556975292026e-12
16100.056 6.146157477409855e-13
16150.056 2.746464226495353e-13
16200.056 1.040342019943587e-13
16250.056 4.696272689484023e-14
16300.056 1.706059713009813e-14
16350.056 1.9927314716326304e-14
16400.056 2.8460523330803715e-14
16450.056 1.6169904042913207e-14
16500.056 1.0511318761314984e-14
16550.056 8.707738972859133e-15
16600.056 3.088138914327109e-14
16650.056 1.9426064942403303e-14
16700.056 1.4638934760570698e-15
16750.056 6.925550381339137e-15
16800.056 1.6072616050500452e-14
16850.056 1.6064148441875496e-14
16900.056 4.604321605213001e-15
16950.056 1.3287144197127503e-15
17000.056 4.187897406074811e-16
17050.056 9.75303453586025e-16
17100.056 3.248726606479588e-15
17150.056 1.2794435075142063e-15
17200.056 1.6280993693184297e-14
17250.056 3.084050788164615e-15
17300.056 2.0867417969946495e-15
17350.056 2.6772394281817508e-15
17400.056 1.040679322618111e-14
17450.056 1.433117742860846e-14
17500.056 2.8705891644695647e-14
17550.056 2.5598390203404193e-14
17600.056 1.9028019855313524e-14
17650.056 1.34390034904376e-14
17700.056 9.662837610413042e-15
17750.056 1.249379039717691e-14
17800.056 9.516067737957656e-14
17850.056 1.27141562567349e-14
17900.056 1.1834187023912372e-14
17950.056 1.1716833543017316e-14
18000.056 1.7350437198948944e-14
18050.056 1.8165579169282962e-14
18100.056 2.808098754285864e-14
18150.056 9.92418582064078e-15
18200.056 9.153003064779904e-15
18250.056 5.7129063376532e-14
18300.056 3.1728441045154266e-15
18350.056 2.3543362397563234e-15
18400.056 6.742481596475167e-16
18450.056 1.7339932249585497e-14
18500.056 1.2958287278545194e-14
18550.056 5.3546910426908756e-15
18600.056 2.0195540825143483e-14
18650.056 1.534479003662982e-14
18700.056 4.812987310836624e-16
18750.056 1.2740542564675932e-15
18800.056 4.305802223397108e-14
18850.056 3.706363027346543e-14
18900.056 5.357315156729669e-14
18950.056 6.295055503598615e-14
19000.056 5.0247110307643835e-15
19050.056 2.2028366213983707e-15
19100.056 9.02332526953339e-15
19150.056 3.2761804257534326e-15
19200.056 7.331178009932579e-15
19250.056 6.056276608617488e-15
19300.056 2.4671780906968674e-15
19350.056 2.6692746972954867e-15
19400.056 2.0887688917248842e-15
19450.056 4.311707030203139e-15
19500.056 1.0459875378907791e-15
19550.056 6.0554994894359e-15
19600.056 2.690131298397454e-14
19650.056 1.469764474608261e-14
19700.056 1.854025086076184e-14
19750.056 5.1639474169457516e-14
19800.056 1.766837433486355e-14
19850.056 2.5024140413442726e-14
19900.056 4.795426925439763e-14
19950.056 7.332580630049225e-14
20000.056 1.0352557305801794e-13
20050.056 6.775879111643775e-14
20100.056 1.2591537079704933e-13
20150.056 6.305306437881194e-14
20200.056 3.421446815342825e-14
20250.056 1.3363325512542622e-13
20300.056 2.023525322801181e-13
20350.056 3.347963180806098e-13
20400.056 1.8838653061752814e-13
20450.056 3.9658066567626257e-13
20500.056 6.436595605964269e-13
20550.056 8.7888127506422e-13
20600.056 1.0327325557202692e-12
20650.056 1.6219283169776393e-12
20700.056 1.886419536898969e-12
20750.056 2.904627494675027e-12
20800.056 2.5148302440128096e-12
20850.056 3.476492429314195e-12
20900.056 4.460316174602008e-12
20950.056 3.999729297107561e-12
21000.056 4.0727236984041616e-12
21050.056 4.8527147176284165e-12
21100.056 4.419938324370022e-12
21150.056 4.700214992528223e-12
21200.056 4.027719555759007e-12
21250.056 3.799889273874723e-12
21300.056 2.827444951094302e-12
21350.056 2.9171825135914068e-12
21400.056 2.718364813938609e-12
21450.056 1.6056547135711319e-12
21500.056 1.3009933991525588e-12
21550.056 1.376807975006851e-12
21600.056 8.798039263295787e-13
21650.056 5.361863966289912e-13
21700.056 2.389653908367793e-13
21750.056 4.5058444799090545e-13
21800.056 2.50415075263337e-13
21850.056 2.7138233663410637e-13
21900.056 1.61300227153353e-13
21950.056 1.9733396437542158e-14
22000.056 8.3500643065311775e-16
22050.056 2.9693829912781606e-15
22100.056 1.8981435170446085e-14
22150.056 1.2535823805755168e-14
22200.056 9.831072320776339e-15
22250.056 7.60253006581998e-15
22300.056 1.8570782342022898e-15
22350.056 4.403976870958316e-15
22400.056 9.28510401166331e-16
22450.056 1.6412985505666791e-15
22500.056 1.3574009391810178e-15
22550.056 2.7166209162410297e-16
22600.056 2.1788873603834002e-16
22650.056 4.820489554834408e-16
22700.056 5.122091880496849e-16
22750.056 1.2220434150826912e-15
22800.056 1.165922306361388e-15
22850.056 7.211243954039136e-16
22900.056 5.75131489068863e-16
22950.056 1.8265841207445375e-16
23000.056 5.037144078434981e-16
23050.056 3.422378084904222e-16
23100.056 7.279895994933733e-15
23150.056 1.4653761941594068e-14
23200.056 8.447700564904779e-17
23250.056 8.308433787879886e-16
23300.056 6.140633366732047e-16
23350.056 2.084676616429567e-15
23400.056 1.448505249672617e-15
23450.056 3.660008388888176e-16
23500.056 3.258013983867006e-16
23550.056 1.3311460270785164e-15
23600.056 6.410577394021036e-15
23650.056 9.333026984516649e-15
23700.056 6.013141836821653e-16
23750.056 6.897107460245362e-16
23800.056 9.364033416992504e-15
23850.056 4.4673642459680145e-15
23900.056 1.4204865323615257e-14
23950.056 3.5711239579502944e-15
24000.056 2.0584338847290035e-14
24050.056 3.0104068033004494e-14
24100.056 7.003183141810784e-14
24150.056 9.233896829086879e-14
24200.056 3.648144727481126e-14
24250.056 2.998921548923608e-14
24300.056 5.6309950878609855e-14
24350.056 5.5050251141722795e-14
24400.056 2.4461738224680355e-13
24450.056 3.3307078579417214e-13
24500.056 2.742251200257618e-13
24550.056 5.316549144834265e-13
24600.056 5.57053405510013e-13
24650.056 1.2676612056799027e-12
24700.056 5.537006032891751e-13
24750.056 9.292253013016832e-13
24800.056 6.948258869654979e-13
24850.056 1.2393046454238557e-12
24900.056 7.210588130049058e-13
24950.056 1.0989904235943101e-12
25000.056 1.6078287263656068e-12
25050.056 1.153564500006614e-12
25100.056 1.6396222287021112e-12
25150.056 5.34547611587255e-13
25200.056 9.500564765496238e-13
25250.056 3.460654224221449e-13
25300.056 2.815561861001509e-13
25350.056 1.5340671903535795e-13
25400.056 4.0330143735752085e-13
25450.056 6.320681929309786e-14
25500.056 5.2208304080660007e-14
25550.056 1.6239443027161779e-13
25600.056 3.9738833413798406e-14
25650.056 1.5868538687601578e-14
25700.056 9.797937725173587e-15
25750.056 3.1152973977362197e-15
25800.056 1.8174716593711106e-14
25850.056 2.282624390348951e-15
25900.056 2.563868989143296e-15
25950.056 9.45819613876272e-16
26000.056 1.0135928927635657e-14
26050.056 1.2093237875694679e-15
26100.056 4.2295315588967785e-15
26150.056 1.7378264955785389e-15
26200.056 2.4106990811502504e-15
26250.056 1.7989603492147296e-14
26300.056 2.999139267577091e-15
26350.056 6.429260874866378e-14
26400.056 2.0357505129353301e-13
26450.056 9.704345351217832e-14
26500.056 3.6655298024909237e-13
26550.056 1.2304330043912682e-14
26600.056 1.1417904292459407e-14
26650.056 2.077056847957677e-15
26700.056 2.086820717170921e-15
26750.056 3.603492336212601e-15
26800.056 1.445299724152523e-14
26850.056 8.720164632847889e-15
26900.056 4.46390361055243e-14
26950.056 8.773244952932764e-15
27000.056 5.512195636358384e-14
27050.056 1.212005846171001e-13
27100.056 4.70393280132302e-15
27150.056 7.996471302231973e-14
27200.056 5.829685735289142e-15
27250.056 2.428738805822081e-14
27300.056 3.7053753346980036e-13
27350.056 7.986947512576126e-14
27400.056 5.252741869018198e-15
27450.056 1.5481488003550124e-13
27500.056 1.7884583107440636e-13
27550.056 2.5624419727038023e-14
27600.056 9.173369317850876e-14
27650.056 2.0926327818316568e-14
27700.056 2.6456813944164546e-14
27750.056 2.0074650687907538e-13
27800.056 4.919055732519793e-14
27850.056 1.2964960669283608e-13
27900.056 1.3699774622798962e-13
27950.056 3.5207492430954486e-13
28000.056 5.690942368077189e-13
28050.056 2.7673360075682496e-14
28100.056 4.62462249430397e-13
28150.056 3.731850974591372e-13
28200.056 5.21286336733528e-14
28250.056 6.765115709926773e-13
28300.056 5.432096861079043e-13
28350.056 6.466309457026024e-14
28400.056 2.868604541497759e-13
28450.056 6.508032903845976e-13
28500.056 2.5709193860785634e-13
28550.056 6.188662447105979e-14
28600.056 6.332618996249768e-13
28650.056 2.4346725610021205e-13
28700.056 7.785339285509772e-13
28750.056 9.671174673488429e-13
28800.056 1.8647815204530372e-13
