galfind/configs/Brown_Dwarf_templates/sonora_bobcat/m+0.5/10g/sp_t950g10nc_m+0.5_resample.dat
# %ECSV 1.0
# ---
# datatype:
# - {name: wav, unit: Angstrom, datatype: float64}
# - {name: flux_nu, unit: erg / (cm2 Hz s), datatype: float64}
# meta: {C/O: '1.00', Kzz: '1.0000E+05', Teff: '950.', Y: '0.28', '[Fe/H]': '0.50', f_hole: '1.00', f_rain: '0.00', grav: '10.'}
# schema: astropy-2.0
wav flux_nu
4000.0559999999996 nan
4050.0559999999996 9.276436923093498e-13
4100.056 2.1843890624399478e-11
4150.056 4.0244943728704604e-11
4200.056 3.354657637016126e-11
4250.056 5.516568873601799e-11
4300.056 6.294198221300911e-11
4350.056 6.945000318400434e-11
4400.056 8.399186760300894e-11
4450.056 8.923417490700004e-11
4500.056 9.346511673100608e-11
4550.056 1.1309300136719293e-10
4600.056 1.2912838645632192e-10
4650.056 1.211872912699873e-10
4700.056 1.3169493228700649e-10
4750.056 9.991605356500115e-11
4800.056 4.108035996199859e-11
4850.056 1.105255568979956e-11
4900.056 3.382791396599935e-12
4950.056 1.136593926449987e-12
5000.056 3.1221607834999597e-13
5050.056 1.0688116458199942e-13
5100.056 8.356401862699988e-14
5150.056 7.258469038399963e-14
5200.056 6.415455434499998e-14
5250.056 5.671558632299991e-14
5300.056 5.1147606493999956e-14
5350.056 4.764590088999997e-14
5400.056 4.55005707289999e-14
5450.056 4.417694651899994e-14
5500.056 4.3338228862000174e-14
5550.056 4.2863136272000045e-14
5600.056 4.245566582099995e-14
5650.056 4.169125226199998e-14
5700.056 4.025287309500004e-14
5750.056 3.7557236370999926e-14
5800.056 3.270936602399995e-14
5850.056 2.3168166570999728e-14
5900.056 7.691802892418648e-15
5950.056 4.441317324300105e-14
6000.056 9.090634411599951e-14
6050.056 1.623330463150023e-13
6100.056 2.7197914108000243e-13
6150.056 4.4159251789000336e-13
6200.056 7.072953002000048e-13
6250.056 1.1210679342700063e-12
6300.056 1.7809507987000122e-12
6350.056 2.8254038638000216e-12
6400.056 4.475843973000027e-12
6450.056 6.9965536053999475e-12
6500.056 1.092709933230005e-11
6550.056 1.685204638000007e-11
6600.056 2.5773306666000367e-11
6650.056 3.884439568300028e-11
6700.056 4.7528300692571363e-11
6750.056 8.145885969400039e-11
6800.056 1.0937082032200039e-10
6850.056 1.2656779496000022e-10
6900.056 1.2138177202600262e-10
6950.056 1.0907911887199864e-10
7000.056 1.1160671207400204e-10
7050.056 1.2212523904299803e-10
7100.056 1.3524768125399945e-10
7150.056 1.3492255258329694e-10
7200.056 1.306788484939215e-10
7250.056 1.2575360326859025e-10
7300.056 1.131907479481984e-10
7350.056 9.973206716079684e-11
7400.056 8.753499621800317e-11
7450.056 7.361702388600176e-11
7500.056 5.960500879199946e-11
7550.056 4.562510477799963e-11
7600.056 3.3441686967999724e-11
7650.056 8.489549214003594e-12
7700.056 5.408734607007882e-12
7750.056 3.084466256700063e-11
7800.056 5.656039451498072e-11
7850.056 1.1588518371100041e-10
7900.056 1.888689689780007e-10
7950.056 2.3575316394580336e-10
8000.056 4.4249773528000675e-10
8050.056 6.241389830300263e-10
8100.056 7.892224886767233e-10
8150.056 1.0410896732338204e-09
8200.056 1.403240806578572e-09
8250.056 1.7975201622973991e-09
8300.056 2.300174004426271e-09
8350.056 2.896634514213824e-09
8400.056 3.6313982251314464e-09
8450.056 4.637726316407603e-09
8500.056 5.117688444377822e-09
8550.056 6.878283005650082e-09
8600.056 8.814950939900131e-09
8650.056 1.016982036639997e-08
8700.056 1.1979785137399029e-08
8750.056 1.4192152419800907e-08
8800.056 1.678086845200173e-08
8850.056 1.9236633741198646e-08
8900.056 1.7505003553037332e-08
8950.056 1.5540865915401086e-08
9000.056 1.9993940658628197e-08
9050.056 2.7347111427435936e-08
9100.056 3.089092913099018e-08
9150.056 2.9122537403636696e-08
9200.056 3.377538055953991e-08
9250.056 3.330969484716367e-08
9300.056 1.5742720797846244e-08
9350.056 1.6829221049874523e-08
9400.056 1.9335016062446772e-08
9450.056 2.5341734925853185e-08
9500.056 2.5827965735116565e-08
9550.056 3.033880042744591e-08
9600.056 2.8147101081714175e-08
9650.056 3.2480898727785305e-08
9700.056 3.419874859984727e-08
9750.056 3.3808466888025316e-08
9800.056 3.6100517775725844e-08
9850.056 4.1621947093488773e-08
9900.056 4.869824683947505e-08
9950.056 5.091688314854462e-08
10000.056 5.160387315770029e-08
10050.056 6.153048547210413e-08
10100.056 7.49009420117634e-08
10150.056 8.941997759377002e-08
10200.056 1.0590581482758176e-07
10250.056 1.1856940225198354e-07
10300.056 1.355672043190161e-07
10350.056 1.597440853799885e-07
10400.056 1.8143860564497346e-07
10450.056 1.9018502391898584e-07
10500.056 1.887835998500161e-07
10550.056 1.954220276260349e-07
10600.056 2.0558475241499116e-07
10650.056 2.2528628887769536e-07
10700.056 2.345533587945275e-07
10750.056 2.533113545047241e-07
10800.056 2.6669381936232517e-07
10850.056 2.6110320402338844e-07
10900.056 1.8771485764531125e-07
10950.056 9.944269452979027e-08
11000.056 9.604451452109137e-08
11050.056 8.88390135288758e-08
11100.056 7.357207019246361e-08
11150.056 5.5611269129804415e-08
11200.056 5.005361643329748e-08
11250.056 5.629748812375828e-08
11300.056 5.9027959611470875e-08
11350.056 3.246835233458738e-08
11400.056 4.5762197567984775e-08
11450.056 4.2937916833383643e-08
11500.056 4.578097534630957e-08
11550.056 2.7983619962680068e-08
11600.056 3.332923324795907e-08
11650.056 4.1300707885015026e-08
11700.056 3.826947052632924e-08
11750.056 2.310008977258426e-08
11800.056 4.440825505176772e-08
11850.056 5.996358634224496e-08
11900.056 6.287834238482046e-08
11950.056 8.890813176822561e-08
12000.056 1.0471185765793475e-07
12050.056 1.2697672152417666e-07
12100.056 1.4177439701067118e-07
12150.056 1.683769577407681e-07
12200.056 1.9617276400116862e-07
12250.056 2.1682361850678355e-07
12300.056 2.4202213243177155e-07
12350.056 2.5835061790926075e-07
12400.056 2.8559591854121126e-07
12450.056 2.975379328398576e-07
12500.056 3.260010011510832e-07
12550.056 3.4924122520294954e-07
12600.056 3.8602021159701146e-07
12650.056 3.83244695609964e-07
12700.056 4.082569013453672e-07
12750.056 4.1345753927002004e-07
12800.056 4.2822701289616147e-07
12850.056 4.02325090423951e-07
12900.056 3.6510103120100255e-07
12950.056 3.812654576743978e-07
13000.056 3.273104717964774e-07
13050.056 3.1040367410698906e-07
13100.056 2.8551690152161227e-07
13150.056 2.531364053586258e-07
13200.056 2.2231509196778782e-07
13250.056 1.8237934431053845e-07
13300.056 9.771221503354462e-08
13350.056 3.627991933092813e-08
13400.056 2.700223234571202e-08
13450.056 1.7778217431151515e-08
13500.056 1.5197639151139843e-08
13550.056 1.2538301018932268e-08
13600.056 7.3878427845225665e-09
13650.056 1.2225839154652215e-08
13700.056 1.0683255380355427e-08
13750.056 9.027024091073306e-09
13800.056 1.0117414818040808e-08
13850.056 9.519936579534708e-09
13900.056 9.907142766721783e-09
13950.056 9.167687577044541e-09
14000.056 9.12958378150826e-09
14050.056 9.857771566885649e-09
14100.056 9.594460530950902e-09
14150.056 1.1265596391219708e-08
14200.056 1.021515368814062e-08
14250.056 1.1137396914931993e-08
14300.056 1.3858842787326077e-08
14350.056 1.3630822733780861e-08
14400.056 1.6959431211645275e-08
14450.056 1.7665953380146387e-08
14500.056 2.5161030566420718e-08
14550.056 2.8457396157101605e-08
14600.056 3.2098068661478246e-08
14650.056 3.411548511594667e-08
14700.056 3.047580135660699e-08
14750.056 3.606475924840775e-08
14800.056 4.348030268766739e-08
14850.056 4.6878325646455564e-08
14900.056 5.1605892937762396e-08
14950.056 5.299569406522095e-08
15000.056 5.8522441711986426e-08
15050.056 6.636304881062253e-08
15100.056 7.354449871080246e-08
15150.056 8.33985201886683e-08
15200.056 8.489306866455591e-08
15250.056 9.248472123288077e-08
15300.056 1.0223664364665777e-07
15350.056 1.087992968334142e-07
15400.056 1.2151676504750662e-07
15450.056 1.328393904617213e-07
15500.056 1.355495726822598e-07
15550.056 1.4981584332139663e-07
15600.056 1.4272884725929895e-07
15650.056 1.562963377585157e-07
15700.056 1.8477102959723624e-07
15750.056 2.032467904599088e-07
15800.056 1.9575767528013366e-07
15850.056 2.2828220191900078e-07
15900.056 2.2339832785436965e-07
15950.056 2.482924644859198e-07
16000.056 2.3016732270201562e-07
16050.056 1.9836954506921078e-07
16100.056 1.8621049774773266e-07
16150.056 1.5823381581406653e-07
16200.056 1.3760295513354222e-07
16250.056 1.3129667665982906e-07
16300.056 1.1502046438622426e-07
16350.056 1.2495844107088272e-07
16400.056 1.5037753650062396e-07
16450.056 1.5562098988071183e-07
16500.056 1.744739735417517e-07
16550.056 1.7066531425368084e-07
16600.056 1.5944475323279296e-07
16650.056 1.604428967441626e-07
16700.056 8.01351576484173e-08
16750.056 9.365425540072194e-08
16800.056 1.5405435825743363e-07
16850.056 1.610734828319937e-07
16900.056 1.424043435598463e-07
16950.056 1.1492883283753025e-07
17000.056 8.533859009686613e-08
17050.056 1.1341564624374624e-07
17100.056 1.2579155296610268e-07
17150.056 8.964929973550161e-08
17200.056 1.1211230789558364e-07
17250.056 9.940080458756035e-08
17300.056 7.893328262111403e-08
17350.056 6.63257912095189e-08
17400.056 8.082034959483502e-08
17450.056 8.074242574615589e-08
17500.056 8.77262267782918e-08
17550.056 8.68279545616174e-08
17600.056 7.70470694104815e-08
17650.056 7.547243049375406e-08
17700.056 5.2753103373825497e-08
17750.056 5.1004684330449646e-08
17800.056 7.381556038473773e-08
17850.056 5.4072997175080426e-08
17900.056 4.5707330597690945e-08
17950.056 4.3291039190483254e-08
18000.056 4.8200810291643716e-08
18050.056 5.0406762378693184e-08
18100.056 5.324720600478222e-08
18150.056 6.906952358546883e-08
18200.056 4.8083078791015316e-08
18250.056 7.151788223675041e-08
18300.056 6.31972838640882e-08
18350.056 5.155613262752862e-08
18400.056 5.583074127911776e-08
18450.056 5.526277022266896e-08
18500.056 5.957020298277269e-08
18550.056 5.423993273273756e-08
18600.056 4.7914015444334846e-08
18650.056 5.421086545507136e-08
18700.056 5.597180311342516e-08
18750.056 6.058962517981497e-08
18800.056 7.31418370098625e-08
18850.056 8.362903146685573e-08
18900.056 8.204950620542026e-08
18950.056 9.260300809042114e-08
19000.056 9.287478446545577e-08
19050.056 8.409716907986911e-08
19100.056 1.0042478365070194e-07
19150.056 1.0112628150246883e-07
19200.056 1.0353256506694451e-07
19250.056 9.622890403422475e-08
19300.056 9.914912678141123e-08
19350.056 8.923446584613293e-08
19400.056 7.704078101534985e-08
19450.056 1.0434063073860053e-07
19500.056 9.826852665054053e-08
19550.056 7.794027082562769e-08
19600.056 1.0269337534485705e-07
19650.056 1.0595442861123229e-07
19700.056 1.0855336580357e-07
19750.056 1.0532386463930225e-07
19800.056 1.1020394804572268e-07
19850.056 1.250753729509905e-07
19900.056 1.0478659512196029e-07
19950.056 1.371943310419367e-07
20000.056 1.2173482826835638e-07
20050.056 1.3332012986491932e-07
20100.056 1.5209240923985176e-07
20150.056 1.4774579539547884e-07
20200.056 1.6036694906852838e-07
20250.056 1.7648276701910354e-07
20300.056 1.776035157058e-07
20350.056 1.9669253697107942e-07
20400.056 1.9098952641941196e-07
20450.056 2.215322931525109e-07
20500.056 2.2461199070915805e-07
20550.056 2.2585629414462359e-07
20600.056 2.5636142651126055e-07
20650.056 2.5168586706968237e-07
20700.056 2.6087760838785077e-07
20750.056 2.8088829649532076e-07
20800.056 2.8762608577767797e-07
20850.056 2.8397681931197206e-07
20900.056 2.930620959340072e-07
20950.056 2.9596951848595876e-07
21000.056 3.008454157991175e-07
21050.056 3.0188454200198e-07
21100.056 2.950084336990055e-07
21150.056 3.1358861659216195e-07
21200.056 2.970411203973076e-07
21250.056 2.986062073391255e-07
21300.056 2.610376300958636e-07
21350.056 2.8687374305477677e-07
21400.056 2.601903179540235e-07
21450.056 2.685167456587366e-07
21500.056 2.393738551736368e-07
21550.056 2.2669043460929527e-07
21600.056 2.0921390829512747e-07
21650.056 1.8263254891861755e-07
21700.056 1.935738574824745e-07
21750.056 1.6456516600799857e-07
21800.056 1.4247794253445766e-07
21850.056 1.2925089654910104e-07
21900.056 9.822932490553281e-08
21950.056 6.121642565673605e-08
22000.056 2.828825441142291e-08
22050.056 1.493543812543041e-08
22100.056 2.0433336321934704e-08
22150.056 3.485436607351603e-08
22200.056 4.3389395965012536e-08
22250.056 3.739050444146012e-08
22300.056 3.237768675944289e-08
22350.056 2.984206200132627e-08
22400.056 2.2204747221657373e-08
22450.056 1.8395238963554128e-08
22500.056 1.6492824665812876e-08
22550.056 1.3420947606578599e-08
22600.056 1.4247497178931466e-08
22650.056 1.4301979754788614e-08
22700.056 1.2747197458490004e-08
22750.056 1.3567603208709145e-08
22800.056 1.110790910919056e-08
22850.056 9.829784074611116e-09
22900.056 8.367897238693523e-09
22950.056 7.889379306497923e-09
23000.056 9.820603952299522e-09
23050.056 1.3350066422599546e-08
23100.056 2.074160880390505e-08
23150.056 2.621552907500367e-08
23200.056 8.891710302003042e-09
23250.056 8.498302470601251e-09
23300.056 7.679616021503945e-09
23350.056 7.638677340698227e-09
23400.056 8.555780277904395e-09
23450.056 8.793466495397143e-09
23500.056 9.69194112580627e-09
23550.056 1.1922438145904426e-08
23600.056 1.3128503401199424e-08
23650.056 1.7328399598798847e-08
23700.056 1.3282211587594363e-08
23750.056 9.907965837401424e-09
23800.056 9.265407588100689e-09
23850.056 1.1144853547698248e-08
23900.056 1.605785630530417e-08
23950.056 1.9786386204810426e-08
24000.056 1.976026803929589e-08
24050.056 2.6823108371287254e-08
24100.056 2.507711463078152e-08
24150.056 2.784359632481257e-08
24200.056 2.7988250846678245e-08
24250.056 2.3907792952092705e-08
24300.056 2.7792752002408948e-08
24350.056 2.3745380943491187e-08
24400.056 3.05775755701214e-08
24450.056 3.146073630156155e-08
24500.056 3.2647056810772664e-08
24550.056 3.877949448781395e-08
24600.056 4.0202185885995524e-08
24650.056 4.7349399976601136e-08
24700.056 4.059176756937203e-08
24750.056 4.718453875622629e-08
24800.056 4.831769328930201e-08
24850.056 5.720672439371671e-08
24900.056 4.8406889172153443e-08
24950.056 6.503349070489531e-08
25000.056 6.266553915681556e-08
25050.056 5.423428784729061e-08
25100.056 6.6148981414395e-08
25150.056 5.467942340898202e-08
25200.056 6.542681911730669e-08
25250.056 6.026320416572716e-08
25300.056 7.436783075750822e-08
25350.056 5.63748598808072e-08
25400.056 7.525197189482221e-08
25450.056 5.976597455707293e-08
25500.056 5.8619158704300684e-08
25550.056 5.976389393167943e-08
25600.056 5.198619546119577e-08
25650.056 5.0692896402587324e-08
25700.056 6.331955402637824e-08
25750.056 4.44595060885192e-08
25800.056 5.8837984772692494e-08
25850.056 4.833360835578591e-08
25900.056 5.1944860782262225e-08
25950.056 4.6145094250034045e-08
26000.056 6.79369348806104e-08
26050.056 6.414493634445491e-08
26100.056 6.318689807958798e-08
26150.056 5.843431156411266e-08
26200.056 6.463856274339463e-08
26250.056 7.20665621657648e-08
26300.056 6.971651054672375e-08
26350.056 8.563420627314765e-08
26400.056 9.105064191236021e-08
26450.056 9.990023273033614e-08
26500.056 1.0175220627313863e-07
26550.056 8.040583575512115e-08
26600.056 9.829932205227182e-08
26650.056 6.746862296080392e-08
26700.056 6.675961401591924e-08
26750.056 5.745583672857024e-08
26800.056 7.804780910568562e-08
26850.056 5.820443729768706e-08
26900.056 8.538059235140829e-08
26950.056 6.034591947798764e-08
27000.056 8.983683705311993e-08
27050.056 7.422145694463718e-08
27100.056 7.437321306638883e-08
27150.056 9.516753977082537e-08
27200.056 8.16769061116479e-08
27250.056 8.789858096086557e-08
27300.056 1.1125468834570318e-07
27350.056 1.0458775482367876e-07
27400.056 7.515799123488693e-08
27450.056 1.308809730862406e-07
27500.056 1.19719697581332e-07
27550.056 9.406263071418747e-08
27600.056 1.3110716133476742e-07
27650.056 8.891162910056643e-08
27700.056 8.315109005784167e-08
27750.056 1.2224302496491712e-07
27800.056 8.229122012464565e-08
27850.056 9.514800776319892e-08
27900.056 1.0279123486752666e-07
27950.056 1.2995491473323924e-07
28000.056 1.1973769693715118e-07
28050.056 7.691783298532428e-08
28100.056 1.3591201542653954e-07
28150.056 1.0509442425794226e-07
28200.056 8.373310452463923e-08
28250.056 1.2609299654512687e-07
28300.056 1.5458531042327702e-07
28350.056 1.0298584175116292e-07
28400.056 1.1226809354168643e-07
28450.056 1.2961017190372554e-07
28500.056 1.2816219310316201e-07
28550.056 8.244656081116292e-08
28600.056 1.5074650361146611e-07
28650.056 1.4102339360333223e-07
28700.056 1.3523238775567687e-07
28750.056 1.573010030730339e-07
28800.056 1.3952611056405462e-07
