galfind/configs/Brown_Dwarf_templates/sonora_bobcat/m+0.5/10g/sp_t550g10nc_m+0.5_resample.dat
# %ECSV 1.0
# ---
# datatype:
# - {name: wav, unit: Angstrom, datatype: float64}
# - {name: flux_nu, unit: erg / (cm2 Hz s), datatype: float64}
# meta: {C/O: '1.00', Kzz: '1.0000E+05', Teff: '550.', Y: '0.28', '[Fe/H]': '0.50', f_hole: '1.00', f_rain: '0.00', grav: '10.'}
# schema: astropy-2.0
wav flux_nu
[from data line 498]
28900.056 1.6067309583579954e-09
28950.056 3.7208059138545263e-09
29000.056 2.5409948207309856e-09
29050.056 3.217009626684493e-09
29100.056 2.2828861447636582e-09
29150.056 3.0683117556717465e-09
29200.056 3.1419353576037666e-09
29250.056 5.251179508831514e-09
29300.056 2.1121479551119213e-09
29350.056 6.914469594877717e-09
29400.056 3.193791675183445e-09
29450.056 3.4297698015174746e-09
29500.056 4.5174547621625595e-09
29550.056 3.098724105476233e-09
29600.056 4.381702306429711e-09
29650.056 5.631256983148874e-09
29700.056 2.53664156987561e-09
29750.056 4.980664276135906e-09
29800.056 4.653602825198113e-09
29850.056 5.696739377199777e-09
29900.056 4.525592169651057e-09
29950.056 4.178678330116173e-09
30000.056 3.751272733683132e-10
30050.056 9.63485168802575e-10
30100.056 1.7577644463946718e-09
30150.056 3.3756302887535808e-09
30200.056 2.4681767866573367e-09
30250.056 5.569568685882806e-09
30300.056 6.599594971202732e-09
30350.056 4.049546614743951e-09
30400.056 6.290222965788151e-09
30450.056 3.834825834606659e-09
30500.056 3.715952811738199e-09
30550.056 3.803890205912608e-09
30600.056 5.12045732583722e-09
30650.056 3.8891258179864416e-09
30700.056 3.1349865173103854e-09
30750.056 4.502206453279863e-09
30800.056 2.7752547411211006e-09
30850.056 3.5287214080717184e-09
30900.056 1.8191268068431797e-09
30950.056 2.548608453534043e-09
31000.056 2.1120723454350347e-09
31050.056 1.9247890396038307e-09
31100.056 1.393873155235971e-09
31150.056 2.1264567143190708e-09
31200.056 2.328015212707809e-09
31250.056 1.7462887473481803e-09
31300.056 1.2715465278843982e-09
31350.056 1.7410413921532399e-09
31400.056 1.3094705792376572e-09
31450.056 1.25848251684068e-09
31500.056 8.793054933038753e-10
31550.056 1.0575449999035633e-09
31600.056 6.218940908591982e-10
31650.056 7.439462709313798e-10
31700.056 7.845289343013059e-10
31750.056 4.3609793296941984e-10
31800.056 7.238141467902128e-10
31850.056 3.4270514218581154e-10
31900.056 4.556590246076525e-10
31950.056 3.136131424167216e-10
32000.056 3.71291363297638e-10
32050.056 4.669766633215788e-10
32100.056 4.2678309616804787e-10
32150.056 4.6144364494099645e-10
32200.056 3.061546260070747e-10
32250.056 5.56319977307758e-10
32300.056 3.4015342613374726e-10
32350.056 5.257356700899236e-10
32400.056 2.9197487594942243e-10
32450.056 4.574966372777485e-10
32500.056 3.034574200590873e-10
32550.056 3.4693423496978946e-10
32600.056 4.3011487897642934e-10
32650.056 9.952473140146939e-10
32700.056 5.436947447082083e-10
32750.056 1.172138439282373e-09
32800.056 9.064785741669569e-10
32850.056 1.3993527246860663e-09
32900.056 1.390848626396261e-09
32950.056 1.6509774446210484e-09
33000.056 1.1212765884017923e-09
33050.056 1.364439075497906e-09
33100.056 3.6983199223336437e-10
33150.056 6.806146119838968e-12
33200.056 2.6550031908367863e-11
33250.056 1.3034459144718241e-11
33300.056 3.0944613431346345e-11
33350.056 9.924739635213804e-11
33400.056 2.524272702912818e-10
33450.056 3.622655901672696e-10
33500.056 9.193325698536094e-10
33550.056 3.9199837454403265e-10
33600.056 1.0152029900492434e-09
33650.056 8.956898310394236e-10
33700.056 7.028012182493052e-10
33750.056 1.2475558275521635e-09
33800.056 6.086494604926309e-10
33850.056 9.716762651724278e-10
33900.056 8.516564690325634e-10
33950.056 8.350426943839147e-10
34000.056 1.2987709170136205e-09
34050.056 3.569580876898788e-10
34100.056 1.2036392991538027e-09
34150.056 8.350846637818036e-10
34200.056 1.03482472220936e-09
34250.056 8.744114450112315e-10
34300.056 8.841071648489835e-10
34350.056 7.821134362447885e-10
34400.056 5.183404124529363e-10
34450.056 9.154013651313804e-10
34500.056 8.087536436989476e-10
34550.056 5.421256089520178e-10
34600.056 1.2586870769798556e-09
34650.056 6.100680745289018e-10
34700.056 1.240016668587654e-09
34750.056 9.53264973797591e-10
34800.056 9.202726369028171e-10
34850.056 1.1712800755979483e-09
34900.056 9.951855897507599e-10
34950.056 1.492395234777919e-09
35000.056 2.6516404970098235e-09
35050.056 1.2271150916114856e-09
35100.056 2.237155190459826e-09
35150.056 1.4465357719119412e-09
35200.056 2.153388020591542e-09
35250.056 2.6346010087328827e-09
35300.056 1.8224059438415432e-09
35350.056 1.911331838533545e-09
35400.056 2.1495099391350153e-09
35450.056 1.4954042305491624e-09
35500.056 4.013506109356403e-09
35550.056 3.335567180054783e-09
35600.056 2.5584873813411007e-09
35650.056 2.7945177011518495e-09
35700.056 2.942538341054755e-09
35750.056 4.098445326919818e-09
35800.056 5.363148839697507e-09
35850.056 2.5455216510099816e-09
35900.056 3.259442440703639e-09
35950.056 3.0264303234073696e-09
36000.056 3.2193399545851314e-09
36050.056 2.3848145956340725e-09
36100.056 2.617818244176148e-09
36150.056 3.370127047857647e-09
36200.056 3.6040620318932165e-09
36250.056 3.401410741458136e-09
36300.056 4.690880079670691e-09
36350.056 3.5760083855124306e-09
36400.056 3.967914524164992e-09
36450.056 5.5569984627224275e-09
36500.056 6.296036925001125e-09
36550.056 5.848969612322415e-09
36600.056 7.499350051890227e-09
36650.056 6.579010735640379e-09
36700.056 7.922209686086197e-09
36750.056 9.067970669270243e-09
36800.056 8.3708557886007e-09
36850.056 6.736971432611937e-09
36900.056 9.279847010857058e-09
36950.056 9.471398542405453e-09
37000.056 8.266646785687595e-09
37050.056 8.606055040830107e-09
37100.056 1.06266194367902e-08
37150.056 7.267722568740891e-09
37200.056 1.04761101189736e-08
37250.056 9.93747876313662e-09
37300.056 8.074318082209227e-09
37350.056 1.023384081150132e-08
37400.056 1.538462096225054e-08
37450.056 9.577382141835447e-09
37500.056 1.0193279525244621e-08
37550.056 1.2819007172556302e-08
37600.056 1.4143216278141005e-08
37650.056 8.672757123871011e-09
37700.056 1.7142136256771383e-08
37750.056 1.0382594594907877e-08
37800.056 1.1081627286921317e-08
37850.056 6.656996065579468e-09
37900.056 9.297008791140295e-09
37950.056 1.3710075505280545e-08
38000.056 1.570408645800523e-08
38050.056 1.490547521171347e-08
38100.056 1.5254767888327814e-08
38150.056 2.0213646616198573e-08
38200.056 2.0073331682899965e-08
38250.056 1.9454545902299817e-08
38300.056 2.898151058485366e-08
38350.056 2.7142723593225584e-08
38400.056 1.3164520672653889e-08
38450.056 1.3108979745102031e-08
38500.056 8.693998492822686e-09
38550.056 1.565861980728154e-08
38600.056 1.6083178571844102e-08
38650.056 1.358797809910794e-08
38700.056 1.2893690901156386e-08
38750.056 1.766367037379758e-08
38800.056 1.5308072948049035e-08
38850.056 1.6660210653159344e-08
38900.056 2.2566267711275593e-08
38950.056 1.7885652999441713e-08
39000.056 2.1587086042059167e-08
39050.056 1.7254614610141133e-08
39100.056 2.142331354204879e-08
39150.056 2.0951094442609695e-08
39200.056 2.3057374055554564e-08
39250.056 2.8579663488912718e-08
39300.056 1.8602138567845423e-08
39350.056 3.357765871686071e-08
39400.056 2.2305896888754364e-08
39450.056 2.7559939890726193e-08
39500.056 2.9790779050175864e-08
39550.056 2.7975514695497905e-08
39600.056 2.9510482020964445e-08
39650.056 2.9216232123587728e-08
39700.056 3.193315011306406e-08
39750.056 2.496619004334015e-08
39800.056 2.7473028737696253e-08
39850.056 4.062327852759941e-08
39900.056 4.037631328780631e-08
39950.056 2.886641550090664e-08
40000.056 4.9410316642850056e-08
40050.056 3.7527498283855023e-08
40100.056 2.7493366443121314e-08
40150.056 4.056000740894689e-08
40200.056 4.335077906716173e-08
40250.056 4.3925418681512775e-08
40300.056 4.3045004036949636e-08
40350.056 4.4016662565566984e-08
40400.056 5.0644631153970704e-08
40450.056 4.062179356992456e-08
40500.056 5.31346776050572e-08
40550.056 5.209062102216605e-08
40600.056 4.9944523294238075e-08
40650.056 3.6145410218462624e-08
40700.056 5.6640482069757694e-08
40750.056 5.0905179910051403e-08
40800.056 3.922873149288681e-08
40850.056 6.787968459393731e-08
40900.056 6.164114263255277e-08
40950.056 5.768358422151629e-08
41000.056 5.93240821291769e-08
41050.056 7.353785209646809e-08
41100.056 6.346583332968425e-08
41150.056 4.3191613878527366e-08
41200.056 7.842863410147955e-08
41250.056 5.75965451789503e-08
41300.056 5.8931562704524737e-08
41350.056 8.755018187301822e-08
41400.056 7.450748446682085e-08
41450.056 8.8381072943586e-08
41500.056 7.065269845783459e-08
41550.056 6.806084804312808e-08
41600.056 7.558989439858951e-08
41650.056 8.939389645209376e-08
41700.056 8.055504697444112e-08
41750.056 8.367710671499045e-08
41800.056 9.51511248057669e-08
41850.056 7.704678420621385e-08
41900.056 7.633566259864536e-08
41950.056 6.779448366992195e-08
42000.056 6.952074027601556e-08
42050.056 7.274071799642131e-08
42100.056 9.086482094303959e-08
42150.056 8.137082096991079e-08
42200.056 7.026149307697758e-08
42250.056 7.012180892515265e-08
42300.056 7.394281231962651e-08
42350.056 9.335275687001632e-08
42400.056 9.2089903063346e-08
42450.056 8.54831326087394e-08
42500.056 7.66252157655866e-08
42550.056 7.596412058738685e-08
42600.056 8.098379671776558e-08
42650.056 1.0312441961395348e-07
42700.056 8.822246455356745e-08
42750.056 8.715916047508648e-08
42800.056 1.0230596930822776e-07
42850.056 1.0746082476496453e-07
42900.056 1.1110683092214673e-07
42950.056 1.0190661205497889e-07
43000.056 1.0463521500003142e-07
43050.056 7.679330754050585e-08
43100.056 9.624319785796487e-08
43150.056 9.176239089031236e-08
43200.056 1.2109890373999023e-07
43250.056 1.3891726967700161e-07
43300.056 1.3271346033098615e-07
43350.056 9.707335318499406e-08
43400.056 1.1224925135038439e-07
43450.056 9.75854881196217e-08
43500.056 8.5969548654969e-08
43550.056 9.026976316692261e-08
43600.056 1.373839132424227e-07
43650.056 1.0937312238810354e-07
43700.056 1.2465517259152672e-07
43750.056 1.277713992841269e-07
43800.056 1.1863590953727119e-07
43850.056 1.0522421610200345e-07
43900.056 1.1056310804353383e-07
43950.056 7.701150784441023e-08
44000.056 7.871114079929029e-08
44050.056 1.4387237084301467e-07
44100.056 1.6723138232500597e-07
44150.056 1.442196797269651e-07
44200.056 1.358835077144925e-07
44250.056 1.0184291478101826e-07
44300.056 8.704546279821537e-08
44350.056 9.999417385347153e-08
44400.056 1.0283238548359891e-07
44450.056 1.323052071411522e-07
44500.056 1.3522616477303642e-07
44550.056 1.709809815659772e-07
44600.056 1.3560746961511764e-07
44650.056 1.3873709568103927e-07
44700.056 1.01812278225011e-07
44750.056 1.39520490640531e-07
44800.056 1.106434955778932e-07
44850.056 1.2629360448871662e-07
44900.056 1.232843342081045e-07
44950.056 1.4581318825920566e-07
45000.056 1.5382550551098898e-07
45050.056 1.4476480057050546e-07
45100.056 1.3289850343619227e-07
45150.056 1.4074250893039893e-07
45200.056 1.1557922949760655e-07
45250.056 1.2528368743674427e-07
45300.056 1.0821491716783909e-07
45350.056 1.1225837218203175e-07
45400.056 1.9199527475501548e-07
45450.056 1.5290574715899202e-07
45500.056 1.6863129248051604e-07
45550.056 1.813425450689295e-07
45600.056 1.809199877300367e-07
45650.056 1.395370380553916e-07
45700.056 1.1499648438400983e-07
45750.056 1.1490751055429693e-07
45800.056 1.9108795684798543e-07
45850.056 1.8388420504399808e-07
45900.056 1.9421066787998555e-07
45950.056 1.6823108519398517e-07
46000.056 1.859378565399972e-07
46050.056 1.5629776776543063e-07
46100.056 1.9516094009898303e-07
46150.056 1.4960753612500463e-07
46200.056 1.3478796227299175e-07
46250.056 8.14632592550786e-08
46300.056 1.5917498324360513e-07
46350.056 1.51211896344023e-07
46400.056 1.3787232975700976e-07
46450.056 1.3037425034193148e-07
46500.056 1.5163917523973976e-07
46550.056 1.0552324239678864e-07
46600.056 1.3691738037875143e-07
46650.056 1.8949581409197852e-07
46700.056 1.3912011520999348e-07
46750.056 9.728641109779703e-08
46800.056 7.074070655559248e-08
46850.056 2.0067657909305406e-07
46900.056 1.7039590665098901e-07
46950.056 1.6920792787900083e-07
47000.056 1.665982644890352e-07
47050.056 1.421959788961136e-07
47100.056 1.0286067016253755e-07
47150.056 1.2874462710470725e-07
47200.056 1.5122292091600176e-07
47250.056 1.168332020580011e-07
47300.056 8.3842950678453e-08
47350.056 1.8318876488397383e-07
47400.056 1.610143914379869e-07
47450.056 1.6445538170306986e-07
47500.056 1.890023365797711e-07
47550.056 1.6401843376501222e-07
47600.056 1.5581108467600347e-07
47650.056 1.4282234520353825e-07
47700.056 1.4098593271536348e-07
47750.056 1.0517902838450522e-07
47800.056 1.0603534418201151e-07
47850.056 7.117083769240876e-08
47900.056 9.619848378897721e-08
47950.056 1.31896394109031e-07
48000.056 1.9274640810904278e-07
48050.056 1.741080626960112e-07
48100.056 9.655841532101276e-08
48150.056 1.462039733330091e-07
48200.056 1.1578785500080168e-07
48250.056 1.2260519251700513e-07
48300.056 1.6451932720594578e-07
48350.056 1.0673135682101596e-07
48400.056 5.646122424919469e-08
48450.056 1.0760595723136577e-07
48500.056 1.4556643259997017e-07
48550.056 1.2514528426640388e-07
48600.056 1.4295323082799886e-07
48650.056 1.4820715540396852e-07
48700.056 1.212957838891975e-07
48750.056 9.011918593106122e-08
48800.056 1.756586781834879e-07
48850.056 1.0194543352288673e-07
48900.056 1.5048598477851662e-07
48950.056 1.015579851110208e-07
49000.056 5.256963281384718e-08
49050.056 1.1694345896799617e-07
49100.056 1.4537213104743473e-07
49150.056 1.1249029648229951e-07
49200.056 1.7299083901403175e-07
49250.056 1.574490852510298e-07
49300.056 1.3993412576940472e-07
49350.056 7.260767603264519e-08
49400.056 9.536022453438168e-08
49450.056 1.0470757565713587e-07
49500.056 8.194385064519175e-08
49550.056 3.264216347640623e-08
49600.056 6.736265562250856e-08
49650.056 1.0873474284799549e-07
49700.056 1.0174636850435398e-07
49750.056 1.0993637345997836e-07
49800.056 8.74302078552766e-08
49850.056 1.4752005004225375e-07
49900.056 1.1534668859031455e-07
49950.056 1.1806680839401023e-07
50000.056 1.0049732979377322e-07
50050.056 1.1941552132400977e-07
50100.056 9.49620930186037e-08
50150.056 5.987330050178613e-08
50200.056 1.8826773701804464e-08
50250.056 7.789402425998569e-08
50300.056 5.3563210068710593e-08
50350.056 1.207648405240188e-07
50400.056 1.0751320757399106e-07
50450.056 8.437375559253446e-08
50500.056 1.0489094608001953e-07
50550.056 9.830689123101211e-08
50600.056 8.056384873237376e-08
50650.056 1.2149622316503021e-07
50700.056 1.2380994613793888e-07
50750.056 9.052902551741346e-08
50800.056 4.485261066869752e-08
50850.056 3.459951961991739e-08
50900.056 1.0866590584600301e-07
50950.056 7.976352808601287e-08
51000.056 8.158455135486697e-08
51050.056 9.278940393999774e-08
51100.056 4.681485757652723e-08
51150.056 6.317076557501172e-08
51200.056 1.2507850648699096e-07
51250.056 7.909392248384707e-08
51300.056 6.950265174430961e-08
51350.056 6.582157519079425e-08
51400.056 3.121889870179884e-08
51450.056 2.546673006226092e-08
51500.056 2.684603870692384e-08
51550.056 8.318412470452278e-08
51600.056 5.841353018791809e-08
51650.056 6.326630912707367e-08
51700.056 6.679299287802193e-08
51750.056 4.8414394168340584e-08
51800.056 7.328344459599191e-08
51850.056 6.679963077919783e-08
51900.056 9.019125858759051e-08
51950.056 6.440429463869574e-08
52000.056 1.4537673626184494e-08
52050.056 4.354862679110908e-08
52100.056 2.9258550583697236e-08
52150.056 2.2461833534823686e-08
52200.056 3.406762680301031e-08
52250.056 4.6599781732120686e-08
52300.056 6.643978129993894e-08
52350.056 3.8173977451277784e-08
52400.056 3.0413191358903577e-08
52450.056 7.756783157090441e-08
52500.056 6.025731055588699e-08
52550.056 6.63130409147875e-08
52600.056 5.424107861800427e-08
52650.056 6.150931971270783e-08
52700.056 5.009013291999901e-08
52750.056 2.819160098637686e-08
52800.056 4.065219336660972e-08
52850.056 4.315587868018502e-08
52900.056 2.8993643467449786e-08
52950.056 3.76879561193605e-08
53000.056 5.473192815611847e-08
53050.056 2.4400826119013713e-08
53100.056 4.71036283865753e-08
53150.056 5.725766816286469e-08
53200.056 2.9344867776659286e-08
53250.056 5.8342322322164175e-08
53300.056 6.933426394224824e-08
53350.056 5.8987597234877775e-08
53400.056 4.2547349291986325e-08
53450.056 1.953571000244513e-08
53500.056 6.741401737841748e-09
