galfind/configs/Brown_Dwarf_templates/sonora_bobcat/m+0.5/10g/sp_t200g10nc_m+0.5_resample.dat
# %ECSV 1.0
# ---
# datatype:
# - {name: wav, unit: Angstrom, datatype: float64}
# - {name: flux_nu, unit: erg / (cm2 Hz s), datatype: float64}
# meta: {C/O: '1.00', Kzz: '1.0000E+05', Teff: '200.', Y: '0.28', '[Fe/H]': '0.50', f_hole: '1.00', f_rain: '0.00', grav: '10.'}
# schema: astropy-2.0
wav flux_nu
[from data line 499]
28950.056 8.757077661817466e-16
29000.056 5.396108248563937e-16
29050.056 9.918506002386125e-16
29100.056 5.854142986532606e-17
29150.056 1.5824618587110325e-17
29200.056 5.360533090741479e-15
29250.056 9.918850693445997e-16
29300.056 1.0652030725753318e-16
29350.056 1.1188077520761929e-15
29400.056 1.603005416409987e-15
29450.056 1.6612230000577358e-16
29500.056 2.1927592741609694e-15
29550.056 9.07231486483677e-16
29600.056 1.2720593054894032e-16
29650.056 1.1897853938532374e-15
29700.056 1.0896662545897759e-15
29750.056 7.0327268293394915e-15
29800.056 4.996782113622126e-16
29850.056 2.5429261260864078e-15
29900.056 5.517044867231201e-16
29950.056 6.706988648210827e-16
30000.056 1.1922572503797625e-18
30050.056 2.2144922284270935e-16
30100.056 1.7175406447224055e-15
30150.056 2.6833798158549815e-15
30200.056 5.93011293509911e-15
30250.056 2.7884015504448815e-15
30300.056 3.959716593773935e-15
30350.056 2.0933318055549535e-15
30400.056 7.831351062992851e-15
30450.056 2.1353330627538132e-14
30500.056 1.1860380659175756e-15
30550.056 8.57662949126633e-16
30600.056 1.1679205391136146e-13
30650.056 3.5402114197406456e-14
30700.056 4.564939893996265e-16
30750.056 7.07356613682426e-15
30800.056 6.293508201288583e-14
30850.056 5.05771540355678e-14
30900.056 1.0329561539997798e-14
30950.056 7.82986758633802e-15
31000.056 1.045442652871063e-14
31050.056 1.0070279026063429e-15
31100.056 8.375185173801592e-16
31150.056 2.4083820697632975e-15
31200.056 4.574880067807179e-14
31250.056 6.557734128671844e-14
31300.056 2.959183236350096e-15
31350.056 5.341382891546122e-14
31400.056 8.059709464947727e-14
31450.056 3.709792044243392e-14
31500.056 6.346563042071083e-15
31550.056 2.3635162557136158e-14
31600.056 2.677754594204213e-14
31650.056 1.8482788069746238e-14
31700.056 7.168383442643918e-15
31750.056 5.602097407356147e-15
31800.056 5.355597332221054e-15
31850.056 3.7649144590003987e-16
31900.056 1.1938623614289054e-15
31950.056 8.294304982081822e-16
32000.056 3.3464932742534654e-16
32050.056 2.76620599849765e-16
32100.056 2.690001323669144e-16
32150.056 8.027661293970383e-17
32200.056 2.0620235857037775e-17
32250.056 5.184028858365162e-17
32300.056 5.815300997858591e-18
32350.056 1.702068707545812e-17
32400.056 9.324444059851229e-19
32450.056 8.505417045233841e-18
32500.056 5.888342482284863e-19
32550.056 3.7117851242348376e-18
32600.056 1.5162319080841412e-19
32650.056 6.229946471626046e-18
32700.056 2.18727735109791e-19
32750.056 1.5349162116063023e-17
32800.056 3.2173546220970234e-18
32850.056 1.24032136896841e-16
32900.056 4.244259865618373e-17
32950.056 1.262242168577478e-16
33000.056 2.9557971808432227e-17
33050.056 9.489793920444228e-18
33100.056 1.5671761363109085e-18
33150.056 1.3407097202321475e-21
33200.056 1.3018043032707894e-18
33250.056 1.989412234226627e-18
33300.056 4.4093705960861244e-17
33350.056 9.933252239359268e-18
33400.056 1.6563932905461382e-16
33450.056 4.407687415803382e-18
33500.056 7.025332729299003e-17
33550.056 9.425182214159668e-18
33600.056 4.076345711715536e-17
33650.056 5.925707089231741e-17
33700.056 5.8405482536624306e-18
33750.056 8.910001746244303e-17
33800.056 3.5158201837556296e-18
33850.056 5.0708061904534884e-17
33900.056 6.710196807860148e-17
33950.056 9.75493285861532e-17
34000.056 3.732633687450448e-16
34050.056 5.471723929600048e-17
34100.056 5.326086120579115e-16
34150.056 2.505064639562648e-16
34200.056 1.5089745349287912e-15
34250.056 2.2519813963795676e-16
34300.056 5.033580385215529e-16
34350.056 8.642591686368858e-15
34400.056 5.235878938242811e-16
34450.056 2.9217617123050457e-15
34500.056 5.704801696109213e-16
34550.056 5.370812581258943e-15
34600.056 3.3340706883343974e-14
34650.056 2.0349642364995425e-16
34700.056 6.003485185353611e-15
34750.056 2.9703188893268176e-15
34800.056 2.309674225988381e-15
34850.056 8.844364094277283e-15
34900.056 1.0177817485543564e-15
34950.056 2.4705253731591654e-14
35000.056 1.5353643732271955e-14
35050.056 4.170344081629851e-14
35100.056 4.420215863910053e-14
35150.056 4.428106292273774e-14
35200.056 6.761958381121496e-14
35250.056 1.1668609848842318e-13
35300.056 9.436957311086829e-15
35350.056 1.0202049672968247e-15
35400.056 6.871754259367053e-16
35450.056 1.4015474339007576e-15
35500.056 1.1747940653125961e-14
35550.056 4.679744553213157e-15
35600.056 3.1507263141123483e-14
35650.056 8.040790561637119e-14
35700.056 1.159230712487765e-13
35750.056 1.7047388294766846e-14
35800.056 9.210129729554798e-15
35850.056 3.616269484967098e-15
35900.056 8.024827419066267e-15
35950.056 1.825726223881678e-14
36000.056 3.5204096121614746e-14
36050.056 3.4844296949774263e-14
36100.056 2.1618090465819083e-14
36150.056 4.4152554309204117e-13
36200.056 1.1498907540188608e-13
36250.056 3.1902762966426524e-14
36300.056 3.981074028753537e-13
36350.056 3.022252026593133e-13
36400.056 2.5633575456786256e-13
36450.056 1.9991023667734221e-13
36500.056 1.568422645884533e-13
36550.056 1.0212575068249558e-12
36600.056 5.750298884374597e-13
36650.056 2.1308422303763012e-13
36700.056 8.167116143512579e-13
36750.056 1.034545494710711e-12
36800.056 1.5600940947620759e-12
36850.056 1.6217260158350404e-13
36900.056 3.311581584085669e-13
36950.056 1.7622627153779384e-12
37000.056 1.2216060276653945e-12
37050.056 1.6279855665893597e-12
37100.056 1.8757670077122847e-13
37150.056 4.392648292678464e-13
37200.056 3.358465995915686e-12
37250.056 1.5168835182074748e-12
37300.056 1.9457775842421067e-13
37350.056 3.6768228998737917e-13
37400.056 5.07100445816552e-13
37450.056 2.098267201338966e-13
37500.056 6.380460127282674e-13
37550.056 2.256945762519325e-12
37600.056 5.534911872969438e-12
37650.056 4.660702180934431e-13
37700.056 9.424284021383634e-13
37750.056 1.4861547814866502e-12
37800.056 6.598330724916254e-13
37850.056 3.1260450390862794e-13
37900.056 2.0809617678526032e-13
37950.056 6.322247861755549e-13
38000.056 7.675374780017435e-13
38050.056 3.428239333386939e-12
38100.056 3.687802804738964e-12
38150.056 8.616936502817161e-12
38200.056 5.321647049909848e-12
38250.056 1.1230919296598592e-11
38300.056 2.210340842136655e-11
38350.056 4.02327267585245e-12
38400.056 2.629287368703258e-13
38450.056 4.162798329744916e-14
38500.056 1.358992842610795e-13
38550.056 1.996728977631611e-12
38600.056 3.0599411299292935e-12
38650.056 2.837600103380376e-12
38700.056 1.5804366657824992e-13
38750.056 1.442157074014872e-12
38800.056 1.1439142177751056e-12
38850.056 3.337123904399007e-12
38900.056 4.1978205582455055e-12
38950.056 1.2664113292688192e-12
39000.056 1.116037111255698e-11
39050.056 4.708098261918061e-13
39100.056 2.15544492221241e-12
39150.056 1.132403604124608e-11
39200.056 3.959290730433367e-12
39250.056 1.0682217836947634e-11
39300.056 3.0173328856941396e-12
39350.056 1.6663664392828495e-11
39400.056 3.0552430200742557e-12
39450.056 1.2070134816290867e-11
39500.056 9.615242351061444e-12
39550.056 1.5637832478331995e-12
39600.056 1.5750973793075397e-11
39650.056 1.1779045120314824e-11
39700.056 1.9758165847288128e-11
39750.056 3.908641045506676e-12
39800.056 2.8452976952393933e-12
39850.056 1.2440293900500315e-11
39900.056 3.5309113510079255e-11
39950.056 4.2563549577372045e-12
40000.056 1.2870676787347198e-11
40050.056 1.5525537938376947e-11
40100.056 4.0561869482719035e-12
40150.056 1.8451482249979203e-11
40200.056 2.2608440650804846e-11
40250.056 2.8003883805415832e-11
40300.056 3.617906386488705e-11
40350.056 1.0324859989308203e-11
40400.056 1.0304971863352739e-11
40450.056 2.457200872965163e-12
40500.056 3.90476913381821e-11
40550.056 4.244682151418853e-11
40600.056 2.950847671279021e-11
40650.056 1.1588444091437854e-11
40700.056 1.745894417251139e-11
40750.056 1.7230713016965917e-11
40800.056 9.465447885355825e-12
40850.056 8.244063239272698e-11
40900.056 6.777671112529454e-11
40950.056 5.445306828558316e-11
41000.056 1.7613396456397708e-11
41050.056 8.19514202788122e-11
41100.056 6.367265528124372e-11
41150.056 7.1695632220672225e-12
41200.056 1.4324987229631822e-10
41250.056 4.7445147074052263e-11
41300.056 3.433831717684095e-11
41350.056 1.4597482831843505e-10
41400.056 9.215896697324306e-11
41450.056 1.7286703066542573e-10
41500.056 8.022368896539547e-11
41550.056 4.094659166117071e-11
41600.056 5.1000108804551396e-11
41650.056 1.8470718773621519e-10
41700.056 2.2437166100507332e-10
41750.056 1.7923694361412527e-10
41800.056 1.3173612117575482e-10
41850.056 1.3514574171987847e-10
41900.056 5.308574513485447e-11
41950.056 6.095005029954124e-11
42000.056 1.8525637071071823e-12
42050.056 1.3994522467803836e-11
42100.056 2.139328080191803e-11
42150.056 4.005171317633638e-11
42200.056 1.3375990622829905e-10
42250.056 7.506715325862549e-11
42300.056 5.090673493032843e-11
42350.056 1.8394501637403043e-10
42400.056 3.3225507666753876e-10
42450.056 4.3503066512511935e-10
42500.056 5.038014619265937e-10
42550.056 3.304351851147235e-10
42600.056 2.3566856184323243e-10
42650.056 3.8756080142231825e-10
42700.056 7.732583472839973e-11
42750.056 4.992870059551111e-10
42800.056 1.19062042552823e-09
42850.056 8.878362936568166e-10
42900.056 5.928394041134064e-10
42950.056 7.635690687877997e-10
43000.056 9.462237688961239e-10
43050.056 3.381208557838079e-10
43100.056 4.040601932152785e-10
43150.056 4.3273315470036314e-10
43200.056 1.33835080123021e-09
43250.056 1.09545393473059e-09
43300.056 1.2614287593600285e-09
43350.056 7.089507954035487e-10
43400.056 9.848607781305332e-10
43450.056 3.7493820075056755e-10
43500.056 2.1002945773949635e-10
43550.056 3.8238607146896506e-10
43600.056 1.0905384454123004e-09
43650.056 6.712380406479436e-10
43700.056 1.3273575268420087e-09
43750.056 1.6541363859393241e-09
43800.056 9.237302806913475e-10
43850.056 8.032004757733055e-10
43900.056 4.430582522626662e-10
43950.056 3.008018399422791e-10
44000.056 4.92563671486869e-10
44050.056 1.691551877892884e-09
44100.056 1.7112914974378087e-09
44150.056 2.062985886503792e-09
44200.056 1.8876408469111378e-09
44250.056 6.502979496198617e-10
44300.056 5.146400941601151e-10
44350.056 4.4846686959097053e-10
44400.056 3.0782936613314596e-10
44450.056 1.1580194532290802e-09
44500.056 1.27953184160816e-09
44550.056 1.630091354499875e-09
44600.056 1.346213439907847e-09
44650.056 9.209911388888449e-10
44700.056 7.985062812192935e-10
44750.056 1.965848151810331e-09
44800.056 7.113632317233972e-10
44850.056 7.741291194700465e-10
44900.056 1.264697838006148e-09
44950.056 1.6672262295405297e-09
45000.056 2.637032420300278e-09
45050.056 1.504625584449621e-09
45100.056 1.5032829850587951e-09
45150.056 9.41593131668667e-10
45200.056 8.151543741230841e-10
45250.056 1.0796511000816992e-09
45300.056 1.0997926175921027e-09
45350.056 5.192428545431764e-10
45400.056 3.2059604479006194e-09
45450.056 1.6252578909910115e-09
45500.056 3.2817056130202915e-09
45550.056 3.0006831618489886e-09
45600.056 1.9268466996405065e-09
45650.056 1.7682434469199702e-09
45700.056 9.796761836429384e-10
45750.056 9.763252386711629e-10
45800.056 2.8947669633201367e-09
45850.056 1.418872774955156e-09
45900.056 3.236354298399567e-09
45950.056 3.979662884919924e-09
46000.056 2.829119510715399e-09
46050.056 1.587378805657344e-09
46100.056 4.631360901099727e-09
46150.056 2.1381388054501577e-09
46200.056 1.4666376920036635e-09
46250.056 3.948662210069735e-10
46300.056 1.8172492615699242e-09
46350.056 1.50657429512228e-09
46400.056 1.6065456996800609e-09
46450.056 1.3442775009200052e-09
46500.056 1.935089990160215e-09
46550.056 6.536066311139656e-10
46600.056 9.218710950748655e-10
46650.056 1.9458515993201146e-09
46700.056 1.2510673629596197e-09
46750.056 3.457253719920351e-10
46800.056 1.767468175260058e-10
46850.056 1.5942134535503137e-09
46900.056 2.2290909683699093e-09
46950.056 2.671765152349903e-09
47000.056 2.799990464520285e-09
47050.056 1.197362482653665e-09
47100.056 1.0040490928811389e-09
47150.056 1.9362320509521484e-09
47200.056 1.9360618997796815e-09
47250.056 7.709224831478394e-10
47300.056 5.035448797451481e-10
47350.056 2.089364402700334e-09
47400.056 2.212623294269686e-09
47450.056 1.030724001234972e-09
47500.056 2.0172927046941195e-09
47550.056 2.3548747362001823e-09
47600.056 1.2936301652278368e-09
47650.056 1.5599186774420021e-09
47700.056 1.151859074427215e-09
47750.056 1.0001141416300175e-09
47800.056 5.487753625801091e-10
47850.056 1.8404204208004153e-10
47900.056 3.8778811146301266e-10
47950.056 1.3715058299400416e-09
48000.056 1.8853725856098607e-09
48050.056 1.3400606838661524e-09
48100.056 5.649493908861075e-10
48150.056 1.3032346514500547e-09
48200.056 4.476916688719045e-10
48250.056 6.81944788845981e-10
48300.056 1.676636121400024e-09
48350.056 7.176190305098683e-10
48400.056 1.2914345949636794e-10
48450.056 2.2314132863485503e-10
48500.056 4.4546257800492654e-10
48550.056 5.592491483040951e-10
48600.056 1.5434125780996879e-09
48650.056 2.020285274239778e-09
48700.056 1.2482927728143507e-09
48750.056 1.4374665788100106e-09
48800.056 1.6188441300201002e-09
48850.056 6.36545821797902e-10
48900.056 4.36559557126943e-10
48950.056 1.984505166179914e-10
49000.056 1.3974764322842386e-10
49050.056 5.712006104969269e-10
49100.056 1.0546770078291954e-09
49150.056 8.271079191472324e-10
49200.056 1.8092447402602332e-09
49250.056 1.6029456710497518e-09
49300.056 1.0759618841539986e-09
49350.056 3.272936057571465e-10
49400.056 4.822639857747972e-10
49450.056 4.101076973470827e-10
49500.056 2.589016557889381e-10
49550.056 6.853235951599787e-11
49600.056 1.2346175122522413e-10
49650.056 4.535528065011606e-10
49700.056 6.565303264698357e-10
49750.056 3.729134889440221e-10
49800.056 2.37872750580037e-10
49850.056 8.14858086250116e-10
49900.056 9.790185400099552e-10
49950.056 9.023445730700173e-10
50000.056 3.125773523188924e-10
50050.056 3.5163842119103666e-10
50100.056 3.507500578399759e-10
50150.056 1.3251664668797445e-10
50200.056 3.6677717847000736e-11
50250.056 1.3339416904000454e-10
50300.056 9.475814312201272e-11
50350.056 4.192341267000818e-10
50400.056 5.954881116218629e-10
50450.056 6.551666030201573e-10
50500.056 9.602448260429789e-10
50550.056 9.211715029800557e-10
50600.056 4.3547094619894765e-10
50650.056 1.0937919805700835e-09
50700.056 7.757880930098996e-10
50750.056 3.704915028899992e-10
50800.056 1.0790263036857431e-10
50850.056 6.446488065701465e-11
50900.056 2.8526159578003615e-10
50950.056 3.6118322854995896e-10
51000.056 2.2916186057801187e-10
51050.056 5.505956557880139e-10
51100.056 1.7834924763296977e-10
51150.056 1.3966918937602812e-10
51200.056 5.686488322700062e-10
51250.056 4.2643237678392633e-10
51300.056 2.885427881850376e-10
51350.056 1.5916415678056916e-10
51400.056 6.504965067541e-11
51450.056 6.433773313748785e-11
51500.056 6.554827274741553e-11
51550.056 1.6194508812300967e-10
51600.056 2.1677989306908843e-10
51650.056 3.8674391843002566e-10
51700.056 3.3236991615894114e-10
51750.056 2.1432225078204396e-10
51800.056 4.5568109618998435e-10
51850.056 3.551222941699749e-10
51900.056 2.4938724044996543e-10
51950.056 1.427537947459912e-10
52000.056 3.9759819375795176e-11
52050.056 8.041656255092962e-11
52100.056 6.118283169100065e-11
52150.056 4.0398279685713566e-11
52200.056 1.1435819809300562e-10
52250.056 1.5507667166202482e-10
52300.056 1.4940499636599556e-10
52350.056 6.642609688019362e-11
52400.056 7.703339016199621e-11
52450.056 1.9989730861001194e-10
52500.056 1.2949242137898392e-10
52550.056 2.4521413038400125e-10
52600.056 2.826430109059889e-10
52650.056 2.9036546524399007e-10
52700.056 1.93477194723974e-10
52750.056 5.6703298212593824e-11
52800.056 1.125441989500094e-10
52850.056 1.2109013493858882e-10
52900.056 5.646719734938522e-11
52950.056 8.401456296400922e-11
53000.056 1.2832894781803143e-10
53050.056 7.821072053399383e-11
53100.056 1.8243212749957116e-10
53150.056 8.397455948686164e-11
53200.056 4.9056653612694033e-11
53250.056 5.776566192929656e-11
53300.056 1.241512875167881e-10
53350.056 9.685529498099153e-11
53400.056 8.303097195116517e-11
53450.056 4.457569296586946e-11
53500.056 1.4758738782515006e-11
53550.056 2.7327923051604445e-11
