galfind/configs/Brown_Dwarf_templates/sonora_bobcat/m+0.5/10g/sp_t700g10nc_m+0.5_resample.dat
# %ECSV 1.0
# ---
# datatype:
# - {name: wav, unit: Angstrom, datatype: float64}
# - {name: flux_nu, unit: erg / (cm2 Hz s), datatype: float64}
# meta: {C/O: '1.00', Kzz: '1.0000E+05', Teff: '700.', Y: '0.28', '[Fe/H]': '0.50', f_hole: '1.00', f_rain: '0.00', grav: '10.'}
# schema: astropy-2.0
wav flux_nu
4000.0559999999996 nan
4050.0559999999996 8.246835442014872e-15
4100.056 1.2563581535929764e-12
4150.056 6.035751306200472e-12
4200.056 4.900614094633662e-12
4250.056 1.4828583694102495e-11
4300.056 2.0509301989501734e-11
4350.056 2.4575317716201375e-11
4400.056 3.040628386550155e-11
4450.056 3.770231806699944e-11
4500.056 4.012689791300167e-11
4550.056 4.603419798614732e-11
4600.056 4.928344211121352e-11
4650.056 4.087144248829661e-11
4700.056 3.190470614100019e-11
4750.056 1.0125412484699924e-11
4800.056 1.6326369452899716e-12
4850.056 3.1700374709999677e-13
4900.056 1.1547295149399916e-13
4950.056 5.1553539950999557e-14
5000.056 2.0718930869999777e-14
5050.056 1.0143609814600037e-14
5100.056 9.24797390120005e-15
5150.056 9.142107163100124e-15
5200.056 9.155815175200029e-15
5250.056 9.1613096025e-15
5300.056 9.279619530799996e-15
5350.056 9.578247682900009e-15
5400.056 9.961061538699961e-15
5450.056 1.0503274681700025e-14
5500.056 1.1141107388000168e-14
5550.056 1.1831443919000058e-14
5600.056 1.2479643693999983e-14
5650.056 1.293845282399998e-14
5700.056 1.2950713571800034e-14
5750.056 1.2520209236499987e-14
5800.056 1.117617976219999e-14
5850.056 8.000834887099859e-15
5900.056 2.6341517689071863e-15
5950.056 1.5323890355100613e-14
6000.056 3.133351468669927e-14
6050.056 5.548186473600141e-14
6100.056 9.022597929500112e-14
6150.056 1.386175248200013e-13
6200.056 2.0786342114000152e-13
6250.056 3.032234932800005e-13
6300.056 4.477154646000025e-13
6350.056 6.528785352800068e-13
6400.056 9.40089579370009e-13
6450.056 1.2996739254899424e-12
6500.056 1.888055685139963e-12
6550.056 2.7409515237400133e-12
6600.056 3.9824575854001465e-12
6650.056 5.720219002300053e-12
6700.056 7.49200469565208e-12
6750.056 1.1187909141800069e-11
6800.056 1.4567729313000128e-11
6850.056 1.7014650386000056e-11
6900.056 1.663263117300059e-11
6950.056 1.5291251097589675e-11
7000.056 1.6050633100370447e-11
7050.056 1.743464597896958e-11
7100.056 1.9245365708899586e-11
7150.056 1.8713530671544656e-11
7200.056 1.80898274244486e-11
7250.056 1.8092988188009117e-11
7300.056 1.742708222650574e-11
7350.056 1.6546586531068094e-11
7400.056 1.586819228615088e-11
7450.056 1.4832760960700665e-11
7500.056 1.3547203639399681e-11
7550.056 1.1888314904899872e-11
7600.056 9.978979507099938e-12
7650.056 3.02132220810887e-12
7700.056 2.0452951615140983e-12
7750.056 1.0380404092100158e-11
7800.056 1.6765965216799978e-11
7850.056 2.8945701043299694e-11
7900.056 4.2294392569198966e-11
7950.056 5.0514475102560405e-11
8000.056 8.26020839750008e-11
8050.056 1.0987438291400623e-10
8100.056 1.3003681666012616e-10
8150.056 1.6537485240825373e-10
8200.056 2.2512170922558484e-10
8250.056 2.8066862571209813e-10
8300.056 3.545455576550319e-10
8350.056 4.143439693222945e-10
8400.056 5.054934152704472e-10
8450.056 6.397847865071374e-10
8500.056 7.153498987439146e-10
8550.056 9.511095062400072e-10
8600.056 1.2192777049600304e-09
8650.056 1.4799035478800863e-09
8700.056 1.7016736539500334e-09
8750.056 2.0058550663400576e-09
8800.056 2.2621203434801386e-09
8850.056 2.2119781478899035e-09
8900.056 1.026404524584026e-09
8950.056 1.2647318091538848e-09
9000.056 1.0911259519284067e-09
9050.056 2.452688314845706e-09
9100.056 3.055798616318679e-09
9150.056 3.316178374843806e-09
9200.056 4.46042193487336e-09
9250.056 4.687723264790626e-09
9300.056 2.056414151483389e-09
9350.056 2.240480962422788e-09
9400.056 2.794014871861081e-09
9450.056 3.6717831317406544e-09
9500.056 3.5611415549237893e-09
9550.056 4.263859080544772e-09
9600.056 4.022213188100613e-09
9650.056 4.860374480112286e-09
9700.056 5.4817184612116196e-09
9750.056 5.443079656131534e-09
9800.056 5.7727566522563345e-09
9850.056 6.585328670903032e-09
9900.056 8.500278273515822e-09
9950.056 8.026593087761708e-09
10000.056 9.527930456634441e-09
10050.056 1.0702564626781193e-08
10100.056 1.4183127067514006e-08
10150.056 1.7257287411596717e-08
10200.056 2.153466502829895e-08
10250.056 2.4959668961901957e-08
10300.056 3.058170595960018e-08
10350.056 3.821493523699801e-08
10400.056 4.747070634599529e-08
10450.056 5.396092270498903e-08
10500.056 6.094826992620788e-08
10550.056 6.905444928001041e-08
10600.056 7.34390269558904e-08
10650.056 7.97342122835053e-08
10700.056 8.117993076419871e-08
10750.056 8.648393659394615e-08
10800.056 8.679086253756499e-08
10850.056 7.739202332183709e-08
10900.056 4.8344070218167e-08
10950.056 2.2025646541069643e-08
11000.056 1.9495361114138106e-08
11050.056 1.523944772194543e-08
11100.056 1.0199405376603697e-08
11150.056 5.302184373732243e-09
11200.056 3.409739684419118e-09
11250.056 3.885951653873645e-09
11300.056 5.4453797745739135e-09
11350.056 2.2463135492623383e-09
11400.056 3.425985266514833e-09
11450.056 3.2346214319864264e-09
11500.056 1.9166230284153304e-09
11550.056 4.0723844034295106e-10
11600.056 6.10428674947814e-10
11650.056 1.675595017266631e-09
11700.056 1.4964691730852372e-09
11750.056 1.8326531825225636e-10
11800.056 1.5947367268459454e-09
11850.056 3.287669065038345e-09
11900.056 3.7017994294360427e-09
11950.056 6.226286146694434e-09
12000.056 1.0291726456083192e-08
12050.056 1.672465166665181e-08
12100.056 2.4721217949158747e-08
12150.056 3.559956283570601e-08
12200.056 4.601830136084502e-08
12250.056 5.769444814864753e-08
12300.056 7.12068536397751e-08
12350.056 7.663204189387696e-08
12400.056 9.394106354317429e-08
12450.056 1.0668527390704289e-07
12500.056 1.1854528855901653e-07
12550.056 1.3197082518703195e-07
12600.056 1.4467857833213326e-07
12650.056 1.424406032637336e-07
12700.056 1.4852019927131465e-07
12750.056 1.4542151294535544e-07
12800.056 1.4398436977251063e-07
12850.056 1.2437662438499793e-07
12900.056 1.0178623721197249e-07
12950.056 9.995127800081058e-08
13000.056 7.713016040553013e-08
13050.056 6.312262454786016e-08
13100.056 5.405225470677324e-08
13150.056 4.106408764372717e-08
13200.056 3.193559844620646e-08
13250.056 2.262075694420864e-08
13300.056 8.385263378412206e-09
13350.056 2.2876659555607392e-09
13400.056 2.1267863285563124e-09
13450.056 1.0079923993049483e-09
13500.056 6.555699347227861e-10
13550.056 3.7735072999950844e-10
13600.056 8.10710594843568e-11
13650.056 2.8930918557734533e-10
13700.056 2.7676175890351483e-10
13750.056 1.6752529471212108e-10
13800.056 1.363127461529625e-10
13850.056 1.0566558868962646e-10
13900.056 1.2017597599689238e-10
13950.056 8.280406620586159e-11
14000.056 9.49216204576054e-11
14050.056 1.3585026403747366e-10
14100.056 2.0367788257080083e-10
14150.056 3.3375127432951676e-10
14200.056 2.7017992871995314e-10
14250.056 4.086772645035144e-10
14300.056 6.602749462163389e-10
14350.056 8.442894531067911e-10
14400.056 1.1336609988093987e-09
14450.056 1.3666159101266982e-09
14500.056 2.6075491337752802e-09
14550.056 3.3749098612718833e-09
14600.056 4.463391953833533e-09
14650.056 4.784722220387339e-09
14700.056 4.2683914042008595e-09
14750.056 4.93877990058541e-09
14800.056 7.196573058520081e-09
14850.056 8.60563329115939e-09
14900.056 9.862164033151444e-09
14950.056 1.0865728856628908e-08
15000.056 1.3878835232951729e-08
15050.056 1.4526184478978194e-08
15100.056 1.5797716312327784e-08
15150.056 1.8364038360283297e-08
15200.056 2.06454554593433e-08
15250.056 2.6418508389138502e-08
15300.056 3.0195906789566173e-08
15350.056 3.347913013357742e-08
15400.056 3.911691512818814e-08
15450.056 4.3505650809873155e-08
15500.056 4.483698418945592e-08
15550.056 5.015830150527986e-08
15600.056 4.8897517731318685e-08
15650.056 5.500668549124323e-08
15700.056 6.619998695440073e-08
15750.056 7.29275547819249e-08
15800.056 6.895738081869755e-08
15850.056 7.605846827068923e-08
15900.056 6.597622949754174e-08
15950.056 6.102547437147375e-08
16000.056 4.164877449621202e-08
16050.056 2.2055465994443753e-08
16100.056 1.3902192459897661e-08
16150.056 7.450496080342533e-09
16200.056 3.839353052867711e-09
16250.056 2.6247155900216573e-09
16300.056 1.5961317088490654e-09
16350.056 1.7158061936767976e-09
16400.056 2.2367995872273026e-09
16450.056 2.1807455498817245e-09
16500.056 2.2349019316790384e-09
16550.056 2.385058885782664e-09
16600.056 1.999947064880617e-09
16650.056 1.7489228381536973e-09
16700.056 2.966398686726692e-10
16750.056 4.4899634368186733e-10
16800.056 1.0099033389024157e-09
16850.056 1.423915096039109e-09
16900.056 8.224148153376861e-10
16950.056 4.94628148062254e-10
17000.056 3.033487512176989e-10
17050.056 5.89562086025307e-10
17100.056 9.74849098735666e-10
17150.056 5.374200058512198e-10
17200.056 1.4278793735922381e-09
17250.056 1.3785143270519296e-09
17300.056 7.377522415592304e-10
17350.056 5.922760217243292e-10
17400.056 8.758795920395446e-10
17450.056 1.4040709973457592e-09
17500.056 2.017139386686396e-09
17550.056 2.0365023756728123e-09
17600.056 1.6540209946014915e-09
17650.056 1.6540806692502104e-09
17700.056 1.0123232457067834e-09
17750.056 1.2293942225160355e-09
17800.056 2.7802881150605427e-09
17850.056 1.6607351088839104e-09
17900.056 1.1883204716254857e-09
17950.056 1.0607610092469887e-09
18000.056 1.4844897251212994e-09
18050.056 2.1055734681038747e-09
18100.056 2.7871805838949218e-09
18150.056 3.5301459843724467e-09
18200.056 2.490917970418414e-09
18250.056 5.0367169040011345e-09
18300.056 3.406855061736587e-09
18350.056 2.5216841327434577e-09
18400.056 2.7938757301657013e-09
18450.056 4.0027737582163455e-09
18500.056 4.420565460751254e-09
18550.056 3.622942571339764e-09
18600.056 3.917576463371048e-09
18650.056 4.2862994131853655e-09
18700.056 3.4624317474534407e-09
18750.056 5.521516365133169e-09
18800.056 9.270736543601103e-09
18850.056 1.0759694580831545e-08
18900.056 1.0689483285124688e-08
18950.056 1.4895145651356305e-08
19000.056 1.1644520889268287e-08
19050.056 8.703028800913225e-09
19100.056 1.4152546525064126e-08
19150.056 1.1938818499749484e-08
19200.056 1.417113625046944e-08
19250.056 1.1624571481755928e-08
19300.056 1.0841469887507834e-08
19350.056 9.387432444847042e-09
19400.056 8.219212762544318e-09
19450.056 1.5079672068588895e-08
19500.056 1.3903658735395914e-08
19550.056 9.358206232036523e-09
19600.056 1.6034220157854427e-08
19650.056 1.666298844939299e-08
19700.056 1.8451970895506723e-08
19750.056 2.0783853824783475e-08
19800.056 2.05742698205894e-08
19850.056 2.677773891949945e-08
19900.056 2.1154675684099597e-08
19950.056 3.430506819793252e-08
20000.056 3.172749678862286e-08
20050.056 3.3404528831383175e-08
20100.056 4.364097979208083e-08
20150.056 3.843912596371519e-08
20200.056 4.1931920284765226e-08
20250.056 5.1811340179393825e-08
20300.056 5.3569192107769064e-08
20350.056 6.13646936419121e-08
20400.056 5.613473703798725e-08
20450.056 6.911507544771896e-08
20500.056 7.503194055576464e-08
20550.056 7.347843670579044e-08
20600.056 8.215156321339148e-08
20650.056 8.112910046177866e-08
20700.056 8.383153518549614e-08
20750.056 8.839313544629107e-08
20800.056 8.54492184435464e-08
20850.056 8.146840632655504e-08
20900.056 7.995680546804353e-08
20950.056 7.280818718134932e-08
21000.056 6.565387887794517e-08
21050.056 6.443827271715677e-08
21100.056 5.525816569835428e-08
21150.056 5.487700376774817e-08
21200.056 4.619147923612183e-08
21250.056 3.876021073843981e-08
21300.056 2.7435162218349787e-08
21350.056 2.8147180672246e-08
21400.056 2.4073351943214527e-08
21450.056 1.9294727111827623e-08
21500.056 1.6602816172392448e-08
21550.056 1.3854392171621604e-08
21600.056 9.958466570119653e-09
21650.056 7.799036106810721e-09
21700.056 7.590862984937351e-09
21750.056 6.693146458495893e-09
21800.056 5.6339478182838655e-09
21850.056 5.0985059085936e-09
21900.056 3.2841727291575147e-09
21950.056 1.6314799393404756e-09
22000.056 5.362148341967767e-10
22050.056 2.847075418466271e-10
22100.056 5.917577393919236e-10
22150.056 1.1277060570434363e-09
22200.056 1.335325810432687e-09
22250.056 1.041332136338556e-09
22300.056 7.948993134373197e-10
22350.056 7.780157488627246e-10
22400.056 4.836218024252143e-10
22450.056 4.268246453697761e-10
22500.056 3.294703301533672e-10
22550.056 2.6835419522292686e-10
22600.056 2.74530372793467e-10
22650.056 3.2047562371996433e-10
22700.056 2.683334995824097e-10
22750.056 2.9163778474090226e-10
22800.056 2.444735697280368e-10
22850.056 2.1436150652910887e-10
22900.056 1.5982111301710497e-10
22950.056 1.545360866295393e-10
23000.056 2.223727726462224e-10
23050.056 3.0410163985916245e-10
23100.056 6.677968052067255e-10
23150.056 9.014260122134214e-10
23200.056 1.5840046723757833e-10
23250.056 1.7121114038508895e-10
23300.056 1.7954407778441566e-10
23350.056 2.075063059887247e-10
23400.056 2.424113461470648e-10
23450.056 2.1624795279809033e-10
23500.056 2.2824057288594763e-10
23550.056 3.240158597566628e-10
23600.056 3.6287193953444974e-10
23650.056 5.994311920473811e-10
23700.056 3.198129035027849e-10
23750.056 2.2558268623136435e-10
23800.056 3.304609717509253e-10
23850.056 3.6552415242761103e-10
23900.056 5.974976586535288e-10
23950.056 7.122698929746269e-10
24000.056 7.843396920818451e-10
24050.056 1.2115389769733244e-09
24100.056 1.1257273021198982e-09
24150.056 1.2906152619238383e-09
24200.056 1.2050415875679439e-09
24250.056 9.434654397242132e-10
24300.056 1.2469863490947645e-09
24350.056 1.011496521062981e-09
24400.056 1.5973561754427569e-09
24450.056 1.781405809558434e-09
24500.056 1.8652766705627937e-09
24550.056 2.4263904387744838e-09
24600.056 2.567479910208347e-09
24650.056 3.2679100643172632e-09
24700.056 2.5505251533457305e-09
24750.056 3.2174333911175075e-09
24800.056 3.4941109901914953e-09
24850.056 4.2987460611419395e-09
24900.056 3.2508713390078156e-09
24950.056 5.3475248985421124e-09
25000.056 5.2162017427163885e-09
25050.056 4.3686518325351095e-09
25100.056 5.917177735959014e-09
25150.056 3.914592947113948e-09
25200.056 5.5532347469982175e-09
25250.056 4.071053517584693e-09
25300.056 6.2189799315417595e-09
25350.056 3.615762026498365e-09
25400.056 6.7204168554446795e-09
25450.056 3.419401889551721e-09
25500.056 3.4896127828554327e-09
25550.056 4.388945599726873e-09
25600.056 2.784524043074189e-09
25650.056 2.2895304696565487e-09
25700.056 3.902658237519545e-09
25750.056 1.6521575312106239e-09
25800.056 3.526169132105748e-09
25850.056 1.7770879666700934e-09
25900.056 2.2435064472560462e-09
25950.056 1.3407121404859507e-09
26000.056 4.322966105308322e-09
26050.056 2.072945579998156e-09
26100.056 3.382536811153082e-09
26150.056 2.5229222864081682e-09
26200.056 3.430180605042514e-09
26250.056 5.608354658281341e-09
26300.056 3.803487143238756e-09
26350.056 7.879692729390367e-09
26400.056 8.576203511639489e-09
26450.056 1.0254769360414293e-08
26500.056 1.1483496585681665e-08
26550.056 5.49494875413991e-09
26600.056 7.887093916391985e-09
26650.056 3.2294744940544886e-09
26700.056 3.039210370791199e-09
26750.056 2.2284663517639886e-09
26800.056 4.474074420226979e-09
26850.056 2.477357461473887e-09
26900.056 6.655165490462154e-09
26950.056 3.3206854150918634e-09
27000.056 1.0054686141559335e-08
27050.056 7.537821264540639e-09
27100.056 4.604698566614351e-09
27150.056 1.2493371663308929e-08
27200.056 5.025886056936969e-09
27250.056 7.363180230079913e-09
27300.056 1.9706987788600543e-08
27350.056 1.3072514246149132e-08
27400.056 2.927107736474178e-09
27450.056 1.780986405985148e-08
27500.056 1.7252196916553836e-08
27550.056 6.292385556505941e-09
27600.056 1.3045253206029056e-08
27650.056 5.151790053422123e-09
27700.056 4.074178834580692e-09
27750.056 1.3726689093327203e-08
27800.056 5.130720861742477e-09
27850.056 7.3245450259251225e-09
27900.056 8.033908051081369e-09
27950.056 1.628280094365111e-08
28000.056 1.3278831044521235e-08
28050.056 3.4694039587350253e-09
28100.056 1.6385563956781453e-08
28150.056 1.0079713141839169e-08
28200.056 4.3900213288447046e-09
28250.056 1.7174806761199278e-08
28300.056 2.378113504861276e-08
28350.056 6.971842027827136e-09
28400.056 1.283891286000183e-08
28450.056 1.8276088100933663e-08
28500.056 1.4082182191523902e-08
28550.056 4.741808901621815e-09
28600.056 2.1101404346445725e-08
28650.056 1.8363396154524572e-08
28700.056 1.6188629029518107e-08
28750.056 2.4908844287262722e-08
28800.056 1.7891352064957687e-08
