galfind/configs/Brown_Dwarf_templates/sonora_bobcat/m+0.5/10g/sp_t525g10nc_m+0.5_resample.dat
# %ECSV 1.0
# ---
# datatype:
# - {name: wav, unit: Angstrom, datatype: float64}
# - {name: flux_nu, unit: erg / (cm2 Hz s), datatype: float64}
# meta: {C/O: '1.00', Kzz: '1.0000E+05', Teff: '525.', Y: '0.28', '[Fe/H]': '0.50', f_hole: '1.00', f_rain: '0.00', grav: '10.'}
# schema: astropy-2.0
wav flux_nu
[from data line 498]
28900.056 1.089807659972967e-09
28950.056 2.4354870567521998e-09
29000.056 1.6279576041684223e-09
29050.056 2.140711918769731e-09
29100.056 1.4524392308088899e-09
29150.056 1.882084962570209e-09
29200.056 2.1192718020541323e-09
29250.056 3.6183171141450005e-09
29300.056 1.3843619668467584e-09
29350.056 4.6299405510294685e-09
29400.056 2.1007986877684493e-09
29450.056 2.1932347049598586e-09
29500.056 3.0545200038207658e-09
29550.056 1.9832129164410066e-09
29600.056 2.8674221659788095e-09
29650.056 3.977832565818136e-09
29700.056 1.6346844491617672e-09
29750.056 3.4306874021700077e-09
29800.056 3.1737505363333388e-09
29850.056 3.865037860750021e-09
29900.056 2.9767330955878344e-09
29950.056 2.853289177675815e-09
30000.056 1.7671505109992156e-10
30050.056 5.393447819543864e-10
30100.056 1.1707825556711924e-09
30150.056 2.252300779859388e-09
30200.056 1.664340020311035e-09
30250.056 3.867632366258586e-09
30300.056 4.836556739925331e-09
30350.056 2.631270130023633e-09
30400.056 4.5467594963653605e-09
30450.056 2.7291003971967318e-09
30500.056 2.700129000062707e-09
30550.056 2.666124116103498e-09
30600.056 3.841808103291395e-09
30650.056 2.930738423708184e-09
30700.056 2.251062147172843e-09
30750.056 3.4416698050316844e-09
30800.056 2.0668014880111697e-09
30850.056 2.664528166081809e-09
30900.056 1.3057200648315046e-09
30950.056 1.87380563797817e-09
31000.056 1.617842910113139e-09
31050.056 1.4335272073969444e-09
31100.056 9.841328001476071e-10
31150.056 1.5395077492360312e-09
31200.056 1.8270692930811143e-09
31250.056 1.3907983723945253e-09
31300.056 9.582714027920167e-10
31350.056 1.3964338688160787e-09
31400.056 1.0391128769358622e-09
31450.056 9.910119972936254e-10
31500.056 6.577967503504672e-10
31550.056 8.01250511910545e-10
31600.056 4.647016429092063e-10
31650.056 5.766241298992312e-10
31700.056 6.015221472668574e-10
31750.056 3.0713628621132523e-10
31800.056 5.506593425603806e-10
31850.056 2.2522207769946822e-10
31900.056 3.27120977867818e-10
31950.056 2.2103722962895137e-10
32000.056 2.474097845680097e-10
32050.056 3.2880107341510734e-10
32100.056 2.932344049226981e-10
32150.056 3.268070497557548e-10
32200.056 2.0157665105801726e-10
32250.056 4.0346939779109893e-10
32300.056 2.2581457500769643e-10
32350.056 3.7241214178694006e-10
32400.056 1.8460292269617188e-10
32450.056 3.135235577967849e-10
32500.056 1.9389515284951202e-10
32550.056 2.359094990722115e-10
32600.056 2.735017216863204e-10
32650.056 7.189681132308649e-10
32700.056 3.483711410444308e-10
32750.056 8.945044108143914e-10
32800.056 6.524157762658632e-10
32850.056 1.0972773741303937e-09
32900.056 1.0565165980308872e-09
32950.056 1.2812036331184506e-09
33000.056 8.094482939468846e-10
33050.056 1.0356220448543958e-09
33100.056 2.624972453350158e-10
33150.056 2.282635902511004e-12
33200.056 1.3465851625909532e-11
33250.056 7.1151758373354836e-12
33300.056 2.0977673177367433e-11
33350.056 6.832097970982472e-11
33400.056 1.9542530080632004e-10
33450.056 2.640111196648407e-10
33500.056 7.373703097149288e-10
33550.056 2.7182314254316625e-10
33600.056 7.479253888406932e-10
33650.056 6.599970975101319e-10
33700.056 4.853576930991137e-10
33750.056 9.43562593130624e-10
33800.056 3.72318741848579e-10
33850.056 6.877565143489586e-10
33900.056 6.200676338265806e-10
33950.056 5.864350059264124e-10
34000.056 9.690779351306796e-10
34050.056 2.385694067760723e-10
34100.056 8.899632458021263e-10
34150.056 5.890114041110928e-10
34200.056 7.819360483935208e-10
34250.056 6.33142172520892e-10
34300.056 6.5468421279777e-10
34350.056 5.925508667404417e-10
34400.056 3.6769814487795114e-10
34450.056 6.971112328231879e-10
34500.056 5.843624602131838e-10
34550.056 3.7838372018988874e-10
34600.056 9.74875129025524e-10
34650.056 4.277212546335821e-10
34700.056 9.584825245596681e-10
34750.056 6.950975651536569e-10
34800.056 6.841491890908969e-10
34850.056 9.161755402900434e-10
34900.056 7.07566814706364e-10
34950.056 1.1591866976632402e-09
35000.056 2.140193331185109e-09
35050.056 9.495320099147137e-10
35100.056 1.8327321857558907e-09
35150.056 1.1496039098955454e-09
35200.056 1.7352804242873092e-09
35250.056 2.1218953138744134e-09
35300.056 1.415201360058493e-09
35350.056 1.488808420172423e-09
35400.056 1.6249365834592261e-09
35450.056 1.158484028560547e-09
35500.056 3.3434208834023876e-09
35550.056 2.6852602642003063e-09
35600.056 2.0765832283789522e-09
35650.056 2.179681030909971e-09
35700.056 2.3931190377611488e-09
35750.056 3.3307228074425186e-09
35800.056 4.328274251505787e-09
35850.056 1.962775460578227e-09
35900.056 2.508437058221064e-09
35950.056 2.3824988344084776e-09
36000.056 2.5738420278879105e-09
36050.056 1.870025899355386e-09
36100.056 2.017717235845666e-09
36150.056 2.7393496067301635e-09
36200.056 2.9394033032084287e-09
36250.056 2.6939880166473075e-09
36300.056 3.927900491615307e-09
36350.056 2.8689332414048156e-09
36400.056 3.320584753452519e-09
36450.056 4.604618194231383e-09
36500.056 5.249731851933192e-09
36550.056 4.952228025460354e-09
36600.056 6.296307270517012e-09
36650.056 5.416754114796773e-09
36700.056 6.543136120940255e-09
36750.056 7.549100679760587e-09
36800.056 6.993106021470552e-09
36850.056 5.460744915997976e-09
36900.056 7.757683313144868e-09
36950.056 7.832128319701763e-09
37000.056 6.785931373542859e-09
37050.056 7.208070503434126e-09
37100.056 8.771435910321202e-09
37150.056 5.916959097646042e-09
37200.056 8.834101093957135e-09
37250.056 8.125490427617983e-09
37300.056 6.5910257440778914e-09
37350.056 8.666565967119883e-09
37400.056 1.2848080282762163e-08
37450.056 7.730676726204347e-09
37500.056 8.355333392726675e-09
37550.056 1.0795934234320455e-08
37600.056 1.2029005472310159e-08
37650.056 7.050459608562716e-09
37700.056 1.4265234791436857e-08
37750.056 8.482900429965553e-09
37800.056 9.100062126428246e-09
37850.056 5.308869666600765e-09
37900.056 7.593120179082405e-09
37950.056 1.150481989882759e-08
38000.056 1.3032193954366902e-08
38050.056 1.255744626398887e-08
38100.056 1.3070181855260129e-08
38150.056 1.7126693277538726e-08
38200.056 1.6874383896498284e-08
38250.056 1.6334333731223343e-08
38300.056 2.4716716362274037e-08
38350.056 2.3107107839705554e-08
38400.056 1.0894469999253642e-08
38450.056 1.0396712433613192e-08
38500.056 6.7946431070164075e-09
38550.056 1.2958562992144354e-08
38600.056 1.313870648219535e-08
38650.056 1.1306892513672611e-08
38700.056 1.0341493050953639e-08
38750.056 1.4367899046068209e-08
38800.056 1.254728336602715e-08
38850.056 1.3775645921547312e-08
38900.056 1.853023922049129e-08
38950.056 1.4474488585682711e-08
39000.056 1.8242104338863828e-08
39050.056 1.3989542226041632e-08
39100.056 1.790391077577812e-08
39150.056 1.7696410502136877e-08
39200.056 1.9087835603600217e-08
39250.056 2.4191361762582254e-08
39300.056 1.547557093007578e-08
39350.056 2.8636446419640675e-08
39400.056 1.8309560115374082e-08
39450.056 2.3301257770576912e-08
39500.056 2.544610067135521e-08
39550.056 2.2880085605595362e-08
39600.056 2.489050721240526e-08
39650.056 2.4826205290108526e-08
39700.056 2.6979775547326203e-08
39750.056 2.064091017229971e-08
39800.056 2.2475069620817846e-08
39850.056 3.457953546309977e-08
39900.056 3.449852042640515e-08
39950.056 2.3775569266407097e-08
40000.056 4.1501603961379344e-08
40050.056 3.1821790683825505e-08
40100.056 2.2269621337770285e-08
40150.056 3.4393819582046255e-08
40200.056 3.694479423342563e-08
40250.056 3.782173233282689e-08
40300.056 3.664418325950674e-08
40350.056 3.6461329842058766e-08
40400.056 4.292900960212901e-08
40450.056 3.334012739187824e-08
40500.056 4.536127115719089e-08
40550.056 4.460517748560272e-08
40600.056 4.2015378795317216e-08
40650.056 3.013803909702579e-08
40700.056 4.8655899652979466e-08
40750.056 4.261887742955043e-08
40800.056 3.267779325710162e-08
40850.056 5.867220192713312e-08
40900.056 5.2730385853353166e-08
40950.056 4.916472464577729e-08
41000.056 5.0382839752807705e-08
41050.056 6.373617012517117e-08
41100.056 5.45142570239217e-08
41150.056 3.56393196337556e-08
41200.056 6.787383446724302e-08
41250.056 4.863575901436514e-08
41300.056 5.0480207697850384e-08
41350.056 7.486880942121347e-08
41400.056 6.373022211085724e-08
41450.056 7.650393036078314e-08
41500.056 6.075805860989771e-08
41550.056 5.815924043756156e-08
41600.056 6.320075209109876e-08
41650.056 7.631198863837503e-08
41700.056 7.011114780054925e-08
41750.056 7.163713601199016e-08
41800.056 8.274385830341104e-08
41850.056 6.642701783228826e-08
41900.056 6.584355851796225e-08
41950.056 5.8664793328719597e-08
42000.056 5.853716059378362e-08
42050.056 6.218238471627594e-08
42100.056 7.718029876080026e-08
42150.056 7.024417757723335e-08
42200.056 6.170504911136599e-08
42250.056 6.009118018682808e-08
42300.056 6.415623795465892e-08
42350.056 8.168544607311399e-08
42400.056 8.174661990570017e-08
42450.056 7.641052294533869e-08
42500.056 6.741670350278658e-08
42550.056 6.628275159838606e-08
42600.056 7.113208148495621e-08
42650.056 9.416450841225475e-08
42700.056 7.73135390751168e-08
42750.056 7.799860989093863e-08
42800.056 9.373096447702488e-08
42850.056 9.69196426559698e-08
42900.056 1.0097866060394388e-07
42950.056 9.178889021698196e-08
43000.056 9.403588537443319e-08
43050.056 6.791087749313968e-08
43100.056 8.579596477346636e-08
43150.056 8.147161859351053e-08
43200.056 1.1006984571299027e-07
43250.056 1.275349507740015e-07
43300.056 1.21158227170986e-07
43350.056 8.678229828389374e-08
43400.056 1.0158444768598686e-07
43450.056 8.663952450475812e-08
43500.056 7.601316472434099e-08
43550.056 8.01099920091091e-08
43600.056 1.2506314189262102e-07
43650.056 9.819998887770426e-08
43700.056 1.152054976821264e-07
43750.056 1.1594027533631993e-07
43800.056 1.0849928257977415e-07
43850.056 9.448396593400115e-08
43900.056 9.923372794821992e-08
43950.056 6.707734779360809e-08
44000.056 6.84965707538896e-08
44050.056 1.3142663716901305e-07
44100.056 1.556247522642043e-07
44150.056 1.3379064178877307e-07
44200.056 1.2362096438299304e-07
44250.056 9.018176769241692e-08
44300.056 7.608788280021285e-08
44350.056 8.915499884891741e-08
44400.056 8.982393821019772e-08
44450.056 1.1970053048645386e-07
44500.056 1.2107744060723186e-07
44550.056 1.584812068421783e-07
44600.056 1.2498371256901444e-07
44650.056 1.2475516526223457e-07
44700.056 9.038708761001002e-08
44750.056 1.2652127504793141e-07
44800.056 9.774457381325701e-08
44850.056 1.1406010007518547e-07
44900.056 1.1088127607780378e-07
44950.056 1.3295332863400518e-07
45000.056 1.4010396995699219e-07
45050.056 1.3115416052950214e-07
45100.056 1.1933241249879265e-07
45150.056 1.261990877692999e-07
45200.056 1.0271439465150378e-07
45250.056 1.1186138272394918e-07
45300.056 9.59987828364352e-08
45350.056 9.90907860588316e-08
45400.056 1.7860675869501444e-07
45450.056 1.4046955316399548e-07
45500.056 1.5710775803901654e-07
45550.056 1.67904056799931e-07
45600.056 1.66256611950038e-07
45650.056 1.286457089435939e-07
45700.056 1.0193389406330819e-07
45750.056 1.0245257590839821e-07
45800.056 1.7877467550498434e-07
45850.056 1.6806488419299761e-07
45900.056 1.802742370039843e-07
45950.056 1.5596002835298634e-07
46000.056 1.7224921601729836e-07
46050.056 1.427028679289294e-07
46100.056 1.8335301286598047e-07
46150.056 1.3634352647450722e-07
46200.056 1.2135686726499094e-07
46250.056 6.976392243745134e-08
46300.056 1.4402420846840504e-07
46350.056 1.386946260460226e-07
46400.056 1.246834039530081e-07
46450.056 1.1738416694832936e-07
46500.056 1.392665089072379e-07
46550.056 9.21013565664922e-08
46600.056 1.2293175949433137e-07
46650.056 1.7273456823798305e-07
46700.056 1.2392880288998828e-07
46750.056 8.496322696505937e-08
46800.056 6.011229185804717e-08
46850.056 1.8327925082204928e-07
46900.056 1.5506031877799116e-07
46950.056 1.5371139865499926e-07
47000.056 1.534253905460349e-07
47050.056 1.2671172149660072e-07
47100.056 9.151160289307517e-08
47150.056 1.1693520825240713e-07
47200.056 1.374664889549996e-07
47250.056 1.0396519896100079e-07
47300.056 7.313928581455115e-08
47350.056 1.6955952929397687e-07
47400.056 1.4560744484598997e-07
47450.056 1.4871978756105701e-07
47500.056 1.7322079851731467e-07
47550.056 1.497080045170145e-07
47600.056 1.4225621441900423e-07
47650.056 1.3236104986186605e-07
47700.056 1.2604623744221706e-07
47750.056 9.47018338363048e-08
47800.056 9.266729619721068e-08
47850.056 6.015255279998901e-08
47900.056 8.30130602270797e-08
47950.056 1.208206189594284e-07
48000.056 1.7688304629803944e-07
48050.056 1.590638978600116e-07
48100.056 8.418675068721174e-08
48150.056 1.3268915823200745e-07
48200.056 1.0175887949320157e-07
48250.056 1.0949706801300417e-07
48300.056 1.5081785850095398e-07
48350.056 9.653852317001384e-08
48400.056 4.737952777373647e-08
48450.056 9.238084727813883e-08
48500.056 1.277071027049725e-07
48550.056 1.1269288182140528e-07
48600.056 1.296401073439985e-07
48650.056 1.3647837212896935e-07
48700.056 1.0890035123609965e-07
48750.056 8.047254622775476e-08
48800.056 1.5826274421258874e-07
48850.056 9.058521279748736e-08
48900.056 1.344562590032172e-07
48950.056 8.731907841501672e-08
49000.056 4.429946941702761e-08
49050.056 1.0366159548899522e-07
49100.056 1.3125667690573128e-07
49150.056 9.990683303586732e-08
49200.056 1.5765784124303122e-07
49250.056 1.43709050643027e-07
49300.056 1.2730975927280408e-07
49350.056 6.287758702420279e-08
49400.056 8.37556213379821e-08
49450.056 9.178599203653163e-08
49500.056 7.109885519829372e-08
49550.056 2.6109823023854876e-08
49600.056 5.664694284312099e-08
49650.056 9.657314980599599e-08
49700.056 9.127072932495825e-08
49750.056 9.796387040758253e-08
49800.056 7.596992168663561e-08
49850.056 1.3263108751704865e-07
49900.056 1.029952165875559e-07
49950.056 1.0603825134281062e-07
50000.056 8.896373946357409e-08
50050.056 1.0561849686600872e-07
50100.056 8.390026300220297e-08
50150.056 5.125010509878788e-08
50200.056 1.4626604196443923e-08
50250.056 6.594766966698805e-08
50300.056 4.439151628327874e-08
50350.056 1.0639220691831638e-07
50400.056 9.501298028795073e-08
50450.056 7.4638077517292e-08
50500.056 9.465320302941697e-08
50550.056 8.789837496301202e-08
50600.056 7.036221660927659e-08
50650.056 1.0877220975902587e-07
50700.056 1.105673968699451e-07
50750.056 7.894462229481137e-08
50800.056 3.736718611371681e-08
50850.056 2.7485815358894463e-08
50900.056 9.468765224100204e-08
50950.056 6.979556257801004e-08
51000.056 7.016872479532607e-08
51050.056 8.244837997899697e-08
51100.056 4.0112771435615545e-08
51150.056 5.358320048393384e-08
51200.056 1.1106879989099176e-07
51250.056 6.948380092168117e-08
51300.056 6.043163685121423e-08
51350.056 5.696544973243457e-08
51400.056 2.5601161696559212e-08
51450.056 2.06665192546647e-08
51500.056 2.1622239690995397e-08
51550.056 7.101165019592259e-08
51600.056 4.9899510401705924e-08
51650.056 5.509204521867687e-08
51700.056 5.8200782009715054e-08
51750.056 4.185034274726359e-08
51800.056 6.439716424399363e-08
51850.056 5.788023619759663e-08
51900.056 7.803005466579086e-08
51950.056 5.412822427009514e-08
52000.056 1.0697474366805674e-08
52050.056 3.580097390504694e-08
52100.056 2.3470077214698148e-08
52150.056 1.7092482318427177e-08
52200.056 2.8603861279920094e-08
52250.056 3.947270035491884e-08
52300.056 5.651294671505816e-08
52350.056 3.046833496368921e-08
52400.056 2.491291045922328e-08
52450.056 6.757433352300467e-08
52500.056 5.1413570166589816e-08
52550.056 5.7181613291390254e-08
52600.056 4.5811827535802074e-08
52650.056 5.297942237840673e-08
52700.056 4.2367905752799366e-08
52750.056 2.269635676673688e-08
52800.056 3.3908408888807546e-08
52850.056 3.620269707308862e-08
52900.056 2.2930947143796246e-08
52950.056 3.068114426866059e-08
53000.056 4.550304206461659e-08
53050.056 1.958127673373482e-08
53100.056 4.063319079377936e-08
53150.056 4.827400199972278e-08
53200.056 2.462816431273173e-08
53250.056 4.9704860464074663e-08
53300.056 5.9494583744232205e-08
53350.056 4.930775881475822e-08
53400.056 3.444177288158753e-08
53450.056 1.5287170650476015e-08
53500.056 4.4859863305350615e-09
53550.056 1.124083597407646e-08
