galfind/configs/Brown_Dwarf_templates/sonora_bobcat/m+0.5/10g/sp_t700g10nc_m+0.5_resample.dat
# %ECSV 1.0
# ---
# datatype:
# - {name: wav, unit: Angstrom, datatype: float64}
# - {name: flux_nu, unit: erg / (cm2 Hz s), datatype: float64}
# meta: {C/O: '1.00', Kzz: '1.0000E+05', Teff: '700.', Y: '0.28', '[Fe/H]': '0.50', f_hole: '1.00', f_rain: '0.00', grav: '10.'}
# schema: astropy-2.0
wav flux_nu
[from data line 498]
28900.056 1.1251819981918576e-08
28950.056 2.610025964173774e-08
29000.056 2.0003338722095388e-08
29050.056 2.181992758467611e-08
29100.056 1.6911706430201643e-08
29150.056 2.6680360640158878e-08
29200.056 2.049029322001364e-08
29250.056 3.086730878475778e-08
29300.056 1.6455125331558425e-08
29350.056 4.176578217377567e-08
29400.056 2.172408856450796e-08
29450.056 2.4488108683144912e-08
29500.056 2.893715330986301e-08
29550.056 2.3205806841016814e-08
29600.056 2.8750443671420463e-08
29650.056 2.995041999249968e-08
29700.056 1.8596684121519363e-08
29750.056 2.9140201270840826e-08
29800.056 2.9001934941260147e-08
29850.056 3.2645455466924346e-08
29900.056 2.8280604675129817e-08
29950.056 2.695889064279917e-08
30000.056 1.1943745897986855e-08
30050.056 1.3485027438975768e-08
30100.056 1.2330526243156007e-08
30150.056 2.3280356996288333e-08
30200.056 1.6224208644601212e-08
30250.056 3.04575509436092e-08
30300.056 2.830786273345908e-08
30350.056 2.3330877987007302e-08
30400.056 2.7416394048580918e-08
30450.056 1.8181709522302274e-08
30500.056 1.5877310979848958e-08
30550.056 1.7748306917277558e-08
30600.056 2.080488863843093e-08
30650.056 1.4708904498587542e-08
30700.056 1.4625247951026371e-08
30750.056 1.6110314689608053e-08
30800.056 1.1712738774866774e-08
30850.056 1.2323835819430076e-08
30900.056 9.056774807679097e-09
30950.056 1.0384409334011677e-08
31000.056 8.064907123101536e-09
31050.056 7.377126925725396e-09
31100.056 6.326671594978399e-09
31150.056 8.34959725122534e-09
31200.056 7.745100306481858e-09
31250.056 5.647248909617245e-09
31300.056 5.0391135598031725e-09
31350.056 5.63869871729563e-09
31400.056 4.1906862339046925e-09
31450.056 4.3017157953385955e-09
31500.056 3.3643288451560334e-09
31550.056 4.0224745603920465e-09
31600.056 2.57554959886502e-09
31650.056 2.6210919625900044e-09
31700.056 2.6249524703156014e-09
31750.056 2.174003466048995e-09
31800.056 2.6629749312503495e-09
31850.056 1.9666478002800463e-09
31900.056 2.196427331069539e-09
31950.056 1.3919413620296317e-09
32000.056 1.8656116655660414e-09
32050.056 2.2345922265470235e-09
32100.056 2.1567143468145624e-09
32150.056 2.109472520685714e-09
32200.056 1.7919638777462695e-09
32250.056 2.3351007756051043e-09
32300.056 1.8533842187397757e-09
32350.056 2.3530431360492062e-09
32400.056 1.695110609139213e-09
32450.056 2.1304796718392587e-09
32500.056 1.867605840375448e-09
32550.056 1.7518798254331201e-09
32600.056 2.4143254987803033e-09
32650.056 4.0106546950872844e-09
32700.056 2.973140221330524e-09
32750.056 3.910731246775247e-09
32800.056 3.5936905485622976e-09
32850.056 4.346080643819277e-09
32900.056 4.881370814507917e-09
32950.056 5.3594785211917235e-09
33000.056 4.18902499625665e-09
33050.056 4.282483978763763e-09
33100.056 1.560941282121212e-09
33150.056 4.218346528419702e-10
33200.056 4.313355692579425e-10
33250.056 2.1805865427800396e-10
33300.056 2.474347523620274e-10
33350.056 5.095416188969379e-10
33400.056 8.645573308294098e-10
33450.056 1.3818503824097816e-09
33500.056 2.474598433712176e-09
33550.056 1.8449736856912664e-09
33600.056 3.533356273149237e-09
33650.056 3.193999308738875e-09
33700.056 2.933988054109379e-09
33750.056 4.108516590962036e-09
33800.056 3.6124346841309928e-09
33850.056 3.918594289009587e-09
33900.056 3.273300815460676e-09
33950.056 3.3493257901091764e-09
34000.056 4.537498160762657e-09
34050.056 1.929763708228023e-09
34100.056 4.326926822700518e-09
34150.056 3.643534168031357e-09
34200.056 3.4461459152979805e-09
34250.056 3.3702706101064497e-09
34300.056 3.379719033548497e-09
34350.056 2.6858016695596832e-09
34400.056 2.3378287548891015e-09
34450.056 3.145328164788932e-09
34500.056 3.156298039180866e-09
34550.056 2.598797561250653e-09
34600.056 4.227886081509889e-09
34650.056 2.8085162210703393e-09
34700.056 3.911266532900062e-09
34750.056 3.7223605307684285e-09
34800.056 3.4962790124980695e-09
34850.056 3.746144588581633e-09
34900.056 4.107807552758059e-09
34950.056 4.71101883695796e-09
35000.056 7.206165210563217e-09
35050.056 4.0756654857791925e-09
35100.056 5.924413393352045e-09
35150.056 4.479228974571018e-09
35200.056 6.003109001058558e-09
35250.056 7.386166527436904e-09
35300.056 5.917198694869882e-09
35350.056 5.993563953727615e-09
35400.056 6.941875292837439e-09
35450.056 4.579368410072464e-09
35500.056 9.910555382199064e-09
35550.056 9.006659993176953e-09
35600.056 6.895661786215468e-09
35650.056 8.397720745716342e-09
35700.056 7.932389129866287e-09
35750.056 1.0901761441078878e-08
35800.056 1.4512895956649344e-08
35850.056 7.980981182368256e-09
35900.056 1.0321498614559613e-08
35950.056 9.078055331742513e-09
36000.056 9.294792114902065e-09
36050.056 7.67095369581622e-09
36100.056 8.698436602333883e-09
36150.056 9.34487198760679e-09
36200.056 9.748488710185766e-09
36250.056 1.0095130584594572e-08
36300.056 1.1693335685727537e-08
36350.056 1.046159343306269e-08
36400.056 9.99110318698621e-09
36450.056 1.4425906543014573e-08
36500.056 1.5641142811029213e-08
36550.056 1.412443364564275e-08
36600.056 1.8139005331999566e-08
36650.056 1.7601887139441262e-08
36700.056 2.0461934188893413e-08
36750.056 2.2223254560663805e-08
36800.056 2.065914331510148e-08
36850.056 1.858881947434688e-08
36900.056 2.2710268525105928e-08
36950.056 2.4281647902372007e-08
37000.056 2.233159553108653e-08
37050.056 2.1394030803762447e-08
37100.056 2.7061498547282354e-08
37150.056 1.9908732935994664e-08
37200.056 2.5062052143791936e-08
37250.056 2.6225727468455494e-08
37300.056 2.1792418185729412e-08
37350.056 2.3746947859715536e-08
37400.056 3.720078839719769e-08
37450.056 2.6855737131054868e-08
37500.056 2.7621389435487962e-08
37550.056 3.10710261090775e-08
37600.056 3.3041682499002326e-08
37650.056 2.5030822076907627e-08
37700.056 4.197153061416715e-08
37750.056 2.824453587799218e-08
37800.056 2.9821643392351745e-08
37850.056 2.100149961821249e-08
37900.056 2.5037701894150766e-08
37950.056 3.338671093830889e-08
38000.056 3.958768787114705e-08
38050.056 3.714224304422858e-08
38100.056 3.456935573229663e-08
38150.056 4.678912197759794e-08
38200.056 4.740349532532084e-08
38250.056 4.821728638351054e-08
38300.056 6.40183164409916e-08
38350.056 6.154410626800533e-08
38400.056 3.518742781363226e-08
38450.056 3.904904402686129e-08
38500.056 2.6796049788973563e-08
38550.056 4.081301658571412e-08
38600.056 4.40096307916197e-08
38650.056 3.6063004394091804e-08
38700.056 3.8413174688520416e-08
38750.056 4.931860605633143e-08
38800.056 4.138799499871936e-08
38850.056 4.2066138493122735e-08
38900.056 5.988388326940782e-08
38950.056 4.940178346584604e-08
39000.056 5.317407347600314e-08
39050.056 4.7405871577895094e-08
39100.056 5.481488314810914e-08
39150.056 5.200436223064724e-08
39200.056 6.017935642017196e-08
39250.056 6.88803112880758e-08
39300.056 5.000675533506507e-08
39350.056 7.752315372759537e-08
39400.056 6.142803135855038e-08
39450.056 6.72593164013747e-08
39500.056 6.761286036643063e-08
39550.056 7.293536420507981e-08
39600.056 7.18939727867729e-08
39650.056 7.368335815828882e-08
39700.056 7.651002409652459e-08
39750.056 6.500280417607437e-08
39800.056 7.446657215937001e-08
39850.056 9.277265985299778e-08
39900.056 9.34819278590184e-08
39950.056 7.701350125225903e-08
40000.056 1.2051621527583885e-07
40050.056 9.000911636379872e-08
40100.056 7.786052364397439e-08
40150.056 1.0122476871996341e-07
40200.056 1.0207939349554369e-07
40250.056 9.998761653193617e-08
40300.056 1.0086925036424417e-07
40350.056 1.1417486425507801e-07
40400.056 1.2036031122731896e-07
40450.056 1.1246000851586983e-07
40500.056 1.225326534654685e-07
40550.056 1.2212399656152824e-07
40600.056 1.2212800758101425e-07
40650.056 1.0012354501280687e-07
40700.056 1.384086739434906e-07
40750.056 1.31805780191999e-07
40800.056 1.0357408274362777e-07
40850.056 1.5585578242008334e-07
40900.056 1.4226563550622846e-07
40950.056 1.3768562547239882e-07
41000.056 1.430086510144031e-07
41050.056 1.7067852843895566e-07
41100.056 1.4666592531103494e-07
41150.056 1.176911236278528e-07
41200.056 1.7630243875275642e-07
41250.056 1.44209571649461e-07
41300.056 1.369180943783562e-07
41350.056 2.072349788560696e-07
41400.056 1.7692067999367095e-07
41450.056 1.983009419906374e-07
41500.056 1.663351869722016e-07
41550.056 1.6264650965834763e-07
41600.056 1.9678337407810465e-07
41650.056 2.121809868299953e-07
41700.056 1.8124714194686715e-07
41750.056 1.9446430729599115e-07
41800.056 1.958522925859676e-07
41850.056 1.6637974611651633e-07
41900.056 1.639095611785715e-07
41950.056 1.392248371450321e-07
42000.056 1.434304908642575e-07
42050.056 1.4415473097462092e-07
42100.056 1.857226691209737e-07
42150.056 1.562410504189722e-07
42200.056 1.3243147499861574e-07
42250.056 1.352142054344528e-07
42300.056 1.385568963646169e-07
42350.056 1.7370477978903544e-07
42400.056 1.552105899680721e-07
42450.056 1.4651728697902256e-07
42500.056 1.4067315794199158e-07
42550.056 1.414640783809816e-07
42600.056 1.4065746720353152e-07
42650.056 1.5356856563194913e-07
42700.056 1.5504417289200885e-07
42750.056 1.4142883008077955e-07
42800.056 1.4984790307165036e-07
42850.056 1.6702835599493787e-07
42900.056 1.6710031753505432e-07
42950.056 1.610825373589447e-07
43000.056 1.6660181966660903e-07
43050.056 1.305736356823699e-07
43100.056 1.5828405728497072e-07
43150.056 1.4876526359553078e-07
43200.056 1.812226163000038e-07
43250.056 1.9333807224299875e-07
43300.056 1.905984304189879e-07
43350.056 1.586732741409938e-07
43400.056 1.7179814926627632e-07
43450.056 1.6047747348283026e-07
43500.056 1.4212553357128493e-07
43550.056 1.519167711097453e-07
43600.056 2.0013862831001876e-07
43650.056 1.7128108871940312e-07
43700.056 1.7560799199101654e-07
43750.056 1.8816152453006102e-07
43800.056 1.6968017119305578e-07
43850.056 1.69211013376025e-07
43900.056 1.751886651689857e-07
43950.056 1.4145899382202798e-07
44000.056 1.460948928554993e-07
44050.056 2.0720612021102714e-07
44100.056 2.2187868608601217e-07
44150.056 1.962187294703231e-07
44200.056 1.9919043198948592e-07
44250.056 1.7215603215260647e-07
44300.056 1.5817072189263248e-07
44350.056 1.6300990260753464e-07
44400.056 1.8323390294631024e-07
44450.056 2.0124619350996395e-07
44500.056 2.167906635000521e-07
44550.056 2.332573670699607e-07
44600.056 1.9133413560063474e-07
44650.056 2.1487261446926244e-07
44700.056 1.7054958975101599e-07
44750.056 2.1483243202101508e-07
44800.056 1.9351873920301043e-07
44850.056 1.9870330388503735e-07
44900.056 1.9433040998320884e-07
44950.056 2.1281136839180885e-07
45000.056 2.2932663281596948e-07
45050.056 2.2055466346351784e-07
45100.056 2.139883503091926e-07
45150.056 2.2082229569546403e-07
45200.056 1.9445250585962216e-07
45250.056 2.0441045913192227e-07
45300.056 1.86185581156054e-07
45350.056 1.9595717401901068e-07
45400.056 2.5830040182902333e-07
45450.056 2.1859094066597266e-07
45500.056 2.309762947817049e-07
45550.056 2.5439257345993053e-07
45600.056 2.534914757200181e-07
45650.056 1.9815034750347223e-07
45700.056 2.0628186273593102e-07
45750.056 1.891437907509843e-07
45800.056 2.512036611629929e-07
45850.056 2.6560492560099764e-07
45900.056 2.7232382712999685e-07
45950.056 2.349139519869896e-07
46000.056 2.6254166464049076e-07
46050.056 2.3588343949542573e-07
46100.056 2.534858857719998e-07
46150.056 2.2629919110299493e-07
46200.056 2.1839792473501086e-07
46250.056 1.684220953032677e-07
46300.056 2.5097439741839785e-07
46350.056 2.2423346842101624e-07
46400.056 2.1569972478901443e-07
46450.056 2.124200458840408e-07
46500.056 2.21629223337039e-07
46550.056 2.063583202965704e-07
46600.056 2.256199554445991e-07
46650.056 2.9357888298895144e-07
46700.056 2.4291214229204366e-07
46750.056 1.7973442816657785e-07
46800.056 1.5835602867741792e-07
46850.056 2.9612683652207644e-07
46900.056 2.6185683572096845e-07
46950.056 2.684826144850174e-07
47000.056 2.41484834728017e-07
47050.056 2.436796164129034e-07
47100.056 1.7966026540743493e-07
47150.056 2.0490902390660843e-07
47200.056 2.3635178474202223e-07
47250.056 2.0039337654699956e-07
47300.056 1.6344255838559439e-07
47350.056 2.4988117477595824e-07
47400.056 2.5650295130396377e-07
47450.056 2.4704074077340726e-07
47500.056 2.7913319396514595e-07
47550.056 2.4268999141999677e-07
47600.056 2.3837670946099003e-07
47650.056 1.9852272280815562e-07
47700.056 2.388432545229626e-07
47750.056 1.6805666629621204e-07
47800.056 2.0484507282300993e-07
47850.056 1.5192518824189863e-07
47900.056 1.9345484208996516e-07
47950.056 1.9227091333444118e-07
48000.056 2.826681539200544e-07
48050.056 2.533242711040126e-07
48100.056 1.8661808612101372e-07
48150.056 2.26685590106023e-07
48200.056 2.1191317906700995e-07
48250.056 2.0397583966599757e-07
48300.056 2.474399168208883e-07
48350.056 1.7160288288802008e-07
48400.056 1.345414863423808e-07
48450.056 2.0241558760548312e-07
48500.056 2.611602597149652e-07
48550.056 1.9617202875279544e-07
48600.056 2.2683451970200244e-07
48650.056 2.1691918893996636e-07
48700.056 2.0569548206168178e-07
48750.056 1.584518788592912e-07
48800.056 2.8757649179398657e-07
48850.056 1.758474204034831e-07
48900.056 2.4608467090400914e-07
48950.056 2.0497632439604786e-07
49000.056 1.2392881193956357e-07
49050.056 2.0842940068200394e-07
49100.056 2.2988162467805367e-07
49150.056 2.0137235132133784e-07
49200.056 2.6034383992002455e-07
49250.056 2.434136265020399e-07
49300.056 2.1440198397680513e-07
49350.056 1.4805320929463247e-07
49400.056 1.851947301759854e-07
49450.056 1.9200737620206775e-07
49500.056 1.6385165627597435e-07
49550.056 9.536537493051669e-08
49600.056 1.5466051007584776e-07
49650.056 1.941137106549951e-07
49700.056 1.7190429997492852e-07
49750.056 1.953975842149457e-07
49800.056 1.726313101908276e-07
49850.056 2.500363982970785e-07
49900.056 1.979119081433776e-07
49950.056 2.0137165321099768e-07
50000.056 1.8143670755097292e-07
50050.056 2.148256592060124e-07
50100.056 1.7743827214590242e-07
50150.056 1.264204906339748e-07
50200.056 5.927590854240591e-08
50250.056 1.7147241473597074e-07
50300.056 1.2971841994452126e-07
50350.056 2.2321278203902845e-07
50400.056 1.9542416582018931e-07
50450.056 1.5944068324523686e-07
50500.056 1.8165330356303583e-07
50550.056 1.7275672583401016e-07
50600.056 1.6299079306796044e-07
50650.056 2.11046695416071e-07
50700.056 2.192283627408994e-07
50750.056 1.8574967457443724e-07
50800.056 1.09524909294601e-07
50850.056 1.0055557531904167e-07
50900.056 2.0875424963301493e-07
50950.056 1.5802904349203423e-07
51000.056 1.7627399207021324e-07
51050.056 1.6709908226700735e-07
51100.056 1.0470971871079288e-07
51150.056 1.4269711168177317e-07
51200.056 2.198324502849921e-07
51250.056 1.5967426582383815e-07
51300.056 1.4150070500008868e-07
51350.056 1.3486693189099563e-07
51400.056 7.993069279969425e-08
51450.056 6.823153646307565e-08
51500.056 7.739083497793493e-08
51550.056 1.8328811668601023e-07
51600.056 1.3280102731603455e-07
51650.056 1.3406203665095864e-07
51700.056 1.3635396000046965e-07
51750.056 1.0158807869753372e-07
51800.056 1.473529360839673e-07
51850.056 1.4120155462700816e-07
51900.056 1.900361929330374e-07
51950.056 1.52226835051993e-07
52000.056 5.4606689745488e-08
52050.056 1.1546188865953147e-07
52100.056 8.113915236198296e-08
52150.056 7.450695906720744e-08
52200.056 8.208064812960343e-08
52250.056 1.0591948382202833e-07
52300.056 1.5067384766400074e-07
52350.056 1.0876286974140808e-07
52400.056 7.797957811229963e-08
52450.056 1.5020174279500104e-07
52500.056 1.3256727004095232e-07
52550.056 1.451808451779527e-07
52600.056 1.2452679049302764e-07
52650.056 1.3247859233032202e-07
52700.056 1.188200479519948e-07
52750.056 7.531547825379735e-08
52800.056 9.936491565002403e-08
52850.056 1.0352835918905739e-07
52900.056 8.706817493240558e-08
52950.056 9.931832833359724e-08
53000.056 1.3413368154401518e-07
53050.056 6.909294310847783e-08
53100.056 9.899433212594266e-08
53150.056 1.3767631728601757e-07
53200.056 7.433300919780234e-08
53250.056 1.3108006703499785e-07
53300.056 1.4447359713837916e-07
53350.056 1.3767493746799553e-07
53400.056 1.2355957045400442e-07
