galfind/configs/Brown_Dwarf_templates/sonora_bobcat/m+0.5/10g/sp_t850g10nc_m+0.5_resample.dat
# %ECSV 1.0
# ---
# datatype:
# - {name: wav, unit: Angstrom, datatype: float64}
# - {name: flux_nu, unit: erg / (cm2 Hz s), datatype: float64}
# meta: {C/O: '1.00', Kzz: '1.0000E+05', Teff: '850.', Y: '0.28', '[Fe/H]': '0.50', f_hole: '1.00', f_rain: '0.00', grav: '10.'}
# schema: astropy-2.0
wav flux_nu
[from data line 498]
28900.056 6.069854590038523e-08
28950.056 1.0894911464381775e-07
29000.056 8.739097115905989e-08
29050.056 8.877648619352905e-08
29100.056 6.990029419352054e-08
29150.056 1.0567342015090466e-07
29200.056 8.594410222907302e-08
29250.056 1.175238033482503e-07
29300.056 7.637818048114387e-08
29350.056 1.409413504311944e-07
29400.056 8.963106715661812e-08
29450.056 1.0042330901426485e-07
29500.056 1.0964229550150097e-07
29550.056 9.755717520134969e-08
29600.056 1.0981468365436143e-07
29650.056 1.0890800331569881e-07
29700.056 7.755001816701204e-08
29750.056 1.1108677256980247e-07
29800.056 1.118929666195458e-07
29850.056 1.1601403241725045e-07
29900.056 1.0236801908259022e-07
29950.056 1.0766526511078212e-07
30000.056 8.518107999999321e-08
30050.056 8.407864324649556e-08
30100.056 7.336475376056736e-08
30150.056 1.0899535152358158e-07
30200.056 7.792313920395491e-08
30250.056 1.1398533595053755e-07
30300.056 9.20148430907141e-08
30350.056 7.646887510940376e-08
30400.056 8.923945285889885e-08
30450.056 6.718940793070604e-08
30500.056 5.140332351200828e-08
30550.056 5.706225301200269e-08
30600.056 6.187027299139454e-08
30650.056 4.779523326838359e-08
30700.056 5.2302831784587036e-08
30750.056 4.607678944539084e-08
30800.056 3.704416515590593e-08
30850.056 3.555665584818016e-08
30900.056 3.3124948189497785e-08
30950.056 3.138667285750978e-08
31000.056 2.6539323903900904e-08
31050.056 2.5395490148901623e-08
31100.056 2.022237869939609e-08
31150.056 2.304931405199853e-08
31200.056 2.4333125566303822e-08
31250.056 1.758608014509449e-08
31300.056 1.7084544487297668e-08
31350.056 1.7034628001599103e-08
31400.056 1.3412471714199233e-08
31450.056 1.4075472812797753e-08
31500.056 1.1417200698396883e-08
31550.056 1.3306064136300109e-08
31600.056 1.0090786789098237e-08
31650.056 1.006068698669991e-08
31700.056 9.341883867798063e-09
31750.056 8.693304705404039e-09
31800.056 9.681213897499178e-09
31850.056 9.546106061800477e-09
31900.056 9.816859602498143e-09
31950.056 6.167571320299944e-09
32000.056 8.3101033876992e-09
32050.056 8.952708120799973e-09
32100.056 9.005329787502564e-09
32150.056 8.781176818898176e-09
32200.056 8.193607229800392e-09
32250.056 9.373346429900702e-09
32300.056 8.357410830301285e-09
32350.056 9.876922734797071e-09
32400.056 7.61598120089726e-09
32450.056 8.981954495497152e-09
32500.056 9.170916479001355e-09
32550.056 7.948614597299222e-09
32600.056 1.0210892419701351e-08
32650.056 1.4263996478597843e-08
32700.056 1.2065665597701695e-08
32750.056 1.3071168905302824e-08
32800.056 1.2662511594600921e-08
32850.056 1.3905167594897101e-08
32900.056 1.603804463969535e-08
32950.056 1.6819781628299643e-08
33000.056 1.375205866369406e-08
33050.056 1.3009247973009574e-08
33100.056 6.76666524979875e-09
33150.056 4.874124262199724e-09
33200.056 3.819131783100285e-09
33250.056 2.4792793247998317e-09
33300.056 2.437525260600009e-09
33350.056 3.150395676799912e-09
33400.056 4.0665130236985645e-09
33450.056 5.61661112409989e-09
33500.056 7.990477516304437e-09
33550.056 7.848295624403355e-09
33600.056 1.1623737640198163e-08
33650.056 1.127665015469634e-08
33700.056 1.0844502618297793e-08
33750.056 1.3619437744704053e-08
33800.056 1.4210965125001284e-08
33850.056 1.4123388544597883e-08
33900.056 1.225413197360132e-08
33950.056 1.2080249699799251e-08
34000.056 1.500623369450682e-08
34050.056 9.713671328292642e-09
34100.056 1.4802128599398455e-08
34150.056 1.373361260780147e-08
34200.056 1.1964944592895287e-08
34250.056 1.275881145858999e-08
34300.056 1.299398172509371e-08
34350.056 9.857478508299337e-09
34400.056 1.0122323550097416e-08
34450.056 1.1869658001297562e-08
34500.056 1.1814874908901327e-08
34550.056 1.1365474464501031e-08
34600.056 1.4406406325197614e-08
34650.056 1.2248822675200181e-08
34700.056 1.2957729839999375e-08
34750.056 1.3638008195296034e-08
34800.056 1.3015478343594536e-08
34850.056 1.280462148000511e-08
34900.056 1.5052111527795405e-08
34950.056 1.5372848603995755e-08
35000.056 2.0487964219608207e-08
35050.056 1.4041889743696114e-08
35100.056 1.7085004094903704e-08
35150.056 1.5223175420800558e-08
35200.056 1.7911278195596537e-08
35250.056 2.1475242547893038e-08
35300.056 1.9745971038002677e-08
35350.056 1.8459079216394295e-08
35400.056 2.0552094946698127e-08
35450.056 1.4407866920906358e-08
35500.056 2.5670715432299352e-08
35550.056 2.485515384739427e-08
35600.056 2.0097464981911324e-08
35650.056 2.382049672989388e-08
35700.056 2.236611976789448e-08
35750.056 2.8222073504594232e-08
35800.056 3.7541141206697996e-08
35850.056 2.3333712558795063e-08
35900.056 2.946170478339819e-08
35950.056 2.62832100237893e-08
36000.056 2.7133208639405792e-08
36050.056 2.4166307681289343e-08
36100.056 2.725682542568344e-08
36150.056 2.7397277041491852e-08
36200.056 2.8362650737490046e-08
36250.056 2.9374589300385635e-08
36300.056 3.178301797479866e-08
36350.056 3.121992461860567e-08
36400.056 2.8563438254194107e-08
36450.056 3.8447050350907906e-08
36500.056 4.059918225869493e-08
36550.056 3.735065662370808e-08
36600.056 4.5959241603003816e-08
36650.056 4.657142912268555e-08
36700.056 5.199547509609241e-08
36750.056 5.419389181424338e-08
36800.056 5.2197854625001486e-08
36850.056 5.1626226658887337e-08
36900.056 5.525691946718794e-08
36950.056 6.21593233251849e-08
37000.056 5.990168948359438e-08
37050.056 5.631740543838422e-08
37100.056 6.891531329610255e-08
37150.056 5.533099953959363e-08
37200.056 6.353157365498739e-08
37250.056 6.911556035798855e-08
37300.056 5.949862234767459e-08
37350.056 6.010438417321438e-08
37400.056 9.212513925719588e-08
37450.056 7.291883041620503e-08
37500.056 7.506072059369215e-08
37550.056 8.124243070346643e-08
37600.056 8.424976674000324e-08
37650.056 7.299556868449137e-08
37700.056 1.0480487263341562e-07
37750.056 7.784600915458173e-08
37800.056 8.230811945516769e-08
37850.056 6.82686415070029e-08
37900.056 6.904652114211793e-08
37950.056 8.60545504774716e-08
38000.056 1.0343230432711535e-07
38050.056 1.0386825559841103e-07
38100.056 8.7394389992234e-08
38150.056 1.2006692560999547e-07
38200.056 1.228740603540443e-07
38250.056 1.2538204561091956e-07
38300.056 1.531129611149899e-07
38350.056 1.5641022954600437e-07
38400.056 1.0212999545276293e-07
38450.056 1.135465471440923e-07
38500.056 8.259002244919362e-08
38550.056 1.1833503351302517e-07
38600.056 1.3130329373034762e-07
38650.056 1.1235198737098294e-07
38700.056 1.2111338358298617e-07
38750.056 1.440960712580248e-07
38800.056 1.206392698973499e-07
38850.056 1.1740021415350348e-07
38900.056 1.6154626897503826e-07
38950.056 1.4546582776596787e-07
39000.056 1.5205943136999964e-07
39050.056 1.3955680689897382e-07
39100.056 1.551419424410397e-07
39150.056 1.459298106448108e-07
39200.056 1.7086748241330053e-07
39250.056 1.9015243121991564e-07
39300.056 1.5391084128788782e-07
39350.056 2.0265718801697762e-07
39400.056 1.8220003101958984e-07
39450.056 1.8757217712569197e-07
39500.056 1.7831008706406747e-07
39550.056 2.0054059577053707e-07
39600.056 1.9689522090692873e-07
39650.056 2.0957410004699525e-07
39700.056 2.0899301570803148e-07
39750.056 1.8194865724453228e-07
39800.056 2.166107066848836e-07
39850.056 2.4106521025998725e-07
39900.056 2.375824913240495e-07
39950.056 2.174421657388898e-07
40000.056 2.966121836180916e-07
40050.056 2.366392177080112e-07
40100.056 2.328869375305993e-07
40150.056 2.7111417934870363e-07
40200.056 2.7445558306787333e-07
40250.056 2.5267703537587124e-07
40300.056 2.542423838490902e-07
40350.056 2.94805883871016e-07
40400.056 3.133316625679486e-07
40450.056 3.086163810995283e-07
40500.056 2.912925688819882e-07
40550.056 3.019275917419444e-07
40600.056 2.980178642330477e-07
40650.056 2.7166391659790473e-07
40700.056 3.5081594372401196e-07
40750.056 3.2807970023394296e-07
40800.056 2.7719070969685754e-07
40850.056 3.477150784001213e-07
40900.056 3.3089192966306706e-07
40950.056 3.133547180480399e-07
41000.056 3.4242544177803275e-07
41050.056 3.774133894199504e-07
41100.056 3.2947550749806423e-07
41150.056 2.9100974509994416e-07
41200.056 3.7876408496591733e-07
41250.056 3.3145733556894377e-07
41300.056 3.051251561739253e-07
41350.056 4.2280930884010664e-07
41400.056 3.9167682673814204e-07
41450.056 3.9848042281415605e-07
41500.056 3.6063097828580127e-07
41550.056 3.61738872247055e-07
41600.056 4.2608301345325134e-07
41650.056 4.1315136867802727e-07
41700.056 3.5433691901381244e-07
41750.056 3.7901504776096444e-07
41800.056 3.6386548602393887e-07
41850.056 3.0667520498804605e-07
41900.056 3.053379687429768e-07
41950.056 2.5071220461606586e-07
42000.056 2.624707069030479e-07
42050.056 2.5109513360696845e-07
42100.056 3.132187302540266e-07
42150.056 2.3974823207391544e-07
42200.056 2.2791610968699178e-07
42250.056 2.1868600528595448e-07
42300.056 2.0738707596102707e-07
42350.056 2.5767543340806317e-07
42400.056 2.1533923472307036e-07
42450.056 2.083578036030188e-07
42500.056 2.092631043900118e-07
42550.056 2.1390221081398897e-07
42600.056 1.9776288774805835e-07
42650.056 1.9322280061393766e-07
42700.056 2.1128131705203907e-07
42750.056 1.9202452037998023e-07
42800.056 1.8924739412808467e-07
42850.056 2.1438587285193654e-07
42900.056 2.1334241765404444e-07
42950.056 2.1024899150990408e-07
43000.056 2.1002991734199972e-07
43050.056 1.8256089894410707e-07
43100.056 2.100507261809995e-07
43150.056 1.899932276050524e-07
43200.056 2.2183561474803124e-07
43250.056 2.1860899368197942e-07
43300.056 2.2217205965499664e-07
43350.056 2.101856947009997e-07
43400.056 2.10698235286985e-07
43450.056 2.0563188276303043e-07
43500.056 1.8837977493397463e-07
43550.056 2.0936595960401642e-07
43600.056 2.3014015766600743e-07
43650.056 2.1413214599601937e-07
43700.056 2.1622406868997065e-07
43750.056 2.2008785168107182e-07
43800.056 1.9974297647495846e-07
43850.056 2.197919476640519e-07
43900.056 2.273709056649814e-07
43950.056 1.9643212697204284e-07
44000.056 2.024394242350172e-07
44050.056 2.422699594220437e-07
44100.056 2.521584942140225e-07
44150.056 2.2722501136491676e-07
44200.056 2.2793711601997485e-07
44250.056 2.342351955709824e-07
44300.056 2.202016931600373e-07
44350.056 2.1454083427604374e-07
44400.056 2.3927123944700675e-07
44450.056 2.4578666369998495e-07
44500.056 2.705798242600214e-07
44550.056 2.6455336305995055e-07
44600.056 2.3735700875404183e-07
44650.056 2.5988800728206393e-07
44700.056 2.304543718360196e-07
44750.056 2.6814664680698617e-07
44800.056 2.725924969520228e-07
44850.056 2.5423145913705794e-07
44900.056 2.499221394100123e-07
44950.056 2.5667645129100747e-07
45000.056 2.8312376043996786e-07
45050.056 2.765840490110002e-07
45100.056 2.781241327209854e-07
45150.056 2.791146627559722e-07
45200.056 2.604752295480293e-07
45250.056 2.6716073151592223e-07
45300.056 2.620443727980488e-07
45350.056 2.775931733219852e-07
45400.056 3.0485360911402826e-07
45450.056 2.692131861589513e-07
45500.056 2.801320240939879e-07
45550.056 3.0968712252994527e-07
45600.056 3.0048771801999807e-07
45650.056 2.5004908911294737e-07
45700.056 2.982119051590524e-07
45750.056 2.569422548219809e-07
45800.056 2.913988885199934e-07
45850.056 3.3054953054798484e-07
45900.056 3.3553945419001096e-07
45950.056 2.871401723410088e-07
46000.056 3.247625136959927e-07
46050.056 3.0458913042001534e-07
46100.056 2.952851789610199e-07
46150.056 3.0120489581999845e-07
46200.056 3.0470105193404385e-07
46250.056 2.573023340289683e-07
46300.056 3.34703526135982e-07
46350.056 2.9077348962199287e-07
46400.056 2.860337793600028e-07
46450.056 2.986101018290526e-07
46500.056 2.8570980949601146e-07
46550.056 3.3303385527996887e-07
46600.056 3.176924032790116e-07
46650.056 3.988393917999265e-07
46700.056 3.578332440351112e-07
46750.056 2.752501128719653e-07
46800.056 2.8929093542403604e-07
46850.056 3.683394462460767e-07
46900.056 3.4198897057994575e-07
46950.056 3.662644792620377e-07
47000.056 3.119308302399869e-07
47050.056 3.474859398338748e-07
47100.056 2.689205840990499e-07
47150.056 2.916204108440114e-07
47200.056 3.221245388180445e-07
47250.056 2.8871397803999597e-07
47300.056 2.761477661519444e-07
47350.056 2.9673181852394696e-07
47400.056 3.4805594852194136e-07
47450.056 3.06534824041002e-07
47500.056 3.543193393109192e-07
47550.056 3.063438385069769e-07
47600.056 3.268287313249656e-07
47650.056 2.4698078054192837e-07
47700.056 3.4230377707207634e-07
47750.056 2.3323024114003062e-07
47800.056 3.2767960506997173e-07
47850.056 2.4867473259496735e-07
47900.056 3.1366266575196837e-07
47950.056 2.44754323468042e-07
48000.056 3.654361703500528e-07
48050.056 3.097167472900206e-07
48100.056 2.969940804980034e-07
48150.056 3.0683109806004004e-07
48200.056 3.237773054700366e-07
48250.056 2.8429852708197566e-07
48300.056 3.342803732198462e-07
48350.056 2.475453610440125e-07
48400.056 2.7104384165398443e-07
48450.056 2.8676779009409053e-07
48500.056 3.760099119999898e-07
48550.056 2.6596476569400946e-07
48600.056 3.1957447899700096e-07
48650.056 2.8370569341996787e-07
48700.056 3.0292052153598953e-07
48750.056 2.4137487936608644e-07
48800.056 3.96656792887991e-07
48850.056 2.6106179471496366e-07
48900.056 3.450813493800259e-07
48950.056 3.2408387985005947e-07
49000.056 2.448576319069221e-07
49050.056 3.17747746800012e-07
49100.056 3.0948927338805386e-07
49150.056 3.0975352118803014e-07
49200.056 3.346881302820096e-07
49250.056 3.3794384136903794e-07
49300.056 2.9108770750899066e-07
49350.056 2.603829423060314e-07
49400.056 3.1191639541000424e-07
49450.056 2.885654680621004e-07
49500.056 2.8293571781996214e-07
49550.056 2.2062556420802318e-07
49600.056 2.8289518071608336e-07
49650.056 3.0412415797698505e-07
49700.056 2.6343281670691307e-07
49750.056 3.1875917294191625e-07
49800.056 2.844138305440219e-07
49850.056 3.7378184552808235e-07
49900.056 2.9598454949000514e-07
49950.056 3.168140837199669e-07
50000.056 2.9694453268394886e-07
50050.056 3.287226988800213e-07
50100.056 2.9744366312998504e-07
50150.056 2.3447365740997063e-07
50200.056 1.6214934437198347e-07
50250.056 3.051808597699565e-07
50300.056 2.580810591910122e-07
50350.056 3.56396682318017e-07
50400.056 3.0521660175298877e-07
50450.056 2.755967539310722e-07
50500.056 3.058365138600532e-07
50550.056 2.775232411330044e-07
50600.056 2.9421612858196937e-07
50650.056 3.2807956926911643e-07
50700.056 3.470306473478625e-07
50750.056 3.3857676081406304e-07
50800.056 2.321290590879905e-07
50850.056 2.3665833256807214e-07
50900.056 3.340448459780264e-07
50950.056 2.8163962384207265e-07
51000.056 3.309662176930373e-07
51050.056 2.6864987722902934e-07
51100.056 2.2385722514197803e-07
51150.056 2.8498644552094234e-07
51200.056 3.391143152549964e-07
51250.056 2.929679637128895e-07
51300.056 2.6528309422416627e-07
51350.056 2.5013690478197805e-07
51400.056 1.879668355539707e-07
51450.056 1.6193522072594284e-07
51500.056 2.047168963200605e-07
51550.056 3.5132263636603664e-07
51600.056 2.5700811236105344e-07
51650.056 2.6819560968995046e-07
51700.056 2.513560755579113e-07
51750.056 2.080105590280707e-07
51800.056 2.764266894399176e-07
51850.056 2.823405755350212e-07
51900.056 3.3548890080212287e-07
51950.056 2.9315071942496846e-07
52000.056 1.7009327063798772e-07
52050.056 2.6563921703304583e-07
52100.056 2.0350877301893976e-07
52150.056 2.0113105415301728e-07
52200.056 1.8568270636899723e-07
52250.056 2.1726684435703675e-07
52300.056 2.946356460799899e-07
52350.056 2.6326834732002995e-07
52400.056 1.7908647292198516e-07
52450.056 2.675182975050051e-07
52500.056 2.627668849029189e-07
52550.056 2.9381435092989327e-07
52600.056 2.4788318910905824e-07
52650.056 2.7369693742307774e-07
52700.056 2.5661981065499303e-07
52750.056 1.8456671319198217e-07
52800.056 2.2418574195404037e-07
52850.056 2.1592435874294075e-07
52900.056 2.180319877520733e-07
52950.056 2.2777780476997634e-07
53000.056 2.6870797881899033e-07
53050.056 1.8188752618192007e-07
53100.056 1.9348549391090673e-07
53150.056 2.8194302106004415e-07
53200.056 1.7847128728999255e-07
53250.056 2.8661248379001154e-07
53300.056 2.763888999241441e-07
53350.056 2.73948221891982e-07
53400.056 2.785394285500457e-07
