galfind/configs/Brown_Dwarf_templates/sonora_bobcat/m+0.5/10g/sp_t2300g10nc_m+0.5_resample.dat
# %ECSV 1.0
# ---
# datatype:
# - {name: wav, unit: Angstrom, datatype: float64}
# - {name: flux_nu, unit: erg / (cm2 Hz s), datatype: float64}
# meta: {C/O: '1.00', Kzz: '1.0000E+05', Teff: '2300.', Y: '0.28', '[Fe/H]': '0.50', f_hole: '1.00', f_rain: '0.00', grav: '10.'}
# schema: astropy-2.0
wav flux_nu
4000.0559999999996 nan
4050.0559999999996 1.933854209636594e-08
4100.056 1.7091494173681038e-08
4150.056 1.3667869320581552e-08
4200.056 1.0627760548912817e-08
4250.056 9.569059496794288e-09
4300.056 6.577100859451726e-09
4350.056 7.0506332705296065e-09
4400.056 6.851878945721544e-09
4450.056 3.945654773537208e-09
4500.056 4.548628699624378e-09
4550.056 5.81169731668819e-09
4600.056 4.619909630463899e-09
4650.056 3.428379951920373e-09
4700.056 4.320753498662002e-09
4750.056 5.64245563194471e-09
4800.056 3.954001200593717e-09
4850.056 5.062893167191527e-09
4900.056 1.0813473082787917e-08
4950.056 1.3132399097250435e-08
5000.056 6.436241663010902e-09
5050.056 8.744255395293848e-09
5100.056 2.138996716160212e-08
5150.056 2.567588718171605e-08
5200.056 1.1425972442362054e-08
5250.056 1.4405876371588595e-08
5300.056 1.7889888185940865e-08
5350.056 1.6327825247902664e-08
5400.056 1.8717429022899336e-08
5450.056 1.444483589912719e-08
5500.056 1.1606785559467724e-08
5550.056 1.7212829361198955e-08
5600.056 1.0557081883400473e-08
5650.056 7.807748645801717e-09
5700.056 1.2180008304901981e-08
5750.056 1.577087230759815e-08
5800.056 2.2354195387599122e-08
5850.056 1.648583486020251e-08
5900.056 5.880565271299737e-09
5950.056 7.826532797500723e-09
6000.056 1.3342594550298827e-08
6050.056 2.387997243480329e-08
6100.056 3.540021246749942e-08
6150.056 3.306328700029035e-08
6200.056 1.0257300337101666e-08
6250.056 1.051743227070221e-08
6300.056 1.8799509341400747e-08
6350.056 2.9418235471303592e-08
6400.056 4.082448131590437e-08
6450.056 5.793186157647503e-08
6500.056 5.568068988538011e-08
6550.056 7.370377943797733e-08
6600.056 5.395377385000737e-08
6650.056 3.5948906385306437e-08
6700.056 2.6513682203202598e-08
6750.056 3.0172824470707225e-08
6800.056 3.585070190070071e-08
6850.056 5.3778532462996624e-08
6900.056 8.54167548389949e-08
6950.056 1.2802557628597832e-07
7000.056 1.964378461139793e-07
7050.056 1.7523489203013103e-07
7100.056 8.010552333898873e-08
7150.056 4.351122864301535e-08
7200.056 7.271163228299143e-08
7250.056 1.223801201270188e-07
7300.056 2.3702700179705967e-07
7350.056 3.837244110989803e-07
7400.056 5.388663249299986e-07
7450.056 6.234692436399361e-07
7500.056 7.087844865200061e-07
7550.056 8.000338584900341e-07
7600.056 5.548672168499735e-07
7650.056 3.1769337968897735e-07
7700.056 2.2002021283197904e-07
7750.056 2.839293463141e-07
7800.056 3.2812590083010745e-07
7850.056 3.4613023010498415e-07
7900.056 4.2116674331706095e-07
7950.056 4.591614010050492e-07
8000.056 5.507099161899214e-07
8050.056 7.796302251198846e-07
8100.056 1.0734601194402257e-06
8150.056 1.4435420983301284e-06
8200.056 1.2639734507598158e-06
8250.056 1.1946488905599782e-06
8300.056 9.59607404740186e-07
8350.056 1.0098199651103129e-06
8400.056 1.0280090539502192e-06
8450.056 5.499513814848754e-07
8500.056 4.911226211802581e-07
8550.056 6.469647178400038e-07
8600.056 8.275230975597656e-07
8650.056 1.0931583023099231e-06
8700.056 1.3314473655802214e-06
8750.056 1.6227351289598822e-06
8800.056 2.005539344440613e-06
8850.056 1.8790260832900052e-06
8900.056 1.359375488969854e-06
8950.056 1.4851852187298476e-06
9000.056 1.7860434453401603e-06
9050.056 1.9707330769094455e-06
9100.056 2.3786449917302295e-06
9150.056 2.6937367982000057e-06
9200.056 2.5599353062202555e-06
9250.056 1.7519424480796591e-06
9300.056 1.5366937927800517e-06
9350.056 1.7186295079897363e-06
9400.056 1.8810741026605416e-06
9450.056 2.0627144717695504e-06
9500.056 2.406929813299819e-06
9550.056 2.67713640610048e-06
9600.056 2.8903070435006125e-06
9650.056 3.1969505278608653e-06
9700.056 3.433310434099697e-06
9750.056 2.825959142810033e-06
9800.056 3.098102945799876e-06
9850.056 3.049314722700002e-06
9900.056 3.181479916270191e-06
9950.056 3.3578823285101852e-06
10000.056 3.4633018534297343e-06
10050.056 3.299554936910382e-06
10100.056 3.6931528630614703e-06
10150.056 3.577365894329627e-06
10200.056 3.7749927652191695e-06
10250.056 3.7934627135087343e-06
10300.056 3.872334728549853e-06
10350.056 4.2158953595796225e-06
10400.056 4.321102848060407e-06
10450.056 4.59054977800014e-06
10500.056 4.58367921639935e-06
10550.056 4.666577295100486e-06
10600.056 4.87349191350059e-06
10650.056 5.139423520899552e-06
10700.056 5.473479873800201e-06
10750.056 5.723315947400076e-06
10800.056 5.8330958952997905e-06
10850.056 6.069687301199962e-06
10900.056 5.879704287699726e-06
10950.056 5.6968342627988345e-06
11000.056 5.610776469400168e-06
11050.056 4.38987962441908e-06
11100.056 4.689584589950983e-06
11150.056 4.858565141869445e-06
11200.056 4.913640089340168e-06
11250.056 5.308684203840033e-06
11300.056 5.406539039700227e-06
11350.056 5.270108100609978e-06
11400.056 5.295394849700218e-06
11450.056 5.518065215298869e-06
11500.056 5.775305120599301e-06
11550.056 5.73711705154024e-06
11600.056 5.828045554699125e-06
11650.056 6.072597374400582e-06
11700.056 5.923165251699651e-06
11750.056 5.92389571609971e-06
11800.056 5.931210448409866e-06
11850.056 6.150571630500206e-06
11900.056 6.148955862398918e-06
11950.056 6.318860093999761e-06
12000.056 6.346080675200271e-06
12050.056 6.5526835939006654e-06
12100.056 6.657279024600095e-06
12150.056 6.87204895869985e-06
12200.056 7.0800131553997914e-06
12250.056 7.238242621999181e-06
12300.056 7.340981186400757e-06
12350.056 7.448634759100532e-06
12400.056 7.292114088599446e-06
12450.056 6.752815358479866e-06
12500.056 7.13419394759936e-06
12550.056 7.16174901819975e-06
12600.056 6.92619546499995e-06
12650.056 7.2530369311994204e-06
12700.056 7.404658190499438e-06
12750.056 7.391996833100423e-06
12800.056 7.71872064339922e-06
12850.056 7.750618194199905e-06
12900.056 7.811926965800143e-06
12950.056 8.048543484198648e-06
13000.056 8.138736360099543e-06
13050.056 8.174928710999675e-06
13100.056 8.103643784099142e-06
13150.056 8.166603813999976e-06
13200.056 8.007717930699712e-06
13250.056 7.795348735400135e-06
13300.056 7.190230426619076e-06
13350.056 5.591441859020496e-06
13400.056 5.481435566590043e-06
13450.056 5.124386715799717e-06
13500.056 5.167791706879759e-06
13550.056 5.035742739321988e-06
13600.056 4.684974189359982e-06
13650.056 4.847866474540026e-06
13700.056 4.592585920190172e-06
13750.056 4.62340268759924e-06
13800.056 4.9096399367510035e-06
13850.056 4.93259494632953e-06
13900.056 4.8156082767600165e-06
13950.056 4.684422784109807e-06
14000.056 4.511013804700222e-06
14050.056 4.578364371601017e-06
14100.056 4.338852740400697e-06
14150.056 4.2880468985803e-06
14200.056 4.167457623640542e-06
14250.056 4.15211349090925e-06
14300.056 4.183496738669404e-06
14350.056 4.218401313490302e-06
14400.056 4.31921715864018e-06
14450.056 4.476491598780251e-06
14500.056 4.626031108629639e-06
14550.056 4.628930622950013e-06
14600.056 4.727564921940846e-06
14650.056 4.6864137604089124e-06
14700.056 4.492621909199474e-06
14750.056 4.637869953100349e-06
14800.056 4.6697784455006196e-06
14850.056 4.862131062099242e-06
14900.056 4.892837756799735e-06
14950.056 4.922822668900607e-06
15000.056 4.9953465173006166e-06
15050.056 5.263257609799364e-06
15100.056 5.239051434700642e-06
15150.056 5.385024149700225e-06
15200.056 5.487251363599713e-06
15250.056 5.473279364499792e-06
15300.056 5.6407022519000545e-06
15350.056 5.730484215200259e-06
15400.056 5.8028354849000285e-06
15450.056 5.949969865800375e-06
15500.056 6.010432552999269e-06
15550.056 6.1903738094998556e-06
15600.056 6.19262212060065e-06
15650.056 6.338213552599904e-06
15700.056 6.564994559201558e-06
15750.056 6.6939709750995425e-06
15800.056 6.775258364600539e-06
15850.056 6.885310398500168e-06
15900.056 6.972951959600545e-06
15950.056 7.121576616599856e-06
16000.056 7.219403405799446e-06
16050.056 7.390249959399959e-06
16100.056 7.460376812600069e-06
16150.056 7.581947297200335e-06
16200.056 7.668711600799567e-06
16250.056 7.810275112799976e-06
16300.056 7.85429535870002e-06
16350.056 8.055522492099579e-06
16400.056 8.126046239200736e-06
16450.056 8.271608739800224e-06
16500.056 8.349282102500733e-06
16550.056 8.529694866799766e-06
16600.056 8.436226856100626e-06
16650.056 8.78842522210039e-06
16700.056 8.729740659199281e-06
16750.056 8.874445645799406e-06
16800.056 8.976445726100324e-06
16850.056 8.941746942599663e-06
16900.056 8.915182347999342e-06
16950.056 8.829986436400135e-06
17000.056 8.738200972900819e-06
17050.056 8.650118054500207e-06
17100.056 8.348013676099543e-06
17150.056 8.16275738499946e-06
17200.056 7.85922631299985e-06
17250.056 7.732239319800027e-06
17300.056 7.863605192399679e-06
17350.056 7.549152761398979e-06
17400.056 7.72290598250021e-06
17450.056 7.378314236997907e-06
17500.056 7.251680639899468e-06
17550.056 7.19622930539998e-06
17600.056 7.046949436400446e-06
17650.056 7.081708962298758e-06
17700.056 6.698304841798924e-06
17750.056 6.487207733600378e-06
17800.056 6.4218818597014905e-06
17850.056 6.329661878200741e-06
17900.056 6.295454231700028e-06
17950.056 6.155432006699332e-06
18000.056 5.92594087930023e-06
18050.056 5.948383028402137e-06
18100.056 5.798971924500147e-06
18150.056 6.073867752201802e-06
18200.056 5.615509391199885e-06
18250.056 5.968273259199148e-06
18300.056 5.8587226654993326e-06
18350.056 5.737619553400464e-06
18400.056 5.632042801300103e-06
18450.056 5.3526550091018584e-06
18500.056 5.396429933000894e-06
18550.056 5.28727219619988e-06
18600.056 4.7939213445980835e-06
18650.056 5.242890634900822e-06
18700.056 5.43258783000046e-06
18750.056 5.271829886902251e-06
18800.056 5.266830519001782e-06
18850.056 5.713811861099554e-06
18900.056 5.573372753198717e-06
18950.056 5.538075177599589e-06
19000.056 5.771045109399163e-06
19050.056 5.690253375800098e-06
19100.056 5.703503803801546e-06
19150.056 5.864833683399832e-06
19200.056 5.8570642931009945e-06
19250.056 5.701401901698954e-06
19300.056 5.820697068999674e-06
19350.056 5.966584394399572e-06
19400.056 5.786452564298887e-06
19450.056 5.9146860717008455e-06
19500.056 5.964717381899533e-06
19550.056 5.668146813400902e-06
19600.056 6.052351083999221e-06
19650.056 5.93244217679769e-06
19700.056 5.995680320800329e-06
19750.056 5.804032992200172e-06
19800.056 5.93588820689935e-06
19850.056 5.837841774701392e-06
19900.056 5.665462030601797e-06
19950.056 5.967295427999715e-06
20000.056 5.5445603633008624e-06
20050.056 5.710884584601216e-06
20100.056 5.795880091897295e-06
20150.056 5.679209875701204e-06
20200.056 5.758180825798577e-06
20250.056 5.893998322700412e-06
20300.056 5.869153434800482e-06
20350.056 5.8580882652996845e-06
20400.056 5.822797523697824e-06
20450.056 6.020976245299753e-06
20500.056 5.9597981863001055e-06
20550.056 6.0527002796995005e-06
20600.056 6.212639855300466e-06
20650.056 6.074263159300977e-06
20700.056 6.228629198699806e-06
20750.056 6.229880769399231e-06
20800.056 6.371251213100241e-06
20850.056 6.374409056400041e-06
20900.056 6.507714922299925e-06
20950.056 6.547213706299695e-06
21000.056 6.719060277699559e-06
21050.056 6.717502766800244e-06
21100.056 6.765212276300021e-06
21150.056 6.972955964900307e-06
21200.056 6.951796777700498e-06
21250.056 7.122238821599336e-06
21300.056 6.996082855999829e-06
21350.056 7.260119199800383e-06
21400.056 7.148020179200267e-06
21450.056 7.534666702100109e-06
21500.056 7.316248703800241e-06
21550.056 7.4443145901996506e-06
21600.056 7.586014470700435e-06
21650.056 7.589514887400431e-06
21700.056 7.755298028899634e-06
21750.056 7.702913603499961e-06
21800.056 7.713565661399938e-06
21850.056 7.801922855299908e-06
21900.056 7.909531194300592e-06
21950.056 7.874945586000437e-06
22000.056 8.078785160299471e-06
22050.056 7.962062394299442e-06
22100.056 8.096082625599833e-06
22150.056 8.152608003600563e-06
22200.056 8.040576230501107e-06
22250.056 8.343151374100283e-06
22300.056 8.276597781399595e-06
22350.056 8.1951302345003e-06
22400.056 8.431721361000111e-06
22450.056 8.38347959689924e-06
22500.056 8.467936362099774e-06
22550.056 8.431554009798994e-06
22600.056 8.39605943459961e-06
22650.056 8.486648930601191e-06
22700.056 8.46680619880112e-06
22750.056 8.618058329499433e-06
22800.056 8.468330862399955e-06
22850.056 8.552145975500612e-06
22900.056 8.694947860599265e-06
22950.056 7.511481804300699e-06
23000.056 8.05518986470046e-06
23050.056 8.1697547592988e-06
23100.056 8.032416644500317e-06
23150.056 8.080034225800847e-06
23200.056 8.127172334600131e-06
23250.056 7.3204704148981845e-06
23300.056 7.663379771600438e-06
23350.056 7.711298730899883e-06
23400.056 7.6241550228002245e-06
23450.056 7.713780961099851e-06
23500.056 7.469696214798621e-06
23550.056 6.991198839702206e-06
23600.056 7.20445009150139e-06
23650.056 7.477830313998968e-06
23700.056 7.4457584568985436e-06
23750.056 7.36914102580028e-06
23800.056 7.311663324500899e-06
23850.056 6.542019345000304e-06
23900.056 6.858788216099476e-06
23950.056 6.9739934709017715e-06
24000.056 6.753474594799369e-06
24050.056 6.591266471701273e-06
24100.056 6.295366320698451e-06
24150.056 6.178830439800466e-06
24200.056 6.260920762598761e-06
24250.056 6.22643502060079e-06
24300.056 5.939076544000165e-06
24350.056 5.8505879676000005e-06
24400.056 6.089317837999801e-06
24450.056 5.858483183800481e-06
24500.056 5.536808020500227e-06
24550.056 5.537372891499489e-06
24600.056 5.473371448300956e-06
24650.056 5.755109342099446e-06
24700.056 5.327119654799954e-06
24750.056 5.206172646200988e-06
24800.056 5.076607505800363e-06
24850.056 5.428728879400232e-06
24900.056 4.960405780101934e-06
24950.056 5.450862329599406e-06
25000.056 5.030775549000232e-06
25050.056 4.769773367600705e-06
25100.056 5.082140360499701e-06
25150.056 4.8104624318007e-06
25200.056 4.942477906999098e-06
25250.056 4.927054823898794e-06
25300.056 4.8811634106005e-06
25350.056 4.709506476299653e-06
25400.056 4.697788157101329e-06
25450.056 4.69649651260048e-06
25500.056 4.7825348153012855e-06
25550.056 4.60562233389979e-06
25600.056 4.689671736700138e-06
25650.056 4.520730419499882e-06
25700.056 4.835915343498543e-06
25750.056 4.444995580100697e-06
25800.056 4.7010864821004146e-06
25850.056 4.633329281999466e-06
25900.056 4.706737892000915e-06
25950.056 4.6131272265007415e-06
26000.056 4.56451719730047e-06
26050.056 4.956105185600089e-06
26100.056 4.7161973044010415e-06
26150.056 4.772978478199171e-06
26200.056 4.568649538700466e-06
26250.056 4.607259245601156e-06
26300.056 4.7075945061996954e-06
26350.056 4.511138856799519e-06
26400.056 4.598412552699407e-06
26450.056 4.538375014300464e-06
26500.056 4.657781794098947e-06
26550.056 4.838916104899106e-06
26600.056 5.084402195099065e-06
26650.056 4.7574090723989104e-06
26700.056 4.812093299199177e-06
26750.056 4.800230004498975e-06
26800.056 4.851187623298815e-06
26850.056 4.862586904700763e-06
26900.056 5.065542867700123e-06
26950.056 4.3680932855005506e-06
27000.056 4.940874428301103e-06
27050.056 4.673660312098782e-06
27100.056 4.610431661999754e-06
27150.056 4.685316891899692e-06
27200.056 4.645052964000787e-06
27250.056 4.45931166190168e-06
27300.056 4.4583218894001784e-06
27350.056 4.50618349929894e-06
27400.056 4.326248435500512e-06
27450.056 4.564374627098858e-06
27500.056 4.382569844100636e-06
27550.056 4.510950316400105e-06
27600.056 4.4693392379996976e-06
27650.056 4.192895209699916e-06
27700.056 4.312753904300547e-06
27750.056 4.533710985098121e-06
27800.056 4.0646800420002605e-06
27850.056 4.27155924299926e-06
27900.056 4.213719671099972e-06
27950.056 4.428443203599546e-06
28000.056 4.4303529832007055e-06
28050.056 4.075264716700315e-06
28100.056 4.505090691501624e-06
28150.056 4.119930654500291e-06
28200.056 3.871049126800108e-06
28250.056 4.1010059799997555e-06
28300.056 4.406256147200768e-06
28350.056 4.301354317998852e-06
28400.056 4.169205111200208e-06
28450.056 4.051872828099327e-06
28500.056 4.1833950792995075e-06
28550.056 3.992995479599066e-06
28600.056 4.324251154800586e-06
28650.056 4.313699452299633e-06
28700.056 4.091810182299256e-06
28750.056 4.262492022699757e-06
28800.056 4.207310025000496e-06
28850.056 4.256519366199836e-06
28900.056 4.109928876000641e-06
28950.056 4.524298412699243e-06
29000.056 3.987660750198971e-06
29050.056 4.063233111099942e-06
