galfind/configs/Brown_Dwarf_templates/sonora_bobcat/m+0.5/10g/sp_t1900g10nc_m+0.5_resample.dat
# %ECSV 1.0
# ---
# datatype:
# - {name: wav, unit: Angstrom, datatype: float64}
# - {name: flux_nu, unit: erg / (cm2 Hz s), datatype: float64}
# meta: {C/O: '1.00', Kzz: '1.0000E+05', Teff: '1900.', Y: '0.28', '[Fe/H]': '0.50', f_hole: '1.00', f_rain: '0.00', grav: '10.'}
# schema: astropy-2.0
wav flux_nu
[from data line 497]
28850.056 1.7835533570001021e-06
28900.056 1.6181412224701603e-06
28950.056 1.9461519950195022e-06
29000.056 1.5776919256992687e-06
29050.056 1.5891649097795463e-06
29100.056 1.4422786326299042e-06
29150.056 1.6778232624702576e-06
29200.056 1.6071274436503724e-06
29250.056 1.7817941057501075e-06
29300.056 1.583810951509033e-06
29350.056 1.882519281589556e-06
29400.056 1.608032630619837e-06
29450.056 1.6180810695498864e-06
29500.056 1.7412500658398655e-06
29550.056 1.6545663326101389e-06
29600.056 1.703851617129983e-06
29650.056 1.7665071218900877e-06
29700.056 1.5008654205098154e-06
29750.056 1.92040628214101e-06
29800.056 1.8089540740599854e-06
29850.056 1.8261694586697802e-06
29900.056 1.6476975989203486e-06
29950.056 1.894033609059718e-06
30000.056 1.9042905023193666e-06
30050.056 1.786748055259859e-06
30100.056 1.4175513256696525e-06
30150.056 2.1793359866597543e-06
30200.056 1.9580604813602656e-06
30250.056 1.8550397791506455e-06
30300.056 1.9876250917699245e-06
30350.056 1.7407071639803311e-06
30400.056 2.0862723532703875e-06
30450.056 1.7402052054901767e-06
30500.056 1.6644635568403378e-06
30550.056 2.236850783810569e-06
30600.056 2.148706450130259e-06
30650.056 2.1039756480800678e-06
30700.056 2.0165134455800266e-06
30750.056 1.8832997531501337e-06
30800.056 2.2487977201406568e-06
30850.056 1.9688812712998995e-06
30900.056 2.00808521554983e-06
30950.056 1.933769629750252e-06
31000.056 2.1809793176199152e-06
31050.056 1.7943189819700035e-06
31100.056 2.1548031058399507e-06
31150.056 2.1948173489797837e-06
31200.056 2.248570334549692e-06
31250.056 2.338947214290494e-06
31300.056 2.0990564466197432e-06
31350.056 2.161323210299987e-06
31400.056 2.1699529214604515e-06
31450.056 2.193449218660177e-06
31500.056 2.258235365680552e-06
31550.056 2.068833556470018e-06
31600.056 2.211112733109901e-06
31650.056 2.2823663761000337e-06
31700.056 2.3963495533399346e-06
31750.056 2.0164293579002486e-06
31800.056 2.3664433809002445e-06
31850.056 2.590433721489998e-06
31900.056 2.525786520289865e-06
31950.056 1.975900206849717e-06
32000.056 2.214245621840627e-06
32050.056 2.563338484050205e-06
32100.056 2.5367101544595797e-06
32150.056 2.5285409611302324e-06
32200.056 2.443324188109915e-06
32250.056 2.2849400657601887e-06
32300.056 2.5471626298402044e-06
32350.056 2.6106865888003173e-06
32400.056 2.4192456683799965e-06
32450.056 2.314934154860254e-06
32500.056 2.509518914420277e-06
32550.056 2.773307655500128e-06
32600.056 2.75849953265985e-06
32650.056 2.6661676128209526e-06
32700.056 2.5201060210301196e-06
32750.056 2.680822510510012e-06
32800.056 2.4718470410404425e-06
32850.056 2.893376294399749e-06
32900.056 2.7546620278099525e-06
32950.056 2.3762425508697366e-06
33000.056 2.6012809743603183e-06
33050.056 2.674394815459751e-06
33100.056 2.8133422046991575e-06
33150.056 2.76691764045028e-06
33200.056 2.5635017917206746e-06
33250.056 2.752895729960037e-06
33300.056 3.0065663808601316e-06
33350.056 2.775763951040287e-06
33400.056 2.6140493540997428e-06
33450.056 2.8613694921989398e-06
33500.056 2.789041442770249e-06
33550.056 2.777361245029498e-06
33600.056 2.804398299120641e-06
33650.056 2.902358639740665e-06
33700.056 3.036268730239505e-06
33750.056 3.0242618079600484e-06
33800.056 2.9693548196199566e-06
33850.056 2.8109256713999674e-06
33900.056 3.134119223099547e-06
33950.056 2.760631642789596e-06
34000.056 2.848210157029251e-06
34050.056 2.9002162841800097e-06
34100.056 3.157798720880418e-06
34150.056 3.0456901945997643e-06
34200.056 2.8631247456894467e-06
34250.056 3.1931611258996312e-06
34300.056 2.9615334731195334e-06
34350.056 3.13464532083957e-06
34400.056 2.799507447029528e-06
34450.056 2.9453187992798907e-06
34500.056 2.930555694000608e-06
34550.056 2.8677699012498746e-06
34600.056 3.04583983600019e-06
34650.056 3.02328531749993e-06
34700.056 2.8822362018994914e-06
34750.056 3.084361629760276e-06
34800.056 3.287491501999499e-06
34850.056 2.909993095220153e-06
34900.056 3.1459472933503563e-06
34950.056 3.0322854566991913e-06
35000.056 2.941448639499581e-06
35050.056 3.2271217720004656e-06
35100.056 3.129636114969132e-06
35150.056 3.0814630761498168e-06
35200.056 3.1931437493996417e-06
35250.056 2.770060472740149e-06
35300.056 3.100064107810258e-06
35350.056 3.2692800739997744e-06
35400.056 3.0620762978997686e-06
35450.056 2.9500218934804255e-06
35500.056 3.1870695724998304e-06
35550.056 2.9891353832999374e-06
35600.056 2.904054109299476e-06
35650.056 3.3097542713004293e-06
35700.056 2.9248417479004658e-06
35750.056 3.0715201431597344e-06
35800.056 3.1498448129996236e-06
35850.056 3.2527131195995804e-06
35900.056 3.3568351213995357e-06
35950.056 3.2150775953997806e-06
36000.056 2.9065680947996007e-06
36050.056 3.3430938411002385e-06
36100.056 3.433191636799813e-06
36150.056 3.1304965460002705e-06
36200.056 3.367309297099538e-06
36250.056 3.0682202247193154e-06
36300.056 3.5803431174008565e-06
36350.056 3.434007129399518e-06
36400.056 3.244556775899936e-06
36450.056 3.528178553199663e-06
36500.056 3.3257030500002893e-06
36550.056 3.1579972336004546e-06
36600.056 3.2933648499003405e-06
36650.056 3.4008756881004435e-06
36700.056 3.5330604064002432e-06
36750.056 3.3375250916004005e-06
36800.056 3.395620227799501e-06
36850.056 3.3594462413002976e-06
36900.056 3.5143701028006324e-06
36950.056 3.4839109714000027e-06
37000.056 3.5427333020002497e-06
37050.056 3.5712358989999755e-06
37100.056 3.483204933100323e-06
37150.056 3.4394437028991576e-06
37200.056 3.623507986000112e-06
37250.056 3.645644156000347e-06
37300.056 3.63266993180074e-06
37350.056 3.43785737350055e-06
37400.056 3.6048067578995833e-06
37450.056 3.6326911383003755e-06
37500.056 3.653895371499822e-06
37550.056 3.564124080499283e-06
37600.056 3.768441762599435e-06
37650.056 3.478659456299583e-06
37700.056 3.4905229668001242e-06
37750.056 3.792943139899412e-06
37800.056 3.886307492399941e-06
37850.056 3.6785493632998353e-06
37900.056 3.7712029413002164e-06
37950.056 3.8128636012002385e-06
38000.056 3.651856509200569e-06
38050.056 3.7363286778002e-06
38100.056 3.5935450905002016e-06
38150.056 3.893633923199377e-06
38200.056 4.0173115583993534e-06
38250.056 3.6502820607006014e-06
38300.056 3.6005725189999316e-06
38350.056 3.7881668125998335e-06
38400.056 3.814440925299801e-06
38450.056 3.830559425500405e-06
38500.056 3.7615671757997687e-06
38550.056 3.754191634600235e-06
38600.056 4.090640613199751e-06
38650.056 3.5959390990001933e-06
38700.056 3.711332292800581e-06
38750.056 3.853706986200037e-06
38800.056 3.7908896461004915e-06
38850.056 3.794210117800347e-06
38900.056 3.695685590599892e-06
38950.056 3.8561235465995374e-06
39000.056 3.774890513900165e-06
39050.056 3.822621232799938e-06
39100.056 3.62713876059991e-06
39150.056 3.74894856360022e-06
39200.056 3.898380770900215e-06
39250.056 3.872401043599301e-06
39300.056 3.861188465599192e-06
39350.056 3.817467592400438e-06
39400.056 3.7452754391001196e-06
39450.056 3.7532633848996696e-06
39500.056 3.7697385658998286e-06
39550.056 3.671610055199204e-06
39600.056 4.015806112300295e-06
39650.056 3.6221292116000824e-06
39700.056 3.8017255496998523e-06
39750.056 3.7486130945995476e-06
39800.056 3.5826493299002414e-06
39850.056 3.673524689899742e-06
39900.056 3.626277489699832e-06
39950.056 3.8239567053998505e-06
40000.056 3.5348387062997684e-06
40050.056 3.3096350473999035e-06
40100.056 3.599577569599727e-06
40150.056 3.340342538199366e-06
40200.056 3.4780394494996044e-06
40250.056 3.578000750898813e-06
40300.056 3.1980524699001616e-06
40350.056 3.446081110700449e-06
40400.056 3.5239844201997023e-06
40450.056 3.263954103700821e-06
40500.056 3.0359976050000795e-06
40550.056 3.5650713057998714e-06
40600.056 3.224273787200268e-06
40650.056 3.2423730186007444e-06
40700.056 3.431772070800407e-06
40750.056 3.0324348832990763e-06
40800.056 3.010243786580488e-06
40850.056 2.8562681968006735e-06
40900.056 2.8298234480006653e-06
40950.056 3.0907241854999513e-06
41000.056 3.2293681436003775e-06
41050.056 3.0976915654793874e-06
41100.056 2.9768633058005973e-06
41150.056 3.205410118200234e-06
41200.056 2.9405277044499708e-06
41250.056 3.0458835941002615e-06
41300.056 2.6256337362996585e-06
41350.056 3.116575285500217e-06
41400.056 3.0063976415000094e-06
41450.056 2.8154286995000766e-06
41500.056 3.0662025491999877e-06
41550.056 3.010996619810005e-06
41600.056 3.2350823925998825e-06
41650.056 2.7938308135005796e-06
41700.056 2.680106076959693e-06
41750.056 2.748671277699873e-06
41800.056 2.6655263850096338e-06
41850.056 2.5647943242003434e-06
41900.056 2.855415928689673e-06
41950.056 2.284469381200508e-06
42000.056 2.666434502800226e-06
42050.056 2.428524932978974e-06
42100.056 2.704901468740482e-06
42150.056 2.168365946609054e-06
42200.056 2.3292203309499584e-06
42250.056 2.3960995823100155e-06
42300.056 1.994388330629917e-06
42350.056 2.4067271186006803e-06
42400.056 2.096862243020407e-06
42450.056 1.7042147211203499e-06
42500.056 1.9028385663903606e-06
42550.056 1.9369770101300573e-06
42600.056 1.898703412840558e-06
42650.056 1.6168268850988188e-06
42700.056 1.9750845341209037e-06
42750.056 1.7701807819601712e-06
42800.056 1.7102061188305435e-06
42850.056 1.6802413929498266e-06
42900.056 1.7322553299701119e-06
42950.056 1.6051724265791476e-06
43000.056 1.61497385600992e-06
43050.056 1.6612787152308964e-06
43100.056 1.6965627554601503e-06
43150.056 1.6905999863402444e-06
43200.056 1.7221278321201456e-06
43250.056 1.6443361684101969e-06
43300.056 1.7224027694002343e-06
43350.056 1.5569671666399222e-06
43400.056 1.659579202539938e-06
43450.056 1.732072826570825e-06
43500.056 1.6024322672096935e-06
43550.056 1.7501044386398324e-06
43600.056 1.7291616656502279e-06
43650.056 1.55169533545036e-06
43700.056 1.5335878657895534e-06
43750.056 1.6167766708700835e-06
43800.056 1.5105422245101718e-06
43850.056 1.5846311777303914e-06
43900.056 1.6430182727099902e-06
43950.056 1.5841986414006206e-06
44000.056 1.5112136423305018e-06
44050.056 1.5820335873201332e-06
44100.056 1.5899658757903792e-06
44150.056 1.6767969082595019e-06
44200.056 1.5921118165197903e-06
44250.056 1.5418078824800038e-06
44300.056 1.5305922809101017e-06
44350.056 1.5351231565500417e-06
44400.056 1.53701508186006e-06
44450.056 1.610897869659985e-06
44500.056 1.7088419867502072e-06
44550.056 1.535955378389559e-06
44600.056 1.6210566414902175e-06
44650.056 1.6523245365403178e-06
44700.056 1.565212903850213e-06
44750.056 1.650559041939798e-06
44800.056 1.8331966283398825e-06
44850.056 1.7912832315501178e-06
44900.056 1.7126613325103853e-06
44950.056 1.569834461909869e-06
45000.056 1.7856596435999311e-06
45050.056 1.7384426420198037e-06
45100.056 1.7777008349697538e-06
45150.056 1.806793058669817e-06
45200.056 1.6999312073200207e-06
45250.056 1.7269165876796326e-06
45300.056 1.687286499330038e-06
45350.056 1.8918505432196891e-06
45400.056 1.8832656996603456e-06
45450.056 1.7510853877198271e-06
45500.056 1.7234427311798867e-06
45550.056 1.884334600229786e-06
45600.056 1.867565382369897e-06
45650.056 1.6614863705994355e-06
45700.056 1.831887870600258e-06
45750.056 1.8476799073398023e-06
45800.056 1.8476446130599823e-06
45850.056 1.974849248950057e-06
45900.056 2.0575263515002036e-06
45950.056 1.822087038519926e-06
46000.056 2.011039245309979e-06
46050.056 1.971787155670329e-06
46100.056 1.8702746727401022e-06
46150.056 1.9243930205300214e-06
46200.056 2.1074032895703762e-06
46250.056 1.8118112236597966e-06
46300.056 2.088851848269794e-06
46350.056 1.7448639988898467e-06
46400.056 1.8766800319597174e-06
46450.056 1.8242258706204915e-06
46500.056 1.813896056710015e-06
46550.056 1.9864987124798653e-06
46600.056 1.8298112391597219e-06
46650.056 2.2023894191601508e-06
46700.056 2.0375220802103577e-06
46750.056 1.8231527913698651e-06
46800.056 1.994633716410329e-06
46850.056 2.013460827900099e-06
46900.056 1.967973047479564e-06
46950.056 2.01577097689022e-06
47000.056 2.0343041248800044e-06
47050.056 1.972123062079607e-06
47100.056 1.9717496853901665e-06
47150.056 1.9548061457604806e-06
47200.056 1.942665616440539e-06
47250.056 1.9442005444692874e-06
47300.056 1.8675334382494091e-06
47350.056 1.7225757817796368e-06
47400.056 2.0153488017495207e-06
47450.056 2.097384981109823e-06
47500.056 1.908424612509288e-06
47550.056 1.933794915599382e-06
47600.056 2.093237935630053e-06
47650.056 1.62699005518958e-06
47700.056 2.0699591655002086e-06
47750.056 1.610086286090428e-06
47800.056 2.086213063209802e-06
47850.056 1.7754645796191088e-06
47900.056 2.129327805520167e-06
47950.056 1.6541120845205104e-06
48000.056 2.200578045700053e-06
48050.056 1.7326943956404827e-06
48100.056 1.795753340720059e-06
48150.056 1.752867026240193e-06
48200.056 2.0696337359407344e-06
48250.056 1.8460165425794498e-06
48300.056 2.174888696999652e-06
48350.056 1.6696196048798079e-06
48400.056 2.1244104717199885e-06
48450.056 1.9286840650402463e-06
48500.056 2.1574561040000873e-06
48550.056 1.7907487529801064e-06
48600.056 1.956286185699817e-06
48650.056 1.6584108958500354e-06
48700.056 1.8366753204600274e-06
48750.056 1.6402904312504523e-06
48800.056 2.227349823810089e-06
48850.056 1.8146121760697607e-06
48900.056 2.00157323501997e-06
48950.056 1.988276571160447e-06
49000.056 1.8923068689598954e-06
49050.056 1.8414825587498163e-06
49100.056 1.8797167131600142e-06
49150.056 1.8847419958703252e-06
49200.056 2.0477588727600295e-06
49250.056 1.9191355619902574e-06
49300.056 1.7937679783297713e-06
49350.056 1.6586666613101284e-06
49400.056 2.006462628150435e-06
49450.056 1.7954277029403553e-06
49500.056 1.8982782634702817e-06
49550.056 1.726829555250066e-06
49600.056 1.8166326800204851e-06
49650.056 1.778002557680397e-06
49700.056 1.5863479321298681e-06
49750.056 2.084532766079451e-06
49800.056 1.8992565729800205e-06
49850.056 2.0231573097000126e-06
49900.056 1.7762621045401377e-06
49950.056 1.9491352107391766e-06
50000.056 1.7831019314096082e-06
50050.056 1.8736443767702272e-06
50100.056 1.8562331139097484e-06
50150.056 1.790233802659922e-06
50200.056 1.585364899920091e-06
50250.056 1.6375910852500686e-06
50300.056 1.7173637600696067e-06
50350.056 1.7858790108900576e-06
50400.056 1.7798483945902078e-06
50450.056 1.6767967609101749e-06
50500.056 2.0995935560303802e-06
50550.056 1.8076067638798592e-06
50600.056 1.8143887531302109e-06
50650.056 1.7899816155805184e-06
50700.056 1.847393836589233e-06
50750.056 1.7321171617302021e-06
50800.056 1.6981288077901065e-06
50850.056 1.7265040395702476e-06
50900.056 1.6969137397599825e-06
50950.056 1.9396688550802378e-06
51000.056 1.979775440380203e-06
51050.056 1.6127251690103981e-06
51100.056 1.6437324784998599e-06
51150.056 1.7876249099800915e-06
51200.056 1.8013682544997948e-06
51250.056 1.8621157287999625e-06
51300.056 1.7427422442006337e-06
51350.056 1.8057171867396732e-06
51400.056 1.7099809920595037e-06
51450.056 1.4119061873298832e-06
51500.056 1.8278013860197293e-06
51550.056 2.0125642377801764e-06
51600.056 1.5548230695599136e-06
51650.056 1.7128704170297028e-06
51700.056 1.523167444539558e-06
51750.056 1.6137527277201195e-06
51800.056 1.719240005469865e-06
51850.056 1.8150147745400724e-06
51900.056 1.8543722131402965e-06
51950.056 1.6645767321098017e-06
52000.056 1.6043095793899439e-06
52050.056 1.7896424254098867e-06
52100.056 1.733642613639502e-06
52150.056 1.7337870474903583e-06
52200.056 1.6881727884301227e-06
52250.056 1.6449668205899856e-06
52300.056 1.6423603349899696e-06
52350.056 1.9753777015402707e-06
52400.056 1.615014704729801e-06
52450.056 1.6753480281099015e-06
52500.056 1.7456680965394024e-06
52550.056 1.6107567953295335e-06
52600.056 1.7681380488302314e-06
52650.056 1.966495341420425e-06
52700.056 1.7310622894600354e-06
52750.056 1.4143950354198165e-06
52800.056 1.5930178612002792e-06
52850.056 1.5432660508598079e-06
52900.056 1.633672806360341e-06
52950.056 1.6434532878895712e-06
53000.056 1.7610868965998487e-06
53050.056 1.7346836474397867e-06
53100.056 1.4804531623395018e-06
53150.056 1.8018168337204464e-06
53200.056 1.4579274737502563e-06
53250.056 1.975175076539872e-06
53300.056 1.7966123288806965e-06
