galfind/configs/Brown_Dwarf_templates/sonora_bobcat/m+0.5/10g/sp_t200g10nc_m+0.5_resample.dat
# %ECSV 1.0
# ---
# datatype:
# - {name: wav, unit: Angstrom, datatype: float64}
# - {name: flux_nu, unit: erg / (cm2 Hz s), datatype: float64}
# meta: {C/O: '1.00', Kzz: '1.0000E+05', Teff: '200.', Y: '0.28', '[Fe/H]': '0.50', f_hole: '1.00', f_rain: '0.00', grav: '10.'}
# schema: astropy-2.0
wav flux_nu
4000.0559999999996 nan
4050.0559999999996 5.7715526967201836e-21
4100.056 6.597361324800119e-20
4150.056 1.5373135270700067e-19
4200.056 1.8599771341739893e-19
4250.056 9.815557959500011e-19
4300.056 2.3629502210999267e-18
4350.056 4.582441039900032e-18
4400.056 4.8473777535597886e-18
4450.056 4.194910537385165e-18
4500.056 1.1399828299310329e-17
4550.056 2.318183172240026e-17
4600.056 3.2220608798999655e-17
4650.056 3.179862502539968e-17
4700.056 2.118776580680055e-17
4750.056 2.0244796286101045e-17
4800.056 2.4673741807000036e-17
4850.056 1.4664944573100052e-17
4900.056 1.1550904286700172e-17
4950.056 1.1444494375600162e-17
5000.056 6.774320702990057e-18
5050.056 2.6948965936611298e-18
5100.056 4.123724175639193e-18
5150.056 9.201058231400165e-18
5200.056 1.5866989471000402e-17
5250.056 1.8927610279000167e-17
5300.056 2.27406860890003e-17
5350.056 2.7065494687000083e-17
5400.056 2.1905104375720275e-17
5450.056 2.4400804613572753e-17
5500.056 3.486634130810059e-17
5550.056 5.214925901599985e-17
5600.056 6.532749562000027e-17
5650.056 6.96828968749995e-17
5700.056 4.18061596681183e-17
5750.056 4.4557219892540275e-17
5800.056 4.3171782899498736e-17
5850.056 2.4727300788399005e-17
5900.056 1.243710944397039e-18
5950.056 1.6198096375047156e-17
6000.056 5.1253994327142443e-17
6050.056 2.299377081943153e-16
6100.056 6.732131274960294e-16
6150.056 1.3307049503200168e-15
6200.056 2.0847759422000213e-15
6250.056 2.0318295111584105e-15
6300.056 2.706882358459917e-15
6350.056 3.2619260044889302e-15
6400.056 3.5438033124501293e-15
6450.056 1.8018905015607716e-15
6500.056 1.6499302952431002e-15
6550.056 2.255790024255083e-15
6600.056 4.675267175708725e-15
6650.056 1.0643689993532416e-14
6700.056 2.459633011009999e-14
6750.056 4.335869524840106e-14
6800.056 4.782279716400222e-14
6850.056 4.527412812230032e-14
6900.056 2.2871837523469576e-14
6950.056 3.1646621178601107e-15
7000.056 3.472637197217402e-15
7050.056 2.8093804518932226e-15
7100.056 2.907470965702424e-15
7150.056 8.756887603343669e-16
7200.056 4.140448600688379e-17
7250.056 7.133360427213649e-17
7300.056 1.5541771465730974e-16
7350.056 5.248373313765871e-16
7400.056 1.8589373342736676e-15
7450.056 1.354521794087947e-14
7500.056 4.412361300094374e-14
7550.056 1.12356872446e-13
7600.056 1.9024310809500013e-13
7650.056 1.6241803835300005e-13
7700.056 1.9715854613299981e-13
7750.056 3.8600168177000245e-13
7800.056 2.9124562105628304e-13
7850.056 1.2439522266149563e-13
7900.056 8.937179665039228e-14
7950.056 1.290504068667218e-13
8000.056 4.042493752519124e-14
8050.056 4.314631832752045e-14
8100.056 4.761084178067443e-15
8150.056 1.387234660145525e-16
8200.056 1.2325143372720139e-15
8250.056 2.5224568101901137e-15
8300.056 8.099417637193678e-16
8350.056 7.088789014201951e-16
8400.056 4.519431658638937e-16
8450.056 1.2661933658183946e-15
8500.056 1.4414045155162528e-15
8550.056 2.0226651266545276e-15
8600.056 2.5143856591457297e-15
8650.056 2.067827433450241e-15
8700.056 3.8930079863699626e-16
8750.056 1.2483323755900875e-16
8800.056 2.6316329609939257e-17
8850.056 9.287398355406502e-18
8900.056 1.0473038842652806e-20
8950.056 7.979641306718773e-22
9000.056 3.846193332799231e-22
9050.056 8.333820048547688e-21
9100.056 8.875202592345403e-20
9150.056 2.0880629039695354e-18
9200.056 3.0449743987198565e-17
9250.056 2.742852988214065e-17
9300.056 2.879730472285731e-20
9350.056 2.9549598924394453e-21
9400.056 2.61685706841222e-19
9450.056 1.0184265656453504e-19
9500.056 2.877012641015855e-19
9550.056 1.9338036892504933e-19
9600.056 6.912449493409132e-19
9650.056 2.587680493570131e-18
9700.056 2.5820946838743335e-17
9750.056 6.1090686187716445e-18
9800.056 1.1043132791295017e-18
9850.056 3.2926900301965715e-19
9900.056 2.1780081495464976e-19
9950.056 1.2756090226055665e-19
10000.056 1.0483856792418428e-19
10050.056 6.195383519547443e-20
10100.056 5.889388342428015e-20
10150.056 2.684567732619011e-20
10200.056 1.9261217975825573e-21
10250.056 6.355390104056842e-22
10300.056 5.8721742407239175e-21
10350.056 4.5803385778437675e-21
10400.056 1.4303941623671755e-19
10450.056 8.496034250395036e-19
10500.056 7.652566920822579e-18
10550.056 8.817340102093776e-17
10600.056 3.4144589472006024e-16
10650.056 5.798631502441923e-16
10700.056 4.72144439986778e-16
10750.056 6.858917466772668e-16
10800.056 9.462544673646156e-16
10850.056 7.390819833429489e-16
10900.056 2.8610338910577266e-16
10950.056 1.6269944209960385e-16
11000.056 6.849254189216129e-17
11050.056 4.071825447923109e-17
11100.056 4.793491682934801e-18
11150.056 2.223175359468051e-19
11200.056 7.908558308251089e-21
11250.056 7.024025362749996e-22
11300.056 9.06929988177713e-20
11350.056 9.953552359894238e-22
11400.056 4.177259066096877e-20
11450.056 1.640170658634456e-20
11500.056 1.8414432998137912e-20
11550.056 1.13505226042337e-21
11600.056 2.969996381922378e-23
11650.056 8.833286831965458e-22
11700.056 3.0941252705573177e-21
11750.056 1.0892153046593202e-22
11800.056 1.3890366848055356e-21
11850.056 7.5432336735654235e-22
11900.056 9.348905414230431e-22
11950.056 4.968682035843113e-21
12000.056 9.159073591710317e-21
12050.056 8.740712081985657e-21
12100.056 4.084124800424669e-20
12150.056 4.9423623925955545e-20
12200.056 3.3546004689490844e-20
12250.056 6.754141684411107e-19
12300.056 3.3304463360636325e-18
12350.056 4.082595728864904e-18
12400.056 3.738870000177277e-17
12450.056 2.4269993120767262e-16
12500.056 3.4200973177888717e-16
12550.056 3.2626344043659474e-16
12600.056 1.464798413835219e-15
12650.056 1.1294089114665256e-14
12700.056 1.0136622406788491e-14
12750.056 1.6632174283164483e-15
12800.056 2.733740194377664e-16
12850.056 5.666970276757479e-17
12900.056 1.589888702969958e-17
12950.056 8.394296141500445e-18
13000.056 5.384162559426425e-18
13050.056 2.6636989630880393e-18
13100.056 1.5267389120068862e-18
13150.056 4.64357345841975e-19
13200.056 5.217276716893281e-19
13250.056 1.6403413499117463e-18
13300.056 6.262172658242376e-19
13350.056 1.282024952888435e-19
13400.056 1.0021053788878717e-19
13450.056 1.7859636491028205e-20
13500.056 6.603169538495892e-22
13550.056 8.035267677732414e-23
13600.056 2.2607385593237853e-24
13650.056 3.288873481924111e-23
13700.056 1.1027503108242313e-23
13750.056 5.532238489509227e-23
13800.056 1.8201898752416255e-23
13850.056 1.1708346186356726e-23
13900.056 5.862024031057208e-23
13950.056 2.214065641067021e-23
14000.056 9.305604178549318e-23
14050.056 7.594487976635388e-23
14100.056 2.169449007303672e-22
14150.056 4.017368332263928e-21
14200.056 2.0719531843933704e-21
14250.056 6.94731697317235e-21
14300.056 1.949298257065365e-20
14350.056 2.3701232293069297e-20
14400.056 2.614694374246674e-20
14450.056 5.970349548656313e-20
14500.056 1.919864146876054e-19
14550.056 7.768978744160279e-19
14600.056 4.27206026844062e-19
14650.056 7.85531915213218e-20
14700.056 3.126857245724948e-20
14750.056 1.2532179586982688e-21
14800.056 8.687680786194403e-21
14850.056 4.750491595091504e-21
14900.056 2.057976294866241e-21
14950.056 5.685390594961457e-22
15000.056 2.2920026377301354e-21
15050.056 2.581285005385949e-20
15100.056 1.274028810911801e-21
15150.056 1.097554746605719e-22
15200.056 1.090521427900934e-20
15250.056 2.885204415493995e-20
15300.056 5.737620795504968e-20
15350.056 4.1326754296900716e-19
15400.056 2.352666674846891e-19
15450.056 4.690928852963044e-19
15500.056 7.675449547058811e-19
15550.056 9.162016524652576e-18
15600.056 2.0303695986990405e-17
15650.056 1.0235417701411679e-16
15700.056 3.368207178500921e-16
15750.056 6.653435851319948e-16
15800.056 8.531161946759529e-16
15850.056 1.6274412844270391e-15
15900.056 3.0921325932325934e-15
15950.056 5.696216123892311e-15
16000.056 6.47907517140348e-15
16050.056 3.803999483870445e-15
16100.056 1.818790412236127e-15
16150.056 6.333018933851476e-16
16200.056 1.4268228302292748e-16
16250.056 3.571731715969601e-17
16300.056 4.5159633837832186e-18
16350.056 3.296792290654354e-18
16400.056 6.298924318506482e-18
16450.056 4.035375949323137e-18
16500.056 3.657128863230032e-18
16550.056 2.35084560137826e-18
16600.056 2.083078667699101e-17
16650.056 3.2587641958122666e-18
16700.056 7.553096744619504e-19
16750.056 8.892498733109556e-19
16800.056 6.652427124185561e-18
16850.056 3.770391193757146e-18
16900.056 4.980147034477199e-19
16950.056 1.2248522823415165e-19
17000.056 3.211245501110032e-20
17050.056 2.5916709825194943e-20
17100.056 5.421286457605761e-19
17150.056 9.741844188496193e-20
17200.056 2.498835915390038e-18
17250.056 6.349491547020538e-20
17300.056 2.3791202464341843e-19
17350.056 3.129230482998321e-19
17400.056 2.2952122135189203e-18
17450.056 2.6327906355877788e-18
17500.056 1.0598552161383727e-17
17550.056 9.938592124550778e-18
17600.056 8.499757162022565e-18
17650.056 2.1138552466028447e-18
17700.056 1.5527377611444014e-18
17750.056 9.843921359931029e-19
17800.056 5.091761618043762e-17
17850.056 1.3367443394914858e-18
17900.056 1.7489078385116442e-18
17950.056 2.503279953418862e-18
18000.056 2.785739857880999e-18
18050.056 4.3880999489689414e-18
18100.056 7.752778060362739e-18
18150.056 1.832401459744383e-18
18200.056 2.1769254426929736e-18
18250.056 1.8081679295665047e-17
18300.056 1.0510109003712924e-18
18350.056 6.683301931314791e-19
18400.056 2.1700454297561307e-19
18450.056 2.7527081099767366e-18
18500.056 1.5531754396404867e-18
18550.056 1.2006871205908086e-18
18600.056 4.637441157958078e-18
18650.056 7.073018992615312e-18
18700.056 6.586407236092425e-19
18750.056 9.26984445346905e-19
18800.056 1.313955880033958e-17
18850.056 8.326666569980878e-18
18900.056 2.2629393852189943e-17
18950.056 1.8927812671128403e-17
19000.056 2.262078142141054e-18
19050.056 1.0533877866654347e-18
19100.056 3.435991847591558e-18
19150.056 1.8647058214869998e-18
19200.056 3.022535350247879e-18
19250.056 1.852678293372484e-18
19300.056 6.277749477304908e-19
19350.056 5.955147179592156e-19
19400.056 3.430350201627766e-19
19450.056 1.7536552464232437e-19
19500.056 4.418100346046758e-20
19550.056 5.785918658941282e-19
19600.056 2.1595856524849177e-18
19650.056 9.141712520428303e-19
19700.056 2.2770753632127844e-18
19750.056 1.1576778125728725e-17
19800.056 2.7972075213933837e-18
19850.056 4.9488087683192455e-18
19900.056 8.69547404017472e-18
19950.056 1.3070833668124256e-17
20000.056 1.624757603372812e-17
20050.056 1.505016467757359e-17
20100.056 2.0660789134387347e-17
20150.056 1.7851086176567513e-17
20200.056 7.09720416049639e-18
20250.056 5.2048667316991125e-17
20300.056 1.2007261395519482e-16
20350.056 2.226141450521652e-16
20400.056 1.1115074794939183e-16
20450.056 2.5176153356061485e-16
20500.056 3.1352767268820073e-16
20550.056 4.2142055449302385e-16
20600.056 4.753045650479827e-16
20650.056 6.754526485021857e-16
20700.056 7.511693022048582e-16
20750.056 9.034932096241869e-16
20800.056 7.313753791457956e-16
20850.056 9.537318501093465e-16
20900.056 1.1358455053548296e-15
20950.056 9.676846648859022e-16
21000.056 9.111943082779203e-16
21050.056 9.88335147669889e-16
21100.056 9.642350319591487e-16
21150.056 9.986728263221674e-16
21200.056 9.026848387693928e-16
21250.056 9.77172233820621e-16
21300.056 8.599607375200978e-16
21350.056 8.949779289473826e-16
21400.056 1.0176562792203624e-15
21450.056 6.520144102026088e-16
21500.056 5.016938939416966e-16
21550.056 7.206955066751124e-16
21600.056 5.366975952751575e-16
21650.056 2.4102659635581e-16
21700.056 5.835232499003558e-17
21750.056 1.7913773931078675e-16
21800.056 1.344389577458705e-16
21850.056 1.496752212802393e-16
21900.056 8.613160643777953e-17
21950.056 8.148939422032695e-18
22000.056 8.485341104349311e-20
22050.056 3.257915483887993e-19
22100.056 2.4717948616730892e-18
22150.056 7.955451752215194e-19
22200.056 4.463844606422793e-19
22250.056 3.3149376069438545e-19
22300.056 2.283100709669373e-20
22350.056 1.7125527050444033e-19
22400.056 3.1641768694239975e-20
22450.056 7.512609775710844e-20
22500.056 5.4024053912407295e-20
22550.056 3.4604455765810735e-21
22600.056 2.0855529009017177e-21
22650.056 1.884482759600839e-21
22700.056 4.155051196051714e-21
22750.056 1.9978759305467248e-20
22800.056 2.938956808495107e-20
22850.056 1.799061914121e-20
22900.056 9.907754972991292e-21
22950.056 2.1878405648284817e-21
23000.056 3.840380515079207e-21
23050.056 6.240447838811579e-22
23100.056 5.468025648410658e-19
23150.056 1.4820685563795021e-18
23200.056 1.6690017182427843e-21
23250.056 6.523551590136034e-20
23300.056 1.2406685458065496e-20
23350.056 8.591026031543095e-20
23400.056 1.3390157053331327e-19
23450.056 8.132256497004995e-21
23500.056 7.40380380491378e-21
23550.056 3.81802848239418e-20
23600.056 2.9741928265427783e-19
23650.056 1.0735254701994897e-18
23700.056 1.5101751105818818e-20
23750.056 5.099314482826361e-20
23800.056 1.0609569642414842e-18
23850.056 2.4482039525376445e-19
23900.056 1.1617938634722694e-18
23950.056 1.768328835647711e-19
24000.056 4.0493770176470155e-18
24050.056 4.416019358270014e-18
24100.056 3.230775550047969e-17
24150.056 3.7285990896887566e-17
24200.056 8.712235131521086e-18
24250.056 8.235366760987505e-18
24300.056 1.3537720581343824e-17
24350.056 3.2826917004776816e-17
24400.056 1.5549691396751005e-16
24450.056 2.6188617077669144e-16
24500.056 2.888325995206368e-16
24550.056 5.529991408892506e-16
24600.056 7.58296670953928e-16
24650.056 2.255041937928472e-15
24700.056 1.2009874222745782e-15
24750.056 2.029124726647745e-15
24800.056 1.7010256293182737e-15
24850.056 2.8309995754461976e-15
24900.056 2.2447514323653464e-15
24950.056 2.7069510680985026e-15
25000.056 4.190903366282224e-15
25050.056 4.728187150465744e-15
25100.056 4.286321383748111e-15
25150.056 2.0138348524542604e-15
25200.056 2.9986706255731313e-15
25250.056 1.887861485072399e-15
25300.056 1.3037414254606292e-15
25350.056 1.205648366396528e-15
25400.056 1.8958073759318877e-15
25450.056 5.649949651055352e-16
25500.056 4.163236610437812e-16
25550.056 8.315350868068013e-16
25600.056 2.2387880518184917e-16
25650.056 1.077108011228938e-16
25700.056 1.1072789881982643e-16
25750.056 2.848755999081514e-17
25800.056 2.799356872991097e-16
25850.056 4.883301813357491e-17
25900.056 1.793407030150083e-17
25950.056 5.733430412831708e-17
26000.056 1.540001131706005e-16
26050.056 7.040279656647186e-17
26100.056 1.2434168870946015e-16
26150.056 1.1233160265307392e-16
26200.056 1.409318217810147e-16
26250.056 3.5172567619853697e-16
26300.056 2.0075602479525735e-16
26350.056 4.735562789707381e-16
26400.056 1.1557331203869057e-15
26450.056 1.806375708321872e-15
26500.056 2.9790450999450774e-15
26550.056 4.77210346150571e-16
26600.056 6.722297324586374e-16
26650.056 2.55048597281184e-16
26700.056 3.671680673155866e-16
26750.056 5.033744207177344e-16
26800.056 1.2960463112805714e-15
26850.056 8.016655065452254e-16
26900.056 1.8780524441001702e-15
26950.056 7.340122669729984e-16
27000.056 2.0918505354558458e-15
27050.056 3.58539819799566e-15
27100.056 7.009976618440809e-16
27150.056 3.2143102281035432e-15
27200.056 1.0006793955863246e-15
27250.056 2.086734294788717e-15
27300.056 7.479634386662111e-15
27350.056 4.185374281826921e-15
27400.056 1.1455828725234513e-15
27450.056 6.540538514031729e-15
27500.056 6.5672272505124785e-15
27550.056 2.9666650299835028e-15
27600.056 6.056696029487327e-15
27650.056 2.8251483865845664e-15
27700.056 3.2110388983311356e-15
27750.056 7.96586790730615e-15
27800.056 3.665430017239649e-15
27850.056 5.975815688155347e-15
27900.056 5.031401254725627e-15
27950.056 7.618466927893025e-15
28000.056 1.1593266073929917e-14
28050.056 1.4466296997322265e-15
28100.056 6.245362026191644e-15
28150.056 6.247699408038206e-15
28200.056 1.6525108750231272e-15
28250.056 3.992563090950518e-15
28300.056 2.2667588424725946e-15
28350.056 6.360330214388697e-16
28400.056 1.9438201452503762e-15
28450.056 9.059849925089456e-16
28500.056 6.943254770607112e-16
28550.056 1.2329879080762668e-15
28600.056 1.949898716058951e-15
28650.056 4.242612442268119e-16
28700.056 1.658174056695081e-15
28750.056 1.3417467726568482e-15
28800.056 2.722683342411878e-16
28850.056 1.245235515304622e-14
