galfind/configs/Brown_Dwarf_templates/sonora_bobcat/m+0.5/10g/sp_t1300g10nc_m+0.5_resample.dat
# %ECSV 1.0
# ---
# datatype:
# - {name: wav, unit: Angstrom, datatype: float64}
# - {name: flux_nu, unit: erg / (cm2 Hz s), datatype: float64}
# meta: {C/O: '1.00', Kzz: '1.0000E+05', Teff: '1300.', Y: '0.28', '[Fe/H]': '0.50', f_hole: '1.00', f_rain: '0.00', grav: '10.'}
# schema: astropy-2.0
wav flux_nu
[from data line 499]
28950.056 4.1496222224700123e-07
29000.056 3.3965655134189537e-07
29050.056 3.452898662408791e-07
29100.056 2.948358482990503e-07
29150.056 3.810305703941371e-07
29200.056 3.4247393969716997e-07
29250.056 4.180581142360156e-07
29300.056 3.263269511697521e-07
29350.056 4.7528666448181996e-07
29400.056 3.6047027189387654e-07
29450.056 3.91536214438984e-07
29500.056 4.1007054224596283e-07
29550.056 3.893336277260442e-07
29600.056 4.1769886064593407e-07
29650.056 4.139572744109818e-07
29700.056 3.4228973337986544e-07
29750.056 4.607724776403222e-07
29800.056 4.5825314947398646e-07
29850.056 4.584125254199994e-07
29900.056 4.1254010676509725e-07
29950.056 4.7167766310798023e-07
30000.056 4.757786532879293e-07
30050.056 4.454852514118859e-07
30100.056 3.6665691244184547e-07
30150.056 5.651407102049248e-07
30200.056 4.6644732012005005e-07
30250.056 5.108325322922341e-07
30300.056 5.19053072139937e-07
30350.056 4.220585587720446e-07
30400.056 5.469195165321242e-07
30450.056 4.400199818990286e-07
30500.056 3.8095329070209915e-07
30550.056 5.269104060141675e-07
30600.056 5.33632101607085e-07
30650.056 5.135843986219452e-07
30700.056 4.909017160040236e-07
30750.056 4.530292334010349e-07
30800.056 5.139343265751062e-07
30850.056 4.160106522849377e-07
30900.056 4.4745105302596035e-07
30950.056 3.999281796390677e-07
31000.056 4.2176394366896057e-07
31050.056 3.806884091429962e-07
31100.056 3.6916501342096535e-07
31150.056 4.2881500345089864e-07
31200.056 4.368677622199817e-07
31250.056 4.091898384979813e-07
31300.056 3.7992816870994835e-07
31350.056 3.595299421649843e-07
31400.056 3.28377527899111e-07
31450.056 3.1194445742798817e-07
31500.056 3.467290716039779e-07
31550.056 3.1517375957302834e-07
31600.056 3.029519594009477e-07
31650.056 2.9102347175497927e-07
31700.056 2.9116904401497804e-07
31750.056 2.5531229435309906e-07
31800.056 3.1460393668798717e-07
31850.056 3.0269769547602805e-07
31900.056 3.4330288155497856e-07
31950.056 2.165241711759885e-07
32000.056 2.846176058670038e-07
32050.056 3.4796941077600785e-07
32100.056 3.139441383979933e-07
32150.056 3.4500039692097446e-07
32200.056 3.19194844992986e-07
32250.056 3.6315272516207775e-07
32300.056 3.3393757241100105e-07
32350.056 3.8661313488801233e-07
32400.056 2.996042457949783e-07
32450.056 3.5984622110385946e-07
32500.056 3.94368022780137e-07
32550.056 4.2759278301699414e-07
32600.056 4.5337758326196577e-07
32650.056 5.020594103550898e-07
32700.056 4.6358632493008986e-07
32750.056 4.780145815509823e-07
32800.056 4.7512579240599187e-07
32850.056 5.264284710998524e-07
32900.056 5.780129837139425e-07
32950.056 4.820263945309222e-07
33000.056 4.87674903049987e-07
33050.056 4.6583624713215936e-07
33100.056 3.636331966349233e-07
33150.056 2.7839430590600967e-07
33200.056 1.7404636413695754e-07
33250.056 1.2744497194694116e-07
33300.056 1.0821628321801335e-07
33350.056 1.2464078507700038e-07
33400.056 1.3591644192598203e-07
33450.056 1.6181892685099163e-07
33500.056 2.230960965400889e-07
33550.056 2.568852802870416e-07
33600.056 3.343395428340473e-07
33650.056 4.05020130510104e-07
33700.056 4.1240311109086294e-07
33750.056 5.283064207459705e-07
33800.056 5.142704713549758e-07
33850.056 5.278774452929228e-07
33900.056 5.223723589778459e-07
33950.056 4.413444927399196e-07
34000.056 4.896395455578678e-07
34050.056 4.784988557328228e-07
34100.056 5.683011511699602e-07
34150.056 5.095785055818841e-07
34200.056 4.2137759725274446e-07
34250.056 5.402611161798665e-07
34300.056 4.654347955655387e-07
34350.056 3.9453837732999353e-07
34400.056 3.9829313294805045e-07
34450.056 4.802131724499198e-07
34500.056 4.4651194668999676e-07
34550.056 4.143829603300339e-07
34600.056 5.252167273900696e-07
34650.056 5.110018345800218e-07
34700.056 4.555075563898594e-07
34750.056 5.096322374800915e-07
34800.056 5.491850417117273e-07
34850.056 4.4650656842002054e-07
34900.056 5.5627269342911e-07
34950.056 4.7021156814984076e-07
35000.056 5.818653669849718e-07
35050.056 5.450292665279004e-07
35100.056 4.864719063097813e-07
35150.056 5.727736751960963e-07
35200.056 5.747656235030731e-07
35250.056 5.642271344099e-07
35300.056 5.705653417000744e-07
35350.056 5.614374237499219e-07
35400.056 5.40302147950076e-07
35450.056 4.373977415503474e-07
35500.056 6.420770260599601e-07
35550.056 5.810730996699948e-07
35600.056 5.237111333100868e-07
35650.056 6.85067286580065e-07
35700.056 5.358812614102198e-07
35750.056 6.516204000597386e-07
35800.056 7.691556959700005e-07
35850.056 6.159892134098588e-07
35900.056 8.222169613197842e-07
35950.056 7.165015159701518e-07
36000.056 6.458050450898649e-07
36050.056 8.0493699530009e-07
36100.056 7.997404654894591e-07
36150.056 7.379626120000325e-07
36200.056 8.796699597398386e-07
36250.056 7.412871513698136e-07
36300.056 9.44749530360369e-07
36350.056 8.661799906300017e-07
36400.056 8.078377031400478e-07
36450.056 9.431607570798904e-07
36500.056 8.990874407200218e-07
36550.056 8.738391996102564e-07
36600.056 9.746821700300033e-07
36650.056 1.0098759600599614e-06
36700.056 1.0226989518200101e-06
36750.056 1.0493713426301437e-06
36800.056 1.0214433238699731e-06
36850.056 1.0073338179702356e-06
36900.056 1.0676235329202763e-06
36950.056 1.1303581771398934e-06
37000.056 1.183005044050042e-06
37050.056 1.0768400716099442e-06
37100.056 1.1784312835702932e-06
37150.056 1.174093555419753e-06
37200.056 1.168460836570194e-06
37250.056 1.2616652494600153e-06
37300.056 1.1617452134200735e-06
37350.056 1.0983101257701752e-06
37400.056 1.2015129328097831e-06
37450.056 1.2130340259901774e-06
37500.056 1.1948297991798551e-06
37550.056 1.227868591189814e-06
37600.056 1.3100042773697313e-06
37650.056 1.236230496379888e-06
37700.056 1.26000174787002e-06
37750.056 1.3076201985300044e-06
37800.056 1.3692934655201092e-06
37850.056 1.2310033617398826e-06
37900.056 1.2967702518300334e-06
37950.056 1.3145519128398678e-06
38000.056 1.3305980151901237e-06
38050.056 1.382507990759987e-06
38100.056 1.2709150579001975e-06
38150.056 1.5027938224098154e-06
38200.056 1.6196136769598958e-06
38250.056 1.3001696223901391e-06
38300.056 1.3096904725199218e-06
38350.056 1.454142286579794e-06
38400.056 1.406215121289684e-06
38450.056 1.5423269343600992e-06
38500.056 1.4328987857598578e-06
38550.056 1.4840855504301176e-06
38600.056 1.61671840232976e-06
38650.056 1.418131091350006e-06
38700.056 1.5173423620903282e-06
38750.056 1.4249212930600794e-06
38800.056 1.5071795767098883e-06
38850.056 1.4196129021702311e-06
38900.056 1.4372273563798395e-06
38950.056 1.5908749526498975e-06
39000.056 1.4657219231100527e-06
39050.056 1.573304550179882e-06
39100.056 1.4558773476601432e-06
39150.056 1.465990325289961e-06
39200.056 1.6306779044402284e-06
39250.056 1.6461275926994658e-06
39300.056 1.5564279608194305e-06
39350.056 1.5660527556300707e-06
39400.056 1.5511632067999288e-06
39450.056 1.5540138537798364e-06
39500.056 1.5428659976299004e-06
39550.056 1.5027331064401436e-06
39600.056 1.687466445259823e-06
39650.056 1.447076896789885e-06
39700.056 1.571602964039881e-06
39750.056 1.500684614829796e-06
39800.056 1.4566087808398726e-06
39850.056 1.5043034430998104e-06
39900.056 1.5296859475703076e-06
39950.056 1.614715549859875e-06
40000.056 1.3868828123799956e-06
40050.056 1.3806263534199743e-06
40100.056 1.5712999479799826e-06
40150.056 1.4100815669997391e-06
40200.056 1.4116439273597514e-06
40250.056 1.4520017844694887e-06
40300.056 1.3405449143301917e-06
40350.056 1.5346654343603556e-06
40400.056 1.4690938195199266e-06
40450.056 1.4982943298303678e-06
40500.056 1.3063556486303187e-06
40550.056 1.5787940453899057e-06
40600.056 1.3409236452202932e-06
40650.056 1.2953869687998306e-06
40700.056 1.4714961522601372e-06
40750.056 1.279044177899311e-06
40800.056 1.2648955385002086e-06
40850.056 1.2266944957302969e-06
40900.056 1.2691372873002193e-06
40950.056 1.3427314244098866e-06
41000.056 1.3237579799700408e-06
41050.056 1.2833548433495667e-06
41100.056 1.2998915037400936e-06
41150.056 1.2899870648099763e-06
41200.056 1.226655356069969e-06
41250.056 1.29207275354013e-06
41300.056 1.0710100922297134e-06
41350.056 1.2925863591900654e-06
41400.056 1.238882549870332e-06
41450.056 1.223448698460443e-06
41500.056 1.2504588907099405e-06
41550.056 1.1528347596999908e-06
41600.056 1.2847590476899642e-06
41650.056 1.1565684387703262e-06
41700.056 1.046906939089799e-06
41750.056 1.050012999399821e-06
41800.056 1.0097790766698156e-06
41850.056 9.133527210601733e-07
41900.056 9.871679951500471e-07
41950.056 7.200271491002582e-07
42000.056 8.510628515501445e-07
42050.056 7.441235492696868e-07
42100.056 8.507103371301969e-07
42150.056 5.941651371897179e-07
42200.056 6.429338717899165e-07
42250.056 6.534356688602581e-07
42300.056 5.126825742201066e-07
42350.056 6.284890800202155e-07
42400.056 4.871513039800947e-07
42450.056 4.3552940277017327e-07
42500.056 4.873001127101181e-07
42550.056 4.6827345158009175e-07
42600.056 4.777145796201833e-07
42650.056 3.8449508067967864e-07
42700.056 4.3608613552012936e-07
42750.056 4.046268074199959e-07
42800.056 3.6219134414018336e-07
42850.056 3.8902195959992393e-07
42900.056 3.8869028298001546e-07
42950.056 3.6351800908979205e-07
43000.056 3.480327392400691e-07
43050.056 3.4940758264016476e-07
43100.056 3.90402702680091e-07
43150.056 3.3533496291007615e-07
43200.056 3.544689447200921e-07
43250.056 3.366977840598851e-07
43300.056 3.3157942229003e-07
43350.056 3.3313624545998703e-07
43400.056 3.433361246199801e-07
43450.056 3.5343918594016007e-07
43500.056 3.1934412784997283e-07
43550.056 3.7510314269996937e-07
43600.056 3.413932221100213e-07
43650.056 3.188144343600292e-07
43700.056 3.468303477098455e-07
43750.056 3.275250878300531e-07
43800.056 2.969111198100386e-07
43850.056 3.4308880052007577e-07
43900.056 3.500504910900192e-07
43950.056 3.329201608801535e-07
44000.056 3.349350879701026e-07
44050.056 3.569343763600666e-07
44100.056 3.649588052100756e-07
44150.056 3.58823097509925e-07
44200.056 3.231177232999289e-07
44250.056 3.7850383478998696e-07
44300.056 3.4943975035998596e-07
44350.056 3.3819390820006296e-07
44400.056 3.5782637560996923e-07
44450.056 3.6961259627997656e-07
44500.056 3.88286125569952e-07
44550.056 3.598309505899407e-07
44600.056 4.0158846576002745e-07
44650.056 3.74643772270061e-07
44700.056 3.7515471943003025e-07
44750.056 4.0120312342994595e-07
44800.056 4.5952526993997976e-07
44850.056 4.162111835000389e-07
44900.056 4.1094424883006926e-07
44950.056 3.812426373099778e-07
45000.056 4.44175261009958e-07
45050.056 4.2297530354993794e-07
45100.056 4.4501485971995004e-07
45150.056 4.4626275814993465e-07
45200.056 4.265531751100595e-07
45250.056 4.2692520407993476e-07
45300.056 4.6228907180004137e-07
45350.056 4.911270179199983e-07
45400.056 4.81028754110064e-07
45450.056 4.401856332999487e-07
45500.056 4.52066696359964e-07
45550.056 4.938985562399727e-07
45600.056 4.6659729192996285e-07
45650.056 4.317780313699217e-07
45700.056 5.258544233800171e-07
45750.056 4.7278652684998955e-07
45800.056 4.631616343299956e-07
45850.056 5.408763819799622e-07
45900.056 5.556012598800508e-07
45950.056 4.7865843389001e-07
46000.056 5.594820148700114e-07
46050.056 5.412920232500498e-07
46100.056 4.724866479500716e-07
46150.056 5.345096882600032e-07
46200.056 5.605643528800859e-07
46250.056 4.6660057419998583e-07
46300.056 5.97913624229969e-07
46350.056 4.918562499899447e-07
46400.056 5.007020753199385e-07
46450.056 5.435609838400861e-07
46500.056 5.011637550299461e-07
46550.056 6.208299913599768e-07
46600.056 5.648936097000429e-07
46650.056 7.260385984698869e-07
46700.056 6.695944061702045e-07
46750.056 5.317670738899141e-07
46800.056 5.924874761200574e-07
46850.056 6.232194344700656e-07
46900.056 5.935461515998817e-07
46950.056 6.49806080560042e-07
47000.056 5.512456265299998e-07
47050.056 6.597404032198924e-07
47100.056 5.178362074500684e-07
47150.056 5.665843599600833e-07
47200.056 6.024682900001207e-07
47250.056 5.261874938799478e-07
47300.056 5.651697855898383e-07
47350.056 4.781258092798892e-07
47400.056 6.1592755606989e-07
47450.056 5.201148882099864e-07
47500.056 5.995148143498678e-07
47550.056 5.299250786699457e-07
47600.056 6.11877986859978e-07
47650.056 4.3568649657985557e-07
47700.056 6.293864716100473e-07
47750.056 4.284327441301021e-07
47800.056 6.275317605099107e-07
47850.056 4.7681966407988315e-07
47900.056 6.113548125100349e-07
47950.056 4.3776640771011306e-07
48000.056 6.793162076700173e-07
48050.056 4.882317088200638e-07
48100.056 5.535055849599874e-07
48150.056 5.231909750200798e-07
48200.056 6.016487179400961e-07
48250.056 5.035639764099501e-07
48300.056 6.605933140497921e-07
48350.056 4.7139028242998786e-07
48400.056 6.189974010100028e-07
48450.056 5.067535828300301e-07
48500.056 6.902178925700329e-07
48550.056 4.82729937340046e-07
48600.056 6.059651655699728e-07
48650.056 5.007277483599627e-07
48700.056 5.921077497900434e-07
48750.056 4.5689311509005414e-07
48800.056 7.158483442000338e-07
48850.056 5.013079467299326e-07
48900.056 6.246790488300567e-07
48950.056 5.933888023100314e-07
49000.056 5.761829487599033e-07
49050.056 6.115536029599991e-07
49100.056 5.547211238500717e-07
49150.056 6.064937016600331e-07
49200.056 5.758854622399945e-07
49250.056 6.000965033300181e-07
49300.056 5.164351826599565e-07
49350.056 5.581745224000109e-07
49400.056 6.614348027200894e-07
49450.056 5.564764031001337e-07
49500.056 5.948416179700109e-07
49550.056 5.084569924100383e-07
49600.056 5.865577947301874e-07
49650.056 5.979514220999953e-07
49700.056 5.203587861899378e-07
49750.056 7.382195166598715e-07
49800.056 5.761328109400494e-07
49850.056 7.412421061700433e-07
49900.056 5.715834757300546e-07
49950.056 6.569164011498169e-07
50000.056 6.214491724898672e-07
50050.056 6.342457601200623e-07
50100.056 6.602865992899601e-07
50150.056 5.609773480600429e-07
50200.056 5.162511650500602e-07
50250.056 6.230121379800137e-07
50300.056 5.93605102819953e-07
50350.056 6.865207320400339e-07
50400.056 6.040034936100077e-07
50450.056 5.992653032201015e-07
50500.056 7.560779107001546e-07
50550.056 6.314225921999635e-07
50600.056 6.710214906600321e-07
50650.056 6.489857866701646e-07
50700.056 6.999828016297549e-07
50750.056 7.093721283400939e-07
50800.056 5.505550753099642e-07
50850.056 6.278477813401594e-07
50900.056 6.929744069599629e-07
50950.056 7.04494499890124e-07
51000.056 7.981692274900301e-07
51050.056 5.782520781900784e-07
51100.056 5.774605817199254e-07
51150.056 6.765111662299129e-07
51200.056 6.824973473599509e-07
51250.056 7.065618535898964e-07
51300.056 6.024520684602799e-07
51350.056 6.545919820797951e-07
51400.056 5.960408045198436e-07
51450.056 4.7182989115989016e-07
51500.056 6.246833913399683e-07
51550.056 8.313730724900535e-07
51600.056 5.623047664300773e-07
51650.056 6.409032087299119e-07
51700.056 6.004051857098272e-07
51750.056 5.810688100000814e-07
51800.056 6.875416791798364e-07
51850.056 7.048628948099036e-07
51900.056 7.315899403802148e-07
51950.056 6.870589082299563e-07
52000.056 5.693259395999508e-07
52050.056 6.493952618699961e-07
52100.056 6.051854450798615e-07
52150.056 6.172057426900367e-07
52200.056 5.939886268800134e-07
52250.056 6.333795014200031e-07
52300.056 6.905521633600087e-07
52350.056 7.514338158901399e-07
52400.056 5.510725342500817e-07
52450.056 6.544043663699623e-07
52500.056 7.209402710398591e-07
52550.056 6.650573871497373e-07
52600.056 6.671287819801508e-07
52650.056 7.624503185801349e-07
52700.056 6.618526367999564e-07
52750.056 5.255596790299209e-07
52800.056 6.079154389400718e-07
52850.056 5.71669324779898e-07
52900.056 6.207723129400853e-07
52950.056 6.407788293698959e-07
53000.056 7.209648571499362e-07
53050.056 6.098625356998855e-07
53100.056 5.550896480897852e-07
53150.056 7.572180840001276e-07
53200.056 5.229288904800613e-07
53250.056 7.79921438159972e-07
53300.056 7.450886235203567e-07
53350.056 7.125289503399178e-07
53400.056 6.787640763801045e-07
53450.056 5.691268030300243e-07
53500.056 5.067159133098795e-07
53550.056 6.324176139598917e-07
53600.056 7.023122750501563e-07
53650.056 5.76987488320038e-07
