galfind/configs/Brown_Dwarf_templates/sonora_bobcat/m+0.5/10g/sp_t950g10nc_m+0.5_resample.dat
# %ECSV 1.0
# ---
# datatype:
# - {name: wav, unit: Angstrom, datatype: float64}
# - {name: flux_nu, unit: erg / (cm2 Hz s), datatype: float64}
# meta: {C/O: '1.00', Kzz: '1.0000E+05', Teff: '950.', Y: '0.28', '[Fe/H]': '0.50', f_hole: '1.00', f_rain: '0.00', grav: '10.'}
# schema: astropy-2.0
wav flux_nu
[from data line 498]
28900.056 1.1468732480139759e-07
28950.056 1.76285227799325e-07
29000.056 1.4436914149165995e-07
29050.056 1.4676944636234292e-07
29100.056 1.2236288951781537e-07
29150.056 1.6638276264898436e-07
29200.056 1.4380045340314462e-07
29250.056 1.8480423624380202e-07
29300.056 1.3501247556670366e-07
29350.056 2.1169026556501078e-07
29400.056 1.5176586355126105e-07
29450.056 1.6679142620127148e-07
29500.056 1.7505443738117292e-07
29550.056 1.6336746719889536e-07
29600.056 1.7897166493936665e-07
29650.056 1.7543819183166517e-07
29700.056 1.3701830137511134e-07
29750.056 1.8488447312661335e-07
29800.056 1.871490535351053e-07
29850.056 1.8785422613217868e-07
29900.056 1.6951763411537922e-07
29950.056 1.835435369620556e-07
30000.056 1.7833500421338412e-07
30050.056 1.628087969839833e-07
30100.056 1.4356688934633899e-07
30150.056 1.9622534239898054e-07
30200.056 1.5411216872819303e-07
30250.056 1.9499671111006713e-07
30300.056 1.6512564628600955e-07
30350.056 1.427878268000097e-07
30400.056 1.6479165414190446e-07
30450.056 1.3362634371061364e-07
30500.056 1.0598272026512001e-07
30550.056 1.1520925779321e-07
30600.056 1.209677834669915e-07
30650.056 1.0048293844496987e-07
30700.056 1.075106433615844e-07
30750.056 9.522937547598722e-08
30800.056 8.194111317301326e-08
30850.056 7.456993156546728e-08
30900.056 7.588374723278991e-08
30950.056 6.661823955521925e-08
31000.056 5.856057624090123e-08
31050.056 5.992429764900564e-08
31100.056 4.8029457257292044e-08
31150.056 5.159299526899726e-08
31200.056 5.5988008598008114e-08
31250.056 4.254683507719012e-08
31300.056 4.175155799599566e-08
31350.056 4.033242963599851e-08
31400.056 3.490152368399945e-08
31450.056 3.4168767133994413e-08
31500.056 3.0511215306992176e-08
31550.056 3.3363256129000975e-08
31600.056 2.7787601731995615e-08
31650.056 2.7289915379998966e-08
31700.056 2.5533019355995355e-08
31750.056 2.4715873362007585e-08
31800.056 2.669821593299662e-08
31850.056 2.700885492900053e-08
31900.056 2.73001947979964e-08
31950.056 2.0809427822001974e-08
32000.056 2.4525332847998363e-08
32050.056 2.5627638109999477e-08
32100.056 2.6575956692006004e-08
32150.056 2.5718488268995346e-08
32200.056 2.4518934165000564e-08
32250.056 2.744701362500124e-08
32300.056 2.5538405964003082e-08
32350.056 2.898377135299222e-08
32400.056 2.4101408339994422e-08
32450.056 2.79536741409923e-08
32500.056 2.871782888300199e-08
32550.056 2.572330899599775e-08
32600.056 2.985807577700316e-08
32650.056 3.827582854699317e-08
32700.056 3.412331823600318e-08
32750.056 3.5957672574003846e-08
32800.056 3.486337519700071e-08
32850.056 3.705732828099274e-08
32900.056 4.161283541499102e-08
32950.056 4.335681205399621e-08
33000.056 3.6926387628986785e-08
33050.056 3.362772574501773e-08
33100.056 2.320735272099837e-08
33150.056 2.1965723914997823e-08
33200.056 1.8720549696002517e-08
33250.056 1.5091171038999965e-08
33300.056 1.4537043165998791e-08
33350.056 1.4958998001999594e-08
33400.056 1.616263541099798e-08
33450.056 1.8799378290000847e-08
33500.056 2.2464598265005878e-08
33550.056 2.4241039974004782e-08
33600.056 3.044341233499674e-08
33650.056 3.137777526399411e-08
33700.056 3.1357575538996196e-08
33750.056 3.682671429500703e-08
33800.056 3.89553342089995e-08
33850.056 3.930349371199507e-08
33900.056 3.554488286200124e-08
33950.056 3.4360185201999855e-08
34000.056 4.023107415601318e-08
34050.056 3.1885141598987156e-08
34100.056 3.94603726759939e-08
34150.056 3.816829129600114e-08
34200.056 3.342507447899119e-08
34250.056 3.650982217998034e-08
34300.056 3.7420481961986434e-08
34350.056 2.93332505569987e-08
34400.056 3.127574500299668e-08
34450.056 3.460145240799592e-08
34500.056 3.385698538200088e-08
34550.056 3.488041306300105e-08
34600.056 3.8882768744996186e-08
34650.056 3.72819683779978e-08
34700.056 3.6033417422997904e-08
34750.056 3.7714888516993224e-08
34800.056 3.757618028799071e-08
34850.056 3.535806241501043e-08
34900.056 4.221402579099053e-08
34950.056 4.09500966139919e-08
35000.056 4.99878265200144e-08
35050.056 3.7941625765990145e-08
35100.056 4.3097206296004417e-08
35150.056 4.17845117839977e-08
35200.056 4.6128080272995086e-08
35250.056 5.233443566798966e-08
35300.056 5.0203065780008945e-08
35350.056 4.598053712398841e-08
35400.056 5.003304586300185e-08
35450.056 3.8265381087012106e-08
35500.056 5.802719746600135e-08
35550.056 5.8990555620989343e-08
35600.056 5.013000352902034e-08
35650.056 5.6849890386992076e-08
35700.056 5.437028450599274e-08
35750.056 6.341291434398894e-08
35800.056 8.25115309309979e-08
35850.056 5.709371067099089e-08
35900.056 6.871711987199718e-08
35950.056 6.459653543698896e-08
36000.056 6.650385370701438e-08
36050.056 6.214782708798376e-08
36100.056 6.850305798296273e-08
36150.056 6.807853489998501e-08
36200.056 7.11236136019827e-08
36250.056 7.214104269697299e-08
36300.056 7.672256012800335e-08
36350.056 7.642620867500773e-08
36400.056 7.246240587799354e-08
36450.056 8.909314122601525e-08
36500.056 9.333232862099191e-08
36550.056 8.920092330602233e-08
36600.056 1.0433536610200895e-07
36650.056 1.0645159276697648e-07
36700.056 1.157805530249901e-07
36750.056 1.2019746323906842e-07
36800.056 1.1874557542700015e-07
36850.056 1.225824999319708e-07
36900.056 1.2278547440697945e-07
36950.056 1.413626856809781e-07
37000.056 1.3965447430799305e-07
37050.056 1.32314610603974e-07
37100.056 1.573041120570043e-07
37150.056 1.327967324779989e-07
37200.056 1.4716324494499034e-07
37250.056 1.609827958639775e-07
37300.056 1.415653554889443e-07
37350.056 1.3952952492202848e-07
37400.056 1.991886532919896e-07
37450.056 1.6874691791103104e-07
37500.056 1.7098394521497464e-07
37550.056 1.8486081495809807e-07
37600.056 1.93940578770995e-07
37650.056 1.721138450439858e-07
37700.056 2.283610173450309e-07
37750.056 1.8287505826898815e-07
37800.056 1.9591644849314767e-07
37850.056 1.679568936650029e-07
37900.056 1.6880849254705975e-07
37950.056 1.9604105941595544e-07
38000.056 2.332080584370276e-07
38050.056 2.3860080941003616e-07
38100.056 1.9920752422205428e-07
38150.056 2.6157451839098915e-07
38200.056 2.7627743817506944e-07
38250.056 2.624091355560371e-07
38300.056 3.0229979174197533e-07
38350.056 3.250754315669862e-07
38400.056 2.403856952369111e-07
38450.056 2.704994131940058e-07
38500.056 2.062603979610245e-07
38550.056 2.7521530068002563e-07
38600.056 3.0454850589502487e-07
38650.056 2.673352773299681e-07
38700.056 2.9429790963598587e-07
38750.056 3.1188419876503523e-07
38800.056 2.7976980934278186e-07
38850.056 2.65440814444013e-07
38900.056 3.3171769414206824e-07
38950.056 3.2914985946697273e-07
39000.056 3.3234347953298907e-07
39050.056 3.1881568979893516e-07
39100.056 3.325230794370742e-07
39150.056 3.134345236500044e-07
39200.056 3.6976578849600357e-07
39250.056 3.9650779610382363e-07
39300.056 3.3970710881778496e-07
39350.056 3.9666673453198585e-07
39400.056 3.7850332606208784e-07
39450.056 3.819207763379652e-07
39500.056 3.628606885331107e-07
39550.056 3.9931736937805446e-07
39600.056 4.0180945957485063e-07
39650.056 4.045376497509933e-07
39700.056 4.1834333966199766e-07
39750.056 3.6745632393902706e-07
39800.056 4.2542583415181445e-07
39850.056 4.528428595799694e-07
39900.056 4.398703983601014e-07
39950.056 4.307653805158453e-07
40000.056 4.925146283101052e-07
40050.056 4.347024125120223e-07
40100.056 4.5392949894200537e-07
40150.056 4.76242837099867e-07
40200.056 4.77159271569821e-07
40250.056 4.457280364298293e-07
40300.056 4.481818034200818e-07
40350.056 5.104426933360895e-07
40400.056 5.282088751219574e-07
40450.056 5.281136264061578e-07
40500.056 4.864623512700485e-07
40550.056 5.213002153219371e-07
40600.056 4.948283764401001e-07
40650.056 4.619398285648503e-07
40700.056 5.681109616900035e-07
40750.056 5.147864867398418e-07
40800.056 4.5977456627184997e-07
40850.056 5.259785996001184e-07
40900.056 5.182619774340735e-07
40950.056 5.04358134260041e-07
41000.056 5.241155902420403e-07
41050.056 5.611547665199243e-07
41100.056 5.109111805500552e-07
41150.056 4.5918649059894557e-07
41200.056 5.480775832559095e-07
41250.056 5.130652603409574e-07
41300.056 4.5436647171989e-07
41350.056 5.953187730800867e-07
41400.056 5.666874409961932e-07
41450.056 5.608053163002321e-07
41500.056 5.191985304599556e-07
41550.056 5.250214901970373e-07
41600.056 5.997026884850305e-07
41650.056 5.619191099600747e-07
41700.056 4.899716223918238e-07
41750.056 5.071274364899347e-07
41800.056 4.811064019999287e-07
41850.056 4.0655476416105735e-07
41900.056 4.2054906836398313e-07
41950.056 3.3634463352810607e-07
42000.056 3.542461966290718e-07
42050.056 3.2712654517591715e-07
42100.056 3.887994765890505e-07
42150.056 2.879427108388708e-07
42200.056 2.920394996369878e-07
42250.056 2.8026800145000553e-07
42300.056 2.457485871360454e-07
42350.056 3.0534364445908073e-07
42400.056 2.4877828880005546e-07
42450.056 2.415943335720405e-07
42500.056 2.5156522054803063e-07
42550.056 2.527916810910088e-07
42600.056 2.3235126088207492e-07
42650.056 2.0505207121991336e-07
42700.056 2.3577196071706073e-07
42750.056 2.1917364798998619e-07
42800.056 2.0370149311511564e-07
42850.056 2.3114765012394715e-07
42900.056 2.2929196388802673e-07
42950.056 2.2508730101588757e-07
43000.056 2.1911779545500594e-07
43050.056 2.0710301821211435e-07
43100.056 2.2966144413904213e-07
43150.056 2.0397462453606241e-07
43200.056 2.301564798400469e-07
43250.056 2.161101519229464e-07
43300.056 2.237123736800061e-07
43350.056 2.2416505075900771e-07
43400.056 2.1765158511600166e-07
43450.056 2.1997213193204766e-07
43500.056 2.0173690192598834e-07
43550.056 2.3485742462599888e-07
43600.056 2.2718773487600367e-07
43650.056 2.1828980587803537e-07
43700.056 2.2620391117091534e-07
43750.056 2.219529944830568e-07
43800.056 2.0010037662099017e-07
43850.056 2.291344346460516e-07
43900.056 2.3319966295699338e-07
43950.056 2.087535557970608e-07
44000.056 2.2066717770803088e-07
44050.056 2.4708480828404544e-07
44100.056 2.5356289919003786e-07
44150.056 2.3763097797192943e-07
44200.056 2.2407731970496508e-07
44250.056 2.528392703449812e-07
44300.056 2.39908614161023e-07
44350.056 2.3128998392904757e-07
44400.056 2.4914501688198937e-07
44450.056 2.5422307761198533e-07
44500.056 2.7806362025998754e-07
44550.056 2.628889259699515e-07
44600.056 2.6066724067003484e-07
44650.056 2.6748620760605025e-07
44700.056 2.5317909781001697e-07
44750.056 2.8096565061297583e-07
44800.056 3.030883147600135e-07
44850.056 2.7380211580005054e-07
44900.056 2.726046771240249e-07
44950.056 2.6711199772800344e-07
45000.056 3.0014623846997333e-07
45050.056 2.9327381187998204e-07
45100.056 2.9987065595797536e-07
45150.056 2.9976961395596966e-07
45200.056 2.875779993020369e-07
45250.056 2.900061607799397e-07
45300.056 2.972022935800387e-07
45350.056 3.151426995599895e-07
45400.056 3.219641164880316e-07
45450.056 2.912607694479496e-07
45500.056 3.0289860925097684e-07
45550.056 3.3181297707996404e-07
45600.056 3.1508284605999353e-07
45650.056 2.8012120484394495e-07
45700.056 3.3778614302704306e-07
45750.056 2.931787549819966e-07
45800.056 3.0964068192198927e-07
45850.056 3.5804276918997724e-07
45900.056 3.621438454200194e-07
45950.056 3.1081116901101187e-07
46000.056 3.5323224988400334e-07
46050.056 3.3890146810503677e-07
46100.056 3.129190982420305e-07
46150.056 3.3990377350300013e-07
46200.056 3.4849664214304706e-07
46250.056 2.9740956743297776e-07
46300.056 3.7566445854598573e-07
46350.056 3.2171510694997623e-07
46400.056 3.22032483659983e-07
46450.056 3.4492478161105484e-07
46500.056 3.184464058709825e-07
46550.056 3.915559696409693e-07
46600.056 3.6215190509602095e-07
46650.056 4.546738373099038e-07
46700.056 4.1525186626415634e-07
46750.056 3.303128838749563e-07
46800.056 3.5957909072905193e-07
46850.056 4.0236427453006306e-07
46900.056 3.818439243799349e-07
46950.056 4.1010407290203625e-07
47000.056 3.477966225649823e-07
47050.056 4.044087536478727e-07
47100.056 3.15653613389051e-07
47150.056 3.4049016029102135e-07
47200.056 3.690848870840528e-07
47250.056 3.333077144799909e-07
47300.056 3.4042658069692036e-07
47350.056 3.196875244599401e-07
47400.056 3.892208706099339e-07
47450.056 3.323721293639957e-07
47500.056 3.9057609332791447e-07
47550.056 3.377696902529653e-07
47600.056 3.7816846308996664e-07
47650.056 2.7615362941792095e-07
47700.056 3.9198772337606786e-07
47750.056 2.7213020442604983e-07
47800.056 3.9001099735394923e-07
47850.056 3.015685816999384e-07
47900.056 3.7452190053599954e-07
47950.056 2.774841245060417e-07
48000.056 4.126818286200391e-07
48050.056 3.304197311180237e-07
48100.056 3.5344100407599543e-07
48150.056 3.434724530900495e-07
48200.056 3.7893499772004925e-07
48250.056 3.2171170789598175e-07
48300.056 3.8868453191984e-07
48350.056 2.948264089440008e-07
48400.056 3.599458441609819e-07
48450.056 3.283854479120628e-07
48500.056 4.3134538264000866e-07
48550.056 3.0476230299602003e-07
48600.056 3.725642359299903e-07
48650.056 3.22570086499971e-07
48700.056 3.594484104930119e-07
48750.056 2.901256274150611e-07
48800.056 4.487216669710015e-07
48850.056 3.1255976279895305e-07
48900.056 3.973692187600349e-07
48950.056 3.779977924600478e-07
49000.056 3.2626833369991657e-07
49050.056 3.7942675751001706e-07
49100.056 3.5160622700404493e-07
49150.056 3.722412654950143e-07
49200.056 3.7078450877199973e-07
49250.056 3.8632156555002777e-07
49300.056 3.3420056472797627e-07
49350.056 3.330648795540145e-07
49400.056 3.881178484050311e-07
49450.056 3.4569970750810084e-07
49500.056 3.566139897399737e-07
49550.056 3.0316749443802874e-07
49600.056 3.591633809961044e-07
49650.056 3.677211653159803e-07
49700.056 3.221479630749233e-07
49750.056 4.085656482099161e-07
49800.056 3.50310488050016e-07
49850.056 4.465957638700705e-07
49900.056 3.5331571746202293e-07
49950.056 3.941653207799426e-07
50000.056 3.742109167099223e-07
50050.056 3.936614424500299e-07
50100.056 3.7844232803797383e-07
50150.056 3.144773023299876e-07
50200.056 2.710354414909914e-07
50250.056 3.8134206396996593e-07
50300.056 3.518481301899952e-07
50350.056 4.2993309244700933e-07
50400.056 3.7272809965898995e-07
50450.056 3.5446574333207793e-07
50500.056 4.0614017083006745e-07
50550.056 3.5574339971999773e-07
50600.056 3.826037567679892e-07
50650.056 3.9771190184011115e-07
50700.056 4.254705516698546e-07
50750.056 4.302475246560568e-07
50800.056 3.228148630659765e-07
50850.056 3.456828994180867e-07
50900.056 4.151900491600122e-07
50950.056 3.767695561200966e-07
51000.056 4.382771208650518e-07
51050.056 3.367368789940379e-07
51100.056 3.199224138839647e-07
51150.056 3.8783126353493315e-07
51200.056 4.16402623179994e-07
51250.056 3.8692414178588883e-07
51300.056 3.515956011531914e-07
51350.056 3.3908459468394017e-07
51400.056 2.910455356699478e-07
51450.056 2.5227821607691665e-07
51500.056 3.249095610260469e-07
51550.056 4.612223363240484e-07
51600.056 3.368067427590548e-07
51650.056 3.641289123399574e-07
51700.056 3.39519396162891e-07
51750.056 3.094623814760766e-07
51800.056 3.741834605898978e-07
51850.056 3.9017854409000586e-07
51900.056 4.2544188706413966e-07
51950.056 3.8922836755995803e-07
52000.056 2.9086053723799396e-07
52050.056 3.6728871972303147e-07
52100.056 3.156543619099157e-07
52150.056 3.223368225480269e-07
52200.056 2.842101746299826e-07
52250.056 3.16355413111028e-07
52300.056 3.92264720059996e-07
52350.056 3.887111946100435e-07
52400.056 2.8111776256300215e-07
52450.056 3.561052611000124e-07
52500.056 3.7196392814490956e-07
52550.056 3.930424309498647e-07
52600.056 3.4901760678006746e-07
52650.056 3.841274662631045e-07
52700.056 3.637618919279894e-07
52750.056 2.8614136394697057e-07
52800.056 3.3235869054004095e-07
52850.056 3.122706579069422e-07
52900.056 3.3079162501408296e-07
52950.056 3.364792220479596e-07
53000.056 3.733042639509765e-07
53050.056 2.944068612198976e-07
53100.056 2.7932890574590293e-07
53150.056 3.9532711597004765e-07
53200.056 2.792577027879978e-07
53250.056 4.0643414961001384e-07
53300.056 3.841503926861881e-07
53350.056 3.7886554009996945e-07
53400.056 3.834807827300597e-07
53450.056 2.8718419300003364e-07
53500.056 2.504221228159107e-07
