galfind/configs/Brown_Dwarf_templates/sonora_bobcat/m+0.5/10g/sp_t2100g10nc_m+0.5_resample.dat
# %ECSV 1.0
# ---
# datatype:
# - {name: wav, unit: Angstrom, datatype: float64}
# - {name: flux_nu, unit: erg / (cm2 Hz s), datatype: float64}
# meta: {C/O: '1.00', Kzz: '1.0000E+05', Teff: '2100.', Y: '0.28', '[Fe/H]': '0.50', f_hole: '1.00', f_rain: '0.00', grav: '10.'}
# schema: astropy-2.0
wav flux_nu
4000.0559999999996 nan
4050.0559999999996 7.027363270685152e-09
4100.056 6.10630962197935e-09
4150.056 4.476402169690929e-09
4200.056 3.2834356595108104e-09
4250.056 2.871568525761916e-09
4300.056 1.774267439560559e-09
4350.056 2.060713660779786e-09
4400.056 1.9821268709904363e-09
4450.056 1.083611671662048e-09
4500.056 1.310050037275122e-09
4550.056 1.700742816299479e-09
4600.056 1.4236648623336285e-09
4650.056 1.0727720966692736e-09
4700.056 1.3152003767206067e-09
4750.056 1.8040895972602936e-09
4800.056 1.3171086465850773e-09
4850.056 1.6576952931404422e-09
4900.056 3.644183500429144e-09
4950.056 4.432860501650402e-09
5000.056 2.336579095320415e-09
5050.056 2.954230517271192e-09
5100.056 7.059286455890899e-09
5150.056 8.459261518132637e-09
5200.056 4.003628666960497e-09
5250.056 4.908944968079576e-09
5300.056 6.0922339636204984e-09
5350.056 5.59045339530097e-09
5400.056 6.479687314799739e-09
5450.056 5.3738341950590806e-09
5500.056 4.5751256381493e-09
5550.056 6.509263041399164e-09
5600.056 4.823824672400152e-09
5650.056 4.38061428580041e-09
5700.056 5.9843664167005336e-09
5750.056 6.716896201399395e-09
5800.056 9.094697132799663e-09
5850.056 7.236227215200592e-09
5900.056 2.556169699752887e-09
5950.056 5.627597816400182e-09
6000.056 8.138218771699617e-09
6050.056 1.1959144243700927e-08
6100.056 1.5274038271800204e-08
6150.056 1.4939749613496868e-08
6200.056 7.8160979999004e-09
6250.056 8.56795190900069e-09
6300.056 1.2439472732500265e-08
6350.056 1.6355779040401156e-08
6400.056 2.070422593730138e-08
6450.056 2.7834941286091577e-08
6500.056 2.692978811689377e-08
6550.056 3.421193541698987e-08
6600.056 2.7393583208002903e-08
6650.056 2.204200063670284e-08
6700.056 1.8528382234951142e-08
6750.056 2.1194014255002877e-08
6800.056 2.4155186636000707e-08
6850.056 3.236295663099867e-08
6900.056 4.465830938999866e-08
6950.056 6.088809968298901e-08
7000.056 8.659405605799053e-08
7050.056 7.808273065911153e-08
7100.056 4.349580695919508e-08
7150.056 3.114077986100562e-08
7200.056 4.486592811099621e-08
7250.056 6.648436883300542e-08
7300.056 1.1555699774502263e-07
7350.056 1.785760949379931e-07
7400.056 2.413290926310034e-07
7450.056 2.723361041909449e-07
7500.056 3.138234083129974e-07
7550.056 3.653130424600139e-07
7600.056 2.618906882859795e-07
7650.056 1.294311191784939e-07
7700.056 9.867881121519429e-08
7750.056 1.487354012240475e-07
7800.056 1.6964152744504848e-07
7850.056 1.7394487404999292e-07
7900.056 1.9941830602703567e-07
7950.056 2.0863632624362347e-07
8000.056 2.4820109202496164e-07
8050.056 3.638026841209331e-07
8100.056 5.370948058101399e-07
8150.056 7.737848790400799e-07
8200.056 6.683376546459019e-07
8250.056 6.286711356600008e-07
8300.056 4.926495483701246e-07
8350.056 5.234817570901721e-07
8400.056 5.37895924520116e-07
8450.056 2.951709669089108e-07
8500.056 2.6268741983511656e-07
8550.056 3.332487025100122e-07
8600.056 4.141675375998577e-07
8650.056 5.468957729599726e-07
8700.056 6.716978004601891e-07
8750.056 8.484631182899499e-07
8800.056 1.1109476588403548e-06
8850.056 1.0698612254400533e-06
8900.056 7.584337155498879e-07
8950.056 8.247888196598521e-07
9000.056 1.0150413817301402e-06
9050.056 1.122414402799577e-06
9100.056 1.4026541962000997e-06
9150.056 1.6186199953900092e-06
9200.056 1.511738577740058e-06
9250.056 9.280764474197718e-07
9300.056 7.741219676600594e-07
9350.056 8.902157198698097e-07
9400.056 1.0022505338902654e-06
9450.056 1.1177851903897122e-06
9500.056 1.3430053631798174e-06
9550.056 1.5360416079304092e-06
9600.056 1.6532978635504601e-06
9650.056 1.87828913022053e-06
9700.056 2.0410858098897237e-06
9750.056 1.6181089422499821e-06
9800.056 1.817898686149901e-06
9850.056 1.8007588210799449e-06
9900.056 1.9079511790301195e-06
9950.056 2.036826889380109e-06
10000.056 2.1105020929998164e-06
10050.056 2.0100814866003596e-06
10100.056 2.3289664627510008e-06
10150.056 2.2302817892594665e-06
10200.056 2.3786338003494004e-06
10250.056 2.3681727837990457e-06
10300.056 2.4305873833997243e-06
10350.056 2.7024642485996602e-06
10400.056 2.7964640044002177e-06
10450.056 3.002772825040126e-06
10500.056 2.9314940162994953e-06
10550.056 2.957582043160556e-06
10600.056 3.122966904920585e-06
10650.056 3.3619008023196326e-06
10700.056 3.660710820250183e-06
10750.056 3.898273218780032e-06
10800.056 4.0051818703898485e-06
10850.056 4.237501158709887e-06
10900.056 4.032678055909702e-06
10950.056 3.792537613709084e-06
11000.056 3.7223389245901796e-06
11050.056 2.7961203224094206e-06
11100.056 3.0209111134707662e-06
11150.056 3.121818588049519e-06
11200.056 3.1606723083200938e-06
11250.056 3.4776664560099374e-06
11300.056 3.5410813118102213e-06
11350.056 3.3538088296398895e-06
11400.056 3.3708437937402605e-06
11450.056 3.549496508988938e-06
11500.056 3.774769265149302e-06
11550.056 3.7116249221501588e-06
11600.056 3.804089891719066e-06
11650.056 3.998937510660607e-06
11700.056 3.8116218380098072e-06
11750.056 3.7943706501198413e-06
11800.056 3.797728655409911e-06
11850.056 4.034442890660205e-06
11900.056 4.027610168389109e-06
11950.056 4.2112788844597516e-06
12000.056 4.225721575040272e-06
12050.056 4.420121593920693e-06
12100.056 4.508475723300058e-06
12150.056 4.721694396599834e-06
12200.056 4.912563322899755e-06
12250.056 5.073400445999225e-06
12300.056 5.181169187800801e-06
12350.056 5.285145883200529e-06
12400.056 5.160583701299507e-06
12450.056 4.6967177662599245e-06
12500.056 5.040968314099375e-06
12550.056 5.072199126749825e-06
12600.056 4.91536254480001e-06
12650.056 5.1922819227994895e-06
12700.056 5.3418211838995495e-06
12750.056 5.3251976282004365e-06
12800.056 5.619737825399492e-06
12850.056 5.617739712000064e-06
12900.056 5.642976915399991e-06
12950.056 5.858186257798688e-06
13000.056 5.921330667699304e-06
13050.056 5.945961756509686e-06
13100.056 5.874557633379167e-06
13150.056 5.897804369079871e-06
13200.056 5.728808810399557e-06
13250.056 5.517126217930152e-06
13300.056 4.916216408499285e-06
13350.056 3.563129406900407e-06
13400.056 3.43632022456984e-06
13450.056 3.11538818400973e-06
13500.056 3.1635972967096984e-06
13550.056 3.032148834211738e-06
13600.056 2.703992788999928e-06
13650.056 2.826226916340035e-06
13700.056 2.5780868867600744e-06
13750.056 2.547071586889391e-06
13800.056 2.806865563950816e-06
13850.056 2.849031220709666e-06
13900.056 2.8035652535500134e-06
13950.056 2.697340563109754e-06
14000.056 2.550522721800062e-06
14050.056 2.5717050927809243e-06
14100.056 2.410872074780453e-06
14150.056 2.3508924447803574e-06
14200.056 2.2703460222604914e-06
14250.056 2.2527960051292056e-06
14300.056 2.2727868119095886e-06
14350.056 2.2793637892103005e-06
14400.056 2.3835404000402164e-06
14450.056 2.503897349280192e-06
14500.056 2.64937330828967e-06
14550.056 2.666944304200037e-06
14600.056 2.733613284730842e-06
14650.056 2.704126991239132e-06
14700.056 2.5578097485995766e-06
14750.056 2.6744576319603724e-06
14800.056 2.7214572101206477e-06
14850.056 2.871237852789271e-06
14900.056 2.912640437569865e-06
14950.056 2.930452840240507e-06
15000.056 2.993801274410584e-06
15050.056 3.209327965929355e-06
15100.056 3.2040109834305374e-06
15150.056 3.3478541160602056e-06
15200.056 3.421992925879769e-06
15250.056 3.4213103365097525e-06
15300.056 3.5806933648399542e-06
15350.056 3.6515362701301985e-06
15400.056 3.7434168632200967e-06
15450.056 3.885080653600353e-06
15500.056 3.939663248049299e-06
15550.056 4.114532938599826e-06
15600.056 4.10543466640052e-06
15650.056 4.2527093196999994e-06
15700.056 4.4768372353014325e-06
15750.056 4.602296161799679e-06
15800.056 4.661060675100708e-06
15850.056 4.764369211500165e-06
15900.056 4.841399332600611e-06
15950.056 4.991175499999812e-06
16000.056 5.090347142199506e-06
16050.056 5.239486166299997e-06
16100.056 5.3260869848002055e-06
16150.056 5.417081315700364e-06
16200.056 5.52658254899955e-06
16250.056 5.642876240699984e-06
16300.056 5.680983372200031e-06
16350.056 5.884057640199642e-06
16400.056 5.939965692800878e-06
16450.056 6.065132530400268e-06
16500.056 6.156606760800972e-06
16550.056 6.312626560799707e-06
16600.056 6.2063813167007995e-06
16650.056 6.562891661400422e-06
16700.056 6.495734617999144e-06
16750.056 6.634448390499227e-06
16800.056 6.75895209960022e-06
16850.056 6.71279054969974e-06
16900.056 6.679235001599502e-06
16950.056 6.60615011350001e-06
17000.056 6.533179371900899e-06
17050.056 6.454189591600195e-06
17100.056 6.148197989399903e-06
17150.056 5.986911616999262e-06
17200.056 5.682124908559796e-06
17250.056 5.541529478649941e-06
17300.056 5.650930686859562e-06
17350.056 5.381102293909276e-06
17400.056 5.5704848758903415e-06
17450.056 5.254444827327709e-06
17500.056 5.123288709179058e-06
17550.056 5.123101336359808e-06
17600.056 4.9685335404503285e-06
17650.056 5.002791399718852e-06
17700.056 4.6437592792792216e-06
17750.056 4.436262911660374e-06
17800.056 4.401853459591138e-06
17850.056 4.3118032101506e-06
17900.056 4.256329006869975e-06
17950.056 4.149354697199089e-06
18000.056 3.91387852939005e-06
18050.056 3.942232303251994e-06
18100.056 3.8022154384103206e-06
18150.056 4.06861680882147e-06
18200.056 3.6492465819701945e-06
18250.056 3.944205159339141e-06
18300.056 3.867844818579568e-06
18350.056 3.721252714540569e-06
18400.056 3.6578497787200897e-06
18450.056 3.4152453290919932e-06
18500.056 3.444156677790827e-06
18550.056 3.3624981677801917e-06
18600.056 2.9487305673681445e-06
18650.056 3.3234724853508127e-06
18700.056 3.4931220125304386e-06
18750.056 3.346568053081794e-06
18800.056 3.3400330514315535e-06
18850.056 3.7302171040397e-06
18900.056 3.632019063108718e-06
18950.056 3.572147438489762e-06
19000.056 3.787124367929192e-06
19050.056 3.7292451307400047e-06
19100.056 3.7314486744414127e-06
19150.056 3.891928704149672e-06
19200.056 3.890505255991105e-06
19250.056 3.736929766778902e-06
19300.056 3.835098431209379e-06
19350.056 3.943159038929857e-06
19400.056 3.788018466918742e-06
19450.056 3.913372181950826e-06
19500.056 3.928352763749511e-06
19550.056 3.656558524990995e-06
19600.056 4.0166489022493745e-06
19650.056 3.918566614507788e-06
19700.056 3.985537269090481e-06
19750.056 3.8218010466503e-06
19800.056 3.914238746959394e-06
19850.056 3.852264927801842e-06
19900.056 3.680464119621455e-06
19950.056 3.974727407049904e-06
20000.056 3.6112730250308285e-06
20050.056 3.7358207055814008e-06
20100.056 3.885125308447605e-06
20150.056 3.75292839597079e-06
20200.056 3.8412249346386025e-06
20250.056 3.985612378750483e-06
20300.056 3.954619516710289e-06
20350.056 3.957864332679794e-06
20400.056 3.9233247864780985e-06
20450.056 4.153777034779807e-06
20500.056 4.068441017850261e-06
20550.056 4.165897012759736e-06
20600.056 4.346008393660667e-06
20650.056 4.231042870941115e-06
20700.056 4.373695648539897e-06
20750.056 4.408472340319313e-06
20800.056 4.53716291530037e-06
20850.056 4.557384495179952e-06
20900.056 4.678261968499727e-06
20950.056 4.7279000073998375e-06
21000.056 4.920950028199599e-06
21050.056 4.901988846000261e-06
21100.056 4.976164415100007e-06
21150.056 5.19715354010029e-06
21200.056 5.154707656300542e-06
21250.056 5.34388404039941e-06
21300.056 5.218596747499753e-06
21350.056 5.503994338800296e-06
21400.056 5.373400568500466e-06
21450.056 5.765125160100085e-06
21500.056 5.555625046000309e-06
21550.056 5.675353240299654e-06
21600.056 5.821067939900547e-06
21650.056 5.808808729700523e-06
21700.056 6.0081850317996245e-06
21750.056 5.942234247399898e-06
21800.056 5.9434235241998844e-06
21850.056 6.028447208499812e-06
21900.056 6.146769992400711e-06
21950.056 6.098652173800471e-06
22000.056 6.308609814399553e-06
22050.056 6.177445145399282e-06
22100.056 6.33369287789983e-06
22150.056 6.377432224200543e-06
22200.056 6.23829055760133e-06
22250.056 6.533359680000395e-06
22300.056 6.479485564299516e-06
22350.056 6.3910621019003394e-06
22400.056 6.639634852600254e-06
22450.056 6.586449200299122e-06
22500.056 6.679987139699694e-06
22550.056 6.61587494019886e-06
22600.056 6.606977804799661e-06
22650.056 6.679704825501453e-06
22700.056 6.660754453701398e-06
22750.056 6.819012468799454e-06
22800.056 6.65034992469998e-06
22850.056 6.7276050910007315e-06
22900.056 6.901585178099316e-06
22950.056 5.703210344270801e-06
23000.056 6.270572597230498e-06
23050.056 6.391911821228822e-06
23100.056 6.220018420580217e-06
23150.056 6.2841098709310486e-06
23200.056 6.36161320562006e-06
23250.056 5.5641407146581005e-06
23300.056 5.893082081860498e-06
23350.056 5.9442069282398496e-06
23400.056 5.803269141520112e-06
23450.056 5.937290144809745e-06
23500.056 5.645548977348556e-06
23550.056 5.245802132142073e-06
23600.056 5.423756178821333e-06
23650.056 5.664979371049128e-06
23700.056 5.668190841578316e-06
23750.056 5.559156986540492e-06
23800.056 5.519625001731059e-06
23850.056 4.815305615110393e-06
23900.056 5.160935868109397e-06
23950.056 5.2313251483818166e-06
24000.056 5.028570051629463e-06
24050.056 4.9103590158309695e-06
24100.056 4.601735298268563e-06
24150.056 4.490004990780703e-06
24200.056 4.5686654640886565e-06
24250.056 4.5113317426510385e-06
24300.056 4.246079405890121e-06
24350.056 4.172189638090014e-06
24400.056 4.415810169329727e-06
24450.056 4.17391779649029e-06
24500.056 3.864519625180001e-06
24550.056 3.8846416770793165e-06
24600.056 3.84909509983094e-06
24650.056 4.095963967999314e-06
24700.056 3.6979701978798464e-06
24750.056 3.5679436372611055e-06
24800.056 3.4294336015205733e-06
24850.056 3.7676144799601447e-06
24900.056 3.331288402632027e-06
24950.056 3.783789551739417e-06
25000.056 3.4009430154001364e-06
25050.056 3.139814579510686e-06
25100.056 3.406233702029799e-06
25150.056 3.123329797950807e-06
25200.056 3.288073647129033e-06
25250.056 3.2449271974690215e-06
25300.056 3.246260344540327e-06
25350.056 3.0307090738599437e-06
25400.056 3.078654855311336e-06
25450.056 3.034063515590514e-06
25500.056 3.1430797508910897e-06
25550.056 2.9243168933499494e-06
25600.056 3.026853396010298e-06
25650.056 2.862503360429909e-06
25700.056 3.1554600442085336e-06
25750.056 2.7981334180605987e-06
25800.056 3.066470446850436e-06
25850.056 2.94584960044961e-06
25900.056 3.074306820420765e-06
25950.056 2.9534577994605285e-06
26000.056 2.9369875768006327e-06
26050.056 3.3160645565304583e-06
26100.056 3.063156938160963e-06
26150.056 3.1284531125991483e-06
26200.056 2.9552675429403994e-06
26250.056 2.944639756291168e-06
26300.056 3.0581274375400177e-06
26350.056 2.866823967039426e-06
26400.056 2.9778354515592286e-06
26450.056 2.9187651178705007e-06
26500.056 3.024054136028847e-06
26550.056 3.136170460459131e-06
26600.056 3.396924237449044e-06
26650.056 3.0703546774591292e-06
26700.056 3.0864856732894663e-06
26750.056 3.0896666114389896e-06
26800.056 3.1464635912787882e-06
26850.056 3.11045572571049e-06
26900.056 3.3379324781402014e-06
26950.056 2.712768593180491e-06
27000.056 3.2146443127212684e-06
27050.056 2.957974693339158e-06
27100.056 2.9250821923898066e-06
27150.056 2.97861808211967e-06
27200.056 2.966974567860852e-06
27250.056 2.8257907345015784e-06
27300.056 2.8302570670999207e-06
27350.056 2.90065663809899e-06
27400.056 2.737424403800348e-06
27450.056 2.968659394998809e-06
27500.056 2.804127275900372e-06
27550.056 2.915266758900094e-06
27600.056 2.9233317228996054e-06
27650.056 2.6223850223997633e-06
27700.056 2.733617697000557e-06
27750.056 2.953689397998104e-06
27800.056 2.4842109063999226e-06
27850.056 2.7254196610989727e-06
27900.056 2.6902553736001445e-06
27950.056 2.861484626999559e-06
28000.056 2.8875759389006203e-06
28050.056 2.5480169007003924e-06
28100.056 2.9708824726014994e-06
28150.056 2.601503141100243e-06
28200.056 2.379770355900308e-06
28250.056 2.6043500246999435e-06
28300.056 2.8806336025006555e-06
28350.056 2.7776098892990535e-06
28400.056 2.6357951953001362e-06
28450.056 2.561412187599451e-06
28500.056 2.68491175629953e-06
28550.056 2.4886837825991846e-06
28600.056 2.8329109845004026e-06
28650.056 2.804075323399525e-06
28700.056 2.6250885334991352e-06
28750.056 2.7820594497998356e-06
28800.056 2.696370644700491e-06
28850.056 2.7976146607000096e-06
28900.056 2.6338468289004097e-06
