galfind/configs/Brown_Dwarf_templates/sonora_bobcat/m+0.5/10g/sp_t375g10nc_m+0.5_resample.dat
# %ECSV 1.0
# ---
# datatype:
# - {name: wav, unit: Angstrom, datatype: float64}
# - {name: flux_nu, unit: erg / (cm2 Hz s), datatype: float64}
# meta: {C/O: '1.00', Kzz: '1.0000E+05', Teff: '375.', Y: '0.28', '[Fe/H]': '0.50', f_hole: '1.00', f_rain: '0.00', grav: '10.'}
# schema: astropy-2.0
wav flux_nu
4000.0559999999996 nan
4050.0559999999996 2.467826582383387e-18
4100.056 2.3043255938300453e-16
4150.056 2.268107337070014e-15
4200.056 2.3681406956502207e-15
4250.056 2.384813769000017e-14
4300.056 5.897965740499996e-14
4350.056 1.155805219530002e-13
4400.056 1.982402492499987e-13
4450.056 3.2379760040999767e-13
4500.056 5.00791089030003e-13
4550.056 5.121896736536994e-13
4600.056 1.3829574886351896e-13
4650.056 7.311867973599979e-14
4700.056 3.1952636240999876e-14
4750.056 1.0797728858699852e-14
4800.056 4.745161682799961e-15
4850.056 2.0271734506999854e-15
4900.056 1.1059802888700004e-15
4950.056 7.357044303000003e-16
5000.056 4.718375873199944e-16
5050.056 3.2871001649299807e-16
5100.056 3.736425781750095e-16
5150.056 4.4821725267002e-16
5200.056 5.300312624300057e-16
5250.056 6.08615498260001e-16
5300.056 6.970690053099993e-16
5350.056 7.992122551000021e-16
5400.056 8.873251811999994e-16
5450.056 1.0101903878500242e-15
5500.056 1.1645674964400387e-15
5550.056 1.3364822048000117e-15
5600.056 1.5037206253999994e-15
5650.056 1.6522236161999872e-15
5700.056 1.6790665003800035e-15
5750.056 1.7195704076500005e-15
5800.056 1.5849379242699968e-15
5850.056 1.125927529379961e-15
5900.056 3.22203308033912e-16
5950.056 2.054084337380489e-15
6000.056 4.377776997037718e-15
6050.056 8.035259036560429e-15
6100.056 1.3335677274500292e-14
6150.056 2.0321359800000262e-14
6200.056 2.9658413711000276e-14
6250.056 3.9801741488100024e-14
6300.056 5.5620076010600075e-14
6350.056 7.457902679200112e-14
6400.056 9.619747706800187e-14
6450.056 1.0605711634638287e-13
6500.056 1.3921678399614004e-13
6550.056 1.9249038788867408e-13
6600.056 2.69252739686461e-13
6650.056 3.7985031366650467e-13
6700.056 5.171083935020014e-13
6750.056 7.200677236300097e-13
6800.056 8.637287141300354e-13
6850.056 9.252355440400072e-13
6900.056 7.407180148917157e-13
6950.056 5.518047674008795e-13
7000.056 6.239043008249416e-13
7050.056 6.225236057526561e-13
7100.056 6.627160564375382e-13
7150.056 5.016447534200223e-13
7200.056 3.8706970336692364e-13
7250.056 4.84136150773841e-13
7300.056 5.257165807757752e-13
7350.056 6.535743737220376e-13
7400.056 7.997914328298187e-13
7450.056 1.0314728369843093e-12
7500.056 1.2430527747129235e-12
7550.056 1.4451170368199708e-12
7600.056 1.5399095337299971e-12
7650.056 6.900923018421783e-13
7700.056 5.73458541095013e-13
7750.056 2.002279720900011e-12
7800.056 2.5317342976538906e-12
7850.056 3.2043135054219953e-12
7900.056 3.957384482692623e-12
7950.056 4.25686487787665e-12
8000.056 4.944493382522461e-12
8050.056 5.533784088530833e-12
8100.056 3.908930479010874e-12
8150.056 3.639177797051963e-12
8200.056 5.8413857352410335e-12
8250.056 6.652343928694789e-12
8300.056 7.807105129328268e-12
8350.056 5.757063050794925e-12
8400.056 5.882123819701421e-12
8450.056 7.887515118594308e-12
8500.056 9.006612330492415e-12
8550.056 1.2008939880815301e-11
8600.056 1.5217212797740172e-11
8650.056 1.7092030444600873e-11
8700.056 1.4484781676700824e-11
8750.056 1.5056402792099978e-11
8800.056 1.2308363640315309e-11
8850.056 5.815405792036501e-12
8900.056 1.2801375309666997e-13
8950.056 3.4069623623116255e-13
9000.056 1.4455401978566754e-13
9050.056 1.0757238574899716e-12
9100.056 1.9187862005704137e-12
9150.056 4.188446278844512e-12
9200.056 1.4982819202299102e-11
9250.056 1.9731862555347093e-11
9300.056 1.4609634643200228e-12
9350.056 1.6721916218695112e-12
9400.056 4.248980712883659e-12
9450.056 5.2460133340355205e-12
9500.056 4.0515325960353864e-12
9550.056 5.085486172694796e-12
9600.056 4.184896794487316e-12
9650.056 6.501923487644901e-12
9700.056 1.1068731901833399e-11
9750.056 8.674865928205029e-12
9800.056 6.822955939544501e-12
9850.056 6.5346027904357864e-12
9900.056 8.458822217738358e-12
9950.056 4.179033477717421e-12
10000.056 6.132357541796195e-12
10050.056 3.802561833618775e-12
10100.056 7.064667463273345e-12
10150.056 6.382414907050338e-12
10200.056 7.124025885205327e-12
10250.056 9.503010783715661e-12
10300.056 1.5150706954815755e-11
10350.056 2.5491420878955773e-11
10400.056 7.678179048798489e-11
10450.056 1.6220695770541618e-10
10500.056 2.968419577148087e-10
10550.056 5.150160973806317e-10
10600.056 6.820102488877621e-10
10650.056 7.975340455193078e-10
10700.056 7.629891445163219e-10
10750.056 8.269572327639028e-10
10800.056 6.970970073280812e-10
10850.056 4.660901718652772e-10
10900.056 2.178958521486621e-10
10950.056 7.879825506337891e-11
11000.056 4.8054773215027837e-11
11050.056 2.1271373779392462e-11
11100.056 7.237354577244779e-12
11150.056 1.3757479954109392e-12
11200.056 3.465119397091498e-13
11250.056 3.198873587249109e-13
11300.056 1.3176040640469565e-12
11350.056 2.6258185341681213e-13
11400.056 5.754610670919939e-13
11450.056 6.080448469768804e-13
11500.056 2.559056649269563e-13
11550.056 1.8088189252253373e-14
11600.056 1.687739023132942e-14
11650.056 1.1749335687312096e-13
11700.056 9.446248251148855e-14
11750.056 6.814198382047833e-15
11800.056 9.022170700007578e-14
11850.056 1.585247511141805e-13
11900.056 1.1755807510728744e-13
11950.056 2.63348925842637e-13
12000.056 6.763582048363377e-13
12050.056 1.8438646080906423e-12
12100.056 5.42876743662085e-12
12150.056 1.2841569931618515e-11
12200.056 2.280273293207147e-11
12250.056 5.6902773040703396e-11
12300.056 1.3889760636890377e-10
12350.056 1.604847245558038e-10
12400.056 3.770615490922824e-10
12450.056 7.220961347957548e-10
12500.056 9.122763470457274e-10
12550.056 1.3518839425914963e-09
12600.056 1.8459126597638877e-09
12650.056 2.0878863970683495e-09
12700.056 2.107728700373878e-09
12750.056 1.290237503376622e-09
12800.056 7.51586884735675e-10
12850.056 3.3765178032642784e-10
12900.056 2.1013779024037273e-10
12950.056 1.3411466559890688e-10
13000.056 9.500913115309043e-11
13050.056 4.154436320527023e-11
13100.056 3.043538502284316e-11
13150.056 1.4749801764162125e-11
13200.056 1.0867199060857924e-11
13250.056 8.537534998325996e-12
13300.056 2.7754305129474117e-12
13350.056 6.301125915903805e-13
13400.056 6.546265341032354e-13
13450.056 1.749030689595381e-13
13500.056 5.929733705956214e-14
13550.056 2.395568271555836e-14
13600.056 1.962989513552209e-15
13650.056 2.84560212068688e-14
13700.056 1.479186678106515e-14
13750.056 1.9897344958088657e-14
13800.056 1.1756719156495188e-14
13850.056 6.344680662615794e-15
13900.056 1.7837285664572322e-14
13950.056 7.727395158020444e-15
14000.056 9.642643399279664e-15
14050.056 2.2943210564965672e-14
14100.056 3.471167514090036e-14
14150.056 8.921009348186652e-14
14200.056 4.7523447043034395e-14
14250.056 9.666872993100015e-14
14300.056 2.0087056157797723e-13
14350.056 2.8182420129420713e-13
14400.056 3.5353771246300237e-13
14450.056 6.403820283773849e-13
14500.056 1.5242987656648808e-12
14550.056 1.7723397882849978e-12
14600.056 1.7532671458050351e-12
14650.056 8.366843973765135e-13
14700.056 4.115660326926598e-13
14750.056 1.3801592848407338e-13
14800.056 3.7746362175449756e-13
14850.056 6.789397196676441e-13
14900.056 6.781168427143445e-13
14950.056 3.9226517376590807e-13
15000.056 1.1462798347800766e-12
15050.056 9.79465003551391e-13
15100.056 5.3843247454235e-13
15150.056 4.3591862762700354e-13
15200.056 9.561909547241441e-13
15250.056 2.6942806824461422e-12
15300.056 3.4987415057383847e-12
15350.056 6.5135654042922695e-12
15400.056 1.0089446011197525e-11
15450.056 1.4879348951388373e-11
15500.056 1.6589777966753965e-11
15550.056 3.8017942532534894e-11
15600.056 4.8534007412560633e-11
15650.056 9.811481018834751e-11
15700.056 1.6826101155663798e-10
15750.056 2.5200253626040176e-10
15800.056 2.799181123968149e-10
15850.056 3.6322632889338623e-10
15900.056 3.3361114315408916e-10
15950.056 2.8539232425774354e-10
16000.056 1.8953292408215754e-10
16050.056 7.881082493593688e-11
16100.056 4.661875646380054e-11
16150.056 2.163954954485151e-11
16200.056 1.0160181163831237e-11
16250.056 5.73262097903952e-12
16300.056 2.8935261559395642e-12
16350.056 3.147041441581544e-12
16400.056 4.128353440155074e-12
16450.056 2.748791594914706e-12
16500.056 1.942526158003336e-12
16550.056 2.3427377754826503e-12
16600.056 3.819755276573741e-12
16650.056 2.9671048880719043e-12
16700.056 2.763102957001806e-13
16750.056 1.225798740202647e-12
16800.056 2.281685380080312e-12
16850.056 3.014333788396551e-12
16900.056 1.1138314940737935e-12
16950.056 4.857734891831014e-13
17000.056 2.2816218287879416e-13
17050.056 5.213440527076111e-13
17100.056 9.798516337093183e-13
17150.056 4.577153195377903e-13
17200.056 2.828329837248631e-12
17250.056 1.4249108080777516e-12
17300.056 6.982805095865168e-13
17350.056 7.68028167601071e-13
17400.056 1.849421181787785e-12
17450.056 3.0126708205740276e-12
17500.056 4.407658875498078e-12
17550.056 3.935083429906823e-12
17600.056 3.198189857652604e-12
17650.056 2.9552486707528997e-12
17700.056 1.832583643369192e-12
17750.056 2.5303889951542753e-12
17800.056 9.934204146840711e-12
17850.056 3.0703261618292326e-12
17900.056 2.3470543674645978e-12
17950.056 2.2286635652802804e-12
18000.056 3.393039955595371e-12
18050.056 4.098891149402659e-12
18100.056 5.819008725275182e-12
18150.056 3.8977736128604475e-12
18200.056 3.2921403648685226e-12
18250.056 1.1659930940172646e-11
18300.056 2.4263033074940853e-12
18350.056 1.5650997563530007e-12
18400.056 1.0230600494298065e-12
18450.056 6.7765433537891064e-12
18500.056 6.125974902847461e-12
18550.056 3.3010477051066e-12
18600.056 6.539977914253908e-12
18650.056 4.698417182321484e-12
18700.056 8.303705465037052e-13
18750.056 2.377112091592872e-12
18800.056 1.2321942885843639e-11
18850.056 1.2730290769637535e-11
18900.056 1.137349550189852e-11
18950.056 1.6675107784725833e-11
19000.056 4.014598638557108e-12
19050.056 1.8776539966215145e-12
19100.056 4.454737837266557e-12
19150.056 2.024120941946783e-12
19200.056 2.7852456713713852e-12
19250.056 2.5233647261810784e-12
19300.056 1.346378255016651e-12
19350.056 1.2747145200874342e-12
19400.056 1.1851134606722955e-12
19450.056 2.369657656471126e-12
19500.056 1.015564159486033e-12
19550.056 1.9145516402362233e-12
19600.056 7.668161489171635e-12
19650.056 4.3194974723775096e-12
19700.056 4.90808515511848e-12
19750.056 9.688106835092784e-12
19800.056 5.663028083604884e-12
19850.056 8.162476370207081e-12
19900.056 1.1671015312367823e-11
19950.056 1.857500481413806e-11
20000.056 2.5292527857222438e-11
20050.056 1.8007817531291782e-11
20100.056 3.7411059587992544e-11
20150.056 1.5073067873877587e-11
20200.056 1.0876972716580187e-11
20250.056 2.937179349204038e-11
20300.056 3.934812037658416e-11
20350.056 5.1456330691132405e-11
20400.056 3.5847195199005846e-11
20450.056 6.795617175020012e-11
20500.056 1.0256982445391375e-10
20550.056 1.403083877159964e-10
20600.056 1.519374348192841e-10
20650.056 2.2877769305239477e-10
20700.056 2.626158965372602e-10
20750.056 3.6817146533857634e-10
20800.056 3.42237483701068e-10
20850.056 3.97429794540948e-10
20900.056 4.892999042931941e-10
20950.056 4.414810213611483e-10
21000.056 4.191947033371209e-10
21050.056 4.737776711401277e-10
21100.056 4.1059064196477097e-10
21150.056 4.395547474435903e-10
21200.056 3.811616319308165e-10
21250.056 3.249470341183997e-10
21300.056 2.193405885912295e-10
21350.056 2.3888675806764057e-10
21400.056 2.0611485820000594e-10
21450.056 1.3289044499047774e-10
21500.056 1.136127446288989e-10
21550.056 9.498844582806004e-11
21600.056 6.680332191052436e-11
21650.056 4.873408801199418e-11
21700.056 3.5040927116604815e-11
21750.056 4.054875511118443e-11
21800.056 2.544450177518441e-11
21850.056 2.6042173958745966e-11
21900.056 1.593211361691633e-11
21950.056 3.3846280411203813e-12
22000.056 4.953145204402207e-13
22050.056 5.771682513219497e-13
22100.056 2.8014974398787976e-12
22150.056 3.101581472965083e-12
22200.056 3.1797726920487323e-12
22250.056 2.4386827138684946e-12
22300.056 1.0045645134348216e-12
22350.056 1.5352783511459004e-12
22400.056 4.94531012564631e-13
22450.056 6.686011707797467e-13
22500.056 5.061534542478256e-13
22550.056 2.6940172942345837e-13
22600.056 1.983388465418069e-13
22650.056 4.047406076222683e-13
22700.056 3.814930375653065e-13
22750.056 4.4770286792882123e-13
22800.056 3.841694062032948e-13
22850.056 2.7819568626788777e-13
22900.056 2.2088437267577592e-13
22950.056 1.5000405392689262e-13
23000.056 2.4667772818794415e-13
23050.056 3.160829592862245e-13
23100.056 1.9064454976070615e-12
23150.056 2.5046774082298674e-12
23200.056 7.787750817535039e-14
23250.056 2.4891596037477354e-13
23300.056 2.6968584580996913e-13
23350.056 5.482448784896786e-13
23400.056 4.744212631999559e-13
23450.056 2.4856891553208713e-13
23500.056 2.361587219537612e-13
23550.056 5.575975458365311e-13
23600.056 1.2265001157492621e-12
23650.056 2.050988512540042e-12
23700.056 3.594003875532006e-13
23750.056 2.6924613695855756e-13
23800.056 1.5781026085181317e-12
23850.056 1.1239401340825474e-12
23900.056 2.482982816773506e-12
23950.056 1.4348771887476796e-12
24000.056 3.3865775295879905e-12
24050.056 4.9959091816352545e-12
24100.056 6.030591292216652e-12
24150.056 8.77434475763709e-12
24200.056 5.188968398047668e-12
24250.056 4.000920695188159e-12
24300.056 7.177394338123807e-12
24350.056 5.96591846277715e-12
24400.056 1.5866045058447326e-11
24450.056 2.062547578286477e-11
24500.056 1.7557727795766217e-11
24550.056 2.932339507756167e-11
24600.056 3.055873616789088e-11
24650.056 5.196339122044404e-11
24700.056 2.4925915601875243e-11
24750.056 4.061199160278772e-11
24800.056 3.703451774920644e-11
24850.056 5.68534614180935e-11
24900.056 3.2130520371502936e-11
24950.056 6.120790588318945e-11
25000.056 7.052491849335867e-11
25050.056 4.961402495445185e-11
25100.056 7.413794374132491e-11
25150.056 2.9897455703229904e-11
25200.056 5.2333952740887136e-11
25250.056 2.2353528268917913e-11
25300.056 3.02081384947649e-11
25350.056 1.3534926241904732e-11
25400.056 3.7578605952696065e-11
25450.056 8.674264585189925e-12
25500.056 8.137445599697904e-12
25550.056 1.799375907610287e-11
25600.056 6.563242327454359e-12
25650.056 3.5352604699297022e-12
25700.056 3.826511565429606e-12
25750.056 9.775658980243234e-13
25800.056 5.932943240253751e-12
25850.056 8.470588580592659e-13
25900.056 1.194398018790745e-12
25950.056 2.2311571426025565e-13
26000.056 4.782717530428827e-12
26050.056 3.772201273854398e-13
26100.056 2.2283300136668765e-12
26150.056 7.939762392422432e-13
26200.056 1.297326243501382e-12
26250.056 1.1210177556757032e-11
26300.056 1.7104700669969754e-12
26350.056 2.1010980987607395e-11
26400.056 3.9313235400759156e-11
26450.056 2.9243502975394905e-11
26500.056 6.927343669632987e-11
26550.056 4.808346362508534e-12
26600.056 5.7155818780126124e-12
26650.056 6.339702267069093e-13
26700.056 3.310231683914436e-13
26750.056 7.402377277559905e-13
26800.056 3.1611681258447466e-12
26850.056 1.712657567474487e-12
26900.056 1.04161464372646e-11
26950.056 2.7960544480629507e-12
27000.056 1.9038288169470854e-11
27050.056 2.417377933288065e-11
27100.056 1.4860939709448802e-12
27150.056 2.588115630314909e-11
27200.056 1.4237727579989875e-12
27250.056 7.477323149514835e-12
27300.056 7.398741218607365e-11
27350.056 2.0347362322049445e-11
27400.056 7.274207252653363e-13
27450.056 2.909315813337892e-11
27500.056 3.340944210213969e-11
27550.056 4.507686710970026e-12
27600.056 1.6096718402021888e-11
27650.056 3.3094981165892692e-12
27700.056 3.1867894999324177e-12
27750.056 2.6213697884779435e-11
27800.056 6.0074367220231836e-12
27850.056 1.3069182897880375e-11
27900.056 1.218315012576904e-11
27950.056 3.549450598380291e-11
28000.056 3.859343207941381e-11
28050.056 3.1343044173812802e-12
28100.056 3.2139368134212893e-11
28150.056 2.6110532793196234e-11
28200.056 5.811022942684309e-12
28250.056 4.679084312971104e-11
28300.056 3.9906199005310116e-11
28350.056 7.363828757954136e-12
28400.056 2.7456292557380915e-11
28450.056 5.433375974574254e-11
28500.056 2.998726143810103e-11
28550.056 6.315557262457945e-12
28600.056 5.503753317833666e-11
28650.056 3.1731129139807064e-11
28700.056 5.833728934097754e-11
28750.056 8.184084617662764e-11
28800.056 2.765909605730959e-11
