galfind/configs/Brown_Dwarf_templates/sonora_bobcat/m+0.5/10g/sp_t750g10nc_m+0.5_resample.dat
# %ECSV 1.0
# ---
# datatype:
# - {name: wav, unit: Angstrom, datatype: float64}
# - {name: flux_nu, unit: erg / (cm2 Hz s), datatype: float64}
# meta: {C/O: '1.00', Kzz: '1.0000E+05', Teff: '750.', Y: '0.28', '[Fe/H]': '0.50', f_hole: '1.00', f_rain: '0.00', grav: '10.'}
# schema: astropy-2.0
wav flux_nu
[from data line 499]
28950.056 4.4657948887218115e-08
29000.056 3.492371669551643e-08
29050.056 3.691446156354097e-08
29100.056 2.8528734474217075e-08
29150.056 4.582512101910318e-08
29200.056 3.472336706986355e-08
29250.056 5.1338877145463236e-08
29300.056 2.853682417713207e-08
29350.056 6.714500119070142e-08
29400.056 3.6251369611321936e-08
29450.056 4.145883996229004e-08
29500.056 4.8021055817482824e-08
29550.056 3.926061757712316e-08
29600.056 4.729716645727741e-08
29650.056 4.8494412363704377e-08
29700.056 3.1340910275463936e-08
29750.056 4.791060661371097e-08
29800.056 4.821110433149071e-08
29850.056 5.253760162344122e-08
29900.056 4.570869500912944e-08
29950.056 4.534150692704572e-08
30000.056 2.5335184532826943e-08
30050.056 2.62664951139158e-08
30100.056 2.200759748620366e-08
30150.056 4.030129755214826e-08
30200.056 2.8020315553637857e-08
30250.056 4.90785442363924e-08
30300.056 4.2514454733411615e-08
30350.056 3.529839642107123e-08
30400.056 4.084711901143642e-08
30450.056 2.8095567208232932e-08
30500.056 2.3171964171683562e-08
30550.056 2.5981110024800584e-08
30600.056 2.99991238527996e-08
30650.056 2.1602408489083132e-08
30700.056 2.2444431811062486e-08
30750.056 2.273600334321458e-08
30800.056 1.721259545802271e-08
30850.056 1.7374852490177243e-08
30900.056 1.3874236878839974e-08
30950.056 1.5080423254894186e-08
31000.056 1.206804047159142e-08
31050.056 1.0660892592229443e-08
31100.056 9.238541926147962e-09
31150.056 1.1571404025309172e-08
31200.056 1.1193159390902505e-08
31250.056 8.096109384397235e-09
31300.056 7.483431800618778e-09
31350.056 7.983664188839561e-09
31400.056 5.969210030479588e-09
31450.056 6.343100207718409e-09
31500.056 4.928719500008723e-09
31550.056 5.9256112261499284e-09
31600.056 3.982972346919754e-09
31650.056 3.998130555620876e-09
31700.056 3.823790440179398e-09
31750.056 3.405626593921624e-09
31800.056 3.974554050810213e-09
31850.056 3.2810074199800684e-09
31900.056 3.5864532965191843e-09
31950.056 2.1623269202996005e-09
32000.056 2.9701580706299343e-09
32050.056 3.466691793720016e-09
32100.056 3.3806737057709054e-09
32150.056 3.3116322305594457e-09
32200.056 2.929004133230317e-09
32250.056 3.600150935010184e-09
32300.056 2.968425705750002e-09
32350.056 3.6910795001888452e-09
32400.056 2.6941842916988033e-09
32450.056 3.297863867308868e-09
32500.056 3.0759400756906917e-09
32550.056 2.7759819965099872e-09
32600.056 3.815599612570478e-09
32650.056 5.962743315758966e-09
32700.056 4.620306971750746e-09
32750.056 5.618728333241694e-09
32800.056 5.282047671920452e-09
32850.056 6.149853711538857e-09
32900.056 7.044436803057291e-09
32950.056 7.600468456880602e-09
33000.056 6.014492063796883e-09
33050.056 5.9781184723251816e-09
33100.056 2.3813944706590434e-09
33150.056 9.14914127769942e-10
33200.056 8.275907397699765e-10
33250.056 4.4000714919000146e-10
33300.056 4.6301671850003327e-10
33350.056 8.293579568299218e-10
33400.056 1.305160727439212e-09
33450.056 2.050862443249791e-09
33500.056 3.4405740335227726e-09
33550.056 2.8341846409917186e-09
33600.056 5.049213652348932e-09
33650.056 4.6373255756282466e-09
33700.056 4.3442148842289965e-09
33750.056 5.85438268080261e-09
33800.056 5.599998339621205e-09
33850.056 5.781945019099258e-09
33900.056 4.854591011940865e-09
33950.056 4.924250655539118e-09
34000.056 6.518339049313645e-09
34050.056 3.1351690205568586e-09
34100.056 6.283427259910167e-09
34150.056 5.480117080011589e-09
34200.056 4.9836410516373295e-09
34250.056 5.010104273624998e-09
34300.056 5.0511232347876436e-09
34350.056 3.91914610179957e-09
34400.056 3.6105452422486777e-09
34450.056 4.636038757858709e-09
34500.056 4.676167939891027e-09
34550.056 4.060542947510816e-09
34600.056 6.119247265749403e-09
34650.056 4.363489110690426e-09
34700.056 5.5363947918099764e-09
34750.056 5.527018034297865e-09
34800.056 5.172278521587274e-09
34850.056 5.376975854672367e-09
34900.056 6.111469449157449e-09
34950.056 6.680079315577489e-09
35000.056 9.82375560098439e-09
35050.056 5.886346542758531e-09
35100.056 8.070035475282674e-09
35150.056 6.433634049071116e-09
35200.056 8.262695198808047e-09
35250.056 1.0161084590875918e-08
35300.056 8.562942808620377e-09
35350.056 8.427852895136776e-09
35400.056 9.65516199005733e-09
35450.056 6.391927705653266e-09
35500.056 1.3164445675618823e-08
35550.056 1.2175805580206286e-08
35600.056 9.429114236396822e-09
35650.056 1.1512589859085483e-08
35700.056 1.0778723193095576e-08
35750.056 1.4533265460677725e-08
35800.056 1.9402035863998883e-08
35850.056 1.1064600173487521e-08
35900.056 1.4248043654639002e-08
35950.056 1.2507488336701245e-08
36000.056 1.2825848012942862e-08
36050.056 1.0853534206324376e-08
36100.056 1.2330316787031671e-08
36150.056 1.2868713953165731e-08
36200.056 1.334277066283443e-08
36250.056 1.3936335295522398e-08
36300.056 1.568201266407739e-08
36350.056 1.4550385325763467e-08
36400.056 1.355056212283557e-08
36450.056 1.936764245141533e-08
36500.056 2.074823436138821e-08
36550.056 1.8777853848403646e-08
36600.056 2.3952146633000694e-08
36650.056 2.3675291483650084e-08
36700.056 2.7147379936753152e-08
36750.056 2.8964126272228896e-08
36800.056 2.719274882200169e-08
36850.056 2.5148631779105048e-08
36900.056 2.96222637024342e-08
36950.056 3.211921362398989e-08
37000.056 3.002884980929579e-08
37050.056 2.8364469841390284e-08
37100.056 3.565188053910289e-08
37150.056 2.695512088907393e-08
37200.056 3.2773290653790544e-08
37250.056 3.4954597245394006e-08
37300.056 2.9356905063005903e-08
37350.056 3.097980673851763e-08
37400.056 4.849422804891692e-08
37450.056 3.6246314673876086e-08
37500.056 3.722304038446655e-08
37550.056 4.1043885476944863e-08
37600.056 4.3215967741402526e-08
37650.056 3.464999436559642e-08
37700.056 5.4770438602608866e-08
37750.056 3.812591394758937e-08
37800.056 4.021687692321159e-08
37850.056 3.0059509635951964e-08
37900.056 3.369254155810405e-08
37950.056 4.3839801171434876e-08
38000.056 5.243295143650917e-08
38050.056 5.010623544000763e-08
38100.056 4.5026648358800414e-08
38150.056 6.132838553949746e-08
38200.056 6.215126497882589e-08
38250.056 6.398651195831303e-08
38300.056 8.25530347317909e-08
38350.056 8.043466762960572e-08
38400.056 4.809237919327835e-08
38450.056 5.3504184731791e-08
38500.056 3.724344494319274e-08
38550.056 5.5623517414416836e-08
38600.056 6.083977293882756e-08
38650.056 5.021437425678957e-08
38700.056 5.4250561313797824e-08
38750.056 6.808171655681502e-08
38800.056 5.6623496116618156e-08
38850.056 5.671958443990306e-08
38900.056 8.072485322121378e-08
38950.056 6.789497682978126e-08
39000.056 7.219222062330435e-08
39050.056 6.526299010839122e-08
39100.056 7.507512311831564e-08
39150.056 7.093879044550814e-08
39200.056 8.210171622410274e-08
39250.056 9.375478828396298e-08
39300.056 7.049679924495008e-08
39350.056 1.0386190889319009e-07
39400.056 8.599560303036072e-08
39450.056 9.193473635079585e-08
39500.056 9.042383837213683e-08
39550.056 9.961447691743094e-08
39600.056 9.787572680196311e-08
39650.056 1.029938809939903e-07
39700.056 1.038346583957291e-07
39750.056 8.952281365582745e-08
39800.056 1.0427827786154935e-07
39850.056 1.2473547829099613e-07
39900.056 1.2588397762702581e-07
39950.056 1.0732897187583823e-07
40000.056 1.6416108737645478e-07
40050.056 1.226065232826035e-07
40100.056 1.1078872890999458e-07
40150.056 1.4142189692494738e-07
40200.056 1.4035694760612196e-07
40250.056 1.359420322229142e-07
40300.056 1.362147458099634e-07
40350.056 1.576767453259802e-07
40400.056 1.6636015285478495e-07
40450.056 1.5927971168507304e-07
40500.056 1.6362543917496875e-07
40550.056 1.6573960962875953e-07
40600.056 1.658616350070201e-07
40650.056 1.4190015425164242e-07
40700.056 1.926614680709998e-07
40750.056 1.827157002959884e-07
40800.056 1.4517656730090588e-07
40850.056 2.084676177211044e-07
40900.056 1.9159091522924152e-07
40950.056 1.8424222029060903e-07
41000.056 1.9632655948800763e-07
41050.056 2.2849206222695442e-07
41100.056 1.955811880940459e-07
41150.056 1.6351773461706372e-07
41200.056 2.3326926542394e-07
41250.056 1.9556917855855373e-07
41300.056 1.8355078225894555e-07
41350.056 2.7167870714309116e-07
41400.056 2.3746430059969762e-07
41450.056 2.581855716060743e-07
41500.056 2.2264926564093025e-07
41550.056 2.183257222838579e-07
41600.056 2.645244753452522e-07
41650.056 2.7561498474900444e-07
41700.056 2.3495687756283678e-07
41750.056 2.5259444971498533e-07
41800.056 2.4825782361395597e-07
41850.056 2.1032137853562704e-07
41900.056 2.069871276551729e-07
41950.056 1.7288580914603888e-07
42000.056 1.76019815179967e-07
42050.056 1.7550383544880588e-07
42100.056 2.285355144879872e-07
42150.056 1.8491215134595764e-07
42200.056 1.6181404345740888e-07
42250.056 1.6145681001744587e-07
42300.056 1.623142750024177e-07
42350.056 2.036565229040461e-07
42400.056 1.767290688410771e-07
42450.056 1.6856651180301596e-07
42500.056 1.640525707769967e-07
42550.056 1.6563297803398064e-07
42600.056 1.6063605502933945e-07
42650.056 1.6954575222394522e-07
42700.056 1.7636650187501965e-07
42750.056 1.5905634437697863e-07
42800.056 1.6469070917946125e-07
42850.056 1.8504079182393323e-07
42900.056 1.8463447568105431e-07
42950.056 1.797803805889285e-07
43000.056 1.8455565253260347e-07
43050.056 1.4810208851268455e-07
43100.056 1.780638197299763e-07
43150.056 1.6503496890793878e-07
43200.056 1.9853251707401267e-07
43250.056 2.064310090919957e-07
43300.056 2.0515532123999004e-07
43350.056 1.7808329917499348e-07
43400.056 1.8878787268697648e-07
43450.056 1.787249734164303e-07
43500.056 1.5969295023377808e-07
43550.056 1.7216201444393884e-07
43600.056 2.1532370927701514e-07
43650.056 1.8904977855010677e-07
43700.056 1.913107860690069e-07
43750.056 2.0311691560006889e-07
43800.056 1.8277384086345342e-07
43850.056 1.890720238830356e-07
43900.056 1.968628176349809e-07
43950.056 1.625510294450351e-07
44000.056 1.6767755448370364e-07
44050.056 2.2331863903003296e-07
44100.056 2.3615357720801555e-07
44150.056 2.099484588359149e-07
44200.056 2.1411008128098135e-07
44250.056 1.951804196170975e-07
44300.056 1.812717468890364e-07
44350.056 1.8236750312973777e-07
44400.056 2.071652354947128e-07
44450.056 2.2030961038897135e-07
44500.056 2.4036659349804775e-07
44550.056 2.4914024006995385e-07
44600.056 2.0824502727413958e-07
44650.056 2.3535988634306697e-07
44700.056 1.9258001492601805e-07
44750.056 2.3701265898800674e-07
44800.056 2.2300940552701654e-07
44850.056 2.2189387291704972e-07
44900.056 2.1609110212620976e-07
44950.056 2.3128066037200808e-07
45000.056 2.515456001879656e-07
45050.056 2.434459255510156e-07
45100.056 2.396073616715919e-07
45150.056 2.444837466461666e-07
45200.056 2.1944379970302546e-07
45250.056 2.2893523335091824e-07
45300.056 2.1333311268405585e-07
45350.056 2.2523976908800112e-07
45400.056 2.777874004270263e-07
45450.056 2.3813535639296487e-07
45500.056 2.501036464800001e-07
45550.056 2.769966750459332e-07
45600.056 2.73504963480011e-07
45650.056 2.1674394142356414e-07
45700.056 2.398205130138407e-07
45750.056 2.1339550401298066e-07
45800.056 2.6801971382199413e-07
45850.056 2.9098647145399505e-07
45900.056 2.9782851740000166e-07
45950.056 2.5546409787499533e-07
46000.056 2.8779467375698924e-07
46050.056 2.625343962260218e-07
46100.056 2.705626894400059e-07
46150.056 2.5261823303199486e-07
46200.056 2.485532696890219e-07
46250.056 2.0012545522606625e-07
46300.056 2.8266885524479205e-07
46350.056 2.490237839000108e-07
46400.056 2.413194254220129e-07
46450.056 2.424072365610452e-07
46500.056 2.4521034049103355e-07
46550.056 2.4894117522816847e-07
46600.056 2.582498116116038e-07
46650.056 3.3229419126394397e-07
46700.056 2.8404489935806643e-07
46750.056 2.1094446928617055e-07
46800.056 1.9831111757602172e-07
46850.056 3.2633985229908123e-07
46900.056 2.926618443849596e-07
46950.056 3.055319113970256e-07
47000.056 2.6688692553800604e-07
47050.056 2.8178115996148986e-07
47100.056 2.0930840837934146e-07
47150.056 2.339094335990079e-07
47200.056 2.6723983439503116e-07
47250.056 2.3069448299499768e-07
47300.056 1.9804138642998165e-07
47350.056 2.687597137719532e-07
47400.056 2.9074336548395497e-07
47450.056 2.7103820146720475e-07
47500.056 3.0891028587273506e-07
47550.056 2.6685492294199116e-07
47600.056 2.689479860459824e-07
47650.056 2.1571551799554537e-07
47700.056 2.754958479317697e-07
47750.056 1.893106570325163e-07
47800.056 2.453826453240041e-07
47850.056 1.830581004159917e-07
47900.056 2.3291277409996256e-07
47950.056 2.1093701744404396e-07
48000.056 3.1407805894005565e-07
48050.056 2.766168484520156e-07
48100.056 2.229384062270116e-07
48150.056 2.5501041947002927e-07
48200.056 2.498010120470177e-07
48250.056 2.3258228951598992e-07
48300.056 2.7783940170186765e-07
48350.056 1.9585068090101904e-07
48400.056 1.730380286817824e-07
48450.056 2.3293470960309142e-07
48500.056 3.031271954589675e-07
48550.056 2.1976623712159584e-07
48600.056 2.5881341548800376e-07
48650.056 2.4026355652996606e-07
48700.056 2.3887542476897934e-07
48750.056 1.8500892639209603e-07
48800.056 3.2925477535798717e-07
48850.056 2.032162128584796e-07
48900.056 2.807942563480149e-07
48950.056 2.456011720140555e-07
49000.056 1.5847329849195124e-07
49050.056 2.4447893729300605e-07
49100.056 2.5872059637405914e-07
49150.056 2.3750216086073895e-07
49200.056 2.8864300755902033e-07
49250.056 2.76264506940041e-07
49300.056 2.4033742358760276e-07
49350.056 1.812989462684373e-07
49400.056 2.2467392003598955e-07
49450.056 2.2444140948708065e-07
49500.056 2.0004189609196843e-07
49550.056 1.2845387946901962e-07
49600.056 1.9347065791325943e-07
49650.056 2.2944511521599477e-07
49700.056 1.9972351297092123e-07
49750.056 2.3288507423093137e-07
49800.056 2.0779568793802792e-07
49850.056 2.9244774258808435e-07
49900.056 2.3004662089978345e-07
49950.056 2.3676091682598886e-07
50000.056 2.1639502231396984e-07
50050.056 2.525294837970139e-07
50100.056 2.1411757296599957e-07
50150.056 1.560058079369722e-07
50200.056 8.216618449320324e-08
50250.056 2.1299417121896505e-07
50300.056 1.6540035312902188e-07
50350.056 2.6694994788502747e-07
50400.056 2.3080995505998715e-07
50450.056 1.9376391850404893e-07
50500.056 2.173429330990423e-07
50550.056 2.042597427590094e-07
50600.056 2.019674994379579e-07
50650.056 2.4821840613909136e-07
50700.056 2.6090218349988305e-07
50750.056 2.3164352005345057e-07
50800.056 1.4117365117180035e-07
50850.056 1.3527559649205347e-07
50900.056 2.4986308555002144e-07
50950.056 1.9409317437904487e-07
51000.056 2.224936059405179e-07
51050.056 1.9805513783601348e-07
51100.056 1.3476699268799036e-07
51150.056 1.821780240389632e-07
51200.056 2.581318191499921e-07
51250.056 1.9911382362401916e-07
51300.056 1.7520285804711435e-07
51350.056 1.6701660093999547e-07
51400.056 1.0557134216499026e-07
51450.056 9.050086190626892e-08
51500.056 1.0635281488794551e-07
51550.056 2.3337828846981585e-07
51600.056 1.6876943891494233e-07
51650.056 1.7047087410795298e-07
51700.056 1.6899293172165214e-07
51750.056 1.2741598074954532e-07
51800.056 1.841751292439508e-07
51850.056 1.7882658021901395e-07
51900.056 2.3663520946407232e-07
51950.056 1.9448984981198622e-07
52000.056 7.923183653398704e-08
52050.056 1.5507344442604047e-07
52100.056 1.0944735467497204e-07
52150.056 1.0350715342880933e-07
52200.056 1.0726335445500483e-07
52250.056 1.345985378760316e-07
52300.056 1.9254580388699669e-07
52350.056 1.4698363013021384e-07
52400.056 1.0236408468109553e-07
52450.056 1.8295003667000042e-07
52500.056 1.6741459376193766e-07
52550.056 1.8692480241893242e-07
52600.056 1.5781988504403867e-07
52650.056 1.6909287589003587e-07
52700.056 1.547308006569932e-07
52750.056 1.005210983687965e-07
52800.056 1.2979325872502909e-07
52850.056 1.330214300709503e-07
52900.056 1.2023447076782473e-07
52950.056 1.313111291651931e-07
53000.056 1.7249380655100864e-07
53050.056 9.449965364766384e-08
53100.056 1.2383375299992874e-07
53150.056 1.7876651678402737e-07
53200.056 9.991185024319837e-08
53250.056 1.7193474960600168e-07
53300.056 1.8005414053839715e-07
53350.056 1.761214946749924e-07
53400.056 1.6710671342001874e-07
53450.056 8.759264913099251e-08
