galfind/configs/Brown_Dwarf_templates/sonora_bobcat/m+0.5/10g/sp_t1000g10nc_m+0.5_resample.dat
# %ECSV 1.0
# ---
# datatype:
# - {name: wav, unit: Angstrom, datatype: float64}
# - {name: flux_nu, unit: erg / (cm2 Hz s), datatype: float64}
# meta: {C/O: '1.00', Kzz: '1.0000E+05', Teff: '1000.', Y: '0.28', '[Fe/H]': '0.50', f_hole: '1.00', f_rain: '0.00', grav: '10.'}
# schema: astropy-2.0
wav flux_nu
[from data line 499]
28950.056 2.0379329090702392e-07
29000.056 1.6816844030795263e-07
29050.056 1.7142960541093776e-07
29100.056 1.4462343836001818e-07
29150.056 1.9222312473408694e-07
29200.056 1.6831735343105406e-07
29250.056 2.1265027939700143e-07
29300.056 1.5922562034488585e-07
29350.056 2.426370182359006e-07
29400.056 1.7801366786294846e-07
29450.056 1.9507452572397588e-07
29500.056 2.0355402633297007e-07
29550.056 1.916496067620007e-07
29600.056 2.087734130629627e-07
29650.056 2.0456308594596554e-07
29700.056 1.6412573165591095e-07
29750.056 2.1825451853213962e-07
29800.056 2.2110084502400188e-07
29850.056 2.2107123791097276e-07
29900.056 2.0054337176308004e-07
29950.056 2.1911661874195433e-07
30000.056 2.173958946859798e-07
30050.056 1.9930142024397255e-07
30100.056 1.7400935905393168e-07
30150.056 2.3913570773397676e-07
30200.056 1.9279379659199826e-07
30250.056 2.3418443479008564e-07
30300.056 2.0654063031800225e-07
30350.056 1.7767104700701167e-07
30400.056 2.0746696316301261e-07
30450.056 1.7099281755901655e-07
30500.056 1.3835426897902619e-07
30550.056 1.5389991475401862e-07
30600.056 1.610641217839956e-07
30650.056 1.3811610506296314e-07
30700.056 1.4437259297398799e-07
30750.056 1.3017397772898745e-07
30800.056 1.1736491083601919e-07
30850.056 1.042067487669602e-07
30900.056 1.0913249956398455e-07
30950.056 9.486690836702419e-08
31000.056 8.568291298800115e-08
31050.056 8.771273103000558e-08
31100.056 7.265554143299046e-08
31150.056 7.788884036099497e-08
31200.056 8.444562317200982e-08
31250.056 6.668578188698748e-08
31300.056 6.57846800709937e-08
31350.056 6.288227246499798e-08
31400.056 5.586812487000198e-08
31450.056 5.443460355699159e-08
31500.056 5.065734026298831e-08
31550.056 5.349412789000138e-08
31600.056 4.6466059446993987e-08
31650.056 4.51516407259989e-08
31700.056 4.283517008299349e-08
31750.056 4.159826902701106e-08
31800.056 4.518951382799374e-08
31850.056 4.4493482725001534e-08
31900.056 4.596449384399569e-08
31950.056 3.6761138955004785e-08
32000.056 4.1820601881998067e-08
32050.056 4.369704592599894e-08
32100.056 4.511883239900846e-08
32150.056 4.4072275581993086e-08
32200.056 4.219317577900082e-08
32250.056 4.726697713100254e-08
32300.056 4.3811078653003784e-08
32350.056 4.973151634398897e-08
32400.056 4.193460505399224e-08
32450.056 4.862457880498638e-08
32500.056 4.987606921100329e-08
32550.056 4.571962744199647e-08
32600.056 5.137893923400349e-08
32650.056 6.368738570798993e-08
32700.056 5.778617813000579e-08
32750.056 6.069449945800441e-08
32800.056 5.878170334600135e-08
32850.056 6.155841078098826e-08
32900.056 6.884586702998838e-08
32950.056 7.018933125499226e-08
33000.056 6.155279376598077e-08
33050.056 5.593678626202466e-08
33100.056 4.1208979560997556e-08
33150.056 3.969384641199581e-08
33200.056 3.392687432900424e-08
33250.056 2.7649105956999892e-08
33300.056 2.6606140659997738e-08
33350.056 2.69457412589993e-08
33400.056 2.8528631131997192e-08
33450.056 3.240898719000155e-08
33500.056 3.797240346300803e-08
33550.056 4.131156544400628e-08
33600.056 5.057471181299548e-08
33650.056 5.305949887099353e-08
33700.056 5.30944624389939e-08
33750.056 6.147604113000858e-08
33800.056 6.440955630999835e-08
33850.056 6.57432226149911e-08
33900.056 5.992177146400052e-08
33950.056 5.7848183837998055e-08
34000.056 6.613344929501652e-08
34050.056 5.5508287951983815e-08
34100.056 6.567227617398886e-08
34150.056 6.350141387299878e-08
34200.056 5.611031887098533e-08
34250.056 6.173786385197226e-08
34300.056 6.210807195397873e-08
34350.056 4.983613149099767e-08
34400.056 5.325704654399706e-08
34450.056 5.872802975899444e-08
34500.056 5.693408138500088e-08
34550.056 5.857637838900128e-08
34600.056 6.472075797499671e-08
34650.056 6.320069322299514e-08
34700.056 5.988625708499547e-08
34750.056 6.265302791499071e-08
34800.056 6.297769403898699e-08
34850.056 5.8678725918013415e-08
34900.056 7.047734362898629e-08
34950.056 6.67301614309894e-08
35000.056 8.02433084550171e-08
35050.056 6.322275071098465e-08
35100.056 6.993053051700406e-08
35150.056 6.984428035699712e-08
35200.056 7.534274606599598e-08
35250.056 8.314633689498666e-08
35300.056 8.01462540040148e-08
35350.056 7.352505415198208e-08
35400.056 7.875584977800853e-08
35450.056 6.253679840601984e-08
35500.056 8.982356386300473e-08
35550.056 9.144386622898556e-08
35600.056 8.026098055002675e-08
35650.056 8.947378884799356e-08
35700.056 8.523915666099282e-08
35750.056 9.646533669898206e-08
35800.056 1.234742027299987e-07
35850.056 9.029317865198672e-08
35900.056 1.0733019812899467e-07
35950.056 1.0188591449699139e-07
36000.056 1.0457398272901846e-07
36050.056 1.0118539735998037e-07
36100.056 1.088683517259422e-07
36150.056 1.0748824379898306e-07
36200.056 1.143728282669765e-07
36250.056 1.1420503249096285e-07
36300.056 1.2143512666301169e-07
36350.056 1.206846730420044e-07
36400.056 1.1679837187499356e-07
36450.056 1.3747435418302028e-07
36500.056 1.4250868811299097e-07
36550.056 1.398356924880369e-07
36600.056 1.5931904390601177e-07
36650.056 1.6141158631896788e-07
36700.056 1.739895901069902e-07
36750.056 1.8070097082708272e-07
36800.056 1.7998907108199975e-07
36850.056 1.8481722288196966e-07
36900.056 1.8506863063598252e-07
36950.056 2.1350240606397128e-07
37000.056 2.1273031787698955e-07
37050.056 1.9969082802896625e-07
37100.056 2.3511866769501786e-07
37150.056 2.046225607610066e-07
37200.056 2.2340305098300217e-07
37250.056 2.439544479059719e-07
37300.056 2.1639913964292843e-07
37350.056 2.1017203459503999e-07
37400.056 2.8600004658997857e-07
37450.056 2.5237561062405284e-07
37500.056 2.5256700227095406e-07
37550.056 2.73775886480105e-07
37600.056 2.885760523999791e-07
37650.056 2.589390719499809e-07
37700.056 3.278295965780405e-07
37750.056 2.75166951114e-07
37800.056 2.9534734328319875e-07
37850.056 2.559261469149958e-07
37900.056 2.6050561036208414e-07
37950.056 2.90520183507946e-07
38000.056 3.403819371430374e-07
38050.056 3.4854394001505434e-07
38100.056 2.9527869506606646e-07
38150.056 3.7758484660998503e-07
38200.056 4.042962990600759e-07
38250.056 3.6679662270305593e-07
38300.056 4.101257194699597e-07
38350.056 4.4774429027996277e-07
38400.056 3.53448121290859e-07
38450.056 4.0270202918202116e-07
38500.056 3.158940132230541e-07
38550.056 4.0551197801001623e-07
38600.056 4.4467529204298253e-07
38650.056 3.9225614127595706e-07
38700.056 4.35447745710006e-07
38750.056 4.332841496240434e-07
38800.056 4.088262142037771e-07
38850.056 3.8711375421602335e-07
38900.056 4.523466695060644e-07
38950.056 4.704575318699796e-07
39000.056 4.641661048999918e-07
39050.056 4.631024593899104e-07
39100.056 4.6277677132109225e-07
39150.056 4.397890595129951e-07
39200.056 5.177334328090234e-07
39250.056 5.481619098187639e-07
39300.056 4.782504375797349e-07
39350.056 5.318226572599999e-07
39400.056 5.179651607290602e-07
39450.056 5.207256421009422e-07
39500.056 4.962856849521156e-07
39550.056 5.3633954231606e-07
39600.056 5.488650830497978e-07
39650.056 5.321698125099843e-07
39700.056 5.608310859299632e-07
39750.056 5.002672212520067e-07
39800.056 5.589662430797973e-07
39850.056 5.895901560099533e-07
39900.056 5.753023527901414e-07
39950.056 5.775649434698255e-07
40000.056 6.064982348201001e-07
40050.056 5.571443164300316e-07
40100.056 6.006341537940131e-07
40150.056 6.005067465998523e-07
40200.056 5.977895182098049e-07
40250.056 5.684334302497987e-07
40300.056 5.668933132200784e-07
40350.056 6.416498907601311e-07
40400.056 6.507461745759734e-07
40450.056 6.547569732121689e-07
40500.056 5.981532107600917e-07
40550.056 6.572004605219348e-07
40600.056 6.072990158401298e-07
40650.056 5.707072639888202e-07
40700.056 6.886590026900013e-07
40750.056 6.158460319697679e-07
40800.056 5.628960421498758e-07
40850.056 6.203810875601245e-07
40900.056 6.195480911000745e-07
40950.056 6.157680481500244e-07
41000.056 6.244169568400367e-07
41050.056 6.573323714798992e-07
41100.056 6.134109598900427e-07
41150.056 5.577637978439631e-07
41200.056 6.356805469499127e-07
41250.056 6.174004048999819e-07
41300.056 5.360814856298601e-07
41350.056 6.839249531900751e-07
41400.056 6.543906884602203e-07
41450.056 6.45718724980268e-07
41500.056 6.035921204169377e-07
41550.056 6.053963787460302e-07
41600.056 6.83938657126017e-07
41650.056 6.376962867901084e-07
41700.056 5.617834486298316e-07
41750.056 5.704522080399173e-07
41800.056 5.400876234819202e-07
41850.056 4.600412797740614e-07
41900.056 4.827615673879897e-07
41950.056 3.800851324601262e-07
42000.056 4.0349921954807193e-07
42050.056 3.673115989768883e-07
42100.056 4.3098164544006236e-07
42150.056 3.15445699864854e-07
42200.056 3.279382149429809e-07
42250.056 3.1524166862603795e-07
42300.056 2.674927011390549e-07
42350.056 3.3152630106109377e-07
42400.056 2.6756739961305216e-07
42450.056 2.5889525769305196e-07
42500.056 2.7364089518204006e-07
42550.056 2.714510288180216e-07
42600.056 2.538588246140846e-07
42650.056 2.1533916889389538e-07
42700.056 2.503929787550721e-07
42750.056 2.335385592029875e-07
42800.056 2.1272235221212495e-07
42850.056 2.392885660729506e-07
42900.056 2.3721713730401984e-07
42950.056 2.3199712707288125e-07
43000.056 2.2428675501001792e-07
43050.056 2.1689154003111626e-07
43100.056 2.398832711550643e-07
43150.056 2.1042273942307166e-07
43200.056 2.3437540543305144e-07
43250.056 2.1710364487193314e-07
43300.056 2.2314744781401268e-07
43350.056 2.2893440223900732e-07
43400.056 2.2272471949800486e-07
43450.056 2.2620973300406454e-07
43500.056 2.0708740210899044e-07
43550.056 2.458047697199944e-07
43600.056 2.258018617790055e-07
43650.056 2.1821192928303995e-07
43700.056 2.2956269405089345e-07
43750.056 2.232366616290514e-07
43800.056 1.9807899734200927e-07
43850.056 2.3198485413005418e-07
43900.056 2.344777902519975e-07
43950.056 2.1372904155707976e-07
44000.056 2.2844044319503867e-07
44050.056 2.4872044204204543e-07
44100.056 2.547804423160463e-07
44150.056 2.4296354556793236e-07
44200.056 2.2235673030095675e-07
44250.056 2.5929785428798283e-07
44300.056 2.461459425690131e-07
44350.056 2.3592585974004822e-07
44400.056 2.5235665565698184e-07
44450.056 2.5795645182998276e-07
44500.056 2.808956069199746e-07
44550.056 2.6210935845995065e-07
44600.056 2.7269223949803146e-07
44650.056 2.7102821765504674e-07
44700.056 2.6233272485001543e-07
44750.056 2.8670738462297626e-07
44800.056 3.1758060101000724e-07
44850.056 2.850131532300477e-07
44900.056 2.852547328380326e-07
44950.056 2.744452847279988e-07
45000.056 3.109774981199746e-07
45050.056 3.02870311039975e-07
45100.056 3.1138319324797166e-07
45150.056 3.115079424029653e-07
45200.056 3.0025406391004005e-07
45250.056 3.0151797940994626e-07
45300.056 3.1394865848003637e-07
45350.056 3.324478052099941e-07
45400.056 3.3454231514003303e-07
45450.056 3.0500202962295313e-07
45500.056 3.160047966899744e-07
45550.056 3.4504271009997277e-07
45600.056 3.2509656407999246e-07
45650.056 2.966244897989468e-07
45700.056 3.572526271220346e-07
45750.056 3.1310431367900135e-07
45800.056 3.222746534899869e-07
45850.056 3.7354018665997497e-07
45900.056 3.775237855100233e-07
45950.056 3.254442024160114e-07
46000.056 3.7198663400901095e-07
46050.056 3.5839837966404093e-07
46100.056 3.2483870230403707e-07
46150.056 3.588943797189995e-07
46200.056 3.6869842608804867e-07
46250.056 3.160760192529829e-07
46300.056 3.9651083182798735e-07
46350.056 3.374389811499697e-07
46400.056 3.393160348759739e-07
46450.056 3.667093696400543e-07
46500.056 3.3600473807997174e-07
46550.056 4.157109486119698e-07
46600.056 3.8291550408002533e-07
46650.056 4.815046220658952e-07
46700.056 4.4164022350717283e-07
46750.056 3.52819465762949e-07
46800.056 3.872038927960556e-07
46850.056 4.2151572558005714e-07
46900.056 4.0252626665992914e-07
46950.056 4.317557210140328e-07
47000.056 3.6656217932998306e-07
47050.056 4.320473734898741e-07
47100.056 3.387810657350505e-07
47150.056 3.640739381220264e-07
47200.056 3.9385200830405796e-07
47250.056 3.530356266499868e-07
47300.056 3.664540630369112e-07
47350.056 3.337148433099336e-07
47400.056 4.097714770809304e-07
47450.056 3.486618327949911e-07
47500.056 4.1083213770991425e-07
47550.056 3.564851530799654e-07
47600.056 4.0252899139997217e-07
47650.056 2.9280321941491936e-07
47700.056 4.1519348335306147e-07
47750.056 2.9029076314305815e-07
47800.056 4.163555174599468e-07
47850.056 3.22612839377933e-07
47900.056 3.989403614140121e-07
47950.056 2.9590306693804394e-07
48000.056 4.3900074794003193e-07
48050.056 3.4293006439602754e-07
48100.056 3.7616888405599374e-07
48150.056 3.5909674027005376e-07
48200.056 4.027480081100527e-07
48250.056 3.395702368239856e-07
48300.056 4.1757140508983786e-07
48350.056 3.165724939879941e-07
48400.056 3.9355893291998623e-07
48450.056 3.4670604446004547e-07
48500.056 4.570781709000121e-07
48550.056 3.245092247100201e-07
48600.056 3.9774681180998436e-07
48650.056 3.427751665299715e-07
48700.056 3.8709166693001975e-07
48750.056 3.1166781405005207e-07
48800.056 4.745462682100064e-07
48850.056 3.347290564019484e-07
48900.056 4.2213625060003665e-07
48950.056 4.010529961400413e-07
49000.056 3.603367791939212e-07
49050.056 4.067770020700168e-07
49100.056 3.730276369660448e-07
49150.056 4.0008085921901123e-07
49200.056 3.906527431209977e-07
49250.056 4.080823365800211e-07
49300.056 3.542383555959725e-07
49350.056 3.6395248779701173e-07
49400.056 4.219889120500399e-07
49450.056 3.718585803451001e-07
49500.056 3.8714835887998104e-07
49550.056 3.3276600942003147e-07
49600.056 3.8804358418610913e-07
49650.056 3.954350910499836e-07
49700.056 3.4769532269893214e-07
49750.056 4.5048980453991477e-07
49800.056 3.7777655395801817e-07
49850.056 4.809619957400636e-07
49900.056 3.8051673163002747e-07
49950.056 4.280424198299293e-07
50000.056 4.06548185449915e-07
50050.056 4.223799220600336e-07
50100.056 4.1508784434997083e-07
50150.056 3.4823438913999996e-07
50200.056 3.1294126448400635e-07
50250.056 4.1329395163997575e-07
50300.056 3.8772115613998447e-07
50350.056 4.6226169811000743e-07
50400.056 4.030144678199919e-07
50450.056 3.882687721500783e-07
50500.056 4.538996406300771e-07
50550.056 3.9354833975999516e-07
50600.056 4.217108026849951e-07
50650.056 4.2920860003010966e-07
50700.056 4.604875559798507e-07
50750.056 4.675252802340587e-07
50800.056 3.565578568999731e-07
50850.056 3.886058784200959e-07
50900.056 4.5299501327000155e-07
50950.056 4.24044405740104e-07
51000.056 4.868095917360518e-07
51050.056 3.6887770041203804e-07
51100.056 3.593950135699612e-07
51150.056 4.291850615879303e-07
51200.056 4.5240162433998877e-07
51250.056 4.30627377941898e-07
51300.056 3.866830898861991e-07
51350.056 3.8266495185992217e-07
51400.056 3.376080385009392e-07
51450.056 2.887101375529151e-07
51500.056 3.709251538830339e-07
51550.056 5.103282385640493e-07
51600.056 3.6967308303305796e-07
51650.056 4.048289223999552e-07
51700.056 3.783610681198914e-07
51750.056 3.5330109081007394e-07
51800.056 4.209706645798881e-07
51850.056 4.36056801009998e-07
51900.056 4.6695749480014555e-07
51950.056 4.325881428799559e-07
52000.056 3.377823378949889e-07
52050.056 4.075856255600213e-07
52100.056 3.59941775899911e-07
52150.056 3.703178389600251e-07
52200.056 3.3048639321698187e-07
52250.056 3.6440629500002046e-07
52300.056 4.3506630892000075e-07
52350.056 4.4069816715005564e-07
52400.056 3.2637240411001763e-07
52450.056 3.985996235300105e-07
52500.056 4.236294110799079e-07
52550.056 4.3365643323985e-07
52600.056 3.9484267643007545e-07
52650.056 4.3466849323810943e-07
52700.056 4.0805800469998864e-07
52750.056 3.2652108027396697e-07
52800.056 3.7616449181003956e-07
52850.056 3.5429707629994027e-07
52900.056 3.7859184260007516e-07
52950.056 3.8323604919195614e-07
53000.056 4.241033302029731e-07
53050.056 3.4368717784789724e-07
53100.056 3.2224648562989496e-07
53150.056 4.487725734900495e-07
53200.056 3.2086857272300434e-07
53250.056 4.60357562700011e-07
53300.056 4.3571454451620427e-07
53350.056 4.28400910009961e-07
53400.056 4.285551813500649e-07
53450.056 3.3453923740003075e-07
53500.056 2.9746518281990753e-07
53550.056 3.736236764499019e-07
