galfind/configs/Brown_Dwarf_templates/sonora_bobcat/m+0.5/10g/sp_t2000g10nc_m+0.5_resample.dat
# %ECSV 1.0
# ---
# datatype:
# - {name: wav, unit: Angstrom, datatype: float64}
# - {name: flux_nu, unit: erg / (cm2 Hz s), datatype: float64}
# meta: {C/O: '1.00', Kzz: '1.0000E+05', Teff: '2000.', Y: '0.28', '[Fe/H]': '0.50', f_hole: '1.00', f_rain: '0.00', grav: '10.'}
# schema: astropy-2.0
wav flux_nu
[from data line 499]
28950.056 2.445671567909354e-06
29000.056 2.011832272409135e-06
29050.056 2.0330690701395723e-06
29100.056 1.8696748742199086e-06
29150.056 2.125778118840227e-06
29200.056 2.0448740907602704e-06
29250.056 2.2260298733001175e-06
29300.056 2.024736243068914e-06
29350.056 2.3368388034695363e-06
29400.056 2.0451674903398753e-06
29450.056 2.034163359549841e-06
29500.056 2.1829720312798393e-06
29550.056 2.0831463390001885e-06
29600.056 2.1377175486500296e-06
29650.056 2.208138173230133e-06
29700.056 1.914877159599813e-06
29750.056 2.374401449351013e-06
29800.056 2.251934165949968e-06
29850.056 2.2624419295297383e-06
29900.056 2.0541859080104082e-06
29950.056 2.346767816409633e-06
30000.056 2.3505038161692216e-06
30050.056 2.2101798246398937e-06
30100.056 1.795615387889615e-06
30150.056 2.6508593970397334e-06
30200.056 2.4173423457502877e-06
30250.056 2.2744991252506723e-06
30300.056 2.4209431612499507e-06
30350.056 2.179656905690416e-06
30400.056 2.545735449680408e-06
30450.056 2.137138091760225e-06
30500.056 2.0764171891403844e-06
30550.056 2.7031094450106174e-06
30600.056 2.592396756270269e-06
30650.056 2.5380666609201006e-06
30700.056 2.434499416430034e-06
30750.056 2.292516938220161e-06
30800.056 2.701324455720768e-06
30850.056 2.3899561194799176e-06
30900.056 2.4354788742598045e-06
30950.056 2.3475204460102883e-06
31000.056 2.6231465919299097e-06
31050.056 2.20619173535003e-06
31100.056 2.590616311329966e-06
31150.056 2.6104298088797714e-06
31200.056 2.7010582422996855e-06
31250.056 2.7846612870405602e-06
31300.056 2.520786021719739e-06
31350.056 2.5653125428199777e-06
31400.056 2.609195417480477e-06
31450.056 2.6200490875202017e-06
31500.056 2.694634506340578e-06
31550.056 2.475386814419998e-06
31600.056 2.626971813289896e-06
31650.056 2.704809291149997e-06
31700.056 2.838810243599955e-06
31750.056 2.4234225445502343e-06
31800.056 2.7870150057002577e-06
31850.056 3.0471130350299494e-06
31900.056 2.9623949430998315e-06
31950.056 2.3957283120796884e-06
32000.056 2.6281191444406632e-06
32050.056 2.9995178439202753e-06
32100.056 2.9900934978896057e-06
32150.056 2.969915338020223e-06
32200.056 2.868155497499917e-06
32250.056 2.708948136860166e-06
32300.056 2.9729758083601843e-06
32350.056 3.070201941100377e-06
32400.056 2.8414123553899914e-06
32450.056 2.7352225494002667e-06
32500.056 2.951988567500264e-06
32550.056 3.2340162003001366e-06
32600.056 3.1896294438998278e-06
32650.056 3.1035892146009973e-06
32700.056 2.94406027410011e-06
32750.056 3.11611507351002e-06
32800.056 2.8903167958005034e-06
32850.056 3.3471518199997176e-06
32900.056 3.2005217742899768e-06
32950.056 2.799056014169768e-06
33000.056 3.0476203203502827e-06
33050.056 3.1138050890597085e-06
33100.056 3.2473639111891108e-06
33150.056 3.2086957045003e-06
33200.056 2.9910962719006363e-06
33250.056 3.1825504151600736e-06
33300.056 3.4612688418402073e-06
33350.056 3.2110875996803187e-06
33400.056 3.0377659905297103e-06
33450.056 3.314244429518878e-06
33500.056 3.228017537200247e-06
33550.056 3.2265809162594254e-06
33600.056 3.251908492540627e-06
33650.056 3.3465469264006807e-06
33700.056 3.4872444330994857e-06
33750.056 3.4712277136000906e-06
33800.056 3.4185165316999324e-06
33850.056 3.2534676165999713e-06
33900.056 3.5970315744995436e-06
33950.056 3.201585564199584e-06
34000.056 3.2905630268191954e-06
34050.056 3.3502080089000373e-06
34100.056 3.616960356300447e-06
34150.056 3.501896352099705e-06
34200.056 3.3082271397994363e-06
34250.056 3.6535205257995513e-06
34300.056 3.4039788630995006e-06
34350.056 3.589650533899509e-06
34400.056 3.2580816668295366e-06
34450.056 3.3860457349999236e-06
34500.056 3.3881965687006863e-06
34550.056 3.3297991762998537e-06
34600.056 3.495374385100148e-06
34650.056 3.4767414443999136e-06
34700.056 3.3213404196995082e-06
34750.056 3.553212925000275e-06
34800.056 3.7345929053995266e-06
34850.056 3.3619867261401447e-06
34900.056 3.6131622531003715e-06
34950.056 3.489213887199161e-06
35000.056 3.405163197599567e-06
35050.056 3.6909269666004857e-06
35100.056 3.6188264047991443e-06
35150.056 3.530593156959742e-06
35200.056 3.6600015261996236e-06
35250.056 3.2183663871002295e-06
35300.056 3.5694023123003206e-06
35350.056 3.746132832799745e-06
35400.056 3.5398506086998052e-06
35450.056 3.4099605722003725e-06
35500.056 3.649410422899886e-06
35550.056 3.4775462280999682e-06
35600.056 3.406037997099353e-06
35650.056 3.7842519058004633e-06
35700.056 3.412736142500405e-06
35750.056 3.5222918365997376e-06
35800.056 3.6316532361996457e-06
35850.056 3.7429545501996047e-06
35900.056 3.819422843799545e-06
35950.056 3.7025122077996538e-06
36000.056 3.374040814599598e-06
36050.056 3.815732607000223e-06
36100.056 3.928732785799902e-06
36150.056 3.5862849828002816e-06
36200.056 3.842304842799547e-06
36250.056 3.5459178023993026e-06
36300.056 4.0653046996008175e-06
36350.056 3.926174107299412e-06
36400.056 3.733753832299882e-06
36450.056 4.01462700049966e-06
36500.056 3.783219671300306e-06
36550.056 3.6308093429004615e-06
36600.056 3.7554898815003795e-06
36650.056 3.866936925400465e-06
36700.056 4.023502487400228e-06
36750.056 3.787924281500469e-06
36800.056 3.86271107719947e-06
36850.056 3.865633348700157e-06
36900.056 3.981305948600652e-06
36950.056 3.964761405900042e-06
37000.056 3.999692751000273e-06
37050.056 4.0707325667999926e-06
37100.056 3.939638987300302e-06
37150.056 3.88465063889915e-06
37200.056 4.094241012900131e-06
37250.056 4.105825104600356e-06
37300.056 4.0796128573007876e-06
37350.056 3.897433321500556e-06
37400.056 4.07828622369963e-06
37450.056 4.085933018600378e-06
37500.056 4.139100391999825e-06
37550.056 4.032918357999266e-06
37600.056 4.239765288999427e-06
37650.056 3.913888522199576e-06
37700.056 3.945408711100159e-06
37750.056 4.252978218199352e-06
37800.056 4.351918418899949e-06
37850.056 4.147442944699802e-06
37900.056 4.236716869000262e-06
37950.056 4.269637581400266e-06
38000.056 4.125307608500616e-06
38050.056 4.188881452800246e-06
38100.056 4.0453535894001845e-06
38150.056 4.337849134599363e-06
38200.056 4.455862436899343e-06
38250.056 4.1201170104005985e-06
38300.056 4.064215053199933e-06
38350.056 4.25325575679991e-06
38400.056 4.271798067599813e-06
38450.056 4.264787123600437e-06
38500.056 4.208055795999774e-06
38550.056 4.2098459078003e-06
38600.056 4.542120067399756e-06
38650.056 4.031401084200192e-06
38700.056 4.1364360750005646e-06
38750.056 4.324431230200037e-06
38800.056 4.2303938137005755e-06
38850.056 4.2583716411002986e-06
38900.056 4.125959617499912e-06
38950.056 4.292107883899544e-06
39000.056 4.228928270200168e-06
39050.056 4.266078731199945e-06
39100.056 4.058017161599904e-06
39150.056 4.1847832929002445e-06
39200.056 4.320053405100203e-06
39250.056 4.29501367149933e-06
39300.056 4.293320294099212e-06
39350.056 4.248142409700469e-06
39400.056 4.163897943100149e-06
39450.056 4.185005301899695e-06
39500.056 4.183300302999868e-06
39550.056 4.0974261074991056e-06
39600.056 4.436110055700344e-06
39650.056 4.0578370212001165e-06
39700.056 4.232555258099906e-06
39750.056 4.188144359199538e-06
39800.056 4.008552474700271e-06
39850.056 4.111211514099765e-06
39900.056 4.036166172499765e-06
39950.056 4.231081862599839e-06
40000.056 3.9757005191997615e-06
40050.056 3.700161098199889e-06
40100.056 4.0076155059997185e-06
40150.056 3.740092768999288e-06
40200.056 3.9036836087996205e-06
40250.056 3.967421961198753e-06
40300.056 3.592260791300221e-06
40350.056 3.823287506700344e-06
40400.056 3.913580623299773e-06
40450.056 3.612862868000877e-06
40500.056 3.4033675368999986e-06
40550.056 3.948072657599844e-06
40600.056 3.6105928327002583e-06
40650.056 3.6608079883008614e-06
40700.056 3.842385935900392e-06
40750.056 3.412742211299046e-06
40800.056 3.380159780300524e-06
40850.056 3.2207670657007334e-06
40900.056 3.1717161675006845e-06
40950.056 3.4600025617999627e-06
41000.056 3.615436752000422e-06
41050.056 3.4755928867993493e-06
41100.056 3.334943841800651e-06
41150.056 3.5966760260002184e-06
41200.056 3.3148050563000256e-06
41250.056 3.423966917100217e-06
41300.056 2.9925438925996707e-06
41350.056 3.499864535400223e-06
41400.056 3.382014833799941e-06
41450.056 3.1772073625999976e-06
41500.056 3.4441286314999895e-06
41550.056 3.423533620600016e-06
41600.056 3.6287118560998642e-06
41650.056 3.1630888599005538e-06
41700.056 3.0581431187996854e-06
41750.056 3.1535546849999246e-06
41800.056 3.0340578373996777e-06
41850.056 2.921991762800326e-06
41900.056 3.256057716899572e-06
41950.056 2.705756720900503e-06
42000.056 3.0515937550902e-06
42050.056 2.8282878210989037e-06
42100.056 3.0902800078004447e-06
42150.056 2.5796052089690363e-06
42200.056 2.7210216842399976e-06
42250.056 2.8222436556099894e-06
42300.056 2.412576078439915e-06
42350.056 2.8391486281206847e-06
42400.056 2.5165474626003816e-06
42450.056 2.1003917071003327e-06
42500.056 2.322334765200343e-06
42550.056 2.3785852630999838e-06
42600.056 2.3254990199205007e-06
42650.056 2.0327080150788693e-06
42700.056 2.41234695086096e-06
42750.056 2.197500240900136e-06
42800.056 2.1471166503805408e-06
42850.056 2.1623847815998696e-06
42900.056 2.200950913200164e-06
42950.056 2.046807717798993e-06
43000.056 2.0797578002599178e-06
43050.056 2.1298418234210437e-06
43100.056 2.1613831047000315e-06
43150.056 2.191412620020311e-06
43200.056 2.194548965200086e-06
43250.056 2.1007133250002647e-06
43300.056 2.2200741583002747e-06
43350.056 2.0196919328798735e-06
43400.056 2.089024016059943e-06
43450.056 2.1685496920608796e-06
43500.056 2.055794481399581e-06
43550.056 2.2145304693298334e-06
43600.056 2.202970799400192e-06
43650.056 2.0228528677104438e-06
43700.056 1.98045124759953e-06
43750.056 2.0689445411600726e-06
43800.056 1.9673270969001638e-06
43850.056 2.049813531400395e-06
43900.056 2.0988391192999863e-06
43950.056 2.0236326461006415e-06
44000.056 1.9432609668005806e-06
44050.056 2.0110200259001013e-06
44100.056 2.0232689280604304e-06
44150.056 2.140368577999413e-06
44200.056 2.0601835008998057e-06
44250.056 1.9524831617499513e-06
44300.056 1.9400684198801796e-06
44350.056 1.9723692994300065e-06
44400.056 1.938965226700112e-06
44450.056 2.060999476900002e-06
44500.056 2.162437997100299e-06
44550.056 1.978242858059515e-06
44600.056 2.0446582238502456e-06
44650.056 2.0916451403003306e-06
44700.056 1.9808397925002535e-06
44750.056 2.0906346143197824e-06
44800.056 2.258121164599866e-06
44850.056 2.2590077489001115e-06
44900.056 2.1527439881004675e-06
44950.056 1.99478291365989e-06
45000.056 2.2133868252999697e-06
45050.056 2.173562685099764e-06
45100.056 2.1967300438997086e-06
45150.056 2.254586411449864e-06
45200.056 2.115749898489972e-06
45250.056 2.1457511891995687e-06
45300.056 2.0609745927800305e-06
45350.056 2.3249439715995616e-06
45400.056 2.3201659138003633e-06
45450.056 2.1768728896997493e-06
45500.056 2.1249835251199376e-06
45550.056 2.2908750407696684e-06
45600.056 2.2850360217499107e-06
45650.056 2.068076835899287e-06
45700.056 2.1930792779802927e-06
45750.056 2.264446777129786e-06
45800.056 2.2945393215000595e-06
45850.056 2.3751059552200833e-06
45900.056 2.4661677372001695e-06
45950.056 2.2230437300999323e-06
46000.056 2.3773511161000033e-06
46050.056 2.3539546773204055e-06
46100.056 2.283695810590144e-06
46150.056 2.317923855620046e-06
46200.056 2.5006971195804233e-06
46250.056 2.2083413462797758e-06
46300.056 2.4608891119997886e-06
46350.056 2.1085381731798485e-06
46400.056 2.260063635419694e-06
46450.056 2.187106260350568e-06
46500.056 2.202483310820093e-06
46550.056 2.3570605113997947e-06
46600.056 2.1631063994096473e-06
46650.056 2.560379450580266e-06
46700.056 2.370807235300323e-06
46750.056 2.178308906059889e-06
46800.056 2.3457092768003534e-06
46850.056 2.370692723680099e-06
46900.056 2.32302033085957e-06
46950.056 2.3446696337002155e-06
47000.056 2.4211983359900576e-06
47050.056 2.294157088689635e-06
47100.056 2.3602414198702e-06
47150.056 2.2951489397005102e-06
47200.056 2.2886363893605287e-06
47250.056 2.3132882283991444e-06
47300.056 2.187739956559333e-06
47350.056 2.0965452132796655e-06
47400.056 2.3592056481395054e-06
47450.056 2.497530155659799e-06
47500.056 2.238114013409214e-06
47550.056 2.312575075899305e-06
47600.056 2.4336086608200786e-06
47650.056 1.9895263799195464e-06
47700.056 2.41662739490026e-06
47750.056 1.961132086590518e-06
47800.056 2.4353457190997777e-06
47850.056 2.1582192154688237e-06
47900.056 2.478882642310129e-06
47950.056 2.017465666900577e-06
48000.056 2.5244567353000678e-06
48050.056 2.1115241693805905e-06
48100.056 2.111520901230079e-06
48150.056 2.1170780522202104e-06
48200.056 2.409067011390846e-06
48250.056 2.227293798499469e-06
48300.056 2.5066604894996827e-06
48350.056 2.015294148439778e-06
48400.056 2.4772041009999667e-06
48450.056 2.3144070593002326e-06
48500.056 2.4735023204800975e-06
48550.056 2.1831776885000888e-06
48600.056 2.278710907099807e-06
48650.056 2.0082430693000465e-06
48700.056 2.146751797250028e-06
48750.056 2.005221250400501e-06
48800.056 2.544568851580082e-06
48850.056 2.2020209136997523e-06
48900.056 2.3376697847999457e-06
48950.056 2.3383761239805785e-06
49000.056 2.2370662459598925e-06
49050.056 2.1554876983997864e-06
49100.056 2.226983253229939e-06
49150.056 2.2092026301103624e-06
49200.056 2.4102471294000426e-06
49250.056 2.2798448436003057e-06
49300.056 2.1526925980197763e-06
49350.056 1.9524857243001692e-06
49400.056 2.3313517732005153e-06
49450.056 2.139527878780358e-06
49500.056 2.2315441468003326e-06
49550.056 2.0723144064600698e-06
49600.056 2.139474267520473e-06
49650.056 2.0864281913605077e-06
49700.056 1.886973405459818e-06
49750.056 2.381499132399397e-06
49800.056 2.2466542949300253e-06
49850.056 2.3375348043000433e-06
49900.056 2.0818499180401224e-06
49950.056 2.278970313509079e-06
50000.056 2.0705975894195724e-06
50050.056 2.2030481219902005e-06
50100.056 2.1487553768197144e-06
50150.056 2.1025160971998613e-06
50200.056 1.8822963127700753e-06
50250.056 1.9097086033000878e-06
50300.056 2.0233903796795334e-06
50350.056 2.0701755030900225e-06
50400.056 2.0937037678002354e-06
50450.056 1.973182018320162e-06
50500.056 2.394933685300377e-06
50550.056 2.1379625806998545e-06
50600.056 2.0911781143902285e-06
50650.056 2.0826358280006003e-06
50700.056 2.126719209099196e-06
50750.056 1.99264151006022e-06
50800.056 2.0292646391901436e-06
50850.056 2.005581069920254e-06
50900.056 1.9624036092199866e-06
50950.056 2.2430938669002933e-06
51000.056 2.2625840536602213e-06
51050.056 1.8992626214604422e-06
51100.056 1.918835744029868e-06
51150.056 2.074585345620137e-06
51200.056 2.1128111068997563e-06
51250.056 2.136612067329998e-06
51300.056 2.0344304887006466e-06
51350.056 2.0908548311996706e-06
51400.056 1.9934267665094888e-06
51450.056 1.6894745614798967e-06
51500.056 2.11554439585974e-06
51550.056 2.2797557121201936e-06
51600.056 1.8234426347398871e-06
51650.056 2.000817631279691e-06
51700.056 1.7772224283594943e-06
51750.056 1.899424665480128e-06
51800.056 1.9826524571398374e-06
51850.056 2.082611562200085e-06
51900.056 2.136780565600266e-06
51950.056 1.9137817143097787e-06
52000.056 1.8611912024499237e-06
52050.056 2.07416214913988e-06
52100.056 2.0077505678394503e-06
52150.056 2.0020679256004204e-06
52200.056 1.9574563004301155e-06
52250.056 1.8814693207699733e-06
52300.056 1.899310881349962e-06
52350.056 2.242103539900291e-06
52400.056 1.879529740949736e-06
52450.056 1.9303702104199237e-06
52500.056 1.9977069692993284e-06
52550.056 1.8534034528995227e-06
52600.056 2.022206817460223e-06
52650.056 2.2332688697604555e-06
52700.056 1.989022501220062e-06
52750.056 1.655968506479838e-06
52800.056 1.8494231057003161e-06
52850.056 1.8087835990398093e-06
52900.056 1.9044290691603938e-06
52950.056 1.8979136301995218e-06
53000.056 2.0199240884198074e-06
53050.056 2.0050235189697823e-06
53100.056 1.720004333769466e-06
53150.056 2.047757965840483e-06
53200.056 1.717934229930289e-06
53250.056 2.235303173899906e-06
53300.056 2.045534197700692e-06
53350.056 2.0904292940198702e-06
53400.056 1.8459515112401446e-06
53450.056 1.740381338499979e-06
