galfind/configs/Brown_Dwarf_templates/sonora_bobcat/m+0.5/10g/sp_t1100g10nc_m+0.5_resample.dat
# %ECSV 1.0
# ---
# datatype:
# - {name: wav, unit: Angstrom, datatype: float64}
# - {name: flux_nu, unit: erg / (cm2 Hz s), datatype: float64}
# meta: {C/O: '1.00', Kzz: '1.0000E+05', Teff: '1100.', Y: '0.28', '[Fe/H]': '0.50', f_hole: '1.00', f_rain: '0.00', grav: '10.'}
# schema: astropy-2.0
wav flux_nu
4000.0559999999996 nan
4050.0559999999996 6.966191294052157e-12
4100.056 5.382227673090046e-11
4150.056 7.196066845170804e-11
4200.056 6.22511229070194e-11
4250.056 8.599467579703307e-11
4300.056 9.123438396001559e-11
4350.056 9.94829182440045e-11
4400.056 1.202069925990164e-10
4450.056 1.1817285439200066e-10
4500.056 1.2491248449300885e-10
4550.056 1.5434674998465082e-10
4600.056 1.715188663676055e-10
4650.056 1.6294541494398432e-10
4700.056 1.8856948859801934e-10
4750.056 1.80885631538998e-10
4800.056 1.0953061436099712e-10
4850.056 6.091528404399765e-11
4900.056 3.256928261799974e-11
4950.056 1.4194711936999714e-11
5000.056 3.697851620699921e-12
5050.056 9.979935795699848e-13
5100.056 7.170652717399919e-13
5150.056 5.784527470599842e-13
5200.056 4.67071254680004e-13
5250.056 3.6964792570999694e-13
5300.056 2.9211467397999884e-13
5350.056 2.3836957058999923e-13
5400.056 2.0092378287999954e-13
5450.056 1.723887135299994e-13
5500.056 1.4986198596999975e-13
5550.056 1.3211014087999982e-13
5600.056 1.1741980223999978e-13
5650.056 1.0397909333599989e-13
5700.056 9.120377752299991e-14
5750.056 7.745916685499976e-14
5800.056 6.218977065099983e-14
5850.056 4.1349098168999546e-14
5900.056 1.2987979681378823e-14
5950.056 8.084017194600158e-14
6000.056 1.801078959530005e-13
6050.056 3.58138528540004e-13
6100.056 6.733562260100059e-13
6150.056 1.2367072826100103e-12
6200.056 2.2403935763000173e-12
6250.056 4.0074970081000316e-12
6300.056 7.0715484123000586e-12
6350.056 1.2294796556100102e-11
6400.056 2.0968099931000146e-11
6450.056 3.4720260613999934e-11
6500.056 5.6940920238000407e-11
6550.056 9.132930099500083e-11
6600.056 1.443645691080019e-10
6650.056 2.2326203032000064e-10
6700.056 2.3198495958920296e-10
6750.056 4.73867642890002e-10
6800.056 6.518808792400012e-10
6850.056 7.377706247000008e-10
6900.056 6.716771341100118e-10
6950.056 5.718672708699876e-10
7000.056 5.698003376800106e-10
7050.056 6.225371397099908e-10
7100.056 6.957919172999985e-10
7150.056 6.961558654749829e-10
7200.056 6.645699568156078e-10
7250.056 6.207450165239563e-10
7300.056 5.333847677369945e-10
7350.056 4.4853399758838463e-10
7400.056 3.770477120500139e-10
7450.056 2.9958751663000804e-10
7500.056 2.2382604475999768e-10
7550.056 1.544924769199985e-10
7600.056 9.717248136499884e-11
7650.056 1.793232593210394e-11
7700.056 9.637582414504183e-12
7750.056 7.617701913900201e-11
7800.056 1.6833511729624331e-10
7850.056 4.031655308200027e-10
7900.056 7.119812444500006e-10
7950.056 9.091489476743931e-10
8000.056 1.814948710500025e-09
8050.056 2.600954727600081e-09
8100.056 3.320719065557089e-09
8150.056 4.439878500797104e-09
8200.056 5.852394509530714e-09
8250.056 7.731441231540011e-09
8300.056 9.866921363171608e-09
8350.056 1.2406734517449161e-08
8400.056 1.5316763811004005e-08
8450.056 1.8699524944178338e-08
8500.056 1.991910965181138e-08
8550.056 2.5114975914300815e-08
8600.056 2.9334450210998926e-08
8650.056 3.001045649149566e-08
8700.056 3.288236623399808e-08
8750.056 3.786227861700299e-08
8800.056 4.5174309684006846e-08
8850.056 5.2441175080994196e-08
8900.056 5.230586551020586e-08
8950.056 4.641983579539741e-08
9000.056 6.109625079863356e-08
9050.056 7.313148934633563e-08
9100.056 8.171909225520147e-08
9150.056 7.666302966329117e-08
9200.056 8.610387004187181e-08
9250.056 8.139037769422713e-08
9300.056 4.291703412476048e-08
9350.056 4.442236650527666e-08
9400.056 4.885574712507038e-08
9450.056 6.183566655670522e-08
9500.056 6.339284081604269e-08
9550.056 7.201783569271393e-08
9600.056 6.482749245676253e-08
9650.056 7.195487852019482e-08
9700.056 7.407164836249184e-08
9750.056 7.2803287598284e-08
9800.056 7.743230490005212e-08
9850.056 8.746066702856198e-08
9900.056 9.581315020308225e-08
9950.056 9.813245141467085e-08
10000.056 9.830214318334956e-08
10050.056 1.1443937693410829e-07
10100.056 1.3772593745093806e-07
10150.056 1.5955038850694173e-07
10200.056 1.8369073950796649e-07
10250.056 1.9958893253595421e-07
10300.056 2.199185346900228e-07
10350.056 2.5402968734998235e-07
10400.056 2.852045298919604e-07
10450.056 2.9265730318999975e-07
10500.056 2.7406092853001455e-07
10550.056 2.7454893822205937e-07
10600.056 2.881141197000069e-07
10650.056 3.165695107119948e-07
10700.056 3.329441356352259e-07
10750.056 3.6292513102420857e-07
10800.056 3.896208251112171e-07
10850.056 3.9747239983251543e-07
10900.056 3.0965138755186094e-07
10950.056 1.8684460714730685e-07
11000.056 1.8531796483216796e-07
11050.056 1.7690249727337277e-07
11100.056 1.578540693811462e-07
11150.056 1.3216682101825145e-07
11200.056 1.2430992802469208e-07
11250.056 1.3908880060377763e-07
11300.056 1.3936595275711843e-07
11350.056 8.762671389424103e-08
11400.056 1.0981552724074237e-07
11450.056 1.0650139800365281e-07
11500.056 1.218833689391496e-07
11550.056 9.506232335540221e-08
11600.056 1.0889977895520498e-07
11650.056 1.1699465990039583e-07
11700.056 1.074714397319678e-07
11750.056 9.037722255371554e-08
11800.056 1.1635060920179113e-07
11850.056 1.4756830836623682e-07
11900.056 1.5091913024202563e-07
11950.056 1.9457948075734876e-07
12000.056 2.1149259082822053e-07
12050.056 2.427781813874738e-07
12100.056 2.590477273821038e-07
12150.056 2.9704554167692015e-07
12200.056 3.346543478830625e-07
12250.056 3.634540164408202e-07
12300.056 3.969452297025182e-07
12350.056 4.1995166884168845e-07
12400.056 4.492982537300092e-07
12450.056 4.6033275682506953e-07
12500.056 5.001019467769688e-07
12550.056 5.268243576030529e-07
12600.056 5.776839448280259e-07
12650.056 5.779281289013444e-07
12700.056 6.189378504318052e-07
12750.056 6.285549331439394e-07
12800.056 6.555792118419509e-07
12850.056 6.276091707597587e-07
12900.056 5.854554313589918e-07
12950.056 6.150838887222878e-07
13000.056 5.517476549712697e-07
13050.056 5.373925231278361e-07
13100.056 5.071170703080167e-07
13150.056 4.6754993455451446e-07
13200.056 4.225587503610113e-07
13250.056 3.636471669466026e-07
13300.056 2.2426064019600082e-07
13350.056 9.375963719758302e-08
13400.056 6.813199226462756e-08
13450.056 4.827962426777362e-08
13500.056 4.268732260638063e-08
13550.056 3.702354698621789e-08
13600.056 2.6249606005111348e-08
13650.056 3.7885189289568796e-08
13700.056 3.121149777572214e-08
13750.056 2.8757214119232543e-08
13800.056 3.4912542234824515e-08
13850.056 3.352373942773506e-08
13900.056 3.45202380599723e-08
13950.056 3.3293613535674905e-08
14000.056 3.240174828946689e-08
14050.056 3.1925664095789265e-08
14100.056 2.795417599366607e-08
14150.056 3.0688053503002195e-08
14200.056 2.8043513193604074e-08
14250.056 2.8613005619493098e-08
14300.056 3.3633448833794595e-08
14350.056 3.1411840623108795e-08
14400.056 3.8739532787299354e-08
14450.056 3.9334152435176334e-08
14500.056 5.3574790361058416e-08
14550.056 5.9090522483113046e-08
14600.056 6.393129732081901e-08
14650.056 6.694017655568209e-08
14700.056 5.835144851443834e-08
14750.056 6.807963322188015e-08
14800.056 8.001374509178258e-08
14850.056 8.623981241014148e-08
14900.056 9.344806371514143e-08
14950.056 9.365720044773676e-08
15000.056 1.02555478678467e-07
15050.056 1.1623188904642482e-07
15100.056 1.2619248046625896e-07
15150.056 1.4272089097025956e-07
15200.056 1.4529542106514538e-07
15250.056 1.5397934553976784e-07
15300.056 1.7004877894907864e-07
15350.056 1.788710186205514e-07
15400.056 1.9764868814530792e-07
15450.056 2.1621072032164156e-07
15500.056 2.2074752247992596e-07
15550.056 2.4370235776490073e-07
15600.056 2.335231998952076e-07
15650.056 2.569658525405272e-07
15700.056 3.0187000376852935e-07
15750.056 3.3006129813901074e-07
15800.056 3.2335155129922657e-07
15850.056 3.760304387212398e-07
15900.056 3.7562318440012045e-07
15950.056 4.274735014718889e-07
16000.056 4.2293112535400836e-07
16050.056 4.0806898885299893e-07
16100.056 4.2378432055209136e-07
16150.056 4.0604776787806597e-07
16200.056 3.9671862698715624e-07
16250.056 4.044423113869337e-07
16300.056 3.907647491652803e-07
16350.056 4.1933963864894387e-07
16400.056 4.6794735027240826e-07
16450.056 4.831495991652299e-07
16500.056 5.33773133276734e-07
16550.056 5.272898043314968e-07
16600.056 5.151566126704794e-07
16650.056 5.180148263139231e-07
16700.056 4.220805273269874e-07
16750.056 4.783993572436293e-07
16800.056 6.032309683483127e-07
16850.056 5.848705320377215e-07
16900.056 5.785579040522964e-07
16950.056 5.285109384910023e-07
17000.056 4.6285259365905593e-07
17050.056 5.018574964731524e-07
17100.056 4.756689249203678e-07
17150.056 4.0106083827675186e-07
17200.056 3.929373167959478e-07
17250.056 3.5542346821961216e-07
17300.056 3.2520749068728453e-07
17350.056 2.855820976551003e-07
17400.056 3.1976568365481557e-07
17450.056 2.851533021518117e-07
17500.056 2.7937787321281604e-07
17550.056 2.7887795364981764e-07
17600.056 2.604013582915957e-07
17650.056 2.456422217512698e-07
17700.056 1.8520857158642085e-07
17750.056 1.6435171963400504e-07
17800.056 2.059924242110146e-07
17850.056 1.5648264344619116e-07
17900.056 1.4743801050735292e-07
17950.056 1.4115297301869706e-07
18000.056 1.3731335725105864e-07
18050.056 1.3168114594801658e-07
18100.056 1.2820338024456983e-07
18150.056 1.6778451538685634e-07
18200.056 1.1306707603339052e-07
18250.056 1.6124466526789038e-07
18300.056 1.4816936711813335e-07
18350.056 1.2086724794114327e-07
18400.056 1.277500393101199e-07
18450.056 1.1925881809010503e-07
18500.056 1.2587295500487587e-07
18550.056 1.1447840958405192e-07
18600.056 9.676083239492062e-08
18650.056 1.0925634995035156e-07
18700.056 1.1453520501203888e-07
18750.056 1.1762999211741982e-07
18800.056 1.353833160471193e-07
18850.056 1.5522847885507794e-07
18900.056 1.5011753179129912e-07
18950.056 1.6308283533580003e-07
19000.056 1.6665050351457585e-07
19050.056 1.5298273838088196e-07
19100.056 1.7557942400020463e-07
19150.056 1.8057684330587464e-07
19200.056 1.8031377938319697e-07
19250.056 1.6957150051457957e-07
19300.056 1.7538731254937578e-07
19350.056 1.5739232295554071e-07
19400.056 1.357999319815235e-07
19450.056 1.800843270644843e-07
19500.056 1.683180409088808e-07
19550.056 1.3376826171881736e-07
19600.056 1.7331246736239165e-07
19650.056 1.7609043256742135e-07
19700.056 1.7808689110040673e-07
19750.056 1.711931318931773e-07
19800.056 1.7767924176890314e-07
19850.056 1.9744153123728174e-07
19900.056 1.657431353757147e-07
19950.056 2.1413086696944392e-07
20000.056 1.877208416957895e-07
20050.056 2.0593375874733033e-07
20100.056 2.3407280874998462e-07
20150.056 2.2736930808706245e-07
20200.056 2.4432059098557406e-07
20250.056 2.671804062947162e-07
20300.056 2.7065370354311296e-07
20350.056 2.9655924531352916e-07
20400.056 2.8983340566875714e-07
20450.056 3.3882851118687746e-07
20500.056 3.372987829941266e-07
20550.056 3.432312094910672e-07
20600.056 3.927916668152246e-07
20650.056 3.8837392108925103e-07
20700.056 4.04380750181758e-07
20750.056 4.3856335567886755e-07
20800.056 4.568788709071333e-07
20850.056 4.562634916229279e-07
20900.056 4.78132595301876e-07
20950.056 4.958913337590006e-07
21000.056 5.233297349131364e-07
21050.056 5.2740674595297e-07
21100.056 5.369188795849513e-07
21150.056 5.832594294419829e-07
21200.056 5.676520241320395e-07
21250.056 6.008637602889081e-07
21300.056 5.543007801907891e-07
21350.056 6.253767002429816e-07
21400.056 5.764544152082146e-07
21450.056 6.399463907009978e-07
21500.056 5.849271880522501e-07
21550.056 5.842543875529654e-07
21600.056 5.88856349388238e-07
21650.056 5.478767976931511e-07
21700.056 6.037313397069641e-07
21750.056 5.368143411690025e-07
21800.056 5.012338569768177e-07
21850.056 4.804889930610422e-07
21900.056 4.3254508909797457e-07
21950.056 3.391493075211303e-07
22000.056 2.2258400938608448e-07
22050.056 1.5149283129998399e-07
22100.056 2.0285117894223236e-07
22150.056 2.588161652694416e-07
22200.056 2.802619630686343e-07
22250.056 2.648412244432939e-07
22300.056 2.4328924871621414e-07
22350.056 2.2761495240347231e-07
22400.056 1.9499833811840294e-07
22450.056 1.7280904008314662e-07
22500.056 1.6958256673535957e-07
22550.056 1.377685714735984e-07
22600.056 1.5139718291006328e-07
22650.056 1.4419735890248836e-07
22700.056 1.2907485674997831e-07
22750.056 1.3613212096894603e-07
22800.056 1.1034234874894571e-07
22850.056 1.0170998410978113e-07
22900.056 9.392375412536765e-08
22950.056 6.573232959718074e-08
23000.056 8.292666858830247e-08
23050.056 1.088676093162579e-07
23100.056 1.4068549158510802e-07
23150.056 1.574917643803277e-07
23200.056 7.296398984752997e-08
23250.056 6.47285205673077e-08
23300.056 5.695101622193205e-08
23350.056 5.474274277878881e-08
23400.056 5.975123154873887e-08
23450.056 6.466577977418815e-08
23500.056 7.062397934601915e-08
23550.056 8.048379048684156e-08
23600.056 8.476601437561102e-08
23650.056 1.0556352498407357e-07
23700.056 8.611952601756906e-08
23750.056 6.730131586872627e-08
23800.056 5.7982768119819265e-08
23850.056 6.486897591010646e-08
23900.056 9.327365926870118e-08
23950.056 1.1096703439438641e-07
24000.056 1.1077375950221304e-07
24050.056 1.3400832477230503e-07
24100.056 1.1635302674753201e-07
24150.056 1.2659138652002444e-07
24200.056 1.3256945713368477e-07
24250.056 1.1450826988521578e-07
24300.056 1.2662808556095305e-07
24350.056 1.0649061637980095e-07
24400.056 1.3237560640000842e-07
24450.056 1.213134928305691e-07
24500.056 1.1927105201076117e-07
24550.056 1.3238155296087223e-07
24600.056 1.409375333614242e-07
24650.056 1.5751615644559603e-07
24700.056 1.2785365501253351e-07
24750.056 1.3741315339209736e-07
24800.056 1.319174259450378e-07
24850.056 1.6130725070900677e-07
24900.056 1.2455785579912235e-07
24950.056 1.6295847816997162e-07
25000.056 1.5074951791601657e-07
25050.056 1.2051369181799267e-07
25100.056 1.468245714509964e-07
25150.056 1.2116281079997977e-07
25200.056 1.3763188217596646e-07
25250.056 1.2737450199301296e-07
25300.056 1.5149348268801545e-07
25350.056 1.1551662834101528e-07
25400.056 1.4473239824404596e-07
25450.056 1.1990998326197102e-07
25500.056 1.222015163500218e-07
25550.056 1.1994250742498924e-07
25600.056 1.1196940629100183e-07
25650.056 1.0549472242898046e-07
25700.056 1.3301619178193885e-07
25750.056 9.590655833903117e-08
25800.056 1.3064973102300788e-07
25850.056 1.0466661724095988e-07
25900.056 1.1732357736197253e-07
25950.056 1.0249194141402808e-07
26000.056 1.3809640644102339e-07
26050.056 1.357758807789517e-07
26100.056 1.3597342348898767e-07
26150.056 1.2975870398897936e-07
26200.056 1.3199736172498032e-07
26250.056 1.4327138035298633e-07
26300.056 1.410636119600347e-07
26350.056 1.5916456478893947e-07
26400.056 1.688774710399217e-07
26450.056 1.773749297620428e-07
26500.056 1.7995621970490775e-07
26550.056 1.457265606708815e-07
26600.056 1.7136444152592073e-07
26650.056 1.215447173069868e-07
26700.056 1.1794660920702498e-07
26750.056 1.0381831409893386e-07
26800.056 1.3210216601297095e-07
26850.056 1.0344951813196464e-07
26900.056 1.4119251835601405e-07
26950.056 1.03695268134988e-07
27000.056 1.4218499935300987e-07
27050.056 1.1978327059705236e-07
27100.056 1.2251435243198488e-07
27150.056 1.4489992380402765e-07
27200.056 1.3270091556507919e-07
27250.056 1.391144597470967e-07
27300.056 1.6379175333698684e-07
27350.056 1.5802674259496715e-07
27400.056 1.2583986597099527e-07
27450.056 1.935836740348986e-07
27500.056 1.7879199697291286e-07
27550.056 1.51466137785999e-07
27600.056 1.9632385958995275e-07
27650.056 1.4225697132294227e-07
27700.056 1.358653823720769e-07
27750.056 1.824473655428621e-07
27800.056 1.3032176109092195e-07
27850.056 1.4983265979485487e-07
27900.056 1.6055927669504215e-07
27950.056 1.915197894230469e-07
28000.056 1.7816835665907928e-07
28050.056 1.2645507643604278e-07
28100.056 2.001694546790739e-07
28150.056 1.5966019859605837e-07
28200.056 1.361064834350573e-07
28250.056 1.843412770180321e-07
28300.056 2.215326510849738e-07
28350.056 1.6083174819994205e-07
28400.056 1.6931205131699223e-07
28450.056 1.8751559384491314e-07
28500.056 1.8990219205495985e-07
28550.056 1.335373117349406e-07
28600.056 2.2091155074696333e-07
28650.056 2.087545154648876e-07
28700.056 1.9978136576997072e-07
28750.056 2.2907520109104108e-07
