galfind/configs/Brown_Dwarf_templates/sonora_bobcat/m+0.5/10g/sp_t1200g10nc_m+0.5_resample.dat
# %ECSV 1.0
# ---
# datatype:
# - {name: wav, unit: Angstrom, datatype: float64}
# - {name: flux_nu, unit: erg / (cm2 Hz s), datatype: float64}
# meta: {C/O: '1.00', Kzz: '1.0000E+05', Teff: '1200.', Y: '0.28', '[Fe/H]': '0.50', f_hole: '1.00', f_rain: '0.00', grav: '10.'}
# schema: astropy-2.0
wav flux_nu
4000.0559999999996 nan
4050.0559999999996 1.8856898406312364e-11
4100.056 8.395259455740194e-11
4150.056 9.731174615321119e-11
4200.056 8.530325855479584e-11
4250.056 1.0911203799004519e-10
4300.056 1.1081150266202048e-10
4350.056 1.2080518175600358e-10
4400.056 1.4568582167702213e-10
4450.056 1.3681505101000094e-10
4500.056 1.4616302156601032e-10
4550.056 1.824514481867485e-10
4600.056 1.983536575550087e-10
4650.056 1.8852703490698426e-10
4700.056 2.2242463647603115e-10
4750.056 2.3311913408799335e-10
4800.056 1.6354577434899585e-10
4850.056 1.2636069501899696e-10
4900.056 9.807699067700124e-11
4950.056 5.950437400299907e-11
5000.056 2.0099188229099135e-11
5050.056 6.1704148361001775e-12
5100.056 4.461251978900017e-12
5150.056 3.577990204299994e-12
5200.056 2.8472249186999874e-12
5250.056 2.0984330232999743e-12
5300.056 1.5325190140999905e-12
5350.056 1.1398037140899895e-12
5400.056 8.752716698399972e-13
5450.056 6.852867987099975e-13
5500.056 5.417696653799984e-13
5550.056 4.288458499999993e-13
5600.056 3.4255474031999886e-13
5650.056 2.7258462880999943e-13
5700.056 2.149564454699995e-13
5750.056 1.634690337199993e-13
5800.056 1.1718119332799947e-13
5850.056 7.009485407199921e-14
5900.056 2.0838369475212393e-14
5950.056 1.4201760691800253e-13
6000.056 3.6132029600000355e-13
6050.056 8.177107117300083e-13
6100.056 1.7354609538000157e-12
6150.056 3.5757680040000337e-12
6200.056 7.144635318800062e-12
6250.056 1.3837479089200118e-11
6300.056 2.6034320541000227e-11
6350.056 4.76783696030004e-11
6400.056 8.431913938900073e-11
6450.056 1.4241067930000028e-10
6500.056 2.332966468400027e-10
6550.056 3.684720896700005e-10
6600.056 5.677460434100123e-10
6650.056 8.374634376100132e-10
6700.056 7.376757106709943e-10
6750.056 1.5795326786000162e-09
6800.056 2.1226302973000223e-09
6850.056 2.4309000514000027e-09
6900.056 2.2231335503600538e-09
6950.056 1.865646123799919e-09
7000.056 1.819232429480027e-09
7050.056 1.9718664864899827e-09
7100.056 2.1957101879099816e-09
7150.056 2.216915513909946e-09
7200.056 2.217760587342023e-09
7250.056 2.149139299389872e-09
7300.056 1.8663209796159856e-09
7350.056 1.5170220367579615e-09
7400.056 1.2263504030800378e-09
7450.056 9.585594925700192e-10
7500.056 6.978471788299914e-10
7550.056 4.596815835599946e-10
7600.056 2.608574182599961e-10
7650.056 3.75035692388684e-11
7700.056 1.6885669131115174e-11
7750.056 1.8015730973100548e-10
7800.056 4.526789840877301e-10
7850.056 1.1851496220700093e-09
7900.056 2.1269871106000195e-09
7950.056 2.629562014976085e-09
8000.056 5.004177361500001e-09
8050.056 7.10011361549991e-09
8100.056 9.111248213870222e-09
8150.056 1.220736731046014e-08
8200.056 1.5450665267881915e-08
8250.056 2.0480204141631093e-08
8300.056 2.5175084277605604e-08
8350.056 3.0747706161929873e-08
8400.056 3.637751155459969e-08
8450.056 4.002225668929635e-08
8500.056 4.1176429717821974e-08
8550.056 4.9088994728501276e-08
8600.056 5.3331373368993717e-08
8650.056 5.134118108878703e-08
8700.056 5.321580440100099e-08
8750.056 6.023922927100348e-08
8800.056 7.274428022201024e-08
8850.056 8.405029048398808e-08
8900.056 8.520268897519352e-08
8950.056 7.800199168709372e-08
9000.056 1.0118448712446667e-07
9050.056 1.1536517583692983e-07
9100.056 1.2957356761008761e-07
9150.056 1.233079722063705e-07
9200.056 1.3576156000038134e-07
9250.056 1.2351983572989787e-07
9300.056 7.064621928796374e-08
9350.056 7.249878559964534e-08
9400.056 7.83590874499507e-08
9450.056 9.69333310825775e-08
9500.056 9.970458645262554e-08
9550.056 1.1142235554226683e-07
9600.056 9.905724352484576e-08
9650.056 1.0832055693593717e-07
9700.056 1.1084216234668697e-07
9750.056 1.080872320382067e-07
9800.056 1.1519130628674246e-07
9850.056 1.2840549217843707e-07
9900.056 1.3622177134096928e-07
9950.056 1.377781328630409e-07
10000.056 1.3911570537853715e-07
10050.056 1.5896189975301094e-07
10100.056 1.9089886976972634e-07
10150.056 2.164365274789201e-07
10200.056 2.454320230389585e-07
10250.056 2.62114061370932e-07
10300.056 2.833978506650205e-07
10350.056 3.242387814579783e-07
10400.056 3.61836823101953e-07
10450.056 3.687552723700192e-07
10500.056 3.355785734000131e-07
10550.056 3.3100925284208536e-07
10600.056 3.4724887483002435e-07
10650.056 3.820634114579978e-07
10700.056 4.04904511791432e-07
10750.056 4.4468730736980793e-07
10800.056 4.820839377040294e-07
10850.056 5.031585236178997e-07
10900.056 4.093541724370337e-07
10950.056 2.665661422710715e-07
11000.056 2.667226077553782e-07
11050.056 2.5423793271072157e-07
11100.056 2.3580843550818722e-07
11150.056 2.079620730288333e-07
11200.056 1.9810673003708455e-07
11250.056 2.2062625287678294e-07
11300.056 2.1834445163799264e-07
11350.056 1.4949777747833268e-07
11400.056 1.7454978477420473e-07
11450.056 1.731627715681087e-07
11500.056 1.995224917229473e-07
11550.056 1.682580266930243e-07
11600.056 1.904050892900377e-07
11650.056 1.9884019913354896e-07
11700.056 1.7896268692271445e-07
11750.056 1.6442092481100726e-07
11800.056 1.8719400440425067e-07
11850.056 2.315047273719272e-07
11900.056 2.341385885219149e-07
11950.056 2.8858821739649677e-07
12000.056 3.0340261219842623e-07
12050.056 3.4316281725488726e-07
12100.056 3.6075536831089724e-07
12150.056 4.089460866259937e-07
12200.056 4.5358278023061927e-07
12250.056 4.903856996545748e-07
12300.056 5.305233354098541e-07
12350.056 5.582149749131125e-07
12400.056 5.85728435915004e-07
12450.056 5.938034684790736e-07
12500.056 6.422043109339522e-07
12550.056 6.713462558500475e-07
12600.056 7.296837215430397e-07
12650.056 7.346764754629233e-07
12700.056 7.883279363871274e-07
12750.056 8.001555944934552e-07
12800.056 8.382105121125815e-07
12850.056 8.088735551274102e-07
12900.056 7.629056432153964e-07
12950.056 8.029383386686502e-07
13000.056 7.382374197291409e-07
13050.056 7.264034222623386e-07
13100.056 6.928118093299556e-07
13150.056 6.509050788500847e-07
13200.056 5.94942938779771e-07
13250.056 5.235658607137538e-07
13300.056 3.4598527217633515e-07
13350.056 1.5735411901002916e-07
13400.056 1.1781945431000098e-07
13450.056 8.774826938292125e-08
13500.056 7.916822825019987e-08
13550.056 7.030992573537107e-08
13600.056 5.311205646334736e-08
13650.056 7.149224789838904e-08
13700.056 5.804467608672102e-08
13750.056 5.4136899470780166e-08
13800.056 6.698649432904179e-08
13850.056 6.510425978841658e-08
13900.056 6.665608499466117e-08
13950.056 6.442722002443297e-08
14000.056 6.21301078370592e-08
14050.056 5.991828338163684e-08
14100.056 5.12446404934448e-08
14150.056 5.413533466841413e-08
14200.056 5.01976574938365e-08
14250.056 4.9834057882445704e-08
14300.056 5.661143677658916e-08
14350.056 5.232799906207991e-08
14400.056 6.424452713232015e-08
14450.056 6.490878250458615e-08
14500.056 8.568240466033951e-08
14550.056 9.315797116043965e-08
14600.056 9.90644823954379e-08
14650.056 1.0244849408261506e-07
14700.056 8.922351065739311e-08
14750.056 1.0288326380265529e-07
14800.056 1.1857652894428019e-07
14850.056 1.279689477948368e-07
14900.056 1.3801236488881311e-07
14950.056 1.3692057046205448e-07
15000.056 1.489484218597359e-07
15050.056 1.6804810237815452e-07
15100.056 1.800404224218247e-07
15150.056 2.0293174904100836e-07
15200.056 2.0718108648379925e-07
15250.056 2.1571602555801804e-07
15300.056 2.3783136727617034e-07
15350.056 2.4814615269114535e-07
15400.056 2.7211866501141293e-07
15450.056 2.9718233962086253e-07
15500.056 3.0334216195239206e-07
15550.056 3.33532880509003e-07
15600.056 3.2099243318481936e-07
15650.056 3.531915572593214e-07
15700.056 4.112912383393061e-07
15750.056 4.463432789640101e-07
15800.056 4.4148116423529834e-07
15850.056 5.066250256688309e-07
15900.056 5.093477930071791e-07
15950.056 5.780641325908712e-07
16000.056 5.840224553249988e-07
16050.056 5.859326918840038e-07
16100.056 6.255458251091431e-07
16150.056 6.24831617443107e-07
16200.056 6.361706666758204e-07
16250.056 6.601745650899585e-07
16300.056 6.518260715419647e-07
16350.056 6.922458363625754e-07
16400.056 7.448540919799573e-07
16450.056 7.639764494175259e-07
16500.056 8.311142694062683e-07
16550.056 8.357590191972661e-07
16600.056 8.170682559271328e-07
16650.056 8.403512301274405e-07
16700.056 8.04112474142187e-07
16750.056 8.726583555965361e-07
16800.056 9.978562516481835e-07
16850.056 9.61504610810702e-07
16900.056 9.69113694158067e-07
16950.056 9.219519242107061e-07
17000.056 8.60150502616042e-07
17050.056 8.757823172844256e-07
17100.056 7.988538454754373e-07
17150.056 7.148041618883115e-07
17200.056 6.542697709196294e-07
17250.056 6.05463041086121e-07
17300.056 5.786582618572163e-07
17350.056 5.188414790505443e-07
17400.056 5.655192049133303e-07
17450.056 4.970445864441416e-07
17500.056 4.7217712830222696e-07
17550.056 4.763196243527799e-07
17600.056 4.4972592321771767e-07
17650.056 4.239080106536423e-07
17700.056 3.3384498151891583e-07
17750.056 2.909183991157316e-07
17800.056 3.4204312352053807e-07
17850.056 2.688054150783838e-07
17900.056 2.6265535987812456e-07
17950.056 2.5443534883166153e-07
18000.056 2.3342784008851226e-07
18050.056 2.22084196800902e-07
18100.056 2.109674009240772e-07
18150.056 2.7299592778711534e-07
18200.056 1.8409101532444798e-07
18250.056 2.551885132106967e-07
18300.056 2.395523060494261e-07
18350.056 1.9624598186628882e-07
18400.056 2.0539879728205912e-07
18450.056 1.8713391112272884e-07
18500.056 1.9526611786065067e-07
18550.056 1.7794237292197595e-07
18600.056 1.4867797034986738e-07
18650.056 1.6840565349788977e-07
18700.056 1.7798811804283472e-07
18750.056 1.774803518303222e-07
18800.056 1.9958476730054476e-07
18850.056 2.2953516269126587e-07
18900.056 2.215877914799586e-07
18950.056 2.3466319564799212e-07
19000.056 2.4375264813836815e-07
19050.056 2.261396025330841e-07
19100.056 2.524318332621234e-07
19150.056 2.6383754834636624e-07
19200.056 2.596143062522428e-07
19250.056 2.4613754593765774e-07
19300.056 2.5500035369070693e-07
19350.056 2.3091879504566114e-07
19400.056 1.995326797027758e-07
19450.056 2.6084832869071644e-07
19500.056 2.427904316747251e-07
19550.056 1.941150222250905e-07
19600.056 2.4947350310119203e-07
19650.056 2.507601330023432e-07
19700.056 2.5185692974151404e-07
19750.056 2.4102629126961024e-07
19800.056 2.485883995272797e-07
19850.056 2.723861939434767e-07
19900.056 2.2891889560199725e-07
19950.056 2.9348711516756184e-07
20000.056 2.555980581831314e-07
20050.056 2.805842731416184e-07
20100.056 3.1818950879088454e-07
20150.056 3.077512341674934e-07
20200.056 3.281361985401581e-07
20250.056 3.578230920081473e-07
20300.056 3.626794739504738e-07
20350.056 3.932978159161292e-07
20400.056 3.856534867765044e-07
20450.056 4.5143360979582973e-07
20500.056 4.4345119781817805e-07
20550.056 4.5477870694911446e-07
20600.056 5.189742702322796e-07
20650.056 5.138616404993102e-07
20700.056 5.360793566490248e-07
20750.056 5.803256431668234e-07
20800.056 6.07798969754179e-07
20850.056 6.101366689668884e-07
20900.056 6.414236337028486e-07
20950.056 6.695040803590395e-07
21000.056 7.16238010070122e-07
21050.056 7.207233716709732e-07
21100.056 7.462712758979091e-07
21150.056 8.147010036800259e-07
21200.056 7.998944998980874e-07
21250.056 8.581533228058932e-07
21300.056 8.098661595048113e-07
21350.056 9.176809008330182e-07
21400.056 8.536133854241895e-07
21450.056 9.664350502150128e-07
21500.056 8.950407180702275e-07
21550.056 9.138863590689109e-07
21600.056 9.436875252202111e-07
21650.056 9.006515468102551e-07
21700.056 1.000537864306004e-06
21750.056 9.218415818460152e-07
21800.056 8.907731461377615e-07
21850.056 8.782843937191167e-07
21900.056 8.548938838701117e-07
21950.056 7.546532861161968e-07
22000.056 6.181944272422334e-07
22050.056 5.06966549032676e-07
22100.056 6.351729256393042e-07
22150.056 6.851197766340763e-07
22200.056 6.842713531673575e-07
22250.056 6.843843512554257e-07
22300.056 6.496001916776937e-07
22350.056 6.188432685211469e-07
22400.056 5.902353036649478e-07
22450.056 5.565342658007168e-07
22500.056 5.692547743891278e-07
22550.056 4.912931505555096e-07
22600.056 5.315015252751951e-07
22650.056 5.092263743561915e-07
22700.056 4.783883219090664e-07
22750.056 5.04126512812076e-07
22800.056 4.379658488199105e-07
22850.056 4.1917735617120925e-07
22900.056 4.2539610652686926e-07
22950.056 2.536319989129269e-07
23000.056 3.12866931622003e-07
23050.056 3.7039298087084943e-07
23100.056 4.125881130989733e-07
23150.056 4.2882199381008116e-07
23200.056 2.7363910525306305e-07
23250.056 2.331307776079636e-07
23300.056 2.258701928221079e-07
23350.056 2.2253029110500034e-07
23400.056 2.2527552309611844e-07
23450.056 2.468918036569786e-07
23500.056 2.535408932300927e-07
23550.056 2.617261212481357e-07
23600.056 2.6580657627507246e-07
23650.056 3.1130027771793955e-07
23700.056 2.621983743059932e-07
23750.056 2.2622663395607382e-07
23800.056 2.0589770648405725e-07
23850.056 2.026716943260492e-07
23900.056 2.7904062988501845e-07
23950.056 3.116213422352321e-07
24000.056 3.013197401967463e-07
24050.056 3.364774996158232e-07
24100.056 2.831818695518585e-07
24150.056 2.95037268809319e-07
24200.056 3.119721309067277e-07
24250.056 2.7316843837311034e-07
24300.056 2.909588140790794e-07
24350.056 2.457903737600209e-07
24400.056 2.9640652463393755e-07
24450.056 2.5842239549178157e-07
24500.056 2.4287049682496737e-07
24550.056 2.5798432112311395e-07
24600.056 2.768454894700592e-07
24650.056 3.0139373480798157e-07
24700.056 2.397332215229145e-07
24750.056 2.4440850798918735e-07
24800.056 2.2982877491808005e-07
24850.056 2.82558218763989e-07
24900.056 2.0786574251820396e-07
24950.056 2.714248247639284e-07
25000.056 2.4397094878901286e-07
25050.056 1.884407217310084e-07
25100.056 2.3082591183501154e-07
25150.056 1.8758201500197935e-07
25200.056 2.0914228377591935e-07
25250.056 1.939242215999811e-07
25300.056 2.2724502678102148e-07
25350.056 1.728622118330545e-07
25400.056 2.1085288142306986e-07
25450.056 1.7659647581396902e-07
25500.056 1.8349546540504807e-07
25550.056 1.7739877207801478e-07
25600.056 1.7012857366799209e-07
25650.056 1.5716405475997292e-07
25700.056 2.0073445403390015e-07
25750.056 1.428912337900393e-07
25800.056 1.9968329390502697e-07
25850.056 1.5816489471693996e-07
25900.056 1.8180288443298236e-07
25950.056 1.555249940100068e-07
26000.056 2.0366448400303277e-07
26050.056 2.0416578015397423e-07
26100.056 2.050637089069651e-07
26150.056 1.9881262103294428e-07
26200.056 1.955414977459665e-07
26250.056 2.081607351390198e-07
26300.056 2.0788120345903498e-07
26350.056 2.2481973627792688e-07
26400.056 2.3971048823686714e-07
26450.056 2.4767898955703697e-07
26500.056 2.5111053177886765e-07
26550.056 2.0534303850084713e-07
26600.056 2.3962354690786846e-07
26650.056 1.7106746519395297e-07
26700.056 1.6529666279002791e-07
26750.056 1.4622044877590553e-07
26800.056 1.8265026950194895e-07
26850.056 1.443768852939428e-07
26900.056 1.938943262950284e-07
26950.056 1.4232197003598793e-07
27000.056 1.916200985050129e-07
27050.056 1.6157320086806528e-07
27100.056 1.6625922863798256e-07
27150.056 1.9090903492103228e-07
27200.056 1.7854960393511014e-07
27250.056 1.8506255455212537e-07
27300.056 2.126703217549645e-07
27350.056 2.0739167858195367e-07
27400.056 1.6998626564699794e-07
27450.056 2.5088404914385796e-07
27500.056 2.321137610888892e-07
27550.056 2.0235099674499853e-07
27600.056 2.560311154879388e-07
27650.056 1.8881824526992037e-07
27700.056 1.8170070075210307e-07
27750.056 2.3791814504681712e-07
27800.056 1.72278929996894e-07
27850.056 1.9825296580181343e-07
27900.056 2.1201235385605913e-07
27950.056 2.4752494199404844e-07
28000.056 2.3204660397610343e-07
28050.056 1.6912886983706277e-07
28100.056 2.5934014344610153e-07
28150.056 2.0849443977705547e-07
28200.056 1.8088723110207085e-07
28250.056 2.369571354570378e-07
28300.056 2.823563862329659e-07
28350.056 2.1230382257591542e-07
28400.056 2.1965527876899368e-07
28450.056 2.393449102098985e-07
28500.056 2.450954197019589e-07
28550.056 1.767120446549192e-07
28600.056 2.8417623201296165e-07
28650.056 2.686655438748487e-07
28700.056 2.564283060389662e-07
28750.056 2.9241919555404575e-07
28800.056 2.6504184953907324e-07
