galfind/configs/Brown_Dwarf_templates/sonora_bobcat/m+0.5/10g/sp_t275g10nc_m+0.5_resample.dat
# %ECSV 1.0
# ---
# datatype:
# - {name: wav, unit: Angstrom, datatype: float64}
# - {name: flux_nu, unit: erg / (cm2 Hz s), datatype: float64}
# meta: {C/O: '1.00', Kzz: '1.0000E+05', Teff: '275.', Y: '0.28', '[Fe/H]': '0.50', f_hole: '1.00', f_rain: '0.00', grav: '10.'}
# schema: astropy-2.0
wav flux_nu
[from data line 498]
28900.056 5.112357055447535e-13
28950.056 7.668119599478312e-13
29000.056 3.1874217633857125e-13
29050.056 5.932848056332248e-13
29100.056 2.2522364858251127e-13
29150.056 1.4807678085962553e-13
29200.056 1.8775831317740494e-12
29250.056 9.748703511181457e-13
29300.056 4.302285879166699e-13
29350.056 1.3389268444118897e-12
29400.056 1.04456789704421e-12
29450.056 2.0181344546834322e-13
29500.056 1.823508254211991e-12
29550.056 4.339011614654122e-13
29600.056 3.920943305404826e-13
29650.056 2.0327632780538145e-12
29700.056 3.1540310118276566e-13
29750.056 2.2216534284722674e-12
29800.056 8.123418478358337e-13
29850.056 1.8343617374906264e-12
29900.056 6.347720304774692e-13
29950.056 1.0905889000236616e-12
30000.056 6.2771791631554374e-15
30050.056 1.0492488827478466e-13
30100.056 8.246050755149413e-13
30150.056 2.6151754827248212e-12
30200.056 1.3991658049139793e-12
30250.056 2.421271651791518e-12
30300.056 4.5712042473888555e-12
30350.056 5.518366828107183e-13
30400.056 3.439199671076913e-12
30450.056 4.160329353596494e-12
30500.056 8.425399023367328e-13
30550.056 9.409230963050292e-13
30600.056 1.49656342417371e-11
30650.056 7.101580248858081e-12
30700.056 1.3179378724550376e-12
30750.056 5.071896669975755e-12
30800.056 6.178370503290142e-12
30850.056 7.099774103367228e-12
30900.056 2.2745545628678696e-12
30950.056 1.750892038286474e-12
31000.056 3.5799797407895867e-12
31050.056 9.274832249536424e-13
31100.056 7.430778293835247e-13
31150.056 1.3172260579177231e-12
31200.056 8.841069115943958e-12
31250.056 7.02111251333579e-12
31300.056 1.7889223371638593e-12
31350.056 9.939572254895835e-12
31400.056 8.413539437699425e-12
31450.056 6.185242006834157e-12
31500.056 1.7411490798015661e-12
31550.056 3.316583571806324e-12
31600.056 2.682491073017426e-12
31650.056 2.6115448503627405e-12
31700.056 1.521526664496561e-12
31750.056 9.760528102661623e-13
31800.056 1.3295692774117613e-12
31850.056 1.753503625778933e-13
31900.056 4.3452452144989726e-13
31950.056 3.603242673857442e-13
32000.056 1.173553334582724e-13
32050.056 2.567585812602394e-13
32100.056 2.4405688420932416e-13
32150.056 1.5075448265874614e-13
32200.056 5.280203086562676e-14
32250.056 1.402394678252244e-13
32300.056 2.74670776601043e-14
32350.056 1.0680014875097346e-13
32400.056 5.2229932338798754e-15
32450.056 5.295844616478694e-14
32500.056 4.4279806346104215e-15
32550.056 3.131919807535053e-14
32600.056 2.175704938055394e-15
32650.056 1.1933934860796333e-13
32700.056 4.14715579349789e-15
32750.056 3.4789153374619564e-13
32800.056 9.496555673479103e-14
32850.056 1.3922877827001838e-12
32900.056 8.950560517232521e-13
32950.056 1.0797831131706254e-12
33000.056 1.8177945904292126e-13
33050.056 1.4802149630718861e-13
33100.056 1.862784871164039e-14
33150.056 6.1711747345521224e-18
33200.056 1.33467388243977e-15
33250.056 2.6553644764966042e-15
33300.056 5.213648792544292e-14
33350.056 8.336129326369558e-14
33400.056 7.119651097279142e-13
33450.056 1.0096110668397924e-13
33500.056 7.397945917819677e-13
33550.056 7.89868271176842e-14
33600.056 3.4623479025679226e-13
33650.056 3.133677565320705e-13
33700.056 4.149608137433741e-14
33750.056 4.842478114338202e-13
33800.056 1.3876148934571017e-14
33850.056 2.2065260061203044e-13
33900.056 2.691632359482841e-13
33950.056 2.512311412661619e-13
34000.056 7.760157421895966e-13
34050.056 9.773228948599223e-14
34100.056 8.65627986156564e-13
34150.056 3.31291425879942e-13
34200.056 1.4087858546016194e-12
34250.056 4.3169524072162806e-13
34300.056 7.558972661820721e-13
34350.056 2.714076040689948e-12
34400.056 4.6825826066609e-13
34450.056 1.8915261930499424e-12
34500.056 5.789962544505944e-13
34550.056 1.1474770871222808e-12
34600.056 5.328470659554967e-12
34650.056 2.9449121034091333e-13
34700.056 2.4014455981307527e-12
34750.056 1.616171860388573e-12
34800.056 1.7435145347798528e-12
34850.056 5.993196468282955e-12
34900.056 5.261541474251518e-13
34950.056 6.750814212347788e-12
35000.056 8.239933685260765e-12
35050.056 7.547570377169586e-12
35100.056 1.2302374513290905e-11
35150.056 8.773126725231402e-12
35200.056 9.55250520089505e-12
35250.056 1.5979676877913166e-11
35300.056 5.515311382980863e-12
35350.056 3.4795969767787502e-12
35400.056 1.8498334134787194e-12
35450.056 3.0581868500736353e-12
35500.056 1.2261727020254016e-11
35550.056 5.5072501281321505e-12
35600.056 1.190910432169498e-11
35650.056 1.945905576755533e-11
35700.056 2.273898149602438e-11
35750.056 1.494052142053654e-11
35800.056 1.0851665299827757e-11
35850.056 3.3909935602853882e-12
35900.056 4.182609463457742e-12
35950.056 5.9657481610123494e-12
36000.056 1.1671961706820256e-11
36050.056 8.223326257470012e-12
36100.056 5.945831752746369e-12
36150.056 2.7425543791557693e-11
36200.056 2.183129584368931e-11
36250.056 1.2701289333729297e-11
36300.056 4.963343737419807e-11
36350.056 2.2521448204631083e-11
36400.056 4.004415450942137e-11
36450.056 3.9286529514427934e-11
36500.056 3.7098564957940844e-11
36550.056 7.983224290416826e-11
36600.056 6.286259478130883e-11
36650.056 3.88616411976742e-11
36700.056 6.56962544945557e-11
36750.056 7.773128392999226e-11
36800.056 9.413620707823119e-11
36850.056 2.6604137156305377e-11
36900.056 6.866156902518212e-11
36950.056 9.969637922078121e-11
37000.056 6.639142805741458e-11
37050.056 9.833489458628173e-11
37100.056 4.6608034082068424e-11
37150.056 5.2364913513611015e-11
37200.056 1.5034452085134338e-10
37250.056 6.984511734651012e-11
37300.056 3.483598830017151e-11
37350.056 8.077717907006168e-11
37400.056 1.0811654942550375e-10
37450.056 3.89904201987342e-11
37500.056 8.434966506944908e-11
37550.056 1.4160507428773214e-10
37600.056 2.5696114210549837e-10
37650.056 5.841833327562097e-11
37700.056 1.2236128736912276e-10
37750.056 9.827277076191823e-11
37800.056 7.763742864730869e-11
37850.056 3.173501832158304e-11
37900.056 4.975113726365491e-11
37950.056 1.1485987854847507e-10
38000.056 1.3356853941943263e-10
38050.056 2.484062791960481e-10
38100.056 2.6856869106927564e-10
38150.056 3.632871218691007e-10
38200.056 2.5485627833608697e-10
38250.056 3.628170032548027e-10
38300.056 5.398781506180455e-10
38350.056 4.2351606400045e-10
38400.056 9.603923583750037e-11
38450.056 2.2274287098602072e-11
38500.056 2.0667756345902823e-11
38550.056 1.5477261054367234e-10
38600.056 1.4114879236911697e-10
38650.056 1.8655366458284662e-10
38700.056 4.3853428983105525e-11
38750.056 1.3452891885464395e-10
38800.056 1.2395729775324138e-10
38850.056 1.8118577538889622e-10
38900.056 2.2266400810353646e-10
38950.056 1.2633272377664424e-10
39000.056 3.908616698509982e-10
39050.056 9.454459223829943e-11
39100.056 2.2912780853232605e-10
39150.056 3.9899253511850764e-10
39200.056 2.17099504798751e-10
39250.056 5.209906715760978e-10
39300.056 2.0786792106287546e-10
39350.056 6.773720031775166e-10
39400.056 2.0572070295519753e-10
39450.056 4.94020629084623e-10
39500.056 4.1693693843802e-10
39550.056 1.5007733242409534e-10
39600.056 5.061152189029978e-10
39650.056 4.67155134840981e-10
39700.056 5.742692592585337e-10
39750.056 2.31592299312137e-10
39800.056 2.3059607467767263e-10
39850.056 6.260077120257437e-10
39900.056 9.148473559744129e-10
39950.056 2.4318135080971304e-10
40000.056 5.925845754818246e-10
40050.056 6.784276593395727e-10
40100.056 2.1231241641339208e-10
40150.056 6.756260104155894e-10
40200.056 7.438747689999453e-10
40250.056 8.934629550493837e-10
40300.056 8.914903549589523e-10
40350.056 4.493326848608868e-10
40400.056 5.861972162536836e-10
40450.056 2.3629072929047204e-10
40500.056 1.0238176689325634e-09
40550.056 1.2274484526420739e-09
40600.056 7.28184011828416e-10
40650.056 4.713450863394981e-10
40700.056 1.0686830605907034e-09
40750.056 7.123282790134193e-10
40800.056 4.451139762471951e-10
40850.056 1.6344247322911375e-09
40900.056 1.3872967535980354e-09
40950.056 1.2528372060334113e-09
41000.056 7.573769362189993e-10
41050.056 1.83556595413017e-09
41100.056 1.3574560517213165e-09
41150.056 3.791913710615622e-10
41200.056 2.2855731131376375e-09
41250.056 1.046777261243309e-09
41300.056 1.143278292045217e-09
41350.056 2.1253753448797046e-09
41400.056 1.6364222511274403e-09
41450.056 2.7777204161081173e-09
41500.056 1.7469951368105042e-09
41550.056 1.2548434349474642e-09
41600.056 1.2379024174770481e-09
41650.056 2.428754847147145e-09
41700.056 3.159814771105321e-09
41750.056 2.4599743717061187e-09
41800.056 2.158863700319335e-09
41850.056 2.1769675933409697e-09
41900.056 1.5145348095252873e-09
41950.056 1.4573553884258895e-09
42000.056 4.580124914502136e-10
42050.056 1.0055623532671092e-09
42100.056 8.410183827426996e-10
42150.056 1.3745291793209512e-09
42200.056 2.298553610004367e-09
42250.056 1.3412870211417131e-09
42300.056 1.2587235617838643e-09
42350.056 2.6487608341359006e-09
42400.056 3.63415168906686e-09
42450.056 3.8307954147912655e-09
42500.056 3.6393154816391294e-09
42550.056 3.024029797399285e-09
42600.056 2.47925378706162e-09
42650.056 4.7591569303521065e-09
42700.056 1.835157529420755e-09
42750.056 4.456470412389773e-09
42800.056 7.977333164722263e-09
42850.056 6.3430770403384815e-09
42900.056 5.699043637235172e-09
42950.056 5.801154161134629e-09
43000.056 6.710953887722284e-09
43050.056 3.418948427511137e-09
43100.056 4.809876064790285e-09
43150.056 3.836801308571875e-09
43200.056 8.154712769601326e-09
43250.056 8.705195695838293e-09
43300.056 8.657141407698507e-09
43350.056 5.3558358127774745e-09
43400.056 7.611696780422066e-09
43450.056 4.287629547371642e-09
43500.056 3.3775220505228542e-09
43550.056 4.377241771733353e-09
43600.056 8.68600252378179e-09
43650.056 5.690192090010638e-09
43700.056 9.695377251475906e-09
43750.056 9.578467241096162e-09
43800.056 8.340887139416882e-09
43850.056 6.65218449307898e-09
43900.056 5.28498387333969e-09
43950.056 2.8976187543300984e-09
44000.056 3.6664345110288255e-09
44050.056 1.1184704842399373e-08
44100.056 1.2287423090861228e-08
44150.056 1.2452458298781788e-08
44200.056 1.1216673238549878e-08
44250.056 5.02660459900066e-09
44300.056 4.287634993410199e-09
44350.056 4.55560600113384e-09
44400.056 3.6194594115695317e-09
44450.056 7.822502174140428e-09
44500.056 8.117116940881216e-09
44550.056 1.1782894945358669e-08
44600.056 9.898367915739694e-09
44650.056 7.382631905098478e-09
44700.056 5.37893675440574e-09
44750.056 1.147134116490314e-08
44800.056 5.4474594800871595e-09
44850.056 6.5220952889931255e-09
44900.056 7.72256201640118e-09
44950.056 1.0404946237792554e-08
45000.056 1.3328167726601112e-08
45050.056 9.892045364947364e-09
45100.056 8.738246658138726e-09
45150.056 7.0627863014903245e-09
45200.056 5.8828781640403045e-09
45250.056 7.367505198727166e-09
45300.056 7.1263928658315346e-09
45350.056 4.291694625228031e-09
45400.056 1.7833489613503894e-08
45450.056 1.1201109590041548e-08
45500.056 1.794040029112258e-08
45550.056 1.7080862015391917e-08
45600.056 1.2728196762303928e-08
45650.056 1.0321732294429946e-08
45700.056 6.521792175909462e-09
45750.056 6.6671740577308626e-09
45800.056 1.8382829813229654e-08
45850.056 1.076664279096925e-08
45900.056 1.874055072249554e-08
45950.056 1.8886530305599983e-08
46000.056 1.623287765970773e-08
46050.056 1.1499790081543494e-08
46100.056 2.3155078738996343e-08
46150.056 1.231964581000221e-08
46200.056 9.499591524347804e-09
46250.056 3.210971904533491e-09
46300.056 1.1177063725959522e-08
46350.056 1.1436748495682793e-08
46400.056 1.0341829984779747e-08
46450.056 9.845382165653346e-09
46500.056 1.2222441386002318e-08
46550.056 4.8708379910905856e-09
46600.056 8.296936144800902e-09
46650.056 1.3176516391561424e-08
46700.056 8.83046205547736e-09
46750.056 3.4958893189867045e-09
46800.056 1.916691185810227e-09
46850.056 1.2762039772962665e-08
46900.056 1.3672812506299896e-08
46950.056 1.5390820649599157e-08
47000.056 1.5241919002702825e-08
47050.056 8.786840604542755e-09
47100.056 6.634386263580336e-09
47150.056 1.1796026553310375e-08
47200.056 1.1669440772337777e-08
47250.056 6.2829768903796355e-09
47300.056 3.808238622658997e-09
47350.056 1.4607769979900701e-08
47400.056 1.2607394146298629e-08
47450.056 8.691127049416717e-09
47500.056 1.4772387194386826e-08
47550.056 1.4261849524403986e-08
47600.056 1.1582817956314584e-08
47650.056 1.2717857827630959e-08
47700.056 9.231437025462633e-09
47750.056 7.1303836059405786e-09
47800.056 4.873269379061058e-09
47850.056 1.8224914572605969e-09
47900.056 3.5146486634615162e-09
47950.056 1.0456790196721053e-08
48000.056 1.4905623083100507e-08
48050.056 1.1386908126622158e-08
48100.056 4.484809585168959e-09
48150.056 1.0117717343380482e-08
48200.056 4.709216277741687e-09
48250.056 6.430023478498445e-09
48300.056 1.4524363795299075e-08
48350.056 7.0062345555288234e-09
48400.056 1.2765655800195792e-09
48450.056 2.7001675497067635e-09
48500.056 5.264661169318654e-09
48550.056 6.018799104962511e-09
48600.056 1.1536854126997846e-08
48650.056 1.5037576571196886e-08
48700.056 9.135583186058535e-09
48750.056 7.996840224082643e-09
48800.056 1.2862364010960348e-08
48850.056 5.6319635234030666e-09
48900.056 5.779326062829195e-09
48950.056 2.5365169105399917e-09
49000.056 1.3881476422636906e-09
49050.056 5.924418295749245e-09
49100.056 9.427238457047729e-09
49150.056 6.776221906649242e-09
49200.056 1.3667377314802824e-08
49250.056 1.3384857329749418e-08
49300.056 1.0443661123400237e-08
49350.056 3.047331954858403e-09
49400.056 4.8991511826660175e-09
49450.056 4.330218885131188e-09
49500.056 2.830041054044411e-09
49550.056 3.9199050172101493e-10
49600.056 1.312679248103103e-09
49650.056 5.38864941558146e-09
49700.056 6.528005252166791e-09
49750.056 4.932673054698486e-09
49800.056 2.814509296542212e-09
49850.056 8.795674654253809e-09
49900.056 7.866432820538813e-09
49950.056 8.099133242760713e-09
50000.056 4.0764982206111674e-09
50050.056 5.16347574608016e-09
50100.056 4.2658692141094675e-09
50150.056 1.433873802787627e-09
50200.056 1.5637535089905793e-10
50250.056 1.3251364878200035e-09
50300.056 8.023641214522134e-10
50350.056 5.086425798921102e-09
50400.056 5.91028929142247e-09
50450.056 5.461042787201218e-09
50500.056 8.586177530943082e-09
50550.056 7.059533118701123e-09
50600.056 4.600305195073105e-09
50650.056 9.76619077230123e-09
50700.056 7.805459126197618e-09
50750.056 4.187726896960345e-09
50800.056 8.936029427086923e-10
50850.056 3.5509582996817937e-10
50900.056 3.5857455585604448e-09
50950.056 3.7007097722194717e-09
51000.056 2.6464684452571778e-09
51050.056 5.637044249979568e-09
51100.056 1.6248288735812553e-09
51150.056 1.374369715778864e-09
51200.056 6.550269520100183e-09
51250.056 4.598992291113562e-09
51300.056 3.0293739236732675e-09
51350.056 1.9540602969846668e-09
51400.056 3.6023517673206177e-10
51450.056 3.270245164783877e-10
51500.056 3.5837399667916246e-10
51550.056 1.8758644565984e-09
51600.056 2.021628094762822e-09
51650.056 3.5329467371898886e-09
51700.056 3.231554784998142e-09
51750.056 1.878278721391448e-09
51800.056 4.318811807899721e-09
51850.056 3.3535218869896227e-09
51900.056 2.8392238789295228e-09
51950.056 1.2199650635998729e-09
52000.056 1.0580215461897257e-10
52050.056 5.512946088300727e-10
52100.056 2.772629763169414e-10
52150.056 1.403260758662656e-10
52200.056 7.157636489739896e-10
52250.056 1.3031880296104228e-09
52300.056 1.3917956698318963e-09
52350.056 3.212506544097412e-10
52400.056 3.866435478430014e-10
52450.056 2.2233612402602288e-09
52500.056 1.3649217399056141e-09
52550.056 2.4573927275898636e-09
52600.056 2.2226112658297538e-09
52650.056 2.6370568953900123e-09
52700.056 1.6374116279798194e-09
52750.056 3.277356873132787e-10
52800.056 8.375771072451825e-10
52850.056 9.707972483908255e-10
52900.056 2.387013753420389e-10
52950.056 5.0569436529808e-10
53000.056 1.2060834741203312e-09
53050.056 3.80104011197888e-10
53100.056 1.8093546237306074e-09
53150.056 1.6672902295731143e-09
53200.056 8.81357295460679e-10
53250.056 1.2555846330943564e-09
53300.056 1.778419828232823e-09
53350.056 1.261143142696072e-09
53400.056 6.989807382116829e-10
53450.056 1.9250313682853154e-10
53500.056 4.0411457190319473e-11
53550.056 8.288762376820739e-11
