galfind/configs/Brown_Dwarf_templates/sonora_bobcat/m+0.5/10g/sp_t225g10nc_m+0.5_resample.dat
# %ECSV 1.0
# ---
# datatype:
# - {name: wav, unit: Angstrom, datatype: float64}
# - {name: flux_nu, unit: erg / (cm2 Hz s), datatype: float64}
# meta: {C/O: '1.00', Kzz: '1.0000E+05', Teff: '225.', Y: '0.28', '[Fe/H]': '0.50', f_hole: '1.00', f_rain: '0.00', grav: '10.'}
# schema: astropy-2.0
wav flux_nu
[from data line 498]
28900.056 9.124090742722561e-15
28950.056 1.4547271076889475e-14
29000.056 6.659331320298758e-15
29050.056 1.2178301249672398e-14
29100.056 2.066440083204742e-15
29150.056 7.850047424718136e-16
29200.056 6.32652631931028e-14
29250.056 1.4968913687008384e-14
29300.056 3.969532870801909e-15
29350.056 2.0976914653629042e-14
29400.056 2.5204183326284107e-14
29450.056 2.7857430470114884e-15
29500.056 3.6796099036859564e-14
29550.056 9.587364587776766e-15
29600.056 3.704667953228452e-15
29650.056 2.894919089039526e-14
29700.056 8.198216433820434e-15
29750.056 7.046450529233989e-14
29800.056 1.0707147402185639e-14
29850.056 3.7117639460622294e-14
29900.056 9.999851293945085e-15
29950.056 1.4495514860936707e-14
30000.056 3.962008278868378e-17
30050.056 2.595096173488428e-15
30100.056 2.3107125253294653e-14
30150.056 5.5602686694606725e-14
30200.056 4.5760443120891584e-14
30250.056 4.4591445165320855e-14
30300.056 8.293635906814082e-14
30350.056 1.443243233184957e-14
30400.056 8.742712834002827e-14
30450.056 1.9914902980508103e-13
30500.056 1.3491869110412408e-14
30550.056 1.4380974070190466e-14
30600.056 9.054690159717921e-13
30650.056 3.1398021439914914e-13
30700.056 1.431876222452277e-14
30750.056 1.1054836827656409e-13
30800.056 4.1211996665317313e-13
30850.056 3.5244437551881543e-13
30900.056 8.992141194103672e-14
30950.056 5.650606000326682e-14
31000.056 1.0342537696193155e-13
31050.056 1.618193855185448e-14
31100.056 1.4065867952215468e-14
31150.056 2.869125868788666e-14
31200.056 4.4007569232217066e-13
31250.056 4.597649497920542e-13
31300.056 4.310559677843358e-14
31350.056 5.067108118963846e-13
31400.056 5.514774225058356e-13
31450.056 3.4004995553984326e-13
31500.056 6.582026999844974e-14
31550.056 1.8639391824848176e-13
31600.056 1.7917099777803054e-13
31650.056 1.483930401546678e-13
31700.056 6.28888063824842e-14
31750.056 4.774372118491757e-14
31800.056 5.053400220023678e-14
31850.056 4.872093681917789e-15
31900.056 1.3077201754931517e-14
31950.056 1.0186165197718862e-14
32000.056 3.566743778679208e-15
32050.056 4.822873212714907e-15
32100.056 4.67504209801462e-15
32150.056 1.8294849972440235e-15
32200.056 4.676087611991885e-16
32250.056 1.3056291944105994e-15
32300.056 1.5164210225526986e-16
32350.056 5.250102578230389e-16
32400.056 2.5388097703259194e-17
32450.056 2.6177261837018944e-16
32500.056 1.9135093328211463e-17
32550.056 1.1800004481297805e-16
32600.056 7.631698128848786e-18
32650.056 2.776150094899174e-16
32700.056 1.1283400660818774e-17
32750.056 8.657129261519677e-16
32800.056 1.879650022650629e-16
32850.056 7.457683031241247e-15
32900.056 3.424145346656326e-15
32950.056 6.678260479118783e-15
33000.056 1.446120706174663e-15
33050.056 3.8894405936497804e-16
33100.056 5.448961427346011e-17
33150.056 4.962602937945845e-20
33200.056 2.551695232185457e-17
33250.056 4.383198234223228e-17
33300.056 9.70389402702971e-16
33350.056 4.1333097537178805e-16
33400.056 7.062312510447876e-15
33450.056 2.1678600535338328e-16
33500.056 3.4128947730574577e-15
33550.056 3.4748333348725027e-16
33600.056 1.789913863118588e-15
33650.056 2.085059261198476e-15
33700.056 1.6418426133587452e-16
33750.056 2.889628915640482e-15
33800.056 8.445748818988254e-17
33850.056 1.4479977448397227e-15
33900.056 1.8715614613508877e-15
33950.056 2.3932111016122324e-15
34000.056 8.497351564737416e-15
34050.056 1.2571246939605568e-15
34100.056 1.1972055013861025e-14
34150.056 4.596203964073267e-15
34200.056 2.5697889373213034e-14
34250.056 4.859799877031567e-15
34300.056 1.082573627593257e-14
34350.056 9.993102476824854e-14
34400.056 8.79395896378815e-15
34450.056 4.5878842084113837e-14
34500.056 1.0222368171591884e-14
34550.056 5.697250222016517e-14
34600.056 2.89976677926463e-13
34650.056 4.205913842543801e-15
34700.056 7.414760477691763e-14
34750.056 4.8683036823878286e-14
34800.056 3.791658846874933e-14
34850.056 1.6485783969366959e-13
34900.056 1.2060160274692634e-14
34950.056 3.318563173512344e-13
35000.056 2.621066715785407e-13
35050.056 4.382623242985663e-13
35100.056 5.652234922274715e-13
35150.056 3.969258925469417e-13
35200.056 4.899234066086237e-13
35250.056 9.485478852390547e-13
35300.056 1.5688986903362458e-13
35350.056 3.541182892431771e-14
35400.056 2.034126437764476e-14
35450.056 3.8532117968104566e-14
35500.056 2.3677380044030483e-13
35550.056 9.633950082697536e-14
35600.056 4.344627685823992e-13
35650.056 9.684173198525634e-13
35700.056 1.2395661601464958e-12
35750.056 3.2502255470513643e-13
35800.056 1.8185790399577142e-13
35850.056 6.57580477003101e-14
35900.056 1.0923973165325909e-13
35950.056 1.997845374306073e-13
36000.056 3.960513390766532e-13
36050.056 3.4418164331751014e-13
36100.056 2.1904938592343297e-13
36150.056 2.4297022258081487e-12
36200.056 1.1113340416100363e-12
36250.056 4.1055976239982823e-13
36300.056 3.2820842924824507e-12
36350.056 1.768473202648423e-12
36400.056 2.306400493865858e-12
36450.056 1.848836009364643e-12
36500.056 1.640093821520899e-12
36550.056 6.527590236082851e-12
36600.056 4.147555211585577e-12
36650.056 1.8905354431299604e-12
36700.056 5.197475230581274e-12
36750.056 6.273712404158269e-12
36800.056 8.89219178932012e-12
36850.056 1.3142860982055381e-12
36900.056 3.2667554886044827e-12
36950.056 9.569928143481451e-12
37000.056 6.250235125924894e-12
37050.056 8.98067759324516e-12
37100.056 1.867170001990799e-12
37150.056 3.66359760870336e-12
37200.056 1.6785999130347132e-11
37250.056 7.021491447847341e-12
37300.056 1.6732097068774298e-12
37350.056 3.834580300151777e-12
37400.056 5.161040616863684e-12
37450.056 1.777803839906605e-12
37500.056 5.200943048174127e-12
37550.056 1.306441963257231e-11
37600.056 2.8733691885365064e-11
37650.056 3.720406220706392e-12
37700.056 7.325979845125483e-12
37750.056 8.956229371923422e-12
37800.056 5.09234439186778e-12
37850.056 2.0752039594966653e-12
37900.056 2.1438796273798767e-12
37950.056 6.031980789679537e-12
38000.056 7.451246703668271e-12
38050.056 2.3023673342298012e-11
38100.056 2.402279238376892e-11
38150.056 4.466757402454135e-11
38200.056 2.822352015295707e-11
38250.056 5.163476868168109e-11
38300.056 8.55289414066221e-11
38350.056 3.209796058508667e-11
38400.056 3.698548880463677e-12
38450.056 5.52752271576231e-13
38500.056 1.0719996628305496e-12
38550.056 1.2492840453088437e-11
38600.056 1.475758304165592e-11
38650.056 1.752127844823396e-11
38700.056 1.7818272371551662e-12
38750.056 1.0049733578272167e-11
38800.056 8.186791622699215e-12
38850.056 1.8666473089879447e-11
38900.056 2.226036004624599e-11
38950.056 8.781988159191145e-12
39000.056 5.030186736667927e-11
39050.056 4.461598186691045e-12
39100.056 1.6654397707718307e-11
39150.056 5.343072750702095e-11
39200.056 2.066897487336421e-11
39250.056 6.111285662167522e-11
39300.056 1.8373683975281243e-11
39350.056 8.213207309120251e-11
39400.056 1.8826415659133862e-11
39450.056 5.990561967900068e-11
39500.056 4.541077415397529e-11
39550.056 1.031309206216679e-11
39600.056 6.873633272994796e-11
39650.056 5.376181111229597e-11
39700.056 8.00339726829437e-11
39750.056 2.094289641168769e-11
39800.056 1.8708728215211126e-11
39850.056 6.673188645095099e-11
39900.056 1.366942886203047e-10
39950.056 2.2017547486438456e-11
40000.056 6.34863219223578e-11
40050.056 7.647701353248359e-11
40100.056 2.150517705688908e-11
40150.056 8.385629109749677e-11
40200.056 9.897598332121625e-11
40250.056 1.1831044882853996e-10
40300.056 1.3412112034577106e-10
40350.056 4.899415490179369e-11
40400.056 5.844077010427846e-11
40450.056 1.6369057693316306e-11
40500.056 1.5149736297538e-10
40550.056 1.7613192164119519e-10
40600.056 1.0658854419225848e-10
40650.056 5.347215236000838e-11
40700.056 1.0654252437726535e-10
40750.056 8.278364856162375e-11
40800.056 4.6620352340968255e-11
40850.056 2.815676371811981e-10
40900.056 2.3432521429666e-10
40950.056 2.0176887269383314e-10
41000.056 8.509443496236299e-11
41050.056 3.0131357912937104e-10
41100.056 2.2008450631964521e-10
41150.056 3.657149654064869e-11
41200.056 4.4516970063610446e-10
41250.056 1.6319392932000376e-10
41300.056 1.4962395594380875e-10
41350.056 4.322258384983418e-10
41400.056 2.9482505036699835e-10
41450.056 5.551523819492596e-10
41500.056 2.8764339746626746e-10
41550.056 1.6909758913199708e-10
41600.056 1.958765492192134e-10
41650.056 5.282477937132794e-10
41700.056 6.773073117461711e-10
41750.056 5.168851514545078e-10
41800.056 4.017035188900821e-10
41850.056 4.2157748993061955e-10
41900.056 2.108539371961951e-10
41950.056 2.344051945202868e-10
42000.056 2.0217390506078335e-11
42050.056 8.998090758906137e-11
42100.056 9.89807660629825e-11
42150.056 1.7740754116427185e-10
42200.056 4.3453312184124644e-10
42250.056 2.394994596000459e-10
42300.056 1.8611901230913135e-10
42350.056 5.422412166859714e-10
42400.056 8.769538190497311e-10
42450.056 1.0296101673502996e-09
42500.056 1.1020452208038772e-09
42550.056 7.933318963605096e-10
42600.056 6.064552942942284e-10
42650.056 1.089414144204243e-09
42700.056 2.8657733910067455e-10
42750.056 1.2201448714474243e-09
42800.056 2.5605520212005754e-09
42850.056 1.93689676016957e-09
42900.056 1.4951382981122112e-09
42950.056 1.7225984833738409e-09
43000.056 2.100526842980389e-09
43050.056 8.639582862954909e-10
43100.056 1.1555499008350218e-09
43150.056 1.021547644689146e-09
43200.056 2.7278525099604898e-09
43250.056 2.5292552712466367e-09
43300.056 2.7521468686298843e-09
43350.056 1.5814022475590558e-09
43400.056 2.3233394442841698e-09
43450.056 1.0729530145751958e-09
43500.056 6.852120466681688e-10
43550.056 1.0521817391087645e-09
43600.056 2.5577180574006873e-09
43650.056 1.5684559568742728e-09
43700.056 2.9873432838198343e-09
43750.056 3.337509884328569e-09
43800.056 2.330478780764566e-09
43850.056 1.9489048727337154e-09
43900.056 1.252500687959518e-09
43950.056 7.257792522851996e-10
44000.056 1.0777996533976843e-09
44050.056 3.610750799288666e-09
44100.056 3.7741473385733694e-09
44150.056 4.260830194309706e-09
44200.056 3.8919661858901915e-09
44250.056 1.4563503364181794e-09
44300.056 1.2072653481140235e-09
44350.056 1.14838284505079e-09
44400.056 8.202934689920248e-10
44450.056 2.4462752190315036e-09
44500.056 2.643991951100363e-09
44550.056 3.543235880939629e-09
44600.056 2.959244814404627e-09
44650.056 2.141092152492969e-09
44700.056 1.6695081680358827e-09
44750.056 3.951452541590898e-09
44800.056 1.5702388435089e-09
44850.056 1.816416453033402e-09
44900.056 2.597720807736366e-09
44950.056 3.433203775871029e-09
45000.056 5.005099698600572e-09
45050.056 3.154375131089125e-09
45100.056 2.974324137759564e-09
45150.056 2.0655895170232334e-09
45200.056 1.7492026951301745e-09
45250.056 2.295246816977264e-09
45300.056 2.32901760729731e-09
45350.056 1.178533457676487e-09
45400.056 6.3949123156013564e-09
45450.056 3.5120048379601527e-09
45500.056 6.465457548191706e-09
45550.056 5.984269514507699e-09
45600.056 4.065181040301188e-09
45650.056 3.4852679039499562e-09
45700.056 2.0483289582798217e-09
45750.056 2.069610665424331e-09
45800.056 6.090895856150212e-09
45850.056 3.176814207498076e-09
45900.056 6.551691426978836e-09
45950.056 7.3651426999799526e-09
46000.056 5.611151580735885e-09
46050.056 3.511960602952983e-09
46100.056 8.89021679769927e-09
46150.056 4.260340078140507e-09
46200.056 3.051651789659274e-09
46250.056 8.773493512849077e-10
46300.056 3.750342721579839e-09
46350.056 3.3553822912167286e-09
46400.056 3.361235312480026e-09
46450.056 3.0336844309861344e-09
46500.056 4.021706475299594e-09
46550.056 1.3979903999250475e-09
46600.056 2.2112814265736676e-09
46650.056 4.13890221464032e-09
46700.056 2.6888028817391858e-09
46750.056 8.310614397091277e-10
46800.056 4.204114655870232e-10
46850.056 3.6293784214207358e-09
46900.056 4.57879465863986e-09
46950.056 5.3804636302997885e-09
47000.056 5.4790604274406895e-09
47050.056 2.639731487640568e-09
47100.056 2.0920727878333696e-09
47150.056 4.061973889970195e-09
47200.056 3.94379305520928e-09
47250.056 1.735324819112724e-09
47300.056 1.0888374704193122e-09
47350.056 4.506601157820621e-09
47400.056 4.394171608899367e-09
47450.056 2.3783663953820115e-09
47500.056 4.476965151140017e-09
47550.056 4.897378955020713e-09
47600.056 3.122273114167718e-09
47650.056 3.646160548158033e-09
47700.056 2.646377915711496e-09
47750.056 2.1530868699600935e-09
47800.056 1.2657267979102872e-09
47850.056 4.1810722134312257e-10
47900.056 8.900259359389721e-10
47950.056 3.0639493312001556e-09
48000.056 4.320209420599837e-09
48050.056 3.114980248664474e-09
48100.056 1.2461872817102622e-09
48150.056 2.945475073580131e-09
48200.056 1.100580472961843e-09
48250.056 1.6432306399897739e-09
48300.056 4.0602889527000126e-09
48350.056 1.7610953437196538e-09
48400.056 2.7977813531201243e-10
48450.056 5.463425308263473e-10
48500.056 1.146088210319757e-09
48550.056 1.4172809104291982e-09
48600.056 3.5219600129992286e-09
48650.056 4.668404230779334e-09
48700.056 2.756756670975839e-09
48750.056 2.850808836840341e-09
48800.056 3.757549751610197e-09
48850.056 1.496249194484778e-09
48900.056 1.1807227724198426e-09
48950.056 4.813564123919811e-10
49000.056 3.0927756886146206e-10
49050.056 1.412306867790812e-09
49100.056 2.5283080229414797e-09
49150.056 1.8787427970605994e-09
49200.056 4.121937113900679e-09
49250.056 3.842598251799528e-09
49300.056 2.7158974411000363e-09
49350.056 7.716041183594043e-10
49400.056 1.2017955834554888e-09
49450.056 9.983538911622205e-10
49500.056 6.159539177788351e-10
49550.056 1.0561044602799869e-10
49600.056 2.5774432520785913e-10
49650.056 1.1858531454804179e-09
49700.056 1.6216519707993985e-09
49750.056 9.96328531564099e-10
49800.056 5.817965191749778e-10
49850.056 2.095528709424333e-09
49900.056 2.2614987431598356e-09
49950.056 2.1961482263601165e-09
50000.056 8.080037292116678e-10
50050.056 9.71635775901071e-10
50100.056 8.880296172499037e-10
50150.056 2.7764232805393516e-10
50200.056 5.2440953540205695e-11
50250.056 2.54993852490006e-10
50300.056 1.6975773202903637e-10
50350.056 1.0720910642702516e-09
50400.056 1.4718901206396332e-09
50450.056 1.5043141184303866e-09
50500.056 2.3744026248869492e-09
50550.056 2.0994089440302234e-09
50600.056 1.1157308418988217e-09
50650.056 2.7392092302002577e-09
50700.056 1.967547329239624e-09
50750.056 9.186466869500236e-10
50800.056 1.9507050312934475e-10
50850.056 9.767006019803038e-11
50900.056 6.957814062701075e-10
50950.056 8.663214168398762e-10
51000.056 5.456551342460265e-10
51050.056 1.3799962011799827e-09
51100.056 3.7648645153204113e-10
51150.056 2.774479003788664e-10
51200.056 1.4887479920900168e-09
51250.056 1.071620864357856e-09
51300.056 6.756132969831435e-10
51350.056 3.5268387862252723e-10
51400.056 9.699410910141698e-11
51450.056 9.504469187907878e-11
51500.056 9.908317581922986e-11
51550.056 3.4876425229005677e-10
51600.056 4.659874991132018e-10
51650.056 8.995179905400577e-10
51700.056 7.707510725359129e-10
51750.056 4.4338336420809365e-10
51800.056 1.0882299250899384e-09
51850.056 8.269299187199231e-10
51900.056 5.621680425599146e-10
51950.056 2.5650222365998036e-10
52000.056 5.162422993079276e-11
52050.056 1.3336213780940657e-10
52100.056 8.966182279399267e-11
52150.056 5.5411549831019424e-11
52200.056 1.8618644109400606e-10
52250.056 2.9536249511205976e-10
52300.056 2.796809195819839e-10
52350.056 9.613514177418957e-11
52400.056 1.1239093516899539e-10
52450.056 4.1548644606002287e-10
52500.056 2.5364041410095135e-10
52550.056 5.449378378599823e-10
52600.056 5.937114120399721e-10
52650.056 6.464165574099897e-10
52700.056 3.827236118039408e-10
52750.056 9.065619531518171e-11
52800.056 1.9630754820703098e-10
52850.056 2.188828634329676e-10
52900.056 7.99821190672719e-11
52950.056 1.3176315727901714e-10
53000.056 2.5445331633706024e-10
53050.056 1.1683925047898418e-10
53100.056 3.973445360739337e-10
53150.056 2.797140124744734e-10
53200.056 1.571836647773439e-10
53250.056 1.8477820178628813e-10
53300.056 3.101125501085714e-10
53350.056 2.2628072295735646e-10
53400.056 1.5810884460573068e-10
53450.056 6.846398896938326e-11
53500.056 2.2284704877643022e-11
