galfind/configs/Brown_Dwarf_templates/sonora_bobcat/m+0.5/10g/sp_t2300g10nc_m+0.5_resample.dat
# %ECSV 1.0
# ---
# datatype:
# - {name: wav, unit: Angstrom, datatype: float64}
# - {name: flux_nu, unit: erg / (cm2 Hz s), datatype: float64}
# meta: {C/O: '1.00', Kzz: '1.0000E+05', Teff: '2300.', Y: '0.28', '[Fe/H]': '0.50', f_hole: '1.00', f_rain: '0.00', grav: '10.'}
# schema: astropy-2.0
wav flux_nu
[from data line 503]
29150.056 4.133551039500101e-06
29200.056 4.02275663539993e-06
29250.056 4.159285194700068e-06
29300.056 4.0053230990990135e-06
29350.056 4.302065771299621e-06
29400.056 4.014020264299889e-06
29450.056 3.931695347199776e-06
29500.056 4.13720452709985e-06
29550.056 4.010907066300307e-06
29600.056 4.085086099700091e-06
29650.056 4.1404194371002195e-06
29700.056 3.853084272199627e-06
29750.056 4.3074578075008495e-06
29800.056 4.183841446599796e-06
29850.056 4.159232013399691e-06
29900.056 3.894269171700597e-06
29950.056 4.280706473999544e-06
30000.056 4.2515556859990315e-06
30050.056 4.066141663200009e-06
30100.056 3.6304448953996834e-06
30150.056 4.55546392969977e-06
30200.056 4.353063616100274e-06
30250.056 4.09775601400053e-06
30300.056 4.234097011899975e-06
30350.056 4.1178161587006175e-06
30400.056 4.4468409173003575e-06
30450.056 3.905299506700315e-06
30500.056 3.929717540300448e-06
30550.056 4.602284778800628e-06
30600.056 4.3993063077002545e-06
30650.056 4.348287783300167e-06
30700.056 4.188192712900044e-06
30750.056 4.106637680100211e-06
30800.056 4.529208200500901e-06
30850.056 4.1798733655000445e-06
30900.056 4.204608133399779e-06
30950.056 4.109105385400286e-06
31000.056 4.453600978899911e-06
31050.056 4.032683678800118e-06
31100.056 4.355389440200061e-06
31150.056 4.329679116399779e-06
31200.056 4.501924068499718e-06
31250.056 4.552542083900641e-06
31300.056 4.267251362099753e-06
31350.056 4.238049334099936e-06
31400.056 4.411151040500409e-06
31450.056 4.373083477900259e-06
31500.056 4.47669342340052e-06
31550.056 4.17087097319995e-06
31600.056 4.348579523099933e-06
31650.056 4.429779523399857e-06
31700.056 4.575472875400048e-06
31750.056 4.150627835100085e-06
31800.056 4.4631895508002855e-06
31850.056 4.793296446099779e-06
31900.056 4.675736528399725e-06
31950.056 4.186491873799661e-06
32000.056 4.331903358600562e-06
32050.056 4.68808215530046e-06
32100.056 4.7472595761996755e-06
32150.056 4.712123314200149e-06
32200.056 4.556966152799912e-06
32250.056 4.4217544181001195e-06
32300.056 4.6514967897000655e-06
32350.056 4.825449925900474e-06
32400.056 4.5218281685999985e-06
32450.056 4.41724589180024e-06
32500.056 4.6554378055001486e-06
32550.056 4.931051793000129e-06
32600.056 4.827185113499779e-06
32650.056 4.777664738300891e-06
32700.056 4.587131591800053e-06
32750.056 4.774709417599985e-06
32800.056 4.526937893700586e-06
32850.056 5.011252368099779e-06
32900.056 4.8623589106001665e-06
32950.056 4.518787331599893e-06
33000.056 4.7579293015001654e-06
33050.056 4.775817352899757e-06
33100.056 4.877322846399215e-06
33150.056 4.859736694200367e-06
33200.056 4.6729061553003885e-06
33250.056 4.812338414400234e-06
33300.056 5.120640606900219e-06
33350.056 4.856001934600309e-06
33400.056 4.701014094099748e-06
33450.056 4.97798526889886e-06
33500.056 4.869248429800126e-06
33550.056 4.889308244799345e-06
33600.056 4.893874642600384e-06
33650.056 4.957739154500669e-06
33700.056 5.086822795899458e-06
33750.056 5.079166298800184e-06
33800.056 5.036018033399871e-06
33850.056 4.892648635199941e-06
33900.056 5.227501476899612e-06
33950.056 4.864541463799595e-06
34000.056 4.9092863985993204e-06
34050.056 5.020091881000101e-06
34100.056 5.222055955200366e-06
34150.056 5.136910962999626e-06
34200.056 4.943495143899517e-06
34250.056 5.272911156799414e-06
34300.056 5.035141100899484e-06
34350.056 5.221678826599447e-06
34400.056 4.9513249726996e-06
34450.056 4.984245698200062e-06
34500.056 5.04010302360076e-06
34550.056 5.00007772899986e-06
34600.056 5.107420219499944e-06
34650.056 5.111967791699828e-06
34700.056 4.9357764939997144e-06
34750.056 5.2013751989002214e-06
34800.056 5.286490388699701e-06
34850.056 4.983403269200055e-06
34900.056 5.222011879500402e-06
34950.056 5.113508102399272e-06
35000.056 5.05648335579966e-06
35050.056 5.293387184500447e-06
35100.056 5.290700610699275e-06
35150.056 5.127496659299604e-06
35200.056 5.247684439399711e-06
35250.056 4.8713329668003875e-06
35300.056 5.198577184600422e-06
35350.056 5.35514822349967e-06
35400.056 5.179622843599998e-06
35450.056 5.05697519230011e-06
35500.056 5.255511105200079e-06
35550.056 5.148773529900012e-06
35600.056 5.137711216599214e-06
35650.056 5.36265114960041e-06
35700.056 5.101988783300245e-06
35750.056 5.105081100399799e-06
35800.056 5.264282996699753e-06
35850.056 5.370375122299719e-06
35900.056 5.369880017399629e-06
35950.056 5.3039083810994425e-06
36000.056 4.997869062499614e-06
36050.056 5.367757166100125e-06
36100.056 5.537690734400168e-06
36150.056 5.137870390500204e-06
36200.056 5.411529245799614e-06
36250.056 5.161154812399391e-06
36300.056 5.606444302600665e-06
36350.056 5.507284980599438e-06
36400.056 5.328328995899816e-06
36450.056 5.564950322799724e-06
36500.056 5.305314983000308e-06
36550.056 5.2127130521003476e-06
36600.056 5.267252437900432e-06
36650.056 5.385877363600436e-06
36700.056 5.55161063530014e-06
36750.056 5.275203862900583e-06
36800.056 5.383407828299569e-06
36850.056 5.4695481523998335e-06
36900.056 5.4935842587005755e-06
36950.056 5.4885493341001384e-06
37000.056 5.477958946900235e-06
37050.056 5.5997126997999705e-06
37100.056 5.415718138500268e-06
37150.056 5.358713149399216e-06
37200.056 5.548532564900153e-06
37250.056 5.571167734800311e-06
37300.056 5.5119307386007785e-06
37350.056 5.3894628281005e-06
37400.056 5.552428560199766e-06
37450.056 5.540881332600357e-06
37500.056 5.646087233599827e-06
37550.056 5.5016308272993585e-06
37600.056 5.68773823559945e-06
37650.056 5.332161779999574e-06
37700.056 5.392894246500208e-06
37750.056 5.666599721699296e-06
37800.056 5.75318981919999e-06
37850.056 5.595898580099794e-06
37900.056 5.663539963900293e-06
37950.056 5.683506423700272e-06
38000.056 5.584402204900614e-06
38050.056 5.5947091082002974e-06
38100.056 5.477267372400131e-06
38150.056 5.712525379199375e-06
38200.056 5.8228665226994104e-06
38250.056 5.584204726800484e-06
38300.056 5.500288150799935e-06
38350.056 5.679779081500064e-06
38400.056 5.675457173999885e-06
38450.056 5.617296592400503e-06
38500.056 5.603455998099789e-06
38550.056 5.6421391739003895e-06
38600.056 5.904513254299766e-06
38650.056 5.415265853400177e-06
38700.056 5.491040201600413e-06
38750.056 5.739787709600047e-06
38800.056 5.594962515500658e-06
38850.056 5.681192583200193e-06
38900.056 5.4873563524000065e-06
38950.056 5.631837784299628e-06
39000.056 5.611262571900096e-06
39050.056 5.617856674700014e-06
39100.056 5.420353716399891e-06
39150.056 5.531887662000234e-06
39200.056 5.6099283573001865e-06
39250.056 5.607215856499474e-06
39300.056 5.6261246316992624e-06
39350.056 5.5834668582004426e-06
39400.056 5.45713725430018e-06
39450.056 5.519830712799814e-06
39500.056 5.489828245900006e-06
39550.056 5.4133677306990675e-06
39600.056 5.701278682600407e-06
39650.056 5.398125263400159e-06
39700.056 5.538405642400015e-06
39750.056 5.54208147679957e-06
39800.056 5.325305755100224e-06
39850.056 5.462416363499826e-06
39900.056 5.320886143899725e-06
39950.056 5.4871669843998235e-06
40000.056 5.329035253999758e-06
40050.056 5.00956480159983e-06
40100.056 5.319314348699853e-06
40150.056 5.0547869331993376e-06
40200.056 5.250615655399743e-06
40250.056 5.211605769898821e-06
40300.056 4.959167254600142e-06
40350.056 5.092397281600223e-06
40400.056 5.190082831100014e-06
40450.056 4.88029999090085e-06
40500.056 4.717004906799848e-06
40550.056 5.198708163499764e-06
40600.056 4.88781345900023e-06
40650.056 4.97953501670093e-06
40700.056 5.1667899864002876e-06
40750.056 4.703851165799028e-06
40800.056 4.691334151200458e-06
40850.056 4.520151406900779e-06
40900.056 4.429026791000604e-06
40950.056 4.742940521700073e-06
41000.056 4.89840537910038e-06
41050.056 4.772915411099398e-06
41100.056 4.624227340500525e-06
41150.056 4.870528607200187e-06
41200.056 4.6100280995000504e-06
41250.056 4.701785147500109e-06
41300.056 4.334031094999802e-06
41350.056 4.78248023540027e-06
41400.056 4.652673756499874e-06
41450.056 4.493938967700006e-06
41500.056 4.704303014799955e-06
41550.056 4.756022103400028e-06
41600.056 4.859293768899803e-06
41650.056 4.458968766400446e-06
41700.056 4.366367408399782e-06
41750.056 4.568618961400046e-06
41800.056 4.363070406699808e-06
41850.056 4.237997374900386e-06
41900.056 4.576888978699375e-06
41950.056 4.2131875704004045e-06
42000.056 4.428748147700185e-06
42050.056 4.259892367398991e-06
42100.056 4.46999357890028e-06
42150.056 4.104527674599348e-06
42200.056 4.155760527200132e-06
42250.056 4.304392003399926e-06
42300.056 4.116777351600055e-06
42350.056 4.356012173900517e-06
42400.056 4.109003600200063e-06
42450.056 3.756630522000358e-06
42500.056 3.844009694200172e-06
42550.056 4.038620157099895e-06
42600.056 3.994999997000268e-06
42650.056 3.869561461799195e-06
42700.056 4.024572650300639e-06
42750.056 3.8834290378999904e-06
42800.056 3.9097511508001855e-06
42850.056 4.0075336304998295e-06
42900.056 3.945400850900273e-06
42950.056 3.6898986143989066e-06
43000.056 3.807919202699948e-06
43050.056 3.7701057710008805e-06
43100.056 3.823024354399545e-06
43150.056 3.929601384300535e-06
43200.056 3.831833719499946e-06
43250.056 3.821872995800618e-06
43300.056 3.907281094700312e-06
43350.056 3.740059167499669e-06
43400.056 3.71081952009982e-06
43450.056 3.759432370900783e-06
43500.056 3.691818439999357e-06
43550.056 3.82665435409985e-06
43600.056 3.8987450340999754e-06
43650.056 3.7411751682005338e-06
43700.056 3.716454954499947e-06
43750.056 3.6997729012999373e-06
43800.056 3.6308590572000305e-06
43850.056 3.7864476153002235e-06
43900.056 3.789686743100094e-06
43950.056 3.636066648600567e-06
44000.056 3.5499013520004404e-06
44050.056 3.613280780800068e-06
44100.056 3.583569842000547e-06
44150.056 3.83701316649941e-06
44200.056 3.7011525221000627e-06
44250.056 3.537691692599841e-06
44300.056 3.4951215917004114e-06
44350.056 3.545932544000026e-06
44400.056 3.4852542391000605e-06
44450.056 3.679084946800138e-06
44500.056 3.7801599509005396e-06
44550.056 3.606723496599502e-06
44600.056 3.633633661000259e-06
44650.056 3.6629633033000626e-06
44700.056 3.4899432279003194e-06
44750.056 3.6778942496998967e-06
44800.056 3.709835158199944e-06
44850.056 3.812006615600217e-06
44900.056 3.6934522499005466e-06
44950.056 3.518975467899987e-06
45000.056 3.697395263000015e-06
45050.056 3.622617688799748e-06
45100.056 3.6627645369996856e-06
45150.056 3.765997974800085e-06
45200.056 3.555337602499815e-06
45250.056 3.5940811387994564e-06
45300.056 3.4368289301000265e-06
45350.056 3.740078903999355e-06
45400.056 3.7694754945001974e-06
45450.056 3.657764804299773e-06
45500.056 3.5194310636000193e-06
45550.056 3.6397532106994275e-06
45600.056 3.686601584399961e-06
45650.056 3.5229577045991266e-06
45700.056 3.461753991000426e-06
45750.056 3.665562786499586e-06
45800.056 3.717605339400348e-06
45850.056 3.6844689456001406e-06
45900.056 3.7818060906001735e-06
45950.056 3.5544142357000836e-06
46000.056 3.6263513175998285e-06
46050.056 3.6621512000004128e-06
46100.056 3.6357177060001667e-06
46150.056 3.5966706581000984e-06
46200.056 3.7635829196004937e-06
46250.056 3.5378161047998153e-06
46300.056 3.7012628098997266e-06
46350.056 3.4442340155998453e-06
46400.056 3.5444477712997913e-06
46450.056 3.495391671300464e-06
46500.056 3.5148615099004376e-06
46550.056 3.5935165411999313e-06
46600.056 3.386728466599625e-06
46650.056 3.732853535900521e-06
46700.056 3.53265580810011e-06
46750.056 3.4173266656000453e-06
46800.056 3.5283018180003144e-06
46850.056 3.5880618618000303e-06
46900.056 3.5110106434996996e-06
46950.056 3.5026560456001305e-06
47000.056 3.6227598691002365e-06
47050.056 3.4893484701998016e-06
47100.056 3.571492229200241e-06
47150.056 3.4523783436004046e-06
47200.056 3.490812618300462e-06
47250.056 3.5155700089989927e-06
47300.056 3.3509434754992537e-06
47350.056 3.3504401186997184e-06
47400.056 3.5400321956995886e-06
47450.056 3.72904966509988e-06
47500.056 3.358147755099269e-06
47550.056 3.534519559999468e-06
47600.056 3.525626334300013e-06
47650.056 3.252597396699511e-06
47700.056 3.578687867300186e-06
47750.056 3.2144505580005373e-06
47800.056 3.5478459578998072e-06
47850.056 3.342243194298679e-06
47900.056 3.5818327064001007e-06
47950.056 3.301454811400768e-06
48000.056 3.5743032806000575e-06
48050.056 3.427131020000677e-06
48100.056 3.238272252200062e-06
48150.056 3.428812778100048e-06
48200.056 3.513131887400793e-06
48250.056 3.451618973699647e-06
48300.056 3.6186270218999086e-06
48350.056 3.2318421408997744e-06
48400.056 3.5684616521998647e-06
48450.056 3.5674549676002266e-06
48500.056 3.513472555100002e-06
48550.056 3.4324245271002714e-06
48600.056 3.419118939799811e-06
48650.056 3.2346354950999736e-06
48700.056 3.249142232000097e-06
48750.056 3.2684308221006217e-06
48800.056 3.5231816840001385e-06
48850.056 3.4225423653998805e-06
48900.056 3.4136445873999523e-06
48950.056 3.452888602100592e-06
49000.056 3.3610372148999126e-06
49050.056 3.2871999204996408e-06
49100.056 3.330097968199915e-06
49150.056 3.3040072029002987e-06
49200.056 3.569865077400118e-06
49250.056 3.4128919813003647e-06
49300.056 3.286958208099936e-06
49350.056 3.0314661782001543e-06
49400.056 3.397161145800553e-06
49450.056 3.304321750000336e-06
49500.056 3.2839979933003385e-06
49550.056 3.2028397711001096e-06
49600.056 3.217701891300334e-06
49650.056 3.2061585638006495e-06
49700.056 2.9846402210998015e-06
49750.056 3.3883521248994046e-06
49800.056 3.3927992087000393e-06
49850.056 3.4146192055001467e-06
49900.056 3.18887691080004e-06
49950.056 3.3653901637991506e-06
50000.056 3.1257860508997216e-06
50050.056 3.3577092472000127e-06
50100.056 3.1748618425997465e-06
50150.056 3.112265463299698e-06
50200.056 2.9209294777000634e-06
50250.056 2.9343925988001533e-06
50300.056 3.0969753746996725e-06
50350.056 3.071518428899957e-06
50400.056 3.124093113000244e-06
50450.056 3.02467651150005e-06
50500.056 3.3827276308003257e-06
50550.056 3.2074807250998254e-06
50600.056 3.1013627892002416e-06
50650.056 3.0850964861006064e-06
50700.056 3.123398937299364e-06
50750.056 2.998198555300219e-06
50800.056 3.1251579034003014e-06
50850.056 2.995665784000235e-06
50900.056 3.0014666684000276e-06
50950.056 3.2231670472002592e-06
51000.056 3.2314518300001625e-06
51050.056 2.99295573780047e-06
51100.056 2.962724978399903e-06
51150.056 3.1032534862001976e-06
51200.056 3.1240774867997437e-06
51250.056 3.1152366485000245e-06
51300.056 3.0483061578003567e-06
51350.056 3.0701628465997366e-06
51400.056 3.000640132899573e-06
51450.056 2.7453449548000976e-06
51500.056 3.1314589604998238e-06
51550.056 3.196853792700187e-06
51600.056 2.8934670531996183e-06
51650.056 3.0085254461997336e-06
51700.056 2.7810239201994505e-06
51750.056 2.929800693600138e-06
51800.056 2.9382016466997715e-06
51850.056 3.0222587108000842e-06
51900.056 3.1019835005001454e-06
51950.056 2.8383660996997354e-06
52000.056 2.8071184257999964e-06
52050.056 3.050904464299905e-06
52100.056 2.9799094398994483e-06
52150.056 2.958030622400414e-06
52200.056 2.9349702162000525e-06
52250.056 2.8135389764000005e-06
52300.056 2.857583549599853e-06
52350.056 3.09818639620033e-06
52400.056 2.886105553699621e-06
52450.056 2.8965480238000556e-06
52500.056 2.9257778800993525e-06
52550.056 2.7847189435995668e-06
52600.056 2.9329178205001867e-06
52650.056 3.1453987745004127e-06
52700.056 2.885560466800103e-06
52750.056 2.574057111199844e-06
52800.056 2.776823163100317e-06
52850.056 2.7707961612998503e-06
52900.056 2.904994858400373e-06
52950.056 2.8068293209995196e-06
53000.056 2.9770536860997337e-06
53050.056 2.944267138199834e-06
53100.056 2.635367291399382e-06
53150.056 2.9219430732004078e-06
53200.056 2.725659478800214e-06
53250.056 3.0711469752000094e-06
53300.056 2.9245190266005937e-06
53350.056 3.0504364301999454e-06
53400.056 2.7697881471000736e-06
53450.056 2.650459233999998e-06
53500.056 2.688632106199748e-06
53550.056 2.951077657000136e-06
53600.056 2.852918722800327e-06
53650.056 2.825954975000797e-06
53700.056 2.803422846100567e-06
53750.056 3.006587483199799e-06
53800.056 3.034784120800285e-06
53850.056 2.8784910823993067e-06
