galfind/configs/Brown_Dwarf_templates/sonora_bobcat/m+0.5/10g/sp_t1400g10nc_m+0.5_resample.dat
# %ECSV 1.0
# ---
# datatype:
# - {name: wav, unit: Angstrom, datatype: float64}
# - {name: flux_nu, unit: erg / (cm2 Hz s), datatype: float64}
# meta: {C/O: '1.00', Kzz: '1.0000E+05', Teff: '1400.', Y: '0.28', '[Fe/H]': '0.50', f_hole: '1.00', f_rain: '0.00', grav: '10.'}
# schema: astropy-2.0
wav flux_nu
4000.0559999999996 nan
4050.0559999999996 8.758445511914761e-11
4100.056 1.7829882458300136e-10
4150.056 1.6772719216002582e-10
4200.056 1.452849700873267e-10
4250.056 1.6580242752608118e-10
4300.056 1.5339892289403321e-10
4350.056 1.692023358659997e-10
4400.056 2.0069713114503508e-10
4450.056 1.7259240332100085e-10
4500.056 1.8828352265201266e-10
4550.056 2.38893819919559e-10
4600.056 2.4879685049801385e-10
4650.056 2.333750451609887e-10
4700.056 2.792468433360616e-10
4750.056 3.2186290531597734e-10
4800.056 2.6106784062799087e-10
4850.056 2.854234631900049e-10
4900.056 3.5216564416900983e-10
4950.056 3.4592369670600573e-10
5000.056 1.889749618099826e-10
5050.056 1.222313858150137e-10
5100.056 1.213975629430127e-10
5150.056 1.1309945104302881e-10
5200.056 1.039131402909949e-10
5250.056 8.699617783700678e-11
5300.056 7.43330968150025e-11
5350.056 6.354607350100398e-11
5400.056 5.183803845599985e-11
5450.056 3.81663467119997e-11
5500.056 2.5648496094999536e-11
5550.056 1.7887509634999355e-11
5600.056 1.164848379429989e-11
5650.056 6.785621233899947e-12
5700.056 3.5145208986999665e-12
5750.056 1.630718511599988e-12
5800.056 6.755569223899919e-13
5850.056 2.627220978769961e-13
5900.056 6.005030279137522e-14
5950.056 6.152946536900123e-13
6000.056 2.8536374800000702e-12
6050.056 1.170528488600018e-11
6100.056 3.701850740000069e-11
6150.056 9.629210164700133e-11
6200.056 2.1240396621000258e-10
6250.056 4.0523445338000647e-10
6300.056 7.035890801200089e-10
6350.056 1.1269076372200042e-09
6400.056 1.6961965859999954e-09
6450.056 2.4395829155999324e-09
6500.056 2.9794520505998816e-09
6550.056 3.798484472599678e-09
6600.056 4.637206910100231e-09
6650.056 5.421557579600371e-09
6700.056 4.085796728958437e-09
6750.056 7.402540401700277e-09
6800.056 9.101359289800212e-09
6850.056 1.0950777559899945e-08
6900.056 1.1014487878400276e-08
6950.056 9.968560638199244e-09
7000.056 9.804202186199737e-09
7050.056 1.0101154579100117e-08
7100.056 1.0108243309899631e-08
7150.056 1.0175527019499992e-08
7200.056 1.1888593396250034e-08
7250.056 1.3997872501099945e-08
7300.056 1.54061489447008e-08
7350.056 1.369914319410056e-08
7400.056 1.0373442402400295e-08
7450.056 8.193693237099186e-09
7500.056 7.019466653599767e-09
7550.056 5.7436385396000176e-09
7600.056 3.492034654099935e-09
7650.056 3.222453612576424e-10
7700.056 7.533286973672436e-11
7750.056 2.034535642770067e-09
7800.056 5.8506285714537634e-09
7850.056 1.294822732460031e-08
7900.056 1.6707632859202112e-08
7950.056 1.6355743827283863e-08
8000.056 2.3409524317999637e-08
8050.056 3.2051628404996716e-08
8100.056 4.352324221920168e-08
8150.056 6.000335246410554e-08
8200.056 6.696027088240304e-08
8250.056 8.2502361549111e-08
8300.056 8.87210353674093e-08
8350.056 1.0106911034129357e-07
8400.056 1.101322877189995e-07
8450.056 9.826075335598929e-08
8500.056 9.610515272945089e-08
8550.056 1.0782635619000293e-07
8600.056 1.0870158011397012e-07
8650.056 1.0219970687496201e-07
8700.056 1.0056633650702224e-07
8750.056 1.1312373482399944e-07
8800.056 1.420249506050122e-07
8850.056 1.5986083310597704e-07
8900.056 1.5687356568698826e-07
8950.056 1.534968654075919e-07
9000.056 1.9327420401770358e-07
9050.056 2.1231898912869313e-07
9100.056 2.4471233090881977e-07
9150.056 2.4584384411950645e-07
9200.056 2.5775479265950293e-07
9250.056 2.1258828895260963e-07
9300.056 1.399647793390926e-07
9350.056 1.461246240771569e-07
9400.056 1.5777617861800014e-07
9450.056 1.875954994221247e-07
9500.056 1.9592384970206636e-07
9550.056 2.1641003541799203e-07
9600.056 1.930915850956292e-07
9650.056 2.1076518660769668e-07
9700.056 2.1652620203474906e-07
9750.056 2.0370488431572432e-07
9800.056 2.205162688713466e-07
9850.056 2.398528464695925e-07
9900.056 2.469164723298752e-07
9950.056 2.4914843604795474e-07
10000.056 2.571321923219163e-07
10050.056 2.814495269020152e-07
10100.056 3.3930427742193875e-07
10150.056 3.6664775198386684e-07
10200.056 4.0664184059994893e-07
10250.056 4.219046207008641e-07
10300.056 4.458055648599747e-07
10350.056 5.043517328699601e-07
10400.056 5.540659701299337e-07
10450.056 5.657709717300853e-07
10500.056 4.97658567310002e-07
10550.056 4.820722511101751e-07
10600.056 5.073407241800834e-07
10650.056 5.608907267490095e-07
10700.056 6.08657860034048e-07
10750.056 6.783233960259921e-07
10800.056 7.408751692220586e-07
10850.056 8.030911223358482e-07
10900.056 6.960278922493677e-07
10950.056 5.13569086216579e-07
11000.056 5.148347837288796e-07
11050.056 4.6152525412082276e-07
11100.056 4.5704082983504993e-07
11150.056 4.343549753950825e-07
11200.056 4.2077826713432423e-07
11250.056 4.68027641311656e-07
11300.056 4.617783347067991e-07
11350.056 3.621755748564976e-07
11400.056 3.811022428656284e-07
11450.056 3.9393843732784854e-07
11500.056 4.452580019098953e-07
11550.056 4.0250006842151556e-07
11600.056 4.4564259681352184e-07
11650.056 4.6398597993972523e-07
11700.056 4.0597922282073143e-07
11750.056 3.9068023965375837e-07
11800.056 4.0536127151422426e-07
11850.056 4.857105256339105e-07
11900.056 4.854838305189877e-07
11950.056 5.649320044218343e-07
12000.056 5.708737075730229e-07
12050.056 6.376871202931086e-07
12100.056 6.611100868209626e-07
12150.056 7.404932336298402e-07
12200.056 8.055533992017198e-07
12250.056 8.678768338656706e-07
12300.056 9.271964915682481e-07
12350.056 9.67865800489196e-07
12400.056 9.820604310299733e-07
12450.056 9.588121081300745e-07
12500.056 1.0352919833698896e-06
12550.056 1.071795300342021e-06
12600.056 1.1354108595320793e-06
12650.056 1.165739361084845e-06
12700.056 1.2489134247221386e-06
12750.056 1.260360935780111e-06
12800.056 1.3355736786772213e-06
12850.056 1.3022026179867975e-06
12900.056 1.2477159458809774e-06
12950.056 1.3172354943347013e-06
13000.056 1.2597796197896338e-06
13050.056 1.2534853917663454e-06
13100.056 1.2119981104473347e-06
13150.056 1.169077793420198e-06
13200.056 1.0833750031367608e-06
13250.056 9.831198251479233e-07
13300.056 7.136316930420469e-07
13350.056 3.7559345672684483e-07
13400.056 3.0584754079273567e-07
13450.056 2.462356714658985e-07
13500.056 2.3337254192028344e-07
13550.056 2.1499342269960617e-07
13600.056 1.7103861112169134e-07
13650.056 2.049302929243531e-07
13700.056 1.6758670641652527e-07
13750.056 1.555361912566153e-07
13800.056 1.906134948453667e-07
13850.056 1.8963580539213178e-07
13900.056 1.939051547210372e-07
13950.056 1.8548002479306538e-07
14000.056 1.7581079459444932e-07
14050.056 1.6890613802182332e-07
14100.056 1.4725484534849505e-07
14150.056 1.4556653019974605e-07
14200.056 1.3914874952614067e-07
14250.056 1.3516025689301556e-07
14300.056 1.4401881657668005e-07
14350.056 1.3433923923166564e-07
14400.056 1.6259038514035613e-07
14450.056 1.6593683726422677e-07
14500.056 2.0487448515450225e-07
14550.056 2.1702404606408472e-07
14600.056 2.265260099852681e-07
14650.056 2.2881048261409232e-07
14700.056 2.0343077470895217e-07
14750.056 2.2795861583548872e-07
14800.056 2.530580904251385e-07
14850.056 2.72693060543907e-07
14900.056 2.925850277075553e-07
14950.056 2.881414129139013e-07
15000.056 3.0835841856227754e-07
15050.056 3.436611656125002e-07
15100.056 3.599787610742519e-07
15150.056 4.00494346752453e-07
15200.056 4.1083766526315735e-07
15250.056 4.170575762892719e-07
15300.056 4.5774437163185026e-07
15350.056 4.714449614925442e-07
15400.056 5.095993957530402e-07
15450.056 5.528187775971211e-07
15500.056 5.635126877087904e-07
15550.056 6.136671073229953e-07
15600.056 5.94999135136062e-07
15650.056 6.495968393090397e-07
15700.056 7.396627094714868e-07
15750.056 7.90205989548996e-07
15800.056 7.909163957364721e-07
15850.056 8.71678718115831e-07
15900.056 8.810985820882665e-07
15950.056 9.73892737487846e-07
16000.056 9.986281213909732e-07
16050.056 1.0298986881369919e-06
16100.056 1.0999195011332255e-06
16150.056 1.1229903654701806e-06
16200.056 1.1758819415757534e-06
16250.056 1.2253805217389616e-06
16300.056 1.2249257931349565e-06
16350.056 1.2981872948349439e-06
16400.056 1.3431556217382627e-06
16450.056 1.3698703808238928e-06
16500.056 1.4523458581824938e-06
16550.056 1.493047346831279e-06
16600.056 1.4411442948135832e-06
16650.056 1.5792700878167889e-06
16700.056 1.5809575613179652e-06
16750.056 1.6408205373235294e-06
16800.056 1.7580186826489413e-06
16850.056 1.7147054782831731e-06
16900.056 1.7150524510379906e-06
16950.056 1.6878935094538104e-06
17000.056 1.647449492157029e-06
17050.056 1.615405882819038e-06
17100.056 1.4628796542786464e-06
17150.056 1.3800447993312844e-06
17200.056 1.230626746646836e-06
17250.056 1.162720166131571e-06
17300.056 1.1585307612743151e-06
17350.056 1.0617473132440123e-06
17400.056 1.1457744869353085e-06
17450.056 1.0266605769222772e-06
17500.056 9.599358606591356e-07
17550.056 9.851557104560148e-07
17600.056 9.283785725862974e-07
17650.056 8.982380882427668e-07
17700.056 7.523562116965418e-07
17750.056 6.670179650547021e-07
17800.056 7.236129960810431e-07
17850.056 6.151899813658167e-07
17900.056 6.087804884452357e-07
17950.056 6.00720802134133e-07
18000.056 5.298551504200565e-07
18050.056 5.153784702586798e-07
18100.056 4.851866600638534e-07
18150.056 5.976493905168681e-07
18200.056 4.25408119993142e-07
18250.056 5.519688966302225e-07
18300.056 5.329887383809207e-07
18350.056 4.502889751829596e-07
18400.056 4.618459791877969e-07
18450.056 4.1613942287151346e-07
18500.056 4.2550702543945426e-07
18550.056 3.909456039901734e-07
18600.056 3.265107265590703e-07
18650.056 3.7383505979592546e-07
18700.056 3.9796904058552436e-07
18750.056 3.791738388333015e-07
18800.056 4.1349041174375595e-07
18850.056 4.764465899878289e-07
18900.056 4.6093678210951424e-07
18950.056 4.654690788812875e-07
19000.056 5.001909211359297e-07
19050.056 4.768017475832858e-07
19100.056 5.041370318160251e-07
19150.056 5.417243471963641e-07
19200.056 5.238164122670451e-07
19250.056 5.026691620488479e-07
19300.056 5.184961892300721e-07
19350.056 4.892572123699536e-07
19400.056 4.311843283882849e-07
19450.056 5.342522543961131e-07
19500.056 4.973479293126782e-07
19550.056 4.0761641395334115e-07
19600.056 5.158555197924758e-07
19650.056 5.080584773272756e-07
19700.056 5.094630544322558e-07
19750.056 4.829876395940222e-07
19800.056 4.933649244827754e-07
19850.056 5.261861561742168e-07
19900.056 4.4739562768530176e-07
19950.056 5.590917686921102e-07
20000.056 4.848750761902585e-07
20050.056 5.276031386526412e-07
20100.056 5.947942515303771e-07
20150.056 5.67019288378628e-07
20200.056 5.97727564181689e-07
20250.056 6.489998116171127e-07
20300.056 6.518542760977796e-07
20350.056 6.900987231269298e-07
20400.056 6.798433109986375e-07
20450.056 7.884757730827578e-07
20500.056 7.599331678222971e-07
20550.056 7.873981683562162e-07
20600.056 8.835015599274258e-07
20650.056 8.697225461165052e-07
20700.056 9.098104764580233e-07
20750.056 9.713446189166855e-07
20800.056 1.0176676808902842e-06
20850.056 1.0270951249517995e-06
20900.056 1.075294674522767e-06
20950.056 1.1187937364240869e-06
21000.056 1.2049929224500647e-06
21050.056 1.2052695031970202e-06
21100.056 1.258843930359876e-06
21150.056 1.3708902437271222e-06
21200.056 1.349802865114167e-06
21250.056 1.4495135364898508e-06
21300.056 1.393994965840817e-06
21350.056 1.5646843894319987e-06
21400.056 1.4741269721882287e-06
21450.056 1.6718944236700033e-06
21500.056 1.5715193288302201e-06
21550.056 1.6217812262898472e-06
21600.056 1.6990272780102104e-06
21650.056 1.6511906338204268e-06
21700.056 1.8161397339300188e-06
21750.056 1.7453055473379752e-06
21800.056 1.7233888103298113e-06
21850.056 1.7440010041099648e-06
21900.056 1.785826076370368e-06
21950.056 1.7386930482123278e-06
22000.056 1.7762728653501905e-06
22050.056 1.6292231894895056e-06
22100.056 1.8061827203800984e-06
22150.056 1.8002678398200787e-06
22200.056 1.731019942111005e-06
22250.056 1.804552538520294e-06
22300.056 1.7811871718875386e-06
22350.056 1.7395353608504232e-06
22400.056 1.8305615621461928e-06
22450.056 1.7984340381985568e-06
22500.056 1.8467548430368364e-06
22550.056 1.7440143227482276e-06
22600.056 1.793217425596e-06
22650.056 1.769217801676859e-06
22700.056 1.7549919884734775e-06
22750.056 1.8334082364399514e-06
22800.056 1.7163096584949748e-06
22850.056 1.714208475168458e-06
22900.056 1.8265868473519111e-06
22950.056 1.1444226701031145e-06
23000.056 1.3324862024410997e-06
23050.056 1.4066576437885957e-06
23100.056 1.3470603270126976e-06
23150.056 1.3914015192154672e-06
23200.056 1.3204712717210999e-06
23250.056 1.0483772937096375e-06
23300.056 1.1504224590301854e-06
23350.056 1.1703859723790792e-06
23400.056 1.0853046106571074e-06
23450.056 1.1837746021268097e-06
23500.056 1.1300366471028618e-06
23550.056 1.022919713519427e-06
23600.056 1.0359702656973609e-06
23650.056 1.1200681548139154e-06
23700.056 1.0638597984887873e-06
23750.056 1.0101759830130448e-06
23800.056 1.0057557867802466e-06
23850.056 8.54086061347163e-07
23900.056 1.012214396647848e-06
23950.056 1.0553224610306608e-06
24000.056 9.766864328215184e-07
24050.056 1.0115462240967876e-06
24100.056 8.629165297807477e-07
24150.056 8.430348761315948e-07
24200.056 8.831741534653489e-07
24250.056 8.104052492783885e-07
24300.056 7.9718281157105e-07
24350.056 7.175569767991771e-07
24400.056 8.135065391096425e-07
24450.056 6.948055705736745e-07
24500.056 6.273293456878898e-07
24550.056 6.348459134820994e-07
24600.056 6.727321491241451e-07
24650.056 7.164312455238779e-07
24700.056 5.772713157659195e-07
24750.056 5.477180402874513e-07
24800.056 5.108145704572378e-07
24850.056 6.216579231039256e-07
24900.056 4.4770588750841976e-07
24950.056 5.754887382357596e-07
25000.056 5.02004198139962e-07
25050.056 3.784700367330834e-07
25100.056 4.6709108421206396e-07
25150.056 3.740394218480067e-07
25200.056 4.0898900580975784e-07
25250.056 3.8383022619989447e-07
25300.056 4.3685894960903496e-07
25350.056 3.3112846375712295e-07
25400.056 3.919331306291464e-07
25450.056 3.3182405252598093e-07
25500.056 3.559436047341206e-07
25550.056 3.350886782931014e-07
25600.056 3.3150066546301923e-07
25650.056 2.981549379369416e-07
25700.056 3.8657195026482065e-07
25750.056 2.6942315390202914e-07
25800.056 3.833924209360915e-07
25850.056 3.0612000716188215e-07
25900.056 3.596563440360041e-07
25950.056 3.022979710459268e-07
26000.056 3.818672022720385e-07
26050.056 3.922792086490391e-07
26100.056 3.910080123219157e-07
26150.056 3.8871989794584416e-07
26200.056 3.7013140834196003e-07
26250.056 3.7868219602311757e-07
26300.056 3.8776937321002805e-07
26350.056 3.9716146642090673e-07
26400.056 4.257106894516936e-07
26450.056 4.314607240150472e-07
26500.056 4.394784814207494e-07
26550.056 3.71107378142762e-07
26600.056 4.3243844483672545e-07
26650.056 3.110623555308908e-07
26700.056 2.998730623720317e-07
26750.056 2.6647716076182515e-07
26800.056 3.251341459098713e-07
26850.056 2.5832604309190504e-07
26900.056 3.4373533240307496e-07
26950.056 2.4753156140399606e-07
27000.056 3.351305832710384e-07
27050.056 2.754986142310863e-07
27100.056 2.861937264509561e-07
27150.056 3.177910925680273e-07
27200.056 3.0399658263019766e-07
27250.056 3.064652184632087e-07
27300.056 3.490808653419125e-07
27350.056 3.428127172629022e-07
27400.056 2.864837454850063e-07
27450.056 4.0729604327475e-07
27500.056 3.752022432848418e-07
27550.056 3.393705849220197e-07
27600.056 4.1982388875589107e-07
27650.056 3.0806368715487616e-07
27700.056 3.000204086301549e-07
27750.056 3.8988422097968503e-07
27800.056 2.8039451309783834e-07
27850.056 3.2552402681370084e-07
27900.056 3.5094607071712127e-07
27950.056 3.977459883030483e-07
28000.056 3.7940813254519083e-07
28050.056 2.813136998321268e-07
28100.056 4.2240158460915814e-07
28150.056 3.3898432317906535e-07
28200.056 2.9575350280709485e-07
28250.056 3.779316360980548e-07
28300.056 4.4816152061995937e-07
28350.056 3.4770254840784224e-07
28400.056 3.536111465970021e-07
28450.056 3.7350195943484783e-07
28500.056 3.877402918039464e-07
28550.056 2.849300256308679e-07
28600.056 4.5289806444496055e-07
28650.056 4.2711721230475343e-07
28700.056 3.9963401457290803e-07
28750.056 4.594040779620521e-07
28800.056 4.142984585741119e-07
