galfind/configs/Brown_Dwarf_templates/sonora_bobcat/m+0.5/10g/sp_t425g10nc_m+0.5_resample.dat
# %ECSV 1.0
# ---
# datatype:
# - {name: wav, unit: Angstrom, datatype: float64}
# - {name: flux_nu, unit: erg / (cm2 Hz s), datatype: float64}
# meta: {C/O: '1.00', Kzz: '1.0000E+05', Teff: '425.', Y: '0.28', '[Fe/H]': '0.50', f_hole: '1.00', f_rain: '0.00', grav: '10.'}
# schema: astropy-2.0
wav flux_nu
4000.0559999999996 nan
4050.0559999999996 1.2748455436740551e-17
4100.056 2.2237574385800473e-15
4150.056 2.0519097466100087e-14
4200.056 2.067828671288362e-14
4250.056 1.721129293029992e-13
4300.056 3.814173040599991e-13
4350.056 6.79083044540002e-13
4400.056 1.0616418931499976e-12
4450.056 1.653307001579991e-12
4500.056 2.2791301114000213e-12
4550.056 2.3361445918753985e-12
4600.056 9.429620737282749e-13
4650.056 5.343754276700008e-13
4700.056 2.3261316398999807e-13
4750.056 5.3264399982998894e-14
4800.056 1.566694539269984e-14
4850.056 5.332940711899948e-15
4900.056 2.524568205199994e-15
4950.056 1.5042820563999978e-15
5000.056 8.821629270199894e-16
5050.056 5.918415562759997e-16
5100.056 6.484398346200129e-16
5150.056 7.485350476000312e-16
5200.056 8.578382627400082e-16
5250.056 9.648678777000015e-16
5300.056 1.0885046713999993e-15
5350.056 1.236662550300003e-15
5400.056 1.377195910909997e-15
5450.056 1.5631040899200268e-15
5500.056 1.785568899570055e-15
5550.056 2.021982943300018e-15
5600.056 2.241201067699997e-15
5650.056 2.420873465099985e-15
5700.056 2.4555188892300074e-15
5750.056 2.497362646210001e-15
5800.056 2.3435396288999976e-15
5850.056 1.6954219282499473e-15
5900.056 5.133540662964131e-16
5950.056 3.158749939677249e-15
6000.056 6.444386918589653e-15
6050.056 1.1551535892900542e-14
6100.056 1.915933176540038e-14
6150.056 2.917276289100037e-14
6200.056 4.2262390324000377e-14
6250.056 5.699486044399997e-14
6300.056 7.950972322900024e-14
6350.056 1.0776891673500161e-13
6400.056 1.4158365591300264e-13
6450.056 1.642793564012887e-13
6500.056 2.1996358197414266e-13
6550.056 3.048745141172675e-13
6600.056 4.2565742269043323e-13
6650.056 5.948327141780062e-13
6700.056 8.004516146360047e-13
6750.056 1.1161009553400139e-12
6800.056 1.3603548440200485e-12
6850.056 1.4803005734600102e-12
6900.056 1.23612893429603e-12
6950.056 9.831002329184605e-13
7000.056 1.0838581002622527e-12
7050.056 1.1008651629110586e-12
7100.056 1.1750213946868125e-12
7150.056 9.5421249379918e-13
7200.056 8.048839894436363e-13
7250.056 9.450872983528582e-13
7300.056 1.01760169629883e-12
7350.056 1.1746789837216244e-12
7400.056 1.3600457965387854e-12
7450.056 1.616790840738546e-12
7500.056 1.8354145915278958e-12
7550.056 2.020698128549959e-12
7600.056 2.0498201754999943e-12
7650.056 8.129186955179719e-13
7700.056 6.32413379431018e-13
7750.056 2.5073455782000186e-12
7800.056 3.4138957766158794e-12
7850.056 4.58461767618497e-12
7900.056 5.7831383426273875e-12
7950.056 6.335432204527862e-12
8000.056 7.900641503854273e-12
8050.056 9.11455763475997e-12
8100.056 7.439667134388913e-12
8150.056 7.6366859612441e-12
8200.056 1.1471044017716886e-11
8250.056 1.333658484055705e-11
8300.056 1.6089884498429857e-11
8350.056 1.3302812130918488e-11
8400.056 1.4382991817014758e-11
8450.056 1.8873326572467532e-11
8500.056 2.1596796178689017e-11
8550.056 2.8979685649150748e-11
8600.056 3.709355313944075e-11
8650.056 4.2992937432002165e-11
8700.056 4.062237463000188e-11
8750.056 4.48739608448001e-11
8800.056 4.083559940347378e-11
8850.056 2.2522430966123617e-11
8900.056 1.014549785750648e-12
8950.056 2.766062661780348e-12
9000.056 1.2474185341910836e-12
9050.056 7.671865203647552e-12
9100.056 1.3172780808163878e-11
9150.056 2.2932263941179995e-11
9200.056 6.303449727872784e-11
9250.056 8.086136216471756e-11
9300.056 1.0912790187343331e-11
9350.056 1.2435414989966158e-11
9400.056 2.3935189884066032e-11
9450.056 3.084314219065556e-11
9500.056 2.4210342181851254e-11
9550.056 3.052744607670123e-11
9600.056 2.492390941902704e-11
9650.056 3.55874069841529e-11
9700.056 5.196165619721858e-11
9750.056 4.4595568993632966e-11
9800.056 3.913127064081734e-11
9850.056 3.982970545665091e-11
9900.056 5.1541698152638774e-11
9950.056 2.8448390111628554e-11
10000.056 4.0614991716930305e-11
10050.056 3.001341491519815e-11
10100.056 5.6551873096304596e-11
10150.056 6.016645117090795e-11
10200.056 8.010064272500802e-11
10250.056 1.056831393403682e-10
10300.056 1.563399218595099e-10
10350.056 2.6109261223056063e-10
10400.056 6.049617350089765e-10
10450.056 1.0340757596996486e-09
10500.056 1.5853872509484107e-09
10550.056 2.3811252259588386e-09
10600.056 2.883236702351886e-09
10650.056 3.2560701363747206e-09
10700.056 3.141611521337513e-09
10750.056 3.307972461034333e-09
10800.056 2.8386471174409587e-09
10850.056 1.9820950597037133e-09
10900.056 9.698894158986292e-10
10950.056 3.442971405521418e-10
11000.056 2.1812761952912937e-10
11050.056 9.958126204211038e-11
11100.056 3.747231939169672e-11
11150.056 8.3320451162376e-12
11200.056 2.641098266428483e-12
11250.056 2.697087741284825e-12
11300.056 8.251645560169545e-12
11350.056 2.124390212724909e-12
11400.056 3.706697823512925e-12
11450.056 4.0487641974535364e-12
11500.056 1.663625470964857e-12
11550.056 1.503804301902118e-13
11600.056 1.720839930860642e-13
11650.056 9.504826647712262e-13
11700.056 7.820443855078878e-13
11750.056 5.946934283318597e-14
11800.056 7.631654499731031e-13
11850.056 1.5569759883756686e-12
11900.056 1.3523484926472666e-12
11950.056 2.7729861325280993e-12
12000.056 6.9483849601229216e-12
12050.056 1.7293089932950448e-11
12100.056 4.942668408944145e-11
12150.056 1.1709877207072547e-10
12200.056 2.0309793342985846e-10
12250.056 4.6285272657463135e-10
12300.056 9.836979054022504e-10
12350.056 1.0637572474156016e-09
12400.056 2.2101916834820567e-09
12450.056 3.90761407512234e-09
12500.056 4.804878091285239e-09
12550.056 6.487697919696715e-09
12600.056 7.778751244946938e-09
12650.056 7.96178379951174e-09
12700.056 7.89912179542379e-09
12750.056 5.6667173750343305e-09
12800.056 3.9445101380775465e-09
12850.056 2.089180621614097e-09
12900.056 1.2959706752485961e-09
12950.056 8.702694785670714e-10
13000.056 5.836404509711497e-10
13050.056 2.8364062650496626e-10
13100.056 2.1185115524138477e-10
13150.056 1.1109128054502267e-10
13200.056 7.739484454193892e-11
13250.056 5.5597452565339145e-11
13300.056 1.7192463809104045e-11
13350.056 4.334830699114996e-12
13400.056 4.6601453635746646e-12
13450.056 1.4207179809388154e-12
13500.056 5.87592847837063e-13
13550.056 2.7448778939279696e-13
13600.056 2.9116736546809255e-14
13650.056 3.0872572201344465e-13
13700.056 1.9175459690063174e-13
13750.056 1.9053748901448306e-13
13800.056 1.2620648479933958e-13
13850.056 7.364819402910287e-14
13900.056 1.5850058871623393e-13
13950.056 7.713079378356979e-14
14000.056 9.595990843935087e-14
14050.056 1.9907507133027784e-13
14100.056 3.083796220507946e-13
14150.056 6.702070621488693e-13
14200.056 4.0523758953486443e-13
14250.056 7.654726157410804e-13
14300.056 1.4594291310847063e-12
14350.056 2.1246948076415965e-12
14400.056 2.696314011270325e-12
14450.056 4.346195098467696e-12
14500.056 1.0025316454905204e-11
14550.056 1.225956536328304e-11
14600.056 1.3904733636873635e-11
14650.056 9.032778685892846e-12
14700.056 5.228358687958724e-12
14750.056 2.7833152006566566e-12
14800.056 7.100993404291941e-12
14850.056 1.2282866033360488e-11
14900.056 1.329784998076149e-11
14950.056 1.0333658136723457e-11
15000.056 2.23372804378684e-11
15050.056 2.0737149665427175e-11
15100.056 1.4349257378991327e-11
15150.056 1.4076943257663319e-11
15200.056 2.767684137150303e-11
15250.056 6.638796572518791e-11
15300.056 8.199984913851028e-11
15350.056 1.2539689870850734e-10
15400.056 1.7519444823614298e-10
15450.056 2.479580609472351e-10
15500.056 2.6941994524587954e-10
15550.056 4.347507207465538e-10
15600.056 5.248961622075881e-10
15650.056 7.870930989204065e-10
15700.056 1.1497800757441213e-09
15750.056 1.4560817617363708e-09
15800.056 1.5259877737812312e-09
15850.056 1.7368932965561022e-09
15900.056 1.418439429641171e-09
15950.056 1.1311189049963338e-09
16000.056 6.919204063494266e-10
16050.056 2.862582331122116e-10
16100.056 1.7145347146198682e-10
16150.056 8.289165187353834e-11
16200.056 4.1207399097510335e-11
16250.056 2.474543291488907e-11
16300.056 1.3539852564451766e-11
16350.056 1.4281866916498214e-11
16400.056 1.8524807727252762e-11
16450.056 1.3687570663465609e-11
16500.056 1.0573387324265181e-11
16550.056 1.2970551316053231e-11
16600.056 1.7007306208103747e-11
16650.056 1.3395566400546952e-11
16700.056 1.499220708757763e-12
16750.056 5.493266834990418e-12
16800.056 1.0539237480702197e-11
16850.056 1.4060194458230633e-11
16900.056 5.822561153839257e-12
16950.056 2.842044559459342e-12
17000.056 1.495360956509442e-12
17050.056 3.212446954169644e-12
17100.056 5.494522505049093e-12
17150.056 2.67614376112556e-12
17200.056 1.2978627672666705e-11
17250.056 8.166623425185898e-12
17300.056 4.012800397113176e-12
17350.056 4.084446321478216e-12
17400.056 8.556223231015129e-12
17450.056 1.418440064822899e-11
17500.056 1.9886506863334733e-11
17550.056 1.806557651191088e-11
17600.056 1.4952325476937554e-11
17650.056 1.4406752460849147e-11
17700.056 8.77377782824992e-12
17750.056 1.1809658212025777e-11
17800.056 3.974864012595419e-11
17850.056 1.4884201715165636e-11
17900.056 1.1068995103888077e-11
17950.056 1.0425104317379962e-11
18000.056 1.5647662678851577e-11
18050.056 2.0049467186591907e-11
18100.056 2.767492731351841e-11
18150.056 2.2445928300900014e-11
18200.056 1.8136826347132023e-11
18250.056 5.3963741209294035e-11
18300.056 1.6449755185682e-11
18350.056 1.079596463392257e-11
18400.056 8.37479361503575e-12
18450.056 3.5776546527898164e-11
18500.056 3.342397899183502e-11
18550.056 2.0658705321878338e-11
18600.056 3.442025712493014e-11
18650.056 2.662682403292676e-11
18700.056 7.507295212208547e-12
18750.056 1.9951089948753972e-11
18800.056 7.157855208412608e-11
18850.056 7.500646077318171e-11
18900.056 6.485756362503348e-11
18950.056 1.0199892802988208e-10
19000.056 3.1547253832760574e-11
19050.056 1.6587196815577008e-11
19100.056 3.7717555352771145e-11
19150.056 1.8440032918430304e-11
19200.056 2.489411632895848e-11
19250.056 2.119488629807907e-11
19300.056 1.219539123041048e-11
19350.056 1.1454153549480406e-11
19400.056 1.081516650961631e-11
19450.056 2.2287892657629214e-11
19500.056 1.2072619657596465e-11
19550.056 1.4179204402593595e-11
19600.056 5.221770717547841e-11
19650.056 3.3733358821717346e-11
19700.056 3.762602331436198e-11
19750.056 7.376818293110459e-11
19800.056 4.8648358341235975e-11
19850.056 7.708497763348931e-11
19900.056 8.807315125765942e-11
19950.056 1.418191256916043e-10
20000.056 1.91259098427368e-10
20050.056 1.5294382808134704e-10
20100.056 2.9407219129312564e-10
20150.056 1.331654487046038e-10
20200.056 1.1086684974891026e-10
20250.056 2.5608424494679724e-10
20300.056 3.235840859466532e-10
20350.056 3.908377435707714e-10
20400.056 3.052004114864619e-10
20450.056 5.406938630468659e-10
20500.056 7.276832394581341e-10
20550.056 8.902421115025273e-10
20600.056 9.413447157758884e-10
20650.056 1.2815484210864728e-09
20700.056 1.420084388461818e-09
20750.056 1.7632512717532965e-09
20800.056 1.649775849989141e-09
20850.056 1.7583298484038076e-09
20900.056 2.0124087307397836e-09
20950.056 1.794702946330808e-09
21000.056 1.6344317255411919e-09
21050.056 1.7639981042563926e-09
21100.056 1.5010921010185986e-09
21150.056 1.5589193111181958e-09
21200.056 1.337628657409188e-09
21250.056 1.1178045200802478e-09
21300.056 7.530591784982031e-10
21350.056 8.103052287075187e-10
21400.056 6.983220584809546e-10
21450.056 4.779508350879148e-10
21500.056 4.160176838249588e-10
21550.056 3.3920355246924965e-10
21600.056 2.467285709860991e-10
21650.056 1.8698992018459507e-10
21700.056 1.5190804114778176e-10
21750.056 1.5937811085042961e-10
21800.056 1.0962053388035333e-10
21850.056 1.0710316594959614e-10
21900.056 6.551035294443368e-11
21950.056 1.701565729137131e-11
22000.056 3.2050112498998504e-12
22050.056 2.703908276511127e-12
22100.056 1.1088971139612763e-11
22150.056 1.5301243779715036e-11
22200.056 1.6548001220345493e-11
22250.056 1.2089000572882877e-11
22300.056 6.028416945878567e-12
22350.056 8.268593837417129e-12
22400.056 3.004548544386306e-12
22450.056 3.757756502836082e-12
22500.056 2.7509797566376352e-12
22550.056 1.7825924523165011e-12
22600.056 1.3052975594621678e-12
22650.056 2.4177768365691165e-12
22700.056 2.2240232457933353e-12
22750.056 2.2842501517838075e-12
22800.056 1.914749342014336e-12
22850.056 1.4905604764618207e-12
22900.056 1.142296131233334e-12
22950.056 9.31466657681658e-13
23000.056 1.4261147007777412e-12
23050.056 1.9523612933573216e-12
23100.056 8.954881907339684e-12
23150.056 1.1066429933141364e-11
23200.056 5.471428952206518e-13
23250.056 1.2374555936747015e-12
23300.056 1.3960032530396686e-12
23350.056 2.4973820345251588e-12
23400.056 2.4490243073680924e-12
23450.056 1.4869419232274657e-12
23500.056 1.464851580511641e-12
23550.056 2.940216737702071e-12
23600.056 5.115380014166423e-12
23650.056 9.321514783327272e-12
23700.056 2.1104339365380376e-12
23750.056 1.4687688475234269e-12
23800.056 6.550186715917323e-12
23850.056 5.099424042587989e-12
23900.056 1.047583719048103e-11
23950.056 7.486755587543999e-12
24000.056 1.433703771257618e-11
24050.056 2.1382505143409343e-11
24100.056 2.260598725456737e-11
24150.056 3.201554591202895e-11
24200.056 2.145609376836676e-11
24250.056 1.649859470825951e-11
24300.056 2.7895864977988378e-11
24350.056 2.2926160178215574e-11
24400.056 5.249374261458586e-11
24450.056 6.569010679536168e-11
24500.056 5.897079351456253e-11
24550.056 9.248843676503591e-11
24600.056 9.763218391627621e-11
24650.056 1.524496966584251e-10
24700.056 7.954722210960129e-11
24750.056 1.2425524793424544e-10
24800.056 1.1957388196195702e-10
24850.056 1.7513601604849005e-10
24900.056 1.0230704804948376e-10
24950.056 1.9682114095484727e-10
25000.056 2.1487226805255791e-10
25050.056 1.5471161325462863e-10
25100.056 2.293944406922351e-10
25150.056 1.0334425512092322e-10
25200.056 1.7393753755461453e-10
25250.056 8.238671715425305e-11
25300.056 1.239546008552998e-10
25350.056 5.542451004759146e-11
25400.056 1.478977717988765e-10
25450.056 3.988558238004834e-11
25500.056 3.919315622557343e-11
25550.056 7.508730434483585e-11
25600.056 3.1888906474789504e-11
25650.056 1.8555898935024368e-11
25700.056 2.543025550130053e-11
25750.056 6.7501826506668705e-12
25800.056 3.462976707608732e-11
25850.056 6.422761811404132e-12
25900.056 9.096399716121794e-12
25950.056 2.153187513832919e-12
26000.056 3.136735062105543e-11
26050.056 3.674962489961854e-12
26100.056 1.7506685173716716e-11
26150.056 7.627510139144503e-12
26200.056 1.1776347274146097e-11
26250.056 7.019921766062596e-11
26300.056 1.56172804128337e-11
26350.056 1.1240779820125728e-10
26400.056 1.7146757798467145e-10
26450.056 1.4886755742307034e-10
26500.056 2.8257555702814085e-10
26550.056 3.315064256179291e-11
26600.056 4.2591286227418954e-11
26650.056 6.207392735409967e-12
26700.056 3.4543877450304117e-12
26750.056 5.684631967271857e-12
26800.056 1.978873781629787e-11
26850.056 1.0944675705145606e-11
26900.056 5.63476939531964e-11
26950.056 1.8029776602793862e-11
27000.056 1.0651182499742094e-10
27050.056 1.12533819983352e-10
27100.056 1.3029346630539859e-11
27150.056 1.42997367368812e-10
27200.056 1.2265861959555221e-11
27250.056 4.754625635180947e-11
27300.056 3.382883117812323e-10
27350.056 1.1475321300056812e-10
27400.056 5.454831596284643e-12
27450.056 1.5230704827695857e-10
27500.056 1.6690629870506597e-10
27550.056 2.717205511484347e-11
27600.056 8.509187822296445e-11
27650.056 2.0264795977572706e-11
27700.056 1.7487190221135117e-11
27750.056 1.223667569031258e-10
27800.056 2.965474806901759e-11
27850.056 5.904943707971529e-11
27900.056 5.545049200328711e-11
27950.056 1.5414191059372626e-10
28000.056 1.5133846383701736e-10
28050.056 1.589530675543096e-11
28100.056 1.3088196539661512e-10
28150.056 1.0307424866557913e-10
28200.056 2.7827131274694526e-11
28250.056 1.856214584133693e-10
28300.056 1.6817381332546297e-10
28350.056 3.5112423742117906e-11
28400.056 1.1758957400616568e-10
28450.056 2.1615758464854357e-10
28500.056 1.2889245418682413e-10
28550.056 2.958631239880801e-11
28600.056 2.3272075423668148e-10
28650.056 1.4706516417324814e-10
28700.056 2.2004212763028703e-10
28750.056 3.3127925764607624e-10
28800.056 1.3052476536176794e-10
