galfind/configs/Brown_Dwarf_templates/sonora_bobcat/m+0.5/10g/sp_t1600g10nc_m+0.5_resample.dat
# %ECSV 1.0
# ---
# datatype:
# - {name: wav, unit: Angstrom, datatype: float64}
# - {name: flux_nu, unit: erg / (cm2 Hz s), datatype: float64}
# meta: {C/O: '1.00', Kzz: '1.0000E+05', Teff: '1600.', Y: '0.28', '[Fe/H]': '0.50', f_hole: '1.00', f_rain: '0.00', grav: '10.'}
# schema: astropy-2.0
wav flux_nu
4000.0559999999996 nan
4050.0559999999996 3.4683614596277325e-10
4100.056 4.2226822058598463e-10
4150.056 3.243410291270866e-10
4200.056 2.6076880095552813e-10
4250.056 2.6476206883417086e-10
4300.056 2.129519561260555e-10
4350.056 2.447096664989881e-10
4400.056 2.7651758061405165e-10
4450.056 2.1426991545500035e-10
4500.056 2.4035954884601413e-10
4550.056 3.088738105369356e-10
4600.056 3.072168709910093e-10
4650.056 2.800772857850007e-10
4700.056 3.3639791993410233e-10
4750.056 4.0907397892594435e-10
4800.056 3.438135844559888e-10
4850.056 4.2013066027402774e-10
4900.056 6.476698879369914e-10
4950.056 7.69291661300044e-10
5000.056 4.941767068259634e-10
5050.056 5.145130106690722e-10
5100.056 7.482244542691197e-10
5150.056 8.174957292463176e-10
5200.056 6.641304592069928e-10
5250.056 7.20316879880066e-10
5300.056 8.047474221100268e-10
5350.056 8.468834289501268e-10
5400.056 9.568409758000072e-10
5450.056 8.032422332599507e-10
5500.056 6.077254277599519e-10
5550.056 6.341581194499086e-10
5600.056 5.693566547000106e-10
5650.056 4.647151923299898e-10
5700.056 3.543712977999976e-10
5750.056 1.8849091598499135e-10
5800.056 8.123859243799744e-11
5850.056 1.6482085062249376e-11
5900.056 7.670373131566964e-13
5950.056 5.176574489770159e-11
6000.056 2.896005180400065e-10
6050.056 8.30192025060016e-10
6100.056 1.430810614310111e-09
6150.056 2.1184887583898967e-09
6200.056 2.5665885032000407e-09
6250.056 3.4244823947001373e-09
6300.056 4.790434229200104e-09
6350.056 6.214761594400077e-09
6400.056 7.803781183699969e-09
6450.056 9.838776276199006e-09
6500.056 9.717547949498939e-09
6550.056 1.1067067442998096e-08
6600.056 1.1186061538000704e-08
6650.056 1.1302934447301077e-08
6700.056 9.018793930105379e-09
6750.056 1.3211182831000786e-08
6800.056 1.538365172840035e-08
6850.056 1.9017903136999715e-08
6900.056 2.0762504491700283e-08
6950.056 2.0843655066798236e-08
7000.056 2.204103442119831e-08
7050.056 2.172373753520091e-08
7100.056 1.8951904496498813e-08
7150.056 1.850790645170062e-08
7200.056 2.3421194038899747e-08
7250.056 3.0722101859001124e-08
7300.056 4.083820129900434e-08
7350.056 4.380080638620312e-08
7400.056 3.774305367200244e-08
7450.056 3.1429980184991974e-08
7500.056 3.1944260291998014e-08
7550.056 3.559616850300097e-08
7600.056 2.9543075874998613e-08
7650.056 5.436947128840985e-09
7700.056 1.59189052086243e-09
7750.056 2.3495326601500785e-08
7800.056 4.06616834771133e-08
7850.056 5.4587358072000606e-08
7900.056 5.363213156601232e-08
7950.056 4.6677352123233223e-08
8000.056 5.482045217499783e-08
8050.056 7.405406621499148e-08
8100.056 1.0749783842101414e-07
8150.056 1.545291782870173e-07
8200.056 1.5382303273499036e-07
8250.056 1.6880389652241252e-07
8300.056 1.6003168812102665e-07
8350.056 1.7537382850601217e-07
8400.056 1.8445137272600746e-07
8450.056 1.4216639179197805e-07
8500.056 1.361554938224916e-07
8550.056 1.513309414630102e-07
8600.056 1.5439796723194715e-07
8650.056 1.5581998407595545e-07
8700.056 1.5966984253505937e-07
8750.056 1.8608102418599675e-07
8800.056 2.4514949092202437e-07
8850.056 2.6570745933299095e-07
8900.056 2.3560321198097855e-07
8950.056 2.418410211217839e-07
9000.056 3.0163067241703295e-07
9050.056 3.300320158349405e-07
9100.056 3.962081379602173e-07
9150.056 4.269684921559981e-07
9200.056 4.2232715977495903e-07
9250.056 3.0399226140290547e-07
9300.056 2.221632775739622e-07
9350.056 2.4171376391184484e-07
9400.056 2.677232469825997e-07
9450.056 3.0771231588308217e-07
9500.056 3.3524387257027567e-07
9550.056 3.757006093531736e-07
9600.056 3.521898234765154e-07
9650.056 3.94867679113621e-07
9700.056 4.148555726893334e-07
9750.056 3.6283340159218707e-07
9800.056 4.03442401666912e-07
9850.056 4.263847632039649e-07
9900.056 4.456037986100015e-07
9950.056 4.6421511960695134e-07
10000.056 4.85601317925891e-07
10050.056 5.023659254960369e-07
10100.056 6.09205206762057e-07
10150.056 6.190600170957744e-07
10200.056 6.755651837299183e-07
10250.056 6.835226440797468e-07
10300.056 7.154357782498251e-07
10350.056 8.088713272898908e-07
10400.056 8.708368535599142e-07
10450.056 9.085746729701524e-07
10500.056 8.047537555599407e-07
10550.056 7.80325135670328e-07
10600.056 8.285220937102074e-07
10650.056 9.222516416499813e-07
10700.056 1.0296597532400871e-06
10750.056 1.1494107786699589e-06
10800.056 1.2361427879500559e-06
10850.056 1.3617801128397894e-06
10900.056 1.2233223972657753e-06
10950.056 9.925348393782666e-07
11000.056 9.876667188417382e-07
11050.056 7.986637567044012e-07
11100.056 8.371613147301789e-07
11150.056 8.323658203564423e-07
11200.056 8.211832753909139e-07
11250.056 9.181982946701529e-07
11300.056 9.16272632648041e-07
11350.056 7.841791373112657e-07
11400.056 7.829846668802715e-07
11450.056 8.330742026467982e-07
11500.056 9.204281326475965e-07
11550.056 8.640393086392168e-07
11600.056 9.311817265031008e-07
11650.056 9.805066744636638e-07
11700.056 8.58245183514392e-07
11750.056 8.356514952909059e-07
11800.056 8.405922824871119e-07
11850.056 9.771989731994374e-07
11900.056 9.71744914934421e-07
11950.056 1.0914293921668409e-06
12000.056 1.0907918840060436e-06
12050.056 1.1953617707104714e-06
12100.056 1.2326246700169286e-06
12150.056 1.3594715968308031e-06
12200.056 1.4616044877076511e-06
12250.056 1.5635407217595395e-06
12300.056 1.6491037236904187e-06
12350.056 1.7126382877503204e-06
12400.056 1.6979237113198822e-06
12450.056 1.573268731106056e-06
12500.056 1.7120712502997556e-06
12550.056 1.7559296885099745e-06
12600.056 1.7953311876601238e-06
12650.056 1.8848169623697215e-06
12700.056 1.9989969326100197e-06
12750.056 2.0008437853602345e-06
12800.056 2.1410638253941787e-06
12850.056 2.1017930515784513e-06
12900.056 2.0479677145176973e-06
12950.056 2.1633352824004056e-06
13000.056 2.129140164360205e-06
13050.056 2.129129582478673e-06
13100.056 2.0768156810049803e-06
13150.056 2.0390782496567528e-06
13200.056 1.9146323019760242e-06
13250.056 1.778010964534377e-06
13300.056 1.3853625568443345e-06
13350.056 8.202500508305212e-07
13400.056 7.163968379677791e-07
13450.056 6.050952272320124e-07
13500.056 6.025505759768839e-07
13550.056 5.696480277083082e-07
13600.056 4.608113269507222e-07
13650.056 5.078269343100369e-07
13700.056 4.2333472016080427e-07
13750.056 3.9394866102017004e-07
13800.056 4.695872720435495e-07
13850.056 4.790816596277642e-07
13900.056 4.873405201981365e-07
13950.056 4.64082246164349e-07
14000.056 4.3101464481565515e-07
14050.056 4.200930272117351e-07
14100.056 3.80047756152703e-07
14150.056 3.6079173410418556e-07
14200.056 3.5212513383710397e-07
14250.056 3.4165859609772007e-07
14300.056 3.503101696436252e-07
14350.056 3.3484299165809415e-07
14400.056 3.884134712744676e-07
14450.056 4.0469499189921855e-07
14500.056 4.691164197336691e-07
14550.056 4.851985358210521e-07
14600.056 4.996428855588084e-07
14650.056 4.980254903838948e-07
14700.056 4.5390100597441384e-07
14750.056 4.93459298546036e-07
14800.056 5.300956356072201e-07
14850.056 5.700864142994473e-07
14900.056 6.023493712945784e-07
14950.056 5.957216842686416e-07
15000.056 6.269288032765123e-07
15050.056 6.911463307655649e-07
15100.056 7.106120391681273e-07
15150.056 7.753622805831948e-07
15200.056 7.962130071231327e-07
15250.056 7.990639389078254e-07
15300.056 8.703492032629243e-07
15350.056 8.88833336363984e-07
15400.056 9.458163412700804e-07
15450.056 1.0154908675141965e-06
15500.056 1.0345061030896394e-06
15550.056 1.1160097001849687e-06
15600.056 1.0906321657141526e-06
15650.056 1.1758792043020888e-06
15700.056 1.3068420260097272e-06
15750.056 1.3800930356799425e-06
15800.056 1.3897402062906676e-06
15850.056 1.4706322998198702e-06
15900.056 1.4938910598543673e-06
15950.056 1.604551339399847e-06
16000.056 1.6537921786799268e-06
16050.056 1.7170054388999798e-06
16100.056 1.8070748164402995e-06
16150.056 1.8417803809602436e-06
16200.056 1.9258713248896787e-06
16250.056 1.9941719973299374e-06
16300.056 2.0038037041499897e-06
16350.056 2.1220082426698716e-06
16400.056 2.1553636981205577e-06
16450.056 2.202012834439943e-06
16500.056 2.3053728576306835e-06
16550.056 2.3919380717601024e-06
16600.056 2.300201363000748e-06
16650.056 2.5421798874499795e-06
16700.056 2.5209325990926163e-06
16750.056 2.601479843696265e-06
16800.056 2.7288052144160754e-06
16850.056 2.682943099393152e-06
16900.056 2.6602576315392245e-06
16950.056 2.645530007457682e-06
17000.056 2.6053527200402833e-06
17050.056 2.5444916977000323e-06
17100.056 2.3356150910307726e-06
17150.056 2.2491844368724413e-06
17200.056 2.032026979647829e-06
17250.056 1.932439234983784e-06
17300.056 1.968986049458445e-06
17350.056 1.8225967933188533e-06
17400.056 1.963397794607204e-06
17450.056 1.7980931153498457e-06
17500.056 1.6888905544809109e-06
17550.056 1.7382198353217745e-06
17600.056 1.6404277647181392e-06
17650.056 1.6282332110544755e-06
17700.056 1.4189942226297373e-06
17750.056 1.295225697806964e-06
17800.056 1.3422695286832494e-06
17850.056 1.2291968383909118e-06
17900.056 1.198560546504579e-06
17950.056 1.188003439581612e-06
18000.056 1.0567766143232516e-06
18050.056 1.0557844305057456e-06
18100.056 9.999383098358277e-07
18150.056 1.1594305133225422e-06
18200.056 9.068135786335052e-07
18250.056 1.0821325459324653e-06
18300.056 1.0616769247889753e-06
18350.056 9.428917495405049e-07
18400.056 9.510714276033931e-07
18450.056 8.652570886642027e-07
18500.056 8.681210125355286e-07
18550.056 8.190890372853049e-07
18600.056 6.950379559272869e-07
18650.056 8.044686629334142e-07
18700.056 8.527865702890599e-07
18750.056 7.948186294750573e-07
18800.056 8.373803905294044e-07
18850.056 9.555342422618991e-07
18900.056 9.288103823364868e-07
18950.056 9.095059482039849e-07
19000.056 9.92740371071794e-07
19050.056 9.708773616809357e-07
19100.056 9.846422010713978e-07
19150.056 1.0660804895720637e-06
19200.056 1.0386080136846945e-06
19250.056 9.971171408635879e-07
19300.056 1.020895044747285e-06
19350.056 1.0132000513172545e-06
19400.056 9.318800463153878e-07
19450.056 1.0537909223993374e-06
19500.056 1.002568847861582e-06
19550.056 8.665085168447334e-07
19600.056 1.0491233597479159e-06
19650.056 1.0222052605030537e-06
19700.056 1.0338572519991963e-06
19750.056 9.80946283189348e-07
19800.056 9.939701779135742e-07
19850.056 1.0234617857822076e-06
19900.056 9.101153154142172e-07
19950.056 1.0763831783871702e-06
20000.056 9.427088440673948e-07
20050.056 1.0017719377940545e-06
20100.056 1.1138664059229074e-06
20150.056 1.0488771737336456e-06
20200.056 1.09791958616434e-06
20250.056 1.1797035741962196e-06
20300.056 1.1705733741557368e-06
20350.056 1.207999265930922e-06
20400.056 1.1934298601933613e-06
20450.056 1.350428139814821e-06
20500.056 1.2923533122034253e-06
20550.056 1.3419645055112374e-06
20600.056 1.4703301316345635e-06
20650.056 1.4365910512027178e-06
20700.056 1.4997957700470632e-06
20750.056 1.5690020442305166e-06
20800.056 1.6363612576223794e-06
20850.056 1.6530072953997347e-06
20900.056 1.7175593607596812e-06
20950.056 1.7693929278101006e-06
21000.056 1.8983581303499596e-06
21050.056 1.8854215193800976e-06
21100.056 1.9615522927598764e-06
21150.056 2.1177161969302187e-06
21200.056 2.081275411830327e-06
21250.056 2.215814578459754e-06
21300.056 2.1446360489997666e-06
21350.056 2.3653446285000147e-06
21400.056 2.2532167474004778e-06
21450.056 2.5236869194300193e-06
21500.056 2.391874768520269e-06
21550.056 2.46528511349982e-06
21600.056 2.5770592514103476e-06
21650.056 2.5310229048205806e-06
21700.056 2.7336389395798964e-06
21750.056 2.6701756928698946e-06
21800.056 2.6514323964098504e-06
21850.056 2.7008688830697516e-06
21900.056 2.780040012440606e-06
21950.056 2.7557407725204363e-06
22000.056 2.908000803429954e-06
22050.056 2.754495005509246e-06
22100.056 2.9377399365499695e-06
22150.056 2.9302043205603347e-06
22200.056 2.823330513631387e-06
22250.056 2.9687388220602343e-06
22300.056 2.9566544433193806e-06
22350.056 2.911035407290452e-06
22400.056 3.096297587080319e-06
22450.056 3.070371702447225e-06
22500.056 3.12955014436954e-06
22550.056 3.0396956793890083e-06
22600.056 3.0711016185298435e-06
22650.056 3.094919491603255e-06
22700.056 3.089866076715014e-06
22750.056 3.205796559129798e-06
22800.056 3.0540424133820342e-06
22850.056 3.089049945148664e-06
22900.056 3.2681175297088015e-06
22950.056 2.2943613016063982e-06
23000.056 2.6471660487732207e-06
23050.056 2.7244015068572955e-06
23100.056 2.566793564565574e-06
23150.056 2.6580874483348836e-06
23200.056 2.723834988640025e-06
23250.056 2.1703999115600707e-06
23300.056 2.402892202603168e-06
23350.056 2.430646225175142e-06
23400.056 2.284760261116112e-06
23450.056 2.4394036493484366e-06
23500.056 2.2595467127883117e-06
23550.056 2.0358966329978903e-06
23600.056 2.0954553946897392e-06
23650.056 2.215247587020842e-06
23700.056 2.2473068212921363e-06
23750.056 2.1219061763531195e-06
23800.056 2.1112836687735897e-06
23850.056 1.7790259758602855e-06
23900.056 1.995527683782463e-06
23950.056 2.0422773095121386e-06
24000.056 1.8935116583336157e-06
24050.056 1.9062238188578628e-06
24100.056 1.6881418330694728e-06
24150.056 1.6153021733666286e-06
24200.056 1.669976896333078e-06
24250.056 1.5769152575087446e-06
24300.056 1.497257886286091e-06
24350.056 1.4207238688302829e-06
24400.056 1.5559490522123847e-06
24450.056 1.3754157933137262e-06
24500.056 1.2338035533317415e-06
24550.056 1.244035824985929e-06
24600.056 1.278025173509301e-06
24650.056 1.3644522071696675e-06
24700.056 1.147056855318889e-06
24750.056 1.0684969923877822e-06
24800.056 1.0040670359144938e-06
24850.056 1.1810354720688629e-06
24900.056 9.117185727577755e-07
24950.056 1.1193280784976168e-06
25000.056 9.718521062329468e-07
25050.056 7.787653814862283e-07
25100.056 9.275134034530993e-07
25150.056 7.513978406941172e-07
25200.056 8.360891603684397e-07
25250.056 7.915757145087419e-07
25300.056 8.612766428680473e-07
25350.056 6.811111416531388e-07
25400.056 7.758451500594206e-07
25450.056 6.924728664150546e-07
25500.056 7.355369009102869e-07
25550.056 6.7828083618429e-07
25600.056 6.857259160111924e-07
25650.056 6.198812572019364e-07
25700.056 7.639943886766173e-07
25750.056 5.641337188540031e-07
25800.056 7.538735282572514e-07
25850.056 6.410399548128219e-07
25900.056 7.308916147841392e-07
25950.056 6.371834070548594e-07
26000.056 7.382940557920721e-07
26050.056 8.127943681571264e-07
26100.056 7.59830875340984e-07
26150.056 7.771676679296014e-07
26200.056 7.347157662810028e-07
26250.056 7.179661793043651e-07
26300.056 7.632117420571065e-07
26350.056 7.30831051906859e-07
26400.056 7.891554484374455e-07
26450.056 7.903456430621162e-07
26500.056 8.09066740922495e-07
26550.056 7.374864033075508e-07
26600.056 8.45238183915501e-07
26650.056 6.391210948758319e-07
26700.056 6.174108395560219e-07
26750.056 5.822329385575781e-07
26800.056 6.731068321596898e-07
26850.056 5.543221436728657e-07
26900.056 7.160172779021602e-07
26950.056 5.114841119470164e-07
27000.056 6.838172919392021e-07
27050.056 5.571345003851201e-07
27100.056 5.816489461728723e-07
27150.056 6.233884502699882e-07
27200.056 6.074513803934486e-07
27250.056 5.963636177134254e-07
27300.056 6.544157972048228e-07
27350.056 6.603277317237436e-07
27400.056 5.674296995080498e-07
27450.056 7.563878132984379e-07
27500.056 6.84068026666784e-07
27550.056 6.527346364841086e-07
27600.056 7.732658619997746e-07
27650.056 5.804518351207668e-07
27700.056 5.786384899702352e-07
27750.056 7.297562347023662e-07
27800.056 5.249565358887138e-07
27850.056 6.185771973183846e-07
27900.056 6.553933091032384e-07
27950.056 7.242385896979512e-07
28000.056 7.137146633033717e-07
28050.056 5.379277430172393e-07
28100.056 7.75175845248382e-07
28150.056 6.287526651420917e-07
28200.056 5.474912508381491e-07
28250.056 6.780451038730558e-07
28300.056 7.888886769210024e-07
28350.056 6.575152329476614e-07
28400.056 6.46614299136002e-07
28450.056 6.608345945877442e-07
28500.056 6.995379549329099e-07
28550.056 5.327690725717464e-07
28600.056 8.023002939889487e-07
28650.056 7.595486809836331e-07
28700.056 7.067550247726782e-07
28750.056 7.974030286040618e-07
28800.056 7.260384232702451e-07
28850.056 8.087527996801481e-07
