galfind/configs/Brown_Dwarf_templates/sonora_bobcat/m+0.5/10g/sp_t300g10nc_m+0.5_resample.dat
# %ECSV 1.0
# ---
# datatype:
# - {name: wav, unit: Angstrom, datatype: float64}
# - {name: flux_nu, unit: erg / (cm2 Hz s), datatype: float64}
# meta: {C/O: '1.00', Kzz: '1.0000E+05', Teff: '300.', Y: '0.28', '[Fe/H]': '0.50', f_hole: '1.00', f_rain: '0.00', grav: '10.'}
# schema: astropy-2.0
wav flux_nu
4000.0559999999996 nan
4050.0559999999996 2.487383941457366e-19
4100.056 7.185465382500128e-18
4150.056 3.9926488332000035e-17
4200.056 4.3536913349712017e-17
4250.056 2.918120103600018e-16
4300.056 6.56710217229998e-16
4350.056 1.2268570298700035e-15
4400.056 2.065384271499971e-15
4450.056 3.1556521129199445e-15
4500.056 5.2894289061000364e-15
4550.056 6.2310758421150255e-15
4600.056 3.0802273726199803e-15
4650.056 2.404536487399988e-15
4700.056 1.6186985298000136e-15
4750.056 1.0150459154400049e-15
4800.056 6.858754019999957e-16
4850.056 3.7728797223999937e-16
4900.056 2.4807578155000144e-16
4950.056 1.9072308617000069e-16
5000.056 1.3454572295899878e-16
5050.056 9.480723033699684e-17
5100.056 1.1551487442980464e-16
5150.056 1.5065984894800667e-16
5200.056 1.8864580938000257e-16
5250.056 2.226264159300005e-16
5300.056 2.618489647699999e-16
5350.056 3.075193704500009e-16
5400.056 3.380728672280016e-16
5450.056 3.911289126880176e-16
5500.056 4.658239580200164e-16
5550.056 5.522936975800041e-16
5600.056 6.310632041900009e-16
5650.056 6.952696519999923e-16
5700.056 6.742678186179978e-16
5750.056 7.003061494840002e-16
5800.056 6.564126485599964e-16
5850.056 4.4322728358498277e-16
5900.056 9.744746256389325e-17
5950.056 7.435580341717586e-16
6000.056 1.681122724159341e-15
6050.056 3.3862127432701978e-15
6100.056 6.051492744200164e-15
6150.056 9.55161437720012e-15
6200.056 1.4038566765000134e-14
6250.056 1.8041547900860045e-14
6300.056 2.4997438331719906e-14
6350.056 3.2876427190500424e-14
6400.056 4.131487128660089e-14
6450.056 3.986195175678796e-14
6500.056 5.014898901113588e-14
6550.056 7.008196515263547e-14
6600.056 1.011527212319075e-13
6650.056 1.5021944120717318e-13
6700.056 2.165096576039992e-13
6750.056 3.071849397800046e-13
6800.056 3.600903288600178e-13
6850.056 3.765880354940032e-13
6900.056 2.7365613823916086e-13
6950.056 1.6410365702447329e-13
7000.056 1.9627594828769454e-13
7050.056 1.8699961159466116e-13
7100.056 1.9799557864590135e-13
7150.056 1.2479167470772292e-13
7200.056 6.672986181161303e-14
7250.056 9.96484831404643e-14
7300.056 1.0905644967005137e-13
7350.056 1.668816001064297e-13
7400.056 2.370690821484745e-13
7450.056 3.8518504605673007e-13
7500.056 5.493982950492648e-13
7550.056 7.387076440599896e-13
7600.056 8.71197288589999e-13
7650.056 4.699352378542892e-13
7700.056 4.506146375280049e-13
7750.056 1.23735349137001e-12
7800.056 1.4017790107809252e-12
7850.056 1.4848583741370546e-12
7900.056 1.7135034315182104e-12
7950.056 1.82758267847808e-12
8000.056 1.7739288400552248e-12
8050.056 1.8963616492434803e-12
8100.056 9.107899025469874e-13
8150.056 6.111280342554486e-13
8200.056 1.2517082933384572e-12
8250.056 1.4358418132118985e-12
8300.056 1.4995381659786328e-12
8350.056 8.954005586559589e-13
8400.056 7.941203061603698e-13
8450.056 1.1865602820806944e-12
8500.056 1.3562737250082916e-12
8550.056 1.8327134721572203e-12
8600.056 2.3151001481813443e-12
8650.056 2.41845988777017e-12
8700.056 1.5063011679501077e-12
8750.056 1.275544871508034e-12
8800.056 7.634513437798287e-13
8850.056 2.665132795211586e-13
8900.056 1.265942936480984e-15
8950.056 2.063193272041062e-15
9000.056 8.90936466121472e-16
9050.056 9.83310184158429e-15
9100.056 2.0035692632575757e-14
9150.056 8.609846261532097e-14
9200.056 5.663622560586533e-13
9250.056 7.762609619496132e-13
9300.056 1.1117267229917315e-14
9350.056 1.0887929831846383e-14
9400.056 6.91603957572391e-14
9450.056 7.352690871179777e-14
9500.056 6.363739961429804e-14
9550.056 7.444915141853445e-14
9600.056 7.223419160491608e-14
9650.056 1.4344751812120919e-13
9700.056 3.812042155272737e-13
9750.056 2.153441418096672e-13
9800.056 1.1166190919434302e-13
9850.056 8.670320096820943e-14
9900.056 1.0901675175979925e-13
9950.056 4.5621715069749175e-14
10000.056 6.740697018566218e-14
10050.056 2.9601053727565606e-14
10100.056 4.0235065232024786e-14
10150.056 2.341531397087086e-14
10200.056 1.2044687613656904e-14
10250.056 1.4897302273908686e-14
10300.056 3.5153420090815816e-14
10350.056 3.95122065384026e-14
10400.056 2.67751071900967e-13
10450.056 1.0681072057702132e-12
10500.056 3.6143764866821767e-12
10550.056 1.0487189342497653e-11
10600.056 1.9761405726545456e-11
10650.056 2.6346980267663552e-11
10700.056 2.5690539741497285e-11
10750.056 3.250729604402711e-11
10800.056 2.996241178085373e-11
10850.056 1.9806633510606474e-11
10900.056 7.88861458188151e-12
10950.056 2.8756167345313037e-12
11000.056 1.5156011717916207e-12
11050.056 6.591131465226182e-13
11100.056 1.6316354277435878e-13
11150.056 2.194745179300416e-14
11200.056 3.130553109570996e-15
11250.056 2.0011847898311647e-15
11300.056 1.8518063874164535e-14
11350.056 1.746505426006578e-15
11400.056 7.93437674991263e-15
11450.056 6.738816606438289e-15
11500.056 3.4203805915188208e-15
11550.056 1.759946410877833e-16
11600.056 7.634205077993184e-17
11650.056 9.869087539135377e-16
11700.056 8.466608259133544e-16
11750.056 5.698335848812732e-17
11800.056 7.204786478101737e-16
11850.056 7.970413327144013e-16
11900.056 5.099290892289051e-16
11950.056 1.303574439537158e-15
12000.056 2.9847216354846263e-15
12050.056 7.307777805808454e-15
12100.056 1.95837870228744e-14
12150.056 3.388086301327111e-14
12200.056 4.866065726923658e-14
12250.056 1.9325408438459638e-13
12300.056 6.375062745520736e-13
12350.056 9.370448450397749e-13
12400.056 3.173701900619421e-12
12450.056 7.658303629492088e-12
12500.056 1.023965204720204e-11
12550.056 1.8140321504325737e-11
12600.056 4.480530140517878e-11
12650.056 8.245692473364525e-11
12700.056 8.738688363671465e-11
12750.056 3.170552430162729e-11
12800.056 9.285604002727873e-12
12850.056 2.845770578136718e-12
12900.056 1.664794013015304e-12
12950.056 1.0251483090293185e-12
13000.056 7.807990910421335e-13
13050.056 3.0559902043717796e-13
13100.056 2.0142666662183897e-13
13150.056 8.882311843914614e-14
13200.056 8.114410533890647e-14
13250.056 9.335685404542996e-14
13300.056 3.791917514279581e-14
13350.056 9.006414380000435e-15
13400.056 8.112592831003415e-15
13450.056 1.812163976510692e-15
13500.056 3.566298371406684e-16
13550.056 9.092039903431393e-17
13600.056 4.3358972994642415e-18
13650.056 9.223593087712648e-17
13700.056 3.150258702275332e-17
13750.056 1.0085639334943544e-16
13800.056 4.087549285072709e-17
13850.056 2.2155273932089e-17
13900.056 1.0863584627331006e-16
13950.056 3.971178283620674e-17
14000.056 5.298242357815905e-17
14050.056 1.3786856296794092e-16
14100.056 2.133253399658639e-16
14150.056 9.591746207879836e-16
14200.056 4.2868679416759334e-16
14250.056 1.0077751852727077e-15
14300.056 2.4304299049518226e-15
14350.056 3.1871998162598375e-15
14400.056 3.979169272976707e-15
14450.056 8.312830294779978e-15
14500.056 2.169473465813569e-14
14550.056 2.601887398163148e-14
14600.056 2.0907853244821033e-14
14650.056 6.567605578880735e-15
14700.056 3.136395823959662e-15
14750.056 5.254967039235557e-16
14800.056 1.49080088923093e-15
14850.056 2.0949610987246378e-15
14900.056 1.745537965654252e-15
14950.056 8.589740813017662e-16
15000.056 3.087420544502576e-15
15050.056 3.194925642731707e-15
15100.056 1.1939824759919392e-15
15150.056 5.299903530187009e-16
15200.056 2.4693919880924398e-15
15250.056 6.835667063148074e-15
15300.056 8.385552386848793e-15
15350.056 1.6494576697907995e-14
15400.056 2.6195720583809253e-14
15450.056 3.238977421189424e-14
15500.056 4.188307341197757e-14
15550.056 1.612411022113986e-13
15600.056 2.0883716524610885e-13
15650.056 6.69218394458207e-13
15700.056 1.4960879909776737e-12
15750.056 3.0816404212215274e-12
15800.056 3.4793271166118985e-12
15850.056 5.994183789189055e-12
15900.056 7.916537222029107e-12
15950.056 9.113442451034153e-12
16000.056 8.186901517414153e-12
16050.056 4.187544354480611e-12
16100.056 2.336655444344574e-12
16150.056 1.0667247935198585e-12
16200.056 4.3960952400067894e-13
16250.056 2.1627671617137005e-13
16300.056 8.916815720235874e-14
16350.056 1.0324551176676104e-13
16400.056 1.4209216622862146e-13
16450.056 8.227522254167546e-14
16500.056 5.188809925953133e-14
16550.056 5.0212359909645133e-14
16600.056 1.4132586393686816e-13
16650.056 9.941732273427026e-14
16700.056 7.439300358476557e-15
16750.056 3.838943785800205e-14
16800.056 7.724498592873903e-14
16850.056 8.789536238405135e-14
16900.056 2.7247076046771812e-14
16950.056 8.916770032039482e-15
17000.056 3.1528469771982407e-15
17050.056 7.680855022489237e-15
17100.056 2.027261180969822e-14
17150.056 8.568004190606178e-15
17200.056 8.850977532609879e-14
17250.056 2.381474642698123e-14
17300.056 1.334469375920388e-14
17350.056 1.698477358407299e-14
17400.056 5.6524020943582016e-14
17450.056 8.269893464917688e-14
17500.056 1.4573338321557231e-13
17550.056 1.291771895551933e-13
17600.056 9.852386023306487e-14
17650.056 7.801142371347848e-14
17700.056 5.337640140754989e-14
17750.056 7.289607967611635e-14
17800.056 4.2642833664668477e-13
17850.056 7.83148981844938e-14
17900.056 6.750253007986258e-14
17950.056 6.510749582896483e-14
18000.056 9.871125702556984e-14
18050.056 1.0586146521102891e-13
18100.056 1.595412378236099e-13
18150.056 6.836213070620438e-14
18200.056 6.19408759737521e-14
18250.056 3.2441496639205575e-13
18300.056 2.7287754601603925e-14
18350.056 1.8972852281069182e-14
18400.056 7.274918360059983e-15
18450.056 1.26633671351886e-13
18500.056 1.0379813050024603e-13
18550.056 4.476450274431658e-14
18600.056 1.3533271755528252e-13
18650.056 9.651403658625443e-14
18700.056 5.2100741064000174e-15
18750.056 1.502982674171545e-14
18800.056 2.5989913367102637e-13
18850.056 2.476695936403979e-13
18900.056 2.8950759071871013e-13
18950.056 3.628556206380656e-13
19000.056 4.383377975921293e-14
19050.056 1.885566746069757e-14
19100.056 6.313297647889467e-14
19150.056 2.402458125280683e-14
19200.056 4.509542638601452e-14
19250.056 3.972510772183122e-14
19300.056 1.7756886943236084e-14
19350.056 1.8330594921937073e-14
19400.056 1.539928804997055e-14
19450.056 3.185822470133092e-14
19500.056 9.185243461791992e-15
19550.056 3.778153935928691e-14
19600.056 1.6248815436764052e-13
19650.056 9.005135775944267e-14
19700.056 1.0552839367111077e-13
19750.056 2.5851402469189575e-13
19800.056 1.0560752625800999e-13
19850.056 1.4484796415245382e-13
19900.056 2.589552511154549e-13
19950.056 3.9217484627143276e-13
20000.056 5.476160799243484e-13
20050.056 3.5942843288557116e-13
20100.056 7.072605893888635e-13
20150.056 3.2327072341583145e-13
20200.056 1.9401665337031992e-13
20250.056 6.505738512336084e-13
20300.056 9.32433373583992e-13
20350.056 1.4485385078941244e-12
20400.056 8.647554140526663e-13
20450.056 1.7346828339292633e-12
20500.056 2.840198319347074e-12
20550.056 3.929935681860182e-12
20600.056 4.549305784916035e-12
20650.056 7.097319230044219e-12
20700.056 8.327277312565578e-12
20750.056 1.3005558400962007e-11
20800.056 1.1522662385233181e-11
20850.056 1.550544216791501e-11
20900.056 2.0036542712716665e-11
20950.056 1.8109770264170054e-11
21000.056 1.8384968924645343e-11
21050.056 2.1911018873952214e-11
21100.056 1.9722107079302195e-11
21150.056 2.1319810455864855e-11
21200.056 1.8467133729784772e-11
21250.056 1.6856772165873383e-11
21300.056 1.2124206021847923e-11
21350.056 1.2824338860720787e-11
21400.056 1.1568624378169385e-11
21450.056 6.922345584677396e-12
21500.056 5.6927691384732916e-12
21550.056 5.530132651251464e-12
21600.056 3.581252296955786e-12
21650.056 2.3440955405360706e-12
21700.056 1.2260145015885847e-12
21750.056 1.9556493641886433e-12
21800.056 1.1062858711544908e-12
21850.056 1.1904944709629744e-12
21900.056 7.122922811301791e-13
21950.056 1.0190243717037527e-13
22000.056 6.581119692455341e-15
22050.056 1.6892569757581983e-14
22100.056 1.0369503077017605e-13
22150.056 7.871040070385452e-14
22200.056 6.758977613834754e-14
22250.056 5.335356354937876e-14
22300.056 1.5215007317384484e-14
22350.056 3.0597456395804573e-14
22400.056 7.407474352665875e-15
22450.056 1.182440060708553e-14
22500.056 9.803687383796783e-15
22550.056 2.7370905640544172e-15
22600.056 2.154129168760013e-15
22650.056 4.8976548957796684e-15
22700.056 4.8800641812356274e-15
22750.056 9.105348254825795e-15
22800.056 8.263025433654654e-15
22850.056 5.275937812804888e-15
22900.056 4.324448486728707e-15
22950.056 1.7248356302021125e-15
23000.056 4.0531841776984756e-15
23050.056 3.6081967230478686e-15
23100.056 4.695090596409491e-14
23150.056 8.191360357209892e-14
23200.056 7.889057176406558e-16
23250.056 5.5065370318875945e-15
23300.056 4.849240422854572e-15
23350.056 1.3851497817387633e-14
23400.056 9.711729154519405e-15
23450.056 3.236981794736015e-15
23500.056 2.899570590026898e-15
23550.056 1.0205192795767008e-14
23600.056 3.890002110999319e-14
23650.056 5.5602259001610975e-14
23700.056 5.0418383274041856e-15
23750.056 4.8619468249380474e-15
23800.056 5.200209358016288e-14
23850.056 2.872616209778319e-14
23900.056 8.067468036816992e-14
23950.056 2.653777390162298e-14
24000.056 1.1143074717758053e-13
24050.056 1.643496687608983e-13
24100.056 3.015153934419335e-13
24150.056 4.209331616529532e-13
24200.056 1.8957566955000945e-13
24250.056 1.5036122639493896e-13
24300.056 2.851156605773304e-13
24350.056 2.567047117528193e-13
24400.056 9.804594834659744e-13
24450.056 1.328738844396618e-12
24500.056 1.0785153536693943e-12
24550.056 2.0219634434046567e-12
24600.056 2.0825461079778214e-12
24650.056 4.3328029357918364e-12
24700.056 1.9052145489353664e-12
24750.056 3.2042241787571224e-12
24800.056 2.5415170603826553e-12
24850.056 4.349841039421888e-12
24900.056 2.4456385200420483e-12
24950.056 4.1058178687954826e-12
25000.056 5.549572397930451e-12
25050.056 3.872649324586092e-12
25100.056 5.693569696025804e-12
25150.056 1.9232379973524132e-12
25200.056 3.468577744852674e-12
25250.056 1.2801626918178414e-12
25300.056 1.243554210283679e-12
25350.056 6.163044973190979e-13
25400.056 1.7017300074524075e-12
25450.056 2.878310207775672e-13
25500.056 2.4533619283300977e-13
25550.056 7.180337623787003e-13
25600.056 1.914001842930217e-13
25650.056 8.245652390982068e-14
25700.056 5.408229386086517e-14
25750.056 1.4528502416211086e-14
25800.056 9.957153161160355e-14
25850.056 1.0261773089158967e-14
25900.056 1.3335599341985094e-14
25950.056 2.768854217099053e-15
26000.056 5.880122393511172e-14
26050.056 3.972058823134057e-15
26100.056 2.0957780944671854e-14
26150.056 6.5308014618664505e-15
26200.056 1.0379251600826909e-14
26250.056 1.1924880881522697e-13
26300.056 1.2530791868392312e-14
26350.056 3.9359718255503034e-13
26400.056 1.131721556693199e-12
26450.056 5.836697177368551e-13
26500.056 2.070806037761172e-12
26550.056 6.100519524509962e-14
26600.056 5.895268253360079e-14
26650.056 6.453719647033545e-15
26700.056 4.981279993984433e-15
26750.056 1.1285482821061852e-14
26800.056 5.968738064647909e-14
26850.056 3.175979041770579e-14
26900.056 2.1498415455667724e-13
26950.056 3.954202303818915e-14
27000.056 3.1285588396901506e-13
27050.056 6.203569821877942e-13
27100.056 1.5601514744306947e-14
27150.056 4.4165617565608264e-13
27200.056 1.7800678585925442e-14
27250.056 1.1641261731716708e-13
27300.056 1.9766230957227447e-12
27350.056 3.9343222655889754e-13
27400.056 1.3911989824000614e-14
27450.056 7.395312880901641e-13
27500.056 8.744306020484608e-13
27550.056 9.626697930065857e-14
27600.056 4.009990507866937e-13
27650.056 7.225437976905769e-14
27700.056 8.832442766898172e-14
27750.056 8.632287019002262e-13
27800.056 1.8438919728442217e-13
27850.056 4.988680899243857e-13
27900.056 5.021357347118206e-13
27950.056 1.4662808539522332e-12
28000.056 2.089766548361448e-12
28050.056 9.693521676047172e-14
28100.056 1.7097527951632198e-12
28150.056 1.3781460298133727e-12
28200.056 1.9847215506578641e-13
28250.056 2.562202938665001e-12
28300.056 2.0838230682079025e-12
28350.056 2.584259015973222e-13
28400.056 1.181164999511118e-12
28450.056 2.7216679106708727e-12
28500.056 1.1797961178910126e-12
28550.056 2.2756369043780495e-13
28600.056 2.5673006896455286e-12
28650.056 1.1589603464626521e-12
28700.056 3.1437646622431255e-12
28750.056 4.1147554376013045e-12
28800.056 9.21851468312288e-13
