galfind/configs/Brown_Dwarf_templates/sonora_bobcat/m+0.5/10g/sp_t1300g10nc_m+0.5_resample.dat
# %ECSV 1.0
# ---
# datatype:
# - {name: wav, unit: Angstrom, datatype: float64}
# - {name: flux_nu, unit: erg / (cm2 Hz s), datatype: float64}
# meta: {C/O: '1.00', Kzz: '1.0000E+05', Teff: '1300.', Y: '0.28', '[Fe/H]': '0.50', f_hole: '1.00', f_rain: '0.00', grav: '10.'}
# schema: astropy-2.0
wav flux_nu
4000.0559999999996 nan
4050.0559999999996 4.285411112709387e-11
4100.056 1.2350209316160304e-10
4150.056 1.2816668756201638e-10
4200.056 1.124319934616286e-10
4250.056 1.353963921410606e-10
4300.056 1.3146590249602626e-10
4350.056 1.4380927109700201e-10
4400.056 1.725055452280284e-10
4450.056 1.54862739930001e-10
4500.056 1.6718853181001163e-10
4550.056 2.1054379220728805e-10
4600.056 2.2396662016301165e-10
4650.056 2.1180456685798577e-10
4700.056 2.522911775350453e-10
4750.056 2.800385706589867e-10
4800.056 2.1513580067399353e-10
4850.056 2.0641922648999913e-10
4900.056 2.1169883506300548e-10
4950.056 1.7073914189899973e-10
5000.056 7.630570938399449e-11
5050.056 3.389945712000288e-11
5100.056 2.773623441100159e-11
5150.056 2.3810267649002957e-11
5200.056 2.0702043599999093e-11
5250.056 1.5254530375000382e-11
5300.056 1.136806212200016e-11
5350.056 8.432619228100048e-12
5400.056 6.099415581099971e-12
5450.056 4.3647611253999914e-12
5500.056 3.0690561623999916e-12
5550.056 2.1009429634000055e-12
5600.056 1.4282514829999908e-12
5650.056 9.629691355499968e-13
5700.056 6.443436427899969e-13
5750.056 4.229579208599976e-13
5800.056 2.6967207740999833e-13
5850.056 1.4503815925299818e-13
5900.056 3.635102366593089e-14
5950.056 3.0461654026000513e-13
6000.056 8.744804095400136e-13
6050.056 2.3458016222000264e-12
6100.056 6.017801796100049e-12
6150.056 1.4687424697400187e-11
6200.056 3.3481611430000364e-11
6250.056 7.036398183400067e-11
6300.056 1.3673370533300132e-10
6350.056 2.4885795653000113e-10
6400.056 4.238258115700022e-10
6450.056 6.770117577599998e-10
6500.056 9.798384917399993e-10
6550.056 1.39802644576995e-09
6600.056 1.9380993895000737e-09
6650.056 2.5452039871001124e-09
6700.056 1.9973196041284545e-09
6750.056 4.019391510200095e-09
6800.056 5.159279183700102e-09
6850.056 6.0715560129999925e-09
6900.056 5.798583506880163e-09
6950.056 4.992955720199685e-09
7000.056 4.832123832099995e-09
7050.056 5.119289284600004e-09
7100.056 5.4691076466998815e-09
7150.056 5.539472564669915e-09
7200.056 6.026089416090043e-09
7250.056 6.451803259099788e-09
7300.056 6.216021289960093e-09
7350.056 5.121197370310033e-09
7400.056 3.931910178600081e-09
7450.056 3.098215436499919e-09
7500.056 2.393763843199957e-09
7550.056 1.663222546899985e-09
7600.056 8.932414349299848e-10
7650.056 9.36705466520693e-11
7700.056 3.369667008411069e-11
7750.056 5.262711616200185e-10
7800.056 1.5440494815926333e-09
7850.056 4.095047911800066e-09
7900.056 6.518877027500362e-09
7950.056 7.22820021497072e-09
8000.056 1.2011843634799862e-08
8050.056 1.672823701369886e-08
8100.056 2.1959687197720514e-08
8150.056 2.9762067363321694e-08
8200.056 3.552472876890349e-08
8250.056 4.594035947926907e-08
8300.056 5.2978698411554135e-08
8350.056 6.231942019579331e-08
8400.056 7.035116251361938e-08
8450.056 6.903295021819333e-08
8500.056 6.890793435885985e-08
8550.056 7.89624067350022e-08
8600.056 8.152070930998318e-08
8650.056 7.635629773097434e-08
8700.056 7.617249994300946e-08
8750.056 8.549279633600193e-08
8800.056 1.050844517610116e-07
8850.056 1.2007028196098106e-07
8900.056 1.2088138951929082e-07
8950.056 1.1467650780151255e-07
9000.056 1.4621109610639257e-07
9050.056 1.6244240703398954e-07
9100.056 1.8447872473470912e-07
9150.056 1.798237937171637e-07
9200.056 1.9353432052110593e-07
9250.056 1.682927857668739e-07
9300.056 1.0380212585332542e-07
9350.056 1.0692824154436944e-07
9400.056 1.1493174536746733e-07
9450.056 1.392364779744185e-07
9500.056 1.4398725508489827e-07
9550.056 1.5939842951446802e-07
9600.056 1.4120147778121997e-07
9650.056 1.5360547714545826e-07
9700.056 1.57126387758622e-07
9750.056 1.5111196900665768e-07
9800.056 1.6203061089867288e-07
9850.056 1.7838887027904675e-07
9900.056 1.8534963563786997e-07
9950.056 1.8638998558456186e-07
10000.056 1.9032228243492658e-07
10050.056 2.130956359060129e-07
10100.056 2.5610097180492456e-07
10150.056 2.838023819428959e-07
10200.056 3.1786775591595325e-07
10250.056 3.3438211231390193e-07
10300.056 3.565307890380072e-07
10350.056 4.050245437499722e-07
10400.056 4.4880780101794495e-07
10450.056 4.566226786700484e-07
10500.056 4.0679436093001014e-07
10550.056 3.96824928940123e-07
10600.056 4.166196032500485e-07
10650.056 4.5920498500200415e-07
10700.056 4.915634839650388e-07
10750.056 5.441499150060025e-07
10800.056 5.936696389400447e-07
10850.056 6.32544340623875e-07
10900.056 5.334270083227027e-07
10950.056 3.71602113217177e-07
11000.056 3.7293282552516146e-07
11050.056 3.4780469858270194e-07
11100.056 3.3371431051543364e-07
11150.056 3.068834877883637e-07
11200.056 2.9488714330167944e-07
11250.056 3.2771663214493606e-07
11300.056 3.229576043634329e-07
11350.056 2.3829775438861164e-07
11400.056 2.623232563212491e-07
11450.056 2.65869896391856e-07
11500.056 3.0405374989024986e-07
11550.056 2.6765428423327025e-07
11600.056 2.9972550627040463e-07
11650.056 3.1115233432814165e-07
11700.056 2.752836691179268e-07
11750.056 2.6164880318699546e-07
11800.056 2.802864311113229e-07
11850.056 3.405866593847954e-07
11900.056 3.4203315923859544e-07
11950.056 4.0777906707587104e-07
12000.056 4.186831963883258e-07
12050.056 4.7021151008534084e-07
12100.056 4.900800201548832e-07
12150.056 5.518584476058671e-07
12200.056 6.051755738677715e-07
12250.056 6.53016743556726e-07
12300.056 7.016390255081961e-07
12350.056 7.348863542451468e-07
12400.056 7.574893318679931e-07
12450.056 7.56047312502075e-07
12500.056 8.157946645099274e-07
12550.056 8.481215457850365e-07
12600.056 9.11242837935057e-07
12650.056 9.255065191068911e-07
12700.056 9.933994025651404e-07
12750.056 1.0060259484660774e-06
12800.056 1.0595796560686062e-06
12850.056 1.0284875170033552e-06
12900.056 9.780408440674403e-07
12950.056 1.0309326272911882e-06
13000.056 9.68321174925943e-07
13050.056 9.592727911261778e-07
13100.056 9.220215824983946e-07
13150.056 8.790628956428613e-07
13200.056 8.096173678419429e-07
13250.056 7.247475779980978e-07
13300.056 5.048268749800378e-07
13350.056 2.481738237819867e-07
13400.056 1.9382639234758468e-07
13450.056 1.5081509274013803e-07
13500.056 1.3925263366540058e-07
13550.056 1.261150464282555e-07
13600.056 9.8587236320754e-08
13650.056 1.2466845660855535e-07
13700.056 1.0122343372937001e-07
13750.056 9.428147455423628e-08
13800.056 1.1669655581428332e-07
13850.056 1.1468882343345051e-07
13900.056 1.1715755259750752e-07
13950.056 1.1269113223051323e-07
14000.056 1.0785457284557013e-07
14050.056 1.0339706911828613e-07
14100.056 8.868295343041937e-08
14150.056 9.034588526458285e-08
14200.056 8.517967797272203e-08
14250.056 8.323619127960099e-08
14300.056 9.143569659618079e-08
14350.056 8.464057771778897e-08
14400.056 1.0342347393643441e-07
14450.056 1.0474878907197315e-07
14500.056 1.338105552746845e-07
14550.056 1.4352668655370667e-07
14600.056 1.5097289690335778e-07
14650.056 1.541670801018126e-07
14700.056 1.3534349276820484e-07
14750.056 1.539385929330473e-07
14800.056 1.7403587914679398e-07
14850.056 1.8786446554097047e-07
14900.056 2.0218567858191794e-07
14950.056 1.994452336447945e-07
15000.056 2.152616346683261e-07
15050.056 2.414023795562509e-07
15100.056 2.5557076497003375e-07
15150.056 2.865392275989328e-07
15200.056 2.9339564535867044e-07
15250.056 3.009901366201953e-07
15300.056 3.311824354161607e-07
15350.056 3.4305694715894223e-07
15400.056 3.734801311314239e-07
15450.056 4.0672323804168993e-07
15500.056 4.149123120748473e-07
15550.056 4.540256616460019e-07
15600.056 4.386695741728368e-07
15650.056 4.813462571288287e-07
15700.056 5.545656217213927e-07
15750.056 5.96881529270006e-07
15800.056 5.945366197363832e-07
15850.056 6.695107070098227e-07
15900.056 6.752903829402197e-07
15950.056 7.576285908978561e-07
16000.056 7.73034720684986e-07
16050.056 7.903359846489944e-07
16100.056 8.480627944941873e-07
16150.056 8.619801602021501e-07
16200.056 8.963812263997859e-07
16250.056 9.353008591869712e-07
16300.056 9.307976581719564e-07
16350.056 9.85752742554965e-07
16400.056 1.0348692329681962e-06
16450.056 1.0566420904128976e-06
16500.056 1.132842343682388e-06
16550.056 1.1543856488103053e-06
16600.056 1.1211563097214626e-06
16650.056 1.1987316476287096e-06
16700.056 1.1989919842770446e-06
16750.056 1.2608271518586405e-06
16800.056 1.3788623363519329e-06
16850.056 1.336742714570442e-06
16900.056 1.3445428249339738e-06
16950.056 1.3073024045978572e-06
17000.056 1.2586375603500092e-06
17050.056 1.247271643165069e-06
17100.056 1.1264141496093558e-06
17150.056 1.0417269144050655e-06
17200.056 9.315980269124303e-07
17250.056 8.743971445939097e-07
17300.056 8.568349291039855e-07
17350.056 7.786008784466193e-07
17400.056 8.414348600012721e-07
17450.056 7.44483701615567e-07
17500.056 6.986712215609195e-07
17550.056 7.118693391757418e-07
17600.056 6.720490074720866e-07
17650.056 6.407258196045598e-07
17700.056 5.224927082584805e-07
17750.056 4.569251073125725e-07
17800.056 5.128745319869958e-07
17850.056 4.189007490214952e-07
17900.056 4.1478047071653833e-07
17950.056 4.0630638527616065e-07
18000.056 3.6171044275369065e-07
18050.056 3.473312526708725e-07
18100.056 3.270062380551596e-07
18150.056 4.143998002576767e-07
18200.056 2.8473239007653903e-07
18250.056 3.829386471530193e-07
18300.056 3.652378127263245e-07
18350.056 3.0267401244736065e-07
18400.056 3.1373725070361553e-07
18450.056 2.827462966936007e-07
18500.056 2.9201225619514295e-07
18550.056 2.668177166435132e-07
18600.056 2.221157326026875e-07
18650.056 2.5274405838014905e-07
18700.056 2.6895199184852505e-07
18750.056 2.612533885643181e-07
18800.056 2.889395431849859e-07
18850.056 3.3323546529014854e-07
18900.056 3.2196673581699857e-07
18950.056 3.3257573056858786e-07
19000.056 3.51677070096857e-07
19050.056 3.3045457407318684e-07
19100.056 3.5873707091685684e-07
19150.056 3.808754762229601e-07
19200.056 3.705552979591187e-07
19250.056 3.537503736177174e-07
19300.056 3.662709367520052e-07
19350.056 3.374284849087964e-07
19400.056 2.9333196871819806e-07
19450.056 3.757369284487597e-07
19500.056 3.490358026264595e-07
19550.056 2.817075475044948e-07
19600.056 3.596932950968904e-07
19650.056 3.577348581885289e-07
19700.056 3.5818908776222793e-07
19750.056 3.4127522749295506e-07
19800.056 3.499551393553307e-07
19850.056 3.783725302026186e-07
19900.056 3.184944472546964e-07
19950.056 4.047378931070854e-07
20000.056 3.5106322959919056e-07
20050.056 3.847397441887544e-07
20100.056 4.3506716782004546e-07
20150.056 4.1815620713531334e-07
20200.056 4.426249086763917e-07
20250.056 4.817619766700756e-07
20300.056 4.86765760237826e-07
20350.056 5.216986538219256e-07
20400.056 5.127402267017322e-07
20450.056 5.990406125977937e-07
20500.056 5.81618435319241e-07
20550.056 6.003711774891702e-07
20600.056 6.800982619453483e-07
20650.056 6.721650139073933e-07
20700.056 7.023633737920197e-07
20750.056 7.560623225407588e-07
20800.056 7.928871220852307e-07
20850.056 7.988596458668447e-07
20900.056 8.387504073008128e-07
20950.056 8.756277601560718e-07
21000.056 9.422489001001024e-07
21050.056 9.453801633259912e-07
21100.056 9.862632624338832e-07
21150.056 1.0769329242830752e-06
21200.056 1.0605269355451223e-06
21250.056 1.1410908321298762e-06
21300.056 1.090420711389819e-06
21350.056 1.2323180493120088e-06
21400.056 1.154140577288196e-06
21450.056 1.3129875409800096e-06
21500.056 1.2266055094852076e-06
21550.056 1.2634276396398676e-06
21600.056 1.3190803274501983e-06
21650.056 1.2736254673703562e-06
21700.056 1.410811006830022e-06
21750.056 1.3346917497300077e-06
21800.056 1.3097178008097835e-06
21850.056 1.3140811249000686e-06
21900.056 1.3277645978302452e-06
21950.056 1.254066880581262e-06
22000.056 1.1959895734402867e-06
22050.056 1.0627633850296367e-06
22100.056 1.2325843841591926e-06
22150.056 1.2468271634370479e-06
22200.056 1.2061050157847043e-06
22250.056 1.2417330692563805e-06
22300.056 1.2085317152525839e-06
22350.056 1.1698933726373575e-06
22400.056 1.1923865653060494e-06
22450.056 1.159532526565665e-06
22500.056 1.1961408200140552e-06
22550.056 1.0920522000743404e-06
22600.056 1.1471509107500723e-06
22650.056 1.1144596129625713e-06
22700.056 1.0885433665942398e-06
22750.056 1.140692961876035e-06
22800.056 1.045827373109908e-06
22850.056 1.0261057715043423e-06
22900.056 1.0853001002888392e-06
22950.056 6.484746371299805e-07
23000.056 7.677816990770428e-07
23050.056 8.41053425804714e-07
23100.056 8.452379045548471e-07
23150.056 8.649636057532506e-07
23200.056 7.180061400350808e-07
23250.056 5.877553817548339e-07
23300.056 6.220266819901825e-07
23350.056 6.273419490450389e-07
23400.056 5.928556862871522e-07
23450.056 6.502188868269332e-07
23500.056 6.371578119650906e-07
23550.056 6.016824649832718e-07
23600.056 6.07050626955179e-07
23650.056 6.742963525609271e-07
23700.056 5.987276055829942e-07
23750.056 5.596051639160724e-07
23800.056 5.49051763756135e-07
23850.056 4.838711146851303e-07
23900.056 6.090627657229942e-07
23950.056 6.49220493126437e-07
24000.056 6.096960212085805e-07
24050.056 6.476005829698006e-07
24100.056 5.441981540508018e-07
24150.056 5.452259350965162e-07
24200.056 5.752345307495268e-07
24250.056 5.174082537592446e-07
24300.056 5.259541987620656e-07
24350.056 4.583925700990839e-07
24400.056 5.32994875198805e-07
24450.056 4.5531099661071105e-07
24500.056 4.165985005539476e-07
24550.056 4.281254540831244e-07
24600.056 4.581427053320965e-07
24650.056 4.907193897899434e-07
24700.056 3.911292569699211e-07
24750.056 3.817577341813114e-07
24800.056 3.5656012217514516e-07
24850.056 4.364904947079589e-07
24900.056 3.150822715823024e-07
24950.056 4.0815911595285213e-07
25000.056 3.6041445416999183e-07
25050.056 2.738143765910385e-07
25100.056 3.364114635950392e-07
25150.056 2.711778404639897e-07
25200.056 2.9774163462085637e-07
25250.056 2.780962451179419e-07
25300.056 3.208335977710293e-07
25350.056 2.4453396653108396e-07
25400.056 2.918606580341012e-07
25450.056 2.4644398431697003e-07
25500.056 2.6058181057908315e-07
25550.056 2.486679768160497e-07
25600.056 2.434758559069975e-07
25650.056 2.2163421338496296e-07
25700.056 2.8464253597385916e-07
25750.056 2.0124262507604356e-07
25800.056 2.838119945810529e-07
25850.056 2.257061611019104e-07
25900.056 2.626816644779977e-07
25950.056 2.223270768439723e-07
26000.056 2.8394332540103704e-07
26050.056 2.89220326922007e-07
26100.056 2.8962472330494314e-07
26150.056 2.849509115519034e-07
26200.056 2.741759650109578e-07
26250.056 2.860810975810613e-07
26300.056 2.893706012880371e-07
26350.056 3.0335218632191986e-07
26400.056 3.2453930301979085e-07
26450.056 3.311675833900351e-07
26500.056 3.36431804653818e-07
26550.056 2.7920703494480984e-07
26600.056 3.250316826308082e-07
26650.056 2.335200458249246e-07
26700.056 2.2532006705503008e-07
26750.056 2.0037752538886626e-07
26800.056 2.4632962395792e-07
26850.056 1.9642204244292142e-07
26900.056 2.607554009210488e-07
26950.056 1.9050367665698955e-07
27000.056 2.5460412687701855e-07
27050.056 2.1369485184107706e-07
27100.056 2.2076147997797182e-07
27150.056 2.480182273720319e-07
27200.056 2.3544895893514702e-07
27250.056 2.4099925948816056e-07
27300.056 2.735153234569445e-07
27350.056 2.683882436929329e-07
27400.056 2.2404191929400168e-07
27450.056 3.208775286978121e-07
27500.056 2.968551670578671e-07
27550.056 2.6476335213800605e-07
27600.056 3.2923717447292096e-07
27650.056 2.4471924756289744e-07
27700.056 2.373075005061299e-07
27750.056 3.0604675030376357e-07
27800.056 2.2281006067986816e-07
27850.056 2.570363511407643e-07
27900.056 2.7496135628708315e-07
27950.056 3.1540880850504827e-07
28000.056 2.9818365282213817e-07
28050.056 2.2136537544808787e-07
28100.056 3.323337998231322e-07
28150.056 2.679918490350628e-07
28200.056 2.3475280632008356e-07
28250.056 3.0084093745604645e-07
28300.056 3.5676795838196314e-07
28350.056 2.751378667028834e-07
28400.056 2.8055757666999625e-07
28450.056 3.011738911548792e-07
28500.056 3.109956514379532e-07
28550.056 2.2843031449689617e-07
28600.056 3.605237691109636e-07
28650.056 3.4063851470580743e-07
28700.056 3.228589356099482e-07
28750.056 3.679880214440501e-07
28800.056 3.33815932029088e-07
28850.056 3.768180426531073e-07
