galfind/configs/Brown_Dwarf_templates/sonora_bobcat/m+0.5/10g/sp_t325g10nc_m+0.5_resample.dat
# %ECSV 1.0
# ---
# datatype:
# - {name: wav, unit: Angstrom, datatype: float64}
# - {name: flux_nu, unit: erg / (cm2 Hz s), datatype: float64}
# meta: {C/O: '1.00', Kzz: '1.0000E+05', Teff: '325.', Y: '0.28', '[Fe/H]': '0.50', f_hole: '1.00', f_rain: '0.00', grav: '10.'}
# schema: astropy-2.0
wav flux_nu
[from data line 499]
28950.056 1.0246680745795302e-11
29000.056 4.9965194597367295e-12
29050.056 9.080893432511618e-12
29100.056 4.305320585814335e-12
29150.056 3.81841556444888e-12
29200.056 1.6816861108932633e-11
29250.056 1.590394155869561e-11
29300.056 6.809894624106758e-12
29350.056 1.8825488601126414e-11
29400.056 1.1962863040440886e-11
29450.056 4.474192395353958e-12
29500.056 2.1555944146814286e-11
29550.056 6.576125188603546e-12
29600.056 8.112782690064713e-12
29650.056 2.77637386069085e-11
29700.056 5.480504136858904e-12
29750.056 2.295368253642974e-11
29800.056 1.3707134880545428e-11
29850.056 2.236169707273829e-11
29900.056 1.0090310061770126e-11
29950.056 1.6732740474888004e-11
30000.056 1.5696637301583223e-13
30050.056 1.4655504704839023e-12
30100.056 8.367498870930398e-12
30150.056 2.3029229204542383e-11
30200.056 1.48112966751106e-11
30250.056 2.9291943843272455e-11
30300.056 5.117637993365386e-11
30350.056 9.512596503098912e-12
30400.056 3.7630464461432365e-11
30450.056 3.1377075891072984e-11
30500.056 1.6146340873855627e-11
30550.056 1.5209902706569647e-11
30600.056 8.959381588111885e-11
30650.056 5.2557889067292784e-11
30700.056 2.0167767800764894e-11
30750.056 5.372357948536183e-11
30800.056 4.017523936683896e-11
30850.056 5.079220755677868e-11
30900.056 1.865124611696795e-11
30950.056 2.0995964441928068e-11
31000.056 3.311221851657946e-11
31050.056 1.4661067201349303e-11
31100.056 9.115569816473565e-12
31150.056 1.7428029230395677e-11
31200.056 5.754446291066941e-11
31250.056 4.517843616457006e-11
31300.056 1.840113214649963e-11
31350.056 5.882449423872999e-11
31400.056 4.302523993693006e-11
31450.056 3.672547508036665e-11
31500.056 1.4280248588056059e-11
31550.056 2.220461943559495e-11
31600.056 1.5295823590073407e-11
31650.056 1.7279332526292275e-11
31700.056 1.2993645906385296e-11
31750.056 6.7905629767428035e-12
31800.056 1.1598621173062634e-11
31850.056 1.8547113562405525e-12
31900.056 4.783457056047099e-12
31950.056 3.572932965155654e-12
32000.056 1.567289658566359e-12
32050.056 3.4607210979495352e-12
32100.056 3.1307696294484664e-12
32150.056 2.7442866597357368e-12
32200.056 1.1124153529836144e-12
32250.056 3.055912963311232e-12
32300.056 8.192226008690194e-13
32350.056 2.6816350201190255e-12
32400.056 2.7752146783453427e-13
32450.056 1.5219970014575507e-12
32500.056 2.6944219691065325e-13
32550.056 1.091073086632287e-12
32600.056 2.207406245039309e-13
32650.056 4.181409277784936e-12
32700.056 3.5145005881444727e-13
32750.056 9.486398790032968e-12
32800.056 3.343191755890492e-12
32850.056 2.25626648692394e-11
32900.056 1.6300558386560493e-11
32950.056 1.9152615945411732e-11
33000.056 4.0665807937322165e-12
33050.056 5.813225022967807e-12
33100.056 8.69247959662735e-13
33150.056 1.3293582543351253e-16
33200.056 2.2914880068797713e-14
33250.056 3.3613513236400245e-14
33300.056 4.922773358511401e-13
33350.056 1.251882360509064e-12
33400.056 7.839058932575802e-12
33450.056 3.1516851680193553e-12
33500.056 1.4822539228689563e-11
33550.056 2.0274135089433865e-12
33600.056 7.419160265340591e-12
33650.056 6.239115689348726e-12
33700.056 1.6136733980741483e-12
33750.056 1.0078054146999789e-11
33800.056 5.821406390307424e-13
33850.056 4.665455623174601e-12
33900.056 5.453568885140077e-12
33950.056 4.35573934379217e-12
34000.056 1.2314502001934239e-11
34050.056 1.5488741116459443e-12
34100.056 1.1706825849627677e-11
34150.056 5.1646917074250434e-12
34200.056 1.6019477855072582e-11
34250.056 7.159934173016506e-12
34300.056 9.908872644484597e-12
34350.056 1.9960913063583676e-11
34400.056 5.437180257652689e-12
34450.056 1.7803224593745015e-11
34500.056 7.50655233221034e-12
34550.056 7.734427920820424e-12
34600.056 3.4474575353322505e-11
34650.056 4.206567637718683e-12
34700.056 2.21602914208672e-11
34750.056 1.3114623340541087e-11
34800.056 1.6593270783486608e-11
34850.056 4.065407102105786e-11
34900.056 7.323710612760988e-12
34950.056 4.047124911962743e-11
35000.056 6.780482027619555e-11
35050.056 4.0907525877323626e-11
35100.056 8.25073999099972e-11
35150.056 5.403756700902327e-11
35200.056 6.591290865243479e-11
35250.056 9.366606951083337e-11
35300.056 4.404736762221966e-11
35350.056 4.14773411283704e-11
35400.056 2.5239934850251648e-11
35450.056 3.2935841266836815e-11
35500.056 1.202681115890554e-10
35550.056 6.385381367380326e-11
35600.056 8.312842081132818e-11
35650.056 9.725203730323452e-11
35700.056 1.215615878520125e-10
35750.056 1.2731311106091042e-10
35800.056 1.1934307175646654e-10
35850.056 3.650720434855377e-11
35900.056 4.421994169279549e-11
35950.056 5.2933486981404755e-11
36000.056 9.066093164146876e-11
36050.056 6.165160067375507e-11
36100.056 4.9337291189721397e-11
36150.056 1.3637635657209922e-10
36200.056 1.2962750466197592e-10
36250.056 9.351691267052224e-11
36300.056 2.4466046482420304e-10
36350.056 1.241154108869566e-10
36400.056 2.1364661077792788e-10
36450.056 2.429249769721145e-10
36500.056 2.421311941404953e-10
36550.056 3.6129827231714427e-10
36600.056 3.428717031925169e-10
36650.056 2.4851526583836987e-10
36700.056 3.334050288052532e-10
36750.056 3.9171935862027857e-10
36800.056 4.226372949435817e-10
36850.056 1.8504686794668144e-10
36900.056 4.136731558400483e-10
36950.056 4.503592038254697e-10
37000.056 3.3015955679759464e-10
37050.056 4.545282324658414e-10
37100.056 3.413475840239568e-10
37150.056 2.649268588814129e-10
37200.056 6.071142662027224e-10
37250.056 3.5246087750610813e-10
37300.056 2.376919049992004e-10
37350.056 4.814594962354431e-10
37400.056 6.369208616874875e-10
37450.056 2.7034649452797135e-10
37500.056 4.432238997451316e-10
37550.056 6.809869650115681e-10
37600.056 9.83868014192284e-10
37650.056 3.237334200883418e-10
37700.056 6.992079791543213e-10
37750.056 4.484974067184087e-10
37800.056 4.2487106746160295e-10
37850.056 1.9095991637714993e-10
37900.056 3.2026034571998315e-10
37950.056 6.48090293880002e-10
38000.056 7.051736783131742e-10
38050.056 9.98290387068229e-10
38100.056 1.1201635395243716e-09
38150.056 1.3356341185801989e-09
38200.056 1.0719678382146246e-09
38250.056 1.2829419071012243e-09
38300.056 1.890398982603002e-09
38350.056 1.8017874970385338e-09
38400.056 5.819391825567419e-10
38450.056 2.2733640855187467e-10
38500.056 1.51086092691065e-10
38550.056 7.259582514563594e-10
38600.056 6.443393141310512e-10
38650.056 7.70103939503211e-10
38700.056 3.168531911418261e-10
38750.056 6.675869618487184e-10
38800.056 6.502620621193299e-10
38850.056 7.738131970608271e-10
38900.056 9.930265465348876e-10
38950.056 6.551048612191641e-10
39000.056 1.457011233289282e-09
39050.056 5.875615295092649e-10
39100.056 1.0979641569373865e-09
39150.056 1.4457634279972468e-09
39200.056 1.0256987521835115e-09
39250.056 1.8858093813626306e-09
39300.056 9.395322736960396e-10
39350.056 2.463351029922399e-09
39400.056 9.224284464631347e-10
39450.056 1.8618359482113905e-09
39500.056 1.7614164685823711e-09
39550.056 8.514913590303644e-10
39600.056 1.845923189845243e-09
39650.056 1.9100540688040343e-09
39700.056 2.0752820689516712e-09
39750.056 1.0959686145758092e-09
39800.056 1.1111212491496651e-09
39850.056 2.4908450382146367e-09
39900.056 3.128360808628391e-09
39950.056 1.1759185531369766e-09
40000.056 2.4968413405926997e-09
40050.056 2.5618409924738672e-09
40100.056 9.570807081064994e-10
40150.056 2.5839386685807832e-09
40200.056 2.7623493862491355e-09
40250.056 3.278398801280161e-09
40300.056 3.1161114299468597e-09
40350.056 1.9553407189487017e-09
40400.056 2.5539972318630377e-09
40450.056 1.327732185716963e-09
40500.056 3.6480490977432058e-09
40550.056 4.175885436147841e-09
40600.056 2.723571536378495e-09
40650.056 1.9299333041812363e-09
40700.056 4.170065423597286e-09
40750.056 2.861393736866797e-09
40800.056 1.910586985489977e-09
40850.056 5.422802753086058e-09
40900.056 4.572706752616194e-09
40950.056 4.2047481130479505e-09
41000.056 3.087823051193453e-09
41050.056 6.068260254639079e-09
41100.056 4.7421248441407e-09
41150.056 1.7634338953180899e-09
41200.056 6.992008304912169e-09
41250.056 3.748030575177974e-09
41300.056 4.162623032429354e-09
41350.056 6.527342138768744e-09
41400.056 5.378103072627103e-09
41450.056 8.158417425284612e-09
41500.056 5.745221527935415e-09
41550.056 4.6444076283523154e-09
41600.056 4.276454361813268e-09
41650.056 7.1348684522175076e-09
41700.056 8.750786155741213e-09
41750.056 7.270035457357684e-09
41800.056 7.157399723808273e-09
41850.056 6.613942606826188e-09
41900.056 5.563580199448166e-09
41950.056 4.981818697265937e-09
42000.056 2.7947220738039732e-09
42050.056 4.143845165816308e-09
42100.056 3.556536246304144e-09
42150.056 5.140981461069967e-09
42200.056 6.953420696547436e-09
42250.056 4.457178391884465e-09
42300.056 4.697837998789834e-09
42350.056 8.120532389580124e-09
42400.056 9.872306423001955e-09
42450.056 1.001178293090414e-08
42500.056 8.807317739157358e-09
42550.056 7.863151380598045e-09
42600.056 7.014515307374051e-09
42650.056 1.3364951738332064e-08
42700.056 6.335011947994074e-09
42750.056 1.1032235519356857e-08
42800.056 1.8033643067005408e-08
42850.056 1.5121424462296388e-08
42900.056 1.491246207375296e-08
42950.056 1.4038215586115896e-08
43000.056 1.54850721272076e-08
43050.056 8.905687586612871e-09
43100.056 1.2286415755256863e-08
43150.056 1.0003481599348053e-08
43200.056 1.8613116036401826e-08
43250.056 2.1239965122245908e-08
43300.056 2.004524098719459e-08
43350.056 1.297487064509516e-08
43400.056 1.7429718155581573e-08
43450.056 1.1071013292639265e-08
43500.056 9.47548401493023e-09
43550.056 1.1231611398616073e-08
43600.056 2.066607706980295e-08
43650.056 1.426514317702189e-08
43700.056 2.248970172869963e-08
43750.056 2.083047355639303e-08
43800.056 1.97248777110138e-08
43850.056 1.5408077787977793e-08
43900.056 1.3948626257686394e-08
43950.056 7.846843618240417e-09
44000.056 9.021333857277121e-09
44050.056 2.4935530323700213e-08
44100.056 2.928082395201295e-08
44150.056 2.737547602521973e-08
44200.056 2.404203038789857e-08
44250.056 1.2355273134021555e-08
44300.056 1.0504761462690835e-08
44350.056 1.196769026619131e-08
44400.056 1.0252088950918287e-08
44450.056 1.872581523970742e-08
44500.056 1.8808680980503086e-08
44550.056 2.8723303397956595e-08
44600.056 2.386753318284719e-08
44650.056 1.7856070240454377e-08
44700.056 1.2895882669960412e-08
44750.056 2.485300995010721e-08
44800.056 1.3586828805394362e-08
44850.056 1.6597270582824726e-08
44900.056 1.7467946697201856e-08
44950.056 2.360748266470435e-08
45000.056 2.774720385670136e-08
45050.056 2.279936414269512e-08
45100.056 1.9805755126177353e-08
45150.056 1.7583841108897232e-08
45200.056 1.4442499271859868e-08
45250.056 1.736345374322232e-08
45300.056 1.5800946895754444e-08
45350.056 1.128506904874554e-08
45400.056 3.814425596950739e-08
45450.056 2.599638140620533e-08
45500.056 3.85271224229757e-08
45550.056 3.710267188147913e-08
45600.056 2.947681672390935e-08
45650.056 2.3826097747740134e-08
45700.056 1.5358781935599366e-08
45750.056 1.5696127837021443e-08
45800.056 4.100033555629664e-08
45850.056 2.6493052983597688e-08
45900.056 4.0529587943629614e-08
45950.056 3.834608459629992e-08
46000.056 3.647012304805481e-08
46050.056 2.6981163262706773e-08
46100.056 4.712635102598913e-08
46150.056 2.6701709073405847e-08
46200.056 2.1691349407295582e-08
46250.056 8.289236111525408e-09
46300.056 2.4813480165038893e-08
46350.056 2.731101165930668e-08
46400.056 2.3084136585599392e-08
46450.056 2.1888730688448605e-08
46500.056 2.7403924670496068e-08
46550.056 1.2319450212451817e-08
46600.056 2.0508987031641747e-08
46650.056 3.075027562190323e-08
46700.056 2.0592188613193416e-08
46750.056 9.867993493093972e-09
46800.056 5.807816904085999e-09
46850.056 3.135088669870711e-08
46900.056 3.0102072589199715e-08
46950.056 3.256637080619737e-08
47000.056 3.2570663730507766e-08
47050.056 2.0624325380862347e-08
47100.056 1.526652653628292e-08
47150.056 2.4721091068641306e-08
47200.056 2.590904941079568e-08
47250.056 1.582292009402998e-08
47300.056 9.57551363379825e-09
47350.056 3.364137784179888e-08
47400.056 2.733307671459818e-08
47450.056 2.204139613045585e-08
47500.056 3.424911549239203e-08
47550.056 3.031342813631061e-08
47600.056 2.7945434225249863e-08
47650.056 2.9676145678965312e-08
47700.056 2.1679839851780042e-08
47750.056 1.659489154071168e-08
47800.056 1.2752181094202335e-08
47850.056 5.462844363993775e-09
47900.056 9.585762875568163e-09
47950.056 2.4295122086483546e-08
48000.056 3.480310970000343e-08
48050.056 2.8295746619885368e-08
48100.056 1.1403906927286249e-08
48150.056 2.3949459473101e-08
48200.056 1.3145148160433548e-08
48250.056 1.6479214585396676e-08
48300.056 3.2956850581095744e-08
48350.056 1.7603534715098328e-08
48400.056 4.065779746343697e-09
48450.056 8.624646538036565e-09
48500.056 1.5261802108195834e-08
48550.056 1.6370826140661132e-08
48600.056 2.5694206108496875e-08
48650.056 3.192537071099141e-08
48700.056 2.077275751661744e-08
48750.056 1.652211739070778e-08
48800.056 2.9421874977279764e-08
48850.056 1.409446606783744e-08
48900.056 1.7229610254587496e-08
48950.056 8.381963901400291e-09
49000.056 4.2384792829322566e-09
49050.056 1.5686270845258184e-08
49100.056 2.2943103353914055e-08
49150.056 1.6522971045877378e-08
49200.056 3.0795653772906995e-08
49250.056 3.0247665114801436e-08
49300.056 2.5007405535900488e-08
49350.056 8.078201228663578e-09
49400.056 1.2633283492855281e-08
49450.056 1.2024488984978924e-08
49500.056 8.3113220654889e-09
49550.056 1.4561867744210767e-09
49600.056 4.59246775566303e-09
49650.056 1.4626640224002439e-08
49700.056 1.6306088339231632e-08
49750.056 1.4369778904600738e-08
49800.056 8.543519269756397e-09
49850.056 2.2556818539305983e-08
49900.056 1.8192294336096026e-08
49950.056 1.902787171952196e-08
50000.056 1.2143971976191653e-08
50050.056 1.4992398852640455e-08
50100.056 1.2072816384798792e-08
50150.056 4.911891658548741e-09
50200.056 6.090979130506633e-10
50250.056 4.968825941699794e-09
50300.056 2.9942067326386576e-09
50350.056 1.4266119762202326e-08
50400.056 1.4754344191756252e-08
50450.056 1.289619404594219e-08
50500.056 1.9381527812511033e-08
50550.056 1.5965291621902808e-08
50600.056 1.1100287657127461e-08
50650.056 2.140260972390339e-08
50700.056 1.8839990556692485e-08
50750.056 1.124802335800125e-08
50800.056 3.0810668391529306e-09
50850.056 1.3765909703667513e-09
50900.056 1.0866045458700519e-08
50950.056 9.808346741999052e-09
51000.056 7.80514128640272e-09
51050.056 1.3949146928308551e-08
51100.056 4.718054349238315e-09
51150.056 4.718050654941306e-09
51200.056 1.6687017094500516e-08
51250.056 1.141496387792273e-08
51300.056 8.23450824065042e-09
51350.056 6.389416651679914e-09
51400.056 1.502903796724145e-09
51450.056 1.2348855468570353e-09
51500.056 1.3322634064456512e-09
51550.056 6.464717704189156e-09
51600.056 5.75335332527614e-09
51650.056 8.614576668598616e-09
51700.056 8.374548755080174e-09
51750.056 5.31340932852651e-09
51800.056 1.0507727133999462e-08
51850.056 8.394344321898834e-09
51900.056 8.800508303078589e-09
51950.056 4.383243833899409e-09
52000.056 3.473973104678694e-10
52050.056 2.202042082920348e-09
52100.056 1.1326297080657936e-09
52150.056 5.508889464288618e-10
52200.056 2.4404963340899073e-09
52250.056 4.0535691391317064e-09
52300.056 4.9369522473896276e-09
52350.056 1.3508377105049853e-09
52400.056 1.516445838925059e-09
52450.056 7.446767099301109e-09
52500.056 4.88639710275271e-09
52550.056 6.943147407179541e-09
52600.056 5.6569197110391635e-09
52650.056 6.935662551900219e-09
52700.056 4.756454460839804e-09
52750.056 1.2568997808625576e-09
52800.056 2.8964352291105323e-09
52850.056 3.2895526850494236e-09
52900.056 9.684538891132608e-10
52950.056 1.9774753431162437e-09
53000.056 4.002941346851257e-09
53050.056 1.3233175905165807e-09
53100.056 5.201394314138568e-09
53150.056 5.166694201978106e-09
53200.056 2.728602935048485e-09
53250.056 4.584680691856494e-09
53300.056 6.003992023160032e-09
53350.056 4.311535801445213e-09
53400.056 2.5108068778389097e-09
53450.056 7.165643333817096e-10
53500.056 9.220861639457416e-11
53550.056 2.723125977018129e-10
