galfind/configs/Brown_Dwarf_templates/sonora_bobcat/m+0.5/10g/sp_t1600g10nc_m+0.5_resample.dat
# %ECSV 1.0
# ---
# datatype:
# - {name: wav, unit: Angstrom, datatype: float64}
# - {name: flux_nu, unit: erg / (cm2 Hz s), datatype: float64}
# meta: {C/O: '1.00', Kzz: '1.0000E+05', Teff: '1600.', Y: '0.28', '[Fe/H]': '0.50', f_hole: '1.00', f_rain: '0.00', grav: '10.'}
# schema: astropy-2.0
wav flux_nu
[from data line 499]
28950.056 8.990534150198911e-07
29000.056 7.140798399796712e-07
29050.056 7.161416960896758e-07
29100.056 6.14517636179995e-07
29150.056 7.841955771002669e-07
29200.056 7.22335643190416e-07
29250.056 8.574008809000656e-07
29300.056 6.933822749694633e-07
29350.056 9.484820379296531e-07
29400.056 7.370424022197536e-07
29450.056 7.817520990999663e-07
29500.056 8.376291640199446e-07
29550.056 7.89003491250068e-07
29600.056 8.303930653699186e-07
29650.056 8.487704371799965e-07
29700.056 6.897228162498312e-07
29750.056 9.589527251208006e-07
29800.056 9.128153753499933e-07
29850.056 9.188359337898935e-07
29900.056 8.145826781001946e-07
29950.056 9.534929328499429e-07
30000.056 9.68030719599764e-07
30050.056 9.034928332498107e-07
30100.056 6.976062780797857e-07
30150.056 1.1598777291198358e-06
30200.056 9.81811106490157e-07
30250.056 9.913034426804766e-07
30300.056 1.0567163180698572e-06
30350.056 8.604345683001386e-07
30400.056 1.125705184760311e-06
30450.056 9.148906294800585e-07
30500.056 8.210659868702215e-07
30550.056 1.2130162053603963e-06
30600.056 1.185230291850218e-06
30650.056 1.169658407900006e-06
30700.056 1.113823485310014e-06
30750.056 1.0332064544100694e-06
30800.056 1.2620974418903338e-06
30850.056 1.0567084856699177e-06
30900.056 1.0855834753899453e-06
30950.056 1.0403084905201376e-06
31000.056 1.2124836323499287e-06
31050.056 9.536480633199708e-07
31100.056 1.142896972399933e-06
31150.056 1.242679529779771e-06
31200.056 1.2302657780198122e-06
31250.056 1.279719113280246e-06
31300.056 1.1504397508897994e-06
31350.056 1.2206579432400024e-06
31400.056 1.1627455623603537e-06
31450.056 1.2131431798901377e-06
31500.056 1.2197082251003567e-06
31550.056 1.1286561409000475e-06
31600.056 1.2093249010898876e-06
31650.056 1.2721569361800446e-06
31700.056 1.3277068049899186e-06
31750.056 1.062605724430253e-06
31800.056 1.3541504957001856e-06
31850.056 1.4264155619201414e-06
31900.056 1.4687286303799287e-06
31950.056 9.89809702379793e-07
32000.056 1.215588786150339e-06
32050.056 1.4631658584801267e-06
32100.056 1.4188656778397156e-06
32150.056 1.476907237210127e-06
32200.056 1.3781960646898729e-06
32250.056 1.314385840830221e-06
32300.056 1.4545127912501427e-06
32350.056 1.5252722448301994e-06
32400.056 1.3564947809800986e-06
32450.056 1.3389693335800959e-06
32500.056 1.4339255802002697e-06
32550.056 1.6316786955900909e-06
32600.056 1.659993619799882e-06
32650.056 1.6136648375707007e-06
32700.056 1.5196813509801735e-06
32750.056 1.6197534750099988e-06
32800.056 1.467799093150203e-06
32850.056 1.7952279442198156e-06
32900.056 1.705850187659953e-06
32950.056 1.4290995920597245e-06
33000.056 1.5596228225802704e-06
33050.056 1.6329247497699273e-06
33100.056 1.7269780694194582e-06
33150.056 1.4997232139102485e-06
33200.056 1.2057233916900038e-06
33250.056 1.3577050326397057e-06
33300.056 1.4389443190101447e-06
33350.056 1.4309204034901853e-06
33400.056 1.4252646640597667e-06
33450.056 1.543110064609316e-06
33500.056 1.6460341099702573e-06
33550.056 1.5805307747499077e-06
33600.056 1.6752147626505595e-06
33650.056 1.7855717603205632e-06
33700.056 1.8109533728495215e-06
33750.056 1.9006063507299302e-06
33800.056 1.7842617637498212e-06
33850.056 1.7316134414600242e-06
33900.056 1.9363458948796215e-06
33950.056 1.6813390013996969e-06
34000.056 1.7207693710094614e-06
34050.056 1.7198736654597861e-06
34100.056 1.9635845173203167e-06
34150.056 1.86910708513984e-06
34200.056 1.7365563944294146e-06
34250.056 2.000929419819867e-06
34300.056 1.7192480125692973e-06
34350.056 1.9219325464298526e-06
34400.056 1.6281051074396223e-06
34450.056 1.7923911407098662e-06
34500.056 1.782482210860333e-06
34550.056 1.6704936956999267e-06
34600.056 1.8860021162701873e-06
34650.056 1.8587094366899653e-06
34700.056 1.7767491041995522e-06
34750.056 1.916794157690241e-06
34800.056 2.0676065124395896e-06
34850.056 1.754479011770112e-06
34900.056 1.8706690484403325e-06
34950.056 1.8167216000794383e-06
35000.056 1.794276593499734e-06
35050.056 2.024308624400511e-06
35100.056 1.8511668834092368e-06
35150.056 1.8972196812400645e-06
35200.056 1.963823941239848e-06
35250.056 1.705907366789957e-06
35300.056 1.90848825398009e-06
35350.056 2.0337713059198463e-06
35400.056 1.80454332480982e-06
35450.056 1.7885151240504672e-06
35500.056 2.004475636739852e-06
35550.056 1.8020512955499422e-06
35600.056 1.6851674817798296e-06
35650.056 2.0959333926503296e-06
35700.056 1.7286028542905057e-06
35750.056 1.933329356439728e-06
35800.056 1.944471944289647e-06
35850.056 1.960996557709636e-06
35900.056 2.1756405975395974e-06
35950.056 1.967776307760217e-06
36000.056 1.7477647355996135e-06
36050.056 2.132512357740261e-06
36100.056 2.1690464171596806e-06
36150.056 1.9677131010501988e-06
36200.056 2.1531809360296316e-06
36250.056 1.8879742290095475e-06
36300.056 2.3157798213507647e-06
36350.056 2.1532180902999976e-06
36400.056 2.0192187404800338e-06
36450.056 2.2604496311197223e-06
36500.056 2.1356664534402004e-06
36550.056 2.0018524180103273e-06
36600.056 2.115646835300183e-06
36650.056 2.20846774118027e-06
36700.056 2.2307593419901943e-06
36750.056 2.1742859194902147e-06
36800.056 2.1737739620897745e-06
36850.056 2.1266800509704983e-06
36900.056 2.2842926999005186e-06
36950.056 2.261285063359917e-06
37000.056 2.334298032100034e-06
37050.056 2.2511671505699043e-06
37100.056 2.2941114902404296e-06
37150.056 2.300100813349378e-06
37200.056 2.3453470663601305e-06
37250.056 2.4266062464602563e-06
37300.056 2.4292193656004987e-06
37350.056 2.2311909963503704e-06
37400.056 2.3202861886195914e-06
37450.056 2.397222414780348e-06
37500.056 2.35418898467981e-06
37550.056 2.32313240446951e-06
37600.056 2.477652765719524e-06
37650.056 2.344390549499674e-06
37700.056 2.307037508139989e-06
37750.056 2.5169745765597095e-06
37800.056 2.585183516999957e-06
37850.056 2.3866519035199296e-06
37900.056 2.491585878300019e-06
37950.056 2.538157554200024e-06
38000.056 2.392334253190321e-06
38050.056 2.510349208460044e-06
38100.056 2.372511091770202e-06
38150.056 2.663842024899555e-06
38200.056 2.795504988099569e-06
38250.056 2.3858367159204677e-06
38300.056 2.3524027282899443e-06
38350.056 2.528751901599668e-06
38400.056 2.557587582099737e-06
38450.056 2.6390949895002443e-06
38500.056 2.562195609699758e-06
38550.056 2.5372497573300028e-06
38600.056 2.8020567714997548e-06
38650.056 2.4392187566001293e-06
38700.056 2.5507099728105154e-06
38750.056 2.5416743969000606e-06
38800.056 2.5844438587002026e-06
38850.056 2.515315972740403e-06
38900.056 2.5021818330498153e-06
38950.056 2.6643274352996893e-06
39000.056 2.5255163580001093e-06
39050.056 2.6122281402999405e-06
39100.056 2.472476765940008e-06
39150.056 2.5402682888000643e-06
39200.056 2.71245601242024e-06
39250.056 2.69778422259935e-06
39300.056 2.6514078774192472e-06
39350.056 2.619578461310249e-06
39400.056 2.589878184599991e-06
39450.056 2.575959486299725e-06
39500.056 2.607424301859821e-06
39550.056 2.5002220414796413e-06
39600.056 2.807824379600078e-06
39650.056 2.438505201799935e-06
39700.056 2.596447438199775e-06
39750.056 2.5409528310596248e-06
39800.056 2.4261230381000404e-06
39850.056 2.4810110562997395e-06
39900.056 2.502923633180143e-06
39950.056 2.6687271636999066e-06
40000.056 2.3336586562798565e-06
40050.056 2.2734009966999295e-06
40100.056 2.50569690299985e-06
40150.056 2.288598527199612e-06
40200.056 2.332878580079669e-06
40250.056 2.459440379319097e-06
40300.056 2.1755153873901025e-06
40350.056 2.436703167700502e-06
40400.056 2.4294417733197107e-06
40450.056 2.337606664400536e-06
40500.056 2.0865038966503256e-06
40550.056 2.5154438305998845e-06
40600.056 2.195977568500304e-06
40650.056 2.1435237165601954e-06
40700.056 2.3471442295403373e-06
40750.056 2.0575834768391007e-06
40800.056 2.0706281619503804e-06
40850.056 1.9527366532804838e-06
40900.056 1.9803252836204693e-06
40950.056 2.150028371119912e-06
41000.056 2.1905197300602023e-06
41050.056 2.080891492909493e-06
41100.056 2.0713434560003185e-06
41150.056 2.1517817795502186e-06
41200.056 1.980465595419912e-06
41250.056 2.0795938463302402e-06
41300.056 1.7424405830896527e-06
41350.056 2.0982280196801558e-06
41400.056 2.012378257580243e-06
41450.056 1.9227565267203826e-06
41500.056 2.0856053045899997e-06
41550.056 1.9367146390199483e-06
41600.056 2.1520909125999185e-06
41650.056 1.8622339320405259e-06
41700.056 1.719327966959721e-06
41750.056 1.7682222787697765e-06
41800.056 1.7371021692396396e-06
41850.056 1.6523084982503643e-06
41900.056 1.794502958569945e-06
41950.056 1.2863122921304373e-06
42000.056 1.6519348244902092e-06
42050.056 1.4284676105193138e-06
42100.056 1.6745838273704009e-06
42150.056 1.1911362297393509e-06
42200.056 1.3132917758798397e-06
42250.056 1.3490469225802143e-06
42300.056 1.0587248325600529e-06
42350.056 1.313181477940469e-06
42400.056 1.0569583675602018e-06
42450.056 8.237804926404012e-07
42500.056 9.713742593002914e-07
42550.056 9.365678800901876e-07
42600.056 9.633287340704511e-07
42650.056 7.689740849890672e-07
42700.056 9.270374501403831e-07
42750.056 8.241203584401242e-07
42800.056 7.376546584603642e-07
42850.056 7.403599250898459e-07
42900.056 7.691436015000122e-07
42950.056 6.823240215095686e-07
43000.056 6.580975437701133e-07
43050.056 6.73116672900358e-07
43100.056 7.534292066202071e-07
43150.056 6.591160930301879e-07
43200.056 6.95011268540154e-07
43250.056 6.685069213398921e-07
43300.056 6.55170514500083e-07
43350.056 6.172426069199566e-07
43400.056 6.727460204399315e-07
43450.056 7.120221758204554e-07
43500.056 6.233931577399115e-07
43550.056 7.109036440499194e-07
43600.056 6.851515051501048e-07
43650.056 5.938547621600523e-07
43700.056 6.477692841997668e-07
43750.056 6.39502669390055e-07
43800.056 5.690997844001126e-07
43850.056 6.309086824101779e-07
43900.056 6.665318614800794e-07
43950.056 6.462887926903534e-07
44000.056 6.087883184601516e-07
44050.056 6.588376478001438e-07
44100.056 6.622116201801612e-07
44150.056 6.694218531798166e-07
44200.056 6.02333631099858e-07
44250.056 6.71205654940005e-07
44300.056 6.305857447899688e-07
44350.056 5.988095172900627e-07
44400.056 6.48180248599955e-07
44450.056 6.623095329199567e-07
44500.056 7.043696527300003e-07
44550.056 6.269849425998523e-07
44600.056 7.124278877300805e-07
44650.056 6.848228521301663e-07
44700.056 6.625245139200814e-07
44750.056 7.073961204798658e-07
44800.056 8.152799410999432e-07
44850.056 7.557950053700637e-07
44900.056 7.349333924701589e-07
44950.056 6.581003944898952e-07
45000.056 7.94835256809897e-07
45050.056 7.419434617398739e-07
45100.056 7.993935693598967e-07
45150.056 7.977957674498448e-07
45200.056 7.480799980600943e-07
45250.056 7.481372084198458e-07
45300.056 8.164824703900807e-07
45350.056 8.815928371899784e-07
45400.056 8.588854851601843e-07
45450.056 7.70072181799903e-07
45500.056 7.876369030399336e-07
45550.056 8.827194477099506e-07
45600.056 8.445886027099177e-07
45650.056 7.477238097098106e-07
45700.056 9.240938431400668e-07
45750.056 8.49477260679947e-07
45800.056 8.262396942599829e-07
45850.056 9.695504387399614e-07
45900.056 1.0290929337901436e-06
45950.056 8.619662911199898e-07
46000.056 1.0383521658699796e-06
46050.056 1.003168272220133e-06
46100.056 8.625601290200977e-07
46150.056 9.429088597400027e-07
46200.056 1.0523055399102118e-06
46250.056 8.313136701399354e-07
46300.056 1.1040154799198836e-06
46350.056 8.714964781699132e-07
46400.056 9.042160608998679e-07
46450.056 9.448867036802462e-07
46500.056 8.773879789799096e-07
46550.056 1.0870033913999654e-06
46600.056 9.889379197400057e-07
46650.056 1.2728013278999335e-06
46700.056 1.173863916770301e-06
46750.056 9.282372004298588e-07
46800.056 1.0640790598102305e-06
46850.056 1.1138171876701003e-06
46900.056 1.0513694348197459e-06
46950.056 1.1609552911801395e-06
47000.056 1.0179712218999671e-06
47050.056 1.1537138741496612e-06
47100.056 9.494623533401388e-07
47150.056 1.0476005785202459e-06
47200.056 1.0754039865303332e-06
47250.056 9.630820248797654e-07
47300.056 1.0327940026696678e-06
47350.056 8.323883707697575e-07
47400.056 1.1158341818997e-06
47450.056 9.985858127399509e-07
47500.056 1.0555711768596465e-06
47550.056 9.601553373797946e-07
47600.056 1.1346853428299867e-06
47650.056 7.618045520497039e-07
47700.056 1.1438283915700692e-06
47750.056 7.336855856302168e-07
47800.056 1.1248970399998622e-06
47850.056 8.403816332596951e-07
47900.056 1.1409098652700617e-06
47950.056 7.664777762102366e-07
48000.056 1.2631149242200055e-06
48050.056 8.485152216701883e-07
48100.056 9.604287201199877e-07
48150.056 9.034690584201307e-07
48200.056 1.0993224709902812e-06
48250.056 8.953246889397552e-07
48300.056 1.2328720670496837e-06
48350.056 8.088335704399623e-07
48400.056 1.1403131383900033e-06
48450.056 9.163790728901405e-07
48500.056 1.2526915064400395e-06
48550.056 8.440678298800853e-07
48600.056 1.0905192417398947e-06
48650.056 8.488238386099534e-07
48700.056 1.025436649960084e-06
48750.056 7.788401919201734e-07
48800.056 1.3005845369201108e-06
48850.056 8.862548034398835e-07
48900.056 1.0790674523300827e-06
48950.056 1.0425548733101001e-06
49000.056 1.0286808887698658e-06
49050.056 1.0386469627699142e-06
49100.056 9.71056728340169e-07
49150.056 1.0465107247901513e-06
49200.056 1.033514254849988e-06
49250.056 1.0214660698800631e-06
49300.056 8.911623493298927e-07
49350.056 9.261048424100422e-07
49400.056 1.149450733210212e-06
49450.056 9.376626906502396e-07
49500.056 1.0361598035401086e-06
49550.056 8.7470604997005e-07
49600.056 9.904592056703574e-07
49650.056 1.0088400340900946e-06
49700.056 8.580261061999273e-07
49750.056 1.2783358252296964e-06
49800.056 1.0018709308600657e-06
49850.056 1.2379199931200127e-06
49900.056 9.731869387701235e-07
49950.056 1.1092029857895557e-06
50000.056 1.0408760556197534e-06
50050.056 1.0596207862301598e-06
50100.056 1.102258014759904e-06
50150.056 9.648297610700565e-07
50200.056 8.616624510201033e-07
50250.056 9.898888453400332e-07
50300.056 9.548727318198625e-07
50350.056 1.0811694887200904e-06
50400.056 9.97428511460071e-07
50450.056 9.748882772801626e-07
50500.056 1.2937719463302917e-06
50550.056 1.0396764688399007e-06
50600.056 1.1012939431901099e-06
50650.056 1.0536337334103413e-06
50700.056 1.1335390639294782e-06
50750.056 1.112592711680166e-06
50800.056 9.114666275999901e-07
50850.056 1.028575331750242e-06
50900.056 1.0731033744999577e-06
50950.056 1.165072226280124e-06
51000.056 1.2755479460001018e-06
51050.056 9.372160468702201e-07
51100.056 9.557129810698692e-07
51150.056 1.0882729327599341e-06
51200.056 1.063790444359879e-06
51250.056 1.1527408662998698e-06
51300.056 1.0005840329804498e-06
51350.056 1.088125716509633e-06
51400.056 1.0085950558796532e-06
51450.056 7.694897035498524e-07
51500.056 1.0728897445098467e-06
51550.056 1.3324935862701012e-06
51600.056 8.918498770400481e-07
51650.056 1.0250764496497917e-06
51700.056 9.40763437129679e-07
51750.056 9.388152712100975e-07
51800.056 1.088790198849867e-06
51850.056 1.1354892903699737e-06
51900.056 1.1582641963103242e-06
51950.056 1.069254435059907e-06
52000.056 9.513274203999309e-07
52050.056 1.0697779119999566e-06
52100.056 1.0257763348796947e-06
52150.056 1.0340665801401315e-06
52200.056 1.0154461045200871e-06
52250.056 1.0383375758900117e-06
52300.056 1.0547672248200045e-06
52350.056 1.2458558187002462e-06
52400.056 9.173086481000643e-07
52450.056 1.0454291497799076e-06
52500.056 1.132732266999699e-06
52550.056 1.0214517659895906e-06
52600.056 1.097503127010232e-06
52650.056 1.2696857965302446e-06
52700.056 1.0762817305099888e-06
52750.056 8.340909430198326e-07
52800.056 9.656498931301563e-07
52850.056 9.193918543798538e-07
52900.056 9.898138115001709e-07
52950.056 1.023093749519743e-06
53000.056 1.142285716689911e-06
53050.056 1.0273091868398153e-06
53100.056 9.025238007396384e-07
53150.056 1.190038891660287e-06
53200.056 8.309655174001624e-07
53250.056 1.2702018992198977e-06
53300.056 1.1807756298705807e-06
53350.056 1.1379366278098966e-06
53400.056 1.0399944808301557e-06
53450.056 9.221609996800073e-07
53500.056 8.4109355016978e-07
