galfind/configs/Brown_Dwarf_templates/sonora_cholla/logkzz7/56g/1000K_56g_logkzz7_resample.dat
# %ECSV 1.0
# ---
# datatype:
# - {name: wav, unit: Angstrom, datatype: float64}
# - {name: flux_nu, unit: erg / (cm2 Hz s), datatype: float64}
# schema: astropy-2.0
wav flux_nu
10000.000000000093 nan
10050.000000000093 1.357966237192979e-07
10100.000000000093 1.6356807160828654e-07
10150.000000000093 1.7474112165635625e-07
10200.000000000093 1.9773589277209726e-07
10250.000000000093 2.1704972963073988e-07
10300.000000000093 2.2653273286027076e-07
10350.000000000093 2.618443133515194e-07
10400.000000000093 2.905584904130565e-07
10450.000000000093 2.9557301909276905e-07
10500.000000000093 2.8608015350936803e-07
10550.000000000093 2.8764589853355104e-07
10600.000000000093 2.96616495346747e-07
10650.000000000093 3.2012833345286175e-07
10700.000000000093 3.3605341671246e-07
10750.000000000093 3.540859043039026e-07
10800.000000000093 3.591442169054278e-07
10850.000000000093 3.69745460693524e-07
10900.000000000093 2.7861376207507673e-07
10950.000000000093 1.5755000386702736e-07
11000.000000000093 1.3005662906628185e-07
11050.000000000093 1.0045844141611723e-07
11100.000000000093 8.340921048673099e-08
11150.000000000093 6.12109994446125e-08
11200.000000000093 6.037774139299813e-08
11250.000000000093 7.46665544132207e-08
11300.000000000093 7.217338268188663e-08
11350.000000000093 3.69173077465898e-08
11400.000000000093 7.495059791955858e-08
11450.000000000093 5.6096575016199296e-08
11500.000000000093 6.825240632554124e-08
11550.000000000093 4.8080668554143267e-08
11600.000000000093 5.1701412204209724e-08
11650.000000000093 5.892684511964811e-08
11700.000000000093 6.663052578050343e-08
11750.000000000093 5.368277087633409e-08
11800.000000000093 8.042816986873823e-08
11850.000000000093 1.0634481154391059e-07
11900.000000000093 1.1435384059315284e-07
11950.000000000093 1.5749824433927556e-07
12000.000000000093 1.7802392579621716e-07
12050.000000000093 2.1218732735345916e-07
12100.000000000093 2.4039770387420586e-07
12150.000000000093 2.632256611486405e-07
12200.000000000093 3.0553625587951644e-07
12250.000000000093 3.4522726101857606e-07
12300.000000000093 3.7810264534218124e-07
12350.000000000093 4.0376870948447066e-07
12400.000000000093 4.4163990612161864e-07
12450.000000000093 5.04691847668082e-07
12500.000000000093 5.377896006398104e-07
12550.000000000093 5.673646115539386e-07
12600.000000000093 5.618139012227035e-07
12650.000000000093 5.565088727673214e-07
12700.000000000093 5.678849258182108e-07
12750.000000000093 5.351022010287286e-07
12800.000000000093 5.40900020250428e-07
12850.000000000093 4.7156521567564265e-07
12900.000000000093 4.2045229094082155e-07
12950.000000000093 4.3557757316979254e-07
13000.000000000093 4.269771095290249e-07
13050.000000000093 4.065165085105911e-07
13100.000000000093 3.6998703496229283e-07
13150.000000000093 3.116112051489242e-07
13200.000000000093 2.9314317698246327e-07
13250.000000000093 2.2488446899214448e-07
13300.000000000093 1.2187295671566668e-07
13350.000000000093 4.099744684614636e-08
13400.000000000093 2.143877783326789e-08
13450.000000000093 1.211479031576492e-08
13500.000000000093 6.9897029641563124e-09
13550.000000000093 5.644950745890825e-09
13600.000000000093 3.5047108640617166e-09
13650.000000000093 9.108849327065099e-09
13700.000000000093 7.027678466527773e-09
13750.000000000093 8.613850862520722e-09
13800.000000000093 1.178392018766678e-08
13850.000000000093 8.601331537258192e-09
13900.000000000093 9.214096545056503e-09
13950.000000000093 8.299662187223897e-09
14000.000000000093 7.658667035769421e-09
14050.000000000093 9.629659129063856e-09
14100.000000000093 7.071428222492775e-09
14150.000000000093 1.0050702470080928e-08
14200.000000000093 7.555329814587571e-09
14250.000000000093 7.827724093329532e-09
14300.000000000093 1.2489984001518238e-08
14350.000000000093 1.1388251350467775e-08
14400.000000000093 1.376275924878183e-08
14450.000000000093 1.4643807227785343e-08
14500.000000000093 2.6727506300191707e-08
14550.000000000093 2.68140615916764e-08
14600.000000000093 3.519820294595811e-08
14650.000000000093 3.781398423705194e-08
14700.000000000093 2.5658283607065504e-08
14750.000000000093 3.546123574145174e-08
14800.000000000093 4.511198978316893e-08
14850.000000000093 4.5736328558318186e-08
14900.000000000093 5.049111658355319e-08
14950.000000000093 5.7222883693375646e-08
15000.000000000093 6.168878971690903e-08
15050.000000000093 7.646023343378984e-08
15100.000000000093 8.645199358929067e-08
15150.000000000093 9.270172010597292e-08
15200.000000000093 8.383676407252466e-08
15250.000000000093 1.050060219224062e-07
15300.000000000093 1.2423029272219455e-07
15350.000000000093 1.4765912820861228e-07
15400.000000000093 1.6207835142782018e-07
15450.000000000093 1.8395530955597045e-07
15500.000000000093 1.9551882526079694e-07
15550.000000000093 2.2741335318121477e-07
15600.000000000093 2.2555281260666915e-07
15650.000000000093 2.4317844904118176e-07
15700.000000000093 2.898777022321421e-07
15750.000000000093 3.1544450667225936e-07
15800.000000000093 2.96243263794983e-07
15850.000000000093 3.2731938961095804e-07
15900.000000000093 3.276673900963126e-07
15950.000000000093 3.327347646993858e-07
16000.000000000093 3.27825627607881e-07
16050.000000000093 3.049485941354637e-07
16100.000000000093 2.8695972840666485e-07
16150.000000000093 2.291221700127904e-07
16200.000000000093 1.9197974935512806e-07
16250.000000000093 1.9928269557732183e-07
16300.000000000093 1.7842290566926615e-07
16350.000000000093 1.881367977398523e-07
16400.000000000095 2.0723273994661646e-07
16450.000000000095 2.1947498061308526e-07
16500.000000000095 2.2781359513372995e-07
16550.000000000095 2.1689955539103283e-07
16600.000000000095 2.1097531514080184e-07
16650.000000000095 1.768929823099901e-07
16700.000000000095 1.1516731059134941e-07
16750.000000000095 1.3983299827164458e-07
16800.000000000095 1.832238977439834e-07
16850.000000000095 1.7530342712772199e-07
16900.000000000095 1.6082145875461935e-07
16950.000000000095 1.4913129431939531e-07
17000.000000000095 1.3316907006909738e-07
17050.000000000095 1.5479578363235841e-07
17100.000000000095 1.5979107766589704e-07
17150.000000000095 1.3458633026468196e-07
17200.000000000095 1.515188808006803e-07
17250.000000000095 1.2955591849615552e-07
17300.000000000095 1.1384484102354806e-07
17350.000000000095 1.1218502236293935e-07
17400.000000000095 1.0650751482386465e-07
17450.000000000095 1.0368798654665148e-07
17500.000000000095 1.0977844582435645e-07
17550.000000000095 9.209772697631542e-08
17600.000000000095 8.5314195194188e-08
17650.000000000095 8.319893739941445e-08
17700.000000000095 5.8227540650782404e-08
17750.000000000095 5.1044858308987964e-08
17800.000000000095 6.413416789541098e-08
17850.000000000095 4.08042726050483e-08
17900.000000000095 4.8872993357295065e-08
17950.000000000095 3.53888506717676e-08
18000.000000000095 3.867775963127098e-08
18050.000000000095 3.470837635482977e-08
18100.000000000095 2.918407632188737e-08
18150.000000000095 4.32367471797415e-08
18200.000000000095 2.5356651832950923e-08
18250.000000000095 5.330812597268791e-08
18300.000000000095 3.2232812989816465e-08
18350.000000000095 2.872910400222542e-08
18400.000000000095 2.5155589546990523e-08
18450.000000000095 2.9937826069802004e-08
18500.000000000095 3.399684157304133e-08
18550.000000000095 2.5687107639978388e-08
18600.000000000095 2.179468984141784e-08
18650.000000000095 1.9575896088070197e-08
18700.000000000095 1.9083013886104586e-08
18750.000000000095 2.2973967990800088e-08
18800.000000000095 4.262943354598318e-08
18850.000000000095 4.852558279289946e-08
18900.000000000095 4.4391477425319866e-08
18950.000000000095 6.625062959882424e-08
19000.000000000095 4.5670735960990825e-08
19050.000000000095 3.527018504258212e-08
19100.000000000095 5.9606926127718e-08
19150.000000000095 4.594869757019689e-08
19200.000000000095 5.1760842428497397e-08
19250.000000000095 4.542404928741852e-08
19300.000000000095 3.9103094364132634e-08
19350.000000000095 3.634716595711352e-08
19400.000000000095 2.3401564583672646e-08
19450.000000000095 4.247463859862696e-08
19500.000000000095 3.8310625634966133e-08
19550.000000000095 3.1238471263572764e-08
19600.000000000095 4.3101633499510804e-08
19650.000000000095 4.689509982608138e-08
19700.000000000095 4.867982445823459e-08
19750.000000000095 5.0700217045780414e-08
19800.000000000095 5.855164213170376e-08
19850.000000000095 6.922864605118908e-08
19900.000000000095 5.1019154145001556e-08
19950.000000000095 7.845242498064113e-08
20000.000000000095 7.803260226102798e-08
20050.000000000095 8.153414645957244e-08
20100.000000000095 8.929159405518315e-08
20150.000000000095 8.395575080870892e-08
20200.000000000095 1.0089241391889394e-07
20250.000000000095 1.1388338924702248e-07
20300.000000000095 1.0181613198064665e-07
20350.000000000095 1.168566493180338e-07
20400.000000000095 1.1632963081888095e-07
20450.000000000095 1.3921744866349023e-07
20500.000000000095 1.4153326356413522e-07
20550.000000000095 1.3549830016638508e-07
20600.000000000095 1.586247831157995e-07
20650.000000000095 1.4796440185199903e-07
20700.000000000095 1.5149726704899017e-07
20750.000000000095 1.6813134859555485e-07
20800.000000000095 1.6422361997971772e-07
20850.000000000095 1.6535969596565157e-07
20900.000000000095 1.7393600442370464e-07
20950.000000000095 1.6331538901577526e-07
21000.000000000095 1.7469880349627138e-07
21050.000000000095 1.6612259652793724e-07
21100.000000000095 1.6720298092699084e-07
21150.000000000095 1.6770223447033035e-07
21200.000000000095 1.60670004473819e-07
21250.000000000095 1.6595334151426507e-07
21300.000000000095 1.5144864591523194e-07
21350.000000000095 1.5873192132980999e-07
21400.000000000095 1.4462559936739944e-07
21450.000000000095 1.4428479176238932e-07
21500.000000000095 1.462615450200387e-07
21550.000000000095 1.3847789564245958e-07
21600.000000000095 1.3643778130909603e-07
21650.000000000095 1.2346514953965918e-07
21700.000000000095 1.317558339301623e-07
21750.000000000095 1.221300232865949e-07
21800.000000000095 1.1352643029632564e-07
21850.000000000095 1.0336815727377996e-07
21900.000000000095 1.0040495863495375e-07
21950.000000000095 6.496251282447143e-08
22000.000000000095 4.63141184938318e-08
22050.000000000095 3.70137777190688e-08
22100.000000000095 5.352795834431013e-08
22150.000000000095 6.127488326890445e-08
22200.000000000095 5.917166068924314e-08
22250.000000000095 5.4463104847082945e-08
22300.000000000095 5.384436823563832e-08
22350.000000000095 5.0561560614668124e-08
22400.000000000095 4.41503115402701e-08
22450.000000000095 3.87303090319007e-08
22500.000000000095 4.2214827271082226e-08
22550.000000000095 2.8564715691640366e-08
22600.000000000095 3.5273134984536945e-08
22650.000000000095 3.5203603647681756e-08
22700.000000000095 3.312639555702109e-08
22750.000000000095 3.522704957726903e-08
22800.000000000095 3.186534048137967e-08
22850.000000000095 2.883648716418948e-08
22900.000000000095 2.614464556744248e-08
22950.000000000095 2.5561830033897977e-08
23000.000000000095 1.8927241159915237e-08
23050.000000000095 2.58937439849824e-08
23100.000000000095 3.498799012324616e-08
23150.000000000095 3.310904336406383e-08
23200.000000000095 1.735639071902346e-08
23250.000000000095 1.7817014358918046e-08
23300.000000000095 1.802275871193442e-08
23350.000000000095 1.5572666919067606e-08
23400.000000000095 2.1428551344611148e-08
23450.000000000095 2.008114533711817e-08
23500.000000000095 1.9970630350458272e-08
23550.000000000095 2.6699376281500217e-08
23600.000000000095 2.656550450789161e-08
23650.000000000095 3.1315686011903605e-08
23700.000000000095 1.9899774799248292e-08
23750.000000000095 1.8163704289777073e-08
23800.000000000095 2.253426882797536e-08
23850.000000000095 2.1843138855786907e-08
23900.000000000095 3.271248257979074e-08
23950.000000000095 3.304392161233832e-08
24000.000000000095 4.3144439093246333e-08
24050.000000000095 4.47993617001255e-08
24100.000000000095 3.6341044653313715e-08
24150.000000000095 3.828719804653524e-08
24200.000000000095 4.187945291675256e-08
24250.000000000095 3.956310005806595e-08
24300.000000000095 4.195089830345129e-08
24350.000000000095 3.7383744564687184e-08
24400.000000000095 5.688651181900025e-08
24450.000000000095 4.4406196599894e-08
24500.000000000095 5.043126201390482e-08
24550.000000000095 4.8159172240054375e-08
24600.000000000095 5.509789104530939e-08
24650.000000000095 5.985798575919141e-08
24700.000000000095 4.537656384773139e-08
24750.000000000095 4.236961827082939e-08
24800.000000000095 4.429415960392647e-08
24850.000000000095 6.099534943124775e-08
24900.000000000095 3.016097337766313e-08
24950.000000000095 5.184795920689378e-08
25000.000000000095 4.809713825245225e-08
25050.000000000095 3.3730477890896934e-08
25100.000000000095 4.355195322714812e-08
25150.000000000095 2.7095220171248303e-08
25200.000000000095 3.661190612195748e-08
25250.000000000095 2.2419156989297534e-08
25300.000000000095 3.360372415020718e-08
25350.000000000095 1.6833554821282213e-08
25400.000000000095 3.232336259179282e-08
25450.000000000095 2.0407929358253472e-08
25500.000000000095 1.963233938268129e-08
25550.000000000095 2.627479485927315e-08
25600.000000000095 1.9974186981414953e-08
25650.000000000095 1.4313151534676396e-08
25700.000000000095 2.7789257983029114e-08
25750.000000000095 1.3083640388205833e-08
25800.000000000095 2.9514833402118707e-08
25850.000000000095 1.2988080625687005e-08
25900.000000000095 1.9245346915142545e-08
25950.000000000095 1.0983498991535739e-08
26000.000000000095 2.8113294948494004e-08
26050.000000000095 1.7393787883609367e-08
26100.000000000095 3.020205069558387e-08
26150.000000000095 2.3963384942616953e-08
26200.000000000095 2.7781440097528042e-08
26250.000000000095 3.9395374376467224e-08
26300.000000000095 2.540383903008587e-08
26350.000000000095 4.564953728334129e-08
26400.000000000095 5.6452375879676166e-08
26450.000000000095 4.785245352670709e-08
26500.000000000095 4.333371928440543e-08
26550.000000000095 3.151219479296197e-08
26600.000000000095 3.891544128125589e-08
26650.000000000095 1.7186649614444636e-08
26700.000000000095 1.1836311263562882e-08
26750.000000000095 1.0841328224114447e-08
26800.000000000095 1.6761627454799285e-08
26850.000000000095 1.0520502668504366e-08
26900.000000000095 2.403220311862161e-08
26950.000000000095 1.152686628063858e-08
27000.000000000095 3.138281147282966e-08
27050.000000000095 2.796357954385309e-08
27100.000000000095 1.782417713089369e-08
27150.000000000095 3.8129028690662836e-08
27200.000000000095 1.823736834822699e-08
27250.000000000095 2.4019070097944816e-08
27300.000000000095 5.8882132233812606e-08
27350.000000000095 4.075772696417019e-08
27400.000000000095 1.0257960077642369e-08
27450.000000000095 5.000822105761578e-08
27500.000000000095 5.093563822487901e-08
27550.000000000095 2.399713648224965e-08
27600.000000000095 4.32730338963064e-08
27650.000000000095 1.9617553153066325e-08
27700.000000000095 1.5178447200167056e-08
27750.000000000095 4.2309497561540924e-08
27800.000000000095 2.0838923560998826e-08
27850.000000000095 2.4031065468203003e-08
27900.000000000095 3.108588237952557e-08
27950.000000000095 3.802139505472025e-08
28000.000000000095 3.9568180338866435e-08
28050.000000000095 1.6028288673258995e-08
28100.000000000095 5.092771507477536e-08
28150.000000000095 3.640659691501255e-08
28200.000000000095 1.4669568555847837e-08
28250.000000000095 5.105915070687705e-08
28300.000000000095 7.078634034952117e-08
28350.000000000095 1.9086211110049615e-08
28400.000000000095 4.4817862154240505e-08
28450.000000000095 5.2474888953530223e-08
28500.000000000095 4.253459567133941e-08
28550.000000000095 1.703761565165367e-08
28600.000000000095 5.36431724387674e-08
28650.000000000095 5.215493635450193e-08
28700.000000000095 4.405202484847546e-08
28750.000000000095 6.454853703765267e-08
28800.000000000095 5.365161981992997e-08
28850.000000000095 7.298863238694316e-08
28900.000000000095 3.180818115613064e-08
28950.000000000095 7.727380871934514e-08
29000.000000000095 5.025128017309956e-08
29050.000000000095 6.123914964020699e-08
29100.000000000095 3.739128743654331e-08
29150.000000000095 8.113264581372172e-08
29200.000000000095 5.402782862050201e-08
29250.000000000095 7.891675915541918e-08
