galfind/configs/Brown_Dwarf_templates/sonora_cholla/logkzz7/56g/1000K_56g_logkzz7_resample.dat
# %ECSV 1.0
# ---
# datatype:
# - {name: wav, unit: Angstrom, datatype: float64}
# - {name: flux_nu, unit: erg / (cm2 Hz s), datatype: float64}
# schema: astropy-2.0
wav flux_nu
[from data line 1161]
68050.00000000009 1.5928686102283293e-07
68100.00000000009 1.7324916757979568e-07
68150.00000000009 1.3378428929782702e-07
68200.00000000009 1.41534870140962e-07
68250.00000000009 6.163849015819368e-08
68300.00000000009 1.251093691348199e-07
68350.00000000009 7.109991933811745e-08
68400.00000000009 1.7496733762724662e-07
68450.00000000009 1.6528704067699095e-07
68500.00000000009 1.3578009917355862e-07
68550.00000000009 9.023716856187212e-08
68600.00000000009 9.548367107848161e-08
68650.00000000009 6.335177201056444e-08
68700.00000000009 1.0627691377699601e-07
68750.00000000009 1.338227951758866e-07
68800.00000000009 1.5136371228720224e-07
68850.00000000009 7.29392175072502e-08
68900.00000000009 1.858809513330111e-07
68950.00000000009 2.0001965754471658e-07
69000.00000000009 1.888768348759544e-07
69050.00000000009 1.0893326553204713e-07
69100.00000000009 1.8506072214445188e-07
69150.00000000009 2.2215529108660093e-07
69200.00000000009 1.3662012916112105e-07
69250.00000000009 2.1084459986786954e-07
69300.00000000009 1.4680834432878196e-07
69350.00000000009 1.8902229265787615e-07
69400.00000000009 9.744051261206557e-08
69450.00000000009 1.9907522892968122e-07
69500.00000000009 1.1965688091952127e-07
69550.00000000009 1.322047868428394e-07
69600.00000000009 5.2228587476644764e-08
69650.00000000009 1.1753479800163363e-07
69700.00000000009 1.8214066748345356e-07
69750.00000000009 1.2981851865815728e-07
69800.00000000009 1.6822124667767628e-07
69850.00000000009 1.7974939237797296e-07
69900.00000000009 1.1720094777637088e-07
69950.00000000009 1.3508671686123705e-07
70000.00000000009 1.2143127984510325e-07
70050.00000000009 1.8592257141556733e-07
70100.00000000009 1.4097148052702236e-07
70150.00000000009 1.6011489393269655e-07
70200.00000000009 1.09980243628012e-07
70250.00000000009 1.40757448411774e-07
70300.00000000009 1.8490163595771723e-07
70350.00000000009 1.3451719077576004e-07
70400.00000000009 1.157217009616699e-07
70450.00000000009 5.5765634671653426e-08
70500.00000000009 9.300331367911171e-08
70550.00000000009 9.741926201739815e-08
70600.00000000009 9.986781212810823e-08
70650.00000000009 1.5732128305700942e-07
70700.00000000009 1.5249848734343902e-07
70750.00000000009 1.856201127915057e-07
70800.00000000009 1.2289918138904182e-07
70850.00000000009 1.1358397390225203e-07
70900.00000000009 1.1587456154200171e-07
70950.00000000009 1.7582685519436818e-07
71000.00000000009 1.4811896658468515e-07
71050.00000000009 1.6080344658302648e-07
71100.00000000009 1.3829651534641162e-07
71150.00000000009 1.3038774968356843e-07
71200.00000000009 1.138358602587922e-07
71250.00000000009 1.3373970033289856e-07
71300.00000000009 1.7821034134375805e-07
71350.00000000009 1.6082569457543542e-07
71400.00000000009 1.5293444005952656e-07
71450.00000000009 8.575337578830245e-08
71500.00000000009 1.1030864021262622e-07
71550.00000000009 1.174000496731432e-07
71600.00000000009 1.315965868104981e-07
71650.00000000009 1.151519364076745e-07
71700.00000000009 9.331714929514723e-08
71750.00000000009 1.3065976810272356e-07
71800.00000000009 1.725863190285394e-07
71850.00000000009 1.6398619975361305e-07
71900.00000000009 1.0548992084829875e-07
71950.00000000009 1.2997867121615082e-07
72000.00000000009 1.2350446643840537e-07
72050.00000000009 8.743413212871929e-08
72100.00000000009 1.0574774874899443e-07
72150.00000000009 1.0405073536106321e-07
72200.00000000009 1.3160104127750793e-07
72250.00000000009 1.4496645973506223e-07
72300.00000000009 1.3928282679175737e-07
72350.00000000009 1.293298754542626e-07
72400.00000000009 1.1456263158850527e-07
72450.00000000009 1.0031856268416497e-07
72500.00000000009 1.160074794461137e-07
72550.00000000009 7.285237057650561e-08
72600.00000000009 7.430973557023517e-08
72650.00000000009 1.5121469103103308e-07
72700.00000000009 1.3845192300483917e-07
72750.00000000009 1.1263381963061657e-07
72800.00000000009 1.0406193537638139e-07
72850.00000000009 1.0746847479825281e-07
72900.00000000009 1.3582692249425153e-07
72950.00000000009 1.2535485912114553e-07
73000.00000000009 1.27978448093994e-07
73050.00000000009 1.0463751403243346e-07
73100.00000000009 9.92681476816295e-08
73150.00000000009 1.7813237472859286e-07
73200.00000000009 1.0615932955997084e-07
73250.00000000009 1.2329261867390988e-07
73300.00000000009 1.2164150042399273e-07
73350.00000000009 8.641681860912306e-08
73400.00000000009 1.1293269378351276e-07
73450.00000000009 7.574794623578785e-08
73500.00000000009 8.434727058642336e-08
73550.00000000009 1.1154739879726324e-07
73600.00000000009 8.175458636531644e-08
73650.00000000009 1.1727635827813663e-07
73700.00000000009 1.4297403100697447e-07
73750.00000000009 8.280832606444752e-08
73800.00000000009 1.0291899979768513e-07
73850.00000000009 1.2458461324438407e-07
73900.00000000009 1.3478453678126657e-07
73950.00000000009 1.134542540494657e-07
74000.00000000009 1.0115203331765997e-07
74050.00000000009 1.7808056396645834e-07
74100.00000000009 1.0536149031225564e-07
74150.00000000009 1.1836644109262892e-07
74200.00000000009 1.0451136809615214e-07
74250.00000000009 6.44701453765415e-08
74300.00000000009 1.0879421856977728e-07
74350.00000000009 1.3319637707007757e-07
74400.00000000009 1.0817132491762063e-07
74450.00000000009 7.491044767394654e-08
74500.00000000009 8.60279484988522e-08
74550.00000000009 1.0605895655014203e-07
74600.00000000009 9.316721155292385e-08
74650.00000000009 9.16738869279419e-08
74700.00000000009 7.058702564861873e-08
74750.00000000009 9.427180297010367e-08
74800.00000000009 8.754913274239874e-08
74850.00000000009 6.297532442430757e-08
74900.00000000009 1.3887820127149068e-07
74950.00000000009 1.431560554734276e-07
75000.00000000009 1.1199540923766003e-07
75050.00000000009 8.73791137917274e-08
75100.00000000009 1.5706855553597385e-07
75150.00000000009 1.2581830163865816e-07
75200.00000000009 1.4822178698307023e-07
75250.00000000009 1.4258222292425192e-07
75300.00000000009 1.4674055320760457e-07
75350.00000000009 8.314358856310492e-08
75400.00000000009 1.4289312747354046e-07
75450.00000000009 1.2502530568693005e-07
75500.00000000009 1.1526430814907402e-07
75550.00000000009 1.4458697226749152e-07
75600.00000000009 1.8421287486337563e-07
75650.00000000009 1.143222724800012e-07
75700.00000000009 1.1562831915586556e-07
75750.00000000009 8.260514764282661e-08
75800.00000000009 1.2561454706710635e-07
75850.00000000009 1.5524026095198506e-07
75900.00000000009 1.260810834133367e-07
75950.00000000009 1.0437597023058927e-07
76000.00000000009 1.1726389167350054e-07
76050.00000000009 1.2852789486970377e-07
76100.00000000009 1.0840939537424558e-07
76150.00000000009 1.3344552427730563e-07
76200.00000000009 1.3735680023911454e-07
76250.00000000009 1.7741125940762877e-07
76300.00000000009 1.7695645629185957e-07
76350.00000000009 2.3412103100317657e-07
76400.00000000009 1.728350457611268e-07
76450.00000000009 1.5718418320084296e-07
76500.00000000009 1.3861522189938118e-07
76550.00000000009 1.24280885079586e-07
76600.00000000009 5.8367068173478724e-08
76650.00000000009 6.359724214101013e-08
76700.00000000009 7.335926861091138e-08
76750.00000000009 6.858417261131318e-08
76800.00000000009 1.0889638179279652e-07
76850.00000000009 4.049193480616722e-08
76900.00000000009 5.403547454757915e-08
76950.00000000009 8.3460854473696e-08
77000.00000000009 9.351355112683769e-08
77050.00000000009 6.196354193330532e-08
77100.00000000009 6.780589226962815e-08
77150.00000000009 1.0231883108332319e-07
77200.00000000009 8.70928756905801e-08
77250.00000000009 9.799681464837547e-08
77300.00000000009 9.302295337033304e-08
77350.00000000009 6.055664224406476e-08
77400.00000000009 5.298769095478751e-08
77450.00000000009 6.539839326786593e-08
77500.00000000009 6.76449528178559e-08
77550.00000000009 8.18795845643405e-08
77600.00000000009 8.83053783709984e-08
77650.00000000009 8.258894424921461e-08
77700.00000000009 5.965268680722798e-08
77750.00000000009 1.1070167468796711e-07
77800.00000000009 8.512465744341373e-08
77850.00000000009 1.3596954814258822e-07
77900.00000000009 1.1073252416598669e-07
77950.00000000009 6.956917198711556e-08
78000.00000000009 9.02572787270844e-08
78050.00000000009 1.0253610395192772e-07
78100.00000000009 7.641499296145468e-08
78150.00000000009 1.204480543724812e-07
78200.00000000009 1.2503825203417315e-07
78250.00000000009 1.41725578600567e-07
78300.00000000009 1.3402989178661527e-07
78350.00000000009 1.2130923412453247e-07
78400.00000000009 1.0701640337084834e-07
78450.00000000009 1.5051134421965792e-07
78500.00000000009 1.362928903079907e-07
78550.00000000009 1.3999233913606347e-07
78600.00000000009 1.2010516594289936e-07
78650.00000000009 5.3474017981394497e-08
78700.00000000009 9.763100577760707e-08
78750.00000000009 9.235472874715494e-08
78800.00000000009 1.2956338004398738e-07
78850.00000000009 8.402861644431009e-08
78900.00000000009 1.1860919856342757e-07
78950.00000000009 9.661750370910281e-08
79000.00000000009 1.0537764057186966e-07
79050.00000000009 1.006806237148178e-07
79100.00000000009 1.0658914305633581e-07
79150.00000000009 1.1652550593363804e-07
79200.00000000009 1.4782065628513848e-07
79250.00000000009 1.2056445616516751e-07
79300.00000000009 8.627693169104091e-08
79350.00000000009 1.2910251021078294e-07
79400.00000000009 1.0500503040982416e-07
79450.00000000009 1.2443524201867403e-07
79500.00000000009 1.7920209689484123e-07
79550.00000000009 1.3884993844510998e-07
79600.00000000009 9.142910618946505e-08
79650.00000000009 1.21109871285005e-07
79700.00000000009 1.5816895369797956e-07
79750.00000000009 1.464275658033127e-07
79800.00000000009 1.233411174307509e-07
79850.00000000009 1.195595984089535e-07
79900.00000000009 1.8709409531228553e-07
79950.00000000009 1.2866569966113475e-07
