galfind/configs/Brown_Dwarf_templates/sonora_cholla/logkzz7/56g/1050K_56g_logkzz7_resample.dat
# %ECSV 1.0
# ---
# datatype:
# - {name: wav, unit: Angstrom, datatype: float64}
# - {name: flux_nu, unit: erg / (cm2 Hz s), datatype: float64}
# schema: astropy-2.0
wav flux_nu
[from data line 388]
29400.000000000095 9.471563468980153e-08
29450.000000000095 9.62864809887695e-08
29500.000000000095 1.0224038298036408e-07
29550.000000000095 8.523499057766593e-08
29600.000000000095 1.2550516599512332e-07
29650.000000000095 1.0449431975407336e-07
29700.000000000095 8.990809294911273e-08
29750.000000000095 1.1049499109205978e-07
29800.000000000095 1.3777345887875064e-07
29850.000000000095 1.4188192871285928e-07
29900.000000000095 1.277291454356941e-07
29950.000000000095 1.1305067569799895e-07
30000.000000000095 1.1670013920169081e-07
30050.000000000095 1.0099782515447364e-07
30100.000000000095 1.1949990739792338e-07
30150.000000000095 1.5173907385665834e-07
30200.000000000095 1.1846522020188145e-07
30250.000000000095 1.7399248043896877e-07
30300.000000000095 1.4640191367616374e-07
30350.000000000095 1.200158167059661e-07
30400.000000000095 1.691727947603277e-07
30450.000000000095 1.315194219407684e-07
30500.000000000095 1.2567903761958769e-07
30550.000000000095 1.4708252445186557e-07
30600.000000000095 1.6487550542540912e-07
30650.000000000095 1.6154071019133128e-07
30700.000000000095 1.3882528696674997e-07
30750.000000000095 1.3461766701791618e-07
30800.000000000095 1.2559559804570948e-07
30850.000000000095 1.3210616272556454e-07
30900.000000000095 1.3481420636244427e-07
30950.000000000095 8.254733243453194e-08
31000.000000000095 1.2159086847671328e-07
31050.000000000095 1.1828328841572807e-07
31100.000000000095 8.21772482517627e-08
31150.000000000095 1.0527307147561002e-07
31200.000000000095 1.0784243897104792e-07
31250.000000000095 9.411698225084695e-08
31300.000000000095 9.115358911402298e-08
31350.000000000095 8.485373217834998e-08
31400.000000000095 6.16196021247214e-08
31450.000000000095 8.717380691951527e-08
31500.000000000095 6.890097985327007e-08
31550.000000000095 8.493927414710571e-08
31600.000000000095 5.950910940947608e-08
31650.000000000095 6.547494689649254e-08
31700.000000000095 6.733524319544774e-08
31750.000000000095 5.4632586342690284e-08
31800.000000000095 6.610459332029946e-08
31850.000000000095 5.875975909861383e-08
31900.000000000095 5.455562399297152e-08
31950.000000000095 5.6499661515079674e-08
32000.000000000095 5.283187359268169e-08
32050.000000000095 4.5580258773578433e-08
32100.000000000095 4.2453578976158966e-08
32150.000000000095 5.536819499140901e-08
32200.000000000095 4.4576726976493676e-08
32250.000000000095 5.726207478614417e-08
32300.000000000095 3.7725508539535673e-08
32350.000000000095 7.68688665768065e-08
32400.000000000095 5.3539090589781414e-08
32450.000000000095 7.059804402778318e-08
32500.000000000095 5.477768111190742e-08
32550.000000000095 7.146740497684654e-08
32600.000000000095 7.751358733267746e-08
32650.000000000095 9.309029615341896e-08
32700.000000000095 7.096125488416722e-08
32750.000000000095 1.0685502691971531e-07
32800.000000000095 7.294930208044434e-08
32850.000000000095 1.0390359694170605e-07
32900.000000000095 1.1826135511968829e-07
32950.000000000095 1.1205190844461712e-07
33000.000000000095 9.974007884981272e-08
33050.000000000095 1.0040489602505834e-07
33100.000000000095 5.584759968325074e-08
33150.000000000095 1.5655207729364176e-08
33200.000000000095 1.6956129366746394e-08
33250.000000000095 9.191375641897474e-09
33300.000000000095 9.811713161595376e-09
33350.000000000095 1.959828922612457e-08
33400.000000000095 2.824757973945838e-08
33450.000000000095 3.67208542209917e-08
33500.000000000095 4.968275054175574e-08
33550.000000000095 4.8421581868391105e-08
33600.000000000095 7.167126611330056e-08
33650.000000000095 7.467230064327519e-08
33700.000000000095 6.852958316582469e-08
33750.000000000095 9.080188069447667e-08
33800.000000000095 6.931824398118296e-08
33850.000000000095 9.226865951141248e-08
33900.000000000095 8.16695235763639e-08
33950.000000000095 8.989167604884978e-08
34000.000000000095 9.121970249964737e-08
34050.000000000095 4.988260803151543e-08
34100.000000000095 8.916970381047674e-08
34150.000000000095 6.962547232649892e-08
34200.000000000095 8.685046633124901e-08
34250.000000000095 7.391614078606352e-08
34300.000000000095 5.7612411342145435e-08
34350.000000000095 7.485111220739706e-08
34400.000000000095 6.98482777861647e-08
34450.000000000095 9.328236323359171e-08
34500.000000000095 8.300660469595234e-08
34550.000000000095 5.650939782774431e-08
34600.000000000095 9.84660960506305e-08
34650.000000000095 6.511469332396084e-08
34700.000000000095 7.196918996896199e-08
34750.000000000095 7.042693859003187e-08
34800.000000000095 4.977547050131795e-08
34850.000000000095 7.853674018778745e-08
34900.000000000095 9.075786936571034e-08
34950.000000000095 7.39703721158753e-08
35000.000000000095 1.0237086668648353e-07
35050.000000000095 8.180650938448954e-08
35100.000000000095 1.019716780300238e-07
35150.000000000095 9.665059135295254e-08
35200.000000000095 1.3020756343585062e-07
35250.000000000095 1.3299124329694152e-07
35300.000000000095 8.83102500969918e-08
35350.000000000095 1.2816112503005872e-07
35400.000000000095 1.1910621767565812e-07
35450.000000000095 1.0335618185805618e-07
35500.000000000095 1.6654118886260523e-07
35550.000000000095 1.4639914066408695e-07
35600.000000000095 1.4958398971284965e-07
35650.000000000095 1.5253218077786196e-07
35700.000000000095 1.0725972967208219e-07
35750.000000000095 1.7170132990207478e-07
35800.000000000095 1.6904651060075032e-07
35850.000000000095 1.219678997459687e-07
35900.000000000095 1.8583527218435834e-07
35950.000000000095 1.753445706647677e-07
36000.000000000095 1.4099952255481007e-07
36050.000000000095 1.8919029999605708e-07
36100.000000000095 1.74898430145994e-07
36150.000000000095 1.9456369676617212e-07
36200.000000000095 1.9796480982495568e-07
36250.000000000095 1.9936992330925697e-07
36300.000000000095 2.2462844641605117e-07
36350.000000000095 2.3478684310905574e-07
36400.000000000095 2.709441967370686e-07
36450.000000000095 2.6447936776751194e-07
36500.000000000095 2.6383940027725734e-07
36550.000000000095 2.677590594314293e-07
36600.000000000095 3.054856144876187e-07
36650.000000000095 3.173817800526452e-07
36700.000000000095 3.4028124372383125e-07
36750.000000000095 3.6670019312749067e-07
36800.000000000095 3.412750646123511e-07
36850.000000000095 3.2925513950734644e-07
36900.000000000095 3.3097442097828e-07
36950.000000000095 3.7298441807055454e-07
37000.000000000095 3.490611802878169e-07
37050.000000000095 3.7799607525527135e-07
37100.000000000095 3.9347785496745774e-07
37150.000000000095 4.10876781847569e-07
37200.000000000095 4.226706235088251e-07
37250.000000000095 3.710415956740307e-07
37300.000000000095 3.896146545354453e-07
37350.000000000095 3.980915622238802e-07
37400.000000000095 4.768519917334628e-07
37450.000000000095 4.4210588208440056e-07
37500.000000000095 4.0071219762561093e-07
37550.000000000095 5.014570286924867e-07
37600.000000000095 5.349662308008071e-07
37650.000000000095 4.4689501405158963e-07
37700.000000000095 4.994120130410538e-07
37750.000000000095 4.2126728484814056e-07
37800.000000000095 4.867717179715154e-07
37850.000000000095 4.138930434704921e-07
37900.000000000095 4.860638028687604e-07
37950.000000000095 5.353248432875747e-07
38000.000000000095 5.809310094169589e-07
38050.000000000095 5.237438768753108e-07
38100.000000000095 5.571066421578698e-07
38150.000000000095 5.589766750119511e-07
38200.000000000095 6.125346347296311e-07
38250.000000000095 5.572383014365131e-07
38300.000000000095 6.221299935384241e-07
38350.000000000095 6.563058117469243e-07
38400.000000000095 5.12506513542553e-07
38450.000000000095 6.083979046127257e-07
38500.000000000095 5.397593603903751e-07
38550.000000000095 5.935417801649229e-07
38600.000000000095 6.212194132225249e-07
38650.000000000095 6.95230275025687e-07
38700.000000000095 6.800108168038594e-07
38750.000000000095 6.605957698729028e-07
38800.000000000095 6.369763469858277e-07
38850.000000000095 6.997442180876873e-07
38900.000000000095 6.837735791891265e-07
38950.000000000095 6.7789672057718e-07
39000.000000000095 7.499552789502829e-07
39050.000000000095 7.089092736565805e-07
39100.000000000095 6.536896482399959e-07
39150.000000000095 7.116258351376048e-07
39200.000000000095 6.732083273770516e-07
39250.000000000095 7.58318618184242e-07
39300.000000000095 7.433071606765594e-07
39350.000000000095 8.073598985029923e-07
39400.000000000095 8.176558767837713e-07
39450.000000000095 8.194040738329544e-07
39500.000000000095 6.952117503086933e-07
39550.000000000095 7.61270832951687e-07
39600.000000000095 7.866539441289849e-07
39650.000000000095 8.386511912543824e-07
39700.000000000095 7.776359124693961e-07
39750.000000000095 7.077808555054911e-07
39800.000000000095 7.964221383939433e-07
39850.000000000095 8.012943186641206e-07
39900.000000000095 7.992329136500241e-07
39950.000000000095 8.065440320539549e-07
40000.000000000095 7.852897541178683e-07
40050.000000000095 8.440297409491414e-07
40100.000000000095 8.071523833573179e-07
40150.000000000095 9.121420839757403e-07
40200.000000000095 9.316677744577706e-07
40250.000000000095 7.53967328585357e-07
40300.000000000095 8.233491737504766e-07
40350.000000000095 7.97658035670199e-07
40400.000000000095 8.684860181776677e-07
40450.000000000095 8.326285938028057e-07
40500.000000000095 7.46964726063622e-07
40550.000000000095 8.59342108138662e-07
40600.000000000095 7.239821222450687e-07
40650.000000000095 9.025938142227202e-07
40700.000000000095 9.785962991165878e-07
40750.000000000095 8.169815447815561e-07
40800.000000000095 7.280847133140642e-07
40850.000000000095 8.26692312850813e-07
40900.000000000095 7.526377993586088e-07
40950.000000000095 7.794986543509554e-07
41000.000000000095 8.064473331229263e-07
41050.000000000095 8.556745167305688e-07
41100.000000000095 7.369836882629615e-07
41150.000000000095 7.005276019831744e-07
41200.000000000095 8.068651413020776e-07
41250.000000000095 8.25556180633272e-07
41300.000000000095 6.140332356494822e-07
41350.000000000095 8.427723996475364e-07
41400.000000000095 7.851145958307412e-07
41450.000000000095 7.978227370937305e-07
41500.000000000095 7.912524073939092e-07
41550.000000000095 7.110245351563287e-07
41600.000000000095 7.556575462948522e-07
41650.000000000095 7.050739415936968e-07
41700.000000000095 6.755623978627997e-07
41750.000000000095 5.628996301090017e-07
41800.000000000095 7.509521474591219e-07
41850.000000000095 4.1336086675135354e-07
41900.000000000095 6.133212886169005e-07
41950.000000000095 5.888638473780598e-07
42000.000000000095 5.810858092984116e-07
42050.000000000095 4.501538439330266e-07
42100.000000000095 4.90483214378937e-07
42150.000000000095 3.691987225576712e-07
42200.000000000095 4.412429706493272e-07
42250.000000000095 3.7883286881453906e-07
42300.000000000095 3.966402877783591e-07
42350.000000000095 4.006753874893109e-07
42400.000000000095 3.2819240177704797e-07
42450.000000000095 2.5969108658295347e-07
42500.000000000095 3.2780008044999815e-07
42550.000000000095 3.345033055821638e-07
42600.000000000095 3.8543001021471704e-07
42650.000000000095 4.1367247413672605e-07
42700.000000000095 3.5959321832602836e-07
42750.000000000095 3.638522754383119e-07
42800.000000000095 3.1273371092361323e-07
42850.000000000095 3.7234206133768146e-07
42900.000000000095 3.684200116542169e-07
42950.000000000095 3.1155327304431626e-07
43000.000000000095 3.7676891008215893e-07
43050.000000000095 2.705405592897537e-07
43100.000000000095 3.749929725527864e-07
43150.000000000095 3.873420676328735e-07
43200.000000000095 3.7987726513836957e-07
43250.000000000095 3.047919409914352e-07
43300.000000000095 4.302696142679039e-07
43350.000000000095 3.4155165795355736e-07
43400.000000000095 4.2648424865992914e-07
43450.000000000095 2.858323629463454e-07
43500.000000000095 2.8420279923264597e-07
43550.000000000095 2.8380025451940474e-07
43600.000000000095 3.822889233509633e-07
43650.000000000095 2.4728808816917094e-07
43700.000000000095 3.7643752897539797e-07
43750.000000000095 3.566985210485817e-07
43800.000000000095 2.8634290517024924e-07
43850.000000000095 3.3834682420628633e-07
43900.000000000095 2.2456298026604053e-07
43950.000000000095 2.7745366311709927e-07
44000.000000000095 1.937310828796409e-07
44050.000000000095 2.641926322685841e-07
44100.000000000095 2.673962075056493e-07
44150.000000000095 2.763440103673769e-07
44200.000000000095 2.3115970190687036e-07
44250.000000000095 2.2293525179358876e-07
44300.000000000095 2.0280535159476885e-07
44350.000000000095 1.6670944024133946e-07
44400.000000000095 1.8434391781567485e-07
44450.000000000095 1.7942064563016275e-07
44500.000000000095 1.402652645837415e-07
44550.000000000095 1.583894947090145e-07
44600.000000000095 1.321421534352482e-07
44650.000000000095 1.5112964914387657e-07
44700.000000000095 1.418486641704555e-07
44750.000000000095 1.4592106828488935e-07
44800.000000000095 1.363231716458035e-07
44850.000000000095 1.2376503246806348e-07
44900.000000000095 1.0370697218881236e-07
44950.000000000095 1.0332489174657376e-07
45000.000000000095 1.035290650685004e-07
45050.000000000095 1.093255238299249e-07
45100.000000000095 9.869025079486571e-08
45150.000000000095 9.386360910996122e-08
45200.000000000095 7.72645471279932e-08
45250.000000000095 8.163339931988208e-08
45300.000000000095 9.26469381799716e-08
45350.000000000095 9.33212644021741e-08
45400.000000000095 7.109261238754687e-08
45450.000000000095 7.119810674666567e-08
45500.000000000095 7.356795365352352e-08
45550.000000000095 8.849931112441054e-08
45600.000000000095 6.916619803590902e-08
45650.000000000095 7.022433657483189e-08
45700.000000000095 9.038760561892247e-08
45750.000000000095 7.639177825741387e-08
45800.000000000095 6.513536757981778e-08
45850.000000000095 9.466120871027052e-08
45900.000000000095 9.168324064085467e-08
45950.000000000095 6.713344428863441e-08
46000.000000000095 8.76038404066802e-08
46050.000000000095 9.585657282050883e-08
46100.000000000095 6.806391535071748e-08
46150.000000000095 9.612271546869108e-08
46200.000000000095 9.147747119735507e-08
46250.000000000095 5.204238610426457e-08
46300.000000000095 1.0566659894331873e-07
46350.000000000095 7.629967406969654e-08
46400.000000000095 9.21290144214493e-08
46450.000000000095 1.2129463921278507e-07
46500.000000000095 9.02529521989698e-08
46550.000000000095 1.2915726190631852e-07
46600.000000000095 1.310040987459096e-07
46650.000000000095 1.9968393352337718e-07
46700.000000000095 1.4936047261533712e-07
46750.000000000095 1.1865005006724219e-07
46800.000000000095 1.0046571352744678e-07
46850.000000000095 1.2062322388092718e-07
46900.000000000095 1.0529231723774653e-07
46950.000000000095 1.4294268613974425e-07
47000.000000000095 8.359855408816937e-08
47050.000000000095 1.4991488449948308e-07
47100.000000000095 8.103730045440738e-08
47150.000000000095 9.602632891402107e-08
47200.000000000095 1.0970591060463534e-07
47250.000000000095 8.301254948211123e-08
47300.000000000095 1.000523041240074e-07
47350.000000000095 7.244182858058517e-08
47400.000000000095 1.2390635513380494e-07
47450.000000000095 7.362542740126836e-08
47500.000000000095 1.3338845481811708e-07
47550.000000000095 7.697778425666361e-08
47600.000000000095 1.278873411574252e-07
47650.000000000095 8.015803538194587e-08
47700.000000000095 1.1907197596335133e-07
47750.000000000095 7.195669635927241e-08
47800.000000000095 1.2065421289265509e-07
47850.000000000095 6.604534846185431e-08
47900.000000000095 1.1353663668840487e-07
47950.000000000095 8.419582479348038e-08
48000.000000000095 1.4235481763543684e-07
48050.000000000095 9.675725124877161e-08
48100.000000000095 1.3555467452584404e-07
48150.000000000095 9.368442511406087e-08
48200.000000000095 1.3753399954955502e-07
48250.000000000095 1.0512847738625192e-07
48300.000000000095 1.651455100354144e-07
48350.000000000095 9.691651236292921e-08
48400.000000000095 1.368618361165124e-07
48450.000000000095 8.751366211823136e-08
48500.000000000095 1.6489899991866562e-07
48550.000000000095 8.723151573896983e-08
48600.000000000095 1.550956699149848e-07
48650.000000000095 8.904758504807396e-08
48700.000000000095 1.6932680822188834e-07
