galfind/configs/Brown_Dwarf_templates/sonora_cholla/logkzz7/56g/1050K_56g_logkzz7_resample.dat
# %ECSV 1.0
# ---
# datatype:
# - {name: wav, unit: Angstrom, datatype: float64}
# - {name: flux_nu, unit: erg / (cm2 Hz s), datatype: float64}
# schema: astropy-2.0
wav flux_nu
[from data line 776]
48800.000000000095 1.567527297092306e-07
48850.000000000095 1.2142577914086725e-07
48900.000000000095 1.7201380878889328e-07
48950.000000000095 1.5112302651670882e-07
49000.000000000095 1.3126207466702077e-07
49050.000000000095 1.6138925931705857e-07
49100.000000000095 1.1519776669776614e-07
49150.000000000095 1.882034894614744e-07
49200.000000000095 1.2459464287485373e-07
49250.000000000095 1.9400289399434447e-07
49300.000000000095 1.4392645702155922e-07
49350.000000000095 1.6104602180500198e-07
49400.000000000095 1.951915582848506e-07
49450.000000000095 1.676210209641882e-07
49500.000000000095 1.7346413434069026e-07
49550.000000000095 1.1461823481651357e-07
49600.000000000095 1.814874956335796e-07
49650.000000000095 1.593357312812568e-07
49700.000000000095 1.427846707807358e-07
49750.000000000095 2.4653750128816153e-07
49800.000000000095 1.454539363071969e-07
49850.000000000095 2.6795532985351473e-07
49900.000000000095 1.8954388523953144e-07
49950.000000000095 2.2790785191200402e-07
50000.000000000095 2.464338627629501e-07
50050.000000000095 2.150912590840151e-07
50100.000000000095 3.005845843594526e-07
50150.000000000095 1.4589578466073682e-07
50200.000000000095 1.1936938777559066e-07
50250.000000000095 2.5128644796355154e-07
50300.000000000095 1.7572107335366242e-07
50350.000000000095 2.390016052400638e-07
50400.000000000095 2.1739569097296113e-07
50450.000000000095 2.2918085435853636e-07
50500.000000000095 2.746884068575504e-07
50550.000000000095 2.2985786920899942e-07
50600.000000000095 2.7835761233069705e-07
50650.000000000095 2.388507668482313e-07
50700.000000000095 3.214585243986809e-07
50750.000000000095 3.291439399652945e-07
50800.000000000095 1.6302085565679577e-07
50850.000000000095 2.0149545958592352e-07
50900.000000000095 3.06718649669612e-07
50950.000000000095 3.353617300772044e-07
51000.000000000095 2.924118768196723e-07
51050.000000000095 2.611344511426438e-07
51100.000000000095 1.8079390429476338e-07
51150.000000000095 2.2590665042815068e-07
51200.000000000095 3.1877070191229767e-07
51250.000000000095 3.152349851600067e-07
51300.000000000095 1.9827318800076427e-07
51350.000000000095 2.6672100062763794e-07
51400.000000000095 2.164100493093167e-07
51450.000000000095 1.8437442112739592e-07
51500.000000000095 1.6664295496103594e-07
51550.000000000095 3.0498897788874236e-07
51600.000000000095 2.0514039966318565e-07
51650.000000000095 2.936869481253768e-07
51700.000000000095 2.961923268078551e-07
51750.000000000095 2.0029244682871026e-07
51800.000000000095 3.87309272483792e-07
51850.000000000095 2.8763021863153055e-07
51900.000000000095 3.700646038191e-07
51950.000000000095 3.206525885904722e-07
52000.000000000095 1.2444555009932593e-07
52050.000000000095 2.1205367938000415e-07
52100.000000000095 2.0332453255673408e-07
52150.000000000095 1.6858336860238318e-07
52200.000000000095 1.9130825760447377e-07
52250.000000000095 2.1678401553557308e-07
52300.000000000095 3.4183419245592946e-07
52350.000000000095 2.59272079507065e-07
52400.000000000095 1.9594686010925454e-07
52450.000000000095 3.110128327675637e-07
52500.000000000095 2.828037427263984e-07
52550.000000000095 3.006244101161703e-07
52600.000000000095 2.2785571118714196e-07
52650.000000000095 2.9873661565754516e-07
52700.000000000095 2.2745932277896612e-07
52750.000000000095 1.8694606620664556e-07
52800.000000000095 1.950405319050209e-07
52850.000000000095 2.3586683909378082e-07
52900.000000000095 1.8243139679658304e-07
52950.000000000095 1.8735374326779361e-07
53000.000000000095 3.636838379543467e-07
53050.000000000095 1.633803381105462e-07
53100.000000000095 3.268899738029072e-07
53150.000000000095 3.603860954853061e-07
53200.000000000095 1.7933035007695178e-07
53250.000000000095 3.412284428937611e-07
53300.000000000095 3.4284887532004555e-07
53350.000000000095 3.106052346308111e-07
53400.000000000095 3.4872610361903007e-07
53450.000000000095 1.725190206485444e-07
53500.000000000095 1.1180408672349521e-07
53550.000000000095 1.7300330016097547e-07
53600.000000000095 2.4375773026343056e-07
53650.000000000095 2.082480129780636e-07
53700.000000000095 1.9122407704349075e-07
53750.000000000095 1.9901624396036352e-07
53800.000000000095 2.0219358986872568e-07
53850.000000000095 2.61765571836409e-07
53900.000000000095 2.3148022709732274e-07
53950.000000000095 3.1579874737193965e-07
54000.000000000095 2.2983857890280125e-07
54050.000000000095 2.2943240684622178e-07
54100.000000000095 1.2305365282623735e-07
54150.000000000095 1.768495945209774e-07
54200.000000000095 9.257227361730462e-08
54250.000000000095 1.0234752619937066e-07
54300.000000000095 1.7778556840470342e-07
54350.000000000095 2.3053801647956388e-07
54400.000000000095 2.3648554837715907e-07
54450.000000000095 1.9329022534778302e-07
54500.000000000095 1.828383970667885e-07
54550.000000000095 1.550118785704121e-07
54600.000000000095 1.9657137832980098e-07
54650.000000000095 1.1100139535272505e-07
54700.000000000095 2.2377771621686604e-07
54750.000000000095 2.2662818269039332e-07
54800.000000000095 1.6309160409611784e-07
54850.000000000095 1.9300858524367482e-07
54900.000000000095 2.491822757078166e-07
54950.000000000095 3.387706024412843e-07
55000.000000000095 1.540085794251173e-07
55050.000000000095 2.1730295631020106e-07
55100.000000000095 1.803434913193987e-07
55150.000000000095 1.608178638949199e-07
55200.000000000095 1.5634588961718588e-07
55250.000000000095 1.7903693117234927e-07
55300.000000000095 1.3342684812753174e-07
55350.000000000095 2.0201900891330386e-07
55400.000000000095 2.620725362743237e-07
55450.000000000095 1.9254238679690226e-07
55500.000000000095 1.0628869810165402e-07
55550.000000000095 1.4552190576574992e-07
55600.000000000095 1.3957236965974215e-07
55650.000000000095 1.1819128227885452e-07
55700.000000000095 1.5614435064465732e-07
55750.000000000095 1.7973705398528585e-07
55800.000000000095 1.2314091499106596e-07
55850.000000000095 1.1528916871153795e-07
55900.000000000095 2.0981784924872973e-07
55950.000000000095 2.829747305160908e-07
56000.000000000095 1.2958174802683929e-07
56050.000000000095 1.7853178803465355e-07
56100.000000000095 2.0501283501825506e-07
56150.000000000095 1.485360931444128e-07
56200.000000000095 1.7019386131162704e-07
56250.000000000095 1.657108446794814e-07
56300.000000000095 1.8404001582221647e-07
56350.000000000095 1.8575823708090957e-07
56400.000000000095 1.2591202751280543e-07
56450.000000000095 1.1160006984373815e-07
56500.000000000095 1.2708191975924002e-07
56550.000000000095 9.533108470514668e-08
56600.000000000095 1.9387422863785137e-07
56650.000000000095 1.8633614800551724e-07
56700.000000000095 2.07177898340663e-07
56750.000000000095 1.1039323586052161e-07
56800.000000000095 2.072545523677734e-07
56850.000000000095 1.6388502239648047e-07
56900.000000000095 1.340401788655203e-07
56950.000000000095 2.0348170349186338e-07
57000.000000000095 2.1127522072730333e-07
57050.000000000095 1.454600047961922e-07
57100.000000000095 8.056559050003946e-08
57150.000000000095 1.1124660976681782e-07
57200.000000000095 9.419194097646271e-08
57250.000000000095 1.3827803065226947e-07
57300.000000000095 1.7567571770131096e-07
57350.000000000095 9.76868419457686e-08
57400.000000000095 1.76047499640404e-07
57450.000000000095 1.5489797962201337e-07
57500.000000000095 1.4964533551739728e-07
57550.000000000095 1.9275858370913859e-07
57600.000000000095 2.0606237299515832e-07
57650.000000000095 8.273734312392892e-08
57700.000000000095 1.0425188643994817e-07
57750.000000000095 1.3003334859815365e-07
57800.000000000095 5.5813694107428515e-08
57850.000000000095 2.372898271306257e-07
57900.000000000095 2.7675651113753215e-07
57950.000000000095 2.477083375421231e-07
58000.000000000095 1.2153718087591481e-07
58050.000000000095 1.8273350705252328e-07
58100.000000000095 2.2091602366964222e-07
58150.000000000095 1.6366765899374806e-07
58200.000000000095 8.839606517138091e-08
58250.000000000095 1.1713506379228677e-07
58300.000000000095 9.757486147646876e-08
58350.000000000095 1.2111601097224212e-07
58400.000000000095 1.673810135617121e-07
58450.000000000095 1.7664767190698237e-07
58500.000000000095 1.584625959394457e-07
58550.000000000095 1.8251237697114945e-07
58600.000000000095 1.0734237141339123e-07
58650.000000000095 1.3673168437345106e-07
58700.000000000095 1.4192245327057768e-07
58750.000000000095 1.4414557732110156e-07
58800.000000000095 7.407981113814938e-08
58850.000000000095 1.2830825812408278e-07
58900.000000000095 1.6868570833457423e-07
58950.000000000095 1.0190349438528841e-07
59000.000000000095 1.603607191232639e-07
59050.000000000095 1.834361133597935e-07
59100.000000000095 2.2360654231299753e-07
59150.000000000095 1.5462133364192406e-07
59200.000000000095 1.6635187382020114e-07
59250.000000000095 1.7711803808744815e-07
59300.000000000095 1.6384767288531465e-07
59350.000000000095 8.422881600254717e-08
59400.000000000095 6.594254580586384e-08
59450.000000000095 1.4416709807315194e-07
59500.000000000095 8.941906565338127e-08
59550.000000000095 1.8979826321984776e-07
59600.000000000095 1.8010032807263737e-07
59650.000000000095 1.6198983946420506e-07
59700.000000000095 1.1056124137936887e-07
59750.000000000095 2.3601744647887626e-07
59800.000000000095 1.4305575758104422e-07
59850.000000000095 1.8933784815205676e-07
59900.000000000095 9.559223320470193e-08
59950.000000000095 1.6188023748007827e-07
60000.000000000095 2.627414084180602e-07
60050.000000000095 2.2369575783863174e-07
60100.000000000095 2.247845926657741e-07
60150.000000000095 1.509595311158391e-07
60200.000000000095 1.8042804837396107e-07
60250.000000000095 2.1938082138804092e-07
60300.000000000095 2.0178133486428136e-07
60350.000000000095 1.4615322747127402e-07
60400.000000000095 1.7254681586045684e-07
60450.000000000095 9.739652208968607e-08
60500.000000000095 6.35715452142148e-08
60550.000000000095 1.858368491726251e-07
60600.000000000095 1.8348163100777914e-07
60650.000000000095 1.519490290183492e-07
60700.000000000095 1.3518243357929196e-07
60750.000000000095 1.0035972355261956e-07
60800.000000000095 1.988407757780962e-07
60850.000000000095 2.713232591052515e-07
60900.000000000095 2.5535091115724573e-07
60950.000000000095 2.352288895498677e-07
61000.000000000095 1.774431770389606e-07
61050.000000000095 1.2204346995810066e-07
61100.000000000095 1.7447788276394942e-07
61150.000000000095 6.746334243709446e-08
61200.000000000095 2.4099978901684206e-07
61250.000000000095 2.829355126415899e-07
61300.000000000095 2.5574717436049226e-07
61350.000000000095 2.8326922989034357e-07
61400.000000000095 1.9086614945768993e-07
61450.000000000095 1.2526558499307554e-07
61500.000000000095 1.5649784647876007e-07
61550.000000000095 1.3416515648839774e-07
61600.000000000095 9.522150784190508e-08
61650.000000000095 1.694071270699913e-07
61700.000000000095 1.4101783044561672e-07
61750.000000000095 1.6357354314311761e-07
61800.000000000095 1.9390809199430734e-07
61850.000000000095 1.1931593604824211e-07
61900.000000000095 2.2248317308138024e-07
61950.000000000095 2.5314350893110226e-07
62000.000000000095 2.1972306753498682e-07
62050.000000000095 2.2092702992648705e-07
62100.000000000095 2.3659390761773373e-07
62150.000000000095 2.3746943345631889e-07
62200.000000000095 2.0730869053412543e-07
62250.000000000095 2.1766052105903286e-07
62300.000000000095 3.0694418483113054e-07
62350.000000000095 2.51031738049984e-07
62400.000000000095 1.4649857600291638e-07
62450.000000000095 1.9277691784189945e-07
62500.000000000095 2.764231623097429e-07
62550.000000000095 2.621711426423099e-07
62600.000000000095 2.9368830112733246e-07
62650.000000000095 2.1780890014605196e-07
62700.000000000095 2.500235516044213e-07
62750.000000000095 3.08162991221805e-07
62800.000000000095 1.8056216807882483e-07
62850.000000000095 2.5985571495372306e-07
62900.000000000095 2.0169540662096067e-07
62950.000000000095 2.6251658497966904e-07
63000.000000000095 2.551376064166929e-07
63050.000000000095 3.4787284698213645e-07
63100.000000000095 3.0068629576766584e-07
63150.000000000095 2.050463322047109e-07
63200.000000000095 2.7707974688571935e-07
63250.000000000095 2.501143663829973e-07
63300.000000000095 2.822593453785344e-07
63350.000000000095 2.4514059011907786e-07
63400.000000000095 1.4200306477880402e-07
63450.000000000095 1.2133547472789365e-07
63500.000000000095 2.418134185743982e-07
63550.000000000095 2.153494672965777e-07
63600.000000000095 2.8189137792251635e-07
63650.000000000095 1.9109722497732572e-07
63700.000000000095 1.2887420559978625e-07
63750.000000000095 1.9273301443913206e-07
63800.000000000095 2.1608957928420862e-07
63850.000000000095 2.0678089603283216e-07
63900.000000000095 1.401304352076685e-07
63950.000000000095 2.2426134020824473e-07
64000.000000000095 2.417453699100804e-07
64050.000000000095 1.6349794907808257e-07
64100.000000000095 6.455163751211461e-08
64150.000000000095 9.054438340778755e-08
64200.000000000095 1.0971326532819078e-07
64250.000000000095 1.7417199540773677e-07
64300.000000000095 1.3507548588409e-07
64350.000000000095 1.1756078829371634e-07
64400.000000000095 1.916603212926817e-07
64450.000000000095 2.02430673975674e-07
64500.000000000095 1.1156940754745384e-07
64550.000000000095 1.777585882163852e-07
64600.000000000095 1.0749488051225314e-07
64650.000000000095 1.5414284756860023e-07
64700.000000000095 8.903547410086532e-08
64750.000000000095 1.122585819828504e-07
64800.000000000095 1.115836513159577e-07
64850.000000000095 9.852499862669806e-08
64900.000000000095 1.1568573875430524e-07
64950.000000000095 1.0232127986583979e-07
65000.000000000095 1.244146878284501e-07
65050.000000000095 1.363616791157186e-07
65100.000000000095 1.6161559444538966e-07
65150.000000000095 1.1453261401318785e-07
65200.000000000095 9.049435320478951e-08
65250.000000000095 1.5088120494899728e-07
65300.000000000095 1.1374918499257743e-07
65350.000000000095 2.3567619611888202e-07
65400.000000000095 1.2143808558263182e-07
65450.000000000095 1.27059032437608e-07
65500.000000000095 1.4826128861815156e-07
65550.00000000009 9.598577589755595e-08
65600.00000000009 1.2162535859660173e-07
65650.00000000009 1.2836789446292695e-07
65700.00000000009 1.1597582020843715e-07
65750.00000000009 9.544300004572791e-08
65800.00000000009 1.35323538353922e-07
65850.00000000009 1.6006281499862504e-07
65900.00000000009 9.434323548892694e-08
65950.00000000009 8.08021770803331e-08
66000.00000000009 1.1698267991587842e-07
66050.00000000009 2.0109460915567176e-07
66100.00000000009 1.2905732775690595e-07
66150.00000000009 9.308427878778134e-08
66200.00000000009 9.673580948200256e-08
66250.00000000009 9.281367468891751e-08
66300.00000000009 4.9248040174707115e-08
66350.00000000009 7.005973119271172e-08
66400.00000000009 8.81613634926192e-08
66450.00000000009 1.5184101109401616e-07
66500.00000000009 1.9199008209810923e-07
66550.00000000009 1.931431511967199e-07
66600.00000000009 1.4519503402763526e-07
66650.00000000009 1.4341751355873824e-07
66700.00000000009 1.1962905423810835e-07
66750.00000000009 1.0928443197273202e-07
66800.00000000009 1.4324179788531533e-07
66850.00000000009 1.0021014779145338e-07
66900.00000000009 1.5940808251620102e-07
66950.00000000009 2.0154272851897485e-07
67000.00000000009 1.8244459309910605e-07
67050.00000000009 1.3284526893316356e-07
67100.00000000009 1.056617036883763e-07
67150.00000000009 1.1724696288445922e-07
67200.00000000009 1.332320827897554e-07
67250.00000000009 1.3657438079190692e-07
67300.00000000009 1.493661755562089e-07
67350.00000000009 1.0031951427424818e-07
67400.00000000009 2.049417157272365e-07
67450.00000000009 1.593054131041807e-07
67500.00000000009 1.3635573722512503e-07
67550.00000000009 1.6758065434268058e-07
67600.00000000009 2.563129350905515e-07
67650.00000000009 1.9672715140720286e-07
67700.00000000009 1.5270071568376566e-07
67750.00000000009 1.3183176893103685e-07
67800.00000000009 1.7454682081789792e-07
67850.00000000009 1.0509567270369727e-07
67900.00000000009 1.3557350342359373e-07
67950.00000000009 9.112148233004422e-08
68000.00000000009 1.2911578744849116e-07
