galfind/configs/Brown_Dwarf_templates/sonora_cholla/logkzz7/56g/1100K_56g_logkzz7_resample.dat
# %ECSV 1.0
# ---
# datatype:
# - {name: wav, unit: Angstrom, datatype: float64}
# - {name: flux_nu, unit: erg / (cm2 Hz s), datatype: float64}
# schema: astropy-2.0
wav flux_nu
[from data line 1161]
68050.00000000009 2.190749406041757e-07
68100.00000000009 2.2031942022586178e-07
68150.00000000009 1.7124755452052122e-07
68200.00000000009 1.8605930653206796e-07
68250.00000000009 9.14276391870469e-08
68300.00000000009 1.671711930959029e-07
68350.00000000009 9.924751920566303e-08
68400.00000000009 2.215981395401013e-07
68450.00000000009 2.146210075089619e-07
68500.00000000009 1.814898289993583e-07
68550.00000000009 1.2783389993891965e-07
68600.00000000009 1.362813599014914e-07
68650.00000000009 9.648112365680711e-08
68700.00000000009 1.4982052090784878e-07
68750.00000000009 1.8188401903619478e-07
68800.00000000009 2.0067987371644253e-07
68850.00000000009 1.0819344057519182e-07
68900.00000000009 2.415682912609852e-07
68950.00000000009 2.667184982956489e-07
69000.00000000009 2.5589666082758276e-07
69050.00000000009 1.5385384249662379e-07
69100.00000000009 2.4056845382527197e-07
69150.00000000009 2.8460410270807274e-07
69200.00000000009 1.7689311927767524e-07
69250.00000000009 2.5974958024600213e-07
69300.00000000009 2.1755452639245182e-07
69350.00000000009 2.3592472318575442e-07
69400.00000000009 1.3913287346031097e-07
69450.00000000009 2.5686388811041017e-07
69500.00000000009 1.649576715940514e-07
69550.00000000009 1.845165173011371e-07
69600.00000000009 7.697666922590074e-08
69650.00000000009 1.6476949371979878e-07
69700.00000000009 2.298963840736021e-07
69750.00000000009 1.773815195034432e-07
69800.00000000009 2.2172181145109323e-07
69850.00000000009 2.418051020583507e-07
69900.00000000009 1.5374836924008508e-07
69950.00000000009 1.9180048016639894e-07
70000.00000000009 1.5926577149430027e-07
70050.00000000009 2.335639431777243e-07
70100.00000000009 1.82315403540004e-07
70150.00000000009 2.1526646805308402e-07
70200.00000000009 1.5400939891759614e-07
70250.00000000009 1.870625959002652e-07
70300.00000000009 2.3275106104342878e-07
70350.00000000009 1.7409798041613017e-07
70400.00000000009 1.636543121482328e-07
70450.00000000009 8.523232234897507e-08
70500.00000000009 1.297557484769688e-07
70550.00000000009 1.3649081344057914e-07
70600.00000000009 1.501512991599064e-07
70650.00000000009 1.999926589741312e-07
70700.00000000009 1.9916638557307763e-07
70750.00000000009 2.4012496735169234e-07
70800.00000000009 1.6512691108616635e-07
70850.00000000009 1.5198246359134454e-07
70900.00000000009 1.5510600833425256e-07
70950.00000000009 2.2757522637640937e-07
71000.00000000009 1.9541627341381976e-07
71050.00000000009 2.1723491230695817e-07
71100.00000000009 1.9109785991318572e-07
71150.00000000009 1.7806953161930846e-07
71200.00000000009 1.5345429521165477e-07
71250.00000000009 1.842166633680312e-07
71300.00000000009 2.309473620257871e-07
71350.00000000009 1.9908464822400147e-07
71400.00000000009 1.9847207816144482e-07
71450.00000000009 1.2120869331713018e-07
71500.00000000009 1.5634046599537875e-07
71550.00000000009 1.608764535229931e-07
71600.00000000009 1.8081442008275632e-07
71650.00000000009 1.600816832756331e-07
71700.00000000009 1.330083101861715e-07
71750.00000000009 1.8145690340252803e-07
71800.00000000009 2.337062362146787e-07
71850.00000000009 2.2340472904609715e-07
71900.00000000009 1.463174689941699e-07
71950.00000000009 1.8207945588100472e-07
72000.00000000009 1.7043055491601144e-07
72050.00000000009 1.2405995145670904e-07
72100.00000000009 1.4866675006120627e-07
72150.00000000009 1.5765749002209101e-07
72200.00000000009 1.8290727251382042e-07
72250.00000000009 1.9495560281425796e-07
72300.00000000009 1.92789668033559e-07
72350.00000000009 1.686842315725704e-07
72400.00000000009 1.5566397589999622e-07
72450.00000000009 1.4541284397523373e-07
72500.00000000009 1.592336171071691e-07
72550.00000000009 1.0417656388114667e-07
72600.00000000009 1.0181380208710398e-07
72650.00000000009 2.122571119694528e-07
72700.00000000009 1.942945568247095e-07
72750.00000000009 1.564502053689413e-07
72800.00000000009 1.5119346524620613e-07
72850.00000000009 1.565698162275268e-07
72900.00000000009 1.893911695896962e-07
72950.00000000009 1.6443759019060584e-07
73000.00000000009 1.7659824709490565e-07
73050.00000000009 1.5133319240541742e-07
73100.00000000009 1.4800507560831518e-07
73150.00000000009 2.4346670432413336e-07
73200.00000000009 1.6136724548795748e-07
73250.00000000009 1.7784580816306198e-07
73300.00000000009 1.7559403099771702e-07
73350.00000000009 1.2548993700986e-07
73400.00000000009 1.572453761233574e-07
73450.00000000009 1.057667114473491e-07
73500.00000000009 1.2892359386841744e-07
73550.00000000009 1.579693433283405e-07
73600.00000000009 1.2132867765503772e-07
73650.00000000009 1.632050234155217e-07
73700.00000000009 2.007118760033867e-07
73750.00000000009 1.3131272659652652e-07
73800.00000000009 1.4098889612999416e-07
73850.00000000009 1.75456847835655e-07
73900.00000000009 1.9455823956691768e-07
73950.00000000009 1.6072920880923577e-07
74000.00000000009 1.572635741144587e-07
74050.00000000009 2.458913932805367e-07
74100.00000000009 1.470830900610706e-07
74150.00000000009 1.7302621778663314e-07
74200.00000000009 1.532678542881687e-07
74250.00000000009 1.1403022000837599e-07
74300.00000000009 1.598912263061668e-07
74350.00000000009 1.806176351349486e-07
74400.00000000009 1.455617554513642e-07
74450.00000000009 1.130027781447851e-07
74500.00000000009 1.2918390524764927e-07
74550.00000000009 1.531456518700987e-07
74600.00000000009 1.2979216953721276e-07
74650.00000000009 1.2702702380646938e-07
74700.00000000009 9.867394831455538e-08
74750.00000000009 1.410047112596193e-07
74800.00000000009 1.2193088670704465e-07
74850.00000000009 8.579292147444243e-08
74900.00000000009 1.973794664465895e-07
74950.00000000009 1.978867125724559e-07
75000.00000000009 1.6403277297641656e-07
75050.00000000009 1.505760045150028e-07
75100.00000000009 2.187836460474138e-07
75150.00000000009 1.8260873206293042e-07
75200.00000000009 2.0606237604699135e-07
75250.00000000009 1.9642139832558848e-07
75300.00000000009 2.016320218074681e-07
75350.00000000009 1.2250598065273056e-07
75400.00000000009 1.8669526526994755e-07
75450.00000000009 1.7269880335230996e-07
75500.00000000009 1.6041326103728085e-07
75550.00000000009 1.9618349544895091e-07
75600.00000000009 2.496795892783406e-07
75650.00000000009 1.7074286786217128e-07
75700.00000000009 1.573130311636961e-07
75750.00000000009 1.2078305673867358e-07
75800.00000000009 1.7073145577404677e-07
75850.00000000009 2.0095290759296252e-07
75900.00000000009 1.653534872461566e-07
75950.00000000009 1.4687931093913747e-07
76000.00000000009 1.530273323683921e-07
76050.00000000009 1.685061012291942e-07
76100.00000000009 1.44142913367039e-07
76150.00000000009 1.739765256818865e-07
76200.00000000009 1.8129210420858196e-07
76250.00000000009 2.4360985395810347e-07
76300.00000000009 2.2577094246414183e-07
76350.00000000009 3.0244380822249856e-07
76400.00000000009 2.2589525550677107e-07
76450.00000000009 2.0217311743315787e-07
76500.00000000009 1.8474534908194636e-07
76550.00000000009 1.7751775619572264e-07
76600.00000000009 9.720413165088808e-08
76650.00000000009 1.0431546432012298e-07
76700.00000000009 1.2624875399312722e-07
76750.00000000009 1.1216525808166245e-07
76800.00000000009 1.6335445465139557e-07
76850.00000000009 7.40589037821511e-08
76900.00000000009 9.283987340320362e-08
76950.00000000009 1.248099325467304e-07
77000.00000000009 1.4329557804749988e-07
77050.00000000009 1.007806161334527e-07
77100.00000000009 9.959141741125672e-08
77150.00000000009 1.391539273139837e-07
77200.00000000009 1.3461730315041832e-07
77250.00000000009 1.4300103219171877e-07
77300.00000000009 1.3508987798089944e-07
77350.00000000009 9.384739930408228e-08
77400.00000000009 7.953957117084635e-08
77450.00000000009 9.17546271236841e-08
77500.00000000009 1.1612822128438476e-07
77550.00000000009 1.2615596851490503e-07
77600.00000000009 1.3160865111738643e-07
77650.00000000009 1.2520049506222e-07
77700.00000000009 1.0191849799413786e-07
77750.00000000009 1.5717279339318538e-07
77800.00000000009 1.2909982624745214e-07
77850.00000000009 1.8600348233618447e-07
77900.00000000009 1.5923681036650836e-07
77950.00000000009 1.0733165296551677e-07
78000.00000000009 1.3672129524482736e-07
78050.00000000009 1.4424258243221177e-07
78100.00000000009 1.0735466934107559e-07
78150.00000000009 1.6456741046619457e-07
78200.00000000009 1.7260998891015198e-07
78250.00000000009 1.9705356115590357e-07
78300.00000000009 1.8910266513667334e-07
78350.00000000009 1.7609187481756282e-07
78400.00000000009 1.546174564015604e-07
78450.00000000009 2.0563094688305526e-07
78500.00000000009 1.9170995507651639e-07
78550.00000000009 1.8171727753367198e-07
78600.00000000009 1.5886927535534145e-07
78650.00000000009 8.075832728291866e-08
78700.00000000009 1.4749207654602946e-07
78750.00000000009 1.389803855073729e-07
78800.00000000009 1.8030616540468014e-07
78850.00000000009 1.2388687025780986e-07
78900.00000000009 1.5838058198124377e-07
78950.00000000009 1.2962267788728034e-07
79000.00000000009 1.4495407099127827e-07
79050.00000000009 1.4541340178175294e-07
79100.00000000009 1.483252273104395e-07
79150.00000000009 1.7060056184245609e-07
79200.00000000009 2.1490956660716258e-07
79250.00000000009 1.7519207726462475e-07
79300.00000000009 1.2521820094987467e-07
79350.00000000009 1.8384823841444894e-07
79400.00000000009 1.454794792886998e-07
79450.00000000009 1.7014615011013528e-07
79500.00000000009 2.3639199908254922e-07
79550.00000000009 1.8572785634576567e-07
79600.00000000009 1.311328222770353e-07
79650.00000000009 1.592378689024504e-07
79700.00000000009 2.262163169434912e-07
79750.00000000009 1.9766227146374786e-07
79800.00000000009 1.7375195415659916e-07
79850.00000000009 1.6578922729538525e-07
79900.00000000009 2.5572414419721057e-07
79950.00000000009 1.8212981545362494e-07
