galfind/configs/Brown_Dwarf_templates/sonora_cholla/logkzz7/56g/1100K_56g_logkzz7_resample.dat
# %ECSV 1.0
# ---
# datatype:
# - {name: wav, unit: Angstrom, datatype: float64}
# - {name: flux_nu, unit: erg / (cm2 Hz s), datatype: float64}
# schema: astropy-2.0
wav flux_nu
[from data line 775]
48750.000000000095 1.1958794166367337e-07
48800.000000000095 1.829307521819474e-07
48850.000000000095 1.4195272768720568e-07
48900.000000000095 2.0046032907399808e-07
48950.000000000095 1.747283976655145e-07
49000.000000000095 1.5323857614910677e-07
49050.000000000095 1.870474821428617e-07
49100.000000000095 1.3508807926038663e-07
49150.000000000095 2.1463604003069566e-07
49200.000000000095 1.4684203412128715e-07
49250.000000000095 2.2033288841053165e-07
49300.000000000095 1.6745781985932956e-07
49350.000000000095 1.8524182922421335e-07
49400.000000000095 2.2400478319146836e-07
49450.000000000095 1.92632730274163e-07
49500.000000000095 1.9860323296635095e-07
49550.000000000095 1.3479459846878333e-07
49600.000000000095 2.0677203636111777e-07
49650.000000000095 1.8186949131889558e-07
49700.000000000095 1.6238054550433964e-07
49750.000000000095 2.75992983050461e-07
49800.000000000095 1.6615729561402939e-07
49850.000000000095 2.9742695390021904e-07
49900.000000000095 2.1427357223606595e-07
49950.000000000095 2.5360537254275685e-07
50000.000000000095 2.762387434233626e-07
50050.000000000095 2.405106065575971e-07
50100.000000000095 3.3520909972643616e-07
50150.000000000095 1.690052373368346e-07
50200.000000000095 1.395687331154825e-07
50250.000000000095 2.836208589168337e-07
50300.000000000095 1.9921539277484723e-07
50350.000000000095 2.673521536020278e-07
50400.000000000095 2.438390684904781e-07
50450.000000000095 2.550009404310524e-07
50500.000000000095 3.0280081863564475e-07
50550.000000000095 2.557431181836677e-07
50600.000000000095 3.0834043988383613e-07
50650.000000000095 2.6493068957729667e-07
50700.000000000095 3.52638750906038e-07
50750.000000000095 3.6310868175768104e-07
50800.000000000095 1.8626472595338428e-07
50850.000000000095 2.3516315531244981e-07
50900.000000000095 3.3861316060413504e-07
50950.000000000095 3.7295743937614504e-07
51000.000000000095 3.2762271413199676e-07
51050.000000000095 2.883880262706315e-07
51100.000000000095 2.0865143013503744e-07
51150.000000000095 2.535289407093517e-07
51200.000000000095 3.498710896586063e-07
51250.000000000095 3.4972863336391676e-07
51300.000000000095 2.219405576011834e-07
51350.000000000095 2.9808915915210405e-07
51400.000000000095 2.500262884758684e-07
51450.000000000095 2.1251914827535107e-07
51500.000000000095 1.938807804985615e-07
51550.000000000095 3.429375507037038e-07
51600.000000000095 2.2979535219296282e-07
51650.000000000095 3.2724834424479564e-07
51700.000000000095 3.2907683754046207e-07
51750.000000000095 2.2518009929935076e-07
51800.000000000095 4.273126389390252e-07
51850.000000000095 3.159529253757536e-07
51900.000000000095 4.074345661797291e-07
51950.000000000095 3.581063904117444e-07
52000.000000000095 1.4853886312856966e-07
52050.000000000095 2.4130478539403096e-07
52100.000000000095 2.3524371322809523e-07
52150.000000000095 1.9845399341741896e-07
52200.000000000095 2.249630047914276e-07
52250.000000000095 2.4185732082164466e-07
52300.000000000095 3.765193598001173e-07
52350.000000000095 3.001533682876865e-07
52400.000000000095 2.25009381673234e-07
52450.000000000095 3.449530638307492e-07
52500.000000000095 3.1224288628986133e-07
52550.000000000095 3.3613952700057696e-07
52600.000000000095 2.555100793943621e-07
52650.000000000095 3.391060744722014e-07
52700.000000000095 2.5580111457958327e-07
52750.000000000095 2.1625639253893802e-07
52800.000000000095 2.225194623958687e-07
52850.000000000095 2.6852777670256615e-07
52900.000000000095 2.1076582606902646e-07
52950.000000000095 2.1498027081145734e-07
53000.000000000095 4.063812792062182e-07
53050.000000000095 1.9052147660821433e-07
53100.000000000095 3.6294662493004703e-07
53150.000000000095 3.9704632384875446e-07
53200.000000000095 2.030627317475196e-07
53250.000000000095 3.786268000047722e-07
53300.000000000095 3.802663527897298e-07
53350.000000000095 3.426843240245222e-07
53400.000000000095 3.892056306544475e-07
53450.000000000095 2.024723669881549e-07
53500.000000000095 1.360082073513649e-07
53550.000000000095 2.050907891636506e-07
53600.000000000095 2.788223853692557e-07
53650.000000000095 2.366085510528935e-07
53700.000000000095 2.1896088156751614e-07
53750.000000000095 2.3021533263553545e-07
53800.000000000095 2.3551210665964407e-07
53850.000000000095 2.9873112410864746e-07
53900.000000000095 2.586520441342775e-07
53950.000000000095 3.5176318887594196e-07
54000.000000000095 2.6170759891492677e-07
54050.000000000095 2.5725504818179534e-07
54100.000000000095 1.4638410046038924e-07
54150.000000000095 2.072617053453155e-07
54200.000000000095 1.1284562948908869e-07
54250.000000000095 1.221509925380833e-07
54300.000000000095 2.049190362889823e-07
54350.000000000095 2.63210136605618e-07
54400.000000000095 2.71479918421917e-07
54450.000000000095 2.2405859809788536e-07
54500.000000000095 2.1300090137246516e-07
54550.000000000095 1.7861882031550305e-07
54600.000000000095 2.255697929972551e-07
54650.000000000095 1.3742877712230292e-07
54700.000000000095 2.579128499319351e-07
54750.000000000095 2.6190576957744803e-07
54800.000000000095 1.9274063513467145e-07
54850.000000000095 2.2481051255007973e-07
54900.000000000095 2.8578332681876556e-07
54950.000000000095 3.8260038181577913e-07
55000.000000000095 1.854696536232784e-07
55050.000000000095 2.505738636344435e-07
55100.000000000095 2.0271800380660935e-07
55150.000000000095 1.8947874875355247e-07
55200.000000000095 1.8484593973060446e-07
55250.000000000095 2.0592554991051896e-07
55300.000000000095 1.5698647697398358e-07
55350.000000000095 2.2797114081873562e-07
55400.000000000095 2.965184981248101e-07
55450.000000000095 2.25626984629925e-07
55500.000000000095 1.2779237802656555e-07
55550.000000000095 1.7346310273079774e-07
55600.000000000095 1.6646063904448494e-07
55650.000000000095 1.3644275865127415e-07
55700.000000000095 1.837795044354263e-07
55750.000000000095 2.1487286870582765e-07
55800.000000000095 1.5029065746100505e-07
55850.000000000095 1.3792336435458743e-07
55900.000000000095 2.439712924375017e-07
55950.000000000095 3.3037898057948666e-07
56000.000000000095 1.5268563488651047e-07
56050.000000000095 2.1183128450299022e-07
56100.000000000095 2.388154384958817e-07
56150.000000000095 1.7528951089449215e-07
56200.000000000095 1.996883580168795e-07
56250.000000000095 1.8838534744430006e-07
56300.000000000095 2.1414437925723095e-07
56350.000000000095 2.1940167946712509e-07
56400.000000000095 1.5469970629405312e-07
56450.000000000095 1.3657102248610327e-07
56500.000000000095 1.5010753995035557e-07
56550.000000000095 1.1538196668696025e-07
56600.000000000095 2.2416861826671862e-07
56650.000000000095 2.1457241055066218e-07
56700.000000000095 2.4320067273321333e-07
56750.000000000095 1.3384172794055974e-07
56800.000000000095 2.421816394525212e-07
56850.000000000095 1.8990146453048002e-07
56900.000000000095 1.6148110933150404e-07
56950.000000000095 2.373110151806674e-07
57000.000000000095 2.4317208457664093e-07
57050.000000000095 1.7467664795768445e-07
57100.000000000095 9.919749522944175e-08
57150.000000000095 1.3365781827198706e-07
57200.000000000095 1.1263967609677886e-07
57250.000000000095 1.667790406592366e-07
57300.000000000095 2.0600205365597043e-07
57350.000000000095 1.1573772325579993e-07
57400.000000000095 2.0613205792465026e-07
57450.000000000095 1.8492765081379834e-07
57500.000000000095 1.7983993739111747e-07
57550.000000000095 2.2695641686546183e-07
57600.000000000095 2.4400109630954975e-07
57650.000000000095 1.0253331901284737e-07
57700.000000000095 1.2649189192458786e-07
57750.000000000095 1.5562967161062861e-07
57800.000000000095 6.708289925996918e-08
57850.000000000095 2.706283133554786e-07
57900.000000000095 3.1626101453500033e-07
57950.000000000095 2.8265034354877246e-07
58000.000000000095 1.4317015423049006e-07
58050.000000000095 2.134212983281723e-07
58100.000000000095 2.586303834263807e-07
58150.000000000095 1.9663556327355505e-07
58200.000000000095 1.0951171416290355e-07
58250.000000000095 1.448476295268005e-07
58300.000000000095 1.1911664918875598e-07
58350.000000000095 1.4552747009073267e-07
58400.000000000095 1.9444461547661967e-07
58450.000000000095 2.0616348162974447e-07
58500.000000000095 1.8309137776348403e-07
58550.000000000095 2.1349089528063721e-07
58600.000000000095 1.3086413942982706e-07
58650.000000000095 1.663253346553548e-07
58700.000000000095 1.6708926453489585e-07
58750.000000000095 1.6794507170027454e-07
58800.000000000095 9.342964488421193e-08
58850.000000000095 1.5389510398820022e-07
58900.000000000095 1.9986947496889502e-07
58950.000000000095 1.2420797337713653e-07
59000.000000000095 1.8871727978661386e-07
59050.000000000095 2.1372179742925956e-07
59100.000000000095 2.6178491542411146e-07
59150.000000000095 1.8521898845157626e-07
59200.000000000095 1.9622131311252999e-07
59250.000000000095 2.0767490077076014e-07
59300.000000000095 1.9423005974813027e-07
59350.000000000095 1.0499184132761544e-07
59400.000000000095 8.159059499096726e-08
59450.000000000095 1.691488560976922e-07
59500.000000000095 1.071174980074338e-07
59550.000000000095 2.251420359436121e-07
59600.000000000095 2.0877046243545148e-07
59650.000000000095 1.93137176163353e-07
59700.000000000095 1.3337335244015963e-07
59750.000000000095 2.739514171090557e-07
59800.000000000095 1.7374835076488843e-07
59850.000000000095 2.2143996347322868e-07
59900.000000000095 1.1728288123639711e-07
59950.000000000095 1.9360959151377826e-07
60000.000000000095 3.0526796700170366e-07
60050.000000000095 2.5634207770846783e-07
60100.000000000095 2.629958511272419e-07
60150.000000000095 1.8115395833320936e-07
60200.000000000095 2.100200007415977e-07
60250.000000000095 2.5350476341950165e-07
60300.000000000095 2.3249271746364413e-07
60350.000000000095 1.7086315300892125e-07
60400.000000000095 2.0027607140317313e-07
60450.000000000095 1.1969258453862813e-07
60500.000000000095 8.041886611693724e-08
60550.000000000095 2.1799588097455995e-07
60600.000000000095 2.1330615665031675e-07
60650.000000000095 1.8110785393397895e-07
60700.000000000095 1.646090024566405e-07
60750.000000000095 1.2482831499132568e-07
60800.000000000095 2.3449740351271618e-07
60850.000000000095 3.1097382022661067e-07
60900.000000000095 2.9060503961740013e-07
60950.000000000095 2.733805656567048e-07
61000.000000000095 2.0712137003590494e-07
61050.000000000095 1.4631216626759651e-07
61100.000000000095 2.101938273494238e-07
61150.000000000095 8.189891738858563e-08
61200.000000000095 2.8641768374946614e-07
61250.000000000095 3.323891438336866e-07
61300.000000000095 3.026651684489339e-07
61350.000000000095 3.269728073194701e-07
61400.000000000095 2.2919927087489756e-07
61450.000000000095 1.5822264063289644e-07
61500.000000000095 1.8735403829560942e-07
61550.000000000095 1.5657702101615703e-07
61600.000000000095 1.1156271892159948e-07
61650.000000000095 2.0051729417556569e-07
61700.000000000095 1.6556356587919486e-07
61750.000000000095 1.935633513236372e-07
61800.000000000095 2.3045845102959491e-07
61850.000000000095 1.4561384705765817e-07
61900.000000000095 2.568976140653026e-07
61950.000000000095 2.9730690517860246e-07
62000.000000000095 2.5228930388351535e-07
62050.000000000095 2.58751104545921e-07
62100.000000000095 2.788031343500287e-07
62150.000000000095 2.718003152828839e-07
62200.000000000095 2.385283373558791e-07
62250.000000000095 2.5608542253338885e-07
62300.000000000095 3.4941945230166283e-07
62350.000000000095 2.943532251231902e-07
62400.000000000095 1.7614137356411917e-07
62450.000000000095 2.2475206156873748e-07
62500.000000000095 3.1925198564102983e-07
62550.000000000095 2.9818714263199675e-07
62600.000000000095 3.368952399421338e-07
62650.000000000095 2.50551776107304e-07
62700.000000000095 2.9102357660711676e-07
62750.000000000095 3.548409726036201e-07
62800.000000000095 2.1339400853337378e-07
62850.000000000095 3.046871175388439e-07
62900.000000000095 2.3811985105308218e-07
62950.000000000095 3.0257116319228715e-07
63000.000000000095 3.020031597798388e-07
63050.000000000095 3.9907143651923666e-07
63100.000000000095 3.458016942706214e-07
63150.000000000095 2.3319519644898235e-07
63200.000000000095 3.189944255762492e-07
63250.000000000095 3.006940074253992e-07
63300.000000000095 3.287918463225575e-07
63350.000000000095 2.8035622179907194e-07
63400.000000000095 1.6690336795688195e-07
63450.000000000095 1.4805696817959965e-07
63500.000000000095 2.870595232530536e-07
63550.000000000095 2.4871380871345977e-07
63600.000000000095 3.311073953671141e-07
63650.000000000095 2.2931372172814362e-07
63700.000000000095 1.56695529130043e-07
63750.000000000095 2.309382524128469e-07
63800.000000000095 2.4233684304459154e-07
63850.000000000095 2.3983846442971913e-07
63900.000000000095 1.684693226983554e-07
63950.000000000095 2.667899335870015e-07
64000.000000000095 2.844049764907603e-07
64050.000000000095 1.956145795797206e-07
64100.000000000095 7.962640592795624e-08
64150.000000000095 1.1099519855039363e-07
64200.000000000095 1.3560593085028726e-07
64250.000000000095 2.0754177300363178e-07
64300.000000000095 1.6225502429753957e-07
64350.000000000095 1.440185396375088e-07
64400.000000000095 2.2477035853320173e-07
64450.000000000095 2.342669163330372e-07
64500.000000000095 1.3410609504021135e-07
64550.000000000095 2.116016002261681e-07
64600.000000000095 1.331531624317196e-07
64650.000000000095 1.8286304533053528e-07
64700.000000000095 1.0721930250338279e-07
64750.000000000095 1.3330405425961051e-07
64800.000000000095 1.3409627442771876e-07
64850.000000000095 1.201913838114256e-07
64900.000000000095 1.4266654830946562e-07
64950.000000000095 1.2520500560652539e-07
65000.000000000095 1.4968065651872655e-07
65050.000000000095 1.630024977777178e-07
65100.000000000095 1.8829901905682098e-07
65150.000000000095 1.4054993113939244e-07
65200.000000000095 1.102367268318989e-07
65250.000000000095 1.7586557768839468e-07
65300.000000000095 1.350758471846679e-07
65350.000000000095 2.7285401169886555e-07
65400.000000000095 1.4364555677447316e-07
65450.000000000095 1.4999085966918777e-07
65500.000000000095 1.728129386170382e-07
65550.00000000009 1.1519708757168995e-07
65600.00000000009 1.4119389686975694e-07
65650.00000000009 1.5237722381271062e-07
65700.00000000009 1.3599401924579812e-07
65750.00000000009 1.1569773140416713e-07
65800.00000000009 1.6078491407497713e-07
65850.00000000009 1.8738904249822227e-07
65900.00000000009 1.1490171595158057e-07
65950.00000000009 9.265731018649244e-08
66000.00000000009 1.379507349958793e-07
66050.00000000009 2.3058160354474296e-07
66100.00000000009 1.5153121939785374e-07
66150.00000000009 1.0800748572097172e-07
66200.00000000009 1.1390711772978151e-07
66250.00000000009 1.0958845854014389e-07
66300.00000000009 5.974779423306333e-08
66350.00000000009 8.656937829970065e-08
66400.00000000009 1.0480496279601186e-07
66450.00000000009 1.7676270621143816e-07
66500.00000000009 2.2062602140310306e-07
66550.00000000009 2.2008410357418826e-07
66600.00000000009 1.6682218903959925e-07
66650.00000000009 1.708024060843583e-07
66700.00000000009 1.4077092180290824e-07
66750.00000000009 1.2827279643247816e-07
66800.00000000009 1.6685891481320682e-07
66850.00000000009 1.2001055839608694e-07
66900.00000000009 1.804941268737431e-07
66950.00000000009 2.305340310070476e-07
67000.00000000009 2.1017280933923189e-07
67050.00000000009 1.5480714085100667e-07
67100.00000000009 1.2673088556462772e-07
67150.00000000009 1.398146248160943e-07
67200.00000000009 1.548942007313982e-07
67250.00000000009 1.5953067760899275e-07
67300.00000000009 1.7003467418340615e-07
67350.00000000009 1.1820528604005972e-07
67400.00000000009 2.326060139675756e-07
67450.00000000009 1.8361775603198276e-07
67500.00000000009 1.5837868424177376e-07
67550.00000000009 1.9122040927783217e-07
67600.00000000009 2.870074725690802e-07
67650.00000000009 2.224752903139349e-07
67700.00000000009 1.772870510750175e-07
67750.00000000009 1.55243718771818e-07
67800.00000000009 2.0198405545983757e-07
67850.00000000009 1.2491913664380634e-07
67900.00000000009 1.6097234392487093e-07
67950.00000000009 1.0968552961201007e-07
