galfind/configs/Brown_Dwarf_templates/sonora_cholla/logkzz7/56g/1150K_56g_logkzz7_resample.dat
# %ECSV 1.0
# ---
# datatype:
# - {name: wav, unit: Angstrom, datatype: float64}
# - {name: flux_nu, unit: erg / (cm2 Hz s), datatype: float64}
# schema: astropy-2.0
wav flux_nu
[from data line 1160]
68000.00000000009 1.7116068340793456e-07
68050.00000000009 2.5226949989649115e-07
68100.00000000009 2.453104199519936e-07
68150.00000000009 1.9128421034024242e-07
68200.00000000009 2.1013540721842133e-07
68250.00000000009 1.0781693079384959e-07
68300.00000000009 1.8977713506618573e-07
68350.00000000009 1.1488804716900422e-07
68400.00000000009 2.464539138297625e-07
68450.00000000009 2.409334118334877e-07
68500.00000000009 2.059850612884429e-07
68550.00000000009 1.466309304765214e-07
68600.00000000009 1.5845840484863187e-07
68650.00000000009 1.1465836795971788e-07
68700.00000000009 1.727580869433571e-07
68750.00000000009 2.0769479476949182e-07
68800.00000000009 2.2693063719757418e-07
68850.00000000009 1.2705498988782844e-07
68900.00000000009 2.702246464875514e-07
68950.00000000009 3.005330334595455e-07
69000.00000000009 2.8974462848812116e-07
69050.00000000009 1.7818434813244937e-07
69100.00000000009 2.686406006774173e-07
69150.00000000009 3.172282993157953e-07
69200.00000000009 1.9818606434615269e-07
69250.00000000009 2.842582806834822e-07
69300.00000000009 2.53259727574953e-07
69350.00000000009 2.607138721509141e-07
69400.00000000009 1.6394710810549674e-07
69450.00000000009 2.871203200400333e-07
69500.00000000009 1.912691104054699e-07
69550.00000000009 2.1280323797138055e-07
69600.00000000009 8.961973020696448e-08
69650.00000000009 1.9019143905791055e-07
69700.00000000009 2.531678940918911e-07
69750.00000000009 2.0456177804950547e-07
69800.00000000009 2.5000025465632984e-07
69850.00000000009 2.7582327369538483e-07
69900.00000000009 1.7325147098526285e-07
69950.00000000009 2.249047274699188e-07
70000.00000000009 1.7888132271367365e-07
70050.00000000009 2.5815138976883775e-07
70100.00000000009 2.042395655810616e-07
70150.00000000009 2.433795681612258e-07
70200.00000000009 1.7789010015764027e-07
70250.00000000009 2.120333977917279e-07
70300.00000000009 2.5765238456949424e-07
70350.00000000009 1.942711549416952e-07
70400.00000000009 1.9009407618952555e-07
70450.00000000009 1.0138219052029589e-07
70500.00000000009 1.4955411474526917e-07
70550.00000000009 1.5769941529055714e-07
70600.00000000009 1.7757808672209474e-07
70650.00000000009 2.2168925416334757e-07
70700.00000000009 2.2472332208370837e-07
70750.00000000009 2.680319674789001e-07
70800.00000000009 1.875943379062251e-07
70850.00000000009 1.7353826045635826e-07
70900.00000000009 1.77147027893003e-07
70950.00000000009 2.5544398943941495e-07
71000.00000000009 2.2263020943044954e-07
71050.00000000009 2.486940088390373e-07
71100.00000000009 2.1777317105647088e-07
71150.00000000009 2.0338505252003386e-07
71200.00000000009 1.7436627214948998e-07
71250.00000000009 2.1237261451753652e-07
71300.00000000009 2.589498635656015e-07
71350.00000000009 2.1890695134167787e-07
71400.00000000009 2.2270487112702952e-07
71450.00000000009 1.409852049997719e-07
71500.00000000009 1.8222786101338278e-07
71550.00000000009 1.8423520167760894e-07
71600.00000000009 2.0871616231202503e-07
71650.00000000009 1.8396537317968983e-07
71700.00000000009 1.5441608284707438e-07
71750.00000000009 2.0913854898553396e-07
71800.00000000009 2.683245091867409e-07
71850.00000000009 2.5682340063372283e-07
71900.00000000009 1.6786239545230527e-07
71950.00000000009 2.125618115428511e-07
72000.00000000009 1.967869298778566e-07
72050.00000000009 1.4362456868676162e-07
72100.00000000009 1.7193047666022384e-07
72150.00000000009 1.897345797757636e-07
72200.00000000009 2.1496798080468366e-07
72250.00000000009 2.225144134918756e-07
72300.00000000009 2.2138538450643344e-07
72350.00000000009 1.895001186193316e-07
72400.00000000009 1.7985693221559234e-07
72450.00000000009 1.7044790243103927e-07
72500.00000000009 1.834842241288827e-07
72550.00000000009 1.255105471954247e-07
72600.00000000009 1.1850582163091836e-07
72650.00000000009 2.478996360746418e-07
72700.00000000009 2.2454736014192862e-07
72750.00000000009 1.7896451248245842e-07
72800.00000000009 1.7707137820090923e-07
72850.00000000009 1.8488041116637446e-07
72900.00000000009 2.2093403761169529e-07
72950.00000000009 1.836700995010629e-07
73000.00000000009 2.032885091590168e-07
73050.00000000009 1.771787490542318e-07
73100.00000000009 1.7819485800803705e-07
73150.00000000009 2.815185132530008e-07
73200.00000000009 1.957527499905686e-07
73250.00000000009 2.0947268899308437e-07
73300.00000000009 2.074920447591058e-07
73350.00000000009 1.4620451851964468e-07
73400.00000000009 1.8166925669345506e-07
73450.00000000009 1.222399957681058e-07
73500.00000000009 1.5412335600699504e-07
73550.00000000009 1.8271065055976239e-07
73600.00000000009 1.4375429582704468e-07
73650.00000000009 1.8876116329687717e-07
73700.00000000009 2.309341921695201e-07
73750.00000000009 1.617795074005923e-07
73800.00000000009 1.6198055271794917e-07
73850.00000000009 2.055969131575897e-07
73900.00000000009 2.2842928643004497e-07
73950.00000000009 1.879676885568167e-07
74000.00000000009 1.8995015843857666e-07
74050.00000000009 2.8352120060241973e-07
74100.00000000009 1.6981166524756215e-07
74150.00000000009 2.0360745383051777e-07
74200.00000000009 1.7929884718426145e-07
74250.00000000009 1.4230983465884215e-07
74300.00000000009 1.8691173909042977e-07
74350.00000000009 2.0687435024319865e-07
74400.00000000009 1.6487430774306254e-07
74450.00000000009 1.3698580528817637e-07
74500.00000000009 1.5704276991611618e-07
74550.00000000009 1.81248713034933e-07
74600.00000000009 1.4922117337035057e-07
74650.00000000009 1.461626791006682e-07
74700.00000000009 1.1398700905035639e-07
74750.00000000009 1.6610549983754186e-07
74800.00000000009 1.4004671763648707e-07
74850.00000000009 1.0262781098196361e-07
74900.00000000009 2.28089495430081e-07
74950.00000000009 2.2991783659172898e-07
75000.00000000009 1.9153507769478588e-07
75050.00000000009 1.8839163939882406e-07
75100.00000000009 2.547328058374733e-07
75150.00000000009 2.211056538249824e-07
75200.00000000009 2.388675942858095e-07
75250.00000000009 2.2840377530304456e-07
75300.00000000009 2.3123370164279262e-07
75350.00000000009 1.4683833614126316e-07
75400.00000000009 2.1059689894345263e-07
75450.00000000009 1.9987236816562953e-07
75500.00000000009 1.8459094433962596e-07
75550.00000000009 2.22733078247455e-07
75600.00000000009 2.8463401781551606e-07
75650.00000000009 1.997714683006308e-07
75700.00000000009 1.8107828776770372e-07
75750.00000000009 1.4659205726338044e-07
75800.00000000009 1.9637682656834697e-07
75850.00000000009 2.2447171493517842e-07
75900.00000000009 1.861990326169219e-07
75950.00000000009 1.676407315987793e-07
76000.00000000009 1.744959137666419e-07
76050.00000000009 1.8923222697458794e-07
76100.00000000009 1.6285048331909098e-07
76150.00000000009 1.950419399169243e-07
76200.00000000009 2.0459235867670456e-07
76250.00000000009 2.8037079076357423e-07
76300.00000000009 2.4848888154263386e-07
76350.00000000009 3.3959561540859363e-07
76400.00000000009 2.5426324896461963e-07
76450.00000000009 2.2576520161109824e-07
76500.00000000009 2.132007375580853e-07
76550.00000000009 2.0301320034303434e-07
76600.00000000009 1.2010566891233711e-07
76650.00000000009 1.2818634506128904e-07
76700.00000000009 1.5502629786924897e-07
76750.00000000009 1.4026757209049063e-07
76800.00000000009 1.9360416808050444e-07
76850.00000000009 9.013082049303174e-08
76900.00000000009 1.2122595963826782e-07
76950.00000000009 1.484598339632423e-07
77000.00000000009 1.7280261427631045e-07
77050.00000000009 1.2325957121218664e-07
77100.00000000009 1.1736003476941437e-07
77150.00000000009 1.5653335180977413e-07
77200.00000000009 1.6499934187853611e-07
77250.00000000009 1.6902265221521355e-07
77300.00000000009 1.5976511818994908e-07
77350.00000000009 1.1444024901690326e-07
77400.00000000009 9.344117450069745e-08
77450.00000000009 1.1020895398720554e-07
77500.00000000009 1.4464354748034898e-07
77550.00000000009 1.5063140092285975e-07
77600.00000000009 1.552469870755949e-07
77650.00000000009 1.4669824919121733e-07
77700.00000000009 1.2292142555622105e-07
77750.00000000009 1.823287922140307e-07
77800.00000000009 1.5878979142879359e-07
77850.00000000009 2.1445783906296692e-07
77900.00000000009 1.8908378673350906e-07
77950.00000000009 1.3246697092606122e-07
78000.00000000009 1.6900582421874398e-07
78050.00000000009 1.6679577891148326e-07
78100.00000000009 1.2379632842143106e-07
78150.00000000009 1.889450309666649e-07
78200.00000000009 2.0162022370966725e-07
78250.00000000009 2.3071985451702498e-07
78300.00000000009 2.201554895429103e-07
78350.00000000009 2.0910844925212175e-07
78400.00000000009 1.8333901397499045e-07
78450.00000000009 2.370307879015896e-07
78500.00000000009 2.2358797993143942e-07
78550.00000000009 2.0383153616720029e-07
78600.00000000009 1.8072790802411827e-07
78650.00000000009 9.51020800952645e-08
78700.00000000009 1.7551831631391772e-07
78750.00000000009 1.6835917859997767e-07
78800.00000000009 2.088099660919632e-07
78850.00000000009 1.421907446277395e-07
78900.00000000009 1.7928083453454127e-07
78950.00000000009 1.4819294880046525e-07
79000.00000000009 1.7033457111891488e-07
79050.00000000009 1.7504233901817317e-07
79100.00000000009 1.697782308511216e-07
79150.00000000009 2.0050171142331024e-07
79200.00000000009 2.53207651383545e-07
79250.00000000009 2.0480064692718156e-07
79300.00000000009 1.4502084422886214e-07
79350.00000000009 2.1445399790059435e-07
79400.00000000009 1.6607915977590098e-07
79450.00000000009 1.9976920421986023e-07
79500.00000000009 2.6734882467787257e-07
79550.00000000009 2.1143688180291456e-07
79600.00000000009 1.5481140796120538e-07
79650.00000000009 1.821091040851964e-07
79700.00000000009 2.647449701548089e-07
79750.00000000009 2.2626177631772508e-07
79800.00000000009 2.030152730694729e-07
79850.00000000009 1.9552770753391888e-07
79900.00000000009 2.914028549150316e-07
79950.00000000009 2.13328639192626e-07
