galfind/configs/Brown_Dwarf_templates/sonora_cholla/logkzz7/56g/1200K_56g_logkzz7_resample.dat
# %ECSV 1.0
# ---
# datatype:
# - {name: wav, unit: Angstrom, datatype: float64}
# - {name: flux_nu, unit: erg / (cm2 Hz s), datatype: float64}
# schema: astropy-2.0
wav flux_nu
10000.000000000093 nan
10050.000000000093 2.077400254431822e-07
10100.000000000093 2.4682850227989776e-07
10150.000000000093 2.5729303088097994e-07
10200.000000000093 2.8567048060798525e-07
10250.000000000093 3.055581460867616e-07
10300.000000000093 3.065492785931462e-07
10350.000000000093 3.516176814428779e-07
10400.000000000093 3.9171418651615053e-07
10450.000000000093 3.934806885844202e-07
10500.000000000093 3.6967762578568354e-07
10550.000000000093 3.6528491296739376e-07
10600.000000000093 3.798731150224983e-07
10650.000000000093 4.172174059619289e-07
10700.000000000093 4.452752613027363e-07
10750.000000000093 4.790513951215913e-07
10800.000000000093 5.007019298161726e-07
10850.000000000093 5.404517252989746e-07
10900.000000000093 4.5225193295686386e-07
10950.000000000093 3.098889956142467e-07
11000.000000000093 2.7981970559461016e-07
11050.000000000093 2.3053882105884617e-07
11100.000000000093 2.1637865673077196e-07
11150.000000000093 1.7793078674364982e-07
11200.000000000093 1.7673483494326294e-07
11250.000000000093 2.1492395383682288e-07
11300.000000000093 2.03847949738228e-07
11350.000000000093 1.2210666103608946e-07
11400.000000000093 2.0969894666693346e-07
11450.000000000093 1.665481943580655e-07
11500.000000000093 2.129917778243147e-07
11550.000000000093 1.7574786087042687e-07
11600.000000000093 1.8628147572613369e-07
11650.000000000093 1.9508945612819134e-07
11700.000000000093 2.1099937466595676e-07
11750.000000000093 2.026153199000715e-07
11800.000000000093 2.3636885421653242e-07
11850.000000000093 2.7918981194624195e-07
11900.000000000093 2.899298494408888e-07
11950.000000000093 3.615936501611497e-07
12000.000000000093 3.737945444691133e-07
12050.000000000093 4.345686806101287e-07
12100.000000000093 4.6815580049207515e-07
12150.000000000093 4.99185633716313e-07
12200.000000000093 5.619176094958899e-07
12250.000000000093 6.207002241420588e-07
12300.000000000093 6.577191809108547e-07
12350.000000000093 6.923231529694845e-07
12400.000000000093 7.094976924820143e-07
12450.000000000093 7.889371174076421e-07
12500.000000000093 8.336367384475624e-07
12550.000000000093 8.701889652705031e-07
12600.000000000093 8.770007801976263e-07
12650.000000000093 8.761771037574834e-07
12700.000000000093 9.217416221324402e-07
12750.000000000093 8.763741826792262e-07
12800.000000000093 9.051039166640749e-07
12850.000000000093 8.280659530838534e-07
12900.000000000093 7.601506288017247e-07
12950.000000000093 8.10733446676334e-07
13000.000000000093 8.014997175687449e-07
13050.000000000093 7.955180418082592e-07
13100.000000000093 7.358755073864135e-07
13150.000000000093 6.65679015457762e-07
13200.000000000093 6.389506724695614e-07
13250.000000000093 5.225150767373079e-07
13300.000000000093 3.1815005334298085e-07
13350.000000000093 1.2389522657517173e-07
13400.000000000093 7.148155817741174e-08
13450.000000000093 4.577081281607135e-08
13500.000000000093 2.92188799265789e-08
13550.000000000093 2.560442224899017e-08
13600.000000000093 1.9020159192818056e-08
13650.000000000093 3.975796814605725e-08
13700.000000000093 3.337301472607192e-08
13750.000000000093 3.5168347230519814e-08
13800.000000000093 4.9375316898877106e-08
13850.000000000093 3.806281023816382e-08
13900.000000000093 4.064997252044993e-08
13950.000000000093 3.647847852643042e-08
14000.000000000093 3.2147270512610466e-08
14050.000000000093 3.8978447058902e-08
14100.000000000093 2.7989100384937103e-08
14150.000000000093 3.658556843156519e-08
14200.000000000093 2.9852057137601816e-08
14250.000000000093 2.929681642891454e-08
14300.000000000093 3.9131873938730906e-08
14350.000000000093 3.6715607963201716e-08
14400.000000000093 4.4607897297695124e-08
14450.000000000093 4.49649551998732e-08
14500.000000000093 7.43177583574071e-08
14550.000000000093 7.366053784372922e-08
14600.000000000093 9.149810962205725e-08
14650.000000000093 9.853710109575801e-08
14700.000000000093 7.189887386751046e-08
14750.000000000093 9.306996276746956e-08
14800.000000000093 1.1347162831921202e-07
14850.000000000093 1.1385782044703808e-07
14900.000000000093 1.2559112480934544e-07
14950.000000000093 1.343528234713784e-07
15000.000000000093 1.412555529030034e-07
15050.000000000093 1.7723947947733563e-07
15100.000000000093 1.9217569235979374e-07
15150.000000000093 2.084519570926058e-07
15200.000000000093 1.8615674988967153e-07
15250.000000000093 2.1986009822158382e-07
15300.000000000093 2.5479416868300184e-07
15350.000000000093 2.933036711131338e-07
15400.000000000093 3.153531077312545e-07
15450.000000000093 3.587729647634015e-07
15500.000000000093 3.7726847323631325e-07
15550.000000000093 4.264600229267672e-07
15600.000000000093 4.307636097241377e-07
15650.000000000093 4.555470556722085e-07
15700.000000000093 5.349332402644548e-07
15750.000000000093 5.756027173685927e-07
15800.000000000093 5.513139783784374e-07
15850.000000000093 6.120319946497169e-07
15900.000000000093 6.198426936017075e-07
15950.000000000093 6.489753063895091e-07
16000.000000000093 6.897391919343055e-07
16050.000000000093 7.127964693143744e-07
16100.000000000093 7.416997468049159e-07
16150.000000000093 6.806755574554356e-07
16200.000000000093 6.760489146925394e-07
16250.000000000093 7.033869705406022e-07
16300.000000000093 6.875624868078745e-07
16350.000000000093 7.173189702427169e-07
16400.000000000095 7.515522389690362e-07
16450.000000000095 7.526366640419882e-07
16500.000000000095 7.734529354621011e-07
16550.000000000095 7.552081911031256e-07
16600.000000000095 7.197837353379457e-07
16650.000000000095 7.240057907855607e-07
16700.000000000095 6.303714177989252e-07
16750.000000000095 6.761912904875011e-07
16800.000000000095 7.483578462900497e-07
16850.000000000095 7.103746425398969e-07
16900.000000000095 6.996775062865128e-07
16950.000000000095 6.468972628862672e-07
17000.000000000095 6.208011472705394e-07
17050.000000000095 6.463263548011161e-07
17100.000000000095 6.019674636613155e-07
17150.000000000095 5.274379653717461e-07
17200.000000000095 4.953667030719882e-07
17250.000000000095 4.432662671606965e-07
17300.000000000095 4.053272943907676e-07
17350.000000000095 3.9261146783513414e-07
17400.000000000095 3.644478816457424e-07
17450.000000000095 3.3076759538879866e-07
17500.000000000095 3.247605304542346e-07
17550.000000000095 2.806467507879341e-07
17600.000000000095 2.7757558426646227e-07
17650.000000000095 2.6689470460591644e-07
17700.000000000095 1.806982633658261e-07
17750.000000000095 1.6303343906873858e-07
17800.000000000095 1.9348838931363023e-07
17850.000000000095 1.255837615311996e-07
17900.000000000095 1.5196729983734694e-07
17950.000000000095 1.221622588931105e-07
18000.000000000095 1.2217717808552768e-07
18050.000000000095 1.1200744232195342e-07
18100.000000000095 9.536511998644995e-08
18150.000000000095 1.3285968037089483e-07
18200.000000000095 8.547267596745068e-08
18250.000000000095 1.5350869519613742e-07
18300.000000000095 1.0557980057765978e-07
18350.000000000095 9.773441144731331e-08
18400.000000000095 8.791434581683439e-08
18450.000000000095 8.822636503200933e-08
18500.000000000095 1.0227383483772256e-07
18550.000000000095 7.953211106524453e-08
18600.000000000095 6.393672926994558e-08
18650.000000000095 6.464186864832009e-08
18700.000000000095 6.927578273508506e-08
18750.000000000095 7.258292116663303e-08
18800.000000000095 1.1322952613436667e-07
18850.000000000095 1.3546549026707879e-07
18900.000000000095 1.249816700967197e-07
18950.000000000095 1.6772913107206679e-07
19000.000000000095 1.3647944593113457e-07
19050.000000000095 1.1160016590755872e-07
19100.000000000095 1.6064833058703497e-07
19150.000000000095 1.4216700514345432e-07
19200.000000000095 1.4492676829392095e-07
19250.000000000095 1.3464024981807548e-07
19300.000000000095 1.2373916753577723e-07
19350.000000000095 1.1041934414775243e-07
19400.000000000095 7.441467455418517e-08
19450.000000000095 1.2413169440747165e-07
19500.000000000095 1.1286274651997234e-07
19550.000000000095 9.122327916405836e-08
19600.000000000095 1.202023123126991e-07
19650.000000000095 1.2826421290527238e-07
19700.000000000095 1.3002289216575472e-07
19750.000000000095 1.2689094096505914e-07
19800.000000000095 1.4666063702479564e-07
19850.000000000095 1.6445781367288407e-07
19900.000000000095 1.2005329391313762e-07
19950.000000000095 1.829613672550384e-07
20000.000000000095 1.8138881390774138e-07
20050.000000000095 1.929441873573758e-07
20100.000000000095 2.0427493158078e-07
20150.000000000095 1.969410193470132e-07
20200.000000000095 2.3361048249322502e-07
20250.000000000095 2.5798696075471115e-07
20300.000000000095 2.3275053035379283e-07
20350.000000000095 2.6234858530557393e-07
20400.000000000095 2.640985624391711e-07
20450.000000000095 3.1461521279770613e-07
20500.000000000095 3.1899460011863775e-07
20550.000000000095 3.0385145356088435e-07
20600.000000000095 3.6315829125904975e-07
20650.000000000095 3.345831998196073e-07
20700.000000000095 3.4984732946082057e-07
20750.000000000095 3.9486435633197005e-07
20800.000000000095 3.915267158526993e-07
20850.000000000095 3.9002721367953844e-07
20900.000000000095 4.1748921178122295e-07
20950.000000000095 3.99234263288739e-07
21000.000000000095 4.332463643801991e-07
21050.000000000095 4.162582181563036e-07
21100.000000000095 4.3004394752974275e-07
21150.000000000095 4.31382592193457e-07
21200.000000000095 4.171376080772949e-07
21250.000000000095 4.380529869551273e-07
21300.000000000095 4.076840450888433e-07
21350.000000000095 4.3928050293489315e-07
21400.000000000095 3.975347304087652e-07
21450.000000000095 4.350974116195379e-07
21500.000000000095 4.2189824237072987e-07
21550.000000000095 4.130169454985654e-07
21600.000000000095 4.1709679697446775e-07
21650.000000000095 3.8747908037560535e-07
21700.000000000095 4.1765474970143445e-07
21750.000000000095 3.8834006093415743e-07
21800.000000000095 3.7693145760064013e-07
21850.000000000095 3.610246880995303e-07
21900.000000000095 3.6739949465094507e-07
21950.000000000095 2.9891463215370306e-07
22000.000000000095 2.654074233924533e-07
22050.000000000095 2.427792229096932e-07
22100.000000000095 2.7849167340494637e-07
22150.000000000095 2.844108691271641e-07
22200.000000000095 2.8325431928335613e-07
22250.000000000095 2.720044373727162e-07
22300.000000000095 2.7233075911436994e-07
22350.000000000095 2.6310129055604085e-07
22400.000000000095 2.618361684377777e-07
22450.000000000095 2.218400886952502e-07
22500.000000000095 2.4033459069306884e-07
22550.000000000095 2.169499361155477e-07
22600.000000000095 2.3261965980330935e-07
22650.000000000095 2.0939983360784936e-07
22700.000000000095 2.0482388618101734e-07
22750.000000000095 2.2557502613298501e-07
22800.000000000095 2.1182944100192316e-07
22850.000000000095 1.9639780877306196e-07
22900.000000000095 1.948406812191363e-07
22950.000000000095 1.5652871150226811e-07
23000.000000000095 1.2796417498627647e-07
23050.000000000095 1.5384430677600758e-07
23100.000000000095 1.636309167501558e-07
23150.000000000095 1.5833845267734188e-07
23200.000000000095 1.3079158250651894e-07
23250.000000000095 1.2626483550783292e-07
23300.000000000095 1.2495654882290823e-07
23350.000000000095 1.1847508562740148e-07
23400.000000000095 1.346726567109643e-07
23450.000000000095 1.300585874674452e-07
23500.000000000095 1.3187704284948e-07
23550.000000000095 1.560921266686319e-07
23600.000000000095 1.4931170934770878e-07
23650.000000000095 1.6103224167552938e-07
23700.000000000095 1.3354812744739392e-07
23750.000000000095 1.338625425359809e-07
23800.000000000095 1.331721133194457e-07
23850.000000000095 1.285341417509524e-07
23900.000000000095 1.604195682089087e-07
23950.000000000095 1.5775984508502577e-07
24000.000000000095 1.9805200223417754e-07
24050.000000000095 1.7628655025938775e-07
24100.000000000095 1.5792280371651116e-07
24150.000000000095 1.6805297456715287e-07
24200.000000000095 1.7242942863315899e-07
24250.000000000095 1.8527270650091965e-07
24300.000000000095 1.6215199165338568e-07
24350.000000000095 1.5943147117859677e-07
24400.000000000095 2.0112570090562173e-07
24450.000000000095 1.6035966393390312e-07
24500.000000000095 1.7236519419667873e-07
24550.000000000095 1.5205142240721788e-07
24600.000000000095 1.6723462462901785e-07
24650.000000000095 1.8129178620911374e-07
24700.000000000095 1.3694872231727974e-07
24750.000000000095 1.2638986346462048e-07
24800.000000000095 1.3003811634966675e-07
24850.000000000095 1.6477489696213915e-07
24900.000000000095 8.439480511948321e-08
24950.000000000095 1.4689913656296246e-07
25000.000000000095 1.2967701095557084e-07
25050.000000000095 9.405940191362463e-08
25100.000000000095 1.192275220760217e-07
25150.000000000095 7.900168946490587e-08
25200.000000000095 9.821499334652597e-08
25250.000000000095 6.866708567773265e-08
25300.000000000095 9.833101877310388e-08
25350.000000000095 5.297271384393241e-08
25400.000000000095 8.877319965893621e-08
25450.000000000095 6.315122550488693e-08
25500.000000000095 5.977691685613745e-08
25550.000000000095 7.728416040134699e-08
25600.000000000095 6.584990286160209e-08
25650.000000000095 4.903859902009457e-08
25700.000000000095 8.957797124393668e-08
25750.000000000095 4.809387272012712e-08
25800.000000000095 9.222384354354519e-08
25850.000000000095 4.949824216305484e-08
25900.000000000095 7.234602254648361e-08
25950.000000000095 4.594142607295021e-08
26000.000000000095 8.255966629839622e-08
26050.000000000095 6.938864135684999e-08
26100.000000000095 9.611240259126262e-08
26150.000000000095 8.404935706935442e-08
26200.000000000095 9.118002205959523e-08
26250.000000000095 1.0484534286399908e-07
26300.000000000095 8.583934413433777e-08
26350.000000000095 1.1419875910133709e-07
26400.000000000095 1.4165205364032534e-07
26450.000000000095 1.2391168521203096e-07
26500.000000000095 1.1009845856501889e-07
26550.000000000095 9.484114199079312e-08
26600.000000000095 1.1772233763584525e-07
26650.000000000095 6.256107201818525e-08
26700.000000000095 4.855474570672595e-08
26750.000000000095 4.1917802353287716e-08
26800.000000000095 5.949707357697093e-08
26850.000000000095 3.816748223638943e-08
26900.000000000095 7.167523749706621e-08
26950.000000000095 3.8044156614354846e-08
27000.000000000095 8.41710508638962e-08
27050.000000000095 7.42819974842492e-08
27100.000000000095 5.8226025484763626e-08
27150.000000000095 9.624155036539926e-08
27200.000000000095 6.03086071335483e-08
27250.000000000095 6.935077099664255e-08
27300.000000000095 1.3110661805415593e-07
27350.000000000095 1.0044603292738364e-07
27400.000000000095 3.87826505955834e-08
27450.000000000095 1.2621371117413934e-07
27500.000000000095 1.1652529488424996e-07
27550.000000000095 7.521716293295606e-08
27600.000000000095 1.2324064418692147e-07
27650.000000000095 6.090759619887272e-08
27700.000000000095 4.947071974003028e-08
27750.000000000095 1.1527407881311646e-07
27800.000000000095 6.32241166508626e-08
27850.000000000095 7.175013305667231e-08
27900.000000000095 9.028837066689747e-08
27950.000000000095 9.215483707964528e-08
28000.000000000095 1.0442673407547117e-07
28050.000000000095 5.150331540973833e-08
28100.000000000095 1.2564316513341923e-07
28150.000000000095 1.0048375169291522e-07
28200.000000000095 4.6935491040926777e-08
28250.000000000095 1.2389686722430188e-07
28300.000000000095 1.6692905641070615e-07
28350.000000000095 5.4595486900150975e-08
28400.000000000095 1.1678284377899407e-07
28450.000000000095 1.1822948309068075e-07
28500.000000000095 1.0918600092622462e-07
28550.000000000095 5.129507054347349e-08
28600.000000000095 1.300548589502213e-07
28650.000000000095 1.2585212542427082e-07
28700.000000000095 1.0528969090377427e-07
28750.000000000095 1.4372444354761145e-07
28800.000000000095 1.1942239970489877e-07
28850.000000000095 1.6659477074516977e-07
28900.000000000095 7.675137150268564e-08
28950.000000000095 1.6151049273850217e-07
29000.000000000095 1.0916764266704397e-07
29050.000000000095 1.325054162065147e-07
29100.000000000095 8.515532093833311e-08
29150.000000000095 1.6403332780172515e-07
29200.000000000095 1.1889616171639826e-07
29250.000000000095 1.6656643465346797e-07
