galfind/configs/Brown_Dwarf_templates/sonora_cholla/logkzz7/56g/1250K_56g_logkzz7_resample.dat
# %ECSV 1.0
# ---
# datatype:
# - {name: wav, unit: Angstrom, datatype: float64}
# - {name: flux_nu, unit: erg / (cm2 Hz s), datatype: float64}
# schema: astropy-2.0
wav flux_nu
10000.000000000093 nan
10050.000000000093 2.2896244470170987e-07
10100.000000000093 2.7174557753265913e-07
10150.000000000093 2.821061350142392e-07
10200.000000000093 3.118934057594205e-07
10250.000000000093 3.3162177108101046e-07
10300.000000000093 3.2971118373428895e-07
10350.000000000093 3.7745949281271155e-07
10400.000000000093 4.219867513711663e-07
10450.000000000093 4.2361632990922354e-07
10500.000000000093 3.969528112485531e-07
10550.000000000093 3.916465663744365e-07
10600.000000000093 4.0792908179141695e-07
10650.000000000093 4.49140052860846e-07
10700.000000000093 4.797074486776842e-07
10750.000000000093 5.183058428500215e-07
10800.000000000093 5.451321229239399e-07
10850.000000000093 5.942198517057608e-07
10900.000000000093 5.079324912759445e-07
10950.000000000093 3.634219975483876e-07
11000.000000000093 3.34144863589166e-07
11050.000000000093 2.768899242981029e-07
11100.000000000093 2.6766048756238734e-07
11150.000000000093 2.2529786503322018e-07
11200.000000000093 2.235012619255631e-07
11250.000000000093 2.7061049260669545e-07
11300.000000000093 2.564401162814523e-07
11350.000000000093 1.6088400392732017e-07
11400.000000000093 2.627135950214206e-07
11450.000000000093 2.1211757878397515e-07
11500.000000000093 2.7029564185175314e-07
11550.000000000093 2.2823438981866085e-07
11600.000000000093 2.4111475532244264e-07
11650.000000000093 2.52154124617417e-07
11700.000000000093 2.701678260535471e-07
11750.000000000093 2.6015653121926066e-07
11800.000000000093 2.961207626026478e-07
11850.000000000093 3.4402848200473835e-07
11900.000000000093 3.549807777034045e-07
11950.000000000093 4.3116893000338686e-07
12000.000000000093 4.3636739946396195e-07
12050.000000000093 5.086802404598498e-07
12100.000000000093 5.426767620328953e-07
12150.000000000093 5.782943616918412e-07
12200.000000000093 6.461311627848202e-07
12250.000000000093 7.128756064097212e-07
12300.000000000093 7.510514000730829e-07
12350.000000000093 7.873065656614634e-07
12400.000000000093 7.928050005670119e-07
12450.000000000093 8.745217638901676e-07
12500.000000000093 9.241505632358633e-07
12550.000000000093 9.616856359331084e-07
12600.000000000093 9.7380155051361e-07
12650.000000000093 9.743217024651014e-07
12700.000000000093 1.0355061339001635e-06
12750.000000000093 9.846710745694244e-07
12800.000000000093 1.0218232022504966e-06
12850.000000000093 9.438273355737102e-07
12900.000000000093 8.69958125689892e-07
12950.000000000093 9.326332999175268e-07
13000.000000000093 9.23552545853467e-07
13050.000000000093 9.230536060725966e-07
13100.000000000093 8.55786807216772e-07
13150.000000000093 7.865144877575775e-07
13200.000000000093 7.577197485848763e-07
13250.000000000093 6.266839995707938e-07
13300.000000000093 3.945177548036623e-07
13350.000000000093 1.6114849119423955e-07
13400.000000000093 9.674589635308397e-08
13450.000000000093 6.395794971133686e-08
13500.000000000093 4.198311798344992e-08
13550.000000000093 3.722763329034915e-08
13600.000000000093 2.8509503398288122e-08
13650.000000000093 5.683135265676444e-08
13700.000000000093 4.867360634974369e-08
13750.000000000093 4.925647037129967e-08
13800.000000000093 6.892247650882727e-08
13850.000000000093 5.39225542328331e-08
13900.000000000093 5.7295258684408684e-08
13950.000000000093 5.1513320293726e-08
14000.000000000093 4.49285783503155e-08
14050.000000000093 5.4225411399461895e-08
14100.000000000093 3.935715551676706e-08
14150.000000000093 5.031703205247425e-08
14200.000000000093 4.200091787730875e-08
14250.000000000093 4.098192039857857e-08
14300.000000000093 5.214990898088561e-08
14350.000000000093 4.9509234467265115e-08
14400.000000000093 6.002702178424407e-08
14450.000000000093 5.997257656931226e-08
14500.000000000093 9.639733060899146e-08
14550.000000000093 9.553948157828504e-08
14600.000000000093 1.1692855263785676e-07
14650.000000000093 1.2600684345183936e-07
14700.000000000093 9.380929540054865e-08
14750.000000000093 1.192462470109661e-07
14800.000000000093 1.435096002887476e-07
14850.000000000093 1.433447578500294e-07
14900.000000000093 1.588482766675408e-07
14950.000000000093 1.674536638477679e-07
15000.000000000093 1.7530404103856743e-07
15050.000000000093 2.1983271340274437e-07
15100.000000000093 2.360337843474675e-07
15150.000000000093 2.5615058751057975e-07
15200.000000000093 2.2905332459340713e-07
15250.000000000093 2.6630724778593135e-07
15300.000000000093 3.0658685502807403e-07
15350.000000000093 3.496615123003564e-07
15400.000000000093 3.7377699759542e-07
15450.000000000093 4.2549057898884555e-07
15500.000000000093 4.4614832702558455e-07
15550.000000000093 5.001825394774929e-07
15600.000000000093 5.085880559306282e-07
15650.000000000093 5.337676072875506e-07
15700.000000000093 6.2315784530758e-07
15750.000000000093 6.676452917577857e-07
15800.000000000093 6.438425224435754e-07
15850.000000000093 7.105123572703253e-07
15900.000000000093 7.18370070417436e-07
15950.000000000093 7.516157250489496e-07
16000.000000000093 8.05868633669979e-07
16050.000000000093 8.410401210771036e-07
16100.000000000093 8.830048743087673e-07
16150.000000000093 8.210996966021861e-07
16200.000000000093 8.307344534034322e-07
16250.000000000093 8.615057219326037e-07
16300.000000000093 8.518379973750115e-07
16350.000000000093 8.905590393983665e-07
16400.000000000095 9.26660976977766e-07
16450.000000000095 9.237297676041317e-07
16500.000000000095 9.475071050613259e-07
16550.000000000095 9.325558038584507e-07
16600.000000000095 8.866031648579803e-07
16650.000000000095 9.166140881941349e-07
16700.000000000095 8.185677890332837e-07
16750.000000000095 8.682394714578138e-07
16800.000000000095 9.438190078452422e-07
16850.000000000095 9.022074225869334e-07
16900.000000000095 8.944575116278104e-07
16950.000000000095 8.27317027546574e-07
17000.000000000095 8.021730733525813e-07
17050.000000000095 8.233305245907571e-07
17100.000000000095 7.618050145615389e-07
17150.000000000095 6.707904049512281e-07
17200.000000000095 6.225233014920882e-07
17250.000000000095 5.601115873861067e-07
17300.000000000095 5.150878098814651e-07
17350.000000000095 4.988055124037635e-07
17400.000000000095 4.636149421462517e-07
17450.000000000095 4.2139648853891155e-07
17500.000000000095 4.114635791594966e-07
17550.000000000095 3.579872054850661e-07
17600.000000000095 3.5538863575297945e-07
17650.000000000095 3.4282051001720726e-07
17700.000000000095 2.3191153416882957e-07
17750.000000000095 2.1260450555723433e-07
17800.000000000095 2.493444835780253e-07
17850.000000000095 1.6432288698336702e-07
17900.000000000095 1.9746359487284475e-07
17950.000000000095 1.619270743469757e-07
18000.000000000095 1.5988116356632941e-07
18050.000000000095 1.4962184983147316e-07
18100.000000000095 1.274470638259459e-07
18150.000000000095 1.7504854107916444e-07
18200.000000000095 1.155694721487843e-07
18250.000000000095 1.9926314732034366e-07
18300.000000000095 1.4162934801546433e-07
18350.000000000095 1.3210563950419164e-07
18400.000000000095 1.1925289971218646e-07
18450.000000000095 1.1603726865977358e-07
18500.000000000095 1.3510749043777852e-07
18550.000000000095 1.0593373895026565e-07
18600.000000000095 8.463788263022503e-08
18650.000000000095 8.771033179102942e-08
18700.000000000095 9.560088999425653e-08
18750.000000000095 9.708377646933528e-08
18800.000000000095 1.4602423251794157e-07
18850.000000000095 1.7632260147111225e-07
18900.000000000095 1.632321565923275e-07
18950.000000000095 2.126954120220444e-07
19000.000000000095 1.8038368029725048e-07
19050.000000000095 1.4959029969789517e-07
19100.000000000095 2.0594247969520287e-07
19150.000000000095 1.8924625033330527e-07
19200.000000000095 1.883066649737768e-07
19250.000000000095 1.7793372402459944e-07
19300.000000000095 1.657934517408117e-07
19350.000000000095 1.4749388148572355e-07
19400.000000000095 1.0067868615917843e-07
19450.000000000095 1.6459105769614558e-07
19500.000000000095 1.494272405874692e-07
19550.000000000095 1.211119270467944e-07
19600.000000000095 1.5807572438520176e-07
19650.000000000095 1.6712985522785381e-07
19700.000000000095 1.687265433611785e-07
19750.000000000095 1.6225135825987883e-07
19800.000000000095 1.8699744781293982e-07
19850.000000000095 2.0682021700488054e-07
19900.000000000095 1.511971670062974e-07
19950.000000000095 2.2957507684082885e-07
20000.000000000095 2.2726919921224007e-07
20050.000000000095 2.419758073614679e-07
20100.000000000095 2.5525666587338864e-07
20150.000000000095 2.462852213736506e-07
20200.000000000095 2.9012904960236357e-07
20250.000000000095 3.196031757053141e-07
20300.000000000095 2.89494101889442e-07
20350.000000000095 3.243547394757993e-07
20400.000000000095 3.2640072684612593e-07
20450.000000000095 3.895649289870843e-07
20500.000000000095 3.9370045284532034e-07
20550.000000000095 3.7461205337389715e-07
20600.000000000095 4.495425369415225e-07
20650.000000000095 4.129023311515783e-07
20700.000000000095 4.3393666084142923e-07
20750.000000000095 4.923306520768101e-07
20800.000000000095 4.891173240920687e-07
20850.000000000095 4.854030636198639e-07
20900.000000000095 5.21957651327313e-07
20950.000000000095 5.011080945056574e-07
21000.000000000095 5.457294341171173e-07
21050.000000000095 5.253450061018497e-07
21100.000000000095 5.452117614475321e-07
21150.000000000095 5.457660599405116e-07
21200.000000000095 5.297894956667925e-07
21250.000000000095 5.574823208836082e-07
21300.000000000095 5.202093741818934e-07
21350.000000000095 5.645414795970648e-07
21400.000000000095 5.084010716417939e-07
21450.000000000095 5.654019462711976e-07
21500.000000000095 5.434820097275202e-07
21550.000000000095 5.356438680489133e-07
21600.000000000095 5.429198398300689e-07
21650.000000000095 5.051968140205411e-07
21700.000000000095 5.483922045869744e-07
21750.000000000095 5.097648190551071e-07
21800.000000000095 4.964926142530387e-07
21850.000000000095 4.80470037548465e-07
21900.000000000095 4.900873582503002e-07
21950.000000000095 4.0968521127734135e-07
22000.000000000095 3.727433007332921e-07
22050.000000000095 3.48268590047872e-07
22100.000000000095 3.887226297939693e-07
22150.000000000095 3.920230748316715e-07
22200.000000000095 3.904710694916574e-07
22250.000000000095 3.8029747598490586e-07
22300.000000000095 3.7794677956407427e-07
22350.000000000095 3.6594029420876727e-07
22400.000000000095 3.692983120846734e-07
22450.000000000095 3.138691126712473e-07
22500.000000000095 3.417184651323702e-07
22550.000000000095 3.1784658376624554e-07
22600.000000000095 3.348561354684092e-07
22650.000000000095 2.985723879362657e-07
22700.000000000095 2.906017323688746e-07
22750.000000000095 3.2448244705445383e-07
22800.000000000095 3.0500317541281355e-07
22850.000000000095 2.8518700451593265e-07
22900.000000000095 2.8425686342586194e-07
22950.000000000095 2.1966132457582656e-07
23000.000000000095 1.8702546033237308e-07
23050.000000000095 2.194750383740225e-07
23100.000000000095 2.2746903937499837e-07
23150.000000000095 2.2197630142004306e-07
23200.000000000095 1.9470579089451243e-07
23250.000000000095 1.8438761002808172e-07
23300.000000000095 1.8269134758188987e-07
23350.000000000095 1.764835129100267e-07
23400.000000000095 1.9515051482692246e-07
23450.000000000095 1.8833504040627293e-07
23500.000000000095 1.9105791240424998e-07
23550.000000000095 2.1998436165544111e-07
23600.000000000095 2.11101291297666e-07
23650.000000000095 2.2500065493125e-07
23700.000000000095 1.93592809665829e-07
23750.000000000095 1.9433879564067171e-07
23800.000000000095 1.893503715317454e-07
23850.000000000095 1.8298883703795456e-07
23900.000000000095 2.2276885579704933e-07
23950.000000000095 2.1644750804199713e-07
24000.000000000095 2.6949029229216846e-07
24050.000000000095 2.3441930798892373e-07
24100.000000000095 2.1530778157854784e-07
24150.000000000095 2.2802570612036076e-07
24200.000000000095 2.3140716951988194e-07
24250.000000000095 2.4959033833737794e-07
24300.000000000095 2.149333120242436e-07
24350.000000000095 2.1397141668334423e-07
24400.000000000095 2.61399292217261e-07
24450.000000000095 2.1005210657865196e-07
24500.000000000095 2.2450423810796205e-07
24550.000000000095 1.9449871776515758e-07
24600.000000000095 2.1315879833927552e-07
24650.000000000095 2.3166958211075094e-07
24700.000000000095 1.7571170897095292e-07
24750.000000000095 1.6238189909397532e-07
24800.000000000095 1.6591226252924515e-07
24850.000000000095 2.072638549579095e-07
24900.000000000095 1.0810879129312127e-07
24950.000000000095 1.8809171323068366e-07
25000.000000000095 1.6463289252414411e-07
25050.000000000095 1.210268436090855e-07
25100.000000000095 1.5238162092001835e-07
25150.000000000095 1.0207266381283268e-07
25200.000000000095 1.2538228473648888e-07
25250.000000000095 9.007830347174091e-08
25300.000000000095 1.2800109881925211e-07
25350.000000000095 6.978121059192342e-08
25400.000000000095 1.1382055435265818e-07
25450.000000000095 8.31419789682091e-08
25500.000000000095 7.810222682423955e-08
25550.000000000095 9.984535814193151e-08
25600.000000000095 8.607244739992729e-08
25650.000000000095 6.574646662278393e-08
25700.000000000095 1.1804612928389179e-07
25750.000000000095 6.516888140026772e-08
25800.000000000095 1.200871928617183e-07
25850.000000000095 6.753166855587785e-08
25900.000000000095 9.722344323442657e-08
25950.000000000095 6.379373793189646e-08
26000.000000000095 1.0651415957695791e-07
26050.000000000095 9.492856609196659e-08
26100.000000000095 1.2556274080268437e-07
26150.000000000095 1.1180371293655332e-07
26200.000000000095 1.2005403217864995e-07
26250.000000000095 1.3300589079098485e-07
26300.000000000095 1.1340875138956996e-07
26350.000000000095 1.4204122108303499e-07
26400.000000000095 1.7743746473171263e-07
26450.000000000095 1.5568513782710885e-07
26500.000000000095 1.390345194875629e-07
26550.000000000095 1.2374022634788098e-07
26600.000000000095 1.534367278963167e-07
26650.000000000095 8.441391854248515e-08
26700.000000000095 6.742623176447745e-08
26750.000000000095 5.758883652050121e-08
26800.000000000095 8.055722334577312e-08
26850.000000000095 5.1737383312828016e-08
26900.000000000095 9.366799223465401e-08
26950.000000000095 5.0677057952113703e-08
27000.000000000095 1.077529448664429e-07
27050.000000000095 9.464423081054278e-08
27100.000000000095 7.711213272071962e-08
27150.000000000095 1.210440443859956e-07
27200.000000000095 8.006165115023112e-08
27250.000000000095 8.942694858500891e-08
27300.000000000095 1.6027541697267392e-07
27350.000000000095 1.2466937239306941e-07
27400.000000000095 5.2918166025306986e-08
27450.000000000095 1.5843206646405462e-07
27500.000000000095 1.4311970754790757e-07
27550.000000000095 9.857800223142792e-08
27600.000000000095 1.5882292334605164e-07
27650.000000000095 7.952214585558789e-08
27700.000000000095 6.504575112327578e-08
27750.000000000095 1.4751018914400778e-07
27800.000000000095 8.240943292638054e-08
27850.000000000095 9.369300088893744e-08
27900.000000000095 1.1657814912081171e-07
27950.000000000095 1.1499329622759805e-07
28000.000000000095 1.3242751269078827e-07
28050.000000000095 6.789503016319317e-08
28100.000000000095 1.5700578907707682e-07
28150.000000000095 1.290227830040963e-07
28200.000000000095 6.19536877977859e-08
28250.000000000095 1.5461438715560936e-07
28300.000000000095 2.069330706637358e-07
28350.000000000095 7.034345392080257e-08
28400.000000000095 1.4836724933085226e-07
28450.000000000095 1.4522423612571595e-07
28500.000000000095 1.3765021438009172e-07
28550.000000000095 6.637653714941538e-08
28600.000000000095 1.6210961937041217e-07
28650.000000000095 1.5689508779814893e-07
28700.000000000095 1.310444717980408e-07
28750.000000000095 1.7624160140876466e-07
28800.000000000095 1.459550367030743e-07
28850.000000000095 2.055968138067661e-07
28900.000000000095 9.559602048025724e-08
28950.000000000095 1.9497067413662386e-07
29000.000000000095 1.3210037755951798e-07
29050.000000000095 1.6082442013935569e-07
29100.000000000095 1.0491302378728255e-07
29150.000000000095 1.9639806991655584e-07
29200.000000000095 1.4564807687958362e-07
29250.000000000095 2.0081902220225375e-07
29300.000000000095 1.227103772154995e-07
