galfind/configs/Brown_Dwarf_templates/sonora_cholla/logkzz7/56g/1300K_56g_logkzz7_resample.dat
# %ECSV 1.0
# ---
# datatype:
# - {name: wav, unit: Angstrom, datatype: float64}
# - {name: flux_nu, unit: erg / (cm2 Hz s), datatype: float64}
# schema: astropy-2.0
wav flux_nu
[from data line 1162]
68100.00000000009 3.3713221780771076e-07
68150.00000000009 2.6559853950080393e-07
68200.00000000009 2.978911468407609e-07
68250.00000000009 1.686808727683361e-07
68300.00000000009 2.699231054297157e-07
68350.00000000009 1.6823339016563592e-07
68400.00000000009 3.365023989582619e-07
68450.00000000009 3.3694714129724913e-07
68500.00000000009 2.957658850599387e-07
68550.00000000009 2.0920046671561143e-07
68600.00000000009 2.401555413731729e-07
68650.00000000009 1.8013654672656944e-07
68700.00000000009 2.5268289238912325e-07
68750.00000000009 3.0330760655264816e-07
68800.00000000009 3.22242554992131e-07
68850.00000000009 1.9335508561069264e-07
68900.00000000009 3.704129342863503e-07
68950.00000000009 4.14584252678281e-07
69000.00000000009 3.9624954489095415e-07
69050.00000000009 2.65844806203254e-07
69100.00000000009 3.595911658911572e-07
69150.00000000009 4.312568099167562e-07
69200.00000000009 2.7321159463383884e-07
69250.00000000009 3.6722891940516454e-07
69300.00000000009 3.6242673701039486e-07
69350.00000000009 3.5272890558485916e-07
69400.00000000009 2.606342305603315e-07
69450.00000000009 3.8951361002129813e-07
69500.00000000009 2.9660670642144847e-07
69550.00000000009 3.151800842186409e-07
69600.00000000009 1.3468328544564467e-07
69650.00000000009 2.8302441124633795e-07
69700.00000000009 3.3121659977047665e-07
69750.00000000009 3.030356021694274e-07
69800.00000000009 3.521673002699207e-07
69850.00000000009 3.9891670407587164e-07
69900.00000000009 2.4388740101356374e-07
69950.00000000009 3.4949258492793983e-07
70000.00000000009 2.492298926371919e-07
70050.00000000009 3.4298753539344186e-07
70100.00000000009 2.809662794489863e-07
70150.00000000009 3.3664231017772783e-07
70200.00000000009 2.6271137545228755e-07
70250.00000000009 3.0280782766822853e-07
70300.00000000009 3.45247144688957e-07
70350.00000000009 2.5834019197813335e-07
70400.00000000009 2.808410055863594e-07
70450.00000000009 1.6156281510467357e-07
70500.00000000009 2.2054444348594295e-07
70550.00000000009 2.3465458340789237e-07
70600.00000000009 2.732186004034277e-07
70650.00000000009 2.9648231968347026e-07
70700.00000000009 3.1777768295499395e-07
70750.00000000009 3.6016980503424216e-07
70800.00000000009 2.648570615693761e-07
70850.00000000009 2.519236076992527e-07
70900.00000000009 2.578127594912066e-07
70950.00000000009 3.5643309625007645e-07
71000.00000000009 3.1923016232733926e-07
71050.00000000009 3.560723445827553e-07
71100.00000000009 3.0473178017671267e-07
71150.00000000009 2.9395013879638115e-07
71200.00000000009 2.49768693960817e-07
71250.00000000009 3.119420568008747e-07
71300.00000000009 3.5197599428366014e-07
71350.00000000009 2.860503308281542e-07
71400.00000000009 3.084166018006671e-07
71450.00000000009 2.1014128029076916e-07
71500.00000000009 2.683518883030863e-07
71550.00000000009 2.6861660344342285e-07
71600.00000000009 3.087238830915191e-07
71650.00000000009 2.7096161283448766e-07
71700.00000000009 2.327841035406647e-07
71750.00000000009 3.0198359269618e-07
71800.00000000009 3.900351639421763e-07
71850.00000000009 3.7573173277442123e-07
71900.00000000009 2.4384980299638775e-07
71950.00000000009 3.1679802077970293e-07
72000.00000000009 2.809887712194978e-07
72050.00000000009 2.1356446919438292e-07
72100.00000000009 2.5647159206667915e-07
72150.00000000009 3.0699496449186047e-07
72200.00000000009 3.3291596458619674e-07
72250.00000000009 3.1944248653906566e-07
72300.00000000009 3.168198225160221e-07
72350.00000000009 2.6102840618629875e-07
72400.00000000009 2.643419892083583e-07
72450.00000000009 2.505186920134143e-07
72500.00000000009 2.7215669017354846e-07
72550.00000000009 2.0266058696433576e-07
72600.00000000009 1.7763666820205521e-07
72650.00000000009 3.693584481983461e-07
72700.00000000009 3.286048161715693e-07
72750.00000000009 2.550468691679797e-07
72800.00000000009 2.6995305006179614e-07
72850.00000000009 2.876746625858167e-07
72900.00000000009 3.2824871420461175e-07
72950.00000000009 2.5073510206768704e-07
73000.00000000009 2.9559499193732747e-07
73050.00000000009 2.7112429644483934e-07
73100.00000000009 2.925606611369997e-07
73150.00000000009 4.1247014725598716e-07
73200.00000000009 3.2943997148552814e-07
73250.00000000009 3.145220283404169e-07
73300.00000000009 3.176912188545908e-07
73350.00000000009 2.1974664062856968e-07
73400.00000000009 2.6676987959116445e-07
73450.00000000009 1.8059801790052712e-07
73500.00000000009 2.522727720553643e-07
73550.00000000009 2.6357702699975907e-07
73600.00000000009 2.201620002562883e-07
73650.00000000009 2.769431742936782e-07
73700.00000000009 3.2555152371458703e-07
73750.00000000009 2.7161136440253516e-07
73800.00000000009 2.3287999532389459e-07
73850.00000000009 3.1192179602388575e-07
73900.00000000009 3.439804933028855e-07
73950.00000000009 2.833432154322027e-07
74000.00000000009 3.020512776027135e-07
74050.00000000009 4.064571376513615e-07
74100.00000000009 2.4575992766889975e-07
74150.00000000009 3.035169551164482e-07
74200.00000000009 2.6069772922032626e-07
74250.00000000009 2.425481696888969e-07
74300.00000000009 2.727171270054108e-07
74350.00000000009 2.9498505965674e-07
74400.00000000009 2.3394534692182877e-07
74450.00000000009 2.3106519060940234e-07
74500.00000000009 2.4245320228717956e-07
74550.00000000009 2.759162087367857e-07
74600.00000000009 2.1525459921284618e-07
74650.00000000009 2.1446272979792778e-07
74700.00000000009 1.7330382225418108e-07
74750.00000000009 2.5043988382155775e-07
74800.00000000009 2.01521118666651e-07
74850.00000000009 1.764362789156202e-07
74900.00000000009 3.31383945978359e-07
74950.00000000009 3.365198417746248e-07
75000.00000000009 2.7144870189803313e-07
75050.00000000009 3.2093236377876744e-07
75100.00000000009 3.821041436847101e-07
75150.00000000009 3.4560682192732833e-07
75200.00000000009 3.4890618686559366e-07
75250.00000000009 3.373108227517916e-07
75300.00000000009 3.3106309235462124e-07
75350.00000000009 2.31214490824768e-07
75400.00000000009 2.913832662070627e-07
75450.00000000009 2.8228821311005345e-07
75500.00000000009 2.645509269648701e-07
75550.00000000009 3.1303734440843267e-07
75600.00000000009 3.9918286764405265e-07
75650.00000000009 2.8617841129243293e-07
75700.00000000009 2.656811956865716e-07
75750.00000000009 2.404486462086218e-07
75800.00000000009 2.8970197524626194e-07
75850.00000000009 3.055214537066921e-07
75900.00000000009 2.6111913656483565e-07
75950.00000000009 2.3748445966452608e-07
76000.00000000009 2.5474518967301193e-07
76050.00000000009 2.613174051057502e-07
76100.00000000009 2.226647705659597e-07
76150.00000000009 2.6599470136907075e-07
76200.00000000009 2.896447807414797e-07
76250.00000000009 4.0009559464144963e-07
76300.00000000009 3.203651483774511e-07
76350.00000000009 4.612569382645297e-07
76400.00000000009 3.512252457030162e-07
76450.00000000009 3.0862322317544536e-07
76500.00000000009 3.236236355632234e-07
76550.00000000009 2.825888231565067e-07
76600.00000000009 2.0365500257671372e-07
76650.00000000009 2.367183300035499e-07
76700.00000000009 2.502284098191507e-07
76750.00000000009 2.5252872413097133e-07
76800.00000000009 2.827055167909864e-07
76850.00000000009 1.5999591276122078e-07
76900.00000000009 2.3357431113500558e-07
76950.00000000009 2.2375160541535502e-07
77000.00000000009 2.713692133465366e-07
77050.00000000009 2.1419477338621546e-07
77100.00000000009 1.7690982575794572e-07
77150.00000000009 2.1483245561159785e-07
77200.00000000009 2.8424718973800344e-07
77250.00000000009 2.605222524409586e-07
77300.00000000009 2.4569418023429524e-07
77350.00000000009 1.876864007862926e-07
77400.00000000009 1.29116051608611e-07
77450.00000000009 1.7331623619435465e-07
77500.00000000009 2.2657475690775827e-07
77550.00000000009 2.421813555438484e-07
77600.00000000009 2.3305359037733432e-07
77650.00000000009 2.1931066863936454e-07
77700.00000000009 1.9088964371493208e-07
77750.00000000009 2.625700849766291e-07
77800.00000000009 2.6837903357671817e-07
77850.00000000009 3.1125575051773347e-07
77900.00000000009 2.9606011499296466e-07
77950.00000000009 2.4385888838687214e-07
78000.00000000009 2.633484424658147e-07
78050.00000000009 2.452100011687015e-07
78100.00000000009 1.837202084305099e-07
78150.00000000009 2.6529238753201953e-07
78200.00000000009 3.145385557649864e-07
78250.00000000009 3.460349248312485e-07
78300.00000000009 3.242032499173259e-07
78350.00000000009 3.141844322016266e-07
78400.00000000009 2.8286592594428226e-07
78450.00000000009 3.422198768430343e-07
78500.00000000009 3.3469329077225917e-07
78550.00000000009 2.767987543163435e-07
78600.00000000009 2.5826895972764427e-07
78650.00000000009 1.4535670478023355e-07
78700.00000000009 2.6032006425116566e-07
78750.00000000009 2.6600997282355864e-07
78800.00000000009 3.0122740406472985e-07
78850.00000000009 1.9748510968039684e-07
78900.00000000009 2.501534438403883e-07
78950.00000000009 2.086627516728488e-07
79000.00000000009 2.64739621055612e-07
79050.00000000009 2.8646834557285513e-07
79100.00000000009 2.417682275079622e-07
79150.00000000009 2.8831112217556284e-07
79200.00000000009 3.7699709950283064e-07
79250.00000000009 3.00558434136375e-07
79300.00000000009 2.1256881526192802e-07
79350.00000000009 3.1975688840142505e-07
79400.00000000009 2.4478739418240143e-07
79450.00000000009 2.9987272051353587e-07
79500.00000000009 3.6464666370469615e-07
79550.00000000009 2.945523914062503e-07
79600.00000000009 2.4083102926170723e-07
79650.00000000009 2.734855426362246e-07
79700.00000000009 3.843291950872574e-07
79750.00000000009 3.1756157516471767e-07
79800.00000000009 3.0407895204730845e-07
79850.00000000009 2.871175455911044e-07
79900.00000000009 3.897772419615642e-07
79950.00000000009 3.223357376641394e-07
