galfind/configs/Brown_Dwarf_templates/sonora_cholla/logkzz7/56g/1300K_56g_logkzz7_resample.dat
# %ECSV 1.0
# ---
# datatype:
# - {name: wav, unit: Angstrom, datatype: float64}
# - {name: flux_nu, unit: erg / (cm2 Hz s), datatype: float64}
# schema: astropy-2.0
wav flux_nu
[from data line 388]
29400.000000000095 2.4835420793751596e-07
29450.000000000095 2.32769840497106e-07
29500.000000000095 2.3741077005719155e-07
29550.000000000095 2.130594583304311e-07
29600.000000000095 3.068851520986459e-07
29650.000000000095 2.2642915993759556e-07
29700.000000000095 2.4041648806149184e-07
29750.000000000095 2.6676328822887376e-07
29800.000000000095 3.4177291075444366e-07
29850.000000000095 3.21471946865924e-07
29900.000000000095 2.6796763469441077e-07
29950.000000000095 2.6640839674359235e-07
30000.000000000095 3.161728281231453e-07
30050.000000000095 2.5911400750794943e-07
30100.000000000095 2.6932358435171027e-07
30150.000000000095 3.5645097398693857e-07
30200.000000000095 2.9461423780310167e-07
30250.000000000095 3.742563091874148e-07
30300.000000000095 3.2323075894699603e-07
30350.000000000095 2.712201202582697e-07
30400.000000000095 3.745544743335851e-07
30450.000000000095 3.132823483365232e-07
30500.000000000095 3.1067629086037834e-07
30550.000000000095 4.0478421918602237e-07
30600.000000000095 3.996222985812522e-07
30650.000000000095 4.3053414637941706e-07
30700.000000000095 3.8285146388872293e-07
30750.000000000095 3.459066757921408e-07
30800.000000000095 3.544876882855539e-07
30850.000000000095 3.724525934106924e-07
30900.000000000095 3.7373240804675654e-07
30950.000000000095 2.5054431298963983e-07
31000.000000000095 3.879711841135077e-07
31050.000000000095 3.622565092104513e-07
31100.000000000095 2.7793282593919456e-07
31150.000000000095 3.4533515108234614e-07
31200.000000000095 3.2472149123720387e-07
31250.000000000095 3.5239775009535e-07
31300.000000000095 3.508937560206941e-07
31350.000000000095 3.175869271720995e-07
31400.000000000095 2.527502091163082e-07
31450.000000000095 3.2479663751000153e-07
31500.000000000095 3.1866575293432486e-07
31550.000000000095 3.3212752541462995e-07
31600.000000000095 2.76910909963712e-07
31650.000000000095 3.210221006760107e-07
31700.000000000095 2.9881629581708015e-07
31750.000000000095 2.6481138126276527e-07
31800.000000000095 3.034466532524691e-07
31850.000000000095 2.8989772896798924e-07
31900.000000000095 2.450158833687952e-07
31950.000000000095 2.748999251155399e-07
32000.000000000095 2.4881538416972636e-07
32050.000000000095 2.5155956099437534e-07
32100.000000000095 2.1569048599345684e-07
32150.000000000095 2.979604611861431e-07
32200.000000000095 2.596805945476689e-07
32250.000000000095 2.5234560249996505e-07
32300.000000000095 2.3059533028177018e-07
32350.000000000095 3.8252598753627935e-07
32400.000000000095 2.906749219207877e-07
32450.000000000095 3.5135139627308836e-07
32500.000000000095 3.12683155399804e-07
32550.000000000095 3.873790586173049e-07
32600.000000000095 4.210955529319838e-07
32650.000000000095 4.354077719724126e-07
32700.000000000095 3.3422160575086584e-07
32750.000000000095 4.7497470091335396e-07
32800.000000000095 3.201193759289222e-07
32850.000000000095 4.2838824092649126e-07
32900.000000000095 5.371931323513486e-07
32950.000000000095 4.364084075566938e-07
33000.000000000095 4.4575704937586317e-07
33050.000000000095 4.2382326131037285e-07
33100.000000000095 3.400318172966996e-07
33150.000000000095 1.5786159163596384e-07
33200.000000000095 1.3533987925264365e-07
33250.000000000095 7.91876652759914e-08
33300.000000000095 7.802962856110507e-08
33350.000000000095 1.1655717223122275e-07
33400.000000000095 1.452316896549715e-07
33450.000000000095 1.7767943475882998e-07
33500.000000000095 2.2558604461995193e-07
33550.000000000095 2.38687465089101e-07
33600.000000000095 2.9317471031924117e-07
33650.000000000095 3.5944162507608687e-07
33700.000000000095 3.3102137213537255e-07
33750.000000000095 4.034988184659169e-07
33800.000000000095 3.632721055244006e-07
33850.000000000095 4.3985247743068036e-07
33900.000000000095 4.106949683795001e-07
33950.000000000095 4.330047100644038e-07
34000.000000000095 3.881843820166832e-07
34050.000000000095 3.011035817107191e-07
34100.000000000095 3.8670652562365145e-07
34150.000000000095 3.368921558113163e-07
34200.000000000095 4.175396097965801e-07
34250.000000000095 3.951718212445911e-07
34300.000000000095 2.700676524420281e-07
34350.000000000095 3.103510428007473e-07
34400.000000000095 3.644735574326204e-07
34450.000000000095 4.092735697862831e-07
34500.000000000095 4.5125134030999427e-07
34550.000000000095 2.924072862912287e-07
34600.000000000095 4.7514506019290264e-07
34650.000000000095 3.6250635186464957e-07
34700.000000000095 3.8199066676081773e-07
34750.000000000095 3.7702561929020066e-07
34800.000000000095 2.8605784335535014e-07
34850.000000000095 3.8680760656137633e-07
34900.000000000095 4.4625351056011186e-07
34950.000000000095 3.42203310577838e-07
35000.000000000095 4.905644263652562e-07
35050.000000000095 4.194820441239839e-07
35100.000000000095 4.5917628575457256e-07
35150.000000000095 4.2760741376745197e-07
35200.000000000095 5.308279504982361e-07
35250.000000000095 5.600544482695538e-07
35300.000000000095 3.8407898240977924e-07
35350.000000000095 5.668196298445166e-07
35400.000000000095 5.014103533835009e-07
35450.000000000095 4.513123046872228e-07
35500.000000000095 6.515690939507651e-07
35550.000000000095 5.926401269685095e-07
35600.000000000095 5.93314854172518e-07
35650.000000000095 6.276519425997597e-07
35700.000000000095 4.7178970070487497e-07
35750.000000000095 5.872574317956285e-07
35800.000000000095 6.683204985196809e-07
35850.000000000095 5.379271237015952e-07
35900.000000000095 7.165570146376299e-07
35950.000000000095 6.741290291307656e-07
36000.000000000095 6.312154886122529e-07
36050.000000000095 7.587455822520668e-07
36100.000000000095 7.082729157004664e-07
36150.000000000095 7.82812417920581e-07
36200.000000000095 8.280779377164248e-07
36250.000000000095 7.286230097112947e-07
36300.000000000095 8.952009960750736e-07
36350.000000000095 8.371171249054434e-07
36400.000000000095 9.318332543253962e-07
36450.000000000095 9.636777030816564e-07
36500.000000000095 8.860238279770665e-07
36550.000000000095 8.741151755243904e-07
36600.000000000095 8.851651593454746e-07
36650.000000000095 9.901770868546613e-07
36700.000000000095 1.1207996114167052e-06
36750.000000000095 1.0893769355775034e-06
36800.000000000095 1.0644894980736673e-06
36850.000000000095 1.072467715754957e-06
36900.000000000095 1.041780788809639e-06
36950.000000000095 1.1079652792832634e-06
37000.000000000095 1.0982437361664163e-06
37050.000000000095 1.181949164802784e-06
37100.000000000095 1.1471416099502776e-06
37150.000000000095 1.260743386563163e-06
37200.000000000095 1.2755227174575416e-06
37250.000000000095 1.1915047944279564e-06
37300.000000000095 1.2159358650463571e-06
37350.000000000095 1.025753379673862e-06
37400.000000000095 1.3077138958112612e-06
37450.000000000095 1.1781281128240956e-06
37500.000000000095 1.2408623976206754e-06
37550.000000000095 1.3017736648747732e-06
37600.000000000095 1.440180830984321e-06
37650.000000000095 1.2984306033281049e-06
37700.000000000095 1.4349174985796502e-06
37750.000000000095 1.338804926384133e-06
37800.000000000095 1.479880698109582e-06
37850.000000000095 1.281351112624149e-06
37900.000000000095 1.4607718943451356e-06
37950.000000000095 1.5414630111709896e-06
38000.000000000095 1.4910145839210055e-06
38050.000000000095 1.4289400763587893e-06
38100.000000000095 1.496230070165076e-06
38150.000000000095 1.5200433974614505e-06
38200.000000000095 1.606567836198818e-06
38250.000000000095 1.3826567920661822e-06
38300.000000000095 1.3663115662482992e-06
38350.000000000095 1.543905274526053e-06
38400.000000000095 1.3784202683101018e-06
38450.000000000095 1.6670002878298077e-06
38500.000000000095 1.5576243335721057e-06
38550.000000000095 1.507818406160812e-06
38600.000000000095 1.6943262684390566e-06
38650.000000000095 1.6469227559150183e-06
38700.000000000095 1.662598165092931e-06
38750.000000000095 1.590706208282425e-06
38800.000000000095 1.6906421561043348e-06
38850.000000000095 1.6071827802900226e-06
38900.000000000095 1.5331982178163979e-06
38950.000000000095 1.587773545443233e-06
39000.000000000095 1.6649851682095732e-06
39050.000000000095 1.7670711025461378e-06
39100.000000000095 1.4447041296586693e-06
39150.000000000095 1.7483174236174367e-06
39200.000000000095 1.62333211169852e-06
39250.000000000095 1.6558727693007032e-06
39300.000000000095 1.7004481543461235e-06
39350.000000000095 1.6623330084530979e-06
39400.000000000095 1.7573500845767673e-06
39450.000000000095 1.7674747881346838e-06
39500.000000000095 1.5429128899186751e-06
39550.000000000095 1.650821771687169e-06
39600.000000000095 1.7661651385384824e-06
39650.000000000095 1.5769113656828474e-06
39700.000000000095 1.6551634626770536e-06
39750.000000000095 1.7085477900803108e-06
39800.000000000095 1.6137290309435339e-06
39850.000000000095 1.5773444416067842e-06
39900.000000000095 1.5869089527747385e-06
39950.000000000095 1.6610962219993532e-06
40000.000000000095 1.4322980376099321e-06
40050.000000000095 1.643183582098316e-06
40100.000000000095 1.7544190106898446e-06
40150.000000000095 1.6781882110612295e-06
40200.000000000095 1.784566252706438e-06
40250.000000000095 1.3675994024578334e-06
40300.000000000095 1.494702425841991e-06
40350.000000000095 1.587607473762574e-06
40400.000000000095 1.6375485188914186e-06
40450.000000000095 1.5493599938822117e-06
40500.000000000095 1.2863073301050374e-06
40550.000000000095 1.6664688345047104e-06
40600.000000000095 1.243065495420068e-06
40650.000000000095 1.6646511283399434e-06
40700.000000000095 1.664379373894064e-06
40750.000000000095 1.3753740336058267e-06
40800.000000000095 1.3219780414784903e-06
40850.000000000095 1.3745861553690364e-06
40900.000000000095 1.2658001416289912e-06
40950.000000000095 1.360123422862571e-06
41000.000000000095 1.3899125395082715e-06
41050.000000000095 1.4546530577974359e-06
41100.000000000095 1.327709206608185e-06
41150.000000000095 1.2170323169703708e-06
41200.000000000095 1.2706287296492176e-06
41250.000000000095 1.3952454419126958e-06
41300.000000000095 1.0198743400065438e-06
41350.000000000095 1.3427580094367341e-06
41400.000000000095 1.3108770506872342e-06
41450.000000000095 1.2788407312885886e-06
41500.000000000095 1.3706176896270157e-06
41550.000000000095 1.2368558992427158e-06
41600.000000000095 1.219457981743308e-06
41650.000000000095 1.1429370512699678e-06
41700.000000000095 1.1170099299862633e-06
41750.000000000095 8.895526137792855e-07
41800.000000000095 1.1837769021538058e-06
41850.000000000095 6.815102685492471e-07
41900.000000000095 1.032236627474113e-06
41950.000000000095 9.65567652436083e-07
42000.000000000095 9.037568083780077e-07
42050.000000000095 6.365318084147543e-07
42100.000000000095 7.721814655965153e-07
42150.000000000095 5.575982576757086e-07
42200.000000000095 6.88151324740634e-07
42250.000000000095 5.634846856393997e-07
42300.000000000095 6.266915018343459e-07
42350.000000000095 5.880993602434505e-07
42400.000000000095 5.116975376409778e-07
42450.000000000095 3.894790257196987e-07
42500.000000000095 4.770536963134299e-07
42550.000000000095 5.291316591049065e-07
42600.000000000095 5.654458586158197e-07
42650.000000000095 5.921765118954237e-07
42700.000000000095 5.258793774711455e-07
42750.000000000095 5.375614252969925e-07
42800.000000000095 4.717161510166162e-07
42850.000000000095 5.209736462213171e-07
42900.000000000095 5.037370049036128e-07
42950.000000000095 4.465986857600791e-07
43000.000000000095 5.076076863338324e-07
43050.000000000095 4.148475344586941e-07
43100.000000000095 5.281632784973921e-07
43150.000000000095 5.315007333942686e-07
43200.000000000095 5.249257971118514e-07
43250.000000000095 3.841263908961781e-07
43300.000000000095 5.538287154475721e-07
43350.000000000095 5.214793660718683e-07
43400.000000000095 5.943872298221564e-07
43450.000000000095 4.0787750001680646e-07
43500.000000000095 4.117680023266373e-07
43550.000000000095 3.963630349015361e-07
43600.000000000095 5.350851520457284e-07
43650.000000000095 3.4168860127930953e-07
43700.000000000095 5.173971510633135e-07
43750.000000000095 4.4536076030060836e-07
43800.000000000095 3.8669699751619474e-07
43850.000000000095 4.954110353473582e-07
43900.000000000095 2.990449335905307e-07
43950.000000000095 4.2764656152360486e-07
44000.000000000095 3.215573066590711e-07
44050.000000000095 4.0477393988762635e-07
44100.000000000095 4.078306589749205e-07
44150.000000000095 4.53754714257717e-07
44200.000000000095 3.629312746650394e-07
44250.000000000095 3.67145252035545e-07
44300.000000000095 3.389989318292009e-07
44350.000000000095 2.8577556914233693e-07
44400.000000000095 3.3835411524453895e-07
44450.000000000095 3.35266642886365e-07
44500.000000000095 2.7023595079576447e-07
44550.000000000095 3.092632455621778e-07
44600.000000000095 2.671804686696909e-07
44650.000000000095 3.072622864502357e-07
44700.000000000095 2.88677310364896e-07
44750.000000000095 3.082772728201334e-07
44800.000000000095 2.941203239958673e-07
44850.000000000095 2.6610931007680824e-07
44900.000000000095 2.3315969199572066e-07
44950.000000000095 2.421318876924833e-07
45000.000000000095 2.465715083574735e-07
45050.000000000095 2.579417958169974e-07
45100.000000000095 2.3183515325597535e-07
45150.000000000095 2.2602577724855848e-07
45200.000000000095 1.9476408248164828e-07
45250.000000000095 2.0499274948450796e-07
45300.000000000095 2.2721222130127092e-07
45350.000000000095 2.3471281941850606e-07
45400.000000000095 1.8321688037918608e-07
45450.000000000095 1.8879522109219946e-07
45500.000000000095 1.9126525982163855e-07
45550.000000000095 2.1568851508545684e-07
45600.000000000095 1.8283582726375462e-07
45650.000000000095 1.8826614439298667e-07
45700.000000000095 2.3273676524746986e-07
45750.000000000095 2.0493472858041373e-07
45800.000000000095 1.8360217353002883e-07
45850.000000000095 2.532000174594982e-07
45900.000000000095 2.464828875654541e-07
45950.000000000095 1.9038799613222513e-07
46000.000000000095 2.3702799041712396e-07
46050.000000000095 2.5322796345358855e-07
46100.000000000095 1.928637605351108e-07
46150.000000000095 2.454408167828139e-07
46200.000000000095 2.284104076823048e-07
46250.000000000095 1.5165437414093024e-07
46300.000000000095 2.7068694682655136e-07
46350.000000000095 1.903752430085746e-07
46400.000000000095 2.3492901263468874e-07
46450.000000000095 2.9122197496755954e-07
46500.000000000095 2.3256600276285526e-07
46550.000000000095 2.9294711045561805e-07
46600.000000000095 2.967105266032437e-07
46650.000000000095 4.2451037828967804e-07
46700.000000000095 3.299478249680769e-07
46750.000000000095 2.813217959771473e-07
46800.000000000095 2.419047054351255e-07
46850.000000000095 3.049000861457892e-07
46900.000000000095 2.62888450000686e-07
46950.000000000095 3.343054789637131e-07
47000.000000000095 2.2884261243613893e-07
47050.000000000095 3.597383814719163e-07
47100.000000000095 2.1465105166985476e-07
47150.000000000095 2.4740415563134235e-07
47200.000000000095 2.843758688896628e-07
47250.000000000095 2.260372675811679e-07
47300.000000000095 2.5383758799688666e-07
47350.000000000095 1.9949477326448455e-07
47400.000000000095 3.013212056636986e-07
47450.000000000095 2.080913830163688e-07
47500.000000000095 3.2166235254554856e-07
47550.000000000095 2.1132687620528055e-07
47600.000000000095 3.04016185444526e-07
47650.000000000095 2.1408424448690528e-07
47700.000000000095 2.874885899241424e-07
47750.000000000095 1.8453375515155e-07
47800.000000000095 2.8315747847813296e-07
47850.000000000095 1.6355735120196147e-07
47900.000000000095 2.763473503920221e-07
47950.000000000095 2.1182269177960404e-07
48000.000000000095 3.38815763858433e-07
48050.000000000095 2.3677474117299575e-07
48100.000000000095 3.0721848248948734e-07
48150.000000000095 2.2441879874926777e-07
48200.000000000095 3.126332702366779e-07
48250.000000000095 2.5046488323615073e-07
48300.000000000095 3.6698924333922064e-07
48350.000000000095 2.1872376459720276e-07
48400.000000000095 3.082923822566462e-07
48450.000000000095 2.0326029466236154e-07
48500.000000000095 3.6628976655642794e-07
48550.000000000095 2.0552859765107059e-07
48600.000000000095 3.355520022120847e-07
