galfind/configs/Brown_Dwarf_templates/sonora_cholla/logkzz7/56g/500K_56g_logkzz7_resample.dat
# %ECSV 1.0
# ---
# datatype:
# - {name: wav, unit: Angstrom, datatype: float64}
# - {name: flux_nu, unit: erg / (cm2 Hz s), datatype: float64}
# schema: astropy-2.0
wav flux_nu
[from data line 418]
23900.04800076804 2.2339745236543326e-11
23950.04800076804 1.4721005727474395e-11
24000.04800076804 2.8819006303640033e-11
24050.04800076804 3.907137893484538e-11
24100.04800076804 4.0460110210014e-11
24150.04800076804 6.191317037207427e-11
24200.04800076804 3.938952042846212e-11
24250.04800076804 2.318551437591985e-11
24300.04800076804 6.578829594981825e-11
24350.04800076804 4.310493941121086e-11
24400.04800076804 9.976526484753662e-11
24450.04800076804 1.1371630837273271e-10
24500.04800076804 1.0450220453421384e-10
24550.04800076804 1.738207840827818e-10
24600.04800076804 2.286245850419961e-10
24650.04800076804 2.520800146044609e-10
24700.04800076804 1.958653194161915e-10
24750.04800076804 2.404205079476124e-10
24800.04800076804 2.1138830353224354e-10
24850.04800076804 3.2812072757557467e-10
24900.04800076804 1.4028462198768754e-10
24950.04800076804 2.6258522557129834e-10
25000.04800076804 3.006144200764603e-10
25050.04800076804 1.7525757976982745e-10
25100.04800076804 2.493935074266173e-10
25150.04800076804 1.066657914868968e-10
25200.04800076804 1.6907707769282385e-10
25250.04800076804 6.74497487424138e-11
25300.04800076804 9.624237132426408e-11
25350.04800076804 3.761642462196374e-11
25400.04800076804 1.0543226607872705e-10
25450.04800076804 3.3815332090081034e-11
25500.04800076804 2.4867688799770988e-11
25550.04800076804 6.343276040022657e-11
25600.04800076804 1.1111206472113007e-11
25650.04800076804 1.2239570437847079e-11
25700.04800076804 1.2326079368408405e-11
25750.04800076804 4.451209521447648e-12
25800.04800076804 2.6069628199629974e-11
25850.04800076804 3.2392708484963576e-12
25900.04800076804 5.7058262614666095e-12
25950.04800076804 1.2627021276582447e-12
26000.04800076804 1.8362616897978435e-11
26050.04800076804 1.7688760157797517e-12
26100.04800076804 1.3406848885945939e-11
26150.04800076804 4.6022421930546645e-12
26200.04800076804 5.285777188000823e-12
26250.04800076804 5.196955858931933e-11
26300.04800076804 8.670170037486291e-12
26350.04800076804 7.811864991204936e-11
26400.04800076804 1.6989246866009424e-10
26450.04800076804 9.876912446878962e-11
26500.04800076804 2.3426644440631846e-10
26550.04800076804 2.3588707557084403e-11
26600.04800076804 1.9910600292380907e-11
26650.04800076804 3.3110870301242188e-12
26700.04800076804 1.065772690371765e-12
26750.04800076804 3.21639490441184e-12
26800.04800076804 8.545434531890667e-12
26850.04800076804 6.1918136301572556e-12
26900.04800076804 3.315379936771175e-11
26950.04800076804 8.417904607241361e-12
27000.04800076804 4.8575268843960576e-11
27050.04800076804 6.001311725942929e-11
27100.04800076804 6.9647786616925115e-12
27150.04800076804 6.96734467802981e-11
27200.04800076804 5.916400550338616e-12
27250.04800076804 2.3755330241730105e-11
27300.04800076804 2.5280407018354076e-10
27350.04800076804 6.810061187010873e-11
27400.04800076804 2.891905143548921e-12
27450.04800076804 1.075014236517509e-10
27500.04800076804 1.4941768924126787e-10
27550.04800076804 1.6804578048182368e-11
27600.04800076804 5.758643434730419e-11
27650.04800076804 1.3242154267595694e-11
27700.04800076804 1.1538129246997308e-11
27750.04800076804 8.569543470014043e-11
27800.04800076804 2.6303763353834278e-11
27850.04800076804 4.412761914357626e-11
27900.04800076804 6.157799539488861e-11
27950.04800076804 1.6504953671046934e-10
28000.04800076804 1.3458286135388891e-10
28050.04800076804 1.7688905719204934e-11
28100.04800076804 2.2443961865967662e-10
28150.04800076804 1.3829905095681963e-10
28200.04800076804 2.914083302066969e-11
28250.04800076804 2.7052603912283393e-10
28300.04800076804 4.3229796737665423e-10
28350.04800076804 4.566875787126276e-11
28400.04800076804 2.2525581505307568e-10
28450.04800076804 5.410840350907212e-10
28500.04800076804 2.1784777388364257e-10
28550.04800076804 5.0744714983887606e-11
28600.04800076804 3.6031799336589567e-10
28650.04800076804 3.9333096465833846e-10
28700.04800076804 3.333856391759366e-10
28750.04800076804 7.818890072635519e-10
28800.04800076804 5.697046541297406e-10
28850.04800076804 7.266271453896949e-10
28900.04800076804 3.6303517991453327e-10
28950.04800076804 1.165749874196709e-09
29000.04800076804 6.643948747185295e-10
29050.04800076804 6.626951160829163e-10
29100.04800076804 5.974185937542758e-10
29150.04800076804 1.1700905823550909e-09
29200.04800076804 8.925225830420625e-10
29250.04800076804 1.2168172393389138e-09
29300.04800076804 6.72415456411553e-10
29350.04800076804 3.2998257553673116e-09
29400.04800076804 6.416435820543756e-10
29450.04800076804 8.147917794331238e-10
29500.04800076804 1.8158209334766153e-09
29550.04800076804 8.44891680294662e-10
29600.04800076804 1.6931574275828065e-09
29650.04800076804 2.4762879267070982e-09
29700.04800076804 6.157022020835562e-10
29750.04800076804 1.428748433541391e-09
29800.04800076804 1.4574092271619647e-09
29850.04800076804 2.7761735066064023e-09
29900.04800076804 2.764358300731726e-09
29950.04800076804 1.7882699189776496e-09
30000.04800076804 3.3407971444669576e-10
30050.04800076804 7.805639182710386e-10
30100.04800076804 1.6314522356313736e-09
30150.04800076804 2.66618796343548e-09
30200.04800076804 1.3101371857498311e-09
30250.04800076804 4.016456781292279e-09
30300.04800076804 3.95387809031712e-09
30350.04800076804 1.4573260143693107e-09
30400.04800076804 3.441771590253297e-09
30450.04800076804 2.633019180228771e-09
30500.04800076804 1.8784237465468338e-09
30550.04800076804 1.3151347866323151e-09
30600.04800076804 4.635675634804646e-09
30650.04800076804 2.7369625284077066e-09
30700.04800076804 2.0390243718889977e-09
30750.04800076804 2.9592596764839003e-09
30800.04800076804 1.8284395332022233e-09
30850.04800076804 2.724314473356272e-09
30900.04800076804 2.250858460371424e-09
30950.04800076804 9.767426336751012e-10
31000.04800076804 1.8882364255711974e-09
31050.04800076804 1.348057174183909e-09
31100.04800076804 8.481994709406901e-10
31150.04800076804 1.2760519410424208e-09
31200.04800076804 2.1258576046896587e-09
31250.04800076804 9.863857602584822e-10
31300.04800076804 7.340830083708999e-10
31350.04800076804 1.354389676051551e-09
31400.04800076804 6.675796811970543e-10
31450.04800076804 1.0389650656028116e-09
31500.04800076804 4.223406623546658e-10
31550.04800076804 5.005105423999453e-10
31600.04800076804 3.4438172618832197e-10
31650.04800076804 3.3822474373469345e-10
31700.04800076804 3.915815195375208e-10
31750.04800076804 1.1769242265828587e-10
31800.04800076804 3.531605608520405e-10
31850.04800076804 7.215641155329565e-11
31900.04800076804 1.8266002052738436e-10
31950.04800076804 1.0554406890707662e-10
32000.04800076804 8.757314311089014e-11
32050.04800076804 8.17534251149451e-11
32100.04800076804 6.304335089309664e-11
32150.04800076804 7.931087269116166e-11
32200.04800076804 4.031988498609194e-11
32250.04800076804 1.239386129788497e-10
32300.04800076804 2.993858740291371e-11
32350.04800076804 1.2407236456969535e-10
32400.04800076804 2.5005623552223208e-11
32450.04800076804 6.952646346341875e-11
32500.04800076804 2.9689085183552966e-11
32550.04800076804 7.735658768695546e-11
32600.04800076804 2.7908241010108454e-11
32650.04800076804 1.5659081155854588e-10
32700.04800076804 4.785941791718148e-11
32750.04800076804 3.159041430645484e-10
32800.04800076804 1.4605441274819633e-10
32850.04800076804 5.422221769339717e-10
32900.04800076804 4.0951348806548863e-10
32950.04800076804 5.169572036290402e-10
33000.04800076804 1.9299802167770212e-10
33050.04800076804 2.2540276567793278e-10
33100.04800076804 5.928333605510314e-11
33150.04800076804 4.292168765112549e-14
33200.04800076804 1.653999951026099e-12
33250.04800076804 2.6262534166180367e-12
33300.04800076804 1.661823125881132e-11
33350.04800076804 5.794198488020624e-11
33400.04800076804 1.7361214764689594e-10
33450.04800076804 8.581945500580405e-11
33500.04800076804 3.403929504087162e-10
33550.04800076804 1.181106666823e-10
33600.04800076804 1.777888968585776e-10
33650.04800076804 1.5290664281036996e-10
33700.04800076804 8.564196431017684e-11
33750.04800076804 2.4798274375136873e-10
33800.04800076804 4.021045953186347e-11
33850.04800076804 1.4354341674509778e-10
33900.04800076804 1.665353337755547e-10
33950.04800076804 1.417916358341432e-10
34000.04800076804 2.895853868268673e-10
34050.04800076804 4.41046499812449e-11
34100.04800076804 2.355345576858329e-10
34150.04800076804 1.0705691610734327e-10
34200.04800076804 2.2938367048520566e-10
34250.04800076804 1.5170295313929134e-10
34300.04800076804 1.6007849824978983e-10
34350.04800076804 3.9293792524595854e-10
34400.04800076804 1.1933239684125895e-10
34450.04800076804 3.484070715538675e-10
34500.04800076804 1.5101395507968173e-10
34550.04800076804 1.436616284033417e-10
34600.04800076804 5.990456527543458e-10
34650.04800076804 9.376394476950074e-11
34700.04800076804 2.552878592290969e-10
34750.04800076804 2.081086182388924e-10
34800.04800076804 2.200301495688273e-10
34850.04800076804 4.986030484405879e-10
34900.04800076804 1.9048805852484668e-10
34950.04800076804 3.1905670675339613e-10
35000.04800076804 8.874817057888336e-10
35050.04800076804 4.4147729609746297e-10
35100.04800076804 9.175968021282609e-10
35150.04800076804 7.63067438679281e-10
35200.04800076804 8.453318762550888e-10
35250.04800076804 1.0618088680230536e-09
35300.04800076804 5.460531782034601e-10
35350.04800076804 8.170157917738796e-10
35400.04800076804 5.951366559971744e-10
35450.04800076804 4.381687033478141e-10
35500.04800076804 2.003944017809975e-09
35550.04800076804 9.920039101895037e-10
35600.04800076804 1.3649332380729857e-09
35650.04800076804 1.5316746346030867e-09
35700.04800076804 1.1266220433690284e-09
35750.04800076804 2.213219816511009e-09
35800.04800076804 1.1840467378613012e-09
35850.04800076804 5.776428712269137e-10
35900.04800076804 1.1286269207018133e-09
35950.04800076804 1.06440794281859e-09
36000.04800076804 5.021207551351148e-10
36050.04800076804 9.436189876287238e-10
36100.04800076804 7.99260670599116e-10
36150.04800076804 2.1302948501035167e-09
36200.04800076804 1.7754249902266843e-09
36250.04800076804 1.5926044114990575e-09
36300.04800076804 2.758040243997697e-09
36350.04800076804 1.638262713352693e-09
36400.04800076804 3.309262861086348e-09
36450.04800076804 2.16367925620792e-09
36500.04800076804 2.7229473203024954e-09
36550.04800076804 4.604784966496729e-09
36600.04800076804 4.4722337096374775e-09
36650.04800076804 3.779634595212319e-09
36700.04800076804 4.733816954037785e-09
36750.04800076804 5.289192706763827e-09
36800.04800076804 4.715743261401187e-09
36850.04800076804 2.4906409777229056e-09
36900.04800076804 4.106544639742549e-09
36950.04800076804 4.912402157017101e-09
37000.04800076804 3.469165255366064e-09
37050.04800076804 6.10987492863188e-09
37100.04800076804 4.473502986153685e-09
37150.04800076804 4.620250285977537e-09
37200.04800076804 4.840511482131981e-09
37250.04800076804 4.084925713860292e-09
37300.04800076804 3.4127223090947848e-09
37350.04800076804 5.836790920309963e-09
37400.04800076804 6.753339847939594e-09
37450.04800076804 3.081735217335041e-09
37500.04800076804 5.308892539775211e-09
37550.04800076804 8.63918911772378e-09
37600.04800076804 1.1941516714313065e-08
37650.04800076804 5.7809956529314694e-09
37700.04800076804 8.714362842895698e-09
37750.04800076804 5.019938626596828e-09
37800.04800076804 5.402095982336231e-09
37850.04800076804 3.304857257946011e-09
37900.04800076804 4.980384213242768e-09
37950.04800076804 7.694374486277381e-09
38000.04800076804 8.986002671418395e-09
38050.04800076804 1.2644637415783429e-08
38100.04800076804 1.2567730021671042e-08
38150.04800076804 1.2818455289401193e-08
38200.04800076804 1.278773408193417e-08
38250.04800076804 1.3308820303701982e-08
38300.04800076804 2.491498185487094e-08
38350.04800076804 1.89805166797789e-08
38400.04800076804 8.252524294877067e-09
38450.04800076804 5.633927555489791e-09
38500.04800076804 2.596678318436039e-09
38550.04800076804 6.9926644290148265e-09
38600.04800076804 9.190837043354464e-09
38650.04800076804 1.2801506464840211e-08
38700.04800076804 9.910242413195528e-09
38750.04800076804 1.2952291753307695e-08
38800.04800076804 8.845907011945316e-09
38850.04800076804 1.6023544852650948e-08
38900.04800076804 1.6068774956953426e-08
38950.04800076804 1.0723194683256407e-08
39000.04800076804 2.0292962245160478e-08
39050.04800076804 1.184455764800526e-08
39100.04800076804 1.8863570240076254e-08
39150.04800076804 1.714591975827091e-08
39200.04800076804 1.1680061772834996e-08
39250.04800076804 1.9691879087863852e-08
39300.04800076804 1.5975590306086164e-08
39350.04800076804 3.294776580447653e-08
39400.04800076804 1.959006759883303e-08
39450.04800076804 2.164625815594866e-08
39500.04800076804 2.29607220958739e-08
39550.04800076804 1.60137485454105e-08
39600.04800076804 2.5832872241086904e-08
39650.04800076804 3.413927175072455e-08
39700.04800076804 2.1216422032659964e-08
39750.04800076804 1.2735520678544541e-08
39800.04800076804 1.6585729315353754e-08
39850.04800076804 3.043110416342493e-08
39900.04800076804 3.5509104508784306e-08
39950.04800076804 2.1822562507679565e-08
40000.04800076804 3.653752322036095e-08
40050.04800076804 3.039889699044229e-08
40100.04800076804 1.3350757993597454e-08
40150.04800076804 3.481773893836625e-08
40200.04800076804 3.6195466157504106e-08
40250.04800076804 3.80559277770067e-08
40300.04800076804 4.142358090985861e-08
40350.04800076804 2.0990646132940745e-08
40400.04800076804 3.831956899338345e-08
40450.04800076804 2.2429271511475246e-08
40500.04800076804 4.710726467831984e-08
40550.04800076804 4.048434124527994e-08
40600.04800076804 3.5370109176714105e-08
40650.04800076804 3.143723247293134e-08
40700.04800076804 6.456201020852883e-08
40750.04800076804 4.490362535208322e-08
40800.04800076804 2.5083989477031934e-08
40850.04800076804 6.32513914641926e-08
40900.04800076804 5.016268067049804e-08
40950.04800076804 3.5483492672498035e-08
41000.04800076804 4.6315064921429435e-08
41050.04800076804 6.722548253060084e-08
41100.04800076804 3.666375058711796e-08
41150.04800076804 2.203661466358683e-08
41200.04800076804 7.023853569174207e-08
41250.04800076804 4.785177249076066e-08
41300.04800076804 4.8139119855928335e-08
41350.04800076804 7.349072214682582e-08
41400.04800076804 5.341864714694159e-08
41450.04800076804 6.749114099546068e-08
41500.04800076804 4.3067450347175335e-08
41550.04800076804 3.700846827156301e-08
41600.04800076804 5.587703582682548e-08
41650.04800076804 6.682735192683898e-08
41700.04800076804 6.282477343566958e-08
41750.04800076804 5.5156327770655744e-08
41800.04800076804 7.403171355476958e-08
41850.04800076804 4.8812913927027265e-08
41900.04800076804 4.4026415716297776e-08
41950.04800076804 5.375980865651998e-08
42000.04800076804 6.474454414129415e-08
42050.04800076804 5.5437445440189e-08
42100.04800076804 7.357656616791973e-08
42150.04800076804 5.481569156935133e-08
42200.04800076804 6.48633561712782e-08
42250.04800076804 4.6462972448366185e-08
42300.04800076804 4.268541723905005e-08
42350.04800076804 6.266532556543201e-08
42400.04800076804 6.397914645766332e-08
42450.04800076804 6.956198696159213e-08
42500.04800076804 6.239988640198904e-08
42550.04800076804 5.776114017607257e-08
42600.04800076804 5.700493055485177e-08
42650.04800076804 9.507966982008459e-08
42700.04800076804 4.1471958812243453e-08
42750.04800076804 5.6916461605229786e-08
42800.04800076804 5.761510270512135e-08
42850.04800076804 7.36709142369798e-08
42900.04800076804 8.045309947003985e-08
42950.04800076804 5.600689238532429e-08
43000.04800076804 7.965816174111815e-08
43050.04800076804 3.1870229980674964e-08
43100.04800076804 5.1122391458968e-08
43150.04800076804 5.827931140187857e-08
43200.04800076804 7.775965831152096e-08
43250.04800076804 9.673127119451901e-08
43300.04800076804 9.882714986106464e-08
43350.04800076804 5.3450902623772203e-08
43400.04800076804 7.219250748517253e-08
43450.04800076804 4.356395581722257e-08
43500.04800076804 5.1471564130407134e-08
43550.04800076804 5.531668052470616e-08
43600.04800076804 7.904777619525739e-08
43650.04800076804 4.1249186574978313e-08
