galfind/configs/Brown_Dwarf_templates/sonora_cholla/logkzz7/56g/500K_56g_logkzz7_resample.dat
# %ECSV 1.0
# ---
# datatype:
# - {name: wav, unit: Angstrom, datatype: float64}
# - {name: flux_nu, unit: erg / (cm2 Hz s), datatype: float64}
# schema: astropy-2.0
wav flux_nu
[from data line 815]
43750.04800076804 9.115850087365629e-08
43800.04800076804 6.245661528956272e-08
43850.04800076804 7.037031403816626e-08
43900.04800076804 5.4361863668060854e-08
43950.04800076804 3.535681369783676e-08
44000.04800076804 2.9482886173358693e-08
44050.04800076804 6.272761013355741e-08
44100.04800076804 7.422367837784619e-08
44150.04800076804 6.82523822006818e-08
44200.04800076804 5.990005448350464e-08
44250.04800076804 3.8126053029766075e-08
44300.04800076804 3.542130369961434e-08
44350.04800076804 3.2328406469415965e-08
44400.04800076804 3.139707837726165e-08
44450.04800076804 3.618710291512567e-08
44500.04800076804 2.9767178449256953e-08
44550.04800076804 3.512500786924527e-08
44600.04800076804 2.419461312366219e-08
44650.04800076804 2.831621664621356e-08
44700.04800076804 2.1563882583637483e-08
44750.04800076804 2.3827230088956478e-08
44800.04800076804 1.8180579917596374e-08
44850.04800076804 1.7717374912604285e-08
44900.04800076804 1.2783050642450144e-08
44950.04800076804 1.0730508431376179e-08
45000.04800076804 1.1235949944982195e-08
45050.04800076804 1.1382218762513969e-08
45100.04800076804 1.059892973227795e-08
45150.04800076804 7.935340160620339e-09
45200.04800076804 4.691613547184034e-09
45250.04800076804 5.203128478567827e-09
45300.04800076804 6.461528268318257e-09
45350.04800076804 5.4377533153335334e-09
45400.04800076804 3.795738912300873e-09
45450.04800076804 3.150222339201049e-09
45500.04800076804 3.820689847379895e-09
45550.04800076804 4.21821062638388e-09
45600.04800076804 2.4402832103487197e-09
45650.04800076804 2.5155712480791987e-09
45700.04800076804 3.650538801800551e-09
45750.04800076804 2.6739196495780263e-09
45800.04800076804 1.6399128439053918e-09
45850.04800076804 3.2013644263175064e-09
45900.04800076804 3.0704896452571272e-09
45950.04800076804 1.4356135159181612e-09
46000.04800076804 2.767599603198841e-09
46050.04800076804 3.224378813460262e-09
46100.04800076804 1.4304789841120145e-09
46150.04800076804 3.5568260159670744e-09
46200.04800076804 3.3256741819101033e-09
46250.04800076804 1.2218445132081185e-09
46300.04800076804 4.537828782836082e-09
46350.04800076804 2.7346694792776494e-09
46400.04800076804 3.5842174007292584e-09
46450.04800076804 6.7442858807045556e-09
46500.04800076804 3.6538401544956157e-09
46550.04800076804 8.32208120761324e-09
46600.04800076804 8.667601065077866e-09
46650.04800076804 2.3481521593894806e-08
46700.04800076804 1.3716934107367796e-08
46750.04800076804 6.4257432942750085e-09
46800.04800076804 3.9667973916395375e-09
46850.04800076804 6.228851150322657e-09
46900.04800076804 4.736021381693944e-09
46950.04800076804 8.702348570135835e-09
47000.04800076804 2.3908424308863487e-09
47050.04800076804 7.791357590036886e-09
47100.04800076804 2.298398064364712e-09
47150.04800076804 3.7675889511040445e-09
47200.04800076804 4.3893070366097035e-09
47250.04800076804 2.318307418140941e-09
47300.04800076804 3.735974213759033e-09
47350.04800076804 2.1856774821605513e-09
47400.04800076804 6.225851981547898e-09
47450.04800076804 1.7289084754610642e-09
47500.04800076804 7.854614764644905e-09
47550.04800076804 2.267298210347157e-09
47600.04800076804 7.633276469580795e-09
47650.04800076804 2.9153900511516267e-09
47700.04800076804 7.83090388045833e-09
47750.04800076804 2.8441086134518837e-09
47800.04800076804 7.162151395111317e-09
47850.04800076804 3.347481537725734e-09
47900.04800076804 5.713368154078025e-09
47950.04800076804 4.274804335032815e-09
48000.04800076804 1.1522500737576408e-08
48050.04800076804 6.549950125463339e-09
48100.04800076804 1.0343685621912837e-08
48150.04800076804 7.76180125805977e-09
48200.04800076804 1.2569330334163093e-08
48250.04800076804 8.493945535070834e-09
48300.04800076804 1.7796975695562617e-08
48350.04800076804 8.109717209145999e-09
48400.04800076804 8.303823068618405e-09
48450.04800076804 7.559985590922517e-09
48500.04800076804 1.5834586687576334e-08
48550.04800076804 7.081288660722588e-09
48600.04800076804 1.824024198163274e-08
48650.04800076804 9.26047852870605e-09
48700.04800076804 2.0850391991677488e-08
48750.04800076804 1.1997899639112802e-08
48800.04800076804 2.2522482412655003e-08
48850.04800076804 1.686861922677037e-08
48900.04800076804 1.8992028007079188e-08
48950.04800076804 1.910029612620912e-08
49000.04800076804 1.3821093906954793e-08
49050.04800076804 2.5021607172195973e-08
49100.04800076804 1.8562038601021393e-08
49150.04800076804 3.158027024072509e-08
49200.04800076804 1.815000047793874e-08
49250.04800076804 3.767468736611055e-08
49300.04800076804 2.149709713675419e-08
49350.04800076804 1.7120121540256512e-08
49400.04800076804 2.461767335159485e-08
49450.04800076804 2.4286415996900912e-08
49500.04800076804 1.9293143214627738e-08
49550.04800076804 4.902927177472457e-09
49600.04800076804 1.6760867642710453e-08
49650.04800076804 2.29626959844096e-08
49700.04800076804 2.5836201709561437e-08
49750.04800076804 4.025046496783296e-08
49800.04800076804 1.794237452581732e-08
49850.04800076804 5.3612645363028105e-08
49900.04800076804 3.666124392759216e-08
49950.04800076804 4.6062564890747504e-08
50000.04800076804 3.530553580514047e-08
50050.04800076804 4.188114453881267e-08
50100.04800076804 3.967024304557421e-08
50150.04800076804 1.3921664383292642e-08
50200.04800076804 3.2892131700570274e-09
50250.04800076804 1.8602506945625868e-08
50300.04800076804 1.387958380897762e-08
50350.04800076804 3.5990552853735146e-08
50400.04800076804 3.984552336695757e-08
50450.04800076804 3.6315757907521665e-08
50500.04800076804 5.397274410213686e-08
50550.04800076804 4.6737904549117325e-08
50600.04800076804 4.0093464242726095e-08
50650.04800076804 4.9496642342647943e-08
50700.04800076804 6.043774721215917e-08
50750.04800076804 4.1434909684757383e-08
50800.04800076804 1.267729147048956e-08
50850.04800076804 6.496915112830574e-09
50900.04800076804 3.89971369033938e-08
50950.04800076804 4.139133866800467e-08
51000.04800076804 2.77139840256543e-08
51050.04800076804 4.2182789074601563e-08
51100.04800076804 1.2205499122280344e-08
51150.04800076804 1.7732869533877378e-08
51200.04800076804 5.687134758886247e-08
51250.04800076804 3.98642566922013e-08
51300.04800076804 2.6966616212859673e-08
51350.04800076804 2.7406838453338406e-08
51400.04800076804 8.284620699971218e-09
51450.04800076804 7.029994199289918e-09
51500.04800076804 6.36012450935182e-09
51550.04800076804 2.338946589308953e-08
51600.04800076804 2.0604442589495262e-08
51650.04800076804 3.471470605964238e-08
51700.04800076804 3.141937259250029e-08
51750.04800076804 1.922248612092279e-08
51800.04800076804 4.530439025862594e-08
51850.04800076804 3.737542332887042e-08
51900.04800076804 4.0039512432813543e-08
51950.04800076804 2.0383543701037603e-08
52000.04800076804 2.153893655343501e-09
52050.04800076804 1.0925709325018752e-08
52100.04800076804 6.4789927983178205e-09
52150.04800076804 3.196924231242887e-09
52200.04800076804 9.735280861526426e-09
52250.04800076804 2.120749769221817e-08
52300.04800076804 2.8174241334454766e-08
52350.04800076804 7.544321402976692e-09
52400.04800076804 8.275911977730014e-09
52450.04800076804 3.251107725245969e-08
52500.04800076804 2.7074950976838844e-08
52550.04800076804 2.973044603615988e-08
52600.04800076804 2.3243558423368962e-08
52650.04800076804 2.3755486942632165e-08
52700.04800076804 1.856462556996842e-08
52750.04800076804 7.269652303952185e-09
52800.04800076804 1.131646474859118e-08
52850.04800076804 1.5595900623791942e-08
52900.04800076804 5.7664871580393766e-09
52950.04800076804 9.36885629321171e-09
53000.04800076804 2.570912661795182e-08
53050.04800076804 6.677970953207189e-09
53100.04800076804 3.1525989268642e-08
53150.04800076804 3.718678715146264e-08
53200.04800076804 1.3973476499519603e-08
53250.04800076804 3.447129715223266e-08
53300.04800076804 3.41076508654331e-08
53350.04800076804 3.27069468678728e-08
53400.04800076804 2.0079467218795814e-08
53450.04800076804 4.429483265777888e-09
53500.04800076804 9.50497936598253e-10
53550.04800076804 2.367363945712573e-09
53600.04800076804 1.174028025691632e-08
53650.04800076804 1.49050002690919e-08
53700.04800076804 1.146298602254139e-08
53750.04800076804 1.0811981783989948e-08
53800.04800076804 9.46466744599912e-09
53850.04800076804 1.544191280056835e-08
53900.04800076804 2.7133934192973106e-08
53950.04800076804 2.579015025335157e-08
54000.04800076804 1.6200389289052492e-08
54050.04800076804 1.7356459636784233e-08
54100.04800076804 3.3362379584601177e-09
54150.04800076804 4.823071283632927e-09
54200.04800076804 6.904048821595583e-10
54250.04800076804 2.0937086399503348e-09
54300.04800076804 7.61209948426086e-09
54350.04800076804 1.1288490931110414e-08
54400.04800076804 8.885177369526759e-09
54450.04800076804 8.042200718433144e-09
54500.04800076804 6.910946027914063e-09
54550.04800076804 7.586171184813665e-09
54600.04800076804 6.004773466917451e-09
54650.04800076804 6.109001119120775e-10
54700.04800076804 6.2402690306376545e-09
54750.04800076804 6.4973132376014725e-09
54800.04800076804 3.305453967837639e-09
54850.04800076804 6.396377586006403e-09
54900.04800076804 1.2108046123960891e-08
54950.04800076804 2.0354553903486577e-08
55000.04800076804 5.17124636620977e-09
55050.04800076804 9.269984435474937e-09
55100.04800076804 1.282306034818692e-08
55150.04800076804 5.093919574638182e-09
55200.04800076804 3.5919546748208766e-09
55250.04800076804 6.2405753616255815e-09
55300.04800076804 4.218164140304106e-09
55350.04800076804 9.709376164033939e-09
55400.04800076804 1.0633627731034495e-08
55450.04800076804 6.13988284801648e-09
55500.04800076804 2.07938494124588e-09
55550.04800076804 1.619198428517682e-09
55600.04800076804 3.8619727035949556e-09
55650.04800076804 3.694939435771333e-09
55700.04800076804 3.421500902800371e-09
55750.04800076804 2.5338510637061046e-09
55800.04800076804 8.841953720223413e-10
55850.04800076804 2.1194377662731407e-09
55900.04800076804 6.392631063907301e-09
55950.04800076804 1.0230466071181394e-08
56000.04800076804 3.2147863877353975e-09
56050.04800076804 4.081249939317805e-09
56100.04800076804 6.858099743795145e-09
56150.04800076804 1.965273500749655e-09
56200.04800076804 4.017560876691964e-09
56250.04800076804 7.95409599955809e-09
56300.04800076804 4.280157327241834e-09
56350.04800076804 2.254221190506298e-09
56400.04800076804 5.131854090088914e-10
56450.04800076804 5.345970356095858e-10
56500.04800076804 2.927991246075355e-09
56550.04800076804 1.1635160115956851e-09
56600.04800076804 5.8743984315453365e-09
56650.04800076804 7.596496635686335e-09
56700.04800076804 4.4536041633516555e-09
56750.04800076804 1.0657027612021238e-09
56800.04800076804 3.099314256718443e-09
56850.04800076804 4.632702866110177e-09
56900.04800076804 2.132152714502741e-09
56950.04800076804 5.3462679499234955e-09
57000.04800076804 7.498076187727113e-09
57050.04800076804 2.8229773356464792e-09
57100.04800076804 6.917024666157e-10
57150.04800076804 1.3353250675256382e-09
57200.04800076804 1.0012650151190644e-09
57250.04800076804 1.6154279314644639e-09
57300.04800076804 3.138423013553452e-09
57350.04800076804 1.2412606697536735e-09
57400.04800076804 4.256248319601569e-09
57450.04800076804 1.4914170210173976e-09
57500.04800076804 1.5507625250442727e-09
57550.04800076804 2.685575782161438e-09
57600.04800076804 2.1133159739164826e-09
57650.04800076804 2.927293563673212e-10
57700.04800076804 7.792822017160128e-10
57750.04800076804 2.251555229753949e-09
57800.04800076804 8.205463497671972e-10
57850.04800076804 8.212123860429077e-09
57900.04800076804 9.569851763722108e-09
57950.04800076804 1.1342956413641059e-08
58000.04800076804 2.217465969599368e-09
58050.04800076804 5.362944302703565e-09
58100.04800076804 4.204562975739039e-09
58150.04800076804 2.2366166870121872e-09
58200.04800076804 2.619164884473127e-10
58250.04800076804 7.93305502224395e-10
58300.04800076804 8.841957419508742e-10
58350.04800076804 1.3685160582394602e-09
58400.04800076804 4.4130525144681265e-09
58450.04800076804 4.904861740971856e-09
58500.04800076804 5.155965886563607e-09
58550.04800076804 3.4046347823553313e-09
58600.04800076804 8.85669548436656e-10
58650.04800076804 1.4461580396166988e-09
58700.04800076804 2.4514050078410787e-09
58750.04800076804 1.5802692361397707e-09
58800.04800076804 8.871145065810778e-11
58850.04800076804 8.730228658544267e-10
58900.04800076804 1.4010562710867419e-09
58950.04800076804 4.657772876661193e-10
59000.04800076804 1.6590308051748019e-09
59050.04800076804 3.4587690814078052e-09
59100.04800076804 2.765949419280566e-09
59150.04800076804 2.081216632413238e-09
59200.04800076804 3.1443735737450176e-09
59250.04800076804 3.232777724551815e-09
59300.04800076804 1.988039242496165e-09
59350.04800076804 1.6351429135151432e-10
59400.04800076804 3.178771369997098e-10
59450.04800076804 2.4995578288753487e-09
59500.04800076804 1.519449563814182e-09
59550.04800076804 3.207357421064399e-09
59600.04800076804 4.395547994514712e-09
59650.04800076804 1.684153381712636e-09
59700.04800076804 9.292042185818946e-10
59750.04800076804 4.277963972700073e-09
59800.04800076804 1.6538305884995986e-09
59850.04800076804 2.066304486065824e-09
59900.04800076804 4.957786875822815e-10
59950.04800076804 1.9322496253409338e-09
60000.04800076804 5.541370359953215e-09
60050.04800076804 6.717548483142352e-09
60100.04800076804 3.4162397746211336e-09
60150.04800076804 1.0505266362518556e-09
60200.04800076804 3.851869461736644e-09
60250.04800076804 7.466685796194523e-09
60300.04800076804 6.210176367316541e-09
60350.04800076804 3.516144387187282e-09
60400.04800076804 2.450055173674803e-09
60450.04800076804 3.2634346485742416e-10
60500.04800076804 5.345494292459477e-11
60550.04800076804 1.6070345594377356e-09
60600.04800076804 3.2930024648181855e-09
60650.04800076804 1.5643699520023154e-09
60700.04800076804 8.944959192261327e-10
60750.04800076804 3.508374223815656e-10
60800.04800076804 2.960096700546802e-09
60850.04800076804 7.144296297156737e-09
60900.04800076804 6.564659337452841e-09
60950.04800076804 4.459900022760813e-09
61000.04800076804 5.075156916981595e-09
61050.04800076804 1.1565835822756648e-09
61100.04800076804 1.1310625358656293e-09
61150.04800076804 2.2002580061753339e-10
61200.04800076804 2.5932901143214526e-09
61250.04800076804 4.9413395453686895e-09
61300.04800076804 4.594087503158869e-09
61350.04800076804 8.790445025976644e-09
61400.04800076804 2.055880902346345e-09
61450.04800076804 3.976294426022547e-10
61500.04800076804 5.82321694573113e-10
61550.04800076804 2.5403915341265883e-09
61600.04800076804 6.014244309897086e-10
61650.04800076804 1.9783519861118196e-09
61700.04800076804 2.794106386628635e-09
61750.04800076804 3.0927932584966543e-09
61800.04800076804 1.9670570844385517e-09
61850.04800076804 3.230591872478979e-10
61900.04800076804 3.78197573201358e-09
61950.04800076804 5.316907011911161e-09
62000.04800076804 7.113551088569541e-09
62050.04800076804 1.0046257394312412e-08
62100.04800076804 3.481778190871774e-09
62150.04800076804 7.283920610170947e-09
62200.04800076804 6.949596913299699e-09
62250.04800076804 4.720187276191738e-09
62300.04800076804 1.5740279869779094e-08
62350.04800076804 1.1278977548566825e-08
62400.04800076804 4.159450680473211e-09
62450.04800076804 5.9293289955494196e-09
62500.04800076804 1.471898115683833e-08
62550.04800076804 1.6740479145602294e-08
62600.04800076804 1.1826363023211263e-08
62650.04800076804 8.497096814818184e-09
62700.04800076804 5.25083709860869e-09
62750.04800076804 1.0719797175856513e-08
62800.04800076804 6.183340545939719e-09
62850.04800076804 1.0024555943172928e-08
62900.04800076804 7.1203857184041085e-09
62950.04800076804 1.803927471354827e-08
63000.04800076804 9.471449284561003e-09
63050.04800076804 2.729309251931726e-08
63100.04800076804 2.183542879543486e-08
63150.04800076804 1.5182335876819884e-08
63200.04800076804 1.2393601998913487e-08
63250.04800076804 1.1982060754699851e-08
63300.04800076804 6.908075233162878e-09
63350.04800076804 5.2860688056662846e-09
63400.04800076804 1.4056967620969246e-09
63450.04800076804 4.92531399686548e-10
63500.04800076804 4.16324520943484e-09
