galfind/configs/Brown_Dwarf_templates/sonora_cholla/logkzz7/56g/550K_56g_logkzz7_resample.dat
# %ECSV 1.0
# ---
# datatype:
# - {name: wav, unit: Angstrom, datatype: float64}
# - {name: flux_nu, unit: erg / (cm2 Hz s), datatype: float64}
# schema: astropy-2.0
wav flux_nu
[from data line 417]
23850.04800076804 3.55269020309284e-11
23900.04800076804 7.452485052860968e-11
23950.04800076804 5.699358803683999e-11
24000.04800076804 9.807062476026148e-11
24050.04800076804 1.3450124925613357e-10
24100.04800076804 1.256003024257104e-10
24150.04800076804 1.7686157248127573e-10
24200.04800076804 1.235803802785803e-10
24250.04800076804 7.920934339446821e-11
24300.04800076804 1.8971670184645593e-10
24350.04800076804 1.3022497793228424e-10
24400.04800076804 2.85638458175685e-10
24450.04800076804 3.0567785826175574e-10
24500.04800076804 2.96201591046795e-10
24550.04800076804 4.578014723999818e-10
24600.04800076804 5.842339586390886e-10
24650.04800076804 6.389853710788055e-10
24700.04800076804 4.969619628455005e-10
24750.04800076804 5.781289063897837e-10
24800.04800076804 5.31970178713149e-10
24850.04800076804 8.201091301217072e-10
24900.04800076804 3.5961188362998835e-10
24950.04800076804 6.614855317490431e-10
25000.04800076804 7.457511573443086e-10
25050.04800076804 4.3870870016764627e-10
25100.04800076804 6.180828023622573e-10
25150.04800076804 2.803798610710345e-10
25200.04800076804 4.405330536572741e-10
25250.04800076804 1.7832529659967042e-10
25300.04800076804 2.732494235894393e-10
25350.04800076804 1.0707106842138241e-10
25400.04800076804 2.906670846972617e-10
25450.04800076804 1.0706956151382742e-10
25500.04800076804 8.099280597481695e-11
25550.04800076804 1.871581258289891e-10
25600.04800076804 3.9446242169903575e-11
25650.04800076804 4.252291856237172e-11
25700.04800076804 5.119789733748649e-11
25750.04800076804 1.89452828606184e-11
25800.04800076804 9.739450971416369e-11
25850.04800076804 1.4984772432950134e-11
25900.04800076804 2.594812289255519e-11
25950.04800076804 6.722224663686359e-12
26000.04800076804 7.547487312571867e-11
26050.04800076804 9.79194501310418e-12
26100.04800076804 5.940028758237902e-11
26150.04800076804 2.4257938983009876e-11
26200.04800076804 2.697375594485938e-11
26250.04800076804 2.013466743486182e-10
26300.04800076804 4.425280200142539e-11
26350.04800076804 2.7248183004859713e-10
26400.04800076804 4.931083750056876e-10
26450.04800076804 3.382082578088982e-10
26500.04800076804 6.403590940435883e-10
26550.04800076804 9.648116099184566e-11
26600.04800076804 8.770119073473679e-11
26650.04800076804 1.7153056490640817e-11
26700.04800076804 5.866523854733806e-12
26750.04800076804 1.4371971842380525e-11
26800.04800076804 3.323881346462136e-11
26850.04800076804 2.3471971120473423e-11
26900.04800076804 1.1429839477023167e-10
26950.04800076804 3.283455821073113e-11
27000.04800076804 1.6794514922333056e-10
27050.04800076804 1.8974174891878185e-10
27100.04800076804 3.30575843282071e-11
27150.04800076804 2.3929160372376384e-10
27200.04800076804 2.753267845504544e-11
27250.04800076804 9.329959784552219e-11
27300.04800076804 7.813220742939782e-10
27350.04800076804 2.449305691874284e-10
27400.04800076804 1.261926283797964e-11
27450.04800076804 3.6508135114101383e-10
27500.04800076804 4.946335123783819e-10
27550.04800076804 6.612317270817505e-11
27600.04800076804 2.0420657720666086e-10
27650.04800076804 5.1774940257799175e-11
27700.04800076804 4.232574431254304e-11
27750.04800076804 2.7939258190830854e-10
27800.04800076804 8.999023586075265e-11
27850.04800076804 1.384306384079044e-10
27900.04800076804 1.8901009869176848e-10
27950.04800076804 4.733336034674846e-10
28000.04800076804 3.773346670252365e-10
28050.04800076804 6.194100721881872e-11
28100.04800076804 6.317621338746897e-10
28150.04800076804 3.7509614545211285e-10
28200.04800076804 8.492365785407161e-11
28250.04800076804 7.256867028110308e-10
28300.04800076804 1.1451209779322963e-09
28350.04800076804 1.3853250020650888e-10
28400.04800076804 5.975475201566973e-10
28450.04800076804 1.3079109543454986e-09
28500.04800076804 5.791057673312363e-10
28550.04800076804 1.340568064714013e-10
28600.04800076804 9.279263716387592e-10
28650.04800076804 1.0056796485521466e-09
28700.04800076804 8.304755464124776e-10
28750.04800076804 1.8384955616330986e-09
28800.04800076804 1.399704401708788e-09
28850.04800076804 1.7344984475655197e-09
28900.04800076804 8.031003954295151e-10
28950.04800076804 2.6818176215840462e-09
29000.04800076804 1.5053531628826702e-09
29050.04800076804 1.6211046756560681e-09
29100.04800076804 1.3381945117123972e-09
29150.04800076804 2.824614067159152e-09
29200.04800076804 1.918309138140251e-09
29250.04800076804 2.664572761671815e-09
29300.04800076804 1.5171307549262255e-09
29350.04800076804 7.380812327005056e-09
29400.04800076804 1.5550174300685954e-09
29450.04800076804 2.065821054170491e-09
29500.04800076804 3.862247434783382e-09
29550.04800076804 2.0608368355500658e-09
29600.04800076804 3.764178520495809e-09
29650.04800076804 4.999280546310565e-09
29700.04800076804 1.5941868121570065e-09
29750.04800076804 3.225013478156446e-09
29800.04800076804 3.4933017752027164e-09
29850.04800076804 5.903824141438627e-09
29900.04800076804 5.976856376485854e-09
29950.04800076804 3.961000120300784e-09
30000.04800076804 1.101676189919408e-09
30050.04800076804 2.0054750582132604e-09
30100.04800076804 3.6095754538715933e-09
30150.04800076804 5.509834140361663e-09
30200.04800076804 3.0354306499275637e-09
30250.04800076804 8.072249517910513e-09
30300.04800076804 7.475129057227259e-09
30350.04800076804 3.6433244228456544e-09
30400.04800076804 6.8720543863207134e-09
30450.04800076804 5.316931960959163e-09
30500.04800076804 4.1294844920148e-09
30550.04800076804 3.0404931698352624e-09
30600.04800076804 8.21115750628819e-09
30650.04800076804 5.283876390519309e-09
30700.04800076804 4.1115876050664936e-09
30750.04800076804 5.484466488105611e-09
30800.04800076804 3.4858115479384306e-09
30850.04800076804 5.037527994252844e-09
30900.04800076804 4.242752607455064e-09
30950.04800076804 2.0715608569350075e-09
31000.04800076804 3.6082288651123144e-09
31050.04800076804 2.8296427991603734e-09
31100.04800076804 1.7873778454495477e-09
31150.04800076804 2.5610880314668952e-09
31200.04800076804 3.687022560755171e-09
31250.04800076804 1.9318426057041397e-09
31300.04800076804 1.4929138204138865e-09
31350.04800076804 2.331211609417461e-09
31400.04800076804 1.1937064101237323e-09
31450.04800076804 1.9706440016693875e-09
31500.04800076804 8.53107389413034e-10
31550.04800076804 1.064610938317541e-09
31600.04800076804 6.750698394939776e-10
31650.04800076804 6.865086869399106e-10
31700.04800076804 8.310777772574412e-10
31750.04800076804 2.71881354206388e-10
31800.04800076804 7.820454757323429e-10
31850.04800076804 2.028524722351075e-10
31900.04800076804 4.5051095527522583e-10
31950.04800076804 2.675832997234218e-10
32000.04800076804 2.485298349398521e-10
32050.04800076804 2.1016562542352158e-10
32100.04800076804 1.6742957865757636e-10
32150.04800076804 2.2754604900118524e-10
32200.04800076804 1.1984107302509357e-10
32250.04800076804 3.651304974479951e-10
32300.04800076804 9.25577666869562e-11
32350.04800076804 3.653228482840056e-10
32400.04800076804 8.820362639654059e-11
32450.04800076804 2.1510187798257427e-10
32500.04800076804 1.1343126431288561e-10
32550.04800076804 2.426953324298358e-10
32600.04800076804 1.1373646710821665e-10
32650.04800076804 4.4929556334266344e-10
32700.04800076804 1.8745891201762092e-10
32750.04800076804 7.988386930349873e-10
32800.04800076804 4.245396040387368e-10
32850.04800076804 1.2456084295735876e-09
32900.04800076804 9.900612774957435e-10
32950.04800076804 1.2713604564277695e-09
33000.04800076804 5.593783099919796e-10
33050.04800076804 6.656888228431279e-10
33100.04800076804 1.9488080995432895e-10
33150.04800076804 3.6407592536935414e-13
33200.04800076804 6.272665256716183e-12
33250.04800076804 8.317013151889471e-12
33300.04800076804 3.56274647773342e-11
33350.04800076804 1.3114389387981713e-10
33400.04800076804 3.5014268184231883e-10
33450.04800076804 2.2381521462399615e-10
33500.04800076804 7.660282088243037e-10
33550.04800076804 3.2936043078468094e-10
33600.04800076804 4.878356426510135e-10
33650.04800076804 3.976917472748355e-10
33700.04800076804 2.5744260349180507e-10
33750.04800076804 6.63043795449557e-10
33800.04800076804 1.3311211054625264e-10
33850.04800076804 3.9470902886574016e-10
33900.04800076804 4.489660573476289e-10
33950.04800076804 3.8924235943798253e-10
34000.04800076804 7.335050464059153e-10
34050.04800076804 1.3661982052467706e-10
34100.04800076804 6.037959377497271e-10
34150.04800076804 2.956634329614398e-10
34200.04800076804 5.717085737577614e-10
34250.04800076804 3.9966358848800815e-10
34300.04800076804 4.003438405976997e-10
34350.04800076804 8.478624203281962e-10
34400.04800076804 3.261506870756688e-10
34450.04800076804 8.243749048952803e-10
34500.04800076804 3.6226629704712733e-10
34550.04800076804 3.2012309729144913e-10
34600.04800076804 1.2156137496611695e-09
34650.04800076804 2.5126400983744e-10
34700.04800076804 5.538885005859403e-10
34750.04800076804 4.6449932624168215e-10
34800.04800076804 4.699948050042622e-10
34850.04800076804 1.0083141857517861e-09
34900.04800076804 5.157782936837954e-10
34950.04800076804 6.712135660628397e-10
35000.04800076804 1.7057710778570402e-09
35050.04800076804 8.810305750671238e-10
35100.04800076804 1.760717862516015e-09
35150.04800076804 1.4284995829367922e-09
35200.04800076804 1.7199014988933094e-09
35250.04800076804 2.053964330150457e-09
35300.04800076804 1.171773589338726e-09
35350.04800076804 1.8383914543378358e-09
35400.04800076804 1.3821672877706413e-09
35450.04800076804 1.0539412466914382e-09
35500.04800076804 4.048797446492751e-09
35550.04800076804 2.063016037396444e-09
35600.04800076804 2.7157890875716344e-09
35650.04800076804 2.8953182524892215e-09
35700.04800076804 2.054459941026434e-09
35750.04800076804 4.48780439162722e-09
35800.04800076804 2.51998583837338e-09
35850.04800076804 1.3468951049717443e-09
35900.04800076804 2.5108802811756006e-09
35950.04800076804 2.2989863968346894e-09
36000.04800076804 1.0677179673478604e-09
36050.04800076804 2.1159907409900734e-09
36100.04800076804 1.8145230855698683e-09
36150.04800076804 3.8224087703239565e-09
36200.04800076804 3.213446924956211e-09
36250.04800076804 3.2641478452615375e-09
36300.04800076804 4.775981114392488e-09
36350.04800076804 3.2078528386263984e-09
36400.04800076804 6.1556581815870275e-09
36450.04800076804 4.406959060344996e-09
36500.04800076804 5.321907918157974e-09
36550.04800076804 7.94470468085139e-09
36600.04800076804 8.1251536463627e-09
36650.04800076804 7.397512613464699e-09
36700.04800076804 8.936356001435373e-09
36750.04800076804 9.708292434430821e-09
36800.04800076804 8.50697363037763e-09
36850.04800076804 5.095688747693178e-09
36900.04800076804 7.898376888845195e-09
36950.04800076804 8.740842706550297e-09
37000.04800076804 6.950122339062613e-09
37050.04800076804 1.0708088785726384e-08
37100.04800076804 9.04673610745928e-09
37150.04800076804 9.081393630151827e-09
37200.04800076804 8.662237933435745e-09
37250.04800076804 7.487725879511683e-09
37300.04800076804 6.8482889655776496e-09
37350.04800076804 1.0915666039110315e-08
37400.04800076804 1.2437605829829392e-08
37450.04800076804 6.828225326333786e-09
37500.04800076804 9.5908198630358e-09
37550.04800076804 1.5264971682018887e-08
37600.04800076804 2.040628338616519e-08
37650.04800076804 1.094790446076688e-08
37700.04800076804 1.5449544536540566e-08
37750.04800076804 9.2195339863783e-09
37800.04800076804 1.0376574385756695e-08
37850.04800076804 6.804235780896799e-09
37900.04800076804 9.787309592259548e-09
37950.04800076804 1.4060923739593096e-08
38000.04800076804 1.6775012869227315e-08
38050.04800076804 2.071737797584754e-08
38100.04800076804 2.0844293790885038e-08
38150.04800076804 2.1600375961108835e-08
38200.04800076804 2.2227286280239815e-08
38250.04800076804 2.2285112274703032e-08
38300.04800076804 3.875433352935156e-08
38350.04800076804 3.155910800818049e-08
38400.04800076804 1.533664675481411e-08
38450.04800076804 1.186557827718537e-08
38500.04800076804 5.635758038317571e-09
38550.04800076804 1.2932880780566327e-08
38600.04800076804 1.647788360888302e-08
38650.04800076804 2.3433080166185728e-08
38700.04800076804 1.8827007470911335e-08
38750.04800076804 2.2642419726472812e-08
38800.04800076804 1.591789321076393e-08
38850.04800076804 2.7903234229656814e-08
38900.04800076804 2.8189757163842663e-08
38950.04800076804 1.927191307095431e-08
39000.04800076804 3.422821878315553e-08
39050.04800076804 2.1960153384127806e-08
39100.04800076804 3.225260763136741e-08
39150.04800076804 2.8284804441700198e-08
39200.04800076804 2.0602937135439892e-08
39250.04800076804 3.268210697928633e-08
39300.04800076804 2.8576622099438088e-08
39350.04800076804 5.1818818680054315e-08
39400.04800076804 3.332779160517711e-08
39450.04800076804 3.634771050233562e-08
39500.04800076804 3.754076190397834e-08
39550.04800076804 2.9314630309391992e-08
39600.04800076804 4.243626550670891e-08
39650.04800076804 5.501596556365482e-08
39700.04800076804 3.4937432420195075e-08
39750.04800076804 2.2456124183730174e-08
39800.04800076804 2.964490325429366e-08
39850.04800076804 4.827095604945169e-08
39900.04800076804 5.448019908614558e-08
39950.04800076804 3.8551858888878315e-08
40000.04800076804 5.8398199964822294e-08
40050.04800076804 4.9048902400910825e-08
40100.04800076804 2.4652996786516325e-08
40150.04800076804 5.689229876479715e-08
40200.04800076804 5.788654084431027e-08
40250.04800076804 5.8605856464427936e-08
40300.04800076804 6.520971765648e-08
40350.04800076804 3.635908068719569e-08
40400.04800076804 6.076309595649091e-08
40450.04800076804 3.934789384415137e-08
40500.04800076804 7.241698288220455e-08
40550.04800076804 6.427355120508397e-08
40600.04800076804 5.7067254559199636e-08
40650.04800076804 5.3238890511503823e-08
40700.04800076804 9.718776658644175e-08
40750.04800076804 7.183637906396317e-08
40800.04800076804 4.415522544940183e-08
40850.04800076804 9.538093255101186e-08
40900.04800076804 7.630326154494676e-08
40950.04800076804 5.6666015148282925e-08
41000.04800076804 7.242849570206499e-08
41050.04800076804 9.981108820607791e-08
41100.04800076804 5.555541401612489e-08
41150.04800076804 3.848202547204728e-08
41200.04800076804 1.0401794334786512e-07
41250.04800076804 7.533742704169334e-08
41300.04800076804 7.1209704430714e-08
41350.04800076804 1.0839486871254422e-07
41400.04800076804 8.228764931607175e-08
41450.04800076804 1.0003459695813823e-07
41500.04800076804 6.702373103967892e-08
41550.04800076804 5.944129259277274e-08
41600.04800076804 8.718557927370135e-08
41650.04800076804 9.717944786302106e-08
41700.04800076804 8.918518773495604e-08
41750.04800076804 8.025179956060043e-08
41800.04800076804 1.0896011462069847e-07
41850.04800076804 6.959508764522701e-08
41900.04800076804 6.778814708656676e-08
41950.04800076804 8.003273597936541e-08
42000.04800076804 9.73285162115271e-08
42050.04800076804 8.327006867815909e-08
42100.04800076804 1.0546388284676058e-07
42150.04800076804 7.809601394124466e-08
42200.04800076804 9.207769952380568e-08
42250.04800076804 7.006187870110589e-08
42300.04800076804 6.582225501187099e-08
42350.04800076804 8.857911612134528e-08
42400.04800076804 8.408138497452067e-08
42450.04800076804 9.022747101815899e-08
42500.04800076804 8.481703985838116e-08
42550.04800076804 7.823918106117916e-08
42600.04800076804 8.085314657086768e-08
42650.04800076804 1.2830279758313018e-07
42700.04800076804 6.290580320363881e-08
42750.04800076804 7.924445053656094e-08
42800.04800076804 7.525073824228006e-08
42850.04800076804 9.934401427005658e-08
42900.04800076804 1.0629464273461764e-07
42950.04800076804 7.546993835969847e-08
43000.04800076804 1.0755297371764646e-07
43050.04800076804 4.5446622787888516e-08
43100.04800076804 7.125205473004877e-08
43150.04800076804 8.332742505921023e-08
43200.04800076804 1.0461749834770621e-07
43250.04800076804 1.248163495332412e-07
43300.04800076804 1.3462800249686268e-07
43350.04800076804 7.380165511399897e-08
43400.04800076804 9.88943703391732e-08
43450.04800076804 6.106597938517155e-08
43500.04800076804 7.083017370069918e-08
43550.04800076804 7.569897022330575e-08
43600.04800076804 1.0642208745831278e-07
