galfind/configs/Brown_Dwarf_templates/sonora_cholla/logkzz7/56g/550K_56g_logkzz7_resample.dat
# %ECSV 1.0
# ---
# datatype:
# - {name: wav, unit: Angstrom, datatype: float64}
# - {name: flux_nu, unit: erg / (cm2 Hz s), datatype: float64}
# schema: astropy-2.0
wav flux_nu
[from data line 814]
43700.04800076804 1.1997092124667186e-07
43750.04800076804 1.208884896994679e-07
43800.04800076804 8.371842406189616e-08
43850.04800076804 9.313123434251965e-08
43900.04800076804 7.365015881943855e-08
43950.04800076804 5.049604325095378e-08
44000.04800076804 4.03171206661598e-08
44050.04800076804 7.916183077711171e-08
44100.04800076804 9.0560822309101e-08
44150.04800076804 8.486524582270978e-08
44200.04800076804 7.36930782021685e-08
44250.04800076804 5.061074944525055e-08
44300.04800076804 4.7149090570354575e-08
44350.04800076804 4.172595291306055e-08
44400.04800076804 4.05136067802918e-08
44450.04800076804 4.441656905068209e-08
44500.04800076804 3.5956250843455505e-08
44550.04800076804 4.127197480775348e-08
44600.04800076804 2.934280541685624e-08
44650.04800076804 3.3634943181019545e-08
44700.04800076804 2.6819146049093855e-08
44750.04800076804 2.8580072785525403e-08
44800.04800076804 2.259559731466567e-08
44850.04800076804 2.1275659326616856e-08
44900.04800076804 1.543286075645853e-08
44950.04800076804 1.3221901143774338e-08
45000.04800076804 1.3514357066062297e-08
45050.04800076804 1.3868829541525347e-08
45100.04800076804 1.2846169622225527e-08
45150.04800076804 9.93406165835709e-09
45200.04800076804 6.109186185943386e-09
45250.04800076804 6.684894473474024e-09
45300.04800076804 8.229377530940231e-09
45350.04800076804 7.081990376744475e-09
45400.04800076804 4.880745151838303e-09
45450.04800076804 4.161716474640792e-09
45500.04800076804 4.972017241067479e-09
45550.04800076804 5.6402355827926285e-09
45600.04800076804 3.3538108647417195e-09
45650.04800076804 3.4444900583187846e-09
45700.04800076804 5.023902554003149e-09
45750.04800076804 3.717186798249847e-09
45800.04800076804 2.3652387615363513e-09
45850.04800076804 4.517939235042709e-09
45900.04800076804 4.306308577447587e-09
45950.04800076804 2.134990545085553e-09
46000.04800076804 3.902438317713103e-09
46050.04800076804 4.562457983228538e-09
46100.04800076804 2.139305639173254e-09
46150.04800076804 4.994453725779836e-09
46200.04800076804 4.791241875934094e-09
46250.04800076804 1.7826942329545305e-09
46300.04800076804 6.280267261539912e-09
46350.04800076804 3.894530715678574e-09
46400.04800076804 4.958256881027185e-09
46450.04800076804 9.136342159574987e-09
46500.04800076804 5.034871087444758e-09
46550.04800076804 1.1563898443789028e-08
46600.04800076804 1.2042731193379213e-08
46650.04800076804 2.972060199230016e-08
46700.04800076804 1.778789628628744e-08
46750.04800076804 9.022922737254264e-09
46800.04800076804 5.912569147136287e-09
46850.04800076804 8.402750053495564e-09
46900.04800076804 6.4993692388890604e-09
46950.04800076804 1.1749634222047226e-08
47000.04800076804 3.4722771598516874e-09
47050.04800076804 1.077320899364271e-08
47100.04800076804 3.33937699707565e-09
47150.04800076804 5.425147497601748e-09
47200.04800076804 6.07572053481894e-09
47250.04800076804 3.3477232956817106e-09
47300.04800076804 5.289543760665302e-09
47350.04800076804 3.0531872633578426e-09
47400.04800076804 8.349189097584955e-09
47450.04800076804 2.53108893225772e-09
47500.04800076804 1.0373712169221968e-08
47550.04800076804 3.1963641964952668e-09
47600.04800076804 1.0163202865426985e-08
47650.04800076804 4.035834071245585e-09
47700.04800076804 1.0153001122518318e-08
47750.04800076804 3.892179799638446e-09
47800.04800076804 9.625735606239268e-09
47850.04800076804 4.554390032578261e-09
47900.04800076804 7.952348770666243e-09
47950.04800076804 5.635660631390891e-09
48000.04800076804 1.457207315245163e-08
48050.04800076804 8.422966214930697e-09
48100.04800076804 1.3644545193469275e-08
48150.04800076804 9.78865608986385e-09
48200.04800076804 1.6226754519760716e-08
48250.04800076804 1.0792435132092452e-08
48300.04800076804 2.207506289084303e-08
48350.04800076804 1.0521934398162635e-08
48400.04800076804 1.2121194679262751e-08
48450.04800076804 9.780140109090982e-09
48500.04800076804 2.0682603257237054e-08
48550.04800076804 8.985243587952431e-09
48600.04800076804 2.2560100627041263e-08
48650.04800076804 1.1176793272209476e-08
48700.04800076804 2.612553769229836e-08
48750.04800076804 1.4382678862275848e-08
48800.04800076804 2.7580009964360648e-08
48850.04800076804 2.0919445445605435e-08
48900.04800076804 2.5470215954313817e-08
48950.04800076804 2.6027826752124382e-08
49000.04800076804 1.9551348252657308e-08
49050.04800076804 3.142935856681308e-08
49100.04800076804 2.2213621569110133e-08
49150.04800076804 4.088650255223359e-08
49200.04800076804 2.1567197014960243e-08
49250.04800076804 4.599462193512634e-08
49300.04800076804 2.6432949077653684e-08
49350.04800076804 2.3604411088278107e-08
49400.04800076804 3.3126441432894445e-08
49450.04800076804 3.208654085527478e-08
49500.04800076804 2.660552300729774e-08
49550.04800076804 8.152465155499354e-09
49600.04800076804 2.6243423102000017e-08
49650.04800076804 3.050518232053841e-08
49700.04800076804 3.290809979889605e-08
49750.04800076804 5.550924003436266e-08
49800.04800076804 2.4717563004548266e-08
49850.04800076804 7.061286421592799e-08
49900.04800076804 4.66341073074834e-08
49950.04800076804 5.9527452843203167e-08
50000.04800076804 4.937499967411364e-08
50050.04800076804 5.592714876101754e-08
50100.04800076804 5.711646053919437e-08
50150.04800076804 2.023717835245208e-08
50200.04800076804 6.1053989197942175e-09
50250.04800076804 3.034956817839754e-08
50300.04800076804 2.2785796047903383e-08
50350.04800076804 4.923498490884524e-08
50400.04800076804 5.160153951371215e-08
50450.04800076804 4.874331492962501e-08
50500.04800076804 7.11470147066408e-08
50550.04800076804 5.941427656367364e-08
50600.04800076804 5.5977819803877425e-08
50650.04800076804 6.286248018365675e-08
50700.04800076804 8.16819819433453e-08
50750.04800076804 6.083869331366705e-08
50800.04800076804 1.982251568479717e-08
50850.04800076804 1.1765627509817525e-08
50900.04800076804 5.7566186818898384e-08
50950.04800076804 5.979912754174499e-08
51000.04800076804 4.1680260057812676e-08
51050.04800076804 5.813779948750309e-08
51100.04800076804 1.8145197313429982e-08
51150.04800076804 2.8355449283874317e-08
51200.04800076804 7.84384804759111e-08
51250.04800076804 5.69384967761582e-08
51300.04800076804 3.70998818934008e-08
51350.04800076804 4.1445362792563634e-08
51400.04800076804 1.4862179820814796e-08
51450.04800076804 1.2482511437954714e-08
51500.04800076804 1.1145664696569068e-08
51550.04800076804 3.728143906409609e-08
51600.04800076804 3.058399164550563e-08
51650.04800076804 4.9595965320410616e-08
51700.04800076804 4.633140672318421e-08
51750.04800076804 2.881363869990072e-08
51800.04800076804 6.574207701266326e-08
51850.04800076804 5.39356128967464e-08
51900.04800076804 6.144055531574957e-08
51950.04800076804 3.39697784695886e-08
52000.04800076804 4.2336895641523e-09
52050.04800076804 1.8709995729709734e-08
52100.04800076804 1.2074873473481063e-08
52150.04800076804 6.427348236185477e-09
52200.04800076804 1.5628321883819306e-08
52250.04800076804 3.205313710242773e-08
52300.04800076804 4.632320239457634e-08
52350.04800076804 1.4236994909842288e-08
52400.04800076804 1.4762215851323158e-08
52450.04800076804 4.983256598405251e-08
52500.04800076804 4.315485866523155e-08
52550.04800076804 4.416529951454363e-08
52600.04800076804 3.364849655560498e-08
52650.04800076804 3.48404513308707e-08
52700.04800076804 2.8415294096376442e-08
52750.04800076804 1.2893453995538544e-08
52800.04800076804 1.8213791453183313e-08
52850.04800076804 2.4973675813171344e-08
52900.04800076804 1.0724320711707096e-08
52950.04800076804 1.5457476632811592e-08
53000.04800076804 4.1615121404764595e-08
53050.04800076804 1.1189469445386668e-08
53100.04800076804 4.7145936758920706e-08
53150.04800076804 5.584933854895969e-08
53200.04800076804 2.1286173665584853e-08
53250.04800076804 5.210787161409449e-08
53300.04800076804 5.2319780756131116e-08
53350.04800076804 5.0581276827385214e-08
53400.04800076804 3.4149562685045815e-08
53450.04800076804 8.132535243066326e-09
53500.04800076804 2.1429199824492125e-09
53550.04800076804 5.07561698803534e-09
53600.04800076804 2.050854072035528e-08
53650.04800076804 2.3218376112386185e-08
53700.04800076804 1.8086549620257253e-08
53750.04800076804 1.7256966811664768e-08
53800.04800076804 1.560937766657369e-08
53850.04800076804 2.4570418893239582e-08
53900.04800076804 3.9158689377494484e-08
53950.04800076804 4.049596235308996e-08
54000.04800076804 2.517681686935422e-08
54050.04800076804 2.7604707420643262e-08
54100.04800076804 5.905877830934727e-09
54150.04800076804 9.05705114029684e-09
54200.04800076804 1.523402263976393e-09
54250.04800076804 4.188712515125538e-09
54300.04800076804 1.346172832861453e-08
54350.04800076804 1.9354720042625206e-08
54400.04800076804 1.608652410392396e-08
54450.04800076804 1.4309394928424193e-08
54500.04800076804 1.1952894825435537e-08
54550.04800076804 1.2566505582896389e-08
54600.04800076804 1.1305093876624709e-08
54650.04800076804 1.5434575714675887e-09
54700.04800076804 1.2210459634516004e-08
54750.04800076804 1.2315926806079659e-08
54800.04800076804 6.4677163759181975e-09
54850.04800076804 1.157659532596816e-08
54900.04800076804 2.0609768470357276e-08
54950.04800076804 3.321765035701715e-08
55000.04800076804 8.409534363775161e-09
55050.04800076804 1.614423047852807e-08
55100.04800076804 2.0354213716721928e-08
55150.04800076804 8.938850455722387e-09
55200.04800076804 6.978925659939985e-09
55250.04800076804 1.1572121706634114e-08
55300.04800076804 7.3963124536962136e-09
55350.04800076804 1.745839725500308e-08
55400.04800076804 1.961804607700761e-08
55450.04800076804 1.0868408605299893e-08
55500.04800076804 3.846271021350975e-09
55550.04800076804 3.569641492430245e-09
55600.04800076804 7.2403318562463234e-09
55650.04800076804 6.780363935191952e-09
55700.04800076804 6.746770705553534e-09
55750.04800076804 5.508310298090326e-09
55800.04800076804 2.110343537446956e-09
55850.04800076804 4.109161369990509e-09
55900.04800076804 1.1953151740541521e-08
55950.04800076804 1.8296723093752627e-08
56000.04800076804 5.820374882921605e-09
56050.04800076804 7.743019013821706e-09
56100.04800076804 1.2597303067686232e-08
56150.04800076804 4.3673178008062206e-09
56200.04800076804 7.809929438536962e-09
56250.04800076804 1.4385964515840796e-08
56300.04800076804 8.478105156971144e-09
56350.04800076804 5.1544707167700435e-09
56400.04800076804 1.4068212771506918e-09
56450.04800076804 1.415152995331002e-09
56500.04800076804 5.65427042049016e-09
56550.04800076804 2.3978376220194206e-09
56600.04800076804 1.1021773572328128e-08
56650.04800076804 1.3705816418343354e-08
56700.04800076804 9.006374860547866e-09
56750.04800076804 2.29728904420587e-09
56800.04800076804 6.8299655277812475e-09
56850.04800076804 8.846358110683685e-09
56900.04800076804 4.211976091626723e-09
56950.04800076804 1.0160467401122795e-08
57000.04800076804 1.3909038643525405e-08
57050.04800076804 5.400208512646157e-09
57100.04800076804 1.488801672916876e-09
57150.04800076804 2.777669007667261e-09
57200.04800076804 2.2292369548080612e-09
57250.04800076804 3.374667721388538e-09
57300.04800076804 6.458507222132742e-09
57350.04800076804 2.602016790139617e-09
57400.04800076804 8.362868644346226e-09
57450.04800076804 3.4808225600616827e-09
57500.04800076804 3.601479318481202e-09
57550.04800076804 5.9188975456126096e-09
57600.04800076804 5.016532430794087e-09
57650.04800076804 8.005258951723107e-10
57700.04800076804 1.8085069544090634e-09
57750.04800076804 4.432236197132827e-09
57800.04800076804 1.6671182015724525e-09
57850.04800076804 1.579404942387846e-08
57900.04800076804 1.794047403742781e-08
57950.04800076804 2.045950503284744e-08
58000.04800076804 4.640261346362525e-09
58050.04800076804 1.0104613012530763e-08
58100.04800076804 8.683321806100565e-09
58150.04800076804 4.82300786893496e-09
58200.04800076804 7.647650042325156e-10
58250.04800076804 1.8025749769445081e-09
58300.04800076804 2.0025024332224177e-09
58350.04800076804 2.9290491068079827e-09
58400.04800076804 8.400158051603593e-09
58450.04800076804 9.376138739705715e-09
58500.04800076804 9.483843424295207e-09
58550.04800076804 7.1668244301064205e-09
58600.04800076804 2.2010223509932353e-09
58650.04800076804 3.213936443769597e-09
58700.04800076804 5.144698973736186e-09
58750.04800076804 3.5006941111534423e-09
58800.04800076804 3.1763260952710375e-10
58850.04800076804 2.265414667352485e-09
58900.04800076804 3.4840009378794994e-09
58950.04800076804 1.2212404648351488e-09
59000.04800076804 3.919437424716419e-09
59050.04800076804 7.446865676451091e-09
59100.04800076804 6.279707031511267e-09
59150.04800076804 4.709594732342628e-09
59200.04800076804 6.394000902809175e-09
59250.04800076804 6.6359389558513195e-09
59300.04800076804 4.401661709275236e-09
59350.04800076804 5.365427805265555e-10
59400.04800076804 8.007826325814452e-10
59450.04800076804 5.278942687771427e-09
59500.04800076804 2.9378202419990014e-09
59550.04800076804 6.567646298396057e-09
59600.04800076804 8.996393507058901e-09
59650.04800076804 3.669255948032592e-09
59700.04800076804 2.1738146251436066e-09
59750.04800076804 8.905375889123996e-09
59800.04800076804 3.5622850891168167e-09
59850.04800076804 4.834442527571982e-09
59900.04800076804 1.3174503033022058e-09
59950.04800076804 4.268152060163846e-09
60000.04800076804 1.1663556150076216e-08
60050.04800076804 1.2529564534966083e-08
60100.04800076804 7.643215054066558e-09
60150.04800076804 2.6365758567725635e-09
60200.04800076804 8.101052514912529e-09
60250.04800076804 1.4163753149381855e-08
60300.04800076804 1.1810745793562655e-08
60350.04800076804 6.921657729059011e-09
60400.04800076804 5.519112896423957e-09
60450.04800076804 9.556852165561492e-10
60500.04800076804 2.3180907965836204e-10
60550.04800076804 4.029423377212248e-09
60600.04800076804 7.1432906356286805e-09
60650.04800076804 3.6751300278179164e-09
60700.04800076804 2.236989688141705e-09
60750.04800076804 1.0006832666192576e-09
60800.04800076804 6.406354617826785e-09
60850.04800076804 1.4887584030223784e-08
60900.04800076804 1.3647176646448128e-08
60950.04800076804 9.664113344603424e-09
61000.04800076804 9.867343913091616e-09
61050.04800076804 2.703358759958989e-09
61100.04800076804 2.9416759595113384e-09
61150.04800076804 7.157639908295011e-10
61200.04800076804 6.0331169996717e-09
61250.04800076804 1.0495372955737531e-08
61300.04800076804 1.0098624707434676e-08
61350.04800076804 1.7393608159309177e-08
61400.04800076804 4.78278474066589e-09
61450.04800076804 1.1265546311352346e-09
61500.04800076804 1.8514817777958618e-09
61550.04800076804 5.546273419515089e-09
61600.04800076804 1.5948459731963131e-09
61650.04800076804 4.697165678068136e-09
61700.04800076804 5.894061882544774e-09
61750.04800076804 6.458644308372014e-09
61800.04800076804 4.778490457169727e-09
61850.04800076804 1.055870068962997e-09
61900.04800076804 8.631678885308635e-09
61950.04800076804 1.0751829954132979e-08
62000.04800076804 1.4744855308626873e-08
62050.04800076804 1.7265462516535353e-08
62100.04800076804 7.876385399956703e-09
62150.04800076804 1.4439310158186904e-08
62200.04800076804 1.3250421832344082e-08
62250.04800076804 9.409176331217644e-09
62300.04800076804 2.7098555112594416e-08
62350.04800076804 1.9869960392314823e-08
62400.04800076804 7.164480955938193e-09
62450.04800076804 1.1143760662264535e-08
62500.04800076804 2.555619838208056e-08
62550.04800076804 2.5755007135939464e-08
62600.04800076804 2.2207739477998184e-08
62650.04800076804 1.5671793093601468e-08
62700.04800076804 1.1076134335649338e-08
62750.04800076804 1.978462611594228e-08
62800.04800076804 1.14615254343092e-08
62850.04800076804 1.9193776883157123e-08
62900.04800076804 1.2372219703541981e-08
62950.04800076804 2.8970800121995814e-08
63000.04800076804 1.723838571372176e-08
63050.04800076804 4.061839438195046e-08
63100.04800076804 3.391270093746649e-08
63150.04800076804 2.348007294251807e-08
63200.04800076804 2.185488044433624e-08
63250.04800076804 1.9599681188621933e-08
63300.04800076804 1.4079895544147245e-08
63350.04800076804 1.1358227469481148e-08
63400.04800076804 3.3968526312360757e-09
63450.04800076804 1.4295885843499601e-09
