galfind/configs/Brown_Dwarf_templates/sonora_cholla/logkzz7/56g/600K_56g_logkzz7_resample.dat
# %ECSV 1.0
# ---
# datatype:
# - {name: wav, unit: Angstrom, datatype: float64}
# - {name: flux_nu, unit: erg / (cm2 Hz s), datatype: float64}
# schema: astropy-2.0
wav flux_nu
3000.0480007680403 nan
3050.0480007680403 0.0
3100.0480007680403 0.0
3150.0480007680403 0.0
3200.0480007680403 0.0
3250.0480007680403 0.0
3300.0480007680403 0.0
3350.0480007680403 0.0
3400.0480007680403 0.0
3450.0480007680403 0.0
3500.0480007680403 0.0
3550.0480007680403 0.0
3600.0480007680403 0.0
3650.0480007680403 0.0
3700.0480007680403 0.0
3750.0480007680403 0.0
3800.0480007680403 0.0
3850.0480007680403 0.0
3900.0480007680403 0.0
3950.0480007680403 0.0
4000.0480007680403 0.0
4050.0480007680403 0.0
4100.04800076804 0.0
4150.04800076804 0.0
4200.04800076804 0.0
4250.04800076804 0.0
4300.04800076804 0.0
4350.04800076804 0.0
4400.04800076804 0.0
4450.04800076804 0.0
4500.04800076804 0.0
4550.04800076804 0.0
4600.04800076804 0.0
4650.04800076804 0.0
4700.04800076804 0.0
4750.04800076804 0.0
4800.04800076804 0.0
4850.04800076804 0.0
4900.04800076804 0.0
4950.04800076804 0.0
5000.04800076804 1.5379783843778986e-12
5050.04800076804 4.199896450290414e-12
5100.04800076804 4.966424048499975e-12
5150.04800076804 5.8786758053516685e-12
5200.04800076804 6.913791172996714e-12
5250.04800076804 8.036483179427255e-12
5300.04800076804 9.245098047658702e-12
5350.04800076804 1.0543519144269253e-11
5400.04800076804 1.1842882392501693e-11
5450.04800076804 1.325941928007155e-11
5500.04800076804 1.4726246520955818e-11
5550.04800076804 1.6170587556718454e-11
5600.04800076804 1.7438264250107066e-11
5650.04800076804 1.8397727751103554e-11
5700.04800076804 1.8522574998860027e-11
5750.04800076804 1.83020269105752e-11
5800.04800076804 1.6845174572951244e-11
5850.04800076804 1.377186826221107e-11
5900.04800076804 4.343363561935305e-12
5950.04800076804 7.743814625086338e-12
6000.04800076804 2.4540981083644553e-11
6050.04800076804 4.238836709305264e-11
6100.04800076804 6.32829493212031e-11
6150.04800076804 8.54828585387208e-11
6200.04800076804 1.081731571735723e-10
6250.04800076804 1.303555797850234e-10
6300.04800076804 1.546761732856742e-10
6350.04800076804 1.8008697445171187e-10
6400.04800076804 2.055612560200138e-10
6450.04800076804 2.2041096215010737e-10
6500.04800076804 2.4881889781835144e-10
6550.04800076804 2.841792659160379e-10
6600.04800076804 3.2260748251689076e-10
6650.04800076804 3.6712896142356726e-10
6700.04800076804 4.185063142867523e-10
6750.04800076804 4.704992726323969e-10
6800.04800076804 5.238289497864155e-10
6850.04800076804 5.81098564032916e-10
6900.04800076804 5.88480836231996e-10
6950.04800076804 5.837106254874596e-10
7000.04800076804 6.749869322138489e-10
7050.04800076804 6.986589867551594e-10
7100.04800076804 7.52068501639931e-10
7150.04800076804 6.142556921208885e-10
7200.04800076804 5.599710997403786e-10
7250.04800076804 6.668340484607681e-10
7300.04800076804 7.003112575227719e-10
7350.04800076804 8.235178860444261e-10
7400.04800076804 9.452377238049098e-10
7450.04800076804 1.1368971520287124e-09
7500.04800076804 1.2900621092222392e-09
7550.04800076804 1.437219536744735e-09
7600.04800076804 1.553887643808424e-09
7650.04800076804 1.6032956082085862e-09
7700.04800076804 9.85895975412076e-10
7750.04800076804 4.0267559930478095e-10
7800.04800076804 1.6816892806806713e-09
7850.04800076804 2.05337608087148e-09
7900.04800076804 2.3495329779128003e-09
7950.04800076804 2.61783364298979e-09
8000.04800076804 2.713135492453024e-09
8050.04800076804 2.7929186536149533e-09
8100.04800076804 2.046070033495957e-09
8150.04800076804 1.8408588983996301e-09
8200.04800076804 2.554305971741855e-09
8250.04800076804 2.5051559770714865e-09
8300.04800076804 2.76706563819974e-09
8350.04800076804 2.6829471705651436e-09
8400.04800076804 2.841984530746606e-09
8450.04800076804 3.358537735629514e-09
8500.04800076804 3.8217179698922285e-09
8550.04800076804 4.374944544629893e-09
8600.04800076804 4.962408384328137e-09
8650.04800076804 5.378389490832629e-09
8700.04800076804 5.398390319917402e-09
8750.04800076804 5.703573843708675e-09
8800.04800076804 5.579157225083168e-09
8850.04800076804 4.336975977813268e-09
8900.04800076804 1.2945764368851848e-09
8950.04800076804 1.2706835909494086e-09
9000.04800076804 1.010696033626272e-09
9050.04800076804 2.671855756399436e-09
9100.04800076804 2.97909251901554e-09
9150.04800076804 2.6508804539224747e-09
9200.04800076804 3.744593036502039e-09
9250.04800076804 2.9073277418760266e-09
9300.04800076804 2.4413232631589973e-10
9350.04800076804 3.0776069315702854e-10
9400.04800076804 7.349201632065073e-10
9450.04800076804 8.767118863542686e-10
9500.04800076804 6.945752727311857e-10
9550.04800076804 8.111746898511647e-10
9600.04800076804 7.074247327920249e-10
9650.04800076804 1.0398762388998969e-09
9700.04800076804 1.7979334594946598e-09
9750.04800076804 1.6943312327877856e-09
9800.04800076804 2.0932640467758306e-09
9850.04800076804 2.403045523407527e-09
9900.04800076804 3.3740576255658874e-09
9950.04800076804 3.422876452892579e-09
10000.04800076804 4.6674114879761665e-09
10050.04800076804 5.099022892062277e-09
10100.04800076804 6.652389530703832e-09
10150.04800076804 7.911435961428974e-09
10200.04800076804 9.463188994403418e-09
10250.04800076804 1.1029611604563437e-08
10300.04800076804 1.2838026237106507e-08
10350.04800076804 1.4656810975272548e-08
10400.04800076804 1.7785426434718822e-08
10450.04800076804 1.9639269855028443e-08
10500.04800076804 2.1235206152577412e-08
10550.04800076804 2.297530285302457e-08
10600.04800076804 2.2850722426794443e-08
10650.04800076804 2.318175055223171e-08
10700.04800076804 2.1903146940518512e-08
10750.04800076804 2.1768509991045747e-08
10800.04800076804 1.970553251271692e-08
10850.04800076804 1.7231247813310795e-08
10900.04800076804 1.1371145080274487e-08
10950.04800076804 4.890974817709994e-09
11000.04800076804 2.8898669078317397e-09
11050.04800076804 1.6606317698314217e-09
11100.04800076804 9.304713676432637e-10
11150.04800076804 4.032303124404378e-10
11200.04800076804 2.8411066767706203e-10
11250.04800076804 3.6922657889127114e-10
11300.04800076804 5.186279276639906e-10
11350.04800076804 1.5896104485511318e-10
11400.04800076804 5.562098155207577e-10
11450.04800076804 3.7723962057260817e-10
11500.04800076804 3.045065399286642e-10
11550.04800076804 8.160085441557585e-11
11600.04800076804 6.778951735413995e-11
11650.04800076804 2.085672974182444e-10
11700.04800076804 2.565737058400566e-10
11750.04800076804 5.769194691980012e-11
11800.04800076804 3.695027357802792e-10
11850.04800076804 7.078395897507255e-10
11900.04800076804 8.350416464965405e-10
11950.04800076804 1.4774527486960742e-09
12000.04800076804 2.5692137485994683e-09
12050.04800076804 4.160155814614571e-09
12100.04800076804 6.346242354852797e-09
12150.04800076804 8.84368309622446e-09
12200.04800076804 1.1138323600573753e-08
12250.04800076804 1.4934831643769214e-08
12300.04800076804 1.952043328290442e-08
12350.04800076804 2.0786874691559298e-08
12400.04800076804 2.7680216273154536e-08
12450.04800076804 3.456829622832243e-08
12500.04800076804 3.840051438893093e-08
12550.04800076804 4.267092475414612e-08
12600.04800076804 4.3889955635919726e-08
12650.04800076804 4.277951188680229e-08
12700.04800076804 4.2041664342765626e-08
12750.04800076804 3.5935048437230836e-08
12800.04800076804 3.2303207187822903e-08
12850.04800076804 2.3452755626746954e-08
12900.04800076804 1.8115317863375127e-08
12950.04800076804 1.537200604707173e-08
13000.04800076804 1.5305498570912098e-08
13050.04800076804 1.0731399339419353e-08
13100.04800076804 9.614063112161255e-09
13150.04800076804 6.706884898527527e-09
13200.04800076804 6.301749997529553e-09
13250.04800076804 4.310862864604802e-09
13300.04800076804 1.5836453833159192e-09
13350.04800076804 4.5912053384891223e-10
13400.04800076804 2.1549323405948875e-10
13450.04800076804 6.632776225465659e-11
13500.04800076804 2.492284239079124e-11
13550.04800076804 1.1529833655224058e-11
13600.04800076804 2.5107787409249385e-12
13650.04800076804 2.047426366147819e-11
13700.04800076804 1.1568200778615314e-11
13750.04800076804 2.240159051929156e-11
13800.04800076804 2.1199024683563877e-11
13850.04800076804 1.2244222852303515e-11
13900.04800076804 1.722861727712758e-11
13950.04800076804 1.3917481357418744e-11
14000.04800076804 1.555833351662895e-11
14050.04800076804 2.71440145286401e-11
14100.04800076804 2.713735519014923e-11
14150.04800076804 5.4848031452733654e-11
14200.04800076804 3.0909856467135776e-11
14250.04800076804 4.407566780985228e-11
14300.04800076804 1.301808454076042e-10
14350.04800076804 1.1294982269576578e-10
14400.04800076804 1.2942527378325023e-10
14450.04800076804 1.8803010214240903e-10
14500.04800076804 4.6276165513859566e-10
14550.04800076804 5.075073549480904e-10
14600.04800076804 8.347355520333611e-10
14650.04800076804 8.180287685914574e-10
14700.04800076804 4.5728555078547314e-10
14750.04800076804 7.123053864133665e-10
14800.04800076804 9.451061196999906e-10
14850.04800076804 9.53874382984116e-10
14900.04800076804 1.2130090833569098e-09
14950.04800076804 1.6202049833151316e-09
15000.04800076804 2.2504734010319664e-09
15050.04800076804 2.307178515410416e-09
15100.04800076804 2.89249144557671e-09
15150.04800076804 2.798296209543771e-09
15200.04800076804 3.1790989937017265e-09
15250.04800076804 5.033253008322043e-09
15300.04800076804 6.223632071788521e-09
15350.04800076804 8.304564650132665e-09
15400.04800076804 9.468977624353992e-09
15450.04800076804 1.0962687505325677e-08
15500.04800076804 1.198866568786593e-08
15550.04800076804 1.5162312282699014e-08
15600.04800076804 1.526470555424959e-08
15650.04800076804 1.640299981069058e-08
15700.04800076804 2.1140224775439265e-08
15750.04800076804 2.3910772451468036e-08
15800.04800076804 2.352283099824729e-08
15850.04800076804 2.5573594208104035e-08
15900.04800076804 2.2056931731163434e-08
15950.04800076804 2.097246595927302e-08
16000.04800076804 1.56043372004768e-08
16050.04800076804 9.579634217751573e-09
16100.04800076804 6.279398723871755e-09
16150.04800076804 3.343979120858338e-09
16200.04800076804 1.8616874164068284e-09
16250.04800076804 1.5285048156417167e-09
16300.04800076804 9.36068128897643e-10
16350.04800076804 1.144101057200057e-09
16400.04800076804 1.3474745132815034e-09
16450.04800076804 1.3651902175353007e-09
16500.04800076804 1.352678233773615e-09
16550.04800076804 1.2710446878702643e-09
16600.04800076804 1.66153357700961e-09
16650.04800076804 1.1980233422747917e-09
16700.04800076804 1.9110172133084288e-10
16750.04800076804 6.317207076216375e-10
16800.04800076804 1.086554189068982e-09
16850.04800076804 1.192322460790894e-09
16900.04800076804 6.644141494480518e-10
16950.04800076804 4.750513394732047e-10
17000.04800076804 2.7407496747488893e-10
17050.04800076804 4.422457136761493e-10
17100.04800076804 7.144940065534978e-10
17150.04800076804 3.5442205277338944e-10
17200.04800076804 1.2328231595308063e-09
17250.04800076804 6.836406147211732e-10
17300.04800076804 4.08754120232629e-10
17350.04800076804 5.020870616555758e-10
17400.04800076804 7.131498091274424e-10
17450.04800076804 9.773343109007589e-10
17500.04800076804 1.3514287241324126e-09
17550.04800076804 1.0910939005556664e-09
17600.04800076804 7.656803560451563e-10
17650.04800076804 6.662657670278111e-10
17700.04800076804 5.245567152561996e-10
17750.04800076804 4.86028610200282e-10
17800.04800076804 8.857093989040047e-10
17850.04800076804 4.758870711248915e-10
17900.04800076804 4.237743469008919e-10
17950.04800076804 2.4190301886330657e-10
18000.04800076804 3.77309151445258e-10
18050.04800076804 3.8251285643782944e-10
18100.04800076804 3.194407344584798e-10
18150.04800076804 4.341677905801311e-10
18200.04800076804 2.2220544692486986e-10
18250.04800076804 7.702863562649416e-10
18300.04800076804 2.3920339337016115e-10
18350.04800076804 1.7535801335708365e-10
18400.04800076804 1.2031455966368578e-10
18450.04800076804 4.462462547935019e-10
18500.04800076804 4.690726823568494e-10
18550.04800076804 2.847800820664431e-10
18600.04800076804 3.7311929395083426e-10
18650.04800076804 2.2784104759480477e-10
18700.04800076804 9.891142332713087e-11
18750.04800076804 1.9482890493456792e-10
18800.04800076804 9.800869852465875e-10
18850.04800076804 8.364998676920661e-10
18900.04800076804 7.574403533938806e-10
18950.04800076804 1.3436776548771826e-09
19000.04800076804 4.808419888000469e-10
19050.04800076804 2.929782889901385e-10
19100.04800076804 7.859330831985162e-10
19150.04800076804 3.7782903525194616e-10
19200.04800076804 7.293659168985853e-10
19250.04800076804 5.609921163654279e-10
19300.04800076804 3.4716561757266887e-10
19350.04800076804 4.6555998894990336e-10
19400.04800076804 3.0074303783613376e-10
19450.04800076804 6.683706454618479e-10
19500.04800076804 5.470771917364125e-10
19550.04800076804 4.988423190861565e-10
19600.04800076804 8.29956635548984e-10
19650.04800076804 9.12577799786875e-10
19700.04800076804 9.636692736219856e-10
19750.04800076804 1.2683159825960843e-09
19800.04800076804 1.5378624951624398e-09
19850.04800076804 1.9700426791600923e-09
19900.04800076804 1.8475433113503546e-09
19950.04800076804 2.6735048085069275e-09
20000.04800076804 2.701111359657565e-09
20050.04800076804 2.629126324919849e-09
20100.04800076804 3.337618118362302e-09
20150.04800076804 2.6061317341070614e-09
20200.04800076804 2.8584093622154923e-09
20250.04800076804 3.767306614619359e-09
20300.04800076804 3.6098154306310077e-09
20350.04800076804 4.137748506275579e-09
20400.04800076804 3.630867751605744e-09
20450.04800076804 4.8157536844814655e-09
20500.04800076804 4.834618903515986e-09
20550.04800076804 4.88026160976405e-09
20600.04800076804 5.2278135822074326e-09
20650.04800076804 5.0938954340889036e-09
20700.04800076804 5.0428194281213975e-09
20750.04800076804 5.442559099656543e-09
20800.04800076804 5.0165005879279805e-09
20850.04800076804 5.221701610631876e-09
20900.04800076804 5.290195282278697e-09
20950.04800076804 4.862887601239451e-09
21000.04800076804 4.917622297090956e-09
21050.04800076804 4.648328592823657e-09
21100.04800076804 4.465062581664829e-09
21150.04800076804 4.391514711151653e-09
21200.04800076804 4.133117956253033e-09
21250.04800076804 3.9551437846140485e-09
21300.04800076804 3.4220051791570722e-09
21350.04800076804 3.4326304406681823e-09
21400.04800076804 3.2247639642655907e-09
21450.04800076804 2.6995513773036276e-09
21500.04800076804 2.815901414439611e-09
21550.04800076804 2.6031773853451506e-09
21600.04800076804 2.2897806750100984e-09
21650.04800076804 1.9191785863144655e-09
21700.04800076804 2.0054383497189215e-09
21750.04800076804 2.1363622768449773e-09
21800.04800076804 1.8362766606792687e-09
21850.04800076804 1.616890182881243e-09
21900.04800076804 1.3502558766468498e-09
21950.04800076804 4.3928018099836645e-10
22000.04800076804 1.1561809498798363e-10
22050.04800076804 1.646460754365108e-10
22100.04800076804 4.656863373355142e-10
22150.04800076804 4.905482935320262e-10
22200.04800076804 4.0868593814694407e-10
22250.04800076804 4.076155744472264e-10
22300.04800076804 2.270934545962219e-10
22350.04800076804 2.856335054718499e-10
22400.04800076804 1.4396860583188532e-10
22450.04800076804 1.5756349252427242e-10
22500.04800076804 1.5663297872298125e-10
22550.04800076804 6.952317830953812e-11
22600.04800076804 1.0718626635205921e-10
22650.04800076804 1.8853218059859536e-10
22700.04800076804 9.485602694200092e-11
22750.04800076804 9.930897416955259e-11
22800.04800076804 1.1760815659830839e-10
22850.04800076804 1.0422817107711153e-10
22900.04800076804 5.142748901786196e-11
22950.04800076804 4.2744784507916556e-11
23000.04800076804 8.25114443275601e-11
23050.04800076804 7.75460312460591e-11
23100.04800076804 2.713545718225191e-10
23150.04800076804 2.860253278191183e-10
23200.04800076804 3.017545463545989e-11
23250.04800076804 4.045447240296912e-11
23300.04800076804 7.085905621656175e-11
23350.04800076804 4.4306893608893746e-11
23400.04800076804 9.938003190795713e-11
23450.04800076804 5.846995446139278e-11
23500.04800076804 5.411483139799186e-11
23550.04800076804 1.0211009755138547e-10
23600.04800076804 1.2185602936918586e-10
23650.04800076804 1.8589773264312624e-10
23700.04800076804 4.9525959282702134e-11
23750.04800076804 3.859638520377438e-11
