galfind/configs/Brown_Dwarf_templates/sonora_cholla/logkzz7/56g/650K_56g_logkzz7_resample.dat
# %ECSV 1.0
# ---
# datatype:
# - {name: wav, unit: Angstrom, datatype: float64}
# - {name: flux_nu, unit: erg / (cm2 Hz s), datatype: float64}
# schema: astropy-2.0
wav flux_nu
[from data line 813]
43650.04800076804 8.978199099887961e-08
43700.04800076804 1.7030285747712124e-07
43750.04800076804 1.7712775324646748e-07
43800.04800076804 1.2364681898190084e-07
43850.04800076804 1.3720450292282687e-07
43900.04800076804 1.1002157541202921e-07
43950.04800076804 8.455805622330369e-08
44000.04800076804 6.263137730382553e-08
44050.04800076804 1.0694139741404789e-07
44100.04800076804 1.15702065083948e-07
44150.04800076804 1.1079574312572347e-07
44200.04800076804 9.494487360291658e-08
44250.04800076804 7.357333608495193e-08
44300.04800076804 6.753252459345031e-08
44350.04800076804 5.6694263050187356e-08
44400.04800076804 5.5603239046602805e-08
44450.04800076804 5.690074714791992e-08
44500.04800076804 4.4363883547279943e-08
44550.04800076804 4.867851835836738e-08
44600.04800076804 3.634059589386755e-08
44650.04800076804 4.050917223168208e-08
44700.04800076804 3.4572979538026287e-08
44750.04800076804 3.4968650073450496e-08
44800.04800076804 2.924543466267608e-08
44850.04800076804 2.6039578415310615e-08
44900.04800076804 1.945764415892487e-08
44950.04800076804 1.7069400668808405e-08
45000.04800076804 1.6889765540291843e-08
45050.04800076804 1.7579618696761662e-08
45100.04800076804 1.624449988790688e-08
45150.04800076804 1.3138734810197927e-08
45200.04800076804 8.823545712383209e-09
45250.04800076804 9.365403583829677e-09
45300.04800076804 1.1355834062025628e-08
45350.04800076804 1.0131293375889378e-08
45400.04800076804 6.964402251993799e-09
45450.04800076804 6.201077427128332e-09
45500.04800076804 7.276698520713237e-09
45550.04800076804 8.492615560499158e-09
45600.04800076804 5.326032206706017e-09
45650.04800076804 5.430809634748017e-09
45700.04800076804 7.954863291767386e-09
45750.04800076804 5.94162869266787e-09
45800.04800076804 4.073604739087823e-09
45850.04800076804 7.308024875758964e-09
45900.04800076804 6.9285073957544695e-09
45950.04800076804 3.839131567364127e-09
46000.04800076804 6.382547558447455e-09
46050.04800076804 7.394975011452881e-09
46100.04800076804 3.871869888992379e-09
46150.04800076804 7.965775347441418e-09
46200.04800076804 7.935381390386087e-09
46250.04800076804 3.1296362247946106e-09
46300.04800076804 9.796210963708511e-09
46350.04800076804 6.2582677710059e-09
46400.04800076804 7.718644989676532e-09
46450.04800076804 1.3561971065906792e-08
46500.04800076804 7.881412495877317e-09
46550.04800076804 1.7765453561802086e-08
46600.04800076804 1.86905845032592e-08
46650.04800076804 3.92684650861198e-08
46700.04800076804 2.4667811710215708e-08
46750.04800076804 1.3884538666245906e-08
46800.04800076804 1.0180537140001599e-08
46850.04800076804 1.230345219111817e-08
46900.04800076804 9.823720694221403e-09
46950.04800076804 1.7230925433604997e-08
47000.04800076804 5.881080225736143e-09
47050.04800076804 1.6303019527424665e-08
47100.04800076804 5.67090524479764e-09
47150.04800076804 8.881583596899965e-09
47200.04800076804 9.425103015181343e-09
47250.04800076804 5.684700252386305e-09
47300.04800076804 8.660835237283208e-09
47350.04800076804 5.01678983595372e-09
47400.04800076804 1.2449770538981492e-08
47450.04800076804 4.46506721080893e-09
47500.04800076804 1.4953706847793714e-08
47550.04800076804 5.305544907839861e-09
47600.04800076804 1.4799937399044165e-08
47650.04800076804 6.408530420974343e-09
47700.04800076804 1.4313680630333683e-08
47750.04800076804 6.329764329611799e-09
47800.04800076804 1.4366891940901354e-08
47850.04800076804 6.9430088676333045e-09
47900.04800076804 1.2479953094071954e-08
47950.04800076804 8.33380823030238e-09
48000.04800076804 1.9556186916984385e-08
48050.04800076804 1.1692168111619939e-08
48100.04800076804 1.960962312400054e-08
48150.04800076804 1.3260001480483567e-08
48200.04800076804 2.2272174087626536e-08
48250.04800076804 1.4815270216950268e-08
48300.04800076804 2.8469611500309594e-08
48350.04800076804 1.4618101859962463e-08
48400.04800076804 2.0088560836151834e-08
48450.04800076804 1.3337616703636824e-08
48500.04800076804 2.844362076431203e-08
48550.04800076804 1.2418979871124695e-08
48600.04800076804 2.966375305597024e-08
48650.04800076804 1.438191869778538e-08
48700.04800076804 3.458046009343554e-08
48750.04800076804 1.8051451844148293e-08
48800.04800076804 3.507127090935149e-08
48850.04800076804 2.6935921282607436e-08
48900.04800076804 3.6649425541902966e-08
48950.04800076804 3.716073348729176e-08
49000.04800076804 2.9486885275408135e-08
49050.04800076804 4.090659960242694e-08
49100.04800076804 2.7717304987647593e-08
49150.04800076804 5.493095554055391e-08
49200.04800076804 2.6398709101099355e-08
49250.04800076804 5.847284929564072e-08
49300.04800076804 3.404639404305287e-08
49350.04800076804 3.669317504194429e-08
49400.04800076804 4.9339057351914434e-08
49450.04800076804 4.425890628698971e-08
49500.04800076804 4.181319231220124e-08
49550.04800076804 1.6839185325402717e-08
49600.04800076804 4.617383713723033e-08
49650.04800076804 4.340716870045907e-08
49700.04800076804 4.477337553525016e-08
49750.04800076804 8.248582393564963e-08
49800.04800076804 3.699440261553032e-08
49850.04800076804 9.90589677779915e-08
49900.04800076804 6.182032057640739e-08
49950.04800076804 8.3003318090968e-08
50000.04800076804 7.581903846874483e-08
50050.04800076804 7.769291452392398e-08
50100.04800076804 9.329236008423176e-08
50150.04800076804 3.265984787497019e-08
50200.04800076804 1.5066775333757765e-08
50250.04800076804 5.942649670907191e-08
50300.04800076804 4.382195587829537e-08
50350.04800076804 7.48543401419335e-08
50400.04800076804 7.283535264928862e-08
50450.04800076804 7.443335873745557e-08
50500.04800076804 1.0336183754712181e-07
50550.04800076804 8.333234661118376e-08
50600.04800076804 8.988233800857329e-08
50650.04800076804 8.76394407832733e-08
50700.04800076804 1.2198916562183586e-07
50750.04800076804 1.0505327701641005e-07
50800.04800076804 3.6230048544569006e-08
50850.04800076804 2.8572871796848557e-08
50900.04800076804 9.77721560696641e-08
50950.04800076804 1.0062791231971647e-07
51000.04800076804 7.601246893121264e-08
51050.04800076804 9.11270594281348e-08
51100.04800076804 3.4130101848162424e-08
51150.04800076804 5.56951241310423e-08
51200.04800076804 1.2001756482962175e-07
51250.04800076804 9.689293538693973e-08
51300.04800076804 5.7809100343846186e-08
51350.04800076804 7.400464042424113e-08
51400.04800076804 3.484629254331229e-08
51450.04800076804 2.9154202148380954e-08
51500.04800076804 2.5581480161825168e-08
51550.04800076804 7.33526413280467e-08
51600.04800076804 5.401774921592962e-08
51650.04800076804 8.514691785679818e-08
51700.04800076804 8.272660294217059e-08
51750.04800076804 5.2730018060841856e-08
51800.04800076804 1.1567055981141302e-07
51850.04800076804 9.294969256778993e-08
51900.04800076804 1.1264091696985402e-07
51950.04800076804 7.160550654811677e-08
52000.04800076804 1.1853691701691243e-08
52050.04800076804 4.0947575233740956e-08
52100.04800076804 3.000506746706168e-08
52150.04800076804 1.8394062344316192e-08
52200.04800076804 3.245686871190088e-08
52250.04800076804 5.877592791541503e-08
52300.04800076804 9.350765651916457e-08
52350.04800076804 3.6427851807076626e-08
52400.04800076804 3.4178700225973205e-08
52450.04800076804 9.096347144620594e-08
52500.04800076804 8.204862876737279e-08
52550.04800076804 7.98234189830941e-08
52600.04800076804 5.9477309622255615e-08
52650.04800076804 6.498238693051613e-08
52700.04800076804 5.403460252555516e-08
52750.04800076804 2.9957091118828135e-08
52800.04800076804 3.7264897116257773e-08
52850.04800076804 4.9839604597745024e-08
52900.04800076804 2.6575469739478684e-08
52950.04800076804 3.253370565400215e-08
53000.04800076804 8.45273267727192e-08
53050.04800076804 2.4785101909678835e-08
53100.04800076804 8.661814992526381e-08
53150.04800076804 1.023316965843046e-07
53200.04800076804 4.002451651301072e-08
53250.04800076804 9.530989021025054e-08
53300.04800076804 9.675302620160032e-08
53350.04800076804 9.286928392112687e-08
53400.04800076804 7.416954238951804e-08
53450.04800076804 2.0475776827002347e-08
53500.04800076804 7.334501212703178e-09
53550.04800076804 1.582621230213768e-08
53600.04800076804 4.523435980705342e-08
53650.04800076804 4.50242067487928e-08
53700.04800076804 3.618425648921841e-08
53750.04800076804 3.539387755836204e-08
53800.04800076804 3.342589755060166e-08
53850.04800076804 5.04492540703699e-08
53900.04800076804 6.691845235590285e-08
53950.04800076804 7.813399620884018e-08
54000.04800076804 4.8638157775460135e-08
54050.04800076804 5.438324634508518e-08
54100.04800076804 1.4282962738560431e-08
54150.04800076804 2.289613230974383e-08
54200.04800076804 5.199760235587452e-09
54250.04800076804 1.1349854395198831e-08
54300.04800076804 3.03913858415213e-08
54350.04800076804 4.26171368139637e-08
54400.04800076804 3.821089772322229e-08
54450.04800076804 3.296019568561408e-08
54500.04800076804 2.738648066394965e-08
54550.04800076804 2.663205844537901e-08
54600.04800076804 2.828694594973471e-08
54650.04800076804 6.165975104301322e-09
54700.04800076804 3.236846867379907e-08
54750.04800076804 3.137907444145738e-08
54800.04800076804 1.7628176664160136e-08
54850.04800076804 2.7957424702790925e-08
54900.04800076804 4.467603035699976e-08
54950.04800076804 6.950393558238094e-08
55000.04800076804 1.8722508506399812e-08
55050.04800076804 3.641096767876926e-08
55100.04800076804 4.014064903279601e-08
55150.04800076804 2.1237708801440367e-08
55200.04800076804 1.8585080259028416e-08
55250.04800076804 2.8030404602738037e-08
55300.04800076804 1.7463576394556103e-08
55350.04800076804 3.997854569885955e-08
55400.04800076804 4.693875737873211e-08
55450.04800076804 2.5762477899823018e-08
55500.04800076804 1.0041190649039631e-08
55550.04800076804 1.1571019602892744e-08
55600.04800076804 1.788222312394338e-08
55650.04800076804 1.6655328171527184e-08
55700.04800076804 1.8274717627913196e-08
55750.04800076804 1.7008196938478984e-08
55800.04800076804 7.807725440595055e-09
55850.04800076804 1.1168350562395627e-08
55900.04800076804 2.992550425831458e-08
55950.04800076804 4.339683753879394e-08
56000.04800076804 1.4504409007560239e-08
56050.04800076804 2.017382586550404e-08
56100.04800076804 3.0596567637044735e-08
56150.04800076804 1.3885645994491661e-08
56200.04800076804 2.0643233496485027e-08
56250.04800076804 3.2832129588769734e-08
56300.04800076804 2.300938424268601e-08
56350.04800076804 1.6891616726473543e-08
56400.04800076804 6.096965667383461e-09
56450.04800076804 5.856288827934035e-09
56500.04800076804 1.504525936647903e-08
56550.04800076804 7.235841089294293e-09
56600.04800076804 2.738105304781876e-08
56650.04800076804 3.1328780480514953e-08
56700.04800076804 2.4864732529033444e-08
56750.04800076804 7.512842438450849e-09
56800.04800076804 2.1600177175222604e-08
56850.04800076804 2.265244918159631e-08
56900.04800076804 1.1759336691412013e-08
56950.04800076804 2.6182056842341904e-08
57000.04800076804 3.385273628360953e-08
57050.04800076804 1.4654593700697178e-08
57100.04800076804 4.8682819265189446e-09
57150.04800076804 8.52464075013023e-09
57200.04800076804 7.312455032750821e-09
57250.04800076804 1.0476374745295748e-08
57300.04800076804 1.8617027422796822e-08
57350.04800076804 8.183042369206966e-09
57400.04800076804 2.1989605155260233e-08
57450.04800076804 1.2074109296274765e-08
57500.04800076804 1.2335107642304237e-08
57550.04800076804 1.874690021674883e-08
57600.04800076804 1.725018113892293e-08
57650.04800076804 3.487163628981365e-09
57700.04800076804 6.447951923665558e-09
57750.04800076804 1.2403338871548199e-08
57800.04800076804 4.869857789872836e-09
57850.04800076804 3.954510226004033e-08
57900.04800076804 4.4412192554941605e-08
57950.04800076804 4.6172519665297146e-08
58000.04800076804 1.358015741343771e-08
58050.04800076804 2.4931488395687828e-08
58100.04800076804 2.4796408030314304e-08
58150.04800076804 1.4637129826431593e-08
58200.04800076804 3.5771293912285133e-09
58250.04800076804 6.247299430361075e-09
58300.04800076804 6.659851726894076e-09
58350.04800076804 9.174346555930644e-09
58400.04800076804 2.1400893634288893e-08
58450.04800076804 2.371913099363559e-08
58500.04800076804 2.2825456717965065e-08
58550.04800076804 2.064618808298965e-08
58600.04800076804 7.779673349863517e-09
58650.04800076804 1.0226825299161638e-08
58700.04800076804 1.4866241986297606e-08
58750.04800076804 1.1340700268720437e-08
58800.04800076804 1.9722375407719134e-09
58850.04800076804 8.688705930848394e-09
58900.04800076804 1.2802969739523238e-08
58950.04800076804 5.063421841283928e-09
59000.04800076804 1.3533924695589473e-08
59050.04800076804 2.1818689835950694e-08
59100.04800076804 2.042121712549075e-08
59150.04800076804 1.4951981709887763e-08
59200.04800076804 1.8145237487663808e-08
59250.04800076804 1.907162066661046e-08
59300.04800076804 1.4195173588169472e-08
59350.04800076804 2.887980498030226e-09
59400.04800076804 3.070221418598977e-09
59450.04800076804 1.5628975092242456e-08
59500.04800076804 8.007225748825569e-09
59550.04800076804 1.9147424838227847e-08
59600.04800076804 2.453072469904017e-08
59650.04800076804 1.152848838378262e-08
59700.04800076804 7.538203118112762e-09
59750.04800076804 2.590802750984277e-08
59800.04800076804 1.137400023527214e-08
59850.04800076804 1.6357004535994488e-08
59900.04800076804 5.306081194542772e-09
59950.04800076804 1.3442123941826383e-08
60000.04800076804 3.321171240037053e-08
60050.04800076804 3.0893323030277515e-08
60100.04800076804 2.3835793150156594e-08
60150.04800076804 1.0129459211691182e-08
60200.04800076804 2.2646781983606697e-08
60250.04800076804 3.462842646032418e-08
60300.04800076804 2.9556870131054138e-08
60350.04800076804 1.832525046279109e-08
60400.04800076804 1.795428694195092e-08
60450.04800076804 4.392365925331291e-09
60500.04800076804 1.5976409649729313e-09
60550.04800076804 1.497276193281071e-08
60600.04800076804 2.1228160284919908e-08
60650.04800076804 1.2535958002162672e-08
60700.04800076804 8.450272928821369e-09
60750.04800076804 4.437146014197201e-09
60800.04800076804 1.9879509829278762e-08
60850.04800076804 4.1339308517472256e-08
60900.04800076804 3.793755640793511e-08
60950.04800076804 2.8983249971089084e-08
61000.04800076804 2.496862665412918e-08
61050.04800076804 9.212599711036981e-09
61100.04800076804 1.1521878295316002e-08
61150.04800076804 3.5617425834721614e-09
61200.04800076804 2.0602986237766815e-08
61250.04800076804 3.1608043505547986e-08
61300.04800076804 2.9644688652978703e-08
61350.04800076804 4.4520111519521454e-08
61400.04800076804 1.6041537844154432e-08
61450.04800076804 5.110712970087683e-09
61500.04800076804 8.790385030630091e-09
61550.04800076804 1.5970277074690067e-08
61600.04800076804 6.350819888312017e-09
61650.04800076804 1.606002385040121e-08
61700.04800076804 1.6897035495589177e-08
61750.04800076804 1.8767278946762555e-08
61800.04800076804 1.6598073251925093e-08
61850.04800076804 5.318858636293607e-09
61900.04800076804 2.711899836695537e-08
61950.04800076804 3.021914414034802e-08
62000.04800076804 3.8384931533001805e-08
62050.04800076804 3.7031551376954255e-08
62100.04800076804 2.4823979319952823e-08
62150.04800076804 3.751838083255056e-08
62200.04800076804 3.257375990182489e-08
62250.04800076804 2.6124369001112983e-08
62300.04800076804 5.952537777341668e-08
62350.04800076804 4.402984726328095e-08
62400.04800076804 1.6761987678117148e-08
62450.04800076804 2.7529587476130964e-08
62500.04800076804 5.5729256921737155e-08
62550.04800076804 5.125376870667675e-08
62600.04800076804 5.235375865047357e-08
62650.04800076804 3.629448570080401e-08
62700.04800076804 3.1224181189955606e-08
62750.04800076804 4.776296785643337e-08
62800.04800076804 2.681884507695817e-08
62850.04800076804 4.4780744630205893e-08
62900.04800076804 2.8277781983593455e-08
62950.04800076804 5.835292979082239e-08
63000.04800076804 3.94140614518518e-08
63050.04800076804 7.364294563068715e-08
63100.04800076804 6.545953935050495e-08
63150.04800076804 4.409330680879805e-08
63200.04800076804 4.908055347652617e-08
63250.04800076804 4.00980406956087e-08
63300.04800076804 3.774460844758616e-08
63350.04800076804 3.2505945301673675e-08
63400.04800076804 1.1950933236502694e-08
