galfind/configs/Brown_Dwarf_templates/sonora_cholla/logkzz7/56g/700K_56g_logkzz7_resample.dat
# %ECSV 1.0
# ---
# datatype:
# - {name: wav, unit: Angstrom, datatype: float64}
# - {name: flux_nu, unit: erg / (cm2 Hz s), datatype: float64}
# schema: astropy-2.0
wav flux_nu
[from data line 813]
43650.04800076804 1.0816589509048957e-07
43700.04800076804 1.9877884277236368e-07
43750.04800076804 2.0842701491770598e-07
43800.04800076804 1.4504176699508643e-07
43850.04800076804 1.5930450035709813e-07
43900.04800076804 1.2842157837559806e-07
43950.04800076804 1.0226663736206049e-07
44000.04800076804 7.378260787669146e-08
44050.04800076804 1.2078287935862437e-07
44100.04800076804 1.2839730531860512e-07
44150.04800076804 1.2353229439140014e-07
44200.04800076804 1.055716641364973e-07
44250.04800076804 8.462109258815282e-08
44300.04800076804 7.718898888204986e-08
44350.04800076804 6.412299730236236e-08
44400.04800076804 6.342071573288268e-08
44450.04800076804 6.366201135340686e-08
44500.04800076804 4.9116872770559254e-08
44550.04800076804 5.361776369112587e-08
44600.04800076804 4.079247486696544e-08
44650.04800076804 4.520667270458613e-08
44700.04800076804 3.932407843071272e-08
44750.04800076804 3.9451298139758414e-08
44800.04800076804 3.3707449705037243e-08
44850.04800076804 2.9776955812203652e-08
44900.04800076804 2.2675997444507607e-08
44950.04800076804 2.0170131399081082e-08
45000.04800076804 1.988512685826331e-08
45050.04800076804 2.07862172386491e-08
45100.04800076804 1.9274303818451983e-08
45150.04800076804 1.5929788000020818e-08
45200.04800076804 1.1122090489997801e-08
45250.04800076804 1.1730256818036965e-08
45300.04800076804 1.4146357732980627e-08
45350.04800076804 1.284049220287828e-08
45400.04800076804 8.93584217879584e-09
45450.04800076804 8.12305653436827e-09
45500.04800076804 9.413390728516661e-09
45550.04800076804 1.1098209949277902e-08
45600.04800076804 7.178502178830099e-09
45650.04800076804 7.295682123092324e-09
45700.04800076804 1.0610247104380493e-08
45750.04800076804 8.005070455296167e-09
45800.04800076804 5.695134730779602e-09
45850.04800076804 9.886175702554712e-09
45900.04800076804 9.39467212946489e-09
45950.04800076804 5.467078393531478e-09
46000.04800076804 8.71641205590759e-09
46050.04800076804 1.0030759157650406e-08
46100.04800076804 5.534573115368134e-09
46150.04800076804 1.0692320877405684e-08
46200.04800076804 1.0709545622580297e-08
46250.04800076804 4.399385601414678e-09
46300.04800076804 1.295976413623865e-08
46350.04800076804 8.402852524359898e-09
46400.04800076804 1.0265089397499974e-08
46450.04800076804 1.7386513259644552e-08
46500.04800076804 1.0453502786097689e-08
46550.04800076804 2.2359279309507915e-08
46600.04800076804 2.3452494569081467e-08
46650.04800076804 4.630459507554321e-08
46700.04800076804 2.984884752348752e-08
46750.04800076804 1.776390417923173e-08
46800.04800076804 1.344387765295345e-08
46850.04800076804 1.580258812168765e-08
46900.04800076804 1.2833895983567805e-08
46950.04800076804 2.193283589456542e-08
47000.04800076804 8.123650448829452e-09
47050.04800076804 2.104627147080609e-08
47100.04800076804 7.735675321763315e-09
47150.04800076804 1.1772002083199363e-08
47200.04800076804 1.2500251840810559e-08
47250.04800076804 7.858235943285568e-09
47300.04800076804 1.1646251079272129e-08
47350.04800076804 6.881087736677819e-09
47400.04800076804 1.6199706665351654e-08
47450.04800076804 6.298484444132395e-09
47500.04800076804 1.9099740067764253e-08
47550.04800076804 7.295228072273367e-09
47600.04800076804 1.8842200341214132e-08
47650.04800076804 8.576873436978984e-09
47700.04800076804 1.802759222131047e-08
47750.04800076804 8.46143549592752e-09
47800.04800076804 1.8316981693991536e-08
47850.04800076804 8.948802484980142e-09
47900.04800076804 1.6076137564564994e-08
47950.04800076804 1.0784695809185739e-08
48000.04800076804 2.3948988455413727e-08
48050.04800076804 1.4551927594676001e-08
48100.04800076804 2.415703809663653e-08
48150.04800076804 1.6217114687902e-08
48200.04800076804 2.6877681574197618e-08
48250.04800076804 1.812079958939391e-08
48300.04800076804 3.374658007141528e-08
48350.04800076804 1.7796707630431948e-08
48400.04800076804 2.524671837343692e-08
48450.04800076804 1.6117853018832453e-08
48500.04800076804 3.4059548096699065e-08
48550.04800076804 1.5208354808962237e-08
48600.04800076804 3.4950407423147153e-08
48650.04800076804 1.7231572024352476e-08
48700.04800076804 4.050957595680647e-08
48750.04800076804 2.1181218091850244e-08
48800.04800076804 4.038759694525658e-08
48850.04800076804 3.0989200996501524e-08
48900.04800076804 4.3356140594334365e-08
48950.04800076804 4.31609623795957e-08
49000.04800076804 3.472519473324672e-08
49050.04800076804 4.667933343935491e-08
49100.04800076804 3.16338070796396e-08
49150.04800076804 6.230711459354958e-08
49200.04800076804 3.0303136302312326e-08
49250.04800076804 6.573956060009102e-08
49300.04800076804 3.8999029968307945e-08
49350.04800076804 4.403673774950455e-08
49400.04800076804 5.8136620098945106e-08
49450.04800076804 5.077018191362257e-08
49500.04800076804 5.0207777736696246e-08
49550.04800076804 2.219492482677044e-08
49600.04800076804 5.566510858084662e-08
49650.04800076804 4.998509454966417e-08
49700.04800076804 5.094542321749748e-08
49750.04800076804 9.491045645225878e-08
49800.04800076804 4.3467045778770455e-08
49850.04800076804 1.1198354497301235e-07
49900.04800076804 6.931655211672812e-08
49950.04800076804 9.395376338047142e-08
50000.04800076804 8.840089494302864e-08
50050.04800076804 8.736897040245801e-08
50100.04800076804 1.1047263338921505e-07
50150.04800076804 3.936285596531859e-08
50200.04800076804 2.0972690424664957e-08
50250.04800076804 7.453607766986578e-08
50300.04800076804 5.4154280999560585e-08
50350.04800076804 8.739221434794765e-08
50400.04800076804 8.316447356862117e-08
50450.04800076804 8.706718083290201e-08
50500.04800076804 1.1864340037311132e-07
50550.04800076804 9.533892599404896e-08
50600.04800076804 1.0650646954462151e-07
50650.04800076804 9.953130999038409e-08
50700.04800076804 1.4018930194509622e-07
50750.04800076804 1.2653572194759874e-07
50800.04800076804 4.499718911878928e-08
50850.04800076804 3.9348551652913374e-08
50900.04800076804 1.1748431870967956e-07
50950.04800076804 1.218191985241949e-07
51000.04800076804 9.442401767857331e-08
51050.04800076804 1.0719076786215608e-07
51100.04800076804 4.361108773519772e-08
51150.04800076804 7.016906007012472e-08
51200.04800076804 1.394127067460457e-07
51250.04800076804 1.1748385380472514e-07
51300.04800076804 6.859948176740309e-08
51350.04800076804 9.101901874298595e-08
51400.04800076804 4.7287434392535394e-08
51450.04800076804 3.963359041584633e-08
51500.04800076804 3.4487207172865336e-08
51550.04800076804 9.284644160406186e-08
51600.04800076804 6.635422939973574e-08
51650.04800076804 1.0340691062402904e-07
51700.04800076804 1.0205587150683768e-07
51750.04800076804 6.563264629814001e-08
51800.04800076804 1.425131765700515e-07
51850.04800076804 1.1321603194151399e-07
51900.04800076804 1.3845651952178615e-07
51950.04800076804 9.278442644673587e-08
52000.04800076804 1.7425176036144023e-08
52050.04800076804 5.38499966570939e-08
52100.04800076804 4.140584246278111e-08
52150.04800076804 2.687094353259251e-08
52200.04800076804 4.3260003901489744e-08
52250.04800076804 7.312407358443955e-08
52300.04800076804 1.1875204618268175e-07
52350.04800076804 5.08668784602903e-08
52400.04800076804 4.6058010932981696e-08
52450.04800076804 1.120913463270951e-07
52500.04800076804 1.023197216251693e-07
52550.04800076804 9.863902442895981e-08
52600.04800076804 7.373211789278497e-08
52650.04800076804 8.409823262041648e-08
52700.04800076804 6.828830758274576e-08
52750.04800076804 4.039666347909919e-08
52800.04800076804 4.848700664713155e-08
52850.04800076804 6.389551856230971e-08
52900.04800076804 3.68544798398983e-08
52950.04800076804 4.2969997834383095e-08
53000.04800076804 1.0893347461029757e-07
53050.04800076804 3.3645841584873565e-08
53100.04800076804 1.0914703643748652e-07
53150.04800076804 1.2711067291548243e-07
53200.04800076804 5.046044854555595e-08
53250.04800076804 1.1805708276805918e-07
53300.04800076804 1.2025868851951874e-07
53350.04800076804 1.142265806987536e-07
53400.04800076804 9.77144056213416e-08
53450.04800076804 2.9137120610369076e-08
53500.04800076804 1.1617101819719397e-08
53550.04800076804 2.3911577854297972e-08
53600.04800076804 5.971115626696847e-08
53650.04800076804 5.717204257134799e-08
53700.04800076804 4.687311376676202e-08
53750.04800076804 4.624089470085144e-08
53800.04800076804 4.4610069096048956e-08
53850.04800076804 6.589964888041525e-08
53900.04800076804 8.126521694188491e-08
53950.04800076804 9.900344482015427e-08
54000.04800076804 6.221000203607899e-08
54050.04800076804 6.92524460972533e-08
54100.04800076804 2.0053481908927083e-08
54150.04800076804 3.207261767769085e-08
54200.04800076804 8.375288301532691e-09
54250.04800076804 1.625571124163064e-08
54300.04800076804 4.0665133626206005e-08
54350.04800076804 5.656555248259926e-08
54400.04800076804 5.1899659140273846e-08
54450.04800076804 4.4518787063972466e-08
54500.04800076804 3.745110115698607e-08
54550.04800076804 3.5212826807270564e-08
54600.04800076804 3.937749017518536e-08
54650.04800076804 1.0280651839342794e-08
54700.04800076804 4.560122467609318e-08
54750.04800076804 4.390860188366129e-08
54800.04800076804 2.5489713709584778e-08
54850.04800076804 3.842368591517635e-08
54900.04800076804 5.9013473030629514e-08
54950.04800076804 9.166210875185308e-08
55000.04800076804 2.5997421631546303e-08
55050.04800076804 4.870459115902354e-08
55100.04800076804 5.1327754958231455e-08
55150.04800076804 2.949233056934879e-08
55200.04800076804 2.643617804197931e-08
55250.04800076804 3.8289643036051015e-08
55300.04800076804 2.4157179219224415e-08
55350.04800076804 5.304822853983049e-08
55400.04800076804 6.345817388833073e-08
55450.04800076804 3.569002308996945e-08
55500.04800076804 1.4605804588939746e-08
55550.04800076804 1.791410835064433e-08
55600.04800076804 2.4879144379366572e-08
55650.04800076804 2.3136436622555918e-08
55700.04800076804 2.629569942354344e-08
55750.04800076804 2.563201503422559e-08
55800.04800076804 1.2667046101109732e-08
55850.04800076804 1.633540410610854e-08
55900.04800076804 4.166071202790537e-08
55950.04800076804 5.9484536669763586e-08
56000.04800076804 2.049664425018274e-08
56050.04800076804 2.8855416326349995e-08
56100.04800076804 4.207285580442482e-08
56150.04800076804 2.1008864945482474e-08
56200.04800076804 2.94362361657863e-08
56250.04800076804 4.3695849455286805e-08
56300.04800076804 3.295453185051452e-08
56350.04800076804 2.580535741660353e-08
56400.04800076804 1.0426115826115587e-08
56450.04800076804 9.841939628753566e-09
56500.04800076804 2.19331178865951e-08
56550.04800076804 1.1074102224355466e-08
56600.04800076804 3.819042822499101e-08
56650.04800076804 4.234271214615226e-08
56700.04800076804 3.607548107175382e-08
56750.04800076804 1.1859897536405007e-08
56800.04800076804 3.223480337958442e-08
56850.04800076804 3.172268591694331e-08
56900.04800076804 1.769352669217942e-08
56950.04800076804 3.694945867875037e-08
57000.04800076804 4.638602501891957e-08
57050.04800076804 2.1383278514024852e-08
57100.04800076804 7.705741243665116e-09
57150.04800076804 1.3095534166703584e-08
57200.04800076804 1.1339801260931514e-08
57250.04800076804 1.6263901934228693e-08
57300.04800076804 2.7320939336579484e-08
57350.04800076804 1.2670002568333147e-08
57400.04800076804 3.1415033939704454e-08
57450.04800076804 1.9140176166710654e-08
57500.04800076804 1.920810833923526e-08
57550.04800076804 2.8270519832785527e-08
57600.04800076804 2.6698232925854812e-08
57650.04800076804 6.012180500974702e-09
57700.04800076804 1.0410794441389208e-08
57750.04800076804 1.8259860420578663e-08
57800.04800076804 7.22741903123133e-09
57850.04800076804 5.4253715369586404e-08
57900.04800076804 6.12382730825836e-08
57950.04800076804 6.158301142968133e-08
58000.04800076804 1.972993859706501e-08
58050.04800076804 3.4702987407216174e-08
58100.04800076804 3.6563682576156e-08
58150.04800076804 2.1946640955741456e-08
58200.04800076804 6.308622335540217e-09
58250.04800076804 1.0046255928980135e-08
58300.04800076804 1.0552904001732685e-08
58350.04800076804 1.4144932101970576e-08
58400.04800076804 3.0463189589882e-08
58450.04800076804 3.3483628743799746e-08
58500.04800076804 3.177501575903071e-08
58550.04800076804 3.041219831048297e-08
58600.04800076804 1.2216239395142084e-08
58650.04800076804 1.586271920736517e-08
58700.04800076804 2.1852322419908447e-08
58750.04800076804 1.7719671187374438e-08
58800.04800076804 3.843045389534921e-09
58850.04800076804 1.4043409552893719e-08
58900.04800076804 2.0398966130208074e-08
58950.04800076804 8.587967416288573e-09
59000.04800076804 2.108484234300207e-08
59050.04800076804 3.186167959689384e-08
59100.04800076804 3.170330773425622e-08
59150.04800076804 2.288985951750629e-08
59200.04800076804 2.6609015175383818e-08
59250.04800076804 2.8042079249342405e-08
59300.04800076804 2.1757482574118798e-08
59350.04800076804 5.299250558833207e-09
59400.04800076804 5.098444118524744e-09
59450.04800076804 2.3221133106104055e-08
59500.04800076804 1.1802051128421238e-08
59550.04800076804 2.8794418903901625e-08
59600.04800076804 3.5393659738094564e-08
59650.04800076804 1.8130522322560054e-08
59700.04800076804 1.205917082450379e-08
59750.04800076804 3.8612872730572364e-08
59800.04800076804 1.7644224605228438e-08
59850.04800076804 2.5435383079951095e-08
59900.04800076804 8.829428484853883e-09
59950.04800076804 2.0846527165371036e-08
60000.04800076804 4.844964008115333e-08
60050.04800076804 4.414130625726674e-08
60100.04800076804 3.559330486456117e-08
60150.04800076804 1.6393362270418352e-08
60200.04800076804 3.263958242838215e-08
60250.04800076804 4.790209958062246e-08
60300.04800076804 4.140313646687185e-08
60350.04800076804 2.623464931737274e-08
60400.04800076804 2.7309693011479082e-08
60450.04800076804 7.636285892736595e-09
60500.04800076804 3.108173370124865e-09
60550.04800076804 2.3867349431979243e-08
60600.04800076804 3.122135674295573e-08
60650.04800076804 1.9517741948183706e-08
60700.04800076804 1.3724335304028625e-08
60750.04800076804 7.61278417806727e-09
60800.04800076804 3.0423476911114815e-08
60850.04800076804 5.8744378894349857e-08
60900.04800076804 5.4012560513787515e-08
60950.04800076804 4.2447857726814634e-08
61000.04800076804 3.4651064641073886e-08
61050.04800076804 1.4335596725156459e-08
61100.04800076804 1.8845861402663843e-08
61150.04800076804 6.223386071078249e-09
61200.04800076804 3.215968129329023e-08
61250.04800076804 4.7028873323428076e-08
61300.04800076804 4.29256016820031e-08
61350.04800076804 6.131952043524981e-08
61400.04800076804 2.4501412777807745e-08
61450.04800076804 9.094255864134627e-09
61500.04800076804 1.5096651518383698e-08
61550.04800076804 2.2840758607829528e-08
61600.04800076804 1.0436508014300715e-08
61650.04800076804 2.4665973485793994e-08
61700.04800076804 2.4460221970696452e-08
61750.04800076804 2.7595618005928547e-08
61800.04800076804 2.583158828409522e-08
61850.04800076804 9.394116034509924e-09
61900.04800076804 4.022500026239556e-08
61950.04800076804 4.5344465687840204e-08
62000.04800076804 5.226562358833057e-08
62050.04800076804 4.968591721352295e-08
62100.04800076804 3.769586510578978e-08
62150.04800076804 5.224814164024684e-08
62200.04800076804 4.476450903640705e-08
62250.04800076804 3.7461529778859904e-08
62300.04800076804 7.940053969052116e-08
62350.04800076804 5.909791291352188e-08
62400.04800076804 2.421052868220259e-08
62450.04800076804 3.822873682304783e-08
62500.04800076804 7.397309643321511e-08
62550.04800076804 6.805104274564462e-08
62600.04800076804 7.0333680137122e-08
62650.04800076804 4.9204631212827564e-08
62700.04800076804 4.4813545270577466e-08
62750.04800076804 6.565746578582793e-08
62800.04800076804 3.613956806528041e-08
62850.04800076804 5.976780497207154e-08
62900.04800076804 3.867603603560003e-08
62950.04800076804 7.655758611331276e-08
63000.04800076804 5.3552956648182635e-08
63050.04800076804 9.476830182255679e-08
63100.04800076804 8.477572248238402e-08
63150.04800076804 5.532980105497509e-08
63200.04800076804 6.566900845921193e-08
63250.04800076804 5.431817227093105e-08
63300.04800076804 5.409573582204164e-08
63350.04800076804 4.7390511129677916e-08
63400.04800076804 1.8796380000238864e-08
