galfind/configs/Brown_Dwarf_templates/sonora_cholla/logkzz7/56g/700K_56g_logkzz7_resample.dat
# %ECSV 1.0
# ---
# datatype:
# - {name: wav, unit: Angstrom, datatype: float64}
# - {name: flux_nu, unit: erg / (cm2 Hz s), datatype: float64}
# schema: astropy-2.0
wav flux_nu
[from data line 1210]
63500.04800076804 3.890046272594728e-08
63550.04800076804 4.829794859531548e-08
63600.04800076804 5.3196281855374166e-08
63650.04800076804 3.008759353873134e-08
63700.04800076804 1.1859331843991196e-08
63750.04800076804 2.7575055602682244e-08
63800.04800076804 5.808057535389996e-08
63850.04800076804 4.225318438849927e-08
63900.04800076804 1.602227896173143e-08
63950.04800076804 3.720207704356261e-08
64000.04800076804 4.398612031780679e-08
64050.04800076804 1.8592943096414096e-08
64100.04800076804 4.891077145430276e-09
64150.04800076804 7.775711047123232e-09
64200.04800076804 9.411738335843522e-09
64250.04800076804 2.4648961076455813e-08
64300.04800076804 1.83405841542176e-08
64350.04800076804 1.3542536111177434e-08
64400.04800076804 3.446246144150086e-08
64450.04800076804 4.000550314816901e-08
64500.04800076804 1.4607284173821394e-08
64550.04800076804 3.078448898346352e-08
64600.04800076804 1.3815594665674762e-08
64650.04800076804 2.735042434436347e-08
64700.04800076804 9.924650284841014e-09
64750.04800076804 1.7187962656918936e-08
64800.04800076804 1.2519942368527242e-08
64850.04800076804 8.351453591791318e-09
64900.04800076804 8.646222620710338e-09
64950.04800076804 7.978902653877311e-09
65000.04800076804 1.249630640855345e-08
65050.04800076804 1.9763659784252683e-08
65100.04800076804 2.943275153636323e-08
65150.04800076804 1.1981452655521662e-08
65200.04800076804 6.956876912615588e-09
65250.04800076804 2.245222207917199e-08
65300.04800076804 1.8353890497763634e-08
65350.04800076804 5.035059979101838e-08
65400.04800076804 1.9387701709162025e-08
65450.04800076804 2.000976372252308e-08
65500.04800076804 2.5165927683997698e-08
65550.04800076805 1.089860174122838e-08
65600.04800076805 2.262845877982137e-08
65650.04800076805 1.5927610625788302e-08
65700.04800076805 1.4597403238107944e-08
65750.04800076805 9.905341327156599e-09
65800.04800076805 2.0139951580497045e-08
65850.04800076805 2.7466239741736445e-08
65900.04800076805 8.801179424433206e-09
65950.04800076805 1.3169191788201432e-08
66000.04800076805 1.8186817499795272e-08
66050.04800076805 4.128156975439058e-08
66100.04800076805 2.091850769971973e-08
66150.04800076805 1.6699682019757833e-08
66200.04800076805 1.656987847453511e-08
66250.04800076805 1.2121199338761831e-08
66300.04800076805 4.737341733431197e-09
66350.04800076805 4.968496743668862e-09
66400.04800076805 9.400682391008369e-09
66450.04800076805 2.5362231471254374e-08
66500.04800076805 3.672290605752968e-08
66550.04800076805 3.886125377498129e-08
66600.04800076805 2.883845332204544e-08
66650.04800076805 2.1027503117849962e-08
66700.04800076805 1.649016462433954e-08
66750.04800076805 1.554732235147423e-08
66800.04800076805 2.0471911453250766e-08
66850.04800076805 1.2460546211735158e-08
66900.04800076805 4.0018201440676106e-08
66950.04800076805 4.07930171766564e-08
67000.04800076805 4.1160524695724693e-08
67050.04800076805 2.3699895422488695e-08
67100.04800076805 1.3870342145076423e-08
67150.04800076805 1.569479556178274e-08
67200.04800076805 2.5346636932452572e-08
67250.04800076805 2.3809185056090367e-08
67300.04800076805 3.539563379080034e-08
67350.04800076805 1.7850441197131734e-08
67400.04800076805 4.541541447780621e-08
67450.04800076805 2.9142458674563656e-08
67500.04800076805 2.461325791362478e-08
67550.04800076805 4.349380603950919e-08
67600.04800076805 7.433986550149602e-08
67650.04800076805 5.3970348130289e-08
67700.04800076805 3.068200195799743e-08
67750.04800076805 2.093600677007902e-08
67800.04800076805 3.305724181083757e-08
67850.04800076805 1.3900807356782418e-08
67900.04800076805 1.8080808687618537e-08
67950.04800076805 1.3601509642897349e-08
68000.04800076805 2.771397708604397e-08
68050.04800076805 4.036189397816666e-08
68100.04800076805 5.5506555840802665e-08
68150.04800076805 4.231571134785348e-08
68200.04800076805 3.6798262612972234e-08
68250.04800076805 8.455523803546936e-09
68300.04800076805 3.43569027121967e-08
68350.04800076805 2.087790746707338e-08
68400.04800076805 5.918382731597044e-08
68450.04800076805 4.7963656081356894e-08
68500.04800076805 3.201953867752436e-08
68550.04800076805 1.4168807655438967e-08
68600.04800076805 1.5111340976438275e-08
68650.04800076805 7.567136821773377e-09
68700.04800076805 1.8993942733929375e-08
68750.04800076805 3.006439571796857e-08
68800.04800076805 3.73660714299477e-08
68850.04800076805 1.3324463863432805e-08
68900.04800076805 5.236682474387162e-08
68950.04800076805 5.137935267905444e-08
69000.04800076805 4.035443933817083e-08
69050.04800076805 1.909429151432248e-08
69100.04800076805 4.92557986823961e-08
69150.04800076805 6.803026043407785e-08
69200.04800076805 4.4052589656229117e-08
69250.04800076805 6.964121450825381e-08
69300.04800076805 3.913617195887182e-08
69350.04800076805 6.895540754326994e-08
69400.04800076805 2.2209778654505952e-08
69450.04800076805 6.260802579966866e-08
69500.04800076805 2.9251950372383897e-08
69550.04800076805 2.6983575186552653e-08
69600.04800076805 7.501546451812639e-09
69650.04800076805 2.5100348599532337e-08
69700.04800076805 4.940362180404667e-08
69750.04800076805 3.0962221143023185e-08
69800.04800076805 4.758037200902001e-08
69850.04800076805 4.784845248463727e-08
69900.04800076805 3.0346252129499995e-08
69950.04800076805 3.1034652091343644e-08
70000.04800076805 3.2289681307553316e-08
70050.04800076805 6.396124182434013e-08
70100.04800076805 4.502741858620614e-08
70150.04800076805 4.047065563581279e-08
70200.04800076805 2.4954082437878585e-08
70250.04800076805 3.640006335846102e-08
70300.04800076805 6.138399185938341e-08
70350.04800076805 4.214593928679394e-08
70400.04800076805 2.3828789862065853e-08
70450.04800076805 5.705997538338144e-09
70500.04800076805 1.988114487260918e-08
70550.04800076805 2.028754777702212e-08
70600.04800076805 1.909935337344392e-08
70650.04800076805 4.936453234538411e-08
70700.04800076805 4.759523004613988e-08
70750.04800076805 6.509039968605263e-08
70800.04800076805 3.277174693915223e-08
70850.04800076805 3.2386164864193447e-08
70900.04800076805 3.55285741950944e-08
70950.04800076805 5.429675871809541e-08
71000.04800076805 4.7045871270645746e-08
71050.04800076805 5.078627152479519e-08
71100.04800076805 3.627482214688425e-08
71150.04800076805 3.077616551430787e-08
71200.04800076805 2.697957969716119e-08
71250.04800076805 3.875062682445697e-08
71300.04800076805 5.53560944160197e-08
71350.04800076805 5.727222548296693e-08
71400.04800076805 4.6124566964422746e-08
71450.04800076805 1.9539739709314646e-08
71500.04800076805 2.254540579021537e-08
71550.04800076805 2.897883022889842e-08
71600.04800076805 3.1824047927101224e-08
71650.04800076805 2.3610760117955322e-08
71700.04800076805 1.709997674475062e-08
71750.04800076805 3.224656597591761e-08
71800.04800076805 5.096550448990459e-08
71850.04800076805 4.7184941680619805e-08
71900.04800076805 2.5214718074927807e-08
71950.04800076805 3.472487215465416e-08
72000.04800076805 3.245950443641371e-08
72050.04800076805 1.7689543653328958e-08
72100.04800076805 2.108930703836611e-08
72150.04800076805 1.9429799109699645e-08
72200.04800076805 3.744261417142153e-08
72250.04800076805 4.461891866617553e-08
72300.04800076805 3.381852497279917e-08
72350.04800076805 3.921830692941273e-08
72400.04800076805 3.171656039894527e-08
72450.04800076805 2.4613699616824266e-08
72500.04800076805 3.336579498096157e-08
72550.04800076805 1.3885979864256665e-08
72600.04800076805 2.2860854140133066e-08
72650.04800076805 4.279435802415325e-08
72700.04800076805 3.1039904511255926e-08
72750.04800076805 2.844566151048768e-08
72800.04800076805 1.9717459810834747e-08
72850.04800076805 2.333833173925981e-08
72900.04800076805 4.3605975480563423e-08
72950.04800076805 3.278759089192319e-08
73000.04800076805 3.2234768625409016e-08
73050.04800076805 1.925759826187243e-08
73100.04800076805 2.2569037802171988e-08
73150.04800076805 5.227693570026741e-08
73200.04800076805 2.0268622087063787e-08
73250.04800076805 2.9940222306316145e-08
73300.04800076805 2.3792264901386807e-08
73350.04800076805 1.5384453868497804e-08
73400.04800076805 2.6897745797436053e-08
73450.04800076805 1.5899471349777905e-08
73500.04800076805 1.3922918375196718e-08
73550.04800076805 2.6583969092369964e-08
73600.04800076805 2.015977124783146e-08
73650.04800076805 2.750788690055045e-08
73700.04800076805 2.8800634701490297e-08
73750.04800076805 1.2185269821179276e-08
73800.04800076805 2.3389566439044762e-08
73850.04800076805 3.134023654608577e-08
73900.04800076805 2.3575772366409627e-08
73950.04800076805 2.1912452072182046e-08
74000.04800076805 1.3584557899951792e-08
74050.04800076805 4.2206703409784326e-08
74100.04800076805 2.6061541584935607e-08
74150.04800076805 2.597188491145173e-08
74200.04800076805 1.877145547474671e-08
74250.04800076805 5.1722995669329946e-09
74300.04800076805 2.4399638067976535e-08
74350.04800076805 3.724844012361243e-08
74400.04800076805 3.411140563349655e-08
74450.04800076805 1.4537342449171308e-08
74500.04800076805 1.1358564151933204e-08
74550.04800076805 2.110096428287605e-08
74600.04800076805 2.0853267806390094e-08
74650.04800076805 2.0847091056359783e-08
74700.04800076805 1.3812903422161734e-08
74750.04800076805 1.2214553018784706e-08
74800.04800076805 1.6999393224238806e-08
74850.04800076805 1.4329974013427797e-08
74900.04800076805 3.314222680465382e-08
74950.04800076805 3.472480297187709e-08
75000.04800076805 1.776125941267417e-08
75050.04800076805 7.913386638262017e-09
75100.04800076805 3.523999909962805e-08
75150.04800076805 3.4858154261647924e-08
75200.04800076805 3.766511674313188e-08
75250.04800076805 3.992854724719589e-08
75300.04800076805 3.422887310379581e-08
75350.04800076805 1.4180184848819854e-08
75400.04800076805 4.2274491465768614e-08
75450.04800076805 3.5444150603365296e-08
75500.04800076805 3.1899499107948404e-08
75550.04800076805 3.49243585595392e-08
75600.04800076805 4.772769819251802e-08
75650.04800076805 2.6116464240931553e-08
75700.04800076805 3.660023201851636e-08
75750.04800076805 1.8786904853292392e-08
75800.04800076805 3.294953961575164e-08
75850.04800076805 4.3428457609698055e-08
75900.04800076805 3.817775792328584e-08
75950.04800076805 2.0325996361834265e-08
76000.04800076805 3.8668438019193025e-08
76050.04800076805 3.922606300509947e-08
76100.04800076805 3.574158058598793e-08
76150.04800076805 4.031378741666336e-08
76200.04800076805 3.922382657732223e-08
76250.04800076805 3.1204394574771914e-08
76300.04800076805 5.833167516841619e-08
76350.04800076805 6.905684585791964e-08
76400.04800076805 5.631035992474141e-08
76450.04800076805 4.809573908630501e-08
76500.04800076805 3.3932062425472725e-08
76550.04800076805 1.879001247030072e-08
76600.04800076805 5.0556293337725635e-09
76650.04800076805 5.906069763846431e-09
76700.04800076805 8.357884828213151e-09
76750.04800076805 8.080327721928992e-09
76800.04800076805 1.6260315658913103e-08
76850.04800076805 4.602705065903181e-09
76900.04800076805 5.424390155191232e-09
76950.04800076805 1.418526750612826e-08
77000.04800076805 1.8479364842508024e-08
77050.04800076805 7.569785479202216e-09
77100.04800076805 9.378884549352883e-09
77150.04800076805 2.1919427713039865e-08
77200.04800076805 1.4920274394292204e-08
77250.04800076805 1.5837054980904277e-08
77300.04800076805 1.9987116352759195e-08
77350.04800076805 8.643175572926726e-09
77400.04800076805 9.895706523822615e-09
77450.04800076805 1.6612113199831364e-08
77500.04800076805 1.5656972367927875e-08
77550.04800076805 1.597306110121291e-08
77600.04800076805 1.1148004613110819e-08
77650.04800076805 1.3787924649989055e-08
77700.04800076805 9.379847281298712e-09
77750.04800076805 2.483767839688259e-08
77800.04800076805 2.2801283494273144e-08
77850.04800076805 4.1861424306402995e-08
77900.04800076805 2.465615312771351e-08
77950.04800076805 8.625141747511638e-09
78000.04800076805 1.7970952231019604e-08
78050.04800076805 2.2311937327695575e-08
78100.04800076805 1.97771930029668e-08
78150.04800076805 3.745018305391733e-08
78200.04800076805 3.3613065778129155e-08
78250.04800076805 3.338600906913981e-08
78300.04800076805 2.5746697811128665e-08
78350.04800076805 3.2537558355899595e-08
78400.04800076805 1.6722058435210542e-08
78450.04800076805 3.618762209393437e-08
78500.04800076805 3.9787560780635316e-08
78550.04800076805 4.904054656830628e-08
78600.04800076805 3.701374112427458e-08
78650.04800076805 8.148321724511024e-09
78700.04800076805 1.7272105227623794e-08
78750.04800076805 2.081570573400878e-08
78800.04800076805 2.9077775746184558e-08
78850.04800076805 1.1782316779074161e-08
78900.04800076805 2.5100862196616487e-08
78950.04800076805 3.1963804879198525e-08
79000.04800076805 2.8782113188242272e-08
79050.04800076805 2.3318519458717546e-08
79100.04800076805 2.529824823449182e-08
79150.04800076805 2.658151595028449e-08
79200.04800076805 3.467159967803992e-08
79250.04800076805 2.1647288888049083e-08
79300.04800076805 1.5991516142418194e-08
79350.04800076805 2.4283431335137904e-08
79400.04800076805 1.8876521427227527e-08
79450.04800076805 3.918301758685696e-08
79500.04800076805 5.802093565320655e-08
79550.04800076805 3.842254452317431e-08
79600.04800076805 2.0346764687795006e-08
79650.04800076805 3.2741876929902366e-08
79700.04800076805 3.4052447972260786e-08
79750.04800076805 3.504621980661013e-08
79800.04800076805 1.569344727717945e-08
79850.04800076805 3.133030576102142e-08
79900.04800076805 5.883381660590859e-08
79950.04800076805 4.113877366522655e-08
