galfind/configs/Brown_Dwarf_templates/sonora_cholla/logkzz7/56g/750K_56g_logkzz7_resample.dat
# %ECSV 1.0
# ---
# datatype:
# - {name: wav, unit: Angstrom, datatype: float64}
# - {name: flux_nu, unit: erg / (cm2 Hz s), datatype: float64}
# schema: astropy-2.0
wav flux_nu
[from data line 418]
23900.04800076804 2.3082980634468476e-09
23950.04800076804 2.1996286874216945e-09
24000.04800076804 3.1328352928042953e-09
24050.04800076804 3.877592025428244e-09
24100.04800076804 3.0908842471556837e-09
24150.04800076804 3.392663341096814e-09
24200.04800076804 3.3498002620592253e-09
24250.04800076804 2.643340973308796e-09
24300.04800076804 3.8852308319173674e-09
24350.04800076804 3.0555122139294297e-09
24400.04800076804 5.794044326894283e-09
24450.04800076804 4.923660138503951e-09
24500.04800076804 5.483655837107001e-09
24550.04800076804 6.307453090862342e-09
24600.04800076804 7.388481135198278e-09
24650.04800076804 8.234970109545693e-09
24700.04800076804 6.252713338694454e-09
24750.04800076804 6.209382867306039e-09
24800.04800076804 6.281543445382043e-09
24850.04800076804 9.582704207461702e-09
24900.04800076804 4.481515974975204e-09
24950.04800076804 7.249267131755e-09
25000.04800076804 7.912192131726258e-09
25050.04800076804 4.857008735260276e-09
25100.04800076804 6.674801735055716e-09
25150.04800076804 3.6507746793001994e-09
25200.04800076804 5.307982519362722e-09
25250.04800076804 2.4606551828540747e-09
25300.04800076804 4.0550709147106636e-09
25350.04800076804 1.7285901202474728e-09
25400.04800076804 3.895518907910296e-09
25450.04800076804 1.949698285285636e-09
25500.04800076804 1.7356812896948728e-09
25550.04800076804 2.9433744676394302e-09
25600.04800076804 1.3467531545936753e-09
25650.04800076804 1.0836080821854468e-09
25700.04800076804 2.022107714017037e-09
25750.04800076804 7.848143184635096e-10
25800.04800076804 2.5553640738182805e-09
25850.04800076804 7.243458694939845e-10
25900.04800076804 1.1260894795657032e-09
25950.04800076804 4.794963640356473e-10
26000.04800076804 2.343313489786765e-09
26050.04800076804 7.106798834644122e-10
26100.04800076804 2.1851064623544406e-09
26150.04800076804 1.3488215025989427e-09
26200.04800076804 1.516306861562586e-09
26250.04800076804 4.527681953567932e-09
26300.04800076804 1.86527975698353e-09
26350.04800076804 5.276565896625782e-09
26400.04800076804 6.8441463766160726e-09
26450.04800076804 6.378960558577655e-09
26500.04800076804 7.06600539106521e-09
26550.04800076804 2.854701572265772e-09
26600.04800076804 2.9157941568882477e-09
26650.04800076804 9.525800891582335e-10
26700.04800076804 4.239758304487487e-10
26750.04800076804 6.27748207159572e-10
26800.04800076804 1.0968681292229547e-09
26850.04800076804 6.954222815319877e-10
26900.04800076804 2.3103067478764543e-09
26950.04800076804 9.134865766929011e-10
27000.04800076804 3.1872852456067795e-09
27050.04800076804 3.1265666927124773e-09
27100.04800076804 1.307110693507523e-09
27150.04800076804 4.208398810099342e-09
27200.04800076804 1.1323076335459431e-09
27250.04800076804 2.347492508850875e-09
27300.04800076804 1.029505640957468e-08
27350.04800076804 4.961480878110871e-09
27400.04800076804 5.809341925985662e-10
27450.04800076804 6.5394555720017035e-09
27500.04800076804 7.981268130394981e-09
27550.04800076804 2.020881857170632e-09
27600.04800076804 4.6487767887826285e-09
27650.04800076804 1.5381563270441222e-09
27700.04800076804 1.2062279346959694e-09
27750.04800076804 5.182859148956634e-09
27800.04800076804 2.0222419689161536e-09
27850.04800076804 2.5475568712777452e-09
27900.04800076804 3.44593261359527e-09
27950.04800076804 6.102307858340355e-09
28000.04800076804 5.312574799093709e-09
28050.04800076804 1.4435971971456776e-09
28100.04800076804 8.081169295010302e-09
28150.04800076804 4.885590867201618e-09
28200.04800076804 1.4388186663323706e-09
28250.04800076804 8.545985645453022e-09
28300.04800076804 1.252824502734362e-08
28350.04800076804 2.2855842890657667e-09
28400.04800076804 6.9106655212708004e-09
28450.04800076804 1.1072582019541814e-08
28500.04800076804 6.57049486305843e-09
28550.04800076804 1.8369338515214604e-09
28600.04800076804 9.523504749798806e-09
28650.04800076804 9.60249982220616e-09
28700.04800076804 7.99145298365681e-09
28750.04800076804 1.4253170787504661e-08
28800.04800076804 1.1634587463824737e-08
28850.04800076804 1.4898001751867556e-08
28900.04800076804 6.152151039836505e-09
28950.04800076804 1.9082453923728674e-08
29000.04800076804 1.1086623703598961e-08
29050.04800076804 1.361525175516722e-08
29100.04800076804 8.69945979812736e-09
29150.04800076804 2.0649836086176166e-08
29200.04800076804 1.2626803378722974e-08
29250.04800076804 1.8467887211410812e-08
29300.04800076804 1.0854130269311122e-08
29350.04800076804 4.422437246555508e-08
29400.04800076804 1.4797314015891955e-08
29450.04800076804 1.8204381154903557e-08
29500.04800076804 2.3676892369479804e-08
29550.04800076804 1.6127894706077837e-08
29600.04800076804 2.5270174414041358e-08
29650.04800076804 2.69025236271926e-08
29700.04800076804 1.523046362950864e-08
29750.04800076804 2.285355155084207e-08
29800.04800076804 2.7006257397288376e-08
29850.04800076804 3.4209732545433036e-08
29900.04800076804 3.3676141318540456e-08
29950.04800076804 2.540989932605094e-08
30000.04800076804 1.6323261523765692e-08
30050.04800076804 1.7975628869941832e-08
30100.04800076804 2.6080740195081442e-08
30150.04800076804 3.420312665656018e-08
30200.04800076804 2.298785788901387e-08
30250.04800076804 4.479504926481658e-08
30300.04800076804 3.780293987103148e-08
30350.04800076804 2.8117110017469815e-08
30400.04800076804 4.064618269805657e-08
30450.04800076804 2.985734086775772e-08
30500.04800076804 2.668649186798534e-08
30550.04800076804 2.5032507438882563e-08
30600.04800076804 3.929650728176368e-08
30650.04800076804 3.1401017255314597e-08
30700.04800076804 2.6017884697240618e-08
30750.04800076804 2.8694980046023922e-08
30800.04800076804 2.2162512913477743e-08
30850.04800076804 2.6523885243453693e-08
30900.04800076804 2.466310027173018e-08
30950.04800076804 1.4057242307492532e-08
31000.04800076804 2.1031161258861924e-08
31050.04800076804 1.9899660208438563e-08
31100.04800076804 1.2581415804884982e-08
31150.04800076804 1.6943085782780425e-08
31200.04800076804 1.9829500180597816e-08
31250.04800076804 1.307021554084792e-08
31300.04800076804 1.2067677912959643e-08
31350.04800076804 1.2976922015610325e-08
31400.04800076804 7.780853890806586e-09
31450.04800076804 1.2764622310003639e-08
31500.04800076804 7.201307392630668e-09
31550.04800076804 9.789132328015284e-09
31600.04800076804 5.984858465697256e-09
31650.04800076804 6.310929494951871e-09
31700.04800076804 7.577814245279126e-09
31750.04800076804 3.771180776453205e-09
31800.04800076804 7.51370310428327e-09
31850.04800076804 4.145176063181748e-09
31900.04800076804 5.370526842148364e-09
31950.04800076804 4.119245124291068e-09
32000.04800076804 4.32865994283152e-09
32050.04800076804 3.2976421459822263e-09
32100.04800076804 2.9876446468822773e-09
32150.04800076804 4.115871978018019e-09
32200.04800076804 2.6049784482292323e-09
32250.04800076804 5.908500506702461e-09
32300.04800076804 2.0326207687516143e-09
32350.04800076804 6.507445042897945e-09
32400.04800076804 2.867005638194407e-09
32450.04800076804 4.657119024417337e-09
32500.04800076804 3.3519929184743645e-09
32550.04800076804 5.133582590681288e-09
32600.04800076804 4.554654523297469e-09
32650.04800076804 7.597749783432817e-09
32700.04800076804 5.475361491805266e-09
32750.04800076804 1.0139835307809828e-08
32800.04800076804 6.872664111460463e-09
32850.04800076804 1.2395459220260332e-08
32900.04800076804 1.2067326199426026e-08
32950.04800076804 1.3448730870977727e-08
33000.04800076804 8.926996382617668e-09
33050.04800076804 1.0451848309720153e-08
33100.04800076804 3.998235210685897e-09
33150.04800076804 1.4178177541051598e-10
33200.04800076804 3.7178218081453837e-10
33250.04800076804 2.4141494144787816e-10
33300.04800076804 4.6029699587799117e-10
33350.04800076804 1.4231451852175588e-09
33400.04800076804 2.7588388477052347e-09
33450.04800076804 3.346725704024481e-09
33500.04800076804 6.31737207368604e-09
33550.04800076804 4.725130554728508e-09
33600.04800076804 7.481365493666872e-09
33650.04800076804 6.329854882726961e-09
33700.04800076804 5.0591666529583116e-09
33750.04800076804 9.08426979004023e-09
33800.04800076804 3.831370631480933e-09
33850.04800076804 6.831111414450215e-09
33900.04800076804 6.7274454389325444e-09
33950.04800076804 6.831734487314284e-09
34000.04800076804 9.623461059534588e-09
34050.04800076804 3.0946840550444038e-09
34100.04800076804 8.323548005642295e-09
34150.04800076804 5.18613766351846e-09
34200.04800076804 7.837464902564922e-09
34250.04800076804 5.852314317119885e-09
34300.04800076804 5.329586583345087e-09
34350.04800076804 8.297541359526276e-09
34400.04800076804 5.4434316668657335e-09
34450.04800076804 9.8062023092116e-09
34500.04800076804 5.6540094642198595e-09
34550.04800076804 4.245708038761563e-09
34600.04800076804 1.0767784023096454e-08
34650.04800076804 4.418292384042214e-09
34700.04800076804 6.3075127663976805e-09
34750.04800076804 5.738826832799092e-09
34800.04800076804 4.6362142677517416e-09
34850.04800076804 8.49415833686203e-09
34900.04800076804 7.906208079531202e-09
34950.04800076804 7.294398354113943e-09
35000.04800076804 1.2043340495977298e-08
35050.04800076804 7.997055297227337e-09
35100.04800076804 1.310260097355091e-08
35150.04800076804 1.1605320741327508e-08
35200.04800076804 1.536251015406929e-08
35250.04800076804 1.533422457160874e-08
35300.04800076804 1.0432637664984353e-08
35350.04800076804 1.6208594075476673e-08
35400.04800076804 1.4671286198840647e-08
35450.04800076804 1.2072574688963141e-08
35500.04800076804 2.6712274124346706e-08
35550.04800076804 1.7578859124233395e-08
35600.04800076804 2.0270201489674154e-08
35650.04800076804 2.024694673782814e-08
35700.04800076804 1.3944433687091059e-08
35750.04800076804 3.0164800217857776e-08
35800.04800076804 2.1427917411866335e-08
35850.04800076804 1.3815908414458384e-08
35900.04800076804 2.359063051335306e-08
35950.04800076804 2.2077858898150067e-08
36000.04800076804 1.2460980965813218e-08
36050.04800076804 2.1618178040868426e-08
36100.04800076804 2.0455008650640175e-08
36150.04800076804 2.556022333125079e-08
36200.04800076804 2.3018342725960537e-08
36250.04800076804 2.7463962360830998e-08
36300.04800076804 3.011136919700676e-08
36350.04800076804 2.7023271832536568e-08
36400.04800076804 4.1166107745425764e-08
36450.04800076804 3.567680508255577e-08
36500.04800076804 3.8377359860860296e-08
36550.04800076804 4.460013148251863e-08
36600.04800076804 4.9790389641663456e-08
36650.04800076804 4.771659487332295e-08
36700.04800076804 5.7422265735771204e-08
36750.04800076804 5.8766410829215414e-08
36800.04800076804 5.363165783055699e-08
36850.04800076804 4.441348275243988e-08
36900.04800076804 5.30893703825761e-08
36950.04800076804 5.4576220036230235e-08
37000.04800076804 5.429098998859176e-08
37050.04800076804 6.028198525505911e-08
37100.04800076804 6.633885544774705e-08
37150.04800076804 6.708041791739718e-08
37200.04800076804 6.219569429817534e-08
37250.04800076804 5.391419219038411e-08
37300.04800076804 5.430812592446973e-08
37350.04800076804 7.21682536655446e-08
37400.04800076804 7.743562496500306e-08
37450.04800076804 6.79698164280098e-08
37500.04800076804 5.780433203415159e-08
37550.04800076804 8.645431241462858e-08
37600.04800076804 1.0568470874873199e-07
37650.04800076804 7.12735351007138e-08
37700.04800076804 8.670682316292518e-08
37750.04800076804 6.417680781457768e-08
37800.04800076804 7.158399569756441e-08
37850.04800076804 5.698712373761622e-08
37900.04800076804 6.843908188397666e-08
37950.04800076804 8.407049638120086e-08
38000.04800076804 1.0795196985187594e-07
38050.04800076804 1.0037799593511868e-07
38100.04800076804 1.0449053514453986e-07
38150.04800076804 1.0985687698869325e-07
38200.04800076804 1.1791756358774239e-07
38250.04800076804 1.1364787299725068e-07
38300.04800076804 1.5450505031429726e-07
38350.04800076804 1.444230563281056e-07
38400.04800076804 9.35361616932145e-08
38450.04800076804 9.198922966343901e-08
38500.04800076804 6.254347563137213e-08
38550.04800076804 8.913562956477752e-08
38600.04800076804 1.0021174915349721e-07
38650.04800076804 1.402559403608937e-07
38700.04800076804 1.2607716274695357e-07
38750.04800076804 1.2484930004606084e-07
38800.04800076804 9.915505179440469e-08
38850.04800076804 1.4515760765888632e-07
38900.04800076804 1.4992195952357358e-07
38950.04800076804 1.1835117683456762e-07
39000.04800076804 1.6592069235873334e-07
39050.04800076804 1.3114249879319585e-07
39100.04800076804 1.5508201898782213e-07
39150.04800076804 1.376225994024167e-07
39200.04800076804 1.2137340074538852e-07
39250.04800076804 1.607759892456845e-07
39300.04800076804 1.554403207481464e-07
39350.04800076804 2.0858006969897775e-07
39400.04800076804 1.7627616945576467e-07
39450.04800076804 1.8392769910912288e-07
39500.04800076804 1.6395798028513048e-07
39550.04800076804 1.5805840945588692e-07
39600.04800076804 1.857995734773332e-07
39650.04800076804 2.2400740473893297e-07
39700.04800076804 1.6972045328885172e-07
39750.04800076804 1.2598469741011632e-07
39800.04800076804 1.5931952789695514e-07
39850.04800076804 1.994224089018455e-07
39900.04800076804 2.1057919546616378e-07
39950.04800076804 1.9039453594532579e-07
40000.04800076804 2.2676446909955756e-07
40050.04800076804 2.0319312366139025e-07
40100.04800076804 1.52993997177245e-07
40150.04800076804 2.430593811615478e-07
40200.04800076804 2.298202847294206e-07
40250.04800076804 2.2367185661034097e-07
40300.04800076804 2.4484416657196317e-07
40350.04800076804 1.8250811019250757e-07
40400.04800076804 2.3699341127830966e-07
40450.04800076804 2.003093763803202e-07
40500.04800076804 2.413668630724923e-07
40550.04800076804 2.388532169063789e-07
40600.04800076804 2.2400783014179178e-07
40650.04800076804 2.384770178831414e-07
40700.04800076804 3.1205874747022384e-07
40750.04800076804 2.6965001092012243e-07
40800.04800076804 2.035094405792934e-07
40850.04800076804 2.8726003678515626e-07
40900.04800076804 2.535674250508546e-07
40950.04800076804 2.2934695234949443e-07
41000.04800076804 2.499978174977601e-07
41050.04800076804 3.026542694429759e-07
41100.04800076804 1.8845828876047816e-07
41150.04800076804 1.8812841490968336e-07
41200.04800076804 3.1193696353428485e-07
41250.04800076804 2.7127261727899146e-07
41300.04800076804 2.155818910781609e-07
41350.04800076804 3.166496354159552e-07
41400.04800076804 2.7237669307595834e-07
41450.04800076804 3.024660847615795e-07
41500.04800076804 2.417817452971268e-07
41550.04800076804 2.2202607230335268e-07
41600.04800076804 2.875935908851356e-07
41650.04800076804 2.804592059699475e-07
41700.04800076804 2.548356747860264e-07
41750.04800076804 2.3673817057951016e-07
41800.04800076804 3.015664116760079e-07
41850.04800076804 1.7710308864879918e-07
41900.04800076804 2.268435966471617e-07
41950.04800076804 2.201641659204561e-07
42000.04800076804 2.5512757745140713e-07
42050.04800076804 2.1263505821136873e-07
42100.04800076804 2.3301465348310951e-07
42150.04800076804 1.7052125782043643e-07
42200.04800076804 2.1201068421273545e-07
42250.04800076804 1.765760640759072e-07
42300.04800076804 1.7415638135687546e-07
42350.04800076804 1.9007155801588702e-07
42400.04800076804 1.5597299455738272e-07
42450.04800076804 1.3429256923647847e-07
42500.04800076804 1.7143032634533847e-07
42550.04800076804 1.4986855571018673e-07
42600.04800076804 1.838287007042789e-07
42650.04800076804 2.270858911689905e-07
42700.04800076804 1.6372488060449492e-07
42750.04800076804 1.7721104872244255e-07
42800.04800076804 1.461157350390019e-07
42850.04800076804 2.015083995734363e-07
42900.04800076804 1.9773121267656615e-07
42950.04800076804 1.6166139654820437e-07
43000.04800076804 2.0072017345608458e-07
43050.04800076804 1.0660532808883265e-07
43100.04800076804 1.6557518113718246e-07
43150.04800076804 1.9091334107903813e-07
43200.04800076804 2.016902765231048e-07
43250.04800076804 1.9466384076328453e-07
43300.04800076804 2.560272821459739e-07
43350.04800076804 1.6269777357828068e-07
43400.04800076804 2.1090951839208244e-07
43450.04800076804 1.4044335557228338e-07
43500.04800076804 1.5243835170934934e-07
43550.04800076804 1.503035978061229e-07
43600.04800076804 2.1174964236796514e-07
