galfind/configs/Brown_Dwarf_templates/sonora_cholla/logkzz7/56g/800K_56g_logkzz7_resample.dat
# %ECSV 1.0
# ---
# datatype:
# - {name: wav, unit: Angstrom, datatype: float64}
# - {name: flux_nu, unit: erg / (cm2 Hz s), datatype: float64}
# schema: astropy-2.0
wav flux_nu
[from data line 1211]
63550.04800076804 8.235747882240496e-08
63600.04800076804 9.71049214885451e-08
63650.04800076804 6.061525332758967e-08
63700.04800076804 2.8998674201109655e-08
63750.04800076804 5.583235339437076e-08
63800.04800076804 9.5664035527634e-08
63850.04800076804 7.501435549652209e-08
63900.04800076804 3.601735560925943e-08
63950.04800076804 7.19017435594028e-08
64000.04800076804 8.132207014590477e-08
64050.04800076804 4.145979757882117e-08
64100.04800076804 1.271580304520747e-08
64150.04800076804 1.963997594268176e-08
64200.04800076804 2.3231972455359787e-08
64250.04800076804 4.999509989241293e-08
64300.04800076804 3.693123689230857e-08
64350.04800076804 2.973990484650943e-08
64400.04800076804 6.420326652692224e-08
64450.04800076804 7.27497887073646e-08
64500.04800076804 2.9512185951068263e-08
64550.04800076804 5.6275818101193447e-08
64600.04800076804 2.6757534607565107e-08
64650.04800076804 5.146441762245558e-08
64700.04800076804 2.2176874252837148e-08
64750.04800076804 3.3865160858508395e-08
64800.04800076804 2.8256902176348922e-08
64850.04800076804 2.096992806116934e-08
64900.04800076804 2.3091486171078984e-08
64950.04800076804 2.1177391179302585e-08
65000.04800076804 2.989119185610305e-08
65050.04800076804 4.061563976321194e-08
65100.04800076804 5.533080894827643e-08
65150.04800076804 2.4607572375974496e-08
65200.04800076804 1.774103401264415e-08
65250.04800076804 4.638232335509744e-08
65300.04800076804 3.4595532000437536e-08
65350.04800076804 8.727807594500508e-08
65400.04800076804 3.747498290745256e-08
65450.04800076804 3.893858732355048e-08
65500.04800076804 4.864360884318573e-08
65550.04800076805 2.4463414156552797e-08
65600.04800076805 4.200009597594808e-08
65650.04800076805 3.471735278533547e-08
65700.04800076805 3.2119580704811554e-08
65750.04800076805 2.2591295624083733e-08
65800.04800076805 3.983095997559989e-08
65850.04800076805 5.194589529922868e-08
65900.04800076805 2.119062044818798e-08
65950.04800076805 2.5325143264732272e-08
66000.04800076805 3.548761491343398e-08
66050.04800076805 7.45250642738724e-08
66100.04800076805 3.984974711634028e-08
66150.04800076805 2.993414285910004e-08
66200.04800076805 3.0272266921067604e-08
66250.04800076805 2.58340897147936e-08
66300.04800076805 1.0756503146016127e-08
66350.04800076805 1.3390461832620484e-08
66400.04800076805 2.2660539180635717e-08
66450.04800076805 4.9307436717315456e-08
66500.04800076805 6.862179231930501e-08
66550.04800076805 7.100765780414358e-08
66600.04800076805 5.2235486702378084e-08
66650.04800076805 4.082511040144357e-08
66700.04800076805 3.525050302540987e-08
66750.04800076805 3.125143520480196e-08
66800.04800076805 4.2847775406670946e-08
66850.04800076805 2.6596640747838174e-08
66900.04800076805 6.761313660483036e-08
66950.04800076805 7.294265574081363e-08
67000.04800076805 6.952728659701372e-08
67050.04800076805 4.4192386610079464e-08
67100.04800076805 2.8877027306510456e-08
67150.04800076805 3.230648945656777e-08
67200.04800076805 4.690103681508655e-08
67250.04800076805 4.4669651666482806e-08
67300.04800076805 5.876206414157556e-08
67350.04800076805 3.352614949357462e-08
67400.04800076805 7.964258161223549e-08
67450.04800076805 5.4345804118605305e-08
67500.04800076805 4.575713953962895e-08
67550.04800076805 6.945293248161997e-08
67600.04800076805 1.1713069179608085e-07
67650.04800076805 8.570354502807018e-08
67700.04800076805 5.4160909651178315e-08
67750.04800076805 4.086326613795769e-08
67800.04800076805 6.17531747938439e-08
67850.04800076805 2.9059014964052455e-08
67900.04800076805 3.793657450184525e-08
67950.04800076805 2.709897769896205e-08
68000.04800076805 4.845082281915378e-08
68050.04800076805 7.041648821315057e-08
68100.04800076805 8.860678541273649e-08
68150.04800076805 6.712368278683042e-08
68200.04800076805 6.488581774594532e-08
68250.04800076805 1.9465321602435692e-08
68300.04800076805 5.806256369423735e-08
68350.04800076805 3.253915020872899e-08
68400.04800076805 9.138126460230499e-08
68450.04800076805 7.825399952704569e-08
68500.04800076805 5.765717110316877e-08
68550.04800076805 2.976145129473106e-08
68600.04800076805 3.223501965474214e-08
68650.04800076805 1.775395586537934e-08
68700.04800076805 3.80139877844086e-08
68750.04800076805 5.314378196572742e-08
68800.04800076805 6.643661031010661e-08
68850.04800076805 2.4917144121701823e-08
68900.04800076805 8.66051996674973e-08
68950.04800076805 8.426364528774813e-08
69000.04800076805 7.603616139720285e-08
69050.04800076805 3.844317514506714e-08
69100.04800076805 8.500811776358897e-08
69150.04800076805 1.1015676170671513e-07
69200.04800076805 6.822342449392489e-08
69250.04800076805 1.1176416970289287e-07
69300.04800076805 6.386162733688714e-08
69350.04800076805 1.030211837158803e-07
69400.04800076805 3.8042017641950534e-08
69450.04800076805 9.575596725559772e-08
69500.04800076805 4.913178400321146e-08
69550.04800076805 5.0993393325476514e-08
69600.04800076805 1.6071917379815324e-08
69650.04800076805 4.5898863451941866e-08
69700.04800076805 8.583625246007707e-08
69750.04800076805 5.6471940049906604e-08
69800.04800076805 7.795792222560397e-08
69850.04800076805 7.776948317877713e-08
69900.04800076805 5.284598628904761e-08
69950.04800076805 5.5220812807338675e-08
70000.04800076805 5.385883885627477e-08
70050.04800076805 9.816166305787258e-08
70100.04800076805 7.027022935104957e-08
70150.04800076805 7.046459978150384e-08
70200.04800076805 4.4195469919696695e-08
70250.04800076805 6.32372162378826e-08
70300.04800076805 9.423969637762203e-08
70350.04800076805 6.606141301062e-08
70400.04800076805 4.425324303980557e-08
70450.04800076805 1.4509289121116739e-08
70500.04800076805 3.6663443036813866e-08
70550.04800076805 3.755383424375856e-08
70600.04800076805 3.5103998186157315e-08
70650.04800076805 7.893458638784637e-08
70700.04800076805 7.528688377241504e-08
70750.04800076805 9.628222291802871e-08
70800.04800076805 5.4533968710525925e-08
70850.04800076805 5.199229680753333e-08
70900.04800076805 5.392617751352804e-08
70950.04800076805 8.499375629607081e-08
71000.04800076805 7.242808148378732e-08
71050.04800076805 7.822453727433689e-08
71100.04800076805 5.998394390456595e-08
71150.04800076805 5.436691260937717e-08
71200.04800076805 4.7616859221642225e-08
71250.04800076805 6.124489982986304e-08
71300.04800076805 8.706662455087404e-08
71350.04800076805 8.590884897613767e-08
71400.04800076805 7.452833064201373e-08
71450.04800076805 3.4794283769519964e-08
71500.04800076805 4.179974461204511e-08
71550.04800076805 5.0058530544123815e-08
71600.04800076805 5.560210929576564e-08
71650.04800076805 4.4199445270679725e-08
71700.04800076805 3.331242651635045e-08
71750.04800076805 5.329351465294776e-08
71800.04800076805 8.180451140885736e-08
71850.04800076805 7.621400649128494e-08
71900.04800076805 4.406429095621161e-08
71950.04800076805 5.7884938169552834e-08
72000.04800076805 5.439447278122318e-08
72050.04800076805 3.290517696755386e-08
72100.04800076805 3.96300817093314e-08
72150.04800076805 3.599049771140314e-08
72200.04800076805 6.119887350483028e-08
72250.04800076805 6.868809852864996e-08
72300.04800076805 5.876889589513824e-08
72350.04800076805 6.197386470014065e-08
72400.04800076805 5.2205590333118814e-08
72450.04800076805 4.140743961034575e-08
72500.04800076805 5.2969483748110756e-08
72550.04800076805 2.5749106600628954e-08
72600.04800076805 3.590406817993096e-08
72650.04800076805 6.911145457705928e-08
72700.04800076805 5.5695701100363364e-08
72750.04800076805 4.7620535828957966e-08
72800.04800076805 3.811928221420117e-08
72850.04800076805 4.18434561773705e-08
72900.04800076805 6.567515864437747e-08
72950.04800076805 5.602857094263761e-08
73000.04800076805 5.507430428161811e-08
73050.04800076805 3.712687714952082e-08
73100.04800076805 3.9856977853770995e-08
73150.04800076805 8.429739279629748e-08
73200.04800076805 3.848283674608816e-08
73250.04800076805 5.206933640900608e-08
73300.04800076805 4.6228767689940184e-08
73350.04800076805 3.02260021677749e-08
73400.04800076805 4.713190379801634e-08
73450.04800076805 3.0162694844837145e-08
73500.04800076805 2.750314879562072e-08
73550.04800076805 4.7257042476592046e-08
73600.04800076805 3.384124221077561e-08
73650.04800076805 4.871108217351131e-08
73700.04800076805 5.4791834412647795e-08
73750.04800076805 2.784840172963496e-08
73800.04800076805 4.2716855001493016e-08
73850.04800076805 5.418113943293504e-08
73900.04800076805 4.87787928738296e-08
73950.04800076805 4.227739238788657e-08
74000.04800076805 3.036004309814825e-08
74050.04800076805 7.559429342485145e-08
74100.04800076805 4.4850387137318436e-08
74150.04800076805 4.649997275824147e-08
74200.04800076805 3.8073903603637924e-08
74250.04800076805 1.533884767077429e-08
74300.04800076805 4.362697892768774e-08
74350.04800076805 6.216267993082452e-08
74400.04800076805 5.4353353974527414e-08
74450.04800076805 2.665559497794387e-08
74500.04800076805 2.574419652316978e-08
74550.04800076805 4.002608897320415e-08
74600.04800076805 3.7395223264425905e-08
74650.04800076805 3.702971603758287e-08
74700.04800076805 2.5968346878894445e-08
74750.04800076805 2.80425934686573e-08
74800.04800076805 3.346038896547883e-08
74850.04800076805 2.6185484620247176e-08
74900.04800076805 5.5308904626970676e-08
74950.04800076805 6.109135999174545e-08
75000.04800076805 3.6265024104195067e-08
75050.04800076805 2.1124833167384155e-08
75100.04800076805 6.57869712430631e-08
75150.04800076805 5.7676618684460105e-08
75200.04800076805 6.324909716736868e-08
75250.04800076805 6.524635878664879e-08
75300.04800076805 6.130361125743553e-08
75350.04800076805 3.063870233351885e-08
75400.04800076805 7.036213447524337e-08
75450.04800076805 5.824544842148651e-08
75500.04800076805 4.9689015098514336e-08
75550.04800076805 5.9401980409896665e-08
75600.04800076805 8.331411743535543e-08
75650.04800076805 4.66423892244701e-08
75700.04800076805 5.572892646265344e-08
75750.04800076805 3.368716185999147e-08
75800.04800076805 5.4910026767738085e-08
75850.04800076805 7.342286629050803e-08
75900.04800076805 6.062200377091152e-08
75950.04800076805 3.759925168798496e-08
76000.04800076805 5.976239608968669e-08
76050.04800076805 6.155744259752355e-08
76100.04800076805 5.44496324900644e-08
76150.04800076805 6.442472136606113e-08
76200.04800076805 6.431173328668363e-08
76250.04800076805 5.925619876427477e-08
76300.04800076805 9.031933082868567e-08
76350.04800076805 1.0697237390234141e-07
76400.04800076805 8.738410575180798e-08
76450.04800076805 7.914779956604033e-08
76500.04800076805 6.185502501823261e-08
76550.04800076805 4.181612229585644e-08
76600.04800076805 1.3874188472676407e-08
76650.04800076805 1.515078570789905e-08
76700.04800076805 1.881992847863189e-08
76750.04800076805 1.894749898550475e-08
76800.04800076805 3.5362716425576655e-08
76850.04800076805 1.0259114213000443e-08
76900.04800076805 1.4019357365156111e-08
76950.04800076805 2.9324852872158087e-08
77000.04800076805 3.546559516348098e-08
77050.04800076805 1.79507531012895e-08
77100.04800076805 2.210424546994706e-08
77150.04800076805 3.976637926588509e-08
77200.04800076805 2.9626198971463646e-08
77250.04800076805 3.380369102585158e-08
77300.04800076805 3.5441606600300436e-08
77350.04800076805 1.757984681256138e-08
77400.04800076805 2.0028065443680454e-08
77450.04800076805 2.6667224540195403e-08
77500.04800076805 2.5318630945720797e-08
77550.04800076805 2.984754510560727e-08
77600.04800076805 2.6414360901674864e-08
77650.04800076805 2.796048655347705e-08
77700.04800076805 2.0749828197251364e-08
77750.04800076805 4.4409480716445724e-08
77800.04800076805 3.627610547154793e-08
77850.04800076805 6.47814090591561e-08
77900.04800076805 4.4791320215218945e-08
77950.04800076805 1.9918674899457868e-08
78000.04800076805 3.699575114995848e-08
78050.04800076805 4.1038204413796075e-08
78100.04800076805 3.339054055109742e-08
78150.04800076805 5.957965142856454e-08
78200.04800076805 5.2940178259520916e-08
78250.04800076805 5.353997052581795e-08
78300.04800076805 5.28635262240576e-08
78350.04800076805 5.464508977590776e-08
78400.04800076805 3.702644411002786e-08
78450.04800076805 6.521449706468415e-08
78500.04800076805 6.280105315122331e-08
78550.04800076805 7.274015433080052e-08
78600.04800076805 5.9017490046457185e-08
78650.04800076805 1.733165723339173e-08
78700.04800076805 3.421501271486185e-08
78750.04800076805 3.664085906401023e-08
78800.04800076805 5.510272044324589e-08
78850.04800076805 2.6227280090360873e-08
78900.04800076805 4.6671251469336806e-08
78950.04800076805 4.9463692249058676e-08
79000.04800076805 4.8651967509109514e-08
79050.04800076805 4.298938116909134e-08
79100.04800076805 4.356006715465479e-08
79150.04800076805 4.773762760921414e-08
79200.04800076805 6.134264041800683e-08
79250.04800076805 4.376197111597663e-08
79300.04800076805 3.204514559057443e-08
79350.04800076805 4.6015425609434255e-08
79400.04800076805 3.978888303248489e-08
79450.04800076805 6.470760058891958e-08
79500.04800076805 9.170525242784333e-08
79550.04800076805 6.318622399118571e-08
79600.04800076805 3.511146152052216e-08
79650.04800076805 5.4678467826363724e-08
79700.04800076805 6.304969770289164e-08
79750.04800076805 6.443176999634103e-08
79800.04800076805 3.40022461284608e-08
79850.04800076805 5.2274067054865434e-08
79900.04800076805 9.210302240782228e-08
79950.04800076805 6.240853725906892e-08
