galfind/configs/Brown_Dwarf_templates/sonora_cholla/logkzz7/56g/800K_56g_logkzz7_resample.dat
# %ECSV 1.0
# ---
# datatype:
# - {name: wav, unit: Angstrom, datatype: float64}
# - {name: flux_nu, unit: erg / (cm2 Hz s), datatype: float64}
# schema: astropy-2.0
wav flux_nu
3000.0480007680403 nan
3050.0480007680403 0.0
3100.0480007680403 0.0
3150.0480007680403 0.0
3200.0480007680403 0.0
3250.0480007680403 0.0
3300.0480007680403 0.0
3350.0480007680403 0.0
3400.0480007680403 0.0
3450.0480007680403 0.0
3500.0480007680403 0.0
3550.0480007680403 0.0
3600.0480007680403 0.0
3650.0480007680403 0.0
3700.0480007680403 0.0
3750.0480007680403 0.0
3800.0480007680403 0.0
3850.0480007680403 0.0
3900.0480007680403 0.0
3950.0480007680403 0.0
4000.0480007680403 0.0
4050.0480007680403 0.0
4100.04800076804 0.0
4150.04800076804 0.0
4200.04800076804 0.0
4250.04800076804 0.0
4300.04800076804 0.0
4350.04800076804 0.0
4400.04800076804 0.0
4450.04800076804 0.0
4500.04800076804 0.0
4550.04800076804 0.0
4600.04800076804 0.0
4650.04800076804 0.0
4700.04800076804 0.0
4750.04800076804 0.0
4800.04800076804 0.0
4850.04800076804 0.0
4900.04800076804 0.0
4950.04800076804 0.0
5000.04800076804 1.882224576665647e-12
5050.04800076804 5.043501642511971e-12
5100.04800076804 5.907324620789982e-12
5150.04800076804 6.978199664820638e-12
5200.04800076804 8.244637098816127e-12
5250.04800076804 9.700872356238411e-12
5300.04800076804 1.1379732944296828e-11
5350.04800076804 1.3310708599334754e-11
5400.04800076804 1.5491580558892142e-11
5450.04800076804 1.8006527178811015e-11
5500.04800076804 2.08796771347285e-11
5550.04800076804 2.412811610724697e-11
5600.04800076804 2.7739522177675466e-11
5650.04800076804 3.1672662771545896e-11
5700.04800076804 3.5666495781216665e-11
5750.04800076804 3.994990827185184e-11
5800.04800076804 4.345996228081033e-11
5850.04800076804 4.4170999356639725e-11
5900.04800076804 1.998521090785728e-11
5950.04800076804 3.2280262705172235e-11
6000.04800076804 6.893202386529012e-11
6050.04800076804 8.734939830571644e-11
6100.04800076804 1.0407363922964113e-10
6150.04800076804 1.2085064887276262e-10
6200.04800076804 1.3851343916418418e-10
6250.04800076804 1.5709647015707568e-10
6300.04800076804 1.7811433335411342e-10
6350.04800076804 2.0119300111889088e-10
6400.04800076804 2.2640979375196477e-10
6450.04800076804 2.486951717820818e-10
6500.04800076804 2.7936828630538034e-10
6550.04800076804 3.149595821929142e-10
6600.04800076804 3.55302728068289e-10
6650.04800076804 4.004874873106454e-10
6700.04800076804 4.525597814996286e-10
6750.04800076804 5.089552096589386e-10
6800.04800076804 5.696873883845965e-10
6850.04800076804 6.354359042583918e-10
6900.04800076804 6.690298301653138e-10
6950.04800076804 6.90553294977263e-10
7000.04800076804 7.704289249701314e-10
7050.04800076804 8.171634298827338e-10
7100.04800076804 8.835713526887264e-10
7150.04800076804 8.437148642635047e-10
7200.04800076804 8.66772691514387e-10
7250.04800076804 9.69514805784945e-10
7300.04800076804 1.042878595854402e-09
7350.04800076804 1.1623995159177915e-09
7400.04800076804 1.2825048120683144e-09
7450.04800076804 1.4501773837476493e-09
7500.04800076804 1.5978353718854856e-09
7550.04800076804 1.7488935371918308e-09
7600.04800076804 1.8977880839281555e-09
7650.04800076804 2.0355757619587677e-09
7700.04800076804 1.6810263928504303e-09
7750.04800076804 1.1891368225845508e-09
7800.04800076804 2.4397928379771713e-09
7850.04800076804 2.6461658782379486e-09
7900.04800076804 2.879346656370793e-09
7950.04800076804 3.114838526403784e-09
8000.04800076804 3.2949582475092845e-09
8050.04800076804 3.480120844970056e-09
8100.04800076804 3.2169937344249158e-09
8150.04800076804 3.1915513186477196e-09
8200.04800076804 3.830393881244658e-09
8250.04800076804 3.922493609543707e-09
8300.04800076804 4.280986440772585e-09
8350.04800076804 4.51192895677416e-09
8400.04800076804 4.866053304837443e-09
8450.04800076804 5.4356859728673284e-09
8500.04800076804 6.0258177534019774e-09
8550.04800076804 6.639793109634835e-09
8600.04800076804 7.277029268016642e-09
8650.04800076804 7.906849863030174e-09
8700.04800076804 8.351149608077456e-09
8750.04800076804 8.949066750018094e-09
8800.04800076804 9.381875604285627e-09
8850.04800076804 9.228004618388935e-09
8900.04800076804 6.613432011430128e-09
8950.04800076804 6.489427992179498e-09
9000.04800076804 6.246116778311433e-09
9050.04800076804 9.360160995121031e-09
9100.04800076804 9.728315739522836e-09
9150.04800076804 9.018485254639398e-09
9200.04800076804 1.0571696605467773e-08
9250.04800076804 9.562921880696747e-09
9300.04800076804 3.0690775542444986e-09
9350.04800076804 3.478312166841368e-09
9400.04800076804 5.401602352552238e-09
9450.04800076804 6.37429375468886e-09
9500.04800076804 5.839691871129685e-09
9550.04800076804 6.7587692724575404e-09
9600.04800076804 6.334170425315396e-09
9650.04800076804 7.682605231654958e-09
9700.04800076804 1.0298415155155904e-08
9750.04800076804 1.0245325280975292e-08
9800.04800076804 1.2182883328756264e-08
9850.04800076804 1.3745671440645707e-08
9900.04800076804 1.69214425954229e-08
9950.04800076804 1.8476843079347403e-08
10000.04800076804 2.1937076728677273e-08
10050.04800076804 2.4731291039047483e-08
10100.04800076804 2.8885171381462424e-08
10150.04800076804 3.29729747170476e-08
10200.04800076804 3.734012049859151e-08
10250.04800076804 4.169421957720773e-08
10300.04800076804 4.650005097738886e-08
10350.04800076804 5.1565943102757966e-08
10400.04800076804 5.847435767649096e-08
10450.04800076804 6.260315189120701e-08
10500.04800076804 6.670662603383454e-08
10550.04800076804 7.148744243260819e-08
10600.04800076804 7.389096068032486e-08
10650.04800076804 7.811023359510182e-08
10700.04800076804 7.987430175398334e-08
10750.04800076804 8.293788352310035e-08
10800.04800076804 8.148226106455482e-08
10850.04800076804 7.924760599097125e-08
10900.04800076804 5.963608018551044e-08
10950.04800076804 3.3324627611619005e-08
11000.04800076804 2.5198142912715767e-08
11050.04800076804 1.812968303662092e-08
11100.04800076804 1.3516122476440597e-08
11150.04800076804 8.467477132505426e-09
11200.04800076804 7.898083921365267e-09
11250.04800076804 9.95178490371753e-09
11300.04800076804 1.0694356611346684e-08
11350.04800076804 4.883875358939088e-09
11400.04800076804 1.1771040834894806e-08
11450.04800076804 8.486316844689557e-09
11500.04800076804 8.7980884391001e-09
11550.04800076804 4.538018202771729e-09
11600.04800076804 4.73087889338003e-09
11650.04800076804 7.138151919617526e-09
11700.04800076804 8.547375848560342e-09
11750.04800076804 4.228891777177746e-09
11800.04800076804 1.1305836935287614e-08
11850.04800076804 1.7363054098152092e-08
11900.04800076804 1.9979883496502953e-08
11950.04800076804 2.9500540731170016e-08
12000.04800076804 3.9414635360422503e-08
12050.04800076804 5.1327884969028447e-08
12100.04800076804 6.39269243067724e-08
12150.04800076804 7.535163139921686e-08
12200.04800076804 9.01577336244716e-08
12250.04800076804 1.0801073647946228e-07
12300.04800076804 1.257342305655726e-07
12350.04800076804 1.350351256449199e-07
12400.04800076804 1.6067814737685e-07
12450.04800076804 1.8953087904593498e-07
12500.04800076804 2.0528134543560917e-07
12550.04800076804 2.1980096097935975e-07
12600.04800076804 2.13228069688783e-07
12650.04800076804 2.0585346367705196e-07
12700.04800076804 2.0421668050438407e-07
12750.04800076804 1.9634097051292487e-07
12800.04800076804 1.9451767489633964e-07
12850.04800076804 1.5773120366695127e-07
12900.04800076804 1.3238559734823195e-07
12950.04800076804 1.2819475418803112e-07
13000.04800076804 1.2231384712009177e-07
13050.04800076804 1.0433396189196396e-07
13100.04800076804 9.566456686534763e-08
13150.04800076804 7.46565676694401e-08
13200.04800076804 6.937355795001736e-08
13250.04800076804 4.993498237214777e-08
13300.04800076804 2.404288188822517e-08
13350.04800076804 7.524283540542647e-09
13400.04800076804 3.7092984771589347e-09
13450.04800076804 1.6852166211663345e-09
13500.04800076804 8.438947234966649e-10
13550.04800076804 5.702664905086157e-10
13600.04800076804 2.497003004292053e-10
13650.04800076804 9.610565143251268e-10
13700.04800076804 6.54602920588443e-10
13750.04800076804 9.771202422647168e-10
13800.04800076804 1.2052535431293138e-09
13850.04800076804 8.084374668385451e-10
13900.04800076804 8.930514304125922e-10
13950.04800076804 7.935551015308201e-10
14000.04800076804 7.860128810528306e-10
14050.04800076804 1.0947935164840792e-09
14100.04800076804 8.979014079713456e-10
14150.04800076804 1.4403200373189832e-09
14200.04800076804 9.559024293247855e-10
14250.04800076804 1.122221233221295e-09
14300.04800076804 2.2800857295490715e-09
14350.04800076804 2.0221657608451974e-09
14400.04800076804 2.3942561354654196e-09
14450.04800076804 2.8376919254398336e-09
14500.04800076804 5.888877839581981e-09
14550.04800076804 6.097081237199975e-09
14600.04800076804 8.625524813735062e-09
14650.04800076804 9.147744014030442e-09
14700.04800076804 5.653978405500093e-09
14750.04800076804 8.480034150108234e-09
14800.04800076804 1.117191190950253e-08
14850.04800076804 1.1334291508756566e-08
14900.04800076804 1.3061002160888696e-08
14950.04800076804 1.5950755879808027e-08
15000.04800076804 1.8237814156108537e-08
15050.04800076804 2.1451917558251572e-08
15100.04800076804 2.5893777986844088e-08
15150.04800076804 2.692153264814206e-08
15200.04800076804 2.5639177631309275e-08
15250.04800076804 3.487879912282198e-08
15300.04800076804 4.201472177606611e-08
15350.04800076804 5.2200794141967836e-08
15400.04800076804 5.784693171372118e-08
15450.04800076804 6.53815506018999e-08
15500.04800076804 6.893676919010707e-08
15550.04800076804 8.246993280626521e-08
15600.04800076804 7.971961727761439e-08
15650.04800076804 8.336659061580147e-08
15700.04800076804 1.0238632800444749e-07
15750.04800076804 1.1234534749442353e-07
15800.04800076804 1.0754074743142084e-07
15850.04800076804 1.1726107674008936e-07
15900.04800076804 1.0777527408097035e-07
15950.04800076804 1.099508063914842e-07
16000.04800076804 9.492561962959393e-08
16050.04800076804 7.353214781039334e-08
16100.04800076804 5.911336203243331e-08
16150.04800076804 3.973693053743693e-08
16200.04800076804 2.7401959427941436e-08
16250.04800076804 2.6809659658429918e-08
16300.04800076804 2.0902424735992497e-08
16350.04800076804 2.3612538304114262e-08
16400.04800076804 2.649792940308318e-08
16450.04800076804 2.929126688687836e-08
16500.04800076804 3.072530290096163e-08
16550.04800076804 2.8354162319318516e-08
16600.04800076804 3.013677530016521e-08
16650.04800076804 2.189496994607909e-08
16700.04800076804 8.525690643844561e-09
16750.04800076804 1.4518848950812612e-08
16800.04800076804 2.281205145051446e-08
16850.04800076804 2.3187457168747195e-08
16900.04800076804 1.7890944975246663e-08
16950.04800076804 1.563735860820432e-08
17000.04800076804 1.2064076836323194e-08
17050.04800076804 1.6122473170370803e-08
17100.04800076804 1.974913001403929e-08
17150.04800076804 1.409051009159497e-08
17200.04800076804 2.381443315231376e-08
17250.04800076804 1.8060375650029586e-08
17300.04800076804 1.4072590409956819e-08
17350.04800076804 1.4839851367779719e-08
17400.04800076804 1.5601100817849427e-08
17450.04800076804 1.782404036909069e-08
17500.04800076804 2.1032538709232213e-08
17550.04800076804 1.7398459188070933e-08
17600.04800076804 1.4133268192982877e-08
17650.04800076804 1.3608535106033442e-08
17700.04800076804 1.0081349413131578e-08
17750.04800076804 8.751033354871138e-09
17800.04800076804 1.2370516106298582e-08
17850.04800076804 7.708854534590327e-09
17900.04800076804 8.434126565734967e-09
17950.04800076804 5.370393239960146e-09
18000.04800076804 6.8146747516004546e-09
18050.04800076804 6.26060093771672e-09
18100.04800076804 5.22114100397233e-09
18150.04800076804 8.004873635131006e-09
18200.04800076804 4.221527339926955e-09
18250.04800076804 1.1031189801791192e-08
18300.04800076804 5.3112164753211036e-09
18350.04800076804 4.403074043786464e-09
18400.04800076804 3.5869273697100593e-09
18450.04800076804 6.168518943229049e-09
18500.04800076804 6.771570950512597e-09
18550.04800076804 4.805476536616683e-09
18600.04800076804 4.685199042751143e-09
18650.04800076804 3.502915198348181e-09
18700.04800076804 2.694647371255033e-09
18750.04800076804 4.046381126922348e-09
18800.04800076804 1.0356709266152793e-08
18850.04800076804 1.0542271624394878e-08
18900.04800076804 9.389023182871238e-09
18950.04800076804 1.495744725417336e-08
19000.04800076804 8.18771890090175e-09
19050.04800076804 5.651849906755982e-09
19100.04800076804 1.176161466604643e-08
19150.04800076804 7.384828052584144e-09
19200.04800076804 1.0288996279956448e-08
19250.04800076804 8.37911426539943e-09
19300.04800076804 6.452010717689337e-09
19350.04800076804 6.9300161785927875e-09
19400.04800076804 4.240442515658605e-09
19450.04800076804 8.530888485158254e-09
19500.04800076804 7.611811104309115e-09
19550.04800076804 6.329866031260127e-09
19600.04800076804 9.44595977726614e-09
19650.04800076804 1.0469900072853613e-08
19700.04800076804 1.053379387238586e-08
19750.04800076804 1.2118324122309278e-08
19800.04800076804 1.4726358815406504e-08
19850.04800076804 1.8218905551836485e-08
19900.04800076804 1.4704019243400974e-08
19950.04800076804 2.2165707499272735e-08
20000.04800076804 2.1749020695799435e-08
20050.04800076804 2.2539200601715535e-08
20100.04800076804 2.5834993946559766e-08
20150.04800076804 2.2967604051640774e-08
20200.04800076804 2.7336479289607256e-08
20250.04800076804 3.2648554211358054e-08
20300.04800076804 2.999359117851163e-08
20350.04800076804 3.456728406878472e-08
20400.04800076804 3.309140616073683e-08
20450.04800076804 4.071006108286439e-08
20500.04800076804 4.146690849149236e-08
20550.04800076804 4.038312183861038e-08
20600.04800076804 4.5850915147153427e-08
20650.04800076804 4.3338113476137827e-08
20700.04800076804 4.355306284852489e-08
20750.04800076804 4.760305372354016e-08
20800.04800076804 4.5527501599737085e-08
20850.04800076804 4.6398089660428096e-08
20900.04800076804 4.7962832465694344e-08
20950.04800076804 4.45640465452604e-08
21000.04800076804 4.6731127389144235e-08
21050.04800076804 4.401264599918479e-08
21100.04800076804 4.319682125065903e-08
21150.04800076804 4.3011731858541285e-08
21200.04800076804 4.1044838986661315e-08
21250.04800076804 4.122227694458804e-08
21300.04800076804 3.654011518873636e-08
21350.04800076804 3.7384265427245133e-08
21400.04800076804 3.4258997609366313e-08
21450.04800076804 3.153466353939905e-08
21500.04800076804 3.2762550600217674e-08
21550.04800076804 3.0412715513853385e-08
21600.04800076804 2.8369095598671526e-08
21650.04800076804 2.4713994033229937e-08
21700.04800076804 2.6843074454591123e-08
21750.04800076804 2.5515073433833372e-08
21800.04800076804 2.276210960545349e-08
21850.04800076804 2.0131151762352547e-08
21900.04800076804 1.8128180376713618e-08
21950.04800076804 8.781342875224003e-09
22000.04800076804 4.3840161757286e-09
22050.04800076804 3.833640284337617e-09
22100.04800076804 7.289539737951376e-09
22150.04800076804 8.908832772416566e-09
22200.04800076804 7.951923311353184e-09
22250.04800076804 7.557019524111702e-09
22300.04800076804 6.154433495157218e-09
22350.04800076804 6.139397646818998e-09
22400.04800076804 4.3267223134014795e-09
22450.04800076804 4.1313487108147945e-09
22500.04800076804 4.486250303224488e-09
22550.04800076804 2.2954758202023834e-09
22600.04800076804 3.281898476858954e-09
22650.04800076804 4.069624309860304e-09
22700.04800076804 3.0148419311809637e-09
22750.04800076804 3.4519374193207144e-09
22800.04800076804 3.115829123002862e-09
22850.04800076804 2.742361928051074e-09
22900.04800076804 2.027946193547786e-09
22950.04800076804 2.0789294277185326e-09
23000.04800076804 1.974604917019379e-09
23050.04800076804 2.501594501609292e-09
23100.04800076804 4.902357913095622e-09
23150.04800076804 4.678350079384272e-09
23200.04800076804 1.3144046141302224e-09
23250.04800076804 1.4559180780603032e-09
23300.04800076804 1.7516597344994183e-09
23350.04800076804 1.3142024500545948e-09
23400.04800076804 2.393666618439724e-09
23450.04800076804 1.9442873777850444e-09
23500.04800076804 1.747686360596841e-09
23550.04800076804 2.763915308656884e-09
23600.04800076804 2.9039676790404422e-09
23650.04800076804 3.882593731318285e-09
23700.04800076804 1.6641583555134604e-09
23750.04800076804 1.3589821793204579e-09
23800.04800076804 2.6984478511557434e-09
