galfind/configs/Brown_Dwarf_templates/sonora_cholla/logkzz7/56g/850K_56g_logkzz7_resample.dat
# %ECSV 1.0
# ---
# datatype:
# - {name: wav, unit: Angstrom, datatype: float64}
# - {name: flux_nu, unit: erg / (cm2 Hz s), datatype: float64}
# schema: astropy-2.0
wav flux_nu
10000.000000000093 nan
10050.000000000093 7.672662100951001e-08
10100.000000000093 9.499059404598338e-08
10150.000000000093 1.0579279086710778e-07
10200.000000000093 1.228527133633395e-07
10250.000000000093 1.3877924497619572e-07
10300.000000000093 1.5150645648961524e-07
10350.000000000093 1.7661848329424183e-07
10400.000000000093 1.9792804534773908e-07
10450.000000000093 2.0507229360824962e-07
10500.000000000093 2.0492403823784518e-07
10550.000000000093 2.1005572644081323e-07
10600.000000000093 2.1387723163735825e-07
10650.000000000093 2.2637122395363315e-07
10700.000000000093 2.3071210484138992e-07
10750.000000000093 2.376748098999984e-07
10800.000000000093 2.3190637701683537e-07
10850.000000000093 2.2421848183602978e-07
10900.000000000093 1.4958510078578957e-07
10950.000000000093 6.94393049350556e-08
11000.000000000093 5.1446229115343335e-08
11050.000000000093 3.616260227519123e-08
11100.000000000093 2.6629559195129633e-08
11150.000000000093 1.698582434273227e-08
11200.000000000093 1.6065682737306874e-08
11250.000000000093 2.0178304072396447e-08
11300.000000000093 2.0621802817193635e-08
11350.000000000093 9.319690238039248e-09
11400.000000000093 2.149432610245348e-08
11450.000000000093 1.5447604225906397e-08
11500.000000000093 1.6652580815154186e-08
11550.000000000093 9.270901956334337e-09
11600.000000000093 9.887178659497611e-09
11650.000000000093 1.370932992560499e-08
11700.000000000093 1.620053106616731e-08
11750.000000000093 9.022556042626827e-09
11800.000000000093 2.075887874150154e-08
11850.000000000093 3.1389862037832046e-08
11900.000000000093 3.539231331750901e-08
11950.000000000093 5.296649966372524e-08
12000.000000000093 6.651214041998355e-08
12050.000000000093 8.478342399341358e-08
12100.000000000093 1.0313833496363107e-07
12150.000000000093 1.194268868790666e-07
12200.000000000093 1.42879273471748e-07
12250.000000000093 1.6906710878009734e-07
12300.000000000093 1.941612526355627e-07
12350.000000000093 2.088809126648348e-07
12400.000000000093 2.437708302461198e-07
12450.000000000093 2.8697179595736564e-07
12500.000000000093 3.1012087529337497e-07
12550.000000000093 3.31025723444309e-07
12600.000000000093 3.24468691644972e-07
12650.000000000093 3.1776379127569366e-07
12700.000000000093 3.170734866768696e-07
12750.000000000093 2.927024957599482e-07
12800.000000000093 2.871524595495129e-07
12850.000000000093 2.363546660168416e-07
12900.000000000093 2.0136121333256446e-07
12950.000000000093 1.993451674062429e-07
13000.000000000093 1.9371753911230623e-07
13050.000000000093 1.7285727232680895e-07
13100.000000000093 1.5423017246413738e-07
13150.000000000093 1.207012583818978e-07
13200.000000000093 1.1180115230540536e-07
13250.000000000093 8.073076799783422e-08
13300.000000000093 3.985709618835115e-08
13350.000000000093 1.2558652231626596e-08
13400.000000000093 6.310321177808313e-09
13450.000000000093 3.0887488648954517e-09
13500.000000000093 1.6099246268216757e-09
13550.000000000093 1.1546457921320539e-09
13600.000000000093 5.59988482886232e-10
13650.000000000093 1.906440598554821e-09
13700.000000000093 1.3526591017725574e-09
13750.000000000093 1.884194609203005e-09
13800.000000000093 2.397556685779951e-09
13850.000000000093 1.6611140664311098e-09
13900.000000000093 1.8003195053643778e-09
13950.000000000093 1.6066210723414729e-09
14000.000000000093 1.5568830126351218e-09
14050.000000000093 2.1031247553959704e-09
14100.000000000093 1.6721774431147683e-09
14150.000000000093 2.589518044395123e-09
14200.000000000093 1.7882656977536413e-09
14250.000000000093 2.0209925278247606e-09
14300.000000000093 3.810832972814619e-09
14350.000000000093 3.4186142864977536e-09
14400.000000000093 4.082611998289742e-09
14450.000000000093 4.666804508034601e-09
14500.000000000093 9.331460110043968e-09
14550.000000000093 9.565955379995168e-09
14600.000000000093 1.3251779618084219e-08
14650.000000000093 1.4145180545827358e-08
14700.000000000093 8.996233692350482e-09
14750.000000000093 1.3193937797064299e-08
14800.000000000093 1.7273018224370158e-08
14850.000000000093 1.7564467037800646e-08
14900.000000000093 1.989301074204903e-08
14950.000000000093 2.379735286213198e-08
15000.000000000093 2.6674175954749625e-08
15050.000000000093 3.200835165062925e-08
15100.000000000093 3.793853959974952e-08
15150.000000000093 3.9894509069425024e-08
15200.000000000093 3.7268825234708e-08
15250.000000000093 4.949690833922005e-08
15300.000000000093 5.952722812107256e-08
15350.000000000093 7.287598054653814e-08
15400.000000000093 8.141190247014444e-08
15450.000000000093 9.25724531104598e-08
15500.000000000093 9.939366055385574e-08
15550.000000000093 1.1870280373926634e-07
15600.000000000093 1.1824598580830696e-07
15650.000000000093 1.2841700747760342e-07
15700.000000000093 1.5438607067889514e-07
15750.000000000093 1.6903139414710482e-07
15800.000000000093 1.581564796000412e-07
15850.000000000093 1.707538710589934e-07
15900.000000000093 1.659598408127318e-07
15950.000000000093 1.5993528243893242e-07
16000.000000000093 1.436572083414906e-07
16050.000000000093 1.1690120060913819e-07
16100.000000000093 9.712165855183834e-08
16150.000000000093 6.740987383763407e-08
16200.000000000093 4.766886627721757e-08
16250.000000000093 4.752294335940064e-08
16300.000000000093 3.8157269105088266e-08
16350.000000000093 4.1847362245215615e-08
16400.000000000095 4.697520240954376e-08
16450.000000000095 5.150403777559354e-08
16500.000000000095 5.3757074684167365e-08
16550.000000000095 5.016879533288114e-08
16600.000000000095 5.119299997346653e-08
16650.000000000095 3.7964047397236185e-08
16700.000000000095 1.684482802540485e-08
16750.000000000095 2.5778262424542904e-08
16800.000000000095 3.922340821666173e-08
16850.000000000095 3.938953615891165e-08
16900.000000000095 3.18202394239536e-08
16950.000000000095 2.8490451671783082e-08
17000.000000000095 2.2877773713752947e-08
17050.000000000095 2.9653623168344772e-08
17100.000000000095 3.47926804422733e-08
17150.000000000095 2.621277278808123e-08
17200.000000000095 3.9645098363086615e-08
17250.000000000095 3.132596793381972e-08
17300.000000000095 2.5262572129945133e-08
17350.000000000095 2.6085316700764793e-08
17400.000000000095 2.6502963938509035e-08
17450.000000000095 2.918605646313816e-08
17500.000000000095 3.3619319971231685e-08
17550.000000000095 2.794945516366526e-08
17600.000000000095 2.3424822982696413e-08
17650.000000000095 2.2782594710798768e-08
17700.000000000095 1.6688702240358502e-08
17750.000000000095 1.456899426959662e-08
17800.000000000095 1.988443334414461e-08
17850.000000000095 1.2580196050895313e-08
17900.000000000095 1.413845657106526e-08
17950.000000000095 9.296179567757079e-09
18000.000000000095 1.1315838910771134e-08
18050.000000000095 1.0451803852165606e-08
18100.000000000095 8.707117184037298e-09
18150.000000000095 1.3341514480144484e-08
18200.000000000095 7.260953547390702e-09
18250.000000000095 1.7752372924603267e-08
18300.000000000095 9.254124596525638e-09
18350.000000000095 7.84247765388673e-09
18400.000000000095 6.545709448503356e-09
18450.000000000095 9.950867625750978e-09
18500.000000000095 1.1067101798013223e-08
18550.000000000095 8.050975472278915e-09
18600.000000000095 7.485501502106892e-09
18650.000000000095 5.923370608250473e-09
18700.000000000095 4.9543854939899155e-09
18750.000000000095 6.969354032092087e-09
18800.000000000095 1.6132933264207064e-08
18850.000000000095 1.7199498506692952e-08
18900.000000000095 1.5661901640099966e-08
18950.000000000095 2.5604632251052243e-08
19000.000000000095 1.4797584035623189e-08
19050.000000000095 1.0740398441727333e-08
19100.000000000095 2.1094950437134022e-08
19150.000000000095 1.4206677464310903e-08
19200.000000000095 1.8041479326102572e-08
19250.000000000095 1.507842998651674e-08
19300.000000000095 1.199160814722195e-08
19350.000000000095 1.197260787407862e-08
19400.000000000095 7.497683193704701e-09
19450.000000000095 1.486813644089612e-08
19500.000000000095 1.3001268537925933e-08
19550.000000000095 1.0902680298558994e-08
19600.000000000095 1.583397476757401e-08
19650.000000000095 1.736822061901883e-08
19700.000000000095 1.853123133161735e-08
19750.000000000095 2.0746002792953215e-08
19800.000000000095 2.3716883331223306e-08
19850.000000000095 2.92803267930367e-08
19900.000000000095 2.2273843758672238e-08
19950.000000000095 3.434137553118709e-08
20000.000000000095 3.424167048619656e-08
20050.000000000095 3.494413722602697e-08
20100.000000000095 4.006926549080007e-08
20150.000000000095 3.592780302528616e-08
20200.000000000095 4.2876321992168005e-08
20250.000000000095 5.0211556245258036e-08
20300.000000000095 4.499003115271411e-08
20350.000000000095 5.2135652363936705e-08
20400.000000000095 5.064989550540113e-08
20450.000000000095 6.178131552157771e-08
20500.000000000095 6.24627369781896e-08
20550.000000000095 6.039760616351068e-08
20600.000000000095 6.899767292232059e-08
20650.000000000095 6.512305790252367e-08
20700.000000000095 6.55584334186101e-08
20750.000000000095 7.207397929370047e-08
20800.000000000095 6.906829539896903e-08
20850.000000000095 7.013219792107204e-08
20900.000000000095 7.27305006228545e-08
20950.000000000095 6.726553936922813e-08
21000.000000000095 7.097689122394935e-08
21050.000000000095 6.687307068127697e-08
21100.000000000095 6.591260213500174e-08
21150.000000000095 6.568800480775779e-08
21200.000000000095 6.255161238782642e-08
21250.000000000095 6.315418819879607e-08
21300.000000000095 5.6238371433322216e-08
21350.000000000095 5.7861316886514436e-08
21400.000000000095 5.2766942925625376e-08
21450.000000000095 4.928109099045095e-08
21500.000000000095 5.102870196356485e-08
21550.000000000095 4.7492595497365055e-08
21600.000000000095 4.479273987454049e-08
21650.000000000095 3.93309045812433e-08
21700.000000000095 4.254480629696041e-08
21750.000000000095 3.9999954248389506e-08
21800.000000000095 3.5910704697869355e-08
21850.000000000095 3.1883545822042716e-08
21900.000000000095 2.908944298256483e-08
21950.000000000095 1.5041843257150123e-08
22000.000000000095 8.303337249086818e-09
22050.000000000095 6.841201094190359e-09
22100.000000000095 1.2146125428170367e-08
22150.000000000095 1.4852655882701566e-08
22200.000000000095 1.3571567370456998e-08
22250.000000000095 1.2730350462500304e-08
22300.000000000095 1.1048262314445953e-08
22350.000000000095 1.0672355593939291e-08
22400.000000000095 7.98633351061516e-09
22450.000000000095 7.436522059988312e-09
22500.000000000095 8.131841209163881e-09
22550.000000000095 4.3425895382412e-09
22600.000000000095 6.077763296835669e-09
22650.000000000095 7.107064334812807e-09
22700.000000000095 5.656505855728815e-09
22750.000000000095 6.353701404953935e-09
22800.000000000095 5.641997488205148e-09
22850.000000000095 5.003758596090454e-09
22900.000000000095 3.921229220749972e-09
22950.000000000095 4.070857384341789e-09
23000.000000000095 3.5052858869325894e-09
23050.000000000095 4.639042502935828e-09
23100.000000000095 8.263857649315967e-09
23150.000000000095 7.887151929143423e-09
23200.000000000095 2.5946582121150552e-09
23250.000000000095 2.783183076536633e-09
23300.000000000095 3.1653224095935062e-09
23350.000000000095 2.492474845400042e-09
23400.000000000095 4.233306795852056e-09
23450.000000000095 3.586150827900832e-09
23500.000000000095 3.2977502846301345e-09
23550.000000000095 5.009119960573213e-09
23600.000000000095 5.176602217290951e-09
23650.000000000095 6.750343939321299e-09
23700.000000000095 3.1891062863589244e-09
23750.000000000095 2.6421947156397936e-09
23800.000000000095 4.632975149389295e-09
23850.000000000095 4.233631797761979e-09
23900.000000000095 7.374779725623587e-09
23950.000000000095 7.276748501705929e-09
24000.000000000095 9.88177607114429e-09
24050.000000000095 1.1583814839027993e-08
24100.000000000095 9.152874607657766e-09
24150.000000000095 9.834894069776309e-09
24200.000000000095 1.0283751842090773e-08
24250.000000000095 8.583089493970874e-09
24300.000000000095 1.108168491567269e-08
24350.000000000095 9.16720635844593e-09
24400.000000000095 1.604359355418648e-08
24450.000000000095 1.2930552774271217e-08
24500.000000000095 1.481852099637587e-08
24550.000000000095 1.5627703589557977e-08
24600.000000000095 1.8464611657605115e-08
24650.000000000095 2.025606849698549e-08
24700.000000000095 1.524954147686372e-08
24750.000000000095 1.4797538819568162e-08
24800.000000000095 1.5358034832599332e-08
24850.000000000095 2.250299518883004e-08
24900.000000000095 1.080922660465917e-08
24950.000000000095 1.888236685912612e-08
25000.000000000095 1.8389822386595913e-08
25050.000000000095 1.2239654344827763e-08
25100.000000000095 1.6222886724810728e-08
25150.000000000095 9.387840090364856e-09
25200.000000000095 1.3531454495601449e-08
25250.000000000095 7.099687198867511e-09
25300.000000000095 1.1156157511229443e-08
25350.000000000095 5.087763412450349e-09
25400.000000000095 1.1509694291518441e-08
25450.000000000095 6.2633832250267135e-09
25500.000000000095 5.935536925849177e-09
25550.000000000095 8.465044162970032e-09
25600.000000000095 5.11311431761354e-09
25650.000000000095 3.842856646823064e-09
25700.000000000095 7.483111642700626e-09
25750.000000000095 3.100080163352705e-09
25800.000000000095 8.592894382876325e-09
25850.000000000095 3.015148627819414e-09
25900.000000000095 4.63303173682429e-09
25950.000000000095 2.1835756276665986e-09
26000.000000000095 8.606251249899952e-09
26050.000000000095 3.575344875481745e-09
26100.000000000095 8.343433299325356e-09
26150.000000000095 5.907669433112915e-09
26200.000000000095 7.1378734405528e-09
26250.000000000095 1.3986347961773222e-08
26300.000000000095 6.8983043694846175e-09
26350.000000000095 1.6783749756930283e-08
26400.000000000095 2.1655261954383688e-08
26450.000000000095 1.706676416420733e-08
26500.000000000095 1.6887257574951757e-08
26550.000000000095 9.541791913500678e-09
26600.000000000095 1.1471160359518815e-08
26650.000000000095 3.996950876381933e-09
26700.000000000095 2.38085757773494e-09
26750.000000000095 2.441989274822686e-09
26800.000000000095 4.306726766669098e-09
26850.000000000095 2.57446646382166e-09
26900.000000000095 7.540992259564547e-09
26950.000000000095 3.1542398867651574e-09
27000.000000000095 1.1286008812210899e-08
27050.000000000095 9.987769044526491e-09
27100.000000000095 4.800179920504752e-09
27150.000000000095 1.4240354717478921e-08
27200.000000000095 4.767524231876938e-09
27250.000000000095 7.480757107295463e-09
27300.000000000095 2.5310882534715792e-08
27350.000000000095 1.493456635651563e-08
27400.000000000095 2.2952232525493426e-09
27450.000000000095 1.8266687248274952e-08
27500.000000000095 2.0883665474657894e-08
27550.000000000095 6.686508851148414e-09
27600.000000000095 1.3805246111313717e-08
27650.000000000095 5.429937823140291e-09
27700.000000000095 4.038767101096571e-09
27750.000000000095 1.442250987838726e-08
27800.000000000095 6.208242462147695e-09
27850.000000000095 7.484967084609843e-09
27900.000000000095 9.810919019828856e-09
27950.000000000095 1.4831954331045811e-08
28000.000000000095 1.3951023108137129e-08
28050.000000000095 4.465281849719663e-09
28100.000000000095 1.9705428242166353e-08
28150.000000000095 1.2587887178039627e-08
28200.000000000095 4.232140373421173e-09
28250.000000000095 2.0216446887611656e-08
28300.000000000095 2.9019816515963954e-08
28350.000000000095 6.2081704958731966e-09
28400.000000000095 1.6690400336925005e-08
28450.000000000095 2.3194244420805268e-08
28500.000000000095 1.5881992669368617e-08
28550.000000000095 5.127373568373575e-09
28600.000000000095 2.158116329094255e-08
28650.000000000095 2.1371323934248923e-08
28700.000000000095 1.7924954746896175e-08
28750.000000000095 2.9163874211961043e-08
28800.000000000095 2.393985575474436e-08
28850.000000000095 3.168338323956304e-08
28900.000000000095 1.3140432815428427e-08
28950.000000000095 3.7069667475809426e-08
29000.000000000095 2.263446421387194e-08
29050.000000000095 2.7908984640255314e-08
29100.000000000095 1.692239614609434e-08
29150.000000000095 3.988088809355378e-08
29200.000000000095 2.4889176792086124e-08
29250.000000000095 3.67458067009687e-08
29300.000000000095 2.134854492126631e-08
