galfind/configs/Brown_Dwarf_templates/sonora_cholla/logkzz7/56g/850K_56g_logkzz7_resample.dat
# %ECSV 1.0
# ---
# datatype:
# - {name: wav, unit: Angstrom, datatype: float64}
# - {name: flux_nu, unit: erg / (cm2 Hz s), datatype: float64}
# schema: astropy-2.0
wav flux_nu
[from data line 774]
48700.000000000095 8.386344840513709e-08
48750.000000000095 4.532345303539624e-08
48800.000000000095 7.925898487639522e-08
48850.000000000095 6.02737152243784e-08
48900.000000000095 8.70359274532604e-08
48950.000000000095 8.052353295697242e-08
49000.000000000095 6.627927761769475e-08
49050.000000000095 8.594454459919715e-08
49100.000000000095 5.8297325941371596e-08
49150.000000000095 1.0820059557804063e-07
49200.000000000095 6.026684682441709e-08
49250.000000000095 1.1254755241585974e-07
49300.000000000095 7.375353077291383e-08
49350.000000000095 8.454378682231339e-08
49400.000000000095 1.06359092697207e-07
49450.000000000095 9.164854153555468e-08
49500.000000000095 9.43221137443167e-08
49550.000000000095 5.143824239046664e-08
49600.000000000095 1.0157095732542444e-07
49650.000000000095 8.820939021375288e-08
49700.000000000095 8.374332036631711e-08
49750.000000000095 1.5329796230527416e-07
49800.000000000095 7.890161509547319e-08
49850.000000000095 1.7473362944534474e-07
49900.000000000095 1.1331286332049995e-07
49950.000000000095 1.4489643767547463e-07
50000.000000000095 1.4893157710484836e-07
50050.000000000095 1.3628256701653715e-07
50100.000000000095 1.849008319813016e-07
50150.000000000095 7.436727435412414e-08
50200.000000000095 5.2339083117834446e-08
50250.000000000095 1.4244089050855045e-07
50300.000000000095 9.963454338064335e-08
50350.000000000095 1.4542789935438273e-07
50400.000000000095 1.3304926638254816e-07
50450.000000000095 1.4207961164189298e-07
50500.000000000095 1.8064897487085506e-07
50550.000000000095 1.4704432120550182e-07
50600.000000000095 1.7471322105671952e-07
50650.000000000095 1.5297425756876508e-07
50700.000000000095 2.1502159232277888e-07
50750.000000000095 2.098742043624448e-07
50800.000000000095 8.611678437629136e-08
50850.000000000095 9.252086492012524e-08
50900.000000000095 1.9487638788495856e-07
50950.000000000095 2.048079506913937e-07
51000.000000000095 1.6992512965127842e-07
51050.000000000095 1.683981468604019e-07
51100.000000000095 8.893508528547636e-08
51150.000000000095 1.298015434992686e-07
51200.000000000095 2.1333761199492884e-07
51250.000000000095 1.9505558131463763e-07
51300.000000000095 1.1662935556633395e-07
51350.000000000095 1.592138456424849e-07
51400.000000000095 1.0392763262935886e-07
51450.000000000095 8.877645763813716e-08
51500.000000000095 7.752393727138321e-08
51550.000000000095 1.7326392945817276e-07
51600.000000000095 1.1862489233476175e-07
51650.000000000095 1.7588935884771176e-07
51700.000000000095 1.7705758495479364e-07
51750.000000000095 1.1569167955006881e-07
51800.000000000095 2.410091657743024e-07
51850.000000000095 1.8433436852058547e-07
51900.000000000095 2.342903020490109e-07
51950.000000000095 1.8138619731811215e-07
52000.000000000095 4.853472073963814e-08
52050.000000000095 1.1078598255462388e-07
52100.000000000095 9.605525270964633e-08
52150.000000000095 7.138945593167986e-08
52200.000000000095 8.945397191266654e-08
52250.000000000095 1.2757255485299696e-07
52300.000000000095 2.1131105870147068e-07
52350.000000000095 1.2126794251333333e-07
52400.000000000095 9.90554328491408e-08
52450.000000000095 1.9037342250574786e-07
52500.000000000095 1.7559475915348002e-07
52550.000000000095 1.7461631729277926e-07
52600.000000000095 1.29924162200896e-07
52650.000000000095 1.5854861225088499e-07
52700.000000000095 1.2699459343400855e-07
52750.000000000095 8.975494009402928e-08
52800.000000000095 9.952288777984097e-08
52850.000000000095 1.245114232697891e-07
52900.000000000095 8.537782735864162e-08
52950.000000000095 9.138493043793978e-08
53000.000000000095 2.0729429816586247e-07
53050.000000000095 7.480072734924015e-08
53100.000000000095 1.9300197530676808e-07
53150.000000000095 2.2134044821779417e-07
53200.000000000095 9.611420280930719e-08
53250.000000000095 2.052834526277996e-07
53300.000000000095 2.0733729582725177e-07
53350.000000000095 1.9282763628819458e-07
53400.000000000095 1.9473194374452142e-07
53450.000000000095 7.362483424794058e-08
53500.000000000095 3.833094064367696e-08
53550.000000000095 6.927727090543872e-08
53600.000000000095 1.2342456785284444e-07
53650.000000000095 1.1049528312647088e-07
53700.000000000095 9.612635482885891e-08
53750.000000000095 9.681637081781615e-08
53800.000000000095 9.64067868287088e-08
53850.000000000095 1.3485250908778362e-07
53900.000000000095 1.3575703225330817e-07
53950.000000000095 1.818493580964872e-07
54000.000000000095 1.1893650435689728e-07
54050.000000000095 1.2900062488677318e-07
54100.000000000095 5.024685351215371e-08
54150.000000000095 7.767926692266248e-08
54200.000000000095 2.9484459654486783e-08
54250.000000000095 4.174382263393369e-08
54300.000000000095 8.670219248213724e-08
54350.000000000095 1.1746324253319474e-07
54400.000000000095 1.159234562586623e-07
54450.000000000095 9.434699511532868e-08
54500.000000000095 8.502834333987145e-08
54550.000000000095 7.460822675973007e-08
54600.000000000095 9.318322890789523e-08
54650.000000000095 3.6405476528795397e-08
54700.000000000095 1.0807550193464851e-07
54750.000000000095 1.0507817836797795e-07
54800.000000000095 6.727915090560336e-08
54850.000000000095 8.949742757183974e-08
54900.000000000095 1.2400180915270614e-07
54950.000000000095 1.8196203651023554e-07
55000.000000000095 6.272140443194002e-08
55050.000000000095 1.0607654702589604e-07
55100.000000000095 9.868047919570029e-08
55150.000000000095 6.951129183410921e-08
55200.000000000095 6.631213205857472e-08
55250.000000000095 8.622572524284935e-08
55300.000000000095 5.824740384068629e-08
55350.000000000095 1.0827835547451006e-07
55400.000000000095 1.3618892052001216e-07
55450.000000000095 8.51299482579323e-08
55500.000000000095 4.0214829426153666e-08
55550.000000000095 5.50955100572248e-08
55600.000000000095 5.8794204677492675e-08
55650.000000000095 5.479951720286172e-08
55700.000000000095 6.681699999677655e-08
55750.000000000095 7.205160799994106e-08
55800.000000000095 4.278674340337728e-08
55850.000000000095 4.499060743512384e-08
55900.000000000095 9.69417613914729e-08
55950.000000000095 1.3179433628097845e-07
56000.000000000095 5.2955106015019457e-08
56050.000000000095 7.376384285847642e-08
56100.000000000095 9.634066443484919e-08
56150.000000000095 5.97217792346933e-08
56200.000000000095 7.384433821539976e-08
56250.000000000095 8.818417461693229e-08
56300.000000000095 8.234380594104104e-08
56350.000000000095 7.50322622415461e-08
56400.000000000095 4.00133215291398e-08
56450.000000000095 3.6166139545702196e-08
56500.000000000095 5.4651096837767964e-08
56550.000000000095 3.360673140140222e-08
56600.000000000095 8.986383182640129e-08
56650.000000000095 9.072929370373327e-08
56700.000000000095 9.074995561949304e-08
56750.000000000095 3.798144286280099e-08
56800.000000000095 8.872678285376351e-08
56850.000000000095 7.556080246774403e-08
56900.000000000095 4.993824821143145e-08
56950.000000000095 9.054300162297605e-08
57000.000000000095 1.0307124398132432e-07
57050.000000000095 5.7901142923883634e-08
57100.000000000095 2.5923922686187905e-08
57150.000000000095 4.147948533426804e-08
57200.000000000095 3.510258796336454e-08
57250.000000000095 4.9881481694284226e-08
57300.000000000095 7.388154852961695e-08
57350.000000000095 3.812328878535754e-08
57400.000000000095 7.70514921010168e-08
57450.000000000095 5.8818509017472435e-08
57500.000000000095 5.6505082714490425e-08
57550.000000000095 7.975541471077205e-08
57600.000000000095 8.076270730767522e-08
57650.000000000095 2.3907105953405953e-08
57700.000000000095 3.564090733863371e-08
57750.000000000095 5.116062804518348e-08
57800.000000000095 2.0813594518485682e-08
57850.000000000095 1.2020929909697724e-07
57900.000000000095 1.3760439361941544e-07
57950.000000000095 1.2650067256658114e-07
58000.000000000095 5.07957775424034e-08
58050.000000000095 8.131992719764188e-08
58100.000000000095 9.537836628509494e-08
58150.000000000095 6.138404005787251e-08
58200.000000000095 2.6165565956392744e-08
58250.000000000095 3.4984488405283475e-08
58300.000000000095 3.3541068415804474e-08
58350.000000000095 4.40662005667157e-08
58400.000000000095 7.474512830783656e-08
58450.000000000095 7.912176424365088e-08
58500.000000000095 7.245767474353192e-08
58550.000000000095 7.822764100992642e-08
58600.000000000095 3.720198321870683e-08
58650.000000000095 4.887691957509787e-08
58700.000000000095 5.77723517943771e-08
58750.000000000095 5.663827815955368e-08
58800.000000000095 1.879464423775436e-08
58850.000000000095 4.607405001835565e-08
58900.000000000095 6.483778593661992e-08
58950.000000000095 3.264487336154639e-08
59000.000000000095 6.380622272714992e-08
59050.000000000095 8.005754751558113e-08
59100.000000000095 9.14963026367688e-08
59150.000000000095 6.243369833171449e-08
59200.000000000095 6.96902839010276e-08
59250.000000000095 7.479491718502676e-08
59300.000000000095 6.412180303324494e-08
59350.000000000095 2.3768372643171504e-08
59400.000000000095 1.9222464203370292e-08
59450.000000000095 6.330560295009251e-08
59500.000000000095 3.357413294094469e-08
59550.000000000095 7.70046182398905e-08
59600.000000000095 8.305581407612105e-08
59650.000000000095 6.009026573963878e-08
59700.000000000095 3.925008715480787e-08
59750.000000000095 1.0247021311282465e-07
59800.000000000095 5.247593220113512e-08
59850.000000000095 7.597232991388149e-08
59900.000000000095 3.10966102087457e-08
59950.000000000095 6.100127630070108e-08
60000.000000000095 1.190184783715613e-07
60050.000000000095 1.05389661005513e-07
60100.000000000095 9.575044750417529e-08
60150.000000000095 5.411828660621374e-08
60200.000000000095 8.008354286507431e-08
60250.000000000095 1.0505121269308961e-07
60300.000000000095 9.59831179751337e-08
60350.000000000095 6.489311609211014e-08
60400.000000000095 7.539950847383927e-08
60450.000000000095 3.013176250264066e-08
60500.000000000095 1.557428865416297e-08
60550.000000000095 7.43601725255953e-08
60600.000000000095 8.134640261839073e-08
60650.000000000095 5.941683911308268e-08
60700.000000000095 4.584867495984979e-08
60750.000000000095 3.0433221474546516e-08
60800.000000000095 8.509302152730922e-08
60850.000000000095 1.3489727404122666e-07
60900.000000000095 1.2618881553362142e-07
60950.000000000095 1.0670146418836916e-07
61000.000000000095 7.838229078841492e-08
61050.000000000095 4.50281754893102e-08
61100.000000000095 6.228715600429237e-08
61150.000000000095 2.296761353187029e-08
61200.000000000095 9.387214121370994e-08
61250.000000000095 1.2299228711528722e-07
61300.000000000095 1.1017798806336712e-07
61350.000000000095 1.3699132660502232e-07
61400.000000000095 7.367848854298375e-08
61450.000000000095 3.6914582693740964e-08
61500.000000000095 5.4985092247329023e-08
61550.000000000095 5.7489393613014634e-08
61600.000000000095 3.6269520626111924e-08
61650.000000000095 7.03093420126818e-08
61700.000000000095 6.12162840998681e-08
61750.000000000095 7.045403475764409e-08
61800.000000000095 7.909059503696673e-08
61850.000000000095 3.781633418960616e-08
61900.000000000095 1.0232787398106768e-07
61950.000000000095 1.1101347146144129e-07
62000.000000000095 1.1117468685256419e-07
62050.000000000095 1.0118119414563072e-07
62100.000000000095 1.0031138891587949e-07
62150.000000000095 1.1725333409117033e-07
62200.000000000095 9.959969767717276e-08
62250.000000000095 9.414768853964474e-08
62300.000000000095 1.6009647395847625e-07
62350.000000000095 1.2140307313017024e-07
62400.000000000095 5.9499249175756556e-08
62450.000000000095 8.826624841504612e-08
62500.000000000095 1.4393654692765992e-07
62550.000000000095 1.3635094941331777e-07
62600.000000000095 1.4817224368083496e-07
62650.000000000095 1.0669539966826168e-07
62700.000000000095 1.1217072463196868e-07
62750.000000000095 1.4763708672139055e-07
62800.000000000095 8.037546495050229e-08
62850.000000000095 1.2513748206946585e-07
62900.000000000095 8.652604693393981e-08
62950.000000000095 1.4266534620124145e-07
63000.000000000095 1.1526217834983226e-07
63050.000000000095 1.765567369238221e-07
63100.000000000095 1.5614559159567573e-07
63150.000000000095 1.086892685206652e-07
63200.000000000095 1.38638289110881e-07
63250.000000000095 1.0896450981012775e-07
63300.000000000095 1.2909499932725735e-07
63350.000000000095 1.1769816267929127e-07
63400.000000000095 5.723824405729513e-08
63450.000000000095 4.0041620169757956e-08
63500.000000000095 1.0207980516722878e-07
63550.000000000095 1.0472907705973466e-07
63600.000000000095 1.2485772639948692e-07
63650.000000000095 8.12202651992647e-08
63700.000000000095 4.2798587098938804e-08
63750.000000000095 7.54771375270696e-08
63800.000000000095 1.1875033922141391e-07
63850.000000000095 9.737369759581268e-08
63900.000000000095 5.0917340228460345e-08
63950.000000000095 9.504572975074101e-08
64000.000000000095 1.0581736712819033e-07
64050.000000000095 5.921313803687684e-08
64100.000000000095 1.923640542654247e-08
64150.000000000095 2.925835372153932e-08
64200.000000000095 3.411398826173809e-08
64250.000000000095 6.854831291708059e-08
64300.000000000095 5.067713728952306e-08
64350.000000000095 4.3468804402318535e-08
64400.000000000095 8.404477876819629e-08
64450.000000000095 9.400046229709263e-08
64500.000000000095 4.234792049667055e-08
64550.000000000095 7.365934352747242e-08
64600.000000000095 3.675500212427045e-08
64650.000000000095 6.715719394109002e-08
64700.000000000095 3.1434692566922756e-08
64750.000000000095 4.5487845009174674e-08
64800.000000000095 4.001469800870978e-08
64850.000000000095 3.1242765576661915e-08
64900.000000000095 3.518778022865491e-08
64950.000000000095 3.200399235606733e-08
65000.000000000095 4.338438931301366e-08
65050.000000000095 5.48006572424245e-08
65100.000000000095 7.235837501919605e-08
65150.000000000095 3.764806651995769e-08
65200.000000000095 2.6597705606231062e-08
65250.000000000095 6.387373243114513e-08
65300.000000000095 4.627447024814667e-08
65350.000000000095 1.1062793895265228e-07
65400.000000000095 5.018724239174881e-08
65450.000000000095 5.237471291182012e-08
65500.000000000095 6.466683213741687e-08
65550.00000000009 3.48359844920407e-08
65600.00000000009 5.498210704310525e-08
65650.00000000009 4.8749538258901306e-08
65700.00000000009 4.6032134169014064e-08
65750.00000000009 3.255669362163922e-08
65800.00000000009 5.3993263066860003e-08
65850.00000000009 6.909587999293102e-08
65900.00000000009 3.105722836565882e-08
65950.00000000009 3.39647915877486e-08
66000.00000000009 4.7854703994884145e-08
66050.00000000009 9.673513809947729e-08
66100.00000000009 5.461784502516323e-08
66150.00000000009 4.048377967046868e-08
66200.00000000009 4.063107915865507e-08
66250.00000000009 3.584231157477456e-08
66300.00000000009 1.583453222619913e-08
66350.00000000009 2.0461750040720753e-08
66400.00000000009 3.2741842526441345e-08
66450.00000000009 6.571235530533332e-08
66500.00000000009 8.990658779272402e-08
66550.00000000009 9.234838415805618e-08
66600.00000000009 6.761650839508792e-08
66650.00000000009 5.5313267051643006e-08
66700.00000000009 4.852228814029165e-08
66750.00000000009 4.278467318025348e-08
66800.00000000009 5.884629032276641e-08
66850.00000000009 3.809114714803077e-08
66900.00000000009 8.430112659920219e-08
66950.00000000009 9.541355898460785e-08
67000.00000000009 8.756452438024643e-08
67050.00000000009 5.8409352252119e-08
67100.00000000009 3.9959201862324084e-08
67150.00000000009 4.4740121884013775e-08
67200.00000000009 6.104430733179566e-08
67250.00000000009 5.971207456304439e-08
67300.00000000009 7.35473973159198e-08
67350.00000000009 4.3539615607284855e-08
67400.00000000009 1.0120759650152496e-07
67450.00000000009 7.080752992626328e-08
67500.00000000009 6.015978898552292e-08
67550.00000000009 8.575643302149022e-08
67600.00000000009 1.425390707284055e-07
67650.00000000009 1.0501340903603743e-07
67700.00000000009 6.979864427643687e-08
67750.00000000009 5.497115166270422e-08
67800.00000000009 8.082584994131536e-08
67850.00000000009 4.025406127303947e-08
67900.00000000009 5.254953521952555e-08
67950.00000000009 3.669683172618102e-08
68000.00000000009 6.142266521317644e-08
68050.00000000009 8.919789977181197e-08
