galfind/configs/Brown_Dwarf_templates/sonora_cholla/logkzz7/56g/900K_56g_logkzz7_resample.dat
# %ECSV 1.0
# ---
# datatype:
# - {name: wav, unit: Angstrom, datatype: float64}
# - {name: flux_nu, unit: erg / (cm2 Hz s), datatype: float64}
# schema: astropy-2.0
wav flux_nu
10000.000000000093 nan
10050.000000000093 9.830546138564303e-08
10100.000000000093 1.2029978898125353e-07
10150.000000000093 1.3146603743958363e-07
10200.000000000093 1.5099829917946454e-07
10250.000000000093 1.6855059061189793e-07
10300.000000000093 1.8052323223314429e-07
10350.000000000093 2.0980133912248988e-07
10400.000000000093 2.340004290377372e-07
10450.000000000093 2.4079660310957255e-07
10500.000000000093 2.37981908502767e-07
10550.000000000093 2.421917802992321e-07
10600.000000000093 2.4809452701831354e-07
10650.000000000093 2.646436443819989e-07
10700.000000000093 2.7316844875042067e-07
10750.000000000093 2.839509786376363e-07
10800.000000000093 2.815738452604443e-07
10850.000000000093 2.7944985362209676e-07
10900.000000000093 1.958394074964298e-07
10950.000000000093 9.795278624460608e-08
11000.000000000093 7.550709580661401e-08
11050.000000000093 5.489542263763317e-08
11100.000000000093 4.202366631315647e-08
11150.000000000093 2.810813039717253e-08
11200.000000000093 2.704365761790614e-08
11250.000000000093 3.3828152917023365e-08
11300.000000000093 3.375270716979727e-08
11350.000000000093 1.5722054828108687e-08
11400.000000000093 3.503915623743884e-08
11450.000000000093 2.5383734764972493e-08
11500.000000000093 2.861549531733547e-08
11550.000000000093 1.7189710631183185e-08
11600.000000000093 1.847038224244861e-08
11650.000000000093 2.3831396502219963e-08
11700.000000000093 2.7781183415110722e-08
11750.000000000093 1.7581622235782513e-08
11800.000000000093 3.495490428138103e-08
11850.000000000093 5.077428938094846e-08
11900.000000000093 5.630486771714048e-08
11950.000000000093 8.224407607466023e-08
12000.000000000093 9.950249815830225e-08
12050.000000000093 1.2365986981269792e-07
12100.000000000093 1.4647385577351114e-07
12150.000000000093 1.6599110308071988e-07
12200.000000000093 1.964212606464518e-07
12250.000000000093 2.281505125919403e-07
12300.000000000093 2.571708447628855e-07
12350.000000000093 2.7596039975510135e-07
12400.000000000093 3.142804207554956e-07
12450.000000000093 3.655106731673821e-07
12500.000000000093 3.927086961953826e-07
12550.000000000093 4.17117661349676e-07
12600.000000000093 4.1018203454945254e-07
12650.000000000093 4.0357141857250006e-07
12700.000000000093 4.059080820130735e-07
12750.000000000093 3.779827011624859e-07
12800.000000000093 3.754399462014368e-07
12850.000000000093 3.1584927778732976e-07
12900.000000000093 2.7385647501609925e-07
12950.000000000093 2.7595510468716963e-07
13000.000000000093 2.6891140310091487e-07
13050.000000000093 2.4608177390098684e-07
13100.000000000093 2.2093900452639827e-07
13150.000000000093 1.7706111504616313e-07
13200.000000000093 1.6452424077958183e-07
13250.000000000093 1.2069990590642628e-07
13300.000000000093 6.092572820232026e-08
13350.000000000093 1.8980012680248096e-08
13400.000000000093 9.483898079422421e-09
13450.000000000093 4.841379917785187e-09
13500.000000000093 2.6030435651554696e-09
13550.000000000093 1.9417131943465263e-09
13600.000000000093 1.0207189376943445e-09
13650.000000000093 3.1856545136261597e-09
13700.000000000093 2.313393665479969e-09
13750.000000000093 3.1168549486868338e-09
13800.000000000093 4.075355224885753e-09
13850.000000000093 2.8661671262706766e-09
13900.000000000093 3.082257285238194e-09
13950.000000000093 2.76414903778983e-09
14000.000000000093 2.636152225713422e-09
14050.000000000093 3.4734724131313793e-09
14100.000000000093 2.676989700094675e-09
14150.000000000093 4.034409715921181e-09
14200.000000000093 2.8595423313110698e-09
14250.000000000093 3.137170400463356e-09
14300.000000000093 5.6462628596621255e-09
14350.000000000093 5.066667616606988e-09
14400.000000000093 6.081586149273039e-09
14450.000000000093 6.80941560515476e-09
14500.000000000093 1.3259385881006225e-08
14550.000000000093 1.349840405609068e-08
14600.000000000093 1.8401059628915944e-08
14650.000000000093 1.9705703775666946e-08
14700.000000000093 1.272466113385815e-08
14750.000000000093 1.842799841408892e-08
14800.000000000093 2.4043642440183927e-08
14850.000000000093 2.447316864358676e-08
14900.000000000093 2.7407883137339962e-08
14950.000000000093 3.223262672241351e-08
15000.000000000093 3.560228734222386e-08
15050.000000000093 4.341728898764456e-08
15100.000000000093 5.087499966277987e-08
15150.000000000093 5.4024368816131676e-08
15200.000000000093 4.9617463786860996e-08
15250.000000000093 6.494189937562128e-08
15300.000000000093 7.783475275565676e-08
15350.000000000093 9.456084500091161e-08
15400.000000000093 1.0520936193370992e-07
15450.000000000093 1.19746682709503e-07
15500.000000000093 1.2818110210268546e-07
15550.000000000093 1.519197199947406e-07
15600.000000000093 1.5047346967998355e-07
15650.000000000093 1.6333426630142537e-07
15700.000000000093 1.9638358861249385e-07
15750.000000000093 2.1483115130835035e-07
15800.000000000093 2.004390555368088e-07
15850.000000000093 2.1842782401108523e-07
15900.000000000093 2.144949732419894e-07
15950.000000000093 2.1020245415025242e-07
16000.000000000093 1.9408810557066282e-07
16050.000000000093 1.6430212542535622e-07
16100.000000000093 1.414433827736397e-07
16150.000000000093 1.0195975427365329e-07
16200.000000000093 7.541988704259523e-08
16250.000000000093 7.636920347419216e-08
16300.000000000093 6.342907634819841e-08
16350.000000000093 6.867927516126605e-08
16400.000000000095 7.694187081757132e-08
16450.000000000095 8.381128322255763e-08
16500.000000000095 8.757089969711341e-08
16550.000000000095 8.204835992663148e-08
16600.000000000095 8.212392590066304e-08
16650.000000000095 6.257290283643633e-08
16700.000000000095 3.1213296391037e-08
16750.000000000095 4.394586365407828e-08
16800.000000000095 6.446497230353007e-08
16850.000000000095 6.375435863484887e-08
16900.000000000095 5.368367496833789e-08
16950.000000000095 4.88052499866989e-08
17000.000000000095 4.0612527664607454e-08
17050.000000000095 5.0999979147875525e-08
17100.000000000095 5.7533172184191224e-08
17150.000000000095 4.515943141368027e-08
17200.000000000095 6.179263755285516e-08
17250.000000000095 5.017271904936174e-08
17300.000000000095 4.169595774335602e-08
17350.000000000095 4.2229453562149876e-08
17400.000000000095 4.176942084851289e-08
17450.000000000095 4.4148403371897265e-08
17500.000000000095 4.955876223986857e-08
17550.000000000095 4.120665930751654e-08
17600.000000000095 3.562899701983035e-08
17650.000000000095 3.479335334425417e-08
17700.000000000095 2.5081125155100972e-08
17750.000000000095 2.1872663102128094e-08
17800.000000000095 2.900927971285521e-08
17850.000000000095 1.8386997546905143e-08
17900.000000000095 2.1178965389931537e-08
17950.000000000095 1.4295171311816778e-08
18000.000000000095 1.6840935498149725e-08
18050.000000000095 1.534373658386701e-08
18100.000000000095 1.2800746410180425e-08
18150.000000000095 1.9521734686682555e-08
18200.000000000095 1.0817716366773543e-08
18250.000000000095 2.5335196032933688e-08
18300.000000000095 1.3848041533988778e-08
18350.000000000095 1.1932893530192492e-08
18400.000000000095 1.0131213677778911e-08
18450.000000000095 1.4158856213455482e-08
18500.000000000095 1.5850738643049007e-08
18550.000000000095 1.1671528752664507e-08
18600.000000000095 1.0506904736815672e-08
18650.000000000095 8.636681114871582e-09
18700.000000000095 7.633321427725363e-09
18750.000000000095 1.0231319135987503e-08
18800.000000000095 2.2010155904565383e-08
18850.000000000095 2.4004034317372047e-08
18900.000000000095 2.187389254234097e-08
18950.000000000095 3.484149873788485e-08
19000.000000000095 2.128250758030234e-08
19050.000000000095 1.575363551930593e-08
19100.000000000095 2.9585832209137094e-08
19150.000000000095 2.0779362541612193e-08
19200.000000000095 2.5391744839350753e-08
19250.000000000095 2.1509227769329348e-08
19300.000000000095 1.7555471396584196e-08
19350.000000000095 1.7079796134518704e-08
19400.000000000095 1.074466745528256e-08
19450.000000000095 2.0768517222470213e-08
19500.000000000095 1.840535491793566e-08
19550.000000000095 1.5243668430810182e-08
19600.000000000095 2.1793972791300506e-08
19650.000000000095 2.389686285971135e-08
19700.000000000095 2.525247730096081e-08
19750.000000000095 2.7626292065203712e-08
19800.000000000095 3.172252086854789e-08
19850.000000000095 3.865677718184447e-08
19900.000000000095 2.902702591208483e-08
19950.000000000095 4.479829492511784e-08
20000.000000000095 4.456682707994393e-08
20050.000000000095 4.582619778141835e-08
20100.000000000095 5.1758935657187323e-08
20150.000000000095 4.725705881797582e-08
20200.000000000095 5.6659753314482624e-08
20250.000000000095 6.541017173135391e-08
20300.000000000095 5.851024810658445e-08
20350.000000000095 6.765456310592567e-08
20400.000000000095 6.634733157227653e-08
20450.000000000095 8.021759207675688e-08
20500.000000000095 8.128127158415913e-08
20550.000000000095 7.823333678664069e-08
20600.000000000095 9.009056047680731e-08
20650.000000000095 8.466831706239529e-08
20700.000000000095 8.557181208321598e-08
20750.000000000095 9.427419241000434e-08
20800.000000000095 9.090036649934607e-08
20850.000000000095 9.202969860919412e-08
20900.000000000095 9.578997377188254e-08
20950.000000000095 8.895787892504859e-08
21000.000000000095 9.424440914414716e-08
21050.000000000095 8.900740635632263e-08
21100.000000000095 8.822799563491545e-08
21150.000000000095 8.81149503863788e-08
21200.000000000095 8.405792589213434e-08
21250.000000000095 8.551020859085791e-08
21300.000000000095 7.674458152431074e-08
21350.000000000095 7.93225830541263e-08
21400.000000000095 7.233845816916412e-08
21450.000000000095 6.873905408677405e-08
21500.000000000095 7.087500581715982e-08
21550.000000000095 6.624399084791588e-08
21600.000000000095 6.340151859847216e-08
21650.000000000095 5.620563869545139e-08
21700.000000000095 6.051332921229758e-08
21750.000000000095 5.6571747182713756e-08
21800.000000000095 5.1225189500857154e-08
21850.000000000095 4.577643629003991e-08
21900.000000000095 4.253195276281064e-08
21950.000000000095 2.357620216397584e-08
22000.000000000095 1.4117969297820964e-08
22050.000000000095 1.1318007160964978e-08
22100.000000000095 1.8906683540782517e-08
22150.000000000095 2.2823718951166135e-08
22200.000000000095 2.1209545602164407e-08
22250.000000000095 1.9742663788913446e-08
22300.000000000095 1.800930737143869e-08
22350.000000000095 1.7085481695842154e-08
22400.000000000095 1.3453665617628847e-08
22450.000000000095 1.2259040583827036e-08
22500.000000000095 1.3452071328479329e-08
22550.000000000095 7.638999263586225e-09
22600.000000000095 1.033544100036749e-08
22650.000000000095 1.14697889913859e-08
22700.000000000095 9.713227567885914e-09
22750.000000000095 1.0681247110663087e-08
22800.000000000095 9.487283437526402e-09
22850.000000000095 8.46739406367353e-09
22900.000000000095 6.983423924060403e-09
22950.000000000095 7.197000692338711e-09
23000.000000000095 5.7612563276106876e-09
23050.000000000095 7.817832243359357e-09
23100.000000000095 1.2732624996601625e-08
23150.000000000095 1.207560360783203e-08
23200.000000000095 4.613577770244873e-09
23250.000000000095 4.884491642851616e-09
23300.000000000095 5.2988270962428e-09
23350.000000000095 4.319129147840466e-09
23400.000000000095 6.873619652707373e-09
23450.000000000095 6.042840168572538e-09
23500.000000000095 5.6987859350613835e-09
23550.000000000095 8.291054375058971e-09
23600.000000000095 8.468915761822826e-09
23650.000000000095 1.0685593001285177e-08
23700.000000000095 5.549926980036368e-09
23750.000000000095 4.733395213668169e-09
23800.000000000095 7.411731434971326e-09
23850.000000000095 6.9320763716045555e-09
23900.000000000095 1.1563926191207981e-08
23950.000000000095 1.154257016066862e-08
24000.000000000095 1.5433808502109464e-08
24050.000000000095 1.7500543181650496e-08
24100.000000000095 1.3888571438233559e-08
24150.000000000095 1.4742191925368568e-08
24200.000000000095 1.5813475798255463e-08
24250.000000000095 1.365441254383482e-08
24300.000000000095 1.6610491091979257e-08
24350.000000000095 1.4029911098586997e-08
24400.000000000095 2.3645264029170494e-08
24450.000000000095 1.8737473376351895e-08
24500.000000000095 2.157704229649631e-08
24550.000000000095 2.199255043735985e-08
24600.000000000095 2.5737463554732216e-08
24650.000000000095 2.8172526304516495e-08
24700.000000000095 2.1273026712228858e-08
24750.000000000095 2.0347995975968305e-08
24800.000000000095 2.119514353241947e-08
24850.000000000095 3.058209473214951e-08
24900.000000000095 1.4825258243892753e-08
24950.000000000095 2.5734178043079392e-08
25000.000000000095 2.4656095035833335e-08
25050.000000000095 1.6693515074819963e-08
25100.000000000095 2.194779621899201e-08
25150.000000000095 1.3008386813632531e-08
25200.000000000095 1.8412699759424506e-08
25250.000000000095 1.0151666884528e-08
25300.000000000095 1.5730239436089545e-08
25350.000000000095 7.401966756427977e-09
25400.000000000095 1.5876140167855107e-08
25450.000000000095 9.08400808306488e-09
25500.000000000095 8.67556981229397e-09
25550.000000000095 1.2042954066337634e-08
25600.000000000095 7.933958709826165e-09
25650.000000000095 5.8293900513725e-09
25700.000000000095 1.1435052956907348e-08
25750.000000000095 4.9329055622068084e-09
25800.000000000095 1.2709194441486875e-08
25850.000000000095 4.821717661778097e-09
25900.000000000095 7.269778015292394e-09
25950.000000000095 3.6968182255674946e-09
26000.000000000095 1.2590688648270439e-08
26050.000000000095 5.978375538976356e-09
26100.000000000095 1.2617000475995195e-08
26150.000000000095 9.279174782261513e-09
26200.000000000095 1.1100677346131485e-08
26250.000000000095 1.945775732319155e-08
26300.000000000095 1.0467439119029899e-08
26350.000000000095 2.312101622126173e-08
26400.000000000095 2.9325765772485464e-08
26450.000000000095 2.3711627309409457e-08
26500.000000000095 2.2634730758401637e-08
26550.000000000095 1.3971267910254496e-08
26600.000000000095 1.6968561181155516e-08
26650.000000000095 6.4027445357883745e-09
26700.000000000095 4.0197685166435005e-09
26750.000000000095 3.947361990767382e-09
26800.000000000095 6.322610479599038e-09
26850.000000000095 4.0417452974901725e-09
26900.000000000095 1.0878980584618186e-08
26950.000000000095 4.768416372834007e-09
27000.000000000095 1.550563972236251e-08
27050.000000000095 1.3712325202633581e-08
27100.000000000095 7.332829119427075e-09
27150.000000000095 1.9421294144743336e-08
27200.000000000095 7.3072578806891146e-09
27250.000000000095 1.0865636088646563e-08
27300.000000000095 3.3098012623154007e-08
27350.000000000095 2.062652150803979e-08
27400.000000000095 3.7442138951646874e-09
27450.000000000095 2.5134393810851407e-08
27500.000000000095 2.7813345552482653e-08
27550.000000000095 1.0095521473003294e-08
27600.000000000095 1.9882205879092494e-08
27650.000000000095 8.23136158871061e-09
27700.000000000095 6.2009102363913634e-09
27750.000000000095 2.026489038819737e-08
27800.000000000095 9.147216893973118e-09
27850.000000000095 1.0814168603022302e-08
27900.000000000095 1.4155829369625233e-08
27950.000000000095 1.9986198856098984e-08
28000.000000000095 1.939225569286339e-08
28050.000000000095 6.722854690505179e-09
28100.000000000095 2.6658064801471075e-08
28150.000000000095 1.7580030773383266e-08
28200.000000000095 6.288493208234302e-09
28250.000000000095 2.7114812710415894e-08
28300.000000000095 3.8539302809729354e-08
28350.000000000095 8.883892033477441e-09
28400.000000000095 2.2736361725550564e-08
28450.000000000095 2.9932485982709525e-08
28500.000000000095 2.1665415941095723e-08
28550.000000000095 7.538791268780606e-09
28600.000000000095 2.8757432399863488e-08
28650.000000000095 2.8297255412244967e-08
28700.000000000095 2.3801602907300952e-08
28750.000000000095 3.7393572416963674e-08
28800.000000000095 3.085309662451314e-08
28850.000000000095 4.1157281721599064e-08
28900.000000000095 1.730782335564403e-08
28950.000000000095 4.6672601630542575e-08
29000.000000000095 2.9114518587265325e-08
29050.000000000095 3.577683574592005e-08
29100.000000000095 2.163182612238168e-08
29150.000000000095 4.9935245425816094e-08
29200.000000000095 3.1671333965422534e-08
29250.000000000095 4.680851477222678e-08
