galfind/configs/Brown_Dwarf_templates/sonora_cholla/logkzz7/56g/950K_56g_logkzz7_resample.dat
# %ECSV 1.0
# ---
# datatype:
# - {name: wav, unit: Angstrom, datatype: float64}
# - {name: flux_nu, unit: erg / (cm2 Hz s), datatype: float64}
# schema: astropy-2.0
wav flux_nu
[from data line 1162]
68100.00000000009 1.4699740093858694e-07
68150.00000000009 1.1265549093337638e-07
68200.00000000009 1.1808353209427912e-07
68250.00000000009 4.67520365658907e-08
68300.00000000009 1.0411990797535541e-07
68350.00000000009 5.896670347241264e-08
68400.00000000009 1.4868167123149128e-07
68450.00000000009 1.3768408135305673e-07
68500.00000000009 1.1054653038914236e-07
68550.00000000009 6.952009918210615e-08
68600.00000000009 7.376041843172862e-08
68650.00000000009 4.668898806185118e-08
68700.00000000009 8.289115775100497e-08
68750.00000000009 1.0788186643312244e-07
68800.00000000009 1.2444019369229724e-07
68850.00000000009 5.4934911570734555e-08
68900.00000000009 1.548698465935778e-07
68950.00000000009 1.6545361237356002e-07
69000.00000000009 1.555623790426011e-07
69050.00000000009 8.54200436414304e-08
69100.00000000009 1.539511813821183e-07
69150.00000000009 1.869506490124554e-07
69200.00000000009 1.1450792327571029e-07
69250.00000000009 1.8308902041966658e-07
69300.00000000009 1.1845132282595372e-07
69350.00000000009 1.6273945334813948e-07
69400.00000000009 7.961367892552304e-08
69450.00000000009 1.690010780945047e-07
69500.00000000009 9.583142374314689e-08
69550.00000000009 1.0543187846057767e-07
69600.00000000009 3.912640010056139e-08
69650.00000000009 9.31485555671759e-08
69700.00000000009 1.5394057826647823e-07
69750.00000000009 1.0742249184299783e-07
69800.00000000009 1.3955815341420116e-07
69850.00000000009 1.4912209924903493e-07
69900.00000000009 9.759959298702987e-08
69950.00000000009 1.0806626226185036e-07
70000.00000000009 1.0055943188122981e-07
70050.00000000009 1.590031400838272e-07
70100.00000000009 1.1882214631515132e-07
70150.00000000009 1.337640482204096e-07
70200.00000000009 8.882875194803627e-08
70250.00000000009 1.1625139724171145e-07
70300.00000000009 1.5928162318712275e-07
70350.00000000009 1.1422492775614996e-07
70400.00000000009 9.188005803996553e-08
70450.00000000009 4.0502851854696866e-08
70500.00000000009 7.404971108229641e-08
70550.00000000009 7.682783623228932e-08
70600.00000000009 7.763059732945976e-08
70650.00000000009 1.341757575555114e-07
70700.00000000009 1.2983709679802172e-07
70750.00000000009 1.60993297456022e-07
70800.00000000009 1.0347757954315483e-07
70850.00000000009 9.488550765516486e-08
70900.00000000009 9.774580935796531e-08
70950.00000000009 1.4848211041825994e-07
71000.00000000009 1.262073020424736e-07
71050.00000000009 1.3659367269514082e-07
71100.00000000009 1.1452705478311693e-07
71150.00000000009 1.0561299248681653e-07
71200.00000000009 9.24181568146652e-08
71250.00000000009 1.117331688636096e-07
71300.00000000009 1.526691440888089e-07
71350.00000000009 1.3931671185377315e-07
71400.00000000009 1.2828339372468172e-07
71450.00000000009 6.870039243722053e-08
71500.00000000009 8.873943579769528e-08
71550.00000000009 9.537574380171704e-08
71600.00000000009 1.0871313761921552e-07
71650.00000000009 9.115977447029127e-08
71700.00000000009 7.275972354976108e-08
71750.00000000009 1.0821369124069547e-07
71800.00000000009 1.4617252977006378e-07
71850.00000000009 1.376359296628519e-07
71900.00000000009 8.520517143793663e-08
71950.00000000009 1.0971971380168468e-07
72000.00000000009 1.0282098360317527e-07
72050.00000000009 6.88797056938653e-08
72100.00000000009 8.434542025045975e-08
72150.00000000009 8.415476054565283e-08
72200.00000000009 1.1284962638229259e-07
72250.00000000009 1.2334681918368363e-07
72300.00000000009 1.1647567786252372e-07
72350.00000000009 1.0891075912515871e-07
72400.00000000009 9.851919099684758e-08
72450.00000000009 8.145852492202753e-08
72500.00000000009 9.661746802968443e-08
72550.00000000009 5.893151085519041e-08
72600.00000000009 6.350288984672783e-08
72650.00000000009 1.282490777107085e-07
72700.00000000009 1.1288223863158365e-07
72750.00000000009 9.232440485968194e-08
72800.00000000009 8.305530130760269e-08
72850.00000000009 8.829991941802304e-08
72900.00000000009 1.1638183492402641e-07
72950.00000000009 1.0475215254386619e-07
73000.00000000009 1.0584266997846573e-07
73050.00000000009 8.343375760345512e-08
73100.00000000009 8.165191358476903e-08
73150.00000000009 1.5340444405366675e-07
73200.00000000009 8.631822137745211e-08
73250.00000000009 1.0299978204408698e-07
73300.00000000009 9.968676658983467e-08
73350.00000000009 6.768228903236211e-08
73400.00000000009 9.232331617435476e-08
73450.00000000009 6.213470091303303e-08
73500.00000000009 6.682845315005671e-08
73550.00000000009 9.340420133622272e-08
73600.00000000009 6.673481267196537e-08
73650.00000000009 9.82949500134252e-08
73700.00000000009 1.1877310583880726e-07
73750.00000000009 6.611884537898592e-08
73800.00000000009 8.514085523082546e-08
73850.00000000009 1.06173681475259e-07
73900.00000000009 1.1112463671788278e-07
73950.00000000009 9.324819820173148e-08
74000.00000000009 7.929266301329994e-08
74050.00000000009 1.514390913373294e-07
74100.00000000009 8.863450255976292e-08
74150.00000000009 9.710460571196207e-08
74200.00000000009 8.608924933304043e-08
74250.00000000009 4.739161936810131e-08
74300.00000000009 8.970166371907008e-08
74350.00000000009 1.1373539578324362e-07
74400.00000000009 9.146201532689904e-08
74450.00000000009 6.098982399082711e-08
74500.00000000009 6.849344042637809e-08
74550.00000000009 8.684463208161653e-08
74600.00000000009 7.500017780845804e-08
74650.00000000009 7.395185760803515e-08
74700.00000000009 5.6258923513529546e-08
74750.00000000009 7.436372664108357e-08
74800.00000000009 7.03465758167942e-08
74850.00000000009 5.403557097350938e-08
74900.00000000009 1.1446931146249229e-07
74950.00000000009 1.2080226038294687e-07
75000.00000000009 8.96019606520211e-08
75050.00000000009 6.530947166878196e-08
75100.00000000009 1.329425547752567e-07
75150.00000000009 1.067849312697618e-07
75200.00000000009 1.2457969609542925e-07
75250.00000000009 1.2443617747689223e-07
75300.00000000009 1.237586970928579e-07
75350.00000000009 6.790113926228687e-08
75400.00000000009 1.2370659196843546e-07
75450.00000000009 1.0728071708909333e-07
75500.00000000009 9.62983230047335e-08
75550.00000000009 1.193126116074794e-07
75600.00000000009 1.5730445226932468e-07
75650.00000000009 9.485522659275162e-08
75700.00000000009 9.764307466837799e-08
75750.00000000009 6.812603788316553e-08
75800.00000000009 1.0454555406719429e-07
75850.00000000009 1.316727089236905e-07
75900.00000000009 1.0508188368485895e-07
75950.00000000009 8.342381285673153e-08
76000.00000000009 1.0073007770925054e-07
76050.00000000009 1.069960568877705e-07
76100.00000000009 9.116592380976474e-08
76150.00000000009 1.1195960954153998e-07
76200.00000000009 1.1461563919065941e-07
76250.00000000009 1.4897280365431685e-07
76300.00000000009 1.5213747772409767e-07
76350.00000000009 2.059938238209015e-07
76400.00000000009 1.4895157580406722e-07
76450.00000000009 1.3452736528435444e-07
76500.00000000009 1.199182815536516e-07
76550.00000000009 9.98507890937092e-08
76600.00000000009 4.310896589056431e-08
76650.00000000009 4.8131663168613104e-08
76700.00000000009 5.3674566696779364e-08
76750.00000000009 5.237237706047156e-08
76800.00000000009 8.771003198945884e-08
76850.00000000009 2.8998023857919994e-08
76900.00000000009 4.2148664214996624e-08
76950.00000000009 6.821885125188356e-08
77000.00000000009 7.620653446926019e-08
77050.00000000009 4.7568661120847635e-08
77100.00000000009 5.470038396594669e-08
77150.00000000009 8.397062246345905e-08
77200.00000000009 7.019486380553067e-08
77250.00000000009 8.029891345079267e-08
77300.00000000009 7.70409197679779e-08
77350.00000000009 4.8421238398245746e-08
77400.00000000009 4.298767692019441e-08
77450.00000000009 5.570762052816561e-08
77500.00000000009 5.214492726850965e-08
77550.00000000009 6.566394505166906e-08
77600.00000000009 7.023280619999836e-08
77650.00000000009 6.520420386225495e-08
77700.00000000009 4.6315175693564475e-08
77750.00000000009 9.336399136689745e-08
77800.00000000009 7.078908488284145e-08
77850.00000000009 1.1805158683791475e-07
77900.00000000009 9.421258766623147e-08
77950.00000000009 5.5390743367621005e-08
78000.00000000009 7.732245731331052e-08
78050.00000000009 8.447469752672489e-08
78100.00000000009 6.327725716177536e-08
78150.00000000009 1.039157475448241e-07
78200.00000000009 1.0669663363034528e-07
78250.00000000009 1.2378607114499546e-07
78300.00000000009 1.1332675097267374e-07
78350.00000000009 1.0348684295225462e-07
78400.00000000009 8.835166648483417e-08
78450.00000000009 1.2932165934973732e-07
78500.00000000009 1.1701759404673279e-07
78550.00000000009 1.2169598649572877e-07
78600.00000000009 1.0326230008017514e-07
78650.00000000009 4.17895941876611e-08
78700.00000000009 7.910636945399561e-08
78750.00000000009 7.612134678678506e-08
78800.00000000009 1.1045177968735553e-07
78850.00000000009 6.595428554502052e-08
78900.00000000009 1.004131390336975e-07
78950.00000000009 8.224634903798531e-08
79000.00000000009 9.047609972730889e-08
79050.00000000009 8.568656957301002e-08
79100.00000000009 8.913047262458794e-08
79150.00000000009 9.610610219476324e-08
79200.00000000009 1.2327686575622986e-07
79250.00000000009 9.728273153662301e-08
79300.00000000009 7.041852893294132e-08
79350.00000000009 1.068170336669704e-07
79400.00000000009 8.671637094387029e-08
79450.00000000009 1.1021674212514723e-07
79500.00000000009 1.5691758883171652e-07
79550.00000000009 1.2011247620957058e-07
79600.00000000009 7.398004172189476e-08
79650.00000000009 1.0421508683314046e-07
79700.00000000009 1.3241284966725514e-07
79750.00000000009 1.259171562454937e-07
79800.00000000009 1.0252741688426373e-07
79850.00000000009 1.0193994118174633e-07
79900.00000000009 1.6213562018813593e-07
79950.00000000009 1.1164266808256807e-07
