galfind/configs/Brown_Dwarf_templates/sonora_cholla/logkzz2/3162g/1000K_3162g_logkzz2_resample.dat
# %ECSV 1.0
# ---
# datatype:
# - {name: wav, unit: Angstrom, datatype: float64}
# - {name: flux_nu, unit: erg / (cm2 Hz s), datatype: float64}
# schema: astropy-2.0
wav flux_nu
[from data line 775]
48750.000000000095 2.198327766188899e-07
48800.000000000095 3.7612201089100205e-07
48850.000000000095 2.442527286233836e-07
48900.000000000095 3.703184292264662e-07
48950.000000000095 2.7775630220404383e-07
49000.000000000095 2.035046790878636e-07
49050.000000000095 3.481250801662128e-07
49100.000000000095 2.906996303230732e-07
49150.000000000095 3.4144802962061794e-07
49200.000000000095 3.254319042145576e-07
49250.000000000095 3.722985899754206e-07
49300.000000000095 3.0211030454477976e-07
49350.000000000095 2.2526989497413926e-07
49400.000000000095 2.7956067144100876e-07
49450.000000000095 2.9810911782757775e-07
49500.000000000095 2.6240654154698776e-07
49550.000000000095 1.2734181847173155e-07
49600.000000000095 2.2723969991899743e-07
49650.000000000095 2.527698602271287e-07
49700.000000000095 2.7770576226975855e-07
49750.000000000095 3.41306746437292e-07
49800.000000000095 2.4854253470005966e-07
49850.000000000095 3.922967876249905e-07
49900.000000000095 3.4712011259572747e-07
49950.000000000095 2.992384450742657e-07
50000.000000000095 3.2290399471286785e-07
50050.000000000095 3.4519514035270605e-07
50100.000000000095 3.2088420047592117e-07
50150.000000000095 1.994158091128369e-07
50200.000000000095 1.0747777937079828e-07
50250.000000000095 2.7167048600718343e-07
50300.000000000095 2.0696166875637365e-07
50350.000000000095 3.457428433256553e-07
50400.000000000095 3.1048371238888323e-07
50450.000000000095 2.505094172196697e-07
50500.000000000095 3.531051320072249e-07
50550.000000000095 3.4803234010089284e-07
50600.000000000095 2.5874741391623437e-07
50650.000000000095 3.287359295647124e-07
50700.000000000095 4.146888624817167e-07
50750.000000000095 3.0459809893861023e-07
50800.000000000095 1.816650571002129e-07
50850.000000000095 1.5569597666319653e-07
50900.000000000095 3.4809483335973415e-07
50950.000000000095 3.2345603854230833e-07
51000.000000000095 3.0156072011021553e-07
51050.000000000095 3.0732493691855846e-07
51100.000000000095 1.682076368732505e-07
51150.000000000095 2.1503584692555872e-07
51200.000000000095 4.0976327065986444e-07
51250.000000000095 2.7932861768840307e-07
51300.000000000095 2.2277263550492063e-07
51350.000000000095 2.647409089118588e-07
51400.000000000095 1.6255232300211297e-07
51450.000000000095 1.436003417813803e-07
51500.000000000095 1.282821643202055e-07
51550.000000000095 2.565872091383388e-07
51600.000000000095 2.0062428011823873e-07
51650.000000000095 2.3626154098076066e-07
51700.000000000095 2.575367192894826e-07
51750.000000000095 1.7626803457800373e-07
51800.000000000095 3.144684565117602e-07
51850.000000000095 2.6259129746749587e-07
51900.000000000095 3.571494225394889e-07
51950.000000000095 2.6314315481359274e-07
52000.000000000095 9.138337210886507e-08
52050.000000000095 1.8305654436248358e-07
52100.000000000095 1.54280330845209e-07
52150.000000000095 1.2235409655908067e-07
52200.000000000095 1.466923231599257e-07
52250.000000000095 2.0240318703938778e-07
52300.000000000095 3.314434277209599e-07
52350.000000000095 1.8441940759823904e-07
52400.000000000095 1.5995555499992057e-07
52450.000000000095 2.7430703764105743e-07
52500.000000000095 2.5420787175586044e-07
52550.000000000095 2.5100373240428533e-07
52600.000000000095 2.1608786127687267e-07
52650.000000000095 2.2153745073300796e-07
52700.000000000095 1.7871429278788474e-07
52750.000000000095 1.3756242067469625e-07
52800.000000000095 1.5854290012553582e-07
52850.000000000095 1.8391860874368649e-07
52900.000000000095 1.452765688032496e-07
52950.000000000095 1.700051432981231e-07
53000.000000000095 2.6610692606856823e-07
53050.000000000095 1.1818386271420517e-07
53100.000000000095 2.6087998997288564e-07
53150.000000000095 3.07411135952445e-07
53200.000000000095 1.418628024961322e-07
53250.000000000095 2.6735769663040897e-07
53300.000000000095 2.955112475815559e-07
53350.000000000095 2.8632625558327686e-07
53400.000000000095 2.652907299254244e-07
53450.000000000095 1.2280800372192518e-07
53500.000000000095 7.421577476269035e-08
53550.000000000095 1.1561358010221315e-07
53600.000000000095 1.9398039417121045e-07
53650.000000000095 1.5579807155832393e-07
53700.000000000095 1.4609762801611956e-07
53750.000000000095 1.4108392145834258e-07
53800.000000000095 1.479285520561364e-07
53850.000000000095 2.0135428474292314e-07
53900.000000000095 2.1203301664287806e-07
53950.000000000095 2.675148917255158e-07
54000.000000000095 1.8154247624493517e-07
54050.000000000095 1.826377877032678e-07
54100.000000000095 8.529739395573236e-08
54150.000000000095 1.2602058175081837e-07
54200.000000000095 6.199637826330607e-08
54250.000000000095 8.407206089849146e-08
54300.000000000095 1.3432700666246646e-07
54350.000000000095 1.8034112433590715e-07
54400.000000000095 1.7754175909344146e-07
54450.000000000095 1.6053589830687303e-07
54500.000000000095 1.4143170004121685e-07
54550.000000000095 1.1879746083260091e-07
54600.000000000095 1.4576048646233993e-07
54650.000000000095 7.463675189089388e-08
54700.000000000095 1.757564641164959e-07
54750.000000000095 1.5956077822990396e-07
54800.000000000095 1.1010277158823948e-07
54850.000000000095 1.337861613564957e-07
54900.000000000095 1.8811152216210784e-07
54950.000000000095 2.4331142686469344e-07
55000.000000000095 1.1118324690571715e-07
55050.000000000095 1.5708709551231928e-07
55100.000000000095 1.602926259712017e-07
55150.000000000095 1.249489732790064e-07
55200.000000000095 1.1919825471798724e-07
55250.000000000095 1.3532888466976897e-07
55300.000000000095 9.65959571156998e-08
55350.000000000095 1.624523502807056e-07
55400.000000000095 1.9372711290703965e-07
55450.000000000095 1.3423865599618132e-07
55500.000000000095 7.27748885685493e-08
55550.000000000095 9.882205503390581e-08
55600.000000000095 1.0465489913144906e-07
55650.000000000095 8.884323990558772e-08
55700.000000000095 1.0901802155836974e-07
55750.000000000095 1.203186048291683e-07
55800.000000000095 8.355907895576676e-08
55850.000000000095 7.932435542755917e-08
55900.000000000095 1.480705021822861e-07
55950.000000000095 1.9540518192295097e-07
56000.000000000095 9.361558213992553e-08
56050.000000000095 1.2197847870122549e-07
56100.000000000095 1.4533581336122737e-07
56150.000000000095 1.0277134587249773e-07
56200.000000000095 1.1769445271627954e-07
56250.000000000095 1.4509679899582916e-07
56300.000000000095 1.3425074934762708e-07
56350.000000000095 1.291931548175949e-07
56400.000000000095 7.98930508587941e-08
56450.000000000095 7.26426742427623e-08
56500.000000000095 1.1590411709896536e-07
56550.000000000095 6.655453117840562e-08
56600.000000000095 1.4579401090542594e-07
56650.000000000095 1.4103793725183743e-07
56700.000000000095 1.530071066517331e-07
56750.000000000095 7.67499845482511e-08
56800.000000000095 1.3301232985323712e-07
56850.000000000095 1.161231453716096e-07
56900.000000000095 9.067757004361994e-08
56950.000000000095 1.460127244715846e-07
57000.000000000095 1.681895678795948e-07
57050.000000000095 1.0356160833723766e-07
57100.000000000095 5.2808085969639255e-08
57150.000000000095 8.502356496625338e-08
57200.000000000095 6.657260256857864e-08
57250.000000000095 9.30153978699393e-08
57300.000000000095 1.2086019786727972e-07
57350.000000000095 7.442937860322058e-08
57400.000000000095 1.379086014106843e-07
57450.000000000095 1.1018900805409107e-07
57500.000000000095 9.89523384106713e-08
57550.000000000095 1.2984000306024817e-07
57600.000000000095 1.310369700853047e-07
57650.000000000095 5.321288493900928e-08
57700.000000000095 7.080019450104872e-08
57750.000000000095 8.976780948897567e-08
57800.000000000095 4.0805250721131354e-08
57850.000000000095 1.7447830757350765e-07
57900.000000000095 2.0294821667937113e-07
57950.000000000095 1.8998446900974545e-07
58000.000000000095 9.764942597138782e-08
58050.000000000095 1.278040615898333e-07
58100.000000000095 1.5063727046627343e-07
58150.000000000095 1.146840543966784e-07
58200.000000000095 5.655479105522528e-08
58250.000000000095 7.579819550751092e-08
58300.000000000095 6.662420565939424e-08
58350.000000000095 7.903025462075976e-08
58400.000000000095 1.1602997478667742e-07
58450.000000000095 1.306538111053992e-07
58500.000000000095 1.2151968302555708e-07
58550.000000000095 1.3442162310613515e-07
58600.000000000095 7.591356692726539e-08
58650.000000000095 9.21328436755455e-08
58700.000000000095 1.012839057500082e-07
58750.000000000095 1.1337661371991761e-07
58800.000000000095 4.6737567282066785e-08
58850.000000000095 8.767112973455224e-08
58900.000000000095 1.1345054585588218e-07
58950.000000000095 6.673210659165022e-08
59000.000000000095 1.1567035814041329e-07
59050.000000000095 1.3367449818897833e-07
59100.000000000095 1.5411644582305133e-07
59150.000000000095 1.1455686539387909e-07
59200.000000000095 1.157711316700053e-07
59250.000000000095 1.2338881304967216e-07
59300.000000000095 1.1850734938864176e-07
59350.000000000095 5.41783241695041e-08
59400.000000000095 4.6554252399383296e-08
59450.000000000095 1.0944927564156494e-07
59500.000000000095 6.511643670784747e-08
59550.000000000095 1.2966882700584935e-07
59600.000000000095 1.4892175412954847e-07
59650.000000000095 1.0522463713532465e-07
59700.000000000095 7.451078130946662e-08
59750.000000000095 1.739918501872778e-07
59800.000000000095 9.87605802563543e-08
59850.000000000095 1.3454701810123884e-07
59900.000000000095 6.431789338493958e-08
59950.000000000095 1.1274883758549395e-07
60000.000000000095 1.9906652049405708e-07
60050.000000000095 1.7012929440669383e-07
60100.000000000095 1.612171414985024e-07
60150.000000000095 1.0439799318516265e-07
60200.000000000095 1.3191361272691554e-07
60250.000000000095 1.7333675660578306e-07
60300.000000000095 1.585987385007331e-07
60350.000000000095 1.043644192091041e-07
60400.000000000095 1.3329337025660008e-07
60450.000000000095 6.367256733727899e-08
60500.000000000095 3.954415127585776e-08
60550.000000000095 1.3041358887905027e-07
60600.000000000095 1.322158793883294e-07
60650.000000000095 1.0570084849719028e-07
60700.000000000095 9.039287411694534e-08
60750.000000000095 6.478962526421318e-08
60800.000000000095 1.349451372066133e-07
60850.000000000095 2.0760467451744056e-07
60900.000000000095 1.8308911003917745e-07
60950.000000000095 1.576941773319091e-07
61000.000000000095 1.3697058204298304e-07
61050.000000000095 8.6725230472827e-08
61100.000000000095 1.1369816559240098e-07
61150.000000000095 5.17235404902042e-08
61200.000000000095 1.5844631384291484e-07
61250.000000000095 1.7432091397963012e-07
61300.000000000095 1.48554317110483e-07
61350.000000000095 2.0382414635129443e-07
61400.000000000095 1.1951143065949394e-07
61450.000000000095 7.337389589342688e-08
61500.000000000095 8.47049129908599e-08
61550.000000000095 1.0521137945196437e-07
61600.000000000095 7.174715117038878e-08
61650.000000000095 1.0698666230982311e-07
61700.000000000095 9.852523071380107e-08
61750.000000000095 1.16268864391087e-07
61800.000000000095 1.2892974427603552e-07
61850.000000000095 7.557354979542977e-08
61900.000000000095 1.7454953906397468e-07
61950.000000000095 1.7918612547599795e-07
62000.000000000095 1.6686339334961534e-07
62050.000000000095 1.651637635262835e-07
62100.000000000095 1.5597847262078358e-07
62150.000000000095 1.6760075985452796e-07
62200.000000000095 1.5004390865995545e-07
62250.000000000095 1.398210846686554e-07
62300.000000000095 2.1355277101734207e-07
62350.000000000095 1.8318945428464192e-07
62400.000000000095 1.0727369685605697e-07
62450.000000000095 1.3919960531525026e-07
62500.000000000095 1.9723547550496931e-07
62550.000000000095 2.0594061221753937e-07
62600.000000000095 2.052653667179371e-07
62650.000000000095 1.630383387457063e-07
62700.000000000095 1.626300001861703e-07
62750.000000000095 2.0966127172020754e-07
62800.000000000095 1.344828056674475e-07
62850.000000000095 1.8145649355997358e-07
62900.000000000095 1.522805830167701e-07
62950.000000000095 2.2118379061922204e-07
63000.000000000095 1.7567539669578335e-07
63050.000000000095 2.47781202544679e-07
63100.000000000095 2.3461081439527713e-07
63150.000000000095 1.6329938425554354e-07
63200.000000000095 1.9255288312778428e-07
63250.000000000095 1.94338206477064e-07
63300.000000000095 1.9004115210054244e-07
63350.000000000095 1.834444607976212e-07
63400.000000000095 1.0513179013092416e-07
63450.000000000095 7.850461602198404e-08
63500.000000000095 1.6789749414981546e-07
63550.000000000095 1.7749242558376335e-07
63600.000000000095 1.881227504852318e-07
63650.000000000095 1.4361571618792308e-07
63700.000000000095 8.643147534734505e-08
63750.000000000095 1.2718086730415264e-07
63800.000000000095 1.717510302099526e-07
63850.000000000095 1.5361815309385773e-07
63900.000000000095 9.808869993512738e-08
63950.000000000095 1.4926392902024159e-07
64000.000000000095 1.7272467610911954e-07
64050.000000000095 1.1657355597457877e-07
64100.000000000095 4.331253214951201e-08
64150.000000000095 6.18618054258903e-08
64200.000000000095 7.06909644346269e-08
64250.000000000095 1.1775784817196421e-07
64300.000000000095 9.421772781642207e-08
64350.000000000095 7.898674672158406e-08
64400.000000000095 1.3883656039970885e-07
64450.000000000095 1.4366653308253893e-07
64500.000000000095 7.638708580666321e-08
64550.000000000095 1.2240981021344978e-07
64600.000000000095 8.068463375646206e-08
64650.000000000095 1.258460778537677e-07
64700.000000000095 6.192136434172902e-08
64750.000000000095 7.742587285621233e-08
64800.000000000095 7.1365216256386e-08
64850.000000000095 6.299854571347243e-08
64900.000000000095 7.100169877666124e-08
64950.000000000095 6.542204629802624e-08
65000.000000000095 8.285316645204382e-08
65050.000000000095 9.371901260460951e-08
65100.000000000095 1.1647078971747485e-07
65150.000000000095 8.051345180680426e-08
65200.000000000095 6.251812908342431e-08
65250.000000000095 1.0218980385033311e-07
65300.000000000095 9.66085114565004e-08
65350.000000000095 1.7187060055499726e-07
65400.000000000095 8.722323374542181e-08
65450.000000000095 8.915117502047312e-08
65500.000000000095 1.0450368111222342e-07
65550.00000000009 6.725756467830866e-08
65600.00000000009 9.483035183999381e-08
65650.00000000009 8.971650505490036e-08
65700.00000000009 8.384546867726038e-08
65750.00000000009 6.471984843636476e-08
65800.00000000009 9.688958782630663e-08
65850.00000000009 1.2226927124580732e-07
65900.00000000009 6.33901235890171e-08
65950.00000000009 6.199749300611294e-08
66000.00000000009 8.245816120987544e-08
66050.00000000009 1.4698813324665996e-07
66100.00000000009 9.125450521060248e-08
66150.00000000009 7.5351925655105e-08
66200.00000000009 7.136763059886799e-08
66250.00000000009 6.471400830794826e-08
66300.00000000009 3.4766273552382385e-08
66350.00000000009 4.5698218115070895e-08
66400.00000000009 6.575193089873088e-08
66450.00000000009 1.1154256187087645e-07
66500.00000000009 1.5028110320856225e-07
66550.00000000009 1.3346292869008286e-07
66600.00000000009 1.0642030975136619e-07
66650.00000000009 9.758284909084071e-08
66700.00000000009 8.651178409487908e-08
66750.00000000009 8.096030081762942e-08
66800.00000000009 1.0244165595998468e-07
66850.00000000009 7.038109772353522e-08
66900.00000000009 1.2559110042321376e-07
66950.00000000009 1.5211850197125446e-07
67000.00000000009 1.5702025886001563e-07
67050.00000000009 9.80024407480408e-08
67100.00000000009 7.970869573854814e-08
67150.00000000009 8.430598296815146e-08
67200.00000000009 1.0412846308113209e-07
67250.00000000009 9.827824143965055e-08
67300.00000000009 1.1704161352802404e-07
67350.00000000009 7.662805529105609e-08
67400.00000000009 1.4542311302089856e-07
67450.00000000009 1.0568769860751084e-07
67500.00000000009 9.986443654560314e-08
67550.00000000009 1.264609674796292e-07
67600.00000000009 2.0213188054957836e-07
67650.00000000009 1.493310846352469e-07
67700.00000000009 1.1368985515209867e-07
67750.00000000009 9.508987739617848e-08
67800.00000000009 1.245906428561025e-07
67850.00000000009 7.562287555824029e-08
67900.00000000009 9.369232290838355e-08
67950.00000000009 6.901936924369266e-08
68000.00000000009 1.0397194053416124e-07
