galfind/configs/Brown_Dwarf_templates/sonora_cholla/logkzz2/3162g/1050K_3162g_logkzz2_resample.dat
# %ECSV 1.0
# ---
# datatype:
# - {name: wav, unit: Angstrom, datatype: float64}
# - {name: flux_nu, unit: erg / (cm2 Hz s), datatype: float64}
# schema: astropy-2.0
wav flux_nu
[from data line 775]
48750.000000000095 2.3702656689823856e-07
48800.000000000095 4.0126530593718797e-07
48850.000000000095 2.598221432108901e-07
48900.000000000095 3.9644914204448717e-07
48950.000000000095 3.1066110467068766e-07
49000.000000000095 2.396564461794578e-07
49050.000000000095 3.728666150125316e-07
49100.000000000095 2.9861619304751957e-07
49150.000000000095 3.7835352576957557e-07
49200.000000000095 3.3168074268609167e-07
49250.000000000095 3.924456473986789e-07
49300.000000000095 3.1488544345386103e-07
49350.000000000095 2.592728651142989e-07
49400.000000000095 3.1508622414998826e-07
49450.000000000095 3.318666649975085e-07
49500.000000000095 2.892679297109252e-07
49550.000000000095 1.5398021481910017e-07
49600.000000000095 2.668821301434658e-07
49650.000000000095 2.786696370854842e-07
49700.000000000095 2.978251720978667e-07
49750.000000000095 3.829916948322745e-07
49800.000000000095 2.719314051044808e-07
49850.000000000095 4.27363693329151e-07
49900.000000000095 3.7186026788026815e-07
49950.000000000095 3.315736625926555e-07
50000.000000000095 3.646430317057762e-07
50050.000000000095 3.775460244403661e-07
50100.000000000095 3.691979694063237e-07
50150.000000000095 2.3098718852533264e-07
50200.000000000095 1.373464294394789e-07
50250.000000000095 3.2190286947417854e-07
50300.000000000095 2.4819283699390716e-07
50350.000000000095 3.8938559088860147e-07
50400.000000000095 3.359336314868058e-07
50450.000000000095 2.8540124913948386e-07
50500.000000000095 3.94824002968046e-07
50550.000000000095 3.710022803134597e-07
50600.000000000095 2.9621291506717264e-07
50650.000000000095 3.543665669392693e-07
50700.000000000095 4.653499836331117e-07
50750.000000000095 3.544653014782207e-07
50800.000000000095 2.1622116116949136e-07
50850.000000000095 1.9504854784970823e-07
50900.000000000095 3.952924562705558e-07
50950.000000000095 3.6959022067167407e-07
51000.000000000095 3.528845087061688e-07
51050.000000000095 3.4640909168132855e-07
51100.000000000095 2.0102527094424757e-07
51150.000000000095 2.5677364959275666e-07
51200.000000000095 4.529991360776706e-07
51250.000000000095 3.216009472469382e-07
51300.000000000095 2.5707934789163896e-07
51350.000000000095 3.060058133595539e-07
51400.000000000095 1.9770590535682304e-07
51450.000000000095 1.768369213127967e-07
51500.000000000095 1.6054017149540497e-07
51550.000000000095 3.0551886788820544e-07
51600.000000000095 2.3510427860336776e-07
51650.000000000095 2.755952488790715e-07
51700.000000000095 3.0044351975923387e-07
51750.000000000095 2.0838739313378305e-07
51800.000000000095 3.6304834054588947e-07
51850.000000000095 3.047008593657749e-07
51900.000000000095 4.1272329241685084e-07
51950.000000000095 3.1065766027775834e-07
52000.000000000095 1.1847641973651891e-07
52050.000000000095 2.2301885158240885e-07
52100.000000000095 1.9115731772764247e-07
52150.000000000095 1.551840162297121e-07
52200.000000000095 1.7635311699346574e-07
52250.000000000095 2.3622482260824687e-07
52300.000000000095 3.867359539620818e-07
52350.000000000095 2.2991031294333857e-07
52400.000000000095 1.9404304828741787e-07
52450.000000000095 3.161230243043187e-07
52500.000000000095 2.9382118771905017e-07
52550.000000000095 2.9443662748101924e-07
52600.000000000095 2.543543695414027e-07
52650.000000000095 2.606599176444303e-07
52700.000000000095 2.137125416003584e-07
52750.000000000095 1.7039997761389365e-07
52800.000000000095 1.9173424264389064e-07
52850.000000000095 2.2011013780161334e-07
52900.000000000095 1.8032343006016622e-07
52950.000000000095 2.0326376238963116e-07
53000.000000000095 3.1519789891596434e-07
53050.000000000095 1.4515421520590526e-07
53100.000000000095 3.014436990625429e-07
53150.000000000095 3.591207261752702e-07
53200.000000000095 1.7067670247758642e-07
53250.000000000095 3.1296031845616944e-07
53300.000000000095 3.4320585128570855e-07
53350.000000000095 3.3117463238027225e-07
53400.000000000095 3.171589491710484e-07
53450.000000000095 1.5438419311629071e-07
53500.000000000095 9.849930787484005e-08
53550.000000000095 1.4977387556434062e-07
53600.000000000095 2.3391772351863244e-07
53650.000000000095 1.8763893409454172e-07
53700.000000000095 1.7772260120154325e-07
53750.000000000095 1.7335606243400432e-07
53800.000000000095 1.7996604773914953e-07
53850.000000000095 2.4103529173310343e-07
53900.000000000095 2.442741190332566e-07
53950.000000000095 3.135629913959275e-07
54000.000000000095 2.1607661308081018e-07
54050.000000000095 2.1591784193794194e-07
54100.000000000095 1.0854107522298014e-07
54150.000000000095 1.5769744158859742e-07
54200.000000000095 8.271509583812678e-08
54250.000000000095 1.0680333475890288e-07
54300.000000000095 1.6369568462709148e-07
54350.000000000095 2.1810557672687278e-07
54400.000000000095 2.1776953382562522e-07
54450.000000000095 1.9595856763206563e-07
54500.000000000095 1.7166964015288163e-07
54550.000000000095 1.4543885826339754e-07
54600.000000000095 1.7984818318588552e-07
54650.000000000095 1.0025493131370415e-07
54700.000000000095 2.1641381038319368e-07
54750.000000000095 1.9786666243747963e-07
54800.000000000095 1.4012503218527107e-07
54850.000000000095 1.6728646956947535e-07
54900.000000000095 2.29006671077614e-07
54950.000000000095 2.9088942147395845e-07
55000.000000000095 1.3876800377013077e-07
55050.000000000095 1.9277897503498365e-07
55100.000000000095 1.9128412615639726e-07
55150.000000000095 1.5482953388567696e-07
55200.000000000095 1.5035141278014191e-07
55250.000000000095 1.659948242025392e-07
55300.000000000095 1.217555466134795e-07
55350.000000000095 1.9716609305751873e-07
55400.000000000095 2.3651113347954775e-07
55450.000000000095 1.6811265820241292e-07
55500.000000000095 9.412835716188649e-08
55550.000000000095 1.2863725244823234e-07
55600.000000000095 1.3174940782420077e-07
55650.000000000095 1.1069410532713154e-07
55700.000000000095 1.3721278006800912e-07
55750.000000000095 1.5282514576100253e-07
55800.000000000095 1.1095642293866574e-07
55850.000000000095 1.0197228835348783e-07
55900.000000000095 1.8346869442696526e-07
55950.000000000095 2.3866427042409396e-07
56000.000000000095 1.1847548478278046e-07
56050.000000000095 1.549076637487648e-07
56100.000000000095 1.8024256105992526e-07
56150.000000000095 1.3101769651937238e-07
56200.000000000095 1.486421715177584e-07
56250.000000000095 1.738627257595808e-07
56300.000000000095 1.6800248346010748e-07
56350.000000000095 1.67683184648057e-07
56400.000000000095 1.0726063737972466e-07
56450.000000000095 9.730380662254434e-08
56500.000000000095 1.4412186582139785e-07
56550.000000000095 8.722447723905122e-08
56600.000000000095 1.799916230533798e-07
56650.000000000095 1.7071605599408278e-07
56700.000000000095 1.9023795594884015e-07
56750.000000000095 1.003582808088155e-07
56800.000000000095 1.712115907960212e-07
56850.000000000095 1.4430011873024396e-07
56900.000000000095 1.1640884927889115e-07
56950.000000000095 1.8324307517261468e-07
57000.000000000095 2.0815952846433514e-07
57050.000000000095 1.3225894933969594e-07
57100.000000000095 7.076890682127639e-08
57150.000000000095 1.0972770093106573e-07
57200.000000000095 8.649142047008028e-08
57250.000000000095 1.208504085222106e-07
57300.000000000095 1.5431179230562553e-07
57350.000000000095 9.657085411859664e-08
57400.000000000095 1.694740092553184e-07
57450.000000000095 1.417611406998493e-07
57500.000000000095 1.2923466349877387e-07
57550.000000000095 1.6606142263708722e-07
57600.000000000095 1.703509575401704e-07
57650.000000000095 7.26397186785874e-08
57700.000000000095 9.323171044044395e-08
57750.000000000095 1.1636144090306217e-07
57800.000000000095 5.30126300866414e-08
57850.000000000095 2.1254432280424828e-07
57900.000000000095 2.4663452658513225e-07
57950.000000000095 2.268653316886452e-07
58000.000000000095 1.2415936559250494e-07
58050.000000000095 1.5847295049575814e-07
58100.000000000095 1.8960011798904803e-07
58150.000000000095 1.4747651720801352e-07
58200.000000000095 7.688183609825054e-08
58250.000000000095 1.0256205787275334e-07
58300.000000000095 8.666796725781263e-08
58350.000000000095 1.0375520858708364e-07
58400.000000000095 1.4403774806167e-07
58450.000000000095 1.5999955358126664e-07
58500.000000000095 1.4781743071417107e-07
58550.000000000095 1.67785375842783e-07
58600.000000000095 9.826239698516346e-08
58650.000000000095 1.185745312072154e-07
58700.000000000095 1.273762609814742e-07
58750.000000000095 1.4459508479895752e-07
58800.000000000095 6.527569955842722e-08
58850.000000000095 1.1438042546560357e-07
58900.000000000095 1.4654115150968882e-07
58950.000000000095 8.937764991080704e-08
59000.000000000095 1.4800931346976565e-07
59050.000000000095 1.6666102767103772e-07
59100.000000000095 1.938800806652004e-07
59150.000000000095 1.4376057023702906e-07
59200.000000000095 1.453794218142342e-07
59250.000000000095 1.5561827662204321e-07
59300.000000000095 1.5084779356527526e-07
59350.000000000095 7.443842355691598e-08
59400.000000000095 6.227378949399592e-08
59450.000000000095 1.3606889972780282e-07
59500.000000000095 8.413891082719496e-08
59550.000000000095 1.629038646893453e-07
59600.000000000095 1.82599006699107e-07
59650.000000000095 1.377950815088717e-07
59700.000000000095 9.687683098159838e-08
59750.000000000095 2.139533285085357e-07
59800.000000000095 1.2684038015692597e-07
59850.000000000095 1.709723871894898e-07
59900.000000000095 8.53116913931582e-08
59950.000000000095 1.4337614296336232e-07
60000.000000000095 2.4384356048838944e-07
60050.000000000095 2.0703977165817909e-07
60100.000000000095 2.005618304751716e-07
60150.000000000095 1.3540453831453002e-07
60200.000000000095 1.646397022828261e-07
60250.000000000095 2.079775906782345e-07
60300.000000000095 1.9087479349465783e-07
60350.000000000095 1.2992358047879215e-07
60400.000000000095 1.683998622149761e-07
60450.000000000095 8.553898970752319e-08
60500.000000000095 5.580642895695951e-08
60550.000000000095 1.6651381483224634e-07
60600.000000000095 1.6453933109427352e-07
60650.000000000095 1.357691898519352e-07
60700.000000000095 1.181800236953272e-07
60750.000000000095 8.880094374081902e-08
60800.000000000095 1.6821356899131818e-07
60850.000000000095 2.527491385934272e-07
60900.000000000095 2.225379819171555e-07
60950.000000000095 1.970702732933875e-07
61000.000000000095 1.677328172698515e-07
61050.000000000095 1.1283317172761433e-07
61100.000000000095 1.486190909479138e-07
61150.000000000095 6.809470950414048e-08
61200.000000000095 2.0009673002226473e-07
61250.000000000095 2.2354292002272998e-07
61300.000000000095 1.9216134175019915e-07
61350.000000000095 2.53111390013315e-07
61400.000000000095 1.5845922662563254e-07
61450.000000000095 1.0070372373124037e-07
61500.000000000095 1.1542898925912102e-07
61550.000000000095 1.3435283082055579e-07
61600.000000000095 9.450742829648288e-08
61650.000000000095 1.3883348608072902e-07
61700.000000000095 1.2404241249601781e-07
61750.000000000095 1.4746472781318587e-07
61800.000000000095 1.6703046341454782e-07
61850.000000000095 1.0204315704097327e-07
61900.000000000095 2.174662133657381e-07
61950.000000000095 2.1688912051033618e-07
62000.000000000095 2.0521544338910462e-07
62050.000000000095 1.9853859692796238e-07
62100.000000000095 1.9710700474784198e-07
62150.000000000095 2.0434764333530532e-07
62200.000000000095 1.8372923773883794e-07
62250.000000000095 1.7945315017987158e-07
62300.000000000095 2.566826222735905e-07
62350.000000000095 2.1922435515198905e-07
62400.000000000095 1.3147034403764384e-07
62450.000000000095 1.7363425482848287e-07
62500.000000000095 2.3812510593963271e-07
62550.000000000095 2.399458867190199e-07
62600.000000000095 2.482330254555305e-07
62650.000000000095 1.9925770553827285e-07
62700.000000000095 2.0173341498339378e-07
62750.000000000095 2.5656151854845967e-07
62800.000000000095 1.6811367213220577e-07
62850.000000000095 2.2283377655819252e-07
62900.000000000095 1.855307852457717e-07
62950.000000000095 2.5836188219197106e-07
63000.000000000095 2.137613136032017e-07
63050.000000000095 2.883690357865976e-07
63100.000000000095 2.7245208386588305e-07
63150.000000000095 1.9303177094943806e-07
63200.000000000095 2.3315360942294336e-07
63250.000000000095 2.2771992583451636e-07
63300.000000000095 2.3665261075949925e-07
63350.000000000095 2.2363783026905027e-07
63400.000000000095 1.3475889957606793e-07
63450.000000000095 1.0385309765824252e-07
63500.000000000095 2.052832341124596e-07
63550.000000000095 2.1075566255583411e-07
63600.000000000095 2.3035425367296634e-07
63650.000000000095 1.7595983550270294e-07
63700.000000000095 1.1369380428336222e-07
63750.000000000095 1.5996326709214596e-07
63800.000000000095 2.0226609348870282e-07
63850.000000000095 1.8639606006899722e-07
63900.000000000095 1.271728524785981e-07
63950.000000000095 1.8571751135310251e-07
64000.000000000095 2.1074758183309281e-07
64050.000000000095 1.4918141261272762e-07
64100.000000000095 5.890333917485485e-08
64150.000000000095 8.224097473084198e-08
64200.000000000095 9.317341907224015e-08
64250.000000000095 1.487435366580002e-07
64300.000000000095 1.1966568742603972e-07
64350.000000000095 1.0121440177022814e-07
64400.000000000095 1.6938207389203666e-07
64450.000000000095 1.7494284911634182e-07
64500.000000000095 9.77225246083251e-08
64550.000000000095 1.5099681690688893e-07
64600.000000000095 9.99941567705877e-08
64650.000000000095 1.543499286313036e-07
64700.000000000095 8.014361702742745e-08
64750.000000000095 9.795785625936661e-08
64800.000000000095 9.30133168586189e-08
64850.000000000095 8.357906882246067e-08
64900.000000000095 9.420227368864325e-08
64950.000000000095 8.741602118694053e-08
65000.000000000095 1.0811013156688762e-07
65050.000000000095 1.156737120728113e-07
65100.000000000095 1.4390009012601952e-07
65150.000000000095 1.0335793560720403e-07
65200.000000000095 8.423446654010325e-08
65250.000000000095 1.311311442662369e-07
65300.000000000095 1.206362250524247e-07
65350.000000000095 2.075133000777067e-07
65400.000000000095 1.0981684357464451e-07
65450.000000000095 1.1269579125121478e-07
65500.000000000095 1.3082625713837952e-07
65550.00000000009 8.788932559158426e-08
65600.00000000009 1.1646901837548159e-07
65650.00000000009 1.1493372890187964e-07
65700.00000000009 1.0662213906582799e-07
65750.00000000009 8.49874780755125e-08
65800.00000000009 1.2262727950906856e-07
65850.00000000009 1.4988584746115385e-07
65900.00000000009 8.375802909573534e-08
65950.00000000009 7.742767801543742e-08
66000.00000000009 1.0456862470344576e-07
66050.00000000009 1.8117400761508672e-07
66100.00000000009 1.1477822931423195e-07
66150.00000000009 9.33935718337919e-08
66200.00000000009 8.949510632284556e-08
66250.00000000009 8.385411724997634e-08
66300.00000000009 4.5971184789127175e-08
66350.00000000009 6.201359750361916e-08
66400.00000000009 8.503425884702146e-08
66450.00000000009 1.3848328135197623e-07
66500.00000000009 1.8530101564534755e-07
66550.00000000009 1.6612267523394774e-07
66600.00000000009 1.319503089221009e-07
66650.00000000009 1.23128739746825e-07
66700.00000000009 1.1067664167715348e-07
66750.00000000009 1.0468655073651918e-07
66800.00000000009 1.302907230215858e-07
66850.00000000009 9.069050775295829e-08
66900.00000000009 1.5067011811989123e-07
66950.00000000009 1.878575367087422e-07
67000.00000000009 1.9090797150393114e-07
67050.00000000009 1.220627442434697e-07
67100.00000000009 1.0235842623723887e-07
67150.00000000009 1.064788783584558e-07
67200.00000000009 1.2683510200284387e-07
67250.00000000009 1.221897578417102e-07
67300.00000000009 1.4169056830034178e-07
67350.00000000009 9.663655178996948e-08
67400.00000000009 1.7725317857826486e-07
67450.00000000009 1.319411072823919e-07
67500.00000000009 1.2362419734209733e-07
67550.00000000009 1.5073856966811577e-07
67600.00000000009 2.3822772939268075e-07
67650.00000000009 1.770846680817e-07
67700.00000000009 1.3871529605421296e-07
67750.00000000009 1.1918884399127919e-07
67800.00000000009 1.5302043551830766e-07
67850.00000000009 9.703946631472509e-08
67900.00000000009 1.193465591505177e-07
67950.00000000009 8.95060589837837e-08
