galfind/configs/Brown_Dwarf_templates/sonora_cholla/logkzz2/3162g/1050K_3162g_logkzz2_resample.dat
# %ECSV 1.0
# ---
# datatype:
# - {name: wav, unit: Angstrom, datatype: float64}
# - {name: flux_nu, unit: erg / (cm2 Hz s), datatype: float64}
# schema: astropy-2.0
wav flux_nu
[from data line 388]
29400.000000000095 8.637963340810659e-08
29450.000000000095 9.279917311565536e-08
29500.000000000095 1.0910210313557777e-07
29550.000000000095 9.310051456146294e-08
29600.000000000095 1.201482915644901e-07
29650.000000000095 1.0504967828530403e-07
29700.000000000095 8.932490687786625e-08
29750.000000000095 1.2091849814649536e-07
29800.000000000095 1.2521230638997447e-07
29850.000000000095 1.3759365142704888e-07
29900.000000000095 1.4484851285594967e-07
29950.000000000095 1.2940238556808168e-07
30000.000000000095 9.325443115877426e-08
30050.000000000095 8.745938406432865e-08
30100.000000000095 1.1390904061485704e-07
30150.000000000095 1.5861050536857293e-07
30200.000000000095 1.1442594409394637e-07
30250.000000000095 1.7265594489469622e-07
30300.000000000095 1.4848980853423423e-07
30350.000000000095 1.3789397018941142e-07
30400.000000000095 1.605357171090375e-07
30450.000000000095 1.16972943483426e-07
30500.000000000095 1.2038038204521232e-07
30550.000000000095 1.1977390302170105e-07
30600.000000000095 1.4860220435758062e-07
30650.000000000095 1.249704037746871e-07
30700.000000000095 1.0966868269412403e-07
30750.000000000095 1.0553027337907791e-07
30800.000000000095 9.968273019646866e-08
30850.000000000095 9.358956838870633e-08
30900.000000000095 9.572801415515176e-08
30950.000000000095 6.484806537240023e-08
31000.000000000095 7.513960173575174e-08
31050.000000000095 8.646173495912873e-08
31100.000000000095 6.100299915278577e-08
31150.000000000095 6.847858563504705e-08
31200.000000000095 8.114202099708166e-08
31250.000000000095 5.8169146390407157e-08
31300.000000000095 5.746568142212531e-08
31350.000000000095 5.620352505003528e-08
31400.000000000095 4.094143999673187e-08
31450.000000000095 5.3967951127379724e-08
31500.000000000095 3.84895020537311e-08
31550.000000000095 4.526501470782548e-08
31600.000000000095 3.4467900662015053e-08
31650.000000000095 3.208032448841295e-08
31700.000000000095 3.999854900738455e-08
31750.000000000095 2.5675817200650593e-08
31800.000000000095 3.603094670936385e-08
31850.000000000095 2.595940080665888e-08
31900.000000000095 3.2349582024327535e-08
31950.000000000095 2.6606408986610942e-08
32000.000000000095 2.89069268473173e-08
32050.000000000095 2.533272629209983e-08
32100.000000000095 2.2491607445797094e-08
32150.000000000095 3.024258355869599e-08
32200.000000000095 2.0671252943619758e-08
32250.000000000095 3.435923837780381e-08
32300.000000000095 1.886867241548129e-08
32350.000000000095 3.9676648097054834e-08
32400.000000000095 2.4003860052268636e-08
32450.000000000095 3.684396586770296e-08
32500.000000000095 2.8150425399179583e-08
32550.000000000095 3.438053719328748e-08
32600.000000000095 3.734295133202878e-08
32650.000000000095 4.5066079540443764e-08
32700.000000000095 4.1055031362770235e-08
32750.000000000095 5.420403674042149e-08
32800.000000000095 5.03122485126135e-08
32850.000000000095 6.25984434156096e-08
32900.000000000095 6.609759075719937e-08
32950.000000000095 6.974544323460134e-08
33000.000000000095 5.8090752727951934e-08
33050.000000000095 5.760683945840638e-08
33100.000000000095 3.1769300000033254e-08
33150.000000000095 4.98079580086534e-09
33200.000000000095 6.6081001623783575e-09
33250.000000000095 4.7944271244946306e-09
33300.000000000095 6.307230129441282e-09
33350.000000000095 1.2344362512184264e-08
33400.000000000095 1.9054498458258426e-08
33450.000000000095 2.3375680776917238e-08
33500.000000000095 3.636757503467715e-08
33550.000000000095 3.066967770940349e-08
33600.000000000095 4.6800310064602146e-08
33650.000000000095 4.764977250796122e-08
33700.000000000095 3.7934110388155326e-08
33750.000000000095 5.7695185108375375e-08
33800.000000000095 3.1023751113962913e-08
33850.000000000095 4.635522580451458e-08
33900.000000000095 4.2084036864228325e-08
33950.000000000095 4.6467138585449876e-08
34000.000000000095 5.2838731273117566e-08
34050.000000000095 2.3928389098508154e-08
34100.000000000095 4.9207878733630774e-08
34150.000000000095 3.128763085868842e-08
34200.000000000095 4.337183251573147e-08
34250.000000000095 3.9805869406081313e-08
34300.000000000095 3.121325541334816e-08
34350.000000000095 4.856096456556503e-08
34400.000000000095 3.2212253141850366e-08
34450.000000000095 5.09620483471702e-08
34500.000000000095 4.179372140481101e-08
34550.000000000095 2.936639007879142e-08
34600.000000000095 5.529074830212715e-08
34650.000000000095 2.9657737610354993e-08
34700.000000000095 4.0285576074666826e-08
34750.000000000095 4.225856085720368e-08
34800.000000000095 2.5311367502507565e-08
34850.000000000095 4.920029903267154e-08
34900.000000000095 4.5909069515506154e-08
34950.000000000095 4.534378917000774e-08
35000.000000000095 6.178769778335573e-08
35050.000000000095 4.194444087265257e-08
35100.000000000095 6.430716344891496e-08
35150.000000000095 5.6535995872446906e-08
35200.000000000095 6.523984590021645e-08
35250.000000000095 8.23854519875967e-08
35300.000000000095 4.676029345327571e-08
35350.000000000095 6.990494583269333e-08
35400.000000000095 6.984338875002016e-08
35450.000000000095 5.856375246784636e-08
35500.000000000095 9.563609438222949e-08
35550.000000000095 7.777470411663987e-08
35600.000000000095 8.632734529732206e-08
35650.000000000095 9.478248242160072e-08
35700.000000000095 6.433333411265128e-08
35750.000000000095 1.0605099156171924e-07
35800.000000000095 9.895280726766186e-08
35850.000000000095 7.335253701151238e-08
35900.000000000095 1.0885889189186369e-07
35950.000000000095 1.0801074973647731e-07
36000.000000000095 9.25076254050297e-08
36050.000000000095 1.1300363776919322e-07
36100.000000000095 9.894415446476026e-08
36150.000000000095 1.2523921769525496e-07
36200.000000000095 1.300046360781965e-07
36250.000000000095 1.250776328137819e-07
36300.000000000095 1.4572387833475668e-07
36350.000000000095 1.4201614379528464e-07
36400.000000000095 1.6765612647286515e-07
36450.000000000095 1.5966522976623916e-07
36500.000000000095 1.5671969662472203e-07
36550.000000000095 1.918560512781488e-07
36600.000000000095 2.123882126627699e-07
36650.000000000095 1.9657371746431678e-07
36700.000000000095 2.015516513658772e-07
36750.000000000095 2.255900091049913e-07
36800.000000000095 2.212336624396043e-07
36850.000000000095 2.0300326089945576e-07
36900.000000000095 2.111354419138215e-07
36950.000000000095 2.4256142484651716e-07
37000.000000000095 2.221271735200289e-07
37050.000000000095 2.4857203027843785e-07
37100.000000000095 2.368968590144767e-07
37150.000000000095 2.5795493790291416e-07
37200.000000000095 2.791145411421641e-07
37250.000000000095 2.3718532283576491e-07
37300.000000000095 2.3325611484488855e-07
37350.000000000095 2.817900714248382e-07
37400.000000000095 3.2493508884245385e-07
37450.000000000095 2.721099069133723e-07
37500.000000000095 2.591421283189232e-07
37550.000000000095 3.447294306580272e-07
37600.000000000095 3.7082329002593245e-07
37650.000000000095 2.772398064337745e-07
37700.000000000095 3.41801784408926e-07
37750.000000000095 2.7046344679677754e-07
37800.000000000095 3.2281109093508583e-07
37850.000000000095 2.5301440601106655e-07
37900.000000000095 3.0324448545864105e-07
37950.000000000095 3.3785235958686853e-07
38000.000000000095 3.759248964220714e-07
38050.000000000095 3.3999270235162383e-07
38100.000000000095 3.8310825322404123e-07
38150.000000000095 3.796013633966636e-07
38200.000000000095 3.8729290056691424e-07
38250.000000000095 3.8435314614387575e-07
38300.000000000095 4.5753587616871973e-07
38350.000000000095 4.5561452120280767e-07
38400.000000000095 3.484345358091632e-07
38450.000000000095 3.8275392144394335e-07
38500.000000000095 3.3572159923144516e-07
38550.000000000095 4.0142676777812596e-07
38600.000000000095 4.043989014735967e-07
38650.000000000095 4.5381168645649447e-07
38700.000000000095 4.6816552032845306e-07
38750.000000000095 4.583224561597771e-07
38800.000000000095 4.127109949475421e-07
38850.000000000095 4.808233840266581e-07
38900.000000000095 4.957475684858479e-07
38950.000000000095 4.4737146198376955e-07
39000.000000000095 5.084173973783789e-07
39050.000000000095 4.6862089465468827e-07
39100.000000000095 4.664427630591338e-07
39150.000000000095 4.983599064246262e-07
39200.000000000095 4.757931628341845e-07
39250.000000000095 5.321616849869926e-07
39300.000000000095 5.138868482383824e-07
39350.000000000095 5.72350408705454e-07
39400.000000000095 5.441333508342257e-07
39450.000000000095 5.566543896730275e-07
39500.000000000095 5.508437244648147e-07
39550.000000000095 5.359924176013957e-07
39600.000000000095 5.465442533277914e-07
39650.000000000095 6.218592188334713e-07
39700.000000000095 5.71935646930187e-07
39750.000000000095 4.968581906575783e-07
39800.000000000095 5.500316600765545e-07
39850.000000000095 6.283465732893819e-07
39900.000000000095 6.272330456815917e-07
39950.000000000095 5.940202019957431e-07
40000.000000000095 6.439845638950477e-07
40050.000000000095 6.307676634149878e-07
40100.000000000095 5.338486295956657e-07
40150.000000000095 6.600314084463936e-07
40200.000000000095 6.640558236629366e-07
40250.000000000095 6.421868024042534e-07
40300.000000000095 6.623539238855126e-07
40350.000000000095 5.77103944700852e-07
40400.000000000095 6.694039866758185e-07
40450.000000000095 6.181184552195083e-07
40500.000000000095 6.514303887229074e-07
40550.000000000095 6.798368251750415e-07
40600.000000000095 6.517477363241492e-07
40650.000000000095 6.596298172461244e-07
40700.000000000095 7.735348233446209e-07
40750.000000000095 6.601182910482294e-07
40800.000000000095 5.966748850188909e-07
40850.000000000095 7.281053085916224e-07
40900.000000000095 7.23565044411543e-07
40950.000000000095 6.429837652874168e-07
41000.000000000095 6.770689872045887e-07
41050.000000000095 7.233595124188483e-07
41100.000000000095 6.46139346554175e-07
41150.000000000095 5.914209810775631e-07
41200.000000000095 7.307481860764882e-07
41250.000000000095 6.937516209498136e-07
41300.000000000095 6.040833200268061e-07
41350.000000000095 7.434298081598051e-07
41400.000000000095 6.803995053235961e-07
41450.000000000095 7.172774426273874e-07
41500.000000000095 6.443833032406967e-07
41550.000000000095 5.991921107229457e-07
41600.000000000095 6.650752674527037e-07
41650.000000000095 6.89780471514964e-07
41700.000000000095 6.28446141411695e-07
41750.000000000095 6.259183655098984e-07
41800.000000000095 7.506184529609195e-07
41850.000000000095 5.079292488740553e-07
41900.000000000095 5.833646414754646e-07
41950.000000000095 6.815834800074943e-07
42000.000000000095 6.993383136146827e-07
42050.000000000095 5.968710586402773e-07
42100.000000000095 7.369855974081673e-07
42150.000000000095 5.408320580519171e-07
42200.000000000095 5.698660468403303e-07
42250.000000000095 5.943717234935912e-07
42300.000000000095 5.886991366220178e-07
42350.000000000095 6.394282897023157e-07
42400.000000000095 6.47802994805687e-07
42450.000000000095 5.502141180686507e-07
42500.000000000095 5.512375802983045e-07
42550.000000000095 5.272592202247209e-07
42600.000000000095 6.029147329956094e-07
42650.000000000095 7.203479494088905e-07
42700.000000000095 5.4992428849914e-07
42750.000000000095 4.973408538068018e-07
42800.000000000095 5.461927735596265e-07
42850.000000000095 6.066785775009853e-07
42900.000000000095 6.383063294628771e-07
42950.000000000095 4.979751322243674e-07
43000.000000000095 6.195970571703446e-07
43050.000000000095 3.7579907180322804e-07
43100.000000000095 5.419200595314408e-07
43150.000000000095 5.341279133773998e-07
43200.000000000095 5.483950046498604e-07
43250.000000000095 6.898143723537249e-07
43300.000000000095 6.743760317752479e-07
43350.000000000095 4.3663694252894973e-07
43400.000000000095 5.688351586094743e-07
43450.000000000095 4.629377540610629e-07
43500.000000000095 5.071063218144853e-07
43550.000000000095 4.974946385595283e-07
43600.000000000095 6.065046551233913e-07
43650.000000000095 3.9118404698697407e-07
43700.000000000095 6.484640665823192e-07
43750.000000000095 6.160804991136339e-07
43800.000000000095 5.196387425000209e-07
43850.000000000095 5.160154352965575e-07
43900.000000000095 5.033767893257916e-07
43950.000000000095 4.296702078246213e-07
44000.000000000095 3.2254867000691373e-07
44050.000000000095 5.094919789486931e-07
44100.000000000095 5.820733222947439e-07
44150.000000000095 5.80431821290325e-07
44200.000000000095 4.992815592526234e-07
44250.000000000095 3.8902141279867235e-07
44300.000000000095 3.522289214144018e-07
44350.000000000095 3.580674845549382e-07
44400.000000000095 3.6496937407337304e-07
44450.000000000095 4.2016379928357614e-07
44500.000000000095 3.5952945381012864e-07
44550.000000000095 4.3566134249568916e-07
44600.000000000095 3.4771681770647015e-07
44650.000000000095 4.005427106833181e-07
44700.000000000095 3.4442594206151134e-07
44750.000000000095 3.768957669865796e-07
44800.000000000095 3.3946607877760284e-07
44850.000000000095 3.747661153817761e-07
44900.000000000095 2.975863102537332e-07
44950.000000000095 2.9473827254556284e-07
45000.000000000095 3.301406728384891e-07
45050.000000000095 3.3867737684657176e-07
45100.000000000095 3.425306614756589e-07
45150.000000000095 3.0326395188917883e-07
45200.000000000095 2.2210058917577162e-07
45250.000000000095 2.485628038420328e-07
45300.000000000095 2.9171959754369657e-07
45350.000000000095 2.8001790898485555e-07
45400.000000000095 2.679672409956608e-07
45450.000000000095 2.618399895910597e-07
45500.000000000095 2.7824027220408546e-07
45550.000000000095 3.2165480809427513e-07
45600.000000000095 2.7105395958758993e-07
45650.000000000095 2.526392386485851e-07
45700.000000000095 2.8334000830721226e-07
45750.000000000095 2.413087076709335e-07
45800.000000000095 2.46412837781168e-07
45850.000000000095 3.436105711605311e-07
45900.000000000095 3.4323249499762697e-07
45950.000000000095 2.4398923244051174e-07
46000.000000000095 3.3873214017268715e-07
46050.000000000095 3.3088375438553305e-07
46100.000000000095 2.6169245146682067e-07
46150.000000000095 2.8716279401034006e-07
46200.000000000095 2.783661739568509e-07
46250.000000000095 1.9121420007605789e-07
46300.000000000095 3.5221230683799474e-07
46350.000000000095 2.7258746274842385e-07
46400.000000000095 3.2039517915459105e-07
46450.000000000095 3.6374844088956953e-07
46500.000000000095 2.9169972396314226e-07
46550.000000000095 3.1018049296497855e-07
46600.000000000095 3.133806800801297e-07
46650.000000000095 5.144638928299808e-07
46700.000000000095 3.76719694267338e-07
46750.000000000095 2.7426448184837187e-07
46800.000000000095 2.2508305626402684e-07
46850.000000000095 4.0685757606365873e-07
46900.000000000095 3.578074863010841e-07
46950.000000000095 4.335354341093323e-07
47000.000000000095 2.853106284844417e-07
47050.000000000095 4.0824075340953285e-07
47100.000000000095 2.1500109906516041e-07
47150.000000000095 3.1501218974203036e-07
47200.000000000095 3.693202887775259e-07
47250.000000000095 2.5734332956391754e-07
47300.000000000095 2.5452501570890883e-07
47350.000000000095 2.799181211708663e-07
47400.000000000095 4.215125370098703e-07
47450.000000000095 2.7243566560454e-07
47500.000000000095 4.3537581806386596e-07
47550.000000000095 2.7693159470969814e-07
47600.000000000095 3.941267203047867e-07
47650.000000000095 2.501301127821244e-07
47700.000000000095 3.654274855330987e-07
47750.000000000095 2.11108509641288e-07
47800.000000000095 2.8888433304715567e-07
47850.000000000095 1.7356140740792132e-07
47900.000000000095 2.648681217487581e-07
47950.000000000095 2.751328393423521e-07
48000.000000000095 4.2564276183185534e-07
48050.000000000095 2.9821883880313906e-07
48100.000000000095 2.8805209592220343e-07
48150.000000000095 2.536382715706743e-07
48200.000000000095 3.339242013468051e-07
48250.000000000095 2.616432348728388e-07
48300.000000000095 4.574411621462667e-07
48350.000000000095 2.443039076765218e-07
48400.000000000095 2.168229476887026e-07
48450.000000000095 2.4171476711491446e-07
48500.000000000095 3.9999085257963687e-07
48550.000000000095 2.419863524356254e-07
48600.000000000095 3.793695353896921e-07
48650.000000000095 2.7202971991583317e-07
