galfind/configs/Brown_Dwarf_templates/sonora_cholla/logkzz2/3162g/1100K_3162g_logkzz2_resample.dat
# %ECSV 1.0
# ---
# datatype:
# - {name: wav, unit: Angstrom, datatype: float64}
# - {name: flux_nu, unit: erg / (cm2 Hz s), datatype: float64}
# schema: astropy-2.0
wav flux_nu
[from data line 388]
29400.000000000095 1.1513450687303618e-07
29450.000000000095 1.2075230334079228e-07
29500.000000000095 1.3856151917323472e-07
29550.000000000095 1.2131666422284828e-07
29600.000000000095 1.5571717798269382e-07
29650.000000000095 1.3271615233286413e-07
29700.000000000095 1.182356318414908e-07
29750.000000000095 1.5547931518154218e-07
29800.000000000095 1.619827205809464e-07
29850.000000000095 1.7216737844598506e-07
29900.000000000095 1.794401183452873e-07
29950.000000000095 1.6601974918958042e-07
30000.000000000095 1.3152708326299544e-07
30050.000000000095 1.169069494576036e-07
30100.000000000095 1.4582478641131066e-07
30150.000000000095 2.003668441059272e-07
30200.000000000095 1.4697599205217522e-07
30250.000000000095 2.103294315763208e-07
30300.000000000095 1.8169120649150594e-07
30350.000000000095 1.7220664231232611e-07
30400.000000000095 1.9421090484942784e-07
30450.000000000095 1.4622732806022124e-07
30500.000000000095 1.4923555372558255e-07
30550.000000000095 1.5018414474009812e-07
30600.000000000095 1.77815759186143e-07
30650.000000000095 1.5252943249063699e-07
30700.000000000095 1.3573733368798937e-07
30750.000000000095 1.2840277053174264e-07
30800.000000000095 1.241985169341043e-07
30850.000000000095 1.1468657895109287e-07
30900.000000000095 1.1807659326186409e-07
30950.000000000095 8.208450363093403e-08
31000.000000000095 9.352282893078506e-08
31050.000000000095 1.0732856891840332e-07
31100.000000000095 7.59284641632569e-08
31150.000000000095 8.517211337656794e-08
31200.000000000095 9.773699356174506e-08
31250.000000000095 7.318180609805347e-08
31300.000000000095 7.185528662706309e-08
31350.000000000095 7.022921487108002e-08
31400.000000000095 5.199344979041475e-08
31450.000000000095 6.787874646949174e-08
31500.000000000095 5.04591729940201e-08
31550.000000000095 5.861214835186204e-08
31600.000000000095 4.513645978676955e-08
31650.000000000095 4.284797669824486e-08
31700.000000000095 5.197238833337209e-08
31750.000000000095 3.5326828805570645e-08
31800.000000000095 4.670540713825077e-08
31850.000000000095 3.6091727948386195e-08
31900.000000000095 4.257528018406584e-08
31950.000000000095 3.674707250523171e-08
32000.000000000095 3.9296556546240836e-08
32050.000000000095 3.42329637847388e-08
32100.000000000095 3.111373741354031e-08
32150.000000000095 4.103580616680982e-08
32200.000000000095 2.894524178810892e-08
32250.000000000095 4.55839182399754e-08
32300.000000000095 2.6847481358691765e-08
32350.000000000095 5.2948947917444255e-08
32400.000000000095 3.399279238397582e-08
32450.000000000095 5.0157191048944656e-08
32500.000000000095 3.8752377301970554e-08
32550.000000000095 4.6437467830916154e-08
32600.000000000095 5.1299376001691726e-08
32650.000000000095 6.048255342272085e-08
32700.000000000095 5.537683778653954e-08
32750.000000000095 7.104228321762893e-08
32800.000000000095 6.546017864408767e-08
32850.000000000095 8.012557666378364e-08
32900.000000000095 8.491908688249135e-08
32950.000000000095 8.949161877671937e-08
33000.000000000095 7.648629823368327e-08
33050.000000000095 7.467081633721884e-08
33100.000000000095 4.3086149873949613e-08
33150.000000000095 8.738789587187555e-09
33200.000000000095 1.0712667268360965e-08
33250.000000000095 7.57756586616833e-09
33300.000000000095 9.16598952786706e-09
33350.000000000095 1.690215770146535e-08
33400.000000000095 2.4886453615352155e-08
33450.000000000095 3.0615680448077476e-08
33500.000000000095 4.511574121964533e-08
33550.000000000095 4.006290460139776e-08
33600.000000000095 6.006340619395251e-08
33650.000000000095 6.172711918546086e-08
33700.000000000095 5.109437160140441e-08
33750.000000000095 7.425904515435195e-08
33800.000000000095 4.368736989195407e-08
33850.000000000095 6.267923141278612e-08
33900.000000000095 5.6328978674471e-08
33950.000000000095 6.263188167175034e-08
34000.000000000095 6.889027146915966e-08
34050.000000000095 3.3399628507474136e-08
34100.000000000095 6.515689323387433e-08
34150.000000000095 4.336766670738727e-08
34200.000000000095 5.742113312757762e-08
34250.000000000095 5.283064363452276e-08
34300.000000000095 4.214838633616934e-08
34350.000000000095 6.2792276304035e-08
34400.000000000095 4.406328389567139e-08
34450.000000000095 6.595349257991697e-08
34500.000000000095 5.6154706411285134e-08
34550.000000000095 4.009239419511768e-08
34600.000000000095 7.121866342485255e-08
34650.000000000095 4.0935245825273985e-08
34700.000000000095 5.228400104117784e-08
34750.000000000095 5.554315632055762e-08
34800.000000000095 3.431776374450369e-08
34850.000000000095 6.228803218532629e-08
34900.000000000095 6.104608027962822e-08
34950.000000000095 5.8041747157004684e-08
35000.000000000095 7.834040136554072e-08
35050.000000000095 5.500281770582793e-08
35100.000000000095 7.992321027590662e-08
35150.000000000095 7.088332426307345e-08
35200.000000000095 8.338338773509044e-08
35250.000000000095 1.0324821736866615e-07
35300.000000000095 6.02775340286178e-08
35350.000000000095 8.819195819232506e-08
35400.000000000095 8.850022661905149e-08
35450.000000000095 7.517270507501935e-08
35500.000000000095 1.1664880225824068e-07
35550.000000000095 9.832884381042025e-08
35600.000000000095 1.0740528030728084e-07
35650.000000000095 1.172206110975555e-07
35700.000000000095 8.02708080214583e-08
35750.000000000095 1.2758113746526578e-07
35800.000000000095 1.2257558561358747e-07
35850.000000000095 9.24622240293805e-08
35900.000000000095 1.3461503590838837e-07
35950.000000000095 1.315280176007584e-07
36000.000000000095 1.149021112480548e-07
36050.000000000095 1.40193106130919e-07
36100.000000000095 1.2358591046042283e-07
36150.000000000095 1.516985974790757e-07
36200.000000000095 1.577189498257619e-07
36250.000000000095 1.527630188651438e-07
36300.000000000095 1.7475697501313396e-07
36350.000000000095 1.721653594130006e-07
36400.000000000095 2.0062234596446521e-07
36450.000000000095 1.9312577316478568e-07
36500.000000000095 1.9032238931242962e-07
36550.000000000095 2.254415558355459e-07
36600.000000000095 2.4922988055692104e-07
36650.000000000095 2.336151882199741e-07
36700.000000000095 2.413918659848397e-07
36750.000000000095 2.667131166710229e-07
36800.000000000095 2.6180754686710697e-07
36850.000000000095 2.452304714660003e-07
36900.000000000095 2.506766704693135e-07
36950.000000000095 2.875395989146125e-07
37000.000000000095 2.6612600188625477e-07
37050.000000000095 2.9428362470534713e-07
37100.000000000095 2.845319806003208e-07
37150.000000000095 3.066928728552871e-07
37200.000000000095 3.277559400881074e-07
37250.000000000095 2.8521876419187453e-07
37300.000000000095 2.826391251626686e-07
37350.000000000095 3.3243545581375573e-07
37400.000000000095 3.779054675902498e-07
37450.000000000095 3.286323541690885e-07
37500.000000000095 3.1049271385328084e-07
37550.000000000095 4.015062136925722e-07
37600.000000000095 4.2774677800525977e-07
37650.000000000095 3.334969300686471e-07
37700.000000000095 3.998402491105653e-07
37750.000000000095 3.224125621664937e-07
37800.000000000095 3.818147516442758e-07
37850.000000000095 3.0678608139160565e-07
37900.000000000095 3.6410329155100797e-07
37950.000000000095 3.993069344885524e-07
38000.000000000095 4.41335005467243e-07
38050.000000000095 4.003727095507304e-07
38100.000000000095 4.446857475953742e-07
38150.000000000095 4.4121576931171133e-07
38200.000000000095 4.553465176527879e-07
38250.000000000095 4.486114118670684e-07
38300.000000000095 5.246601031996607e-07
38350.000000000095 5.252967891970268e-07
38400.000000000095 4.106120749350003e-07
38450.000000000095 4.5743382952622325e-07
38500.000000000095 4.0752430236453844e-07
38550.000000000095 4.733188709437487e-07
38600.000000000095 4.762438938734831e-07
38650.000000000095 5.303055612205561e-07
38700.000000000095 5.446431924445399e-07
38750.000000000095 5.336278412087478e-07
38800.000000000095 4.86493733888734e-07
38850.000000000095 5.604786647435552e-07
38900.000000000095 5.738724312687621e-07
38950.000000000095 5.281218041902232e-07
39000.000000000095 5.90801336728521e-07
39050.000000000095 5.50099845659534e-07
39100.000000000095 5.439936645878144e-07
39150.000000000095 5.795553528329092e-07
39200.000000000095 5.553367384085036e-07
39250.000000000095 6.151369372456136e-07
39300.000000000095 5.985868315277211e-07
39350.000000000095 6.579855226815169e-07
39400.000000000095 6.33488121265166e-07
39450.000000000095 6.445616418639225e-07
39500.000000000095 6.300133911314627e-07
39550.000000000095 6.23367390243984e-07
39600.000000000095 6.335679815382086e-07
39650.000000000095 7.086594559493568e-07
39700.000000000095 6.577660680699463e-07
39750.000000000095 5.84290436673868e-07
39800.000000000095 6.410309028770882e-07
39850.000000000095 7.162287313786546e-07
39900.000000000095 7.134567080377432e-07
39950.000000000095 6.864373536392263e-07
40000.000000000095 7.300550666837012e-07
40050.000000000095 7.204596353408747e-07
40100.000000000095 6.299719546857075e-07
40150.000000000095 7.545258732755723e-07
40200.000000000095 7.569767901271962e-07
40250.000000000095 7.254957847194887e-07
40300.000000000095 7.52531922515748e-07
40350.000000000095 6.732200987529515e-07
40400.000000000095 7.613226864514034e-07
40450.000000000095 7.149209892340225e-07
40500.000000000095 7.343366635028196e-07
40550.000000000095 7.748734107120952e-07
40600.000000000095 7.358426424881195e-07
40650.000000000095 7.570901769187123e-07
40700.000000000095 8.703424266905726e-07
40750.000000000095 7.487299420892528e-07
40800.000000000095 6.848156464668398e-07
40850.000000000095 8.129423743022329e-07
40900.000000000095 8.088587131723379e-07
40950.000000000095 7.352387033646828e-07
41000.000000000095 7.654281521907505e-07
41050.000000000095 8.101897559505966e-07
41100.000000000095 7.278936497233513e-07
41150.000000000095 6.847889224085741e-07
41200.000000000095 8.177347644726801e-07
41250.000000000095 7.829040657358833e-07
41300.000000000095 6.771581927933509e-07
41350.000000000095 8.301338961993108e-07
41400.000000000095 7.639509736809074e-07
41450.000000000095 8.030481307087869e-07
41500.000000000095 7.314664103568789e-07
41550.000000000095 6.834668477603594e-07
41600.000000000095 7.507440943019261e-07
41650.000000000095 7.69933050455921e-07
41700.000000000095 7.032353059298727e-07
41750.000000000095 7.00678211586915e-07
41800.000000000095 8.400968658930444e-07
41850.000000000095 5.705649071588552e-07
41900.000000000095 6.636879282003774e-07
41950.000000000095 7.662513013240483e-07
42000.000000000095 7.803237062999941e-07
42050.000000000095 6.701441004979208e-07
42100.000000000095 8.190074157398689e-07
42150.000000000095 6.050947680478906e-07
42200.000000000095 6.409472955567881e-07
42250.000000000095 6.738324243540452e-07
42300.000000000095 6.660038510134196e-07
42350.000000000095 7.178032182751703e-07
42400.000000000095 7.216399302074642e-07
42450.000000000095 6.190985184286588e-07
42500.000000000095 6.176377441683422e-07
42550.000000000095 5.937936230579281e-07
42600.000000000095 6.790905295010299e-07
42650.000000000095 8.020935530235983e-07
42700.000000000095 6.264814352912902e-07
42750.000000000095 5.657428295221021e-07
42800.000000000095 6.1152459690094e-07
42850.000000000095 6.773135792541671e-07
42900.000000000095 7.130094901768803e-07
42950.000000000095 5.573555392586859e-07
43000.000000000095 6.946199802437701e-07
43050.000000000095 4.312313843522746e-07
43100.000000000095 6.068022585506836e-07
43150.000000000095 6.04837584360412e-07
43200.000000000095 6.158128911143483e-07
43250.000000000095 7.573131791133802e-07
43300.000000000095 7.479180639153233e-07
43350.000000000095 4.986920603955363e-07
43400.000000000095 6.389552978856843e-07
43450.000000000095 5.235087678983512e-07
43500.000000000095 5.695108445935337e-07
43550.000000000095 5.581173565015014e-07
43600.000000000095 6.699073768945619e-07
43650.000000000095 4.431557451530114e-07
43700.000000000095 7.106012228085946e-07
43750.000000000095 6.804834365872805e-07
43800.000000000095 5.732073530261686e-07
43850.000000000095 5.70118393941231e-07
43900.000000000095 5.557305092836752e-07
43950.000000000095 4.845846212663615e-07
44000.000000000095 3.5988198272267735e-07
44050.000000000095 5.502996492764884e-07
44100.000000000095 6.210787240019052e-07
44150.000000000095 6.184869489147871e-07
44200.000000000095 5.346130932716258e-07
44250.000000000095 4.315578610451126e-07
44300.000000000095 3.9955373741480845e-07
44350.000000000095 3.9489421000453733e-07
44400.000000000095 4.051040178709101e-07
44450.000000000095 4.5569760165490567e-07
44500.000000000095 3.9088133229964614e-07
44550.000000000095 4.6334603461674093e-07
44600.000000000095 3.754579404754166e-07
44650.000000000095 4.325737938753591e-07
44700.000000000095 3.791774631343267e-07
44750.000000000095 4.114879698048597e-07
44800.000000000095 3.741950833709998e-07
44850.000000000095 4.032269594422255e-07
44900.000000000095 3.2363336797276893e-07
44950.000000000095 3.2322655808304276e-07
45000.000000000095 3.574096675688739e-07
45050.000000000095 3.657216779723325e-07
45100.000000000095 3.6567481502492523e-07
45150.000000000095 3.289604001989547e-07
45200.000000000095 2.4720459509490537e-07
45250.000000000095 2.7618711891722986e-07
45300.000000000095 3.197523488465094e-07
45350.000000000095 3.118724188500864e-07
45400.000000000095 2.899562966151103e-07
45450.000000000095 2.841417732409341e-07
45500.000000000095 3.0034499973115876e-07
45550.000000000095 3.450892336112049e-07
45600.000000000095 2.9368747421822737e-07
45650.000000000095 2.7334228228929045e-07
45700.000000000095 3.1156865506833017e-07
45750.000000000095 2.701724747648975e-07
45800.000000000095 2.6774162978785136e-07
45850.000000000095 3.748460172145939e-07
45900.000000000095 3.712065151879766e-07
45950.000000000095 2.6893041229507555e-07
46000.000000000095 3.6608839719008375e-07
46050.000000000095 3.606178261288248e-07
46100.000000000095 2.834084058622719e-07
46150.000000000095 3.158643898539704e-07
46200.000000000095 3.1034839613165007e-07
46250.000000000095 2.1568061533588598e-07
46300.000000000095 3.840611083889261e-07
46350.000000000095 2.9418719546046024e-07
46400.000000000095 3.4704500971112527e-07
46450.000000000095 3.968566464314566e-07
46500.000000000095 3.1874829828271047e-07
46550.000000000095 3.4740248160765985e-07
46600.000000000095 3.466336371025989e-07
46650.000000000095 5.582151239480664e-07
46700.000000000095 4.152917606273743e-07
46750.000000000095 3.1136956623697486e-07
46800.000000000095 2.5955169470263603e-07
46850.000000000095 4.3954560022389946e-07
46900.000000000095 3.878349404587879e-07
46950.000000000095 4.7407600729088497e-07
47000.000000000095 3.1264070794799726e-07
47050.000000000095 4.543678437286075e-07
47100.000000000095 2.443836420059942e-07
47150.000000000095 3.481987963489809e-07
47200.000000000095 4.063333190816212e-07
47250.000000000095 2.89785948240037e-07
47300.000000000095 2.9190310320204795e-07
47350.000000000095 3.026770295464135e-07
47400.000000000095 4.5635717845520453e-07
47450.000000000095 3.004555500125535e-07
47500.000000000095 4.6857861161499343e-07
47550.000000000095 3.0365871648047865e-07
47600.000000000095 4.263800266903292e-07
47650.000000000095 2.7697498760616034e-07
47700.000000000095 3.9965560283552754e-07
47750.000000000095 2.350075151899524e-07
47800.000000000095 3.2617984433877325e-07
47850.000000000095 1.973793006473359e-07
47900.000000000095 3.0323834644507303e-07
47950.000000000095 2.983155142984957e-07
48000.000000000095 4.6294548603495767e-07
48050.000000000095 3.2420013043541824e-07
48100.000000000095 3.293228986617311e-07
48150.000000000095 2.808459866738633e-07
48200.000000000095 3.7366874712538183e-07
48250.000000000095 2.906315597248932e-07
48300.000000000095 4.982161854625725e-07
48350.000000000095 2.7124601357716337e-07
48400.000000000095 2.5996320223209426e-07
48450.000000000095 2.7033325770188535e-07
48500.000000000095 4.4728864536311115e-07
48550.000000000095 2.659167431937467e-07
48600.000000000095 4.1450944301470985e-07
48650.000000000095 2.9042551505355013e-07
48700.000000000095 4.397810759896729e-07
48750.000000000095 2.6487828342533536e-07
