galfind/configs/Brown_Dwarf_templates/sonora_cholla/logkzz2/3162g/1150K_3162g_logkzz2_resample.dat
# %ECSV 1.0
# ---
# datatype:
# - {name: wav, unit: Angstrom, datatype: float64}
# - {name: flux_nu, unit: erg / (cm2 Hz s), datatype: float64}
# schema: astropy-2.0
wav flux_nu
10000.000000000093 nan
10050.000000000093 2.6941431147750513e-07
10100.000000000093 3.1196834603270446e-07
10150.000000000093 3.166570569898874e-07
10200.000000000093 3.4667268492279625e-07
10250.000000000093 3.702836713814627e-07
10300.000000000093 3.885132353874794e-07
10350.000000000093 4.40428493137505e-07
10400.000000000093 4.784550219385734e-07
10450.000000000093 5.066962819909814e-07
10500.000000000093 5.168963413949131e-07
10550.000000000093 5.305582143967656e-07
10600.000000000093 5.571454905198352e-07
10650.000000000093 5.842021033169966e-07
10700.000000000093 6.13838974807326e-07
10750.000000000093 6.391094473223488e-07
10800.000000000093 6.585024095851256e-07
10850.000000000093 6.795118183209155e-07
10900.000000000093 6.141826667027904e-07
10950.000000000093 4.5998941886040356e-07
11000.000000000093 3.634716479685575e-07
11050.000000000093 2.722131116265313e-07
11100.000000000093 2.0511492256153314e-07
11150.000000000093 1.5996996174131825e-07
11200.000000000093 1.7216245443276981e-07
11250.000000000093 2.2380738107901374e-07
11300.000000000093 2.241494575313117e-07
11350.000000000093 1.2588366527484998e-07
11400.000000000093 2.54631272019143e-07
11450.000000000093 1.9522169179937053e-07
11500.000000000093 2.2483285398224025e-07
11550.000000000093 1.621088230315354e-07
11600.000000000093 1.664011311648462e-07
11650.000000000093 2.0923720635614325e-07
11700.000000000093 2.1659195802143824e-07
11750.000000000093 1.8010431272327283e-07
11800.000000000093 2.6091731112112806e-07
11850.000000000093 3.1882895861000823e-07
11900.000000000093 3.790291553214826e-07
11950.000000000093 4.163875466258135e-07
12000.000000000093 4.963949403123108e-07
12050.000000000093 5.771822679483508e-07
12100.000000000093 6.340724925821195e-07
12150.000000000093 7.162995024547282e-07
12200.000000000093 7.75564511136217e-07
12250.000000000093 8.475929512139853e-07
12300.000000000093 9.150027756820838e-07
12350.000000000093 9.345078755486347e-07
12400.000000000093 9.73056367741048e-07
12450.000000000093 1.0465510158993168e-06
12500.000000000093 1.095143793912733e-06
12550.000000000093 1.1446136786654493e-06
12600.000000000093 1.1495304193781912e-06
12650.000000000093 1.1184444858682764e-06
12700.000000000093 1.1311512276174733e-06
12750.000000000093 1.1290386608484303e-06
12800.000000000093 1.1389906991439254e-06
12850.000000000093 1.0423781941886557e-06
12900.000000000093 9.834656171533353e-07
12950.000000000093 9.631741357873462e-07
13000.000000000093 9.510668670374963e-07
13050.000000000093 9.025701515546313e-07
13100.000000000093 8.738755775182976e-07
13150.000000000093 7.623498731505105e-07
13200.000000000093 7.031856535919481e-07
13250.000000000093 5.165034554634867e-07
13300.000000000093 3.06388841934996e-07
13350.000000000093 1.0287277738086935e-07
13400.000000000093 4.547100872767585e-08
13450.000000000093 3.176867809099795e-08
13500.000000000093 1.9865569427882706e-08
13550.000000000093 1.547814881846786e-08
13600.000000000093 1.2394551143533202e-08
13650.000000000093 2.7575282600396446e-08
13700.000000000093 2.234998750220536e-08
13750.000000000093 3.0841063570983475e-08
13800.000000000093 3.8522376408352996e-08
13850.000000000093 2.6197881188923455e-08
13900.000000000093 2.556058328431685e-08
13950.000000000093 2.449862390688843e-08
14000.000000000093 2.4606548700060917e-08
14050.000000000093 3.0012229077396836e-08
14100.000000000093 2.298254158063313e-08
14150.000000000093 3.16098951725701e-08
14200.000000000093 2.5149266616721613e-08
14250.000000000093 2.6727522175920457e-08
14300.000000000093 4.1037457568523944e-08
14350.000000000093 4.01379145943058e-08
14400.000000000093 4.132558167093348e-08
14450.000000000093 4.969834161783632e-08
14500.000000000093 7.712731957532605e-08
14550.000000000093 7.647469147120891e-08
14600.000000000093 1.1007961737441394e-07
14650.000000000093 1.0765793276155074e-07
14700.000000000093 8.671304040773923e-08
14750.000000000093 1.1052933487883606e-07
14800.000000000093 1.3042150750681289e-07
14850.000000000093 1.4113897747453782e-07
14900.000000000093 1.430075991031717e-07
14950.000000000093 1.6527001370013125e-07
15000.000000000093 1.8691715427912884e-07
15050.000000000093 2.2120790038628436e-07
15100.000000000093 2.3836247419879779e-07
15150.000000000093 2.594011859522496e-07
15200.000000000093 2.7410387095889144e-07
15250.000000000093 3.242389163498116e-07
15300.000000000093 3.565998919748691e-07
15350.000000000093 4.079304001516273e-07
15400.000000000093 4.4263310429379377e-07
15450.000000000093 4.791562046784791e-07
15500.000000000093 5.00760663849934e-07
15550.000000000093 5.520786124825001e-07
15600.000000000093 5.792225431865841e-07
15650.000000000093 5.898967782311287e-07
15700.000000000093 6.358492244066788e-07
15750.000000000093 6.522691525669107e-07
15800.000000000093 6.525557855647942e-07
15850.000000000093 6.682763434990439e-07
15900.000000000093 6.473672011771778e-07
15950.000000000093 6.248526643102759e-07
16000.000000000093 5.735973597359608e-07
16050.000000000093 4.925919880828993e-07
16100.000000000093 4.2762803242818636e-07
16150.000000000093 3.4800350513968103e-07
16200.000000000093 2.806782912166499e-07
16250.000000000093 2.7212953544514064e-07
16300.000000000093 2.4615044800690665e-07
16350.000000000093 2.6372847127994757e-07
16400.000000000095 2.867289874991285e-07
16450.000000000095 3.051134844484906e-07
16500.000000000095 3.2871490320358123e-07
16550.000000000095 3.217099485648237e-07
16600.000000000095 3.257879360060115e-07
16650.000000000095 2.432962918368027e-07
16700.000000000095 1.6409004877178884e-07
16750.000000000095 2.067887171429049e-07
16800.000000000095 2.6259959445308416e-07
16850.000000000095 2.5994149541770636e-07
16900.000000000095 2.433290908260036e-07
16950.000000000095 2.267673708878316e-07
17000.000000000095 2.060123435968263e-07
17050.000000000095 2.485289074984464e-07
17100.000000000095 2.665115863382278e-07
17150.000000000095 2.402717371859474e-07
17200.000000000095 2.763365671742581e-07
17250.000000000095 2.455895865120564e-07
17300.000000000095 2.2369639035995595e-07
17350.000000000095 2.06544518358476e-07
17400.000000000095 1.9830669856225326e-07
17450.000000000095 1.9442319757659644e-07
17500.000000000095 2.0370333914563632e-07
17550.000000000095 1.7687022770902716e-07
17600.000000000095 1.617282044903953e-07
17650.000000000095 1.5541503552172083e-07
17700.000000000095 1.2316726693473436e-07
17750.000000000095 1.0751361682951005e-07
17800.000000000095 1.1905953998427512e-07
17850.000000000095 8.523847806289909e-08
17900.000000000095 9.998392874089818e-08
17950.000000000095 7.624368630604152e-08
18000.000000000095 8.202934489141581e-08
18050.000000000095 7.151409746832539e-08
18100.000000000095 7.18562144560622e-08
18150.000000000095 8.853434888533262e-08
18200.000000000095 5.935780018293426e-08
18250.000000000095 1.1194719545481951e-07
18300.000000000095 7.047272897581243e-08
18350.000000000095 6.759712410951243e-08
18400.000000000095 6.014262628260114e-08
18450.000000000095 7.280441801580108e-08
18500.000000000095 7.482914055870859e-08
18550.000000000095 5.8566272201594275e-08
18600.000000000095 5.305733587713381e-08
18650.000000000095 4.8209021123396695e-08
18700.000000000095 4.628514678716156e-08
18750.000000000095 6.212217539195841e-08
18800.000000000095 1.0570205948804423e-07
18850.000000000095 1.1643070907342976e-07
18900.000000000095 1.0202983574836416e-07
18950.000000000095 1.5915473357237956e-07
19000.000000000095 1.1097777872774894e-07
19050.000000000095 8.655406768796122e-08
19100.000000000095 1.3780733158535138e-07
19150.000000000095 1.0257435368758376e-07
19200.000000000095 1.2414231252509073e-07
19250.000000000095 9.912008433899346e-08
19300.000000000095 9.338453883276668e-08
19350.000000000095 8.758672633352101e-08
19400.000000000095 5.7469353272312364e-08
19450.000000000095 9.920359631438149e-08
19500.000000000095 9.825556786215576e-08
19550.000000000095 7.797434710107428e-08
19600.000000000095 9.595940480046656e-08
19650.000000000095 1.1683051789385963e-07
19700.000000000095 1.1456246642452424e-07
19750.000000000095 1.1416432410284552e-07
19800.000000000095 1.322915950937485e-07
19850.000000000095 1.6436329492687918e-07
19900.000000000095 1.255913091716995e-07
19950.000000000095 1.825354431473232e-07
20000.000000000095 1.6832229660896447e-07
20050.000000000095 1.945179163395914e-07
20100.000000000095 1.958124740101165e-07
20150.000000000095 2.087721921298436e-07
20200.000000000095 2.3143189970456328e-07
20250.000000000095 2.5416584540088346e-07
20300.000000000095 2.436063392750766e-07
20350.000000000095 2.784106473492282e-07
20400.000000000095 2.7531586386422383e-07
20450.000000000095 3.0388805707686035e-07
20500.000000000095 3.1657581134687957e-07
20550.000000000095 3.1271516567265056e-07
20600.000000000095 3.4251555559240224e-07
20650.000000000095 3.3491322041737295e-07
20700.000000000095 3.4034298917871276e-07
20750.000000000095 3.502366276930049e-07
20800.000000000095 3.535215178014849e-07
20850.000000000095 3.5358020481020726e-07
20900.000000000095 3.628396073183978e-07
20950.000000000095 3.5473902307666936e-07
21000.000000000095 3.5612568047504376e-07
21050.000000000095 3.4831289497458345e-07
21100.000000000095 3.442506857638779e-07
21150.000000000095 3.4630535868248444e-07
21200.000000000095 3.356853246576033e-07
21250.000000000095 3.332177556286948e-07
21300.000000000095 3.158026515970376e-07
21350.000000000095 3.145398310112528e-07
21400.000000000095 3.0286657862903016e-07
21450.000000000095 2.894874763285643e-07
21500.000000000095 2.8605393358105245e-07
21550.000000000095 2.763976375420622e-07
21600.000000000095 2.6493716550276305e-07
21650.000000000095 2.511011619215564e-07
21700.000000000095 2.512791114158411e-07
21750.000000000095 2.339246991774535e-07
21800.000000000095 2.1617823936845095e-07
21850.000000000095 1.9627630513989723e-07
21900.000000000095 1.7941729352554334e-07
21950.000000000095 1.321940462979188e-07
22000.000000000095 8.487490968642623e-08
22050.000000000095 6.725588240376744e-08
22100.000000000095 9.73147086440625e-08
22150.000000000095 1.0746538437775777e-07
22200.000000000095 1.0807427789823294e-07
22250.000000000095 1.0186306968593021e-07
22300.000000000095 9.419479358375218e-08
22350.000000000095 8.851011991471891e-08
22400.000000000095 7.475471099616158e-08
22450.000000000095 6.805609749593713e-08
22500.000000000095 7.124770989969469e-08
22550.000000000095 5.523651273162953e-08
22600.000000000095 6.271246186441187e-08
22650.000000000095 6.607408265096017e-08
22700.000000000095 6.293152435712671e-08
22750.000000000095 6.342939894431947e-08
22800.000000000095 6.080889047740853e-08
22850.000000000095 5.313144692568482e-08
22900.000000000095 5.087700497404737e-08
22950.000000000095 5.038570938105004e-08
23000.000000000095 5.0659712795425036e-08
23050.000000000095 6.576922659175944e-08
23100.000000000095 9.42733552166056e-08
23150.000000000095 9.067687831973679e-08
23200.000000000095 3.838489552942729e-08
23250.000000000095 4.397989722740587e-08
23300.000000000095 4.0943554272816345e-08
23350.000000000095 3.675500142925057e-08
23400.000000000095 4.3192552268782114e-08
23450.000000000095 3.987811547775935e-08
23500.000000000095 4.140647130500311e-08
23550.000000000095 5.482736558973992e-08
23600.000000000095 6.232129705398151e-08
23650.000000000095 6.910658834131575e-08
23700.000000000095 4.0768896142390804e-08
23750.000000000095 3.953242593391848e-08
23800.000000000095 4.857961240247804e-08
23850.000000000095 4.9305280138648964e-08
23900.000000000095 7.08013055767682e-08
23950.000000000095 6.725601897526038e-08
24000.000000000095 8.678626078458379e-08
24050.000000000095 8.907540512032009e-08
24100.000000000095 7.493525623039684e-08
24150.000000000095 8.677432299434387e-08
24200.000000000095 9.127620626372752e-08
24250.000000000095 8.094328937869049e-08
24300.000000000095 9.332878089947856e-08
24350.000000000095 7.879456708377995e-08
24400.000000000095 1.0668968913834951e-07
24450.000000000095 8.862873402921449e-08
24500.000000000095 9.719521097108796e-08
24550.000000000095 9.664293250960376e-08
24600.000000000095 1.0465558523389393e-07
24650.000000000095 1.1970892556946472e-07
24700.000000000095 8.826042924076494e-08
24750.000000000095 8.43778897305116e-08
24800.000000000095 8.918839824933583e-08
24850.000000000095 1.2299315823326892e-07
24900.000000000095 6.201796276194233e-08
24950.000000000095 1.045452616639748e-07
25000.000000000095 9.748481569219115e-08
25050.000000000095 6.61956155051073e-08
25100.000000000095 9.081297062247561e-08
25150.000000000095 5.742992593139374e-08
25200.000000000095 7.782521044005973e-08
25250.000000000095 5.168963728074985e-08
25300.000000000095 7.030844641379527e-08
25350.000000000095 4.240118970692573e-08
25400.000000000095 7.43096083810541e-08
25450.000000000095 4.688979795796729e-08
25500.000000000095 4.6163162210906313e-08
25550.000000000095 5.864418700527621e-08
25600.000000000095 5.305462998496923e-08
25650.000000000095 3.485699018128693e-08
25700.000000000095 6.596037257694599e-08
25750.000000000095 3.4062622029847605e-08
25800.000000000095 6.854308737781344e-08
25850.000000000095 3.522472815199238e-08
25900.000000000095 5.2383948248548555e-08
25950.000000000095 3.159591362009646e-08
26000.000000000095 6.53218893065255e-08
26050.000000000095 4.3498491369290865e-08
26100.000000000095 7.557839221289875e-08
26150.000000000095 6.039014594916189e-08
26200.000000000095 6.476399437431089e-08
26250.000000000095 9.609193355245117e-08
26300.000000000095 6.664641357612565e-08
26350.000000000095 1.0663940763973336e-07
26400.000000000095 1.089069543366153e-07
26450.000000000095 1.0563867022233024e-07
26500.000000000095 1.101782493530659e-07
26550.000000000095 7.296634339306751e-08
26600.000000000095 8.615792737936645e-08
26650.000000000095 4.4974182549869366e-08
26700.000000000095 3.8849909971766914e-08
26750.000000000095 3.371726520307925e-08
26800.000000000095 4.639748646365642e-08
26850.000000000095 2.7936055259361512e-08
26900.000000000095 5.719296110323391e-08
26950.000000000095 3.1132648707409246e-08
27000.000000000095 6.930590151298002e-08
27050.000000000095 6.349637933417054e-08
27100.000000000095 4.5688580027716796e-08
27150.000000000095 8.079318872661632e-08
27200.000000000095 4.9922327524365014e-08
27250.000000000095 5.8155733227108855e-08
27300.000000000095 1.2192471308441265e-07
27350.000000000095 9.149665405253178e-08
27400.000000000095 3.1949117957898176e-08
27450.000000000095 1.0822254789930859e-07
27500.000000000095 1.1734787357624091e-07
27550.000000000095 5.6156317972093466e-08
27600.000000000095 9.433807750654044e-08
27650.000000000095 4.813694173408074e-08
27700.000000000095 4.087308681037415e-08
27750.000000000095 9.614036268637539e-08
27800.000000000095 5.180723575091222e-08
27850.000000000095 5.6442123971556544e-08
27900.000000000095 7.43554970481348e-08
27950.000000000095 1.0181103636025067e-07
28000.000000000095 8.38208903577077e-08
28050.000000000095 3.98354797934149e-08
28100.000000000095 1.1204448137640114e-07
28150.000000000095 7.766817972108877e-08
28200.000000000095 4.014353946198914e-08
28250.000000000095 1.1205479447648575e-07
28300.000000000095 1.346406754934964e-07
28350.000000000095 4.4968173856341404e-08
28400.000000000095 9.720100291232837e-08
28450.000000000095 1.1771269233429455e-07
28500.000000000095 9.178656576457026e-08
28550.000000000095 4.4166867893952916e-08
28600.000000000095 1.2738494043659913e-07
28650.000000000095 1.0734062457235829e-07
28700.000000000095 9.116354407105522e-08
28750.000000000095 1.262106268406679e-07
28800.000000000095 1.194636415577953e-07
28850.000000000095 1.3405714991226963e-07
28900.000000000095 7.151346265769203e-08
28950.000000000095 1.5776147311647137e-07
29000.000000000095 1.170188586137775e-07
29050.000000000095 1.3426704278889418e-07
29100.000000000095 9.149110286087625e-08
29150.000000000095 1.8378338010922702e-07
29200.000000000095 1.1540984635998234e-07
29250.000000000095 1.5416278558899078e-07
29300.000000000095 1.000345323697743e-07
