galfind/configs/Brown_Dwarf_templates/sonora_cholla/logkzz2/3162g/1200K_3162g_logkzz2_resample.dat
# %ECSV 1.0
# ---
# datatype:
# - {name: wav, unit: Angstrom, datatype: float64}
# - {name: flux_nu, unit: erg / (cm2 Hz s), datatype: float64}
# schema: astropy-2.0
wav flux_nu
[from data line 1163]
68150.00000000009 2.2130024819927464e-07
68200.00000000009 2.3504259754511958e-07
68250.00000000009 1.3770997146877062e-07
68300.00000000009 2.095887027620429e-07
68350.00000000009 1.4227127791992957e-07
68400.00000000009 2.6803863839058907e-07
68450.00000000009 2.644452400718747e-07
68500.00000000009 2.3312837180292343e-07
68550.00000000009 1.7271658830701277e-07
68600.00000000009 1.8954516401840108e-07
68650.00000000009 1.3871319617702655e-07
68700.00000000009 2.018988602337358e-07
68750.00000000009 2.3296538001157142e-07
68800.00000000009 2.533117083199119e-07
68850.00000000009 1.6321144290134505e-07
68900.00000000009 3.008534773665309e-07
68950.00000000009 3.278575364977837e-07
69000.00000000009 3.0067834702881665e-07
69050.00000000009 2.0618724150417462e-07
69100.00000000009 3.1421194355326235e-07
69150.00000000009 3.4213809629385595e-07
69200.00000000009 2.2178182968873163e-07
69250.00000000009 3.1286723514052726e-07
69300.00000000009 2.6292095792672705e-07
69350.00000000009 2.9287238130519996e-07
69400.00000000009 1.788639623259801e-07
69450.00000000009 3.1478678300252575e-07
69500.00000000009 2.2876808777220444e-07
69550.00000000009 2.378602542248362e-07
69600.00000000009 1.1333445275205279e-07
69650.00000000009 2.167196214660729e-07
69700.00000000009 2.8833928729669733e-07
69750.00000000009 2.2634303379840202e-07
69800.00000000009 2.679393308739641e-07
69850.00000000009 2.9102816606465376e-07
69900.00000000009 2.3057522457115218e-07
69950.00000000009 2.4913996322507946e-07
70000.00000000009 2.060377258253967e-07
70050.00000000009 3.023991225933451e-07
70100.00000000009 2.2092206107220065e-07
70150.00000000009 2.4283257649251793e-07
70200.00000000009 1.933129584084076e-07
70250.00000000009 2.331313902734928e-07
70300.00000000009 2.803966154832696e-07
70350.00000000009 2.2819960878979586e-07
70400.00000000009 2.0497086647274005e-07
70450.00000000009 1.2330871316030615e-07
70500.00000000009 1.7244451508526344e-07
70550.00000000009 1.8121189473575527e-07
70600.00000000009 1.95789697826016e-07
70650.00000000009 2.524456412761907e-07
70700.00000000009 2.2847347996313938e-07
70750.00000000009 2.749582923982046e-07
70800.00000000009 1.9858984985046874e-07
70850.00000000009 1.8624634240697396e-07
70900.00000000009 1.904727177031016e-07
70950.00000000009 2.6354484334300973e-07
71000.00000000009 2.310008304744143e-07
71050.00000000009 2.3675421830186978e-07
71100.00000000009 2.1584800966014934e-07
71150.00000000009 2.1220241756113708e-07
71200.00000000009 1.9203618166081967e-07
71250.00000000009 2.0841340410766102e-07
71300.00000000009 2.3943058955679233e-07
71350.00000000009 2.3387324982332886e-07
71400.00000000009 2.3575144334490914e-07
71450.00000000009 1.592131887084419e-07
71500.00000000009 1.8929724659650725e-07
71550.00000000009 1.9185167152702135e-07
71600.00000000009 2.2708495370994404e-07
71650.00000000009 2.0478004131824476e-07
71700.00000000009 1.7224248294616666e-07
71750.00000000009 1.9614452575376648e-07
71800.00000000009 2.3303109934854554e-07
71850.00000000009 2.401453361782836e-07
71900.00000000009 1.767633507809731e-07
71950.00000000009 1.869153060255021e-07
72000.00000000009 1.8493046786906364e-07
72050.00000000009 1.5900774081296534e-07
72100.00000000009 1.8121682910680394e-07
72150.00000000009 1.5993122232536472e-07
72200.00000000009 1.852850305723508e-07
72250.00000000009 2.1528737104799893e-07
72300.00000000009 1.9340974021623218e-07
72350.00000000009 1.932623061795705e-07
72400.00000000009 1.6915715788003208e-07
72450.00000000009 1.6034627403747977e-07
72500.00000000009 1.9056328233220018e-07
72550.00000000009 1.2565483639597068e-07
72600.00000000009 1.3462040896289066e-07
72650.00000000009 1.9628968678410077e-07
72700.00000000009 2.0030549329783744e-07
72750.00000000009 1.792896070826771e-07
72800.00000000009 1.678070305866801e-07
72850.00000000009 1.6426341650100815e-07
72900.00000000009 2.1013584477870406e-07
72950.00000000009 1.858098137652205e-07
73000.00000000009 1.8814500989458636e-07
73050.00000000009 1.620725991434959e-07
73100.00000000009 1.4220752152845193e-07
73150.00000000009 2.287623681084707e-07
73200.00000000009 1.556632422352505e-07
73250.00000000009 1.787476958332762e-07
73300.00000000009 1.7585507187390758e-07
73350.00000000009 1.5210592073924284e-07
73400.00000000009 1.825164619283046e-07
73450.00000000009 1.282995411775561e-07
73500.00000000009 1.3210526639379627e-07
73550.00000000009 1.7081479530527524e-07
73600.00000000009 1.475734729907339e-07
73650.00000000009 1.7145682022821038e-07
73700.00000000009 1.9773488473390671e-07
73750.00000000009 1.3644770283033632e-07
73800.00000000009 1.650766281583795e-07
73850.00000000009 1.728084407741751e-07
73900.00000000009 1.852953580043071e-07
73950.00000000009 1.5410318031299025e-07
74000.00000000009 1.4678221942821957e-07
74050.00000000009 2.276092741961344e-07
74100.00000000009 1.555268997496941e-07
74150.00000000009 1.7657884514724908e-07
74200.00000000009 1.5997578973373232e-07
74250.00000000009 1.175799459965008e-07
74300.00000000009 1.6330456323346443e-07
74350.00000000009 1.907985090099789e-07
74400.00000000009 1.8053793719176589e-07
74450.00000000009 1.1844562394075731e-07
74500.00000000009 1.373473643160997e-07
74550.00000000009 1.659266428945855e-07
74600.00000000009 1.6260954978785118e-07
74650.00000000009 1.5815799219751517e-07
74700.00000000009 1.3369262946901528e-07
74750.00000000009 1.44255489009496e-07
74800.00000000009 1.549809439551101e-07
74850.00000000009 1.2973953748328445e-07
74900.00000000009 2.1042896772180243e-07
74950.00000000009 1.9229497476108414e-07
75000.00000000009 1.7122322770358146e-07
75050.00000000009 1.3966639052175256e-07
75100.00000000009 2.1145068275511165e-07
75150.00000000009 1.7983429738854215e-07
75200.00000000009 2.057466127888843e-07
75250.00000000009 1.9923879817856697e-07
75300.00000000009 2.0722586720283967e-07
75350.00000000009 1.307820080080712e-07
75400.00000000009 2.0742007337250544e-07
75450.00000000009 1.7913762330149834e-07
75500.00000000009 1.7025407865592778e-07
75550.00000000009 2.0962964174106264e-07
75600.00000000009 2.452129182287609e-07
75650.00000000009 1.79395116145714e-07
75700.00000000009 1.863499747162484e-07
75750.00000000009 1.4746271847709532e-07
75800.00000000009 1.9765870842321025e-07
75850.00000000009 2.201689583877014e-07
75900.00000000009 1.9937775536727307e-07
75950.00000000009 1.646096065093499e-07
76000.00000000009 1.9052699597529936e-07
76050.00000000009 2.025338149627229e-07
76100.00000000009 1.9084569727362857e-07
76150.00000000009 2.0662018173615477e-07
76200.00000000009 2.0885709837608714e-07
76250.00000000009 2.29423350019904e-07
76300.00000000009 2.709103060212882e-07
76350.00000000009 2.960610226344219e-07
76400.00000000009 2.399394460317442e-07
76450.00000000009 2.3689575142961223e-07
76500.00000000009 1.944274278120403e-07
76550.00000000009 1.7477440439598278e-07
76600.00000000009 9.598247512283237e-08
76650.00000000009 1.1057243056428364e-07
76700.00000000009 1.2133032574101497e-07
76750.00000000009 1.1086135990577567e-07
76800.00000000009 1.6207282109975574e-07
76850.00000000009 8.792749106309335e-08
76900.00000000009 1.0078477075726487e-07
76950.00000000009 1.359396714399439e-07
77000.00000000009 1.3988984836207127e-07
77050.00000000009 1.1276608591797025e-07
77100.00000000009 1.1625298232678014e-07
77150.00000000009 1.4449010521061136e-07
77200.00000000009 1.346368892825471e-07
77250.00000000009 1.4382393284154798e-07
77300.00000000009 1.366518258084987e-07
77350.00000000009 9.944036484004273e-08
77400.00000000009 9.78560824226895e-08
77450.00000000009 1.0930553361107568e-07
77500.00000000009 1.244116293228887e-07
77550.00000000009 1.3622605331127217e-07
77600.00000000009 1.4589555613547787e-07
77650.00000000009 1.4268710049696578e-07
77700.00000000009 1.2326749188164215e-07
77750.00000000009 1.611408015302953e-07
77800.00000000009 1.4615801406842557e-07
77850.00000000009 1.8335427746729157e-07
77900.00000000009 1.5968444257040075e-07
77950.00000000009 1.1779599527437781e-07
78000.00000000009 1.4493025081594003e-07
78050.00000000009 1.4844517164393662e-07
78100.00000000009 1.1762518759111111e-07
78150.00000000009 1.71035601983411e-07
78200.00000000009 1.7142176561701914e-07
78250.00000000009 1.8602925498083236e-07
78300.00000000009 1.8158470512559956e-07
78350.00000000009 1.7140656584170752e-07
78400.00000000009 1.538089688358429e-07
78450.00000000009 1.979351191083729e-07
78500.00000000009 1.9702338263836346e-07
78550.00000000009 1.9468639703325736e-07
78600.00000000009 1.7681624821273895e-07
78650.00000000009 1.0944406088775463e-07
78700.00000000009 1.5489194779878172e-07
78750.00000000009 1.458963558249392e-07
78800.00000000009 1.847715239588926e-07
78850.00000000009 1.3023124143383783e-07
78900.00000000009 1.6986967259576965e-07
78950.00000000009 1.5943818080877e-07
79000.00000000009 1.7229154500885576e-07
79050.00000000009 1.545150106478341e-07
79100.00000000009 1.608470907333301e-07
79150.00000000009 1.8318749070049695e-07
79200.00000000009 1.918492006438788e-07
79250.00000000009 1.7220154002596674e-07
79300.00000000009 1.3454795201078157e-07
79350.00000000009 1.9300138621890843e-07
79400.00000000009 1.5962734722570603e-07
79450.00000000009 1.8021877192765177e-07
79500.00000000009 2.318384243479238e-07
79550.00000000009 2.004032410988831e-07
79600.00000000009 1.41844445665679e-07
79650.00000000009 1.6922252872224304e-07
79700.00000000009 1.9729758569059615e-07
79750.00000000009 2.0106049824305124e-07
79800.00000000009 1.639003252272159e-07
79850.00000000009 1.6698655914293842e-07
79900.00000000009 2.499468692914685e-07
79950.00000000009 1.886876020191646e-07
