galfind/configs/Brown_Dwarf_templates/sonora_cholla/logkzz2/3162g/1250K_3162g_logkzz2_resample.dat
# %ECSV 1.0
# ---
# datatype:
# - {name: wav, unit: Angstrom, datatype: float64}
# - {name: flux_nu, unit: erg / (cm2 Hz s), datatype: float64}
# schema: astropy-2.0
wav flux_nu
[from data line 388]
29400.000000000095 2.2809523294934296e-07
29450.000000000095 2.258284624834985e-07
29500.000000000095 2.5018434403948165e-07
29550.000000000095 2.3053476567550254e-07
29600.000000000095 2.9220796615950247e-07
29650.000000000095 2.3877534763982903e-07
29700.000000000095 2.3423229919133522e-07
29750.000000000095 2.857977434072434e-07
29800.000000000095 3.0077362273194464e-07
29850.000000000095 2.9971379480701887e-07
29900.000000000095 3.031948258283489e-07
29950.000000000095 3.028975401504273e-07
30000.000000000095 2.7998164724936945e-07
30050.000000000095 2.3181601324028187e-07
30100.000000000095 2.6328387385363904e-07
30150.000000000095 3.5339102618106307e-07
30200.000000000095 2.709075807710709e-07
30250.000000000095 3.4810969310897355e-07
30300.000000000095 3.052307664367812e-07
30350.000000000095 3.013307968273607e-07
30400.000000000095 3.189324489056269e-07
30450.000000000095 2.5936011667447334e-07
30500.000000000095 2.584364874311202e-07
30550.000000000095 2.6771045754883105e-07
30600.000000000095 2.925091419974363e-07
30650.000000000095 2.6278875263631287e-07
30700.000000000095 2.378683801430787e-07
30750.000000000095 2.2223637411106663e-07
30800.000000000095 2.2393355173269187e-07
30850.000000000095 2.0195631171924906e-07
30900.000000000095 2.085197544283992e-07
30950.000000000095 1.530559182080512e-07
31000.000000000095 1.7170958830328354e-07
31050.000000000095 1.950510925908364e-07
31100.000000000095 1.4003331277725386e-07
31150.000000000095 1.5699605762486214e-07
31200.000000000095 1.6919424038811918e-07
31250.000000000095 1.3979350667485356e-07
31300.000000000095 1.3573535731962713e-07
31350.000000000095 1.3253028997487653e-07
31400.000000000095 1.0390840218084011e-07
31450.000000000095 1.300654917974424e-07
31500.000000000095 1.0684941522599866e-07
31550.000000000095 1.193606702142816e-07
31600.000000000095 9.637836681859892e-08
31650.000000000095 9.491648050518615e-08
31700.000000000095 1.0730433132113301e-07
31750.000000000095 8.298551782709829e-08
31800.000000000095 9.719134192372771e-08
31850.000000000095 8.550602180214787e-08
31900.000000000095 9.037366896248385e-08
31950.000000000095 8.676751930824998e-08
32000.000000000095 8.955737833145452e-08
32050.000000000095 7.828370628925144e-08
32100.000000000095 7.37208570529856e-08
32150.000000000095 9.401954093001916e-08
32200.000000000095 7.186473264956693e-08
32250.000000000095 9.848140225946515e-08
32300.000000000095 6.8730346244988e-08
32350.000000000095 1.1648451574458905e-07
32400.000000000095 8.406272219996897e-08
32450.000000000095 1.1435425712392889e-07
32500.000000000095 9.153142765187179e-08
32550.000000000095 1.0580082293826356e-07
32600.000000000095 1.1996544533490664e-07
32650.000000000095 1.3346270106098744e-07
32700.000000000095 1.2210908080510656e-07
32750.000000000095 1.498123976463772e-07
32800.000000000095 1.3490456884932965e-07
32850.000000000095 1.6014983895813006e-07
32900.000000000095 1.7116710161213897e-07
32950.000000000095 1.7816204053388708e-07
33000.000000000095 1.6017778637432274e-07
33050.000000000095 1.5212057206024493e-07
33100.000000000095 1.005466933348466e-07
33150.000000000095 3.423377565942173e-08
33200.000000000095 3.667119231569249e-08
33250.000000000095 2.570683300236305e-08
33300.000000000095 2.7583711005869083e-08
33350.000000000095 4.140712838924808e-08
33400.000000000095 5.4275657785007275e-08
33450.000000000095 6.561205179243804e-08
33500.000000000095 8.587473516804951e-08
33550.000000000095 8.49598738119157e-08
33600.000000000095 1.1808107353464071e-07
33650.000000000095 1.274438983887667e-07
33700.000000000095 1.1303101196467972e-07
33750.000000000095 1.5046221864786195e-07
33800.000000000095 1.0712354725745196e-07
33850.000000000095 1.4096970992905597e-07
33900.000000000095 1.242438235091725e-07
33950.000000000095 1.3847971332579314e-07
34000.000000000095 1.4404575035458666e-07
34050.000000000095 8.189459330973546e-08
34100.000000000095 1.4060326967321387e-07
34150.000000000095 1.0216358017236085e-07
34200.000000000095 1.2359352134056227e-07
34250.000000000095 1.1662476107783058e-07
34300.000000000095 9.454154122587022e-08
34350.000000000095 1.2871220622789766e-07
34400.000000000095 1.0168846830081426e-07
34450.000000000095 1.3479176650663103e-07
34500.000000000095 1.2481645178520973e-07
34550.000000000095 9.24828505681232e-08
34600.000000000095 1.455184789233123e-07
34650.000000000095 9.766122141908716e-08
34700.000000000095 1.1082838243030599e-07
34750.000000000095 1.2041711537382624e-07
34800.000000000095 8.053539600651573e-08
34850.000000000095 1.2554401461593203e-07
34900.000000000095 1.3142447113952688e-07
34950.000000000095 1.1804089882655253e-07
35000.000000000095 1.5710701386007463e-07
35050.000000000095 1.175368422013411e-07
35100.000000000095 1.5245879992743508e-07
35150.000000000095 1.3839806397299854e-07
35200.000000000095 1.651555899393873e-07
35250.000000000095 1.9705630768410718e-07
35300.000000000095 1.229626889566106e-07
35350.000000000095 1.7076981103769595e-07
35400.000000000095 1.7266388699124645e-07
35450.000000000095 1.5070842570017907e-07
35500.000000000095 2.0783855358870146e-07
35550.000000000095 1.8764621213641038e-07
35600.000000000095 2.000691038591953e-07
35650.000000000095 2.1505508293698607e-07
35700.000000000095 1.5339020062011368e-07
35750.000000000095 2.1913497363937768e-07
35800.000000000095 2.2613205928852171e-07
35850.000000000095 1.7981098770855315e-07
35900.000000000095 2.4652157787040403e-07
35950.000000000095 2.3228425533384243e-07
36000.000000000095 2.1532917022965937e-07
36050.000000000095 2.5974648989816277e-07
36100.000000000095 2.3201592194389004e-07
36150.000000000095 2.671404651830698e-07
36200.000000000095 2.8035408900344933e-07
36250.000000000095 2.718533098022359e-07
36300.000000000095 3.048555150769536e-07
36350.000000000095 3.0135546497039483e-07
36400.000000000095 3.394603541775699e-07
36450.000000000095 3.3328773480086645e-07
36500.000000000095 3.351382451558258e-07
36550.000000000095 3.658070897919711e-07
36600.000000000095 4.0059582951601473e-07
36650.000000000095 3.830250416517047e-07
36700.000000000095 4.0569621769079987e-07
36750.000000000095 4.3529503355340937e-07
36800.000000000095 4.3313154361127546e-07
36850.000000000095 4.2099671145755953e-07
36900.000000000095 4.1505211319878915e-07
36950.000000000095 4.738073558412285e-07
37000.000000000095 4.4936986520891935e-07
37050.000000000095 4.802781612451914e-07
37100.000000000095 4.7497551795301024e-07
37150.000000000095 5.066028603651275e-07
37200.000000000095 5.284678791196286e-07
37250.000000000095 4.851001640415988e-07
37300.000000000095 4.874926678417508e-07
37350.000000000095 5.383917783795461e-07
37400.000000000095 5.94220531463481e-07
37450.000000000095 5.562862944044051e-07
37500.000000000095 5.283452547646111e-07
37550.000000000095 6.30759698336914e-07
37600.000000000095 6.606542355454995e-07
37650.000000000095 5.660020845317436e-07
37700.000000000095 6.371172495010345e-07
37750.000000000095 5.441287915040669e-07
37800.000000000095 6.253671776996939e-07
37850.000000000095 5.342549503634902e-07
37900.000000000095 6.161647957041797e-07
37950.000000000095 6.524291438205773e-07
38000.000000000095 7.014038817525015e-07
38050.000000000095 6.500111227033021e-07
38100.000000000095 6.987849666546006e-07
38150.000000000095 6.968109511739651e-07
38200.000000000095 7.306105993464054e-07
38250.000000000095 7.120184682066208e-07
38300.000000000095 7.937934372770485e-07
38350.000000000095 8.03182961212454e-07
38400.000000000095 6.697470128311625e-07
38450.000000000095 7.578641428357369e-07
38500.000000000095 7.094493277425073e-07
38550.000000000095 7.72783800435632e-07
38600.000000000095 7.777390487999569e-07
38650.000000000095 8.375288738147258e-07
38700.000000000095 8.530752369119795e-07
38750.000000000095 8.366893206708016e-07
38800.000000000095 7.903688301510147e-07
38850.000000000095 8.774682545168203e-07
38900.000000000095 8.822849167209617e-07
38950.000000000095 8.548739323561174e-07
39000.000000000095 9.163853313960344e-07
39050.000000000095 8.835443436714332e-07
39100.000000000095 8.537397572526864e-07
39150.000000000095 9.096658110764916e-07
39200.000000000095 8.78279208978567e-07
39250.000000000095 9.416728629830018e-07
39300.000000000095 9.352473408692644e-07
39350.000000000095 9.933239738537422e-07
39400.000000000095 9.820090933391907e-07
39450.000000000095 9.89934932914557e-07
39500.000000000095 9.448713148238971e-07
39550.000000000095 9.619797617815535e-07
39600.000000000095 9.795272379281337e-07
39650.000000000095 1.0405988415124125e-06
39700.000000000095 9.940095600279477e-07
39750.000000000095 9.308804116200602e-07
39800.000000000095 9.843754773111564e-07
39850.000000000095 1.0523550523359943e-06
39900.000000000095 1.0429932661075682e-06
39950.000000000095 1.0386880515325233e-06
40000.000000000095 1.046262322941578e-06
40050.000000000095 1.0567700773521668e-06
40100.000000000095 1.0032821352087135e-06
40150.000000000095 1.0984428758993185e-06
40200.000000000095 1.1025376121067847e-06
40250.000000000095 1.0292030376636227e-06
40300.000000000095 1.0787672867217996e-06
40350.000000000095 1.0274795328318183e-06
40400.000000000095 1.0938931764414666e-06
40450.000000000095 1.06739149512486e-06
40500.000000000095 1.0241284988657834e-06
40550.000000000095 1.1196502535887628e-06
40600.000000000095 1.0282550118478117e-06
40650.000000000095 1.1065429279838206e-06
40700.000000000095 1.2055314935177586e-06
40750.000000000095 1.0547741606019487e-06
40800.000000000095 9.913043047341435e-07
40850.000000000095 1.0980177667937183e-06
40900.000000000095 1.09837666371939e-06
40950.000000000095 1.0572028521540384e-06
41000.000000000095 1.0713880560465327e-06
41050.000000000095 1.1032161211770422e-06
41100.000000000095 1.0143672614099014e-06
41150.000000000095 1.0092307656197578e-06
41200.000000000095 1.1053920889283e-06
41250.000000000095 1.0818765185198037e-06
41300.000000000095 9.254671685961793e-07
41350.000000000095 1.1172177475581242e-06
41400.000000000095 1.04454752442323e-06
41450.000000000095 1.0889826209437551e-06
41500.000000000095 1.0319636176051617e-06
41550.000000000095 9.717313698981202e-07
41600.000000000095 1.0270466956384017e-06
41650.000000000095 1.0382605348091952e-06
41700.000000000095 9.580460706806846e-07
41750.000000000095 9.506332203251034e-07
41800.000000000095 1.1271234699796841e-06
41850.000000000095 7.785202415092877e-07
41900.000000000095 9.377875335885719e-07
41950.000000000095 1.0466034435757568e-06
42000.000000000095 1.0402192486609222e-06
42050.000000000095 9.055063707593734e-07
42100.000000000095 1.0667799199877298e-06
42150.000000000095 8.108080277861701e-07
42200.000000000095 8.693877096169653e-07
42250.000000000095 9.331235094399166e-07
42300.000000000095 9.086372566740554e-07
42350.000000000095 9.61633857264462e-07
42400.000000000095 9.50936021162797e-07
42450.000000000095 8.382671565840619e-07
42500.000000000095 8.26749266087511e-07
42550.000000000095 8.081315266275477e-07
42600.000000000095 9.1968699750754e-07
42650.000000000095 1.0490906289194074e-06
42700.000000000095 8.789369305582808e-07
42750.000000000095 7.859905600766242e-07
42800.000000000095 8.212681035520555e-07
42850.000000000095 9.017139245094031e-07
42900.000000000095 9.399624449137284e-07
42950.000000000095 7.471506734644564e-07
43000.000000000095 9.238531996546871e-07
43050.000000000095 6.186492668689935e-07
43100.000000000095 8.141607020554721e-07
43150.000000000095 8.286747516106588e-07
43200.000000000095 8.231361486719044e-07
43250.000000000095 9.463749952394043e-07
43300.000000000095 9.567652326552752e-07
43350.000000000095 6.973888465783639e-07
43400.000000000095 8.477353859292339e-07
43450.000000000095 7.176400620905781e-07
43500.000000000095 7.59271779519912e-07
43550.000000000095 7.263015936045206e-07
43600.000000000095 8.473970536534041e-07
43650.000000000095 5.985370272288376e-07
43700.000000000095 8.682913988529145e-07
43750.000000000095 8.571129733309834e-07
43800.000000000095 7.222695517419524e-07
43850.000000000095 7.239632318789077e-07
43900.000000000095 6.959878551858409e-07
43950.000000000095 6.447514530711348e-07
44000.000000000095 4.782816250156041e-07
44050.000000000095 6.595617706893096e-07
44100.000000000095 7.230659262763071e-07
44150.000000000095 7.168248851966036e-07
44200.000000000095 6.317673082433416e-07
44250.000000000095 5.586253544677131e-07
44300.000000000095 5.363788564196634e-07
44350.000000000095 4.931604911680832e-07
44400.000000000095 5.167972447398325e-07
44450.000000000095 5.534725435853124e-07
44500.000000000095 4.738192883591244e-07
44550.000000000095 5.294943007850205e-07
44600.000000000095 4.533630072172919e-07
44650.000000000095 5.183905142148611e-07
44700.000000000095 4.7551863968895823e-07
44750.000000000095 5.0504297526738e-07
44800.000000000095 4.705095080238268e-07
44850.000000000095 4.773355667568461e-07
44900.000000000095 4.000645159448544e-07
44950.000000000095 4.0670019023531836e-07
45000.000000000095 4.3425240425449417e-07
45050.000000000095 4.4231425497030506e-07
45100.000000000095 4.2864217281606955e-07
45150.000000000095 3.989129802199914e-07
45200.000000000095 3.2215219791445014e-07
45250.000000000095 3.5577892778828327e-07
45300.000000000095 4.011230580213129e-07
45350.000000000095 4.009448433582736e-07
45400.000000000095 3.535131565961798e-07
45450.000000000095 3.4928396651126607e-07
45500.000000000095 3.642178736877147e-07
45550.000000000095 4.12094972708065e-07
45600.000000000095 3.5764525818167897e-07
45650.000000000095 3.3620440820140666e-07
45700.000000000095 3.9540329974639676e-07
45750.000000000095 3.5231065112509447e-07
45800.000000000095 3.329382895892769e-07
45850.000000000095 4.599237943665835e-07
45900.000000000095 4.48295763597362e-07
45950.000000000095 3.4457135723680846e-07
46000.000000000095 4.4380666015206116e-07
46050.000000000095 4.475555964570378e-07
46100.000000000095 3.4949444981281814e-07
46150.000000000095 4.032288054825799e-07
46200.000000000095 3.995687718715406e-07
46250.000000000095 2.830512587716255e-07
46300.000000000095 4.7557916862841785e-07
46350.000000000095 3.618846859906959e-07
46400.000000000095 4.197675213314047e-07
46450.000000000095 4.868854606247353e-07
46500.000000000095 4.005355976754832e-07
46550.000000000095 4.586717179490225e-07
46600.000000000095 4.499265556494056e-07
46650.000000000095 6.666987414184725e-07
46700.000000000095 5.286858312186319e-07
46750.000000000095 4.157183869034825e-07
46800.000000000095 3.670451134181672e-07
46850.000000000095 5.245897068826285e-07
46900.000000000095 4.680732388074544e-07
46950.000000000095 5.840409225373745e-07
47000.000000000095 3.929822243751291e-07
47050.000000000095 5.778424239333249e-07
47100.000000000095 3.3506894168657216e-07
47150.000000000095 4.45363256988298e-07
47200.000000000095 5.051088966608036e-07
47250.000000000095 3.8554839498855845e-07
47300.000000000095 4.0461774610649063e-07
47350.000000000095 3.6704675253145623e-07
47400.000000000095 5.466796906265013e-07
47450.000000000095 3.801708002238858e-07
47500.000000000095 5.58339613755838e-07
47550.000000000095 3.8172987210650256e-07
47600.000000000095 5.161501194909451e-07
47650.000000000095 3.5832647697890945e-07
47700.000000000095 4.925613708570426e-07
47750.000000000095 3.087592995940931e-07
47800.000000000095 4.373315220308435e-07
47850.000000000095 2.6742686062554664e-07
47900.000000000095 4.1341432837553176e-07
47950.000000000095 3.6734933308494987e-07
48000.000000000095 5.635742836895209e-07
48050.000000000095 4.0002720016195865e-07
48100.000000000095 4.526275080687319e-07
48150.000000000095 3.6288675475243966e-07
48200.000000000095 4.860961010188389e-07
48250.000000000095 3.8049064637456046e-07
48300.000000000095 6.049499706297055e-07
48350.000000000095 3.534316662468215e-07
48400.000000000095 3.9867988921653306e-07
48450.000000000095 3.4339720010549824e-07
48500.000000000095 5.738469510229937e-07
48550.000000000095 3.38975215353582e-07
48600.000000000095 5.171795166813681e-07
48650.000000000095 3.464598299807507e-07
