galfind/configs/Brown_Dwarf_templates/sonora_cholla/logkzz2/3162g/1300K_3162g_logkzz2_resample.dat
# %ECSV 1.0
# ---
# datatype:
# - {name: wav, unit: Angstrom, datatype: float64}
# - {name: flux_nu, unit: erg / (cm2 Hz s), datatype: float64}
# schema: astropy-2.0
wav flux_nu
[from data line 775]
48750.000000000095 3.865191433173837e-07
48800.000000000095 6.0317949244451e-07
48850.000000000095 4.0830343932085836e-07
48900.000000000095 6.092494772501031e-07
48950.000000000095 5.011312864574398e-07
49000.000000000095 4.5197952438929705e-07
49050.000000000095 5.622593330587477e-07
49100.000000000095 4.406168859054944e-07
49150.000000000095 5.793097226368208e-07
49200.000000000095 4.781925194044749e-07
49250.000000000095 5.591670335741442e-07
49300.000000000095 4.7404945165118586e-07
49350.000000000095 4.6603964734152273e-07
49400.000000000095 5.392454524056859e-07
49450.000000000095 5.249827494396071e-07
49500.000000000095 4.781730073706522e-07
49550.000000000095 3.3689796232806504e-07
49600.000000000095 4.841857546183343e-07
49650.000000000095 4.6751874968650126e-07
49700.000000000095 4.3546873697442754e-07
49750.000000000095 6.150203764534228e-07
49800.000000000095 4.4496697676514057e-07
49850.000000000095 6.402223153934201e-07
49900.000000000095 5.570598594668997e-07
49950.000000000095 5.152355439329465e-07
50000.000000000095 5.923443327484931e-07
50050.000000000095 5.691311450507684e-07
50100.000000000095 6.369378176713464e-07
50150.000000000095 4.329728325370204e-07
50200.000000000095 3.3791135050345406e-07
50250.000000000095 5.948799779802889e-07
50300.000000000095 4.654491505867517e-07
50350.000000000095 6.20993750111588e-07
50400.000000000095 5.156219637499447e-07
50450.000000000095 4.879193968097864e-07
50500.000000000095 6.204088364698727e-07
50550.000000000095 5.292735341426146e-07
50600.000000000095 5.214810849552539e-07
50650.000000000095 5.314816484275523e-07
50700.000000000095 7.211028851533763e-07
50750.000000000095 6.421252835221775e-07
50800.000000000095 4.184016576264633e-07
50850.000000000095 4.524305539013924e-07
50900.000000000095 6.40678233385156e-07
50950.000000000095 6.289921806668658e-07
51000.000000000095 6.517484490639332e-07
51050.000000000095 5.613328087689092e-07
51100.000000000095 4.124695209301555e-07
51150.000000000095 5.027930256485484e-07
51200.000000000095 6.701782358649962e-07
51250.000000000095 5.718752837789583e-07
51300.000000000095 4.451972699705019e-07
51350.000000000095 5.383033673087279e-07
51400.000000000095 4.283459368575078e-07
51450.000000000095 3.903635455100693e-07
51500.000000000095 3.750778097679334e-07
51550.000000000095 5.96351321145151e-07
51600.000000000095 4.295608018976921e-07
51650.000000000095 5.142226124203417e-07
51700.000000000095 5.473552887194507e-07
51750.000000000095 4.1262331816570587e-07
51800.000000000095 6.484342386247786e-07
51850.000000000095 5.485403876282415e-07
51900.000000000095 6.978841471820436e-07
51950.000000000095 5.766924957487674e-07
52000.000000000095 3.1233871049392427e-07
52050.000000000095 4.6190039734353214e-07
52100.000000000095 4.2915097704137465e-07
52150.000000000095 3.7750420137942436e-07
52200.000000000095 3.760309572394959e-07
52250.000000000095 4.3175763915809934e-07
52300.000000000095 6.689379949330279e-07
52350.000000000095 5.163665324095812e-07
52400.000000000095 3.9942447889449125e-07
52450.000000000095 5.538455103930464e-07
52500.000000000095 5.168019274828874e-07
52550.000000000095 5.495786853690079e-07
52600.000000000095 4.834489798647748e-07
52650.000000000095 5.123129957862098e-07
52700.000000000095 4.304092794731594e-07
52750.000000000095 3.869219410144317e-07
52800.000000000095 4.0175553436357753e-07
52850.000000000095 4.4774487963450336e-07
52900.000000000095 4.037430012031578e-07
52950.000000000095 3.968800828787341e-07
53000.000000000095 6.029033846326254e-07
53050.000000000095 3.34337289241171e-07
53100.000000000095 5.369007920521282e-07
53150.000000000095 6.492501473152269e-07
53200.000000000095 3.5528680278108613e-07
53250.000000000095 5.773536283319109e-07
53300.000000000095 6.078662993068466e-07
53350.000000000095 5.816030156147055e-07
53400.000000000095 6.076170024844145e-07
53450.000000000095 3.705961032824845e-07
53500.000000000095 2.766758096681429e-07
53550.000000000095 3.847938619579699e-07
53600.000000000095 4.7438776006766986e-07
53650.000000000095 3.9366006130837876e-07
53700.000000000095 3.82187961380339e-07
53750.000000000095 3.893188484826802e-07
53800.000000000095 3.9218453321021043e-07
53850.000000000095 4.890168925729372e-07
53900.000000000095 4.3645443279133757e-07
53950.000000000095 5.810107129121531e-07
54000.000000000095 4.3083913496576483e-07
54050.000000000095 4.2136774318442135e-07
54100.000000000095 2.755224976663091e-07
54150.000000000095 3.6943933515625913e-07
54200.000000000095 2.374645630991508e-07
54250.000000000095 2.7066868440870157e-07
54300.000000000095 3.525986483474996e-07
54350.000000000095 4.5122703272625836e-07
54400.000000000095 4.6821860878493286e-07
54450.000000000095 4.245373955304975e-07
54500.000000000095 3.6622878134978945e-07
54550.000000000095 3.2150032613083803e-07
54600.000000000095 3.9637354415216136e-07
54650.000000000095 2.9326658749269846e-07
54700.000000000095 4.6425658803862376e-07
54750.000000000095 4.4103694093878647e-07
54800.000000000095 3.463808204727004e-07
54850.000000000095 3.7844047034983594e-07
54900.000000000095 4.799828933194099e-07
54950.000000000095 5.683645705784548e-07
55000.000000000095 3.3560633618979184e-07
55050.000000000095 4.2044534245666423e-07
55100.000000000095 3.8411741938546064e-07
55150.000000000095 3.515040003356571e-07
55200.000000000095 3.5400006616401035e-07
55250.000000000095 3.621928101834715e-07
55300.000000000095 3.0003396345847617e-07
55350.000000000095 4.011003974567953e-07
55400.000000000095 4.912488329248919e-07
55450.000000000095 3.937342158153794e-07
55500.000000000095 2.525723196611901e-07
55550.000000000095 3.285055497962896e-07
55600.000000000095 3.17742043902917e-07
55650.000000000095 2.594474646175894e-07
55700.000000000095 3.310606105961665e-07
55750.000000000095 3.7682640765920843e-07
55800.000000000095 3.1646527174876323e-07
55850.000000000095 2.6803060433914e-07
55900.000000000095 4.086794883139919e-07
55950.000000000095 5.10354682683225e-07
56000.000000000095 2.856381872399945e-07
56050.000000000095 3.799029508916068e-07
56100.000000000095 4.047028904062569e-07
56150.000000000095 3.206844132185425e-07
56200.000000000095 3.5379555118349297e-07
56250.000000000095 3.4774441109372745e-07
56300.000000000095 3.846931365098876e-07
56350.000000000095 4.2542852641131996e-07
56400.000000000095 3.116527388571466e-07
56450.000000000095 2.8857688342379915e-07
56500.000000000095 3.259286670239442e-07
56550.000000000095 2.428311586277111e-07
56600.000000000095 3.911693670558356e-07
56650.000000000095 3.552555073503687e-07
56700.000000000095 4.264189942608512e-07
56750.000000000095 2.6930442482277743e-07
56800.000000000095 4.074972124501247e-07
56850.000000000095 3.27957011988087e-07
56900.000000000095 3.01339156812057e-07
56950.000000000095 4.1864766835599674e-07
57000.000000000095 4.4922592978782043e-07
57050.000000000095 3.4049443293291207e-07
57100.000000000095 2.115869244777211e-07
57150.000000000095 3.0151241411140805e-07
57200.000000000095 2.3190793963884954e-07
57250.000000000095 3.1884608533936943e-07
57300.000000000095 3.7177904149022516e-07
57350.000000000095 2.524463401138896e-07
57400.000000000095 3.698544827409471e-07
57450.000000000095 3.578994330412837e-07
57500.000000000095 3.393836192847039e-07
57550.000000000095 3.962427947528761e-07
57600.000000000095 4.2717722546393973e-07
57650.000000000095 2.2123942208138124e-07
57700.000000000095 2.6141999508803404e-07
57750.000000000095 3.103957886214664e-07
57800.000000000095 1.59577334934668e-07
57850.000000000095 4.3728336025355383e-07
57900.000000000095 5.024488956632261e-07
57950.000000000095 4.407411522153839e-07
58000.000000000095 3.071664833479523e-07
58050.000000000095 3.5645391840128897e-07
58100.000000000095 4.370078717503894e-07
58150.000000000095 3.648779058402735e-07
58200.000000000095 2.3259932668008098e-07
58250.000000000095 2.921800453186855e-07
58300.000000000095 2.3434958074731196e-07
58350.000000000095 2.739187952593671e-07
58400.000000000095 3.2805641979080443e-07
58450.000000000095 3.5033374629442735e-07
58500.000000000095 3.229235173173422e-07
58550.000000000095 3.7389345696123354e-07
58600.000000000095 2.593036734026149e-07
58650.000000000095 3.114419134482545e-07
58700.000000000095 2.957873825815861e-07
58750.000000000095 3.403664225023138e-07
58800.000000000095 2.1396246817889603e-07
58850.000000000095 3.027130932644311e-07
58900.000000000095 3.616548107070462e-07
58950.000000000095 2.582342441831999e-07
59000.000000000095 3.5232796884691565e-07
59050.000000000095 3.645844967220351e-07
59100.000000000095 4.276812818779279e-07
59150.000000000095 3.416168358305481e-07
59200.000000000095 3.4412639192228196e-07
59250.000000000095 3.680277504191581e-07
59300.000000000095 3.5678711111517246e-07
59350.000000000095 2.3435840758725568e-07
59400.000000000095 1.9597239559604507e-07
59450.000000000095 3.1730674700761475e-07
59500.000000000095 2.231361968735524e-07
59550.000000000095 3.8542008229455465e-07
59600.000000000095 3.856899531694275e-07
59650.000000000095 3.583950493620091e-07
59700.000000000095 2.506962261738928e-07
59750.000000000095 4.51356040638099e-07
59800.000000000095 3.2678837653531197e-07
59850.000000000095 3.950512034182708e-07
59900.000000000095 2.4122673467416137e-07
59950.000000000095 3.433019030358756e-07
60000.000000000095 5.052298089040792e-07
60050.000000000095 4.2285410713025405e-07
60100.000000000095 4.4475265721592846e-07
60150.000000000095 3.4562334980080424e-07
60200.000000000095 3.728045579137468e-07
60250.000000000095 4.1545001741351157e-07
60300.000000000095 3.888769217453431e-07
60350.000000000095 3.118964508455868e-07
60400.000000000095 3.893900205594403e-07
60450.000000000095 2.4801945364830964e-07
60500.000000000095 1.7974061879015642e-07
60550.000000000095 3.904112395163218e-07
60600.000000000095 3.715972558027864e-07
60650.000000000095 3.4144891915612884e-07
60700.000000000095 3.144482223392535e-07
60750.000000000095 2.8186309610722655e-07
60800.000000000095 3.8400819267499205e-07
60850.000000000095 5.11868462981607e-07
60900.000000000095 4.462316617070147e-07
60950.000000000095 4.3173068833200486e-07
61000.000000000095 3.5512919459907693e-07
61050.000000000095 2.9546756708986517e-07
61100.000000000095 3.830063956763344e-07
61150.000000000095 1.8954408009301633e-07
61200.000000000095 4.53439950221801e-07
61250.000000000095 5.174315884774292e-07
61300.000000000095 4.6337387170812697e-07
61350.000000000095 5.29902239249283e-07
61400.000000000095 4.2327632566860035e-07
61450.000000000095 3.2987529393170205e-07
61500.000000000095 3.180142437309853e-07
61550.000000000095 3.206091399591147e-07
61600.000000000095 2.444935574237226e-07
61650.000000000095 3.419691475218612e-07
61700.000000000095 2.965589345829863e-07
61750.000000000095 3.5637352877987885e-07
61800.000000000095 3.9663963768324615e-07
61850.000000000095 2.950318703984071e-07
61900.000000000095 4.654144652412547e-07
61950.000000000095 4.3750947306696214e-07
62000.000000000095 4.231021601947398e-07
62050.000000000095 4.065934478655562e-07
62100.000000000095 4.515635749542005e-07
62150.000000000095 4.2265276935737853e-07
62200.000000000095 3.8099010024847004e-07
62250.000000000095 4.295616949574918e-07
62300.000000000095 4.990438942773565e-07
62350.000000000095 4.32291496024743e-07
62400.000000000095 2.951942463930956e-07
62450.000000000095 3.918958644988965e-07
62500.000000000095 4.79595348489017e-07
62550.000000000095 4.3961343765440694e-07
62600.000000000095 4.863518536153961e-07
62650.000000000095 4.1396138589467196e-07
62700.000000000095 4.3449393740415093e-07
62750.000000000095 5.188097405056326e-07
62800.000000000095 3.8113097083007863e-07
62850.000000000095 4.6899666198142504e-07
62900.000000000095 3.975874007643103e-07
62950.000000000095 4.7319115134573255e-07
63000.000000000095 4.4248324565494334e-07
63050.000000000095 5.296111892737757e-07
63100.000000000095 4.965222421947455e-07
63150.000000000095 3.7347233175706546e-07
63200.000000000095 4.7473127580442934e-07
63250.000000000095 4.3876353451008864e-07
63300.000000000095 5.064490292863274e-07
63350.000000000095 4.507096322330609e-07
63400.000000000095 3.260142880063339e-07
63450.000000000095 2.8497352098987415e-07
63500.000000000095 4.365300557102743e-07
63550.000000000095 4.084301062361772e-07
63600.000000000095 4.824548977612862e-07
63650.000000000095 3.7902484461134535e-07
63700.000000000095 3.083813525610004e-07
63750.000000000095 3.7370130865535193e-07
63800.000000000095 3.765498833768972e-07
63850.000000000095 3.848057136351434e-07
63900.000000000095 3.2042176279904577e-07
63950.000000000095 4.1061974800846333e-07
64000.000000000095 4.4168155737849885e-07
64050.000000000095 3.6038146570304727e-07
64100.000000000095 1.7920122291712133e-07
64150.000000000095 2.3106498694461574e-07
64200.000000000095 2.5973512133532743e-07
64250.000000000095 3.530103970495951e-07
64300.000000000095 2.9546343885143e-07
64350.000000000095 2.6386771701716504e-07
64400.000000000095 3.616582855860992e-07
64450.000000000095 3.6420625195976267e-07
64500.000000000095 2.528678487458513e-07
64550.000000000095 3.415436912900249e-07
64600.000000000095 2.462051610185406e-07
64650.000000000095 3.415084717822313e-07
64700.000000000095 2.1294212543311103e-07
64750.000000000095 2.389082750521808e-07
64800.000000000095 2.4378680436939624e-07
64850.000000000095 2.335678476167759e-07
64900.000000000095 2.681044587717462e-07
64950.000000000095 2.48966724787518e-07
65000.000000000095 2.8188898077266213e-07
65050.000000000095 2.6719702409003665e-07
65100.000000000095 3.1823087001262533e-07
65150.000000000095 2.594225594340896e-07
65200.000000000095 2.3724203216827414e-07
65250.000000000095 3.084819364598107e-07
65300.000000000095 2.7540074592713e-07
65350.000000000095 4.176561897266592e-07
65400.000000000095 2.654333572173809e-07
65450.000000000095 2.723092376072689e-07
65500.000000000095 2.987333972224505e-07
65550.00000000009 2.3533349665942225e-07
65600.00000000009 2.5658744031798265e-07
65650.00000000009 2.822466840016269e-07
65700.00000000009 2.4936535184645155e-07
65750.00000000009 2.3228208460663526e-07
65800.00000000009 2.935802632219852e-07
65850.00000000009 3.2045060616755526e-07
65900.00000000009 2.3016757858778362e-07
65950.00000000009 1.8326653352197055e-07
66000.00000000009 2.5426195035967484e-07
66050.00000000009 3.8512614550217534e-07
66100.00000000009 2.719868088500959e-07
66150.00000000009 2.1847128607163596e-07
66200.00000000009 2.1814633818576153e-07
66250.00000000009 2.116464162745699e-07
66300.00000000009 1.3622670486763507e-07
66350.00000000009 1.8601816851176785e-07
66400.00000000009 2.174053057690351e-07
66450.00000000009 3.0511419306979803e-07
66500.00000000009 3.946522803133636e-07
66550.00000000009 3.5977272673894163e-07
66600.00000000009 2.909184783040851e-07
66650.00000000009 2.9046287267284736e-07
66700.00000000009 2.6555938992252503e-07
66750.00000000009 2.5375015011538576e-07
66800.00000000009 3.017603911650137e-07
66850.00000000009 2.3701563252076504e-07
66900.00000000009 3.0213770413726536e-07
66950.00000000009 3.8416956189143624e-07
67000.00000000009 3.818082752587362e-07
67050.00000000009 2.80629864965157e-07
67100.00000000009 2.6146004554902957e-07
67150.00000000009 2.583869326239227e-07
67200.00000000009 2.6988465215323087e-07
67250.00000000009 2.802439276673057e-07
67300.00000000009 2.8978490514305894e-07
67350.00000000009 2.4668924377134976e-07
67400.00000000009 3.583120223107786e-07
67450.00000000009 2.955847393110231e-07
67500.00000000009 2.7436659280763444e-07
67550.00000000009 3.015525793781113e-07
67600.00000000009 4.4204666248640076e-07
67650.00000000009 3.400436321597641e-07
67700.00000000009 2.980516645006337e-07
67750.00000000009 2.7916499466423697e-07
67800.00000000009 3.2963517770054205e-07
67850.00000000009 2.4324401494398746e-07
67900.00000000009 2.895566557314101e-07
67950.00000000009 2.1627001134994812e-07
68000.00000000009 2.6410994996469035e-07
68050.00000000009 3.483426945609315e-07
