galfind/configs/Brown_Dwarf_templates/sonora_cholla/logkzz2/3162g/1300K_3162g_logkzz2_resample.dat
# %ECSV 1.0
# ---
# datatype:
# - {name: wav, unit: Angstrom, datatype: float64}
# - {name: flux_nu, unit: erg / (cm2 Hz s), datatype: float64}
# schema: astropy-2.0
wav flux_nu
[from data line 388]
29400.000000000095 2.7722778987907846e-07
29450.000000000095 2.7045389150226504e-07
29500.000000000095 2.978897122663357e-07
29550.000000000095 2.773544799740482e-07
29600.000000000095 3.505198489679131e-07
29650.000000000095 2.842504561732722e-07
29700.000000000095 2.85030070118625e-07
29750.000000000095 3.408568763202975e-07
29800.000000000095 3.596379149223957e-07
29850.000000000095 3.529555643149317e-07
29900.000000000095 3.5344511215684534e-07
29950.000000000095 3.591289657334669e-07
30000.000000000095 3.431296420862379e-07
30050.000000000095 2.818625617582609e-07
30100.000000000095 3.1149529812733043e-07
30150.000000000095 4.1619565683021627e-07
30200.000000000095 3.2306673133723234e-07
30250.000000000095 4.0376188438252655e-07
30300.000000000095 3.5583685214603066e-07
30350.000000000095 3.5453072075353036e-07
30400.000000000095 3.6877949019140906e-07
30450.000000000095 3.0677798531412005e-07
30500.000000000095 3.0324270509239104e-07
30550.000000000095 3.1625416224048806e-07
30600.000000000095 3.39385461367402e-07
30650.000000000095 3.0861561562033013e-07
30700.000000000095 2.7977370812355434e-07
30750.000000000095 2.6141688647926633e-07
30800.000000000095 2.657572115983452e-07
30850.000000000095 2.388072231386237e-07
30900.000000000095 2.4611369139156863e-07
30950.000000000095 1.8357141109270072e-07
31000.000000000095 2.0533753232581875e-07
31050.000000000095 2.3244090019456306e-07
31100.000000000095 1.6745027537928979e-07
31150.000000000095 1.880409532864378e-07
31200.000000000095 1.9947333879722258e-07
31250.000000000095 1.6913064281991533e-07
31300.000000000095 1.6374158454442485e-07
31350.000000000095 1.5996238164081403e-07
31400.000000000095 1.277457690145756e-07
31450.000000000095 1.5764481252074345e-07
31500.000000000095 1.3294694312718465e-07
31550.000000000095 1.4671162965119411e-07
31600.000000000095 1.2029891555878117e-07
31650.000000000095 1.1976641768758576e-07
31700.000000000095 1.3242158284883727e-07
31750.000000000095 1.0517657781910715e-07
31800.000000000095 1.2046209189963319e-07
31850.000000000095 1.089130492404254e-07
31900.000000000095 1.1221129282729353e-07
31950.000000000095 1.1060378381511513e-07
32000.000000000095 1.1330401227670267e-07
32050.000000000095 9.953053868816518e-08
32100.000000000095 9.397684949977702e-08
32150.000000000095 1.193705962264516e-07
32200.000000000095 9.325148605892053e-08
32250.000000000095 1.230594347707084e-07
32300.000000000095 8.96268736336482e-08
32350.000000000095 1.4590803955475205e-07
32400.000000000095 1.0798916507961377e-07
32450.000000000095 1.4416510750448624e-07
32500.000000000095 1.171652338421497e-07
32550.000000000095 1.336782821749125e-07
32600.000000000095 1.5209313384699742e-07
32650.000000000095 1.6689986444678429e-07
32700.000000000095 1.528091523891542e-07
32750.000000000095 1.854966776945264e-07
32800.000000000095 1.661162077850645e-07
32850.000000000095 1.9542217590364653e-07
32900.000000000095 2.091241502177902e-07
32950.000000000095 2.168234846996594e-07
33000.000000000095 1.9733580616396835e-07
33050.000000000095 1.8609903024225175e-07
33100.000000000095 1.2823971828125242e-07
33150.000000000095 4.928177005535809e-08
33200.000000000095 5.136699999785324e-08
33250.000000000095 3.583580636534064e-08
33300.000000000095 3.847843887251198e-08
33350.000000000095 5.3760754619638676e-08
33400.000000000095 6.877956652063728e-08
33450.000000000095 8.214593619957843e-08
33500.000000000095 1.0416483231820988e-07
33550.000000000095 1.0567621270579125e-07
33600.000000000095 1.4284972847010803e-07
33650.000000000095 1.565377949880383e-07
33700.000000000095 1.4097158048936705e-07
33750.000000000095 1.8359920186753066e-07
33800.000000000095 1.3759453665130388e-07
33850.000000000095 1.765787034153156e-07
33900.000000000095 1.5544413318123422e-07
33950.000000000095 1.7281759231131649e-07
34000.000000000095 1.780288433633725e-07
34050.000000000095 1.0567955470850952e-07
34100.000000000095 1.7503575323643465e-07
34150.000000000095 1.2965601516653476e-07
34200.000000000095 1.542205537800522e-07
34250.000000000095 1.4629859702418806e-07
34300.000000000095 1.1909619348380388e-07
34350.000000000095 1.5825921791562428e-07
34400.000000000095 1.287837830856968e-07
34450.000000000095 1.660930414364123e-07
34500.000000000095 1.5642043036390485e-07
34550.000000000095 1.1656730662489063e-07
34600.000000000095 1.7873086810559177e-07
34650.000000000095 1.244867448858348e-07
34700.000000000095 1.3834994301771474e-07
34750.000000000095 1.5051844690921994e-07
34800.000000000095 1.0352908252334638e-07
34850.000000000095 1.5425985416275598e-07
34900.000000000095 1.6377764368314184e-07
34950.000000000095 1.4530734508271007e-07
35000.000000000095 1.9226619143264237e-07
35050.000000000095 1.464423237561243e-07
35100.000000000095 1.8488858990869782e-07
35150.000000000095 1.6897026347734543e-07
35200.000000000095 2.0091387989194666e-07
35250.000000000095 2.3685920973325883e-07
35300.000000000095 1.5197452645848312e-07
35350.000000000095 2.0699399598122514e-07
35400.000000000095 2.096793034708078e-07
35450.000000000095 1.8425974935214836e-07
35500.000000000095 2.4689905822150085e-07
35550.000000000095 2.257024655302697e-07
35600.000000000095 2.3938563371929505e-07
35650.000000000095 2.55513601695921e-07
35700.000000000095 1.8553609940344546e-07
35750.000000000095 2.570944821986836e-07
35800.000000000095 2.6915878076687296e-07
35850.000000000095 2.1813572900550596e-07
35900.000000000095 2.925597148993462e-07
35950.000000000095 2.744415144605584e-07
36000.000000000095 2.5750262530435065e-07
36050.000000000095 3.089500786807802e-07
36100.000000000095 2.7772648613454943e-07
36150.000000000095 3.1450408542223143e-07
36200.000000000095 3.304955420794864e-07
36250.000000000095 3.205602290485841e-07
36300.000000000095 3.585000945156521e-07
36350.000000000095 3.536428952594807e-07
36400.000000000095 3.953191100822306e-07
36450.000000000095 3.897315142384568e-07
36500.000000000095 3.940027029551566e-07
36550.000000000095 4.2086225627776963e-07
36600.000000000095 4.5973300354590097e-07
36650.000000000095 4.4180791645764583e-07
36700.000000000095 4.715516362705288e-07
36750.000000000095 5.01271392152061e-07
36800.000000000095 5.011230942283172e-07
36850.000000000095 4.909801295821802e-07
36900.000000000095 4.808058875021004e-07
36950.000000000095 5.46906511671908e-07
37000.000000000095 5.214920014779316e-07
37050.000000000095 5.531453666488522e-07
37100.000000000095 5.500290046748849e-07
37150.000000000095 5.851336091829836e-07
37200.000000000095 6.072503708585787e-07
37250.000000000095 5.651792115643271e-07
37300.000000000095 5.691798440680238e-07
37350.000000000095 6.187673895854346e-07
37400.000000000095 6.800505445655446e-07
37450.000000000095 6.459119755480776e-07
37500.000000000095 6.166754908026613e-07
37550.000000000095 7.220412123366648e-07
37600.000000000095 7.546818583791603e-07
37650.000000000095 6.600435595723923e-07
37700.000000000095 7.324329024145075e-07
37750.000000000095 6.355975706262743e-07
37800.000000000095 7.240496418053556e-07
37850.000000000095 6.288022791944671e-07
37900.000000000095 7.182962692616436e-07
37950.000000000095 7.554289955629205e-07
38000.000000000095 8.061325275582973e-07
38050.000000000095 7.529645940943062e-07
38100.000000000095 8.03177134208826e-07
38150.000000000095 8.02619418944778e-07
38200.000000000095 8.436003856333793e-07
38250.000000000095 8.205097571371924e-07
38300.000000000095 9.038493413558906e-07
38350.000000000095 9.174269920203052e-07
38400.000000000095 7.78721588223765e-07
38450.000000000095 8.817553015442197e-07
38500.000000000095 8.348887185304917e-07
38550.000000000095 8.981123459293828e-07
38600.000000000095 9.053986840116545e-07
38650.000000000095 9.659009706693556e-07
38700.000000000095 9.811586440295555e-07
38750.000000000095 9.638415173642506e-07
38800.000000000095 9.172205438555452e-07
38850.000000000095 1.0101744150123198e-06
38900.000000000095 1.009361091501287e-06
38950.000000000095 9.901240853164217e-07
39000.000000000095 1.0530234687152799e-06
39050.000000000095 1.0240996978003633e-06
39100.000000000095 9.817243145718177e-07
39150.000000000095 1.0478396501361857e-06
39200.000000000095 1.0133924043888738e-06
39250.000000000095 1.07743319082942e-06
39300.000000000095 1.0753389734246645e-06
39350.000000000095 1.1332630597828898e-06
39400.000000000095 1.1264570711976805e-06
39450.000000000095 1.1339149417661565e-06
39500.000000000095 1.0757956468994762e-06
39550.000000000095 1.101132366814388e-06
39600.000000000095 1.1247591457882676e-06
39650.000000000095 1.1772593464330637e-06
39700.000000000095 1.132853611236727e-06
39750.000000000095 1.073631594863286e-06
39800.000000000095 1.1231024069601368e-06
39850.000000000095 1.1915704068914162e-06
39900.000000000095 1.1773608301965057e-06
39950.000000000095 1.181943791393683e-06
40000.000000000095 1.1732492672340178e-06
40050.000000000095 1.193892219010218e-06
40100.000000000095 1.15660831891297e-06
40150.000000000095 1.236377625575967e-06
40200.000000000095 1.2434041913260792e-06
40250.000000000095 1.1497372943843022e-06
40300.000000000095 1.209307342833233e-06
40350.000000000095 1.1667118702226621e-06
40400.000000000095 1.2266662778648528e-06
40450.000000000095 1.207288451402365e-06
40500.000000000095 1.1381244009746196e-06
40550.000000000095 1.2585347352851403e-06
40600.000000000095 1.1405007490169923e-06
40650.000000000095 1.2443470929905502e-06
40700.000000000095 1.3396910436912213e-06
40750.000000000095 1.1732187242253082e-06
40800.000000000095 1.1079421025151208e-06
40850.000000000095 1.2089299875573456e-06
40900.000000000095 1.2099887650656167e-06
40950.000000000095 1.1809148905922565e-06
41000.000000000095 1.1909902786236716e-06
41050.000000000095 1.219417352483334e-06
41100.000000000095 1.1248694368220996e-06
41150.000000000095 1.1320755734913962e-06
41200.000000000095 1.2157594206538352e-06
41250.000000000095 1.1976589036948174e-06
41300.000000000095 1.0207081781748298e-06
41350.000000000095 1.2286299608288396e-06
41400.000000000095 1.1528406447058165e-06
41450.000000000095 1.1985360274904517e-06
41500.000000000095 1.1478233307699159e-06
41550.000000000095 1.0825862671976611e-06
41600.000000000095 1.130818848149579e-06
41650.000000000095 1.14144312838971e-06
41700.000000000095 1.0566973700723124e-06
41750.000000000095 1.0454110133607698e-06
41800.000000000095 1.2370035538279585e-06
41850.000000000095 8.560242296181978e-07
41900.000000000095 1.040961384452854e-06
41950.000000000095 1.150227773855617e-06
42000.000000000095 1.1364222929402174e-06
42050.000000000095 9.915638563565595e-07
42100.000000000095 1.155261401189771e-06
42150.000000000095 8.861415765419546e-07
42200.000000000095 9.53055888355997e-07
42250.000000000095 1.025771248728319e-06
42300.000000000095 9.932010943795347e-07
42350.000000000095 1.048463393687323e-06
42400.000000000095 1.0287359265399927e-06
42450.000000000095 9.158943929082585e-07
42500.000000000095 9.003957349642171e-07
42550.000000000095 8.852992501627429e-07
42600.000000000095 1.003840188422693e-06
42650.000000000095 1.135474327695908e-06
42700.000000000095 9.676637907753793e-07
42750.000000000095 8.669362149321827e-07
42800.000000000095 8.966494970963931e-07
42850.000000000095 9.82894293913565e-07
42900.000000000095 1.0202764639353508e-06
42950.000000000095 8.145904917354578e-07
43000.000000000095 1.0045890998390605e-06
43050.000000000095 6.882934634568002e-07
43100.000000000095 8.879651202846411e-07
43150.000000000095 9.093172370244965e-07
43200.000000000095 8.967096248782258e-07
43250.000000000095 1.0081234713602974e-06
43300.000000000095 1.0268318654201581e-06
43350.000000000095 7.702588529909581e-07
43400.000000000095 9.199337474545294e-07
43450.000000000095 7.863536283517667e-07
43500.000000000095 8.254364068767838e-07
43550.000000000095 7.826350712780239e-07
43600.000000000095 9.104918611876132e-07
43650.000000000095 6.546344397906032e-07
43700.000000000095 9.26413534580477e-07
43750.000000000095 9.201045878619804e-07
43800.000000000095 7.773404727353527e-07
43850.000000000095 7.854286510795684e-07
43900.000000000095 7.489985665796066e-07
43950.000000000095 7.084400276909933e-07
44000.000000000095 5.287799885822481e-07
44050.000000000095 7.113292232683807e-07
44100.000000000095 7.73307477734537e-07
44150.000000000095 7.680881103642079e-07
44200.000000000095 6.794143906721977e-07
44250.000000000095 6.142294777886133e-07
44300.000000000095 5.930922554306e-07
44350.000000000095 5.369072929329588e-07
44400.000000000095 5.676623385269853e-07
44450.000000000095 6.035422401380231e-07
44500.000000000095 5.167316627577315e-07
44550.000000000095 5.725766058922717e-07
44600.000000000095 4.974824233603653e-07
44650.000000000095 5.672667011431594e-07
44700.000000000095 5.244748437849029e-07
44750.000000000095 5.556956026518045e-07
44800.000000000095 5.207462872617545e-07
44850.000000000095 5.240715640460383e-07
44900.000000000095 4.434433356948753e-07
44950.000000000095 4.535493675960799e-07
45000.000000000095 4.81617937664332e-07
45050.000000000095 4.893622686691601e-07
45100.000000000095 4.709454133409462e-07
45150.000000000095 4.4291705007641777e-07
45200.000000000095 3.631005557465e-07
45250.000000000095 3.996912059948158e-07
45300.000000000095 4.4760801897549384e-07
45350.000000000095 4.488887444476202e-07
45400.000000000095 3.941746287127835e-07
45450.000000000095 3.9104184121228366e-07
45500.000000000095 4.045859065005362e-07
45550.000000000095 4.562471481818155e-07
45600.000000000095 3.9996123475413775e-07
45650.000000000095 3.7718687770382753e-07
45700.000000000095 4.42509671571423e-07
45750.000000000095 3.97376962124724e-07
45800.000000000095 3.754813191137583e-07
45850.000000000095 5.126687099163976e-07
45900.000000000095 4.984580527700623e-07
45950.000000000095 3.9012702980016464e-07
46000.000000000095 4.943392004073701e-07
46050.000000000095 4.981223149179858e-07
46100.000000000095 3.9324249251184457e-07
46150.000000000095 4.4969103641240515e-07
46200.000000000095 4.466671705927387e-07
46250.000000000095 3.1982352947428684e-07
46300.000000000095 5.288277977668243e-07
46350.000000000095 4.027787724183381e-07
46400.000000000095 4.6497857710526433e-07
46450.000000000095 5.36010760751975e-07
46500.000000000095 4.476680093194838e-07
46550.000000000095 5.093820550046195e-07
46600.000000000095 5.01004025997525e-07
46650.000000000095 7.22802150338084e-07
46700.000000000095 5.82064430300459e-07
46750.000000000095 4.637269952937544e-07
46800.000000000095 4.15975216118663e-07
46850.000000000095 5.751916476531841e-07
46900.000000000095 5.159520919897391e-07
46950.000000000095 6.399036758673691e-07
47000.000000000095 4.390916646952171e-07
47050.000000000095 6.363719533245248e-07
47100.000000000095 3.7976132476721607e-07
47150.000000000095 4.966548327136031e-07
47200.000000000095 5.59096457549044e-07
47250.000000000095 4.3458347429449384e-07
47300.000000000095 4.568045971944577e-07
47350.000000000095 4.104468424620068e-07
47400.000000000095 6.005003940078885e-07
47450.000000000095 4.288533358320608e-07
47500.000000000095 6.123931334742449e-07
47550.000000000095 4.2921489232454637e-07
47600.000000000095 5.673982088676987e-07
47650.000000000095 4.037095713603515e-07
47700.000000000095 5.440169031054334e-07
47750.000000000095 3.48526984475679e-07
47800.000000000095 4.877492165924667e-07
47850.000000000095 3.02425439801533e-07
47900.000000000095 4.647660760716303e-07
47950.000000000095 4.0885968308114225e-07
48000.000000000095 6.196783159617885e-07
48050.000000000095 4.4410600477326324e-07
48100.000000000095 5.066549290352659e-07
48150.000000000095 4.0541386442920495e-07
48200.000000000095 5.389356307592932e-07
48250.000000000095 4.2608113454645483e-07
48300.000000000095 6.622164369291726e-07
48350.000000000095 3.941439096616856e-07
48400.000000000095 4.5521467270438976e-07
48450.000000000095 3.81332748919253e-07
48500.000000000095 6.337875254185127e-07
48550.000000000095 3.773397820705831e-07
48600.000000000095 5.674310989430677e-07
48650.000000000095 3.8228129208887846e-07
