galfind/configs/Brown_Dwarf_templates/sonora_cholla/logkzz2/3162g/500K_3162g_logkzz2_resample.dat
# %ECSV 1.0
# ---
# datatype:
# - {name: wav, unit: Angstrom, datatype: float64}
# - {name: flux_nu, unit: erg / (cm2 Hz s), datatype: float64}
# schema: astropy-2.0
wav flux_nu
[from data line 814]
43700.04800076804 7.076485995261818e-08
43750.04800076804 8.107597550883203e-08
43800.04800076804 6.913386044389889e-08
43850.04800076804 6.418514192462806e-08
43900.04800076804 5.4653592874124015e-08
43950.04800076804 4.0584679635705224e-08
44000.04800076804 3.8697972358487926e-08
44050.04800076804 7.300167414342357e-08
44100.04800076804 9.47018437388938e-08
44150.04800076804 8.888461236845281e-08
44200.04800076804 8.443316655409283e-08
44250.04800076804 5.6146045512949696e-08
44300.04800076804 3.593751785151727e-08
44350.04800076804 3.766121195927695e-08
44400.04800076804 4.6587965786444805e-08
44450.04800076804 6.54963513304791e-08
44500.04800076804 5.8890558605627074e-08
44550.04800076804 7.526955158574669e-08
44600.04800076804 6.069298421509283e-08
44650.04800076804 6.759731772891707e-08
44700.04800076804 4.8905658663198215e-08
44750.04800076804 5.8527719900427965e-08
44800.04800076804 4.411844777834557e-08
44850.04800076804 6.124194456694441e-08
44900.04800076804 5.9464856781608894e-08
44950.04800076804 6.736673278257181e-08
45000.04800076804 7.413974790868183e-08
45050.04800076804 6.806159861966216e-08
45100.04800076804 6.339714328214462e-08
45150.04800076804 5.9203175637446943e-08
45200.04800076804 3.6562617515012187e-08
45250.04800076804 4.411264542641249e-08
45300.04800076804 4.3249662034607025e-08
45350.04800076804 3.018476958249115e-08
45400.04800076804 7.480751242444525e-08
45450.04800076804 6.933911199712937e-08
45500.04800076804 7.687161048020536e-08
45550.04800076804 8.3634221205608e-08
45600.04800076804 7.688896116875036e-08
45650.04800076804 6.679634818141264e-08
45700.04800076804 3.636551021183115e-08
45750.04800076804 3.130022090897537e-08
45800.04800076804 7.01104454078414e-08
45850.04800076804 6.41109863378141e-08
45900.04800076804 8.189188687105263e-08
45950.04800076804 7.626374434902824e-08
46000.04800076804 7.772743849759656e-08
46050.04800076804 6.913803347084904e-08
46100.04800076804 7.723881830158984e-08
46150.04800076804 5.2442479198234996e-08
46200.04800076804 3.7101426911189445e-08
46250.04800076804 1.418014385465433e-08
46300.04800076804 4.80847592742552e-08
46350.04800076804 5.7497214708586276e-08
46400.04800076804 6.014851494754065e-08
46450.04800076804 4.8791320994049815e-08
46500.04800076804 5.671890033400352e-08
46550.04800076804 3.705184357190111e-08
46600.04800076804 3.32155237538321e-08
46650.04800076804 5.218480683446954e-08
46700.04800076804 3.93417550738633e-08
46750.04800076804 1.560284759191372e-08
46800.04800076804 1.0215245519705424e-08
46850.04800076804 4.1434286957794646e-08
46900.04800076804 6.151090447370911e-08
46950.04800076804 6.408932360713643e-08
47000.04800076804 6.343469607465465e-08
47050.04800076804 4.225587510763748e-08
47100.04800076804 3.5065870423148136e-08
47150.04800076804 4.8485921173797264e-08
47200.04800076804 5.171790562269076e-08
47250.04800076804 2.1135496042913508e-08
47300.04800076804 1.507039683889567e-08
47350.04800076804 4.971680651711677e-08
47400.04800076804 5.971586980195766e-08
47450.04800076804 3.9983864765608946e-08
47500.04800076804 6.576323061648173e-08
47550.04800076804 5.9358036946822983e-08
47600.04800076804 4.756937007445118e-08
47650.04800076804 5.220447730048921e-08
47700.04800076804 4.367679801424286e-08
47750.04800076804 3.260168611896537e-08
47800.04800076804 2.0455023333575555e-08
47850.04800076804 6.72656444658847e-09
47900.04800076804 1.3012620211007977e-08
47950.04800076804 4.0398800014438344e-08
48000.04800076804 5.208067345339031e-08
48050.04800076804 4.074492307727703e-08
48100.04800076804 2.0602947293722368e-08
48150.04800076804 3.7609596478617106e-08
48200.04800076804 2.6214372077092292e-08
48250.04800076804 4.044286718457058e-08
48300.04800076804 4.6835951402459166e-08
48350.04800076804 2.715385705805798e-08
48400.04800076804 4.777113562652349e-09
48450.04800076804 9.896761533328011e-09
48500.04800076804 2.2396150067387545e-08
48550.04800076804 2.827628656605372e-08
48600.04800076804 5.0997875466261165e-08
48650.04800076804 5.822453700977076e-08
48700.04800076804 4.694073487595322e-08
48750.04800076804 3.682105485495072e-08
48800.04800076804 4.595763936157005e-08
48850.04800076804 2.164731489332241e-08
48900.04800076804 2.1108222976575805e-08
48950.04800076804 1.0648261743275967e-08
49000.04800076804 6.9049747516209165e-09
49050.04800076804 2.25291545851948e-08
49100.04800076804 3.279054621504474e-08
49150.04800076804 2.8976364163600322e-08
49200.04800076804 4.7162095326852905e-08
49250.04800076804 5.0692982531917226e-08
49300.04800076804 4.0739002150105e-08
49350.04800076804 1.730186617972648e-08
49400.04800076804 1.9916296744233124e-08
49450.04800076804 1.4956211263139318e-08
49500.04800076804 1.2322886107838253e-08
49550.04800076804 1.8047832371209435e-09
49600.04800076804 5.512122838634823e-09
49650.04800076804 2.1280262019148103e-08
49700.04800076804 3.055606668497438e-08
49750.04800076804 2.2957671548303575e-08
49800.04800076804 1.2186383742321802e-08
49850.04800076804 3.2712518402693136e-08
49900.04800076804 3.880433355308841e-08
49950.04800076804 3.390969978563159e-08
50000.04800076804 2.027442242497041e-08
50050.04800076804 2.137101773059323e-08
50100.04800076804 1.889154209350252e-08
50150.04800076804 6.36808639694924e-09
50200.04800076804 8.799437777112157e-10
50250.04800076804 5.650410721609704e-09
50300.04800076804 4.30795011542406e-09
50350.04800076804 2.0327614947093238e-08
50400.04800076804 2.8643040034516636e-08
50450.04800076804 2.3695310419858153e-08
50500.04800076804 3.404220621844838e-08
50550.04800076804 3.868083302667302e-08
50600.04800076804 2.512833991172867e-08
50650.04800076804 3.397924202009917e-08
50700.04800076804 3.184859579126134e-08
50750.04800076804 1.7795055281614585e-08
50800.04800076804 4.392604767034141e-09
50850.04800076804 1.7798968330032188e-09
50900.04800076804 1.5193533119625997e-08
50950.04800076804 1.96781358482616e-08
51000.04800076804 1.2847086966672773e-08
51050.04800076804 2.2061630461133426e-08
51100.04800076804 9.019978599143374e-09
51150.04800076804 6.33776267461871e-09
51200.04800076804 2.5569690689710696e-08
51250.04800076804 2.1813735311495672e-08
51300.04800076804 1.3639134586164164e-08
51350.04800076804 9.871273566227311e-09
51400.04800076804 2.2950341448803105e-09
51450.04800076804 1.9183102396327194e-09
51500.04800076804 1.802526661912994e-09
51550.04800076804 9.01414884423844e-09
51600.04800076804 1.2292131983443094e-08
51650.04800076804 1.8091177074654228e-08
51700.04800076804 1.3548728622578622e-08
51750.04800076804 1.0807635523039051e-08
51800.04800076804 2.2225299348833964e-08
51850.04800076804 1.6785733919059077e-08
51900.04800076804 1.4446416994796946e-08
51950.04800076804 6.416122111588106e-09
52000.04800076804 5.669197177004481e-10
52050.04800076804 3.2727184577604664e-09
52100.04800076804 1.6587954662503026e-09
52150.04800076804 8.592641412119156e-10
52200.04800076804 4.2380903701307044e-09
52250.04800076804 8.61706862262319e-09
52300.04800076804 9.281011023593111e-09
52350.04800076804 1.811401490304459e-09
52400.04800076804 2.2198071715060105e-09
52450.04800076804 1.1075110208670046e-08
52500.04800076804 8.86723370487737e-09
52550.04800076804 1.2765775875904359e-08
52600.04800076804 1.1352342482170562e-08
52650.04800076804 1.464748034867828e-08
52700.04800076804 7.325127160075745e-09
52750.04800076804 2.0907682337126864e-09
52800.04800076804 4.460253034534482e-09
52850.04800076804 5.5713004346160814e-09
52900.04800076804 1.4167668164703884e-09
52950.04800076804 2.8697804954529085e-09
53000.04800076804 8.242038053803878e-09
53050.04800076804 2.869148246550457e-09
53100.04800076804 1.3064303030366609e-08
53150.04800076804 1.4811877497838466e-08
53200.04800076804 5.800539450172175e-09
53250.04800076804 1.2048641116372132e-08
53300.04800076804 1.1912494196892802e-08
53350.04800076804 1.0441669657889541e-08
53400.04800076804 5.6682811461003564e-09
53450.04800076804 1.2757530614707838e-09
53500.04800076804 2.2005385557789375e-10
53550.04800076804 5.179826914666608e-10
53600.04800076804 2.9076446731714113e-09
53650.04800076804 5.350831287576476e-09
53700.04800076804 4.55446270123674e-09
53750.04800076804 3.745892557642748e-09
53800.04800076804 3.4715762710945707e-09
53850.04800076804 8.269970965390738e-09
53900.04800076804 1.1363249188644672e-08
53950.04800076804 9.338176473304867e-09
54000.04800076804 6.658921473312867e-09
54050.04800076804 5.9701143660709694e-09
54100.04800076804 1.0922867509075106e-09
54150.04800076804 1.2894444026985363e-09
54200.04800076804 1.9658759856225882e-10
54250.04800076804 5.238333896511041e-10
54300.04800076804 1.921816827939768e-09
54350.04800076804 3.796966362930371e-09
54400.04800076804 2.682246516763159e-09
54450.04800076804 2.2216390391902523e-09
54500.04800076804 3.3440389858008695e-09
54550.04800076804 2.3518963435052138e-09
54600.04800076804 1.4907384371123988e-09
54650.04800076804 1.1206130974955423e-10
54700.04800076804 1.5679771474888307e-09
54750.04800076804 1.5723723245319594e-09
54800.04800076804 7.933720390857821e-10
54850.04800076804 1.6328860736003657e-09
54900.04800076804 3.1128738311524588e-09
54950.04800076804 5.946172742705114e-09
55000.04800076804 2.2939160956274834e-09
55050.04800076804 2.585528385883861e-09
55100.04800076804 4.314716700227744e-09
55150.04800076804 1.8682685951885127e-09
55200.04800076804 9.295491294086874e-10
55250.04800076804 1.5096197740292907e-09
55300.04800076804 1.3455869476383716e-09
55350.04800076804 2.3607414038591143e-09
55400.04800076804 2.102741054551956e-09
55450.04800076804 1.698174469056729e-09
55500.04800076804 6.219717799668702e-10
55550.04800076804 3.7175221706922655e-10
55600.04800076804 1.1004566571679997e-09
55650.04800076804 9.48479994392221e-10
55700.04800076804 8.401603074424827e-10
55750.04800076804 4.792852240930566e-10
55800.04800076804 1.887549542110166e-10
55850.04800076804 4.99820293848353e-10
55900.04800076804 1.5434796561086743e-09
55950.04800076804 2.549186630250409e-09
56000.04800076804 9.390136696388458e-10
56050.04800076804 9.038891573719626e-10
56100.04800076804 1.3716880485362117e-09
56150.04800076804 4.744523004126329e-10
56200.04800076804 8.381366592111304e-10
56250.04800076804 2.1651989147999585e-09
56300.04800076804 9.72185235113704e-10
56350.04800076804 3.6572521178785194e-10
56400.04800076804 7.861837070222501e-11
56450.04800076804 8.328539721401173e-11
56500.04800076804 8.010553793183151e-10
56550.04800076804 3.246152783320031e-10
56600.04800076804 1.1467229542156435e-09
56650.04800076804 1.120983919826057e-09
56700.04800076804 7.745032068775927e-10
56750.04800076804 2.7354004179759235e-10
56800.04800076804 4.20058122880902e-10
56850.04800076804 8.646286797960703e-10
56900.04800076804 3.884647519345289e-10
56950.04800076804 1.155378964387035e-09
57000.04800076804 1.5811913356095019e-09
57050.04800076804 8.683506315079097e-10
57100.04800076804 1.4485634786714457e-10
57150.04800076804 3.9654771398968594e-10
57200.04800076804 1.9331164541124557e-10
57250.04800076804 4.0203386977798894e-10
57300.04800076804 5.554126008692741e-10
57350.04800076804 3.0327701903298375e-10
57400.04800076804 9.203881154928212e-10
57450.04800076804 2.598706487200593e-10
57500.04800076804 2.154717135841866e-10
57550.04800076804 3.573500667852738e-10
57600.04800076804 2.2657558747707903e-10
57650.04800076804 4.8692605121969197e-11
57700.04800076804 1.9813538075845857e-10
57750.04800076804 6.128023920904648e-10
57800.04800076804 2.4317929840719494e-10
57850.04800076804 1.2060829238417295e-09
57900.04800076804 2.2858846733727982e-09
57950.04800076804 2.0230951050157307e-09
58000.04800076804 4.5556061724493543e-10
58050.04800076804 1.078217974777249e-09
58100.04800076804 5.546557791719292e-10
58150.04800076804 4.000601095817572e-10
58200.04800076804 4.2377307598011254e-11
58250.04800076804 1.5369299269064663e-10
58300.04800076804 1.4262666349707188e-10
58350.04800076804 2.1988913292782383e-10
58400.04800076804 6.950470902419074e-10
58450.04800076804 1.0544963186243928e-09
58500.04800076804 1.1839167964111553e-09
58550.04800076804 4.572290952287637e-10
58600.04800076804 1.2537948850412843e-10
58650.04800076804 3.006973023966651e-10
58700.04800076804 3.784442306407108e-10
58750.04800076804 3.7635502428942073e-10
58800.04800076804 9.957547256082013e-12
58850.04800076804 1.2705392817653739e-10
58900.04800076804 1.5581325445768082e-10
58950.04800076804 7.639213028088678e-11
59000.04800076804 2.54473343596701e-10
59050.04800076804 4.2129161099934547e-10
59100.04800076804 2.2747629041991228e-10
59150.04800076804 2.8561627847644794e-10
59200.04800076804 7.453449874680142e-10
59250.04800076804 7.681349035567505e-10
59300.04800076804 4.5342792518126755e-10
59350.04800076804 2.1862829812988168e-11
59400.04800076804 5.429610717370379e-11
59450.04800076804 5.398485725666153e-10
59500.04800076804 4.709095426526079e-10
59550.04800076804 7.779470170077028e-10
59600.04800076804 8.138033298739761e-10
59650.04800076804 2.0885250865212255e-10
59700.04800076804 1.7804565070801548e-10
59750.04800076804 1.0643857003198889e-09
59800.04800076804 4.0150096874095163e-10
59850.04800076804 3.64243930735824e-10
59900.04800076804 7.831186649316532e-11
59950.04800076804 3.6711037408487794e-10
60000.04800076804 1.1827804412950594e-09
60050.04800076804 1.7789671039587493e-09
60100.04800076804 7.702573469928959e-10
60150.04800076804 1.75381560447505e-10
60200.04800076804 4.2688318241859523e-10
60250.04800076804 1.319509586167617e-09
60300.04800076804 1.2436678725640286e-09
60350.04800076804 7.988102827994768e-10
60400.04800076804 4.941780775892403e-10
60450.04800076804 4.599674178887609e-11
60500.04800076804 3.9700734737713854e-12
60550.04800076804 2.6263316792958095e-10
60600.04800076804 5.844185618238791e-10
60650.04800076804 2.814661925286836e-10
60700.04800076804 1.5101348415057254e-10
60750.04800076804 3.822775899820054e-11
60800.04800076804 5.736822302812227e-10
60850.04800076804 1.0754749023969346e-09
60900.04800076804 8.634687957405297e-10
60950.04800076804 4.780192565365266e-10
61000.04800076804 1.0730869935844247e-09
61050.04800076804 1.9653355446229267e-10
61100.04800076804 1.6009926022328397e-10
61150.04800076804 2.248215422764296e-11
61200.04800076804 5.919490968540313e-10
61250.04800076804 7.223033569861491e-10
61300.04800076804 3.3357839698755463e-10
61350.04800076804 9.517726409930259e-10
61400.04800076804 2.3369291542310733e-10
61450.04800076804 7.54136184275001e-11
61500.04800076804 6.09269437016143e-11
61550.04800076804 2.471966358577362e-10
61600.04800076804 7.286749362365419e-11
61650.04800076804 2.081916613911966e-10
61700.04800076804 5.211538994969463e-10
61750.04800076804 4.3415892682833374e-10
61800.04800076804 2.5719418588398295e-10
61850.04800076804 2.7720203011068807e-11
61900.04800076804 6.191880810491119e-10
61950.04800076804 7.841568737132849e-10
62000.04800076804 5.628468774910046e-10
62050.04800076804 1.8911144005466475e-09
62100.04800076804 4.3300094716583024e-10
62150.04800076804 1.1992397370420989e-09
62200.04800076804 1.1577435623967787e-09
62250.04800076804 7.935508970302385e-10
62300.04800076804 2.2529168674782953e-09
62350.04800076804 2.32740444459823e-09
62400.04800076804 1.5706392004448828e-09
62450.04800076804 1.207419888162835e-09
62500.04800076804 2.9443624259585765e-09
62550.04800076804 5.134684349394471e-09
62600.04800076804 1.8462908528046666e-09
62650.04800076804 1.027471528244996e-09
62700.04800076804 5.357073952174236e-10
62750.04800076804 2.0965315456408852e-09
62800.04800076804 1.3051441888401759e-09
62850.04800076804 1.0814587297368025e-09
62900.04800076804 2.52777495873194e-09
62950.04800076804 4.780893448981566e-09
63000.04800076804 1.3141338218834495e-09
63050.04800076804 6.11598571618511e-09
63100.04800076804 6.196962187572426e-09
63150.04800076804 5.218708478520168e-09
63200.04800076804 3.076482647404497e-09
63250.04800076804 2.7925283836730057e-09
63300.04800076804 5.662430723314249e-10
63350.04800076804 8.483952482799608e-10
63400.04800076804 2.6806177385782984e-10
63450.04800076804 6.087458863182646e-11
