galfind/configs/Brown_Dwarf_templates/sonora_cholla/logkzz2/3162g/550K_3162g_logkzz2_resample.dat
# %ECSV 1.0
# ---
# datatype:
# - {name: wav, unit: Angstrom, datatype: float64}
# - {name: flux_nu, unit: erg / (cm2 Hz s), datatype: float64}
# schema: astropy-2.0
wav flux_nu
[from data line 1211]
63550.04800076804 4.36226338980526e-09
63600.04800076804 2.4731825656462982e-09
63650.04800076804 2.4724977903270248e-09
63700.04800076804 3.8540430136965735e-10
63750.04800076804 1.3290064186798474e-09
63800.04800076804 4.057571703304027e-09
63850.04800076804 3.4597579349542462e-09
63900.04800076804 6.897083128719495e-10
63950.04800076804 1.692476384598501e-09
64000.04800076804 2.952206064934802e-09
64050.04800076804 7.37702813507651e-10
64100.04800076804 1.4083487496021093e-10
64150.04800076804 2.1124907753587495e-10
64200.04800076804 2.706919918679109e-10
64250.04800076804 1.625478479650786e-09
64300.04800076804 1.4868876466537729e-09
64350.04800076804 8.430141444783961e-10
64400.04800076804 2.6431096031610437e-09
64450.04800076804 3.1186565923803983e-09
64500.04800076804 1.3865914278344823e-09
64550.04800076804 2.7211931049370138e-09
64600.04800076804 1.985407651983414e-09
64650.04800076804 2.9125611646345134e-09
64700.04800076804 6.797973382226616e-10
64750.04800076804 1.2296080494945362e-09
64800.04800076804 4.101639424701051e-10
64850.04800076804 3.0341357709228475e-10
64900.04800076804 2.749008660754826e-10
64950.04800076804 1.5738166740307926e-10
65000.04800076804 4.716800667599354e-10
65050.04800076804 1.7615047615744073e-09
65100.04800076804 2.0778005363754413e-09
65150.04800076804 1.2256164185373637e-09
65200.04800076804 2.2503434332546251e-10
65250.04800076804 8.057823614590449e-10
65300.04800076804 1.7659368361371437e-09
65350.04800076804 3.6808447166257874e-09
65400.04800076804 1.4494369447037246e-09
65450.04800076804 1.4801606679587849e-09
65500.04800076804 1.7682974032083211e-09
65550.04800076805 5.979492334465019e-10
65600.04800076805 1.6276317068889146e-09
65650.04800076805 8.398601041457666e-10
65700.04800076805 7.2802600262966e-10
65750.04800076805 5.119729010323535e-10
65800.04800076805 1.5300070474914783e-09
65850.04800076805 2.4977248702319513e-09
65900.04800076805 3.7378093576170943e-10
65950.04800076805 9.606136854075377e-10
66000.04800076805 1.2154550657401907e-09
66050.04800076805 2.8247198493245372e-09
66100.04800076805 1.636443682805123e-09
66150.04800076805 1.9492236894008848e-09
66200.04800076805 1.8975917321762894e-09
66250.04800076805 7.175414243862191e-10
66300.04800076805 3.3937771253859295e-10
66350.04800076805 1.338657683925412e-10
66400.04800076805 3.123823667954951e-10
66450.04800076805 1.590941464675651e-09
66500.04800076805 2.916882700952602e-09
66550.04800076805 3.0079190409664228e-09
66600.04800076805 2.4822235764094687e-09
66650.04800076805 1.4358514050856383e-09
66700.04800076805 7.86665397284233e-10
66750.04800076805 1.4268358142322838e-09
66800.04800076805 1.1553447452085858e-09
66850.04800076805 7.678749880414344e-10
66900.04800076805 3.5169935969850096e-09
66950.04800076805 2.886376103589918e-09
67000.04800076805 5.155072676427255e-09
67050.04800076805 2.227288655539314e-09
67100.04800076805 9.846470008345057e-10
67150.04800076805 1.9287318538279503e-09
67200.04800076805 2.5937439213357282e-09
67250.04800076805 2.2108229783591206e-09
67300.04800076805 4.354806104270088e-09
67350.04800076805 1.3926457637824425e-09
67400.04800076805 4.029784173481601e-09
67450.04800076805 3.133048823840355e-09
67500.04800076805 2.5324359593727487e-09
67550.04800076805 7.128859330472213e-09
67600.04800076805 1.0133701476780679e-08
67650.04800076805 6.730059289753023e-09
67700.04800076805 3.6912374050020776e-09
67750.04800076805 1.7680396267816938e-09
67800.04800076805 2.8469461651759928e-09
67850.04800076805 1.0486639907719398e-09
67900.04800076805 1.2480057588310503e-09
67950.04800076805 1.0550833219696202e-09
68000.04800076805 3.691085637149549e-09
68050.04800076805 2.9612353982288994e-09
68100.04800076805 5.630858486529778e-09
68150.04800076805 5.637886799229796e-09
68200.04800076805 3.781383565650178e-09
68250.04800076805 6.890648314601281e-10
68300.04800076805 3.8306535444285234e-09
68350.04800076805 6.965947314644788e-09
68400.04800076805 7.754195770394055e-09
68450.04800076805 6.833084183144253e-09
68500.04800076805 3.1581274156684892e-09
68550.04800076805 9.489711250946653e-10
68600.04800076805 9.419669913191622e-10
68650.04800076805 4.2210720162559973e-10
68700.04800076805 1.6069159859373332e-09
68750.04800076805 3.480494575352536e-09
68800.04800076805 3.903073582928348e-09
68850.04800076805 2.287835035207691e-09
68900.04800076805 7.485281130236476e-09
68950.04800076805 8.242960671197131e-09
69000.04800076805 4.723430003508386e-09
69050.04800076805 1.8568248382009726e-09
69100.04800076805 5.744180353930524e-09
69150.04800076805 9.957261634376341e-09
69200.04800076805 9.172128769621255e-09
69250.04800076805 1.1679696960884131e-08
69300.04800076805 9.215099768186684e-09
69350.04800076805 1.2156693269164483e-08
69400.04800076805 5.4234949699208e-09
69450.04800076805 9.414398998040282e-09
69500.04800076805 5.310279018421663e-09
69550.04800076805 2.9007840456386534e-09
69600.04800076805 5.577913401393264e-10
69650.04800076805 3.240111844485175e-09
69700.04800076805 7.0258861101253694e-09
69750.04800076805 4.141740916371422e-09
69800.04800076805 7.501798197047662e-09
69850.04800076805 7.489705616153039e-09
69900.04800076805 4.2666662135912365e-09
69950.04800076805 4.0502395941402676e-09
70000.04800076805 5.392974316067411e-09
70050.04800076805 1.1133719968377038e-08
70100.04800076805 8.659582570121932e-09
70150.04800076805 7.054695480334505e-09
70200.04800076805 3.5575475802301663e-09
70250.04800076805 4.037706887018764e-09
70300.04800076805 8.577316467841416e-09
70350.04800076805 7.367840344360401e-09
70400.04800076805 3.142423849693842e-09
70450.04800076805 2.6120213731449223e-10
70500.04800076805 3.0734902308398322e-09
70550.04800076805 2.6291021685156243e-09
70600.04800076805 3.945673507568599e-09
70650.04800076805 7.821887366678653e-09
70700.04800076805 1.0605982109738803e-08
70750.04800076805 1.5133198862328576e-08
70800.04800076805 6.461282127576964e-09
70850.04800076805 6.970885837312228e-09
70900.04800076805 8.553150854757614e-09
70950.04800076805 1.2365100792354725e-08
71000.04800076805 1.2477359166883745e-08
71050.04800076805 1.2611803617429244e-08
71100.04800076805 9.49463447662745e-09
71150.04800076805 4.019791773222726e-09
71200.04800076805 5.014724947422125e-09
71250.04800076805 1.0012361275236236e-08
71300.04800076805 1.3461034148096572e-08
71350.04800076805 1.2373148558586591e-08
71400.04800076805 8.284678381833884e-09
71450.04800076805 2.2795212721053977e-09
71500.04800076805 4.0549036524040355e-09
71550.04800076805 4.650362112487131e-09
71600.04800076805 5.850909389756753e-09
71650.04800076805 2.681588774526159e-09
71700.04800076805 1.7758139585182823e-09
71750.04800076805 5.691275243217197e-09
71800.04800076805 9.239636330119187e-09
71850.04800076805 9.758056610258726e-09
71900.04800076805 5.485592245849468e-09
71950.04800076805 8.421006635718797e-09
72000.04800076805 6.8109630738915416e-09
72050.04800076805 2.239975771136244e-09
72100.04800076805 3.3125674765935356e-09
72150.04800076805 5.8043119466041345e-09
72200.04800076805 7.62797699410797e-09
72250.04800076805 1.3154043916520275e-08
72300.04800076805 6.556172699090208e-09
72350.04800076805 7.906750789802848e-09
72400.04800076805 7.443945170510654e-09
72450.04800076805 5.761779242659182e-09
72500.04800076805 7.872730743883919e-09
72550.04800076805 2.3993389190751776e-09
72600.04800076805 4.844227648328109e-09
72650.04800076805 8.880380538307875e-09
72700.04800076805 3.746194477562994e-09
72750.04800076805 4.130125743524e-09
72800.04800076805 2.2633387011001512e-09
72850.04800076805 4.121244969798465e-09
72900.04800076805 9.798343568525129e-09
72950.04800076805 4.744604747577033e-09
73000.04800076805 5.170344326135846e-09
73050.04800076805 2.0305533360731157e-09
73100.04800076805 3.3233760129990504e-09
73150.04800076805 8.525346411401642e-09
73200.04800076805 3.0246443058396273e-09
73250.04800076805 3.7610744157716884e-09
73300.04800076805 2.4356267705973883e-09
73350.04800076805 1.5350302415316302e-09
73400.04800076805 3.6847989300643525e-09
73450.04800076805 2.1633454736638016e-09
73500.04800076805 1.586386208047348e-09
73550.04800076805 3.4613708105482083e-09
73600.04800076805 4.2230590167950625e-09
73650.04800076805 3.2563082961490323e-09
73700.04800076805 2.9400779636213095e-09
73750.04800076805 6.62489365258315e-10
73800.04800076805 2.6673913905372e-09
73850.04800076805 4.801077691907866e-09
73900.04800076805 1.5114492646004049e-09
73950.04800076805 2.2905739756416944e-09
74000.04800076805 7.515149338846893e-10
74050.04800076805 4.370695420943697e-09
74100.04800076805 3.4417811574286436e-09
74150.04800076805 3.6327015422007185e-09
74200.04800076805 1.1356722453473086e-09
74250.04800076805 1.5724409603482338e-10
74300.04800076805 3.440633948582254e-09
74350.04800076805 5.296636751628673e-09
74400.04800076805 4.45017590700684e-09
74450.04800076805 1.2020398783761994e-09
74500.04800076805 4.385461804813436e-10
74550.04800076805 1.4883913572371912e-09
74600.04800076805 2.7270910362741614e-09
74650.04800076805 3.034469969125875e-09
74700.04800076805 1.969267367023483e-09
74750.04800076805 5.864452919907268e-10
74800.04800076805 9.745453357779593e-10
74850.04800076805 4.807103106722047e-09
74900.04800076805 4.9662310065054434e-09
74950.04800076805 3.927529519976409e-09
75000.04800076805 1.5418515036515368e-09
75050.04800076805 8.195456623639088e-11
75100.04800076805 3.089671982873967e-09
75150.04800076805 6.385470442473344e-09
75200.04800076805 6.005310859406031e-09
75250.04800076805 4.793699973857836e-09
75300.04800076805 2.4282876976001135e-09
75350.04800076805 4.1920525420692844e-10
75400.04800076805 4.396548741697857e-09
75450.04800076805 7.360390999953956e-09
75500.04800076805 6.458983666823888e-09
75550.04800076805 4.570408202896883e-09
75600.04800076805 4.2015512088043626e-09
75650.04800076805 1.8865504787852306e-09
75700.04800076805 6.988533051346705e-09
75750.04800076805 5.594289087735046e-09
75800.04800076805 5.384453599739844e-09
75850.04800076805 6.104064785934593e-09
75900.04800076805 6.134994424142067e-09
75950.04800076805 2.631953943706094e-09
76000.04800076805 9.224535437706478e-09
76050.04800076805 7.93963096280962e-09
76100.04800076805 6.60245294680085e-09
76150.04800076805 7.269611672513065e-09
76200.04800076805 5.321988042918144e-09
76250.04800076805 1.8830580212856498e-09
76300.04800076805 7.751871041274581e-09
76350.04800076805 9.557014476645022e-09
76400.04800076805 7.563415370265548e-09
76450.04800076805 5.268312107271152e-09
76500.04800076805 3.562985041325669e-09
76550.04800076805 7.427980085390375e-10
76600.04800076805 1.0806819545472973e-10
76650.04800076805 9.320566336894976e-11
76700.04800076805 2.193508531656707e-10
76750.04800076805 3.332507472039595e-10
76800.04800076805 7.243600142218138e-10
76850.04800076805 7.078633192889647e-10
76900.04800076805 5.08947718301965e-10
76950.04800076805 1.149751442564096e-09
77000.04800076805 3.3987455147168313e-09
77050.04800076805 3.0895913778350966e-10
77100.04800076805 8.783004248931212e-10
77150.04800076805 3.830863007548386e-09
77200.04800076805 1.4621570839188677e-09
77250.04800076805 7.051181826180312e-10
77300.04800076805 3.2499358390462845e-09
77350.04800076805 1.6827915834422535e-09
77400.04800076805 2.8197991702351397e-09
77450.04800076805 7.183226293792549e-09
77500.04800076805 4.404577588747909e-09
77550.04800076805 2.0895603581173666e-09
77600.04800076805 6.402789278030113e-10
77650.04800076805 1.0570286946240147e-09
77700.04800076805 1.8984548341757322e-09
77750.04800076805 4.385286944140176e-09
77800.04800076805 6.631318403030508e-09
77850.04800076805 7.637219723876502e-09
77900.04800076805 2.326768739084581e-09
77950.04800076805 2.7874818923909945e-10
78000.04800076805 2.3942442167871114e-09
78050.04800076805 2.870983776855663e-09
78100.04800076805 5.063449582168245e-09
78150.04800076805 7.0525307398383605e-09
78200.04800076805 9.525307711970501e-09
78250.04800076805 5.613400859843037e-09
78300.04800076805 1.1277502606724456e-09
78350.04800076805 3.801237432393204e-09
78400.04800076805 1.3752904395974166e-09
78450.04800076805 3.3287540187459005e-09
78500.04800076805 8.420669515280855e-09
78550.04800076805 1.0251955894334915e-08
78600.04800076805 6.66356908455577e-09
78650.04800076805 6.909511116151942e-10
78700.04800076805 1.4847934359381437e-09
78750.04800076805 4.105302455044312e-09
78800.04800076805 2.0827241485038864e-09
78850.04800076805 7.501677413455374e-10
78900.04800076805 2.9124373015574122e-09
78950.04800076805 6.46997196620235e-09
79000.04800076805 3.5046263127073907e-09
79050.04800076805 2.8910704191274843e-09
79100.04800076805 5.363201257822828e-09
79150.04800076805 2.5728701828681855e-09
79200.04800076805 3.5013665718235264e-09
79250.04800076805 1.3882040154893404e-09
79300.04800076805 2.4660281922408025e-09
79350.04800076805 2.8507979382624174e-09
79400.04800076805 1.2647628716998885e-09
79450.04800076805 7.071063810610559e-09
79500.04800076805 9.768517186111869e-09
79550.04800076805 8.224238934863436e-09
79600.04800076805 3.747224182228758e-09
79650.04800076805 7.2798627988137235e-09
79700.04800076805 3.839722386730847e-09
79750.04800076805 3.4405699828417304e-09
79800.04800076805 2.5426853722969373e-09
79850.04800076805 6.824343886130196e-09
79900.04800076805 1.2467650483129449e-08
79950.04800076805 1.3470284982164832e-08
