galfind/configs/Brown_Dwarf_templates/sonora_cholla/logkzz2/3162g/550K_3162g_logkzz2_resample.dat
# %ECSV 1.0
# ---
# datatype:
# - {name: wav, unit: Angstrom, datatype: float64}
# - {name: flux_nu, unit: erg / (cm2 Hz s), datatype: float64}
# schema: astropy-2.0
wav flux_nu
[from data line 417]
23850.04800076804 1.0745714438751647e-11
23900.04800076804 2.3708239084501785e-11
23950.04800076804 1.0829593915328608e-11
24000.04800076804 2.808012877786409e-11
24050.04800076804 2.689159680680968e-11
24100.04800076804 3.462095474514735e-11
24150.04800076804 5.006188864346077e-11
24200.04800076804 4.307942897589123e-11
24250.04800076804 3.334359913558815e-11
24300.04800076804 7.064118092262621e-11
24350.04800076804 4.653818657494173e-11
24400.04800076804 1.0510232705243896e-10
24450.04800076804 9.892326278778916e-11
24500.04800076804 8.509572232737504e-11
24550.04800076804 1.534941944769763e-10
24600.04800076804 1.7609783480176104e-10
24650.04800076804 2.0938251498964464e-10
24700.04800076804 1.6114621613179814e-10
24750.04800076804 1.9944450271091033e-10
24800.04800076804 1.709958908696841e-10
24850.04800076804 2.2871964379140494e-10
24900.04800076804 9.452527503053283e-11
24950.04800076804 1.7412393521307063e-10
25000.04800076804 1.9660534121818225e-10
25050.04800076804 8.404838302549673e-11
25100.04800076804 1.5522032680688388e-10
25150.04800076804 6.454185659406414e-11
25200.04800076804 9.888034901065826e-11
25250.04800076804 3.068816912937385e-11
25300.04800076804 4.0940525080621626e-11
25350.04800076804 1.5431220517742655e-11
25400.04800076804 4.662998408940094e-11
25450.04800076804 1.2510522135372005e-11
25500.04800076804 1.0120179583409573e-11
25550.04800076804 3.3496215927766156e-11
25600.04800076804 1.573485270398238e-11
25650.04800076804 5.259724440523447e-12
25700.04800076804 4.9326936493502974e-12
25750.04800076804 1.5430561515629076e-12
25800.04800076804 8.739476295245952e-12
25850.04800076804 1.3925516956165782e-12
25900.04800076804 2.475827405329942e-12
25950.04800076804 4.630920893218397e-13
26000.04800076804 6.88315822185134e-12
26050.04800076804 6.625254232995909e-13
26100.04800076804 4.386820655279746e-12
26150.04800076804 1.4936961924432528e-12
26200.04800076804 2.1790915339666183e-12
26250.04800076804 1.6798397547832167e-11
26300.04800076804 2.3157478221767874e-12
26350.04800076804 4.3915089184578436e-11
26400.04800076804 7.29645725090585e-11
26450.04800076804 2.797169357662185e-11
26500.04800076804 8.56174749591571e-11
26550.04800076804 6.944456446963914e-12
26600.04800076804 5.9506386505528844e-12
26650.04800076804 8.845682543107733e-13
26700.04800076804 5.59610089091758e-13
26750.04800076804 1.029950416684801e-12
26800.04800076804 3.715989508148176e-12
26850.04800076804 2.186283208734852e-12
26900.04800076804 1.0758074682892474e-11
26950.04800076804 3.1349734401326755e-12
27000.04800076804 1.8528293921860313e-11
27050.04800076804 2.9570832019421545e-11
27100.04800076804 2.0152663303280283e-12
27150.04800076804 2.944027820740035e-11
27200.04800076804 1.8008894429505054e-12
27250.04800076804 6.872579836460421e-12
27300.04800076804 8.691308091833864e-11
27350.04800076804 1.979950532349429e-11
27400.04800076804 1.0263034837428307e-12
27450.04800076804 2.746222584923218e-11
27500.04800076804 4.253988695768827e-11
27550.04800076804 4.813179837240631e-12
27600.04800076804 1.6984031093222867e-11
27650.04800076804 3.888968102131001e-12
27700.04800076804 4.302288794032731e-12
27750.04800076804 2.789878284574962e-11
27800.04800076804 9.522431551826196e-12
27850.04800076804 1.619708962099586e-11
27900.04800076804 2.580424766730449e-11
27950.04800076804 5.4611200373076803e-11
28000.04800076804 4.7941533041537144e-11
28050.04800076804 5.58602199907188e-12
28100.04800076804 7.679814361629273e-11
28150.04800076804 4.917776608567079e-11
28200.04800076804 1.156003605659415e-11
28250.04800076804 1.1190738464333506e-10
28300.04800076804 1.2482680750054841e-10
28350.04800076804 1.3614229565344521e-11
28400.04800076804 7.415241271321345e-11
28450.04800076804 1.6579289754530402e-10
28500.04800076804 6.425308201465058e-11
28550.04800076804 1.8433786909064423e-11
28600.04800076804 1.2899506574258514e-10
28650.04800076804 7.40328719295053e-11
28700.04800076804 1.1085297051210363e-10
28750.04800076804 3.11719672626164e-10
28800.04800076804 1.1684029745749782e-10
28850.04800076804 2.5197147013456005e-10
28900.04800076804 1.2713102932877643e-10
28950.04800076804 1.9877530653446104e-10
29000.04800076804 1.358936838818807e-10
29050.04800076804 2.2835565885106994e-10
29100.04800076804 9.939209133072535e-11
29150.04800076804 2.0420635441503297e-10
29200.04800076804 3.41924313136326e-10
29250.04800076804 3.4581103116451237e-10
29300.04800076804 2.242631638362929e-10
29350.04800076804 8.081452861775979e-10
29400.04800076804 2.4219016754582657e-10
29450.04800076804 1.3034099508652392e-10
29500.04800076804 7.371389360321397e-10
29550.04800076804 2.545556210615715e-10
29600.04800076804 3.755604673046411e-10
29650.04800076804 1.0376711453765699e-09
29700.04800076804 1.7334172059300452e-10
29750.04800076804 5.300637632917408e-10
29800.04800076804 3.87998249551825e-10
29850.04800076804 1.1605263074807245e-09
29900.04800076804 5.95778523315501e-10
29950.04800076804 4.0795349043077763e-10
30000.04800076804 1.3557129305744928e-11
30050.04800076804 9.507528468304994e-11
30100.04800076804 3.550710474481808e-10
30150.04800076804 8.949298073474373e-10
30200.04800076804 5.107110813157618e-10
30250.04800076804 1.3842729747837123e-09
30300.04800076804 1.3456342085010182e-09
30350.04800076804 3.4797641734584196e-10
30400.04800076804 1.527095802998112e-09
30450.04800076804 1.1301702437070964e-09
30500.04800076804 7.208287093201521e-10
30550.04800076804 5.273007114613587e-10
30600.04800076804 3.9676019948610115e-09
30650.04800076804 1.9186382281057432e-09
30700.04800076804 8.893949767611681e-10
30750.04800076804 1.888735741392431e-09
30800.04800076804 1.6177548173992098e-09
30850.04800076804 1.83974646609797e-09
30900.04800076804 1.0355740747785468e-09
30950.04800076804 6.860528421887716e-10
31000.04800076804 1.0539901574433312e-09
31050.04800076804 7.987210917849255e-10
31100.04800076804 3.568705222625263e-10
31150.04800076804 7.14342183779864e-10
31200.04800076804 2.1357350358597552e-09
31250.04800076804 6.861531119473057e-10
31300.04800076804 4.6035538881955773e-10
31350.04800076804 1.2158883944637721e-09
31400.04800076804 6.278527355163716e-10
31450.04800076804 7.866222726887199e-10
31500.04800076804 2.830426217641191e-10
31550.04800076804 4.979237357408866e-10
31600.04800076804 3.6486423896966444e-10
31650.04800076804 2.529727793509948e-10
31700.04800076804 2.722275280494393e-10
31750.04800076804 9.468878485156371e-11
31800.04800076804 2.2108552160639887e-10
31850.04800076804 4.468629401619664e-11
31900.04800076804 1.2255560608737886e-10
31950.04800076804 5.857066773364621e-11
32000.04800076804 5.073375909192852e-11
32050.04800076804 5.241118085940003e-11
32100.04800076804 3.960459266344675e-11
32150.04800076804 4.956138884747726e-11
32200.04800076804 2.46884171162907e-11
32250.04800076804 5.394429422042695e-11
32300.04800076804 1.7233996813612196e-11
32350.04800076804 6.001294819575138e-11
32400.04800076804 1.1418277781513084e-11
32450.04800076804 4.352256888533209e-11
32500.04800076804 1.2456659775259957e-11
32550.04800076804 4.8940570173322037e-11
32600.04800076804 1.2700245202831245e-11
32650.04800076804 7.939834026048498e-11
32700.04800076804 1.899059894607055e-11
32750.04800076804 1.649429588044226e-10
32800.04800076804 8.726652556902927e-11
32850.04800076804 3.155882765717274e-10
32900.04800076804 2.601415843346267e-10
32950.04800076804 2.9983904061675733e-10
33000.04800076804 9.263028742476047e-11
33050.04800076804 1.0004625532999527e-10
33100.04800076804 2.368008144579027e-11
33150.04800076804 1.544335269689051e-14
33200.04800076804 1.4957502037705936e-12
33250.04800076804 3.222632128781939e-12
33300.04800076804 3.274060804074779e-11
33350.04800076804 7.044698998820309e-11
33400.04800076804 2.005420959348695e-10
33450.04800076804 6.362701763027029e-11
33500.04800076804 2.82528640791174e-10
33550.04800076804 6.27200024214792e-11
33600.04800076804 1.2443879400368892e-10
33650.04800076804 1.4878656662724225e-10
33700.04800076804 4.401660324994983e-11
33750.04800076804 1.8315221580341882e-10
33800.04800076804 1.9761267240704165e-11
33850.04800076804 9.091992945127301e-11
33900.04800076804 8.57411696329468e-11
33950.04800076804 8.617472898203193e-11
34000.04800076804 1.9648603721058143e-10
34050.04800076804 3.3686107589987706e-11
34100.04800076804 1.688487450671775e-10
34150.04800076804 5.498015247673103e-11
34200.04800076804 1.9595003343034187e-10
34250.04800076804 1.0856523559574126e-10
34300.04800076804 1.0202509973225925e-10
34350.04800076804 3.5631731298261505e-10
34400.04800076804 6.662649720234148e-11
34450.04800076804 3.079383277222388e-10
34500.04800076804 1.3810150688796678e-10
34550.04800076804 1.7791993529933682e-10
34600.04800076804 7.551043839569842e-10
34650.04800076804 7.332876338848166e-11
34700.04800076804 5.435000200681564e-10
34750.04800076804 2.600836633502236e-10
34800.04800076804 1.8835413766643055e-10
34850.04800076804 7.879408984782543e-10
34900.04800076804 1.3273576961369962e-10
34950.04800076804 8.015034533681564e-10
35000.04800076804 9.639360756234804e-10
35050.04800076804 5.88180733608855e-10
35100.04800076804 1.7214313375281385e-09
35150.04800076804 1.2786837501672927e-09
35200.04800076804 1.1533001029779077e-09
35250.04800076804 2.023949721446125e-09
35300.04800076804 4.706619404361254e-10
35350.04800076804 7.09500995824534e-10
35400.04800076804 4.887326850555737e-10
35450.04800076804 4.0374701290774954e-10
35500.04800076804 1.7751942904984438e-09
35550.04800076804 1.0499544080822947e-09
35600.04800076804 1.6907704239732617e-09
35650.04800076804 1.7621078866817182e-09
35700.04800076804 1.749076522094901e-09
35750.04800076804 3.1576394614641816e-09
35800.04800076804 1.303755069513345e-09
35850.04800076804 7.775175731107088e-10
35900.04800076804 1.441777772626284e-09
35950.04800076804 2.292051103607536e-09
36000.04800076804 2.1427846874850218e-09
36050.04800076804 1.7219800876725243e-09
36100.04800076804 1.5902366060635507e-09
36150.04800076804 4.677207760351314e-09
36200.04800076804 4.4686732185828195e-09
36250.04800076804 2.589619276116341e-09
36300.04800076804 6.074338066681778e-09
36350.04800076804 4.2195176363631095e-09
36400.04800076804 6.626628504846906e-09
36450.04800076804 3.868504203262903e-09
36500.04800076804 4.29238489837352e-09
36550.04800076804 9.855877643603052e-09
36600.04800076804 1.1686785064373748e-08
36650.04800076804 5.695954350754259e-09
36700.04800076804 6.216533632772724e-09
36750.04800076804 1.1354216290168242e-08
36800.04800076804 1.1580014858400569e-08
36850.04800076804 5.6363118975161645e-09
36900.04800076804 7.0356211101640844e-09
36950.04800076804 1.265867103485694e-08
37000.04800076804 8.69184604498018e-09
37050.04800076804 1.197797487696473e-08
37100.04800076804 4.810078214156243e-09
37150.04800076804 9.13347361104362e-09
37200.04800076804 1.7561089589603997e-08
37250.04800076804 7.906243855302043e-09
37300.04800076804 5.307256366228981e-09
37350.04800076804 1.1230124530253099e-08
37400.04800076804 1.818250888353762e-08
37450.04800076804 7.472515290749697e-09
37500.04800076804 8.270433016131851e-09
37550.04800076804 2.201320294175856e-08
37600.04800076804 3.0703289587928014e-08
37650.04800076804 8.641286585882512e-09
37700.04800076804 1.5743468221987967e-08
37750.04800076804 1.1403421589388775e-08
37800.04800076804 1.3937883391814728e-08
37850.04800076804 7.554482608295883e-09
37900.04800076804 9.496503735284298e-09
37950.04800076804 1.356908656232909e-08
38000.04800076804 1.3482733973318975e-08
38050.04800076804 1.7986389818908847e-08
38100.04800076804 2.7010679110078942e-08
38150.04800076804 2.9337770814326207e-08
38200.04800076804 1.9633292583916934e-08
38250.04800076804 2.5940353176819196e-08
38300.04800076804 4.45455072487619e-08
38350.04800076804 3.465492396717877e-08
38400.04800076804 1.5878463500255316e-08
38450.04800076804 8.145682249310137e-09
38500.04800076804 7.450539077988563e-09
38550.04800076804 2.0657096172195857e-08
38600.04800076804 2.4177213279888462e-08
38650.04800076804 2.5065644328338945e-08
38700.04800076804 2.5056791334551022e-08
38750.04800076804 2.5021289916061476e-08
38800.04800076804 2.2754939976716274e-08
38850.04800076804 2.8089944587607886e-08
38900.04800076804 2.9594409226615732e-08
38950.04800076804 2.0688460866882996e-08
39000.04800076804 3.185120768165893e-08
39050.04800076804 1.9428025706449438e-08
39100.04800076804 2.3699223708355543e-08
39150.04800076804 3.602371784803273e-08
39200.04800076804 3.064481522988069e-08
39250.04800076804 3.3245587152217706e-08
39300.04800076804 2.7898420298407965e-08
39350.04800076804 4.830953417438878e-08
39400.04800076804 3.1685868607904066e-08
39450.04800076804 4.173398349483837e-08
39500.04800076804 4.792402745166072e-08
39550.04800076804 2.674636234567538e-08
39600.04800076804 3.598080493089395e-08
39650.04800076804 5.88754820130707e-08
39700.04800076804 5.0244530301624733e-08
39750.04800076804 2.329406333488952e-08
39800.04800076804 2.3456536235206277e-08
39850.04800076804 5.749871376420332e-08
39900.04800076804 6.282488292537873e-08
39950.04800076804 3.670607276465686e-08
40000.04800076804 5.4825362753197776e-08
40050.04800076804 5.286155111862609e-08
40100.04800076804 1.887884522451291e-08
40150.04800076804 4.9083235805408765e-08
40200.04800076804 5.941262951208766e-08
40250.04800076804 6.4348986425183e-08
40300.04800076804 6.114771672743239e-08
40350.04800076804 3.12127839804737e-08
40400.04800076804 4.8026769259159914e-08
40450.04800076804 3.0762896038188344e-08
40500.04800076804 5.971967338700132e-08
40550.04800076804 6.061201531425947e-08
40600.04800076804 6.366506824565854e-08
40650.04800076804 4.6430864624327925e-08
40700.04800076804 7.948427084441227e-08
40750.04800076804 5.996028475734508e-08
40800.04800076804 3.789856903716735e-08
40850.04800076804 8.197464847059135e-08
40900.04800076804 8.14820334671519e-08
40950.04800076804 5.146399269275645e-08
41000.04800076804 6.043943205096131e-08
41050.04800076804 8.778918105249519e-08
41100.04800076804 7.286119499136104e-08
41150.04800076804 3.187826477165418e-08
41200.04800076804 7.848309524247826e-08
41250.04800076804 7.441376089319668e-08
41300.04800076804 8.1139175700189e-08
41350.04800076804 9.805987188159322e-08
41400.04800076804 8.058933765068078e-08
41450.04800076804 9.181705783854245e-08
41500.04800076804 6.070266163290717e-08
41550.04800076804 5.545246496688552e-08
41600.04800076804 6.19386920297921e-08
41650.04800076804 9.013626050628633e-08
41700.04800076804 1.0105697222775774e-07
41750.04800076804 8.640878802232153e-08
41800.04800076804 9.674970304267627e-08
41850.04800076804 6.940069952689472e-08
41900.04800076804 6.0962948340524e-08
41950.04800076804 7.180852083343207e-08
42000.04800076804 6.248680426199201e-08
42050.04800076804 6.130452831395366e-08
42100.04800076804 7.666725260445145e-08
42150.04800076804 7.020151477823756e-08
42200.04800076804 7.375921217365264e-08
42250.04800076804 6.036557565660915e-08
42300.04800076804 5.772628425746498e-08
42350.04800076804 8.140986555457338e-08
42400.04800076804 9.063711705931731e-08
42450.04800076804 8.717358257550999e-08
42500.04800076804 9.163121459731489e-08
42550.04800076804 8.39229192916327e-08
42600.04800076804 7.692125013999947e-08
42650.04800076804 1.0262071479478099e-07
42700.04800076804 6.292267067407179e-08
42750.04800076804 6.996303849726126e-08
42800.04800076804 9.654603144250017e-08
42850.04800076804 1.0130799495146502e-07
42900.04800076804 9.823487687590913e-08
42950.04800076804 8.10722774708194e-08
43000.04800076804 9.181794147646319e-08
43050.04800076804 5.425726526525276e-08
43100.04800076804 8.441630980404204e-08
43150.04800076804 8.08870442500338e-08
43200.04800076804 8.96348796811988e-08
43250.04800076804 1.2259990377422188e-07
43300.04800076804 1.067509298891318e-07
43350.04800076804 6.445823946457231e-08
43400.04800076804 8.920000046545202e-08
43450.04800076804 7.487984463037494e-08
43500.04800076804 7.215176671717338e-08
43550.04800076804 6.752558641795114e-08
43600.04800076804 1.0188692788836889e-07
