galfind/configs/Brown_Dwarf_templates/sonora_cholla/logkzz2/3162g/600K_3162g_logkzz2_resample.dat
# %ECSV 1.0
# ---
# datatype:
# - {name: wav, unit: Angstrom, datatype: float64}
# - {name: flux_nu, unit: erg / (cm2 Hz s), datatype: float64}
# schema: astropy-2.0
wav flux_nu
[from data line 815]
43750.04800076804 1.4262833261147783e-07
43800.04800076804 1.188221418809731e-07
43850.04800076804 1.1216911908432378e-07
43900.04800076804 9.946448664026592e-08
43950.04800076804 7.333124390166799e-08
44000.04800076804 6.503629960716823e-08
44050.04800076804 1.2770055499176172e-07
44100.04800076804 1.7086262402822255e-07
44150.04800076804 1.625951242514404e-07
44200.04800076804 1.4996667365046115e-07
44250.04800076804 9.441202718704654e-08
44300.04800076804 6.246265631464422e-08
44350.04800076804 7.055473137710354e-08
44400.04800076804 8.138722331202419e-08
44450.04800076804 1.175005462869171e-07
44500.04800076804 1.0313660421140118e-07
44550.04800076804 1.3916927981916485e-07
44600.04800076804 1.1045343098670892e-07
44650.04800076804 1.195563554904481e-07
44700.04800076804 8.39255762677324e-08
44750.04800076804 1.0268349037742157e-07
44800.04800076804 7.898194576536632e-08
44850.04800076804 1.1344463859682011e-07
44900.04800076804 1.0024394151161913e-07
44950.04800076804 1.1174844289706384e-07
45000.04800076804 1.2453928541926236e-07
45050.04800076804 1.1845487873947512e-07
45100.04800076804 1.1071994045557745e-07
45150.04800076804 1.0208080093687787e-07
45200.04800076804 6.350988685202528e-08
45250.04800076804 7.479289489207972e-08
45300.04800076804 7.75167391895099e-08
45350.04800076804 5.6521490166614886e-08
45400.04800076804 1.261171418178322e-07
45450.04800076804 1.1504582200625955e-07
45500.04800076804 1.227921444995319e-07
45550.04800076804 1.4233551608359826e-07
45600.04800076804 1.2363640801299074e-07
45650.04800076804 1.094545691171956e-07
45700.04800076804 6.727081924745582e-08
45750.04800076804 5.464095192105139e-08
45800.04800076804 1.1403363422075384e-07
45850.04800076804 1.1267805101023503e-07
45900.04800076804 1.356529319576194e-07
45950.04800076804 1.1043761226069837e-07
46000.04800076804 1.3050761887757903e-07
46050.04800076804 1.1552591604754802e-07
46100.04800076804 1.2667541287238838e-07
46150.04800076804 8.988121190431234e-08
46200.04800076804 6.589266227355773e-08
46250.04800076804 2.7697338653229485e-08
46300.04800076804 9.160359657027877e-08
46350.04800076804 9.477319291584721e-08
46400.04800076804 1.0477950799389443e-07
46450.04800076804 9.043053680899973e-08
46500.04800076804 9.787125226437771e-08
46550.04800076804 6.718464710709942e-08
46600.04800076804 6.625393923179688e-08
46650.04800076804 1.0314236034631769e-07
46700.04800076804 7.69064456955157e-08
46750.04800076804 3.3274593969555645e-08
46800.04800076804 2.3237353664573334e-08
46850.04800076804 8.778849160114599e-08
46900.04800076804 1.1124835792450872e-07
46950.04800076804 1.1657821841033858e-07
47000.04800076804 1.0293051718891014e-07
47050.04800076804 7.909384785890276e-08
47100.04800076804 5.730757784298429e-08
47150.04800076804 8.748420009591968e-08
47200.04800076804 9.528007878985846e-08
47250.04800076804 4.322900314529522e-08
47300.04800076804 3.1803862287717366e-08
47350.04800076804 9.015807217343913e-08
47400.04800076804 1.1235373427574597e-07
47450.04800076804 7.312083101682826e-08
47500.04800076804 1.2506206130110472e-07
47550.04800076804 9.888999701518366e-08
47600.04800076804 9.450678556461092e-08
47650.04800076804 9.085373022404939e-08
47700.04800076804 8.381131535377383e-08
47750.04800076804 5.7495529472710486e-08
47800.04800076804 4.327655484183419e-08
47850.04800076804 1.6500350617349847e-08
47900.04800076804 2.9317427385028766e-08
47950.04800076804 7.866338980796868e-08
48000.04800076804 1.0650810896148664e-07
48050.04800076804 8.21446022415727e-08
48100.04800076804 4.116416659908899e-08
48150.04800076804 6.829765820356827e-08
48200.04800076804 5.5874659603978533e-08
48250.04800076804 7.752713130757048e-08
48300.04800076804 9.950740801476269e-08
48350.04800076804 5.840495414079499e-08
48400.04800076804 1.2959933389799345e-08
48450.04800076804 2.5843823896997663e-08
48500.04800076804 5.299867123608922e-08
48550.04800076804 6.14926647829117e-08
48600.04800076804 9.81192466602987e-08
48650.04800076804 1.09211023262214e-07
48700.04800076804 8.791424271280483e-08
48750.04800076804 6.130710377797952e-08
48800.04800076804 8.91224975705475e-08
48850.04800076804 4.561663566296311e-08
48900.04800076804 5.216196661337719e-08
48950.04800076804 2.8739556334461463e-08
49000.04800076804 1.8066298156389258e-08
49050.04800076804 5.269675810285863e-08
49100.04800076804 7.093930596996063e-08
49150.04800076804 5.905533627012644e-08
49200.04800076804 9.220921113836385e-08
49250.04800076804 9.810533673470486e-08
49300.04800076804 8.062801198441572e-08
49350.04800076804 3.55945734996793e-08
49400.04800076804 4.3719176761084943e-08
49450.04800076804 3.619507573866656e-08
49500.04800076804 3.127731705852024e-08
49550.04800076804 5.9904830350264555e-09
49600.04800076804 1.6290176736852505e-08
49650.04800076804 4.7816042657900816e-08
49700.04800076804 6.253872882563746e-08
49750.04800076804 5.4318371834674663e-08
49800.04800076804 3.054652650659787e-08
49850.04800076804 7.085933280531647e-08
49900.04800076804 7.894408335865616e-08
49950.04800076804 6.61325763788784e-08
50000.04800076804 4.714578421064829e-08
50050.04800076804 5.321540728184102e-08
50100.04800076804 4.558789476827485e-08
50150.04800076804 1.8587945608974135e-08
50200.04800076804 3.5316739049139794e-09
50250.04800076804 1.789150528204694e-08
50300.04800076804 1.3056065220615831e-08
50350.04800076804 4.986341991546684e-08
50400.04800076804 6.139117461106016e-08
50450.04800076804 4.4690864559667996e-08
50500.04800076804 7.01040078243232e-08
50550.04800076804 7.862437712441041e-08
50600.04800076804 5.069948970265126e-08
50650.04800076804 6.950563110228394e-08
50700.04800076804 7.21906146528617e-08
50750.04800076804 4.169051844291237e-08
50800.04800076804 1.3238849750625423e-08
50850.04800076804 6.554022607869488e-09
50900.04800076804 4.139157023925798e-08
50950.04800076804 4.837131308090707e-08
51000.04800076804 3.352674221994429e-08
51050.04800076804 4.958881263277826e-08
51100.04800076804 1.953558865031567e-08
51150.04800076804 1.8059331804800165e-08
51200.04800076804 6.169633845413648e-08
51250.04800076804 4.709085019844297e-08
51300.04800076804 3.1071092481990503e-08
51350.04800076804 2.84198174853457e-08
51400.04800076804 8.970954876168617e-09
51450.04800076804 7.219132247265499e-09
51500.04800076804 6.244488302828726e-09
51550.04800076804 2.430694870954923e-08
51600.04800076804 2.7050052909017367e-08
51650.04800076804 3.8186379925637996e-08
51700.04800076804 3.2719249468292164e-08
51750.04800076804 2.4097373691343676e-08
51800.04800076804 5.050192720124874e-08
51850.04800076804 3.8221054611272416e-08
51900.04800076804 3.915190243286214e-08
51950.04800076804 2.058595066989305e-08
52000.04800076804 2.497848050302138e-09
52050.04800076804 1.1084389750706943e-08
52100.04800076804 6.708071637326121e-09
52150.04800076804 3.90435179310444e-09
52200.04800076804 1.2489505577439045e-08
52250.04800076804 2.3429875576180228e-08
52300.04800076804 2.8623485751135953e-08
52350.04800076804 7.303801726074239e-09
52400.04800076804 8.39085182818978e-09
52450.04800076804 3.208800537546253e-08
52500.04800076804 2.6832589817300877e-08
52550.04800076804 3.104216455748424e-08
52600.04800076804 2.6081292660088995e-08
52650.04800076804 3.195598166678711e-08
52700.04800076804 1.7890883553406574e-08
52750.04800076804 7.3151609576584795e-09
52800.04800076804 1.2886621687345075e-08
52850.04800076804 1.6143502680267266e-08
52900.04800076804 5.864130010626289e-09
52950.04800076804 1.0564167923628244e-08
53000.04800076804 2.4152127473318756e-08
53050.04800076804 8.668981205190183e-09
53100.04800076804 3.37976631230955e-08
53150.04800076804 3.672747283383385e-08
53200.04800076804 1.3845521406230577e-08
53250.04800076804 3.055190504504167e-08
53300.04800076804 3.304792529772019e-08
53350.04800076804 3.0423628870212456e-08
53400.04800076804 1.8186262589687135e-08
53450.04800076804 5.029491400388369e-09
53500.04800076804 1.31101127991702e-09
53550.04800076804 2.734348100155039e-09
53600.04800076804 1.0940352342777277e-08
53650.04800076804 1.4268935215183983e-08
53700.04800076804 1.20349555304701e-08
53750.04800076804 9.986305463781295e-09
53800.04800076804 1.0231012179583252e-08
53850.04800076804 2.0982736979363375e-08
53900.04800076804 2.918950057276418e-08
53950.04800076804 2.6253002707523323e-08
54000.04800076804 1.845981306513851e-08
54050.04800076804 1.786154462552087e-08
54100.04800076804 3.7694104043114025e-09
54150.04800076804 5.3273017785480714e-09
54200.04800076804 1.0872191931368087e-09
54250.04800076804 2.630655483918822e-09
54300.04800076804 7.2790092314254706e-09
54350.04800076804 1.2335201213350328e-08
54400.04800076804 9.404408296576353e-09
54450.04800076804 8.287522638750136e-09
54500.04800076804 1.0121953727408019e-08
54550.04800076804 7.707616501536141e-09
54600.04800076804 6.62767161617086e-09
54650.04800076804 8.968718788254964e-10
54700.04800076804 6.941531091979191e-09
54750.04800076804 6.64816184906104e-09
54800.04800076804 3.56717432207765e-09
54850.04800076804 5.871031225820033e-09
54900.04800076804 1.069386487975252e-08
54950.04800076804 1.8132373649451434e-08
55000.04800076804 6.834509151714431e-09
55050.04800076804 8.394972120119704e-09
55100.04800076804 1.2907085822223992e-08
55150.04800076804 6.2564580647818726e-09
55200.04800076804 3.995078779919271e-09
55250.04800076804 6.377959053964686e-09
55300.04800076804 4.6232683172661245e-09
55350.04800076804 8.33235256236539e-09
55400.04800076804 8.461514871308902e-09
55450.04800076804 6.064463954124766e-09
55500.04800076804 2.4725628194152397e-09
55550.04800076804 2.0485318043341695e-09
55600.04800076804 4.45187164441768e-09
55650.04800076804 3.7871996994076405e-09
55700.04800076804 3.928457506337741e-09
55750.04800076804 2.8390149619638383e-09
55800.04800076804 1.2319864999678691e-09
55850.04800076804 2.282713172243949e-09
55900.04800076804 6.063730631979204e-09
55950.04800076804 9.695882830204841e-09
56000.04800076804 3.6438057278908498e-09
56050.04800076804 3.981922667458175e-09
56100.04800076804 5.798030989880481e-09
56150.04800076804 2.6176356222667218e-09
56200.04800076804 3.6990437470016593e-09
56250.04800076804 8.651147096449977e-09
56300.04800076804 4.596283669725385e-09
56350.04800076804 2.3533398959981916e-09
56400.04800076804 8.140568666514576e-10
56450.04800076804 7.988001341237878e-10
56500.04800076804 4.061202951193523e-09
56550.04800076804 1.612983395027059e-09
56600.04800076804 5.412135028555608e-09
56650.04800076804 5.680810446495673e-09
56700.04800076804 4.265532328514231e-09
56750.04800076804 1.6139155237816723e-09
56800.04800076804 2.48050559954679e-09
56850.04800076804 3.944626960698565e-09
56900.04800076804 2.132118180417099e-09
56950.04800076804 5.210134850287807e-09
57000.04800076804 6.835997652568733e-09
57050.04800076804 3.631567179979074e-09
57100.04800076804 8.880886097268498e-10
57150.04800076804 2.0263728105046904e-09
57200.04800076804 1.2672301413871949e-09
57250.04800076804 2.2019497403725166e-09
57300.04800076804 3.0151718605332648e-09
57350.04800076804 1.6792978727146287e-09
57400.04800076804 4.9594108195015954e-09
57450.04800076804 2.012517812133816e-09
57500.04800076804 1.63874403712304e-09
57550.04800076804 2.4214272427841064e-09
57600.04800076804 1.863388139753263e-09
57650.04800076804 5.030896227758534e-10
57700.04800076804 1.2347493305438423e-09
57750.04800076804 3.0180766453619145e-09
57800.04800076804 1.0971500294488045e-09
57850.04800076804 6.1489063199781035e-09
57900.04800076804 9.468325239459586e-09
57950.04800076804 9.536354279482249e-09
58000.04800076804 2.4980464982924546e-09
58050.04800076804 5.239168386115183e-09
58100.04800076804 3.550483450553097e-09
58150.04800076804 2.5120069790269875e-09
58200.04800076804 4.914444897514178e-10
58250.04800076804 1.0733912708845266e-09
58300.04800076804 1.1401098116128972e-09
58350.04800076804 1.4622719630867674e-09
58400.04800076804 3.907778081968672e-09
58450.04800076804 5.3067889169568226e-09
58500.04800076804 5.811859401068852e-09
58550.04800076804 3.138372986023131e-09
58600.04800076804 1.1946117134414794e-09
58650.04800076804 1.997519731875988e-09
58700.04800076804 2.646616652163333e-09
58750.04800076804 2.488049464646167e-09
58800.04800076804 2.0743438364461744e-10
58850.04800076804 1.293260509140674e-09
58900.04800076804 1.5357315313491066e-09
58950.04800076804 7.315567790510233e-10
59000.04800076804 1.9915809852195056e-09
59050.04800076804 3.165300106000291e-09
59100.04800076804 2.305655325753302e-09
59150.04800076804 2.2195323112026584e-09
59200.04800076804 3.833952903170446e-09
59250.04800076804 3.948460732899532e-09
59300.04800076804 3.0264187052691624e-09
59350.04800076804 3.458817356422896e-10
59400.04800076804 5.355050839398615e-10
59450.04800076804 3.1327937114956994e-09
59500.04800076804 2.1537085864146333e-09
59550.04800076804 4.003291030116898e-09
59600.04800076804 4.7220795032058135e-09
59650.04800076804 1.8332901373407965e-09
59700.04800076804 1.33434809444205e-09
59750.04800076804 5.839828944369656e-09
59800.04800076804 2.3803651050226368e-09
59850.04800076804 2.7435522505922832e-09
59900.04800076804 8.124142403443576e-10
59950.04800076804 2.5259877850053885e-09
60000.04800076804 6.535162205788034e-09
60050.04800076804 8.507840140630168e-09
60100.04800076804 4.619916192712332e-09
60150.04800076804 1.4932776605390636e-09
60200.04800076804 3.0539390605235795e-09
60250.04800076804 7.308096164900549e-09
60300.04800076804 6.955895726033506e-09
60350.04800076804 4.0533612240804065e-09
60400.04800076804 3.1255001715476104e-09
60450.04800076804 5.942925225039562e-10
60500.04800076804 1.4615302692829094e-10
60550.04800076804 2.2543374689449253e-09
60600.04800076804 3.862758054684857e-09
60650.04800076804 2.1038568001212e-09
60700.04800076804 1.3722592211010541e-09
60750.04800076804 4.651122671395284e-10
60800.04800076804 3.5472380794398887e-09
60850.04800076804 6.3658605059329975e-09
60900.04800076804 5.288919182561341e-09
60950.04800076804 3.29877223335169e-09
61000.04800076804 5.686796713736038e-09
61050.04800076804 1.5049992425730915e-09
61100.04800076804 1.4985960408404024e-09
61150.04800076804 4.2404557753404716e-10
61200.04800076804 3.860655209737086e-09
61250.04800076804 4.052294375911448e-09
61300.04800076804 2.4634256288990845e-09
61350.04800076804 5.497589551141024e-09
61400.04800076804 1.6624336145715176e-09
61450.04800076804 7.010725118268016e-10
61500.04800076804 5.737010028855133e-10
61550.04800076804 2.0209868827377257e-09
61600.04800076804 7.843892106686202e-10
61650.04800076804 1.7288479162460682e-09
61700.04800076804 2.988355340195626e-09
61750.04800076804 2.809239269159548e-09
61800.04800076804 1.9685734536750926e-09
61850.04800076804 5.371490136300778e-10
61900.04800076804 4.29018443708437e-09
61950.04800076804 4.9477295742227125e-09
62000.04800076804 3.725914835875067e-09
62050.04800076804 8.801372751632581e-09
62100.04800076804 3.107142894256858e-09
62150.04800076804 6.201231469281818e-09
62200.04800076804 5.604014499226028e-09
62250.04800076804 3.588315390512178e-09
62300.04800076804 9.426203922765784e-09
62350.04800076804 9.661703572815453e-09
62400.04800076804 6.192160904828875e-09
62450.04800076804 5.659675559644419e-09
62500.04800076804 1.1214018737329475e-08
62550.04800076804 1.8035815771845493e-08
62600.04800076804 8.190684023567326e-09
62650.04800076804 5.865657091716451e-09
62700.04800076804 3.6246518269794714e-09
62750.04800076804 9.172773843548827e-09
62800.04800076804 5.453608265086303e-09
62850.04800076804 6.212002919645624e-09
62900.04800076804 9.531007506338124e-09
62950.04800076804 1.7750189667923107e-08
63000.04800076804 6.423595366412507e-09
63050.04800076804 2.3166522830942264e-08
63100.04800076804 2.1807362432466936e-08
63150.04800076804 1.6127092540794067e-08
63200.04800076804 1.0978250136510898e-08
63250.04800076804 1.287973482342294e-08
63300.04800076804 4.1165389727525995e-09
63350.04800076804 5.382616512192181e-09
63400.04800076804 2.1422439816320416e-09
63450.04800076804 8.171589692847418e-10
63500.04800076804 5.8615302276501736e-09
