galfind/configs/Brown_Dwarf_templates/sonora_cholla/logkzz2/3162g/650K_3162g_logkzz2_resample.dat
# %ECSV 1.0
# ---
# datatype:
# - {name: wav, unit: Angstrom, datatype: float64}
# - {name: flux_nu, unit: erg / (cm2 Hz s), datatype: float64}
# schema: astropy-2.0
wav flux_nu
[from data line 1209]
63450.04800076804 2.122922280957827e-09
63500.04800076804 1.1788592830942403e-08
63550.04800076804 1.725391665564969e-08
63600.04800076804 1.1962950759787839e-08
63650.04800076804 1.0438277787229395e-08
63700.04800076804 2.6768295349473266e-09
63750.04800076804 6.678955089273013e-09
63800.04800076804 1.62634215788787e-08
63850.04800076804 1.3165114753031324e-08
63900.04800076804 4.086571795343183e-09
63950.04800076804 8.518489703848477e-09
64000.04800076804 1.2452836305836355e-08
64050.04800076804 4.48932313128798e-09
64100.04800076804 1.0646017145854563e-09
64150.04800076804 1.6467466886774535e-09
64200.04800076804 2.075685914834281e-09
64250.04800076804 6.968554318342894e-09
64300.04800076804 5.981155578739853e-09
64350.04800076804 3.841354124986175e-09
64400.04800076804 1.0281862070972957e-08
64450.04800076804 1.1475807897267681e-08
64500.04800076804 4.905182970892286e-09
64550.04800076804 9.934404540574221e-09
64600.04800076804 7.278864082112207e-09
64650.04800076804 1.04844344506699e-08
64700.04800076804 3.121869169278113e-09
64750.04800076804 4.8523492231397315e-09
64800.04800076804 2.4317582294092426e-09
64850.04800076804 1.9677945390826818e-09
64900.04800076804 2.0244564406808405e-09
64950.04800076804 1.5269990985338628e-09
65000.04800076804 2.9657422298166984e-09
65050.04800076804 6.835749930869143e-09
65100.04800076804 8.429062930447242e-09
65150.04800076804 4.90487816010355e-09
65200.04800076804 1.722367306654856e-09
65250.04800076804 4.2455584347040105e-09
65300.04800076804 6.85721998519523e-09
65350.04800076804 1.4043546284853257e-08
65400.04800076804 5.939670500608056e-09
65450.04800076804 5.745832798095381e-09
65500.04800076804 6.866740947289072e-09
65550.04800076805 2.8643217567896387e-09
65600.04800076805 6.598589782107345e-09
65650.04800076805 4.17418184495239e-09
65700.04800076805 3.828244247568034e-09
65750.04800076805 2.613679921884594e-09
65800.04800076805 6.080557543199513e-09
65850.04800076805 9.4319758373348e-09
65900.04800076805 2.2102155004561376e-09
65950.04800076805 4.1465312996297764e-09
66000.04800076805 4.952611870541864e-09
66050.04800076805 1.0608778524804999e-08
66100.04800076805 6.105732399648964e-09
66150.04800076805 6.584836562664622e-09
66200.04800076805 5.9524395590164536e-09
66250.04800076805 3.0291138832988778e-09
66300.04800076805 1.3827377488352007e-09
66350.04800076805 1.0681816958386552e-09
66400.04800076805 2.1709106516069275e-09
66450.04800076805 7.206344484260999e-09
66500.04800076805 1.0990297397405778e-08
66550.04800076805 1.0421672944879164e-08
66600.04800076805 8.494278142050483e-09
66650.04800076805 5.9321750209686085e-09
66700.04800076805 3.863972391563357e-09
66750.04800076805 5.048640713643514e-09
66800.04800076805 5.1808393931105734e-09
66850.04800076805 3.446292885777754e-09
66900.04800076805 1.211531623772735e-08
66950.04800076805 1.0720812342564071e-08
67000.04800076805 1.625037496620938e-08
67050.04800076805 7.756773577652106e-09
67100.04800076805 4.212090215182324e-09
67150.04800076805 6.297963005860242e-09
67200.04800076805 9.26807423962397e-09
67250.04800076805 7.849059351983764e-09
67300.04800076805 1.2966613284529417e-08
67350.04800076805 4.930078589977525e-09
67400.04800076805 1.2962181297321092e-08
67450.04800076805 8.679084252576346e-09
67500.04800076805 8.311850084889623e-09
67550.04800076805 1.8487417484972998e-08
67600.04800076805 2.753521800115229e-08
67650.04800076805 1.9130241043215086e-08
67700.04800076805 1.1227757204574408e-08
67750.04800076805 6.4534445453673926e-09
67800.04800076805 9.894365927487705e-09
67850.04800076805 4.188943362115946e-09
67900.04800076805 5.244245536307176e-09
67950.04800076805 4.07682829415478e-09
68000.04800076805 1.1187527189737238e-08
68050.04800076805 9.691203455391447e-09
68100.04800076805 1.679465420876394e-08
68150.04800076805 1.6087024386867666e-08
68200.04800076805 1.2334492003939484e-08
68250.04800076805 2.6781340416734223e-09
68300.04800076805 1.308881694334568e-08
68350.04800076805 1.8621822577789846e-08
68400.04800076805 2.2060807641971852e-08
68450.04800076805 1.8734556886621867e-08
68500.04800076805 1.064556569735118e-08
68550.04800076805 4.094219000442403e-09
68600.04800076805 4.29528643395767e-09
68650.04800076805 2.038770922294377e-09
68700.04800076805 5.901376225720173e-09
68750.04800076805 1.0678494148635889e-08
68800.04800076805 1.1650690322568723e-08
68850.04800076805 6.076457776052229e-09
68900.04800076805 2.0143322190118842e-08
68950.04800076805 2.1674949313002637e-08
69000.04800076805 1.3948693103559612e-08
69050.04800076805 6.392023026986998e-09
69100.04800076805 1.7086388698572033e-08
69150.04800076805 2.5947573133075518e-08
69200.04800076805 2.0180230176868354e-08
69250.04800076805 2.8224529975800582e-08
69300.04800076805 2.132647620126086e-08
69350.04800076805 2.882273738758803e-08
69400.04800076805 1.2395746703835892e-08
69450.04800076805 2.3908786544169237e-08
69500.04800076805 1.3203724140581524e-08
69550.04800076805 9.136621321033469e-09
69600.04800076805 2.318430065642645e-09
69650.04800076805 9.673650345568568e-09
69700.04800076805 1.9194858998382024e-08
69750.04800076805 1.1598151650787708e-08
69800.04800076805 1.897072456212848e-08
69850.04800076805 2.0084914671532055e-08
69900.04800076805 1.308536895661111e-08
69950.04800076805 1.2304843399875752e-08
70000.04800076805 1.36402277686256e-08
70050.04800076805 2.6311679608225505e-08
70100.04800076805 1.93351451032751e-08
70150.04800076805 1.7476627651468533e-08
70200.04800076805 1.0019070270252022e-08
70250.04800076805 1.25883675259546e-08
70300.04800076805 2.3162437642698176e-08
70350.04800076805 1.9364139432112043e-08
70400.04800076805 9.62268458737756e-09
70450.04800076805 1.431724168211143e-09
70500.04800076805 8.532231745262695e-09
70550.04800076805 7.47730842949691e-09
70600.04800076805 9.946662034712654e-09
70650.04800076805 1.934221545563813e-08
70700.04800076805 2.3731104743498194e-08
70750.04800076805 3.35654534987523e-08
70800.04800076805 1.5252244189556582e-08
70850.04800076805 1.563617615063963e-08
70900.04800076805 1.9283663792092955e-08
70950.04800076805 2.6051782414802917e-08
71000.04800076805 2.5815095419322695e-08
71050.04800076805 2.6108440136873416e-08
71100.04800076805 2.073350477647067e-08
71150.04800076805 1.130614898217546e-08
71200.04800076805 1.1897867592007072e-08
71250.04800076805 2.090831603561307e-08
71300.04800076805 2.7839050372322204e-08
71350.04800076805 2.698659638382657e-08
71400.04800076805 2.0159658761519128e-08
71450.04800076805 7.337163513409758e-09
71500.04800076805 1.0701457245346602e-08
71550.04800076805 1.1575933380418963e-08
71600.04800076805 1.51541474988018e-08
71650.04800076805 8.2697653438632e-09
71700.04800076805 5.9279376788319785e-09
71750.04800076805 1.4557613478413999e-08
71800.04800076805 2.136954852674925e-08
71850.04800076805 2.1436952241930156e-08
71900.04800076805 1.1784120086232932e-08
71950.04800076805 1.7796435335602238e-08
72000.04800076805 1.5752418927248653e-08
72050.04800076805 6.6419606780196165e-09
72100.04800076805 8.952534455626599e-09
72150.04800076805 1.2254340059968643e-08
72200.04800076805 1.6467561192890185e-08
72250.04800076805 2.6648099096271912e-08
72300.04800076805 1.4862323369396392e-08
72350.04800076805 1.677888312859902e-08
72400.04800076805 1.601795945529322e-08
72450.04800076805 1.2873034468484015e-08
72500.04800076805 1.7356904549442037e-08
72550.04800076805 5.853577585904822e-09
72600.04800076805 1.1215488970291701e-08
72650.04800076805 2.1142690507672383e-08
72700.04800076805 1.0646618077752632e-08
72750.04800076805 1.1618503368991601e-08
72800.04800076805 6.724976224842664e-09
72850.04800076805 1.0196257133362715e-08
72900.04800076805 2.222916005679751e-08
72950.04800076805 1.1843307205383453e-08
73000.04800076805 1.2609014270119143e-08
73050.04800076805 6.134719461687215e-09
73100.04800076805 8.76862092417873e-09
73150.04800076805 2.0984013148614024e-08
73200.04800076805 8.470352312699827e-09
73250.04800076805 1.0555466854685517e-08
73300.04800076805 7.418989672043198e-09
73350.04800076805 5.0850978564361214e-09
73400.04800076805 1.018663323384874e-08
73450.04800076805 6.167690297767264e-09
73500.04800076805 5.27486696419266e-09
73550.04800076805 9.811681232824905e-09
73600.04800076805 1.1137832425865769e-08
73650.04800076805 9.885295811423798e-09
73700.04800076805 9.187008123977212e-09
73750.04800076805 2.8486089651587595e-09
73800.04800076805 8.188135168273382e-09
73850.04800076805 1.3169199819785622e-08
73900.04800076805 5.821800264900071e-09
73950.04800076805 7.130518930694498e-09
74000.04800076805 3.3237658967670158e-09
74050.04800076805 1.3628516781152518e-08
74100.04800076805 1.0032596622997983e-08
74150.04800076805 1.0701902827350824e-08
74200.04800076805 4.9938731861864296e-09
74250.04800076805 1.017718556209055e-09
74300.04800076805 1.060927251996431e-08
74350.04800076805 1.4787040587155675e-08
74400.04800076805 1.3339687324275885e-08
74450.04800076805 4.898583382869954e-09
74500.04800076805 2.4486622011213864e-09
74550.04800076805 5.934666253090076e-09
74600.04800076805 8.096229486768203e-09
74650.04800076805 8.335596008357158e-09
74700.04800076805 5.856667387868847e-09
74750.04800076805 3.2814448002082697e-09
74800.04800076805 4.614963310163174e-09
74850.04800076805 1.2610357234995576e-08
74900.04800076805 1.4668253610196446e-08
74950.04800076805 1.2511185858388317e-08
75000.04800076805 5.92072817955889e-09
75050.04800076805 1.1432014528595479e-09
75100.04800076805 1.1607156854421883e-08
75150.04800076805 1.6846464213281996e-08
75200.04800076805 1.5409321008835658e-08
75250.04800076805 1.5097903733528854e-08
75300.04800076805 1.0243021003555341e-08
75350.04800076805 2.7838081660096998e-09
75400.04800076805 1.5733457705075946e-08
75450.04800076805 1.836604388340838e-08
75500.04800076805 1.6079189833090244e-08
75550.04800076805 1.3077002337830069e-08
75600.04800076805 1.4812515018621413e-08
75650.04800076805 8.023034956454914e-09
75700.04800076805 1.7818119613907185e-08
75750.04800076805 1.2538996660103922e-08
75800.04800076805 1.4199765725424942e-08
75850.04800076805 1.6609201392400276e-08
75900.04800076805 1.624648455991389e-08
75950.04800076805 8.40413920614975e-09
76000.04800076805 2.1653275481091702e-08
76050.04800076805 1.7716075760362553e-08
76100.04800076805 1.605618690166693e-08
76150.04800076805 1.7837531148512315e-08
76200.04800076805 1.494121173713011e-08
76250.04800076805 8.592724867053538e-09
76300.04800076805 2.4353370167738956e-08
76350.04800076805 2.758238924480528e-08
76400.04800076805 2.1378758081079864e-08
76450.04800076805 1.6084405265673588e-08
76500.04800076805 1.2344691788581731e-08
76550.04800076805 4.002905602425402e-09
76600.04800076805 8.630613053516468e-10
76650.04800076805 9.876137648499161e-10
76700.04800076805 1.6808015913910619e-09
76750.04800076805 1.8127127300726643e-09
76800.04800076805 4.030007289611183e-09
76850.04800076805 2.5731169428763207e-09
76900.04800076805 1.9964653995103637e-09
76950.04800076805 4.727783886123746e-09
77000.04800076805 8.790279082318104e-09
77050.04800076805 1.8022639556146013e-09
77100.04800076805 2.903209393746507e-09
77150.04800076805 1.0090585045550605e-08
77200.04800076805 5.216142273932214e-09
77250.04800076805 4.135875470916114e-09
77300.04800076805 8.807408769882826e-09
77350.04800076805 4.346726895698615e-09
77400.04800076805 6.424975998340856e-09
77450.04800076805 1.4139370321689608e-08
77500.04800076805 9.613406165672946e-09
77550.04800076805 6.7330199349902366e-09
77600.04800076805 3.6482496595468037e-09
77650.04800076805 5.128557131884127e-09
77700.04800076805 6.060288940130046e-09
77750.04800076805 1.1846842295531452e-08
77800.04800076805 1.4705247639461534e-08
77850.04800076805 2.077142538005708e-08
77900.04800076805 8.72685363771461e-09
77950.04800076805 2.038025733925745e-09
78000.04800076805 8.375342693712354e-09
78050.04800076805 8.861898588832831e-09
78100.04800076805 1.1188166727833274e-08
78150.04800076805 1.6609644525444637e-08
78200.04800076805 2.1998146834383972e-08
78250.04800076805 1.6255492396709512e-08
78300.04800076805 5.981141332299726e-09
78350.04800076805 1.2666299824801707e-08
78400.04800076805 4.94008698053162e-09
78450.04800076805 1.1645791528165972e-08
78500.04800076805 2.1430630567828077e-08
78550.04800076805 2.447004543669601e-08
78600.04800076805 1.7450910578232348e-08
78650.04800076805 2.45253995468867e-09
78700.04800076805 5.600801062413996e-09
78750.04800076805 1.1329701566292471e-08
78800.04800076805 8.310725591467201e-09
78850.04800076805 3.3964171754954167e-09
78900.04800076805 9.633889762316542e-09
78950.04800076805 1.568000080566557e-08
79000.04800076805 1.0963927808438516e-08
79050.04800076805 8.88499094518972e-09
79100.04800076805 1.4016756137936282e-08
79150.04800076805 8.965301624554391e-09
79200.04800076805 1.1292012605664288e-08
79250.04800076805 5.606022614068465e-09
79300.04800076805 7.826251713215437e-09
79350.04800076805 9.338973222253584e-09
79400.04800076805 4.826726025581696e-09
79450.04800076805 1.8389231290291602e-08
79500.04800076805 2.4450984138860345e-08
79550.04800076805 2.086114053294218e-08
79600.04800076805 1.0131002615840342e-08
79650.04800076805 1.763107214679774e-08
79700.04800076805 1.1644693539719963e-08
79750.04800076805 1.0764705295569623e-08
79800.04800076805 7.633897740251065e-09
79850.04800076805 1.6255812529807832e-08
79900.04800076805 2.8464916098721637e-08
79950.04800076805 2.9156298664361414e-08
