galfind/configs/Brown_Dwarf_templates/sonora_cholla/logkzz2/3162g/700K_3162g_logkzz2_resample.dat
# %ECSV 1.0
# ---
# datatype:
# - {name: wav, unit: Angstrom, datatype: float64}
# - {name: flux_nu, unit: erg / (cm2 Hz s), datatype: float64}
# schema: astropy-2.0
wav flux_nu
[from data line 813]
43650.04800076804 1.1859922587712738e-07
43700.04800076804 2.1733935213152645e-07
43750.04800076804 2.2249648953959997e-07
43800.04800076804 1.8590724597692652e-07
43850.04800076804 1.7882597934063027e-07
43900.04800076804 1.6252496141767597e-07
43950.04800076804 1.219978386865814e-07
44000.04800076804 1.0228765604337808e-07
44050.04800076804 2.014140344570095e-07
44100.04800076804 2.685890911838886e-07
44150.04800076804 2.617878473782931e-07
44200.04800076804 2.3475054613285013e-07
44250.04800076804 1.4590247922406075e-07
44300.04800076804 1.0045463055396087e-07
44350.04800076804 1.1811803912946067e-07
44400.04800076804 1.2886745599334446e-07
44450.04800076804 1.8745762817651472e-07
44500.04800076804 1.609542188986188e-07
44550.04800076804 2.2161108369170401e-07
44600.04800076804 1.7699622871358726e-07
44650.04800076804 1.8692856646055996e-07
44700.04800076804 1.3239747765417075e-07
44750.04800076804 1.603054605139641e-07
44800.04800076804 1.2792216752728875e-07
44850.04800076804 1.8320077310981022e-07
44900.04800076804 1.49688719556903e-07
44950.04800076804 1.6079155494694194e-07
45000.04800076804 1.8332883674435085e-07
45050.04800076804 1.796260769796036e-07
45100.04800076804 1.7108957709516408e-07
45150.04800076804 1.545353431095866e-07
45200.04800076804 9.76634865556206e-08
45250.04800076804 1.1158878869267888e-07
45300.04800076804 1.2306113386751862e-07
45350.04800076804 9.670434101612472e-08
45400.04800076804 1.789614670703732e-07
45450.04800076804 1.6374903815331227e-07
45500.04800076804 1.7145994341139655e-07
45550.04800076804 2.0796276760303356e-07
45600.04800076804 1.7431871808938855e-07
45650.04800076804 1.5802462561830928e-07
45700.04800076804 1.115420096006769e-07
45750.04800076804 8.866779083942094e-08
45800.04800076804 1.6431058820964188e-07
45850.04800076804 1.751643717442337e-07
45900.04800076804 1.9709536082349304e-07
45950.04800076804 1.4705581046127052e-07
46000.04800076804 1.934717009843206e-07
46050.04800076804 1.7056626063782032e-07
46100.04800076804 1.799301613147791e-07
46150.04800076804 1.3777933168051674e-07
46200.04800076804 1.0498555013651289e-07
46250.04800076804 5.08763831454481e-08
46300.04800076804 1.5243319161239747e-07
46350.04800076804 1.4311104374437177e-07
46400.04800076804 1.6060064901295348e-07
46450.04800076804 1.4588066206478338e-07
46500.04800076804 1.4710504809557346e-07
46550.04800076804 1.0845416063169083e-07
46600.04800076804 1.1624123692678896e-07
46650.04800076804 1.7843228341328412e-07
46700.04800076804 1.3029459010041606e-07
46750.04800076804 6.44153268960921e-08
46800.04800076804 4.772576999623673e-08
46850.04800076804 1.5718053170169912e-07
46900.04800076804 1.747254368789608e-07
46950.04800076804 1.852745243122544e-07
47000.04800076804 1.4820693713173007e-07
47050.04800076804 1.324551398695437e-07
47100.04800076804 8.584948706042178e-08
47150.04800076804 1.377710383748027e-07
47200.04800076804 1.5246294395743015e-07
47250.04800076804 7.797656283413014e-08
47300.04800076804 6.012560668721675e-08
47350.04800076804 1.4261183041698558e-07
47400.04800076804 1.8159604412333862e-07
47450.04800076804 1.1981298681171037e-07
47500.04800076804 2.022178694380642e-07
47550.04800076804 1.464065935599476e-07
47600.04800076804 1.6158112446813118e-07
47650.04800076804 1.327326582336412e-07
47700.04800076804 1.3883398178310842e-07
47750.04800076804 8.974702681066105e-08
47800.04800076804 7.921338202789275e-08
47850.04800076804 3.59665904700756e-08
47900.04800076804 5.9054796646441155e-08
47950.04800076804 1.2819693898909637e-07
48000.04800076804 1.8166229522154836e-07
48050.04800076804 1.4045533182793194e-07
48100.04800076804 7.379191499923015e-08
48150.04800076804 1.0600266658940939e-07
48200.04800076804 1.001829974815166e-07
48250.04800076804 1.214278034934389e-07
48300.04800076804 1.7449433427391462e-07
48350.04800076804 9.991982684256134e-08
48400.04800076804 3.052642230994e-08
48450.04800076804 5.581199532678363e-08
48500.04800076804 1.0374335423664869e-07
48550.04800076804 1.0481666968981255e-07
48600.04800076804 1.56437056395017e-07
48650.04800076804 1.635028264010854e-07
48700.04800076804 1.4270876912834783e-07
48750.04800076804 9.054182874471861e-08
48800.04800076804 1.4665681821762827e-07
48850.04800076804 8.307048159860507e-08
48900.04800076804 1.0666231338956701e-07
48950.04800076804 6.3914147766847e-08
49000.04800076804 4.031857555955089e-08
49050.04800076804 1.0384682633898838e-07
49100.04800076804 1.259032834906025e-07
49150.04800076804 1.0531593173982746e-07
49200.04800076804 1.4958119383380301e-07
49250.04800076804 1.580268126566277e-07
49300.04800076804 1.3184276756233615e-07
49350.04800076804 6.319480029608854e-08
49400.04800076804 8.161904767058734e-08
49450.04800076804 7.444923203151216e-08
49500.04800076804 6.583079482505748e-08
49550.04800076804 1.695755411315998e-08
49600.04800076804 4.005783277261505e-08
49650.04800076804 8.744408585863136e-08
49700.04800076804 1.0490178353842531e-07
49750.04800076804 1.0365393657479313e-07
49800.04800076804 6.498161235453753e-08
49850.04800076804 1.279786493320391e-07
49900.04800076804 1.3382790177305347e-07
49950.04800076804 1.0883528077331116e-07
50000.04800076804 9.173374122497754e-08
50050.04800076804 1.0418476265806322e-07
50100.04800076804 8.85223511852566e-08
50150.04800076804 4.318588798507382e-08
50200.04800076804 1.1232586755472305e-08
50250.04800076804 4.627090805886862e-08
50300.04800076804 3.30177006641007e-08
50350.04800076804 9.891799682536369e-08
50400.04800076804 1.087401869299927e-07
50450.04800076804 7.558931023143987e-08
50500.04800076804 1.2158387149715463e-07
50550.04800076804 1.3288902674753668e-07
50600.04800076804 8.561253384401594e-08
50650.04800076804 1.1900249748174848e-07
50700.04800076804 1.325196089955754e-07
50750.04800076804 8.022205194574032e-08
50800.04800076804 3.2294073390338357e-08
50850.04800076804 1.9326498975888877e-08
50900.04800076804 8.92667152027376e-08
50950.04800076804 9.417106356496206e-08
51000.04800076804 7.13300515038261e-08
51050.04800076804 9.295182379503126e-08
51100.04800076804 3.8356437222103354e-08
51150.04800076804 4.2084599121154845e-08
51200.04800076804 1.2051549094298947e-07
51250.04800076804 8.464656321740941e-08
51300.04800076804 5.962917304494867e-08
51350.04800076804 6.274636446581469e-08
51400.04800076804 2.56733128871868e-08
51450.04800076804 2.0635338192826304e-08
51500.04800076804 1.7250952708685886e-08
51550.04800076804 5.374569466064091e-08
51600.04800076804 5.128261770720613e-08
51650.04800076804 6.840817286479868e-08
51700.04800076804 6.551168327700873e-08
51750.04800076804 4.540727038050474e-08
51800.04800076804 9.319020309692746e-08
51850.04800076804 7.228080014080148e-08
51900.04800076804 8.503780617054394e-08
51950.04800076804 5.1664292118592625e-08
52000.04800076804 8.473941480431107e-09
52050.04800076804 2.925645647841166e-08
52100.04800076804 2.0305917435123015e-08
52150.04800076804 1.2964811263977212e-08
52200.04800076804 2.9373504192469132e-08
52250.04800076804 5.039271255023638e-08
52300.04800076804 6.909174673003821e-08
52350.04800076804 2.255750963615481e-08
52400.04800076804 2.4232864399470402e-08
52450.04800076804 7.074801437340173e-08
52500.04800076804 6.139768285435715e-08
52550.04800076804 6.23725099054819e-08
52600.04800076804 5.216784939869994e-08
52650.04800076804 5.9060662977834634e-08
52700.04800076804 3.8001603588294095e-08
52750.04800076804 2.0058874738862086e-08
52800.04800076804 3.023785876929126e-08
52850.04800076804 3.7225110645269666e-08
52900.04800076804 1.8243314515045402e-08
52950.04800076804 2.9292583565206596e-08
53000.04800076804 5.6135872919113075e-08
53050.04800076804 2.082238167676261e-08
53100.04800076804 6.97042446487684e-08
53150.04800076804 7.545070454593479e-08
53200.04800076804 2.9487666212060212e-08
53250.04800076804 6.426129501988765e-08
53300.04800076804 7.209904657449729e-08
53350.04800076804 6.925929303447228e-08
53400.04800076804 4.6634592889771744e-08
53450.04800076804 1.511616060974656e-08
53500.04800076804 5.34737037234915e-09
53550.04800076804 1.0177754084309824e-08
53600.04800076804 3.085973498381382e-08
53650.04800076804 3.16195584568918e-08
53700.04800076804 2.7335532658374848e-08
53750.04800076804 2.381945512183866e-08
53800.04800076804 2.538299173004814e-08
53850.04800076804 4.425855751557243e-08
53900.04800076804 6.000536347098433e-08
53950.04800076804 5.995646665490959e-08
54000.04800076804 4.0184355610669894e-08
54050.04800076804 4.0832655367614706e-08
54100.04800076804 1.0580185389091563e-08
54150.04800076804 1.606746037692847e-08
54200.04800076804 4.2020228826163156e-09
54250.04800076804 8.959458854377571e-09
54300.04800076804 2.076137041358177e-08
54350.04800076804 3.13345426355132e-08
54400.04800076804 2.6139742198522482e-08
54450.04800076804 2.381546897989759e-08
54500.04800076804 2.458535193198837e-08
54550.04800076804 1.9740598507213684e-08
54600.04800076804 2.0293748390587802e-08
54650.04800076804 4.359580901708184e-09
54700.04800076804 2.213865255762647e-08
54750.04800076804 2.0485838167247913e-08
54800.04800076804 1.1751655601538317e-08
54850.04800076804 1.7149893651339617e-08
54900.04800076804 2.9583376841424168e-08
54950.04800076804 4.5008286283511033e-08
55000.04800076804 1.7186822719799784e-08
55050.04800076804 2.325812730445004e-08
55100.04800076804 3.1702822257929684e-08
55150.04800076804 1.765161938430682e-08
55200.04800076804 1.3013429067356546e-08
55250.04800076804 1.9456773110534836e-08
55300.04800076804 1.2736856918134915e-08
55350.04800076804 2.3735542248012793e-08
55400.04800076804 2.618004904219134e-08
55450.04800076804 1.746049389227613e-08
55500.04800076804 7.62606731650637e-09
55550.04800076804 7.965213737118088e-09
55600.04800076804 1.334196216733053e-08
55650.04800076804 1.1449539495292668e-08
55700.04800076804 1.2898213896427241e-08
55750.04800076804 1.1032079795282011e-08
55800.04800076804 5.435636051368298e-09
55850.04800076804 7.711712424801116e-09
55900.04800076804 1.8486923960573062e-08
55950.04800076804 2.81657677784969e-08
56000.04800076804 1.0989692231043889e-08
56050.04800076804 1.3218840861676978e-08
56100.04800076804 1.8396159078152784e-08
56150.04800076804 9.748476842667101e-09
56200.04800076804 1.2373625030588735e-08
56250.04800076804 2.463616659909824e-08
56300.04800076804 1.5320415436863722e-08
56350.04800076804 1.0056252021463236e-08
56400.04800076804 4.400689001465492e-09
56450.04800076804 4.174328631564809e-09
56500.04800076804 1.3775981144217751e-08
56550.04800076804 5.811497389826402e-09
56600.04800076804 1.808698838871494e-08
56650.04800076804 1.9730453991044054e-08
56700.04800076804 1.6213922468575186e-08
56750.04800076804 6.337870764334988e-09
56800.04800076804 1.0334854979384687e-08
56850.04800076804 1.32823980335968e-08
56900.04800076804 8.31945604928263e-09
56950.04800076804 1.6994083358710032e-08
57000.04800076804 2.1544791781600878e-08
57050.04800076804 1.1375431176691087e-08
57100.04800076804 3.681299411683129e-09
57150.04800076804 7.289515316995323e-09
57200.04800076804 5.283592739201857e-09
57250.04800076804 8.232329424630679e-09
57300.04800076804 1.1324325029636348e-08
57350.04800076804 6.347370481410307e-09
57400.04800076804 1.72765370173858e-08
57450.04800076804 9.034189660771875e-09
57500.04800076804 7.427369727010923e-09
57550.04800076804 1.049909146916906e-08
57600.04800076804 9.021856281395615e-09
57650.04800076804 2.765905038871249e-09
57700.04800076804 5.105780860275215e-09
57750.04800076804 9.736421575264218e-09
57800.04800076804 3.5880604790077863e-09
57850.04800076804 2.1672501823321992e-08
57900.04800076804 2.857316916224118e-08
57950.04800076804 3.042458859238861e-08
58000.04800076804 9.48991106569857e-09
58050.04800076804 1.7012090741035823e-08
58100.04800076804 1.4404336606129358e-08
58150.04800076804 9.959476662840482e-09
58200.04800076804 2.843853352265665e-09
58250.04800076804 4.673352777976451e-09
58300.04800076804 5.22549773193753e-09
58350.04800076804 6.069063704158294e-09
58400.04800076804 1.3911990042385167e-08
58450.04800076804 1.7620496176032072e-08
58500.04800076804 1.8540602298466488e-08
58550.04800076804 1.3123124602600578e-08
58600.04800076804 5.825770488663236e-09
58650.04800076804 7.99563491619556e-09
58700.04800076804 1.053043163809814e-08
58750.04800076804 9.960096622314458e-09
58800.04800076804 1.7313326244502658e-09
58850.04800076804 6.403461818224586e-09
58900.04800076804 7.81412148843649e-09
58950.04800076804 3.812079501853061e-09
59000.04800076804 9.011092478991101e-09
59050.04800076804 1.3444786655343477e-08
59100.04800076804 1.2149488114260328e-08
59150.04800076804 1.011337795466669e-08
59200.04800076804 1.309733393564223e-08
59250.04800076804 1.3507026507487531e-08
59300.04800076804 1.1670913085795345e-08
59350.04800076804 2.3568295090642913e-09
59400.04800076804 2.838876277650384e-09
59450.04800076804 1.1517466218588157e-08
59500.04800076804 6.8670225748165956e-09
59550.04800076804 1.400794113215292e-08
59600.04800076804 1.745824973698337e-08
59650.04800076804 8.167776916509361e-09
59700.04800076804 5.82051696017615e-09
59750.04800076804 2.075919416984535e-08
59800.04800076804 9.067740154164081e-09
59850.04800076804 1.1641800597421283e-08
59900.04800076804 4.13653228617434e-09
59950.04800076804 1.0247610466237439e-08
60000.04800076804 2.3629469340716905e-08
60050.04800076804 2.5978292350434378e-08
60100.04800076804 1.7445814223646893e-08
60150.04800076804 7.102129709848201e-09
60200.04800076804 1.2934121040382985e-08
60250.04800076804 2.540181614020887e-08
60300.04800076804 2.3887981377252053e-08
60350.04800076804 1.3203845103724828e-08
60400.04800076804 1.2395969630707787e-08
60450.04800076804 3.4741037328798517e-09
60500.04800076804 1.3456255731678434e-09
60550.04800076804 1.0282397344081035e-08
60600.04800076804 1.4700518858453812e-08
60650.04800076804 9.005860873425807e-09
60700.04800076804 6.527475301300316e-09
60750.04800076804 2.9616390480185768e-09
60800.04800076804 1.3754440925970725e-08
60850.04800076804 2.421767229634947e-08
60900.04800076804 2.0910397095231707e-08
60950.04800076804 1.4353503599287211e-08
61000.04800076804 1.876850664692115e-08
61050.04800076804 6.715031946170487e-09
61100.04800076804 7.455076527684556e-09
61150.04800076804 2.7929237025552662e-09
61200.04800076804 1.5047498629361202e-08
61250.04800076804 1.521354023885993e-08
61300.04800076804 1.0980633378414565e-08
61350.04800076804 2.094699403392228e-08
61400.04800076804 7.623349301932226e-09
61450.04800076804 3.7045107001020227e-09
61500.04800076804 3.5684044916036598e-09
61550.04800076804 8.953946650151042e-09
61600.04800076804 4.1903625392586275e-09
61650.04800076804 7.81647530788818e-09
61700.04800076804 1.0583307049851932e-08
61750.04800076804 1.130733269308721e-08
61800.04800076804 8.846521058482526e-09
61850.04800076804 3.6688601920258703e-09
61900.04800076804 1.7139313869176075e-08
61950.04800076804 2.0002233934889833e-08
62000.04800076804 1.6075792214008014e-08
62050.04800076804 2.7092487140278617e-08
62100.04800076804 1.3379843477117275e-08
62150.04800076804 2.1537378617042668e-08
62200.04800076804 1.895568049919655e-08
62250.04800076804 1.2736146487939481e-08
62300.04800076804 3.020536185413612e-08
62350.04800076804 2.877010656350155e-08
62400.04800076804 1.7498239911545477e-08
62450.04800076804 1.8370415674433482e-08
62500.04800076804 3.2389525569802463e-08
62550.04800076804 4.62747758299532e-08
62600.04800076804 2.738969652701354e-08
62650.04800076804 2.100221054310914e-08
62700.04800076804 1.5497731187989597e-08
62750.04800076804 2.8610017948275442e-08
62800.04800076804 1.726420470717706e-08
62850.04800076804 2.2955358744897984e-08
62900.04800076804 2.5930214373449845e-08
62950.04800076804 4.6515556499452695e-08
63000.04800076804 2.266274054724939e-08
63050.04800076804 5.881099820551774e-08
63100.04800076804 5.3942248898997996e-08
63150.04800076804 3.690541881789614e-08
63200.04800076804 3.037591653581458e-08
63250.04800076804 3.8755797228887676e-08
63300.04800076804 1.8285607442125423e-08
63350.04800076804 2.0681433943370965e-08
