galfind/configs/Brown_Dwarf_templates/sonora_cholla/logkzz2/3162g/750K_3162g_logkzz2_resample.dat
# %ECSV 1.0
# ---
# datatype:
# - {name: wav, unit: Angstrom, datatype: float64}
# - {name: flux_nu, unit: erg / (cm2 Hz s), datatype: float64}
# schema: astropy-2.0
wav flux_nu
[from data line 1161]
68050.00000000009 2.657538885973839e-08
68100.00000000009 3.991012884183527e-08
68150.00000000009 3.584778523428024e-08
68200.00000000009 3.049767405954778e-08
68250.00000000009 8.124045323337733e-09
68300.00000000009 3.1498972842521366e-08
68350.00000000009 3.4845383041513136e-08
68400.00000000009 4.8352769628685197e-08
68450.00000000009 4.0847952580174345e-08
68500.00000000009 2.7285408448280372e-08
68550.00000000009 1.246513801035654e-08
68600.00000000009 1.3381653162868214e-08
68650.00000000009 7.052614537731995e-09
68700.00000000009 1.6558149146071364e-08
68750.00000000009 2.620740014813019e-08
68800.00000000009 2.8945168807655113e-08
68850.00000000009 1.4037923397666055e-08
68900.00000000009 4.5290734727066016e-08
68950.00000000009 4.815899474064157e-08
69000.00000000009 3.3831548080106245e-08
69050.00000000009 1.736628207439093e-08
69100.00000000009 4.0813409349764214e-08
69150.00000000009 5.5706384158944316e-08
69200.00000000009 3.844702037032749e-08
69250.00000000009 5.800299667598829e-08
69300.00000000009 4.349254407538768e-08
69350.00000000009 5.7601790879576735e-08
69400.00000000009 2.450433372278351e-08
69450.00000000009 5.136892038383796e-08
69500.00000000009 2.8226124972234747e-08
69550.00000000009 2.351759388986293e-08
69600.00000000009 7.123487727484484e-09
69650.00000000009 2.3319188627084602e-08
69700.00000000009 4.315545408830734e-08
69750.00000000009 2.7203935600564533e-08
69800.00000000009 4.053076895422334e-08
69850.00000000009 4.430341671351159e-08
69900.00000000009 3.164970987327772e-08
69950.00000000009 2.9609700029034786e-08
70000.00000000009 2.9513800734902647e-08
70050.00000000009 5.4009112079996445e-08
70100.00000000009 3.794444094443916e-08
70150.00000000009 3.7094850822350355e-08
70200.00000000009 2.3460366420830645e-08
70250.00000000009 3.067091801794325e-08
70300.00000000009 5.1287211633002133e-08
70350.00000000009 4.078707398491025e-08
70400.00000000009 2.2888629849538032e-08
70450.00000000009 5.5724594412365535e-09
70500.00000000009 1.9105128701464627e-08
70550.00000000009 1.8020484631143758e-08
70600.00000000009 2.1770428695337893e-08
70650.00000000009 4.172482840459815e-08
70700.00000000009 4.51007958013929e-08
70750.00000000009 6.384319587113674e-08
70800.00000000009 3.144209384206715e-08
70850.00000000009 3.086083133694164e-08
70900.00000000009 3.6751573788834766e-08
70950.00000000009 4.9566859210339405e-08
71000.00000000009 4.790834188980827e-08
71050.00000000009 4.743384117352311e-08
71100.00000000009 3.94344942510799e-08
71150.00000000009 2.6102764954490796e-08
71200.00000000009 2.4651979287223014e-08
71250.00000000009 3.817216287351679e-08
71300.00000000009 4.959045902828989e-08
71350.00000000009 4.994195764052083e-08
71400.00000000009 4.0841438162579486e-08
71450.00000000009 1.8423946545889788e-08
71500.00000000009 2.3142722274505695e-08
71550.00000000009 2.480551347920973e-08
71600.00000000009 3.249740797052942e-08
71650.00000000009 2.0707089272743755e-08
71700.00000000009 1.561029947922098e-08
71750.00000000009 3.087787769437756e-08
71800.00000000009 4.236305173314946e-08
71850.00000000009 4.176005773837102e-08
71900.00000000009 2.3609824028002017e-08
71950.00000000009 3.3624492533885206e-08
72000.00000000009 3.07944003146011e-08
72050.00000000009 1.615585881679432e-08
72100.00000000009 2.0414417793865338e-08
72150.00000000009 2.2993024580019807e-08
72200.00000000009 3.1861588262817845e-08
72250.00000000009 4.686832472441396e-08
72300.00000000009 2.9535801660641008e-08
72350.00000000009 3.2214269380379345e-08
72400.00000000009 3.0726748097485095e-08
72450.00000000009 2.557250686349478e-08
72500.00000000009 3.3385684020406735e-08
72550.00000000009 1.2962975276015247e-08
72600.00000000009 2.283365505752394e-08
72650.00000000009 4.018598329167971e-08
72700.00000000009 2.4837321923321812e-08
72750.00000000009 2.6469786368316398e-08
72800.00000000009 1.6583134688398513e-08
72850.00000000009 2.1950215700308246e-08
72900.00000000009 4.28776538387069e-08
72950.00000000009 2.550779718005424e-08
73000.00000000009 2.6486786230985245e-08
73050.00000000009 1.535185536046423e-08
73100.00000000009 1.8903253264804398e-08
73150.00000000009 4.261385506914472e-08
73200.00000000009 1.906688535555677e-08
73250.00000000009 2.4236163112946475e-08
73300.00000000009 1.8454307263179803e-08
73350.00000000009 1.3448875508710502e-08
73400.00000000009 2.313417548131161e-08
73450.00000000009 1.4640209743536995e-08
73500.00000000009 1.3421313258028191e-08
73550.00000000009 2.3062792016295404e-08
73600.00000000009 2.352519523915692e-08
73650.00000000009 2.307488209444713e-08
73700.00000000009 2.2479726904531865e-08
73750.00000000009 9.1412884337129e-09
73800.00000000009 1.9790221619519803e-08
73850.00000000009 2.7965081025955037e-08
73900.00000000009 1.6563995815426267e-08
73950.00000000009 1.744142174638384e-08
74000.00000000009 1.062285080711122e-08
74050.00000000009 3.229735093207216e-08
74100.00000000009 2.271804991456864e-08
74150.00000000009 2.375737095065013e-08
74200.00000000009 1.518930605183303e-08
74250.00000000009 4.429343199627156e-09
74300.00000000009 2.3397272349627244e-08
74350.00000000009 3.1689850946902744e-08
74400.00000000009 2.980506946598178e-08
74450.00000000009 1.3306065188914689e-08
74500.00000000009 8.43028562795851e-09
74550.00000000009 1.6663349389875853e-08
74600.00000000009 1.901418175419746e-08
74650.00000000009 1.889994416407126e-08
74700.00000000009 1.3469466802531645e-08
74750.00000000009 1.0591379838512393e-08
74800.00000000009 1.386126578140456e-08
74850.00000000009 2.3586245438931983e-08
74900.00000000009 3.17569268307854e-08
74950.00000000009 2.9086646456126157e-08
75000.00000000009 1.56809493692181e-08
75050.00000000009 6.229364433277985e-09
75100.00000000009 2.9232332511465625e-08
75150.00000000009 3.261194175381787e-08
75200.00000000009 3.178333963544277e-08
75250.00000000009 3.494436029570187e-08
75300.00000000009 2.77886234126247e-08
75350.00000000009 1.0023275471609375e-08
75400.00000000009 3.7138857892297485e-08
75450.00000000009 3.428202023149133e-08
75500.00000000009 3.083827815102896e-08
75550.00000000009 2.937094465967022e-08
75600.00000000009 3.625129569190461e-08
75650.00000000009 2.199292639377933e-08
75700.00000000009 3.48769888786609e-08
75750.00000000009 2.3538411052088027e-08
75800.00000000009 3.029072142959079e-08
75850.00000000009 3.558108603157882e-08
75900.00000000009 3.3020741709658585e-08
75950.00000000009 1.8901334946936154e-08
76000.00000000009 3.9710227517743e-08
76050.00000000009 3.4119570971329215e-08
76100.00000000009 3.271124332765293e-08
76150.00000000009 3.581797684500678e-08
76200.00000000009 3.221673994919533e-08
76250.00000000009 2.5526077810858593e-08
76300.00000000009 5.425305792656616e-08
76350.00000000009 6.133164956365095e-08
76400.00000000009 4.516876405980672e-08
76450.00000000009 3.722672686638019e-08
76500.00000000009 2.964598429422426e-08
76550.00000000009 1.3126126718920542e-08
76600.00000000009 3.793706094792666e-09
76650.00000000009 4.9259510803213185e-09
76700.00000000009 6.725355677810894e-09
76750.00000000009 6.526885853411197e-09
76800.00000000009 1.301129992452829e-08
76850.00000000009 6.663331911782231e-09
76900.00000000009 6.3881846898032685e-09
76950.00000000009 1.2952257832652427e-08
77000.00000000009 1.7780952950052483e-08
77050.00000000009 6.755609426269974e-09
77100.00000000009 9.035292434910552e-09
77150.00000000009 2.0319565083747983e-08
77200.00000000009 1.3625149544001827e-08
77250.00000000009 1.3430876742313582e-08
77300.00000000009 1.8875219877677437e-08
77350.00000000009 9.468783576217496e-09
77400.00000000009 1.253654791404709e-08
77450.00000000009 2.2712538249430237e-08
77500.00000000009 1.749476460723922e-08
77550.00000000009 1.555940241125026e-08
77600.00000000009 1.1725739675294398e-08
77650.00000000009 1.4495629146820792e-08
77700.00000000009 1.430621282086338e-08
77750.00000000009 2.5105647038087293e-08
77800.00000000009 2.62872634730245e-08
77850.00000000009 4.09922937118406e-08
77900.00000000009 2.23062749502663e-08
77950.00000000009 8.302701275298849e-09
78000.00000000009 1.9469338878053573e-08
78050.00000000009 1.9425047892977912e-08
78100.00000000009 2.0684223717078625e-08
78150.00000000009 3.215409134710489e-08
78200.00000000009 3.897941912833651e-08
78250.00000000009 3.556361066593959e-08
78300.00000000009 1.8670886383428038e-08
78350.00000000009 2.9383792064167415e-08
78400.00000000009 1.3485662688530343e-08
78450.00000000009 2.8684947712408765e-08
78500.00000000009 4.139106513289415e-08
78550.00000000009 4.524023055845071e-08
78600.00000000009 3.4867463569739e-08
78650.00000000009 7.684683201675663e-09
78700.00000000009 1.4810027529396353e-08
78750.00000000009 2.311269454817312e-08
78800.00000000009 2.2829261262180006e-08
78850.00000000009 1.0225106482902577e-08
78900.00000000009 2.2749165175297562e-08
78950.00000000009 3.0290299897997505e-08
79000.00000000009 2.543224146405368e-08
79050.00000000009 2.075925032622165e-08
79100.00000000009 2.8031224446996766e-08
79150.00000000009 2.2771690092198793e-08
79200.00000000009 2.6886117864287188e-08
79250.00000000009 1.6074179543297795e-08
79300.00000000009 1.78980059738106e-08
79350.00000000009 2.3378526710714854e-08
79400.00000000009 1.358850651597016e-08
79450.00000000009 3.724594306661402e-08
79500.00000000009 4.879046727066543e-08
79550.00000000009 4.343551311432987e-08
79600.00000000009 2.0847543375238424e-08
79650.00000000009 3.3137380441829296e-08
79700.00000000009 2.6692374208473088e-08
79750.00000000009 2.6159616953535966e-08
79800.00000000009 1.9149839787756815e-08
79850.00000000009 3.131439210622403e-08
79900.00000000009 5.5314176304060024e-08
79950.00000000009 5.105732369854797e-08
