galfind/configs/Brown_Dwarf_templates/sonora_cholla/logkzz2/3162g/800K_3162g_logkzz2_resample.dat
# %ECSV 1.0
# ---
# datatype:
# - {name: wav, unit: Angstrom, datatype: float64}
# - {name: flux_nu, unit: erg / (cm2 Hz s), datatype: float64}
# schema: astropy-2.0
wav flux_nu
[from data line 417]
23850.04800076804 1.6391858519666566e-09
23900.04800076804 2.966251774278572e-09
23950.04800076804 2.156529511004982e-09
24000.04800076804 3.5920597062644534e-09
24050.04800076804 3.564556683125397e-09
24100.04800076804 3.326686080938698e-09
24150.04800076804 4.2963904856869e-09
24200.04800076804 4.121265593540878e-09
24250.04800076804 3.357705217118087e-09
24300.04800076804 5.194882510813122e-09
24350.04800076804 3.6941421563914245e-09
24400.04800076804 6.5331245282055475e-09
24450.04800076804 5.723494994268703e-09
24500.04800076804 5.546448622748752e-09
24550.04800076804 7.329095024059623e-09
24600.04800076804 7.794739309247261e-09
24650.04800076804 9.123310658863573e-09
24700.04800076804 6.352763424255279e-09
24750.04800076804 6.865181574357047e-09
24800.04800076804 6.328100973255931e-09
24850.04800076804 9.75901523462979e-09
24900.04800076804 3.779828311320999e-09
24950.04800076804 7.582315178356292e-09
25000.04800076804 6.829427597311875e-09
25050.04800076804 3.741724023361701e-09
25100.04800076804 6.148059266178649e-09
25150.04800076804 3.1885747683611768e-09
25200.04800076804 4.453337064959933e-09
25250.04800076804 2.048256442935667e-09
25300.04800076804 3.0331324573497556e-09
25350.04800076804 1.4343883912029608e-09
25400.04800076804 3.46439371591136e-09
25450.04800076804 1.5293916810963903e-09
25500.04800076804 1.3868537282033996e-09
25550.04800076804 2.5271924258157533e-09
25600.04800076804 1.77672774476624e-09
25650.04800076804 8.506525227399348e-10
25700.04800076804 1.5388378707361662e-09
25750.04800076804 6.021981081627691e-10
25800.04800076804 2.137130647038199e-09
25850.04800076804 6.10090669328986e-10
25900.04800076804 1.0348209898449438e-09
25950.04800076804 3.913257054267188e-10
26000.04800076804 2.019392145128342e-09
26050.04800076804 5.686219248883531e-10
26100.04800076804 1.93923036853528e-09
26150.04800076804 1.0920942345824947e-09
26200.04800076804 1.2771535939852898e-09
26250.04800076804 4.17065241310155e-09
26300.04800076804 1.594066191130744e-09
26350.04800076804 5.671502483064143e-09
26400.04800076804 5.968954556666703e-09
26450.04800076804 4.570988002893193e-09
26500.04800076804 6.991858515513951e-09
26550.04800076804 1.9847500141187747e-09
26600.04800076804 2.1712764637051565e-09
26650.04800076804 6.663072446087694e-10
26700.04800076804 4.85089633419838e-10
26750.04800076804 5.047947122554479e-10
26800.04800076804 9.29662982875791e-10
26850.04800076804 5.577070197727889e-10
26900.04800076804 1.8207354653332237e-09
26950.04800076804 8.118988059295543e-10
27000.04800076804 2.8609769638526382e-09
27050.04800076804 2.9953633360520252e-09
27100.04800076804 9.999009653841612e-10
27150.04800076804 4.236434359714453e-09
27200.04800076804 9.953139800782516e-10
27250.04800076804 1.9335899572189385e-09
27300.04800076804 7.863039722967553e-09
27350.04800076804 3.721925380938644e-09
27400.04800076804 5.007917270561661e-10
27450.04800076804 4.449275332347865e-09
27500.04800076804 5.945221019554255e-09
27550.04800076804 1.3272981385440959e-09
27600.04800076804 2.9580467228300264e-09
27650.04800076804 1.1293543889114189e-09
27700.04800076804 9.494802416465598e-10
27750.04800076804 3.678148405995962e-09
27800.04800076804 1.5712700706824941e-09
27850.04800076804 1.8895707628074438e-09
27900.04800076804 2.6404683560261398e-09
27950.04800076804 5.1109640055443116e-09
28000.04800076804 3.6557700758914e-09
28050.04800076804 1.0229239289150287e-09
28100.04800076804 5.420459253964676e-09
28150.04800076804 3.4603174117449314e-09
28200.04800076804 1.3412771088506382e-09
28250.04800076804 6.55984401686396e-09
28300.04800076804 7.88778328531342e-09
28350.04800076804 1.6013745433963874e-09
28400.04800076804 4.910771729615938e-09
28450.04800076804 8.432742867869518e-09
28500.04800076804 4.589245170070553e-09
28550.04800076804 1.5578305773543768e-09
28600.04800076804 7.968768471533918e-09
28650.04800076804 6.401133071995173e-09
28700.04800076804 5.62454738555935e-09
28750.04800076804 1.0997653779801433e-08
28800.04800076804 8.837222638003916e-09
28850.04800076804 9.885288102981288e-09
28900.04800076804 4.837521976779285e-09
28950.04800076804 1.2563940140835758e-08
29000.04800076804 9.498196402571574e-09
29050.04800076804 1.0645405853424544e-08
29100.04800076804 7.515121947833986e-09
29150.04800076804 1.6677678903146116e-08
29200.04800076804 1.028107729134847e-08
29250.04800076804 1.4769287833654211e-08
29300.04800076804 8.748756964298024e-09
29350.04800076804 3.459649154925331e-08
29400.04800076804 1.074534276500983e-08
29450.04800076804 1.2420147023854096e-08
29500.04800076804 2.0960334717103487e-08
29550.04800076804 1.3883074942491257e-08
29600.04800076804 1.925946058145566e-08
29650.04800076804 2.2254361896975497e-08
29700.04800076804 1.1587773065678997e-08
29750.04800076804 1.9793088837367817e-08
29800.04800076804 1.9366683899121753e-08
29850.04800076804 2.9261940426500437e-08
29900.04800076804 2.8605840171793466e-08
29950.04800076804 2.0931270011952863e-08
30000.04800076804 5.2149155084403916e-09
30050.04800076804 9.325434995368413e-09
30100.04800076804 1.7571515145073786e-08
30150.04800076804 2.8326079712484087e-08
30200.04800076804 1.8686075813332547e-08
30250.04800076804 4.085295880265964e-08
30300.04800076804 3.502999259559279e-08
30350.04800076804 2.4160100459399315e-08
30400.04800076804 3.912888851354434e-08
30450.04800076804 2.468279048148605e-08
30500.04800076804 2.5163302069381738e-08
30550.04800076804 2.1800919767846913e-08
30600.04800076804 4.4399924696858905e-08
30650.04800076804 3.098368809674339e-08
30700.04800076804 2.2795623198351045e-08
30750.04800076804 2.8478325832463818e-08
30800.04800076804 2.2281297672714634e-08
30850.04800076804 2.413976260810579e-08
30900.04800076804 2.1444598470983656e-08
30950.04800076804 1.3004917151001144e-08
31000.04800076804 1.7208789952513763e-08
31050.04800076804 1.916587680545476e-08
31100.04800076804 1.2535830239942212e-08
31150.04800076804 1.5495269402702284e-08
31200.04800076804 2.3627426904017645e-08
31250.04800076804 1.223256076826411e-08
31300.04800076804 1.197358163379614e-08
31350.04800076804 1.3582988165401268e-08
31400.04800076804 8.95058729602886e-09
31450.04800076804 1.2020051175119508e-08
31500.04800076804 6.403095074720827e-09
31550.04800076804 8.331011188347064e-09
31600.04800076804 6.14940097907994e-09
31650.04800076804 4.988838627023442e-09
31700.04800076804 6.785989873226597e-09
31750.04800076804 3.1623328236578794e-09
31800.04800076804 6.2460367005458e-09
31850.04800076804 2.58717800925817e-09
31900.04800076804 4.809203061967434e-09
31950.04800076804 2.9221785711046207e-09
32000.04800076804 3.3323818711625667e-09
32050.04800076804 3.067010127278919e-09
32100.04800076804 2.3827178280930938e-09
32150.04800076804 3.5416535848192087e-09
32200.04800076804 2.0709667717060325e-09
32250.04800076804 4.2658888059361335e-09
32300.04800076804 1.7293686124395653e-09
32350.04800076804 4.909204038537831e-09
32400.04800076804 1.9322905368631476e-09
32450.04800076804 4.117638326994994e-09
32500.04800076804 2.492514650711893e-09
32550.04800076804 3.940948733628722e-09
32600.04800076804 3.205487285218478e-09
32650.04800076804 5.6087852417183274e-09
32700.04800076804 3.964925365749178e-09
32750.04800076804 8.152406475683282e-09
32800.04800076804 7.242805559396135e-09
32850.04800076804 1.1252999893715303e-08
32900.04800076804 1.1043554523236218e-08
32950.04800076804 1.2073873763663379e-08
33000.04800076804 7.494072455819756e-09
33050.04800076804 8.33269618228628e-09
33100.04800076804 3.3188825623566006e-09
33150.04800076804 7.867143076058584e-11
33200.04800076804 2.6787503506766174e-10
33250.04800076804 2.7522892161294924e-10
33300.04800076804 7.222946233607327e-10
33350.04800076804 1.872982828540566e-09
33400.04800076804 3.830187470819334e-09
33450.04800076804 3.6633939480745983e-09
33500.04800076804 8.446057159816934e-09
33550.04800076804 4.491832821266562e-09
33600.04800076804 7.179801976290958e-09
33650.04800076804 7.332790012332048e-09
33700.04800076804 4.283619930376217e-09
33750.04800076804 9.323652645190192e-09
33800.04800076804 2.566482723747455e-09
33850.04800076804 5.508250864540673e-09
33900.04800076804 5.501997234925038e-09
33950.04800076804 5.38868352598639e-09
34000.04800076804 8.334309322386192e-09
34050.04800076804 2.292072161410048e-09
34100.04800076804 6.887257098750807e-09
34150.04800076804 3.345469621671815e-09
34200.04800076804 6.272897159534405e-09
34250.04800076804 5.53988337203355e-09
34300.04800076804 3.992046133523964e-09
34350.04800076804 8.41218628696101e-09
34400.04800076804 3.666879432224117e-09
34450.04800076804 8.665532902482777e-09
34500.04800076804 5.63571952123596e-09
34550.04800076804 3.866693928705033e-09
34600.04800076804 1.1047308881079612e-08
34650.04800076804 3.3890283690923635e-09
34700.04800076804 7.711157829738153e-09
34750.04800076804 6.691304358653446e-09
34800.04800076804 3.903266605126362e-09
34850.04800076804 1.1321631478037703e-08
34900.04800076804 6.081614079144644e-09
34950.04800076804 9.575487988959799e-09
35000.04800076804 1.3640303814057171e-08
35050.04800076804 7.524673168446505e-09
35100.04800076804 1.6468446543867387e-08
35150.04800076804 1.3622805111177291e-08
35200.04800076804 1.3408442063227319e-08
35250.04800076804 1.9318292336311284e-08
35300.04800076804 8.546170738876848e-09
35350.04800076804 1.491316529404377e-08
35400.04800076804 1.3370017961153937e-08
35450.04800076804 1.0578721309635852e-08
35500.04800076804 2.5490378419064095e-08
35550.04800076804 1.6066826291109476e-08
35600.04800076804 1.9899335080121203e-08
35650.04800076804 2.1972099801791195e-08
35700.04800076804 1.5656793093191156e-08
35750.04800076804 3.1433310789118685e-08
35800.04800076804 2.325520535782908e-08
35850.04800076804 1.509439404611288e-08
35900.04800076804 2.483587910273641e-08
35950.04800076804 2.7505512178611123e-08
36000.04800076804 2.217463173370254e-08
36050.04800076804 2.5491886682883988e-08
36100.04800076804 2.182652432685568e-08
36150.04800076804 3.542654494043483e-08
36200.04800076804 3.69260534859297e-08
36250.04800076804 3.168056510334694e-08
36300.04800076804 4.542249896937849e-08
36350.04800076804 3.863002829593287e-08
36400.04800076804 5.129728013352635e-08
36450.04800076804 4.207884829692876e-08
36500.04800076804 4.3718480581597785e-08
36550.04800076804 6.572030527901079e-08
36600.04800076804 7.35298890992296e-08
36650.04800076804 5.87307477848758e-08
36700.04800076804 5.7244836856316086e-08
36750.04800076804 7.421534421550939e-08
36800.04800076804 7.402596717067534e-08
36850.04800076804 5.6093314688183835e-08
36900.04800076804 6.505923471615913e-08
36950.04800076804 7.903757580739754e-08
37000.04800076804 6.617374338934044e-08
37050.04800076804 8.077693000901838e-08
37100.04800076804 6.340907559625433e-08
37150.04800076804 7.880881790313415e-08
37200.04800076804 9.756695976301895e-08
37250.04800076804 6.611952174721681e-08
37300.04800076804 6.128641306790334e-08
37350.04800076804 8.952721498977976e-08
37400.04800076804 1.186354211450235e-07
37450.04800076804 7.113518003665069e-08
37500.04800076804 7.57747172384077e-08
37550.04800076804 1.259637846185883e-07
37600.04800076804 1.4777219726389127e-07
37650.04800076804 7.920227591712736e-08
37700.04800076804 1.1602703074353448e-07
37750.04800076804 8.446512053134043e-08
37800.04800076804 1.0357261545923191e-07
37850.04800076804 6.790709699029582e-08
37900.04800076804 8.619812673412479e-08
37950.04800076804 1.087568136060882e-07
38000.04800076804 1.2047295163243729e-07
38050.04800076804 1.147933238837698e-07
38100.04800076804 1.4520087043712592e-07
38150.04800076804 1.4495460160808987e-07
38200.04800076804 1.3097025142073185e-07
38250.04800076804 1.4044613926158983e-07
38300.04800076804 1.9311331654850963e-07
38350.04800076804 1.800983301491443e-07
38400.04800076804 1.1552477705215428e-07
38450.04800076804 1.05112070337583e-07
38500.04800076804 8.465958735950261e-08
38550.04800076804 1.3385430473451652e-07
38600.04800076804 1.3872158736946953e-07
38650.04800076804 1.5845829234385877e-07
38700.04800076804 1.689267025389687e-07
38750.04800076804 1.6325096002897165e-07
38800.04800076804 1.405617121961621e-07
38850.04800076804 1.736526628121476e-07
38900.04800076804 1.8514151981627806e-07
38950.04800076804 1.4705124434096152e-07
39000.04800076804 1.8731783212262987e-07
39050.04800076804 1.554187617547548e-07
39100.04800076804 1.6627823258657042e-07
39150.04800076804 1.8950046463182108e-07
39200.04800076804 1.7240642693793443e-07
39250.04800076804 2.0115184916234435e-07
39300.04800076804 1.8397286673324936e-07
39350.04800076804 2.3387232448099028e-07
39400.04800076804 1.9671607365948106e-07
39450.04800076804 2.1499345889661237e-07
39500.04800076804 2.301122711432214e-07
39550.04800076804 1.9106977427966892e-07
39600.04800076804 2.088758619996484e-07
39650.04800076804 2.6743435975662175e-07
39700.04800076804 2.3391763298891934e-07
39750.04800076804 1.6461813798538405e-07
39800.04800076804 1.8879639853178823e-07
39850.04800076804 2.7132083711523157e-07
39900.04800076804 2.7496159640247346e-07
39950.04800076804 2.2426579732390154e-07
40000.04800076804 2.8063080224684413e-07
40050.04800076804 2.644586846067461e-07
40100.04800076804 1.656700051123441e-07
40150.04800076804 2.6991204936853036e-07
40200.04800076804 2.839662763412317e-07
40250.04800076804 2.8931879949980993e-07
40300.04800076804 2.862657507859744e-07
40350.04800076804 2.0597267948765274e-07
40400.04800076804 2.818615403049194e-07
40450.04800076804 2.2641676601819337e-07
40500.04800076804 2.9479439995078477e-07
40550.04800076804 2.886016433945515e-07
40600.04800076804 2.890544116001833e-07
40650.04800076804 2.596118382234575e-07
40700.04800076804 3.59940200241254e-07
40750.04800076804 2.8707083730347444e-07
40800.04800076804 2.2717646085726754e-07
40850.04800076804 3.502786484169143e-07
40900.04800076804 3.432843088663021e-07
40950.04800076804 2.6143767272120775e-07
41000.04800076804 3.005576146607676e-07
41050.04800076804 3.50187382531282e-07
41100.04800076804 3.023388664736977e-07
41150.04800076804 2.118684557316649e-07
41200.04800076804 3.442362500394354e-07
41250.04800076804 3.137818332171571e-07
41300.04800076804 2.9515475909323535e-07
41350.04800076804 3.6453544396236267e-07
41400.04800076804 3.2122169012011526e-07
41450.04800076804 3.4668206370539834e-07
41500.04800076804 2.784394563241595e-07
41550.04800076804 2.5345190118165325e-07
41600.04800076804 2.9173297530999063e-07
41650.04800076804 3.381426918297908e-07
41700.04800076804 3.1657760895020214e-07
41750.04800076804 3.048778095907913e-07
41800.04800076804 3.631751732356166e-07
41850.04800076804 2.4387337501576687e-07
41900.04800076804 2.5456026330975045e-07
41950.04800076804 3.149356474430303e-07
42000.04800076804 3.3308742766491786e-07
42050.04800076804 2.8119744878133666e-07
42100.04800076804 3.5410022295889353e-07
42150.04800076804 2.6279890673314455e-07
42200.04800076804 2.7214363569117894e-07
42250.04800076804 2.588899283597603e-07
42300.04800076804 2.540760772056555e-07
42350.04800076804 3.0208899102868246e-07
42400.04800076804 3.1869594055106926e-07
42450.04800076804 2.678273136633808e-07
42500.04800076804 2.7250412209353484e-07
42550.04800076804 2.552524744312e-07
42600.04800076804 2.769254117729627e-07
42650.04800076804 3.5542690043285695e-07
42700.04800076804 2.3986251970454137e-07
42750.04800076804 2.2273868610219404e-07
42800.04800076804 2.7348878357471384e-07
42850.04800076804 3.0431498071847284e-07
42900.04800076804 3.136158237554542e-07
42950.04800076804 2.463289718722228e-07
43000.04800076804 2.9816975271054045e-07
43050.04800076804 1.6340113962465633e-07
43100.04800076804 2.668256054385789e-07
43150.04800076804 2.47629203320333e-07
43200.04800076804 2.6595727870513794e-07
43250.04800076804 3.7202531793258215e-07
43300.04800076804 3.4008518831636303e-07
43350.04800076804 1.9331319090565925e-07
43400.04800076804 2.7126888186400276e-07
43450.04800076804 2.1927056691510215e-07
43500.04800076804 2.406111301680416e-07
43550.04800076804 2.2652455765168638e-07
43600.04800076804 3.112190252441899e-07
