galfind/configs/Brown_Dwarf_templates/sonora_cholla/logkzz2/3162g/800K_3162g_logkzz2_resample.dat
# %ECSV 1.0
# ---
# datatype:
# - {name: wav, unit: Angstrom, datatype: float64}
# - {name: flux_nu, unit: erg / (cm2 Hz s), datatype: float64}
# schema: astropy-2.0
wav flux_nu
3000.0480007680403 nan
3050.0480007680403 0.0
3100.0480007680403 0.0
3150.0480007680403 0.0
3200.0480007680403 0.0
3250.0480007680403 0.0
3300.0480007680403 0.0
3350.0480007680403 0.0
3400.0480007680403 0.0
3450.0480007680403 0.0
3500.0480007680403 0.0
3550.0480007680403 0.0
3600.0480007680403 0.0
3650.0480007680403 0.0
3700.0480007680403 0.0
3750.0480007680403 0.0
3800.0480007680403 0.0
3850.0480007680403 0.0
3900.0480007680403 0.0
3950.0480007680403 0.0
4000.0480007680403 0.0
4050.0480007680403 0.0
4100.04800076804 0.0
4150.04800076804 0.0
4200.04800076804 0.0
4250.04800076804 0.0
4300.04800076804 0.0
4350.04800076804 0.0
4400.04800076804 0.0
4450.04800076804 0.0
4500.04800076804 0.0
4550.04800076804 0.0
4600.04800076804 0.0
4650.04800076804 0.0
4700.04800076804 0.0
4750.04800076804 0.0
4800.04800076804 0.0
4850.04800076804 0.0
4900.04800076804 0.0
4950.04800076804 0.0
5000.04800076804 1.3756448124309699e-11
5050.04800076804 3.439359308164327e-11
5100.04800076804 3.8250148936493285e-11
5150.04800076804 4.333828626206074e-11
5200.04800076804 4.935537164017992e-11
5250.04800076804 5.5417226121775296e-11
5300.04800076804 6.200497610651474e-11
5350.04800076804 6.925453464074539e-11
5400.04800076804 7.69760345781198e-11
5450.04800076804 8.590916569662734e-11
5500.04800076804 9.599714211983655e-11
5550.04800076804 1.074922362448902e-10
5600.04800076804 1.2005394068766806e-10
5650.04800076804 1.3367888763265124e-10
5700.04800076804 1.4778954133379527e-10
5750.04800076804 1.6343103564017269e-10
5800.04800076804 1.7835108368379032e-10
5850.04800076804 1.8885442723041923e-10
5900.04800076804 1.0820994462193536e-10
5950.04800076804 1.6070743316538809e-10
6000.04800076804 2.7604490391260935e-10
6050.04800076804 3.307724040487689e-10
6100.04800076804 3.870742920304527e-10
6150.04800076804 4.4833693264491585e-10
6200.04800076804 5.171802975805666e-10
6250.04800076804 5.921977433198019e-10
6300.04800076804 6.808762822765911e-10
6350.04800076804 7.815142736437153e-10
6400.04800076804 8.866730415364363e-10
6450.04800076804 9.632846667845686e-10
6500.04800076804 1.0810987159353054e-09
6550.04800076804 1.229671097032445e-09
6600.04800076804 1.3849287661606985e-09
6650.04800076804 1.5735071764520546e-09
6700.04800076804 1.8041021700272485e-09
6750.04800076804 2.0366892184855987e-09
6800.04800076804 2.2728318557804763e-09
6850.04800076804 2.5268115755507823e-09
6900.04800076804 2.557667299865667e-09
6950.04800076804 2.5750139191224067e-09
7000.04800076804 2.8396300197793352e-09
7050.04800076804 2.9302087425108494e-09
7100.04800076804 3.116640786241512e-09
7150.04800076804 2.8931291357737248e-09
7200.04800076804 2.9105323113426556e-09
7250.04800076804 3.2420696743833956e-09
7300.04800076804 3.395903170963008e-09
7350.04800076804 3.707984812240912e-09
7400.04800076804 4.066075522106968e-09
7450.04800076804 4.47450341602225e-09
7500.04800076804 4.797581695242178e-09
7550.04800076804 5.12985878900705e-09
7600.04800076804 5.4469292334199534e-09
7650.04800076804 5.689936423091716e-09
7700.04800076804 4.746605300629564e-09
7750.04800076804 3.707252259149458e-09
7800.04800076804 6.394347403456188e-09
7850.04800076804 7.122004441106249e-09
7900.04800076804 7.89589203904139e-09
7950.04800076804 8.682102234625348e-09
8000.04800076804 9.278518959312358e-09
8050.04800076804 9.800780057468542e-09
8100.04800076804 9.006045504594407e-09
8150.04800076804 8.735913275217571e-09
8200.04800076804 1.0792434162232623e-08
8250.04800076804 1.0880686950283566e-08
8300.04800076804 1.1865958005237529e-08
8350.04800076804 1.2417876191698524e-08
8400.04800076804 1.3250616837139587e-08
8450.04800076804 1.4646038650515224e-08
8500.04800076804 1.600957074175658e-08
8550.04800076804 1.7532982423045493e-08
8600.04800076804 1.9250370390061457e-08
8650.04800076804 2.0663847926210993e-08
8700.04800076804 2.1657494567686397e-08
8750.04800076804 2.3076589594594024e-08
8800.04800076804 2.382687264222891e-08
8850.04800076804 2.275591347368738e-08
8900.04800076804 1.6508791122062727e-08
8950.04800076804 1.5271092471822274e-08
9000.04800076804 1.5411537254064555e-08
9050.04800076804 2.361265049998841e-08
9100.04800076804 2.4637439183462144e-08
9150.04800076804 2.4025245842271024e-08
9200.04800076804 2.6638999022203924e-08
9250.04800076804 2.2239067717994343e-08
9300.04800076804 3.4231320515615087e-09
9350.04800076804 5.8158368819202644e-09
9400.04800076804 1.4335783610731263e-08
9450.04800076804 1.1243173681468627e-08
9500.04800076804 1.002569192789469e-08
9550.04800076804 1.0627089849161275e-08
9600.04800076804 1.1058944018819438e-08
9650.04800076804 1.3967514667404088e-08
9700.04800076804 2.0509306007029182e-08
9750.04800076804 2.2053594056737433e-08
9800.04800076804 2.567249191488941e-08
9850.04800076804 3.031498064131253e-08
9900.04800076804 3.663077878437155e-08
9950.04800076804 3.9025445169807785e-08
10000.04800076804 4.412515342239317e-08
10050.04800076804 4.6159337312315945e-08
10100.04800076804 5.070659006044297e-08
10150.04800076804 5.346611216961137e-08
10200.04800076804 5.632571926868779e-08
10250.04800076804 6.100168251992119e-08
10300.04800076804 6.58498258744787e-08
10350.04800076804 6.697170672261776e-08
10400.04800076804 7.196615630491891e-08
10450.04800076804 7.476058517587224e-08
10500.04800076804 7.659810219630586e-08
10550.04800076804 7.850584867053442e-08
10600.04800076804 7.848181675871965e-08
10650.04800076804 7.833251534016832e-08
10700.04800076804 7.667567664827268e-08
10750.04800076804 7.592833209788776e-08
10800.04800076804 7.391236739957657e-08
10850.04800076804 7.022052809818533e-08
10900.04800076804 5.9460747163869205e-08
10950.04800076804 3.9362050476416435e-08
11000.04800076804 2.6704727952456682e-08
11050.04800076804 1.572178779622137e-08
11100.04800076804 8.901605831459397e-09
11150.04800076804 5.102723971104739e-09
11200.04800076804 5.356276878215965e-09
11250.04800076804 8.06052956188419e-09
11300.04800076804 9.161190353928167e-09
11350.04800076804 4.006010122503061e-09
11400.04800076804 1.2124512813378189e-08
11450.04800076804 7.824664499454533e-09
11500.04800076804 8.29955009984697e-09
11550.04800076804 4.416659516124086e-09
11600.04800076804 3.953134381349762e-09
11650.04800076804 7.152110756126317e-09
11700.04800076804 8.30682360548762e-09
11750.04800076804 5.189531394580548e-09
11800.04800076804 1.2769687391406775e-08
11850.04800076804 1.8325072249237516e-08
11900.04800076804 2.296573362095358e-08
11950.04800076804 3.001085521890586e-08
12000.04800076804 3.733605334319989e-08
12050.04800076804 4.558997229735335e-08
12100.04800076804 5.329812576884672e-08
12150.04800076804 6.235984035176458e-08
12200.04800076804 6.962643182815369e-08
12250.04800076804 7.85502971418983e-08
12300.04800076804 8.903453468085801e-08
12350.04800076804 9.370017714166447e-08
12400.04800076804 1.0594457554557634e-07
12450.04800076804 1.166054341864875e-07
12500.04800076804 1.2454591264480868e-07
12550.04800076804 1.3231565047429417e-07
12600.04800076804 1.3773155732407744e-07
12650.04800076804 1.3990237314071426e-07
12700.04800076804 1.4086163655889117e-07
12750.04800076804 1.3254276256188776e-07
12800.04800076804 1.25794172232696e-07
12850.04800076804 1.0882235416743042e-07
12900.04800076804 9.850104108009621e-08
12950.04800076804 9.010489541250665e-08
13000.04800076804 9.027091435181171e-08
13050.04800076804 7.79691253885282e-08
13100.04800076804 7.826153114659968e-08
13150.04800076804 6.251320109531299e-08
13200.04800076804 6.00697479569302e-08
13250.04800076804 4.266673729708815e-08
13300.04800076804 2.1590339140550588e-08
13350.04800076804 7.366615633791555e-09
13400.04800076804 1.7072484148990686e-09
13450.04800076804 7.329508913863489e-10
13500.04800076804 3.304843742875047e-10
13550.04800076804 1.5486228413290626e-10
13600.04800076804 8.06433427804891e-11
13650.04800076804 3.526221654722241e-10
13700.04800076804 2.300802987080996e-10
13750.04800076804 6.011441005116237e-10
13800.04800076804 7.196393860385267e-10
13850.04800076804 2.909434613769743e-10
13900.04800076804 3.4002837876176236e-10
13950.04800076804 3.4222221348724194e-10
14000.04800076804 4.27228070649059e-10
14050.04800076804 5.847345114026713e-10
14100.04800076804 4.4047862088653885e-10
14150.04800076804 7.541795386552033e-10
14200.04800076804 5.361192517090054e-10
14250.04800076804 6.562091308251503e-10
14300.04800076804 1.7184994937320503e-09
14350.04800076804 1.4995223253955856e-09
14400.04800076804 1.5027705917249825e-09
14450.04800076804 2.4487075940934916e-09
14500.04800076804 4.680178435439176e-09
14550.04800076804 4.7498210474862514e-09
14600.04800076804 8.888199654086623e-09
14650.04800076804 7.443771928167778e-09
14700.04800076804 4.640499552562489e-09
14750.04800076804 6.519260288398614e-09
14800.04800076804 7.580985984122922e-09
14850.04800076804 8.579179199463404e-09
14900.04800076804 9.216564788243012e-09
14950.04800076804 1.2070332235596647e-08
15000.04800076804 1.59478158746488e-08
15050.04800076804 1.8294433446442506e-08
15100.04800076804 1.9035286048899738e-08
15150.04800076804 1.901144901806186e-08
15200.04800076804 2.4041946973500198e-08
15250.04800076804 3.212976822437499e-08
15300.04800076804 3.638289346832338e-08
15350.04800076804 4.3960784262817194e-08
15400.04800076804 5.050345309735081e-08
15450.04800076804 5.538880795026653e-08
15500.04800076804 6.06867475510868e-08
15550.04800076804 6.906361217987091e-08
15600.04800076804 7.639317755705708e-08
15650.04800076804 8.242398564176998e-08
15700.04800076804 9.142502804349504e-08
15750.04800076804 9.53098493204642e-08
15800.04800076804 9.774791242384055e-08
15850.04800076804 1.0085444359390381e-07
15900.04800076804 9.696544052059123e-08
15950.04800076804 9.260271814300612e-08
16000.04800076804 8.171192100636944e-08
16050.04800076804 6.434926170595824e-08
16100.04800076804 4.941581657035331e-08
16150.04800076804 3.4380734787367506e-08
16200.04800076804 2.229099673954592e-08
16250.04800076804 1.8676866586841958e-08
16300.04800076804 1.5298156338704043e-08
16350.04800076804 1.6786322517454713e-08
16400.04800076804 1.9205573743913425e-08
16450.04800076804 2.0301153476470816e-08
16500.04800076804 2.227919532541497e-08
16550.04800076804 2.1816011317268458e-08
16600.04800076804 2.642554223800623e-08
16650.04800076804 1.6601696104832964e-08
16700.04800076804 6.114524472504453e-09
16750.04800076804 1.3487125023943026e-08
16800.04800076804 1.885580306494254e-08
16850.04800076804 1.8182058905997623e-08
16900.04800076804 1.4467271025681455e-08
16950.04800076804 1.208215431476417e-08
17000.04800076804 9.412609575319671e-09
17050.04800076804 1.327242880747949e-08
17100.04800076804 1.615571569099172e-08
17150.04800076804 1.3222905661268262e-08
17200.04800076804 2.081991321714978e-08
17250.04800076804 1.5564703883148217e-08
17300.04800076804 1.315643789380054e-08
17350.04800076804 1.2736521649860341e-08
17400.04800076804 1.3847956619790457e-08
17450.04800076804 1.4909828377890224e-08
17500.04800076804 1.647999143462205e-08
17550.04800076804 1.3080445079186202e-08
17600.04800076804 1.1454333082403532e-08
17650.04800076804 9.763305334956612e-09
17700.04800076804 7.875843353798158e-09
17750.04800076804 6.00348663737142e-09
17800.04800076804 7.633070761088738e-09
17850.04800076804 4.632158062413265e-09
17900.04800076804 4.7644169090149926e-09
17950.04800076804 2.8735413155514285e-09
18000.04800076804 4.148115769677342e-09
18050.04800076804 2.3509386966605066e-09
18100.04800076804 2.6812100665095925e-09
18150.04800076804 2.911682507031253e-09
18200.04800076804 1.7188883086825686e-09
18250.04800076804 4.97636659986183e-09
18300.04800076804 1.6355805136854512e-09
18350.04800076804 1.536350490349152e-09
18400.04800076804 1.1477965393210775e-09
18450.04800076804 3.1284918681071312e-09
18500.04800076804 2.924230113454546e-09
18550.04800076804 1.7764254554755329e-09
18600.04800076804 1.8824365240544557e-09
18650.04800076804 1.324421222688325e-09
18700.04800076804 7.082317128670885e-10
18750.04800076804 1.4761296889924748e-09
18800.04800076804 5.318256419415878e-09
18850.04800076804 5.206268057950322e-09
18900.04800076804 4.277140908382239e-09
18950.04800076804 8.300628964922248e-09
19000.04800076804 3.2542353178475825e-09
19050.04800076804 1.9504138830317088e-09
19100.04800076804 4.518020913521131e-09
19150.04800076804 2.3520814671912778e-09
19200.04800076804 3.92381965477896e-09
19250.04800076804 2.6950406187106166e-09
19300.04800076804 2.1036241482752175e-09
19350.04800076804 2.2732237198537323e-09
19400.04800076804 1.5426539341530809e-09
19450.04800076804 3.0689993746030557e-09
19500.04800076804 3.1756352799706194e-09
19550.04800076804 2.514214882957693e-09
19600.04800076804 3.7040364299660517e-09
19650.04800076804 4.697223461998699e-09
19700.04800076804 4.917478223441734e-09
19750.04800076804 6.374989984360649e-09
19800.04800076804 6.2205808736687784e-09
19850.04800076804 9.079542859032366e-09
19900.04800076804 7.57376390211601e-09
19950.04800076804 1.1073456240526332e-08
20000.04800076804 1.0439072410849355e-08
20050.04800076804 1.1445973979196173e-08
20100.04800076804 1.3915520510313868e-08
20150.04800076804 1.1963281248406665e-08
20200.04800076804 1.2328700988057495e-08
20250.04800076804 1.562323587629128e-08
20300.04800076804 1.5197039531004137e-08
20350.04800076804 1.6970977157849076e-08
20400.04800076804 1.6172529486423e-08
20450.04800076804 1.9566066971824077e-08
20500.04800076804 2.015506403973156e-08
20550.04800076804 2.0465576310321846e-08
20600.04800076804 2.1485022086779062e-08
20650.04800076804 2.188744213390673e-08
20700.04800076804 2.1858520964359924e-08
20750.04800076804 2.2440597547332305e-08
20800.04800076804 2.21264811195673e-08
20850.04800076804 2.256976028814079e-08
20900.04800076804 2.2617693610038733e-08
20950.04800076804 2.21446565690977e-08
21000.04800076804 2.1820667936862145e-08
21050.04800076804 2.1555881707413515e-08
21100.04800076804 2.11415349309356e-08
21150.04800076804 2.0992597087669375e-08
21200.04800076804 2.032554094520337e-08
21250.04800076804 1.973325437494963e-08
21300.04800076804 1.8694171789462752e-08
21350.04800076804 1.8161022743049545e-08
21400.04800076804 1.7992523471700255e-08
21450.04800076804 1.6243986627863796e-08
21500.04800076804 1.5925472659498364e-08
21550.04800076804 1.54015927602354e-08
21600.04800076804 1.446739070631664e-08
21650.04800076804 1.3418205810008054e-08
21700.04800076804 1.3820883785336691e-08
21750.04800076804 1.293922094227288e-08
21800.04800076804 1.1458125393577844e-08
21850.04800076804 1.0286757723435504e-08
21900.04800076804 8.973970231955071e-09
21950.04800076804 5.51955020390626e-09
22000.04800076804 1.8253088259253078e-09
22050.04800076804 2.0412449756216455e-09
22100.04800076804 4.579659564798806e-09
22150.04800076804 4.502611145483459e-09
22200.04800076804 4.10410377040785e-09
22250.04800076804 3.911977106530118e-09
22300.04800076804 2.77144954801534e-09
22350.04800076804 2.9211783662326444e-09
22400.04800076804 1.881333380060333e-09
22450.04800076804 1.793955127287322e-09
22500.04800076804 1.932204279617624e-09
22550.04800076804 1.2482305169712736e-09
22600.04800076804 1.4680217872534586e-09
22650.04800076804 1.9254899975890644e-09
22700.04800076804 1.5620142577736918e-09
22750.04800076804 1.6585054925529417e-09
22800.04800076804 1.8451182164173303e-09
22850.04800076804 1.4862856247694785e-09
22900.04800076804 1.2535106271946143e-09
22950.04800076804 1.0435890233496738e-09
23000.04800076804 1.3315830870761268e-09
23050.04800076804 1.6834939411085946e-09
23100.04800076804 4.345751291721227e-09
23150.04800076804 3.875435387653913e-09
23200.04800076804 5.632518873228962e-10
23250.04800076804 1.2465250521858846e-09
23300.04800076804 1.2542145923483578e-09
23350.04800076804 1.1023009288114085e-09
23400.04800076804 1.1407362481541646e-09
23450.04800076804 8.783914568615516e-10
23500.04800076804 9.152611659418476e-10
23550.04800076804 1.4749953140563467e-09
23600.04800076804 2.1535804013519606e-09
23650.04800076804 2.4385144775993728e-09
23700.04800076804 7.840624923340995e-10
23750.04800076804 8.750200700621273e-10
