galfind/configs/Brown_Dwarf_templates/sonora_cholla/logkzz2/3162g/850K_3162g_logkzz2_resample.dat
# %ECSV 1.0
# ---
# datatype:
# - {name: wav, unit: Angstrom, datatype: float64}
# - {name: flux_nu, unit: erg / (cm2 Hz s), datatype: float64}
# schema: astropy-2.0
wav flux_nu
[from data line 773]
48650.000000000095 2.1272690567815276e-07
48700.000000000095 2.447437404034221e-07
48750.000000000095 1.4176990756551325e-07
48800.000000000095 2.5057177795715357e-07
48850.000000000095 1.5555050953821152e-07
48900.000000000095 2.2396327199410067e-07
48950.000000000095 1.5511155175045685e-07
49000.000000000095 1.0313802788953167e-07
49050.000000000095 2.1777628467111014e-07
49100.000000000095 2.0574114802056617e-07
49150.000000000095 2.0728263425716422e-07
49200.000000000095 2.3105175352661722e-07
49250.000000000095 2.6158683704622784e-07
49300.000000000095 2.1214071913009267e-07
49350.000000000095 1.288856784634554e-07
49400.000000000095 1.6701056045050949e-07
49450.000000000095 1.693434677099957e-07
49500.000000000095 1.517413962522122e-07
49550.000000000095 5.606967563229087e-08
49600.000000000095 1.1252250424052162e-07
49650.000000000095 1.6178219912122092e-07
49700.000000000095 1.852514126727693e-07
49750.000000000095 2.091450719917429e-07
49800.000000000095 1.4723600257928204e-07
49850.000000000095 2.4971785590363893e-07
49900.000000000095 2.3404645724300766e-07
49950.000000000095 1.947734282692415e-07
50000.000000000095 1.9271264956294893e-07
50050.000000000095 2.1392441632932056e-07
50100.000000000095 1.869967991763872e-07
50150.000000000095 1.0726415492751653e-07
50200.000000000095 4.2165498975712665e-08
50250.000000000095 1.337405307626236e-07
50300.000000000095 9.708102472553117e-08
50350.000000000095 2.0853724594290238e-07
50400.000000000095 2.0316339440612589e-07
50450.000000000095 1.4819333421774134e-07
50500.000000000095 2.259849971954371e-07
50550.000000000095 2.3707968703015973e-07
50600.000000000095 1.5958300349650887e-07
50650.000000000095 2.1733212048757235e-07
50700.000000000095 2.591511681065437e-07
50750.000000000095 1.7314965045374243e-07
50800.000000000095 8.942881538033173e-08
50850.000000000095 6.602379796805156e-08
50900.000000000095 2.0372488485929524e-07
50950.000000000095 1.9448969529254577e-07
51000.000000000095 1.6634394637869672e-07
51050.000000000095 1.8876701756048657e-07
51100.000000000095 8.861887040046073e-08
51150.000000000095 1.0967847853087636e-07
51200.000000000095 2.5179095107459815e-07
51250.000000000095 1.6772566947231861e-07
51300.000000000095 1.2739163797868266e-07
51350.000000000095 1.4776029415235457e-07
51400.000000000095 7.753968137451546e-08
51450.000000000095 6.511679584713365e-08
51500.000000000095 5.527185473515581e-08
51550.000000000095 1.3310104770665305e-07
51600.000000000095 1.1140559695625584e-07
51650.000000000095 1.3741143538771485e-07
51700.000000000095 1.4569072373189087e-07
51750.000000000095 9.747305238180703e-08
51800.000000000095 1.8712391251563737e-07
51850.000000000095 1.5222429596278557e-07
51900.000000000095 2.003701241707545e-07
51950.000000000095 1.3823159878246864e-07
52000.000000000095 3.404542057429453e-08
52050.000000000095 8.621898193517098e-08
52100.000000000095 6.784147859119118e-08
52150.000000000095 4.893285551699977e-08
52200.000000000095 7.540672935854082e-08
52250.000000000095 1.1459348321482998e-07
52300.000000000095 1.7830207505764243e-07
52350.000000000095 7.864451173959763e-08
52400.000000000095 7.582910189270518e-08
52450.000000000095 1.5959437731112996e-07
52500.000000000095 1.4571783396519474e-07
52550.000000000095 1.3983729494896226e-07
52600.000000000095 1.1875842054834208e-07
52650.000000000095 1.249701881325245e-07
52700.000000000095 9.281470560022964e-08
52750.000000000095 6.188650719774997e-08
52800.000000000095 7.904870499238454e-08
52850.000000000095 9.483752264623796e-08
52900.000000000095 6.308997472265727e-08
52950.000000000095 8.499499702661182e-08
53000.000000000095 1.405708743556997e-07
53050.000000000095 5.6754883855596034e-08
53100.000000000095 1.523764209979596e-07
53150.000000000095 1.7149207538003527e-07
53200.000000000095 7.238742240986214e-08
53250.000000000095 1.4818226105540643e-07
53300.000000000095 1.6685891700645147e-07
53350.000000000095 1.6363742676156008e-07
53400.000000000095 1.3190334296908704e-07
53450.000000000095 5.1842529531617547e-08
53500.000000000095 2.5251731455681865e-08
53550.000000000095 4.298712377634135e-08
53600.000000000095 9.347821319463478e-08
53650.000000000095 7.918030355757963e-08
53700.000000000095 7.157074471470632e-08
53750.000000000095 6.622398673688629e-08
53800.000000000095 7.109649418272597e-08
53850.000000000095 1.0507033949836401e-07
53900.000000000095 1.272374544955963e-07
53950.000000000095 1.468502789986669e-07
54000.000000000095 9.636397639613151e-08
54050.000000000095 9.866624827839567e-08
54100.000000000095 3.5417105097514095e-08
54150.000000000095 5.4036349650902445e-08
54200.000000000095 2.01267463997543e-08
54250.000000000095 3.3656275087336004e-08
54300.000000000095 6.347537565058156e-08
54350.000000000095 8.806621059249798e-08
54400.000000000095 8.116464312084902e-08
54450.000000000095 7.45907936596715e-08
54500.000000000095 6.748456292218596e-08
54550.000000000095 5.628745655184471e-08
54600.000000000095 6.557893341522498e-08
54650.000000000095 2.399887422517491e-08
54700.000000000095 7.70358768582304e-08
54750.000000000095 6.95352079340432e-08
54800.000000000095 4.398251458474649e-08
54850.000000000095 5.768117665140648e-08
54900.000000000095 8.917839218805385e-08
54950.000000000095 1.2269286283982057e-07
55000.000000000095 5.009858935198286e-08
55050.000000000095 7.185339826657595e-08
55100.000000000095 8.276262369305213e-08
55150.000000000095 5.6410819996026526e-08
55200.000000000095 4.867909630293719e-08
55250.000000000095 6.215762960867464e-08
55300.000000000095 4.133180956429231e-08
55350.000000000095 7.551886627411268e-08
55400.000000000095 8.801978256221513e-08
55450.000000000095 5.753829146108099e-08
55500.000000000095 2.8067824290631887e-08
55550.000000000095 3.56905843080968e-08
55600.000000000095 4.481421454906039e-08
55650.000000000095 3.8812402580375216e-08
55700.000000000095 4.592224332493475e-08
55750.000000000095 4.670404321469703e-08
55800.000000000095 2.778080812248073e-08
55850.000000000095 3.054381133829935e-08
55900.000000000095 6.448982607425945e-08
55950.000000000095 9.033362170081054e-08
56000.000000000095 3.8329812335520966e-08
56050.000000000095 4.9406691917866095e-08
56100.000000000095 6.394155326199561e-08
56150.000000000095 4.0029359061257746e-08
56200.000000000095 4.7530017410012126e-08
56250.000000000095 7.232287126398988e-08
56300.000000000095 5.6167146001955524e-08
56350.000000000095 4.726820598896727e-08
56400.000000000095 2.526333960554415e-08
56450.000000000095 2.3250995762346894e-08
56500.000000000095 4.975731548282123e-08
56550.000000000095 2.4310547145179495e-08
56600.000000000095 6.378406493667643e-08
56650.000000000095 6.663898119203025e-08
56700.000000000095 6.48842210018617e-08
56750.000000000095 2.7759851801349467e-08
56800.000000000095 4.8720276019386755e-08
56850.000000000095 4.91223240786229e-08
56900.000000000095 3.497546457527624e-08
56950.000000000095 6.103835357923677e-08
57000.000000000095 7.396992654955992e-08
57050.000000000095 4.1482979909408326e-08
57100.000000000095 1.7570894617597952e-08
57150.000000000095 3.090619473650735e-08
57200.000000000095 2.415134869781992e-08
57250.000000000095 3.4659422663183065e-08
57300.000000000095 4.676075937936919e-08
57350.000000000095 2.749453838484975e-08
57400.000000000095 6.130792753273602e-08
57450.000000000095 4.138569493612613e-08
57500.000000000095 3.578104264700512e-08
57550.000000000095 4.872734095346673e-08
57600.000000000095 4.5802151143428454e-08
57650.000000000095 1.5957961366971575e-08
57700.000000000095 2.4328327617751914e-08
57750.000000000095 3.4982250890540294e-08
57800.000000000095 1.4726899481355492e-08
57850.000000000095 7.867421542690079e-08
57900.000000000095 9.343078750593252e-08
57950.000000000095 9.435857598569148e-08
58000.000000000095 3.8894253612551816e-08
58050.000000000095 5.6778952392529566e-08
58100.000000000095 6.037550591372794e-08
58150.000000000095 4.222822880410916e-08
58200.000000000095 1.7305540662104236e-08
58250.000000000095 2.378768312875363e-08
58300.000000000095 2.422277600838926e-08
58350.000000000095 2.771476194825644e-08
58400.000000000095 5.050768727629425e-08
58450.000000000095 5.96658811469554e-08
58500.000000000095 5.795822765806877e-08
58550.000000000095 5.508155637850437e-08
58600.000000000095 2.808581429533643e-08
58650.000000000095 3.474560253687483e-08
58700.000000000095 4.135192544815998e-08
58750.000000000095 4.2700075424184736e-08
58800.000000000095 1.289022606795208e-08
58850.000000000095 3.114860800624961e-08
58900.000000000095 4.013937162224476e-08
58950.000000000095 2.1316619732219593e-08
59000.000000000095 4.274181248248549e-08
59050.000000000095 5.575197724673943e-08
59100.000000000095 6.007697778527984e-08
59150.000000000095 4.625142708478957e-08
59200.000000000095 4.831398114576203e-08
59250.000000000095 5.050252760456268e-08
59300.000000000095 4.679385877784205e-08
59350.000000000095 1.5674444588966825e-08
59400.000000000095 1.5133930398183587e-08
59450.000000000095 4.5378906585001236e-08
59500.000000000095 2.497449308865124e-08
59550.000000000095 5.359190147740385e-08
59600.000000000095 6.624768936381808e-08
59650.000000000095 3.669452930573652e-08
59700.000000000095 2.6861913059978682e-08
59750.000000000095 7.648781233044158e-08
59800.000000000095 3.77491025214607e-08
59850.000000000095 5.151949201182358e-08
59900.000000000095 2.1631966420680254e-08
59950.000000000095 4.369428871581872e-08
60000.000000000095 8.80088465595481e-08
60050.000000000095 8.033512906363347e-08
60100.000000000095 6.757065129598387e-08
60150.000000000095 3.63310326609403e-08
60200.000000000095 5.418251699268542e-08
60250.000000000095 8.417105938700759e-08
60300.000000000095 7.731560899955316e-08
60350.000000000095 4.5668221461829226e-08
60400.000000000095 5.2308804083154157e-08
60450.000000000095 2.0086492394032742e-08
60500.000000000095 1.0259082436674574e-08
60550.000000000095 4.847400831716365e-08
60600.000000000095 5.6118551748039916e-08
60650.000000000095 4.0264374836227734e-08
60700.000000000095 3.186058368079952e-08
60750.000000000095 1.880836395145987e-08
60800.000000000095 5.552786908616329e-08
60850.000000000095 9.257462826369672e-08
60900.000000000095 8.151423413798212e-08
60950.000000000095 6.421855078572676e-08
61000.000000000095 6.289197512411237e-08
61050.000000000095 3.10047598385756e-08
61100.000000000095 3.930522297729969e-08
61150.000000000095 1.6843818976991733e-08
61200.000000000095 6.256477126841673e-08
61250.000000000095 6.517343559202639e-08
61300.000000000095 5.329142268549056e-08
61350.000000000095 8.51142301854948e-08
61400.000000000095 3.944122630050883e-08
61450.000000000095 2.2803777171734625e-08
61500.000000000095 2.4760750251451745e-08
61550.000000000095 4.0080759982796605e-08
61600.000000000095 2.31952518991271e-08
61650.000000000095 3.8508618760903456e-08
61700.000000000095 4.075468602520013e-08
61750.000000000095 4.6664850602132455e-08
61800.000000000095 4.4163581540745344e-08
61850.000000000095 2.3081181221226495e-08
61900.000000000095 7.12778424424137e-08
61950.000000000095 8.099420264860448e-08
62000.000000000095 7.070448356171329e-08
62050.000000000095 8.246750695402993e-08
62100.000000000095 6.120898176958908e-08
62150.000000000095 7.63807386372859e-08
62200.000000000095 6.686283780044899e-08
62250.000000000095 5.320947572353883e-08
62300.000000000095 1.01066355337282e-07
62350.000000000095 8.97723371259506e-08
62400.000000000095 5.136765013193084e-08
62450.000000000095 6.225636033190123e-08
62500.000000000095 9.74452717184209e-08
62550.000000000095 1.1644027233278992e-07
62600.000000000095 9.576925300367054e-08
62650.000000000095 7.401964349610407e-08
62700.000000000095 6.700133599290919e-08
62750.000000000095 9.624814374950144e-08
62800.000000000095 5.871693596524537e-08
62850.000000000095 8.399449729887554e-08
62900.000000000095 7.351345776350721e-08
62950.000000000095 1.2070998929218403e-07
63000.000000000095 8.079541315515443e-08
63050.000000000095 1.418682475808326e-07
63100.000000000095 1.3308432612795756e-07
63150.000000000095 8.917889296889887e-08
63200.000000000095 9.2352056366949e-08
63250.000000000095 1.0686104681951007e-07
63300.000000000095 7.819211119760402e-08
63350.000000000095 8.037821784601096e-08
63400.000000000095 3.960908090831968e-08
63450.000000000095 2.571956373638779e-08
63500.000000000095 7.591457670227594e-08
63550.000000000095 9.039469623945646e-08
63600.000000000095 8.420209492644678e-08
63650.000000000095 6.37850684416099e-08
63700.000000000095 2.914491841580182e-08
63750.000000000095 5.214000186119286e-08
63800.000000000095 8.815217277480582e-08
63850.000000000095 7.247583961913638e-08
63900.000000000095 3.64124123163757e-08
63950.000000000095 6.329169164908808e-08
64000.000000000095 7.833722519454591e-08
64050.000000000095 4.3174386734035335e-08
64100.000000000095 1.3326041953998529e-08
64150.000000000095 2.0334141099746686e-08
64200.000000000095 2.3926582294321138e-08
64250.000000000095 4.7884802332975545e-08
64300.000000000095 3.833106211090841e-08
64350.000000000095 2.998859877367131e-08
64400.000000000095 6.301088743434913e-08
64450.000000000095 6.589804025524557e-08
64500.000000000095 3.06055422611526e-08
64550.000000000095 5.521434331795426e-08
64600.000000000095 3.747083389262066e-08
64650.000000000095 5.743073302987254e-08
64700.000000000095 2.338814851373508e-08
64750.000000000095 3.1975219678577854e-08
64800.000000000095 2.497019682787733e-08
64850.000000000095 2.1191594356008886e-08
64900.000000000095 2.349787438947693e-08
64950.000000000095 2.0896482832531944e-08
65000.000000000095 2.9290525148521452e-08
65050.000000000095 4.1065680558651524e-08
65100.000000000095 5.1365357834699494e-08
65150.000000000095 3.302100968887848e-08
65200.000000000095 2.026041679654317e-08
65250.000000000095 3.7829305927978316e-08
65300.000000000095 4.1237896174136595e-08
65350.000000000095 8.116362773891346e-08
65400.000000000095 3.6696902991879786e-08
65450.000000000095 3.684325565878306e-08
65500.000000000095 4.3650591784759347e-08
65550.00000000009 2.4430596996275655e-08
65600.00000000009 4.258767728576365e-08
65650.00000000009 3.4047720192410825e-08
65700.00000000009 3.211010471954595e-08
65750.00000000009 2.2871289480996817e-08
65800.00000000009 3.9507575448358394e-08
65850.00000000009 5.5129081149684175e-08
65900.00000000009 2.1978374458519852e-08
65950.00000000009 2.6219003351160162e-08
66000.00000000009 3.334768910438658e-08
66050.00000000009 6.426864361315225e-08
66100.00000000009 3.788019835804391e-08
66150.00000000009 3.373739085649765e-08
66200.00000000009 3.084122257759587e-08
66250.00000000009 2.3885268490466634e-08
66300.00000000009 1.1922057924492214e-08
66350.00000000009 1.4338472316777874e-08
66400.00000000009 2.320887919090428e-08
66450.00000000009 4.787099778262066e-08
66500.00000000009 6.635644638000213e-08
66550.00000000009 5.8543826674443184e-08
66600.00000000009 4.714528182919712e-08
66650.00000000009 4.1419636772328763e-08
66700.00000000009 3.2785359469413553e-08
66750.00000000009 3.097935990853814e-08
66800.00000000009 3.9799696784253547e-08
66850.00000000009 2.6902221579248734e-08
66900.00000000009 6.223863164207458e-08
66950.00000000009 6.567426734810641e-08
67000.00000000009 7.706501480545511e-08
67050.00000000009 4.2754832473041776e-08
67100.00000000009 3.07287610888252e-08
67150.00000000009 3.4865859593806354e-08
67200.00000000009 4.905716121499691e-08
67250.00000000009 4.330063880983323e-08
67300.00000000009 5.758642340047112e-08
67350.00000000009 3.2224244560348085e-08
67400.00000000009 6.761910437886578e-08
67450.00000000009 4.492557954762752e-08
67500.00000000009 4.4411144634357916e-08
67550.00000000009 6.660313971167492e-08
67600.00000000009 1.0783303548526638e-07
67650.00000000009 7.814301572510953e-08
67700.00000000009 5.349931252450693e-08
67750.00000000009 3.995093271379676e-08
67800.00000000009 5.5772762716589836e-08
67850.00000000009 2.935620757886258e-08
67900.00000000009 3.686624542172473e-08
67950.00000000009 2.6789344611606307e-08
