galfind/configs/Brown_Dwarf_templates/sonora_cholla/logkzz2/3162g/850K_3162g_logkzz2_resample.dat
# %ECSV 1.0
# ---
# datatype:
# - {name: wav, unit: Angstrom, datatype: float64}
# - {name: flux_nu, unit: erg / (cm2 Hz s), datatype: float64}
# schema: astropy-2.0
wav flux_nu
[from data line 1161]
68050.00000000009 5.729331232131415e-08
68100.00000000009 7.55330281849057e-08
68150.00000000009 6.463807459007606e-08
68200.00000000009 6.035149497503953e-08
68250.00000000009 1.9994193783359736e-08
68300.00000000009 5.8537060740036754e-08
68350.00000000009 5.132009472467408e-08
68400.00000000009 8.449316111575149e-08
68450.00000000009 7.368016116797077e-08
68500.00000000009 5.499444961132285e-08
68550.00000000009 2.9219196716352484e-08
68600.00000000009 3.1691810744285524e-08
68650.00000000009 1.828444841554403e-08
68700.00000000009 3.684061398759955e-08
68750.00000000009 5.274547654931781e-08
68800.00000000009 5.839655609156039e-08
68850.00000000009 2.8181701980688994e-08
68900.00000000009 8.432373166031392e-08
68950.00000000009 8.93334162303956e-08
69000.00000000009 6.82488764170593e-08
69050.00000000009 3.7944410693227656e-08
69100.00000000009 8.000755475050319e-08
69150.00000000009 1.0036482251218063e-07
69200.00000000009 6.481611003761433e-08
69250.00000000009 1.000494582467644e-07
69300.00000000009 7.44600187229813e-08
69350.00000000009 9.669816602879781e-08
69400.00000000009 4.369265059147704e-08
69450.00000000009 9.235279627730018e-08
69500.00000000009 5.0877608889974574e-08
69550.00000000009 4.9637036543978364e-08
69600.00000000009 1.6708956940800424e-08
69650.00000000009 4.644822121985366e-08
69700.00000000009 8.027235790792042e-08
69750.00000000009 5.4019334057839045e-08
69800.00000000009 7.388516972452156e-08
69850.00000000009 8.161594940485964e-08
69900.00000000009 6.142153010911142e-08
69950.00000000009 5.824827535391898e-08
70000.00000000009 5.339068485293197e-08
70050.00000000009 9.417052410720471e-08
70100.00000000009 6.460097520310362e-08
70150.00000000009 6.708996977891359e-08
70200.00000000009 4.550270277050074e-08
70250.00000000009 5.996732184683953e-08
70300.00000000009 9.195403562059085e-08
70350.00000000009 7.080419106661318e-08
70400.00000000009 4.4886475170976325e-08
70450.00000000009 1.5429231359594983e-08
70500.00000000009 3.704635335010194e-08
70550.00000000009 3.6717088912154474e-08
70600.00000000009 4.133505146213522e-08
70650.00000000009 7.584003769649289e-08
70700.00000000009 7.397745594327103e-08
70750.00000000009 1.0236687235424279e-07
70800.00000000009 5.535463595213229e-08
70850.00000000009 5.292598731854169e-08
70900.00000000009 6.039518445833327e-08
70950.00000000009 8.203005090218174e-08
71000.00000000009 7.694751897457974e-08
71050.00000000009 7.604981001528259e-08
71100.00000000009 6.57026493114211e-08
71150.00000000009 5.040241955888588e-08
71200.00000000009 4.5654377120707864e-08
71250.00000000009 6.233820486573926e-08
71300.00000000009 7.888142505193073e-08
71350.00000000009 8.038894401974369e-08
71400.00000000009 7.067375248725218e-08
71450.00000000009 3.6352681659891144e-08
71500.00000000009 4.313471770727755e-08
71550.00000000009 4.6276446069078515e-08
71600.00000000009 5.936698876094675e-08
71650.00000000009 4.2739075901748626e-08
71700.00000000009 3.318070699669569e-08
71750.00000000009 5.5342292379400557e-08
71800.00000000009 7.19697882851629e-08
71850.00000000009 7.110552283198755e-08
71900.00000000009 4.275164643506883e-08
71950.00000000009 5.651845273413779e-08
72000.00000000009 5.249586187688869e-08
72050.00000000009 3.288882858906932e-08
72100.00000000009 3.999553898611486e-08
72150.00000000009 3.984056541082637e-08
72200.00000000009 5.481404923969473e-08
72250.00000000009 7.296954670454574e-08
72300.00000000009 5.1394494064051926e-08
72350.00000000009 5.4750866934767054e-08
72400.00000000009 5.1453843924985077e-08
72450.00000000009 4.378308695670202e-08
72500.00000000009 5.6074269390505396e-08
72550.00000000009 2.544957614510474e-08
72600.00000000009 4.01266421016511e-08
72650.00000000009 6.404067828534869e-08
72700.00000000009 4.791154827340366e-08
72750.00000000009 4.9040186772235876e-08
72800.00000000009 3.413833159244483e-08
72850.00000000009 4.0630243393453516e-08
72900.00000000009 7.04528403276849e-08
72950.00000000009 4.722582295078667e-08
73000.00000000009 4.81486944140876e-08
73050.00000000009 3.1605245620243085e-08
73100.00000000009 3.4532607063862796e-08
73150.00000000009 7.273518913798747e-08
73200.00000000009 3.5850539688914246e-08
73250.00000000009 4.5607084267383115e-08
73300.00000000009 3.810134741874277e-08
73350.00000000009 2.8618251592666937e-08
73400.00000000009 4.41906671368727e-08
73450.00000000009 2.9396091559572967e-08
73500.00000000009 2.7319722045414647e-08
73550.00000000009 4.4520934713745865e-08
73600.00000000009 4.127064869074765e-08
73650.00000000009 4.3604660090609394e-08
73700.00000000009 4.5034189283413805e-08
73750.00000000009 2.2284118584449144e-08
73800.00000000009 3.906514456442388e-08
73850.00000000009 4.9151892700587615e-08
73900.00000000009 3.656064716125609e-08
73950.00000000009 3.526905203207292e-08
74000.00000000009 2.4508475468243128e-08
74050.00000000009 6.129505798400932e-08
74100.00000000009 4.1513593829407624e-08
74150.00000000009 4.402533018806637e-08
74200.00000000009 3.387689755721667e-08
74250.00000000009 1.3582042803030359e-08
74300.00000000009 4.1587887676639063e-08
74350.00000000009 5.6013602244548034e-08
74400.00000000009 5.3254807093963195e-08
74450.00000000009 2.6714085197807896e-08
74500.00000000009 2.0182930735906285e-08
74550.00000000009 3.5509133928461576e-08
74600.00000000009 3.688009394857921e-08
74650.00000000009 3.6152042693402246e-08
74700.00000000009 2.6941319222091538e-08
74750.00000000009 2.4627926645410426e-08
74800.00000000009 3.066841812394899e-08
74850.00000000009 3.8065729372137025e-08
74900.00000000009 5.629448834688502e-08
74950.00000000009 5.3452260146647785e-08
75000.00000000009 3.203880306068637e-08
75050.00000000009 1.7896764940882036e-08
75100.00000000009 5.6048273446646976e-08
75150.00000000009 5.3196969244892376e-08
75200.00000000009 5.598262382340269e-08
75250.00000000009 6.314039097309029e-08
75300.00000000009 5.514173519472746e-08
75350.00000000009 2.417851295255856e-08
75400.00000000009 6.630601307319202e-08
75450.00000000009 5.5168717288778104e-08
75500.00000000009 5.0714260649957904e-08
75550.00000000009 5.3569752188172515e-08
75600.00000000009 6.894333385592662e-08
75650.00000000009 4.502583565764647e-08
75700.00000000009 5.8067781894418545e-08
75750.00000000009 3.939674503910427e-08
75800.00000000009 5.452021927650066e-08
75850.00000000009 6.402230130602036e-08
75900.00000000009 5.686459515010635e-08
75950.00000000009 3.4915505036487053e-08
76000.00000000009 6.249361864205338e-08
76050.00000000009 5.7646804689134065e-08
76100.00000000009 5.6578953363910965e-08
76150.00000000009 6.137316535615787e-08
76200.00000000009 5.7586257166656045e-08
76250.00000000009 5.479391394288839e-08
76300.00000000009 9.360718953087113e-08
76350.00000000009 1.0535650716819576e-07
76400.00000000009 7.745201174466196e-08
76450.00000000009 6.946362978073096e-08
76500.00000000009 5.617241472491619e-08
76550.00000000009 3.065074886657654e-08
76600.00000000009 1.1040377983541996e-08
76650.00000000009 1.4255831863299468e-08
76700.00000000009 1.717587138351328e-08
76750.00000000009 1.6389319945900666e-08
76800.00000000009 2.964811209038706e-08
76850.00000000009 1.3421878435993428e-08
76900.00000000009 1.5488519880359273e-08
76950.00000000009 2.690170294734096e-08
77000.00000000009 3.258207303432878e-08
77050.00000000009 1.702352255887995e-08
77100.00000000009 2.1095162589685276e-08
77150.00000000009 3.550279597247653e-08
77200.00000000009 2.7788341778952433e-08
77250.00000000009 2.9728047662809758e-08
77300.00000000009 3.371174560575233e-08
77350.00000000009 1.7967781934339458e-08
77400.00000000009 2.2397012550234127e-08
77450.00000000009 3.3495028184155033e-08
77500.00000000009 2.8344044717194304e-08
77550.00000000009 2.8852676575162125e-08
77600.00000000009 2.692165095756224e-08
77650.00000000009 2.975970992951938e-08
77700.00000000009 2.790790254023585e-08
77750.00000000009 4.430374353017433e-08
77800.00000000009 4.14094895472454e-08
77850.00000000009 6.528608062941047e-08
77900.00000000009 4.317479285583894e-08
77950.00000000009 2.0855899013557205e-08
78000.00000000009 3.7074007612710676e-08
78050.00000000009 3.568087238470209e-08
78100.00000000009 3.400256908771302e-08
78150.00000000009 5.354694849722715e-08
78200.00000000009 5.8460743643410195e-08
78250.00000000009 6.099906117809152e-08
78300.00000000009 4.129783524954423e-08
78350.00000000009 5.235570605849163e-08
78400.00000000009 2.972553980977477e-08
78450.00000000009 5.483404812191687e-08
78500.00000000009 6.687965997020241e-08
78550.00000000009 7.085138971549253e-08
78600.00000000009 5.824691435661034e-08
78650.00000000009 1.8997287011773225e-08
78700.00000000009 3.096416119442795e-08
78750.00000000009 3.921170536543454e-08
78800.00000000009 4.727302762382067e-08
78850.00000000009 2.2654156402026512e-08
78900.00000000009 4.302078419310602e-08
78950.00000000009 5.015694034385549e-08
79000.00000000009 4.6382784589484404e-08
79050.00000000009 3.93420454739679e-08
79100.00000000009 4.663488828375838e-08
79150.00000000009 4.5299999719508205e-08
79200.00000000009 5.069663386088478e-08
79250.00000000009 3.499189935780888e-08
79300.00000000009 3.280654358114186e-08
79350.00000000009 4.688945873213794e-08
79400.00000000009 3.080991739940056e-08
79450.00000000009 6.302903531711592e-08
79500.00000000009 8.141532855418829e-08
79550.00000000009 7.085699686363246e-08
79600.00000000009 3.5414330196670934e-08
79650.00000000009 5.300390499036077e-08
79700.00000000009 4.9647361437580086e-08
79750.00000000009 5.158369671060555e-08
79800.00000000009 3.7289760894129714e-08
79850.00000000009 5.175566090793705e-08
79900.00000000009 8.961946850058937e-08
79950.00000000009 7.56943797260866e-08
