galfind/configs/Brown_Dwarf_templates/sonora_cholla/logkzz2/3162g/900K_3162g_logkzz2_resample.dat
# %ECSV 1.0
# ---
# datatype:
# - {name: wav, unit: Angstrom, datatype: float64}
# - {name: flux_nu, unit: erg / (cm2 Hz s), datatype: float64}
# schema: astropy-2.0
wav flux_nu
[from data line 1162]
68100.00000000009 9.763815452568598e-08
68150.00000000009 8.21767957960529e-08
68200.00000000009 7.958683251696871e-08
68250.00000000009 2.928882051231471e-08
68300.00000000009 7.491956169090586e-08
68350.00000000009 5.998734959894282e-08
68400.00000000009 1.0559685008957662e-07
68450.00000000009 9.40757047489225e-08
68500.00000000009 7.312508827306944e-08
68550.00000000009 4.172615551554521e-08
68600.00000000009 4.5164331121902404e-08
68650.00000000009 2.7136081853268994e-08
68700.00000000009 5.136130322082526e-08
68750.00000000009 7.042300277034321e-08
68800.00000000009 7.832250260456499e-08
68850.00000000009 3.8830836433952164e-08
68900.00000000009 1.0877802578495946e-07
68950.00000000009 1.1572168370352621e-07
69000.00000000009 9.169075681359498e-08
69050.00000000009 5.284948708301424e-08
69100.00000000009 1.0539096155215441e-07
69150.00000000009 1.2792511025411733e-07
69200.00000000009 8.110600127840349e-08
69250.00000000009 1.2551189359232186e-07
69300.00000000009 9.225049802479734e-08
69350.00000000009 1.1962027604800594e-07
69400.00000000009 5.65411120464477e-08
69450.00000000009 1.1780811811741102e-07
69500.00000000009 6.626251665644768e-08
69550.00000000009 6.777577286160783e-08
69600.00000000009 2.398320542508154e-08
69650.00000000009 6.208723751728897e-08
69700.00000000009 1.0380902403436224e-07
69750.00000000009 7.171912683489768e-08
69800.00000000009 9.487854089909764e-08
69850.00000000009 1.0491595616860356e-07
69900.00000000009 8.033030101438209e-08
69950.00000000009 7.708922669963345e-08
70000.00000000009 6.874942287858136e-08
70050.00000000009 1.1826983992343152e-07
70100.00000000009 8.126337582607124e-08
70150.00000000009 8.557714211665762e-08
70200.00000000009 5.998368466454979e-08
70250.00000000009 7.880793435221931e-08
70300.00000000009 1.1573962465545927e-07
70350.00000000009 8.867460425438191e-08
70400.00000000009 5.997620249686182e-08
70450.00000000009 2.3191312686787382e-08
70500.00000000009 4.944131953370202e-08
70550.00000000009 4.9627552494243753e-08
70600.00000000009 5.481122222219015e-08
70650.00000000009 9.698923668361676e-08
70700.00000000009 9.134645896282523e-08
70750.00000000009 1.2400969973015823e-07
70800.00000000009 7.045403341775213e-08
70850.00000000009 6.66265860623879e-08
70900.00000000009 7.485629929904349e-08
70950.00000000009 1.0196117274713803e-07
71000.00000000009 9.405102058109572e-08
71050.00000000009 9.318558355063965e-08
71100.00000000009 8.161856003910256e-08
71150.00000000009 6.63326920566156e-08
71200.00000000009 5.962396276262537e-08
71250.00000000009 7.717637828939348e-08
71300.00000000009 9.69301723172396e-08
71350.00000000009 9.830682626878585e-08
71400.00000000009 8.897222038481796e-08
71450.00000000009 4.786384039777835e-08
71500.00000000009 5.662404257034859e-08
71550.00000000009 6.0443729190347e-08
71600.00000000009 7.673686996995315e-08
71650.00000000009 5.793229346474017e-08
71700.00000000009 4.547533194850772e-08
71750.00000000009 7.037292588530925e-08
71800.00000000009 8.981018389931617e-08
71850.00000000009 8.935572080702963e-08
71900.00000000009 5.540803973898268e-08
71950.00000000009 7.071741783212478e-08
72000.00000000009 6.613650522893275e-08
72050.00000000009 4.4453890108946245e-08
72100.00000000009 5.3396153627501293e-08
72150.00000000009 5.119903021314627e-08
72200.00000000009 6.913105698763315e-08
72250.00000000009 8.841141855995685e-08
72300.00000000009 6.54508038696354e-08
72350.00000000009 6.870098955248416e-08
72400.00000000009 6.424006042168331e-08
72450.00000000009 5.471216658108177e-08
72500.00000000009 7.003503037023108e-08
72550.00000000009 3.4668873552356855e-08
72600.00000000009 5.08140953168421e-08
72650.00000000009 7.815113308808702e-08
72700.00000000009 6.291869950806933e-08
72750.00000000009 6.257849280638106e-08
72800.00000000009 4.620164948694823e-08
72850.00000000009 5.2859703995904056e-08
72900.00000000009 8.624109377551616e-08
72950.00000000009 6.100051903315498e-08
73000.00000000009 6.224907485630061e-08
73050.00000000009 4.290514594121468e-08
73100.00000000009 4.4740661138368276e-08
73150.00000000009 9.069314222747453e-08
73200.00000000009 4.7036455616629683e-08
73250.00000000009 5.907554255618064e-08
73300.00000000009 5.167382640918821e-08
73350.00000000009 3.930936055600057e-08
73400.00000000009 5.800768961806068e-08
73450.00000000009 3.9466185316967134e-08
73500.00000000009 3.6828967659619474e-08
73550.00000000009 5.8182841855785026e-08
73600.00000000009 5.1819638122777744e-08
73650.00000000009 5.683961853978168e-08
73700.00000000009 6.003833255948915e-08
73750.00000000009 3.200805703236523e-08
73800.00000000009 5.169981281161065e-08
73850.00000000009 6.23599182526829e-08
73900.00000000009 5.0650542897561865e-08
73950.00000000009 4.7388751443061857e-08
74000.00000000009 3.446142799718384e-08
74050.00000000009 7.947841346020855e-08
74100.00000000009 5.325178984813007e-08
74150.00000000009 5.690136606525135e-08
74200.00000000009 4.6369273503560446e-08
74250.00000000009 2.096951921508591e-08
74300.00000000009 5.2846170522098876e-08
74350.00000000009 7.080513477778975e-08
74400.00000000009 6.672814797139151e-08
74450.00000000009 3.5521057010875234e-08
74500.00000000009 3.005696537663533e-08
74550.00000000009 4.821622931775727e-08
74600.00000000009 4.875004603410377e-08
74650.00000000009 4.7771490211828457e-08
74700.00000000009 3.6255335418932365e-08
74750.00000000009 3.495328691565874e-08
74800.00000000009 4.233399677917742e-08
74850.00000000009 4.738284907267712e-08
74900.00000000009 7.12734904430821e-08
74950.00000000009 6.839478048844033e-08
75000.00000000009 4.39696880449451e-08
75050.00000000009 2.6544298933230866e-08
75100.00000000009 7.295229695711965e-08
75150.00000000009 6.572539516680721e-08
75200.00000000009 7.130789058298443e-08
75250.00000000009 7.991826083135932e-08
75300.00000000009 7.209200100507472e-08
75350.00000000009 3.435833563582061e-08
75400.00000000009 8.322193534710762e-08
75450.00000000009 6.782944710230481e-08
75500.00000000009 6.328537990180503e-08
75550.00000000009 6.863278012815716e-08
75600.00000000009 8.90117403301116e-08
75650.00000000009 5.918727163907629e-08
75700.00000000009 7.199673396365454e-08
75750.00000000009 4.9762277622049685e-08
75800.00000000009 6.972364596334413e-08
75850.00000000009 8.128179188671446e-08
75900.00000000009 7.161891803061053e-08
75950.00000000009 4.5706396945018195e-08
76000.00000000009 7.634472438761406e-08
76050.00000000009 7.238013408638488e-08
76100.00000000009 7.111547978099278e-08
76150.00000000009 7.706148714109074e-08
76200.00000000009 7.338472668930185e-08
76250.00000000009 7.389307287426012e-08
76300.00000000009 1.1564596271481449e-07
76350.00000000009 1.3020024152007446e-07
76400.00000000009 9.630103918952307e-08
76450.00000000009 8.8984653807691e-08
76500.00000000009 7.291443266403551e-08
76550.00000000009 4.309566938734433e-08
76600.00000000009 1.690274397590182e-08
76650.00000000009 2.191056847464724e-08
76700.00000000009 2.4279867589797558e-08
76750.00000000009 2.3548456898888033e-08
76800.00000000009 4.1216297072348646e-08
76850.00000000009 1.818480245168562e-08
76900.00000000009 2.2462857458192366e-08
76950.00000000009 3.660216553923784e-08
77000.00000000009 4.277740982254973e-08
77050.00000000009 2.476795972414674e-08
77100.00000000009 2.9405445769943225e-08
77150.00000000009 4.566420411569206e-08
77200.00000000009 3.7403125533967225e-08
77250.00000000009 4.067240867932486e-08
77300.00000000009 4.335528030555139e-08
77350.00000000009 2.4445671088317224e-08
77400.00000000009 2.8964399210051448e-08
77450.00000000009 4.0610986803600943e-08
77500.00000000009 3.454845908278462e-08
77550.00000000009 3.789557325256353e-08
77600.00000000009 3.7879933110093777e-08
77650.00000000009 4.00007879095819e-08
77700.00000000009 3.584014418648171e-08
77750.00000000009 5.639707785657805e-08
77800.00000000009 5.069946553473243e-08
77850.00000000009 7.880149699416017e-08
77900.00000000009 5.616780333634833e-08
77950.00000000009 3.00260519100871e-08
78000.00000000009 4.887848021600616e-08
78050.00000000009 4.650825374103113e-08
78100.00000000009 4.192404828372569e-08
78150.00000000009 6.646651759469787e-08
78200.00000000009 7.006167755493794e-08
78250.00000000009 7.596894781612144e-08
78300.00000000009 5.652847543153032e-08
78350.00000000009 6.582443893897763e-08
78400.00000000009 4.18073994481021e-08
78450.00000000009 7.099369801486746e-08
78500.00000000009 8.155866691356441e-08
78550.00000000009 8.518540433588673e-08
78600.00000000009 7.216591522034352e-08
78650.00000000009 2.719017727318067e-08
78700.00000000009 4.2073951578175714e-08
78750.00000000009 4.944923355490753e-08
78800.00000000009 6.303518064393675e-08
78850.00000000009 3.14522931907882e-08
78900.00000000009 5.7134857159711086e-08
78950.00000000009 6.247007529347788e-08
79000.00000000009 5.904195694589707e-08
79050.00000000009 5.125285279703506e-08
79100.00000000009 5.808666369477038e-08
79150.00000000009 5.982986214947841e-08
79200.00000000009 6.536215009738687e-08
79250.00000000009 4.79242563280405e-08
79300.00000000009 4.24027115032196e-08
79350.00000000009 6.22977369349184e-08
79400.00000000009 4.3084709154850575e-08
79450.00000000009 7.839160819022633e-08
79500.00000000009 1.001553184643717e-07
79550.00000000009 8.635920271005449e-08
79600.00000000009 4.473771454998718e-08
79650.00000000009 6.552378263290294e-08
79700.00000000009 6.46096359417841e-08
79750.00000000009 6.801092408735841e-08
79800.00000000009 4.964842080624293e-08
79850.00000000009 6.39903239701971e-08
79900.00000000009 1.0872262852541241e-07
79950.00000000009 8.865830489372064e-08
