galfind/configs/Brown_Dwarf_templates/sonora_cholla/logkzz2/3162g/900K_3162g_logkzz2_resample.dat
# %ECSV 1.0
# ---
# datatype:
# - {name: wav, unit: Angstrom, datatype: float64}
# - {name: flux_nu, unit: erg / (cm2 Hz s), datatype: float64}
# schema: astropy-2.0
wav flux_nu
10000.000000000093 nan
10050.000000000093 1.3135780497597257e-07
10100.000000000093 1.476625013524932e-07
10150.000000000093 1.5577903069150228e-07
10200.000000000093 1.6625046517193569e-07
10250.000000000093 1.7729501034410204e-07
10300.000000000093 1.8991564379075139e-07
10350.000000000093 1.9778487207668163e-07
10400.000000000093 2.0717141688382766e-07
10450.000000000093 2.1185393488275477e-07
10500.000000000093 2.145794174070263e-07
10550.000000000093 2.1750960690252448e-07
10600.000000000093 2.15808463116986e-07
10650.000000000093 2.1464163124744673e-07
10700.000000000093 2.0979778118795048e-07
10750.000000000093 2.0676674416353367e-07
10800.000000000093 2.005922187617215e-07
10850.000000000093 1.8914465641567794e-07
10900.000000000093 1.5440744376973283e-07
10950.000000000093 9.794598546371064e-08
11000.000000000093 6.763556568000257e-08
11050.000000000093 4.199405753662178e-08
11100.000000000093 2.6102256412407362e-08
11150.000000000093 1.6711058879434438e-08
11200.000000000093 1.791522002731932e-08
11250.000000000093 2.5383400500719227e-08
11300.000000000093 2.7360846662284583e-08
11350.000000000093 1.2889837015557463e-08
11400.000000000093 3.338358735148418e-08
11450.000000000093 2.3126801235156085e-08
11500.000000000093 2.492244103511594e-08
11550.000000000093 1.4923301098803525e-08
11600.000000000093 1.4190399712204898e-08
11650.000000000093 2.2134171064776977e-08
11700.000000000093 2.4666532316193867e-08
11750.000000000093 1.6887692503603485e-08
11800.000000000093 3.459793286383796e-08
11850.000000000093 4.8495533257956896e-08
11900.000000000093 5.969759679762123e-08
11950.000000000093 7.677309970787483e-08
12000.000000000093 9.325524374134068e-08
12050.000000000093 1.1175103608955395e-07
12100.000000000093 1.2921785291402016e-07
12150.000000000093 1.4930954861177797e-07
12200.000000000093 1.66654565157888e-07
12250.000000000093 1.8622984127977935e-07
12300.000000000093 2.0792294441052226e-07
12350.000000000093 2.1741199483412418e-07
12400.000000000093 2.430455138596206e-07
12450.000000000093 2.646608260617539e-07
12500.000000000093 2.8032181161699385e-07
12550.000000000093 2.942694420979619e-07
12600.000000000093 2.997426969095894e-07
12650.000000000093 2.99468662600645e-07
12700.000000000093 2.989604794421095e-07
12750.000000000093 2.8286498403314536e-07
12800.000000000093 2.7294557247226094e-07
12850.000000000093 2.3926810591525013e-07
12900.000000000093 2.1910500864076987e-07
12950.000000000093 2.0402937808873745e-07
13000.000000000093 2.0246628263632283e-07
13050.000000000093 1.8012951587189755e-07
13100.000000000093 1.7762595914752878e-07
13150.000000000093 1.4518423949682504e-07
13200.000000000093 1.3713585329620826e-07
13250.000000000093 9.757971467049044e-08
13300.000000000093 5.288402409354486e-08
13350.000000000093 1.8141172819608094e-08
13400.000000000093 5.374511759582529e-09
13450.000000000093 2.852383456890808e-09
13500.000000000093 1.4533002719229663e-09
13550.000000000093 8.541762043663781e-10
13600.000000000093 5.242634768210388e-10
13650.000000000093 1.7755977211082902e-09
13700.000000000093 1.263503273285472e-09
13750.000000000093 2.538937996644134e-09
13800.000000000093 3.1217874749866434e-09
13850.000000000093 1.5602589522811785e-09
13900.000000000093 1.6470657906544184e-09
13950.000000000093 1.6340374529605041e-09
14000.000000000093 1.8500117482739032e-09
14050.000000000093 2.4691410741810055e-09
14100.000000000093 1.8650376774856683e-09
14150.000000000093 2.896773781743297e-09
14200.000000000093 2.13665671727984e-09
14250.000000000093 2.478415592148902e-09
14300.000000000093 5.329482619432005e-09
14350.000000000093 4.841383208697113e-09
14400.000000000093 4.918123003080031e-09
14450.000000000093 7.094213897674288e-09
14500.000000000093 1.2656072110654171e-08
14550.000000000093 1.260852113387659e-08
14600.000000000093 2.1468872822750105e-08
14650.000000000093 1.9507727422270535e-08
14700.000000000093 1.3484883736024613e-08
14750.000000000093 1.8781914555960648e-08
14800.000000000093 2.230448085915199e-08
14850.000000000093 2.469086844203823e-08
14900.000000000093 2.5982403257027006e-08
14950.000000000093 3.3048945619213026e-08
15000.000000000093 4.031750446607293e-08
15050.000000000093 4.666267777621576e-08
15100.000000000093 5.076588548021788e-08
15150.000000000093 5.3732980502655254e-08
15200.000000000093 6.18898367143275e-08
15250.000000000093 7.887663777771547e-08
15300.000000000093 8.793323259728625e-08
15350.000000000093 1.0472573766490802e-07
15400.000000000093 1.1770540989625392e-07
15450.000000000093 1.2837550920277477e-07
15500.000000000093 1.3741721291660944e-07
15550.000000000093 1.5483446016150745e-07
15600.000000000093 1.6803565378588127e-07
15650.000000000093 1.7639466437800943e-07
15700.000000000093 1.9156296033479509e-07
15750.000000000093 1.9722329060409065e-07
15800.000000000093 1.9878705465262687e-07
15850.000000000093 2.0199604972870517e-07
15900.000000000093 1.9585234884339565e-07
15950.000000000093 1.8333636579231898e-07
16000.000000000093 1.6305618849758519e-07
16050.000000000093 1.309755003681787e-07
16100.000000000093 1.0401303985616895e-07
16150.000000000093 7.625441241497186e-08
16200.000000000093 5.310813329947876e-08
16250.000000000093 4.748299296512772e-08
16300.000000000093 4.041846355595636e-08
16350.000000000093 4.410031209570267e-08
16400.000000000095 4.9743991862183844e-08
16450.000000000095 5.2817819975907087e-08
16500.000000000095 5.797344947313753e-08
16550.000000000095 5.6384299724745414e-08
16600.000000000095 6.307610493981708e-08
16650.000000000095 4.100732551060152e-08
16700.000000000095 1.8958645146478725e-08
16750.000000000095 3.397164704196484e-08
16800.000000000095 4.6949333277928467e-08
16850.000000000095 4.596912563313467e-08
16900.000000000095 3.9066169272695426e-08
16950.000000000095 3.406933190960109e-08
17000.000000000095 2.814370402510783e-08
17050.000000000095 3.7590847600207596e-08
17100.000000000095 4.369581266970533e-08
17150.000000000095 3.7203907658971874e-08
17200.000000000095 5.210090354217618e-08
17250.000000000095 4.217875981844024e-08
17300.000000000095 3.6634047771065825e-08
17350.000000000095 3.443959709951358e-08
17400.000000000095 3.545441049432659e-08
17450.000000000095 3.7099104351541537e-08
17500.000000000095 4.016617792967419e-08
17550.000000000095 3.295024815339645e-08
17600.000000000095 2.901011039772293e-08
17650.000000000095 2.6020663818838764e-08
17700.000000000095 2.0799974151416264e-08
17750.000000000095 1.667981042765261e-08
17800.000000000095 2.0137830470962065e-08
17850.000000000095 1.2998043819182423e-08
17900.000000000095 1.4209217773137981e-08
17950.000000000095 9.336479221744271e-09
18000.000000000095 1.2057512673932437e-08
18050.000000000095 8.152260334209916e-09
18100.000000000095 8.936838218516856e-09
18150.000000000095 1.0435409727374304e-08
18200.000000000095 6.340691842274795e-09
18250.000000000095 1.582648116080534e-08
18300.000000000095 6.7348774211297375e-09
18350.000000000095 6.351291047241616e-09
18400.000000000095 5.084082461127418e-09
18450.000000000095 1.0026980637787845e-08
18500.000000000095 9.587578714107748e-09
18550.000000000095 6.5296820852887475e-09
18600.000000000095 6.368957646158728e-09
18650.000000000095 4.928515095017898e-09
18700.000000000095 3.4375267966286637e-09
18750.000000000095 6.186502544199226e-09
18800.000000000095 1.6290121900213065e-08
18850.000000000095 1.6762827058192597e-08
18900.000000000095 1.4053948316312154e-08
18950.000000000095 2.613515566381137e-08
19000.000000000095 1.2756017324367036e-08
19050.000000000095 8.426754179859353e-09
19100.000000000095 1.727084307195454e-08
19150.000000000095 1.0070675202830844e-08
19200.000000000095 1.493527425272555e-08
19250.000000000095 1.059806626360679e-08
19300.000000000095 8.883871573042243e-09
19350.000000000095 9.063015028245162e-09
19400.000000000095 6.057791607253866e-09
19450.000000000095 1.1727470021634334e-08
19500.000000000095 1.1764651993584122e-08
19550.000000000095 9.26791942776132e-09
19600.000000000095 1.2622925115040327e-08
19650.000000000095 1.6089647437186957e-08
19700.000000000095 1.6512777784572273e-08
19750.000000000095 1.9287078308089462e-08
19800.000000000095 2.0500644140776394e-08
19850.000000000095 2.8509325492079928e-08
19900.000000000095 2.211731065621858e-08
19950.000000000095 3.3698486095133074e-08
20000.000000000095 3.0909845945388326e-08
20050.000000000095 3.501347376991928e-08
20100.000000000095 3.956837256268034e-08
20150.000000000095 3.714546227681491e-08
20200.000000000095 4.015520903815767e-08
20250.000000000095 4.7948753174928767e-08
20300.000000000095 4.59354201928714e-08
20350.000000000095 5.215683269304884e-08
20400.000000000095 4.987056495009593e-08
20450.000000000095 5.824975949733369e-08
20500.000000000095 5.986296163225599e-08
20550.000000000095 6.013173349789881e-08
20600.000000000095 6.393474555068226e-08
20650.000000000095 6.422052136080657e-08
20700.000000000095 6.415093782401848e-08
20750.000000000095 6.599113496207563e-08
20800.000000000095 6.546973864030411e-08
20850.000000000095 6.644540288039885e-08
20900.000000000095 6.69709489934367e-08
20950.000000000095 6.549187872274089e-08
21000.000000000095 6.483499383350334e-08
21050.000000000095 6.368157733381305e-08
21100.000000000095 6.254200786261909e-08
21150.000000000095 6.229977384870003e-08
21200.000000000095 6.022063934825063e-08
21250.000000000095 5.873446434409414e-08
21300.000000000095 5.554987637374088e-08
21350.000000000095 5.432010017622442e-08
21400.000000000095 5.325864992900972e-08
21450.000000000095 4.8809872122090995e-08
21500.000000000095 4.8146545243320304e-08
21550.000000000095 4.6483083198224335e-08
21600.000000000095 4.385200808877374e-08
21650.000000000095 4.103108077086743e-08
21700.000000000095 4.194333557443883e-08
21750.000000000095 3.9033628055592934e-08
21800.000000000095 3.52349043038285e-08
21850.000000000095 3.160257935874255e-08
21900.000000000095 2.7884962403259782e-08
21950.000000000095 1.8142142762992003e-08
22000.000000000095 7.621818167923271e-09
22050.000000000095 7.299997564098564e-09
22100.000000000095 1.4185030440442686e-08
22150.000000000095 1.4951670442849175e-08
22200.000000000095 1.4067917268763293e-08
22250.000000000095 1.3440702612951219e-08
22300.000000000095 1.049124780894891e-08
22350.000000000095 1.0489339576859824e-08
22400.000000000095 7.477080399678484e-09
22450.000000000095 6.894462177072534e-09
22500.000000000095 7.469779219333981e-09
22550.000000000095 5.059202875926057e-09
22600.000000000095 6.022870790039346e-09
22650.000000000095 7.2695991384494885e-09
22700.000000000095 6.198581279184964e-09
22750.000000000095 6.488204754889055e-09
22800.000000000095 6.738961486666326e-09
22850.000000000095 5.570294322616851e-09
22900.000000000095 4.900313886121594e-09
22950.000000000095 4.396172046991156e-09
23000.000000000095 5.2266109558097505e-09
23050.000000000095 6.768009736830837e-09
23100.000000000095 1.403032642600243e-08
23150.000000000095 1.2815904815085999e-08
23200.000000000095 2.6626891738781427e-09
23250.000000000095 4.585296620185544e-09
23300.000000000095 4.508372209637658e-09
23350.000000000095 4.018810894463139e-09
23400.000000000095 4.4406278784747615e-09
23450.000000000095 3.656865979832588e-09
23500.000000000095 3.771931399226566e-09
23550.000000000095 5.618106085455228e-09
23600.000000000095 7.405175454028913e-09
23650.000000000095 8.400264409508389e-09
23700.000000000095 3.398523341283316e-09
23750.000000000095 3.4375822460619146e-09
23800.000000000095 6.509912911572145e-09
23850.000000000095 5.712416628518877e-09
23900.000000000095 9.62558910543175e-09
23950.000000000095 7.824671450695584e-09
24000.000000000095 1.1773025916437572e-08
24050.000000000095 1.196675556493877e-08
24100.000000000095 1.0468995148046717e-08
24150.000000000095 1.3024295207760894e-08
24200.000000000095 1.2944393901003739e-08
24250.000000000095 1.0848654855612229e-08
24300.000000000095 1.5062176688001783e-08
24350.000000000095 1.1290100724554785e-08
24400.000000000095 1.8276261519145373e-08
24450.000000000095 1.5547333257603184e-08
24500.000000000095 1.5974467536582142e-08
24550.000000000095 1.8856047390992445e-08
24600.000000000095 2.025788078024348e-08
24650.000000000095 2.3556790000979415e-08
24700.000000000095 1.641594991268347e-08
24750.000000000095 1.7133283468707726e-08
24800.000000000095 1.6478411493582125e-08
24850.000000000095 2.5079888419888153e-08
24900.000000000095 1.0368721886531899e-08
24950.000000000095 2.02435495328099e-08
25000.000000000095 1.7936549862812197e-08
25050.000000000095 1.0619907777791594e-08
25100.000000000095 1.6490328218823623e-08
25150.000000000095 9.215302002702793e-09
25200.000000000095 1.2775971754081941e-08
25250.000000000095 6.662756705704815e-09
25300.000000000095 9.664401943021196e-09
25350.000000000095 4.990478438451652e-09
25400.000000000095 1.1070423613371191e-08
25450.000000000095 5.510260603681905e-09
25500.000000000095 5.2364333471297616e-09
25550.000000000095 8.13929791117511e-09
25600.000000000095 6.296467620596738e-09
25650.000000000095 3.359653742373133e-09
25700.000000000095 6.533404017819629e-09
25750.000000000095 2.7732522095478662e-09
25800.000000000095 8.29082521430743e-09
25850.000000000095 2.853232206315252e-09
25900.000000000095 4.741303597654511e-09
25950.000000000095 2.0739871997914497e-09
26000.000000000095 7.920954089517366e-09
26050.000000000095 3.0653250227064782e-09
26100.000000000095 8.168016466764883e-09
26150.000000000095 5.311498680294338e-09
26200.000000000095 5.975575301198703e-09
26250.000000000095 1.442983071792637e-08
26300.000000000095 7.004009884103684e-09
26350.000000000095 1.859524459706837e-08
26400.000000000095 1.8523907495884376e-08
26450.000000000095 1.5369568793958908e-08
26500.000000000095 1.9955130919644715e-08
26550.000000000095 7.966524819635355e-09
26600.000000000095 9.098823686439316e-09
26650.000000000095 3.386554628144366e-09
26700.000000000095 2.653799876076059e-09
26750.000000000095 2.4401807809024585e-09
26800.000000000095 3.996315089017012e-09
26850.000000000095 2.3591702261854295e-09
26900.000000000095 6.705884032969699e-09
26950.000000000095 3.1882832351706475e-09
27000.000000000095 1.0219409985317874e-08
27050.000000000095 9.644889525690202e-09
27100.000000000095 4.415579292461328e-09
27150.000000000095 1.3450113264017295e-08
27200.000000000095 4.516942589207045e-09
27250.000000000095 7.175055203681759e-09
27300.000000000095 2.2828772354235974e-08
27350.000000000095 1.3160891424288168e-08
27400.000000000095 2.3865645995340437e-09
27450.000000000095 1.5186581761744175e-08
27500.000000000095 1.9581841669932094e-08
27550.000000000095 5.491602924753862e-09
27600.000000000095 1.0984521271394263e-08
27650.000000000095 4.74678203022933e-09
27700.000000000095 3.854190652183607e-09
27750.000000000095 1.2694969451465322e-08
27800.000000000095 5.776207944552136e-09
27850.000000000095 6.639110707259784e-09
27900.000000000095 9.1318619962989e-09
27950.000000000095 1.6025642877083535e-08
28000.000000000095 1.1731740718000478e-08
28050.000000000095 3.955011365035351e-09
28100.000000000095 1.6738824892504894e-08
28150.000000000095 1.0810661812053596e-08
28200.000000000095 4.639223159179023e-09
28250.000000000095 1.8949549971931214e-08
28300.000000000095 2.2798416609612994e-08
28350.000000000095 5.533688771304489e-09
28400.000000000095 1.472667511351775e-08
28450.000000000095 2.255518669731273e-08
28500.000000000095 1.3855122399550497e-08
28550.000000000095 5.2392703928499715e-09
28600.000000000095 2.24663677801477e-08
28650.000000000095 1.8596106315873357e-08
28700.000000000095 1.572699020422133e-08
28750.000000000095 2.688059346169036e-08
28800.000000000095 2.3576710330293176e-08
28850.000000000095 2.5747768162695275e-08
28900.000000000095 1.2780195135715733e-08
28950.000000000095 3.312240962117476e-08
29000.000000000095 2.4537554287951548e-08
29050.000000000095 2.7535421530081543e-08
29100.000000000095 1.922842725948361e-08
29150.000000000095 4.2977855316595895e-08
29200.000000000095 2.4774106552947722e-08
29250.000000000095 3.562029392786676e-08
