galfind/configs/Brown_Dwarf_templates/sonora_cholla/logkzz2/3162g/950K_3162g_logkzz2_resample.dat
# %ECSV 1.0
# ---
# datatype:
# - {name: wav, unit: Angstrom, datatype: float64}
# - {name: flux_nu, unit: erg / (cm2 Hz s), datatype: float64}
# schema: astropy-2.0
wav flux_nu
[from data line 1162]
68100.00000000009 1.2228804343081966e-07
68150.00000000009 1.0167898018154077e-07
68200.00000000009 1.0123078937499584e-07
68250.00000000009 4.107255514763912e-08
68300.00000000009 9.303797916993746e-08
68350.00000000009 6.948962576752286e-08
68400.00000000009 1.2854940136580777e-07
68450.00000000009 1.1712768312400545e-07
68500.00000000009 9.405301277725749e-08
68550.00000000009 5.78704149173163e-08
68600.00000000009 6.177065631192837e-08
68650.00000000009 3.855688178537473e-08
68700.00000000009 6.907751432043695e-08
68750.00000000009 9.10957854284878e-08
68800.00000000009 1.0157841002512047e-07
68850.00000000009 5.250824406024023e-08
68900.00000000009 1.3605620756245756e-07
68950.00000000009 1.4576733296834498e-07
69000.00000000009 1.1914664462858722e-07
69050.00000000009 7.115088766624765e-08
69100.00000000009 1.343415388236696e-07
69150.00000000009 1.586264328082751e-07
69200.00000000009 9.948298588050115e-08
69250.00000000009 1.536210761823357e-07
69300.00000000009 1.1163085931461449e-07
69350.00000000009 1.4454657822688308e-07
69400.00000000009 7.133638006677005e-08
69450.00000000009 1.4612422165057228e-07
69500.00000000009 8.538958361418443e-08
69550.00000000009 8.922567391695384e-08
69600.00000000009 3.328453850926221e-08
69650.00000000009 8.0666539615308e-08
69700.00000000009 1.302964378426375e-07
69750.00000000009 9.226931997934407e-08
69800.00000000009 1.1854733109225891e-07
69850.00000000009 1.3104367587120788e-07
69900.00000000009 1.0157762993688724e-07
69950.00000000009 9.892959446797391e-08
70000.00000000009 8.678468616178174e-08
70050.00000000009 1.4482358713743577e-07
70100.00000000009 1.0010471385921163e-07
70150.00000000009 1.0620877298986651e-07
70200.00000000009 7.686647759674217e-08
70250.00000000009 1.0019249752385955e-07
70300.00000000009 1.411086801578278e-07
70350.00000000009 1.083129828455111e-07
70400.00000000009 7.795095494757768e-08
70450.00000000009 3.34113713734743e-08
70500.00000000009 6.442509595087922e-08
70550.00000000009 6.513875772740239e-08
70600.00000000009 7.099203687694879e-08
70650.00000000009 1.2034518159943326e-07
70700.00000000009 1.1068025299910736e-07
70750.00000000009 1.4669323866247198e-07
70800.00000000009 8.756551689256282e-08
70850.00000000009 8.234209283172828e-08
70900.00000000009 9.096558268290707e-08
70950.00000000009 1.243696501607155e-07
71000.00000000009 1.1282040082258027e-07
71050.00000000009 1.1220955985770849e-07
71100.00000000009 9.919063780315451e-08
71150.00000000009 8.483248723245425e-08
71200.00000000009 7.602109499428617e-08
71250.00000000009 9.389626011554576e-08
71300.00000000009 1.1699628899098038e-07
71350.00000000009 1.1787285424914194e-07
71400.00000000009 1.0932669375096906e-07
71450.00000000009 6.113926001658158e-08
71500.00000000009 7.27300495441441e-08
71550.00000000009 7.696857111695754e-08
71600.00000000009 9.671040371607458e-08
71650.00000000009 7.604077099721543e-08
71700.00000000009 6.0335869019737e-08
71750.00000000009 8.710931075484449e-08
71800.00000000009 1.0949757833218064e-07
71850.00000000009 1.0972031998187784e-07
71900.00000000009 7.00871601054552e-08
71950.00000000009 8.622780170194567e-08
72000.00000000009 8.153569979047963e-08
72050.00000000009 5.82546077980547e-08
72100.00000000009 6.926637239839526e-08
72150.00000000009 6.419883259896068e-08
72200.00000000009 8.505368339996637e-08
72250.00000000009 1.0547468952992899e-07
72300.00000000009 8.169901304523155e-08
72350.00000000009 8.465094271448923e-08
72400.00000000009 7.855869016449635e-08
72450.00000000009 6.713216271852556e-08
72500.00000000009 8.578163372668055e-08
72550.00000000009 4.599498280432393e-08
72600.00000000009 6.252462137652283e-08
72650.00000000009 9.374959757729836e-08
72700.00000000009 8.025044106789719e-08
72750.00000000009 7.740127889799173e-08
72800.00000000009 6.054841180612504e-08
72850.00000000009 6.6813547195073e-08
72900.00000000009 1.0331028940514807e-07
72950.00000000009 7.68746604912886e-08
73000.00000000009 7.85429298285096e-08
73050.00000000009 5.6624323825195086e-08
73100.00000000009 5.6326493067320616e-08
73150.00000000009 1.103270517188592e-07
73200.00000000009 5.999548371455187e-08
73250.00000000009 7.432791418289832e-08
73300.00000000009 6.752849793987177e-08
73350.00000000009 5.2328643785330985e-08
73400.00000000009 7.394225519969712e-08
73450.00000000009 5.120424082282618e-08
73500.00000000009 4.802323062786608e-08
73550.00000000009 7.33570214437885e-08
73600.00000000009 6.33193076489504e-08
73650.00000000009 7.195730427939024e-08
73700.00000000009 7.744818708783944e-08
73750.00000000009 4.359924031128595e-08
73800.00000000009 6.633029574632089e-08
73850.00000000009 7.729782718293205e-08
73900.00000000009 6.75050123589623e-08
73950.00000000009 6.144420858121259e-08
74000.00000000009 4.688965934985591e-08
74050.00000000009 9.993815173308772e-08
74100.00000000009 6.674291415277156e-08
74150.00000000009 7.152126109452905e-08
74200.00000000009 6.056695632061928e-08
74250.00000000009 3.0242591335313954e-08
74300.00000000009 6.56281634311097e-08
74350.00000000009 8.710560511342619e-08
74400.00000000009 8.137893415935341e-08
74450.00000000009 4.532436552771178e-08
74500.00000000009 4.2123301849109216e-08
74550.00000000009 6.320123138905004e-08
74600.00000000009 6.265092097074731e-08
74650.00000000009 6.138398137532101e-08
74700.00000000009 4.7450482620801696e-08
74750.00000000009 4.777903473653665e-08
74800.00000000009 5.612816535608921e-08
74850.00000000009 5.830694691157223e-08
74900.00000000009 8.833189538530102e-08
74950.00000000009 8.522371547751792e-08
75000.00000000009 5.986784920512842e-08
75050.00000000009 3.7457601115553934e-08
75100.00000000009 9.195008402096858e-08
75150.00000000009 7.997299436853195e-08
75200.00000000009 8.876976617028134e-08
75250.00000000009 9.791265023501087e-08
75300.00000000009 9.091910844076201e-08
75350.00000000009 4.6156968883667695e-08
75400.00000000009 1.0139856828764514e-07
75450.00000000009 8.216705529345247e-08
75500.00000000009 7.81062795233526e-08
75550.00000000009 8.631669294536073e-08
75600.00000000009 1.1104474983567961e-07
75650.00000000009 7.431910402985925e-08
75700.00000000009 8.730414595392391e-08
75750.00000000009 6.156321747255494e-08
75800.00000000009 8.685483844977117e-08
75850.00000000009 1.0024888084381478e-07
75900.00000000009 8.830538068270142e-08
75950.00000000009 5.9014452024838024e-08
76000.00000000009 9.20516845199626e-08
76050.00000000009 8.932866451898974e-08
76100.00000000009 8.728135036778668e-08
76150.00000000009 9.46421721380193e-08
76200.00000000009 9.133486979510394e-08
76250.00000000009 9.597616206432141e-08
76300.00000000009 1.3885685019589937e-07
76350.00000000009 1.5626495255499702e-07
76400.00000000009 1.1676853567687403e-07
76450.00000000009 1.1020081162083657e-07
76500.00000000009 9.141526146568587e-08
76550.00000000009 5.8357456968623055e-08
76600.00000000009 2.453688096228045e-08
76650.00000000009 3.1643233127329e-08
76700.00000000009 3.325815000353412e-08
76750.00000000009 3.278894392271677e-08
76800.00000000009 5.498855161680281e-08
76850.00000000009 2.409900774826386e-08
76900.00000000009 3.0529949752653846e-08
76950.00000000009 4.81515067330521e-08
77000.00000000009 5.4304531385141396e-08
77050.00000000009 3.419203462683993e-08
77100.00000000009 3.9648144415010124e-08
77150.00000000009 5.778820442611151e-08
77200.00000000009 4.8933658764096123e-08
77250.00000000009 5.353129672980957e-08
77300.00000000009 5.473980746794552e-08
77350.00000000009 3.427691275340296e-08
77400.00000000009 3.705411204129693e-08
77450.00000000009 4.9382148674346745e-08
77500.00000000009 4.1729674773478875e-08
77550.00000000009 4.8875504321287744e-08
77600.00000000009 5.11033749567251e-08
77650.00000000009 5.202444740978855e-08
77700.00000000009 4.4273863302992085e-08
77750.00000000009 7.019728483546937e-08
77800.00000000009 6.159600712466903e-08
77850.00000000009 9.327607495042388e-08
77900.00000000009 7.053675239480934e-08
77950.00000000009 4.124744789534726e-08
78000.00000000009 6.192699701130735e-08
78050.00000000009 5.906053156436095e-08
78100.00000000009 5.107585715214692e-08
78150.00000000009 8.061331130120468e-08
78200.00000000009 8.379090644744848e-08
78250.00000000009 9.225513300502941e-08
78300.00000000009 7.40183055649828e-08
78350.00000000009 8.022410236036103e-08
78400.00000000009 5.6168316700335376e-08
78450.00000000009 8.891798399758501e-08
78500.00000000009 9.742402884094143e-08
78550.00000000009 1.0050190839034729e-07
78600.00000000009 8.717545662002253e-08
78650.00000000009 3.67883603307716e-08
78700.00000000009 5.519542813910587e-08
78750.00000000009 6.121291041010871e-08
78800.00000000009 8.05653885819561e-08
78850.00000000009 4.259850086571843e-08
78900.00000000009 7.356381174838786e-08
78950.00000000009 7.571443870331652e-08
79000.00000000009 7.29285421833458e-08
79050.00000000009 6.459410340813109e-08
79100.00000000009 7.13481704185385e-08
79150.00000000009 7.621081801260664e-08
79200.00000000009 8.159978687155677e-08
79250.00000000009 6.305087099319242e-08
79300.00000000009 5.3396212646817114e-08
79350.00000000009 7.990641776949336e-08
79400.00000000009 5.7642792191172314e-08
79450.00000000009 9.46067484930563e-08
79500.00000000009 1.199629322669129e-07
79550.00000000009 1.0282357955449765e-07
79600.00000000009 5.6178327710209866e-08
79650.00000000009 7.998592824100547e-08
79700.00000000009 8.208871421147468e-08
79750.00000000009 8.651118105244298e-08
79800.00000000009 6.425716760830618e-08
79850.00000000009 7.77548472913662e-08
79900.00000000009 1.2907690538847868e-07
79950.00000000009 1.0204927499350716e-07
