galfind/configs/Brown_Dwarf_templates/sonora_cholla/logkzz4/562g/1000K_562g_logkzz4_resample.dat
# %ECSV 1.0
# ---
# datatype:
# - {name: wav, unit: Angstrom, datatype: float64}
# - {name: flux_nu, unit: erg / (cm2 Hz s), datatype: float64}
# schema: astropy-2.0
wav flux_nu
[from data line 775]
48750.000000000095 1.3327605228268995e-07
48800.000000000095 2.2677958031797943e-07
48850.000000000095 1.5366001994025568e-07
48900.000000000095 2.2796095840864296e-07
48950.000000000095 1.9732367841823578e-07
49000.000000000095 1.6632979685871746e-07
49050.000000000095 2.203668264344404e-07
49100.000000000095 1.5793225412248195e-07
49150.000000000095 2.4985772321108753e-07
49200.000000000095 1.693485544723134e-07
49250.000000000095 2.5101051475337215e-07
49300.000000000095 1.8248082151118128e-07
49350.000000000095 1.9008413991665432e-07
49400.000000000095 2.237203012864382e-07
49450.000000000095 2.1363493961252013e-07
49500.000000000095 1.9616804778374095e-07
49550.000000000095 1.15779839643181e-07
49600.000000000095 2.0396193563170474e-07
49650.000000000095 1.9492862390182218e-07
49700.000000000095 1.79215067213101e-07
49750.000000000095 2.9044070498632795e-07
49800.000000000095 1.7487753495390986e-07
49850.000000000095 3.167419897238064e-07
49900.000000000095 2.4091488798632116e-07
49950.000000000095 2.522666840576095e-07
50000.000000000095 2.7855554005368717e-07
50050.000000000095 2.6247603713071654e-07
50100.000000000095 3.139727100404134e-07
50150.000000000095 1.721638361255719e-07
50200.000000000095 1.156096028246207e-07
50250.000000000095 2.6585036430426685e-07
50300.000000000095 1.9439433968666187e-07
50350.000000000095 2.80121596618798e-07
50400.000000000095 2.3974454647275765e-07
50450.000000000095 2.3453083119369025e-07
50500.000000000095 3.1457493611832045e-07
50550.000000000095 2.559536519527696e-07
50600.000000000095 2.6823917808852035e-07
50650.000000000095 2.5719165086146617e-07
50700.000000000095 3.6964977836728886e-07
50750.000000000095 3.2671566164798617e-07
50800.000000000095 1.7020109911573606e-07
50850.000000000095 1.737619679821214e-07
50900.000000000095 3.2427076016565946e-07
50950.000000000095 3.2055473955140297e-07
51000.000000000095 2.903300284247143e-07
51050.000000000095 2.7540747046277315e-07
51100.000000000095 1.6453182700778965e-07
51150.000000000095 2.2426159443087278e-07
51200.000000000095 3.4840380901655015e-07
51250.000000000095 2.878019311572632e-07
51300.000000000095 2.0240875465455342e-07
51350.000000000095 2.562196412867887e-07
51400.000000000095 1.7627628564351018e-07
51450.000000000095 1.5697876039234724e-07
51500.000000000095 1.4380095778445268e-07
51550.000000000095 2.7900230658979423e-07
51600.000000000095 1.9922613238324537e-07
51650.000000000095 2.5820733925509886e-07
51700.000000000095 2.700191724712856e-07
51750.000000000095 1.790253992228682e-07
51800.000000000095 3.41455058156128e-07
51850.000000000095 2.7891330493688924e-07
51900.000000000095 3.6212846133220505e-07
51950.000000000095 2.8637697116715875e-07
52000.000000000095 1.0259569272181442e-07
52050.000000000095 1.9572234000398968e-07
52100.000000000095 1.7342830743738398e-07
52150.000000000095 1.3825440427975333e-07
52200.000000000095 1.5076049931887267e-07
52250.000000000095 2.0472214877188557e-07
52300.000000000095 3.4054833437988724e-07
52350.000000000095 2.1115700042040123e-07
52400.000000000095 1.7192531182932442e-07
52450.000000000095 2.8507609997863354e-07
52500.000000000095 2.631658075694973e-07
52550.000000000095 2.6877259472093756e-07
52600.000000000095 2.1682490831732506e-07
52650.000000000095 2.341426868936848e-07
52700.000000000095 1.9766326637225624e-07
52750.000000000095 1.5572315052064954e-07
52800.000000000095 1.7100349658885155e-07
52850.000000000095 1.9946423832225536e-07
52900.000000000095 1.5747937231923563e-07
52950.000000000095 1.6872268352873118e-07
53000.000000000095 3.0223678223878135e-07
53050.000000000095 1.291473658913709e-07
53100.000000000095 2.748163308505618e-07
53150.000000000095 3.3225584664574383e-07
53200.000000000095 1.555621332214371e-07
53250.000000000095 2.9549733191656707e-07
53300.000000000095 3.1063908844325023e-07
53350.000000000095 2.9709533602412175e-07
53400.000000000095 2.9711380136946737e-07
53450.000000000095 1.3744557039835044e-07
53500.000000000095 8.564514673063083e-08
53550.000000000095 1.356368484309909e-07
53600.000000000095 2.0803159294625584e-07
53650.000000000095 1.752609732161429e-07
53700.000000000095 1.6109429305158413e-07
53750.000000000095 1.611274706160857e-07
53800.000000000095 1.614360887889377e-07
53850.000000000095 2.1913949901326152e-07
53900.000000000095 2.0955147414755104e-07
53950.000000000095 2.782566250981e-07
54000.000000000095 1.9219610311365683e-07
54050.000000000095 1.98450942802999e-07
54100.000000000095 9.623454394372046e-08
54150.000000000095 1.4176101238038684e-07
54200.000000000095 7.020691460092048e-08
54250.000000000095 8.946627998049e-08
54300.000000000095 1.461375805131588e-07
54350.000000000095 1.9862216995043073e-07
54400.000000000095 1.9928634500207275e-07
54450.000000000095 1.680911509303697e-07
54500.000000000095 1.5002918898527166e-07
54550.000000000095 1.3171230932381142e-07
54600.000000000095 1.6406054562978998e-07
54650.000000000095 8.511341482530522e-08
54700.000000000095 1.94968562830128e-07
54750.000000000095 1.818143230434014e-07
54800.000000000095 1.272765182160258e-07
54850.000000000095 1.5354163606951987e-07
54900.000000000095 2.077688776625386e-07
54950.000000000095 2.732106883187827e-07
55000.000000000095 1.180218390237913e-07
55050.000000000095 1.7811607670560615e-07
55100.000000000095 1.666559631414448e-07
55150.000000000095 1.3258113495777872e-07
55200.000000000095 1.3078240136162988e-07
55250.000000000095 1.499240047577367e-07
55300.000000000095 1.0829312690621486e-07
55350.000000000095 1.7847811870435694e-07
55400.000000000095 2.207522107349557e-07
55450.000000000095 1.522752028898339e-07
55500.000000000095 8.234042133345869e-08
55550.000000000095 1.1318651403562135e-07
55600.000000000095 1.1215688905883219e-07
55650.000000000095 9.844355883098361e-08
55700.000000000095 1.234813723448644e-07
55750.000000000095 1.3567430828763776e-07
55800.000000000095 9.594264387181754e-08
55850.000000000095 8.969641380276454e-08
55900.000000000095 1.666030733390083e-07
55950.000000000095 2.164913259896529e-07
56000.000000000095 1.0438728225971335e-07
56050.000000000095 1.3746819028397947e-07
56100.000000000095 1.6522542588164187e-07
56150.000000000095 1.1685981599604189e-07
56200.000000000095 1.3482302395182997e-07
56250.000000000095 1.513125980648056e-07
56300.000000000095 1.5101729264295175e-07
56350.000000000095 1.475880303658187e-07
56400.000000000095 9.300562442936652e-08
56450.000000000095 8.329910621699468e-08
56500.000000000095 1.1532382271844538e-07
56550.000000000095 7.387342822906921e-08
56600.000000000095 1.600456656220621e-07
56650.000000000095 1.5305425355667647e-07
56700.000000000095 1.6615943994284566e-07
56750.000000000095 8.419446721115615e-08
56800.000000000095 1.6007803181982894e-07
56850.000000000095 1.3217543997999931e-07
56900.000000000095 9.988391987193023e-08
56950.000000000095 1.6468474072809677e-07
57000.000000000095 1.8394507618018867e-07
57050.000000000095 1.1609665519216962e-07
57100.000000000095 5.996034297159653e-08
57150.000000000095 9.165595534294011e-08
57200.000000000095 7.452297271575603e-08
57250.000000000095 1.047126254825857e-07
57300.000000000095 1.4022622804538975e-07
57350.000000000095 8.156278643005062e-08
57400.000000000095 1.438996306899134e-07
57450.000000000095 1.212998701804722e-07
57500.000000000095 1.1452379535368308e-07
57550.000000000095 1.506860675834608e-07
57600.000000000095 1.557766710078174e-07
57650.000000000095 6.066285775188624e-08
57700.000000000095 8.01476107819111e-08
57750.000000000095 1.0175846851263397e-07
57800.000000000095 4.4734357799828245e-08
57850.000000000095 1.96509594180272e-07
57900.000000000095 2.261074124736938e-07
57950.000000000095 2.050838330651142e-07
58000.000000000095 1.0194399971271025e-07
58050.000000000095 1.426439362134746e-07
58100.000000000095 1.7029719489605455e-07
58150.000000000095 1.2605889905830624e-07
58200.000000000095 6.480954563440816e-08
58250.000000000095 8.705843114213312e-08
58300.000000000095 7.253078994361203e-08
58350.000000000095 9.12103993041664e-08
58400.000000000095 1.2962992214738067e-07
58450.000000000095 1.3947836597159192e-07
58500.000000000095 1.289461576301263e-07
58550.000000000095 1.4451166275008156e-07
58600.000000000095 8.139648384113101e-08
58650.000000000095 1.0127667979357792e-07
58700.000000000095 1.1171747894097093e-07
58750.000000000095 1.2368926871732077e-07
58800.000000000095 5.2595514985006714e-08
58850.000000000095 9.941717357850343e-08
58900.000000000095 1.3165331161812688e-07
58950.000000000095 7.673691244834967e-08
59000.000000000095 1.3046828243380974e-07
59050.000000000095 1.4653481537607064e-07
59100.000000000095 1.7170915280796981e-07
59150.000000000095 1.2190131242583588e-07
59200.000000000095 1.2985603182796055e-07
59250.000000000095 1.4039580826604116e-07
59300.000000000095 1.3043434468715465e-07
59350.000000000095 6.18613034854122e-08
59400.000000000095 5.0138255839956894e-08
59450.000000000095 1.18692993423153e-07
59500.000000000095 7.155185011370551e-08
59550.000000000095 1.4289978659928278e-07
59600.000000000095 1.5140874855900536e-07
59650.000000000095 1.2150308908219253e-07
59700.000000000095 8.31715737979159e-08
59750.000000000095 1.8878539163287125e-07
59800.000000000095 1.074975357824923e-07
59850.000000000095 1.5046223218261827e-07
59900.000000000095 7.126851672287171e-08
59950.000000000095 1.2351658427842305e-07
60000.000000000095 2.079765069993441e-07
60050.000000000095 1.8057992738945566e-07
60100.000000000095 1.7888735031922983e-07
60150.000000000095 1.16527267951647e-07
60200.000000000095 1.4456148161725696e-07
60250.000000000095 1.8298059987729224e-07
60300.000000000095 1.6797352392677454e-07
60350.000000000095 1.1643451956236412e-07
60400.000000000095 1.4711198391235038e-07
60450.000000000095 7.2476323643147e-08
60500.000000000095 4.5205709922400196e-08
60550.000000000095 1.4877840703006327e-07
60600.000000000095 1.483077772363122e-07
60650.000000000095 1.1854812967518929e-07
60700.000000000095 1.0072299672000284e-07
60750.000000000095 7.476340962447453e-08
60800.000000000095 1.5011847013776624e-07
60850.000000000095 2.2822830453865987e-07
60900.000000000095 2.0422457392343725e-07
60950.000000000095 1.8077191297609885e-07
61000.000000000095 1.4137100212896514e-07
61050.000000000095 9.673385137896528e-08
61100.000000000095 1.3118170468581248e-07
61150.000000000095 5.520225049025456e-08
61200.000000000095 1.7625152636612783e-07
61250.000000000095 2.0707103334103363e-07
61300.000000000095 1.8185224489852854e-07
61350.000000000095 2.3268693372217803e-07
61400.000000000095 1.4587198480567902e-07
61450.000000000095 8.52742039147106e-08
61500.000000000095 1.0762245513565281e-07
61550.000000000095 1.1485078969860992e-07
61600.000000000095 8.106711216495026e-08
61650.000000000095 1.2790166915957039e-07
61700.000000000095 1.0971505030244648e-07
61750.000000000095 1.3121997598135143e-07
61800.000000000095 1.4681129768025083e-07
61850.000000000095 8.894822200982895e-08
61900.000000000095 1.9332803728161516e-07
61950.000000000095 1.8847715911481126e-07
62000.000000000095 1.8882550235372625e-07
62050.000000000095 1.7202576128930793e-07
62100.000000000095 1.7455392942158227e-07
62150.000000000095 1.8877953272102364e-07
62200.000000000095 1.6535338842716106e-07
62250.000000000095 1.6327492591135375e-07
62300.000000000095 2.3791776067466095e-07
62350.000000000095 1.9158042429217676e-07
62400.000000000095 1.0785100613687565e-07
62450.000000000095 1.5598238292007007e-07
62500.000000000095 2.1556750960047432e-07
62550.000000000095 2.1247511018429833e-07
62600.000000000095 2.2920641953877204e-07
62650.000000000095 1.7885198687366546e-07
62700.000000000095 1.8782198654546365e-07
62750.000000000095 2.379787155900974e-07
62800.000000000095 1.4692211237140527e-07
62850.000000000095 2.0165201057401252e-07
62900.000000000095 1.584773317324213e-07
62950.000000000095 2.22402679566025e-07
63000.000000000095 1.8844311638678212e-07
63050.000000000095 2.585114936334549e-07
63100.000000000095 2.3598953206899682e-07
63150.000000000095 1.7282466324026014e-07
63200.000000000095 2.1586302280016397e-07
63250.000000000095 1.823334685865417e-07
63300.000000000095 2.1841488550545396e-07
63350.000000000095 2.0068903666574199e-07
63400.000000000095 1.1704919569272052e-07
63450.000000000095 9.022237396367108e-08
63500.000000000095 1.803883460987207e-07
63550.000000000095 1.800259485738889e-07
63600.000000000095 2.0611712372417115e-07
63650.000000000095 1.4664811381797587e-07
63700.000000000095 9.781756669358948e-08
63750.000000000095 1.4099210097273202e-07
63800.000000000095 1.819617828953211e-07
63850.000000000095 1.6618698732040997e-07
63900.000000000095 1.0902636038266932e-07
63950.000000000095 1.659730158423291e-07
64000.000000000095 1.8623431960886797e-07
64050.000000000095 1.2952121150494327e-07
64100.000000000095 4.827755079680338e-08
64150.000000000095 6.870871084235098e-08
64200.000000000095 7.764087671815433e-08
64250.000000000095 1.3244244244436868e-07
64300.000000000095 1.0195201232898429e-07
64350.000000000095 8.676005504236736e-08
64400.000000000095 1.4841058753489533e-07
64450.000000000095 1.568571247965145e-07
64500.000000000095 8.469846952713334e-08
64550.000000000095 1.321009333833215e-07
64600.000000000095 7.467133522206561e-08
64650.000000000095 1.2437172609775396e-07
64700.000000000095 6.701357225223973e-08
64750.000000000095 8.588072866470883e-08
64800.000000000095 8.153368403325556e-08
64850.000000000095 7.091285529487129e-08
64900.000000000095 7.943345292914971e-08
64950.000000000095 7.474238921984705e-08
65000.000000000095 9.359250884040061e-08
65050.000000000095 9.861101619296141e-08
65100.000000000095 1.284392432600228e-07
65150.000000000095 8.253989398721418e-08
65200.000000000095 6.895541028728409e-08
65250.000000000095 1.1943634568790208e-07
65300.000000000095 9.873984148833391e-08
65350.000000000095 1.8611417348752367e-07
65400.000000000095 9.632534002395646e-08
65450.000000000095 1.0007184043770885e-07
65500.000000000095 1.1845070288288876e-07
65550.00000000009 7.547597767360761e-08
65600.00000000009 1.0146753292493875e-07
65650.00000000009 1.0065064491004869e-07
65700.00000000009 9.312598612110711e-08
65750.00000000009 7.277759313460236e-08
65800.00000000009 1.0825146078892969e-07
65850.00000000009 1.3075471398461574e-07
65900.00000000009 7.073444617928763e-08
65950.00000000009 6.665976510335117e-08
66000.00000000009 9.287119424642248e-08
66050.00000000009 1.6735862518221937e-07
66100.00000000009 1.0303258842313659e-07
66150.00000000009 7.957794075664698e-08
66200.00000000009 7.844907247946303e-08
66250.00000000009 7.305961953204425e-08
66300.00000000009 3.793687952330409e-08
66350.00000000009 5.1270128915573255e-08
66400.00000000009 7.160310412683969e-08
66450.00000000009 1.226325582439289e-07
66500.00000000009 1.6497022490785806e-07
66550.00000000009 1.5590915285710784e-07
66600.00000000009 1.1958085207353044e-07
66650.00000000009 1.0731294548544728e-07
66700.00000000009 9.723270306703168e-08
66750.00000000009 8.998462525115986e-08
66800.00000000009 1.1576909720522944e-07
66850.00000000009 7.87315300360825e-08
66900.00000000009 1.3685380880265759e-07
66950.00000000009 1.6603191084057427e-07
67000.00000000009 1.6018707704171427e-07
67050.00000000009 1.0839078627284495e-07
67100.00000000009 8.737921076650584e-08
67150.00000000009 9.09713924459773e-08
67200.00000000009 1.101240685695255e-07
67250.00000000009 1.0974960361096031e-07
67300.00000000009 1.2562891884088607e-07
67350.00000000009 8.197667213172384e-08
67400.00000000009 1.59547870617067e-07
67450.00000000009 1.203927403050454e-07
67500.00000000009 1.0953372196902443e-07
67550.00000000009 1.365485506779268e-07
67600.00000000009 2.184094586050249e-07
67650.00000000009 1.6252280533328508e-07
67700.00000000009 1.2358156818562295e-07
67750.00000000009 1.0477862384323857e-07
67800.00000000009 1.392776022384594e-07
67850.00000000009 8.405146711429557e-08
67900.00000000009 1.0507432312486213e-07
67950.00000000009 7.540536040311366e-08
