galfind/configs/Brown_Dwarf_templates/sonora_cholla/logkzz4/562g/1000K_562g_logkzz4_resample.dat
# %ECSV 1.0
# ---
# datatype:
# - {name: wav, unit: Angstrom, datatype: float64}
# - {name: flux_nu, unit: erg / (cm2 Hz s), datatype: float64}
# schema: astropy-2.0
wav flux_nu
[from data line 388]
29400.000000000095 7.486047348649184e-08
29450.000000000095 7.982808421419056e-08
29500.000000000095 9.2002183709638e-08
29550.000000000095 7.642809379733392e-08
29600.000000000095 1.0485421989544937e-07
29650.000000000095 9.131139112791514e-08
29700.000000000095 7.36200106336689e-08
29750.000000000095 1.0114916814784705e-07
29800.000000000095 1.1063287353183117e-07
29850.000000000095 1.208428518677675e-07
29900.000000000095 1.2099419630721162e-07
29950.000000000095 1.0298645086221179e-07
30000.000000000095 8.659395250459338e-08
30050.000000000095 7.76768419324567e-08
30100.000000000095 9.982633390635268e-08
30150.000000000095 1.3342821307563448e-07
30200.000000000095 9.636847401563352e-08
30250.000000000095 1.446968618139935e-07
30300.000000000095 1.2268125619151358e-07
30350.000000000095 1.0728629843847532e-07
30400.000000000095 1.3300620732663862e-07
30450.000000000095 1.0016732226654739e-07
30500.000000000095 9.756377638329241e-08
30550.000000000095 9.933098052768141e-08
30600.000000000095 1.205539203186589e-07
30650.000000000095 1.0432616301264071e-07
30700.000000000095 9.200358174429498e-08
30750.000000000095 8.677868414548837e-08
30800.000000000095 8.202977901417141e-08
30850.000000000095 7.928528848527601e-08
30900.000000000095 8.028966363551627e-08
30950.000000000095 5.3624572643939144e-08
31000.000000000095 6.476622413982736e-08
31050.000000000095 6.950794293818876e-08
31100.000000000095 4.7089176852806505e-08
31150.000000000095 5.712403925688838e-08
31200.000000000095 6.318533931081532e-08
31250.000000000095 4.7324324038184945e-08
31300.000000000095 4.554988082138731e-08
31350.000000000095 4.482106498144567e-08
31400.000000000095 3.067006554893775e-08
31450.000000000095 4.4685416506988255e-08
31500.000000000095 3.0826011275973235e-08
31550.000000000095 3.796691113820237e-08
31600.000000000095 2.674086630889019e-08
31650.000000000095 2.682262789557722e-08
31700.000000000095 3.187480071678508e-08
31750.000000000095 2.069369296200652e-08
31800.000000000095 2.8937615853304615e-08
31850.000000000095 2.2227414202356165e-08
31900.000000000095 2.525192413534603e-08
31950.000000000095 2.2143082797039982e-08
32000.000000000095 2.3228983461487614e-08
32050.000000000095 1.9140543313768386e-08
32100.000000000095 1.758778813941638e-08
32150.000000000095 2.3129239357151967e-08
32200.000000000095 1.621117049028814e-08
32250.000000000095 2.742119636240387e-08
32300.000000000095 1.4301749392498124e-08
32350.000000000095 3.1480389531321635e-08
32400.000000000095 1.9373709243900595e-08
32450.000000000095 2.8618364069887486e-08
32500.000000000095 2.1654625173226553e-08
32550.000000000095 2.7212934218801675e-08
32600.000000000095 2.8871997002901208e-08
32650.000000000095 3.690358546046861e-08
32700.000000000095 3.132065261587788e-08
32750.000000000095 4.390813707586585e-08
32800.000000000095 3.621590672372767e-08
32850.000000000095 4.893203538470626e-08
32900.000000000095 5.125979229997683e-08
32950.000000000095 5.456978517596583e-08
33000.000000000095 4.507664393412026e-08
33050.000000000095 4.51418173485419e-08
33100.000000000095 2.30565412677941e-08
33150.000000000095 3.831157347198308e-09
33200.000000000095 5.0214542988275e-09
33250.000000000095 3.1407714938041436e-09
33300.000000000095 4.059357298682966e-09
33350.000000000095 8.557522518556491e-09
33400.000000000095 1.3512646924589881e-08
33450.000000000095 1.7171473913288894e-08
33500.000000000095 2.5815082970283083e-08
33550.000000000095 2.2735968260406703e-08
33600.000000000095 3.549154664610948e-08
33650.000000000095 3.4233254086930046e-08
33700.000000000095 2.913558470173835e-08
33750.000000000095 4.247715676763131e-08
33800.000000000095 2.5083821899672303e-08
33850.000000000095 3.6430688267497574e-08
33900.000000000095 3.328951298668488e-08
33950.000000000095 3.661822701386377e-08
34000.000000000095 4.1469753104475265e-08
34050.000000000095 1.8602811201800362e-08
34100.000000000095 3.878793900496632e-08
34150.000000000095 2.6457002214850616e-08
34200.000000000095 3.545955162576602e-08
34250.000000000095 2.996974878903544e-08
34300.000000000095 2.5295374497972952e-08
34350.000000000095 3.753703154478951e-08
34400.000000000095 2.6747755149912785e-08
34450.000000000095 4.128251989485873e-08
34500.000000000095 3.230203517352725e-08
34550.000000000095 2.313703790270358e-08
34600.000000000095 4.2383674039728366e-08
34650.000000000095 2.394302840475915e-08
34700.000000000095 3.034282258348407e-08
34750.000000000095 3.0764663800721884e-08
34800.000000000095 2.0006464366412162e-08
34850.000000000095 3.550733706141448e-08
34900.000000000095 3.780565549663208e-08
34950.000000000095 3.428350636749936e-08
35000.000000000095 4.6673058679401166e-08
35050.000000000095 3.375031123831213e-08
35100.000000000095 4.9060735997194475e-08
35150.000000000095 4.4240724171135334e-08
35200.000000000095 5.568028570448294e-08
35250.000000000095 6.153475758874459e-08
35300.000000000095 3.881027961047411e-08
35350.000000000095 5.682896114753796e-08
35400.000000000095 5.580525503061811e-08
35450.000000000095 4.793881473902351e-08
35500.000000000095 8.00471042495073e-08
35550.000000000095 6.523903428015796e-08
35600.000000000095 6.972236734309086e-08
35650.000000000095 7.234143314142807e-08
35700.000000000095 5.000625995166446e-08
35750.000000000095 8.740013713249744e-08
35800.000000000095 7.716404738659375e-08
35850.000000000095 5.665719796046126e-08
35900.000000000095 8.516241707330081e-08
35950.000000000095 8.532096079786884e-08
36000.000000000095 6.42455698377383e-08
36050.000000000095 8.541051632488628e-08
36100.000000000095 7.859649535467025e-08
36150.000000000095 9.409434792912624e-08
36200.000000000095 9.271760015038144e-08
36250.000000000095 9.823455371245082e-08
36300.000000000095 1.0833354245152091e-07
36350.000000000095 1.0952321304980314e-07
36400.000000000095 1.3417168357062464e-07
36450.000000000095 1.2873321820682307e-07
36500.000000000095 1.2622122853185112e-07
36550.000000000095 1.4695129892901785e-07
36600.000000000095 1.686715428155262e-07
36650.000000000095 1.66368814075953e-07
36700.000000000095 1.6933798037452495e-07
36750.000000000095 1.8884586284196427e-07
36800.000000000095 1.744132398839385e-07
36850.000000000095 1.5962247204950422e-07
36900.000000000095 1.7037027938165845e-07
36950.000000000095 1.902732233389311e-07
37000.000000000095 1.748706603011455e-07
37050.000000000095 1.9829320157460987e-07
37100.000000000095 2.0188651236730122e-07
37150.000000000095 2.0646317184449725e-07
37200.000000000095 2.1772241444025172e-07
37250.000000000095 1.8692010969852044e-07
37300.000000000095 1.9261627429757286e-07
37350.000000000095 2.2307269411838503e-07
37400.000000000095 2.60870473690681e-07
37450.000000000095 2.2471455794838813e-07
37500.000000000095 2.012477171002428e-07
37550.000000000095 2.875076830169465e-07
37600.000000000095 3.029273597124456e-07
37650.000000000095 2.2779174744023753e-07
37700.000000000095 2.7024964427558265e-07
37750.000000000095 2.135610660684434e-07
37800.000000000095 2.502192783958029e-07
37850.000000000095 2.020409720463487e-07
37900.000000000095 2.388996495514126e-07
37950.000000000095 2.753187437125953e-07
38000.000000000095 3.1587481036804673e-07
38050.000000000095 2.8021736916501275e-07
38100.000000000095 3.1021146722872277e-07
38150.000000000095 3.0986734866327775e-07
38200.000000000095 3.269120250634303e-07
38250.000000000095 3.142377314097967e-07
38300.000000000095 3.853387318888848e-07
38350.000000000095 3.863034214662424e-07
38400.000000000095 2.8070454442728856e-07
38450.000000000095 3.0864064420853527e-07
38500.000000000095 2.5801052224074244e-07
38550.000000000095 3.1679747876453367e-07
38600.000000000095 3.2359466037052833e-07
38650.000000000095 3.852077138294159e-07
38700.000000000095 3.8278744299485035e-07
38750.000000000095 3.8117983076662363e-07
38800.000000000095 3.2913522989176544e-07
38850.000000000095 4.094019005629642e-07
38900.000000000095 4.1396992973819117e-07
38950.000000000095 3.653899099445191e-07
39000.000000000095 4.4149231108687454e-07
39050.000000000095 3.8605982816917367e-07
39100.000000000095 3.96122112022021e-07
39150.000000000095 4.029808808214782e-07
39200.000000000095 3.852421487131878e-07
39250.000000000095 4.528125154419738e-07
39300.000000000095 4.313501921888603e-07
39350.000000000095 5.02962033636984e-07
39400.000000000095 4.76566636850364e-07
39450.000000000095 4.808062912303029e-07
39500.000000000095 4.5129698121906043e-07
39550.000000000095 4.581577461721925e-07
39600.000000000095 4.6744451242292823e-07
39650.000000000095 5.519819537553206e-07
39700.000000000095 4.825935225821444e-07
39750.000000000095 4.0106568875787236e-07
39800.000000000095 4.8786841596708e-07
39850.000000000095 5.427835474642927e-07
39900.000000000095 5.369408905178573e-07
39950.000000000095 5.106597204341629e-07
40000.000000000095 5.663499623713512e-07
40050.000000000095 5.615405002401411e-07
40100.000000000095 4.5919299098031836e-07
40150.000000000095 6.004446012571117e-07
40200.000000000095 6.040736549593664e-07
40250.000000000095 5.572305289588022e-07
40300.000000000095 5.949853194594795e-07
40350.000000000095 5.084118654255191e-07
40400.000000000095 5.988462405396434e-07
40450.000000000095 5.539650969665454e-07
40500.000000000095 5.78789284696171e-07
40550.000000000095 6.136995404924994e-07
40600.000000000095 5.730072439929367e-07
40650.000000000095 6.031701296974614e-07
40700.000000000095 7.343629438473687e-07
40750.000000000095 6.124386533301624e-07
40800.000000000095 5.255726196382588e-07
40850.000000000095 6.775122570592197e-07
40900.000000000095 6.423467790100919e-07
40950.000000000095 5.737667412325955e-07
41000.000000000095 6.218428598127506e-07
41050.000000000095 6.821338627517139e-07
41100.000000000095 5.704712654455783e-07
41150.000000000095 5.194607487831284e-07
41200.000000000095 6.794858680655295e-07
41250.000000000095 6.523380461974052e-07
41300.000000000095 5.330445943336876e-07
41350.000000000095 7.054927107847233e-07
41400.000000000095 6.341598384454754e-07
41450.000000000095 6.652458549625705e-07
41500.000000000095 5.842078789989201e-07
41550.000000000095 5.467079225106453e-07
41600.000000000095 6.25225770981827e-07
41650.000000000095 6.170507251271769e-07
41700.000000000095 5.661425261667381e-07
41750.000000000095 5.40620876733208e-07
41800.000000000095 7.109256389640612e-07
41850.000000000095 4.3091750496468714e-07
41900.000000000095 5.340062764678749e-07
41950.000000000095 5.990302721050556e-07
42000.000000000095 6.268295890109088e-07
42050.000000000095 5.376997653608411e-07
42100.000000000095 6.427770715766581e-07
42150.000000000095 4.720177833359614e-07
42200.000000000095 5.121065227140011e-07
42250.000000000095 5.156773214053457e-07
42300.000000000095 5.160878281370921e-07
42350.000000000095 5.608355195259766e-07
42400.000000000095 5.329343376254478e-07
42450.000000000095 4.835651852753709e-07
42500.000000000095 4.686725083028068e-07
42550.000000000095 4.6090105701895175e-07
42600.000000000095 5.185372825119261e-07
42650.000000000095 6.486145748159033e-07
42700.000000000095 4.6643166227419507e-07
42750.000000000095 4.4844400491774927e-07
42800.000000000095 4.515444023143448e-07
42850.000000000095 5.235808738346208e-07
42900.000000000095 5.673686609403169e-07
42950.000000000095 4.216931588647592e-07
43000.000000000095 5.680530594435411e-07
43050.000000000095 3.2736251889348986e-07
43100.000000000095 4.6328091459700315e-07
43150.000000000095 4.9002762515718e-07
43200.000000000095 4.98775137613217e-07
43250.000000000095 6.068807850762796e-07
43300.000000000095 6.235094494106108e-07
43350.000000000095 3.913847470594471e-07
43400.000000000095 4.969344286896176e-07
43450.000000000095 3.8208162167732756e-07
43500.000000000095 4.1020839127763136e-07
43550.000000000095 3.984271611228695e-07
43600.000000000095 4.917205923084045e-07
43650.000000000095 3.280812602001202e-07
43700.000000000095 5.218237054100356e-07
43750.000000000095 5.099692513922333e-07
43800.000000000095 4.0815344306755057e-07
43850.000000000095 4.03863707406977e-07
43900.000000000095 3.6477707852409105e-07
43950.000000000095 3.2444087553260273e-07
44000.000000000095 2.2325523438634305e-07
44050.000000000095 3.452167803634553e-07
44100.000000000095 3.761335466102192e-07
44150.000000000095 3.6733732380283597e-07
44200.000000000095 3.190723623064151e-07
44250.000000000095 2.8136034377937656e-07
44300.000000000095 2.577669180198767e-07
44350.000000000095 2.2424743806735107e-07
44400.000000000095 2.3503357210486548e-07
44450.000000000095 2.451359135648613e-07
44500.000000000095 1.9797565555767042e-07
44550.000000000095 2.2635404477642567e-07
44600.000000000095 1.8485210659174554e-07
44650.000000000095 2.146709193439283e-07
44700.000000000095 1.943926484089782e-07
44750.000000000095 2.039714227931511e-07
44800.000000000095 1.845068603463455e-07
44850.000000000095 1.7937907524631217e-07
44900.000000000095 1.4537242070752937e-07
44950.000000000095 1.4277008776845905e-07
45000.000000000095 1.4969497899650987e-07
45050.000000000095 1.5603014845886738e-07
45100.000000000095 1.4583172771365966e-07
45150.000000000095 1.3323699416015476e-07
45200.000000000095 1.0191239554889021e-07
45250.000000000095 1.131669182522114e-07
45300.000000000095 1.316916969185501e-07
45350.000000000095 1.302480871398111e-07
45400.000000000095 1.0420894310257328e-07
45450.000000000095 1.0242890317086047e-07
45500.000000000095 1.0749329123568241e-07
45550.000000000095 1.2774235729641378e-07
45600.000000000095 1.0121109827130827e-07
45650.000000000095 9.767037440109457e-08
45700.000000000095 1.2473746505815078e-07
45750.000000000095 1.0612936259417997e-07
45800.000000000095 9.104089940039368e-08
45850.000000000095 1.3870696903530726e-07
45900.000000000095 1.3569122768334669e-07
45950.000000000095 9.460782330860559e-08
46000.000000000095 1.2910084101739048e-07
46050.000000000095 1.3926353068061669e-07
46100.000000000095 9.552486154536623e-08
46150.000000000095 1.346432298369551e-07
46200.000000000095 1.2903861891537248e-07
46250.000000000095 7.208613642959814e-08
46300.000000000095 1.552901183437444e-07
46350.000000000095 1.1201021720958428e-07
46400.000000000095 1.330726330284567e-07
46450.000000000095 1.7433929286032775e-07
46500.000000000095 1.2756131401550397e-07
46550.000000000095 1.7457298428215687e-07
46600.000000000095 1.7177546536744417e-07
46650.000000000095 2.8326922979064234e-07
46700.000000000095 2.0726692009581443e-07
46750.000000000095 1.5687919612646817e-07
46800.000000000095 1.2478560217889752e-07
46850.000000000095 1.8285352837689008e-07
46900.000000000095 1.5611189804611725e-07
46950.000000000095 2.1654761594438953e-07
47000.000000000095 1.199346735764418e-07
47050.000000000095 2.1851143991002218e-07
47100.000000000095 1.0456266920330776e-07
47150.000000000095 1.4009625485046283e-07
47200.000000000095 1.6436581956809402e-07
47250.000000000095 1.1551583338811777e-07
47300.000000000095 1.3415228707948248e-07
47350.000000000095 1.0210250663701459e-07
47400.000000000095 1.8433971980413322e-07
47450.000000000095 1.0340774689815402e-07
47500.000000000095 1.9757044029952265e-07
47550.000000000095 1.0852244190528967e-07
47600.000000000095 1.8483161820819865e-07
47650.000000000095 1.0919228906890697e-07
47700.000000000095 1.7416095377241753e-07
47750.000000000095 9.342650551131154e-08
47800.000000000095 1.613225363218359e-07
47850.000000000095 8.550343626733808e-08
47900.000000000095 1.451289532335962e-07
47950.000000000095 1.1757370132982923e-07
48000.000000000095 2.0827677182733765e-07
48050.000000000095 1.354807199602782e-07
48100.000000000095 1.761676146919679e-07
48150.000000000095 1.2929396558089668e-07
48200.000000000095 1.898835111528783e-07
48250.000000000095 1.3705255372067164e-07
48300.000000000095 2.382384856921718e-07
48350.000000000095 1.300125617420506e-07
48400.000000000095 1.5982864485479386e-07
48450.000000000095 1.2087980002216264e-07
48500.000000000095 2.2818571873585478e-07
48550.000000000095 1.1750332329121375e-07
48600.000000000095 2.0722415003540345e-07
48650.000000000095 1.233485399895705e-07
