galfind/configs/Brown_Dwarf_templates/sonora_cholla/logkzz4/562g/1050K_562g_logkzz4_resample.dat
# %ECSV 1.0
# ---
# datatype:
# - {name: wav, unit: Angstrom, datatype: float64}
# - {name: flux_nu, unit: erg / (cm2 Hz s), datatype: float64}
# schema: astropy-2.0
wav flux_nu
10000.000000000093 nan
10050.000000000093 2.296477334311437e-07
10100.000000000093 2.7038789234000326e-07
10150.000000000093 2.7500767924348976e-07
10200.000000000093 3.039196972464674e-07
10250.000000000093 3.286102838233987e-07
10300.000000000093 3.409857547935884e-07
10350.000000000093 3.9140245797106064e-07
10400.000000000093 4.2674727221102014e-07
10450.000000000093 4.447997397399947e-07
10500.000000000093 4.4115320897327685e-07
10550.000000000093 4.469542057097414e-07
10600.000000000093 4.653096360770748e-07
10650.000000000093 4.914165123236093e-07
10700.000000000093 5.161780380034208e-07
10750.000000000093 5.389407510008727e-07
10800.000000000093 5.525650427934697e-07
10850.000000000093 5.704638693863837e-07
10900.000000000093 4.794865626186933e-07
10950.000000000093 3.1071889892772283e-07
11000.000000000093 2.4009615718572497e-07
11050.000000000093 1.7300498625527824e-07
11100.000000000093 1.3403569869905652e-07
11150.000000000093 9.824496405547616e-08
11200.000000000093 1.0175249007185434e-07
11250.000000000093 1.2872665568036487e-07
11300.000000000093 1.2609464051937883e-07
11350.000000000093 6.514723291427226e-08
11400.000000000093 1.342301370344738e-07
11450.000000000093 1.0082508555463236e-07
11500.000000000093 1.1684389556584006e-07
11550.000000000093 7.843418685542114e-08
11600.000000000093 8.202565051662969e-08
11650.000000000093 1.0281826955500444e-07
11700.000000000093 1.1024257724730577e-07
11750.000000000093 8.254892827106599e-08
11800.000000000093 1.3448314257016624e-07
11850.000000000093 1.8340963292693983e-07
11900.000000000093 2.081365159919315e-07
11950.000000000093 2.6865780564278197e-07
12000.000000000093 3.0713310488553786e-07
12050.000000000093 3.6976683364724224e-07
12100.000000000093 4.1657791360548736e-07
12150.000000000093 4.786128369158255e-07
12200.000000000093 5.342408282116779e-07
12250.000000000093 5.99219220127546e-07
12300.000000000093 6.611973256934594e-07
12350.000000000093 6.830261246178506e-07
12400.000000000093 7.303491387512154e-07
12450.000000000093 8.053480692834811e-07
12500.000000000093 8.477412601006286e-07
12550.000000000093 8.940252362949486e-07
12600.000000000093 8.97545426469448e-07
12650.000000000093 8.820093643548501e-07
12700.000000000093 8.983869282968383e-07
12750.000000000093 8.493199649986169e-07
12800.000000000093 8.524677819459073e-07
12850.000000000093 7.485587273723646e-07
12900.000000000093 6.807064717537077e-07
12950.000000000093 6.720288390393324e-07
13000.000000000093 6.696583167175543e-07
13050.000000000093 6.272695133647974e-07
13100.000000000093 5.903075884521505e-07
13150.000000000093 4.989938516614354e-07
13200.000000000093 4.5482294341759865e-07
13250.000000000093 3.331459140267194e-07
13300.000000000093 1.8329042246540897e-07
13350.000000000093 5.8970269445215394e-08
13400.000000000093 2.872263449465492e-08
13450.000000000093 1.801970754673488e-08
13500.000000000093 1.0536237175678356e-08
13550.000000000093 8.138582135294533e-09
13600.000000000093 5.550946361551226e-09
13650.000000000093 1.3680437961999764e-08
13700.000000000093 1.0575168451552957e-08
13750.000000000093 1.3876904627321179e-08
13800.000000000093 1.7963393610507804e-08
13850.000000000093 1.256542192602726e-08
13900.000000000093 1.2902664940036917e-08
13950.000000000093 1.2281030922060918e-08
14000.000000000093 1.1623870798509656e-08
14050.000000000093 1.4620088912399432e-08
14100.000000000093 1.099257346489525e-08
14150.000000000093 1.6065898055933553e-08
14200.000000000093 1.2127576577085158e-08
14250.000000000093 1.2945351462198449e-08
14300.000000000093 2.075924613144211e-08
14350.000000000093 1.984815158990832e-08
14400.000000000093 2.144164131808442e-08
14450.000000000093 2.4626016648453494e-08
14500.000000000093 4.279572216122224e-08
14550.000000000093 4.3436328077591644e-08
14600.000000000093 5.983944907351276e-08
14650.000000000093 6.078776286772795e-08
14700.000000000093 4.541465173717413e-08
14750.000000000093 5.969564601594188e-08
14800.000000000093 7.493478603956694e-08
14850.000000000093 7.778872342087386e-08
14900.000000000093 8.266347233064296e-08
14950.000000000093 9.46134821910849e-08
15000.000000000093 1.0608663366607133e-07
15050.000000000093 1.2896819476024183e-07
15100.000000000093 1.4372812877290972e-07
15150.000000000093 1.544528238509902e-07
15200.000000000093 1.5481640804739247e-07
15250.000000000093 1.9080172747189884e-07
15300.000000000093 2.1850396035485585e-07
15350.000000000093 2.55427188478726e-07
15400.000000000093 2.807298539903115e-07
15450.000000000093 3.125440795147723e-07
15500.000000000093 3.308526852416508e-07
15550.000000000093 3.774761212487247e-07
15600.000000000093 3.969594307286222e-07
15650.000000000093 4.118064839271603e-07
15700.000000000093 4.6044996909425705e-07
15750.000000000093 4.833939420860512e-07
15800.000000000093 4.737064796273573e-07
15850.000000000093 4.967045870109673e-07
15900.000000000093 4.831962094819215e-07
15950.000000000093 4.624464861352184e-07
16000.000000000093 4.194152510610572e-07
16050.000000000093 3.511941594444545e-07
16100.000000000093 2.975834995322284e-07
16150.000000000093 2.280517480486376e-07
16200.000000000093 1.733242610961835e-07
16250.000000000093 1.7097235494173225e-07
16300.000000000093 1.4791044446003217e-07
16350.000000000093 1.6094267705393284e-07
16400.000000000095 1.7997416314774873e-07
16450.000000000095 1.9393720651017142e-07
16500.000000000095 2.0765023045895053e-07
16550.000000000095 1.985923656425046e-07
16600.000000000095 2.0054786223243527e-07
16650.000000000095 1.4938537100431048e-07
16700.000000000095 8.515180265034276e-08
16750.000000000095 1.1299790346130307e-07
16800.000000000095 1.556150803870811e-07
16850.000000000095 1.5393499447701983e-07
16900.000000000095 1.374160873390002e-07
16950.000000000095 1.270034298139591e-07
17000.000000000095 1.107138083512072e-07
17050.000000000095 1.3843350184377682e-07
17100.000000000095 1.5255210738501247e-07
17150.000000000095 1.302736642440997e-07
17200.000000000095 1.6224861136109362e-07
17250.000000000095 1.387708117530378e-07
17300.000000000095 1.21393764167648e-07
17350.000000000095 1.155088035843847e-07
17400.000000000095 1.130798291928139e-07
17450.000000000095 1.1334237565878222e-07
17500.000000000095 1.2496338154286507e-07
17550.000000000095 1.073495987459069e-07
17600.000000000095 9.513521274117056e-08
17650.000000000095 9.382260156386823e-08
17700.000000000095 7.148419972298794e-08
17750.000000000095 6.240612416007542e-08
17800.000000000095 7.521232848721285e-08
17850.000000000095 5.144585063951531e-08
17900.000000000095 5.967796758586311e-08
17950.000000000095 4.4075150932091656e-08
18000.000000000095 4.904747936019499e-08
18050.000000000095 4.47353072507152e-08
18100.000000000095 4.117489004521931e-08
18150.000000000095 5.612580364782426e-08
18200.000000000095 3.47859069598141e-08
18250.000000000095 7.043280141253907e-08
18300.000000000095 4.303387961665867e-08
18350.000000000095 3.921394892015309e-08
18400.000000000095 3.471770601091561e-08
18450.000000000095 4.266304315558171e-08
18500.000000000095 4.604993082374576e-08
18550.000000000095 3.589709545649553e-08
18600.000000000095 3.189269446566716e-08
18650.000000000095 2.8215736169022736e-08
18700.000000000095 2.708138124787842e-08
18750.000000000095 3.603784115672271e-08
18800.000000000095 6.413327455457043e-08
18850.000000000095 7.183929347833842e-08
18900.000000000095 6.332741581189832e-08
18950.000000000095 1.0172132291196126e-07
19000.000000000095 6.902216457739929e-08
19050.000000000095 5.263279982944781e-08
19100.000000000095 8.934019546480978e-08
19150.000000000095 6.640043743820332e-08
19200.000000000095 8.027363682222133e-08
19250.000000000095 6.491079269288242e-08
19300.000000000095 5.788378471609062e-08
19350.000000000095 5.375827280573858e-08
19400.000000000095 3.435106868317668e-08
19450.000000000095 6.294392044702506e-08
19500.000000000095 6.025640040725765e-08
19550.000000000095 4.7832262759447694e-08
19600.000000000095 6.231407721950958e-08
19650.000000000095 7.27787684173047e-08
19700.000000000095 7.337307445645283e-08
19750.000000000095 7.582552986134737e-08
19800.000000000095 8.702495125613097e-08
19850.000000000095 1.0633935161764062e-07
19900.000000000095 8.027513991945733e-08
19950.000000000095 1.2001499647976604e-07
20000.000000000095 1.1420392722889732e-07
20050.000000000095 1.253921480020305e-07
20100.000000000095 1.3302505598309498e-07
20150.000000000095 1.3330389849875797e-07
20200.000000000095 1.5471283622194355e-07
20250.000000000095 1.721034313230892e-07
20300.000000000095 1.6068111356401337e-07
20350.000000000095 1.854237860681586e-07
20400.000000000095 1.842222770061456e-07
20450.000000000095 2.1098239971402968e-07
20500.000000000095 2.1918682034037542e-07
20550.000000000095 2.131385526189662e-07
20600.000000000095 2.409233369893972e-07
20650.000000000095 2.310819414935312e-07
20700.000000000095 2.3437702411711857e-07
20750.000000000095 2.4866201954724916e-07
20800.000000000095 2.4671404204764747e-07
20850.000000000095 2.4762785607788686e-07
20900.000000000095 2.567579575103975e-07
20950.000000000095 2.4636891211233867e-07
21000.000000000095 2.5175534710816614e-07
21050.000000000095 2.413086693749241e-07
21100.000000000095 2.3806204915567766e-07
21150.000000000095 2.399053441600269e-07
21200.000000000095 2.2949526973619858e-07
21250.000000000095 2.2906649404204488e-07
21300.000000000095 2.106441403058577e-07
21350.000000000095 2.1268423950982447e-07
21400.000000000095 1.9867605474468218e-07
21450.000000000095 1.8817046682490278e-07
21500.000000000095 1.8914857674236301e-07
21550.000000000095 1.793080156787938e-07
21600.000000000095 1.7070174745047594e-07
21650.000000000095 1.5729202227945057e-07
21700.000000000095 1.6039116184263372e-07
21750.000000000095 1.487220066887072e-07
21800.000000000095 1.3391574397322742e-07
21850.000000000095 1.1916695494170654e-07
21900.000000000095 1.0811070785801207e-07
21950.000000000095 6.949899549499973e-08
22000.000000000095 4.1403086234059117e-08
22050.000000000095 3.190848667353493e-08
22100.000000000095 5.061269713199982e-08
22150.000000000095 5.8630089630279785e-08
22200.000000000095 5.763335693195474e-08
22250.000000000095 5.3593541358927835e-08
22300.000000000095 4.97944781547167e-08
22350.000000000095 4.599541590961982e-08
22400.000000000095 3.746141106668713e-08
22450.000000000095 3.3967919114646764e-08
22500.000000000095 3.6747657257460084e-08
22550.000000000095 2.450610807520948e-08
22600.000000000095 3.025337248435199e-08
22650.000000000095 3.2514129714668664e-08
22700.000000000095 2.9951756070375703e-08
22750.000000000095 3.0827134865891585e-08
22800.000000000095 2.8419068696102002e-08
22850.000000000095 2.5080875889752056e-08
22900.000000000095 2.2640171864731043e-08
22950.000000000095 2.2883133300400896e-08
23000.000000000095 2.025355186838773e-08
23050.000000000095 2.7486489823473916e-08
23100.000000000095 4.331106340721903e-08
23150.000000000095 4.2984160140095386e-08
23200.000000000095 1.6452247956604696e-08
23250.000000000095 1.805081252656888e-08
23300.000000000095 1.7875611081273727e-08
23350.000000000095 1.539324131131339e-08
23400.000000000095 2.0473816412559748e-08
23450.000000000095 1.8445461078924577e-08
23500.000000000095 1.8678472326456184e-08
23550.000000000095 2.6155594430917043e-08
23600.000000000095 2.8814394347005995e-08
23650.000000000095 3.271567124125968e-08
23700.000000000095 1.8238518342845566e-08
23750.000000000095 1.6789638486518927e-08
23800.000000000095 2.272809804230965e-08
23850.000000000095 2.2399971287261896e-08
23900.000000000095 3.498653074887087e-08
23950.000000000095 3.366884467488221e-08
24000.000000000095 4.392259086592898e-08
24050.000000000095 4.7061470457311227e-08
24100.000000000095 3.7953865183152634e-08
24150.000000000095 4.3754684745006256e-08
24200.000000000095 4.8243808774146156e-08
24250.000000000095 3.984602171601056e-08
24300.000000000095 4.8184861636796924e-08
24350.000000000095 4.016758461016782e-08
24400.000000000095 6.022326231006756e-08
24450.000000000095 4.805154510603559e-08
24500.000000000095 5.5304003055943205e-08
24550.000000000095 5.599333931570084e-08
24600.000000000095 6.269248458916536e-08
24650.000000000095 7.070529090598957e-08
24700.000000000095 5.3181970108169684e-08
24750.000000000095 5.078354272070383e-08
24800.000000000095 5.4056069448586885e-08
24850.000000000095 7.58615345804395e-08
24900.000000000095 3.815800511831811e-08
24950.000000000095 6.536436619154114e-08
25000.000000000095 6.190575051419649e-08
25050.000000000095 4.289666482886789e-08
25100.000000000095 5.6827662443225874e-08
25150.000000000095 3.4991452319011716e-08
25200.000000000095 4.9300881954582253e-08
25250.000000000095 3.0927180555775296e-08
25300.000000000095 4.4288014062096e-08
25350.000000000095 2.445539801867644e-08
25400.000000000095 4.6290720379411386e-08
25450.000000000095 2.8731575283280424e-08
25500.000000000095 2.785562827314228e-08
25550.000000000095 3.532464175467805e-08
25600.000000000095 2.8543884147764117e-08
25650.000000000095 2.006390567579826e-08
25700.000000000095 3.8656723700143836e-08
25750.000000000095 1.885878583500292e-08
25800.000000000095 4.0673871534732104e-08
25850.000000000095 1.873580163757801e-08
25900.000000000095 2.7465056923107193e-08
25950.000000000095 1.637327474192116e-08
26000.000000000095 3.9389202570895244e-08
26050.000000000095 2.443946728139878e-08
26100.000000000095 4.337062136737896e-08
26150.000000000095 3.3781791020457196e-08
26200.000000000095 3.842002854288834e-08
26250.000000000095 5.774789233545624e-08
26300.000000000095 3.6977447409402696e-08
26350.000000000095 6.433560744640981e-08
26400.000000000095 7.386235078804077e-08
26450.000000000095 6.578681987194269e-08
26500.000000000095 6.428658910764988e-08
26550.000000000095 4.398712056532826e-08
26600.000000000095 5.384929748082597e-08
26650.000000000095 2.5104849992774373e-08
26700.000000000095 1.985059453995105e-08
26750.000000000095 1.7575343967551118e-08
26800.000000000095 2.6367813454776878e-08
26850.000000000095 1.5466432396689325e-08
26900.000000000095 3.473167524216158e-08
26950.000000000095 1.7281512555675073e-08
27000.000000000095 4.4911877474177365e-08
27050.000000000095 4.06758843052583e-08
27100.000000000095 2.644708018470643e-08
27150.000000000095 5.27259834830945e-08
27200.000000000095 2.834919978341043e-08
27250.000000000095 3.4895187851544145e-08
27300.000000000095 8.067318232279954e-08
27350.000000000095 5.840302102451479e-08
27400.000000000095 1.653157748334988e-08
27450.000000000095 6.982927569476874e-08
27500.000000000095 7.575460231116456e-08
27550.000000000095 3.393811324613627e-08
27600.000000000095 5.969850913866025e-08
27650.000000000095 2.8424373210897244e-08
27700.000000000095 2.3058214304793493e-08
27750.000000000095 6.036226906305548e-08
27800.000000000095 3.031448690474923e-08
27850.000000000095 3.4442092955161283e-08
27900.000000000095 4.5134819636639187e-08
27950.000000000095 6.013019280675088e-08
28000.000000000095 5.407719100388824e-08
28050.000000000095 2.2983256829975613e-08
28100.000000000095 7.18839098247235e-08
28150.000000000095 4.92604981045397e-08
28200.000000000095 2.227444248113998e-08
28250.000000000095 7.184687026825365e-08
28300.000000000095 9.280257320820463e-08
28350.000000000095 2.6968001184455712e-08
28400.000000000095 6.13643891800101e-08
28450.000000000095 7.507806426606432e-08
28500.000000000095 5.8224440623672755e-08
28550.000000000095 2.5721953292135107e-08
28600.000000000095 7.984901522465818e-08
28650.000000000095 7.045712936974028e-08
28700.000000000095 6.011260523627302e-08
28750.000000000095 8.466795677007753e-08
28800.000000000095 7.663237455439836e-08
28850.000000000095 9.34463133321077e-08
28900.000000000095 4.5363629859212863e-08
28950.000000000095 1.0667478742988622e-07
29000.000000000095 7.282418782754463e-08
29050.000000000095 8.750772008648546e-08
29100.000000000095 5.577792943350976e-08
29150.000000000095 1.1714919227027169e-07
29200.000000000095 7.556971436949706e-08
29250.000000000095 1.0542137593798728e-07
29300.000000000095 6.464762576146576e-08
