galfind/configs/Brown_Dwarf_templates/sonora_cholla/logkzz4/562g/1050K_562g_logkzz4_resample.dat
# %ECSV 1.0
# ---
# datatype:
# - {name: wav, unit: Angstrom, datatype: float64}
# - {name: flux_nu, unit: erg / (cm2 Hz s), datatype: float64}
# schema: astropy-2.0
wav flux_nu
[from data line 388]
29400.000000000095 1.0022629862586465e-07
29450.000000000095 1.0364220107097622e-07
29500.000000000095 1.1694999686130248e-07
29550.000000000095 9.980366124112868e-08
29600.000000000095 1.3614670319598364e-07
29650.000000000095 1.1501484779799871e-07
29700.000000000095 9.790860869944152e-08
29750.000000000095 1.3002604291770635e-07
29800.000000000095 1.4357984553614812e-07
29850.000000000095 1.5170592970907368e-07
29900.000000000095 1.4962056581179907e-07
29950.000000000095 1.3152509467696208e-07
30000.000000000095 1.189313142882317e-07
30050.000000000095 1.0244909960168756e-07
30100.000000000095 1.2690740288674552e-07
30150.000000000095 1.6847887903726966e-07
30200.000000000095 1.2404338383146107e-07
30250.000000000095 1.772926611672999e-07
30300.000000000095 1.5162461184993716e-07
30350.000000000095 1.3454260852248579e-07
30400.000000000095 1.6258160640903858e-07
30450.000000000095 1.2618055132288705e-07
30500.000000000095 1.2246697964286654e-07
30550.000000000095 1.2678180950313003e-07
30600.000000000095 1.4747173437534605e-07
30650.000000000095 1.3007177469026759e-07
30700.000000000095 1.1559812904442395e-07
30750.000000000095 1.0766461420459137e-07
30800.000000000095 1.0451842635108843e-07
30850.000000000095 9.916088060903796e-08
30900.000000000095 1.0081389610104916e-07
30950.000000000095 6.930178605510509e-08
31000.000000000095 8.231687760264536e-08
31050.000000000095 8.85065892330989e-08
31100.000000000095 6.030511520110231e-08
31150.000000000095 7.279631612313381e-08
31200.000000000095 7.868707357845554e-08
31250.000000000095 6.142592890716771e-08
31300.000000000095 5.8976157119819373e-08
31350.000000000095 5.775191718932606e-08
31400.000000000095 4.0402362396715944e-08
31450.000000000095 5.7968202095088254e-08
31500.000000000095 4.173246416450504e-08
31550.000000000095 5.080365126113222e-08
31600.000000000095 3.641885223542563e-08
31650.000000000095 3.6938986425157275e-08
31700.000000000095 4.272612370697971e-08
31750.000000000095 2.973353412212891e-08
31800.000000000095 3.868486471189611e-08
31850.000000000095 3.180374113784978e-08
31900.000000000095 3.4452636727375733e-08
31950.000000000095 3.159845324697801e-08
32000.000000000095 3.2548018388363766e-08
32050.000000000095 2.692135513614267e-08
32100.000000000095 2.5166872541307097e-08
32150.000000000095 3.2671775053555743e-08
32200.000000000095 2.3721307586963124e-08
32250.000000000095 3.732675657131788e-08
32300.000000000095 2.136478556571972e-08
32350.000000000095 4.337572393824021e-08
32400.000000000095 2.8521654205570537e-08
32450.000000000095 4.0641473335156976e-08
32500.000000000095 3.0995750177867246e-08
32550.000000000095 3.820391733541394e-08
32600.000000000095 4.136355474759716e-08
32650.000000000095 5.135357679537866e-08
32700.000000000095 4.3630288634714246e-08
32750.000000000095 5.968044152581415e-08
32800.000000000095 4.900741958013304e-08
32850.000000000095 6.483022187114457e-08
32900.000000000095 6.842583552151704e-08
32950.000000000095 7.254597842541005e-08
33000.000000000095 6.170360399481216e-08
33050.000000000095 6.060336971248341e-08
33100.000000000095 3.246441458954644e-08
33150.000000000095 7.183215663120417e-09
33200.000000000095 8.622996666794041e-09
33250.000000000095 5.318656755709062e-09
33300.000000000095 6.273088321426174e-09
33350.000000000095 1.2328978616271287e-08
33400.000000000095 1.8533272669863726e-08
33450.000000000095 2.347595910230004e-08
33500.000000000095 3.347954041905244e-08
33550.000000000095 3.079778156440766e-08
33600.000000000095 4.73182888088385e-08
33650.000000000095 4.65912594982422e-08
33700.000000000095 4.080249964631531e-08
33750.000000000095 5.7054572345251615e-08
33800.000000000095 3.667602134244285e-08
33850.000000000095 5.131033645152167e-08
33900.000000000095 4.629670916078681e-08
33950.000000000095 5.122552394648517e-08
34000.000000000095 5.610056754935025e-08
34050.000000000095 2.6960697646076758e-08
34100.000000000095 5.3262596007673876e-08
34150.000000000095 3.781974841667639e-08
34200.000000000095 4.86855506391406e-08
34250.000000000095 4.166114650825258e-08
34300.000000000095 3.510687228304837e-08
34350.000000000095 5.0259136143264794e-08
34400.000000000095 3.77388016971793e-08
34450.000000000095 5.530727840965972e-08
34500.000000000095 4.5564000672909175e-08
34550.000000000095 3.2837936128825207e-08
34600.000000000095 5.6986520371387054e-08
34650.000000000095 3.438393798064687e-08
34700.000000000095 4.1472741647086436e-08
34750.000000000095 4.239453222759021e-08
34800.000000000095 2.7953418471851816e-08
34850.000000000095 4.732382192087565e-08
34900.000000000095 5.190682674258556e-08
34950.000000000095 4.607572210096377e-08
35000.000000000095 6.176517947214266e-08
35050.000000000095 4.6011571806220876e-08
35100.000000000095 6.375106780331893e-08
35150.000000000095 5.780009819869221e-08
35200.000000000095 7.379166388053144e-08
35250.000000000095 8.101565773453411e-08
35300.000000000095 5.1483992003489005e-08
35350.000000000095 7.421612945817129e-08
35400.000000000095 7.313739245149022e-08
35450.000000000095 6.345447094907333e-08
35500.000000000095 1.0072880066341832e-07
35550.000000000095 8.532874123632204e-08
35600.000000000095 8.997734864401239e-08
35650.000000000095 9.34015178690696e-08
35700.000000000095 6.506203563181686e-08
35750.000000000095 1.0887159323123604e-07
35800.000000000095 9.99087346876049e-08
35850.000000000095 7.451174860131073e-08
35900.000000000095 1.101906196239702e-07
35950.000000000095 1.0800123315394382e-07
36000.000000000095 8.484553041644271e-08
36050.000000000095 1.1122972021382622e-07
36100.000000000095 1.0249971296555178e-07
36150.000000000095 1.1919248838407357e-07
36200.000000000095 1.192412155747583e-07
36250.000000000095 1.2491317047278786e-07
36300.000000000095 1.366110367092063e-07
36350.000000000095 1.3995869060943452e-07
36400.000000000095 1.6710232049465348e-07
36450.000000000095 1.6133348482614473e-07
36500.000000000095 1.5987769882155233e-07
36550.000000000095 1.7978083312147656e-07
36600.000000000095 2.056462103725924e-07
36650.000000000095 2.035118312733363e-07
36700.000000000095 2.0911758208198818e-07
36750.000000000095 2.3129051608661618e-07
36800.000000000095 2.1568964824426544e-07
36850.000000000095 2.022376931638599e-07
36900.000000000095 2.0980824112864326e-07
36950.000000000095 2.358216249208875e-07
37000.000000000095 2.1849638208655365e-07
37050.000000000095 2.4389559213483595e-07
37100.000000000095 2.49823803595574e-07
37150.000000000095 2.555986389566992e-07
37200.000000000095 2.679131319118495e-07
37250.000000000095 2.3343128270074259e-07
37300.000000000095 2.4172789293559676e-07
37350.000000000095 2.736611472289193e-07
37400.000000000095 3.1558719472549226e-07
37450.000000000095 2.8146955497281095e-07
37500.000000000095 2.518922554259399e-07
37550.000000000095 3.4577907917544806e-07
37600.000000000095 3.620703716562859e-07
37650.000000000095 2.832955374451423e-07
37700.000000000095 3.282467156306594e-07
37750.000000000095 2.6486055176763874e-07
37800.000000000095 3.0913174471427143e-07
37850.000000000095 2.5512804815511095e-07
37900.000000000095 2.9983852321450734e-07
37950.000000000095 3.3765084273945123e-07
38000.000000000095 3.8230576192613594e-07
38050.000000000095 3.404994942963469e-07
38100.000000000095 3.7313282246727904e-07
38150.000000000095 3.7268341160839154e-07
38200.000000000095 3.966506663185052e-07
38250.000000000095 3.799512988840664e-07
38300.000000000095 4.544083606865239e-07
38350.000000000095 4.5870413857147304e-07
38400.000000000095 3.427687007942798e-07
38450.000000000095 3.845208559858139e-07
38500.000000000095 3.300982055025953e-07
38550.000000000095 3.9102075045536617e-07
38600.000000000095 3.9714744334738083e-07
38650.000000000095 4.6503016391324264e-07
38700.000000000095 4.6183170240520683e-07
38750.000000000095 4.5784693971182764e-07
38800.000000000095 4.05314781181368e-07
38850.000000000095 4.915369896136921e-07
38900.000000000095 4.939545974800837e-07
38950.000000000095 4.493268243942225e-07
39000.000000000095 5.273596499835033e-07
39050.000000000095 4.693712487374975e-07
39100.000000000095 4.73965845945678e-07
39150.000000000095 4.868371329460161e-07
39200.000000000095 4.6757720831523426e-07
39250.000000000095 5.389920734521677e-07
39300.000000000095 5.186661478657572e-07
39350.000000000095 5.928709308175439e-07
39400.000000000095 5.715285118667695e-07
39450.000000000095 5.739062860655942e-07
39500.000000000095 5.309756657864195e-07
39550.000000000095 5.483927593989655e-07
39600.000000000095 5.565677880917031e-07
39650.000000000095 6.433316389595676e-07
39700.000000000095 5.732138107635904e-07
39750.000000000095 4.909022971395074e-07
39800.000000000095 5.833965525594485e-07
39850.000000000095 6.347517759049835e-07
39900.000000000095 6.269442309141167e-07
39950.000000000095 6.068504728787505e-07
40000.000000000095 6.557184785272171e-07
40050.000000000095 6.560463791456034e-07
40100.000000000095 5.59499963543635e-07
40150.000000000095 7.022191729591335e-07
40200.000000000095 7.054962193658385e-07
40250.000000000095 6.424979815018687e-07
40300.000000000095 6.885770481237523e-07
40350.000000000095 6.075262737415486e-07
40400.000000000095 6.960269372937907e-07
40450.000000000095 6.575969503947381e-07
40500.000000000095 6.638001805661933e-07
40550.000000000095 7.119027321264473e-07
40600.000000000095 6.600136403215078e-07
40650.000000000095 7.080643267202893e-07
40700.000000000095 8.380223860189898e-07
40750.000000000095 7.054338665036066e-07
40800.000000000095 6.15501876751441e-07
40850.000000000095 7.635526027493642e-07
40900.000000000095 7.268827657206898e-07
40950.000000000095 6.6956254031737e-07
41000.000000000095 7.148327028711019e-07
41050.000000000095 7.729980655597323e-07
41100.000000000095 6.537576915747896e-07
41150.000000000095 6.157072330805514e-07
41200.000000000095 7.657774891470807e-07
41250.000000000095 7.458449595297275e-07
41300.000000000095 6.052667193793286e-07
41350.000000000095 7.947772453835206e-07
41400.000000000095 7.211491178551233e-07
41450.000000000095 7.53129758656276e-07
41500.000000000095 6.762055061222596e-07
41550.000000000095 6.342792621114622e-07
41600.000000000095 7.098280144356026e-07
41650.000000000095 6.960952455469443e-07
41700.000000000095 6.417725771742644e-07
41750.000000000095 6.122660061987612e-07
41800.000000000095 7.967512328362288e-07
41850.000000000095 4.87435719606306e-07
41900.000000000095 6.134760463624953e-07
41950.000000000095 6.758793599689406e-07
42000.000000000095 7.004158313814525e-07
42050.000000000095 6.045266194894324e-07
42100.000000000095 7.078884859303548e-07
42150.000000000095 5.282305971526125e-07
42200.000000000095 5.768389216382642e-07
42250.000000000095 5.834680211499614e-07
42300.000000000095 5.812857841682434e-07
42350.000000000095 6.260852176243359e-07
42400.000000000095 5.878322806361631e-07
42450.000000000095 5.388815945538525e-07
42500.000000000095 5.228158468336011e-07
42550.000000000095 5.177923157775341e-07
42600.000000000095 5.815878522685921e-07
42650.000000000095 7.128652444201979e-07
42700.000000000095 5.342573686497654e-07
42750.000000000095 5.076286622685603e-07
42800.000000000095 5.031247708170698e-07
42850.000000000095 5.831875846051227e-07
42900.000000000095 6.268407365625679e-07
42950.000000000095 4.6856812787533264e-07
43000.000000000095 6.324046781971161e-07
43050.000000000095 3.7901651779725047e-07
43100.000000000095 5.247196996300345e-07
43150.000000000095 5.578523552321311e-07
43200.000000000095 5.58326053228704e-07
43250.000000000095 6.542511394967197e-07
43300.000000000095 6.825814291015317e-07
43350.000000000095 4.484140701932547e-07
43400.000000000095 5.567214698970268e-07
43450.000000000095 4.3562296068855787e-07
43500.000000000095 4.587650478028349e-07
43550.000000000095 4.4514608881053486e-07
43600.000000000095 5.437494683683347e-07
43650.000000000095 3.716407116001919e-07
43700.000000000095 5.710191911928315e-07
43750.000000000095 5.627685767921582e-07
43800.000000000095 4.5131802405740705e-07
43850.000000000095 4.5098244664751684e-07
43900.000000000095 4.040327158134884e-07
43950.000000000095 3.7153640839489406e-07
44000.000000000095 2.557637174879405e-07
44050.000000000095 3.8399707647368563e-07
44100.000000000095 4.143810905437411e-07
44150.000000000095 4.0666435586851475e-07
44200.000000000095 3.526916117612624e-07
44250.000000000095 3.1949442374435933e-07
44300.000000000095 2.954825457004951e-07
44350.000000000095 2.530885237246292e-07
44400.000000000095 2.6907109526976026e-07
44450.000000000095 2.7858665901532755e-07
44500.000000000095 2.2519456806169475e-07
44550.000000000095 2.557217792957215e-07
44600.000000000095 2.1247379974407423e-07
44650.000000000095 2.462967202550423e-07
44700.000000000095 2.255601592231777e-07
44750.000000000095 2.3631403665481423e-07
44800.000000000095 2.1577308768040013e-07
44850.000000000095 2.0895774073474012e-07
44900.000000000095 1.7099229026651216e-07
44950.000000000095 1.700813372086991e-07
45000.000000000095 1.7769395702340572e-07
45050.000000000095 1.8489872989160466e-07
45100.000000000095 1.7178933574179932e-07
45150.000000000095 1.5930225967297953e-07
45200.000000000095 1.2463896856110837e-07
45250.000000000095 1.375769669537324e-07
45300.000000000095 1.5849164736787766e-07
45350.000000000095 1.5836729343308266e-07
45400.000000000095 1.2703703451490386e-07
45450.000000000095 1.259299670147392e-07
45500.000000000095 1.3073774149652746e-07
45550.000000000095 1.545019228352029e-07
45600.000000000095 1.249466091264417e-07
45650.000000000095 1.2075650286644077e-07
45700.000000000095 1.5245977542620896e-07
45750.000000000095 1.3124418419669215e-07
45800.000000000095 1.1424573543025419e-07
45850.000000000095 1.7041607111554668e-07
45900.000000000095 1.6636321252758661e-07
45950.000000000095 1.1929290313020834e-07
46000.000000000095 1.590286289725644e-07
46050.000000000095 1.7042970727546384e-07
46100.000000000095 1.1990087267085176e-07
46150.000000000095 1.6396417264762266e-07
46200.000000000095 1.567853086720803e-07
46250.000000000095 9.177328836059382e-08
46300.000000000095 1.8780995272828967e-07
46350.000000000095 1.360078977459732e-07
46400.000000000095 1.614539299597325e-07
46450.000000000095 2.075387428062699e-07
46500.000000000095 1.5558122102348616e-07
46550.000000000095 2.074577686340463e-07
46600.000000000095 2.0478018780380153e-07
46650.000000000095 3.256487456166563e-07
46700.000000000095 2.4253039707268316e-07
46750.000000000095 1.8817256895658345e-07
46800.000000000095 1.5381272502780368e-07
46850.000000000095 2.1868790546677837e-07
46900.000000000095 1.8752091551128292e-07
46950.000000000095 2.547826627129737e-07
47000.000000000095 1.4810619884184063e-07
47050.000000000095 2.594876879880963e-07
47100.000000000095 1.3105332969566197e-07
47150.000000000095 1.7016974356534384e-07
47200.000000000095 1.9960595833717904e-07
47250.000000000095 1.4383532051153414e-07
47300.000000000095 1.6475630186892566e-07
47350.000000000095 1.2691503070869137e-07
47400.000000000095 2.20574717973694e-07
47450.000000000095 1.2990494042143006e-07
47500.000000000095 2.3478819648356925e-07
47550.000000000095 1.3520783403128573e-07
47600.000000000095 2.200817917761589e-07
47650.000000000095 1.3506549043771749e-07
47700.000000000095 2.0785655308485645e-07
47750.000000000095 1.1561029420523739e-07
47800.000000000095 1.9357113722317706e-07
47850.000000000095 1.0475323392162812e-07
47900.000000000095 1.7709428882372003e-07
47950.000000000095 1.4247119983307354e-07
48000.000000000095 2.4643017701842516e-07
48050.000000000095 1.6285832574295746e-07
48100.000000000095 2.1027036888385273e-07
48150.000000000095 1.5430315322711942e-07
48200.000000000095 2.2392005704976541e-07
48250.000000000095 1.6444525556192506e-07
48300.000000000095 2.778979916968817e-07
48350.000000000095 1.549376094239405e-07
48400.000000000095 1.9444165556102955e-07
48450.000000000095 1.4346453989310264e-07
48500.000000000095 2.6793371372879224e-07
48550.000000000095 1.4067541085944842e-07
48600.000000000095 2.419138055474064e-07
48650.000000000095 1.455389224331713e-07
