galfind/configs/Brown_Dwarf_templates/sonora_cholla/logkzz4/562g/1100K_562g_logkzz4_resample.dat
# %ECSV 1.0
# ---
# datatype:
# - {name: wav, unit: Angstrom, datatype: float64}
# - {name: flux_nu, unit: erg / (cm2 Hz s), datatype: float64}
# schema: astropy-2.0
wav flux_nu
[from data line 776]
48800.000000000095 2.7959477656990165e-07
48850.000000000095 1.946727288663354e-07
48900.000000000095 2.8595789895478824e-07
48950.000000000095 2.457903700922577e-07
49000.000000000095 2.1514835696831076e-07
49050.000000000095 2.698114874631626e-07
49100.000000000095 1.9852499560756995e-07
49150.000000000095 2.997781910631449e-07
49200.000000000095 2.1236219997765582e-07
49250.000000000095 2.995742594028096e-07
49300.000000000095 2.2941523224924062e-07
49350.000000000095 2.440962915403809e-07
49400.000000000095 2.8554748222796307e-07
49450.000000000095 2.6369147814186453e-07
49500.000000000095 2.516834109651585e-07
49550.000000000095 1.6452690476630568e-07
49600.000000000095 2.6149470690261707e-07
49650.000000000095 2.456987357092331e-07
49700.000000000095 2.208162812521243e-07
49750.000000000095 3.5266369918716994e-07
49800.000000000095 2.219481932198154e-07
49850.000000000095 3.7737322970521603e-07
49900.000000000095 2.913407079047612e-07
49950.000000000095 3.0653138524002577e-07
50000.000000000095 3.422148049747305e-07
50050.000000000095 3.1285109692080873e-07
50100.000000000095 3.9162274089639993e-07
50150.000000000095 2.2653307278169823e-07
50200.000000000095 1.7153049513346523e-07
50250.000000000095 3.4351767548256804e-07
50300.000000000095 2.5006845654149003e-07
50350.000000000095 3.4495167774024356e-07
50400.000000000095 2.9496637479710917e-07
50450.000000000095 2.95651624393876e-07
50500.000000000095 3.789719735246795e-07
50550.000000000095 3.0820942528604865e-07
50600.000000000095 3.384932850961448e-07
50650.000000000095 3.134484075427753e-07
50700.000000000095 4.3955027983197825e-07
50750.000000000095 4.1538652494389107e-07
50800.000000000095 2.2758267366939834e-07
50850.000000000095 2.538840371167549e-07
50900.000000000095 3.9850619363549843e-07
50950.000000000095 4.026034229070446e-07
51000.000000000095 3.790753874314925e-07
51050.000000000095 3.3962192028327995e-07
51100.000000000095 2.3113582927585526e-07
51150.000000000095 2.9458922002608684e-07
51200.000000000095 4.1391987638705373e-07
51250.000000000095 3.7098669490276257e-07
51300.000000000095 2.5430523481891926e-07
51350.000000000095 3.287670492848797e-07
51400.000000000095 2.515940277627564e-07
51450.000000000095 2.238028150320194e-07
51500.000000000095 2.0988697924867893e-07
51550.000000000095 3.7174413960479693e-07
51600.000000000095 2.580739536476788e-07
51650.000000000095 3.3775182358126017e-07
51700.000000000095 3.506478870712142e-07
51750.000000000095 2.4106616738605305e-07
51800.000000000095 4.40203355165752e-07
51850.000000000095 3.561821761852561e-07
51900.000000000095 4.513328996698124e-07
51950.000000000095 3.7851912973611874e-07
52000.000000000095 1.6056663536910536e-07
52050.000000000095 2.6754280782298795e-07
52100.000000000095 2.491861044187814e-07
52150.000000000095 2.0774398096667925e-07
52200.000000000095 2.1498838951052942e-07
52250.000000000095 2.677022425414601e-07
52300.000000000095 4.2985424524930784e-07
52350.000000000095 3.043716344728524e-07
52400.000000000095 2.3944250054431867e-07
52450.000000000095 3.635891876590953e-07
52500.000000000095 3.353460841518739e-07
52550.000000000095 3.5252253596374744e-07
52600.000000000095 2.8764553114202413e-07
52650.000000000095 3.204720507122273e-07
52700.000000000095 2.676589809755213e-07
52750.000000000095 2.2535327014910582e-07
52800.000000000095 2.3812075836734364e-07
52850.000000000095 2.74029423345758e-07
52900.000000000095 2.2709764173105543e-07
52950.000000000095 2.3302399469157428e-07
53000.000000000095 4.0092438839468586e-07
53050.000000000095 1.8956639491300394e-07
53100.000000000095 3.5747395242379036e-07
53150.000000000095 4.286176631438372e-07
53200.000000000095 2.1425450495724213e-07
53250.000000000095 3.8419481334732686e-07
53300.000000000095 3.9984098456314846e-07
53350.000000000095 3.7930755726058297e-07
53400.000000000095 3.969504450097695e-07
53450.000000000095 2.0632432941037308e-07
53500.000000000095 1.4074866435112296e-07
53550.000000000095 2.1051025963108998e-07
53600.000000000095 2.868048388682878e-07
53650.000000000095 2.4221372083432533e-07
53700.000000000095 2.2664448417236685e-07
53750.000000000095 2.3108092003642356e-07
53800.000000000095 2.3026741696334974e-07
53850.000000000095 3.029003845673662e-07
53900.000000000095 2.729728623042485e-07
53950.000000000095 3.676686397615088e-07
54000.000000000095 2.645712798609063e-07
54050.000000000095 2.6653597305139654e-07
54100.000000000095 1.4833342580956385e-07
54150.000000000095 2.0938704590967116e-07
54200.000000000095 1.1660565125200874e-07
54250.000000000095 1.363484227627163e-07
54300.000000000095 2.076104889546902e-07
54350.000000000095 2.751536391864754e-07
54400.000000000095 2.818005352332184e-07
54450.000000000095 2.385583580205383e-07
54500.000000000095 2.1272075754725982e-07
54550.000000000095 1.8762692644046575e-07
54600.000000000095 2.354918862122129e-07
54650.000000000095 1.4429561812642533e-07
54700.000000000095 2.7550493753467617e-07
54750.000000000095 2.6243372188042505e-07
54800.000000000095 1.937822177116989e-07
54850.000000000095 2.2335149852428516e-07
54900.000000000095 2.909243965215873e-07
54950.000000000095 3.704545306527072e-07
55000.000000000095 1.794959066703799e-07
55050.000000000095 2.5245654363945734e-07
55100.000000000095 2.2775870285252858e-07
55150.000000000095 1.9653066414595166e-07
55200.000000000095 1.9578944765603256e-07
55250.000000000095 2.1423815667629048e-07
55300.000000000095 1.6287352144297546e-07
55350.000000000095 2.441160082113881e-07
55400.000000000095 3.0512205069442127e-07
55450.000000000095 2.2494566041976337e-07
55500.000000000095 1.3072898450647112e-07
55550.000000000095 1.7768604934192027e-07
55600.000000000095 1.694152125157635e-07
55650.000000000095 1.4293432014519177e-07
55700.000000000095 1.8542621739731256e-07
55750.000000000095 2.0699262818443746e-07
55800.000000000095 1.5786319545986224e-07
55850.000000000095 1.401481226613744e-07
55900.000000000095 2.4067654863537496e-07
55950.000000000095 3.086646880064121e-07
56000.000000000095 1.5663552773749926e-07
56050.000000000095 2.105100185615076e-07
56100.000000000095 2.405688390603495e-07
56150.000000000095 1.7855892637030713e-07
56200.000000000095 2.0097537954838788e-07
56250.000000000095 2.0733408234930252e-07
56300.000000000095 2.21623874936227e-07
56350.000000000095 2.2691629073889046e-07
56400.000000000095 1.5630346411622315e-07
56450.000000000095 1.3922752437463058e-07
56500.000000000095 1.6930542982992192e-07
56550.000000000095 1.2049261757606457e-07
56600.000000000095 2.2921780693208238e-07
56650.000000000095 2.138289688626211e-07
56700.000000000095 2.4389000178280704e-07
56750.000000000095 1.366801306804151e-07
56800.000000000095 2.397915075882777e-07
56850.000000000095 1.9121107020501312e-07
56900.000000000095 1.5773476611058955e-07
56950.000000000095 2.4225406238793644e-07
57000.000000000095 2.621385610580346e-07
57050.000000000095 1.7972672788058926e-07
57100.000000000095 1.01760186314755e-07
57150.000000000095 1.4492995451475995e-07
57200.000000000095 1.1856707076446803e-07
57250.000000000095 1.6736267709932817e-07
57300.000000000095 2.1133030966680399e-07
57350.000000000095 1.281506469809921e-07
57400.000000000095 2.0897465585203695e-07
57450.000000000095 1.904925728602702e-07
57500.000000000095 1.813341669573066e-07
57550.000000000095 2.2681727668698632e-07
57600.000000000095 2.393842863551876e-07
57650.000000000095 1.0528522160387721e-07
57700.000000000095 1.3071575518040306e-07
57750.000000000095 1.6102459413835024e-07
57800.000000000095 7.18075711304196e-08
57850.000000000095 2.724704115519316e-07
57900.000000000095 3.139465191118589e-07
57950.000000000095 2.7949053938115563e-07
58000.000000000095 1.5510345728475384e-07
58050.000000000095 2.0865085633318328e-07
58100.000000000095 2.5194312104784313e-07
58150.000000000095 1.9405123760896786e-07
58200.000000000095 1.1198644339770903e-07
58250.000000000095 1.4755105884409866e-07
58300.000000000095 1.1771787508195813e-07
58350.000000000095 1.4525268869186373e-07
58400.000000000095 1.9049880164423424e-07
58450.000000000095 2.0253911652094436e-07
58500.000000000095 1.853566222412253e-07
58550.000000000095 2.1186889414888143e-07
58600.000000000095 1.3062448239425955e-07
58650.000000000095 1.6121304071990666e-07
58700.000000000095 1.6727746746113188e-07
58750.000000000095 1.8588789301674305e-07
58800.000000000095 9.648542372535789e-08
58850.000000000095 1.5871227435916334e-07
58900.000000000095 2.0270825479182534e-07
58950.000000000095 1.2803460569904233e-07
59000.000000000095 1.9736241440422502e-07
59050.000000000095 2.1377954775169176e-07
59100.000000000095 2.534813193395242e-07
59150.000000000095 1.8546468725727925e-07
59200.000000000095 1.9476014417141575e-07
59250.000000000095 2.0985153353890011e-07
59300.000000000095 2.006337555991063e-07
59350.000000000095 1.0907908093553515e-07
59400.000000000095 8.627052673107167e-08
59450.000000000095 1.7569696206293927e-07
59500.000000000095 1.1352470185195968e-07
59550.000000000095 2.1615467385712992e-07
59600.000000000095 2.1819233908485593e-07
59650.000000000095 1.9129001358350962e-07
59700.000000000095 1.3195595029136676e-07
59750.000000000095 2.729091955867272e-07
59800.000000000095 1.7057621434989508e-07
59850.000000000095 2.2554553200685318e-07
59900.000000000095 1.1816914197427273e-07
59950.000000000095 1.895614729860591e-07
60000.000000000095 2.9765952586564454e-07
60050.000000000095 2.5595129027920306e-07
60100.000000000095 2.622939492851678e-07
60150.000000000095 1.832157921904493e-07
60200.000000000095 2.1066109314873883e-07
60250.000000000095 2.5357897565441497e-07
60300.000000000095 2.3634675575050378e-07
60350.000000000095 1.7234423162613066e-07
60400.000000000095 2.1746859108599565e-07
60450.000000000095 1.2278427435213e-07
60500.000000000095 8.35616619482344e-08
60550.000000000095 2.2407455891846992e-07
60600.000000000095 2.1687027719378712e-07
60650.000000000095 1.8496798959105192e-07
60700.000000000095 1.628855636587572e-07
60750.000000000095 1.2977061156712193e-07
60800.000000000095 2.2072610323709558e-07
60850.000000000095 3.168055590660058e-07
60900.000000000095 2.8330875061816997e-07
60950.000000000095 2.610331803143351e-07
61000.000000000095 2.0583312005148076e-07
61050.000000000095 1.5283131484108987e-07
61100.000000000095 2.077594393425341e-07
61150.000000000095 8.909701381661753e-08
61200.000000000095 2.6649901851614265e-07
61250.000000000095 3.0718702738999525e-07
61300.000000000095 2.6681750756058066e-07
61350.000000000095 3.244456063598911e-07
61400.000000000095 2.264375699473919e-07
61450.000000000095 1.4878776766622823e-07
61500.000000000095 1.7264581548778914e-07
61550.000000000095 1.6876132307014414e-07
61600.000000000095 1.2583735486718058e-07
61650.000000000095 1.9547381361597634e-07
61700.000000000095 1.6268956831979142e-07
61750.000000000095 1.963301758543391e-07
61800.000000000095 2.1960646016348645e-07
61850.000000000095 1.4889310872795515e-07
61900.000000000095 2.751863722216923e-07
61950.000000000095 2.66286046835928e-07
62000.000000000095 2.6031002933324683e-07
62050.000000000095 2.432957641698576e-07
62100.000000000095 2.603494209829139e-07
62150.000000000095 2.6340676199282474e-07
62200.000000000095 2.3239101175052317e-07
62250.000000000095 2.418491911583754e-07
62300.000000000095 3.226063195621487e-07
62350.000000000095 2.642077314716596e-07
62400.000000000095 1.6113448656038573e-07
62450.000000000095 2.2673688664878733e-07
62500.000000000095 2.973188460095609e-07
62550.000000000095 2.8595398391559946e-07
62600.000000000095 3.125848981446682e-07
62650.000000000095 2.4902947491962674e-07
62700.000000000095 2.6949025769231485e-07
62750.000000000095 3.310396863483269e-07
62800.000000000095 2.1671453247296987e-07
62850.000000000095 2.890285788245271e-07
62900.000000000095 2.3182111658453174e-07
62950.000000000095 2.9525893875200816e-07
63000.000000000095 2.659108228255331e-07
63050.000000000095 3.4864644797028907e-07
63100.000000000095 3.1668499422499324e-07
63150.000000000095 2.3464009998755352e-07
63200.000000000095 2.9892682493727294e-07
63250.000000000095 2.566311935205353e-07
63300.000000000095 3.1161775694559004e-07
63350.000000000095 2.7797223383024464e-07
63400.000000000095 1.7736196111464182e-07
63450.000000000095 1.479013387561577e-07
63500.000000000095 2.6190230938641865e-07
63550.000000000095 2.47962761216305e-07
63600.000000000095 2.956685720628803e-07
63650.000000000095 2.1218765642853895e-07
63700.000000000095 1.5888673023090892e-07
63750.000000000095 2.1466498600638282e-07
63800.000000000095 2.428022468846029e-07
63850.000000000095 2.3420875497301103e-07
63900.000000000095 1.721745606331692e-07
63950.000000000095 2.432405358016254e-07
64000.000000000095 2.66896576412994e-07
64050.000000000095 1.9998916701415104e-07
64100.000000000095 8.371924637104342e-08
64150.000000000095 1.146164845467255e-07
64200.000000000095 1.302461682511169e-07
64250.000000000095 2.012327788473074e-07
64300.000000000095 1.5972432632173774e-07
64350.000000000095 1.3634934248657868e-07
64400.000000000095 2.1363114732023967e-07
64450.000000000095 2.2258853943805882e-07
64500.000000000095 1.3400466699887434e-07
64550.000000000095 1.9610850383333385e-07
64600.000000000095 1.1866057444636299e-07
64650.000000000095 1.8256733353980945e-07
64700.000000000095 1.0778667660584732e-07
64750.000000000095 1.318126628046328e-07
64800.000000000095 1.3052992879789746e-07
64850.000000000095 1.183294442883688e-07
64900.000000000095 1.3496233896552867e-07
64950.000000000095 1.2554736653631284e-07
65000.000000000095 1.504732842534894e-07
65050.000000000095 1.4893626184931154e-07
65100.000000000095 1.8735122705613843e-07
65150.000000000095 1.3626672898207107e-07
65200.000000000095 1.1657842748200796e-07
65250.000000000095 1.7831430588980238e-07
65300.000000000095 1.491281636867404e-07
65350.000000000095 2.603723249968326e-07
65400.000000000095 1.4626260136066782e-07
65450.000000000095 1.520650004877821e-07
65500.000000000095 1.7434307982430283e-07
65550.00000000009 1.2127874969013706e-07
65600.00000000009 1.4719676497257399e-07
65650.00000000009 1.5546032451273562e-07
65700.00000000009 1.407305052952899e-07
65750.00000000009 1.1876647737327277e-07
65800.00000000009 1.6468526720180024e-07
65850.00000000009 1.8886519927374302e-07
65900.00000000009 1.1695784394441407e-07
65950.00000000009 9.700204635550116e-08
66000.00000000009 1.4105405436504587e-07
66050.00000000009 2.363568198180318e-07
66100.00000000009 1.5436004930038327e-07
66150.00000000009 1.1693551592863901e-07
66200.00000000009 1.1865368476325387e-07
66250.00000000009 1.1377399033886086e-07
66300.00000000009 6.259335196292577e-08
66350.00000000009 8.903192104822711e-08
66400.00000000009 1.1174448181236774e-07
66450.00000000009 1.7869201210315192e-07
66500.00000000009 2.3411400251729618e-07
66550.00000000009 2.219992265946885e-07
66600.00000000009 1.721733751101933e-07
66650.00000000009 1.6653650001944734e-07
66700.00000000009 1.4825794662394434e-07
66750.00000000009 1.3708721622616664e-07
66800.00000000009 1.7394778468516876e-07
66850.00000000009 1.2384103582124746e-07
66900.00000000009 1.8708342970969995e-07
66950.00000000009 2.3379254120768124e-07
67000.00000000009 2.3051863925232724e-07
67050.00000000009 1.600597396320526e-07
67100.00000000009 1.371674064136641e-07
67150.00000000009 1.4001080114578466e-07
67200.00000000009 1.5836076690052847e-07
67250.00000000009 1.6207166789129093e-07
67300.00000000009 1.760248405573437e-07
67350.00000000009 1.2318367859021814e-07
67400.00000000009 2.2175243525095207e-07
67450.00000000009 1.7647464754105343e-07
67500.00000000009 1.6029650567910454e-07
67550.00000000009 1.8827361704393792e-07
67600.00000000009 2.9025959947206394e-07
67650.00000000009 2.1933139248965234e-07
67700.00000000009 1.7726383224131735e-07
67750.00000000009 1.5763959212790222e-07
67800.00000000009 2.0010920491145103e-07
67850.00000000009 1.3130299843915555e-07
67900.00000000009 1.6178725386871787e-07
67950.00000000009 1.1895318906377304e-07
68000.00000000009 1.5556904227199922e-07
