galfind/configs/Brown_Dwarf_templates/sonora_cholla/logkzz4/562g/1150K_562g_logkzz4_resample.dat
# %ECSV 1.0
# ---
# datatype:
# - {name: wav, unit: Angstrom, datatype: float64}
# - {name: flux_nu, unit: erg / (cm2 Hz s), datatype: float64}
# schema: astropy-2.0
wav flux_nu
10000.000000000093 nan
10050.000000000093 2.8673029284865626e-07
10100.000000000093 3.3507808292221515e-07
10150.000000000093 3.3573393160765675e-07
10200.000000000093 3.6794034065983704e-07
10250.000000000093 3.9566745407316175e-07
10300.000000000093 4.01997002519416e-07
10350.000000000093 4.620969057369247e-07
10400.000000000093 5.045013676166662e-07
10450.000000000093 5.223958142357958e-07
10500.000000000093 5.13272411135368e-07
10550.000000000093 5.18346697182812e-07
10600.000000000093 5.431220031359353e-07
10650.000000000093 5.771758759462066e-07
10700.000000000093 6.12216933820908e-07
10750.000000000093 6.465645090799451e-07
10800.000000000093 6.72960972208077e-07
10850.000000000093 7.136499971963516e-07
10900.000000000093 6.34247012081959e-07
10950.000000000093 4.5965335265730704e-07
11000.000000000093 3.7877184000511677e-07
11050.000000000093 2.9378135711163585e-07
11100.000000000093 2.4622780360895864e-07
11150.000000000093 1.9581412334785727e-07
11200.000000000093 2.028083831288833e-07
11250.000000000093 2.5307758828781303e-07
11300.000000000093 2.4310234068394397e-07
11350.000000000093 1.3889483283883192e-07
11400.000000000093 2.6050031577033355e-07
11450.000000000093 2.0315106445344915e-07
11500.000000000093 2.443706970329694e-07
11550.000000000093 1.8016965219565253e-07
11600.000000000093 1.902183764240583e-07
11650.000000000093 2.216257845819178e-07
11700.000000000093 2.315387001199791e-07
11750.000000000093 1.9359091255134513e-07
11800.000000000093 2.7077742207283013e-07
11850.000000000093 3.43287950612834e-07
11900.000000000093 3.782586823675924e-07
11950.000000000093 4.5379521886424303e-07
12000.000000000093 4.877423457775999e-07
12050.000000000093 5.784391509678184e-07
12100.000000000093 6.293139113038179e-07
12150.000000000093 7.134615257798119e-07
12200.000000000093 7.753973967301983e-07
12250.000000000093 8.57847076590763e-07
12300.000000000093 9.288209851501632e-07
12350.000000000093 9.474933388126787e-07
12400.000000000093 9.726652387787836e-07
12450.000000000093 1.0586940908219757e-06
12500.000000000093 1.1067715256364016e-06
12550.000000000093 1.166142134185115e-06
12600.000000000093 1.1822706312512092e-06
12650.000000000093 1.1673263633172183e-06
12700.000000000093 1.2099214920418475e-06
12750.000000000093 1.1537565806899512e-06
12800.000000000093 1.1739766599037073e-06
12850.000000000093 1.061791735353768e-06
12900.000000000093 9.798896840500338e-07
12950.000000000093 9.879473788146215e-07
13000.000000000093 9.943035902392195e-07
13050.000000000093 9.637261633686708e-07
13100.000000000093 9.197087801831779e-07
13150.000000000093 8.118301483903967e-07
13200.000000000093 7.503871353247051e-07
13250.000000000093 5.751548487322984e-07
13300.000000000093 3.379114273667895e-07
13350.000000000093 1.1232029649211089e-07
13400.000000000093 5.875799455665048e-08
13450.000000000093 3.948090532514268e-08
13500.000000000093 2.4772079022468688e-08
13550.000000000093 2.0054143720188153e-08
13600.000000000093 1.5212804690088127e-08
13650.000000000093 3.301372779525293e-08
13700.000000000093 2.651865150780112e-08
13750.000000000093 3.196085871845686e-08
13800.000000000093 4.1792623302686984e-08
13850.000000000093 3.1079713529624756e-08
13900.000000000093 3.161471506239875e-08
13950.000000000093 2.9788572070676534e-08
14000.000000000093 2.758246407114138e-08
14050.000000000093 3.352396902845472e-08
14100.000000000093 2.5002306519506227e-08
14150.000000000093 3.503681590443174e-08
14200.000000000093 2.7364961806055486e-08
14250.000000000093 2.8497442455045094e-08
14300.000000000093 4.1438117999946016e-08
14350.000000000093 4.020269662262255e-08
14400.000000000093 4.335955027809468e-08
14450.000000000093 4.794980218027227e-08
14500.000000000093 7.872928109649262e-08
14550.000000000093 7.934168565732593e-08
14600.000000000093 1.0525579019188656e-07
14650.000000000093 1.0720906548024287e-07
14700.000000000093 8.336172240396052e-08
14750.000000000093 1.0534132480665563e-07
14800.000000000093 1.3000348775302576e-07
14850.000000000093 1.3515646638647884e-07
14900.000000000093 1.4201527881801777e-07
14950.000000000093 1.5699461360692278e-07
15000.000000000093 1.7287386235061226e-07
15050.000000000093 2.1131542252973444e-07
15100.000000000093 2.306003277977419e-07
15150.000000000093 2.4809773813267655e-07
15200.000000000093 2.459287546181548e-07
15250.000000000093 2.9321357807686387e-07
15300.000000000093 3.3389576056895586e-07
15350.000000000093 3.8331117521226877e-07
15400.000000000093 4.1666817802477555e-07
15450.000000000093 4.623604787057031e-07
15500.000000000093 4.884471653237513e-07
15550.000000000093 5.505872454285846e-07
15600.000000000093 5.703798712970877e-07
15650.000000000093 5.939698364536e-07
15700.000000000093 6.652798395931971e-07
15750.000000000093 7.002489289303985e-07
15800.000000000093 6.848615833927679e-07
15850.000000000093 7.228833800182253e-07
15900.000000000093 7.148719492518939e-07
15950.000000000093 7.015219721240539e-07
16000.000000000093 6.607329151914033e-07
16050.000000000093 5.885252064017269e-07
16100.000000000093 5.272190949310149e-07
16150.000000000093 4.28731321490734e-07
16200.000000000093 3.5224678401576167e-07
16250.000000000093 3.52526138691341e-07
16300.000000000093 3.161394297084123e-07
16350.000000000093 3.388282025157083e-07
16400.000000000095 3.7125102614641796e-07
16450.000000000095 3.9567193427364805e-07
16500.000000000095 4.190380982733941e-07
16550.000000000095 4.0491579731310044e-07
16600.000000000095 3.9815454915153333e-07
16650.000000000095 3.190932229486782e-07
16700.000000000095 2.109929215140452e-07
16750.000000000095 2.5231278124083644e-07
16800.000000000095 3.2581311738513207e-07
16850.000000000095 3.1911229060744285e-07
16900.000000000095 2.9586969076543874e-07
16950.000000000095 2.7699952797678975e-07
17000.000000000095 2.5010336207715905e-07
17050.000000000095 2.976273541308381e-07
17100.000000000095 3.1141672327902837e-07
17150.000000000095 2.7204465958964447e-07
17200.000000000095 3.0853954950561264e-07
17250.000000000095 2.7134075613646207e-07
17300.000000000095 2.4272956576451363e-07
17350.000000000095 2.2973431025611298e-07
17400.000000000095 2.194924098090431e-07
17450.000000000095 2.110324110678272e-07
17500.000000000095 2.2612011609126593e-07
17550.000000000095 1.9681919615107887e-07
17600.000000000095 1.7964963562172769e-07
17650.000000000095 1.7863308613416295e-07
17700.000000000095 1.3461722004867483e-07
17750.000000000095 1.2055830624083784e-07
17800.000000000095 1.3934577556993508e-07
17850.000000000095 9.775088472532153e-08
17900.000000000095 1.1571819086609014e-07
17950.000000000095 8.956886714048395e-08
18000.000000000095 9.434547677750705e-08
18050.000000000095 8.92344888315785e-08
18100.000000000095 8.124589855892873e-08
18150.000000000095 1.0828233024597179e-07
18200.000000000095 7.113402855342535e-08
18250.000000000095 1.3013858168968418e-07
18300.000000000095 8.768260789825504e-08
18350.000000000095 8.154394871995768e-08
18400.000000000095 7.363761419736596e-08
18450.000000000095 8.034276608006879e-08
18500.000000000095 8.795688112952045e-08
18550.000000000095 7.109420963777062e-08
18600.000000000095 6.183210327544709e-08
18650.000000000095 5.81158980212697e-08
18700.000000000095 5.934284866054331e-08
18750.000000000095 7.206296666525038e-08
18800.000000000095 1.1418004998268193e-07
18850.000000000095 1.3066734778298868e-07
18900.000000000095 1.1638230912204842e-07
18950.000000000095 1.74797027258063e-07
19000.000000000095 1.3113707529228092e-07
19050.000000000095 1.0460107226891936e-07
19100.000000000095 1.61674538941205e-07
19150.000000000095 1.3005797940419228e-07
19200.000000000095 1.4716849027273592e-07
19250.000000000095 1.2462276080469561e-07
19300.000000000095 1.1547405520366734e-07
19350.000000000095 1.0526593038487357e-07
19400.000000000095 6.871816237903582e-08
19450.000000000095 1.1854611769504342e-07
19500.000000000095 1.140056470196983e-07
19550.000000000095 9.061720961431644e-08
19600.000000000095 1.1462548342754185e-07
19650.000000000095 1.3120102131907372e-07
19700.000000000095 1.309225626057182e-07
19750.000000000095 1.2974312231463655e-07
19800.000000000095 1.493306592826318e-07
19850.000000000095 1.7737778450490914e-07
19900.000000000095 1.3351043050135685e-07
19950.000000000095 1.9435759178584495e-07
20000.000000000095 1.860394082756308e-07
20050.000000000095 2.0475638313797505e-07
20100.000000000095 2.1184663737390624e-07
20150.000000000095 2.1684249473325019e-07
20200.000000000095 2.490623360365845e-07
20250.000000000095 2.717486301063438e-07
20300.000000000095 2.54385888755425e-07
20350.000000000095 2.902908307606269e-07
20400.000000000095 2.924568774352634e-07
20450.000000000095 3.3001441971663214e-07
20500.000000000095 3.4319674909892875e-07
20550.000000000095 3.334091555808357e-07
20600.000000000095 3.7879216875589797e-07
20650.000000000095 3.607511937553166e-07
20700.000000000095 3.706357622754593e-07
20750.000000000095 3.934495820649984e-07
20800.000000000095 3.933221099607364e-07
20850.000000000095 3.9285922021314077e-07
20900.000000000095 4.106740910842534e-07
20950.000000000095 3.964975782075233e-07
21000.000000000095 4.0779264645558497e-07
21050.000000000095 3.925615133136001e-07
21100.000000000095 3.901041305711843e-07
21150.000000000095 3.945354253676649e-07
21200.000000000095 3.7966813338818987e-07
21250.000000000095 3.8243582352955226e-07
21300.000000000095 3.5478642602789573e-07
21350.000000000095 3.617026210281129e-07
21400.000000000095 3.36964425025577e-07
21450.000000000095 3.2798613472110934e-07
21500.000000000095 3.274646216707359e-07
21550.000000000095 3.1279914276818514e-07
21600.000000000095 3.0170632375920095e-07
21650.000000000095 2.8065553290283666e-07
21700.000000000095 2.840733251692354e-07
21750.000000000095 2.6384921569065466e-07
21800.000000000095 2.4138646418694997e-07
21850.000000000095 2.1759188345196742e-07
21900.000000000095 2.024387183469653e-07
21950.000000000095 1.4048456561511846e-07
22000.000000000095 9.660034173795906e-08
22050.000000000095 7.313937144903568e-08
22100.000000000095 1.0346877491969204e-07
22150.000000000095 1.1753704010979346e-07
22200.000000000095 1.1817704590186882e-07
22250.000000000095 1.0945529720431386e-07
22300.000000000095 1.0697252023764982e-07
22350.000000000095 9.828809376162255e-08
22400.000000000095 8.51884149800802e-08
22450.000000000095 7.697557107883237e-08
22500.000000000095 8.14201419947267e-08
22550.000000000095 5.962775668508219e-08
22600.000000000095 7.051684441833497e-08
22650.000000000095 7.154291807381601e-08
22700.000000000095 6.911915664329048e-08
22750.000000000095 6.992684964935075e-08
22800.000000000095 6.468799139201182e-08
22850.000000000095 5.779637299478601e-08
22900.000000000095 5.446539486557143e-08
22950.000000000095 5.46264431634351e-08
23000.000000000095 4.576903273668242e-08
23050.000000000095 6.227529939506002e-08
23100.000000000095 8.600565174241456e-08
23150.000000000095 8.6416218395351e-08
23200.000000000095 4.1994669195988704e-08
23250.000000000095 4.3188869773559594e-08
23300.000000000095 4.1328546855850335e-08
23350.000000000095 3.6173680023227616e-08
23400.000000000095 4.5621958215145075e-08
23450.000000000095 4.251486392544702e-08
23500.000000000095 4.407746488885593e-08
23550.000000000095 5.938923570451622e-08
23600.000000000095 6.34049548487783e-08
23650.000000000095 7.001648739927401e-08
23700.000000000095 4.419367673351322e-08
23750.000000000095 4.2211408961944194e-08
23800.000000000095 4.903920250694337e-08
23850.000000000095 4.969577796476298e-08
23900.000000000095 7.233411066734596e-08
23950.000000000095 7.1643484839654e-08
24000.000000000095 9.010956311437817e-08
24050.000000000095 9.354337384070526e-08
24100.000000000095 7.719133142744319e-08
24150.000000000095 8.698253832173269e-08
24200.000000000095 9.603877930761229e-08
24250.000000000095 8.34762053545421e-08
24300.000000000095 9.302208860422697e-08
24350.000000000095 8.157568084145652e-08
24400.000000000095 1.1367550576012792e-07
24450.000000000095 9.139885632531031e-08
24500.000000000095 1.0397260198718076e-07
24550.000000000095 1.0123788403793739e-07
24600.000000000095 1.1138546053308024e-07
24650.000000000095 1.251636848225623e-07
24700.000000000095 9.617163389125363e-08
24750.000000000095 8.948392537355399e-08
24800.000000000095 9.726395959167826e-08
24850.000000000095 1.3033919196631937e-07
24900.000000000095 6.924559106007099e-08
24950.000000000095 1.1412810031749583e-07
25000.000000000095 1.0876364946771276e-07
25050.000000000095 7.848147628470963e-08
25100.000000000095 1.007366473047163e-07
25150.000000000095 6.47340029563838e-08
25200.000000000095 8.83970373835933e-08
25250.000000000095 6.089494374527911e-08
25300.000000000095 8.395879809854663e-08
25350.000000000095 4.902565640284839e-08
25400.000000000095 8.519331069207277e-08
25450.000000000095 5.750075294472606e-08
25500.000000000095 5.580821182302498e-08
25550.000000000095 6.832737757836555e-08
25600.000000000095 5.9170855999285304e-08
25650.000000000095 4.284727529570481e-08
25700.000000000095 7.871424206853607e-08
25750.000000000095 4.185313709516138e-08
25800.000000000095 7.967225171608745e-08
25850.000000000095 4.218856312725672e-08
25900.000000000095 5.997584816962486e-08
25950.000000000095 3.9186051680660507e-08
26000.000000000095 7.639762189953866e-08
26050.000000000095 5.674337731110008e-08
26100.000000000095 8.701398456121201e-08
26150.000000000095 7.172960431529695e-08
26200.000000000095 7.970057193092154e-08
26250.000000000095 1.0520521669739768e-07
26300.000000000095 7.527912619743958e-08
26350.000000000095 1.1335794731473719e-07
26400.000000000095 1.2966191893742765e-07
26450.000000000095 1.1805666688389196e-07
26500.000000000095 1.1197858572635333e-07
26550.000000000095 8.778983536966563e-08
26600.000000000095 1.0718979590604367e-07
26650.000000000095 5.5999506822376195e-08
26700.000000000095 4.7131066390600073e-08
26750.000000000095 4.058771038125712e-08
26800.000000000095 5.760237200374286e-08
26850.000000000095 3.457330706951227e-08
26900.000000000095 6.878833676557663e-08
26950.000000000095 3.63309046170335e-08
27000.000000000095 8.249094203599223e-08
27050.000000000095 7.527837238355648e-08
27100.000000000095 5.489276786917649e-08
27150.000000000095 9.400003990868431e-08
27200.000000000095 5.965321162501763e-08
27250.000000000095 6.755241171590886e-08
27300.000000000095 1.3408176087707665e-07
27350.000000000095 1.0386942882666437e-07
27400.000000000095 3.7557914838567737e-08
27450.000000000095 1.2584287049767614e-07
27500.000000000095 1.2714145288944014e-07
27550.000000000095 6.951577344830314e-08
27600.000000000095 1.146899006860931e-07
27650.000000000095 5.7902409599787656e-08
27700.000000000095 4.861296089597859e-08
27750.000000000095 1.1235310316021411e-07
27800.000000000095 6.08226331072585e-08
27850.000000000095 6.804645186277387e-08
27900.000000000095 8.727861486206127e-08
27950.000000000095 1.0565378657055539e-07
28000.000000000095 9.967583688672838e-08
28050.000000000095 4.782042114911907e-08
28100.000000000095 1.2721120966740858e-07
28150.000000000095 9.260173721656071e-08
28200.000000000095 4.552207728667776e-08
28250.000000000095 1.242644170489908e-07
28300.000000000095 1.588752217416724e-07
28350.000000000095 5.1902933590646735e-08
28400.000000000095 1.1178280168984492e-07
28450.000000000095 1.2512066092757496e-07
28500.000000000095 1.0541774282324533e-07
28550.000000000095 5.0913240743526684e-08
28600.000000000095 1.377469509095873e-07
28650.000000000095 1.212976744994233e-07
28700.000000000095 1.0437844058420129e-07
28750.000000000095 1.390301221499861e-07
28800.000000000095 1.2685859762435755e-07
28850.000000000095 1.5669495570667282e-07
28900.000000000095 7.900587949379837e-08
28950.000000000095 1.6995876665216406e-07
29000.000000000095 1.1901582525114701e-07
29050.000000000095 1.4222771816446188e-07
29100.000000000095 9.242894728366721e-08
29150.000000000095 1.80179000094249e-07
29200.000000000095 1.2361019047652386e-07
29250.000000000095 1.6679012808879337e-07
29300.000000000095 1.0518405321509848e-07
