galfind/configs/Brown_Dwarf_templates/sonora_cholla/logkzz4/562g/1200K_562g_logkzz4_resample.dat
# %ECSV 1.0
# ---
# datatype:
# - {name: wav, unit: Angstrom, datatype: float64}
# - {name: flux_nu, unit: erg / (cm2 Hz s), datatype: float64}
# schema: astropy-2.0
wav flux_nu
[from data line 775]
48750.000000000095 2.3164275650781827e-07
48800.000000000095 3.6274435506950514e-07
48850.000000000095 2.566078545642745e-07
48900.000000000095 3.7231398661712437e-07
48950.000000000095 3.17290049361108e-07
49000.000000000095 2.8371566618522885e-07
49050.000000000095 3.460261127375979e-07
49100.000000000095 2.6118336405479497e-07
49150.000000000095 3.7553456445291557e-07
49200.000000000095 2.81216004375105e-07
49250.000000000095 3.7314568860166286e-07
49300.000000000095 3.004903533796078e-07
49350.000000000095 3.1608098531912637e-07
49400.000000000095 3.697966812723526e-07
49450.000000000095 3.3755451530552687e-07
49500.000000000095 3.301746558632523e-07
49550.000000000095 2.308247281597697e-07
49600.000000000095 3.398129951842545e-07
49650.000000000095 3.1667985133722355e-07
49700.000000000095 2.80397729414633e-07
49750.000000000095 4.3548008397176264e-07
49800.000000000095 2.912574091986717e-07
49850.000000000095 4.6211947425744477e-07
49900.000000000095 3.6439762264810843e-07
49950.000000000095 3.7965346267868557e-07
50000.000000000095 4.2748520999939174e-07
50050.000000000095 3.8562605657143456e-07
50100.000000000095 4.882424385416033e-07
50150.000000000095 2.994429252795268e-07
50200.000000000095 2.418619572893176e-07
50250.000000000095 4.4118679181971587e-07
50300.000000000095 3.2248114539161323e-07
50350.000000000095 4.3047818734029677e-07
50400.000000000095 3.713809635551918e-07
50450.000000000095 3.7386662499533617e-07
50500.000000000095 4.578069949072143e-07
50550.000000000095 3.798709154741087e-07
50600.000000000095 4.2670432920041865e-07
50650.000000000095 3.8962777376488446e-07
50700.000000000095 5.273224920662413e-07
50750.000000000095 5.218234269763414e-07
50800.000000000095 3.024565889271037e-07
50850.000000000095 3.5722569397016716e-07
50900.000000000095 4.876422120561474e-07
50950.000000000095 4.990356521679373e-07
51000.000000000095 4.863576954739781e-07
51050.000000000095 4.1900821277560135e-07
51100.000000000095 3.181121023298633e-07
51150.000000000095 3.794611232247719e-07
51200.000000000095 4.962838047147944e-07
51250.000000000095 4.709067528936424e-07
51300.000000000095 3.2329958975035767e-07
51350.000000000095 4.189269421880485e-07
51400.000000000095 3.482529645538483e-07
51450.000000000095 3.071461764028937e-07
51500.000000000095 2.9523776206764736e-07
51550.000000000095 4.836808535270523e-07
51600.000000000095 3.31786930483299e-07
51650.000000000095 4.3620049245370593e-07
51700.000000000095 4.445312648530826e-07
51750.000000000095 3.17658697576338e-07
51800.000000000095 5.553413357431068e-07
51850.000000000095 4.4383515954054186e-07
51900.000000000095 5.556292101034586e-07
51950.000000000095 4.859666701999108e-07
52000.000000000095 2.3795391168804463e-07
52050.000000000095 3.5667905264757653e-07
52100.000000000095 3.452362278826291e-07
52150.000000000095 2.98919244573626e-07
52200.000000000095 2.942097518703229e-07
52250.000000000095 3.417205952694278e-07
52300.000000000095 5.261816798329895e-07
52350.000000000095 4.208397703547477e-07
52400.000000000095 3.209711945356459e-07
52450.000000000095 4.5784694336204905e-07
52500.000000000095 4.1891463723528645e-07
52550.000000000095 4.52495473968556e-07
52600.000000000095 3.7189913165654324e-07
52650.000000000095 4.239071249721028e-07
52700.000000000095 3.5311521243947486e-07
52750.000000000095 3.149950440349614e-07
52800.000000000095 3.217333324704289e-07
52850.000000000095 3.6750716234921195e-07
52900.000000000095 3.1312982271419387e-07
52950.000000000095 3.090304316029034e-07
53000.000000000095 5.138558911316375e-07
53050.000000000095 2.700783744816904e-07
53100.000000000095 4.5185307392370837e-07
53150.000000000095 5.366526077753406e-07
53200.000000000095 2.8785330064334305e-07
53250.000000000095 4.890651531543466e-07
53300.000000000095 5.021939988361929e-07
53350.000000000095 4.7568565152997374e-07
53400.000000000095 5.091450933244209e-07
53450.000000000095 2.955332824741675e-07
53500.000000000095 2.1526037502778124e-07
53550.000000000095 3.0722645887090937e-07
53600.000000000095 3.826510172490418e-07
53650.000000000095 3.2774632021067917e-07
53700.000000000095 3.098909616701745e-07
53750.000000000095 3.220418653633676e-07
53800.000000000095 3.1790792362801543e-07
53850.000000000095 4.064727788183162e-07
53900.000000000095 3.497112414378282e-07
53950.000000000095 4.7252900065133e-07
54000.000000000095 3.5068525533246273e-07
54050.000000000095 3.5113904563704573e-07
54100.000000000095 2.187055658821561e-07
54150.000000000095 2.971758900339768e-07
54200.000000000095 1.7961007608574834e-07
54250.000000000095 2.016539285176594e-07
54300.000000000095 2.858632290567293e-07
54350.000000000095 3.6874625416839696e-07
54400.000000000095 3.850262885045079e-07
54450.000000000095 3.2740667924824525e-07
54500.000000000095 2.89839465794524e-07
54550.000000000095 2.596477851538037e-07
54600.000000000095 3.2350010166758436e-07
54650.000000000095 2.2565907390257228e-07
54700.000000000095 3.764313553429143e-07
54750.000000000095 3.6237980801616916e-07
54800.000000000095 2.809816280060577e-07
54850.000000000095 3.086947480730505e-07
54900.000000000095 3.9288544208080546e-07
54950.000000000095 4.837498992241016e-07
55000.000000000095 2.614671445982762e-07
55050.000000000095 3.471752415140954e-07
55100.000000000095 3.021973193469548e-07
55150.000000000095 2.777428761779167e-07
55200.000000000095 2.7947700936750125e-07
55250.000000000095 2.951940023181748e-07
55300.000000000095 2.3612978456294836e-07
55350.000000000095 3.222742049073408e-07
55400.000000000095 4.0601389509191595e-07
55450.000000000095 3.188730173119147e-07
55500.000000000095 1.9729322765448226e-07
55550.000000000095 2.589475222751335e-07
55600.000000000095 2.442821919279805e-07
55650.000000000095 1.995945902075921e-07
55700.000000000095 2.663477925453482e-07
55750.000000000095 3.0135492695540484e-07
55800.000000000095 2.4420945933788074e-07
55850.000000000095 2.0938709058173238e-07
55900.000000000095 3.326286255759943e-07
55950.000000000095 4.211509858219255e-07
56000.000000000095 2.245406481522504e-07
56050.000000000095 3.053845327976837e-07
56100.000000000095 3.3540173891192277e-07
56150.000000000095 2.5744755693119064e-07
56200.000000000095 2.859222859088049e-07
56250.000000000095 2.7604698996219965e-07
56300.000000000095 3.0920886323630573e-07
56350.000000000095 3.275503543663991e-07
56400.000000000095 2.427959292997944e-07
56450.000000000095 2.1773312960368266e-07
56500.000000000095 2.3660021475426076e-07
56550.000000000095 1.8385364957796316e-07
56600.000000000095 3.14180866447961e-07
56650.000000000095 2.893272576938458e-07
56700.000000000095 3.398798755006478e-07
56750.000000000095 2.0480593058536716e-07
56800.000000000095 3.366730536183616e-07
56850.000000000095 2.675830835232255e-07
56900.000000000095 2.348917404173648e-07
56950.000000000095 3.3782176789611734e-07
57000.000000000095 3.5702805899194817e-07
57050.000000000095 2.686823537947409e-07
57100.000000000095 1.6082042077054796e-07
57150.000000000095 2.2321879463164335e-07
57200.000000000095 1.7890355133182607e-07
57250.000000000095 2.503743915656545e-07
57300.000000000095 3.0121910010890235e-07
57350.000000000095 1.8889562406644633e-07
57400.000000000095 2.9080322046149904e-07
57450.000000000095 2.803611692484681e-07
57500.000000000095 2.6896145103930637e-07
57550.000000000095 3.220740606938279e-07
57600.000000000095 3.4471372505995583e-07
57650.000000000095 1.6706607820281551e-07
57700.000000000095 2.008333004524604e-07
57750.000000000095 2.443736606530607e-07
57800.000000000095 1.1612968855859401e-07
57850.000000000095 3.643329244931009e-07
57900.000000000095 4.1730884078939325e-07
57950.000000000095 3.667515945440359e-07
58000.000000000095 2.2615799365458278e-07
58050.000000000095 2.91098008344396e-07
58100.000000000095 3.525571100020947e-07
58150.000000000095 2.837561572416305e-07
58200.000000000095 1.7746477538685738e-07
58250.000000000095 2.270034882546485e-07
58300.000000000095 1.785192526818388e-07
58350.000000000095 2.1554937534216775e-07
58400.000000000095 2.6690020307383283e-07
58450.000000000095 2.8037510307697385e-07
58500.000000000095 2.5748565383293754e-07
58550.000000000095 2.9308621216340294e-07
58600.000000000095 1.952095637513253e-07
58650.000000000095 2.412483212814859e-07
58700.000000000095 2.3608742454720509e-07
58750.000000000095 2.6147348825026824e-07
58800.000000000095 1.5769608558249005e-07
58850.000000000095 2.373075428857125e-07
58900.000000000095 2.92960138032669e-07
58950.000000000095 1.9828732794440092e-07
59000.000000000095 2.80627765765063e-07
59050.000000000095 2.9364859302804104e-07
59100.000000000095 3.5030112586031867e-07
59150.000000000095 2.694250627201185e-07
59200.000000000095 2.7820234463964473e-07
59250.000000000095 2.976357627283075e-07
59300.000000000095 2.842988834525415e-07
59350.000000000095 1.7611170566347254e-07
59400.000000000095 1.3924976977577047e-07
59450.000000000095 2.489912996838686e-07
59500.000000000095 1.7022567278164323e-07
59550.000000000095 3.085662586902309e-07
59600.000000000095 2.954463016542705e-07
59650.000000000095 2.824207528959508e-07
59700.000000000095 1.9395847234496212e-07
59750.000000000095 3.6958647823521856e-07
59800.000000000095 2.535443116657816e-07
59850.000000000095 3.132510672593472e-07
59900.000000000095 1.8099479822065613e-07
59950.000000000095 2.7176902540879553e-07
60000.000000000095 3.987823580749609e-07
60050.000000000095 3.4016644929802557e-07
60100.000000000095 3.6378114330636833e-07
60150.000000000095 2.703227319592926e-07
60200.000000000095 2.941011630219532e-07
60250.000000000095 3.3963471760853583e-07
60300.000000000095 3.1886964046536997e-07
60350.000000000095 2.497563228040868e-07
60400.000000000095 3.034278670946842e-07
60450.000000000095 1.9145825083491053e-07
60500.000000000095 1.3517120314533607e-07
60550.000000000095 3.160284676567396e-07
60600.000000000095 3.026664018454697e-07
60650.000000000095 2.7176595214083695e-07
60700.000000000095 2.4449997528933223e-07
60750.000000000095 2.1139551952632687e-07
60800.000000000095 3.089488064809244e-07
60850.000000000095 4.194753262754411e-07
60900.000000000095 3.7405333909198966e-07
60950.000000000095 3.566309179314812e-07
61000.000000000095 2.8064575298062287e-07
61050.000000000095 2.2730750130810638e-07
61100.000000000095 3.0490035610306327e-07
61150.000000000095 1.3563643268790962e-07
61200.000000000095 3.718617659967945e-07
61250.000000000095 4.275150131892395e-07
61300.000000000095 3.7220869333124536e-07
61350.000000000095 4.303149379192278e-07
61400.000000000095 3.329145323902592e-07
61450.000000000095 2.436455211543882e-07
61500.000000000095 2.5426472254256233e-07
61550.000000000095 2.3783640571968e-07
61600.000000000095 1.7940828264375389e-07
61650.000000000095 2.7945144813859507e-07
61700.000000000095 2.309857872423475e-07
61750.000000000095 2.825672301814317e-07
61800.000000000095 3.064532107491694e-07
61850.000000000095 2.2962128076829207e-07
61900.000000000095 3.6824203783823217e-07
61950.000000000095 3.5563465133816403e-07
62000.000000000095 3.462103280250683e-07
62050.000000000095 3.2784593407374855e-07
62100.000000000095 3.6330980525714604e-07
62150.000000000095 3.525837063183783e-07
62200.000000000095 3.1066284503645206e-07
62250.000000000095 3.40209462026895e-07
62300.000000000095 4.196072225881088e-07
62350.000000000095 3.4752212589712564e-07
62400.000000000095 2.2667942293078996e-07
62450.000000000095 3.136139302799314e-07
62500.000000000095 3.9160646165842023e-07
62550.000000000095 3.7028674560245664e-07
62600.000000000095 4.06921671159744e-07
62650.000000000095 3.3080838646760295e-07
62700.000000000095 3.656352563481873e-07
62750.000000000095 4.370607342954919e-07
62800.000000000095 3.0447366137708426e-07
62850.000000000095 3.9018314564904243e-07
62900.000000000095 3.187211906512123e-07
62950.000000000095 3.7544741681719763e-07
63000.000000000095 3.5739008066396814e-07
63050.000000000095 4.487334276027766e-07
63100.000000000095 4.0615126495184676e-07
63150.000000000095 3.103015708970761e-07
63200.000000000095 3.9871191834101623e-07
63250.000000000095 3.392985393945702e-07
63300.000000000095 4.184676031005922e-07
63350.000000000095 3.6662534962385164e-07
63400.000000000095 2.520350131101909e-07
63450.000000000095 2.2583411888682607e-07
63500.000000000095 3.5861609498844985e-07
63550.000000000095 3.2784447940995394e-07
63600.000000000095 3.9598946244079155e-07
63650.000000000095 2.8962773562040004e-07
63700.000000000095 2.4173086485035855e-07
63750.000000000095 3.0583719968853947e-07
63800.000000000095 3.1304116989032264e-07
63850.000000000095 3.149390567786737e-07
63900.000000000095 2.5077963738038337e-07
63950.000000000095 3.351461842808811e-07
64000.000000000095 3.618140186224701e-07
64050.000000000095 2.878774111749877e-07
64100.000000000095 1.3319712204732804e-07
64150.000000000095 1.7567603237497463e-07
64200.000000000095 2.0037691125927985e-07
64250.000000000095 2.8801337451023264e-07
64300.000000000095 2.3356758775753418e-07
64350.000000000095 2.0560842828128483e-07
64400.000000000095 2.9377964262666997e-07
64450.000000000095 2.9909977600587714e-07
64500.000000000095 2.0005670270202713e-07
64550.000000000095 2.757079028354644e-07
64600.000000000095 1.773391461195326e-07
64650.000000000095 2.5491749374561226e-07
64700.000000000095 1.6207858719233592e-07
64750.000000000095 1.909824256088203e-07
64800.000000000095 1.9413452423960188e-07
64850.000000000095 1.8151998624330503e-07
64900.000000000095 2.0963398363941392e-07
64950.000000000095 1.9369392517081145e-07
65000.000000000095 2.2338702232402982e-07
65050.000000000095 2.1281198416306063e-07
65100.000000000095 2.5928594846000475e-07
65150.000000000095 2.01723539177952e-07
65200.000000000095 1.7845826404608066e-07
65250.000000000095 2.500441827245284e-07
65300.000000000095 2.1234947886830452e-07
65350.000000000095 3.473033041292631e-07
65400.000000000095 2.1161859132831636e-07
65450.000000000095 2.1912343017194432e-07
65500.000000000095 2.445930615982657e-07
65550.00000000009 1.8211935599519217e-07
65600.00000000009 2.0745660852479542e-07
65650.00000000009 2.2607028563539577e-07
65700.00000000009 1.991439893990459e-07
65750.00000000009 1.8089924696360366e-07
65800.00000000009 2.369582077075335e-07
65850.00000000009 2.5828177293617187e-07
65900.00000000009 1.778743494150183e-07
65950.00000000009 1.3795562196142112e-07
66000.00000000009 2.037003501462905e-07
66050.00000000009 3.19841982827296e-07
66100.00000000009 2.210784521088105e-07
66150.00000000009 1.6559039695308298e-07
66200.00000000009 1.7219276488557777e-07
66250.00000000009 1.6501313651939098e-07
66300.00000000009 9.786080293337402e-08
66350.00000000009 1.405375347329848e-07
66400.00000000009 1.6577088891982211e-07
66450.00000000009 2.4613269035611765e-07
66500.00000000009 3.1838223808624467e-07
66550.00000000009 2.997816930129578e-07
66600.00000000009 2.3575500447794871e-07
66650.00000000009 2.381215270461153e-07
66700.00000000009 2.111409440017754e-07
66750.00000000009 1.9485496138720684e-07
66800.00000000009 2.431619638722954e-07
66850.00000000009 1.8555650443123342e-07
66900.00000000009 2.487465915071915e-07
66950.00000000009 3.1105212845778866e-07
67000.00000000009 3.060758221238869e-07
67050.00000000009 2.2571919748488325e-07
67100.00000000009 2.0314119964187814e-07
67150.00000000009 2.0330374127260656e-07
67200.00000000009 2.1719682475159373e-07
67250.00000000009 2.2883430362652895e-07
67300.00000000009 2.3393559723329363e-07
67350.00000000009 1.8056612255064913e-07
67400.00000000009 2.916759446060615e-07
67450.00000000009 2.44300133438298e-07
67500.00000000009 2.222251165754019e-07
67550.00000000009 2.505536487071982e-07
67600.00000000009 3.707320716078858e-07
67650.00000000009 2.860849791053215e-07
67700.00000000009 2.438486276232955e-07
67750.00000000009 2.2518643357862877e-07
67800.00000000009 2.7482571951393514e-07
67850.00000000009 1.9192813379988463e-07
67900.00000000009 2.336665372035944e-07
67950.00000000009 1.6643260940608758e-07
68000.00000000009 2.1250691304194675e-07
