galfind/configs/Brown_Dwarf_templates/sonora_cholla/logkzz4/562g/1200K_562g_logkzz4_resample.dat
# %ECSV 1.0
# ---
# datatype:
# - {name: wav, unit: Angstrom, datatype: float64}
# - {name: flux_nu, unit: erg / (cm2 Hz s), datatype: float64}
# schema: astropy-2.0
wav flux_nu
[from data line 388]
29400.000000000095 2.0219810882375825e-07
29450.000000000095 1.9601251393107638e-07
29500.000000000095 2.1414060229124224e-07
29550.000000000095 1.9212524689599706e-07
29600.000000000095 2.591006422724748e-07
29650.000000000095 2.067871836546202e-07
29700.000000000095 1.987063313140941e-07
29750.000000000095 2.4259776111059094e-07
29800.000000000095 2.719384396412945e-07
29850.000000000095 2.683120148255169e-07
29900.000000000095 2.54863414543456e-07
29950.000000000095 2.424330399252025e-07
30000.000000000095 2.4887008571099884e-07
30050.000000000095 2.0263185595491417e-07
30100.000000000095 2.296133548488041e-07
30150.000000000095 3.020496240687854e-07
30200.000000000095 2.3278371739409397e-07
30250.000000000095 3.006584848015395e-07
30300.000000000095 2.633146130186914e-07
30350.000000000095 2.40876324682369e-07
30400.000000000095 2.7538176520312175e-07
30450.000000000095 2.2999407218559186e-07
30500.000000000095 2.206933647904166e-07
30550.000000000095 2.374621606914177e-07
30600.000000000095 2.5538475002610225e-07
30650.000000000095 2.356487176721428e-07
30700.000000000095 2.1128085667249387e-07
30750.000000000095 1.946152748980158e-07
30800.000000000095 1.9778127616427056e-07
30850.000000000095 1.829594902746445e-07
30900.000000000095 1.865580488835451e-07
30950.000000000095 1.3543286771008134e-07
31000.000000000095 1.588213965649704e-07
31050.000000000095 1.6959921008173445e-07
31100.000000000095 1.1966746397333164e-07
31150.000000000095 1.422094550505396e-07
31200.000000000095 1.468724609130309e-07
31250.000000000095 1.2606090545214325e-07
31300.000000000095 1.2099907019165184e-07
31350.000000000095 1.1649109951902101e-07
31400.000000000095 8.7775541040158e-08
31450.000000000095 1.187164584996644e-07
31500.000000000095 9.543011725542685e-08
31550.000000000095 1.1046550486307909e-07
31600.000000000095 8.433566121859644e-08
31650.000000000095 8.770062663126456e-08
31700.000000000095 9.423972217108316e-08
31750.000000000095 7.583262418572101e-08
31800.000000000095 8.630649815071424e-08
31850.000000000095 7.946894675913916e-08
31900.000000000095 7.873292576800803e-08
31950.000000000095 8.014904075575652e-08
32000.000000000095 7.924367927074075e-08
32050.000000000095 6.703571070286442e-08
32100.000000000095 6.373549229290904e-08
32150.000000000095 8.163945673175317e-08
32200.000000000095 6.41649566787318e-08
32250.000000000095 8.475853463948951e-08
32300.000000000095 6.040139510676921e-08
32350.000000000095 1.025942299258971e-07
32400.000000000095 7.614423533302945e-08
32450.000000000095 1.0123468462025331e-07
32500.000000000095 7.952280167825774e-08
32550.000000000095 9.467580998942123e-08
32600.000000000095 1.063845645758014e-07
32650.000000000095 1.222064959198338e-07
32700.000000000095 1.0356656964897368e-07
32750.000000000095 1.3613453462518866e-07
32800.000000000095 1.102754994529686e-07
32850.000000000095 1.3966280338957914e-07
32900.000000000095 1.5031455969855855e-07
32950.000000000095 1.558375829581777e-07
33000.000000000095 1.404612372097301e-07
33050.000000000095 1.3297770739832202e-07
33100.000000000095 8.297073543536829e-08
33150.000000000095 3.180936902411079e-08
33200.000000000095 3.3194475937638455e-08
33250.000000000095 2.0621459293002657e-08
33300.000000000095 2.1556234516382247e-08
33350.000000000095 3.40343733514689e-08
33400.000000000095 4.483728332456921e-08
33450.000000000095 5.528741133974235e-08
33500.000000000095 7.05947364201391e-08
33550.000000000095 7.088079353382836e-08
33600.000000000095 1.0067471287639808e-07
33650.000000000095 1.0664553128914268e-07
33700.000000000095 9.813161208250666e-08
33750.000000000095 1.272448899963702e-07
33800.000000000095 9.65061197697663e-08
33850.000000000095 1.260310206399472e-07
33900.000000000095 1.1079579445608447e-07
33950.000000000095 1.2222495207648785e-07
34000.000000000095 1.2637352658568608e-07
34050.000000000095 7.204849679125932e-08
34100.000000000095 1.2366957644007485e-07
34150.000000000095 9.473995929553859e-08
34200.000000000095 1.1300817894536753e-07
34250.000000000095 1.0151715518427354e-07
34300.000000000095 8.371860387506922e-08
34350.000000000095 1.1030331904662482e-07
34400.000000000095 9.343789864055916e-08
34450.000000000095 1.2167103452036553e-07
34500.000000000095 1.1149534398223019e-07
34550.000000000095 8.208486198381e-08
34600.000000000095 1.2788755663321032e-07
34650.000000000095 8.909348111498192e-08
34700.000000000095 9.738956901160083e-08
34750.000000000095 1.0190415464166898e-07
34800.000000000095 7.037784658764669e-08
34850.000000000095 1.0608423094096194e-07
34900.000000000095 1.1986616457532334e-07
34950.000000000095 1.0271288847591085e-07
35000.000000000095 1.3687782757929936e-07
35050.000000000095 1.0696602671754221e-07
35100.000000000095 1.3364428669924858e-07
35150.000000000095 1.2323511142693757e-07
35200.000000000095 1.5663242285020224e-07
35250.000000000095 1.7108422938019488e-07
35300.000000000095 1.1195222712095674e-07
35350.000000000095 1.5510390416157226e-07
35400.000000000095 1.5262593948292524e-07
35450.000000000095 1.3574766544987064e-07
35500.000000000095 1.9108186787131308e-07
35550.000000000095 1.742666715491846e-07
35600.000000000095 1.8083264750434812e-07
35650.000000000095 1.8808012569441876e-07
35700.000000000095 1.355655369136882e-07
35750.000000000095 2.004266537636609e-07
35800.000000000095 2.0217744073254644e-07
35850.000000000095 1.5817103967120622e-07
35900.000000000095 2.2114672157699398e-07
35950.000000000095 2.0726462827583154e-07
36000.000000000095 1.809692154450914e-07
36050.000000000095 2.2826513516490884e-07
36100.000000000095 2.093893211285682e-07
36150.000000000095 2.3238305264382273e-07
36200.000000000095 2.3941040510789303e-07
36250.000000000095 2.424099849656426e-07
36300.000000000095 2.662179986838406e-07
36350.000000000095 2.72244746195235e-07
36400.000000000095 3.07484232388928e-07
36450.000000000095 3.0045030003625486e-07
36500.000000000095 3.057639229518677e-07
36550.000000000095 3.1816194465779207e-07
36600.000000000095 3.572044439908803e-07
36650.000000000095 3.5570695160753216e-07
36700.000000000095 3.74660406160638e-07
36750.000000000095 4.053721157625054e-07
36800.000000000095 3.904595965652283e-07
36850.000000000095 3.806219421324428e-07
36900.000000000095 3.7443690927018505e-07
36950.000000000095 4.254263842265207e-07
37000.000000000095 4.0259544863244035e-07
37050.000000000095 4.313580029254015e-07
37100.000000000095 4.4295832772468466e-07
37150.000000000095 4.580093325142565e-07
37200.000000000095 4.7513140142591193e-07
37250.000000000095 4.3049693540600046e-07
37300.000000000095 4.489754641068808e-07
37350.000000000095 4.785866920334797e-07
37400.000000000095 5.397535944372905e-07
37450.000000000095 5.103875449817835e-07
37500.000000000095 4.71774923778371e-07
37550.000000000095 5.808621021748316e-07
37600.000000000095 6.050303929192178e-07
37650.000000000095 5.192318278998301e-07
37700.000000000095 5.714108618929743e-07
37750.000000000095 4.884123727736454e-07
37800.000000000095 5.593217147690968e-07
37850.000000000095 4.828052283164733e-07
37900.000000000095 5.584744531821802e-07
37950.000000000095 6.002656347489443e-07
38000.000000000095 6.492324272693649e-07
38050.000000000095 5.950474580940547e-07
38100.000000000095 6.373187200314052e-07
38150.000000000095 6.356376418272563e-07
38200.000000000095 6.846765245591432e-07
38250.000000000095 6.508790299725974e-07
38300.000000000095 7.319751568648326e-07
38350.000000000095 7.513265384081639e-07
38400.000000000095 6.022241116680996e-07
38450.000000000095 6.99305941996428e-07
38500.000000000095 6.43104255309262e-07
38550.000000000095 7.04967945238738e-07
38600.000000000095 7.151844594553783e-07
38650.000000000095 7.918253742261858e-07
38700.000000000095 7.881067323189499e-07
38750.000000000095 7.763632647934947e-07
38800.000000000095 7.263710168720306e-07
38850.000000000095 8.26236510474355e-07
38900.000000000095 8.151576114294474e-07
38950.000000000095 7.940706971961838e-07
39000.000000000095 8.767625492384346e-07
39050.000000000095 8.224220892704248e-07
39100.000000000095 7.867078099583478e-07
39150.000000000095 8.4079187884642e-07
39200.000000000095 8.088632996895944e-07
39250.000000000095 8.878797013877053e-07
39300.000000000095 8.777545423373056e-07
39350.000000000095 9.52603452090492e-07
39400.000000000095 9.510132574572073e-07
39450.000000000095 9.498366408475212e-07
39500.000000000095 8.573073733702688e-07
39550.000000000095 9.110281682247092e-07
39600.000000000095 9.273420140234718e-07
39650.000000000095 1.0000909962396842e-06
39700.000000000095 9.389252276628896e-07
39750.000000000095 8.627941773172818e-07
39800.000000000095 9.545482746125354e-07
39850.000000000095 9.997788167475665e-07
39900.000000000095 9.82113132334056e-07
39950.000000000095 9.883465775303807e-07
40000.000000000095 9.931560029976773e-07
40050.000000000095 1.0225678984555758e-06
40100.000000000095 9.702163723645701e-07
40150.000000000095 1.0857246453454446e-06
40200.000000000095 1.0984656398409493e-06
40250.000000000095 9.611929836780478e-07
40300.000000000095 1.0376370856102427e-06
40350.000000000095 9.860267972731627e-07
40400.000000000095 1.0653998976815678e-06
40450.000000000095 1.0448703441140944e-06
40500.000000000095 9.703572753690713e-07
40550.000000000095 1.0892881292370559e-06
40600.000000000095 9.666052421942826e-07
40650.000000000095 1.0983144887509777e-06
40700.000000000095 1.215412124118344e-06
40750.000000000095 1.0320487759588047e-06
40800.000000000095 9.372472433018162e-07
40850.000000000095 1.0635194471886791e-06
40900.000000000095 1.0242955808037559e-06
40950.000000000095 1.0103163304331737e-06
41000.000000000095 1.0469831919793924e-06
41050.000000000095 1.0925776993691791e-06
41100.000000000095 9.577532628889408e-07
41150.000000000095 9.525890204944352e-07
41200.000000000095 1.0586027276892148e-06
41250.000000000095 1.0703127521458398e-06
41300.000000000095 8.544917149849416e-07
41350.000000000095 1.097975086541339e-06
41400.000000000095 1.0197457128866376e-06
41450.000000000095 1.0488689723014469e-06
41500.000000000095 1.0036217361246253e-06
41550.000000000095 9.382213847938672e-07
41600.000000000095 9.878345873794908e-07
41650.000000000095 9.675758607244723e-07
41700.000000000095 9.020696109051053e-07
41750.000000000095 8.505708688455902e-07
41800.000000000095 1.0742162786696543e-06
41850.000000000095 6.709898859338282e-07
41900.000000000095 8.776537522210274e-07
41950.000000000095 9.202939271152126e-07
42000.000000000095 9.279765974397723e-07
42050.000000000095 7.952090780659274e-07
42100.000000000095 8.92310896085271e-07
42150.000000000095 6.927025983609629e-07
42200.000000000095 7.653249692134033e-07
42250.000000000095 7.656019915743066e-07
42300.000000000095 7.488236070227247e-07
42350.000000000095 8.013463182286692e-07
42400.000000000095 7.005296452241202e-07
42450.000000000095 6.478289777645798e-07
42500.000000000095 6.665946217420133e-07
42550.000000000095 6.628654064775128e-07
42600.000000000095 7.515720102907399e-07
42650.000000000095 8.612538655848127e-07
42700.000000000095 7.271957857137395e-07
42750.000000000095 6.823417844124691e-07
42800.000000000095 6.371930478313659e-07
42850.000000000095 7.498434164591651e-07
42900.000000000095 7.784487438077687e-07
42950.000000000095 5.871615533760146e-07
43000.000000000095 7.892541423078963e-07
43050.000000000095 5.348626003799994e-07
43100.000000000095 7.029500761575235e-07
43150.000000000095 7.464274561541252e-07
43200.000000000095 7.185232316618418e-07
43250.000000000095 7.414010060322354e-07
43300.000000000095 8.243225242236819e-07
43350.000000000095 6.208113788240199e-07
43400.000000000095 7.258237630797674e-07
43450.000000000095 5.860824618786652e-07
43500.000000000095 5.958374176636291e-07
43550.000000000095 5.662500107150885e-07
43600.000000000095 6.877037257902041e-07
43650.000000000095 4.911857976223423e-07
43700.000000000095 6.923717458142497e-07
43750.000000000095 6.918496045254085e-07
43800.000000000095 5.596875434211931e-07
43850.000000000095 5.842572843817373e-07
43900.000000000095 5.038126990457576e-07
43950.000000000095 5.085442242304797e-07
44000.000000000095 3.587541056266736e-07
44050.000000000095 4.887644643225179e-07
44100.000000000095 5.120108692332139e-07
44150.000000000095 5.099603614132134e-07
44200.000000000095 4.423585938604921e-07
44250.000000000095 4.264562812236799e-07
44300.000000000095 4.0451351471632624e-07
44350.000000000095 3.335930501493146e-07
44400.000000000095 3.683834902516932e-07
44450.000000000095 3.733319731981408e-07
44500.000000000095 3.02762487421693e-07
44550.000000000095 3.3714749270870466e-07
44600.000000000095 2.9519207696520807e-07
44650.000000000095 3.371955715297984e-07
44700.000000000095 3.159779580609913e-07
44750.000000000095 3.303121093899955e-07
44800.000000000095 3.095029606354145e-07
44850.000000000095 2.9486831610198014e-07
44900.000000000095 2.510699990508529e-07
44950.000000000095 2.551921843154415e-07
45000.000000000095 2.629161150371162e-07
45050.000000000095 2.7215775128598407e-07
45100.000000000095 2.513850016334797e-07
45150.000000000095 2.393680263190404e-07
45200.000000000095 1.9925860030002908e-07
45250.000000000095 2.1529752889187816e-07
45300.000000000095 2.422904034226786e-07
45350.000000000095 2.4540417312517136e-07
45400.000000000095 1.9927682224885818e-07
45450.000000000095 2.005348235310385e-07
45500.000000000095 2.05792148331142e-07
45550.000000000095 2.3603893389757917e-07
45600.000000000095 1.9886496210896435e-07
45650.000000000095 1.954882216937917e-07
45700.000000000095 2.4079828639545635e-07
45750.000000000095 2.1201760612924731e-07
45800.000000000095 1.9019644807340155e-07
45850.000000000095 2.670621693556372e-07
45900.000000000095 2.59683548444713e-07
45950.000000000095 1.9943072263771181e-07
46000.000000000095 2.5201359362339433e-07
46050.000000000095 2.66930197067742e-07
46100.000000000095 1.992194632559919e-07
46150.000000000095 2.5468671970096574e-07
46200.000000000095 2.435350881458104e-07
46250.000000000095 1.5905745327537522e-07
46300.000000000095 2.8698641087873676e-07
46350.000000000095 2.094331885537181e-07
46400.000000000095 2.4748267564572324e-07
46450.000000000095 3.054370231548825e-07
46500.000000000095 2.4384959532624677e-07
46550.000000000095 3.0657332462469083e-07
46600.000000000095 3.044566511453226e-07
46650.000000000095 4.432704704436236e-07
46700.000000000095 3.485591804811624e-07
46750.000000000095 2.848393948872877e-07
46800.000000000095 2.481545633472656e-07
46850.000000000095 3.2254026081720433e-07
46900.000000000095 2.8059696709775313e-07
46950.000000000095 3.6547491520765774e-07
47000.000000000095 2.3793686542996825e-07
47050.000000000095 3.7689843398326705e-07
47100.000000000095 2.1704743280389732e-07
47150.000000000095 2.629107843675462e-07
47200.000000000095 3.027057856816615e-07
47250.000000000095 2.3483650543181354e-07
47300.000000000095 2.6294796721842014e-07
47350.000000000095 2.075072569420603e-07
47400.000000000095 3.2432155454741564e-07
47450.000000000095 2.1616178586546363e-07
47500.000000000095 3.419659807133541e-07
47550.000000000095 2.2108051550916628e-07
47600.000000000095 3.2261171557937554e-07
47650.000000000095 2.192408163667824e-07
47700.000000000095 3.066388109051098e-07
47750.000000000095 1.8956497582595372e-07
47800.000000000095 2.9405576429333303e-07
47850.000000000095 1.6926718640353744e-07
47900.000000000095 2.776679646472326e-07
47950.000000000095 2.2131359208877225e-07
48000.000000000095 3.5672180402769704e-07
48050.000000000095 2.474647309541998e-07
48100.000000000095 3.1580623994216436e-07
48150.000000000095 2.3439070585153097e-07
48200.000000000095 3.2592580945807536e-07
48250.000000000095 2.528761122734939e-07
48300.000000000095 3.897984855741545e-07
48350.000000000095 2.341782204327094e-07
48400.000000000095 3.0727205319467857e-07
48450.000000000095 2.132660096937624e-07
48500.000000000095 3.8365223118727985e-07
48550.000000000095 2.146971950876889e-07
48600.000000000095 3.4709316705530015e-07
48650.000000000095 2.1380845937551117e-07
