galfind/configs/Brown_Dwarf_templates/sonora_cholla/logkzz4/562g/1250K_562g_logkzz4_resample.dat
# %ECSV 1.0
# ---
# datatype:
# - {name: wav, unit: Angstrom, datatype: float64}
# - {name: flux_nu, unit: erg / (cm2 Hz s), datatype: float64}
# schema: astropy-2.0
wav flux_nu
[from data line 388]
29400.000000000095 2.458720368148467e-07
29450.000000000095 2.350251870479312e-07
29500.000000000095 2.5538050071118804e-07
29550.000000000095 2.3144794997320223e-07
29600.000000000095 3.112512150198951e-07
29650.000000000095 2.456689229396775e-07
29700.000000000095 2.4319574106647347e-07
29750.000000000095 2.902109771782293e-07
29800.000000000095 3.258924166621915e-07
29850.000000000095 3.1650141484023e-07
29900.000000000095 2.976198490280726e-07
29950.000000000095 2.886051665724673e-07
30000.000000000095 3.0423806795293457e-07
30050.000000000095 2.4634700900485623e-07
30100.000000000095 2.7185956033465016e-07
30150.000000000095 3.575673671342821e-07
30200.000000000095 2.7899158605492524e-07
30250.000000000095 3.5156069908527764e-07
30300.000000000095 3.099730010394971e-07
30350.000000000095 2.861700738056631e-07
30400.000000000095 3.2190524458638355e-07
30450.000000000095 2.743103585597665e-07
30500.000000000095 2.6268503231844485e-07
30550.000000000095 2.851679010701068e-07
30600.000000000095 3.017575185856667e-07
30650.000000000095 2.8188674107954966e-07
30700.000000000095 2.5267564473526476e-07
30750.000000000095 2.3259547390290734e-07
30800.000000000095 2.3877996732878675e-07
30850.000000000095 2.2017885461064006e-07
30900.000000000095 2.2429381897075236e-07
30950.000000000095 1.6497650190222755e-07
31000.000000000095 1.9346697868956634e-07
31050.000000000095 2.060179485462188e-07
31100.000000000095 1.4706502692652544e-07
31150.000000000095 1.7403054543217595e-07
31200.000000000095 1.7797527273447684e-07
31250.000000000095 1.5652794756066146e-07
31300.000000000095 1.503374701135087e-07
31350.000000000095 1.4419279270587465e-07
31400.000000000095 1.1131876847051476e-07
31450.000000000095 1.4733723101964074e-07
31500.000000000095 1.2216348036930179e-07
31550.000000000095 1.388515708704268e-07
31600.000000000095 1.0829428563962097e-07
31650.000000000095 1.1361517079113708e-07
31700.000000000095 1.1927257561311586e-07
31750.000000000095 9.846414067620225e-08
31800.000000000095 1.098792878227102e-07
31850.000000000095 1.0323483903142367e-07
31900.000000000095 1.003498378673871e-07
31950.000000000095 1.0462173183427691e-07
32000.000000000095 1.0264945793185014e-07
32050.000000000095 8.792000167484168e-08
32100.000000000095 8.328448014995697e-08
32150.000000000095 1.0702816724159916e-07
32200.000000000095 8.568830398258425e-08
32250.000000000095 1.0816236466389091e-07
32300.000000000095 8.118561430934489e-08
32350.000000000095 1.3232123606229808e-07
32400.000000000095 1.0029492568995989e-07
32450.000000000095 1.3151762464125615e-07
32500.000000000095 1.0506974110151883e-07
32550.000000000095 1.2336542333469368e-07
32600.000000000095 1.3947072979425908e-07
32650.000000000095 1.568978315107442e-07
32700.000000000095 1.337052193676825e-07
32750.000000000095 1.7340570785141841e-07
32800.000000000095 1.401596827899076e-07
32850.000000000095 1.753967385117888e-07
32900.000000000095 1.896917657353453e-07
32950.000000000095 1.9489045545341145e-07
33000.000000000095 1.7817189248260464e-07
33050.000000000095 1.673671770805233e-07
33100.000000000095 1.0990744827600286e-07
33150.000000000095 4.714413696893432e-08
33200.000000000095 4.782704825581584e-08
33250.000000000095 2.997304048074645e-08
33300.000000000095 3.144021808473999e-08
33350.000000000095 4.5792320040316525e-08
33400.000000000095 5.866958466261976e-08
33450.000000000095 7.147352269347435e-08
33500.000000000095 8.882503750442827e-08
33550.000000000095 9.121968901495156e-08
33600.000000000095 1.2540577861238748e-07
33650.000000000095 1.3585007213240428e-07
33700.000000000095 1.260077262392382e-07
33750.000000000095 1.6073573012035601e-07
33800.000000000095 1.27154805859261e-07
33850.000000000095 1.6258296768028629e-07
33900.000000000095 1.4268539777445778e-07
33950.000000000095 1.5687690532684403e-07
34000.000000000095 1.603761960154395e-07
34050.000000000095 9.57296609338275e-08
34100.000000000095 1.5812277649901276e-07
34150.000000000095 1.225190805717133e-07
34200.000000000095 1.4474467273134912e-07
34250.000000000095 1.3172659276675463e-07
34300.000000000095 1.0784062528639993e-07
34350.000000000095 1.3915824145378984e-07
34400.000000000095 1.2119262621035014e-07
34450.000000000095 1.5401140681336196e-07
34500.000000000095 1.441890602347681e-07
34550.000000000095 1.0606189604666083e-07
34600.000000000095 1.6215711541918166e-07
34650.000000000095 1.1694822325556604e-07
34700.000000000095 1.2581244278083238e-07
34750.000000000095 1.3197492754780724e-07
34800.000000000095 9.298403377447122e-08
34850.000000000095 1.3522718342172923e-07
34900.000000000095 1.5352410093522582e-07
34950.000000000095 1.3018503078575551e-07
35000.000000000095 1.7355161883638747e-07
35050.000000000095 1.370914416257348e-07
35100.000000000095 1.6756291594953107e-07
35150.000000000095 1.5502295202408497e-07
35200.000000000095 1.9497983106081777e-07
35250.000000000095 2.1272878877567897e-07
35300.000000000095 1.4191257665853212e-07
35350.000000000095 1.9343843368047956e-07
35400.000000000095 1.9020803074644692e-07
35450.000000000095 1.7021606429647134e-07
35500.000000000095 2.3260281115874534e-07
35550.000000000095 2.148218848364977e-07
35600.000000000095 2.225268353193517e-07
35650.000000000095 2.310379303581146e-07
35700.000000000095 1.6908080676361975e-07
35750.000000000095 2.4112079337616e-07
35800.000000000095 2.4842813541599293e-07
35850.000000000095 1.9809278177928294e-07
35900.000000000095 2.708616661153057e-07
35950.000000000095 2.528231081997445e-07
36000.000000000095 2.259294537022784e-07
36050.000000000095 2.814054028315454e-07
36100.000000000095 2.582948839784601e-07
36150.000000000095 2.8402098408943455e-07
36200.000000000095 2.940535145358283e-07
36250.000000000095 2.9500370516747453e-07
36300.000000000095 3.2541516925459164e-07
36350.000000000095 3.3060258119709334e-07
36400.000000000095 3.692973284733357e-07
36450.000000000095 3.620214926904249e-07
36500.000000000095 3.701503170958069e-07
36550.000000000095 3.781112607094453e-07
36600.000000000095 4.216819063954402e-07
36650.000000000095 4.210568433626634e-07
36700.000000000095 4.47136750120128e-07
36750.000000000095 4.795664541400866e-07
36800.000000000095 4.6625195779318885e-07
36850.000000000095 4.5809702891195656e-07
36900.000000000095 4.4658453369004656e-07
36950.000000000095 5.068366327211707e-07
37000.000000000095 4.826246132635926e-07
37050.000000000095 5.120166482437072e-07
37100.000000000095 5.254220059960554e-07
37150.000000000095 5.45217986853501e-07
37200.000000000095 5.64020686296616e-07
37250.000000000095 5.171148243430748e-07
37300.000000000095 5.389641954555773e-07
37350.000000000095 5.648395917594307e-07
37400.000000000095 6.363566327080874e-07
37450.000000000095 6.074425489994158e-07
37500.000000000095 5.693106241104862e-07
37550.000000000095 6.815647129806453e-07
37600.000000000095 7.110368063760142e-07
37650.000000000095 6.228595721530508e-07
37700.000000000095 6.786327551214011e-07
37750.000000000095 5.8925424797305e-07
37800.000000000095 6.711266271977653e-07
37850.000000000095 5.856685168910108e-07
37900.000000000095 6.733032742137316e-07
37950.000000000095 7.165576538781054e-07
38000.000000000095 7.652973125750807e-07
38050.000000000095 7.091563925656805e-07
38100.000000000095 7.54527859558029e-07
38150.000000000095 7.537556953750844e-07
38200.000000000095 8.120443064515363e-07
38250.000000000095 7.701614133108447e-07
38300.000000000095 8.513715908284042e-07
38350.000000000095 8.791166518986667e-07
38400.000000000095 7.190429580668683e-07
38450.000000000095 8.396570630145608e-07
38500.000000000095 7.836225855713074e-07
38550.000000000095 8.451878552484526e-07
38600.000000000095 8.609642359980807e-07
38650.000000000095 9.355728508807611e-07
38700.000000000095 9.319448458606421e-07
38750.000000000095 9.18123766847439e-07
38800.000000000095 8.698960525490185e-07
38850.000000000095 9.733377429179296e-07
38900.000000000095 9.534987437470535e-07
38950.000000000095 9.44236278959463e-07
39000.000000000095 1.030277173673307e-06
39050.000000000095 9.816849387777483e-07
39100.000000000095 9.210547069787547e-07
39150.000000000095 9.980404397917506e-07
39200.000000000095 9.59482191092396e-07
39250.000000000095 1.038689808875611e-06
39300.000000000095 1.0345678598579573e-06
39350.000000000095 1.1073123230719572e-06
39400.000000000095 1.1132306441127655e-06
39450.000000000095 1.112474523434506e-06
39500.000000000095 9.9910182253212e-07
39550.000000000095 1.0662479649405771e-06
39600.000000000095 1.0911530084478147e-06
39650.000000000095 1.1484204218464071e-06
39700.000000000095 1.0951542012894563e-06
39750.000000000095 1.0244720813347095e-06
39800.000000000095 1.10764291230738e-06
39850.000000000095 1.1535643550973586e-06
39900.000000000095 1.1295075198338042e-06
39950.000000000095 1.1475273710133957e-06
40000.000000000095 1.1289038067755056e-06
40050.000000000095 1.1737465019446e-06
40100.000000000095 1.1457533952856245e-06
40150.000000000095 1.2398401312311553e-06
40200.000000000095 1.2596947565262398e-06
40250.000000000095 1.087857126852828e-06
40300.000000000095 1.176849263212095e-06
40350.000000000095 1.1377613406419553e-06
40400.000000000095 1.2137577654243524e-06
40450.000000000095 1.1973916193994374e-06
40500.000000000095 1.0903267887731896e-06
40550.000000000095 1.2436073487074925e-06
40600.000000000095 1.0820894920313955e-06
40650.000000000095 1.2519926166940039e-06
40700.000000000095 1.3626077150916771e-06
40750.000000000095 1.155766173489076e-06
40800.000000000095 1.0599408768304138e-06
40850.000000000095 1.1775541766593643e-06
40900.000000000095 1.1361399625950795e-06
40950.000000000095 1.1392812742954223e-06
41000.000000000095 1.1736702097105687e-06
41050.000000000095 1.215404193721768e-06
41100.000000000095 1.075707681367256e-06
41150.000000000095 1.0772275554250934e-06
41200.000000000095 1.1675122932316375e-06
41250.000000000095 1.1933405479955427e-06
41300.000000000095 9.483065349710211e-07
41350.000000000095 1.2110528123753805e-06
41400.000000000095 1.1318823613614967e-06
41450.000000000095 1.1581348505176515e-06
41500.000000000095 1.1282461230778173e-06
41550.000000000095 1.052993416258015e-06
41600.000000000095 1.0895338189701701e-06
41650.000000000095 1.0692752253226942e-06
41700.000000000095 1.0001601135329633e-06
41750.000000000095 9.391117996361249e-07
41800.000000000095 1.1778247151104145e-06
41850.000000000095 7.428376928352748e-07
41900.000000000095 9.770050489112226e-07
41950.000000000095 1.0146740058009497e-06
42000.000000000095 1.014584626328138e-06
42050.000000000095 8.682562053222689e-07
42100.000000000095 9.66123980131887e-07
42150.000000000095 7.58594826501994e-07
42200.000000000095 8.386874145394851e-07
42250.000000000095 8.391591409750949e-07
42300.000000000095 8.241917425111736e-07
42350.000000000095 8.736825553393941e-07
42400.000000000095 7.662879903258808e-07
42450.000000000095 7.130042553946285e-07
42500.000000000095 7.236823832241896e-07
42550.000000000095 7.278656542447588e-07
42600.000000000095 8.224427905784455e-07
42650.000000000095 9.294242930437844e-07
42700.000000000095 8.026427508833827e-07
42750.000000000095 7.490157013437341e-07
42800.000000000095 7.030461164015117e-07
42850.000000000095 8.16229673057815e-07
42900.000000000095 8.41366535396646e-07
42950.000000000095 6.47901690375191e-07
43000.000000000095 8.538092402789069e-07
43050.000000000095 5.982831085515759e-07
43100.000000000095 7.699834592400879e-07
43150.000000000095 8.16277597880289e-07
43200.000000000095 7.792857820539689e-07
43250.000000000095 7.891461502631018e-07
43300.000000000095 8.756509485845832e-07
43350.000000000095 6.853407515723405e-07
43400.000000000095 7.868827032024018e-07
43450.000000000095 6.452814546854231e-07
43500.000000000095 6.472759533050539e-07
43550.000000000095 6.114955873908803e-07
43600.000000000095 7.39975722211839e-07
43650.000000000095 5.357362083423347e-07
43700.000000000095 7.36806287114047e-07
43750.000000000095 7.385446322731094e-07
43800.000000000095 6.011429231423453e-07
43850.000000000095 6.327611416358664e-07
43900.000000000095 5.412812582574237e-07
43950.000000000095 5.577316610325465e-07
44000.000000000095 3.985935238548282e-07
44050.000000000095 5.277380656138183e-07
44100.000000000095 5.481151034034444e-07
44150.000000000095 5.479016326531685e-07
44200.000000000095 4.755756855920986e-07
44250.000000000095 4.6552358032983264e-07
44300.000000000095 4.449305237854176e-07
44350.000000000095 3.6363762080446344e-07
44400.000000000095 4.0461355121750036e-07
44450.000000000095 4.084871620610762e-07
44500.000000000095 3.3246134442762337e-07
44550.000000000095 3.6813603962475545e-07
44600.000000000095 3.272663590406194e-07
44650.000000000095 3.719437702438583e-07
44700.000000000095 3.496409551658442e-07
44750.000000000095 3.658378536538104e-07
44800.000000000095 3.451588529004275e-07
44850.000000000095 3.2767230459629506e-07
44900.000000000095 2.831267970956694e-07
44950.000000000095 2.885304113936369e-07
45000.000000000095 2.962953876888268e-07
45050.000000000095 3.0598979222212284e-07
45100.000000000095 2.823004156619094e-07
45150.000000000095 2.7075504664011344e-07
45200.000000000095 2.2901121896117552e-07
45250.000000000095 2.4589765757938067e-07
45300.000000000095 2.755058554655578e-07
45350.000000000095 2.791275934148122e-07
45400.000000000095 2.2780709345651705e-07
45450.000000000095 2.3005194781098843e-07
45500.000000000095 2.3515608314142965e-07
45550.000000000095 2.6721108317094875e-07
45600.000000000095 2.2759700448591203e-07
45650.000000000095 2.2528009115834683e-07
45700.000000000095 2.7526104248139393e-07
45750.000000000095 2.4394040271717917e-07
45800.000000000095 2.2065725656090598e-07
45850.000000000095 3.041638041498716e-07
45900.000000000095 2.957177306566864e-07
45950.000000000095 2.3129439923188456e-07
46000.000000000095 2.8818356518595475e-07
46050.000000000095 3.0421817786361797e-07
46100.000000000095 2.3081883295982303e-07
46150.000000000095 2.894313790087113e-07
46200.000000000095 2.7684837631400944e-07
46250.000000000095 1.8544477371859888e-07
46300.000000000095 3.250371289462074e-07
46350.000000000095 2.3850648804340726e-07
46400.000000000095 2.8070200944732726e-07
46450.000000000095 3.4227512114566463e-07
46500.000000000095 2.78537946002766e-07
46550.000000000095 3.4404391563541983e-07
46600.000000000095 3.4162842577412133e-07
46650.000000000095 4.865226254594758e-07
46700.000000000095 3.8863051523276235e-07
46750.000000000095 3.211973285625159e-07
46800.000000000095 2.8395208953728746e-07
46850.000000000095 3.6101218269389437e-07
46900.000000000095 3.161777852256299e-07
46950.000000000095 4.0766835814083603e-07
47000.000000000095 2.7241816060514e-07
47050.000000000095 4.202367453827196e-07
47100.000000000095 2.502615884109258e-07
47150.000000000095 2.9879538981284575e-07
47200.000000000095 3.4103121329257697e-07
47250.000000000095 2.7048987121385405e-07
47300.000000000095 3.0055299909057143e-07
47350.000000000095 2.3984933388769295e-07
47400.000000000095 3.625810671795307e-07
47450.000000000095 2.5044122457888286e-07
47500.000000000095 3.8203488685560034e-07
47550.000000000095 2.550880318035634e-07
47600.000000000095 3.6097802427899966e-07
47650.000000000095 2.525274146546536e-07
47700.000000000095 3.433230465549927e-07
47750.000000000095 2.1908250567946946e-07
47800.000000000095 3.3225500009676833e-07
47850.000000000095 1.9546391419477778e-07
47900.000000000095 3.159143551796395e-07
47950.000000000095 2.5241221766342936e-07
48000.000000000095 3.981311832952408e-07
48050.000000000095 2.802232581460263e-07
48100.000000000095 3.5582313381700886e-07
48150.000000000095 2.663801089569841e-07
48200.000000000095 3.644118702302241e-07
48250.000000000095 2.8748423873733064e-07
48300.000000000095 4.3103416298208915e-07
48350.000000000095 2.6472623053496134e-07
48400.000000000095 3.497943018645931e-07
48450.000000000095 2.405339437876109e-07
48500.000000000095 4.2669540784287554e-07
48550.000000000095 2.4377035117708343e-07
48600.000000000095 3.863407781256955e-07
48650.000000000095 2.405522501220997e-07
