galfind/configs/Brown_Dwarf_templates/sonora_cholla/logkzz4/562g/1250K_562g_logkzz4_resample.dat
# %ECSV 1.0
# ---
# datatype:
# - {name: wav, unit: Angstrom, datatype: float64}
# - {name: flux_nu, unit: erg / (cm2 Hz s), datatype: float64}
# schema: astropy-2.0
wav flux_nu
[from data line 775]
48750.000000000095 2.608414513903771e-07
48800.000000000095 4.012234791006491e-07
48850.000000000095 2.8636226353274866e-07
48900.000000000095 4.1092862455527205e-07
48950.000000000095 3.5039224817546876e-07
49000.000000000095 3.173811719868458e-07
49050.000000000095 3.80915580633361e-07
49100.000000000095 2.924212462384677e-07
49150.000000000095 4.0990465136965e-07
49200.000000000095 3.1347725285097764e-07
49250.000000000095 4.0619182728793024e-07
49300.000000000095 3.3431573967289805e-07
49350.000000000095 3.506552501584412e-07
49400.000000000095 4.104044693607364e-07
49450.000000000095 3.7128841229221064e-07
49500.000000000095 3.6779188954597887e-07
49550.000000000095 2.644995300503495e-07
49600.000000000095 3.766842907410973e-07
49650.000000000095 3.510136304718858e-07
49700.000000000095 3.0984431215483534e-07
49750.000000000095 4.741417462472153e-07
49800.000000000095 3.2455050242026805e-07
49850.000000000095 5.009175987549654e-07
49900.000000000095 3.9753996243194235e-07
49950.000000000095 4.146173925845921e-07
50000.000000000095 4.6764880063654984e-07
50050.000000000095 4.1833228639171197e-07
50100.000000000095 5.347522275849533e-07
50150.000000000095 3.3557717311517934e-07
50200.000000000095 2.764957169550366e-07
50250.000000000095 4.862638759593887e-07
50300.000000000095 3.56834568454603e-07
50350.000000000095 4.7073875520876956e-07
50400.000000000095 4.080563265248487e-07
50450.000000000095 4.119589432423438e-07
50500.000000000095 4.952934650952324e-07
50550.000000000095 4.1485727344922356e-07
50600.000000000095 4.708217303177134e-07
50650.000000000095 4.2655752752345816e-07
50700.000000000095 5.672096830584244e-07
50750.000000000095 5.728580393342659e-07
50800.000000000095 3.4024566565598074e-07
50850.000000000095 4.115350041007671e-07
50900.000000000095 5.291403902892961e-07
50950.000000000095 5.456641427325598e-07
51000.000000000095 5.412813678398229e-07
51050.000000000095 4.5856409038681545e-07
51100.000000000095 3.6483520167723417e-07
51150.000000000095 4.2142578273531696e-07
51200.000000000095 5.338236406403468e-07
51250.000000000095 5.213261907008474e-07
51300.000000000095 3.5826540764258953e-07
51350.000000000095 4.6407453909154314e-07
51400.000000000095 3.998749806982956e-07
51450.000000000095 3.503522024449686e-07
51500.000000000095 3.407571824936134e-07
51550.000000000095 5.399445932804621e-07
51600.000000000095 3.6872573572422014e-07
51650.000000000095 4.868261077568841e-07
51700.000000000095 4.90739611138131e-07
51750.000000000095 3.5735553787431776e-07
51800.000000000095 6.133036587814136e-07
51850.000000000095 4.871037649875261e-07
51900.000000000095 6.058436647721763e-07
51950.000000000095 5.390612475299254e-07
52000.000000000095 2.808895753076401e-07
52050.000000000095 4.022063759206761e-07
52100.000000000095 3.951799960597142e-07
52150.000000000095 3.4789652864860144e-07
52200.000000000095 3.388521725178341e-07
52250.000000000095 3.790924361774122e-07
52300.000000000095 5.726974619441056e-07
52350.000000000095 4.808456921801011e-07
52400.000000000095 3.6274024015849744e-07
52450.000000000095 5.054904830633959e-07
52500.000000000095 4.615350748069786e-07
52550.000000000095 5.02632367977954e-07
52600.000000000095 4.15054033349315e-07
52650.000000000095 4.796517907994266e-07
52700.000000000095 3.9781953504534374e-07
52750.000000000095 3.618285332929098e-07
52800.000000000095 3.6536226075262665e-07
52850.000000000095 4.1667560823436205e-07
52900.000000000095 3.5893227510884764e-07
52950.000000000095 3.487522154602329e-07
53000.000000000095 5.701404860432275e-07
53050.000000000095 3.1237560836925856e-07
53100.000000000095 5.012376819011147e-07
53150.000000000095 5.893464974463032e-07
53200.000000000095 3.2633955154927525e-07
53250.000000000095 5.425228978509407e-07
53300.000000000095 5.545759165419465e-07
53350.000000000095 5.254751275427609e-07
53400.000000000095 5.645987055131883e-07
53450.000000000095 3.44315936512219e-07
53500.000000000095 2.563697735297025e-07
53550.000000000095 3.5866903834424094e-07
53600.000000000095 4.334273759525025e-07
53650.000000000095 3.7287185013166753e-07
53700.000000000095 3.544855147743008e-07
53750.000000000095 3.7064150412689924e-07
53800.000000000095 3.6658251938885887e-07
53850.000000000095 4.599813669146609e-07
53900.000000000095 3.89648145838829e-07
53950.000000000095 5.259709036573366e-07
54000.000000000095 3.9698832238476324e-07
54050.000000000095 3.9353803115223715e-07
54100.000000000095 2.574567856190145e-07
54150.000000000095 3.451361415503887e-07
54200.000000000095 2.1531515356435134e-07
54250.000000000095 2.3820709209536135e-07
54300.000000000095 3.2794843115809795e-07
54350.000000000095 4.173016840590743e-07
54400.000000000095 4.3909604016333976e-07
54450.000000000095 3.766877953948534e-07
54500.000000000095 3.3339999668202743e-07
54550.000000000095 2.994220085372249e-07
54600.000000000095 3.69767390058309e-07
54650.000000000095 2.6968178845990357e-07
54700.000000000095 4.3008618711592884e-07
54750.000000000095 4.150875926369725e-07
54800.000000000095 3.2823524632119055e-07
54850.000000000095 3.5463932458187224e-07
54900.000000000095 4.458477102775388e-07
54950.000000000095 5.423691800011793e-07
55000.000000000095 3.0712478963520607e-07
55050.000000000095 3.979904071950473e-07
55100.000000000095 3.410443983279223e-07
55150.000000000095 3.2193645547305397e-07
55200.000000000095 3.238690931013405e-07
55250.000000000095 3.3780654565189174e-07
55300.000000000095 2.7752748597424073e-07
55350.000000000095 3.624877740580255e-07
55400.000000000095 4.580361132761301e-07
55450.000000000095 3.698436356916619e-07
55500.000000000095 2.344921684062927e-07
55550.000000000095 3.0129971162556336e-07
55600.000000000095 2.860515742597701e-07
55650.000000000095 2.322251379947992e-07
55700.000000000095 3.1077184951173157e-07
55750.000000000095 3.536203618619177e-07
55800.000000000095 2.909115162490568e-07
55850.000000000095 2.4818945155673175e-07
55900.000000000095 3.809327861162003e-07
55950.000000000095 4.812871936597496e-07
56000.000000000095 2.6221643532244084e-07
56050.000000000095 3.5684605692867253e-07
56100.000000000095 3.841297072420887e-07
56150.000000000095 2.992637542606126e-07
56200.000000000095 3.319619462722549e-07
56250.000000000095 3.1257832341791935e-07
56300.000000000095 3.555651573239071e-07
56350.000000000095 3.8311907809627683e-07
56400.000000000095 2.910087668600661e-07
56450.000000000095 2.620346494270485e-07
56500.000000000095 2.7544596844799057e-07
56550.000000000095 2.1982023796503674e-07
56600.000000000095 3.59668192521133e-07
56650.000000000095 3.308275535290708e-07
56700.000000000095 3.9210795477749474e-07
56750.000000000095 2.4173373234157606e-07
56800.000000000095 3.8608860874844585e-07
56850.000000000095 3.0897657792197157e-07
56900.000000000095 2.7842649387326796e-07
56950.000000000095 3.875073677935821e-07
57000.000000000095 4.0515183939214777e-07
57050.000000000095 3.1765012865265416e-07
57100.000000000095 1.94302440668767e-07
57150.000000000095 2.6834997694942876e-07
57200.000000000095 2.1117421953043152e-07
57250.000000000095 2.962316513490545e-07
57300.000000000095 3.4846353442792284e-07
57350.000000000095 2.219108710463266e-07
57400.000000000095 3.3504752846575007e-07
57450.000000000095 3.2987273307965814e-07
57500.000000000095 3.1543525054609485e-07
57550.000000000095 3.7243748000031937e-07
57600.000000000095 4.0063463188751485e-07
57650.000000000095 2.0166349990008157e-07
57700.000000000095 2.407150793609064e-07
57750.000000000095 2.883409054034817e-07
57800.000000000095 1.409523110571847e-07
57850.000000000095 4.1177117687910296e-07
57900.000000000095 4.7073391693275284e-07
57950.000000000095 4.1338180501200367e-07
58000.000000000095 2.66551891389027e-07
58050.000000000095 3.366502191011687e-07
58100.000000000095 4.069848004645929e-07
58150.000000000095 3.332995383739205e-07
58200.000000000095 2.1466683187749463e-07
58250.000000000095 2.7058506744276275e-07
58300.000000000095 2.1313785900665665e-07
58350.000000000095 2.5427212769170844e-07
58400.000000000095 3.0714688391418526e-07
58450.000000000095 3.2254237727811667e-07
58500.000000000095 2.96885640902187e-07
58550.000000000095 3.367799357146781e-07
58600.000000000095 2.3201057717035066e-07
58650.000000000095 2.869126339630039e-07
58700.000000000095 2.73895494987261e-07
58750.000000000095 3.022473189222014e-07
58800.000000000095 1.929386302382699e-07
58850.000000000095 2.803023948426976e-07
58900.000000000095 3.4083689430968285e-07
58950.000000000095 2.38139920774199e-07
59000.000000000095 3.243499450792116e-07
59050.000000000095 3.3610620923958033e-07
59100.000000000095 4.009491153830607e-07
59150.000000000095 3.151428769786309e-07
59200.000000000095 3.233986854600083e-07
59250.000000000095 3.4464931419854305e-07
59300.000000000095 3.2658882697903577e-07
59350.000000000095 2.1416108819778305e-07
59400.000000000095 1.721312495638689e-07
59450.000000000095 2.886004607709756e-07
59500.000000000095 2.0142034378645737e-07
59550.000000000095 3.5946846855606954e-07
59600.000000000095 3.3734790763012133e-07
59650.000000000095 3.32682849492647e-07
59700.000000000095 2.2885624930679872e-07
59750.000000000095 4.208494053551503e-07
59800.000000000095 2.998334499178813e-07
59850.000000000095 3.589102739116446e-07
59900.000000000095 2.1660241983354917e-07
59950.000000000095 3.17108538923554e-07
60000.000000000095 4.5466301498309407e-07
60050.000000000095 3.8447011279324565e-07
60100.000000000095 4.1711932376395257e-07
60150.000000000095 3.1802325186062393e-07
60200.000000000095 3.389758241492375e-07
60250.000000000095 3.854840075140396e-07
60300.000000000095 3.6113237957353967e-07
60350.000000000095 2.918288706217643e-07
60400.000000000095 3.4875060042291704e-07
60450.000000000095 2.2908315579389208e-07
60500.000000000095 1.6355292171920203e-07
60550.000000000095 3.638016857360494e-07
60600.000000000095 3.4883694275901036e-07
60650.000000000095 3.169774356391999e-07
60700.000000000095 2.90648897141226e-07
60750.000000000095 2.557539744586118e-07
60800.000000000095 3.596225843139426e-07
60850.000000000095 4.7369854599117564e-07
60900.000000000095 4.2082572396140186e-07
60950.000000000095 4.075480237290264e-07
61000.000000000095 3.207232202776059e-07
61050.000000000095 2.686913973898857e-07
61100.000000000095 3.576765364403094e-07
61150.000000000095 1.6316465820158947e-07
61200.000000000095 4.2716981899950577e-07
61250.000000000095 4.909949776355493e-07
61300.000000000095 4.3101454088834804e-07
61350.000000000095 4.863791396602792e-07
61400.000000000095 3.9111436028345243e-07
61450.000000000095 2.985410678913396e-07
61500.000000000095 2.9842161566083004e-07
61550.000000000095 2.7564899340827635e-07
61600.000000000095 2.086898204825336e-07
61650.000000000095 3.236000045914449e-07
61700.000000000095 2.6993350547902296e-07
61750.000000000095 3.293960653632699e-07
61800.000000000095 3.549728363020802e-07
61850.000000000095 2.739269450748861e-07
61900.000000000095 4.1666964990512785e-07
61950.000000000095 4.063370104411206e-07
62000.000000000095 3.919782030826003e-07
62050.000000000095 3.748109681498282e-07
62100.000000000095 4.191882467135648e-07
62150.000000000095 4.0009220889409033e-07
62200.000000000095 3.517659023032501e-07
62250.000000000095 3.949287707434746e-07
62300.000000000095 4.717686874738656e-07
62350.000000000095 3.9384148096096423e-07
62400.000000000095 2.6571269759379456e-07
62450.000000000095 3.597104950771489e-07
62500.000000000095 4.430073066269476e-07
62550.000000000095 4.144194774187641e-07
62600.000000000095 4.571449497203352e-07
62650.000000000095 3.763745496385646e-07
62700.000000000095 4.1685751339006833e-07
62750.000000000095 4.931113359817722e-07
62800.000000000095 3.502692132177626e-07
62850.000000000095 4.4299220161465736e-07
62900.000000000095 3.6779866670240697e-07
62950.000000000095 4.2373510455743236e-07
63000.000000000095 4.0968340407112145e-07
63050.000000000095 5.039874965495803e-07
63100.000000000095 4.567771184478913e-07
63150.000000000095 3.5030399588019756e-07
63200.000000000095 4.5191628279339946e-07
63250.000000000095 3.8898237955170854e-07
63300.000000000095 4.762995417484292e-07
63350.000000000095 4.1406434613510364e-07
63400.000000000095 2.921522668909679e-07
63450.000000000095 2.6740633221065484e-07
63500.000000000095 4.1260599576841735e-07
63550.000000000095 3.7084438912622516e-07
63600.000000000095 4.5158341562751496e-07
63650.000000000095 3.352742665226363e-07
63700.000000000095 2.8660128213494667e-07
63750.000000000095 3.556128263730879e-07
63800.000000000095 3.5047257306706675e-07
63850.000000000095 3.5891070177470796e-07
63900.000000000095 2.939869331522594e-07
63950.000000000095 3.854571882257427e-07
64000.000000000095 4.1444924900318335e-07
64050.000000000095 3.3590812059008524e-07
64100.000000000095 1.6105877961611247e-07
64150.000000000095 2.087579095871941e-07
64200.000000000095 2.391832581269312e-07
64250.000000000095 3.348248819259412e-07
64300.000000000095 2.739411552526904e-07
64350.000000000095 2.4535671532553193e-07
64400.000000000095 3.382908911339633e-07
64450.000000000095 3.408236135322169e-07
64500.000000000095 2.3618348617929057e-07
64550.000000000095 3.207262225577542e-07
64600.000000000095 2.1328510571795474e-07
64650.000000000095 2.9560168528691086e-07
64700.000000000095 1.928176132772646e-07
64750.000000000095 2.2289218945204264e-07
64800.000000000095 2.2829603744776565e-07
64850.000000000095 2.1642280178461795e-07
64900.000000000095 2.5087731296315055e-07
64950.000000000095 2.3139118371042484e-07
65000.000000000095 2.6243408882756607e-07
65050.000000000095 2.4823288125002265e-07
65100.000000000095 2.978085211126161e-07
65150.000000000095 2.3854594129454366e-07
65200.000000000095 2.1384816864932632e-07
65250.000000000095 2.8701541303915073e-07
65300.000000000095 2.4462671828032825e-07
65350.000000000095 3.9361061283103015e-07
65400.000000000095 2.4700541637687834e-07
65450.000000000095 2.5568847342577017e-07
65500.000000000095 2.817796575985123e-07
65550.00000000009 2.1479817801030484e-07
65600.00000000009 2.3861752011743006e-07
65650.00000000009 2.639058460728301e-07
65700.00000000009 2.2970589016068994e-07
65750.00000000009 2.1512339889497975e-07
65800.00000000009 2.7484658536694415e-07
65850.00000000009 2.9629002353804607e-07
65900.00000000009 2.118450793528813e-07
65950.00000000009 1.6452744933465736e-07
66000.00000000009 2.3779730447229063e-07
66050.00000000009 3.628429969164985e-07
66100.00000000009 2.5595633753793625e-07
66150.00000000009 1.9631730739883163e-07
66200.00000000009 2.0123376127978657e-07
66250.00000000009 1.9166464184202318e-07
66300.00000000009 1.1860794417823232e-07
66350.00000000009 1.698719698413391e-07
66400.00000000009 1.9635126721815082e-07
66450.00000000009 2.819154159533734e-07
66500.00000000009 3.6157818886105794e-07
66550.00000000009 3.3892534289735557e-07
66600.00000000009 2.686369016813601e-07
66650.00000000009 2.7406829406949775e-07
66700.00000000009 2.435465329285781e-07
66750.00000000009 2.2503556398704573e-07
66800.00000000009 2.7762639471371957e-07
66850.00000000009 2.1912787718594288e-07
66900.00000000009 2.8064258160432894e-07
66950.00000000009 3.488518089441505e-07
67000.00000000009 3.4316466658520934e-07
67050.00000000009 2.606833976364302e-07
67100.00000000009 2.3856558874415824e-07
67150.00000000009 2.377867469781154e-07
67200.00000000009 2.4837870037832367e-07
67250.00000000009 2.6430146688080084e-07
67300.00000000009 2.6403165355331477e-07
67350.00000000009 2.1513310614751803e-07
67400.00000000009 3.29258830864984e-07
67450.00000000009 2.78374726083348e-07
67500.00000000009 2.5489545073985226e-07
67550.00000000009 2.833709619835825e-07
67600.00000000009 4.117692703492686e-07
67650.00000000009 3.211798294666492e-07
67700.00000000009 2.7965225861482737e-07
67750.00000000009 2.609259839898078e-07
67800.00000000009 3.142376475658268e-07
67850.00000000009 2.2371883437472404e-07
67900.00000000009 2.721806846756493e-07
67950.00000000009 1.9193129225964665e-07
68000.00000000009 2.398731143299405e-07
