galfind/configs/Brown_Dwarf_templates/sonora_cholla/logkzz4/562g/1300K_562g_logkzz4_resample.dat
# %ECSV 1.0
# ---
# datatype:
# - {name: wav, unit: Angstrom, datatype: float64}
# - {name: flux_nu, unit: erg / (cm2 Hz s), datatype: float64}
# schema: astropy-2.0
wav flux_nu
10000.000000000093 nan
10050.000000000093 3.593525406424146e-07
10100.000000000093 4.1721092587313827e-07
10150.000000000093 4.137917477675502e-07
10200.000000000093 4.496453454368453e-07
10250.000000000093 4.795152380414424e-07
10300.000000000093 4.7544823720502564e-07
10350.000000000093 5.459619450682384e-07
10400.000000000093 5.996462865424741e-07
10450.000000000093 6.167360964674741e-07
10500.000000000093 6.048481918428368e-07
10550.000000000093 6.140886847749976e-07
10600.000000000093 6.474898874323625e-07
10650.000000000093 6.873615509628578e-07
10700.000000000093 7.300298328050214e-07
10750.000000000093 7.787733870199746e-07
10800.000000000093 8.212081567506371e-07
10850.000000000093 8.916870652559756e-07
10900.000000000093 8.338719364762017e-07
10950.000000000093 6.764342751800145e-07
11000.000000000093 5.944628940142672e-07
11050.000000000093 4.923212281654293e-07
11100.000000000093 4.5151903912241915e-07
11150.000000000093 3.928790596796973e-07
11200.000000000093 4.054884556545859e-07
11250.000000000093 4.983496549383576e-07
11300.000000000093 4.709346185430928e-07
11350.000000000093 3.1155638371637565e-07
11400.000000000093 5.155323097164897e-07
11450.000000000093 4.2155987035255716e-07
11500.000000000093 5.22916725571283e-07
11550.000000000093 4.2662044677852547e-07
11600.000000000093 4.529361313146287e-07
11650.000000000093 4.941061580071799e-07
11700.000000000093 5.081155367040675e-07
11750.000000000093 4.6980220989511287e-07
11800.000000000093 5.699844405186242e-07
11850.000000000093 6.613139935273161e-07
11900.000000000093 7.116147127220854e-07
11950.000000000093 7.698684417562028e-07
12000.000000000093 7.65278667995519e-07
12050.000000000093 9.048911041622176e-07
12100.000000000093 9.459586431771361e-07
12150.000000000093 1.0666308841910463e-06
12200.000000000093 1.1207578010143789e-06
12250.000000000093 1.2294998246707426e-06
12300.000000000093 1.3071718912687686e-06
12350.000000000093 1.3131286730646148e-06
12400.000000000093 1.2845063054547968e-06
12450.000000000093 1.373514384469222e-06
12500.000000000093 1.4287697076103625e-06
12550.000000000093 1.5032060983545745e-06
12600.000000000093 1.5438883827940321e-06
12650.000000000093 1.5321210357942938e-06
12700.000000000093 1.6245036519481688e-06
12750.000000000093 1.559297020287342e-06
12800.000000000093 1.6092656734119865e-06
12850.000000000093 1.4968831127131284e-06
12900.000000000093 1.3935681407785708e-06
12950.000000000093 1.430395285069536e-06
13000.000000000093 1.4595752352690929e-06
13050.000000000093 1.4634750182664158e-06
13100.000000000093 1.4226737621413178e-06
13150.000000000093 1.3183595285428978e-06
13200.000000000093 1.241126132968506e-06
13250.000000000093 1.010041245557598e-06
13300.000000000093 6.594212651763289e-07
13350.000000000093 2.4367977221255475e-07
13400.000000000093 1.4105641224898952e-07
13450.000000000093 1.0178007440026373e-07
13500.000000000093 6.909517300266388e-08
13550.000000000093 5.822064051308351e-08
13600.000000000093 4.935599296359244e-08
13650.000000000093 9.404653261333296e-08
13700.000000000093 7.830936613994708e-08
13750.000000000093 8.723282030071656e-08
13800.000000000093 1.1519903812904267e-07
13850.000000000093 9.084513696693486e-08
13900.000000000093 9.17900710240044e-08
13950.000000000093 8.543891954873162e-08
14000.000000000093 7.720506070030788e-08
14050.000000000093 9.085835464307147e-08
14100.000000000093 6.710539867985806e-08
14150.000000000093 8.968309111063037e-08
14200.000000000093 7.241162989520366e-08
14250.000000000093 7.378540454264908e-08
14300.000000000093 9.645959993053394e-08
14350.000000000093 9.48111031550153e-08
14400.000000000093 1.0162068692618571e-07
14450.000000000093 1.086097995233366e-07
14500.000000000093 1.660075336311908e-07
14550.000000000093 1.658738097925482e-07
14600.000000000093 2.1104720563310345e-07
14650.000000000093 2.1460457338795842e-07
14700.000000000093 1.7379549435212874e-07
14750.000000000093 2.099686884246801e-07
14800.000000000093 2.519159159161933e-07
14850.000000000093 2.614093989961223e-07
14900.000000000093 2.7306341230253595e-07
14950.000000000093 2.894158462250652e-07
15000.000000000093 3.1398725507623563e-07
15050.000000000093 3.8297361507429795e-07
15100.000000000093 4.0643380044225e-07
15150.000000000093 4.3652506698446394e-07
15200.000000000093 4.3050637942158217e-07
15250.000000000093 4.929657234748774e-07
15300.000000000093 5.558111042159764e-07
15350.000000000093 6.237264616920573e-07
15400.000000000093 6.67907664391175e-07
15450.000000000093 7.380463338682293e-07
15500.000000000093 7.76942599522391e-07
15550.000000000093 8.614239146297842e-07
15600.000000000093 8.785633308266827e-07
15650.000000000093 9.190668524822506e-07
15700.000000000093 1.0293826912054405e-06
15750.000000000093 1.085276627076931e-06
15800.000000000093 1.062012079930047e-06
15850.000000000093 1.1125206628776146e-06
15900.000000000093 1.1226641716289336e-06
15950.000000000093 1.1313556229788762e-06
16000.000000000093 1.120707553011906e-06
16050.000000000093 1.0809885320674704e-06
16100.000000000093 1.0433835090166552e-06
16150.000000000093 9.228411984666206e-07
16200.000000000093 8.506432252347755e-07
16250.000000000093 8.543265953536064e-07
16300.000000000093 8.073660230727099e-07
16350.000000000093 8.512401758638737e-07
16400.000000000095 9.001404621408063e-07
16450.000000000095 9.329788283855117e-07
16500.000000000095 9.72934600733996e-07
16550.000000000095 9.574932648817078e-07
16600.000000000095 9.223161707256625e-07
16650.000000000095 8.386029748895117e-07
16700.000000000095 6.643958494397194e-07
16750.000000000095 7.284651758657945e-07
16800.000000000095 8.452699849627926e-07
16850.000000000095 8.194589442907035e-07
16900.000000000095 7.883253642150537e-07
16950.000000000095 7.470653715888575e-07
17000.000000000095 7.019750781537975e-07
17050.000000000095 7.734745373779627e-07
17100.000000000095 7.550182901051594e-07
17150.000000000095 6.725509592036183e-07
17200.000000000095 6.887979232663956e-07
17250.000000000095 6.20060396415732e-07
17300.000000000095 5.673912456978507e-07
17350.000000000095 5.395480538891576e-07
17400.000000000095 5.05449111364241e-07
17450.000000000095 4.6248745836079686e-07
17500.000000000095 4.7535700964150707e-07
17550.000000000095 4.2009398264621747e-07
17600.000000000095 3.9572729070889244e-07
17650.000000000095 3.935123430608818e-07
17700.000000000095 2.927978195126902e-07
17750.000000000095 2.69414412743888e-07
17800.000000000095 2.979565545428914e-07
17850.000000000095 2.138908937410682e-07
17900.000000000095 2.56487081389245e-07
17950.000000000095 2.0919939044716095e-07
18000.000000000095 2.0873198422657635e-07
18050.000000000095 2.0230447591402032e-07
18100.000000000095 1.8299696196436064e-07
18150.000000000095 2.344820803759312e-07
18200.000000000095 1.643975716166682e-07
18250.000000000095 2.7038392775261643e-07
18300.000000000095 1.9934585385871812e-07
18350.000000000095 1.8940375747040103e-07
18400.000000000095 1.7337504875832635e-07
18450.000000000095 1.703343040977662e-07
18500.000000000095 1.882488673788234e-07
18550.000000000095 1.577479701848913e-07
18600.000000000095 1.3466386890525227e-07
18650.000000000095 1.3432632523632595e-07
18700.000000000095 1.4363648890842534e-07
18750.000000000095 1.5962540941172562e-07
18800.000000000095 2.2530786048069164e-07
18850.000000000095 2.6252349783545314e-07
18900.000000000095 2.3616915187157651e-07
18950.000000000095 3.2884096423474404e-07
19000.000000000095 2.722573680093129e-07
19050.000000000095 2.2812404883081213e-07
19100.000000000095 3.163503159496811e-07
19150.000000000095 2.7608416136316916e-07
19200.000000000095 2.934974630205756e-07
19250.000000000095 2.6148645709940774e-07
19300.000000000095 2.5077283055153985e-07
19350.000000000095 2.274271522100951e-07
19400.000000000095 1.532539833242184e-07
19450.000000000095 2.4598307236030866e-07
19500.000000000095 2.3676340677658432e-07
19550.000000000095 1.9017201416521016e-07
19600.000000000095 2.3191233605154473e-07
19650.000000000095 2.5926700192772574e-07
19700.000000000095 2.5651547030825536e-07
19750.000000000095 2.4371189898573407e-07
19800.000000000095 2.7950294609922787e-07
19850.000000000095 3.2105397741183637e-07
19900.000000000095 2.4351103832389724e-07
19950.000000000095 3.415021572757295e-07
20000.000000000095 3.2885252578436504e-07
20050.000000000095 3.604986986360731e-07
20100.000000000095 3.6588511224544797e-07
20150.000000000095 3.792142051747099e-07
20200.000000000095 4.275117286553822e-07
20250.000000000095 4.5903497638387104e-07
20300.000000000095 4.3233345390369446e-07
20350.000000000095 4.850771900247229e-07
20400.000000000095 4.944988887553008e-07
20450.000000000095 5.497917489885559e-07
20500.000000000095 5.707974706169819e-07
20550.000000000095 5.566316565808433e-07
20600.000000000095 6.319977553112845e-07
20650.000000000095 5.981245681493994e-07
20700.000000000095 6.240524623786145e-07
20750.000000000095 6.636340312816759e-07
20800.000000000095 6.690744487970568e-07
20850.000000000095 6.651254427510399e-07
20900.000000000095 7.022699254313911e-07
20950.000000000095 6.857086425277623e-07
21000.000000000095 7.103081432660448e-07
21050.000000000095 6.902786102702614e-07
21100.000000000095 6.938386154117823e-07
21150.000000000095 7.046520495354233e-07
21200.000000000095 6.846379200612674e-07
21250.000000000095 6.976852162095955e-07
21300.000000000095 6.563359894109004e-07
21350.000000000095 6.789389999139494e-07
21400.000000000095 6.330477332139737e-07
21450.000000000095 6.441685661638536e-07
21500.000000000095 6.351207576188793e-07
21550.000000000095 6.16826601461566e-07
21600.000000000095 6.060390512013303e-07
21650.000000000095 5.729819839293858e-07
21700.000000000095 5.803346814526157e-07
21750.000000000095 5.434728605360232e-07
21800.000000000095 5.122438240305003e-07
21850.000000000095 4.7465313391841264e-07
21900.000000000095 4.580316963729619e-07
21950.000000000095 3.564026765215827e-07
22000.000000000095 2.875073949114482e-07
22050.000000000095 2.2819588615503884e-07
22100.000000000095 2.782823694409963e-07
22150.000000000095 3.01396045312949e-07
22200.000000000095 3.0726364429546367e-07
22250.000000000095 2.897628935110858e-07
22300.000000000095 2.9200318126331255e-07
22350.000000000095 2.703269112408672e-07
22400.000000000095 2.5267436141043896e-07
22450.000000000095 2.2673435226593322e-07
22500.000000000095 2.3444696945934803e-07
22550.000000000095 1.9762196949591988e-07
22600.000000000095 2.188203974326096e-07
22650.000000000095 2.0872017877793583e-07
22700.000000000095 2.067647945592868e-07
22750.000000000095 2.0994017678013973e-07
22800.000000000095 1.9768088531774981e-07
22850.000000000095 1.7943033033410444e-07
22900.000000000095 1.7618294343655323e-07
22950.000000000095 1.6672679209814025e-07
23000.000000000095 1.3814894070865958e-07
23050.000000000095 1.795553752009989e-07
23100.000000000095 2.1350663748515343e-07
23150.000000000095 2.1694159568297857e-07
23200.000000000095 1.4174999061910096e-07
23250.000000000095 1.374843416224574e-07
23300.000000000095 1.284407397856184e-07
23350.000000000095 1.1463015769511543e-07
23400.000000000095 1.3441050533771614e-07
23450.000000000095 1.288436379326466e-07
23500.000000000095 1.3697251348265528e-07
23550.000000000095 1.734494316717554e-07
23600.000000000095 1.7941805051563691e-07
23650.000000000095 1.9111227123944756e-07
23700.000000000095 1.3940688649507944e-07
23750.000000000095 1.3959424199089143e-07
23800.000000000095 1.4196949032482533e-07
23850.000000000095 1.4320446012885342e-07
23900.000000000095 1.8854016806803167e-07
23950.000000000095 1.9148603227301657e-07
24000.000000000095 2.3058775726412977e-07
24050.000000000095 2.2465628961239213e-07
24100.000000000095 1.9567758082787873e-07
24150.000000000095 2.1492877596615049e-07
24200.000000000095 2.3095222924407935e-07
24250.000000000095 2.165521655492265e-07
24300.000000000095 2.1808081992080746e-07
24350.000000000095 2.0306249597000635e-07
24400.000000000095 2.569913741082939e-07
24450.000000000095 2.1074141667805575e-07
24500.000000000095 2.3101934826123643e-07
24550.000000000095 2.1709566317466602e-07
24600.000000000095 2.3186500167320249e-07
24650.000000000095 2.5950677655027853e-07
24700.000000000095 2.0245678559896464e-07
24750.000000000095 1.851846610437252e-07
24800.000000000095 2.0344229054594537e-07
24850.000000000095 2.560086514529255e-07
24900.000000000095 1.4389122708382606e-07
24950.000000000095 2.2882122667203055e-07
25000.000000000095 2.1630478824836814e-07
25050.000000000095 1.62382450525332e-07
25100.000000000095 2.0225788540728564e-07
25150.000000000095 1.3651276626219764e-07
25200.000000000095 1.7700330551405197e-07
25250.000000000095 1.3436578117679708e-07
25300.000000000095 1.7641906553864287e-07
25350.000000000095 1.1047700189343554e-07
25400.000000000095 1.7358427211668645e-07
25450.000000000095 1.2774784626315578e-07
25500.000000000095 1.2327964783344725e-07
25550.000000000095 1.4736926457418593e-07
25600.000000000095 1.3701870715514643e-07
25650.000000000095 1.018382976993842e-07
25700.000000000095 1.7525035221732652e-07
25750.000000000095 1.0278840210871384e-07
25800.000000000095 1.7137194694145644e-07
25850.000000000095 1.0645398236763434e-07
25900.000000000095 1.4707221621349325e-07
25950.000000000095 1.0392455916150781e-07
26000.000000000095 1.6139093603982688e-07
26050.000000000095 1.4371645567184305e-07
26100.000000000095 1.901204831772053e-07
26150.000000000095 1.6801067250785404e-07
26200.000000000095 1.7861249608004756e-07
26250.000000000095 2.108073204775473e-07
26300.000000000095 1.7013014679638816e-07
26350.000000000095 2.164424771498437e-07
26400.000000000095 2.506376391234221e-07
26450.000000000095 2.2897271796814524e-07
26500.000000000095 2.163948953351571e-07
26550.000000000095 1.9083610878819002e-07
26600.000000000095 2.3038443238057432e-07
26650.000000000095 1.3534336083981636e-07
26700.000000000095 1.2178844596629898e-07
26750.000000000095 1.0317336074665671e-07
26800.000000000095 1.3731329780912936e-07
26850.000000000095 8.619576854120494e-08
26900.000000000095 1.5038943037734943e-07
26950.000000000095 8.538234411775782e-08
27000.000000000095 1.6618142090679053e-07
27050.000000000095 1.525136341444867e-07
27100.000000000095 1.239610558640291e-07
27150.000000000095 1.818271112728755e-07
27200.000000000095 1.36029449597346e-07
27250.000000000095 1.4205758444976278e-07
27300.000000000095 2.399582375793822e-07
27350.000000000095 1.9670002860591118e-07
27400.000000000095 9.339005708571975e-08
27450.000000000095 2.4276517339474494e-07
27500.000000000095 2.2812549047550526e-07
27550.000000000095 1.5299637129541155e-07
27600.000000000095 2.3529243602162897e-07
27650.000000000095 1.2683869079708678e-07
27700.000000000095 1.1104601487541497e-07
27750.000000000095 2.2507149299752347e-07
27800.000000000095 1.3258667280560464e-07
27850.000000000095 1.4649734362491872e-07
27900.000000000095 1.8167342339947468e-07
27950.000000000095 2.0229559926800512e-07
28000.000000000095 1.9797840010654443e-07
28050.000000000095 1.0983185800981701e-07
28100.000000000095 2.4208843935040755e-07
28150.000000000095 1.8996217689455032e-07
28200.000000000095 1.0320582322548822e-07
28250.000000000095 2.3195981946968382e-07
28300.000000000095 2.9145134817884306e-07
28350.000000000095 1.1024574675312344e-07
28400.000000000095 2.2219663862132791e-07
28450.000000000095 2.260563285152592e-07
28500.000000000095 2.0698305492248355e-07
28550.000000000095 1.100732167817712e-07
28600.000000000095 2.5686621479881785e-07
28650.000000000095 2.263999460348517e-07
28700.000000000095 1.977994282543502e-07
28750.000000000095 2.475798107512519e-07
28800.000000000095 2.2743279820440192e-07
28850.000000000095 2.847042334310201e-07
28900.000000000095 1.5181972454689346e-07
28950.000000000095 2.923403387686426e-07
29000.000000000095 2.1123644971571276e-07
29050.000000000095 2.492192625651288e-07
29100.000000000095 1.6883948318507627e-07
29150.000000000095 2.996417032347763e-07
29200.000000000095 2.216899667281581e-07
29250.000000000095 2.845809192367036e-07
