galfind/configs/Brown_Dwarf_templates/sonora_cholla/logkzz4/562g/500K_562g_logkzz4_resample.dat
# %ECSV 1.0
# ---
# datatype:
# - {name: wav, unit: Angstrom, datatype: float64}
# - {name: flux_nu, unit: erg / (cm2 Hz s), datatype: float64}
# schema: astropy-2.0
wav flux_nu
[from data line 417]
23850.04800076804 5.132006776713093e-12
23900.04800076804 1.2972992707590615e-11
23950.04800076804 5.5821403355850665e-12
24000.04800076804 1.4974367389567632e-11
24050.04800076804 1.675527399104884e-11
24100.04800076804 2.0212499384103058e-11
24150.04800076804 3.158353486311538e-11
24200.04800076804 2.341487667523347e-11
24250.04800076804 1.3860892634030725e-11
24300.04800076804 3.9633494410770845e-11
24350.04800076804 2.3422400857354508e-11
24400.04800076804 6.23263426263635e-11
24450.04800076804 6.267210042041513e-11
24500.04800076804 5.2776677310636924e-11
24550.04800076804 1.0088669971019852e-10
24600.04800076804 1.226258707763659e-10
24650.04800076804 1.5140923134323032e-10
24700.04800076804 1.0803853891468705e-10
24750.04800076804 1.4634372853231512e-10
24800.04800076804 1.1972717037931227e-10
24850.04800076804 1.7735414077020865e-10
24900.04800076804 6.825561260857294e-11
24950.04800076804 1.3574538049156438e-10
25000.04800076804 1.5042670939607543e-10
25050.04800076804 7.683338836319041e-11
25100.04800076804 1.2963870958948143e-10
25150.04800076804 5.055813412362023e-11
25200.04800076804 8.025783073410742e-11
25250.04800076804 2.6848642049158175e-11
25300.04800076804 3.431690214667107e-11
25350.04800076804 1.3643744522819604e-11
25400.04800076804 4.1559615255607023e-11
25450.04800076804 1.0714469818291537e-11
25500.04800076804 8.233065492177816e-12
25550.04800076804 2.294586896574549e-11
25600.04800076804 8.248461408207327e-12
25650.04800076804 3.846299150980045e-12
25700.04800076804 3.4112208965135337e-12
25750.04800076804 1.0885263467970962e-12
25800.04800076804 6.877385058954275e-12
25850.04800076804 8.308514484739134e-13
25900.04800076804 1.3957012413495587e-12
25950.04800076804 2.7536517338715276e-13
26000.04800076804 4.8806841247621e-12
26050.04800076804 3.7905589676549405e-13
26100.04800076804 2.965570387420739e-12
26150.04800076804 9.393132695762012e-13
26200.04800076804 1.315223284540923e-12
26250.04800076804 1.3150384595915161e-11
26300.04800076804 1.5287148938908881e-12
26350.04800076804 2.8143113379861668e-11
26400.04800076804 6.119526654638958e-11
26450.04800076804 2.4681363270762607e-11
26500.04800076804 7.867082557142433e-11
26550.04800076804 5.270720141563605e-12
26600.04800076804 4.316392585504407e-12
26650.04800076804 5.949039379746127e-13
26700.04800076804 2.729656727715664e-13
26750.04800076804 7.090376563521384e-13
26800.04800076804 2.4613154110047103e-12
26850.04800076804 1.5902397514103027e-12
26900.04800076804 8.661502703065131e-12
26950.04800076804 2.0741663650876473e-12
27000.04800076804 1.4112211901188519e-11
27050.04800076804 2.1582405598180158e-11
27100.04800076804 1.3721407372791255e-12
27150.04800076804 2.2989380184730563e-11
27200.04800076804 1.263460839162437e-12
27250.04800076804 5.5742816982896204e-12
27300.04800076804 7.46554115630025e-11
27350.04800076804 1.7319405260757935e-11
27400.04800076804 7.04144686560386e-13
27450.04800076804 2.5587104225901705e-11
27500.04800076804 3.797470463786981e-11
27550.04800076804 3.79385247604163e-12
27600.04800076804 1.4095026030278856e-11
27650.04800076804 3.045531018598207e-12
27700.04800076804 3.2281649353020832e-12
27750.04800076804 2.4177683914170788e-11
27800.04800076804 7.493167095861238e-12
27850.04800076804 1.2943602143507924e-11
27900.04800076804 2.0844353085112133e-11
27950.04800076804 4.922754687184577e-11
28000.04800076804 4.310084721819269e-11
28050.04800076804 4.453654820521586e-12
28100.04800076804 6.795954185504947e-11
28150.04800076804 4.4217428462399583e-11
28200.04800076804 9.343623437127833e-12
28250.04800076804 9.598816010932005e-11
28300.04800076804 1.1917942953666715e-10
28350.04800076804 1.1697283724949709e-11
28400.04800076804 6.493262870421509e-11
28450.04800076804 1.6689179206370007e-10
28500.04800076804 6.069200045494271e-11
28550.04800076804 1.554344860333468e-11
28600.04800076804 1.1720503580842063e-10
28650.04800076804 9.162574465889233e-11
28700.04800076804 1.0374760885673753e-10
28750.04800076804 2.7774517360869215e-10
28800.04800076804 1.382376373994537e-10
28850.04800076804 2.3952091633812616e-10
28900.04800076804 1.240569152315105e-10
28950.04800076804 2.616168127384827e-10
29000.04800076804 1.6483480552511963e-10
29050.04800076804 2.0692815205388223e-10
29100.04800076804 1.2624698938271332e-10
29150.04800076804 2.547400738316229e-10
29200.04800076804 3.3712763455322157e-10
29250.04800076804 3.863702806334029e-10
29300.04800076804 2.3601961760089337e-10
29350.04800076804 8.803302001304079e-10
29400.04800076804 1.9936077115080936e-10
29450.04800076804 1.5033590569268495e-10
29500.04800076804 7.238861154379316e-10
29550.04800076804 2.3710963374710623e-10
29600.04800076804 4.0667013889313805e-10
29650.04800076804 1.029167696989281e-09
29700.04800076804 1.5860817428812552e-10
29750.04800076804 4.936438292439068e-10
29800.04800076804 3.7652301863771746e-10
29850.04800076804 9.891337326756809e-10
29900.04800076804 6.628025232176338e-10
29950.04800076804 4.692199506253052e-10
30000.04800076804 2.431143316946553e-11
30050.04800076804 1.1611546485483773e-10
30100.04800076804 3.8307840360379767e-10
30150.04800076804 9.803212987072265e-10
30200.04800076804 4.545305881416845e-10
30250.04800076804 1.4023767088023445e-09
30300.04800076804 1.4462483522104524e-09
30350.04800076804 3.1673783298534853e-10
30400.04800076804 1.4617696933129707e-09
30450.04800076804 1.0053475525012363e-09
30500.04800076804 6.231200258946441e-10
30550.04800076804 4.381343580955428e-10
30600.04800076804 3.2486431251798777e-09
30650.04800076804 1.4074790573065075e-09
30700.04800076804 8.352374664907994e-10
30750.04800076804 1.5912743961918997e-09
30800.04800076804 1.1549435837118567e-09
30850.04800076804 1.4466886217022975e-09
30900.04800076804 1.0058760412847103e-09
30950.04800076804 4.5855806987333027e-10
31000.04800076804 8.654180339615687e-10
31050.04800076804 6.312389080055388e-10
31100.04800076804 3.3793880999132e-10
31150.04800076804 6.078082031814614e-10
31200.04800076804 1.6688973698744761e-09
31250.04800076804 5.484013435207824e-10
31300.04800076804 4.2376875124845004e-10
31350.04800076804 9.83184174769406e-10
31400.04800076804 5.077738863776186e-10
31450.04800076804 6.22715336477084e-10
31500.04800076804 2.3465211542829734e-10
31550.04800076804 3.1568267819209005e-10
31600.04800076804 2.7364025154428455e-10
31650.04800076804 1.8916232132456105e-10
31700.04800076804 2.0086704775169615e-10
31750.04800076804 6.486820707592577e-11
31800.04800076804 1.7118825365624573e-10
31850.04800076804 2.9338193829373536e-11
31900.04800076804 8.236937568746956e-11
31950.04800076804 4.182576062172034e-11
32000.04800076804 3.2255557846851124e-11
32050.04800076804 3.6560553359527394e-11
32100.04800076804 2.7733789409408324e-11
32150.04800076804 3.2017770788685095e-11
32200.04800076804 1.6091237549762478e-11
32250.04800076804 3.891630945819129e-11
32300.04800076804 1.0838949143888579e-11
32350.04800076804 4.2252259192175345e-11
32400.04800076804 7.298574561959354e-12
32450.04800076804 2.6636214777723115e-11
32500.04800076804 7.536418264938351e-12
32550.04800076804 2.758005891874428e-11
32600.04800076804 7.537681003665345e-12
32650.04800076804 5.517431645745193e-11
32700.04800076804 1.2123953915269118e-11
32750.04800076804 1.244551355099633e-10
32800.04800076804 6.136752078803618e-11
32850.04800076804 2.530871109462737e-10
32900.04800076804 2.041044223890646e-10
32950.04800076804 2.2367685672330357e-10
33000.04800076804 6.588046424941521e-11
33050.04800076804 7.076420809266782e-11
33100.04800076804 1.66890344135492e-11
33150.04800076804 6.215528281817651e-15
33200.04800076804 7.225964018650345e-13
33250.04800076804 1.2289891030375412e-12
33300.04800076804 1.4373563552911068e-11
33350.04800076804 3.786266171235385e-11
33400.04800076804 1.17656141860894e-10
33450.04800076804 4.2394961332039387e-11
33500.04800076804 1.9318495728819462e-10
33550.04800076804 4.3073815014395054e-11
33600.04800076804 7.919813588478774e-11
33650.04800076804 8.792215737972438e-11
33700.04800076804 2.979580702802259e-11
33750.04800076804 1.1110043272352842e-10
33800.04800076804 1.2603401027553376e-11
33850.04800076804 5.810015923026796e-11
33900.04800076804 6.394286685395181e-11
33950.04800076804 5.593170385026915e-11
34000.04800076804 1.3446401491398417e-10
34050.04800076804 1.8481396042548625e-11
34100.04800076804 1.050939978340547e-10
34150.04800076804 3.8972683657337375e-11
34200.04800076804 1.1704155546073745e-10
34250.04800076804 6.617098728801117e-11
34300.04800076804 6.90937337846714e-11
34350.04800076804 2.37809508250787e-10
34400.04800076804 4.6205788820064216e-11
34450.04800076804 1.9076995794979041e-10
34500.04800076804 8.993508170882574e-11
34550.04800076804 1.0137689390555329e-10
34600.04800076804 4.5515086542899236e-10
34650.04800076804 4.283774992398245e-11
34700.04800076804 2.347450114420039e-10
34750.04800076804 1.4531685978499393e-10
34800.04800076804 1.2120072333713852e-10
34850.04800076804 4.4883364789492296e-10
34900.04800076804 8.079987067408014e-11
34950.04800076804 3.493431835235943e-10
35000.04800076804 6.290476165486279e-10
35050.04800076804 3.645318263179923e-10
35100.04800076804 8.864562949806267e-10
35150.04800076804 7.969485192027483e-10
35200.04800076804 5.824062361942031e-10
35250.04800076804 9.343200182655555e-10
35300.04800076804 3.0253613804078523e-10
35350.04800076804 4.4934407835967934e-10
35400.04800076804 3.014193764350218e-10
35450.04800076804 2.504187725795198e-10
35500.04800076804 1.1508197767220888e-09
35550.04800076804 6.149752123746909e-10
35600.04800076804 9.201564822996682e-10
35650.04800076804 1.0987070556412474e-09
35700.04800076804 1.0056759324388317e-09
35750.04800076804 1.614462877930543e-09
35800.04800076804 7.964838536401828e-10
35850.04800076804 3.498711857720734e-10
35900.04800076804 6.995709822242244e-10
35950.04800076804 1.019374350695004e-09
36000.04800076804 7.144527279375728e-10
36050.04800076804 7.204380489999501e-10
36100.04800076804 6.723030046827192e-10
36150.04800076804 2.240453343262199e-09
36200.04800076804 1.9837910336252494e-09
36250.04800076804 1.285017600019684e-09
36300.04800076804 3.1653657074910685e-09
36350.04800076804 1.7323268499828234e-09
36400.04800076804 3.250680021503926e-09
36450.04800076804 2.013087286310562e-09
36500.04800076804 2.1947463945159735e-09
36550.04800076804 4.903668504978424e-09
36600.04800076804 5.15166008180489e-09
36650.04800076804 3.093221345797238e-09
36700.04800076804 3.568450624877546e-09
36750.04800076804 4.992873384479486e-09
36800.04800076804 5.577698925529544e-09
36850.04800076804 2.3778743406468193e-09
36900.04800076804 3.658396588826484e-09
36950.04800076804 5.5966621201558804e-09
37000.04800076804 3.5931803496938322e-09
37050.04800076804 6.3202307112179484e-09
37100.04800076804 2.801613922416526e-09
37150.04800076804 4.242143291390938e-09
37200.04800076804 7.171626085626926e-09
37250.04800076804 4.2057032271575425e-09
37300.04800076804 2.9165483431013593e-09
37350.04800076804 5.289574693503822e-09
37400.04800076804 8.384058879541479e-09
37450.04800076804 2.7784906574886507e-09
37500.04800076804 4.405777182622455e-09
37550.04800076804 1.0801232058574257e-08
37600.04800076804 1.6143938471783758e-08
37650.04800076804 4.644469369252863e-09
37700.04800076804 8.543379668852608e-09
37750.04800076804 5.722741815320549e-09
37800.04800076804 5.828057740416899e-09
37850.04800076804 3.179253375463816e-09
37900.04800076804 3.987112195991824e-09
37950.04800076804 7.1943036253328585e-09
38000.04800076804 7.452122004294964e-09
38050.04800076804 1.1154611363680104e-08
38100.04800076804 1.4389877343503229e-08
38150.04800076804 1.5360576797894073e-08
38200.04800076804 1.1700689633471955e-08
38250.04800076804 1.4723239131096041e-08
38300.04800076804 2.6952447384492775e-08
38350.04800076804 1.948992918024941e-08
38400.04800076804 7.806701401254428e-09
38450.04800076804 3.571382381876775e-09
38500.04800076804 2.5373402878983153e-09
38550.04800076804 8.621491110988323e-09
38600.04800076804 1.0925666960045581e-08
38650.04800076804 1.2804516250320357e-08
38700.04800076804 1.1532163441077564e-08
38750.04800076804 1.3357332594452257e-08
38800.04800076804 1.0290340878892031e-08
38850.04800076804 1.474574777117219e-08
38900.04800076804 1.5856264617719147e-08
38950.04800076804 9.436314642914461e-09
39000.04800076804 1.871020572315226e-08
39050.04800076804 9.04020832200957e-09
39100.04800076804 1.5137330259338345e-08
39150.04800076804 1.885193414727039e-08
39200.04800076804 1.3459317323701928e-08
39250.04800076804 2.0222482703084898e-08
39300.04800076804 1.4911721990127846e-08
39350.04800076804 3.0995186447202566e-08
39400.04800076804 1.7983320558414235e-08
39450.04800076804 2.304881796859407e-08
39500.04800076804 2.7298272060564677e-08
39550.04800076804 1.3553133907551948e-08
39600.04800076804 2.2549116539729102e-08
39650.04800076804 3.618142427553344e-08
39700.04800076804 2.8018668911923027e-08
39750.04800076804 1.101732297815871e-08
39800.04800076804 1.3464237057385437e-08
39850.04800076804 3.5940309868846936e-08
39900.04800076804 4.015360651610531e-08
39950.04800076804 1.919558022013803e-08
40000.04800076804 3.550750927882506e-08
40050.04800076804 3.383325892826091e-08
40100.04800076804 1.0211237400879547e-08
40150.04800076804 3.137470586996418e-08
40200.04800076804 3.7285813712872534e-08
40250.04800076804 4.223432469336195e-08
40300.04800076804 3.950723268031095e-08
40350.04800076804 1.8751402872587752e-08
40400.04800076804 3.412148949654724e-08
40450.04800076804 1.783437640963479e-08
40500.04800076804 4.261907257851346e-08
40550.04800076804 3.733803785196416e-08
40600.04800076804 3.778862055550245e-08
40650.04800076804 2.721739940794513e-08
40700.04800076804 6.027032583400215e-08
40750.04800076804 3.9721046183600384e-08
40800.04800076804 1.9878328653151886e-08
40850.04800076804 5.984952418133208e-08
40900.04800076804 5.6288455369205426e-08
40950.04800076804 3.387688953613306e-08
41000.04800076804 4.1289464300873735e-08
41050.04800076804 6.6361991547877e-08
41100.04800076804 4.7584954911023346e-08
41150.04800076804 1.70214858373804e-08
41200.04800076804 6.191272999299564e-08
41250.04800076804 4.994079999896857e-08
41300.04800076804 5.5187450767530925e-08
41350.04800076804 7.269785982462914e-08
41400.04800076804 5.572663525940662e-08
41450.04800076804 6.584403084606359e-08
41500.04800076804 3.842295951699115e-08
41550.04800076804 3.3991274007285216e-08
41600.04800076804 4.573887561082047e-08
41650.04800076804 6.577223450401102e-08
41700.04800076804 7.2429120548536e-08
41750.04800076804 5.840358305549228e-08
41800.04800076804 7.492628650545889e-08
41850.04800076804 4.8968567797536065e-08
41900.04800076804 4.0609634881816726e-08
41950.04800076804 5.194733596071296e-08
42000.04800076804 4.946357917895925e-08
42050.04800076804 4.498373070910566e-08
42100.04800076804 6.213930721374792e-08
42150.04800076804 5.193894923581183e-08
42200.04800076804 5.6225074240120565e-08
42250.04800076804 4.2048055894639046e-08
42300.04800076804 3.585546601138576e-08
42350.04800076804 6.066221258512976e-08
42400.04800076804 7.170641019397811e-08
42450.04800076804 6.801543457351945e-08
42500.04800076804 6.697069181318582e-08
42550.04800076804 6.026998590575735e-08
42600.04800076804 5.4516360087381274e-08
42650.04800076804 8.542839291767533e-08
42700.04800076804 3.703617255596351e-08
42750.04800076804 5.2199187138286354e-08
42800.04800076804 7.056982771970232e-08
42850.04800076804 7.759107183920488e-08
42900.04800076804 8.100049761354428e-08
42950.04800076804 5.8749406790392346e-08
43000.04800076804 7.306075648628534e-08
43050.04800076804 3.208880015419385e-08
43100.04800076804 5.8154893159392135e-08
43150.04800076804 5.400503953253267e-08
43200.04800076804 6.92920378362159e-08
43250.04800076804 1.0342875316877806e-07
43300.04800076804 8.754105775976663e-08
43350.04800076804 4.650654869696164e-08
43400.04800076804 6.646420888723844e-08
43450.04800076804 4.792122898676938e-08
43500.04800076804 5.2154155751777314e-08
43550.04800076804 4.807453486972109e-08
