galfind/configs/Brown_Dwarf_templates/sonora_cholla/logkzz4/562g/500K_562g_logkzz4_resample.dat
# %ECSV 1.0
# ---
# datatype:
# - {name: wav, unit: Angstrom, datatype: float64}
# - {name: flux_nu, unit: erg / (cm2 Hz s), datatype: float64}
# schema: astropy-2.0
wav flux_nu
3000.0480007680403 nan
3050.0480007680403 0.0
3100.0480007680403 0.0
3150.0480007680403 0.0
3200.0480007680403 0.0
3250.0480007680403 0.0
3300.0480007680403 0.0
3350.0480007680403 0.0
3400.0480007680403 0.0
3450.0480007680403 0.0
3500.0480007680403 0.0
3550.0480007680403 0.0
3600.0480007680403 0.0
3650.0480007680403 0.0
3700.0480007680403 0.0
3750.0480007680403 0.0
3800.0480007680403 0.0
3850.0480007680403 0.0
3900.0480007680403 0.0
3950.0480007680403 0.0
4000.0480007680403 0.0
4050.0480007680403 0.0
4100.04800076804 0.0
4150.04800076804 0.0
4200.04800076804 0.0
4250.04800076804 0.0
4300.04800076804 0.0
4350.04800076804 0.0
4400.04800076804 0.0
4450.04800076804 0.0
4500.04800076804 0.0
4550.04800076804 0.0
4600.04800076804 0.0
4650.04800076804 0.0
4700.04800076804 0.0
4750.04800076804 0.0
4800.04800076804 0.0
4850.04800076804 0.0
4900.04800076804 0.0
4950.04800076804 0.0
5000.04800076804 7.701881058506013e-12
5050.04800076804 2.0019179579064838e-11
5100.04800076804 2.334326439623486e-11
5150.04800076804 2.7570889534383198e-11
5200.04800076804 3.2484658737986006e-11
5250.04800076804 3.769504706119673e-11
5300.04800076804 4.3404095907709145e-11
5350.04800076804 4.9731481601214225e-11
5400.04800076804 5.60681220494539e-11
5450.04800076804 6.344902264584253e-11
5500.04800076804 7.176041439864319e-11
5550.04800076804 8.080759487193691e-11
5600.04800076804 8.979957180527383e-11
5650.04800076804 9.777274076833645e-11
5700.04800076804 1.0101692914087064e-10
5750.04800076804 1.040273378979798e-10
5800.04800076804 9.715588217838746e-11
5850.04800076804 7.397657128034255e-11
5900.04800076804 1.592245533715132e-11
5950.04800076804 3.096735251924065e-11
6000.04800076804 1.2234650790452547e-10
6050.04800076804 2.035516757180154e-10
6100.04800076804 2.8144607475098993e-10
6150.04800076804 3.526281406502122e-10
6200.04800076804 4.202710680956145e-10
6250.04800076804 4.797826745424442e-10
6300.04800076804 5.515706480537289e-10
6350.04800076804 6.27058108508287e-10
6400.04800076804 6.984166609086653e-10
6450.04800076804 7.033692917295451e-10
6500.04800076804 7.720362284073023e-10
6550.04800076804 8.809176538085575e-10
6600.04800076804 9.853832553549507e-10
6650.04800076804 1.1297321234246834e-09
6700.04800076804 1.3067523859697165e-09
6750.04800076804 1.4698317219308e-09
6800.04800076804 1.6248471457844882e-09
6850.04800076804 1.790651533761268e-09
6900.04800076804 1.6594337174655605e-09
6950.04800076804 1.4888756146215677e-09
7000.04800076804 1.7849802437894e-09
7050.04800076804 1.7465131513422389e-09
7100.04800076804 1.8299006928594987e-09
7150.04800076804 1.2073824241086634e-09
7200.04800076804 8.163246404711003e-10
7250.04800076804 1.0206201160098305e-09
7300.04800076804 1.0192022381538197e-09
7350.04800076804 1.2679753507446493e-09
7400.04800076804 1.6059385898686388e-09
7450.04800076804 2.0919168452995426e-09
7500.04800076804 2.428061623061475e-09
7550.04800076804 2.7602208403179184e-09
7600.04800076804 3.0393049321425383e-09
7650.04800076804 3.164971457921595e-09
7700.04800076804 1.9899850538105325e-09
7750.04800076804 6.857801955906361e-10
7800.04800076804 2.885386110319951e-09
7850.04800076804 2.9976931586379444e-09
7900.04800076804 3.181969838315973e-09
7950.04800076804 3.4801468155791486e-09
8000.04800076804 3.5481138414443593e-09
8050.04800076804 3.5655227235335576e-09
8100.04800076804 1.9551570285873863e-09
8150.04800076804 1.2199425891190311e-09
8200.04800076804 2.49418433310554e-09
8250.04800076804 2.3297838700646192e-09
8300.04800076804 2.4459789256974662e-09
8350.04800076804 2.328069556135801e-09
8400.04800076804 2.472952332825812e-09
8450.04800076804 3.1007216688237932e-09
8500.04800076804 3.6093688573409074e-09
8550.04800076804 4.3367430920313574e-09
8600.04800076804 5.301222298594417e-09
8650.04800076804 5.9330985191558495e-09
8700.04800076804 5.90214832071297e-09
8750.04800076804 6.271171629258664e-09
8800.04800076804 5.7662760199220516e-09
8850.04800076804 3.734838648158847e-09
8900.04800076804 6.287491067648868e-10
8950.04800076804 3.343576712652351e-10
9000.04800076804 3.295500714622291e-10
9050.04800076804 1.4713992883834708e-09
9100.04800076804 1.5402524078275103e-09
9150.04800076804 1.3352841523702652e-09
9200.04800076804 1.9623800344886595e-09
9250.04800076804 1.1595057010332805e-09
9300.04800076804 9.326927572558274e-12
9350.04800076804 1.9338642221874212e-11
9400.04800076804 1.5315606661536016e-10
9450.04800076804 9.254298961846745e-11
9500.04800076804 6.652211422822844e-11
9550.04800076804 6.456709637018106e-11
9600.04800076804 7.882994802139321e-11
9650.04800076804 1.573797931919687e-10
9700.04800076804 4.797737656835445e-10
9750.04800076804 4.507850998213777e-10
9800.04800076804 6.06766836493779e-10
9850.04800076804 8.151975346989529e-10
9900.04800076804 1.2526916375610824e-09
9950.04800076804 1.3330509584944056e-09
10000.04800076804 1.8011146419059079e-09
10050.04800076804 1.7434315987804059e-09
10100.04800076804 1.9943862185919677e-09
10150.04800076804 1.8499219356390665e-09
10200.04800076804 1.6555689678160536e-09
10250.04800076804 1.949879650166104e-09
10300.04800076804 2.3707634661713058e-09
10350.04800076804 2.0133601357927017e-09
10400.04800076804 2.642907633106058e-09
10450.04800076804 3.0076517112737333e-09
10500.04800076804 3.2524461707199242e-09
10550.04800076804 3.5161447242819233e-09
10600.04800076804 3.4765733893466093e-09
10650.04800076804 3.3160481439686524e-09
10700.04800076804 2.957455443072843e-09
10750.04800076804 2.7883739489743936e-09
10800.04800076804 2.5076288718220805e-09
10850.04800076804 2.1790455483554666e-09
10900.04800076804 1.6764356012723025e-09
10950.04800076804 8.442393164710321e-10
11000.04800076804 4.1989307434887634e-10
11050.04800076804 1.6536651748679785e-10
11100.04800076804 6.232390262885496e-11
11150.04800076804 1.9536462068047953e-11
11200.04800076804 1.3666628042601262e-11
11250.04800076804 1.9061990962988504e-11
11300.04800076804 3.2694371227051063e-11
11350.04800076804 8.664089966900807e-12
11400.04800076804 6.037793027477173e-11
11450.04800076804 2.7205742164100216e-11
11500.04800076804 2.8530962378585222e-11
11550.04800076804 6.877535097199941e-12
11600.04800076804 3.1353415826546494e-12
11650.04800076804 1.6431477131840077e-11
11700.04800076804 2.4260700729667003e-11
11750.04800076804 8.113910324981357e-12
11800.04800076804 4.92220371246877e-11
11850.04800076804 7.868603367498608e-11
11900.04800076804 1.0336683402636565e-10
11950.04800076804 1.8436850300556912e-10
12000.04800076804 3.0352979453316113e-10
12050.04800076804 4.779328175491508e-10
12100.04800076804 6.401976138260084e-10
12150.04800076804 8.900932696353995e-10
12200.04800076804 1.0649250960318807e-09
12250.04800076804 1.417694641271244e-09
12300.04800076804 1.9670003712663036e-09
12350.04800076804 2.233338320458631e-09
12400.04800076804 2.9942071701064844e-09
12450.04800076804 3.824463854108875e-09
12500.04800076804 4.388901374516964e-09
12550.04800076804 4.994958883805286e-09
12600.04800076804 5.9441764370396326e-09
12650.04800076804 6.695280061330668e-09
12700.04800076804 7.027022379846473e-09
12750.04800076804 5.822754720571111e-09
12800.04800076804 4.711471291730256e-09
12850.04800076804 3.230980833192584e-09
12900.04800076804 2.4744513108978828e-09
12950.04800076804 1.874981215145679e-09
13000.04800076804 2.1227760605213957e-09
13050.04800076804 1.3725897858065686e-09
13100.04800076804 1.3246833150476098e-09
13150.04800076804 8.023859706496202e-10
13200.04800076804 8.586882625745142e-10
13250.04800076804 6.056996077774346e-10
13300.04800076804 1.9026543802550128e-10
13350.04800076804 6.576187028692366e-11
13400.04800076804 1.3094365015521063e-11
13450.04800076804 2.5201813756561185e-12
13500.04800076804 6.277402458071811e-13
13550.04800076804 1.1632969688708017e-13
13600.04800076804 2.009103945423226e-14
13650.04800076804 2.1889997017460574e-13
13700.04800076804 9.691252804755284e-14
13750.04800076804 5.810342561636806e-13
13800.04800076804 5.704217067670387e-13
13850.04800076804 1.472899644331536e-13
13900.04800076804 3.4656176781127804e-13
13950.04800076804 3.015855147828474e-13
14000.04800076804 4.60638165348287e-13
14050.04800076804 7.535599524375753e-13
14100.04800076804 6.491787884195894e-13
14150.04800076804 1.8955280901351844e-12
14200.04800076804 1.2124343635313696e-12
14250.04800076804 1.9715396984632795e-12
14300.04800076804 9.220471943626883e-12
14350.04800076804 6.648554384081892e-12
14400.04800076804 6.7465320001394234e-12
14450.04800076804 1.5633131341591436e-11
14500.04800076804 3.900650751226641e-11
14550.04800076804 4.55353509992987e-11
14600.04800076804 1.0660458499508983e-10
14650.04800076804 5.981959763488436e-11
14700.04800076804 2.696213485375734e-11
14750.04800076804 2.6445742735924077e-11
14800.04800076804 2.8958434329734785e-11
14850.04800076804 3.2407372690340437e-11
14900.04800076804 3.621401439670037e-11
14950.04800076804 3.981709254721559e-11
15000.04800076804 9.626007303867352e-11
15050.04800076804 1.1116547654887059e-10
15100.04800076804 7.33279377789176e-11
15150.04800076804 4.632471160040771e-11
15200.04800076804 1.0845266266294091e-10
15250.04800076804 2.3098564982217455e-10
15300.04800076804 2.9922670980007064e-10
15350.04800076804 3.906199712928831e-10
15400.04800076804 4.986409684450619e-10
15450.04800076804 6.451816522620889e-10
15500.04800076804 8.385682475273216e-10
15550.04800076804 1.244776022337734e-09
15600.04800076804 1.7662678029452463e-09
15650.04800076804 2.497856341138004e-09
15700.04800076804 3.460709536867661e-09
15750.04800076804 4.1025557775470825e-09
15800.04800076804 4.699051902520168e-09
15850.04800076804 5.410066607020897e-09
15900.04800076804 5.232070814773739e-09
15950.04800076804 5.2296080877224265e-09
16000.04800076804 4.2421055978388366e-09
16050.04800076804 2.747900263154881e-09
16100.04800076804 1.5957467508931603e-09
16150.04800076804 7.733597233090616e-10
16200.04800076804 3.331527733038318e-10
16250.04800076804 1.9387669665355105e-10
16300.04800076804 1.1442396916814616e-10
16350.04800076804 1.398887033089181e-10
16400.04800076804 1.7289592050170638e-10
16450.04800076804 1.708765903245582e-10
16500.04800076804 1.499889014518918e-10
16550.04800076804 1.552311242323663e-10
16600.04800076804 3.238615757646467e-10
16650.04800076804 2.05683030192372e-10
16700.04800076804 2.4191594952264052e-11
16750.04800076804 1.1502561514246661e-10
16800.04800076804 1.7498107572059566e-10
16850.04800076804 1.7215853053846348e-10
16900.04800076804 7.186941022256874e-11
16950.04800076804 4.945403417629769e-11
17000.04800076804 2.21278782506445e-11
17050.04800076804 4.585942984483956e-11
17100.04800076804 8.724156546420483e-11
17150.04800076804 4.661372010107017e-11
17200.04800076804 1.7428971797453142e-10
17250.04800076804 6.414015198299653e-11
17300.04800076804 4.133765686668766e-11
17350.04800076804 5.6612159434096267e-11
17400.04800076804 1.0170649905876217e-10
17450.04800076804 1.314231743448872e-10
17500.04800076804 1.8933307012638848e-10
17550.04800076804 1.4293174769172094e-10
17600.04800076804 1.1609778164461758e-10
17650.04800076804 7.764658863118727e-11
17700.04800076804 6.884723382772417e-11
17750.04800076804 4.9951827005907085e-11
17800.04800076804 9.924270091414474e-11
17850.04800076804 4.7703780275287755e-11
17900.04800076804 3.311660009064918e-11
17950.04800076804 1.8100067696382385e-11
18000.04800076804 3.586895697464379e-11
18050.04800076804 1.680137220815656e-11
18100.04800076804 1.794385540874761e-11
18150.04800076804 1.3399379555599539e-11
18200.04800076804 7.66351240907935e-12
18250.04800076804 3.737095639232674e-11
18300.04800076804 4.603973412090366e-12
18350.04800076804 3.716694991100287e-12
18400.04800076804 2.083977532530875e-12
18450.04800076804 1.9531071773017082e-11
18500.04800076804 1.911182831035097e-11
18550.04800076804 7.56690701889464e-12
18600.04800076804 1.2745908128523042e-11
18650.04800076804 7.27438099665526e-12
18700.04800076804 1.0300901046283396e-12
18750.04800076804 2.62652082762497e-12
18800.04800076804 4.03719754364266e-11
18850.04800076804 3.2666086308295434e-11
18900.04800076804 3.3139099888271175e-11
18950.04800076804 6.125494474669974e-11
19000.04800076804 9.884527138951911e-12
19050.04800076804 4.828389900883623e-12
19100.04800076804 1.801578065373815e-11
19150.04800076804 6.859221025621114e-12
19200.04800076804 1.8611817169709615e-11
19250.04800076804 1.2710916385080687e-11
19300.04800076804 6.6164354538938625e-12
19350.04800076804 9.222705268966293e-12
19400.04800076804 6.537845959538539e-12
19450.04800076804 1.2241264845754251e-11
19500.04800076804 1.1664131186068574e-11
19550.04800076804 1.514160635563997e-11
19600.04800076804 3.02073318684412e-11
19650.04800076804 2.8316442498992e-11
19700.04800076804 3.9130337781922956e-11
19750.04800076804 5.800976027919065e-11
19800.04800076804 4.4599319364252544e-11
19850.04800076804 5.7596044336546824e-11
19900.04800076804 7.805781214064753e-11
19950.04800076804 9.776915663757503e-11
20000.04800076804 1.0820363722883599e-10
20050.04800076804 9.294734451118343e-11
20100.04800076804 1.4528349630642863e-10
20150.04800076804 9.846433946005222e-11
20200.04800076804 7.902391663500855e-11
20250.04800076804 1.3020365758887842e-10
20300.04800076804 1.36123000963715e-10
20350.04800076804 1.4874066392596686e-10
20400.04800076804 1.3141628617712862e-10
20450.04800076804 1.9820314206607187e-10
20500.04800076804 2.0603574964816652e-10
20550.04800076804 2.134980351796289e-10
20600.04800076804 2.2217784003027933e-10
20650.04800076804 2.3108591722616016e-10
20700.04800076804 2.307599024258058e-10
20750.04800076804 2.362890531774289e-10
20800.04800076804 2.229288252235559e-10
20850.04800076804 2.312325944258992e-10
20900.04800076804 2.2911804955623787e-10
20950.04800076804 2.1927557506655526e-10
21000.04800076804 2.117421548440513e-10
21050.04800076804 2.120838433077315e-10
21100.04800076804 2.0574778689970265e-10
21150.04800076804 2.038589145870494e-10
21200.04800076804 1.9679400077445186e-10
21250.04800076804 1.901237553827892e-10
21300.04800076804 1.7614127233091886e-10
21350.04800076804 1.7130639592586902e-10
21400.04800076804 1.746224809278561e-10
21450.04800076804 1.4554904508225416e-10
21500.04800076804 1.4220605738333688e-10
21550.04800076804 1.3884859433421922e-10
21600.04800076804 1.2747141466016982e-10
21650.04800076804 1.0876521783165041e-10
21700.04800076804 1.0836875381012993e-10
21750.04800076804 1.1302209994279834e-10
21800.04800076804 9.260373916788972e-11
21850.04800076804 8.415402037869087e-11
21900.04800076804 7.031659850950668e-11
21950.04800076804 2.8647277462495535e-11
22000.04800076804 3.1984131444818637e-12
22050.04800076804 6.4954965374770946e-12
22100.04800076804 2.895018527417335e-11
22150.04800076804 1.9774240591647856e-11
22200.04800076804 1.5605118747024366e-11
22250.04800076804 1.4288935622182967e-11
22300.04800076804 6.518289272546633e-12
22350.04800076804 8.58782343644284e-12
22400.04800076804 3.2675035796313653e-12
22450.04800076804 4.285907691830862e-12
22500.04800076804 4.155309957123632e-12
22550.04800076804 1.9269579786513123e-12
22600.04800076804 2.023072215430797e-12
22650.04800076804 4.337538677727966e-12
22700.04800076804 2.8400206952974365e-12
22750.04800076804 2.718095409942559e-12
22800.04800076804 4.620392427442207e-12
22850.04800076804 3.5058100144908153e-12
22900.04800076804 1.7928664387707017e-12
22950.04800076804 1.0404014909519095e-12
23000.04800076804 1.9217785469055e-12
23050.04800076804 2.009414369384474e-12
23100.04800076804 1.929073766463249e-11
23150.04800076804 1.8906753154716013e-11
23200.04800076804 4.586400119687731e-13
23250.04800076804 2.472315344842109e-12
23300.04800076804 2.9834908148698174e-12
23350.04800076804 2.5579401604648372e-12
23400.04800076804 2.8528104829816625e-12
23450.04800076804 1.0584289574513419e-12
23500.04800076804 1.3024300272038486e-12
23550.04800076804 3.1282403997932685e-12
23600.04800076804 7.579363761127496e-12
23650.04800076804 8.281541295965364e-12
23700.04800076804 1.1532616004505313e-12
23750.04800076804 1.7326924572658284e-12
