galfind/configs/Brown_Dwarf_templates/sonora_cholla/logkzz4/562g/550K_562g_logkzz4_resample.dat
# %ECSV 1.0
# ---
# datatype:
# - {name: wav, unit: Angstrom, datatype: float64}
# - {name: flux_nu, unit: erg / (cm2 Hz s), datatype: float64}
# schema: astropy-2.0
wav flux_nu
3000.0480007680403 nan
3050.0480007680403 0.0
3100.0480007680403 0.0
3150.0480007680403 0.0
3200.0480007680403 0.0
3250.0480007680403 0.0
3300.0480007680403 0.0
3350.0480007680403 0.0
3400.0480007680403 0.0
3450.0480007680403 0.0
3500.0480007680403 0.0
3550.0480007680403 0.0
3600.0480007680403 0.0
3650.0480007680403 0.0
3700.0480007680403 0.0
3750.0480007680403 0.0
3800.0480007680403 0.0
3850.0480007680403 0.0
3900.0480007680403 0.0
3950.0480007680403 0.0
4000.0480007680403 0.0
4050.0480007680403 0.0
4100.04800076804 0.0
4150.04800076804 0.0
4200.04800076804 0.0
4250.04800076804 0.0
4300.04800076804 0.0
4350.04800076804 0.0
4400.04800076804 0.0
4450.04800076804 0.0
4500.04800076804 0.0
4550.04800076804 0.0
4600.04800076804 0.0
4650.04800076804 0.0
4700.04800076804 0.0
4750.04800076804 0.0
4800.04800076804 0.0
4850.04800076804 0.0
4900.04800076804 0.0
4950.04800076804 0.0
5000.04800076804 7.542869162697096e-12
5050.04800076804 2.073508538595729e-11
5100.04800076804 2.4534337380064683e-11
5150.04800076804 2.9095778383942474e-11
5200.04800076804 3.434226931864459e-11
5250.04800076804 4.011509242817878e-11
5300.04800076804 4.651976397199812e-11
5350.04800076804 5.3667528149314206e-11
5400.04800076804 6.115304866231254e-11
5450.04800076804 6.969011062612346e-11
5500.04800076804 7.92163481795187e-11
5550.04800076804 8.957133643286322e-11
5600.04800076804 1.0016373608762304e-10
5650.04800076804 1.1015420607870467e-10
5700.04800076804 1.1639722900622156e-10
5750.04800076804 1.2185471637518708e-10
5800.04800076804 1.175772206957298e-10
5850.04800076804 9.526228928837062e-11
5900.04800076804 2.3854557151997644e-11
5950.04800076804 4.3976777027158026e-11
6000.04800076804 1.551632657732549e-10
6050.04800076804 2.400365288637004e-10
6100.04800076804 3.1730025598480647e-10
6150.04800076804 3.872116602390938e-10
6200.04800076804 4.5396108591766955e-10
6250.04800076804 5.151665884705889e-10
6300.04800076804 5.859638292477033e-10
6350.04800076804 6.600842422419807e-10
6400.04800076804 7.329030192336389e-10
6450.04800076804 7.589100642647924e-10
6500.04800076804 8.339910265367512e-10
6550.04800076804 9.395149580463042e-10
6600.04800076804 1.0433257970112203e-09
6650.04800076804 1.175788206147056e-09
6700.04800076804 1.3301485418238792e-09
6750.04800076804 1.475337708481524e-09
6800.04800076804 1.6183739215929618e-09
6850.04800076804 1.7711535338534056e-09
6900.04800076804 1.7377219912600792e-09
6950.04800076804 1.6740357517970454e-09
7000.04800076804 1.9568678795691602e-09
7050.04800076804 1.9850297031673304e-09
7100.04800076804 2.1101099708494495e-09
7150.04800076804 1.5511758957110228e-09
7200.04800076804 1.2348100741658163e-09
7250.04800076804 1.5010270547307049e-09
7300.04800076804 1.526956763509262e-09
7350.04800076804 1.8432488936758935e-09
7400.04800076804 2.2394433691390086e-09
7450.04800076804 2.7848706077779263e-09
7500.04800076804 3.1856754776044517e-09
7550.04800076804 3.5953694263576755e-09
7600.04800076804 3.9647504658035885e-09
7650.04800076804 4.194530346293886e-09
7700.04800076804 2.7966878484711964e-09
7750.04800076804 1.1336512149046309e-09
7800.04800076804 4.2649439016799144e-09
7850.04800076804 4.556416621499715e-09
7900.04800076804 4.8834786177056324e-09
7950.04800076804 5.298412683319418e-09
8000.04800076804 5.417667678842222e-09
8050.04800076804 5.4609539911826115e-09
8100.04800076804 3.4456209252504205e-09
8150.04800076804 2.490086522916921e-09
8200.04800076804 4.3105292468088805e-09
8250.04800076804 3.9977328945232766e-09
8300.04800076804 4.28389543035527e-09
8350.04800076804 4.160594356088045e-09
8400.04800076804 4.386580578526314e-09
8450.04800076804 5.320622028297314e-09
8500.04800076804 6.087023707790685e-09
8550.04800076804 7.07476614515974e-09
8600.04800076804 8.273428250635363e-09
8650.04800076804 9.019575116661422e-09
8700.04800076804 9.010055725635243e-09
8750.04800076804 9.51802247141981e-09
8800.04800076804 9.028456848185309e-09
8850.04800076804 6.500256660108603e-09
8900.04800076804 1.611391488705566e-09
8950.04800076804 1.0606673744129452e-09
9000.04800076804 1.0058285647892323e-09
9050.04800076804 3.3986671750090193e-09
9100.04800076804 3.5880538719588992e-09
9150.04800076804 3.144998699375533e-09
9200.04800076804 4.278686383061772e-09
9250.04800076804 2.7055712817947864e-09
9300.04800076804 4.393165242755108e-11
9350.04800076804 8.874179766036131e-11
9400.04800076804 5.052175819565148e-10
9450.04800076804 3.571956848181055e-10
9500.04800076804 2.5920892163233545e-10
9550.04800076804 2.589074395191492e-10
9600.04800076804 2.8524574000514064e-10
9650.04800076804 5.076078896189427e-10
9700.04800076804 1.2589471700598077e-09
9750.04800076804 1.2175684335181764e-09
9800.04800076804 1.5852906280808617e-09
9850.04800076804 2.0577424849328852e-09
9900.04800076804 3.033863460404554e-09
9950.04800076804 3.2305424954273004e-09
10000.04800076804 4.3014966530287825e-09
10050.04800076804 4.361009404254453e-09
10100.04800076804 5.157028242498392e-09
10150.04800076804 5.240136696468779e-09
10200.04800076804 5.273852518038012e-09
10250.04800076804 6.116085906758143e-09
10300.04800076804 7.1685480184275965e-09
10350.04800076804 6.767307697763577e-09
10400.04800076804 8.260816306334815e-09
10450.04800076804 9.086809540104116e-09
10500.04800076804 9.610581083590723e-09
10550.04800076804 1.0152051490661545e-08
10600.04800076804 9.967808941662064e-09
10650.04800076804 9.619531690593778e-09
10700.04800076804 8.771011700400663e-09
10750.04800076804 8.37716803672397e-09
10800.04800076804 7.620167933271011e-09
10850.04800076804 6.683082013735964e-09
10900.04800076804 5.021148279773586e-09
10950.04800076804 2.4549241406134565e-09
11000.04800076804 1.2643975959000515e-09
11050.04800076804 5.361467318269408e-10
11100.04800076804 2.291264643482926e-10
11150.04800076804 8.290346514280843e-11
11200.04800076804 6.403360716851612e-11
11250.04800076804 9.144207465802011e-11
11300.04800076804 1.370392296187848e-10
11350.04800076804 3.987298361861071e-11
11400.04800076804 2.239203015737903e-10
11450.04800076804 1.114841479009814e-10
11500.04800076804 1.1282853738863052e-10
11550.04800076804 3.007231264311616e-11
11600.04800076804 1.6572785634922864e-11
11650.04800076804 6.769092184337806e-11
11700.04800076804 9.440881385964348e-11
11750.04800076804 3.157530262402775e-11
11800.04800076804 1.780879405436147e-10
11850.04800076804 3.0095270658359503e-10
11900.04800076804 3.9952076270020197e-10
11950.04800076804 6.971688327558149e-10
12000.04800076804 1.1235981012442496e-09
12050.04800076804 1.7267520522280903e-09
12100.04800076804 2.3522982244946705e-09
12150.04800076804 3.2127484265215657e-09
12200.04800076804 3.864952084203125e-09
12250.04800076804 4.9767157699821376e-09
12300.04800076804 6.5651631496202805e-09
12350.04800076804 7.213551335455494e-09
12400.04800076804 9.367644723194008e-09
12450.04800076804 1.1478842310061778e-08
12500.04800076804 1.2913325645345296e-08
12550.04800076804 1.4498404705044038e-08
12600.04800076804 1.6341024663411625e-08
12650.04800076804 1.7400929503373074e-08
12700.04800076804 1.7777924491177936e-08
12750.04800076804 1.502036191141509e-08
12800.04800076804 1.2727952405686198e-08
12850.04800076804 9.11221418259433e-09
12900.04800076804 7.1434176061554296e-09
12950.04800076804 5.592164116529669e-09
13000.04800076804 6.188118622950845e-09
13050.04800076804 4.209621886253256e-09
13100.04800076804 4.048569827794319e-09
13150.04800076804 2.6181686049132347e-09
13200.04800076804 2.6797620389010954e-09
13250.04800076804 1.8113662977329004e-09
13300.04800076804 6.147965359367649e-10
13350.04800076804 1.958509711556157e-10
13400.04800076804 4.368330013684893e-11
13450.04800076804 1.0382208833900016e-11
13500.04800076804 3.054842763575907e-12
13550.04800076804 7.568892024128434e-13
13600.04800076804 1.5875367218729875e-13
13650.04800076804 1.5112543703310268e-12
13700.04800076804 7.246400306892637e-13
13750.04800076804 3.2895270034818527e-12
13800.04800076804 3.2702053967980568e-12
13850.04800076804 1.0137732679495207e-12
13900.04800076804 1.9361039209216454e-12
13950.04800076804 1.7627975419327905e-12
14000.04800076804 2.321100697906899e-12
14050.04800076804 4.02884135282586e-12
14100.04800076804 3.3504800122500146e-12
14150.04800076804 8.379049507356203e-12
14200.04800076804 5.292700139877389e-12
14250.04800076804 8.05618345344718e-12
14300.04800076804 3.343768124246023e-11
14350.04800076804 2.4930334840512645e-11
14400.04800076804 2.58086170161512e-11
14450.04800076804 5.347168332350635e-11
14500.04800076804 1.282263318794149e-10
14550.04800076804 1.4226443001675854e-10
14600.04800076804 3.111653667496147e-10
14650.04800076804 2.0948162117374177e-10
14700.04800076804 1.030983231067662e-10
14750.04800076804 1.2128234024191473e-10
14800.04800076804 1.4123709205752252e-10
14850.04800076804 1.5198487862851531e-10
14900.04800076804 1.7973582288660516e-10
14950.04800076804 2.1582350066273898e-10
15000.04800076804 4.3391077138976964e-10
15050.04800076804 4.759259767418437e-10
15100.04800076804 3.95360155496604e-10
15150.04800076804 3.0268139262599784e-10
15200.04800076804 5.49876908718166e-10
15250.04800076804 1.0321231169388256e-09
15300.04800076804 1.2775442917355285e-09
15350.04800076804 1.6796576561982091e-09
15400.04800076804 2.0900278250488436e-09
15450.04800076804 2.5580551092372535e-09
15500.04800076804 3.1133107666980755e-09
15550.04800076804 4.202678708615789e-09
15600.04800076804 5.420062674932296e-09
15650.04800076804 6.897015957921505e-09
15700.04800076804 8.875083091921877e-09
15750.04800076804 1.0078965343960032e-08
15800.04800076804 1.1070371223956487e-08
15850.04800076804 1.2289816586670223e-08
15900.04800076804 1.1576250836515191e-08
15950.04800076804 1.1177675678587368e-08
16000.04800076804 8.955072802863075e-09
16050.04800076804 5.793654014840945e-09
16100.04800076804 3.514089886737296e-09
16150.04800076804 1.8061219675223534e-09
16200.04800076804 8.552940456391144e-10
16250.04800076804 5.565106585612206e-10
16300.04800076804 3.541314370821195e-10
16350.04800076804 4.3432782167136583e-10
16400.04800076804 5.348940784039527e-10
16450.04800076804 5.229203350069859e-10
16500.04800076804 4.923182468511604e-10
16550.04800076804 4.993725686322788e-10
16600.04800076804 8.766689090949503e-10
16650.04800076804 5.917179166823994e-10
16700.04800076804 7.604219999115352e-11
16750.04800076804 3.2675462351933937e-10
16800.04800076804 5.069137580176876e-10
16850.04800076804 5.040862682245699e-10
16900.04800076804 2.4051580044087126e-10
16950.04800076804 1.7018875444031442e-10
17000.04800076804 8.44835678800957e-11
17050.04800076804 1.633763029348692e-10
17100.04800076804 2.82259128614911e-10
17150.04800076804 1.573829291692627e-10
17200.04800076804 5.215136475457909e-10
17250.04800076804 2.3081782575705792e-10
17300.04800076804 1.492234805039078e-10
17350.04800076804 1.8993302643547237e-10
17400.04800076804 3.0642283699601745e-10
17450.04800076804 3.919888550599878e-10
17500.04800076804 5.371430446753328e-10
17550.04800076804 4.093754562742156e-10
17600.04800076804 3.2174206942328304e-10
17650.04800076804 2.341665095101482e-10
17700.04800076804 2.0224664451401492e-10
17750.04800076804 1.5240415369092623e-10
17800.04800076804 2.8426639500578366e-10
17850.04800076804 1.4423115313532586e-10
17900.04800076804 1.0814846193246158e-10
17950.04800076804 6.075429510211372e-11
18000.04800076804 1.1300544936024929e-10
18050.04800076804 5.954307086621568e-11
18100.04800076804 6.421795223989977e-11
18150.04800076804 5.503021472149918e-11
18200.04800076804 3.0707547177665047e-11
18250.04800076804 1.3618941065061116e-10
18300.04800076804 2.182400762394448e-11
18350.04800076804 1.7686891207374206e-11
18400.04800076804 1.0856291953451672e-11
18450.04800076804 7.593484582573792e-11
18500.04800076804 7.436655147503574e-11
18550.04800076804 3.366957939035436e-11
18600.04800076804 4.940477126253568e-11
18650.04800076804 2.8177328257537936e-11
18700.04800076804 6.104684101082406e-12
18750.04800076804 1.4951224051679262e-11
18800.04800076804 1.5320612141876606e-10
18850.04800076804 1.269883005894032e-10
18900.04800076804 1.187605625576878e-10
18950.04800076804 2.379388867185211e-10
19000.04800076804 4.9495952607510884e-11
19050.04800076804 2.517036792844861e-11
19100.04800076804 8.281911272017311e-11
19150.04800076804 3.310109491859612e-11
19200.04800076804 8.10521193392693e-11
19250.04800076804 5.498425352343423e-11
19300.04800076804 3.133743567094203e-11
19350.04800076804 4.192880508185094e-11
19400.04800076804 2.9900309655244555e-11
19450.04800076804 5.991966624414506e-11
19500.04800076804 5.5362478091945855e-11
19550.04800076804 6.036637196572821e-11
19600.04800076804 1.1181870102048088e-10
19650.04800076804 1.1678328464523062e-10
19700.04800076804 1.4442028728138148e-10
19750.04800076804 2.204241441965796e-10
19800.04800076804 1.8427692259419633e-10
19850.04800076804 2.4557884346178695e-10
19900.04800076804 2.9054944633626903e-10
19950.04800076804 3.8465298096601735e-10
20000.04800076804 4.09032391188265e-10
20050.04800076804 3.715472328881954e-10
20100.04800076804 5.625828957686366e-10
20150.04800076804 3.8931920885813057e-10
20200.04800076804 3.4324724497188337e-10
20250.04800076804 5.251904625274149e-10
20300.04800076804 5.316346516089146e-10
20350.04800076804 5.914046788257717e-10
20400.04800076804 5.201103322207491e-10
20450.04800076804 7.497056211545154e-10
20500.04800076804 7.774647706407106e-10
20550.04800076804 8.015945512434257e-10
20600.04800076804 8.371012479209746e-10
20650.04800076804 8.675410403664226e-10
20700.04800076804 8.601978785346838e-10
20750.04800076804 8.924892576259623e-10
20800.04800076804 8.463387034946437e-10
20850.04800076804 8.795960468334771e-10
20900.04800076804 8.751704093887407e-10
20950.04800076804 8.397252150218543e-10
21000.04800076804 8.146341373133905e-10
21050.04800076804 8.094897213578127e-10
21100.04800076804 7.833207258325807e-10
21150.04800076804 7.740673440340764e-10
21200.04800076804 7.398818205377965e-10
21250.04800076804 7.075560071225001e-10
21300.04800076804 6.481909505829064e-10
21350.04800076804 6.299810981036067e-10
21400.04800076804 6.316208125204225e-10
21450.04800076804 5.268381387152882e-10
21500.04800076804 5.195120275150361e-10
21550.04800076804 5.012138663032434e-10
21600.04800076804 4.5679805576335787e-10
21650.04800076804 3.9292598020108263e-10
21700.04800076804 3.982055075659567e-10
21750.04800076804 4.1034510828565377e-10
21800.04800076804 3.4105869437565073e-10
21850.04800076804 3.0551610211118365e-10
21900.04800076804 2.5630127877042823e-10
21950.04800076804 1.0547170943358181e-10
22000.04800076804 1.4649413843148688e-11
22050.04800076804 2.6230564016594395e-11
22100.04800076804 1.0755464081346293e-10
22150.04800076804 8.082636613513737e-11
22200.04800076804 6.493832465257691e-11
22250.04800076804 6.125053679937585e-11
22300.04800076804 2.984844919339304e-11
22350.04800076804 3.81362195734541e-11
22400.04800076804 1.6050636457521608e-11
22450.04800076804 1.861893414075976e-11
22500.04800076804 1.893319689850334e-11
22550.04800076804 9.31401829756779e-12
22600.04800076804 1.0908747099350254e-11
22650.04800076804 2.1793940061047108e-11
22700.04800076804 1.3495163201602698e-11
22750.04800076804 1.2204157682387863e-11
22800.04800076804 1.9009276850679072e-11
22850.04800076804 1.545054423967602e-11
22900.04800076804 8.247539533896007e-12
22950.04800076804 5.19922220129261e-12
23000.04800076804 9.725090070817001e-12
23050.04800076804 1.0690605551273467e-11
23100.04800076804 7.45993387447396e-11
23150.04800076804 7.418702153567977e-11
23200.04800076804 2.405990726205575e-12
23250.04800076804 1.0126943849878401e-11
23300.04800076804 1.3077001719000067e-11
23350.04800076804 1.0480155643861061e-11
23400.04800076804 1.2392188113330886e-11
23450.04800076804 5.3784897653203655e-12
23500.04800076804 6.4503925149653886e-12
23550.04800076804 1.3625702460188697e-11
23600.04800076804 2.8692757439313425e-11
23650.04800076804 3.21882588843675e-11
23700.04800076804 5.508856342937723e-12
23750.04800076804 7.155357731057483e-12
