galfind/configs/Brown_Dwarf_templates/sonora_cholla/logkzz4/562g/550K_562g_logkzz4_resample.dat
# %ECSV 1.0
# ---
# datatype:
# - {name: wav, unit: Angstrom, datatype: float64}
# - {name: flux_nu, unit: erg / (cm2 Hz s), datatype: float64}
# schema: astropy-2.0
wav flux_nu
[from data line 1211]
63550.04800076804 8.136005395104261e-09
63600.04800076804 6.21670451396586e-09
63650.04800076804 4.3958287108278464e-09
63700.04800076804 7.863889252820891e-10
63750.04800076804 2.892782404575088e-09
63800.04800076804 8.472595081755368e-09
63850.04800076804 6.2952155989207695e-09
63900.04800076804 1.2886417125866971e-09
63950.04800076804 3.946862594237692e-09
64000.04800076804 5.940065499367872e-09
64050.04800076804 1.7199791646645743e-09
64100.04800076804 2.8718424984430263e-10
64150.04800076804 4.4558986194518346e-10
64200.04800076804 5.886884101870087e-10
64250.04800076804 2.8978858220938603e-09
64300.04800076804 2.5276811157338802e-09
64350.04800076804 1.5409276284002157e-09
64400.04800076804 4.9285817884228824e-09
64450.04800076804 5.754588546405044e-09
64500.04800076804 2.23761683254085e-09
64550.04800076804 5.1640236120121754e-09
64600.04800076804 3.5469864795285588e-09
64650.04800076804 4.804023448669947e-09
64700.04800076804 1.2299332730197885e-09
64750.04800076804 2.1703760726604537e-09
64800.04800076804 8.856064905282907e-10
64850.04800076804 5.823373946813053e-10
64900.04800076804 5.081402770802335e-10
64950.04800076804 3.595233254423835e-10
65000.04800076804 9.32363360355551e-10
65050.04800076804 2.6480046654465158e-09
65100.04800076804 3.815823493919055e-09
65150.04800076804 1.6944560923720406e-09
65200.04800076804 4.231303538157482e-10
65250.04800076804 1.9355549087872004e-09
65300.04800076804 3.1531876587872286e-09
65350.04800076804 7.850227084043202e-09
65400.04800076804 2.7747811216355295e-09
65450.04800076804 2.7484122119700263e-09
65500.04800076804 3.3091114585147975e-09
65550.04800076805 1.083791001447725e-09
65600.04800076805 3.027599178945976e-09
65650.04800076805 1.5244714743550972e-09
65700.04800076805 1.3766898651038964e-09
65750.04800076805 9.34474401328075e-10
65800.04800076805 2.7780039392850023e-09
65850.04800076805 4.336714491304399e-09
65900.04800076805 7.045547505899849e-10
65950.04800076805 1.901952181313411e-09
66000.04800076805 2.425509913344445e-09
66050.04800076805 5.776743547460552e-09
66100.04800076805 3.1070522377111106e-09
66150.04800076805 3.1405699177799007e-09
66200.04800076805 3.0231029444624044e-09
66250.04800076805 1.329146923283364e-09
66300.04800076805 4.410075356599633e-10
66350.04800076805 2.5322235596210217e-10
66400.04800076805 6.20620089629175e-10
66450.04800076805 2.955081409344459e-09
66500.04800076805 5.201355467378964e-09
66550.04800076805 5.507479410141658e-09
66600.04800076805 4.372323593595921e-09
66650.04800076805 2.6453818479808017e-09
66700.04800076805 1.5206825839679385e-09
66750.04800076805 2.0659409147659005e-09
66800.04800076805 2.1809200727074966e-09
66850.04800076805 1.36843029109529e-09
66900.04800076805 6.4941854091740605e-09
66950.04800076805 5.509775798702562e-09
67000.04800076805 7.558446866380418e-09
67050.04800076805 3.761362593349855e-09
67100.04800076805 1.697385385479099e-09
67150.04800076805 2.8449281823123997e-09
67200.04800076805 4.2894477546770885e-09
67250.04800076805 3.7324276702689895e-09
67300.04800076805 7.746199731060188e-09
67350.04800076805 2.901450975325691e-09
67400.04800076805 7.759549949544385e-09
67450.04800076805 4.435996653691623e-09
67500.04800076805 4.169709834775941e-09
67550.04800076805 1.12822037957209e-08
67600.04800076805 1.7316635148003144e-08
67650.04800076805 1.1862086807699457e-08
67700.04800076805 5.981170087518641e-09
67750.04800076805 2.9814978153001354e-09
67800.04800076805 4.721115621451028e-09
67850.04800076805 1.7582618810090596e-09
67900.04800076805 2.1489529406466207e-09
67950.04800076805 1.8091776423018372e-09
68000.04800076805 5.383792018840844e-09
68050.04800076805 5.758928260006164e-09
68100.04800076805 1.077817113075609e-08
68150.04800076805 9.378930291179186e-09
68200.04800076805 5.957169936664126e-09
68250.04800076805 9.69192033438626e-10
68300.04800076805 6.435062030211616e-09
68350.04800076805 9.813504692536113e-09
68400.04800076805 1.3086977245854265e-08
68450.04800076805 1.0637370337707518e-08
68500.04800076805 5.261756078512725e-09
68550.04800076805 1.6530151231615694e-09
68600.04800076805 1.6475524364991904e-09
68650.04800076805 7.247010418337654e-10
68700.04800076805 2.657420544604568e-09
68750.04800076805 5.660657449748928e-09
68800.04800076805 6.368169812150955e-09
68850.04800076805 2.7385259839140122e-09
68900.04800076805 1.1546339375164807e-08
68950.04800076805 1.2395567579857792e-08
69000.04800076805 7.148371606063452e-09
69050.04800076805 2.9432471326977544e-09
69100.04800076805 9.273124382787415e-09
69150.04800076805 1.5284692981163138e-08
69200.04800076805 1.2771479382873192e-08
69250.04800076805 1.5836221945176512e-08
69300.04800076805 9.177498330852456e-09
69350.04800076805 1.8843789469870112e-08
69400.04800076805 6.505105098093504e-09
69450.04800076805 1.5469653568837397e-08
69500.04800076805 7.133439475429997e-09
69550.04800076805 4.466978491469328e-09
69600.04800076805 9.131700114325247e-10
69650.04800076805 4.88793157992432e-09
69700.04800076805 1.0049937503245603e-08
69750.04800076805 5.888979769613858e-09
69800.04800076805 1.138529201412757e-08
69850.04800076805 1.1521407591539298e-08
69900.04800076805 6.68465853245063e-09
69950.04800076805 6.238557251703279e-09
70000.04800076805 7.750243407764613e-09
70050.04800076805 1.5821902345088353e-08
70100.04800076805 1.2067393070659528e-08
70150.04800076805 8.735178590708342e-09
70200.04800076805 5.199333308853912e-09
70250.04800076805 6.637832556107781e-09
70300.04800076805 1.4294531921444075e-08
70350.04800076805 1.1217794561792513e-08
70400.04800076805 4.733187449054605e-09
70450.04800076805 4.5048444631156236e-10
70500.04800076805 4.1077176177518795e-09
70550.04800076805 3.949207357022165e-09
70600.04800076805 4.60532352103947e-09
70650.04800076805 1.2031255685202204e-08
70700.04800076805 1.4336495921591466e-08
70750.04800076805 2.2063287979016548e-08
70800.04800076805 8.578408632578492e-09
70850.04800076805 9.50774317544974e-09
70900.04800076805 1.2250353702883708e-08
70950.04800076805 1.6815914482374105e-08
71000.04800076805 1.5893119435111137e-08
71050.04800076805 1.601007142602475e-08
71100.04800076805 1.2012274517213139e-08
71150.04800076805 6.1668092610758e-09
71200.04800076805 6.215122488202242e-09
71250.04800076805 1.2718610251836551e-08
71300.04800076805 1.7497724018398552e-08
71350.04800076805 1.716773937871998e-08
71400.04800076805 1.167516976548284e-08
71450.04800076805 3.6222535997732937e-09
71500.04800076805 5.180647557436361e-09
71550.04800076805 6.657754659259348e-09
71600.04800076805 8.010771008955786e-09
71650.04800076805 4.17197455872373e-09
71700.04800076805 2.781121719149179e-09
71750.04800076805 8.22819417211559e-09
71800.04800076805 1.3214047722040084e-08
71850.04800076805 1.2946727107820755e-08
71900.04800076805 6.108566879038665e-09
71950.04800076805 1.0246921985451575e-08
72000.04800076805 8.834179510273975e-09
72050.04800076805 3.369760319829956e-09
72100.04800076805 4.669000869168966e-09
72150.04800076805 6.4873215614939935e-09
72200.04800076805 9.837709784632645e-09
72250.04800076805 1.6593343934789056e-08
72300.04800076805 8.386543179873812e-09
72350.04800076805 1.0592642911603517e-08
72400.04800076805 9.703582475854047e-09
72450.04800076805 7.29934472800163e-09
72500.04800076805 1.0452314517501874e-08
72550.04800076805 3.1305845747814634e-09
72600.04800076805 6.414091628960378e-09
72650.04800076805 1.2440011281728364e-08
72700.04800076805 5.741839600983959e-09
72750.04800076805 6.214411157739693e-09
72800.04800076805 3.3067013918620873e-09
72850.04800076805 5.572601158640763e-09
72900.04800076805 1.3295079049498178e-08
72950.04800076805 6.762405066323184e-09
73000.04800076805 7.368559968645156e-09
73050.04800076805 2.9610925617842054e-09
73100.04800076805 4.713416290361849e-09
73150.04800076805 1.2298673854375879e-08
73200.04800076805 4.256264220135164e-09
73250.04800076805 5.513020549259797e-09
73300.04800076805 3.6285860685834018e-09
73350.04800076805 2.3352364557347253e-09
73400.04800076805 5.470736115685427e-09
73450.04800076805 2.87096280164671e-09
73500.04800076805 2.3357879621769556e-09
73550.04800076805 4.567962586106067e-09
73600.04800076805 5.315460545116996e-09
73650.04800076805 4.924655916842881e-09
73700.04800076805 4.401003316886018e-09
73750.04800076805 1.0807342605422593e-09
73800.04800076805 4.0458494302524396e-09
73850.04800076805 6.754841810828144e-09
73900.04800076805 2.4953565508269412e-09
73950.04800076805 3.185142657782562e-09
74000.04800076805 1.1184913366059726e-09
74050.04800076805 6.817090528357813e-09
74100.04800076805 4.918804598187843e-09
74150.04800076805 5.1650973594825775e-09
74200.04800076805 1.8849560865638353e-09
74250.04800076805 2.4242600560200793e-10
74300.04800076805 4.978202181680185e-09
74350.04800076805 7.269821018807237e-09
74400.04800076805 6.448385177226216e-09
74450.04800076805 1.8910972689603132e-09
74500.04800076805 7.927416145355698e-10
74550.04800076805 2.512896832994553e-09
74600.04800076805 4.064587659580005e-09
74650.04800076805 4.339810174922373e-09
74700.04800076805 2.754687345034016e-09
74750.04800076805 1.0439790846035872e-09
74800.04800076805 1.704235444793837e-09
74850.04800076805 5.418294424754518e-09
74900.04800076805 6.6007266117441536e-09
74950.04800076805 5.683386813545393e-09
75000.04800076805 2.1781585297185672e-09
75050.04800076805 1.8485799686669193e-10
75100.04800076805 4.980699989736429e-09
75150.04800076805 8.393518834028458e-09
75200.04800076805 8.322110633347246e-09
75250.04800076805 7.136325991943752e-09
75300.04800076805 4.159928289857243e-09
75350.04800076805 8.222294960557332e-10
75400.04800076805 7.325928656475658e-09
75450.04800076805 9.08117774874302e-09
75500.04800076805 8.497432842251855e-09
75550.04800076805 6.57968595707977e-09
75600.04800076805 7.034733870957013e-09
75650.04800076805 3.3560664369788674e-09
75700.04800076805 1.0204243832222733e-08
75750.04800076805 5.764324697176324e-09
75800.04800076805 7.729702581841809e-09
75850.04800076805 8.65545505829313e-09
75900.04800076805 9.273168991905633e-09
75950.04800076805 3.7949233583591305e-09
76000.04800076805 1.2138819065097386e-08
76050.04800076805 1.0981881716035648e-08
76100.04800076805 9.038396221409785e-09
76150.04800076805 1.0351262669020014e-08
76200.04800076805 7.995340171040677e-09
76250.04800076805 3.372679258744538e-09
76300.04800076805 1.2904303742426267e-08
76350.04800076805 1.5147163341702417e-08
76400.04800076805 1.1875861183861458e-08
76450.04800076805 8.325931890172058e-09
76500.04800076805 5.48759461157168e-09
76550.04800076805 1.3640418861794063e-09
76600.04800076805 2.1429508579994613e-10
76650.04800076805 1.9625702014195592e-10
76700.04800076805 4.2016938170575865e-10
76750.04800076805 5.849414410531823e-10
76800.04800076805 1.3003894196666237e-09
76850.04800076805 8.750676201434049e-10
76900.04800076805 6.222820809683188e-10
76950.04800076805 1.8104530696961124e-09
77000.04800076805 4.291270506640537e-09
77050.04800076805 4.269204431752852e-10
77100.04800076805 6.340116526606281e-10
77150.04800076805 4.857708149851327e-09
77200.04800076805 2.07743192554494e-09
77250.04800076805 1.072055169721843e-09
77300.04800076805 3.923948018446071e-09
77350.04800076805 1.9488766647756917e-09
77400.04800076805 2.392026008358946e-09
77450.04800076805 7.588651890817294e-09
77500.04800076805 4.8180876166926134e-09
77550.04800076805 2.716418289916211e-09
77600.04800076805 1.0732731171917406e-09
77650.04800076805 1.6177166081831512e-09
77700.04800076805 1.7508938177429173e-09
77750.04800076805 5.846516269313974e-09
77800.04800076805 6.7905077768714135e-09
77850.04800076805 1.1114359827669794e-08
77900.04800076805 3.803512913253424e-09
77950.04800076805 5.201196586902231e-10
78000.04800076805 3.2080831882781734e-09
78050.04800076805 3.914637096653745e-09
78100.04800076805 5.605985967744603e-09
78150.04800076805 9.507832461773285e-09
78200.04800076805 1.1672344183378058e-08
78250.04800076805 8.114913701458952e-09
78300.04800076805 2.033639031328833e-09
78350.04800076805 5.9611694984984445e-09
78400.04800076805 1.9182592947074285e-09
78450.04800076805 5.274190996544709e-09
78500.04800076805 1.091687562305366e-08
78550.04800076805 1.4538670464939466e-08
78600.04800076805 9.581059855572367e-09
78650.04800076805 7.579101971311366e-10
78700.04800076805 1.9502158440003526e-09
78750.04800076805 4.7295830124175405e-09
78800.04800076805 3.344167537102107e-09
78850.04800076805 9.921032240544806e-10
78900.04800076805 4.354045391409843e-09
78950.04800076805 8.316466767724866e-09
79000.04800076805 5.473834244297817e-09
79050.04800076805 4.069649580906921e-09
79100.04800076805 6.161621327220368e-09
79150.04800076805 3.992341741613741e-09
79200.04800076805 5.432392266923303e-09
79250.04800076805 2.2358078352244624e-09
79300.04800076805 3.0735498666538894e-09
79350.04800076805 4.34446064894278e-09
79400.04800076805 2.0467604964807434e-09
79450.04800076805 9.589906662190774e-09
79500.04800076805 1.319709912634873e-08
79550.04800076805 1.020689548758174e-08
79600.04800076805 4.79560197379484e-09
79650.04800076805 8.922349736132582e-09
79700.04800076805 5.697630939829486e-09
79750.04800076805 5.290387663600059e-09
79800.04800076805 3.049317868035772e-09
79850.04800076805 8.01240757026311e-09
79900.04800076805 1.5193341518284358e-08
79950.04800076805 1.6697680039084237e-08
