galfind/configs/Brown_Dwarf_templates/sonora_cholla/logkzz4/562g/600K_562g_logkzz4_resample.dat
# %ECSV 1.0
# ---
# datatype:
# - {name: wav, unit: Angstrom, datatype: float64}
# - {name: flux_nu, unit: erg / (cm2 Hz s), datatype: float64}
# schema: astropy-2.0
wav flux_nu
[from data line 417]
23850.04800076804 6.228463991384573e-11
23900.04800076804 1.4090651759717842e-10
23950.04800076804 8.271691574252031e-11
24000.04800076804 1.6955370806266823e-10
24050.04800076804 1.9086424050141667e-10
24100.04800076804 1.915531331702026e-10
24150.04800076804 2.8350875077374593e-10
24200.04800076804 2.327534488575532e-10
24250.04800076804 1.470033945080935e-10
24300.04800076804 3.4355102258616004e-10
24350.04800076804 2.098505231981058e-10
24400.04800076804 5.007804661427857e-10
24450.04800076804 4.771965572073602e-10
24500.04800076804 4.3560644244363486e-10
24550.04800076804 7.179268367848099e-10
24600.04800076804 8.431541925727673e-10
24650.04800076804 1.0047084994820568e-09
24700.04800076804 6.961081272437469e-10
24750.04800076804 8.698835293312415e-10
24800.04800076804 7.412879765438813e-10
24850.04800076804 1.1748821159854407e-09
24900.04800076804 4.291426195805065e-10
24950.04800076804 9.025043113238181e-10
25000.04800076804 8.945099190355751e-10
25050.04800076804 4.786447062601222e-10
25100.04800076804 7.951246549430267e-10
25150.04800076804 3.386178814567556e-10
25200.04800076804 5.113086241186505e-10
25250.04800076804 1.8977017105873909e-10
25300.04800076804 2.734887782596601e-10
25350.04800076804 1.117252320354799e-10
25400.04800076804 3.2669905830994347e-10
25450.04800076804 1.0801887986711823e-10
25500.04800076804 8.53743439042829e-11
25550.04800076804 1.9239535602780866e-10
25600.04800076804 8.28950301312784e-11
25650.04800076804 4.56497877856135e-11
25700.04800076804 5.883481089121754e-11
25750.04800076804 2.0216371300353492e-11
25800.04800076804 1.0400154305615102e-10
25850.04800076804 1.725585650193572e-11
25900.04800076804 2.902593041912806e-11
25950.04800076804 8.020955942389624e-12
26000.04800076804 8.69909572533245e-11
26050.04800076804 1.1493674757170131e-11
26100.04800076804 6.619167477643832e-11
26150.04800076804 2.7384076394358468e-11
26200.04800076804 3.455415846617721e-11
26250.04800076804 2.291753889014994e-10
26300.04800076804 4.618408038429756e-11
26350.04800076804 3.538365826580204e-10
26400.04800076804 5.780116658070805e-10
26450.04800076804 3.183655830200357e-10
26500.04800076804 7.146232445706549e-10
26550.04800076804 9.277445032819901e-11
26600.04800076804 8.865652634503285e-11
26650.04800076804 1.6857574132173273e-11
26700.04800076804 8.471152892673336e-12
26750.04800076804 1.497630750465545e-11
26800.04800076804 3.697113287967979e-11
26850.04800076804 2.424098853241049e-11
26900.04800076804 1.1001115966034178e-10
26950.04800076804 3.435464865029286e-11
27000.04800076804 1.843715261716107e-10
27050.04800076804 2.2080403970339473e-10
27100.04800076804 3.312021258054056e-11
27150.04800076804 2.9729698507228443e-10
27200.04800076804 3.032270965849278e-11
27250.04800076804 9.534024139095577e-11
27300.04800076804 7.551803757722505e-10
27350.04800076804 2.360600290119358e-10
27400.04800076804 1.4217426979657926e-11
27450.04800076804 3.221413296929232e-10
27500.04800076804 4.5964181547285454e-10
27550.04800076804 6.00459203477566e-11
27600.04800076804 1.787072095623664e-10
27650.04800076804 4.875585571332952e-11
27700.04800076804 4.413288521037833e-11
27750.04800076804 2.6152096258581026e-10
27800.04800076804 8.888329564235672e-11
27850.04800076804 1.2987122278033353e-10
27900.04800076804 1.890445757470116e-10
27950.04800076804 4.5712297199806724e-10
28000.04800076804 3.386432904762892e-10
28050.04800076804 5.620162115697988e-11
28100.04800076804 5.561235486052932e-10
28150.04800076804 3.365492044194534e-10
28200.04800076804 9.219974032303578e-11
28250.04800076804 7.149346993954929e-10
28300.04800076804 9.553046094212654e-10
28350.04800076804 1.1879232018959598e-10
28400.04800076804 5.109969094484717e-10
28450.04800076804 1.134485793455259e-09
28500.04800076804 4.908067478638129e-10
28550.04800076804 1.2683484718006543e-10
28600.04800076804 9.028534837948807e-10
28650.04800076804 8.095288079218124e-10
28700.04800076804 7.177836186306151e-10
28750.04800076804 1.687747313998839e-09
28800.04800076804 1.2050296568476997e-09
28850.04800076804 1.485978088342489e-09
28900.04800076804 7.050749238774345e-10
28950.04800076804 2.0155442155181345e-09
29000.04800076804 1.3598932118513768e-09
29050.04800076804 1.4795464794545118e-09
29100.04800076804 1.1442798567925465e-09
29150.04800076804 2.387467946655286e-09
29200.04800076804 1.8164696509418797e-09
29250.04800076804 2.5555881343663692e-09
29300.04800076804 1.3636573068873463e-09
29350.04800076804 6.414070483178848e-09
29400.04800076804 1.3804572043924057e-09
29450.04800076804 1.6177694860425497e-09
29500.04800076804 4.1312041753078105e-09
29550.04800076804 1.928163108353856e-09
29600.04800076804 3.2253857895499743e-09
29650.04800076804 5.065178512440629e-09
29700.04800076804 1.3672482631730711e-09
29750.04800076804 3.2133931036645375e-09
29800.04800076804 2.956006650145753e-09
29850.04800076804 5.889913661863602e-09
29900.04800076804 5.298909861728366e-09
29950.04800076804 3.5024714200850717e-09
30000.04800076804 4.6386212771297063e-10
30050.04800076804 1.2362075847171978e-09
30100.04800076804 2.9394599334397106e-09
30150.04800076804 5.426497582996169e-09
30200.04800076804 2.970684381408565e-09
30250.04800076804 8.60994263471377e-09
30300.04800076804 7.76919250014327e-09
30350.04800076804 3.09801120475004e-09
30400.04800076804 8.157903753551732e-09
30450.04800076804 5.226341526057823e-09
30500.04800076804 4.350254510939744e-09
30550.04800076804 3.127680089211013e-09
30600.04800076804 1.1145327819891366e-08
30650.04800076804 6.2827075359300575e-09
30700.04800076804 4.527563177128761e-09
30750.04800076804 6.559043566808511e-09
30800.04800076804 4.490616233234759e-09
30850.04800076804 5.70011562875095e-09
30900.04800076804 4.574590122529339e-09
30950.04800076804 2.2477145309737785e-09
31000.04800076804 3.8181755103065715e-09
31050.04800076804 3.3566562579460098e-09
31100.04800076804 2.009141580135118e-09
31150.04800076804 3.0184458176275588e-09
31200.04800076804 5.585798087051804e-09
31250.04800076804 2.252707419765606e-09
31300.04800076804 1.957043601544406e-09
31350.04800076804 3.005529106047292e-09
31400.04800076804 1.7200824867344165e-09
31450.04800076804 2.30553796905975e-09
31500.04800076804 9.938954849294834e-10
31550.04800076804 1.264500841090837e-09
31600.04800076804 9.576161964415284e-10
31650.04800076804 7.582276444493249e-10
31700.04800076804 9.48958609358309e-10
31750.04800076804 3.2747018440839293e-10
31800.04800076804 8.610028896457473e-10
31850.04800076804 2.1523438489995714e-10
31900.04800076804 4.989750768319674e-10
31950.04800076804 2.732957490990076e-10
32000.04800076804 2.6174697279432364e-10
32050.04800076804 2.6031898186593396e-10
32100.04800076804 1.9591653467309107e-10
32150.04800076804 2.654504374523895e-10
32200.04800076804 1.4079333394007016e-10
32250.04800076804 3.5718396787829926e-10
32300.04800076804 1.0734835159512765e-10
32350.04800076804 3.871344615900351e-10
32400.04800076804 9.66377069259034e-11
32450.04800076804 2.682111188889444e-10
32500.04800076804 1.1882032841247733e-10
32550.04800076804 2.6891918776299364e-10
32600.04800076804 1.3211856850653905e-10
32650.04800076804 4.795443900073552e-10
32700.04800076804 1.9304234274818355e-10
32750.04800076804 8.910289678804402e-10
32800.04800076804 5.752892198162697e-10
32850.04800076804 1.4566906783065272e-09
32900.04800076804 1.2583605242932163e-09
32950.04800076804 1.4307776050790244e-09
33000.04800076804 5.9485846523344e-10
33050.04800076804 6.861607611843901e-10
33100.04800076804 2.0199619437928993e-10
33150.04800076804 4.113138165978232e-13
33200.04800076804 8.329512442748124e-12
33250.04800076804 1.193478787902141e-11
33300.04800076804 6.429209732516809e-11
33350.04800076804 1.9957894966796037e-10
33400.04800076804 5.137474974778871e-10
33450.04800076804 3.191336663985177e-10
33500.04800076804 1.088016001356344e-09
33550.04800076804 3.766277830198152e-10
33600.04800076804 6.050636760416948e-10
33650.04800076804 6.021429035482177e-10
33700.04800076804 3.013351072262927e-10
33750.04800076804 8.200715114390893e-10
33800.04800076804 1.4112997381207426e-10
33850.04800076804 4.4572619388229477e-10
33900.04800076804 5.004954381758968e-10
33950.04800076804 4.252745272843242e-10
34000.04800076804 8.647296868758958e-10
34050.04800076804 1.5189049390547651e-10
34100.04800076804 6.737696046981546e-10
34150.04800076804 2.935114505641945e-10
34200.04800076804 6.607274652228774e-10
34250.04800076804 4.759632845484002e-10
34300.04800076804 4.2711884982684e-10
34350.04800076804 1.0828314710891003e-09
34400.04800076804 3.2628243727768506e-10
34450.04800076804 1.0105484605864797e-09
34500.04800076804 5.153318592079662e-10
34550.04800076804 4.1918063337839836e-10
34600.04800076804 1.6292140932100342e-09
34650.04800076804 2.8772275141488004e-10
34700.04800076804 8.745631095070031e-10
34750.04800076804 6.987871022099726e-10
34800.04800076804 5.388985765785546e-10
34850.04800076804 1.6497622329112095e-09
34900.04800076804 5.658444535486103e-10
34950.04800076804 1.2160063410057677e-09
35000.04800076804 2.3587527370248007e-09
35050.04800076804 1.1829518455298e-09
35100.04800076804 2.8562912144154215e-09
35150.04800076804 2.4730875598322044e-09
35200.04800076804 2.0716248308749963e-09
35250.04800076804 3.0049661465372344e-09
35300.04800076804 1.3080850742270564e-09
35350.04800076804 2.24086766059683e-09
35400.04800076804 1.6391240677751025e-09
35450.04800076804 1.3277135357799944e-09
35500.04800076804 4.85736919946213e-09
35550.04800076804 2.558080067084591e-09
35600.04800076804 3.3363661321969177e-09
35650.04800076804 3.632082622543307e-09
35700.04800076804 2.945896974510612e-09
35750.04800076804 5.984360546288993e-09
35800.04800076804 3.555019484670468e-09
35850.04800076804 1.7657917969028126e-09
35900.04800076804 3.2803308493813903e-09
35950.04800076804 3.972083630637998e-09
36000.04800076804 2.4613524279483715e-09
36050.04800076804 3.0861578107604288e-09
36100.04800076804 2.723955622829699e-09
36150.04800076804 6.562957193135963e-09
36200.04800076804 5.9606556903942616e-09
36250.04800076804 4.884684029577901e-09
36300.04800076804 8.961210079612302e-09
36350.04800076804 5.66066981607527e-09
36400.04800076804 1.0012655338769582e-08
36450.04800076804 7.045527139749941e-09
36500.04800076804 7.62723842404615e-09
36550.04800076804 1.3967460098791666e-08
36600.04800076804 1.4878020826600239e-08
36650.04800076804 1.1114648088427441e-08
36700.04800076804 1.1484574764693921e-08
36750.04800076804 1.4494987189148774e-08
36800.04800076804 1.534655220116759e-08
36850.04800076804 8.27985532079458e-09
36900.04800076804 1.244900227111413e-08
36950.04800076804 1.523253308025046e-08
37000.04800076804 1.118226912181518e-08
37050.04800076804 1.732734429906624e-08
37100.04800076804 1.1230040761737178e-08
37150.04800076804 1.3883016890565593e-08
37200.04800076804 1.862928300485922e-08
37250.04800076804 1.2487666681861569e-08
37300.04800076804 1.0714868258958208e-08
37350.04800076804 1.6688129193576915e-08
37400.04800076804 2.470871796632629e-08
37450.04800076804 1.0257195642761945e-08
37500.04800076804 1.4408895400025801e-08
37550.04800076804 2.8559422763930535e-08
37600.04800076804 3.823164657284556e-08
37650.04800076804 1.56909140835658e-08
37700.04800076804 2.5219255383434733e-08
37750.04800076804 1.667087640718395e-08
37800.04800076804 1.8315702793578903e-08
37850.04800076804 1.0825259956056734e-08
37900.04800076804 1.4125809635949199e-08
37950.04800076804 2.27123882814794e-08
38000.04800076804 2.47641556458408e-08
38050.04800076804 2.9395411683019104e-08
38100.04800076804 3.653334762101371e-08
38150.04800076804 3.630445157158997e-08
38200.04800076804 3.320724873466382e-08
38250.04800076804 3.549387209957499e-08
38300.04800076804 5.972090089802838e-08
38350.04800076804 4.898335501997628e-08
38400.04800076804 2.41300036116716e-08
38450.04800076804 1.5706282442155012e-08
38500.04800076804 9.960091990567041e-09
38550.04800076804 2.4919494422208898e-08
38600.04800076804 2.905338344215395e-08
38650.04800076804 3.700632745315789e-08
38700.04800076804 3.5306915663546635e-08
38750.04800076804 3.8434577444545854e-08
38800.04800076804 2.8721358336645967e-08
38850.04800076804 4.205984652128328e-08
38900.04800076804 4.461480787363828e-08
38950.04800076804 2.8366628341474866e-08
39000.04800076804 4.9791096608154995e-08
39050.04800076804 3.0833265237675305e-08
39100.04800076804 4.3270967324744574e-08
39150.04800076804 4.672919492821196e-08
39200.04800076804 3.6274780561408635e-08
39250.04800076804 5.234879830041783e-08
39300.04800076804 4.2963126303334806e-08
39350.04800076804 7.287214891628541e-08
39400.04800076804 4.968383588925005e-08
39450.04800076804 5.700204930690792e-08
39500.04800076804 6.506752763570765e-08
39550.04800076804 4.348245861358118e-08
39600.04800076804 5.8550376241340014e-08
39650.04800076804 8.455137900374007e-08
39700.04800076804 6.484262240736439e-08
39750.04800076804 3.270153842883205e-08
39800.04800076804 4.357128641950251e-08
39850.04800076804 8.393765215715497e-08
39900.04800076804 8.868857008814129e-08
39950.04800076804 5.5784263207621334e-08
40000.04800076804 8.891998526697359e-08
40050.04800076804 8.135617739328829e-08
40100.04800076804 3.384753292330071e-08
40150.04800076804 8.126861573555166e-08
40200.04800076804 8.858565704779722e-08
40250.04800076804 9.646117417030631e-08
40300.04800076804 9.322752805579431e-08
40350.04800076804 5.363221108145577e-08
40400.04800076804 8.9683938031581e-08
40450.04800076804 5.559296212004684e-08
40500.04800076804 1.0126909188898296e-07
40550.04800076804 9.18232226764146e-08
40600.04800076804 8.975214627809372e-08
40650.04800076804 7.275633466317052e-08
40700.04800076804 1.385593490829672e-07
40750.04800076804 9.645702786351093e-08
40800.04800076804 5.760372825612021e-08
40850.04800076804 1.351256026552159e-07
40900.04800076804 1.2501548304027606e-07
40950.04800076804 8.12517276032399e-08
41000.04800076804 1.0191188202565536e-07
41050.04800076804 1.4219340939748152e-07
41100.04800076804 1.0318399782567276e-07
41150.04800076804 5.0411910200838155e-08
41200.04800076804 1.3774488114601216e-07
41250.04800076804 1.1214136485041211e-07
41300.04800076804 1.1303426448116956e-07
41350.04800076804 1.5073662371624197e-07
41400.04800076804 1.2191418774905194e-07
41450.04800076804 1.3712877161363154e-07
41500.04800076804 9.110528424991154e-08
41550.04800076804 8.100580587604377e-08
41600.04800076804 1.0957412545138997e-07
41650.04800076804 1.3654244163438786e-07
41700.04800076804 1.3359381036728659e-07
41750.04800076804 1.1702557017796592e-07
41800.04800076804 1.5698310960928093e-07
41850.04800076804 9.727107298706743e-08
41900.04800076804 9.04222847104684e-08
41950.04800076804 1.1756840160060442e-07
42000.04800076804 1.300436821227843e-07
42050.04800076804 1.0896245180032404e-07
42100.04800076804 1.4903951650454212e-07
42150.04800076804 1.0989802250472447e-07
42200.04800076804 1.1499344957127927e-07
42250.04800076804 9.458508105278749e-08
42300.04800076804 8.665926257434418e-08
42350.04800076804 1.237764750576204e-07
42400.04800076804 1.3992661006658592e-07
42450.04800076804 1.2459746911895645e-07
42500.04800076804 1.1986050051604532e-07
42550.04800076804 1.1024988929374051e-07
42600.04800076804 1.1026037590856482e-07
42650.04800076804 1.6637959794377076e-07
42700.04800076804 8.04868996358549e-08
42750.04800076804 9.894738708979049e-08
42800.04800076804 1.213182112465831e-07
42850.04800076804 1.377775591105379e-07
42900.04800076804 1.50104997151337e-07
42950.04800076804 1.0731345536648122e-07
43000.04800076804 1.3684207953946374e-07
43050.04800076804 6.09624744908163e-08
43100.04800076804 1.0633736378228088e-07
43150.04800076804 1.0154053798610004e-07
43200.04800076804 1.2509281749538147e-07
43250.04800076804 1.8388184958379106e-07
43300.04800076804 1.6318438082714121e-07
43350.04800076804 8.524286661391255e-08
43400.04800076804 1.20613905149767e-07
43450.04800076804 8.601733411952227e-08
43500.04800076804 1.0067732633340531e-07
43550.04800076804 9.408293018310921e-08
43600.04800076804 1.4165704690110763e-07
