galfind/configs/Brown_Dwarf_templates/sonora_cholla/logkzz4/562g/650K_562g_logkzz4_resample.dat
# %ECSV 1.0
# ---
# datatype:
# - {name: wav, unit: Angstrom, datatype: float64}
# - {name: flux_nu, unit: erg / (cm2 Hz s), datatype: float64}
# schema: astropy-2.0
wav flux_nu
[from data line 813]
43650.04800076804 9.632045535969278e-08
43700.04800076804 2.0425613215509303e-07
43750.04800076804 1.8963141326000558e-07
43800.04800076804 1.4949427991085395e-07
43850.04800076804 1.5246723485422525e-07
43900.04800076804 1.306189055391031e-07
43950.04800076804 9.394481664390356e-08
44000.04800076804 7.417147363931698e-08
44050.04800076804 1.59805686494648e-07
44100.04800076804 2.017936094442587e-07
44150.04800076804 1.902160074135359e-07
44200.04800076804 1.6463885959891406e-07
44250.04800076804 1.0257965991236549e-07
44300.04800076804 8.24949416934536e-08
44350.04800076804 8.922727620829983e-08
44400.04800076804 8.981799211166941e-08
44450.04800076804 1.1722740122677403e-07
44500.04800076804 9.765138192639558e-08
44550.04800076804 1.324213959107001e-07
44600.04800076804 9.23973014512793e-08
44650.04800076804 1.1280993679195517e-07
44700.04800076804 8.213939345328446e-08
44750.04800076804 9.860612586739236e-08
44800.04800076804 7.657988139305209e-08
44850.04800076804 9.230001425696352e-08
44900.04800076804 6.995087920357293e-08
44950.04800076804 6.320419042046231e-08
45000.04800076804 7.725177953009929e-08
45050.04800076804 7.86815853718239e-08
45100.04800076804 7.824478215491636e-08
45150.04800076804 5.973415699824731e-08
45200.04800076804 3.646422019169032e-08
45250.04800076804 4.2769951279091466e-08
45300.04800076804 5.6292007862890547e-08
45350.04800076804 4.9584628309414086e-08
45400.04800076804 4.81772809382809e-08
45450.04800076804 4.361213821494734e-08
45500.04800076804 5.0590886673155264e-08
45550.04800076804 5.713436645452126e-08
45600.04800076804 4.151000944262829e-08
45650.04800076804 4.021142649729692e-08
45700.04800076804 4.8430158253666034e-08
45750.04800076804 3.569958753234907e-08
45800.04800076804 3.4404633359669706e-08
45850.04800076804 5.3227586450883895e-08
45900.04800076804 5.911131173627667e-08
45950.04800076804 3.268657561316835e-08
46000.04800076804 5.5048836351172064e-08
46050.04800076804 5.771386115265448e-08
46100.04800076804 3.63940671097442e-08
46150.04800076804 5.15860747669978e-08
46200.04800076804 4.3248383683810556e-08
46250.04800076804 2.2326203476066672e-08
46300.04800076804 6.417343437884593e-08
46350.04800076804 4.490055111908276e-08
46400.04800076804 5.7743582748979344e-08
46450.04800076804 7.618551295733022e-08
46500.04800076804 5.312868800229131e-08
46550.04800076804 5.523830908049933e-08
46600.04800076804 5.966342027231734e-08
46650.04800076804 1.3599024350273028e-07
46700.04800076804 8.286300611469824e-08
46750.04800076804 4.708832147295591e-08
46800.04800076804 2.725547063248531e-08
46850.04800076804 8.174392109764884e-08
46900.04800076804 6.808448874828783e-08
46950.04800076804 9.549859689318336e-08
47000.04800076804 4.5352805819902386e-08
47050.04800076804 8.238415697836186e-08
47100.04800076804 2.8399916628597334e-08
47150.04800076804 4.930632275861349e-08
47200.04800076804 6.725251881934148e-08
47250.04800076804 3.868610411037894e-08
47300.04800076804 3.936690070646074e-08
47350.04800076804 4.203762986728816e-08
47400.04800076804 8.600565371996009e-08
47450.04800076804 3.634740817915605e-08
47500.04800076804 9.843383294270928e-08
47550.04800076804 4.212889412155046e-08
47600.04800076804 8.081529267088024e-08
47650.04800076804 3.815830487369295e-08
47700.04800076804 7.735526447013906e-08
47750.04800076804 3.134220651734188e-08
47800.04800076804 5.250484557955694e-08
47850.04800076804 2.460542937743924e-08
47900.04800076804 3.908369104967838e-08
47950.04800076804 5.209596196028678e-08
48000.04800076804 9.887483230871984e-08
48050.04800076804 5.924312068425586e-08
48100.04800076804 5.300186000915992e-08
48150.04800076804 5.270080908923981e-08
48200.04800076804 6.850895025385048e-08
48250.04800076804 5.268141496606253e-08
48300.04800076804 1.1352287407418485e-07
48350.04800076804 4.653926953275234e-08
48400.04800076804 2.9010921788277047e-08
48450.04800076804 4.175637524058662e-08
48500.04800076804 8.186282614410272e-08
48550.04800076804 4.7260203911012485e-08
48600.04800076804 9.613061220791489e-08
48650.04800076804 6.598220138444103e-08
48700.04800076804 9.682839351052105e-08
48750.04800076804 5.54758731199723e-08
48800.04800076804 1.0527944405498887e-07
48850.04800076804 6.106177383796328e-08
48900.04800076804 7.891920750071645e-08
48950.04800076804 5.9448457417648184e-08
49000.04800076804 3.825241190577263e-08
49050.04800076804 8.958991606162183e-08
49100.04800076804 7.617785112416071e-08
49150.04800076804 9.421596169218051e-08
49200.04800076804 8.684519219950902e-08
49250.04800076804 1.2439249177365366e-07
49300.04800076804 8.274941209712446e-08
49350.04800076804 4.860839676364399e-08
49400.04800076804 6.833429681667684e-08
49450.04800076804 7.065833759743592e-08
49500.04800076804 6.006098685559556e-08
49550.04800076804 1.5428988053127728e-08
49600.04800076804 4.1744617763642806e-08
49650.04800076804 6.477592115792159e-08
49700.04800076804 7.94198091537469e-08
49750.04800076804 9.504236676550785e-08
49800.04800076804 5.380063127153971e-08
49850.04800076804 1.2162961394641928e-07
49900.04800076804 1.0024582086379687e-07
49950.04800076804 9.71730686201942e-08
50000.04800076804 8.659252075641668e-08
50050.04800076804 9.78507138903422e-08
50100.04800076804 8.520916365091707e-08
50150.04800076804 3.885608975980418e-08
50200.04800076804 1.0522140418039557e-08
50250.04800076804 4.8169420552879006e-08
50300.04800076804 3.4095323186867984e-08
50350.04800076804 9.371218840346239e-08
50400.04800076804 9.580625832588833e-08
50450.04800076804 7.292010566505038e-08
50500.04800076804 1.1331257630822064e-07
50550.04800076804 1.1258568945903787e-07
50600.04800076804 8.012203106754008e-08
50650.04800076804 1.0858785747006414e-07
50700.04800076804 1.2914585217036625e-07
50750.04800076804 8.155021978696472e-08
50800.04800076804 3.1495909309000114e-08
50850.04800076804 1.868864928914025e-08
50900.04800076804 9.052211317275868e-08
50950.04800076804 8.893777480396079e-08
51000.04800076804 6.650042059070833e-08
51050.04800076804 8.895788224885867e-08
51100.04800076804 2.9907174161574506e-08
51150.04800076804 4.1813233464958385e-08
51200.04800076804 1.2313614479467807e-07
51250.04800076804 7.829421621786467e-08
51300.04800076804 5.742565863116164e-08
51350.04800076804 6.21480393360562e-08
51400.04800076804 2.3658936519891177e-08
51450.04800076804 1.957415808439747e-08
51500.04800076804 1.679593486777148e-08
51550.04800076804 5.2590429643870465e-08
51600.04800076804 4.769705698721274e-08
51650.04800076804 6.628820248052236e-08
51700.04800076804 6.504630903082063e-08
51750.04800076804 3.9398192702743606e-08
51800.04800076804 8.935164611388613e-08
51850.04800076804 7.256594300703765e-08
51900.04800076804 8.918616220896813e-08
51950.04800076804 5.1623288278110825e-08
52000.04800076804 7.571729787011822e-09
52050.04800076804 2.8438494378498335e-08
52100.04800076804 1.9322140660309653e-08
52150.04800076804 1.1724388442423411e-08
52200.04800076804 2.601910143254483e-08
52250.04800076804 4.7968890659106455e-08
52300.04800076804 7.02145869094223e-08
52350.04800076804 2.227018206810997e-08
52400.04800076804 2.3563923488754872e-08
52450.04800076804 7.065436472579845e-08
52500.04800076804 6.174812399129072e-08
52550.04800076804 6.176774055610954e-08
52600.04800076804 5.044198206929233e-08
52650.04800076804 5.195498372090541e-08
52700.04800076804 3.8492291898400726e-08
52750.04800076804 1.9511684441434034e-08
52800.04800076804 2.8292347520698563e-08
52850.04800076804 3.5608341959519614e-08
52900.04800076804 1.7483525588764244e-08
52950.04800076804 2.6873022296007074e-08
53000.04800076804 5.768749276077567e-08
53050.04800076804 1.791842640911704e-08
53100.04800076804 6.73626568439789e-08
53150.04800076804 7.790028921310291e-08
53200.04800076804 2.918355221057708e-08
53250.04800076804 6.833649250169159e-08
53300.04800076804 7.240301711607145e-08
53350.04800076804 7.194198440717936e-08
53400.04800076804 4.8918416735328355e-08
53450.04800076804 1.3848755008648628e-08
53500.04800076804 4.452320833341996e-09
53550.04800076804 9.226311463258671e-09
53600.04800076804 3.10201465447279e-08
53650.04800076804 3.1473383597018096e-08
53700.04800076804 2.6192024011916018e-08
53750.04800076804 2.3785890378742967e-08
53800.04800076804 2.340743013696462e-08
53850.04800076804 3.871503673423363e-08
53900.04800076804 5.677647422609829e-08
53950.04800076804 5.919979535964426e-08
54000.04800076804 3.6410516158373355e-08
54050.04800076804 3.963645167257588e-08
54100.04800076804 9.577833247598975e-09
54150.04800076804 1.480634044559052e-08
54200.04800076804 3.234034867741539e-09
54250.04800076804 7.810928404511198e-09
54300.04800076804 2.0340053729500918e-08
54350.04800076804 3.0318959672774214e-08
54400.04800076804 2.496025678501022e-08
54450.04800076804 2.2442004123687167e-08
54500.04800076804 2.0151717204262346e-08
54550.04800076804 1.9021186095476348e-08
54600.04800076804 1.856876161738643e-08
54650.04800076804 3.5053035615971725e-09
54700.04800076804 2.0844725335770058e-08
54750.04800076804 1.966518907917446e-08
54800.04800076804 1.09215556013215e-08
54850.04800076804 1.7126944393949082e-08
54900.04800076804 3.0279202556701473e-08
54950.04800076804 4.664927792344751e-08
55000.04800076804 1.4632583964785572e-08
55050.04800076804 2.3236813358179073e-08
55100.04800076804 2.983241026875091e-08
55150.04800076804 1.5680031619184633e-08
55200.04800076804 1.1914565279523857e-08
55250.04800076804 1.8271143171109345e-08
55300.04800076804 1.1651795578144514e-08
55350.04800076804 2.4404022383973404e-08
55400.04800076804 2.7755220852434864e-08
55450.04800076804 1.6689398008406983e-08
55500.04800076804 6.697118002266307e-09
55550.04800076804 6.891443248668651e-09
55600.04800076804 1.2104465872109013e-08
55650.04800076804 1.0829252849874453e-08
55700.04800076804 1.1727729189665337e-08
55750.04800076804 1.0110951272158063e-08
55800.04800076804 4.497086590306569e-09
55850.04800076804 7.033679983519077e-09
55900.04800076804 1.819307397406185e-08
55950.04800076804 2.781293338581928e-08
56000.04800076804 1.0130681424916001e-08
56050.04800076804 1.235549997477324e-08
56100.04800076804 1.8894736939019313e-08
56150.04800076804 8.564089979061731e-09
56200.04800076804 1.2353938918065378e-08
56250.04800076804 2.3044457858751835e-08
56300.04800076804 1.437993894403112e-08
56350.04800076804 9.529485034192197e-09
56400.04800076804 3.4439382063908787e-09
56450.04800076804 3.336567514473809e-09
56500.04800076804 1.15818414275556e-08
56550.04800076804 4.790841338034024e-09
56600.04800076804 1.7679141980427962e-08
56650.04800076804 2.0829442766673938e-08
56700.04800076804 1.523423680723285e-08
56750.04800076804 5.042899803086378e-09
56800.04800076804 1.0713200888940876e-08
56850.04800076804 1.3465574402336343e-08
56900.04800076804 7.666681832443337e-09
56950.04800076804 1.6348618672461522e-08
57000.04800076804 2.1378132695998403e-08
57050.04800076804 9.873989600466278e-09
57100.04800076804 3.018868696950031e-09
57150.04800076804 5.688150500464216e-09
57200.04800076804 4.49073325353455e-09
57250.04800076804 6.83305114615808e-09
57300.04800076804 1.090691897450209e-08
57350.04800076804 5.1979169418890975e-09
57400.04800076804 1.540567730032145e-08
57450.04800076804 7.454822433613814e-09
57500.04800076804 6.8542038703762496e-09
57550.04800076804 1.0365420035915415e-08
57600.04800076804 9.039490203344647e-09
57650.04800076804 2.0373217807703035e-09
57700.04800076804 4.055642736649478e-09
57750.04800076804 8.06288402895927e-09
57800.04800076804 2.9896702675132228e-09
57850.04800076804 2.318226812121722e-08
57900.04800076804 2.790424668617839e-08
57950.04800076804 3.115892794987001e-08
58000.04800076804 8.714810738490355e-09
58050.04800076804 1.609428556133904e-08
58100.04800076804 1.4473248474532419e-08
58150.04800076804 9.024300749494342e-09
58200.04800076804 2.074015259156503e-09
58250.04800076804 3.796062077348158e-09
58300.04800076804 4.289049437612682e-09
58350.04800076804 5.440948891391347e-09
58400.04800076804 1.3540471794978351e-08
58450.04800076804 1.60922630261933e-08
58500.04800076804 1.673312799367497e-08
58550.04800076804 1.28539675463968e-08
58600.04800076804 4.8705655593368805e-09
58650.04800076804 6.653615828862921e-09
58700.04800076804 9.581135188395501e-09
58750.04800076804 7.93016552379712e-09
58800.04800076804 1.094671632186532e-09
58850.04800076804 5.159305743590468e-09
58900.04800076804 7.042488008150321e-09
58950.04800076804 2.9335029522809335e-09
59000.04800076804 7.916984236583582e-09
59050.04800076804 1.3054786690878272e-08
59100.04800076804 1.2387098687849263e-08
59150.04800076804 9.302669642781748e-09
59200.04800076804 1.1570717498494105e-08
59250.04800076804 1.2018861689912463e-08
59300.04800076804 9.26824406908247e-09
59350.04800076804 1.6154206300044307e-09
59400.04800076804 2.0459024899380366e-09
59450.04800076804 1.0129723073146344e-08
59500.04800076804 5.506592945532045e-09
59550.04800076804 1.2148371822043384e-08
59600.04800076804 1.5658890799943662e-08
59650.04800076804 7.06607110221859e-09
59700.04800076804 4.73523008533741e-09
59750.04800076804 1.7901605052257648e-08
59800.04800076804 7.313992079958369e-09
59850.04800076804 1.0014416626358147e-08
59900.04800076804 3.17679875598216e-09
59950.04800076804 9.041777223917424e-09
60000.04800076804 2.07368880511621e-08
60050.04800076804 2.219540458931198e-08
60100.04800076804 1.5078353944491957e-08
60150.04800076804 5.772622888855781e-09
60200.04800076804 1.3058254730548338e-08
60250.04800076804 2.4712299209826902e-08
60300.04800076804 2.1130329321565997e-08
60350.04800076804 1.1856943321050898e-08
60400.04800076804 1.0765890953514218e-08
60450.04800076804 2.53555809724953e-09
60500.04800076804 8.573745964247687e-10
60550.04800076804 8.72179884286076e-09
60600.04800076804 1.3214707029485815e-08
60650.04800076804 7.56026568329114e-09
60700.04800076804 5.166135144239924e-09
60750.04800076804 2.372457782815366e-09
60800.04800076804 1.1879319361204894e-08
60850.04800076804 2.468305933877013e-08
60900.04800076804 2.1863690727012674e-08
60950.04800076804 1.5189760879105342e-08
61000.04800076804 1.654324226049995e-08
61050.04800076804 5.611719869251268e-09
61100.04800076804 6.344470762228137e-09
61150.04800076804 2.021647485951754e-09
61200.04800076804 1.221461674083016e-08
61250.04800076804 1.638209237830078e-08
61300.04800076804 1.3483604551477555e-08
61350.04800076804 2.5630994432271368e-08
61400.04800076804 8.068282837536972e-09
61450.04800076804 2.9118287732129006e-09
61500.04800076804 3.2292192356151595e-09
61550.04800076804 9.432442048191592e-09
61600.04800076804 3.5739677723682032e-09
61650.04800076804 7.73672312761842e-09
61700.04800076804 9.794876007398111e-09
61750.04800076804 1.1293410700634576e-08
61800.04800076804 8.62297630135243e-09
61850.04800076804 2.8439071885359404e-09
61900.04800076804 1.6325200295545002e-08
61950.04800076804 2.095155969678551e-08
62000.04800076804 2.0338065117202656e-08
62050.04800076804 2.742792221859288e-08
62100.04800076804 1.2895894422673644e-08
62150.04800076804 2.2287466375154214e-08
62200.04800076804 1.9837095302917188e-08
62250.04800076804 1.355853583543546e-08
62300.04800076804 3.61875201085042e-08
62350.04800076804 2.943088354651466e-08
62400.04800076804 1.4099096027981133e-08
62450.04800076804 1.8142366319713147e-08
62500.04800076804 3.48935477689882e-08
62550.04800076804 4.388863469946398e-08
62600.04800076804 3.110418749263724e-08
62650.04800076804 2.3050044392538863e-08
62700.04800076804 1.702274860860502e-08
62750.04800076804 2.9713510894613395e-08
62800.04800076804 1.73423175964635e-08
62850.04800076804 2.6161098237638862e-08
62900.04800076804 2.2465194861994363e-08
62950.04800076804 4.500550491213696e-08
63000.04800076804 2.509206472485064e-08
63050.04800076804 6.048430175287415e-08
63100.04800076804 5.230285790880622e-08
63150.04800076804 3.4740504721196165e-08
63200.04800076804 3.166066445654638e-08
63250.04800076804 3.596635612715232e-08
63300.04800076804 2.1680855297982976e-08
63350.04800076804 1.998762573425136e-08
63400.04800076804 7.333444232179535e-09
63450.04800076804 3.621641873233199e-09
