galfind/configs/Brown_Dwarf_templates/sonora_cholla/logkzz4/562g/700K_562g_logkzz4_resample.dat
# %ECSV 1.0
# ---
# datatype:
# - {name: wav, unit: Angstrom, datatype: float64}
# - {name: flux_nu, unit: erg / (cm2 Hz s), datatype: float64}
# schema: astropy-2.0
wav flux_nu
[from data line 418]
23900.04800076804 7.905505879373234e-10
23950.04800076804 5.846423224350456e-10
24000.04800076804 9.890074220043825e-10
24050.04800076804 1.1172830283244954e-09
24100.04800076804 9.939779251961382e-10
24150.04800076804 1.3665020027574037e-09
24200.04800076804 1.2451242394961486e-09
24250.04800076804 8.410636989969982e-10
24300.04800076804 1.612295923792746e-09
24350.04800076804 1.0564974201093583e-09
24400.04800076804 2.2393795348394114e-09
24450.04800076804 2.0023661788437354e-09
24500.04800076804 2.0088816084418756e-09
24550.04800076804 2.858221144449386e-09
24600.04800076804 3.29735911820466e-09
24650.04800076804 3.869993729979389e-09
24700.04800076804 2.681910578140766e-09
24750.04800076804 3.1009909617869155e-09
24800.04800076804 2.804293315048885e-09
24850.04800076804 4.518593887743149e-09
24900.04800076804 1.7214339626924286e-09
24950.04800076804 3.542652236634427e-09
25000.04800076804 3.3803776829994254e-09
25050.04800076804 1.9121386745249683e-09
25100.04800076804 3.0341503564876892e-09
25150.04800076804 1.4341107843059998e-09
25200.04800076804 2.1215490697917703e-09
25250.04800076804 8.873621381655629e-10
25300.04800076804 1.3448290271987614e-09
25350.04800076804 5.869696079956869e-10
25400.04800076804 1.5732931772144308e-09
25450.04800076804 6.280144139060677e-10
25500.04800076804 5.252078879348972e-10
25550.04800076804 9.77333884577564e-10
25600.04800076804 4.99496444301543e-10
25650.04800076804 3.0768462117888796e-10
25700.04800076804 5.036574620073146e-10
25750.04800076804 1.8621948605328703e-10
25800.04800076804 7.614288332683076e-10
25850.04800076804 1.6914022182762935e-10
25900.04800076804 2.7729417397264196e-10
25950.04800076804 9.796294840457083e-11
26000.04800076804 6.860292627755747e-10
26050.04800076804 1.4343453918481433e-10
26100.04800076804 5.986899810421669e-10
26150.04800076804 3.113383210598537e-10
26200.04800076804 3.7000419509624643e-10
26250.04800076804 1.5881082720649465e-09
26300.04800076804 4.863152775213447e-10
26350.04800076804 2.070080808780173e-09
26400.04800076804 2.8123768068146737e-09
26450.04800076804 1.9745811262793973e-09
26500.04800076804 3.202644909965294e-09
26550.04800076804 7.345845538640839e-10
26600.04800076804 7.81092528232345e-10
26650.04800076804 1.9404712251664227e-10
26700.04800076804 1.0752945997810626e-10
26750.04800076804 1.4767612666624986e-10
26800.04800076804 2.9859825279217333e-10
26850.04800076804 1.858372418463624e-10
26900.04800076804 7.11417677275637e-10
26950.04800076804 2.6202485779163387e-10
27000.04800076804 1.1475838032538924e-09
27050.04800076804 1.1895163592259601e-09
27100.04800076804 3.226703097754459e-10
27150.04800076804 1.7052998768816724e-09
27200.04800076804 3.0353325897435387e-10
27250.04800076804 7.150675457053036e-10
27300.04800076804 3.829254838040256e-09
27350.04800076804 1.5713427829266525e-09
27400.04800076804 1.3848701105228316e-10
27450.04800076804 2.0272703150856037e-09
27500.04800076804 2.7552654230261187e-09
27550.04800076804 4.857073013961061e-10
27600.04800076804 1.223132733882826e-09
27650.04800076804 3.971336312195891e-10
27700.04800076804 3.277124379716395e-10
27750.04800076804 1.5773120420806475e-09
27800.04800076804 5.810791964934922e-10
27850.04800076804 7.686963748480911e-10
27900.04800076804 1.0810739715795892e-09
27950.04800076804 2.3410713377505285e-09
28000.04800076804 1.7022520592468893e-09
28050.04800076804 3.8951027296437543e-10
28100.04800076804 2.7355647086918454e-09
28150.04800076804 1.61550000677201e-09
28200.04800076804 5.129093624692854e-10
28250.04800076804 3.2335034992266783e-09
28300.04800076804 4.3575038895168455e-09
28350.04800076804 6.894802115630181e-10
28400.04800076804 2.367555452410659e-09
28450.04800076804 4.557739453778936e-09
28500.04800076804 2.2827074916508677e-09
28550.04800076804 6.358244568806945e-10
28600.04800076804 3.9644905642291245e-09
28650.04800076804 3.5991070053458667e-09
28700.04800076804 2.9912926100647486e-09
28750.04800076804 6.105654232909484e-09
28800.04800076804 4.99819948864515e-09
28850.04800076804 5.7031870950400025e-09
28900.04800076804 2.5690438047384318e-09
28950.04800076804 8.028760633013774e-09
29000.04800076804 5.2558876077729e-09
29050.04800076804 5.876097347707421e-09
29100.04800076804 4.39790991554359e-09
29150.04800076804 9.834801714969141e-09
29200.04800076804 6.038668456108272e-09
29250.04800076804 8.922777759454768e-09
29300.04800076804 4.881088188272457e-09
29350.04800076804 2.27894553758192e-08
29400.04800076804 5.7081690161554435e-09
29450.04800076804 7.364445646030857e-09
29500.04800076804 1.2938966130371503e-08
29550.04800076804 7.6174596805902e-09
29600.04800076804 1.1788960818293845e-08
29650.04800076804 1.4385538018968574e-08
29700.04800076804 6.06234274527387e-09
29750.04800076804 1.1619845763746042e-08
29800.04800076804 1.1612312594052082e-08
29850.04800076804 1.832116382553968e-08
29900.04800076804 1.8449299381252376e-08
29950.04800076804 1.2723088356354671e-08
30000.04800076804 3.5699816656916764e-09
30050.04800076804 6.150168904723727e-09
30100.04800076804 1.1444530579403957e-08
30150.04800076804 1.7656794409501888e-08
30200.04800076804 1.0817865318497158e-08
30250.04800076804 2.5659016044108675e-08
30300.04800076804 2.1998287204163443e-08
30350.04800076804 1.3080728617008206e-08
30400.04800076804 2.37506902540295e-08
30450.04800076804 1.532223647580731e-08
30500.04800076804 1.4229167715148294e-08
30550.04800076804 1.1422954985825459e-08
30600.04800076804 2.52612545199179e-08
30650.04800076804 1.7158368700443108e-08
30700.04800076804 1.3308433169003736e-08
30750.04800076804 1.6248031324260727e-08
30800.04800076804 1.1884644292474621e-08
30850.04800076804 1.4083550493048494e-08
30900.04800076804 1.2531041289174575e-08
30950.04800076804 6.73039131671774e-09
31000.04800076804 1.0105897390410699e-08
31050.04800076804 9.799803685379477e-09
31100.04800076804 6.294675775583915e-09
31150.04800076804 8.444622295763041e-09
31200.04800076804 1.2251303457428572e-08
31250.04800076804 6.1821239633228945e-09
31300.04800076804 5.5837908680953676e-09
31350.04800076804 6.78687348077518e-09
31400.04800076804 4.132257981821056e-09
31450.04800076804 5.9636323990923065e-09
31500.04800076804 2.948633787179105e-09
31550.04800076804 3.734763230040779e-09
31600.04800076804 2.5762603517776583e-09
31650.04800076804 2.2580288214938576e-09
31700.04800076804 2.9804181694888167e-09
31750.04800076804 1.1992544622316419e-09
31800.04800076804 2.791218397346937e-09
31850.04800076804 1.0088876464517131e-09
31900.04800076804 1.9034202664360326e-09
31950.04800076804 1.1486653394545445e-09
32000.04800076804 1.2318871985514048e-09
32050.04800076804 1.0982487492945742e-09
32100.04800076804 8.586531354263609e-10
32150.04800076804 1.2347330409663945e-09
32200.04800076804 6.933842516604141e-10
32250.04800076804 1.716210194835925e-09
32300.04800076804 5.666101242190941e-10
32350.04800076804 1.875283952624302e-09
32400.04800076804 6.119988514615775e-10
32450.04800076804 1.3660438426826062e-09
32500.04800076804 8.072940744867579e-10
32550.04800076804 1.374505747406033e-09
32600.04800076804 9.706658134908321e-10
32650.04800076804 2.192736541796452e-09
32700.04800076804 1.3011929768058265e-09
32750.04800076804 3.4124191648818083e-09
32800.04800076804 2.6036010801239963e-09
32850.04800076804 4.840226992424928e-09
32900.04800076804 4.4624515431600035e-09
32950.04800076804 5.121437126178988e-09
33000.04800076804 2.8110907136407934e-09
33050.04800076804 3.1859347289791278e-09
33100.04800076804 1.141720030776371e-09
33150.04800076804 1.061607338737582e-11
33200.04800076804 6.386124787827753e-11
33250.04800076804 6.581077920297216e-11
33300.04800076804 2.0271629895390726e-10
33350.04800076804 6.412237963885387e-10
33400.04800076804 1.4356085273809477e-09
33450.04800076804 1.253442346886797e-09
33500.04800076804 3.3000554672369258e-09
33550.04800076804 1.6506349082508508e-09
33600.04800076804 2.567740182218194e-09
33650.04800076804 2.3654520874910673e-09
33700.04800076804 1.5009357809673908e-09
33750.04800076804 3.3346352765347225e-09
33800.04800076804 8.325709666736807e-10
33850.04800076804 1.9853930838907784e-09
33900.04800076804 2.123387682449258e-09
33950.04800076804 1.954840591696209e-09
34000.04800076804 3.277802659268013e-09
34050.04800076804 7.963782880515476e-10
34100.04800076804 2.6721429664589238e-09
34150.04800076804 1.3277975119518898e-09
34200.04800076804 2.47337297878135e-09
34250.04800076804 1.9559952791804228e-09
34300.04800076804 1.6750128255871992e-09
34350.04800076804 3.4422556264495e-09
34400.04800076804 1.4677354063272508e-09
34450.04800076804 3.499818806379602e-09
34500.04800076804 1.9228601380001576e-09
34550.04800076804 1.4082947942107968e-09
34600.04800076804 4.474563584841779e-09
34650.04800076804 1.2300551278490574e-09
34700.04800076804 2.601196860450463e-09
34750.04800076804 2.3618546230314523e-09
34800.04800076804 1.6514296792610597e-09
34850.04800076804 4.271188970565583e-09
34900.04800076804 2.3989060458039774e-09
34950.04800076804 3.328007754353411e-09
35000.04800076804 6.03387787603683e-09
35050.04800076804 3.222950229169544e-09
35100.04800076804 6.8078608841766255e-09
35150.04800076804 5.837970660862947e-09
35200.04800076804 5.812271424132543e-09
35250.04800076804 7.534977662358321e-09
35300.04800076804 3.983199614375218e-09
35350.04800076804 6.745162888906714e-09
35400.04800076804 5.48434772460473e-09
35450.04800076804 4.4742607415010456e-09
35500.04800076804 1.2581457665902327e-08
35550.04800076804 7.231827481747903e-09
35600.04800076804 8.81190735422906e-09
35650.04800076804 9.23186448791191e-09
35700.04800076804 6.839498017325544e-09
35750.04800076804 1.4772816864535864e-08
35800.04800076804 9.79773283931557e-09
35850.04800076804 5.67171610980593e-09
35900.04800076804 9.856593046233336e-09
35950.04800076804 1.0975191576933937e-08
36000.04800076804 6.671157549900461e-09
36050.04800076804 9.31463948687714e-09
36100.04800076804 8.203791999322403e-09
36150.04800076804 1.4993357645220673e-08
36200.04800076804 1.3547642005091396e-08
36250.04800076804 1.324080207079397e-08
36300.04800076804 1.91314335392442e-08
36350.04800076804 1.422189452113462e-08
36400.04800076804 2.294733087886886e-08
36450.04800076804 1.8121338930593296e-08
36500.04800076804 1.8902124548783676e-08
36550.04800076804 2.9519037613823667e-08
36600.04800076804 3.232869512763212e-08
36650.04800076804 2.7645115461232075e-08
36700.04800076804 2.7974129217094737e-08
36750.04800076804 3.257170328879739e-08
36800.04800076804 3.282339218158607e-08
36850.04800076804 2.1508154270054276e-08
36900.04800076804 2.9773579991162794e-08
36950.04800076804 3.302280179702202e-08
37000.04800076804 2.7258897168911687e-08
37050.04800076804 3.6977412180946923e-08
37100.04800076804 3.0428222272030425e-08
37150.04800076804 3.374540351395452e-08
37200.04800076804 3.9566036607884924e-08
37250.04800076804 2.9341687201780842e-08
37300.04800076804 2.8093337380106525e-08
37350.04800076804 3.9063417041062034e-08
37400.04800076804 5.3246019352467504e-08
37450.04800076804 2.8867398459554692e-08
37500.04800076804 3.369833880873657e-08
37550.04800076804 5.933347424075732e-08
37600.04800076804 7.34463534307903e-08
37650.04800076804 3.814974533339715e-08
37700.04800076804 5.514579329325398e-08
37750.04800076804 3.755034995816103e-08
37800.04800076804 4.3235851126352e-08
37850.04800076804 2.809016577540543e-08
37900.04800076804 3.601512584933377e-08
37950.04800076804 5.189392746461721e-08
38000.04800076804 5.888719996881949e-08
38050.04800076804 6.038619686853877e-08
38100.04800076804 7.211887306233406e-08
38150.04800076804 7.061010199603306e-08
38200.04800076804 7.031815239834259e-08
38250.04800076804 7.03116597108697e-08
38300.04800076804 1.0749167266117335e-07
38350.04800076804 9.57504119412432e-08
38400.04800076804 5.4405328090408977e-08
38450.04800076804 4.4313579309917607e-08
38500.04800076804 2.921329688656677e-08
38550.04800076804 5.5942581654297544e-08
38600.04800076804 6.223796325399072e-08
38650.04800076804 8.048750631326109e-08
38700.04800076804 7.853907457082743e-08
38750.04800076804 8.220238450430658e-08
38800.04800076804 6.172810322737404e-08
38850.04800076804 8.94630506874083e-08
38900.04800076804 9.428495108161183e-08
38950.04800076804 6.479157733981751e-08
39000.04800076804 1.0220911024267927e-07
39050.04800076804 7.293251209401172e-08
39100.04800076804 9.049187887174784e-08
39150.04800076804 9.144091321243275e-08
39200.04800076804 7.70764628805041e-08
39250.04800076804 1.0582822526097274e-07
39300.04800076804 9.290819752450336e-08
39350.04800076804 1.359907055511664e-07
39400.04800076804 1.0434158902914e-07
39450.04800076804 1.1288455135384054e-07
39500.04800076804 1.219931283818132e-07
39550.04800076804 9.767529011095152e-08
39600.04800076804 1.1628968008645011e-07
39650.04800076804 1.560577488169273e-07
39700.04800076804 1.218135924381522e-07
39750.04800076804 7.369324531673974e-08
39800.04800076804 9.983138209726471e-08
39850.04800076804 1.5325099268935617e-07
39900.04800076804 1.578843615003155e-07
39950.04800076804 1.1867615060628588e-07
40000.04800076804 1.660726901719727e-07
40050.04800076804 1.52920512270705e-07
40100.04800076804 8.219635229562195e-08
40150.04800076804 1.587546528728883e-07
40200.04800076804 1.6457613311679257e-07
40250.04800076804 1.7247299217676125e-07
40300.04800076804 1.728270333151961e-07
40350.04800076804 1.1370823496811139e-07
40400.04800076804 1.7084772869502223e-07
40450.04800076804 1.2197306906858128e-07
40500.04800076804 1.8264179645819173e-07
40550.04800076804 1.7456938197921756e-07
40600.04800076804 1.673485231687941e-07
40650.04800076804 1.483114163205702e-07
40700.04800076804 2.422426870614904e-07
40750.04800076804 1.8046206575337566e-07
40800.04800076804 1.2444005692554736e-07
40850.04800076804 2.356010080136533e-07
40900.04800076804 2.1823787084435416e-07
40950.04800076804 1.549175267350617e-07
41000.04800076804 1.882185728787142e-07
41050.04800076804 2.409381935435807e-07
41100.04800076804 1.779960217967716e-07
41150.04800076804 1.1148719310185072e-07
41200.04800076804 2.388461536871408e-07
41250.04800076804 2.0171970075989997e-07
41300.04800076804 1.8758803088192774e-07
41350.04800076804 2.532435646859503e-07
41400.04800076804 2.1223694306726037e-07
41450.04800076804 2.326672571838801e-07
41500.04800076804 1.6950473601406258e-07
41550.04800076804 1.536552766308232e-07
41600.04800076804 2.0138456118099879e-07
41650.04800076804 2.2813287383102435e-07
41700.04800076804 2.1126084729190876e-07
41750.04800076804 1.9464925193795063e-07
41800.04800076804 2.626803942142112e-07
41850.04800076804 1.594524380917625e-07
41900.04800076804 1.62960881717225e-07
41950.04800076804 2.0478907681275443e-07
42000.04800076804 2.3100158690648825e-07
42050.04800076804 1.9176947902547477e-07
42100.04800076804 2.582817677373574e-07
42150.04800076804 1.8277712239094667e-07
42200.04800076804 1.9044238105671178e-07
42250.04800076804 1.6928338363867484e-07
42300.04800076804 1.6532560113954218e-07
42350.04800076804 2.071866886580223e-07
42400.04800076804 2.2360746905097686e-07
42450.04800076804 1.9616780107872285e-07
42500.04800076804 1.8759304775222052e-07
42550.04800076804 1.7585238911409945e-07
42600.04800076804 1.8634373522534423e-07
42650.04800076804 2.6768876106148484e-07
42700.04800076804 1.4412550862450868e-07
42750.04800076804 1.6316318734800138e-07
42800.04800076804 1.8554258325767727e-07
42850.04800076804 2.1348776173618796e-07
42900.04800076804 2.3630573975715193e-07
42950.04800076804 1.6959493045721842e-07
43000.04800076804 2.207150921139372e-07
43050.04800076804 1.0307221052823561e-07
43100.04800076804 1.6948685775577923e-07
43150.04800076804 1.691266319453825e-07
43200.04800076804 1.9803931391388358e-07
43250.04800076804 2.795313072459875e-07
43300.04800076804 2.6073565831959365e-07
43350.04800076804 1.3872451051922626e-07
43400.04800076804 1.936821500837068e-07
43450.04800076804 1.3731471220352412e-07
43500.04800076804 1.6294762703310396e-07
43550.04800076804 1.5799918714646306e-07
43600.04800076804 2.1819466266205722e-07
