galfind/configs/Brown_Dwarf_templates/sonora_cholla/logkzz4/562g/700K_562g_logkzz4_resample.dat
# %ECSV 1.0
# ---
# datatype:
# - {name: wav, unit: Angstrom, datatype: float64}
# - {name: flux_nu, unit: erg / (cm2 Hz s), datatype: float64}
# schema: astropy-2.0
wav flux_nu
[from data line 1211]
63550.04800076804 3.9860198632904154e-08
63600.04800076804 3.7412554875570773e-08
63650.04800076804 2.325401672861326e-08
63700.04800076804 8.12751930129939e-09
63750.04800076804 1.9525268134460595e-08
63800.04800076804 4.218541082071843e-08
63850.04800076804 3.1830716328717014e-08
63900.04800076804 1.128222509859414e-08
63950.04800076804 2.539091332870137e-08
64000.04800076804 3.291522576741095e-08
64050.04800076804 1.3947446263524876e-08
64100.04800076804 3.31440663304031e-09
64150.04800076804 5.26107135540302e-09
64200.04800076804 6.487580614044913e-09
64250.04800076804 1.790405476611978e-08
64300.04800076804 1.3878216407190289e-08
64350.04800076804 9.756588730212083e-09
64400.04800076804 2.6522867385718048e-08
64450.04800076804 2.851657173597642e-08
64500.04800076804 1.1180027317236788e-08
64550.04800076804 2.3609196053297513e-08
64600.04800076804 1.3521471428003697e-08
64650.04800076804 2.1857981039267038e-08
64700.04800076804 7.517342176784415e-09
64750.04800076804 1.2218720546289994e-08
64800.04800076804 7.940851799299862e-09
64850.04800076804 5.691408785714845e-09
64900.04800076804 5.83719175469181e-09
64950.04800076804 5.169316129391758e-09
65000.04800076804 8.549061677063502e-09
65050.04800076804 1.4446669199810327e-08
65100.04800076804 2.0861809991898035e-08
65150.04800076804 9.853227377495551e-09
65200.04800076804 5.003323460919543e-09
65250.04800076804 1.4295760351576343e-08
65300.04800076804 1.514875546267774e-08
65350.04800076804 3.7991949397466876e-08
65400.04800076804 1.447742402702923e-08
65450.04800076804 1.4572984247359757e-08
65500.04800076804 1.7718928636132098e-08
65550.04800076805 7.70525802439828e-09
65600.04800076805 1.7205409192648928e-08
65650.04800076805 1.1273223595334387e-08
65700.04800076805 1.0482874745815767e-08
65750.04800076805 7.039799513814845e-09
65800.04800076805 1.5251472138467345e-08
65850.04800076805 2.2141628786055255e-08
65900.04800076805 6.23806255137037e-09
65950.04800076805 1.0060946095919711e-08
66000.04800076805 1.3179397458677186e-08
66050.04800076805 2.9154543479963522e-08
66100.04800076805 1.5529355411586895e-08
66150.04800076805 1.380870454181518e-08
66200.04800076805 1.2844318717029112e-08
66250.04800076805 8.38490657767021e-09
66300.04800076805 3.453268776998285e-09
66350.04800076805 3.372253362228073e-09
66400.04800076805 6.491106102544559e-09
66450.04800076805 1.8570653498789456e-08
66500.04800076805 2.7613099804772894e-08
66550.04800076805 2.6561793859449213e-08
66600.04800076805 2.0569380210549368e-08
66650.04800076805 1.5646020404928458e-08
66700.04800076805 1.1166850051193477e-08
66750.04800076805 1.1447726232217156e-08
66800.04800076805 1.4314883372572514e-08
66850.04800076805 9.05051968094264e-09
66900.04800076805 2.982533058187444e-08
66950.04800076805 2.8679753828346712e-08
67000.04800076805 3.273257577001687e-08
67050.04800076805 1.775152538939591e-08
67100.04800076805 1.0503430732849734e-08
67150.04800076805 1.2669073969600133e-08
67200.04800076805 2.0026850421102922e-08
67250.04800076805 1.790477582057272e-08
67300.04800076805 2.8342614490015505e-08
67350.04800076805 1.3229585575781997e-08
67400.04800076805 3.2244534566890265e-08
67450.04800076805 2.0047313618771254e-08
67500.04800076805 1.8722740575293996e-08
67550.04800076805 3.4840165453268303e-08
67600.04800076805 5.776291728476482e-08
67650.04800076805 4.156695199443543e-08
67700.04800076805 2.4114253415537107e-08
67750.04800076805 1.546790705656161e-08
67800.04800076805 2.3282960231644216e-08
67850.04800076805 1.0192662334889892e-08
67900.04800076805 1.3010008149090143e-08
67950.04800076805 9.981805834029205e-09
68000.04800076805 2.2403351103844848e-08
68050.04800076805 2.7920538085460013e-08
68100.04800076805 4.0828968675940945e-08
68150.04800076805 3.343432582263314e-08
68200.04800076805 2.649755212403885e-08
68250.04800076805 6.182718332279089e-09
68300.04800076805 2.7188879370099536e-08
68350.04800076805 2.3987418261170247e-08
68400.04800076805 4.609401728503593e-08
68450.04800076805 3.742265745959547e-08
68500.04800076805 2.4121880257541076e-08
68550.04800076805 1.0250575061955519e-08
68600.04800076805 1.0841058015017938e-08
68650.04800076805 5.376109430537473e-09
68700.04800076805 1.3947559593619278e-08
68750.04800076805 2.3683347767213293e-08
68800.04800076805 2.6966839987576648e-08
68850.04800076805 1.0807372560423906e-08
68900.04800076805 4.141588547012813e-08
68950.04800076805 4.2809677376498486e-08
69000.04800076805 2.9188448634185423e-08
69050.04800076805 1.4419703263003848e-08
69100.04800076805 3.7350293088149466e-08
69150.04800076805 5.2146502044769215e-08
69200.04800076805 3.5462486308639397e-08
69250.04800076805 5.2012784826039336e-08
69300.04800076805 3.0880820405017214e-08
69350.04800076805 5.488751357923892e-08
69400.04800076805 1.881697501755827e-08
69450.04800076805 5.059679644359821e-08
69500.04800076805 2.447447807095365e-08
69550.04800076805 2.0477664786423794e-08
69600.04800076805 5.548339955513401e-09
69650.04800076805 1.9860584324928007e-08
69700.04800076805 3.717853777106195e-08
69750.04800076805 2.317537963424845e-08
69800.04800076805 3.721511291380146e-08
69850.04800076805 3.9657168489445015e-08
69900.04800076805 2.6580243644510058e-08
69950.04800076805 2.5429356656758705e-08
70000.04800076805 2.5953827528703486e-08
70050.04800076805 5.0446611688254874e-08
70100.04800076805 3.508477746897039e-08
70150.04800076805 2.9617244905945185e-08
70200.04800076805 1.971217363221012e-08
70250.04800076805 2.760010672488104e-08
70300.04800076805 4.9236934847482746e-08
70350.04800076805 3.586942824591037e-08
70400.04800076805 1.881167646597965e-08
70450.04800076805 3.9696103751401215e-09
70500.04800076805 1.5560100944301953e-08
70550.04800076805 1.5518991706731762e-08
70600.04800076805 1.5890968133366247e-08
70650.04800076805 3.9530006413601635e-08
70700.04800076805 3.89523656634778e-08
70750.04800076805 5.7387618447002555e-08
70800.04800076805 2.6768766373875166e-08
70850.04800076805 2.6569657985956428e-08
70900.04800076805 3.197335934581799e-08
70950.04800076805 4.5256007083285935e-08
71000.04800076805 4.077402345688612e-08
71050.04800076805 4.107308217269456e-08
71100.04800076805 3.217980123666104e-08
71150.04800076805 2.3002565129453985e-08
71200.04800076805 2.053661426000258e-08
71250.04800076805 3.2524757827848624e-08
71300.04800076805 4.334616093006984e-08
71350.04800076805 4.539951589761328e-08
71400.04800076805 3.623979518875113e-08
71450.04800076805 1.5404367385741588e-08
71500.04800076805 1.7789068790296275e-08
71550.04800076805 2.1994061035420487e-08
71600.04800076805 2.6568742881670677e-08
71650.04800076805 1.7832255493604045e-08
71700.04800076805 1.292809999532056e-08
71750.04800076805 2.678105341173892e-08
71800.04800076805 3.8495466537214604e-08
71850.04800076805 3.676259508346785e-08
71900.04800076805 1.9630180035235428e-08
71950.04800076805 2.7897546577205305e-08
72000.04800076805 2.5670246656314777e-08
72050.04800076805 1.3603449009768393e-08
72100.04800076805 1.6864749681085834e-08
72150.04800076805 1.6956787418635704e-08
72200.04800076805 2.7703515572230613e-08
72250.04800076805 3.89664824379652e-08
72300.04800076805 2.4571835545630607e-08
72350.04800076805 2.9192933236367456e-08
72400.04800076805 2.560979772214447e-08
72450.04800076805 2.0431983860177183e-08
72500.04800076805 2.8057857202522136e-08
72550.04800076805 1.0598010671412044e-08
72600.04800076805 1.9186270205774744e-08
72650.04800076805 3.350816299833508e-08
72700.04800076805 2.176077869154138e-08
72750.04800076805 2.2555144830914058e-08
72800.04800076805 1.371026932765918e-08
72850.04800076805 1.8064342666523465e-08
72900.04800076805 3.650964756151584e-08
72950.04800076805 2.2534109185376463e-08
73000.04800076805 2.3397158753055646e-08
73050.04800076805 1.274307239800147e-08
73100.04800076805 1.582975114363548e-08
73150.04800076805 3.738817121761718e-08
73200.04800076805 1.4773955687559605e-08
73250.04800076805 2.034772483477352e-08
73300.04800076805 1.555758537519606e-08
73350.04800076805 1.0922320175466339e-08
73400.04800076805 1.9958820621413446e-08
73450.04800076805 1.1370501902335432e-08
73500.04800076805 1.0088558755411147e-08
73550.04800076805 1.8177758831816194e-08
73600.04800076805 1.726432953704109e-08
73650.04800076805 1.9109792856083074e-08
73700.04800076805 1.863000143362585e-08
73750.04800076805 7.016148557623618e-09
73800.04800076805 1.6467524847591856e-08
73850.04800076805 2.2715034774490663e-08
73900.04800076805 1.372191019450078e-08
73950.04800076805 1.4136773148433632e-08
74000.04800076805 7.876814880475205e-09
74050.04800076805 2.773072648174065e-08
74100.04800076805 1.85259069911927e-08
74150.04800076805 1.896622475110871e-08
74200.04800076805 1.1804063044572336e-08
74250.04800076805 2.81234824344003e-09
74300.04800076805 1.7835326905871454e-08
74350.04800076805 2.61286189621693e-08
74400.04800076805 2.4915790773039926e-08
74450.04800076805 1.009773554736654e-08
74500.04800076805 6.430054446977872e-09
74550.04800076805 1.3740692277650017e-08
74600.04800076805 1.5890526059377662e-08
74650.04800076805 1.5937951793224165e-08
74700.04800076805 1.0593007839609023e-08
74750.04800076805 7.790657322630143e-09
74800.04800076805 1.1115881330064351e-08
74850.04800076805 1.4605044002975087e-08
74900.04800076805 2.4307980105672358e-08
74950.04800076805 2.3781268250313422e-08
75000.04800076805 1.1386673697864719e-08
75050.04800076805 4.09046031107962e-09
75100.04800076805 2.3137539774259927e-08
75150.04800076805 2.539551128687609e-08
75200.04800076805 2.722499837376897e-08
75250.04800076805 2.866750426387461e-08
75300.04800076805 2.293965800600387e-08
75350.04800076805 7.840611468792816e-09
75400.04800076805 3.0955047483647104e-08
75450.04800076805 2.6660067012003555e-08
75500.04800076805 2.499222518827242e-08
75550.04800076805 2.458801016807224e-08
75600.04800076805 3.146933499814685e-08
75650.04800076805 1.8243985834784903e-08
75700.04800076805 3.033541947644446e-08
75750.04800076805 1.6128778391125176e-08
75800.04800076805 2.5931881102204787e-08
75850.04800076805 3.0272403362219115e-08
75900.04800076805 2.960029341214751e-08
75950.04800076805 1.4716697033670823e-08
76000.04800076805 3.2906423897018376e-08
76050.04800076805 3.086267969988565e-08
76100.04800076805 2.8316352434684858e-08
76150.04800076805 3.144045564517531e-08
76200.04800076805 2.8599611062519644e-08
76250.04800076805 2.1029440309030283e-08
76300.04800076805 4.752070215592287e-08
76350.04800076805 5.303394291929372e-08
76400.04800076805 4.066029108236512e-08
76450.04800076805 3.314076208867745e-08
76500.04800076805 2.3335514775651226e-08
76550.04800076805 1.041649538912096e-08
76600.04800076805 2.6516187091117187e-09
76650.04800076805 3.236706796301814e-09
76700.04800076805 4.69171542992537e-09
76750.04800076805 4.7121795139626445e-09
76800.04800076805 9.920475252625846e-09
76850.04800076805 3.700832047511215e-09
76900.04800076805 3.6653387536595948e-09
76950.04800076805 9.688586435524523e-09
77000.04800076805 1.3218391636883984e-08
77050.04800076805 4.395436966542474e-09
77100.04800076805 5.4596941031266565e-09
77150.04800076805 1.563015066952937e-08
77200.04800076805 1.0256145367370413e-08
77250.04800076805 9.655387391370948e-09
77300.04800076805 1.4298525909260774e-08
77350.04800076805 6.520150680674493e-09
77400.04800076805 7.746585458436207e-09
77450.04800076805 1.6013448351648653e-08
77500.04800076805 1.2565564154617184e-08
77550.04800076805 1.1259236607425285e-08
77600.04800076805 7.615858185995501e-09
77650.04800076805 9.745263754233768e-09
77700.04800076805 8.024174649893929e-09
77750.04800076805 1.9405432110673414e-08
77800.04800076805 1.8373398544501918e-08
77850.04800076805 3.3835615266442696e-08
77900.04800076805 1.7986222103297002e-08
77950.04800076805 5.565777057056536e-09
78000.04800076805 1.302814416797845e-08
78050.04800076805 1.516940394475051e-08
78100.04800076805 1.565203087193389e-08
78150.04800076805 2.7597900695788985e-08
78200.04800076805 2.8439349201663073e-08
78250.04800076805 2.817284286894272e-08
78300.04800076805 1.4987142944539697e-08
78350.04800076805 2.379131352950638e-08
78400.04800076805 1.0297724324276746e-08
78450.04800076805 2.3771046116507562e-08
78500.04800076805 3.233629100108438e-08
78550.04800076805 3.946608087058734e-08
78600.04800076805 2.9315030187973695e-08
78650.04800076805 5.282975596512947e-09
78700.04800076805 1.0915619054739479e-08
78750.04800076805 1.5996893747876107e-08
78800.04800076805 1.8308368146587127e-08
78850.04800076805 7.340453885743724e-09
78900.04800076805 1.7995234365072903e-08
78950.04800076805 2.521659571388922e-08
79000.04800076805 2.1011144653038455e-08
79050.04800076805 1.607171040137756e-08
79100.04800076805 2.000217738312407e-08
79150.04800076805 1.8440830702146302e-08
79200.04800076805 2.25635158718946e-08
79250.04800076805 1.2974838007557704e-08
79300.04800076805 1.1866839216656658e-08
79350.04800076805 1.9071795445677212e-08
79400.04800076805 1.1094085044412489e-08
79450.04800076805 2.9607306053676154e-08
79500.04800076805 4.135231583601134e-08
79550.04800076805 3.2055888829880566e-08
79600.04800076805 1.5212058865480954e-08
79650.04800076805 2.4815971471835388e-08
79700.04800076805 2.2129964239234906e-08
79750.04800076805 2.224499565390322e-08
79800.04800076805 1.3005606649140407e-08
79850.04800076805 2.40645753248878e-08
79900.04800076805 4.5183212788972256e-08
79950.04800076805 3.869918118565233e-08
