galfind/configs/Brown_Dwarf_templates/sonora_cholla/logkzz4/562g/750K_562g_logkzz4_resample.dat
# %ECSV 1.0
# ---
# datatype:
# - {name: wav, unit: Angstrom, datatype: float64}
# - {name: flux_nu, unit: erg / (cm2 Hz s), datatype: float64}
# schema: astropy-2.0
wav flux_nu
[from data line 813]
43650.04800076804 1.4892162822153042e-07
43700.04800076804 2.975169744332974e-07
43750.04800076804 2.7621154800313245e-07
43800.04800076804 2.175729569312828e-07
43850.04800076804 2.2115359386937535e-07
43900.04800076804 1.9718593866417925e-07
43950.04800076804 1.4811658217323406e-07
44000.04800076804 1.0994025791830492e-07
44050.04800076804 2.139713355467796e-07
44100.04800076804 2.5490469098046245e-07
44150.04800076804 2.4512694215010064e-07
44200.04800076804 2.1075790120490667e-07
44250.04800076804 1.4606235569221226e-07
44300.04800076804 1.2753280049725612e-07
44350.04800076804 1.2808007862900228e-07
44400.04800076804 1.2852728451910284e-07
44450.04800076804 1.5138765220552885e-07
44500.04800076804 1.2588020727699052e-07
44550.04800076804 1.6138234237097804e-07
44600.04800076804 1.1741705504763276e-07
44650.04800076804 1.4064305270346338e-07
44700.04800076804 1.1037329005939558e-07
44750.04800076804 1.2488995216036588e-07
44800.04800076804 1.0342941340734124e-07
44850.04800076804 1.139666018452343e-07
44900.04800076804 8.648067271349699e-08
44950.04800076804 7.927739743114681e-08
45000.04800076804 9.131050349608029e-08
45050.04800076804 9.414590351099242e-08
45100.04800076804 9.258556305563644e-08
45150.04800076804 7.534256442842712e-08
45200.04800076804 4.8542952554405065e-08
45250.04800076804 5.6550289512913704e-08
45300.04800076804 7.099761456555282e-08
45350.04800076804 6.563303511995322e-08
45400.04800076804 5.6397842941395186e-08
45450.04800076804 5.2901357638698526e-08
45500.04800076804 5.980365738288382e-08
45550.04800076804 6.844176883217287e-08
45600.04800076804 5.033199189646026e-08
45650.04800076804 4.854467202596951e-08
45700.04800076804 6.133000434404467e-08
45750.04800076804 4.8732163501277134e-08
45800.04800076804 4.2195723111924343e-08
45850.04800076804 6.855003389371006e-08
45900.04800076804 7.163087678457672e-08
45950.04800076804 4.175303517023746e-08
46000.04800076804 6.63861467891679e-08
46050.04800076804 7.14726453481874e-08
46100.04800076804 4.45082059572751e-08
46150.04800076804 6.634909605354536e-08
46200.04800076804 6.030019490246833e-08
46250.04800076804 3.082996184406308e-08
46300.04800076804 8.089744476528004e-08
46350.04800076804 5.680765863248374e-08
46400.04800076804 7.083758754775246e-08
46450.04800076804 9.69293063912851e-08
46500.04800076804 6.530874564647613e-08
46550.04800076804 8.084865752918915e-08
46600.04800076804 8.212891456481535e-08
46650.04800076804 1.7725667311897876e-07
46700.04800076804 1.1152739265769743e-07
46750.04800076804 7.271433158682568e-08
46800.04800076804 4.5432959513320214e-08
46850.04800076804 1.0489854427649892e-07
46900.04800076804 8.637796013871875e-08
46950.04800076804 1.2364438839251504e-07
47000.04800076804 5.8116335718185875e-08
47050.04800076804 1.1424651500959396e-07
47100.04800076804 4.109038988767555e-08
47150.04800076804 6.574003860174729e-08
47200.04800076804 8.647421898292674e-08
47250.04800076804 5.2296194346597666e-08
47300.04800076804 5.749700655839516e-08
47350.04800076804 5.135482375984069e-08
47400.04800076804 1.0525292754169092e-07
47450.04800076804 4.6915945032672596e-08
47500.04800076804 1.1744057863819527e-07
47550.04800076804 5.202736763978417e-08
47600.04800076804 1.0223306638527046e-07
47650.04800076804 5.03690066430429e-08
47700.04800076804 9.855676196748115e-08
47750.04800076804 4.140924325894482e-08
47800.04800076804 7.58450536989851e-08
47850.04800076804 3.755319365551607e-08
47900.04800076804 6.015956006221299e-08
47950.04800076804 6.32492851692583e-08
48000.04800076804 1.230546475090796e-07
48050.04800076804 7.417901702551418e-08
48100.04800076804 8.04780499227252e-08
48150.04800076804 6.942034149159504e-08
48200.04800076804 9.79732318254564e-08
48250.04800076804 6.940582604780377e-08
48300.04800076804 1.4486617680800723e-07
48350.04800076804 6.431573316559918e-08
48400.04800076804 5.442912472089128e-08
48450.04800076804 6.233502861487641e-08
48500.04800076804 1.2036511526787933e-07
48550.04800076804 6.12363480917246e-08
48600.04800076804 1.1995431587072604e-07
48650.04800076804 7.578819104018013e-08
48700.04800076804 1.306025801377375e-07
48750.04800076804 7.327349211001355e-08
48800.04800076804 1.3731574753699675e-07
48850.04800076804 8.421933761241517e-08
48900.04800076804 1.1796594755438494e-07
48950.04800076804 9.723033801772153e-08
49000.04800076804 6.82052287153505e-08
49050.04800076804 1.273357630503833e-07
49100.04800076804 9.636909146732532e-08
49150.04800076804 1.3995782518381286e-07
49200.04800076804 1.0575873923708363e-07
49250.04800076804 1.5995098318150555e-07
49300.04800076804 1.0460358531742554e-07
49350.04800076804 8.0345767472329e-08
49400.04800076804 1.0489580301852463e-07
49450.04800076804 1.112969756027247e-07
49500.04800076804 9.305531881607041e-08
49550.04800076804 3.277961843492542e-08
49600.04800076804 8.033906371297456e-08
49650.04800076804 9.589389735711016e-08
49700.04800076804 1.0589039858358797e-07
49750.04800076804 1.4937066129067797e-07
49800.04800076804 8.420736612763676e-08
49850.04800076804 1.8043150251556318e-07
49900.04800076804 1.382821005784245e-07
49950.04800076804 1.40368019942609e-07
50000.04800076804 1.3855754663278696e-07
50050.04800076804 1.4826549489475587e-07
50100.04800076804 1.4085771388711526e-07
50150.04800076804 6.774971270215925e-08
50200.04800076804 2.584300875350569e-08
50250.04800076804 9.590488865036938e-08
50300.04800076804 6.943345675362481e-08
50350.04800076804 1.4460405318781552e-07
50400.04800076804 1.3396882908657398e-07
50450.04800076804 1.1219513945816732e-07
50500.04800076804 1.6809690724177712e-07
50550.04800076804 1.5447723573492268e-07
50600.04800076804 1.244315829258112e-07
50650.04800076804 1.4859548885354855e-07
50700.04800076804 1.9781736211645117e-07
50750.04800076804 1.375338540465172e-07
50800.04800076804 6.073722211146622e-08
50850.04800076804 4.2966665791834946e-08
50900.04800076804 1.5248866758931213e-07
50950.04800076804 1.4473800016475517e-07
51000.04800076804 1.1510826745414682e-07
51050.04800076804 1.3709746139423786e-07
51100.04800076804 5.358655101929768e-08
51150.04800076804 7.920578260648605e-08
51200.04800076804 1.9109747503994585e-07
51250.04800076804 1.2540035345951318e-07
51300.04800076804 9.379102812907014e-08
51350.04800076804 1.0808582368680666e-07
51400.04800076804 5.039679852902718e-08
51450.04800076804 4.259541158515928e-08
51500.04800076804 3.6875511537334956e-08
51550.04800076804 9.833667957456426e-08
51600.04800076804 8.074338711853179e-08
51650.04800076804 1.0680186313720607e-07
51700.04800076804 1.0961155664556989e-07
51750.04800076804 6.724137477690789e-08
51800.04800076804 1.4517050483037064e-07
51850.04800076804 1.192612147586235e-07
51900.04800076804 1.5678086919377798e-07
51950.04800076804 1.0017289560515018e-07
52000.04800076804 1.9720920119233724e-08
52050.04800076804 5.920277893128683e-08
52100.04800076804 4.439917746713819e-08
52150.04800076804 2.969408129339418e-08
52200.04800076804 4.849207945309079e-08
52250.04800076804 8.196213583201289e-08
52300.04800076804 1.327901332168479e-07
52350.04800076804 5.24039534451742e-08
52400.04800076804 5.0963062156613504e-08
52450.04800076804 1.2100102206201699e-07
52500.04800076804 1.0995387568551616e-07
52550.04800076804 1.0545236135146667e-07
52600.04800076804 8.516213120097374e-08
52650.04800076804 8.67562959496249e-08
52700.04800076804 6.941416320531654e-08
52750.04800076804 4.2026621412582216e-08
52800.04800076804 5.428623646924792e-08
52850.04800076804 6.691637164985912e-08
52900.04800076804 4.0336793364037234e-08
52950.04800076804 5.3487904060803054e-08
53000.04800076804 1.0757003898334442e-07
53050.04800076804 3.6425789172020686e-08
53100.04800076804 1.1270039360909057e-07
53150.04800076804 1.3405413720488016e-07
53200.04800076804 5.278073026659522e-08
53250.04800076804 1.1821414147557293e-07
53300.04800076804 1.2646656894492802e-07
53350.04800076804 1.2515850669273493e-07
53400.04800076804 9.856689914566959e-08
53450.04800076804 3.2099439411845563e-08
53500.04800076804 1.3376706119242486e-08
53550.04800076804 2.5556736971142726e-08
53600.04800076804 6.465312236509294e-08
53650.04800076804 5.818192080487474e-08
53700.04800076804 4.986677693701597e-08
53750.04800076804 4.708166294655039e-08
53800.04800076804 4.693093203581828e-08
53850.04800076804 7.208029571359428e-08
53900.04800076804 9.092075960762242e-08
53950.04800076804 1.0610375405917975e-07
54000.04800076804 6.599895869978478e-08
54050.04800076804 7.199538819549717e-08
54100.04800076804 2.1864155437782626e-08
54150.04800076804 3.435208837412759e-08
54200.04800076804 9.86947439815592e-09
54250.04800076804 1.9568349526344813e-08
54300.04800076804 4.2837150032599284e-08
54350.04800076804 6.152857563177928e-08
54400.04800076804 5.474911984892142e-08
54450.04800076804 4.8445953784782885e-08
54500.04800076804 4.140995908404934e-08
54550.04800076804 3.8495077049327734e-08
54600.04800076804 4.210681329911601e-08
54650.04800076804 1.1934126729319625e-08
54700.04800076804 5.002481223264945e-08
54750.04800076804 4.56731245740664e-08
54800.04800076804 2.723553238582486e-08
54850.04800076804 3.913185802311515e-08
54900.04800076804 6.249166478732995e-08
54950.04800076804 9.05017645275944e-08
55000.04800076804 2.974271228676019e-08
55050.04800076804 5.0001037096916855e-08
55100.04800076804 5.6047156937802436e-08
55150.04800076804 3.430075127419689e-08
55200.04800076804 2.9606886786592658e-08
55250.04800076804 4.0631638104090476e-08
55300.04800076804 2.6116957166358542e-08
55350.04800076804 5.3604019648111e-08
55400.04800076804 6.272624289097045e-08
55450.04800076804 3.736173678326642e-08
55500.04800076804 1.6362047068253213e-08
55550.04800076804 1.9902157971102795e-08
55600.04800076804 2.7767428597660982e-08
55650.04800076804 2.4961203162048913e-08
55700.04800076804 2.8543512565743904e-08
55750.04800076804 2.760340257791544e-08
55800.04800076804 1.4476224357342887e-08
55850.04800076804 1.802031311619878e-08
55900.04800076804 4.271614799592572e-08
55950.04800076804 6.122234426516173e-08
56000.04800076804 2.3589368710614683e-08
56050.04800076804 3.0229568512246485e-08
56100.04800076804 4.339485445688101e-08
56150.04800076804 2.331890311591481e-08
56200.04800076804 3.0764785100914796e-08
56250.04800076804 4.8243052153244076e-08
56300.04800076804 3.532008612383162e-08
56350.04800076804 2.788817763497244e-08
56400.04800076804 1.2260981079151785e-08
56450.04800076804 1.147818300358822e-08
56500.04800076804 2.781342488373085e-08
56550.04800076804 1.297917226361766e-08
56600.04800076804 4.1268206922123955e-08
56650.04800076804 4.550271973935099e-08
56700.04800076804 3.9173769610806026e-08
56750.04800076804 1.4216378393753287e-08
56800.04800076804 3.148036087175947e-08
56850.04800076804 3.264788198501995e-08
56900.04800076804 1.9972404308380094e-08
56950.04800076804 3.9024556558104435e-08
57000.04800076804 4.8872408187226614e-08
57050.04800076804 2.4388422213120003e-08
57100.04800076804 8.9502458931541e-09
57150.04800076804 1.5733786567716522e-08
57200.04800076804 1.3017304292428069e-08
57250.04800076804 1.881593217192723e-08
57300.04800076804 2.890554949984514e-08
57350.04800076804 1.4656903765225551e-08
57400.04800076804 3.673898853230924e-08
57450.04800076804 2.1795764107505097e-08
57500.04800076804 2.0710418131763713e-08
57550.04800076804 2.9708698091504292e-08
57600.04800076804 2.768972452784646e-08
57650.04800076804 7.279043403011673e-09
57700.04800076804 1.2404386356089695e-08
57750.04800076804 2.021677884667479e-08
57800.04800076804 8.047331722262824e-09
57850.04800076804 5.468441013087466e-08
57900.04800076804 6.336540404983781e-08
57950.04800076804 6.575133560510264e-08
58000.04800076804 2.253821624056731e-08
58050.04800076804 3.6684106871165836e-08
58100.04800076804 3.797380942872043e-08
58150.04800076804 2.4343906584432517e-08
58200.04800076804 7.777020203784458e-09
58250.04800076804 1.1820782808193312e-08
58300.04800076804 1.2507909772904916e-08
58350.04800076804 1.547874566180983e-08
58400.04800076804 3.182852364321033e-08
58450.04800076804 3.686973956810424e-08
58500.04800076804 3.6270540383365544e-08
58550.04800076804 3.344937365466248e-08
58600.04800076804 1.4656777059274368e-08
58650.04800076804 1.8628711649545387e-08
58700.04800076804 2.4487436740010443e-08
58750.04800076804 2.2482988626207074e-08
58800.04800076804 5.012509275255704e-09
58850.04800076804 1.6263833120873748e-08
58900.04800076804 2.2446611059542308e-08
58950.04800076804 1.0195563119400451e-08
59000.04800076804 2.3917477882810155e-08
59050.04800076804 3.448346618899034e-08
59100.04800076804 3.5648278493477867e-08
59150.04800076804 2.6060177190988115e-08
59200.04800076804 2.9101001434109657e-08
59250.04800076804 3.05975673548269e-08
59300.04800076804 2.527807931881843e-08
59350.04800076804 6.628154997073808e-09
59400.04800076804 6.642980613046198e-09
59450.04800076804 2.6352469528417498e-08
59500.04800076804 1.36281426748878e-08
59550.04800076804 3.120030813584709e-08
59600.04800076804 3.8847026741860994e-08
59650.04800076804 1.9785297966845212e-08
59700.04800076804 1.4065914905636628e-08
59750.04800076804 4.505649443523995e-08
59800.04800076804 2.005841974953416e-08
59850.04800076804 2.9003459847718222e-08
59900.04800076804 1.0566406769265705e-08
59950.04800076804 2.47559557953733e-08
60000.04800076804 5.196831186542338e-08
60050.04800076804 4.864802455529068e-08
60100.04800076804 4.0024905716550826e-08
60150.04800076804 1.869395616556525e-08
60200.04800076804 3.405291294550594e-08
60250.04800076804 5.527067387951161e-08
60300.04800076804 4.767433486432315e-08
60350.04800076804 2.8363220052734638e-08
60400.04800076804 3.0197726839913776e-08
60450.04800076804 9.242116020496467e-09
60500.04800076804 4.0068900300919915e-09
60550.04800076804 2.6940995002397773e-08
60600.04800076804 3.413495068738891e-08
60650.04800076804 2.2147510737938608e-08
60700.04800076804 1.6166636130561124e-08
60750.04800076804 8.875479501365133e-09
60800.04800076804 3.201057477871437e-08
60850.04800076804 6.161261260444626e-08
60900.04800076804 5.463610952104735e-08
60950.04800076804 4.182193828127909e-08
61000.04800076804 3.8014290713982135e-08
61050.04800076804 1.6570673148800334e-08
61100.04800076804 2.1083050945930605e-08
61150.04800076804 7.714342134085873e-09
61200.04800076804 3.467487132886743e-08
61250.04800076804 4.414676192379782e-08
61300.04800076804 3.884948884861494e-08
61350.04800076804 6.37630666223008e-08
61400.04800076804 2.5195297662373704e-08
61450.04800076804 1.0877068669959051e-08
61500.04800076804 1.3746091237534255e-08
61550.04800076804 2.5384288067944807e-08
61600.04800076804 1.196501718095765e-08
61650.04800076804 2.420226683769575e-08
61700.04800076804 2.571053594883153e-08
61750.04800076804 2.96091768588791e-08
61800.04800076804 2.6150587491091076e-08
61850.04800076804 1.1049868059296618e-08
61900.04800076804 4.491422988916707e-08
61950.04800076804 5.170226873746514e-08
62000.04800076804 5.3056167731795775e-08
62050.04800076804 5.580438409315547e-08
62100.04800076804 3.7141607380589605e-08
62150.04800076804 5.2539461796048204e-08
62200.04800076804 4.593169373774637e-08
62250.04800076804 3.5897830403988215e-08
62300.04800076804 7.669532303292841e-08
62350.04800076804 6.178936736144037e-08
62400.04800076804 2.891041929383989e-08
62450.04800076804 4.153361819736812e-08
62500.04800076804 7.166125976879534e-08
62550.04800076804 7.8638096570226e-08
62600.04800076804 7.050358910233279e-08
62650.04800076804 5.199849336427735e-08
62700.04800076804 4.528560694361712e-08
62750.04800076804 6.750603233090867e-08
62800.04800076804 3.8834838540056234e-08
62850.04800076804 5.998637883565984e-08
62900.04800076804 4.5545641045303184e-08
62950.04800076804 8.274387271645718e-08
63000.04800076804 5.6277113363458365e-08
63050.04800076804 1.0251509074789429e-07
63100.04800076804 9.241884758981877e-08
63150.04800076804 6.187441040174818e-08
63200.04800076804 6.678718292772922e-08
63250.04800076804 6.652127335184923e-08
63300.04800076804 5.481520875820059e-08
63350.04800076804 5.1207359142788396e-08
