galfind/configs/Brown_Dwarf_templates/sonora_cholla/logkzz4/562g/800K_562g_logkzz4_resample.dat
# %ECSV 1.0
# ---
# datatype:
# - {name: wav, unit: Angstrom, datatype: float64}
# - {name: flux_nu, unit: erg / (cm2 Hz s), datatype: float64}
# schema: astropy-2.0
wav flux_nu
[from data line 417]
23850.04800076804 1.569278450466066e-09
23900.04800076804 2.950405129619005e-09
23950.04800076804 2.510275921284371e-09
24000.04800076804 3.757296487573476e-09
24050.04800076804 4.22977135902358e-09
24100.04800076804 3.5252560825860025e-09
24150.04800076804 4.543710958937474e-09
24200.04800076804 4.528969901096197e-09
24250.04800076804 3.21731129526301e-09
24300.04800076804 5.267096137229605e-09
24350.04800076804 3.725110027318503e-09
24400.04800076804 7.048605228146737e-09
24450.04800076804 5.970143371592221e-09
24500.04800076804 6.462502741023031e-09
24550.04800076804 8.104898145922657e-09
24600.04800076804 9.26198818448833e-09
24650.04800076804 1.0709024618843038e-08
24700.04800076804 7.593688140201818e-09
24750.04800076804 8.182482954172844e-09
24800.04800076804 7.859463249786413e-09
24850.04800076804 1.2403840465421326e-08
24900.04800076804 5.1469218192626794e-09
24950.04800076804 9.95581904454953e-09
25000.04800076804 9.494531451031506e-09
25050.04800076804 5.713280588328188e-09
25100.04800076804 8.522800745855648e-09
25150.04800076804 4.437043728796419e-09
25200.04800076804 6.528074796391078e-09
25250.04800076804 3.0814833639135706e-09
25300.04800076804 4.737931054185517e-09
25350.04800076804 2.2177745509265975e-09
25400.04800076804 5.337971778651886e-09
25450.04800076804 2.474491093611703e-09
25500.04800076804 2.1965537794372973e-09
25550.04800076804 3.510013451166794e-09
25600.04800076804 2.0802532790326485e-09
25650.04800076804 1.382081493399309e-09
25700.04800076804 2.587159210610981e-09
25750.04800076804 1.033116649551942e-09
25800.04800076804 3.348199548517523e-09
25850.04800076804 9.651606364172268e-10
25900.04800076804 1.5154977865772847e-09
25950.04800076804 6.604737111265857e-10
26000.04800076804 3.147530472405958e-09
26050.04800076804 9.654336452642187e-10
26100.04800076804 3.025685761008562e-09
26150.04800076804 1.8519720925702466e-09
26200.04800076804 2.14882462746182e-09
26250.04800076804 6.257489264878287e-09
26300.04800076804 2.564453633390558e-09
26350.04800076804 7.426498242252504e-09
26400.04800076804 9.134371355009844e-09
26450.04800076804 7.526346032884208e-09
26500.04800076804 9.557441854050245e-09
26550.04800076804 3.4361903989146485e-09
26600.04800076804 3.866163798296059e-09
26650.04800076804 1.2185616932275602e-09
26700.04800076804 7.400299974223162e-10
26750.04800076804 8.630647764513917e-10
26800.04800076804 1.5492797078445677e-09
26850.04800076804 9.119805940083469e-10
26900.04800076804 2.9366219475154658e-09
26950.04800076804 1.2197903065426656e-09
27000.04800076804 4.4366009841878334e-09
27050.04800076804 4.269422861521974e-09
27100.04800076804 1.7288347322107205e-09
27150.04800076804 6.053484962874002e-09
27200.04800076804 1.6811105433656924e-09
27250.04800076804 3.126222655281936e-09
27300.04800076804 1.2369177339296176e-08
27350.04800076804 6.307129800822032e-09
27400.04800076804 8.181149528680578e-10
27450.04800076804 7.836382035261817e-09
27500.04800076804 1.0095331147520284e-08
27550.04800076804 2.39780552313085e-09
27600.04800076804 5.3078620772015575e-09
27650.04800076804 1.971755316002853e-09
27700.04800076804 1.575206350063696e-09
27750.04800076804 6.2199861456754635e-09
27800.04800076804 2.505199817190318e-09
27850.04800076804 3.0906262451462375e-09
27900.04800076804 4.278867825227271e-09
27950.04800076804 7.968265638417999e-09
28000.04800076804 6.086411422256694e-09
28050.04800076804 1.7372082840250512e-09
28100.04800076804 9.30875176803656e-09
28150.04800076804 5.572852177509357e-09
28200.04800076804 1.974331555416928e-09
28250.04800076804 1.0299926801326615e-08
28300.04800076804 1.3759820831830101e-08
28350.04800076804 2.6795489751794953e-09
28400.04800076804 7.75349718353993e-09
28450.04800076804 1.295209347996819e-08
28500.04800076804 7.471833254656907e-09
28550.04800076804 2.3885103938375543e-09
28600.04800076804 1.209314601250014e-08
28650.04800076804 1.0909749134401443e-08
28700.04800076804 9.003700470400226e-09
28750.04800076804 1.607984842988902e-08
28800.04800076804 1.3841276433020383e-08
28850.04800076804 1.596442894742781e-08
28900.04800076804 7.1614455616290156e-09
28950.04800076804 2.159169791217261e-08
29000.04800076804 1.3867688398727386e-08
29050.04800076804 1.6281960684596725e-08
29100.04800076804 1.1185303984964439e-08
29150.04800076804 2.6003901329164945e-08
29200.04800076804 1.5034387004191164e-08
29250.04800076804 2.229637557907279e-08
29300.04800076804 1.2715352951511584e-08
29350.04800076804 5.31913238150326e-08
29400.04800076804 1.7028694833410565e-08
29450.04800076804 2.0937661110988626e-08
29500.04800076804 2.937076058377149e-08
29550.04800076804 2.0382080553700173e-08
29600.04800076804 2.942224442875538e-08
29650.04800076804 3.077542149023559e-08
29700.04800076804 1.7604856749883474e-08
29750.04800076804 2.9204010077990646e-08
29800.04800076804 3.038100888390603e-08
29850.04800076804 4.046918997366585e-08
29900.04800076804 4.204010729696704e-08
29950.04800076804 3.108385195770885e-08
30000.04800076804 1.5277394181054402e-08
30050.04800076804 1.881109364717691e-08
30100.04800076804 2.9706435218503628e-08
30150.04800076804 4.1993287813103103e-08
30200.04800076804 2.7407256040803864e-08
30250.04800076804 5.3541114420279226e-08
30300.04800076804 4.4829315661115226e-08
30350.04800076804 3.360208116675174e-08
30400.04800076804 4.903748102482893e-08
30450.04800076804 3.305278548440403e-08
30500.04800076804 3.178138101747268e-08
30550.04800076804 2.8595962178548525e-08
30600.04800076804 4.635933355379224e-08
30650.04800076804 3.5372517262029705e-08
30700.04800076804 2.9162752281716777e-08
30750.04800076804 3.111289067773388e-08
30800.04800076804 2.5154547088071528e-08
30850.04800076804 2.7357934488934653e-08
30900.04800076804 2.6052276022992907e-08
30950.04800076804 1.5315112653538714e-08
31000.04800076804 2.060727932426879e-08
31050.04800076804 2.109776555157545e-08
31100.04800076804 1.3992457760906103e-08
31150.04800076804 1.7728158015542303e-08
31200.04800076804 2.2292716351070406e-08
31250.04800076804 1.3388499349299378e-08
31300.04800076804 1.2601797729269494e-08
31350.04800076804 1.3439122359395116e-08
31400.04800076804 8.436293076525666e-09
31450.04800076804 1.2730776101846222e-08
31500.04800076804 7.1094772096493126e-09
31550.04800076804 9.00891459582106e-09
31600.04800076804 6.041722639219147e-09
31650.04800076804 5.642633231600881e-09
31700.04800076804 7.37150245065751e-09
31750.04800076804 3.4854468251543896e-09
31800.04800076804 6.882826084657957e-09
31850.04800076804 3.429404636763752e-09
31900.04800076804 5.249659691702712e-09
31950.04800076804 3.610877595151079e-09
32000.04800076804 4.025403418153946e-09
32050.04800076804 3.349990772845693e-09
32100.04800076804 2.7716939593514563e-09
32150.04800076804 3.935593480086868e-09
32200.04800076804 2.3683733754161178e-09
32250.04800076804 5.348212373344061e-09
32300.04800076804 1.9865405990397205e-09
32350.04800076804 5.913912614800337e-09
32400.04800076804 2.4626063034932082e-09
32450.04800076804 4.592949661786667e-09
32500.04800076804 3.1257627861792097e-09
32550.04800076804 4.580295707291637e-09
32600.04800076804 4.02844046989908e-09
32650.04800076804 6.759295790654456e-09
32700.04800076804 4.976528424837842e-09
32750.04800076804 9.2497016292937e-09
32800.04800076804 7.539148581703843e-09
32850.04800076804 1.1894681155986071e-08
32900.04800076804 1.1600822996641905e-08
32950.04800076804 1.3005616390437796e-08
33000.04800076804 8.669632310977358e-09
33050.04800076804 9.415611689113124e-09
33100.04800076804 3.897137141551541e-09
33150.04800076804 1.2259995818662708e-10
33200.04800076804 3.4400627691950346e-10
33250.04800076804 2.6319166045400687e-10
33300.04800076804 5.612506044420487e-10
33350.04800076804 1.6321050291771367e-09
33400.04800076804 3.21263147912066e-09
33450.04800076804 3.520021468510008e-09
33500.04800076804 7.267970554332529e-09
33550.04800076804 4.750275100665397e-09
33600.04800076804 7.470570778710682e-09
33650.04800076804 6.72055101971861e-09
33700.04800076804 4.9335858635872655e-09
33750.04800076804 9.253118821572973e-09
33800.04800076804 3.276488985298289e-09
33850.04800076804 6.242702679055819e-09
33900.04800076804 6.220356861114469e-09
33950.04800076804 6.269143486265945e-09
34000.04800076804 8.939557962523081e-09
34050.04800076804 2.833073540958654e-09
34100.04800076804 7.677081259791124e-09
34150.04800076804 4.303775079972737e-09
34200.04800076804 6.980355885980681e-09
34250.04800076804 5.690884756016335e-09
34300.04800076804 4.835325448206995e-09
34350.04800076804 8.608361031611678e-09
34400.04800076804 4.6410981473012354e-09
34450.04800076804 9.144303450356709e-09
34500.04800076804 5.608241713955846e-09
34550.04800076804 4.01728036428208e-09
34600.04800076804 1.031789282288838e-08
34650.04800076804 3.8711619258661105e-09
34700.04800076804 6.462309311457465e-09
34750.04800076804 6.246178269083456e-09
34800.04800076804 4.147607118278217e-09
34850.04800076804 9.195740740886646e-09
34900.04800076804 7.180566040287769e-09
34950.04800076804 7.841675035506414e-09
35000.04800076804 1.2693534996935082e-08
35050.04800076804 7.608395392630085e-09
35100.04800076804 1.392799977623886e-08
35150.04800076804 1.2072772865231311e-08
35200.04800076804 1.3645689240202366e-08
35250.04800076804 1.609188468331283e-08
35300.04800076804 9.507710441683251e-09
35350.04800076804 1.5227090682646653e-08
35400.04800076804 1.3655887894222953e-08
35450.04800076804 1.1428161982367338e-08
35500.04800076804 2.540095288006605e-08
35550.04800076804 1.648399676649141e-08
35600.04800076804 1.913806794810596e-08
35650.04800076804 1.9890369030507916e-08
35700.04800076804 1.4030227633656616e-08
35750.04800076804 2.9034757468351936e-08
35800.04800076804 2.1157954022177505e-08
35850.04800076804 1.3764570375565765e-08
35900.04800076804 2.268940782700894e-08
35950.04800076804 2.4006606705181168e-08
36000.04800076804 1.5285765288003567e-08
36050.04800076804 2.1777252344568405e-08
36100.04800076804 1.9636219074090086e-08
36150.04800076804 2.914942573740388e-08
36200.04800076804 2.6707430615312907e-08
36250.04800076804 2.8497373483995622e-08
36300.04800076804 3.520665225512783e-08
36350.04800076804 3.007630542140078e-08
36400.04800076804 4.3967057268361056e-08
36450.04800076804 3.802796789096169e-08
36500.04800076804 3.836277456450221e-08
36550.04800076804 5.2671400132431594e-08
36600.04800076804 5.927716284993872e-08
36650.04800076804 5.433930740416531e-08
36700.04800076804 5.585066160190206e-08
36750.04800076804 6.156744215707877e-08
36800.04800076804 6.002622245550487e-08
36850.04800076804 4.57393196781457e-08
36900.04800076804 5.7580645534539227e-08
36950.04800076804 6.203174780666613e-08
37000.04800076804 5.518444809602819e-08
37050.04800076804 6.7843289891791e-08
37100.04800076804 6.421459876938706e-08
37150.04800076804 6.725486175425816e-08
37200.04800076804 7.350904691829106e-08
37250.04800076804 5.8472039571442286e-08
37300.04800076804 5.854770871228175e-08
37350.04800076804 7.590484302859214e-08
37400.04800076804 9.554609979101337e-08
37450.04800076804 6.493311684600734e-08
37500.04800076804 6.494220854892685e-08
37550.04800076804 1.0546389237276546e-07
37600.04800076804 1.2312339962588683e-07
37650.04800076804 7.507411169199916e-08
37700.04800076804 9.9957168053e-08
37750.04800076804 7.159627992910392e-08
37800.04800076804 8.338605803722866e-08
37850.04800076804 5.928865876157505e-08
37900.04800076804 7.356198406325986e-08
37950.04800076804 9.689779712793618e-08
38000.04800076804 1.131477383878102e-07
38050.04800076804 1.0649061618121262e-07
38100.04800076804 1.2281190448855216e-07
38150.04800076804 1.20942364392066e-07
38200.04800076804 1.2485256087355157e-07
38250.04800076804 1.2215061230655455e-07
38300.04800076804 1.709271505738649e-07
38350.04800076804 1.6093998704700346e-07
38400.04800076804 1.0100103563245913e-07
38450.04800076804 9.496645580200739e-08
38500.04800076804 6.812620310329319e-08
38550.04800076804 1.0609595913000386e-07
38600.04800076804 1.1405283677569539e-07
38650.04800076804 1.4649900082966593e-07
38700.04800076804 1.437720538446442e-07
38750.04800076804 1.4680376743141365e-07
38800.04800076804 1.1315635479852944e-07
38850.04800076804 1.592131653674078e-07
38900.04800076804 1.6629876360153915e-07
38950.04800076804 1.2431475723875548e-07
39000.04800076804 1.7819869728377214e-07
39050.04800076804 1.3870841257782882e-07
39100.04800076804 1.5892684988832134e-07
39150.04800076804 1.563633295734449e-07
39200.04800076804 1.4068665806231063e-07
39250.04800076804 1.8287087533622318e-07
39300.04800076804 1.672461553591946e-07
39350.04800076804 2.214788407595847e-07
39400.04800076804 1.8606608793140925e-07
39450.04800076804 1.941567055957957e-07
39500.04800076804 1.9801711052875515e-07
39550.04800076804 1.77368420618371e-07
39600.04800076804 1.9626548879671264e-07
39650.04800076804 2.503069985083632e-07
39700.04800076804 2.014750251326396e-07
39750.04800076804 1.3972541721823576e-07
39800.04800076804 1.8434316127557272e-07
39850.04800076804 2.440556060486602e-07
39900.04800076804 2.4767421900358464e-07
39950.04800076804 2.0833044222085312e-07
40000.04800076804 2.6463236207246833e-07
40050.04800076804 2.481278946890885e-07
40100.04800076804 1.612578356766012e-07
40150.04800076804 2.63551654017494e-07
40200.04800076804 2.650852904622789e-07
40250.04800076804 2.6855259062017686e-07
40300.04800076804 2.76733683178457e-07
40350.04800076804 2.0053873048383008e-07
40400.04800076804 2.743839139763056e-07
40450.04800076804 2.1935798525397263e-07
40500.04800076804 2.837541959022049e-07
40550.04800076804 2.8140649191641146e-07
40600.04800076804 2.6849583370460417e-07
40650.04800076804 2.546847414410084e-07
40700.04800076804 3.6637065826288845e-07
40750.04800076804 2.8989404965079286e-07
40800.04800076804 2.2052800757497933e-07
40850.04800076804 3.5329212361289185e-07
40900.04800076804 3.29393427633734e-07
40950.04800076804 2.5558360147459585e-07
41000.04800076804 2.958305042633329e-07
41050.04800076804 3.5793579042987363e-07
41100.04800076804 2.691479066086429e-07
41150.04800076804 2.0350562336631298e-07
41200.04800076804 3.586472670869098e-07
41250.04800076804 3.156007658829657e-07
41300.04800076804 2.7740218771271975e-07
41350.04800076804 3.7401682275365685e-07
41400.04800076804 3.2205913869485835e-07
41450.04800076804 3.47630504333983e-07
41500.04800076804 2.7167554306120526e-07
41550.04800076804 2.5120129253248335e-07
41600.04800076804 3.1635040877376465e-07
41650.04800076804 3.3533484589030693e-07
41700.04800076804 3.0480499608162464e-07
41750.04800076804 2.891499964005278e-07
41800.04800076804 3.8618722145160146e-07
41850.04800076804 2.3389856956137296e-07
41900.04800076804 2.5788693124013143e-07
41950.04800076804 3.0896358686700193e-07
42000.04800076804 3.4425953787824257e-07
42050.04800076804 2.887631350290234e-07
42100.04800076804 3.7815257361445914e-07
42150.04800076804 2.667749074505475e-07
42200.04800076804 2.814866865660367e-07
42250.04800076804 2.633106362538932e-07
42300.04800076804 2.6448252808406146e-07
42350.04800076804 3.0754824785074556e-07
42400.04800076804 3.15270524033714e-07
42450.04800076804 2.797965136416451e-07
42500.04800076804 2.680779720239265e-07
42550.04800076804 2.5486277979417165e-07
42600.04800076804 2.796055445174211e-07
42650.04800076804 3.8301120439717286e-07
42700.04800076804 2.276015778362944e-07
42750.04800076804 2.431623465071298e-07
42800.04800076804 2.596118305486575e-07
42850.04800076804 3.01722433707665e-07
42900.04800076804 3.33770597226402e-07
42950.04800076804 2.419430031253433e-07
43000.04800076804 3.204523114869408e-07
43050.04800076804 1.5933686141566143e-07
43100.04800076804 2.466648047403591e-07
43150.04800076804 2.558656528863658e-07
43200.04800076804 2.8450798311758166e-07
43250.04800076804 3.8057311678440513e-07
43300.04800076804 3.713644635910794e-07
43350.04800076804 2.0737171723580758e-07
43400.04800076804 2.8206736947007853e-07
43450.04800076804 2.0237665153781348e-07
43500.04800076804 2.3550973319799835e-07
43550.04800076804 2.3142167204902592e-07
43600.04800076804 3.0283578141150097e-07
