galfind/configs/Brown_Dwarf_templates/sonora_cholla/logkzz4/562g/800K_562g_logkzz4_resample.dat
# %ECSV 1.0
# ---
# datatype:
# - {name: wav, unit: Angstrom, datatype: float64}
# - {name: flux_nu, unit: erg / (cm2 Hz s), datatype: float64}
# schema: astropy-2.0
wav flux_nu
3000.0480007680403 nan
3050.0480007680403 0.0
3100.0480007680403 0.0
3150.0480007680403 0.0
3200.0480007680403 0.0
3250.0480007680403 0.0
3300.0480007680403 0.0
3350.0480007680403 0.0
3400.0480007680403 0.0
3450.0480007680403 0.0
3500.0480007680403 0.0
3550.0480007680403 0.0
3600.0480007680403 0.0
3650.0480007680403 0.0
3700.0480007680403 0.0
3750.0480007680403 0.0
3800.0480007680403 0.0
3850.0480007680403 0.0
3900.0480007680403 0.0
3950.0480007680403 0.0
4000.0480007680403 0.0
4050.0480007680403 0.0
4100.04800076804 0.0
4150.04800076804 0.0
4200.04800076804 0.0
4250.04800076804 0.0
4300.04800076804 0.0
4350.04800076804 0.0
4400.04800076804 0.0
4450.04800076804 0.0
4500.04800076804 0.0
4550.04800076804 0.0
4600.04800076804 0.0
4650.04800076804 0.0
4700.04800076804 0.0
4750.04800076804 0.0
4800.04800076804 0.0
4850.04800076804 0.0
4900.04800076804 0.0
4950.04800076804 0.0
5000.04800076804 8.036944996931634e-12
5050.04800076804 2.0120552262316536e-11
5100.04800076804 2.228890130892479e-11
5150.04800076804 2.507367547253803e-11
5200.04800076804 2.828929236502991e-11
5250.04800076804 3.1266763745328065e-11
5300.04800076804 3.417026471988869e-11
5350.04800076804 3.704029134612908e-11
5400.04800076804 3.951329624657485e-11
5450.04800076804 4.219432716372948e-11
5500.04800076804 4.4867325165034484e-11
5550.04800076804 4.758760717212777e-11
5600.04800076804 4.9870926449641696e-11
5650.04800076804 5.157390253523283e-11
5700.04800076804 5.189454977788715e-11
5750.04800076804 5.182598864362973e-11
5800.04800076804 4.954872341193114e-11
5850.04800076804 4.434588828204158e-11
5900.04800076804 2.127357866165659e-11
5950.04800076804 3.326504579444802e-11
6000.04800076804 7.369911648550175e-11
6050.04800076804 1.1097549922582772e-10
6100.04800076804 1.5466826437188386e-10
6150.04800076804 2.05021413657154e-10
6200.04800076804 2.6248004208342237e-10
6250.04800076804 3.237682694111154e-10
6300.04800076804 3.9588128608716644e-10
6350.04800076804 4.755055246541105e-10
6400.04800076804 5.536507341601153e-10
6450.04800076804 5.985184520547923e-10
6500.04800076804 6.831598405852423e-10
6550.04800076804 7.937780224557085e-10
6600.04800076804 9.060417982374749e-10
6650.04800076804 1.0412613100080566e-09
6700.04800076804 1.2100185520958863e-09
6750.04800076804 1.375179628729267e-09
6800.04800076804 1.5432900175188038e-09
6850.04800076804 1.7267339268886627e-09
6900.04800076804 1.7213369477864424e-09
6950.04800076804 1.6928671101711368e-09
7000.04800076804 1.8940089092341706e-09
7050.04800076804 1.9243619326933277e-09
7100.04800076804 2.0377333597670496e-09
7150.04800076804 1.8001534258516423e-09
7200.04800076804 1.745052173282259e-09
7250.04800076804 1.9678777907290037e-09
7300.04800076804 2.0524904437732316e-09
7350.04800076804 2.2414486833861886e-09
7400.04800076804 2.455362495645691e-09
7450.04800076804 2.734067255091994e-09
7500.04800076804 2.917500655454891e-09
7550.04800076804 3.1061243279464336e-09
7600.04800076804 3.2654158043931848e-09
7650.04800076804 3.289798403060659e-09
7700.04800076804 2.1550631668752e-09
7750.04800076804 1.2515932942366415e-09
7800.04800076804 3.3167667537874074e-09
7850.04800076804 4.305282047732206e-09
7900.04800076804 5.150943221721608e-09
7950.04800076804 5.896313677249591e-09
8000.04800076804 6.329322282540776e-09
8050.04800076804 6.6601367686210726e-09
8100.04800076804 5.742953250063433e-09
8150.04800076804 5.595926494315775e-09
8200.04800076804 7.140646348988703e-09
8250.04800076804 7.193133297249999e-09
8300.04800076804 7.888075283990584e-09
8350.04800076804 8.249756405307645e-09
8400.04800076804 8.832467743217958e-09
8450.04800076804 9.988035919058934e-09
8500.04800076804 1.110557633104235e-08
8550.04800076804 1.2350004385049216e-08
8600.04800076804 1.3718402363960252e-08
8650.04800076804 1.4812461930248876e-08
8700.04800076804 1.5485869837647202e-08
8750.04800076804 1.664437649406747e-08
8800.04800076804 1.720384713794263e-08
8850.04800076804 1.6143804399867773e-08
8900.04800076804 1.0727657744102332e-08
8950.04800076804 1.039766702905173e-08
9000.04800076804 1.0228847377060058e-08
9050.04800076804 1.6836205224801534e-08
9100.04800076804 1.823638538727296e-08
9150.04800076804 1.7670984854321578e-08
9200.04800076804 2.0755564708177864e-08
9250.04800076804 1.762878502576721e-08
9300.04800076804 3.915334570956474e-09
9350.04800076804 5.39323241832479e-09
9400.04800076804 1.0810027659046946e-08
9450.04800076804 1.0630748506404458e-08
9500.04800076804 9.50058245477573e-09
9550.04800076804 1.0304247411295712e-08
9600.04800076804 1.0229947499583205e-08
9650.04800076804 1.2854509724674304e-08
9700.04800076804 1.8260140640583322e-08
9750.04800076804 1.9078597365748352e-08
9800.04800076804 2.2343703987232986e-08
9850.04800076804 2.641654716665098e-08
9900.04800076804 3.20241255196681e-08
9950.04800076804 3.41893662589759e-08
10000.04800076804 4.157566863554694e-08
10050.04800076804 4.5779471089180364e-08
10100.04800076804 5.452239497472737e-08
10150.04800076804 6.12199630735694e-08
10200.04800076804 6.97073628231865e-08
10250.04800076804 7.812799424411588e-08
10300.04800076804 8.794178940245044e-08
10350.04800076804 9.881313715519283e-08
10400.04800076804 1.1212303467716119e-07
10450.04800076804 1.2039166225328458e-07
10500.04800076804 1.2636134038993066e-07
10550.04800076804 1.329742852904769e-07
10600.04800076804 1.3586234610677082e-07
10650.04800076804 1.4013229828485585e-07
10700.04800076804 1.398577133205715e-07
10750.04800076804 1.4123907248219943e-07
10800.04800076804 1.3718807134234585e-07
10850.04800076804 1.284108072938545e-07
10900.04800076804 9.527219825237161e-08
10950.04800076804 5.1264381113334174e-08
11000.04800076804 3.443032923631718e-08
11050.04800076804 2.0916180731351144e-08
11100.04800076804 1.3630696494092254e-08
11150.04800076804 7.983854926185515e-09
11200.04800076804 7.812266552437242e-09
11250.04800076804 1.026346027919421e-08
11300.04800076804 1.1366490656905526e-08
11350.04800076804 4.872461206568055e-09
11400.04800076804 1.3206108769138216e-08
11450.04800076804 9.065840788377223e-09
11500.04800076804 9.108916090426874e-09
11550.04800076804 4.29870708781095e-09
11600.04800076804 3.992397479891834e-09
11650.04800076804 7.151378133528086e-09
11700.04800076804 8.405730194984737e-09
11750.04800076804 3.963904210469404e-09
11800.04800076804 1.1766094403930631e-08
11850.04800076804 1.8756931878017163e-08
11900.04800076804 2.3444953496857153e-08
11950.04800076804 3.4294773753969544e-08
12000.04800076804 4.621569183585393e-08
12050.04800076804 6.077563491654615e-08
12100.04800076804 7.632422459597199e-08
12150.04800076804 9.38558760832583e-08
12200.04800076804 1.1052571154600039e-07
12250.04800076804 1.3131523584439554e-07
12300.04800076804 1.5431585673171716e-07
12350.04800076804 1.6238232519542635e-07
12400.04800076804 1.9252282042358764e-07
12450.04800076804 2.1906468497511412e-07
12500.04800076804 2.3591047488660812e-07
12550.04800076804 2.5076919526952647e-07
12600.04800076804 2.5004638796447826e-07
12650.04800076804 2.4278241698705356e-07
12700.04800076804 2.388417079362442e-07
12750.04800076804 2.211131295601528e-07
12800.04800076804 2.1226177803655256e-07
12850.04800076804 1.7146364035942162e-07
12900.04800076804 1.4616398470890951e-07
12950.04800076804 1.3245514022462468e-07
13000.04800076804 1.3180738688584917e-07
13050.04800076804 1.093440336911528e-07
13100.04800076804 1.0339227156688852e-07
13150.04800076804 7.974572510801847e-08
13200.04800076804 7.341467425386395e-08
13250.04800076804 5.103592503674236e-08
13300.04800076804 2.4042777314094177e-08
13350.04800076804 7.467152953564204e-09
13400.04800076804 2.7863600786172165e-09
13450.04800076804 1.2818352157939359e-09
13500.04800076804 5.895609688520935e-10
13550.04800076804 3.4283137901336056e-10
13600.04800076804 1.4818216833703012e-10
13650.04800076804 6.320435408892754e-10
13700.04800076804 4.127296669042175e-10
13750.04800076804 7.833761802694069e-10
13800.04800076804 9.35165897082856e-10
13850.04800076804 5.060639179475724e-10
13900.04800076804 5.717721564512953e-10
13950.04800076804 5.512589520349394e-10
14000.04800076804 5.617035615949896e-10
14050.04800076804 8.398872642404387e-10
14100.04800076804 6.626401613639277e-10
14150.04800076804 1.1217514887750927e-09
14200.04800076804 7.6227216799508e-10
14250.04800076804 9.221638180522954e-10
14300.04800076804 2.1257061103182287e-09
14350.04800076804 1.8801655079198444e-09
14400.04800076804 2.0250459982104888e-09
14450.04800076804 2.8031402440771374e-09
14500.04800076804 5.727369832623369e-09
14550.04800076804 5.9608128962848294e-09
14600.04800076804 9.525187641046366e-09
14650.04800076804 9.260163674505621e-09
14700.04800076804 5.964319502351166e-09
14750.04800076804 8.776727055702325e-09
14800.04800076804 1.1368783155038326e-08
14850.04800076804 1.1630191098228697e-08
14900.04800076804 1.3254890187188941e-08
14950.04800076804 1.6757573030345918e-08
15000.04800076804 2.0935235278918543e-08
15050.04800076804 2.4265624876218887e-08
15100.04800076804 2.8392221566950943e-08
15150.04800076804 3.006435086755579e-08
15200.04800076804 3.2474277994086426e-08
15250.04800076804 4.49650715101362e-08
15300.04800076804 5.2384532715186345e-08
15350.04800076804 6.526107889460802e-08
15400.04800076804 7.415180660912449e-08
15450.04800076804 8.37721422971808e-08
15500.04800076804 8.943537619429667e-08
15550.04800076804 1.0527535862164536e-07
15600.04800076804 1.144662909317297e-07
15650.04800076804 1.1848714294019023e-07
15700.04800076804 1.3437718725695674e-07
15750.04800076804 1.4130966996452214e-07
15800.04800076804 1.413529551182535e-07
15850.04800076804 1.4696220524206607e-07
15900.04800076804 1.3451935611399762e-07
15950.04800076804 1.2443993333259362e-07
16000.04800076804 1.0200590029416639e-07
16050.04800076804 7.230166586243668e-08
16100.04800076804 5.265980395860595e-08
16150.04800076804 3.382054220283644e-08
16200.04800076804 2.099895479716632e-08
16250.04800076804 1.8616170757253097e-08
16300.04800076804 1.4326391542221111e-08
16350.04800076804 1.6503211083853942e-08
16400.04800076804 1.943927207123252e-08
16450.04800076804 2.0466359719835718e-08
16500.04800076804 2.218381723292903e-08
16550.04800076804 2.0881717841215678e-08
16600.04800076804 2.417590854349788e-08
16650.04800076804 1.6670013611141684e-08
16700.04800076804 4.824987898088549e-09
16750.04800076804 1.0589237388054826e-08
16800.04800076804 1.6810925976695388e-08
16850.04800076804 1.6917569472818504e-08
16900.04800076804 1.2384111629695894e-08
16950.04800076804 1.0325740285445435e-08
17000.04800076804 7.436789705808643e-09
17050.04800076804 1.0948457769449133e-08
17100.04800076804 1.42098516113772e-08
17150.04800076804 1.028514470544008e-08
17200.04800076804 1.9118823791026113e-08
17250.04800076804 1.3784856720763133e-08
17300.04800076804 1.0504731596138308e-08
17350.04800076804 1.0738284346401272e-08
17400.04800076804 1.2160680820820991e-08
17450.04800076804 1.4089123754739729e-08
17500.04800076804 1.6967476348696053e-08
17550.04800076804 1.3974378467980808e-08
17600.04800076804 1.1079941788644326e-08
17650.04800076804 1.0241364331231586e-08
17700.04800076804 8.097600166645703e-09
17750.04800076804 6.744826056788929e-09
17800.04800076804 9.61875409955776e-09
17850.04800076804 5.979641570551172e-09
17900.04800076804 5.969533150621468e-09
17950.04800076804 3.853921693209974e-09
18000.04800076804 5.344344142355225e-09
18050.04800076804 4.204297786805074e-09
18100.04800076804 4.1520806659203695e-09
18150.04800076804 5.398384870536232e-09
18200.04800076804 2.946031448644689e-09
18250.04800076804 8.397222411650785e-09
18300.04800076804 3.3291064726709208e-09
18350.04800076804 2.83740762588619e-09
18400.04800076804 2.2468335660261e-09
18450.04800076804 4.973084731664322e-09
18500.04800076804 5.023475163624107e-09
18550.04800076804 3.374533794574906e-09
18600.04800076804 3.420374079629517e-09
18650.04800076804 2.4255716443222232e-09
18700.04800076804 1.6217945853761247e-09
18750.04800076804 2.9424559186998824e-09
18800.04800076804 8.858983630575805e-09
18850.04800076804 8.7789191405768e-09
18900.04800076804 7.530993115840708e-09
18950.04800076804 1.4413829877036928e-08
19000.04800076804 6.600825678317675e-09
19050.04800076804 4.296356789144317e-09
19100.04800076804 9.522531334071038e-09
19150.04800076804 5.371717962179705e-09
19200.04800076804 8.727903149210496e-09
19250.04800076804 6.185058216176189e-09
19300.04800076804 4.6792854643085835e-09
19350.04800076804 5.017148208306157e-09
19400.04800076804 3.200297135165946e-09
19450.04800076804 6.7660357492403535e-09
19500.04800076804 6.212593437239365e-09
19550.04800076804 5.1271351422702175e-09
19600.04800076804 7.3776058161649745e-09
19650.04800076804 9.139647118867349e-09
19700.04800076804 9.415834601652531e-09
19750.04800076804 1.1510077715547808e-08
19800.04800076804 1.2756061411111871e-08
19850.04800076804 1.690966909708185e-08
19900.04800076804 1.3743182738733195e-08
19950.04800076804 2.1425264938910614e-08
20000.04800076804 2.0171768875542312e-08
20050.04800076804 2.161565441678767e-08
20100.04800076804 2.576230800893622e-08
20150.04800076804 2.268274359266307e-08
20200.04800076804 2.609939233062722e-08
20250.04800076804 3.1807555340455274e-08
20300.04800076804 2.9899511601057236e-08
20350.04800076804 3.495566443424269e-08
20400.04800076804 3.2790913521408066e-08
20450.04800076804 4.0004637496430466e-08
20500.04800076804 4.108659766951905e-08
20550.04800076804 4.082839339540326e-08
20600.04800076804 4.4510938697397775e-08
20650.04800076804 4.3890167566882354e-08
20700.04800076804 4.32049752054303e-08
20750.04800076804 4.5819087393468244e-08
20800.04800076804 4.436627801989804e-08
20850.04800076804 4.5281987864809714e-08
20900.04800076804 4.5852547009027556e-08
20950.04800076804 4.3773929157319865e-08
21000.04800076804 4.3561614791097935e-08
21050.04800076804 4.173201786939283e-08
21100.04800076804 4.040349848689014e-08
21150.04800076804 4.0244029107665516e-08
21200.04800076804 3.8025877132802117e-08
21250.04800076804 3.658139513607139e-08
21300.04800076804 3.291059118644559e-08
21350.04800076804 3.2486548521359406e-08
21400.04800076804 3.088291212281581e-08
21450.04800076804 2.718645748514325e-08
21500.04800076804 2.7468994791911935e-08
21550.04800076804 2.573067841616905e-08
21600.04800076804 2.3525891847192444e-08
21650.04800076804 2.1028358184542916e-08
21700.04800076804 2.1902570292200353e-08
21750.04800076804 2.094822671218843e-08
21800.04800076804 1.810484452108814e-08
21850.04800076804 1.5680696533019535e-08
21900.04800076804 1.3215988267708658e-08
21950.04800076804 6.548561409167716e-09
22000.04800076804 2.1728575340455963e-09
22050.04800076804 2.1727396923146025e-09
22100.04800076804 5.132489236264937e-09
22150.04800076804 5.6856004307267004e-09
22200.04800076804 5.098245481331107e-09
22250.04800076804 4.935735712734925e-09
22300.04800076804 3.473627701081171e-09
22350.04800076804 3.5503003795255045e-09
22400.04800076804 2.275610622759943e-09
22450.04800076804 2.107129528896102e-09
22500.04800076804 2.3576570103405275e-09
22550.04800076804 1.2688747473511235e-09
22600.04800076804 1.7452999732864951e-09
22650.04800076804 2.3967467361953852e-09
22700.04800076804 1.6595044943593105e-09
22750.04800076804 1.8217961279076789e-09
22800.04800076804 1.8513037878162388e-09
22850.04800076804 1.578264893191931e-09
22900.04800076804 1.141315516556068e-09
22950.04800076804 1.0210799493820332e-09
23000.04800076804 1.35086734561511e-09
23050.04800076804 1.6456448815263213e-09
23100.04800076804 4.321704637697016e-09
23150.04800076804 4.449223400118264e-09
23200.04800076804 6.358321687942367e-10
23250.04800076804 1.004961513136758e-09
23300.04800076804 1.1795007020537525e-09
23350.04800076804 8.862419844463093e-10
23400.04800076804 1.3506260387719388e-09
23450.04800076804 9.801391452330496e-10
23500.04800076804 9.875253803746813e-10
23550.04800076804 1.5661844741429317e-09
23600.04800076804 2.0548022222347003e-09
23650.04800076804 2.507688729381135e-09
23700.04800076804 9.018866579549409e-10
23750.04800076804 7.844651965780127e-10
