galfind/configs/Brown_Dwarf_templates/sonora_cholla/logkzz4/562g/850K_562g_logkzz4_resample.dat
# %ECSV 1.0
# ---
# datatype:
# - {name: wav, unit: Angstrom, datatype: float64}
# - {name: flux_nu, unit: erg / (cm2 Hz s), datatype: float64}
# schema: astropy-2.0
wav flux_nu
[from data line 1163]
68150.00000000009 7.500204965333198e-08
68200.00000000009 7.082897110264548e-08
68250.00000000009 2.4090300686303025e-08
68300.00000000009 6.520315657210926e-08
68350.00000000009 4.19701782178421e-08
68400.00000000009 9.908880455370116e-08
68450.00000000009 8.698425744284259e-08
68500.00000000009 6.580565413563114e-08
68550.00000000009 3.51728061109842e-08
68600.00000000009 3.805879287834023e-08
68650.00000000009 2.1630047678092038e-08
68700.00000000009 4.412468421678445e-08
68750.00000000009 6.317130006703431e-08
68800.00000000009 7.242141526769813e-08
68850.00000000009 3.117810026980019e-08
68900.00000000009 9.836050482580161e-08
68950.00000000009 1.0014902704945934e-07
69000.00000000009 8.0197543330953e-08
69050.00000000009 4.497339239038949e-08
69100.00000000009 9.590065996791236e-08
69150.00000000009 1.1943456668209287e-07
69200.00000000009 7.425490001079368e-08
69250.00000000009 1.1447561510649774e-07
69300.00000000009 6.999644428919743e-08
69350.00000000009 1.1133184499781063e-07
69400.00000000009 4.4438578105338244e-08
69450.00000000009 1.1092826186248354e-07
69500.00000000009 5.898697814307043e-08
69550.00000000009 5.927048586699435e-08
69600.00000000009 1.9380421748784955e-08
69650.00000000009 5.352313332536913e-08
69700.00000000009 9.1307884286395e-08
69750.00000000009 6.236646630427721e-08
69800.00000000009 8.595998105878253e-08
69850.00000000009 9.276913847369545e-08
69900.00000000009 6.636051841291277e-08
69950.00000000009 6.634480290952047e-08
70000.00000000009 6.235080437139593e-08
70050.00000000009 1.0856720773958521e-07
70100.00000000009 7.457871972109702e-08
70150.00000000009 7.089266469385324e-08
70200.00000000009 5.0211226381469e-08
70250.00000000009 7.053114472856242e-08
70300.00000000009 1.0572971989195549e-07
70350.00000000009 7.693180180087334e-08
70400.00000000009 5.102209374437992e-08
70450.00000000009 1.7985692826715738e-08
70500.00000000009 4.205548696248852e-08
70550.00000000009 4.309960475885866e-08
70600.00000000009 4.155403188706053e-08
70650.00000000009 8.784207188994064e-08
70700.00000000009 8.005622813518372e-08
70750.00000000009 1.0603525647301687e-07
70800.00000000009 5.9422398244719236e-08
70850.00000000009 5.702635393399492e-08
70900.00000000009 6.311325010330996e-08
70950.00000000009 9.402731337487069e-08
71000.00000000009 8.226745086812541e-08
71050.00000000009 8.108640226798598e-08
71100.00000000009 6.688608938046539e-08
71150.00000000009 5.868603748167663e-08
71200.00000000009 5.14452295836468e-08
71250.00000000009 6.570105901467408e-08
71300.00000000009 8.683273178231343e-08
71350.00000000009 8.880607964511291e-08
71400.00000000009 7.985497030363399e-08
71450.00000000009 4.009279089613603e-08
71500.00000000009 4.596776165150292e-08
71550.00000000009 5.3597461856687003e-08
71600.00000000009 6.359672132541288e-08
71650.00000000009 5.0345968064628286e-08
71700.00000000009 3.837474165909933e-08
71750.00000000009 5.99214708834916e-08
71800.00000000009 8.083161326080301e-08
71850.00000000009 7.877920639706735e-08
71900.00000000009 4.7873104981273966e-08
71950.00000000009 5.804066629757968e-08
72000.00000000009 5.635012331327813e-08
72050.00000000009 3.7651091255393864e-08
72100.00000000009 4.453361072804524e-08
72150.00000000009 3.808563527047935e-08
72200.00000000009 5.941548635101364e-08
72250.00000000009 7.335924489556375e-08
72300.00000000009 5.574914650988679e-08
72350.00000000009 6.254742125149572e-08
72400.00000000009 5.263132390150577e-08
72450.00000000009 4.424958464594858e-08
72500.00000000009 5.813484471723813e-08
72550.00000000009 2.7598926858109935e-08
72600.00000000009 4.054252106943133e-08
72650.00000000009 6.572970852529747e-08
72700.00000000009 5.5280891345236844e-08
72750.00000000009 5.295109273598241e-08
72800.00000000009 3.918420037045016e-08
72850.00000000009 4.39426324518513e-08
72900.00000000009 7.058981796954566e-08
72950.00000000009 5.4498867282423024e-08
73000.00000000009 5.5014275956062046e-08
73050.00000000009 3.6323873417627316e-08
73100.00000000009 3.758147209710665e-08
73150.00000000009 7.941002592257801e-08
73200.00000000009 3.7265185831589286e-08
73250.00000000009 5.0030553485536954e-08
73300.00000000009 4.4582059419640064e-08
73350.00000000009 3.2662264637384044e-08
73400.00000000009 4.986331202702614e-08
73450.00000000009 3.190672695671576e-08
73500.00000000009 2.8066745404568648e-08
73550.00000000009 4.690154571562861e-08
73600.00000000009 3.825392952782509e-08
73650.00000000009 4.7535740851744395e-08
73700.00000000009 5.111767302908108e-08
73750.00000000009 2.6192383653987276e-08
73800.00000000009 4.347116744097174e-08
73850.00000000009 5.1982931847178337e-08
73900.00000000009 4.370149527122201e-08
73950.00000000009 4.0213180456487173e-08
74000.00000000009 2.796920424682094e-08
74050.00000000009 6.915446752403414e-08
74100.00000000009 4.456960022463868e-08
74150.00000000009 4.6887072798586625e-08
74200.00000000009 3.865804539231738e-08
74250.00000000009 1.526894716235328e-08
74300.00000000009 4.2093729963990994e-08
74350.00000000009 6.010577860065523e-08
74400.00000000009 5.673747891953034e-08
74450.00000000009 2.6721526364910496e-08
74500.00000000009 2.3508286925441156e-08
74550.00000000009 4.0057136343763964e-08
74600.00000000009 4.134498236833816e-08
74650.00000000009 4.118171398453056e-08
74700.00000000009 2.9220652091065692e-08
74750.00000000009 2.73904776181133e-08
74800.00000000009 3.527876673084914e-08
74850.00000000009 3.275093645052431e-08
74900.00000000009 5.6795446725961634e-08
74950.00000000009 5.8872821404938976e-08
75000.00000000009 3.4234110590241095e-08
75050.00000000009 2.025756924370402e-08
75100.00000000009 6.021776028535662e-08
75150.00000000009 5.453822513203906e-08
75200.00000000009 6.356563226226229e-08
75250.00000000009 6.728587345688903e-08
75300.00000000009 6.038347098122162e-08
75350.00000000009 2.8481013701952575e-08
75400.00000000009 7.025186990161239e-08
75450.00000000009 5.629094137997758e-08
75500.00000000009 5.150991512566699e-08
75550.00000000009 6.006839409485613e-08
75600.00000000009 7.829088568369133e-08
75650.00000000009 4.814828486447932e-08
75700.00000000009 6.083520014129616e-08
75750.00000000009 3.711426299800255e-08
75800.00000000009 6.023784821496757e-08
75850.00000000009 7.137125485601807e-08
75900.00000000009 6.46757279966587e-08
75950.00000000009 3.753277630556112e-08
76000.00000000009 6.488070747636621e-08
76050.00000000009 6.582282076470458e-08
76100.00000000009 6.088384255662629e-08
76150.00000000009 6.808181650040714e-08
76200.00000000009 6.598084208509613e-08
76250.00000000009 6.590429055500759e-08
76300.00000000009 9.90484558294391e-08
76350.00000000009 1.1827847699595002e-07
76400.00000000009 8.654118992542076e-08
76450.00000000009 7.954113776680347e-08
76500.00000000009 5.987215219127549e-08
76550.00000000009 3.6907825050976033e-08
76600.00000000009 1.3103468351658832e-08
76650.00000000009 1.5765269461648298e-08
76700.00000000009 1.8975269755865027e-08
76750.00000000009 1.8437597979130846e-08
76800.00000000009 3.3043624079502804e-08
76850.00000000009 1.1647402557780299e-08
76900.00000000009 1.504755754736154e-08
76950.00000000009 2.871012442921095e-08
77000.00000000009 3.4107516089472714e-08
77050.00000000009 1.7929038626897436e-08
77100.00000000009 2.210408069641225e-08
77150.00000000009 3.7656493630790443e-08
77200.00000000009 2.9415786653818222e-08
77250.00000000009 3.226777152395243e-08
77300.00000000009 3.457866854257442e-08
77350.00000000009 1.7894079883961913e-08
77400.00000000009 2.151064663728151e-08
77450.00000000009 2.9492290423952927e-08
77500.00000000009 2.642154392647945e-08
77550.00000000009 2.9664741453748715e-08
77600.00000000009 2.7545928073931094e-08
77650.00000000009 2.917904539850757e-08
77700.00000000009 2.4471464175578042e-08
77750.00000000009 4.471525007110763e-08
77800.00000000009 3.7510648147927155e-08
77850.00000000009 6.619202477199014e-08
77900.00000000009 4.607853025345954e-08
77950.00000000009 2.138868219824547e-08
78000.00000000009 3.675122246676373e-08
78050.00000000009 3.8903810740616335e-08
78100.00000000009 3.4015439392726047e-08
78150.00000000009 5.7509090404044276e-08
78200.00000000009 5.3018954496404365e-08
78250.00000000009 6.574945468177741e-08
78300.00000000009 4.8121944313447236e-08
78350.00000000009 5.383784957771424e-08
78400.00000000009 3.409482695750597e-08
78450.00000000009 6.070097624968076e-08
78500.00000000009 6.535721949774032e-08
78550.00000000009 7.388941406529758e-08
78600.00000000009 6.102049085669388e-08
78650.00000000009 1.977498619819451e-08
78700.00000000009 3.353193043679593e-08
78750.00000000009 3.679288370278677e-08
78800.00000000009 5.301037916093171e-08
78850.00000000009 2.4804859283369907e-08
78900.00000000009 4.584433758748563e-08
78950.00000000009 5.322456449721647e-08
79000.00000000009 4.868523775403286e-08
79050.00000000009 4.193004302976389e-08
79100.00000000009 4.5206594049951954e-08
79150.00000000009 4.944592849227249e-08
79200.00000000009 5.6284626914532735e-08
79250.00000000009 4.0811972388452386e-08
79300.00000000009 3.2114539676268665e-08
79350.00000000009 5.233885906046107e-08
79400.00000000009 3.6827487959411365e-08
79450.00000000009 6.45230817321774e-08
79500.00000000009 8.669602245699853e-08
79550.00000000009 6.959278196003459e-08
79600.00000000009 3.5990723319113365e-08
79650.00000000009 5.3166253416860666e-08
79700.00000000009 5.605451368680743e-08
79750.00000000009 5.913121617938765e-08
79800.00000000009 4.201394496917163e-08
79850.00000000009 5.1606037384002685e-08
79900.00000000009 9.086968449692535e-08
79950.00000000009 6.73600905026804e-08
