galfind/configs/Brown_Dwarf_templates/sonora_cholla/logkzz4/562g/850K_562g_logkzz4_resample.dat
# %ECSV 1.0
# ---
# datatype:
# - {name: wav, unit: Angstrom, datatype: float64}
# - {name: flux_nu, unit: erg / (cm2 Hz s), datatype: float64}
# schema: astropy-2.0
wav flux_nu
[from data line 387]
29350.000000000095 7.411899252071468e-08
29400.000000000095 2.6871671480701767e-08
29450.000000000095 3.1817186212165434e-08
29500.000000000095 4.128487098127558e-08
29550.000000000095 3.050024864710525e-08
29600.000000000095 4.3185064150749266e-08
29650.000000000095 4.244496428744846e-08
29700.000000000095 2.7287635807060515e-08
29750.000000000095 4.2541002573758556e-08
29800.000000000095 4.507967490527631e-08
29850.000000000095 5.61487479569903e-08
29900.000000000095 5.806275085343343e-08
29950.000000000095 4.4662803258595586e-08
30000.000000000095 2.692419335206706e-08
30050.000000000095 2.9430524548900456e-08
30100.000000000095 4.33481728374726e-08
30150.000000000095 5.972977321430204e-08
30200.000000000095 4.011011445933178e-08
30250.000000000095 7.17012358146893e-08
30300.000000000095 5.98740653500288e-08
30350.000000000095 4.793542334275829e-08
30400.000000000095 6.536421819339042e-08
30450.000000000095 4.5419671685967386e-08
30500.000000000095 4.404619726200339e-08
30550.000000000095 4.12679277830999e-08
30600.000000000095 5.989890012545841e-08
30650.000000000095 4.775803260976068e-08
30700.000000000095 4.037902582758225e-08
30750.000000000095 4.0825248514165724e-08
30800.000000000095 3.479571059123295e-08
30850.000000000095 3.624398305097007e-08
30900.000000000095 3.540096448690209e-08
30950.000000000095 2.1720385228036187e-08
31000.000000000095 2.78870916461889e-08
31050.000000000095 2.9007225224595936e-08
31100.000000000095 1.9419859039796208e-08
31150.000000000095 2.4192630204830938e-08
31200.000000000095 2.8928086557172016e-08
31250.000000000095 1.865237477885367e-08
31300.000000000095 1.7776752736636554e-08
31350.000000000095 1.8269983143251557e-08
31400.000000000095 1.1630312895903604e-08
31450.000000000095 1.770983374905049e-08
31500.000000000095 1.0409565363644452e-08
31550.000000000095 1.3224992374678857e-08
31600.000000000095 8.852939451026008e-09
31650.000000000095 8.496524760203011e-09
31700.000000000095 1.0899412286945622e-08
31750.000000000095 5.564703314817464e-09
31800.000000000095 1.0069477676386339e-08
31850.000000000095 5.766965444136186e-09
31900.000000000095 8.016875192979604e-09
31950.000000000095 5.911579841278618e-09
32000.000000000095 6.599176917409163e-09
32050.000000000095 5.35440768288602e-09
32100.000000000095 4.58357014138343e-09
32150.000000000095 6.378738433849404e-09
32200.000000000095 3.980804527143631e-09
32250.000000000095 8.4630113877825e-09
32300.000000000095 3.370618919338275e-09
32350.000000000095 9.385485955410975e-09
32400.000000000095 4.38804667236569e-09
32450.000000000095 7.594764326044895e-09
32500.000000000095 5.365128071591885e-09
32550.000000000095 7.499723994616246e-09
32600.000000000095 7.0548019481494504e-09
32650.000000000095 1.075689415924734e-08
32700.000000000095 8.428408818105277e-09
32750.000000000095 1.4044322705474708e-08
32800.000000000095 1.1521461905130144e-08
32850.000000000095 1.7308376607011745e-08
32900.000000000095 1.726785006163182e-08
32950.000000000095 1.9106312231444652e-08
33000.000000000095 1.3705842282102986e-08
33050.000000000095 1.4539265982506696e-08
33100.000000000095 6.35807329008449e-09
33150.000000000095 3.320522006898364e-10
33200.000000000095 7.183877775900844e-10
33250.000000000095 4.939780441695641e-10
33300.000000000095 9.119179149780996e-10
33350.000000000095 2.471013253837939e-09
33400.000000000095 4.568202186124775e-09
33450.000000000095 5.397950872585691e-09
33500.000000000095 1.0027137733738221e-08
33550.000000000095 7.274870554957601e-09
33600.000000000095 1.1514117731092871e-08
33650.000000000095 1.0426697223283395e-08
33700.000000000095 8.051609792141264e-09
33750.000000000095 1.3994163437898137e-08
33800.000000000095 5.805319859671539e-09
33850.000000000095 1.0088514694431486e-08
33900.000000000095 9.763874555655938e-09
33950.000000000095 1.0151215773951964e-08
34000.000000000095 1.354395266483019e-08
34050.000000000095 4.75143372245034e-09
34100.000000000095 1.1943877191229578e-08
34150.000000000095 7.077780676925514e-09
34200.000000000095 1.0839741225496494e-08
34250.000000000095 8.884703951305194e-09
34300.000000000095 7.55697107131832e-09
34350.000000000095 1.2724436075342966e-08
34400.000000000095 7.491268755165008e-09
34450.000000000095 1.3721871781991483e-08
34500.000000000095 8.927067954070103e-09
34550.000000000095 6.4071155408472535e-09
34600.000000000095 1.4824014493694313e-08
34650.000000000095 6.3431345770167445e-09
34700.000000000095 9.639596526546427e-09
34750.000000000095 9.482696838336012e-09
34800.000000000095 6.228058195851415e-09
34850.000000000095 1.2850614757432596e-08
34900.000000000095 1.139937399493611e-08
34950.000000000095 1.1456960318953454e-08
35000.000000000095 1.756348592095253e-08
35050.000000000095 1.1167652872172489e-08
35100.000000000095 1.910377556204794e-08
35150.000000000095 1.679041790667043e-08
35200.000000000095 1.9798284724279438e-08
35250.000000000095 2.2514811926705183e-08
35300.000000000095 1.3792414693676423e-08
35350.000000000095 2.147673026293853e-08
35400.000000000095 2.006572434300346e-08
35450.000000000095 1.691892028649196e-08
35500.000000000095 3.442746747294331e-08
35550.000000000095 2.3833177103007143e-08
35600.000000000095 2.6855608069305903e-08
35650.000000000095 2.7771534872736803e-08
35700.000000000095 1.9388203303166432e-08
35750.000000000095 3.87910196770054e-08
35800.000000000095 2.956996341685322e-08
35850.000000000095 2.0106667058414683e-08
35900.000000000095 3.230273281612133e-08
35950.000000000095 3.423423332740043e-08
36000.000000000095 2.227503167330741e-08
36050.000000000095 3.129003677324775e-08
36100.000000000095 2.8614880876426648e-08
36150.000000000095 3.9193603211634076e-08
36200.000000000095 3.622155931740619e-08
36250.000000000095 3.9602002434740845e-08
36300.000000000095 4.6546111729553565e-08
36350.000000000095 4.267415205215515e-08
36400.000000000095 5.88114054622139e-08
36450.000000000095 5.4182405055642304e-08
36500.000000000095 5.265235677666563e-08
36550.000000000095 6.899028848408938e-08
36600.000000000095 7.947808939888703e-08
36650.000000000095 7.720409246344133e-08
36700.000000000095 7.558652780400846e-08
36750.000000000095 8.699946738358359e-08
36800.000000000095 7.949130444384279e-08
36850.000000000095 6.407862393090824e-08
36900.000000000095 7.769892926601534e-08
36950.000000000095 8.428638286850022e-08
37000.000000000095 7.496533019472091e-08
37050.000000000095 9.12744622962676e-08
37100.000000000095 8.822890373444245e-08
37150.000000000095 9.055353140181154e-08
37200.000000000095 9.756609776866665e-08
37250.000000000095 7.967756671270146e-08
37300.000000000095 8.119316159958002e-08
37350.000000000095 1.0107937642406183e-07
37400.000000000095 1.264800467576269e-07
37450.000000000095 9.164178530507305e-08
37500.000000000095 8.756385595883862e-08
37550.000000000095 1.433485940883307e-07
37600.000000000095 1.5609217681181265e-07
37650.000000000095 1.0162287218344866e-07
37700.000000000095 1.293678184284015e-07
37750.000000000095 9.481713221384246e-08
37800.000000000095 1.1196851162590446e-07
37850.000000000095 8.2853873382958e-08
37900.000000000095 1.0063935120544541e-07
37950.000000000095 1.2864203259788065e-07
38000.000000000095 1.5032776416813677e-07
38050.000000000095 1.3627034981034097e-07
38100.000000000095 1.5646051605665124e-07
38150.000000000095 1.5588328347857614e-07
38200.000000000095 1.600881189880774e-07
38250.000000000095 1.552764999254508e-07
38300.000000000095 2.1122791922185417e-07
38350.000000000095 2.0445210151059147e-07
38400.000000000095 1.3192377849254847e-07
38450.000000000095 1.306211061958154e-07
38500.000000000095 9.713474333057591e-08
38550.000000000095 1.4135298756906695e-07
38600.000000000095 1.5054843498876082e-07
38650.000000000095 1.8920867599146662e-07
38700.000000000095 1.8586332904052569e-07
38750.000000000095 1.908748868502414e-07
38800.000000000095 1.4925021635094164e-07
38850.000000000095 2.0561348013334974e-07
38900.000000000095 2.1214264697550673e-07
38950.000000000095 1.6460466861037882e-07
39000.000000000095 2.2729488652234095e-07
39050.000000000095 1.8326359652851548e-07
39100.000000000095 2.0256390496281805e-07
39150.000000000095 1.9969237572096427e-07
39200.000000000095 1.8394774885216566e-07
39250.000000000095 2.337898425537926e-07
39300.000000000095 2.1519799991564287e-07
39350.000000000095 2.748981912639835e-07
39400.000000000095 2.400644208026193e-07
39450.000000000095 2.4632731272352914e-07
39500.000000000095 2.4682274169463586e-07
39550.000000000095 2.3088199747393093e-07
39600.000000000095 2.4642388178382523e-07
39650.000000000095 3.1268549153316804e-07
39700.000000000095 2.5350743083339073e-07
39750.000000000095 1.8505544503970693e-07
39800.000000000095 2.4655072205969027e-07
39850.000000000095 3.0475182875155056e-07
39900.000000000095 3.034243074129347e-07
39950.000000000095 2.679021891101351e-07
40000.000000000095 3.295372556965914e-07
40050.000000000095 3.160135277719878e-07
40100.000000000095 2.151189634995566e-07
40150.000000000095 3.3369324130984203e-07
40200.000000000095 3.4069812909310815e-07
40250.000000000095 3.288400653237004e-07
40300.000000000095 3.4621773292784727e-07
40350.000000000095 2.6142980262515373e-07
40400.000000000095 3.4413496143621455e-07
40450.000000000095 2.876989205867872e-07
40500.000000000095 3.5267004581999444e-07
40550.000000000095 3.5701427113293587e-07
40600.000000000095 3.364209067924174e-07
40650.000000000095 3.2843130250413574e-07
40700.000000000095 4.547721037067678e-07
40750.000000000095 3.62643662585003e-07
40800.000000000095 2.858869819542146e-07
40850.000000000095 4.4058803380377674e-07
40900.000000000095 4.045683400019583e-07
40950.000000000095 3.2149619197672583e-07
41000.000000000095 3.7383954093055954e-07
41050.000000000095 4.390869536285219e-07
41100.000000000095 3.515250458197483e-07
41150.000000000095 2.6765028057374184e-07
41200.000000000095 4.396056050924555e-07
41250.000000000095 3.989725808425469e-07
41300.000000000095 3.4094615342901325e-07
41350.000000000095 4.598226338692059e-07
41400.000000000095 4.012087834315502e-07
41450.000000000095 4.2472733834015313e-07
41500.000000000095 3.4142005003194343e-07
41550.000000000095 3.185385032591018e-07
41600.000000000095 3.9376115897430025e-07
41650.000000000095 4.0162923023974885e-07
41700.000000000095 3.6853420526065786e-07
41750.000000000095 3.460354462919012e-07
41800.000000000095 4.7605016076004253e-07
41850.000000000095 2.8173092557348227e-07
41900.000000000095 3.214087124942495e-07
41950.000000000095 3.838711292481174e-07
42000.000000000095 4.173174128924976e-07
42050.000000000095 3.5558030033231404e-07
42100.000000000095 4.527970201995323e-07
42150.000000000095 3.219244971087919e-07
42200.000000000095 3.385460561467001e-07
42250.000000000095 3.2235807486746453e-07
42300.000000000095 3.319761147924441e-07
42350.000000000095 3.770742195564897e-07
42400.000000000095 3.8265006570187604e-07
42450.000000000095 3.3570347912824374e-07
42500.000000000095 3.1959133396979453e-07
42550.000000000095 3.107079760650795e-07
42600.000000000095 3.382944560315482e-07
42650.000000000095 4.583271245926316e-07
42700.000000000095 2.8157363637793187e-07
42750.000000000095 2.9323690027492765e-07
42800.000000000095 3.167944236439091e-07
42850.000000000095 3.5918981398616625e-07
42900.000000000095 4.010526741922112e-07
42950.000000000095 2.937637723286564e-07
43000.000000000095 3.8772870849596137e-07
43050.000000000095 1.9839902900845077e-07
43100.000000000095 2.9960231219729375e-07
43150.000000000095 3.1329135570365056e-07
43200.000000000095 3.405450197732638e-07
43250.000000000095 4.57872938855393e-07
43300.000000000095 4.45422600077436e-07
43350.000000000095 2.504536722360173e-07
43400.000000000095 3.361333851904455e-07
43450.000000000095 2.4448622168289516e-07
43500.000000000095 2.794694873641054e-07
43550.000000000095 2.739556413458177e-07
43600.000000000095 3.5429501911972835e-07
43650.000000000095 2.2079893271596506e-07
43700.000000000095 3.950328652182114e-07
43750.000000000095 3.7008913668546654e-07
43800.000000000095 2.967028914682705e-07
43850.000000000095 2.930391181750221e-07
43900.000000000095 2.644478819430167e-07
43950.000000000095 2.1300580048754966e-07
44000.000000000095 1.4927459156559838e-07
44050.000000000095 2.6277017032857197e-07
44100.000000000095 2.98573844080201e-07
44150.000000000095 2.887469541702821e-07
44200.000000000095 2.499111198509715e-07
44250.000000000095 1.9781004769639008e-07
44300.000000000095 1.751185775347341e-07
44350.000000000095 1.6237543717475192e-07
44400.000000000095 1.6524603067543394e-07
44450.000000000095 1.804329071664851e-07
44500.000000000095 1.4706760605740266e-07
44550.000000000095 1.7655221414913046e-07
44600.000000000095 1.355684963655488e-07
44650.000000000095 1.5962746158752255e-07
44700.000000000095 1.3520385590476396e-07
44750.000000000095 1.4540028706956637e-07
44800.000000000095 1.2625550428319603e-07
44850.000000000095 1.2812511486025416e-07
44900.000000000095 9.98287680584967e-08
44950.000000000095 9.407271798352763e-08
45000.000000000095 1.0232453055097425e-07
45050.000000000095 1.0630044653562423e-07
45100.000000000095 1.021690783135297e-07
45150.000000000095 8.778481768485856e-08
45200.000000000095 6.121601247008093e-08
45250.000000000095 6.987934058850413e-08
45300.000000000095 8.433986998089057e-08
45350.000000000095 8.047629425059453e-08
45400.000000000095 6.496984614512023e-08
45450.000000000095 6.225714868752892e-08
45500.000000000095 6.815684448911418e-08
45550.000000000095 8.009439239521241e-08
45600.000000000095 6.01195461284011e-08
45650.000000000095 5.7982577845782976e-08
45700.000000000095 7.511721372520551e-08
45750.000000000095 6.19121687571236e-08
45800.000000000095 5.156903648157099e-08
45850.000000000095 8.346390766576203e-08
45900.000000000095 8.324668086701916e-08
45950.000000000095 5.2456350687366485e-08
46000.000000000095 7.798896793105324e-08
46050.000000000095 8.496413144663678e-08
46100.000000000095 5.407250551705799e-08
46150.000000000095 8.186475374451794e-08
46200.000000000095 7.761652839277239e-08
46250.000000000095 3.935161315637601e-08
46300.000000000095 9.751185159741816e-08
46350.000000000095 6.893236008561503e-08
46400.000000000095 8.349049553681655e-08
46450.000000000095 1.1458154485814419e-07
46500.000000000095 7.809733282972714e-08
46550.000000000095 1.088387248061238e-07
46600.000000000095 1.0735542213502476e-07
46650.000000000095 2.05425758461676e-07
46700.000000000095 1.3880767153491068e-07
46750.000000000095 9.732795712489113e-08
46800.000000000095 6.837035737791399e-08
46850.000000000095 1.214412598100837e-07
46900.000000000095 1.0122665906925449e-07
46950.000000000095 1.4641861430506899e-07
47000.000000000095 7.11576926962482e-08
47050.000000000095 1.4220937217968565e-07
47100.000000000095 5.639708156599913e-08
47150.000000000095 8.408964802438723e-08
47200.000000000095 1.0296093302706399e-07
47250.000000000095 6.620826091462515e-08
47300.000000000095 7.731368925189363e-08
47350.000000000095 6.026924726839748e-08
47400.000000000095 1.2069247692108235e-07
47450.000000000095 5.8235120884802315e-08
47500.000000000095 1.3242197144209026e-07
47550.000000000095 6.289348447911563e-08
47600.000000000095 1.2092610343171375e-07
47650.000000000095 6.35643840505351e-08
47700.000000000095 1.1511116431150353e-07
47750.000000000095 5.328509758614713e-08
47800.000000000095 9.94430393378248e-08
47850.000000000095 5.008904723050358e-08
47900.000000000095 8.373635555403655e-08
47950.000000000095 7.389319949677158e-08
48000.000000000095 1.4142882152575703e-07
48050.000000000095 8.72866376712908e-08
48100.000000000095 1.0913460393352445e-07
48150.000000000095 8.423162562313424e-08
48200.000000000095 1.2470995514201466e-07
48250.000000000095 8.653443113392545e-08
48300.000000000095 1.6722759955879602e-07
48350.000000000095 8.221782027892358e-08
48400.000000000095 8.771880884904785e-08
48450.000000000095 7.85624394204062e-08
48500.000000000095 1.5247857774423293e-07
48550.000000000095 7.488250594445762e-08
48600.000000000095 1.418246342777003e-07
