galfind/configs/Brown_Dwarf_templates/sonora_cholla/logkzz4/562g/900K_562g_logkzz4_resample.dat
# %ECSV 1.0
# ---
# datatype:
# - {name: wav, unit: Angstrom, datatype: float64}
# - {name: flux_nu, unit: erg / (cm2 Hz s), datatype: float64}
# schema: astropy-2.0
wav flux_nu
10000.000000000093 nan
10050.000000000093 1.391369739963157e-07
10100.000000000093 1.6682211513772274e-07
10150.000000000093 1.7623338081152682e-07
10200.000000000093 1.9810226101117533e-07
10250.000000000093 2.169116888476681e-07
10300.000000000093 2.334873210690558e-07
10350.000000000093 2.665177842494893e-07
10400.000000000093 2.919884405353253e-07
10450.000000000093 3.0723233590665187e-07
10500.000000000093 3.109585119051091e-07
10550.000000000093 3.181948795353747e-07
10600.000000000093 3.2632188460740487e-07
10650.000000000093 3.382980596017122e-07
10700.000000000093 3.448275393500915e-07
10750.000000000093 3.5112871602608607e-07
10800.000000000093 3.477437940754301e-07
10850.000000000093 3.3770285466908963e-07
10900.000000000093 2.5464689554399916e-07
10950.000000000093 1.366585855159732e-07
11000.000000000093 9.450514016841067e-08
11050.000000000093 5.986339980444779e-08
11100.000000000093 4.133380839576625e-08
11150.000000000093 2.6328462183383504e-08
11200.000000000093 2.6568573530333576e-08
11250.000000000093 3.424863214130614e-08
11300.000000000093 3.5552830573195765e-08
11350.000000000093 1.628078317415086e-08
11400.000000000093 3.8522306353868055e-08
11450.000000000093 2.750264055550881e-08
11500.000000000093 2.9051379499027798e-08
11550.000000000093 1.6046380949550637e-08
11600.000000000093 1.6065028942554812e-08
11650.000000000093 2.4204618691387488e-08
11700.000000000093 2.740242154977287e-08
11750.000000000093 1.5550031861494867e-08
11800.000000000093 3.579804814793872e-08
11850.000000000093 5.4420247169927246e-08
11900.000000000093 6.551211706041263e-08
11950.000000000093 9.26461453187988e-08
12000.000000000093 1.1683011010805042e-07
12050.000000000093 1.4765546990198002e-07
12100.000000000093 1.7765294089791705e-07
12150.000000000093 2.1209200169173382e-07
12200.000000000093 2.462387880490368e-07
12250.000000000093 2.8580093101360443e-07
12300.000000000093 3.2738863794264476e-07
12350.000000000093 3.4336074659949877e-07
12400.000000000093 3.9244060614767814e-07
12450.000000000093 4.416840995912154e-07
12500.000000000093 4.714885498059195e-07
12550.000000000093 4.984860222677777e-07
12600.000000000093 4.957196247307941e-07
12650.000000000093 4.838620055465538e-07
12700.000000000093 4.802636210718587e-07
12750.000000000093 4.446135742806066e-07
12800.000000000093 4.342525927029365e-07
12850.000000000093 3.616886691056005e-07
12900.000000000093 3.170484357272563e-07
12950.000000000093 2.9887096089465136e-07
13000.000000000093 2.9533957178547046e-07
13050.000000000093 2.5863337263317426e-07
13100.000000000093 2.4007850381804577e-07
13150.000000000093 1.9020927339663714e-07
13200.000000000093 1.7220498439561674e-07
13250.000000000093 1.2072287430682141e-07
13300.000000000093 6.102104416597656e-08
13350.000000000093 1.9310351819989165e-08
13400.000000000093 8.236736732044226e-09
13450.000000000093 4.411466992095436e-09
13500.000000000093 2.249921292848105e-09
13550.000000000093 1.5243476410582027e-09
13600.000000000093 8.091406867156187e-10
13650.000000000093 2.6736082500224225e-09
13700.000000000093 1.890976039227222e-09
13750.000000000093 2.9738747995544756e-09
13800.000000000093 3.710891115960544e-09
13850.000000000093 2.28103129937608e-09
13900.000000000093 2.4224454359123547e-09
13950.000000000093 2.3216558516792428e-09
14000.000000000093 2.279631639413409e-09
14050.000000000093 3.1490265607213067e-09
14100.000000000093 2.4297957120680274e-09
14150.000000000093 3.849024676693268e-09
14200.000000000093 2.7239771284077755e-09
14250.000000000093 3.105853496726311e-09
14300.000000000093 6.066501314385393e-09
14350.000000000093 5.584499370281494e-09
14400.000000000093 6.048247855475015e-09
14450.000000000093 7.634683484297426e-09
14500.000000000093 1.4638293545516256e-08
14550.000000000093 1.505900841821288e-08
14600.000000000093 2.2427945938632046e-08
14650.000000000093 2.247376737359257e-08
14700.000000000093 1.5480070623256676e-08
14750.000000000093 2.1888930233634364e-08
14800.000000000093 2.817222246974725e-08
14850.000000000093 2.9073995287525133e-08
14900.000000000093 3.1943066542203046e-08
14950.000000000093 3.877765356011808e-08
15000.000000000093 4.557263329348948e-08
15050.000000000093 5.4407427800296765e-08
15100.000000000093 6.273975610476692e-08
15150.000000000093 6.718099867984163e-08
15200.000000000093 6.93506389229344e-08
15250.000000000093 9.086994558842673e-08
15300.000000000093 1.0523290870488725e-07
15350.000000000093 1.2717843227487618e-07
15400.000000000093 1.4251169751898477e-07
15450.000000000093 1.6000656986991275e-07
15500.000000000093 1.7037559532811248e-07
15550.000000000093 1.984375036753494e-07
15600.000000000093 2.1437157599512875e-07
15650.000000000093 2.2257688913743106e-07
15700.000000000093 2.488514169246845e-07
15750.000000000093 2.6038771411070994e-07
15800.000000000093 2.5627926181815075e-07
15850.000000000093 2.644540862728333e-07
15900.000000000093 2.507838492870473e-07
15950.000000000093 2.296714145250645e-07
16000.000000000093 1.9557695965568144e-07
16050.000000000093 1.476509719152812e-07
16100.000000000093 1.1385172311683364e-07
16150.000000000093 7.843426840794478e-08
16200.000000000093 5.233480862593859e-08
16250.000000000093 4.9173494654049644e-08
16300.000000000093 3.9640522469325727e-08
16350.000000000093 4.451324694258804e-08
16400.000000000095 5.13901119807689e-08
16450.000000000095 5.525498021338882e-08
16500.000000000095 5.986225950852544e-08
16550.000000000095 5.636362787933334e-08
16600.000000000095 6.076318628647442e-08
16650.000000000095 4.2183591450482205e-08
16700.000000000095 1.6519847096544815e-08
16750.000000000095 2.867120865492324e-08
16800.000000000095 4.378386478624512e-08
16850.000000000095 4.402024484314908e-08
16900.000000000095 3.533752705261797e-08
16950.000000000095 3.104718041184987e-08
17000.000000000095 2.4456895490196993e-08
17050.000000000095 3.362660800533559e-08
17100.000000000095 4.079192810424109e-08
17150.000000000095 3.1964837802317674e-08
17200.000000000095 4.9725395793025604e-08
17250.000000000095 3.9224180131065205e-08
17300.000000000095 3.1841506524603936e-08
17350.000000000095 3.1210322872644156e-08
17400.000000000095 3.279269341723075e-08
17450.000000000095 3.5962669662926445e-08
17500.000000000095 4.192759848726622e-08
17550.000000000095 3.522295931007517e-08
17600.000000000095 2.911286306248967e-08
17650.000000000095 2.794672057514744e-08
17700.000000000095 2.1693287993703693e-08
17750.000000000095 1.8394440171469373e-08
17800.000000000095 2.4401987066961175e-08
17850.000000000095 1.5870283771534694e-08
17900.000000000095 1.7075582945972847e-08
17950.000000000095 1.1610465814750876e-08
18000.000000000095 1.4633703429299103e-08
18050.000000000095 1.2469658046458952e-08
18100.000000000095 1.185991783687766e-08
18150.000000000095 1.6240083486086515e-08
18200.000000000095 9.218852332439624e-09
18250.000000000095 2.270610125484618e-08
18300.000000000095 1.1123394136683248e-08
18350.000000000095 9.737714093919277e-09
18400.000000000095 8.180914161446863e-09
18450.000000000095 1.3441202422380911e-08
18500.000000000095 1.4039977162657502e-08
18550.000000000095 1.0146938281049745e-08
18600.000000000095 9.570881896008424e-09
18650.000000000095 7.515350795788656e-09
18700.000000000095 6.1074844370133705e-09
18750.000000000095 9.70309005363431e-09
18800.000000000095 2.2473980368093063e-08
18850.000000000095 2.386490354389044e-08
18900.000000000095 2.0683899932706964e-08
18950.000000000095 3.760463418107732e-08
19000.000000000095 2.062811791373506e-08
19050.000000000095 1.4437771155439312e-08
19100.000000000095 2.899992517024531e-08
19150.000000000095 1.8430174875179994e-08
19200.000000000095 2.5911743043196223e-08
19250.000000000095 1.9292026783916492e-08
19300.000000000095 1.5748540497740336e-08
19350.000000000095 1.5531179160026013e-08
19400.000000000095 9.78426674200285e-09
19450.000000000095 1.9786856646607685e-08
19500.000000000095 1.8556940023413674e-08
19550.000000000095 1.488723315987171e-08
19600.000000000095 2.0486067419189224e-08
19650.000000000095 2.479287784402521e-08
19700.000000000095 2.5603853031618256e-08
19750.000000000095 2.8938727811188863e-08
19800.000000000095 3.254160661977462e-08
19850.000000000095 4.17609051507975e-08
19900.000000000095 3.2135985344672763e-08
19950.000000000095 5.005637051192148e-08
20000.000000000095 4.7296007409538896e-08
20050.000000000095 5.130640318058611e-08
20100.000000000095 5.787841311271333e-08
20150.000000000095 5.448130125346652e-08
20200.000000000095 6.367335913154081e-08
20250.000000000095 7.415338251507593e-08
20300.000000000095 6.905138664245978e-08
20350.000000000095 8.085122405698241e-08
20400.000000000095 7.793254301727807e-08
20450.000000000095 9.224063396224848e-08
20500.000000000095 9.52971822825459e-08
20550.000000000095 9.336057939238922e-08
20600.000000000095 1.0391652223867415e-07
20650.000000000095 1.0099874270184452e-07
20700.000000000095 1.0049992941075755e-07
20750.000000000095 1.0664037681794056e-07
20800.000000000095 1.042539190552823e-07
20850.000000000095 1.0543844520783929e-07
20900.000000000095 1.0783101228075095e-07
20950.000000000095 1.0263465584289212e-07
21000.000000000095 1.033596826329593e-07
21050.000000000095 9.856569631653062e-08
21100.000000000095 9.586409490600395e-08
21150.000000000095 9.59329452017062e-08
21200.000000000095 9.082026926893762e-08
21250.000000000095 8.861003256991011e-08
21300.000000000095 7.994587925924205e-08
21350.000000000095 7.960759981099338e-08
21400.000000000095 7.470007354833419e-08
21450.000000000095 6.755322364898126e-08
21500.000000000095 6.825296570512994e-08
21550.000000000095 6.396639129625691e-08
21600.000000000095 5.917934552281905e-08
21650.000000000095 5.345772578025763e-08
21700.000000000095 5.527900777150912e-08
21750.000000000095 5.173484228233849e-08
21800.000000000095 4.52483659155372e-08
21850.000000000095 3.9412253386333865e-08
21900.000000000095 3.388689931625688e-08
21950.000000000095 1.859132816206757e-08
22000.000000000095 8.056461238768487e-09
22050.000000000095 6.897760745197909e-09
22100.000000000095 1.3685066702994789e-08
22150.000000000095 1.591488779336314e-08
22200.000000000095 1.4915853894807967e-08
22250.000000000095 1.4161248749911997e-08
22300.000000000095 1.1383429718338582e-08
22350.000000000095 1.0928517495664809e-08
22400.000000000095 7.82763200095599e-09
22450.000000000095 7.154135135160487e-09
22500.000000000095 7.967411161761856e-09
22550.000000000095 4.56729427221154e-09
22600.000000000095 6.109867928787382e-09
22650.000000000095 7.475971102344744e-09
22700.000000000095 5.9388544039595285e-09
22750.000000000095 6.40434119463641e-09
22800.000000000095 6.076052605339227e-09
22850.000000000095 5.23869939351447e-09
22900.000000000095 4.210548455655951e-09
22950.000000000095 4.094010629699836e-09
23000.000000000095 4.43221355334764e-09
23050.000000000095 5.679230709672751e-09
23100.000000000095 1.1915510313173672e-08
23150.000000000095 1.2013005249313217e-08
23200.000000000095 2.7063383721410283e-09
23250.000000000095 3.5031073243240093e-09
23300.000000000095 3.797036856253745e-09
23350.000000000095 3.0665080783219096e-09
23400.000000000095 4.495217454346143e-09
23450.000000000095 3.630103799164425e-09
23500.000000000095 3.5902629254616277e-09
23550.000000000095 5.427321683641353e-09
23600.000000000095 6.4870550481209995e-09
23650.000000000095 7.78524290742498e-09
23700.000000000095 3.4074109269808604e-09
23750.000000000095 2.9265904312592096e-09
23800.000000000095 5.506657719348224e-09
23850.000000000095 5.021288807848878e-09
23900.000000000095 8.782916692321377e-09
23950.000000000095 7.981584989523385e-09
24000.000000000095 1.1150360911240099e-08
24050.000000000095 1.2438975074332462e-08
24100.000000000095 1.002049079336853e-08
24150.000000000095 1.2299951304685757e-08
24200.000000000095 1.297212799536466e-08
24250.000000000095 9.693064448916522e-09
24300.000000000095 1.3941743319212563e-08
24350.000000000095 1.0601190464495361e-08
24400.000000000095 1.8126470355323605e-08
24450.000000000095 1.4799982676619625e-08
24500.000000000095 1.6778302302571776e-08
24550.000000000095 1.896567702957977e-08
24600.000000000095 2.1674637395979575e-08
24650.000000000095 2.4683107103182458e-08
24700.000000000095 1.7952247412901483e-08
24750.000000000095 1.8354569744335387e-08
24800.000000000095 1.8548085887487286e-08
24850.000000000095 2.800694071344681e-08
24900.000000000095 1.269576766405787e-08
24950.000000000095 2.3642683417809685e-08
25000.000000000095 2.218051305125594e-08
25050.000000000095 1.433336166801651e-08
25100.000000000095 2.0227870569395773e-08
25150.000000000095 1.1386706673636216e-08
25200.000000000095 1.67052447787733e-08
25250.000000000095 8.920909906205741e-09
25300.000000000095 1.3376870509293768e-08
25350.000000000095 6.742419231592483e-09
25400.000000000095 1.4925284962200855e-08
25450.000000000095 7.890740447614767e-09
25500.000000000095 7.4482420216991644e-09
25550.000000000095 1.0321737277386608e-08
25600.000000000095 7.056567009895324e-09
25650.000000000095 4.821898930196204e-09
25700.000000000095 9.447240583004837e-09
25750.000000000095 4.066804710005025e-09
25800.000000000095 1.1117254586715982e-08
25850.000000000095 3.939056751537454e-09
25900.000000000095 6.0742763458738e-09
25950.000000000095 2.99851208660313e-09
26000.000000000095 1.0800088847335684e-08
26050.000000000095 4.6212790454736306e-09
26100.000000000095 1.1028980057126054e-08
26150.000000000095 7.649775987972425e-09
26200.000000000095 8.924604928665647e-09
26250.000000000095 1.8421836192858995e-08
26300.000000000095 9.29059997321383e-09
26350.000000000095 2.162089025064802e-08
26400.000000000095 2.574751688858223e-08
26450.000000000095 2.1084000274555283e-08
26500.000000000095 2.315958637016585e-08
26550.000000000095 1.1676646830333204e-08
26600.000000000095 1.4018526073565876e-08
26650.000000000095 5.205637384358264e-09
26700.000000000095 3.666874897707188e-09
26750.000000000095 3.5315409344680614e-09
26800.000000000095 5.839697849078367e-09
26850.000000000095 3.4055675028946833e-09
26900.000000000095 9.611464036311156e-09
26950.000000000095 4.256228523932607e-09
27000.000000000095 1.4329706765730057e-08
27050.000000000095 1.2866625004120297e-08
27100.000000000095 6.441643868802946e-09
27150.000000000095 1.7709888438508327e-08
27200.000000000095 6.5818134727520675e-09
27250.000000000095 9.860392385286323e-09
27300.000000000095 3.074341947149192e-08
27350.000000000095 1.883336485349505e-08
27400.000000000095 3.3513897659574905e-09
27450.000000000095 2.233374875211305e-08
27500.000000000095 2.7377884437094863e-08
27550.000000000095 8.405821152196357e-09
27600.000000000095 1.6763664935180277e-08
27650.000000000095 7.048093482195243e-09
27700.000000000095 5.523118130172785e-09
27750.000000000095 1.824328353741569e-08
27800.000000000095 8.057716379172152e-09
27850.000000000095 9.513751444266629e-09
27900.000000000095 1.2845978826841838e-08
27950.000000000095 2.0642717161308902e-08
28000.000000000095 1.6897616916974437e-08
28050.000000000095 5.734898148173617e-09
28100.000000000095 2.433607479046378e-08
28150.000000000095 1.5240569946451235e-08
28200.000000000095 5.9590371345103995e-09
28250.000000000095 2.561650580834628e-08
28300.000000000095 3.372976391857773e-08
28350.000000000095 7.840728172822496e-09
28400.000000000095 2.010500319123675e-08
28450.000000000095 2.926242821040176e-08
28500.000000000095 1.9320543603104003e-08
28550.000000000095 7.103361280147545e-09
28600.000000000095 2.9013517350352573e-08
28650.000000000095 2.5935159173316157e-08
28700.000000000095 2.1729108698470853e-08
28750.000000000095 3.4479636369681586e-08
28800.000000000095 3.0426334461415055e-08
28850.000000000095 3.613271481311474e-08
28900.000000000095 1.6570123895363802e-08
28950.000000000095 4.544123888895391e-08
29000.000000000095 2.968230165536019e-08
29050.000000000095 3.56659828243181e-08
29100.000000000095 2.300356973842481e-08
29150.000000000095 5.2728453874553123e-08
29200.000000000095 3.1360503645883225e-08
29250.000000000095 4.555654824595771e-08
