galfind/configs/Brown_Dwarf_templates/sonora_cholla/logkzz4/562g/950K_562g_logkzz4_resample.dat
# %ECSV 1.0
# ---
# datatype:
# - {name: wav, unit: Angstrom, datatype: float64}
# - {name: flux_nu, unit: erg / (cm2 Hz s), datatype: float64}
# schema: astropy-2.0
wav flux_nu
[from data line 774]
48700.000000000095 1.9880246726586237e-07
48750.000000000095 1.1199986712406859e-07
48800.000000000095 1.950716807794807e-07
48850.000000000095 1.3068369151910507e-07
48900.000000000095 1.9362374245413193e-07
48950.000000000095 1.6927160382341131e-07
49000.000000000095 1.401124541191191e-07
49050.000000000095 1.9077072428419267e-07
49100.000000000095 1.358233311474672e-07
49150.000000000095 2.1897420686908735e-07
49200.000000000095 1.4429196399098024e-07
49250.000000000095 2.213063880678355e-07
49300.000000000095 1.5616047837934982e-07
49350.000000000095 1.6124945037776953e-07
49400.000000000095 1.912484468554545e-07
49450.000000000095 1.8428944413551771e-07
49500.000000000095 1.6703715967457022e-07
49550.000000000095 9.249166603252442e-08
49600.000000000095 1.73034951558638e-07
49650.000000000095 1.675286119621503e-07
49700.000000000095 1.571345132378437e-07
49750.000000000095 2.5525276799850117e-07
49800.000000000095 1.4965200340140887e-07
49850.000000000095 2.8161678672974053e-07
49900.000000000095 2.110815460563413e-07
49950.000000000095 2.231751131341163e-07
50000.000000000095 2.4335626028066306e-07
50050.000000000095 2.3198491770970232e-07
50100.000000000095 2.728153583488889e-07
50150.000000000095 1.4451250223512786e-07
50200.000000000095 9.027013258242059e-08
50250.000000000095 2.241481242709179e-07
50300.000000000095 1.6442024668504799e-07
50350.000000000095 2.4544976027685425e-07
50400.000000000095 2.1010209169131393e-07
50450.000000000095 2.0376405107694902e-07
50500.000000000095 2.798910425113465e-07
50550.000000000095 2.2858174744213726e-07
50600.000000000095 2.333706659933372e-07
50650.000000000095 2.2724737069711938e-07
50700.000000000095 3.300933986651478e-07
50750.000000000095 2.819626121493353e-07
50800.000000000095 1.4207171506903062e-07
50850.000000000095 1.381076232301182e-07
50900.000000000095 2.8461225770065606e-07
50950.000000000095 2.787316658710933e-07
51000.000000000095 2.4785482236285357e-07
51050.000000000095 2.4255504025410626e-07
51100.000000000095 1.3515798291056493e-07
51150.000000000095 1.890438915894695e-07
51200.000000000095 3.1141701782530925e-07
51250.000000000095 2.4866328097635893e-07
51300.000000000095 1.7622764573095652e-07
51350.000000000095 2.2038744997456687e-07
51400.000000000095 1.431692772861876e-07
51450.000000000095 1.267119742710851e-07
51500.000000000095 1.1438788643206906e-07
51550.000000000095 2.3458723779069072e-07
51600.000000000095 1.7041051691079898e-07
51650.000000000095 2.2082777512795682e-07
51700.000000000095 2.312711419715652e-07
51750.000000000095 1.50506360990734e-07
51800.000000000095 2.9442154436387106e-07
51850.000000000095 2.4135108407481396e-07
51900.000000000095 3.1597866020144483e-07
51950.000000000095 2.4179569003682305e-07
52000.000000000095 7.833848269814335e-08
52050.000000000095 1.614913595107617e-07
52100.000000000095 1.390623020511616e-07
52150.000000000095 1.0795354161298083e-07
52200.000000000095 1.2360909704728274e-07
52250.000000000095 1.7513014677846368e-07
52300.000000000095 2.94685367583996e-07
52350.000000000095 1.686879016369795e-07
52400.000000000095 1.4160438472255105e-07
52450.000000000095 2.468610528428164e-07
52500.000000000095 2.282031382896392e-07
52550.000000000095 2.2898295356926005e-07
52600.000000000095 1.8416624898340778e-07
52650.000000000095 1.9640201174659432e-07
52700.000000000095 1.6534801485584593e-07
52750.000000000095 1.2512647993302026e-07
52800.000000000095 1.407833940450606e-07
52850.000000000095 1.6555487039383158e-07
52900.000000000095 1.2638968695079124e-07
52950.000000000095 1.39301429826657e-07
53000.000000000095 2.5483130707061003e-07
53050.000000000095 1.0375940268647442e-07
53100.000000000095 2.3603178120854523e-07
53150.000000000095 2.8563488413449664e-07
53200.000000000095 1.2905409198300339e-07
53250.000000000095 2.532367187853272e-07
53300.000000000095 2.680384132231127e-07
53350.000000000095 2.575042338120564e-07
53400.000000000095 2.49248002728194e-07
53450.000000000095 1.0789534950389062e-07
53500.000000000095 6.334755179699702e-08
53550.000000000095 1.0382542279531226e-07
53600.000000000095 1.7191763653778134e-07
53650.000000000095 1.450085563962756e-07
53700.000000000095 1.3180667094149843e-07
53750.000000000095 1.3051198097806974e-07
53800.000000000095 1.3124675138202386e-07
53850.000000000095 1.8130284405486342e-07
53900.000000000095 1.8071478531621204e-07
53950.000000000095 2.3650752191554515e-07
54000.000000000095 1.5976439399848606e-07
54050.000000000095 1.6716462803140915e-07
54100.000000000095 7.465688706077707e-08
54150.000000000095 1.1223443159742647e-07
54200.000000000095 5.1172333360470356e-08
54250.000000000095 6.981447839102275e-08
54300.000000000095 1.1904520053890697e-07
54350.000000000095 1.637285506974919e-07
54400.000000000095 1.6159875854460297e-07
54450.000000000095 1.3712724140822394e-07
54500.000000000095 1.2147275952162432e-07
54550.000000000095 1.067927515375469e-07
54600.000000000095 1.3158774396074092e-07
54650.000000000095 6.212196403455874e-08
54700.000000000095 1.5794449139969392e-07
54750.000000000095 1.4564010344328088e-07
54800.000000000095 9.877354489827301e-08
54850.000000000095 1.2282028532135333e-07
54900.000000000095 1.701432894762992e-07
54950.000000000095 2.2799225838669288e-07
55000.000000000095 9.298228652347202e-08
55050.000000000095 1.4469135988413308e-07
55100.000000000095 1.3870475804217432e-07
55150.000000000095 1.055184494242399e-07
55200.000000000095 1.0283651250492472e-07
55250.000000000095 1.211081111796959e-07
55300.000000000095 8.52593425599503e-08
55350.000000000095 1.4766954401875626e-07
55400.000000000095 1.811101804638786e-07
55450.000000000095 1.2071313032271045e-07
55500.000000000095 6.261200881160682e-08
55550.000000000095 8.588011361236134e-08
55600.000000000095 8.849096789154618e-08
55650.000000000095 7.869575165622172e-08
55700.000000000095 9.703258113748551e-08
55750.000000000095 1.0574695069508474e-07
55800.000000000095 7.116375949694272e-08
55850.000000000095 6.891488159734412e-08
55900.000000000095 1.3387655217660821e-07
55950.000000000095 1.7639316141193987e-07
56000.000000000095 8.159431202760843e-08
56050.000000000095 1.0676581929188973e-07
56100.000000000095 1.3289973735520552e-07
56150.000000000095 9.031610869060126e-08
56200.000000000095 1.0620557016546912e-07
56250.000000000095 1.2588561248628192e-07
56300.000000000095 1.1978302800579111e-07
56350.000000000095 1.1360066083618002e-07
56400.000000000095 6.767345924367389e-08
56450.000000000095 6.08507952083904e-08
56500.000000000095 9.188828114757129e-08
56550.000000000095 5.522101591201469e-08
56600.000000000095 1.2884913999689046e-07
56650.000000000095 1.2575837439504432e-07
56700.000000000095 1.323381835177122e-07
56750.000000000095 6.291259050659346e-08
56800.000000000095 1.245271634835323e-07
56850.000000000095 1.0582060633216807e-07
56900.000000000095 7.654040554306351e-08
56950.000000000095 1.304435128361654e-07
57000.000000000095 1.4882364515238021e-07
57050.000000000095 8.983927777929977e-08
57100.000000000095 4.371291002622712e-08
57150.000000000095 6.978205259753603e-08
57200.000000000095 5.643887271343344e-08
57250.000000000095 7.897330871324022e-08
57300.000000000095 1.0895780535413597e-07
57350.000000000095 6.203852714159575e-08
57400.000000000095 1.157291519584178e-07
57450.000000000095 9.224325355933399e-08
57500.000000000095 8.693434953774093e-08
57550.000000000095 1.170244096478702e-07
57600.000000000095 1.1938262759440704e-07
57650.000000000095 4.305789268868797e-08
57700.000000000095 5.957850501518966e-08
57750.000000000095 7.80099407619612e-08
57800.000000000095 3.3883109060661745e-08
57850.000000000095 1.611671477010857e-07
57900.000000000095 1.8535663673205946e-07
57950.000000000095 1.708102791701985e-07
58000.000000000095 7.947698112462076e-08
58050.000000000095 1.1378976269173978e-07
58100.000000000095 1.3462446075184723e-07
58150.000000000095 9.66602185242712e-08
58200.000000000095 4.6327351485276006e-08
58250.000000000095 6.252075417890003e-08
58300.000000000095 5.4605742108228195e-08
58350.000000000095 6.86010898624695e-08
58400.000000000095 1.0336632592284643e-07
58450.000000000095 1.1231258718330618e-07
58500.000000000095 1.0418558069561939e-07
58550.000000000095 1.1503427380918613e-07
58600.000000000095 6.166513950184905e-08
58650.000000000095 7.713402187276109e-08
58700.000000000095 8.731938146303365e-08
58750.000000000095 9.528051254784901e-08
58800.000000000095 3.6125205641561095e-08
58850.000000000095 7.45265453427803e-08
58900.000000000095 1.0045665027922874e-07
58950.000000000095 5.582124256054139e-08
59000.000000000095 1.0058240132402525e-07
59050.000000000095 1.1658439925959847e-07
59100.000000000095 1.3502749233729992e-07
59150.000000000095 9.553414510317365e-08
59200.000000000095 1.019806384739247e-07
59250.000000000095 1.0986118732717963e-07
59300.000000000095 1.0023558404554419e-07
59350.000000000095 4.361009954264018e-08
59400.000000000095 3.6042833926706815e-08
59450.000000000095 9.434114838949306e-08
59500.000000000095 5.4244881824201676e-08
59550.000000000095 1.1196645598293674e-07
59600.000000000095 1.2223006032896722e-07
59650.000000000095 9.144228950195197e-08
59700.000000000095 6.262418509723937e-08
59750.000000000095 1.5099961790092227e-07
59800.000000000095 8.188112273986288e-08
59850.000000000095 1.1681715784906123e-07
59900.000000000095 5.256807320904709e-08
59950.000000000095 9.569490233692206e-08
60000.000000000095 1.6788917441428064e-07
60050.000000000095 1.4620272150153638e-07
60100.000000000095 1.418569775523521e-07
60150.000000000095 8.800618712566508e-08
60200.000000000095 1.152053018684281e-07
60250.000000000095 1.514445053116128e-07
60300.000000000095 1.3747283093403815e-07
60350.000000000095 9.260603796738023e-08
60400.000000000095 1.1546914436780583e-07
60450.000000000095 5.244935058469325e-08
60500.000000000095 3.0897360507711255e-08
60550.000000000095 1.1488244440812252e-07
60600.000000000095 1.176957671361419e-07
60650.000000000095 9.116399444596134e-08
60700.000000000095 7.514171311811615e-08
60750.000000000095 5.367133727188556e-08
60800.000000000095 1.1864235263211743e-07
60850.000000000095 1.8716125934266427e-07
60900.000000000095 1.6725600595769726e-07
60950.000000000095 1.4448433683486298e-07
61000.000000000095 1.1371674897526992e-07
61050.000000000095 7.328643525507452e-08
61100.000000000095 9.890679540157031e-08
61150.000000000095 4.1115976730873676e-08
61200.000000000095 1.3702523803751854e-07
61250.000000000095 1.629140276875856e-07
61300.000000000095 1.4397284894809657e-07
61350.000000000095 1.9090371471119784e-07
61400.000000000095 1.1156770704088603e-07
61450.000000000095 6.183531417725238e-08
61500.000000000095 7.942809091339157e-08
61550.000000000095 9.05134998689851e-08
61600.000000000095 6.112667625032292e-08
61650.000000000095 9.925646382814745e-08
61700.000000000095 8.712200262261988e-08
61750.000000000095 1.0360524758520477e-07
61800.000000000095 1.1415726663730478e-07
61850.000000000095 6.446801387281619e-08
61900.000000000095 1.5552689334807985e-07
61950.000000000095 1.5458922072776315e-07
62000.000000000095 1.560071381980931e-07
62050.000000000095 1.421892904447736e-07
62100.000000000095 1.379598660878465e-07
62150.000000000095 1.545166186396212e-07
62200.000000000095 1.3514410656434343e-07
62250.000000000095 1.284907901775444e-07
62300.000000000095 1.9910883290965403e-07
62350.000000000095 1.59939963988718e-07
62400.000000000095 8.614781219775118e-08
62450.000000000095 1.2539957272446313e-07
62500.000000000095 1.8033925339915673e-07
62550.000000000095 1.7965339497510023e-07
62600.000000000095 1.9105831213475562e-07
62650.000000000095 1.4709007046150274e-07
62700.000000000095 1.5119373157053154e-07
62750.000000000095 1.9488810533464882e-07
62800.000000000095 1.1732900081278119e-07
62850.000000000095 1.6506652716652433e-07
62900.000000000095 1.2775341580510753e-07
62950.000000000095 1.896288464688552e-07
63000.000000000095 1.550432119484901e-07
63050.000000000095 2.1969719710798713e-07
63100.000000000095 2.0123395310691036e-07
63150.000000000095 1.4484330891117452e-07
63200.000000000095 1.7878418003891403e-07
63250.000000000095 1.5302914169418696e-07
63300.000000000095 1.7661369347713365e-07
63350.000000000095 1.6411215216377173e-07
63400.000000000095 9.022534589952766e-08
63450.000000000095 6.662723628218666e-08
63500.000000000095 1.4480676622113701e-07
63550.000000000095 1.4977976193848203e-07
63600.000000000095 1.6744491649409278e-07
63650.000000000095 1.1811428436098894e-07
63700.000000000095 7.238627747269084e-08
63750.000000000095 1.1041178669649153e-07
63800.000000000095 1.534450943635791e-07
63850.000000000095 1.3577668578900162e-07
63900.000000000095 8.220828837729843e-08
63950.000000000095 1.3216469902293825e-07
64000.000000000095 1.508754242265418e-07
64050.000000000095 9.919253122595868e-08
64100.000000000095 3.440548171139394e-08
64150.000000000095 5.0456447401251034e-08
64200.000000000095 5.7166496683125504e-08
64250.000000000095 1.0305382226270361e-07
64300.000000000095 7.84630810640335e-08
64350.000000000095 6.647751672601407e-08
64400.000000000095 1.2013119101263547e-07
64450.000000000095 1.2742534608481423e-07
64500.000000000095 6.493283822637768e-08
64550.000000000095 1.0540540064910765e-07
64600.000000000095 5.819442406660035e-08
64650.000000000095 1.00055002938947e-07
64700.000000000095 5.060642909883949e-08
64750.000000000095 6.69371175881426e-08
64800.000000000095 6.144524449622833e-08
64850.000000000095 5.1728251853190674e-08
64900.000000000095 5.7919339466128944e-08
64950.000000000095 5.430377958630612e-08
65000.000000000095 6.995778333792353e-08
65050.000000000095 7.815338215743171e-08
65100.000000000095 1.0255713859955781e-07
65150.000000000095 6.176989196251757e-08
65200.000000000095 4.923264282961044e-08
65250.000000000095 9.301006291653835e-08
65300.000000000095 7.717173739772474e-08
65350.000000000095 1.5314903512247346e-07
65400.000000000095 7.530665037075814e-08
65450.000000000095 7.803833066055402e-08
65500.000000000095 9.366383496460684e-08
65550.00000000009 5.663532148675421e-08
65600.00000000009 8.135533842492849e-08
65650.00000000009 7.686390146178572e-08
65700.00000000009 7.195101357484598e-08
65750.00000000009 5.403747026397277e-08
65800.00000000009 8.425818110158567e-08
65850.00000000009 1.0488738542907511e-07
65900.00000000009 5.215940519357819e-08
65950.00000000009 5.220140545259051e-08
66000.00000000009 7.220656506825433e-08
66050.00000000009 1.3544732412723676e-07
66100.00000000009 8.080327831458171e-08
66150.00000000009 6.29798051550256e-08
66200.00000000009 6.152646649005457e-08
66250.00000000009 5.5688973974569995e-08
66300.00000000009 2.790092767905273e-08
66350.00000000009 3.65327248549414e-08
66400.00000000009 5.428214152218659e-08
66450.00000000009 9.73797572533094e-08
66500.00000000009 1.329367439163084e-07
66550.00000000009 1.2513643796877169e-07
66600.00000000009 9.592133611475436e-08
66650.00000000009 8.338959454447008e-08
66700.00000000009 7.514128567050891e-08
66750.00000000009 6.879806303941464e-08
66800.00000000009 8.980385365920434e-08
66850.00000000009 6.015577027740329e-08
66900.00000000009 1.1395338206971098e-07
66950.00000000009 1.3424095837695557e-07
67000.00000000009 1.2926370310356825e-07
67050.00000000009 8.58608755949381e-08
67100.00000000009 6.674418964496521e-08
67150.00000000009 7.031562536828807e-08
67200.00000000009 8.900274313698937e-08
67250.00000000009 8.70438826758369e-08
67300.00000000009 1.0303882014438387e-07
67350.00000000009 6.499828690221058e-08
67400.00000000009 1.3063773804440476e-07
67450.00000000009 9.602527175189336e-08
67500.00000000009 8.721884576311088e-08
67550.00000000009 1.1351064192801148e-07
67600.00000000009 1.846624681539928e-07
67650.00000000009 1.3647853531462792e-07
67700.00000000009 9.997655686788352e-08
67750.00000000009 8.221056542519375e-08
67800.00000000009 1.1199033463989128e-07
67850.00000000009 6.420055777120332e-08
67900.00000000009 8.087267927165976e-08
67950.00000000009 5.800504545028455e-08
68000.00000000009 8.841841088916128e-08
