galfind/configs/Brown_Dwarf_templates/sonora_cholla/logkzz2/316g/1000K_316g_logkzz2_resample.dat
# %ECSV 1.0
# ---
# datatype:
# - {name: wav, unit: Angstrom, datatype: float64}
# - {name: flux_nu, unit: erg / (cm2 Hz s), datatype: float64}
# schema: astropy-2.0
wav flux_nu
10000.000000000093 nan
10050.000000000093 2.080634399794552e-07
10100.000000000093 2.4810757515287394e-07
10150.000000000093 2.5397066920600184e-07
10200.000000000093 2.832077907922188e-07
10250.000000000093 3.0838358925848757e-07
10300.000000000093 3.1751593428301554e-07
10350.000000000093 3.6860946917394144e-07
10400.000000000093 4.0694719513899e-07
10450.000000000093 4.2255654069228065e-07
10500.000000000093 4.1679092206752856e-07
10550.000000000093 4.223420160478339e-07
10600.000000000093 4.4084157940611834e-07
10650.000000000093 4.690156684427369e-07
10700.000000000093 4.942848723866776e-07
10750.000000000093 5.195979788810011e-07
10800.000000000093 5.331125260524046e-07
10850.000000000093 5.547496341663682e-07
10900.000000000093 4.6078811558750933e-07
10950.000000000093 2.952681523898299e-07
11000.000000000093 2.3356891196641662e-07
11050.000000000093 1.7160496741671598e-07
11100.000000000093 1.3667732340755113e-07
11150.000000000093 9.81927653610185e-08
11200.000000000093 9.711005590826791e-08
11250.000000000093 1.2012140310654552e-07
11300.000000000093 1.1990120955105168e-07
11350.000000000093 6.043182999895574e-08
11400.000000000093 1.219268909732076e-07
11450.000000000093 9.174499197284567e-08
11500.000000000093 1.0091224038676073e-07
11550.000000000093 6.153904805690493e-08
11600.000000000093 6.537121629742527e-08
11650.000000000093 8.692025514244884e-08
11700.000000000093 9.459640931439948e-08
11750.000000000093 5.828757497080379e-08
11800.000000000093 1.1234342659724547e-07
11850.000000000093 1.595343233111285e-07
11900.000000000093 1.785964456348121e-07
11950.000000000093 2.379060700986996e-07
12000.000000000093 2.770180130563538e-07
12050.000000000093 3.4242638179542517e-07
12100.000000000093 3.9242866250287853e-07
12150.000000000093 4.539018826361452e-07
12200.000000000093 5.130589820261848e-07
12250.000000000093 5.827665581268387e-07
12300.000000000093 6.44911412603349e-07
12350.000000000093 6.669955474910129e-07
12400.000000000093 7.142060979972483e-07
12450.000000000093 7.946351713796557e-07
12500.000000000093 8.381772887663923e-07
12550.000000000093 8.851308705113484e-07
12600.000000000093 8.890221188056942e-07
12650.000000000093 8.752133623552241e-07
12700.000000000093 8.951038532423425e-07
12750.000000000093 8.419939432870587e-07
12800.000000000093 8.50668524807304e-07
12850.000000000093 7.433064739964697e-07
12900.000000000093 6.680399151386913e-07
12950.000000000093 6.675388633613453e-07
13000.000000000093 6.606790780442932e-07
13050.000000000093 6.178931172252503e-07
13100.000000000093 5.687322755580482e-07
13150.000000000093 4.7627577798534105e-07
13200.000000000093 4.336228686075162e-07
13250.000000000093 3.1879003217853863e-07
13300.000000000093 1.6721416120771983e-07
13350.000000000093 5.023064189688848e-08
13400.000000000093 2.5400261517548334e-08
13450.000000000093 1.4776155656291948e-08
13500.000000000093 8.450815818926109e-09
13550.000000000093 6.45914297559768e-09
13600.000000000093 3.801227189964458e-09
13650.000000000093 1.0285936033366568e-08
13700.000000000093 7.872140474445034e-09
13750.000000000093 9.673197026399003e-09
13800.000000000093 1.2196386170153098e-08
13850.000000000093 8.802536117768586e-09
13900.000000000093 9.068600939134006e-09
13950.000000000093 8.34519588136539e-09
14000.000000000093 7.775940039087878e-09
14050.000000000093 1.0203887831724865e-08
14100.000000000093 7.942611460692024e-09
14150.000000000093 1.182054974418125e-08
14200.000000000093 8.847671856458801e-09
14250.000000000093 9.572428954981085e-09
14300.000000000093 1.5865522463592145e-08
14350.000000000093 1.5116789740065743e-08
14400.000000000093 1.704173565480355e-08
14450.000000000093 1.9299726086764304e-08
14500.000000000093 3.545021015495246e-08
14550.000000000093 3.618510863821302e-08
14600.000000000093 4.9971108867142084e-08
14650.000000000093 5.199033825282438e-08
14700.000000000093 3.726162308648874e-08
14750.000000000093 5.0760617182285825e-08
14800.000000000093 6.5700628212538e-08
14850.000000000093 6.814588784720468e-08
14900.000000000093 7.400002462068238e-08
14950.000000000093 8.469520943896088e-08
15000.000000000093 9.389043876194124e-08
15050.000000000093 1.1667511694558011e-07
15100.000000000093 1.323600164372574e-07
15150.000000000093 1.425899064149601e-07
15200.000000000093 1.3759929706129287e-07
15250.000000000093 1.7200560337611588e-07
15300.000000000093 2.0172382540589595e-07
15350.000000000093 2.3739919269689136e-07
15400.000000000093 2.6197336863650725e-07
15450.000000000093 2.9490319225765595e-07
15500.000000000093 3.134837477930044e-07
15550.000000000093 3.60809545041138e-07
15600.000000000093 3.868003685397058e-07
15650.000000000093 3.9920770498756383e-07
15700.000000000093 4.5014754421518314e-07
15750.000000000093 4.7581543380136536e-07
15800.000000000093 4.6158205035786094e-07
15850.000000000093 4.885806638178027e-07
15900.000000000093 4.6874231052420097e-07
15950.000000000093 4.410160279351755e-07
16000.000000000093 3.8655384631894566e-07
16050.000000000093 3.05376960285635e-07
16100.000000000093 2.461113161677336e-07
16150.000000000093 1.723170041732718e-07
16200.000000000093 1.2018876763646714e-07
16250.000000000093 1.1779910476562526e-07
16300.000000000093 9.571007232599642e-08
16350.000000000093 1.0633499123790212e-07
16400.000000000095 1.2218673527701545e-07
16450.000000000095 1.3459664300741522e-07
16500.000000000095 1.4526947310825878e-07
16550.000000000095 1.3565198889614385e-07
16600.000000000095 1.3587101341539934e-07
16650.000000000095 9.991500891681677e-08
16700.000000000095 4.373866262218767e-08
16750.000000000095 6.198839299841792e-08
16800.000000000095 9.624408832559217e-08
16850.000000000095 9.830821787750712e-08
16900.000000000095 8.195831492794091e-08
16950.000000000095 7.343458218316515e-08
17000.000000000095 6.039832426372502e-08
17050.000000000095 8.015664808072198e-08
17100.000000000095 9.472440686935642e-08
17150.000000000095 7.461550312531841e-08
17200.000000000095 1.0683331689640516e-07
17250.000000000095 8.904944785850999e-08
17300.000000000095 7.290557753917364e-08
17350.000000000095 7.08983929774889e-08
17400.000000000095 7.053747939043983e-08
17450.000000000095 7.645225609526577e-08
17500.000000000095 8.926934948072717e-08
17550.000000000095 7.662923148825468e-08
17600.000000000095 6.428607693350906e-08
17650.000000000095 6.461322609795394e-08
17700.000000000095 4.8002431933849513e-08
17750.000000000095 4.371097308589471e-08
17800.000000000095 5.649976808055036e-08
17850.000000000095 3.831537089692441e-08
17900.000000000095 4.277984204554257e-08
17950.000000000095 3.048421709089309e-08
18000.000000000095 3.5697186851846727e-08
18050.000000000095 3.547051271916031e-08
18100.000000000095 3.145773214243381e-08
18150.000000000095 4.5651204413512235e-08
18200.000000000095 2.7465819022593497e-08
18250.000000000095 5.8026497809936923e-08
18300.000000000095 3.519418527172285e-08
18350.000000000095 3.129685234946607e-08
18400.000000000095 2.780081716549746e-08
18450.000000000095 3.454978458189828e-08
18500.000000000095 3.866585665049025e-08
18550.000000000095 2.9881307336923915e-08
18600.000000000095 2.6570120723898654e-08
18650.000000000095 2.369925417959782e-08
18700.000000000095 2.2783630101291246e-08
18750.000000000095 2.991418607157757e-08
18800.000000000095 5.488925615580921e-08
18850.000000000095 6.237102744797914e-08
18900.000000000095 5.522701598652221e-08
18950.000000000095 8.986353137108681e-08
19000.000000000095 6.086421035207477e-08
19050.000000000095 4.627676611196689e-08
19100.000000000095 8.070255145191744e-08
19150.000000000095 6.069886754833468e-08
19200.000000000095 7.244203516357796e-08
19250.000000000095 5.9537755916636574e-08
19300.000000000095 5.202225299934383e-08
19350.000000000095 4.774932829626782e-08
19400.000000000095 3.0351739654417105e-08
19450.000000000095 5.6885776380813545e-08
19500.000000000095 5.373639718262387e-08
19550.000000000095 4.2040902463818964e-08
19600.000000000095 5.7297872560502176e-08
19650.000000000095 6.52884040175599e-08
19700.000000000095 6.680453169660393e-08
19750.000000000095 7.016556611157361e-08
19800.000000000095 8.067659033429718e-08
19850.000000000095 9.847286068448659e-08
19900.000000000095 7.201700304334605e-08
19950.000000000095 1.1209361371613557e-07
20000.000000000095 1.0817623866172714e-07
20050.000000000095 1.1679342342574894e-07
20100.000000000095 1.2692312229537402e-07
20150.000000000095 1.240824823970937e-07
20200.000000000095 1.475515160267852e-07
20250.000000000095 1.660616769421676e-07
20300.000000000095 1.5269196951404812e-07
20350.000000000095 1.7694562089654552e-07
20400.000000000095 1.7597242370639168e-07
20450.000000000095 2.0749283384623482e-07
20500.000000000095 2.1451295707575605e-07
20550.000000000095 2.065556185402464e-07
20600.000000000095 2.392862445186707e-07
20650.000000000095 2.2549571002042575e-07
20700.000000000095 2.3098965985940647e-07
20750.000000000095 2.4839377138158526e-07
20800.000000000095 2.445860545351115e-07
20850.000000000095 2.423290850064606e-07
20900.000000000095 2.535161473879936e-07
20950.000000000095 2.3812248242053203e-07
21000.000000000095 2.458337566051686e-07
21050.000000000095 2.3054445741751066e-07
21100.000000000095 2.2412605489463703e-07
21150.000000000095 2.2490716336709886e-07
21200.000000000095 2.1250267511540288e-07
21250.000000000095 2.0889384396999765e-07
21300.000000000095 1.8437705837074053e-07
21350.000000000095 1.8777505435328906e-07
21400.000000000095 1.6961799744457077e-07
21450.000000000095 1.5615285329162003e-07
21500.000000000095 1.574884336108359e-07
21550.000000000095 1.4588110499495644e-07
21600.000000000095 1.3413966632224197e-07
21650.000000000095 1.1894967040087016e-07
21700.000000000095 1.2217725816666586e-07
21750.000000000095 1.1311693076398823e-07
21800.000000000095 9.76682584287609e-08
21850.000000000095 8.482290021609487e-08
21900.000000000095 7.31603425939074e-08
21950.000000000095 3.993930077988107e-08
22000.000000000095 2.2086248166336277e-08
22050.000000000095 1.6345270557775618e-08
22100.000000000095 2.777332120397198e-08
22150.000000000095 3.421730975884981e-08
22200.000000000095 3.3335861012840914e-08
22250.000000000095 3.068908387536697e-08
22300.000000000095 2.7702272862673658e-08
22350.000000000095 2.546591967147336e-08
22400.000000000095 1.997263666575545e-08
22450.000000000095 1.80867942025806e-08
22500.000000000095 1.9996250842400428e-08
22550.000000000095 1.1396223179038737e-08
22600.000000000095 1.5398215392063635e-08
22650.000000000095 1.7369236154008342e-08
22700.000000000095 1.5159055540522648e-08
22750.000000000095 1.5913523695611676e-08
22800.000000000095 1.4169142152161983e-08
22850.000000000095 1.2575114495633554e-08
22900.000000000095 1.0573231026183427e-08
22950.000000000095 1.1226592787133931e-08
23000.000000000095 1.0410931760365672e-08
23050.000000000095 1.4458767840274532e-08
23100.000000000095 2.5171682739592128e-08
23150.000000000095 2.616786982212911e-08
23200.000000000095 8.447339376831748e-09
23250.000000000095 8.764055989536643e-09
23300.000000000095 8.916176316669327e-09
23350.000000000095 7.691759298116958e-09
23400.000000000095 1.1245239668353955e-08
23450.000000000095 9.580030104105815e-09
23500.000000000095 9.410827636341989e-09
23550.000000000095 1.3926552406174039e-08
23600.000000000095 1.513338622145985e-08
23650.000000000095 1.895273768961079e-08
23700.000000000095 9.909701564318768e-09
23750.000000000095 8.08675612320847e-09
23800.000000000095 1.1887198108138055e-08
23850.000000000095 1.1992305597307915e-08
23900.000000000095 2.0274951201828336e-08
23950.000000000095 1.9339412276991686e-08
24000.000000000095 2.519181605074265e-08
24050.000000000095 2.9350055688553505e-08
24100.000000000095 2.2852520160903294e-08
24150.000000000095 2.7070513802443503e-08
24200.000000000095 2.9596893480681042e-08
24250.000000000095 2.1833733871903472e-08
24300.000000000095 2.9230312104764216e-08
24350.000000000095 2.3875893158956705e-08
24400.000000000095 3.765240458292324e-08
24450.000000000095 3.034630587873061e-08
24500.000000000095 3.6104242838078176e-08
24550.000000000095 3.753265744723899e-08
24600.000000000095 4.300458149730145e-08
24650.000000000095 4.828182985301904e-08
24700.000000000095 3.769426122481335e-08
24750.000000000095 3.581301811575804e-08
24800.000000000095 3.90871920981593e-08
24850.000000000095 5.532840886748652e-08
24900.000000000095 2.8885784093191364e-08
24950.000000000095 4.9215890031364234e-08
25000.000000000095 4.844581672241383e-08
25050.000000000095 3.4440368737838913e-08
25100.000000000095 4.433380799442537e-08
25150.000000000095 2.6772338482366445e-08
25200.000000000095 3.936840619471925e-08
25250.000000000095 2.415897094118817e-08
25300.000000000095 3.602811594279934e-08
25350.000000000095 1.8770341358852696e-08
25400.000000000095 3.736275588090297e-08
25450.000000000095 2.3156373403864074e-08
25500.000000000095 2.220932948846632e-08
25550.000000000095 2.7651339887339294e-08
25600.000000000095 1.9302025287197494e-08
25650.000000000095 1.5478177111704735e-08
25700.000000000095 2.961631355479833e-08
25750.000000000095 1.4249698461435836e-08
25800.000000000095 3.091191388427419e-08
25850.000000000095 1.3844276482839665e-08
25900.000000000095 1.9334723732115625e-08
25950.000000000095 1.1837964025796658e-08
26000.000000000095 3.05402736747677e-08
26050.000000000095 1.8035623271552694e-08
26100.000000000095 3.2583486703072615e-08
26150.000000000095 2.468983239588814e-08
26200.000000000095 2.9654504664986466e-08
26250.000000000095 4.51153912910349e-08
26300.000000000095 2.777093444702111e-08
26350.000000000095 5.082532168116259e-08
26400.000000000095 6.072472257218596e-08
26450.000000000095 5.3341105632592466e-08
26500.000000000095 5.0707458379281904e-08
26550.000000000095 3.567960941438517e-08
26600.000000000095 4.3914691310428176e-08
26650.000000000095 1.9515103313368828e-08
26700.000000000095 1.4530412833947516e-08
26750.000000000095 1.3204568213683959e-08
26800.000000000095 2.066207664997773e-08
26850.000000000095 1.1952199654553949e-08
26900.000000000095 2.8317686170161238e-08
26950.000000000095 1.3582348720686989e-08
27000.000000000095 3.7434794529320244e-08
27050.000000000095 3.355404364822473e-08
27100.000000000095 2.1075621906670616e-08
27150.000000000095 4.468271563566515e-08
27200.000000000095 2.2311791779978154e-08
27250.000000000095 2.8517756044119772e-08
27300.000000000095 7.019918574167282e-08
27350.000000000095 4.89496911947862e-08
27400.000000000095 1.2413742232440078e-08
27450.000000000095 5.979780664979934e-08
27500.000000000095 6.360657981988828e-08
27550.000000000095 2.7894693771819096e-08
27600.000000000095 5.057356545317695e-08
27650.000000000095 2.3010649872359445e-08
27700.000000000095 1.8134902111964595e-08
27750.000000000095 5.0868433959887916e-08
27800.000000000095 2.4649850843296295e-08
27850.000000000095 2.8473902342126023e-08
27900.000000000095 3.7314023399262555e-08
27950.000000000095 4.88599686980735e-08
28000.000000000095 4.6143692089680944e-08
28050.000000000095 1.8482649203194732e-08
28100.000000000095 6.132633355055303e-08
28150.000000000095 4.162455108568309e-08
28200.000000000095 1.7419796506793316e-08
28250.000000000095 6.12618311401254e-08
28300.000000000095 8.221271397155171e-08
28350.000000000095 2.2072598087305078e-08
28400.000000000095 5.1947888782116673e-08
28450.000000000095 6.393090997596332e-08
28500.000000000095 4.941224886641972e-08
28550.000000000095 2.0419293149238758e-08
28600.000000000095 6.667848578116708e-08
28650.000000000095 6.087704572325531e-08
28700.000000000095 5.153661828986522e-08
28750.000000000095 7.421770025551957e-08
28800.000000000095 6.51212879116637e-08
28850.000000000095 8.273823198732896e-08
28900.000000000095 3.790900406424352e-08
28950.000000000095 9.22366484877827e-08
29000.000000000095 6.099359729477302e-08
29050.000000000095 7.464923723422116e-08
29100.000000000095 4.5831980156605635e-08
29150.000000000095 9.922806225824231e-08
29200.000000000095 6.452479082062009e-08
29250.000000000095 9.182763144861093e-08
29300.000000000095 5.511699586328214e-08
