galfind/configs/Brown_Dwarf_templates/sonora_cholla/logkzz2/316g/1000K_316g_logkzz2_resample.dat
# %ECSV 1.0
# ---
# datatype:
# - {name: wav, unit: Angstrom, datatype: float64}
# - {name: flux_nu, unit: erg / (cm2 Hz s), datatype: float64}
# schema: astropy-2.0
wav flux_nu
[from data line 1161]
68050.00000000009 1.5407861702338584e-07
68100.00000000009 1.7436494518668315e-07
68150.00000000009 1.3923072990687872e-07
68200.00000000009 1.4010327624559383e-07
68250.00000000009 6.530739405349208e-08
68300.00000000009 1.2234219256438846e-07
68350.00000000009 6.919109694652155e-08
68400.00000000009 1.7793791263786275e-07
68450.00000000009 1.6908071237597843e-07
68500.00000000009 1.4004814871820722e-07
68550.00000000009 9.395332550045796e-08
68600.00000000009 9.91935642846801e-08
68650.00000000009 6.48504771287596e-08
68700.00000000009 1.0885884416242268e-07
68750.00000000009 1.363206930773828e-07
68800.00000000009 1.5144232048546826e-07
68850.00000000009 7.910812842387383e-08
68900.00000000009 1.8641590739560788e-07
68950.00000000009 1.8986979599851798e-07
69000.00000000009 1.7016188287266126e-07
69050.00000000009 1.1058545623354254e-07
69100.00000000009 1.8855767630764277e-07
69150.00000000009 2.2257590271842625e-07
69200.00000000009 1.3899119651017758e-07
69250.00000000009 2.0509757850546964e-07
69300.00000000009 1.2639144771661152e-07
69350.00000000009 1.926232011980822e-07
69400.00000000009 9.23986306138886e-08
69450.00000000009 1.9599282842545378e-07
69500.00000000009 1.2613559361461867e-07
69550.00000000009 1.307345371861045e-07
69600.00000000009 5.391118668607117e-08
69650.00000000009 1.1966619471961198e-07
69700.00000000009 1.8005798295582715e-07
69750.00000000009 1.2684859057248063e-07
69800.00000000009 1.645367413187625e-07
69850.00000000009 1.7286841228640007e-07
69900.00000000009 1.2499113085130663e-07
69950.00000000009 1.356772130355683e-07
70000.00000000009 1.2454932756598546e-07
70050.00000000009 1.9054974210524613e-07
70100.00000000009 1.3803726601658813e-07
70150.00000000009 1.373468160512289e-07
70200.00000000009 1.030193462669235e-07
70250.00000000009 1.3995727737640613e-07
70300.00000000009 1.785576021853559e-07
70350.00000000009 1.3419936289468529e-07
70400.00000000009 1.1437014718883164e-07
70450.00000000009 5.68137788271632e-08
70500.00000000009 9.381141134593972e-08
70550.00000000009 1.000601207919102e-07
70600.00000000009 9.413990255876388e-08
70650.00000000009 1.5441792041323265e-07
70700.00000000009 1.408035685841958e-07
70750.00000000009 1.6341473723679392e-07
70800.00000000009 1.0875559687618608e-07
70850.00000000009 1.0821670752822888e-07
70900.00000000009 1.082265392072414e-07
70950.00000000009 1.6904944057018457e-07
71000.00000000009 1.4005671218847347e-07
71050.00000000009 1.3965098936992343e-07
71100.00000000009 1.21072018058372e-07
71150.00000000009 1.2427064262300148e-07
71200.00000000009 1.1071341403169053e-07
71250.00000000009 1.1880084695333634e-07
71300.00000000009 1.5483198250718264e-07
71350.00000000009 1.5362719947377571e-07
71400.00000000009 1.492159198492233e-07
71450.00000000009 8.448929631391818e-08
71500.00000000009 1.0163925500236288e-07
71550.00000000009 1.1100697825639977e-07
71600.00000000009 1.248879747086633e-07
71650.00000000009 1.151389427630009e-07
71700.00000000009 9.224404237525658e-08
71750.00000000009 1.1202637831756163e-07
71800.00000000009 1.456243735131852e-07
71850.00000000009 1.4199141661371284e-07
71900.00000000009 1.0010115920793498e-07
71950.00000000009 1.0475388775798342e-07
72000.00000000009 1.0768889494334486e-07
72050.00000000009 8.475308358165182e-08
72100.00000000009 9.895146523686038e-08
72150.00000000009 7.861809469467833e-08
72200.00000000009 1.0611706434814816e-07
72250.00000000009 1.2490569080737074e-07
72300.00000000009 1.1171056438627652e-07
72350.00000000009 1.1798646066167138e-07
72400.00000000009 9.527360884081095e-08
72450.00000000009 8.444730047411078e-08
72500.00000000009 1.0632971868306138e-07
72550.00000000009 6.365589792173601e-08
72600.00000000009 6.752561210955318e-08
72650.00000000009 1.1850956663617752e-07
72700.00000000009 1.1626002690610243e-07
72750.00000000009 1.0027089695675147e-07
72800.00000000009 8.959392079250278e-08
72850.00000000009 8.74032631962325e-08
72900.00000000009 1.1304532189327501e-07
72950.00000000009 1.100245620511585e-07
73000.00000000009 1.0988216069241332e-07
73050.00000000009 8.622927951385667e-08
73100.00000000009 7.626643103832623e-08
73150.00000000009 1.3968720851498315e-07
73200.00000000009 7.986552839779316e-08
73250.00000000009 9.578676534255019e-08
73300.00000000009 9.855994574788813e-08
73350.00000000009 7.811352365738797e-08
73400.00000000009 1.0139623487261985e-07
73450.00000000009 6.819893059629217e-08
73500.00000000009 6.391941952689346e-08
73550.00000000009 8.950331038972996e-08
73600.00000000009 6.964705420829341e-08
73650.00000000009 9.493310678147671e-08
73700.00000000009 1.0976984152004169e-07
73750.00000000009 6.482543975207717e-08
73800.00000000009 9.135840072035623e-08
73850.00000000009 9.770542194588153e-08
73900.00000000009 1.0158762025410391e-07
73950.00000000009 8.886112517716466e-08
74000.00000000009 7.443350642904306e-08
74050.00000000009 1.360142977486554e-07
74100.00000000009 8.506528566417332e-08
74150.00000000009 9.526666364799784e-08
74200.00000000009 8.503731950089158e-08
74250.00000000009 4.7203150819966986e-08
74300.00000000009 8.426666862072774e-08
74350.00000000009 1.0968109866557263e-07
74400.00000000009 1.0289335456111165e-07
74450.00000000009 5.6999779077083485e-08
74500.00000000009 6.674363659982979e-08
74550.00000000009 8.645318716034547e-08
74600.00000000009 8.846961546350155e-08
74650.00000000009 8.796217403386672e-08
74700.00000000009 6.729990795822761e-08
74750.00000000009 7.28029115383441e-08
74800.00000000009 8.232985112346007e-08
74850.00000000009 6.194885802473562e-08
74900.00000000009 1.1091408865638772e-07
74950.00000000009 1.1735078065309458e-07
75000.00000000009 8.842425748869701e-08
75050.00000000009 6.123779567927117e-08
75100.00000000009 1.2219685634101793e-07
75150.00000000009 1.028463587354286e-07
75200.00000000009 1.2335631910228942e-07
75250.00000000009 1.1228875712148861e-07
75300.00000000009 1.1718074827935154e-07
75350.00000000009 6.859463042589475e-08
75400.00000000009 1.2366508366118934e-07
75450.00000000009 1.0180599994119138e-07
75500.00000000009 9.465902797567857e-08
75550.00000000009 1.2334427757922918e-07
75600.00000000009 1.4621742641936136e-07
75650.00000000009 8.858203333735445e-08
75700.00000000009 1.0426421315600123e-07
75750.00000000009 7.347854764394099e-08
75800.00000000009 1.1435821104812968e-07
75850.00000000009 1.3666556284851516e-07
75900.00000000009 1.2338589115018685e-07
75950.00000000009 8.698115283632699e-08
76000.00000000009 1.1191839331688927e-07
76050.00000000009 1.2578734925544858e-07
76100.00000000009 1.0727814985641397e-07
76150.00000000009 1.2735645363610432e-07
76200.00000000009 1.2802356258218878e-07
76250.00000000009 1.418288734878963e-07
76300.00000000009 1.6631326431541383e-07
76350.00000000009 1.9385573764798532e-07
76400.00000000009 1.4957481032509938e-07
76450.00000000009 1.455464577946267e-07
76500.00000000009 1.140321465448588e-07
76550.00000000009 9.378585901883811e-08
76600.00000000009 4.319041350730947e-08
76650.00000000009 4.808053274684091e-08
76700.00000000009 5.225462079889978e-08
76750.00000000009 5.096661006218668e-08
76800.00000000009 8.072253836495723e-08
76850.00000000009 3.0789235411956675e-08
76900.00000000009 4.192874566823112e-08
76950.00000000009 6.623368498508758e-08
77000.00000000009 7.153404489451575e-08
77050.00000000009 4.7505632929179947e-08
77100.00000000009 5.549021274062764e-08
77150.00000000009 8.185363494953298e-08
77200.00000000009 6.641582513292937e-08
77250.00000000009 7.505713291608021e-08
77300.00000000009 7.234735397818027e-08
77350.00000000009 4.691874935943761e-08
77400.00000000009 4.669498808537961e-08
77450.00000000009 5.584635642330542e-08
77500.00000000009 5.229542467036886e-08
77550.00000000009 6.609127139744695e-08
77600.00000000009 7.017689248282146e-08
77650.00000000009 6.654851409458631e-08
77700.00000000009 4.73763465895757e-08
77750.00000000009 8.613665618930322e-08
77800.00000000009 6.74662441159128e-08
77850.00000000009 1.0776636349083379e-07
77900.00000000009 8.580495907935203e-08
77950.00000000009 5.3959105068489804e-08
78000.00000000009 7.248391449338503e-08
78050.00000000009 8.25354088619202e-08
78100.00000000009 6.531805503199413e-08
78150.00000000009 9.886903597826445e-08
78200.00000000009 9.743021944809432e-08
78250.00000000009 1.1070413578800866e-07
78300.00000000009 1.0273927953454982e-07
78350.00000000009 9.357269609269035e-08
78400.00000000009 8.341125824195712e-08
78450.00000000009 1.1699879494720389e-07
78500.00000000009 1.0660620687035147e-07
78550.00000000009 1.2033874991919006e-07
78600.00000000009 1.0477572217132354e-07
78650.00000000009 4.7539935009244746e-08
78700.00000000009 7.299376816087378e-08
78750.00000000009 7.15296852402161e-08
78800.00000000009 1.0255236800713902e-07
78850.00000000009 6.41666362642973e-08
78900.00000000009 9.778416413069748e-08
78950.00000000009 9.17379236351524e-08
79000.00000000009 8.821931565991512e-08
79050.00000000009 8.136217837386747e-08
79100.00000000009 8.650284398762871e-08
79150.00000000009 9.608597162919655e-08
79200.00000000009 1.1023742580167193e-07
79250.00000000009 9.456898531025356e-08
79300.00000000009 6.762491734484477e-08
79350.00000000009 1.056456989340298e-07
79400.00000000009 8.728107938406539e-08
79450.00000000009 1.0374287229582383e-07
79500.00000000009 1.447073334484995e-07
79550.00000000009 1.1620456119973841e-07
79600.00000000009 7.631946360556925e-08
79650.00000000009 1.0186218715153603e-07
79700.00000000009 1.1782860190828222e-07
79750.00000000009 1.1655970182426614e-07
79800.00000000009 9.423169583686572e-08
79850.00000000009 9.595494607434006e-08
79900.00000000009 1.4711368024136993e-07
79950.00000000009 1.0033437702357575e-07
