galfind/configs/Brown_Dwarf_templates/sonora_cholla/logkzz2/316g/1050K_316g_logkzz2_resample.dat
# %ECSV 1.0
# ---
# datatype:
# - {name: wav, unit: Angstrom, datatype: float64}
# - {name: flux_nu, unit: erg / (cm2 Hz s), datatype: float64}
# schema: astropy-2.0
wav flux_nu
[from data line 388]
29400.000000000095 1.1582211673734163e-07
29450.000000000095 1.1589036100698346e-07
29500.000000000095 1.2785880989092937e-07
29550.000000000095 1.1002537540536685e-07
29600.000000000095 1.5394891122885347e-07
29650.000000000095 1.2637658831042448e-07
29700.000000000095 1.1011917961891933e-07
29750.000000000095 1.4064699806456238e-07
29800.000000000095 1.6273934485561142e-07
29850.000000000095 1.6650952055008888e-07
29900.000000000095 1.568068478541284e-07
29950.000000000095 1.373153276131052e-07
30000.000000000095 1.3888962139465483e-07
30050.000000000095 1.1524299956924647e-07
30100.000000000095 1.3812463744186012e-07
30150.000000000095 1.7768624028663737e-07
30200.000000000095 1.334598386167526e-07
30250.000000000095 1.7820017405298034e-07
30300.000000000095 1.547552655770208e-07
30350.000000000095 1.3406143649182922e-07
30400.000000000095 1.5683252709544557e-07
30450.000000000095 1.282532952166318e-07
30500.000000000095 1.216137148680541e-07
30550.000000000095 1.249007983423616e-07
30600.000000000095 1.3810147587108628e-07
30650.000000000095 1.2275626872015264e-07
30700.000000000095 1.0963147560065307e-07
30750.000000000095 9.912574751556601e-08
30800.000000000095 1.0062566493476444e-07
30850.000000000095 9.284347425043027e-08
30900.000000000095 9.244928737916192e-08
30950.000000000095 6.814818132131781e-08
31000.000000000095 7.662484290116064e-08
31050.000000000095 8.052069917217707e-08
31100.000000000095 5.4261888171495476e-08
31150.000000000095 6.676969497975816e-08
31200.000000000095 6.885521110497002e-08
31250.000000000095 5.531597343476147e-08
31300.000000000095 5.241985434316581e-08
31350.000000000095 5.167842491840592e-08
31400.000000000095 3.519912735045465e-08
31450.000000000095 5.3406459556214104e-08
31500.000000000095 3.719592876256999e-08
31550.000000000095 4.745314328547741e-08
31600.000000000095 3.27619172648845e-08
31650.000000000095 3.4400148390727456e-08
31700.000000000095 3.854424980118931e-08
31750.000000000095 2.76315488883459e-08
31800.000000000095 3.454972650261561e-08
31850.000000000095 3.05458891663338e-08
31900.000000000095 3.0975967974378294e-08
31950.000000000095 2.974866924348765e-08
32000.000000000095 3.0626408373165503e-08
32050.000000000095 2.3421174902913333e-08
32100.000000000095 2.3100648194984268e-08
32150.000000000095 2.9283203700377547e-08
32200.000000000095 2.2236026572377792e-08
32250.000000000095 3.399562692221169e-08
32300.000000000095 1.9810150177173433e-08
32350.000000000095 3.818640184900416e-08
32400.000000000095 2.6675335330875415e-08
32450.000000000095 3.674081899606336e-08
32500.000000000095 2.7645560823345714e-08
32550.000000000095 3.431265253858766e-08
32600.000000000095 3.665112181887867e-08
32650.000000000095 4.711367458403953e-08
32700.000000000095 3.848341692209259e-08
32750.000000000095 5.341675028640553e-08
32800.000000000095 4.134942326026953e-08
32850.000000000095 5.6966267812799314e-08
32900.000000000095 5.8925549491045315e-08
32950.000000000095 6.462645549196165e-08
33000.000000000095 5.582551808081352e-08
33050.000000000095 5.359631024498352e-08
33100.000000000095 2.7656306749059453e-08
33150.000000000095 7.877637067723783e-09
33200.000000000095 8.926649199558641e-09
33250.000000000095 5.069720241734634e-09
33300.000000000095 5.638621723765846e-09
33350.000000000095 1.0818903960487074e-08
33400.000000000095 1.6035000217028523e-08
33450.000000000095 2.0503038601986895e-08
33500.000000000095 2.7613198589604078e-08
33550.000000000095 2.6555966967738387e-08
33600.000000000095 4.1483121710992525e-08
33650.000000000095 3.9511570033085205e-08
33700.000000000095 3.627277777456603e-08
33750.000000000095 4.8522927047286716e-08
33800.000000000095 3.4501720621823334e-08
33850.000000000095 4.6215511229692056e-08
33900.000000000095 4.1942306286171243e-08
33950.000000000095 4.5359896423372885e-08
34000.000000000095 5.065749369247195e-08
34050.000000000095 2.4576681854173478e-08
34100.000000000095 4.884360844027005e-08
34150.000000000095 3.61828977304087e-08
34200.000000000095 4.4988110772264165e-08
34250.000000000095 3.66947581879465e-08
34300.000000000095 3.2197629855882045e-08
34350.000000000095 4.4469903669853037e-08
34400.000000000095 3.520833311628351e-08
34450.000000000095 5.0015807369199676e-08
34500.000000000095 4.0818639848550285e-08
34550.000000000095 3.0272943402004524e-08
34600.000000000095 5.032273650202271e-08
34650.000000000095 3.242761078351563e-08
34700.000000000095 3.707377767244144e-08
34750.000000000095 3.655340792030081e-08
34800.000000000095 2.5766405303565356e-08
34850.000000000095 4.047787444090511e-08
34900.000000000095 4.753028272102534e-08
34950.000000000095 4.076680580674516e-08
35000.000000000095 5.3446946704553586e-08
35050.000000000095 4.1845293534227716e-08
35100.000000000095 5.5164885712487174e-08
35150.000000000095 5.066735732248701e-08
35200.000000000095 6.913169442394288e-08
35250.000000000095 6.838145682620858e-08
35300.000000000095 4.6388068110988706e-08
35350.000000000095 6.657926941882779e-08
35400.000000000095 6.491426660471156e-08
35450.000000000095 5.75057829131133e-08
35500.000000000095 8.985613641598722e-08
35550.000000000095 7.7049823073066e-08
35600.000000000095 7.93517441082455e-08
35650.000000000095 7.915153417301479e-08
35700.000000000095 5.73145518451305e-08
35750.000000000095 9.774229462521467e-08
35800.000000000095 8.71079561304477e-08
35850.000000000095 6.517251273014419e-08
35900.000000000095 9.733546422118062e-08
35950.000000000095 9.242467544790386e-08
36000.000000000095 6.839152486940394e-08
36050.000000000095 9.398041262858831e-08
36100.000000000095 8.987189877826029e-08
36150.000000000095 9.785456481191973e-08
36200.000000000095 9.656560102359269e-08
36250.000000000095 1.062895395815426e-07
36300.000000000095 1.1256919945256256e-07
36350.000000000095 1.192287894615472e-07
36400.000000000095 1.417961936091814e-07
36450.000000000095 1.3718571997335712e-07
36500.000000000095 1.4115312832780888e-07
36550.000000000095 1.460316646272391e-07
36600.000000000095 1.7421760011871475e-07
36650.000000000095 1.7557977572776474e-07
36700.000000000095 1.841864779092132e-07
36750.000000000095 2.0011844694091948e-07
36800.000000000095 1.8270968995185005e-07
36850.000000000095 1.735193641295861e-07
36900.000000000095 1.8099864981574068e-07
36950.000000000095 1.987447527946938e-07
37000.000000000095 1.8723867033521064e-07
37050.000000000095 2.0676996902048058e-07
37100.000000000095 2.2055117334854082e-07
37150.000000000095 2.1929488239747627e-07
37200.000000000095 2.2111180781260576e-07
37250.000000000095 1.9510067144863343e-07
37300.000000000095 2.0810906063604356e-07
37350.000000000095 2.3168599585809894e-07
37400.000000000095 2.649217222617907e-07
37450.000000000095 2.4489675574503325e-07
37500.000000000095 2.0932786322860446e-07
37550.000000000095 2.9832548432770045e-07
37600.000000000095 3.075291250336367e-07
37650.000000000095 2.437471604298135e-07
37700.000000000095 2.681549089977115e-07
37750.000000000095 2.1992332980215818e-07
37800.000000000095 2.5127870019254e-07
37850.000000000095 2.1959138888486697e-07
37900.000000000095 2.5082134530683147e-07
37950.000000000095 2.8518092791259736e-07
38000.000000000095 3.2768678099562467e-07
38050.000000000095 2.8851260189006285e-07
38100.000000000095 3.1316675211758926e-07
38150.000000000095 3.227280421103263e-07
38200.000000000095 3.4771331627627657e-07
38250.000000000095 3.3027700952922144e-07
38300.000000000095 3.973700482355735e-07
38350.000000000095 4.046074774142604e-07
38400.000000000095 2.9487323068881414e-07
38450.000000000095 3.279514059603702e-07
38500.000000000095 2.7864193962112297e-07
38550.000000000095 3.310941708451858e-07
38600.000000000095 3.3566845836852535e-07
38650.000000000095 4.1611146428005985e-07
38700.000000000095 3.9256329241426824e-07
38750.000000000095 3.942516565482748e-07
38800.000000000095 3.4249225212684113e-07
38850.000000000095 4.366458607062097e-07
38900.000000000095 4.33748658066925e-07
38950.000000000095 3.9313873258405075e-07
39000.000000000095 4.75289184206204e-07
39050.000000000095 4.096907977683639e-07
39100.000000000095 4.2732411096527644e-07
39150.000000000095 4.206709129969601e-07
39200.000000000095 4.0521628359508044e-07
39250.000000000095 4.789458605794546e-07
39300.000000000095 4.598586638509292e-07
39350.000000000095 5.478831455169921e-07
39400.000000000095 5.244943808665822e-07
39450.000000000095 5.193203658442841e-07
39500.000000000095 4.571463070763378e-07
39550.000000000095 4.86319113856532e-07
39600.000000000095 5.033570804031057e-07
39650.000000000095 5.927212462085779e-07
39700.000000000095 5.066073717641694e-07
39750.000000000095 4.2920297719231026e-07
39800.000000000095 5.376856650541791e-07
39850.000000000095 5.794951439514935e-07
39900.000000000095 5.624006074583531e-07
39950.000000000095 5.557584335879233e-07
40000.000000000095 6.106219055039554e-07
40050.000000000095 6.076305181045966e-07
40100.000000000095 5.098109977821652e-07
40150.000000000095 6.670980753900476e-07
40200.000000000095 6.645688753013311e-07
40250.000000000095 5.896568629956764e-07
40300.000000000095 6.501839118392111e-07
40350.000000000095 5.69160185420386e-07
40400.000000000095 6.492369988757198e-07
40450.000000000095 6.245536001028871e-07
40500.000000000095 6.431710515036838e-07
40550.000000000095 6.774068008906724e-07
40600.000000000095 6.293364431319015e-07
40650.000000000095 6.776242344094861e-07
40700.000000000095 8.183210816579399e-07
40750.000000000095 6.973210571098778e-07
40800.000000000095 5.87247453185067e-07
40850.000000000095 7.478263929830966e-07
40900.000000000095 6.706855604816223e-07
40950.000000000095 6.399700113515275e-07
41000.000000000095 6.930762699480669e-07
41050.000000000095 7.757877043251471e-07
41100.000000000095 6.248886130494839e-07
41150.000000000095 5.871163332696106e-07
41200.000000000095 7.579015168728475e-07
41250.000000000095 7.35029621412638e-07
41300.000000000095 5.915840391076995e-07
41350.000000000095 7.965999851405121e-07
41400.000000000095 7.221188033145103e-07
41450.000000000095 7.525540756320147e-07
41500.000000000095 6.540423933186745e-07
41550.000000000095 6.345388801321309e-07
41600.000000000095 7.253094971002512e-07
41650.000000000095 6.759561312021178e-07
41700.000000000095 6.442707689565362e-07
41750.000000000095 5.934575340772984e-07
41800.000000000095 8.083983392311426e-07
41850.000000000095 4.791558591214976e-07
41900.000000000095 6.152058481437729e-07
41950.000000000095 6.466881537128138e-07
42000.000000000095 6.847759816808412e-07
42050.000000000095 6.125701846908764e-07
42100.000000000095 6.885633407506719e-07
42150.000000000095 5.299678970978127e-07
42200.000000000095 5.902846309824351e-07
42250.000000000095 5.62158366503235e-07
42300.000000000095 5.872458636019896e-07
42350.000000000095 6.283936470102214e-07
42400.000000000095 5.699964669207789e-07
42450.000000000095 5.492302760508268e-07
42500.000000000095 5.116759454623279e-07
42550.000000000095 5.295186516505689e-07
42600.000000000095 5.598236073594174e-07
42650.000000000095 7.081534648979417e-07
42700.000000000095 5.24013457297367e-07
42750.000000000095 5.148443902546159e-07
42800.000000000095 4.975907115490288e-07
42850.000000000095 5.677500833931556e-07
42900.000000000095 6.149998331299215e-07
42950.000000000095 4.801314015777979e-07
43000.000000000095 6.34761632016083e-07
43050.000000000095 3.887886977715075e-07
43100.000000000095 5.215395754006192e-07
43150.000000000095 5.80345541383095e-07
43200.000000000095 5.757464066554743e-07
43250.000000000095 6.291558144147978e-07
43300.000000000095 6.84078328437665e-07
43350.000000000095 4.737742459298191e-07
43400.000000000095 5.804266053297995e-07
43450.000000000095 4.4014343414143183e-07
43500.000000000095 4.533248690780775e-07
43550.000000000095 4.5705080696143813e-07
43600.000000000095 5.69818101186734e-07
43650.000000000095 4.05614506068139e-07
43700.000000000095 6.198469075543779e-07
43750.000000000095 6.088667758272525e-07
43800.000000000095 4.899780824579038e-07
43850.000000000095 5.124670639010115e-07
43900.000000000095 4.3281462670781506e-07
43950.000000000095 4.264528138028677e-07
44000.000000000095 2.8887592263479445e-07
44050.000000000095 4.6666338636452997e-07
44100.000000000095 4.986406698109657e-07
44150.000000000095 5.03180042068255e-07
44200.000000000095 4.23000938988076e-07
44250.000000000095 3.903311597490348e-07
44300.000000000095 3.6245971411900643e-07
44350.000000000095 3.0742684171797956e-07
44400.000000000095 3.410522487190062e-07
44450.000000000095 3.6092957169745733e-07
44500.000000000095 2.9099796402708316e-07
44550.000000000095 3.5046500403115723e-07
44600.000000000095 2.883720008444788e-07
44650.000000000095 3.381662560937811e-07
44700.000000000095 3.027659025264411e-07
44750.000000000095 3.261274556402349e-07
44800.000000000095 2.927868208254597e-07
44850.000000000095 2.99058456676017e-07
44900.000000000095 2.3203683957194333e-07
44950.000000000095 2.4095047346347787e-07
45000.000000000095 2.5935641116300436e-07
45050.000000000095 2.6659065007182954e-07
45100.000000000095 2.4332792458761707e-07
45150.000000000095 2.3273058404439765e-07
45200.000000000095 1.7679751653418602e-07
45250.000000000095 1.9913314028862623e-07
45300.000000000095 2.2414250964946634e-07
45350.000000000095 2.3205521957951598e-07
45400.000000000095 1.856511161738273e-07
45450.000000000095 1.88474117126178e-07
45500.000000000095 1.8893599410008517e-07
45550.000000000095 2.2013680796511328e-07
45600.000000000095 1.892182793370305e-07
45650.000000000095 1.806785280949364e-07
45700.000000000095 2.162554019638877e-07
45750.000000000095 1.947261101692351e-07
45800.000000000095 1.7548456484329948e-07
45850.000000000095 2.6270715509856346e-07
45900.000000000095 2.582418346713731e-07
45950.000000000095 1.836048119173728e-07
46000.000000000095 2.436054696459834e-07
46050.000000000095 2.487858932778139e-07
46100.000000000095 1.8434052091374505e-07
46150.000000000095 2.3299848541524942e-07
46200.000000000095 2.204140648136347e-07
46250.000000000095 1.3407426553878736e-07
46300.000000000095 2.725638205656735e-07
46350.000000000095 1.8966711276121963e-07
46400.000000000095 2.387915234266642e-07
46450.000000000095 2.94624425733104e-07
46500.000000000095 2.2343952043693088e-07
46550.000000000095 2.657278742244168e-07
46600.000000000095 2.7466052830337137e-07
46650.000000000095 4.399814614390289e-07
46700.000000000095 3.13879328441927e-07
46750.000000000095 2.5516202897358244e-07
46800.000000000095 1.9706346237649757e-07
46850.000000000095 3.26182293799743e-07
46900.000000000095 2.7544213871309296e-07
46950.000000000095 3.504931725984488e-07
47000.000000000095 2.2209951997334164e-07
47050.000000000095 3.664289255834316e-07
47100.000000000095 1.8341646942729126e-07
47150.000000000095 2.378458034635693e-07
47200.000000000095 2.992972259659821e-07
47250.000000000095 2.081324432885312e-07
47300.000000000095 2.2654799402608674e-07
47350.000000000095 1.9296634212636935e-07
47400.000000000095 3.2329593051763565e-07
47450.000000000095 2.0153908930517562e-07
47500.000000000095 3.428012161930275e-07
47550.000000000095 2.060517738064106e-07
47600.000000000095 3.1267008748690864e-07
47650.000000000095 1.9615179018875978e-07
47700.000000000095 2.9667392843849845e-07
47750.000000000095 1.5965174730813257e-07
47800.000000000095 2.506162758304702e-07
47850.000000000095 1.4543139543023604e-07
47900.000000000095 2.3935912223555604e-07
47950.000000000095 2.034221938070871e-07
48000.000000000095 3.5663135940894607e-07
48050.000000000095 2.3270252429168692e-07
48100.000000000095 2.7122707892544005e-07
48150.000000000095 2.141042821079049e-07
48200.000000000095 3.030020203097692e-07
48250.000000000095 2.2334322088826007e-07
48300.000000000095 3.8973342852138094e-07
48350.000000000095 1.9760142412744222e-07
48400.000000000095 2.415173934073115e-07
48450.000000000095 2.0101517444402566e-07
48500.000000000095 3.690722778051988e-07
48550.000000000095 1.8993325412880227e-07
48600.000000000095 3.084227032228218e-07
48650.000000000095 2.017526555747723e-07
