galfind/configs/Brown_Dwarf_templates/sonora_cholla/logkzz2/316g/1100K_316g_logkzz2_resample.dat
# %ECSV 1.0
# ---
# datatype:
# - {name: wav, unit: Angstrom, datatype: float64}
# - {name: flux_nu, unit: erg / (cm2 Hz s), datatype: float64}
# schema: astropy-2.0
wav flux_nu
[from data line 1163]
68150.00000000009 1.8958494561283072e-07
68200.00000000009 1.9482559272757703e-07
68250.00000000009 1.0682095333307431e-07
68300.00000000009 1.7255686316699104e-07
68350.00000000009 1.010861530324905e-07
68400.00000000009 2.3884564882781016e-07
68450.00000000009 2.3355368224344406e-07
68500.00000000009 2.0065280252287684e-07
68550.00000000009 1.4545694311153815e-07
68600.00000000009 1.5604221273514812e-07
68650.00000000009 1.1060795228758222e-07
68700.00000000009 1.677701580351578e-07
68750.00000000009 1.9915187903774894e-07
68800.00000000009 2.1419013546161191e-07
68850.00000000009 1.2825517133227132e-07
68900.00000000009 2.559907443965846e-07
68950.00000000009 2.6396172696254336e-07
69000.00000000009 2.448703440959908e-07
69050.00000000009 1.6922356531713246e-07
69100.00000000009 2.565953422135148e-07
69150.00000000009 2.9785078089046356e-07
69200.00000000009 1.9302311227658818e-07
69250.00000000009 2.67469455052115e-07
69300.00000000009 1.9922753822634992e-07
69350.00000000009 2.5462982379668477e-07
69400.00000000009 1.3620674391377863e-07
69450.00000000009 2.6426673204316266e-07
69500.00000000009 1.8709861627867853e-07
69550.00000000009 1.9331715948545656e-07
69600.00000000009 8.8361679717029e-08
69650.00000000009 1.8156887785862119e-07
69700.00000000009 2.451401453297651e-07
69750.00000000009 1.7755916236472494e-07
69800.00000000009 2.2937684827355888e-07
69850.00000000009 2.40242715652374e-07
69900.00000000009 1.747980398246834e-07
69950.00000000009 2.0036792409203182e-07
70000.00000000009 1.7576104154643773e-07
70050.00000000009 2.5235245068350254e-07
70100.00000000009 1.8956037790122154e-07
70150.00000000009 1.9881191606801342e-07
70200.00000000009 1.521406934438132e-07
70250.00000000009 1.9424977938122933e-07
70300.00000000009 2.337585267650883e-07
70350.00000000009 1.8262203050410714e-07
70400.00000000009 1.724007175592866e-07
70450.00000000009 9.721861477910979e-08
70500.00000000009 1.399277554314411e-07
70550.00000000009 1.5188062772411304e-07
70600.00000000009 1.487891497583891e-07
70650.00000000009 2.0464544458577536e-07
70700.00000000009 1.8911399090999542e-07
70750.00000000009 2.1557058144305737e-07
70800.00000000009 1.5107144682850113e-07
70850.00000000009 1.5116209547511834e-07
70900.00000000009 1.4751894189018764e-07
70950.00000000009 2.2864830699944207e-07
71000.00000000009 1.8937317093123032e-07
71050.00000000009 1.931199262063122e-07
71100.00000000009 1.7377148899181666e-07
71150.00000000009 1.8150149279018167e-07
71200.00000000009 1.6163437642486793e-07
71250.00000000009 1.6855496618678794e-07
71300.00000000009 2.0779992421121008e-07
71350.00000000009 2.0200542425553498e-07
71400.00000000009 2.0393438614921285e-07
71450.00000000009 1.2685016989191614e-07
71500.00000000009 1.5123080065931097e-07
71550.00000000009 1.612626975226691e-07
71600.00000000009 1.7623260586243525e-07
71650.00000000009 1.7139294983343791e-07
71700.00000000009 1.4215404338408522e-07
71750.00000000009 1.5868059953411472e-07
71800.00000000009 2.0006501418918294e-07
71850.00000000009 1.967424748712391e-07
71900.00000000009 1.4743358401627404e-07
71950.00000000009 1.4842796621966054e-07
72000.00000000009 1.5275446269580522e-07
72050.00000000009 1.2943805060047737e-07
72100.00000000009 1.482710507918491e-07
72150.00000000009 1.2064311181843064e-07
72200.00000000009 1.46325812061893e-07
72250.00000000009 1.7093615742811306e-07
72300.00000000009 1.6044293100918053e-07
72350.00000000009 1.6439762607674498e-07
72400.00000000009 1.3054441400798988e-07
72450.00000000009 1.2607677731364636e-07
72500.00000000009 1.5090946044692277e-07
72550.00000000009 9.394218096709682e-08
72600.00000000009 9.266555682241552e-08
72650.00000000009 1.6419912000332718e-07
72700.00000000009 1.6996451220681916e-07
72750.00000000009 1.4707847558089736e-07
72800.00000000009 1.3739724671282795e-07
72850.00000000009 1.283087305017701e-07
72900.00000000009 1.5308300901162754e-07
72950.00000000009 1.5665092725080393e-07
73000.00000000009 1.567439728709363e-07
73050.00000000009 1.3366842447106846e-07
73100.00000000009 1.1329751497660635e-07
73150.00000000009 1.88391551465947e-07
73200.00000000009 1.215276819694226e-07
73250.00000000009 1.3838373505502974e-07
73300.00000000009 1.441874301307899e-07
73350.00000000009 1.22914941255196e-07
73400.00000000009 1.4665969008893682e-07
73450.00000000009 9.970359156287927e-08
73500.00000000009 1.0263802452042577e-07
73550.00000000009 1.303838593888173e-07
73600.00000000009 1.0607948514112881e-07
73650.00000000009 1.3583775966493005e-07
73700.00000000009 1.6151233103571936e-07
73750.00000000009 1.0424224514881126e-07
73800.00000000009 1.31461386545873e-07
73850.00000000009 1.3579438179303972e-07
73900.00000000009 1.5064531767186007e-07
73950.00000000009 1.288617678428441e-07
74000.00000000009 1.2025864376307236e-07
74050.00000000009 1.8894973310124925e-07
74100.00000000009 1.1959950208217803e-07
74150.00000000009 1.4150252534568652e-07
74200.00000000009 1.2828681418791916e-07
74250.00000000009 8.756947129566262e-08
74300.00000000009 1.2822199424425757e-07
74350.00000000009 1.5278164587728577e-07
74400.00000000009 1.4549603944622323e-07
74450.00000000009 8.69263441445337e-08
74500.00000000009 1.0597267673723288e-07
74550.00000000009 1.2740116212597992e-07
74600.00000000009 1.3134459638648372e-07
74650.00000000009 1.3005478282157067e-07
74700.00000000009 1.0378076177247352e-07
74750.00000000009 1.1520098625349551e-07
74800.00000000009 1.2521809885765957e-07
74850.00000000009 8.619351199603423e-08
74900.00000000009 1.6398542415034236e-07
74950.00000000009 1.6322913999152998e-07
75000.00000000009 1.3676773846991307e-07
75050.00000000009 1.0812052111438745e-07
75100.00000000009 1.7294682235370202e-07
75150.00000000009 1.444072502828933e-07
75200.00000000009 1.7405403803173045e-07
75250.00000000009 1.4995423338804347e-07
75300.00000000009 1.6702504876100033e-07
75350.00000000009 1.0344559245815401e-07
75400.00000000009 1.6655078936611408e-07
75450.00000000009 1.4136071264708791e-07
75500.00000000009 1.3080841440110002e-07
75550.00000000009 1.7849785703362223e-07
75600.00000000009 2.0200443413208555e-07
75650.00000000009 1.3295237975305865e-07
75700.00000000009 1.4611319550030636e-07
75750.00000000009 1.0741120573473663e-07
75800.00000000009 1.6009479425245957e-07
75850.00000000009 1.9051418748040778e-07
75900.00000000009 1.7265835290272938e-07
75950.00000000009 1.365646758510909e-07
76000.00000000009 1.5050660122712783e-07
76050.00000000009 1.752761546542399e-07
76100.00000000009 1.5103594475292665e-07
76150.00000000009 1.7644227717007795e-07
76200.00000000009 1.7895579116501662e-07
76250.00000000009 2.0028449181114673e-07
76300.00000000009 2.1934111871310633e-07
76350.00000000009 2.4965785711216816e-07
76400.00000000009 2.002340282359885e-07
76450.00000000009 1.974513480819659e-07
76500.00000000009 1.540324905447703e-07
76550.00000000009 1.464086312472223e-07
76600.00000000009 7.665876391295323e-08
76650.00000000009 8.277940656967526e-08
76700.00000000009 9.62528575674683e-08
76750.00000000009 8.580953459370166e-08
76800.00000000009 1.268437772510638e-07
76850.00000000009 6.162598442042145e-08
76900.00000000009 6.986959842146226e-08
76950.00000000009 1.0319752191732184e-07
77000.00000000009 1.1017624445821475e-07
77050.00000000009 8.057411030956242e-08
77100.00000000009 8.681260099953406e-08
77150.00000000009 1.2156785370288868e-07
77200.00000000009 1.0232691274705137e-07
77250.00000000009 1.1238781138067632e-07
77300.00000000009 1.0627529151020126e-07
77350.00000000009 7.402055562094647e-08
77400.00000000009 7.162628789053929e-08
77450.00000000009 7.748658833085929e-08
77500.00000000009 9.111848207913008e-08
77550.00000000009 1.0383745477468863e-07
77600.00000000009 1.0899680982643758e-07
77650.00000000009 1.071841067921744e-07
77700.00000000009 8.426128176451238e-08
77750.00000000009 1.2421848711390963e-07
77800.00000000009 1.0032930618391883e-07
77850.00000000009 1.4488751188547185e-07
77900.00000000009 1.2076080807414704e-07
77950.00000000009 8.424721572540393e-08
78000.00000000009 1.0119704647128852e-07
78050.00000000009 1.226251774843088e-07
78100.00000000009 9.516278829074516e-08
78150.00000000009 1.3550607440379164e-07
78200.00000000009 1.3437205774567744e-07
78250.00000000009 1.472605361914935e-07
78300.00000000009 1.4510369639600374e-07
78350.00000000009 1.3216744682471945e-07
78400.00000000009 1.236756175404531e-07
78450.00000000009 1.6111316029332454e-07
78500.00000000009 1.4713352584863537e-07
78550.00000000009 1.6057259150874865e-07
78600.00000000009 1.4033146972324522e-07
78650.00000000009 7.759058747403797e-08
78700.00000000009 1.1405808313722327e-07
78750.00000000009 1.0628130583907598e-07
78800.00000000009 1.4283047440170952e-07
78850.00000000009 1.0387951993283118e-07
78900.00000000009 1.3563389940617097e-07
78950.00000000009 1.2834981440400488e-07
79000.00000000009 1.3008720295432884e-07
79050.00000000009 1.1561654322723074e-07
79100.00000000009 1.241369857898212e-07
79150.00000000009 1.4112954475077857e-07
79200.00000000009 1.5980801676885776e-07
79250.00000000009 1.4375654818147984e-07
79300.00000000009 1.0417812687640656e-07
79350.00000000009 1.5149988883347946e-07
79400.00000000009 1.3017753320876857e-07
79450.00000000009 1.3226435160819674e-07
79500.00000000009 1.9046617670135655e-07
79550.00000000009 1.5669619524437947e-07
79600.00000000009 1.1404743008610856e-07
79650.00000000009 1.3841457087554465e-07
79700.00000000009 1.687168828857948e-07
79750.00000000009 1.624617354811853e-07
79800.00000000009 1.3799092552253635e-07
79850.00000000009 1.3275442279972088e-07
79900.00000000009 1.992655249391217e-07
79950.00000000009 1.3728891891153183e-07
