galfind/configs/Brown_Dwarf_templates/sonora_cholla/logkzz2/316g/1100K_316g_logkzz2_resample.dat
# %ECSV 1.0
# ---
# datatype:
# - {name: wav, unit: Angstrom, datatype: float64}
# - {name: flux_nu, unit: erg / (cm2 Hz s), datatype: float64}
# schema: astropy-2.0
wav flux_nu
[from data line 389]
29450.000000000095 1.4599760236662793e-07
29500.000000000095 1.5898051830515218e-07
29550.000000000095 1.3946211669749744e-07
29600.000000000095 1.94122688570691e-07
29650.000000000095 1.555733250048427e-07
29700.000000000095 1.4220111648490986e-07
29750.000000000095 1.762857388643743e-07
29800.000000000095 2.0517263932754748e-07
29850.000000000095 2.0463729528082344e-07
29900.000000000095 1.9002393399279618e-07
29950.000000000095 1.712933436499645e-07
30000.000000000095 1.807667267543265e-07
30050.000000000095 1.4702474051182995e-07
30100.000000000095 1.7074217615762464e-07
30150.000000000095 2.1926621704739313e-07
30200.000000000095 1.6722324042889337e-07
30250.000000000095 2.15641897467827e-07
30300.000000000095 1.8923742676679878e-07
30350.000000000095 1.6505502911164576e-07
30400.000000000095 1.8975403900915982e-07
30450.000000000095 1.591789181865456e-07
30500.000000000095 1.5017367154587264e-07
30550.000000000095 1.5626629838052622e-07
30600.000000000095 1.6795697213339507e-07
30650.000000000095 1.5144328017511315e-07
30700.000000000095 1.359785906725863e-07
30750.000000000095 1.224811339931607e-07
30800.000000000095 1.2613769789500956e-07
30850.000000000095 1.1538088298886393e-07
30900.000000000095 1.1503230405455511e-07
30950.000000000095 8.639505848330092e-08
31000.000000000095 9.674125048286242e-08
31050.000000000095 1.0166852962302334e-07
31100.000000000095 6.939215970022006e-08
31150.000000000095 8.475372508978524e-08
31200.000000000095 8.622727556945993e-08
31250.000000000095 7.160014005444018e-08
31300.000000000095 6.799200702208219e-08
31350.000000000095 6.625372270541569e-08
31400.000000000095 4.657627459926149e-08
31450.000000000095 6.891635255158999e-08
31500.000000000095 5.005723241029711e-08
31550.000000000095 6.267431046195246e-08
31600.000000000095 4.431565302078996e-08
31650.000000000095 4.684588849708759e-08
31700.000000000095 5.1095860810067316e-08
31750.000000000095 3.9157731247222086e-08
31800.000000000095 4.596195943473916e-08
31850.000000000095 4.2452734339503886e-08
31900.000000000095 4.181791713900533e-08
31950.000000000095 4.1787847091761386e-08
32000.000000000095 4.214338382728368e-08
32050.000000000095 3.263176333267887e-08
32100.000000000095 3.2348948118044686e-08
32150.000000000095 4.071860838607312e-08
32200.000000000095 3.192277706167339e-08
32250.000000000095 4.544501631155454e-08
32300.000000000095 2.9219090398075727e-08
32350.000000000095 5.201087856227963e-08
32400.000000000095 3.824058159466715e-08
32450.000000000095 5.1356643894363795e-08
32500.000000000095 3.8815973675692015e-08
32550.000000000095 4.759259208457157e-08
32600.000000000095 5.184492038179481e-08
32650.000000000095 6.45047805703853e-08
32700.000000000095 5.249278341110217e-08
32750.000000000095 7.195964045000173e-08
32800.000000000095 5.597605724382913e-08
32850.000000000095 7.507221864705238e-08
32900.000000000095 7.839962025839788e-08
32950.000000000095 8.529552033789439e-08
33000.000000000095 7.516473040770696e-08
33050.000000000095 7.117091553010414e-08
33100.000000000095 3.8756367193184254e-08
33150.000000000095 1.3720349237241274e-08
33200.000000000095 1.4799867473753962e-08
33250.000000000095 8.389327958533161e-09
33300.000000000095 8.870356350521719e-09
33350.000000000095 1.5894706740164048e-08
33400.000000000095 2.2342387562321728e-08
33450.000000000095 2.814933984341456e-08
33500.000000000095 3.643216581371718e-08
33550.000000000095 3.583316907808039e-08
33600.000000000095 5.470039488836839e-08
33650.000000000095 5.3578208506832214e-08
33700.000000000095 5.004661586709723e-08
33750.000000000095 6.522450321740856e-08
33800.000000000095 4.903454875379151e-08
33850.000000000095 6.422610143832488e-08
33900.000000000095 5.7595637169427476e-08
33950.000000000095 6.228202274037692e-08
34000.000000000095 6.808926785771264e-08
34050.000000000095 3.528543375800898e-08
34100.000000000095 6.624252412697383e-08
34150.000000000095 5.056678352630496e-08
34200.000000000095 6.104242034253246e-08
34250.000000000095 5.084219866965987e-08
34300.000000000095 4.421840950048103e-08
34350.000000000095 5.9067543348297996e-08
34400.000000000095 4.886679481640071e-08
34450.000000000095 6.640117117623287e-08
34500.000000000095 5.6888559065569935e-08
34550.000000000095 4.249588419103188e-08
34600.000000000095 6.74922739751474e-08
34650.000000000095 4.587427897013705e-08
34700.000000000095 5.0577628048861815e-08
34750.000000000095 5.0546184691520094e-08
34800.000000000095 3.578996322342626e-08
34850.000000000095 5.428852465117953e-08
34900.000000000095 6.422566232746254e-08
34950.000000000095 5.475899013538193e-08
35000.000000000095 7.142838249452086e-08
35050.000000000095 5.6876446756418166e-08
35100.000000000095 7.213296501250782e-08
35150.000000000095 6.671215859842969e-08
35200.000000000095 9.090885371316226e-08
35250.000000000095 9.01058937403896e-08
35300.000000000095 6.12366931278664e-08
35350.000000000095 8.661089728004035e-08
35400.000000000095 8.435316339160175e-08
35450.000000000095 7.546976471211623e-08
35500.000000000095 1.1269541233055081e-07
35550.000000000095 9.976803533564729e-08
35600.000000000095 1.0191936521665682e-07
35650.000000000095 1.0229027914571977e-07
35700.000000000095 7.47887999408972e-08
35750.000000000095 1.2162525911183325e-07
35800.000000000095 1.1268203780118454e-07
35850.000000000095 8.54511532449427e-08
35900.000000000095 1.254491145074384e-07
35950.000000000095 1.167608356450961e-07
36000.000000000095 9.09219578058766e-08
36050.000000000095 1.2254507058052698e-07
36100.000000000095 1.1644640911836539e-07
36150.000000000095 1.252575315019426e-07
36200.000000000095 1.2540668440784904e-07
36250.000000000095 1.3555054946463323e-07
36300.000000000095 1.4411942534942415e-07
36350.000000000095 1.5302949663905305e-07
36400.000000000095 1.7714132435121188e-07
36450.000000000095 1.7170767976893817e-07
36500.000000000095 1.784817967767233e-07
36550.000000000095 1.8041056555690081e-07
36600.000000000095 2.1333597455782872e-07
36650.000000000095 2.1485593685695444e-07
36700.000000000095 2.2660298595479497e-07
36750.000000000095 2.450000563678534e-07
36800.000000000095 2.2739630944931698e-07
36850.000000000095 2.191656481264646e-07
36900.000000000095 2.229088185549826e-07
36950.000000000095 2.469924274853273e-07
37000.000000000095 2.3368689207044574e-07
37050.000000000095 2.5432543640657554e-07
37100.000000000095 2.713344447057699e-07
37150.000000000095 2.710653867349412e-07
37200.000000000095 2.7415075934894206e-07
37250.000000000095 2.441693004727132e-07
37300.000000000095 2.61358315332499e-07
37350.000000000095 2.847750140222927e-07
37400.000000000095 3.233006137125013e-07
37450.000000000095 3.0459143624402106e-07
37500.000000000095 2.639174967064783e-07
37550.000000000095 3.6060224190750063e-07
37600.000000000095 3.716849170961566e-07
37650.000000000095 3.0403611294338945e-07
37700.000000000095 3.295262584919757e-07
37750.000000000095 2.7604289448850316e-07
37800.000000000095 3.1365689456154745e-07
37850.000000000095 2.774356643089632e-07
37900.000000000095 3.1611865836364824e-07
37950.000000000095 3.534042787829273e-07
38000.000000000095 3.9814204121277614e-07
38050.000000000095 3.5434293668509644e-07
38100.000000000095 3.82954067641176e-07
38150.000000000095 3.922397716912748e-07
38200.000000000095 4.261438247798837e-07
38250.000000000095 4.032751063315468e-07
38300.000000000095 4.741387660575131e-07
38350.000000000095 4.860538244016558e-07
38400.000000000095 3.642207084258322e-07
38450.000000000095 4.1236950700425046e-07
38500.000000000095 3.6118379841919626e-07
38550.000000000095 4.172041676810345e-07
38600.000000000095 4.2099691951881474e-07
38650.000000000095 5.100083455947893e-07
38700.000000000095 4.844075825532553e-07
38750.000000000095 4.838653863088416e-07
38800.000000000095 4.291293666276034e-07
38850.000000000095 5.342533472387239e-07
38900.000000000095 5.270169410023316e-07
38950.000000000095 4.910393199447844e-07
39000.000000000095 5.794493066329336e-07
39050.000000000095 5.084672905143437e-07
39100.000000000095 5.171741143484546e-07
39150.000000000095 5.208038177194693e-07
39200.000000000095 5.02460491800996e-07
39250.000000000095 5.834135184801286e-07
39300.000000000095 5.656754827116983e-07
39350.000000000095 6.605032833169855e-07
39400.000000000095 6.431216547938027e-07
39450.000000000095 6.344523768938236e-07
39500.000000000095 5.508447914887312e-07
39550.000000000095 5.947251594605274e-07
39600.000000000095 6.149627075896226e-07
39650.000000000095 7.059554552518408e-07
39700.000000000095 6.181111711513183e-07
39750.000000000095 5.366693154412854e-07
39800.000000000095 6.544210492548338e-07
39850.000000000095 6.973205147538163e-07
39900.000000000095 6.746106053010573e-07
39950.000000000095 6.747327627181064e-07
40000.000000000095 7.216217692031576e-07
40050.000000000095 7.265543419941255e-07
40100.000000000095 6.356767954467726e-07
40150.000000000095 7.964994664186094e-07
40200.000000000095 7.96028683389216e-07
40250.000000000095 6.949995642555674e-07
40300.000000000095 7.664500078680693e-07
40350.000000000095 6.903155206865869e-07
40400.000000000095 7.726719116246962e-07
40450.000000000095 7.535069765953731e-07
40500.000000000095 7.488031387625367e-07
40550.000000000095 8.011206789380601e-07
40600.000000000095 7.352770746662237e-07
40650.000000000095 8.098492831462888e-07
40700.000000000095 9.522427330160642e-07
40750.000000000095 8.120285043110782e-07
40800.000000000095 6.955163625681632e-07
40850.000000000095 8.529412355094852e-07
40900.000000000095 7.721893536068363e-07
40950.000000000095 7.561491531365354e-07
41000.000000000095 8.067340575010988e-07
41050.000000000095 8.911868052833204e-07
41100.000000000095 7.264146104184827e-07
41150.000000000095 6.995077894722914e-07
41200.000000000095 8.613104523548976e-07
41250.000000000095 8.494972117441022e-07
41300.000000000095 6.778785794419979e-07
41350.000000000095 9.048800746613926e-07
41400.000000000095 8.287251440507008e-07
41450.000000000095 8.579654786413479e-07
41500.000000000095 7.663429170838389e-07
41550.000000000095 7.405367098314892e-07
41600.000000000095 8.257494703001159e-07
41650.000000000095 7.694564705132236e-07
41700.000000000095 7.36635970815817e-07
41750.000000000095 6.750809117568333e-07
41800.000000000095 9.076195114402498e-07
41850.000000000095 5.424509030178269e-07
41900.000000000095 7.061423777289512e-07
41950.000000000095 7.295812201989215e-07
42000.000000000095 7.641003933142583e-07
42050.000000000095 6.794731366151517e-07
42100.000000000095 7.541801865380961e-07
42150.000000000095 5.873557739377142e-07
42200.000000000095 6.564985972304852e-07
42250.000000000095 6.249008610635095e-07
42300.000000000095 6.492476301043694e-07
42350.000000000095 6.908256764298274e-07
42400.000000000095 6.114282756844423e-07
42450.000000000095 5.919824411131587e-07
42500.000000000095 5.600273749789572e-07
42550.000000000095 5.813281894335748e-07
42600.000000000095 6.2023143578353e-07
42650.000000000095 7.614559787958829e-07
42700.000000000095 5.902038003906701e-07
42750.000000000095 5.740784652147169e-07
42800.000000000095 5.438267605102275e-07
42850.000000000095 6.244722599424404e-07
42900.000000000095 6.669137043453844e-07
42950.000000000095 5.195648889737499e-07
43000.000000000095 6.884933735580474e-07
43050.000000000095 4.406006683495844e-07
43100.000000000095 5.847331317869491e-07
43150.000000000095 6.446526523548324e-07
43200.000000000095 6.310376346385594e-07
43250.000000000095 6.598767259351258e-07
43300.000000000095 7.317003739742933e-07
43350.000000000095 5.333406327679843e-07
43400.000000000095 6.399298635914284e-07
43450.000000000095 4.946276287709387e-07
43500.000000000095 5.01171312501501e-07
43550.000000000095 4.981902462710366e-07
43600.000000000095 6.201928317002022e-07
43650.000000000095 4.487778140615444e-07
43700.000000000095 6.602213569446866e-07
43750.000000000095 6.543332054677626e-07
43800.000000000095 5.28356782038043e-07
43850.000000000095 5.58636105581559e-07
43900.000000000095 4.65609609773184e-07
43950.000000000095 4.7544676998625887e-07
44000.000000000095 3.238888441802774e-07
44050.000000000095 4.988688117655202e-07
44100.000000000095 5.270080629233029e-07
44150.000000000095 5.327930834735419e-07
44200.000000000095 4.4979769924776887e-07
44250.000000000095 4.2685045430669305e-07
44300.000000000095 4.003714909477999e-07
44350.000000000095 3.310566239304962e-07
44400.000000000095 3.7317244808590003e-07
44450.000000000095 3.885599079831882e-07
44500.000000000095 3.119528576314969e-07
44550.000000000095 3.6945395388252337e-07
44600.000000000095 3.1017878819248293e-07
44650.000000000095 3.6229053516424496e-07
44700.000000000095 3.291352379547183e-07
44750.000000000095 3.5232506991565446e-07
44800.000000000095 3.2078260985697333e-07
44850.000000000095 3.204069410857074e-07
44900.000000000095 2.542065112751783e-07
44950.000000000095 2.648760467642957e-07
45000.000000000095 2.812020458958571e-07
45050.000000000095 2.897853911148218e-07
45100.000000000095 2.6351544091519617e-07
45150.000000000095 2.5362755497142227e-07
45200.000000000095 1.9837542247787304e-07
45250.000000000095 2.2067674934462287e-07
45300.000000000095 2.472051148716881e-07
45350.000000000095 2.55684306856074e-07
45400.000000000095 2.038239388168311e-07
45450.000000000095 2.0794241031800383e-07
45500.000000000095 2.0839650538898716e-07
45550.000000000095 2.410075221040392e-07
45600.000000000095 2.075898337837231e-07
45650.000000000095 2.004885618710526e-07
45700.000000000095 2.4208506107386466e-07
45750.000000000095 2.1763598325088925e-07
45800.000000000095 1.9607365325391972e-07
45850.000000000095 2.8821883303110895e-07
45900.000000000095 2.819226659921932e-07
45950.000000000095 2.0597866684285e-07
46000.000000000095 2.683724231652537e-07
46050.000000000095 2.7539611495702264e-07
46100.000000000095 2.0571081250116376e-07
46150.000000000095 2.5920753333782056e-07
46200.000000000095 2.451131547995472e-07
46250.000000000095 1.5399146717459304e-07
46300.000000000095 3.005365346141069e-07
46350.000000000095 2.0955664393618735e-07
46400.000000000095 2.613340852400454e-07
46450.000000000095 3.216351119556118e-07
46500.000000000095 2.4809014145007125e-07
46550.000000000095 2.985541167375387e-07
46600.000000000095 3.05977615373069e-07
46650.000000000095 4.719549029161903e-07
46700.000000000095 3.461024150412626e-07
46750.000000000095 2.8478497594084273e-07
46800.000000000095 2.2687660105311594e-07
46850.000000000095 3.526838011285652e-07
46900.000000000095 2.992274043777976e-07
46950.000000000095 3.8047031012658243e-07
47000.000000000095 2.473801804851367e-07
47050.000000000095 4.0007439936948507e-07
47100.000000000095 2.1016664882510054e-07
47150.000000000095 2.6508438538441e-07
47200.000000000095 3.2655449555837574e-07
47250.000000000095 2.348164091619907e-07
47300.000000000095 2.576909733465618e-07
47350.000000000095 2.1420829593806712e-07
47400.000000000095 3.496765397364831e-07
47450.000000000095 2.2502027743683258e-07
47500.000000000095 3.703485520177059e-07
47550.000000000095 2.2911509459766372e-07
47600.000000000095 3.400419068320429e-07
47650.000000000095 2.2062245652194566e-07
47700.000000000095 3.235569555330048e-07
47750.000000000095 1.8113946502525382e-07
47800.000000000095 2.8173646222998947e-07
47850.000000000095 1.634840612764751e-07
47900.000000000095 2.7114235599709605e-07
47950.000000000095 2.2507223388765052e-07
48000.000000000095 3.855444070427992e-07
48050.000000000095 2.5555903333496175e-07
48100.000000000095 3.0465443239255096e-07
48150.000000000095 2.3655024355107568e-07
48200.000000000095 3.340226643242374e-07
48250.000000000095 2.5004450839308446e-07
48300.000000000095 4.193144244817405e-07
48350.000000000095 2.2107607083501895e-07
48400.000000000095 2.8095308406326807e-07
48450.000000000095 2.2000675174029043e-07
48500.000000000095 4.02641232151953e-07
48550.000000000095 2.1115617036072946e-07
48600.000000000095 3.4051352711151454e-07
48650.000000000095 2.1937591578251715e-07
48700.000000000095 3.789336269330085e-07
