galfind/configs/Brown_Dwarf_templates/sonora_cholla/logkzz2/316g/1150K_316g_logkzz2_resample.dat
# %ECSV 1.0
# ---
# datatype:
# - {name: wav, unit: Angstrom, datatype: float64}
# - {name: flux_nu, unit: erg / (cm2 Hz s), datatype: float64}
# schema: astropy-2.0
wav flux_nu
10000.000000000093 nan
10050.000000000093 2.9183063006953695e-07
10100.000000000093 3.430959754186442e-07
10150.000000000093 3.4512855937401357e-07
10200.000000000093 3.7919226781734033e-07
10250.000000000093 4.0636054501885735e-07
10300.000000000093 4.0529449000416246e-07
10350.000000000093 4.6752456669598954e-07
10400.000000000093 5.172756516405906e-07
10450.000000000093 5.303583240555869e-07
10500.000000000093 5.165481082892015e-07
10550.000000000093 5.214192545028905e-07
10600.000000000093 5.478898963484853e-07
10650.000000000093 5.863307302082349e-07
10700.000000000093 6.230345611859937e-07
10750.000000000093 6.653062325934553e-07
10800.000000000093 6.971821102940628e-07
10850.000000000093 7.522997667340299e-07
10900.000000000093 6.759378550418081e-07
10950.000000000093 5.09860958168043e-07
11000.000000000093 4.4094292132749707e-07
11050.000000000093 3.551410371461743e-07
11100.000000000093 3.194137803047259e-07
11150.000000000093 2.6199177153078393e-07
11200.000000000093 2.629313364979934e-07
11250.000000000093 3.213900055686247e-07
11300.000000000093 3.095902590695144e-07
11350.000000000093 1.8840178247509236e-07
11400.000000000093 3.246141029617742e-07
11450.000000000093 2.5888404073861267e-07
11500.000000000093 3.0778369349791807e-07
11550.000000000093 2.2721261471592423e-07
11600.000000000093 2.42929520428638e-07
11650.000000000093 2.8215682644292275e-07
11700.000000000093 2.9642400472752377e-07
11750.000000000093 2.332482014223059e-07
11800.000000000093 3.321401590538589e-07
11850.000000000093 4.1376414619187517e-07
11900.000000000093 4.44638249458932e-07
11950.000000000093 5.213315080752377e-07
12000.000000000093 5.438179550737905e-07
12050.000000000093 6.54659978818999e-07
12100.000000000093 7.049403356704502e-07
12150.000000000093 7.961606167971041e-07
12200.000000000093 8.618721705994466e-07
12250.000000000093 9.582111256468198e-07
12300.000000000093 1.0286968838459462e-06
12350.000000000093 1.046375753784877e-06
12400.000000000093 1.05054350896874e-06
12450.000000000093 1.1400998654602433e-06
12500.000000000093 1.1919806465035152e-06
12550.000000000093 1.2531127819737618e-06
12600.000000000093 1.2794195095172056e-06
12650.000000000093 1.2690980397452224e-06
12700.000000000093 1.3349677055776197e-06
12750.000000000093 1.2698438516384886e-06
12800.000000000093 1.3091007961168901e-06
12850.000000000093 1.195580535330922e-06
12900.000000000093 1.0980982781655355e-06
12950.000000000093 1.1290030607499236e-06
13000.000000000093 1.1365487997789905e-06
13050.000000000093 1.1192281938164365e-06
13100.000000000093 1.0609797022164499e-06
13150.000000000093 9.539399987552825e-07
13200.000000000093 8.928428063348445e-07
13250.000000000093 7.083330342254019e-07
13300.000000000093 4.2741200087991587e-07
13350.000000000093 1.4789563892391776e-07
13400.000000000093 8.326530172069804e-08
13450.000000000093 5.459336755885045e-08
13500.000000000093 3.475725713449389e-08
13550.000000000093 2.8489253358537263e-08
13600.000000000093 2.0374825725527347e-08
13650.000000000093 4.44179638913351e-08
13700.000000000093 3.609966288018301e-08
13750.000000000093 3.964470326798783e-08
13800.000000000093 5.207314750341782e-08
13850.000000000093 4.042916068057282e-08
13900.000000000093 4.114096875811299e-08
13950.000000000093 3.758701456332215e-08
14000.000000000093 3.360645666275015e-08
14050.000000000093 4.1640638246483715e-08
14100.000000000093 3.111653157858273e-08
14150.000000000093 4.321246433692632e-08
14200.000000000093 3.423124975014422e-08
14250.000000000093 3.5209395067410645e-08
14300.000000000093 5.0071738783687644e-08
14350.000000000093 4.842403211475197e-08
14400.000000000093 5.4413138688861896e-08
14450.000000000093 5.805659251461908e-08
14500.000000000093 9.720419976433391e-08
14550.000000000093 9.765775294224533e-08
14600.000000000093 1.2721735415525448e-07
14650.000000000093 1.3224497836376296e-07
14700.000000000093 1.0093628768640055e-07
14750.000000000093 1.2839620437290555e-07
14800.000000000093 1.5966787642238158e-07
14850.000000000093 1.64835402140334e-07
14900.000000000093 1.7704269130341527e-07
14950.000000000093 1.9141285236527895e-07
15000.000000000093 2.0634733007645253e-07
15050.000000000093 2.575551662589103e-07
15100.000000000093 2.797715423242814e-07
15150.000000000093 3.0172584905893064e-07
15200.000000000093 2.8834459149137305e-07
15250.000000000093 3.3947900410108063e-07
15300.000000000093 3.917349358357676e-07
15350.000000000093 4.4673028799753753e-07
15400.000000000093 4.826219483739827e-07
15450.000000000093 5.402161942533984e-07
15500.000000000093 5.706365298485098e-07
15550.000000000093 6.414996535797751e-07
15600.000000000093 6.696456642682349e-07
15650.000000000093 6.934701650185426e-07
15700.000000000093 7.832636989476286e-07
15750.000000000093 8.29626732257444e-07
15800.000000000093 8.059531060119576e-07
15850.000000000093 8.567938914906176e-07
15900.000000000093 8.488594474149973e-07
15950.000000000093 8.38118356268332e-07
16000.000000000093 7.974983357291022e-07
16050.000000000093 7.182467916970809e-07
16100.000000000093 6.525238062185671e-07
16150.000000000093 5.154765299990609e-07
16200.000000000093 4.219566549467815e-07
16250.000000000093 4.245682521763319e-07
16300.000000000093 3.7703863922893356e-07
16350.000000000093 4.045233755088197e-07
16400.000000000095 4.49896907397867e-07
16450.000000000095 4.846380675948414e-07
16500.000000000095 5.107093616193645e-07
16550.000000000095 4.89624902440821e-07
16600.000000000095 4.734729682294174e-07
16650.000000000095 3.915044255035481e-07
16700.000000000095 2.359439476612147e-07
16750.000000000095 2.8213449890316075e-07
16800.000000000095 3.8474896498950135e-07
16850.000000000095 3.782863010724201e-07
16900.000000000095 3.437403322920408e-07
16950.000000000095 3.162173729190878e-07
17000.000000000095 2.8029261959374103e-07
17050.000000000095 3.3487312899463347e-07
17100.000000000095 3.5363504347526293e-07
17150.000000000095 2.9774257246086796e-07
17200.000000000095 3.4765703717578663e-07
17250.000000000095 3.032075975062466e-07
17300.000000000095 2.6358058681472694e-07
17350.000000000095 2.5152335368264074e-07
17400.000000000095 2.3821872097469067e-07
17450.000000000095 2.3545124503839362e-07
17500.000000000095 2.5878949485781877e-07
17550.000000000095 2.2316541971621555e-07
17600.000000000095 2.0001747360811794e-07
17650.000000000095 2.0299735138811685e-07
17700.000000000095 1.4603030515886726e-07
17750.000000000095 1.3632683641819196e-07
17800.000000000095 1.6337275018237115e-07
17850.000000000095 1.1312217674484753e-07
17900.000000000095 1.3228454887390043e-07
17950.000000000095 1.0104167647156913e-07
18000.000000000095 1.0873694275556591e-07
18050.000000000095 1.0938332142326012e-07
18100.000000000095 9.645857486649923e-08
18150.000000000095 1.3474579533068447e-07
18200.000000000095 8.766658198740142e-08
18250.000000000095 1.592444439256265e-07
18300.000000000095 1.107646665082624e-07
18350.000000000095 1.0207104713181323e-07
18400.000000000095 9.325292049858887e-08
18450.000000000095 9.63840965273528e-08
18500.000000000095 1.0972863547148578e-07
18550.000000000095 8.898860849072153e-08
18600.000000000095 7.542560214660252e-08
18650.000000000095 7.447549213870636e-08
18700.000000000095 7.863531169272124e-08
18750.000000000095 8.955547648608855e-08
18800.000000000095 1.3703541347576117e-07
18850.000000000095 1.6232256866184392e-07
18900.000000000095 1.456761217655372e-07
18950.000000000095 2.1166236655068112e-07
19000.000000000095 1.6838976367563205e-07
19050.000000000095 1.366510935698888e-07
19100.000000000095 2.0365982122004955e-07
19150.000000000095 1.7412134690093292e-07
19200.000000000095 1.8712437283715488e-07
19250.000000000095 1.6511488683785444e-07
19300.000000000095 1.537307281098866e-07
19350.000000000095 1.368723648254332e-07
19400.000000000095 9.052627743052988e-08
19450.000000000095 1.5424050692392146e-07
19500.000000000095 1.4685803456529665e-07
19550.000000000095 1.1478897862251762e-07
19600.000000000095 1.488760795575806e-07
19650.000000000095 1.6467234953572687e-07
19700.000000000095 1.6561533463513719e-07
19750.000000000095 1.6231963909353256e-07
19800.000000000095 1.8716738959907128e-07
19850.000000000095 2.1751599791864534e-07
19900.000000000095 1.5825675188935713e-07
19950.000000000095 2.3825683048946382e-07
20000.000000000095 2.3008046053739064e-07
20050.000000000095 2.506065018555361e-07
20100.000000000095 2.619961235486163e-07
20150.000000000095 2.631656809892918e-07
20200.000000000095 3.0680739060343113e-07
20250.000000000095 3.3515876741127724e-07
20300.000000000095 3.105858001724513e-07
20350.000000000095 3.5179568272036697e-07
20400.000000000095 3.563034461788079e-07
20450.000000000095 4.116473159602311e-07
20500.000000000095 4.2386590201313876e-07
20550.000000000095 4.085051398199911e-07
20600.000000000095 4.76146432285497e-07
20650.000000000095 4.4385481673802287e-07
20700.000000000095 4.6428963370362485e-07
20750.000000000095 5.014559484926464e-07
20800.000000000095 4.998449036697191e-07
20850.000000000095 4.920822407613898e-07
20900.000000000095 5.22039266691151e-07
20950.000000000095 4.981223447840775e-07
21000.000000000095 5.210561517504294e-07
21050.000000000095 4.944281919785419e-07
21100.000000000095 4.885381828772777e-07
21150.000000000095 4.928331111606647e-07
21200.000000000095 4.7247156002491176e-07
21250.000000000095 4.7450876313843006e-07
21300.000000000095 4.2903966035228764e-07
21350.000000000095 4.4486237659876766e-07
21400.000000000095 4.006140259718182e-07
21450.000000000095 3.871654798706593e-07
21500.000000000095 3.8655031466250836e-07
21550.000000000095 3.6309994880128087e-07
21600.000000000095 3.450368171673761e-07
21650.000000000095 3.1120986617724666e-07
21700.000000000095 3.163309604885139e-07
21750.000000000095 2.903050735256871e-07
21800.000000000095 2.5651543788221477e-07
21850.000000000095 2.259199602020804e-07
21900.000000000095 2.038868643602985e-07
21950.000000000095 1.264106031290817e-07
22000.000000000095 8.617671475715987e-08
22050.000000000095 6.042886044275425e-08
22100.000000000095 8.648382229159542e-08
22150.000000000095 1.0340400747053185e-07
22200.000000000095 1.0489420390364764e-07
22250.000000000095 9.56458823514541e-08
22300.000000000095 9.490273517600396e-08
22350.000000000095 8.543620032292244e-08
22400.000000000095 7.399185864786355e-08
22450.000000000095 6.633324955596177e-08
22500.000000000095 7.112108120341514e-08
22550.000000000095 4.737668237645363e-08
22600.000000000095 5.8998045589656224e-08
22650.000000000095 5.988280376794921e-08
22700.000000000095 5.781899202156385e-08
22750.000000000095 5.7948508917249544e-08
22800.000000000095 5.235399226361645e-08
22850.000000000095 4.7180477931870734e-08
22900.000000000095 4.317132439974043e-08
22950.000000000095 4.536567776307336e-08
23000.000000000095 3.7673350478909075e-08
23050.000000000095 5.3388581165654754e-08
23100.000000000095 7.604464984028121e-08
23150.000000000095 7.968299607301516e-08
23200.000000000095 3.6980536899135337e-08
23250.000000000095 3.562086518890432e-08
23300.000000000095 3.378996205742535e-08
23350.000000000095 2.9662192653344497e-08
23400.000000000095 3.950506243745845e-08
23450.000000000095 3.572782395099731e-08
23500.000000000095 3.695789727915937e-08
23550.000000000095 5.1334067738288224e-08
23600.000000000095 5.380096368205901e-08
23650.000000000095 6.272263723700377e-08
23700.000000000095 3.9646681848028805e-08
23750.000000000095 3.5587610067211133e-08
23800.000000000095 4.001135825270206e-08
23850.000000000095 4.2514121182519025e-08
23900.000000000095 6.421497447343078e-08
23950.000000000095 6.38849606812144e-08
24000.000000000095 7.937196499090977e-08
24050.000000000095 8.686544836381499e-08
24100.000000000095 7.005903449196905e-08
24150.000000000095 8.002359009869036e-08
24200.000000000095 8.938645164678586e-08
24250.000000000095 7.235667737113623e-08
24300.000000000095 8.431162862676696e-08
24350.000000000095 7.419797717469055e-08
24400.000000000095 1.0480305834925356e-07
24450.000000000095 8.484995688757649e-08
24500.000000000095 9.96054553518707e-08
24550.000000000095 9.654119165205434e-08
24600.000000000095 1.077036790691915e-07
24650.000000000095 1.2027083960845135e-07
24700.000000000095 9.709726186284051e-08
24750.000000000095 8.866041487193968e-08
24800.000000000095 9.901582433522127e-08
24850.000000000095 1.3143875822475054e-07
24900.000000000095 7.420624369005732e-08
24950.000000000095 1.1909534087104348e-07
25000.000000000095 1.1711070773195372e-07
25050.000000000095 8.900045332085681e-08
25100.000000000095 1.0943700033293436e-07
25150.000000000095 7.053153764867075e-08
25200.000000000095 9.887484554096283e-08
25250.000000000095 7.053359024345786e-08
25300.000000000095 9.854743390169344e-08
25350.000000000095 5.637057355273132e-08
25400.000000000095 9.745634503976292e-08
25450.000000000095 6.9060056452329e-08
25500.000000000095 6.622727442234561e-08
25550.000000000095 7.90089397271575e-08
25600.000000000095 6.419379057701177e-08
25650.000000000095 5.174123402688339e-08
25700.000000000095 9.141942641161955e-08
25750.000000000095 5.065604781506702e-08
25800.000000000095 8.984732206753727e-08
25850.000000000095 5.015463774894248e-08
25900.000000000095 6.692273414680957e-08
25950.000000000095 4.7940341119866965e-08
26000.000000000095 8.720904504538755e-08
26050.000000000095 6.932819631980562e-08
26100.000000000095 9.887274013743636e-08
26150.000000000095 8.150595235341789e-08
26200.000000000095 9.397470482220266e-08
26250.000000000095 1.1666888900823898e-07
26300.000000000095 8.50664669378169e-08
26350.000000000095 1.2481246630037847e-07
26400.000000000095 1.4772165820810745e-07
26450.000000000095 1.3382168552274036e-07
26500.000000000095 1.2316527126260328e-07
26550.000000000095 1.0577851488359403e-07
26600.000000000095 1.2957887277006045e-07
26650.000000000095 6.923131799793523e-08
26700.000000000095 5.8009060322910446e-08
26750.000000000095 5.0236229141844836e-08
26800.000000000095 7.207321461887695e-08
26850.000000000095 4.2978977535777826e-08
26900.000000000095 8.323307433104023e-08
26950.000000000095 4.431798623563352e-08
27000.000000000095 9.78953948404239e-08
27050.000000000095 8.89972813548337e-08
27100.000000000095 6.727273242060095e-08
27150.000000000095 1.1138693409929078e-07
27200.000000000095 7.282234967451964e-08
27250.000000000095 8.121200729910504e-08
27300.000000000095 1.5464627267887912e-07
27350.000000000095 1.2009423224593415e-07
27400.000000000095 4.6121331157812604e-08
27450.000000000095 1.4984372384191086e-07
27500.000000000095 1.4296193715791782e-07
27550.000000000095 8.648230892145867e-08
27600.000000000095 1.4122792889300474e-07
27650.000000000095 7.075950849023173e-08
27700.000000000095 5.893833640176865e-08
27750.000000000095 1.3567524136523227e-07
27800.000000000095 7.404912053766246e-08
27850.000000000095 8.364334789051453e-08
27900.000000000095 1.0600316996394853e-07
27950.000000000095 1.1813753273101779e-07
28000.000000000095 1.2067535357215982e-07
28050.000000000095 5.893792517049381e-08
28100.000000000095 1.490633172023621e-07
28150.000000000095 1.1304164250922003e-07
28200.000000000095 5.467833959165792e-08
28250.000000000095 1.4520763208028387e-07
28300.000000000095 1.9007234832186278e-07
28350.000000000095 6.218647276623244e-08
28400.000000000095 1.338071371318096e-07
28450.000000000095 1.4215760935831075e-07
28500.000000000095 1.2556468699179172e-07
28550.000000000095 6.033722635004201e-08
28600.000000000095 1.578026192047541e-07
28650.000000000095 1.4323336652247155e-07
28700.000000000095 1.2251425814366056e-07
28750.000000000095 1.615375891245139e-07
28800.000000000095 1.4307532230256372e-07
28850.000000000095 1.858534688519459e-07
28900.000000000095 9.079814356396833e-08
28950.000000000095 1.9048752213256719e-07
29000.000000000095 1.313401846848892e-07
29050.000000000095 1.5886385481468705e-07
29100.000000000095 1.0202513176026516e-07
29150.000000000095 1.9546854064878262e-07
29200.000000000095 1.39833604491928e-07
29250.000000000095 1.8882166736848853e-07
29300.000000000095 1.1858412866756179e-07
