galfind/configs/Brown_Dwarf_templates/sonora_cholla/logkzz2/316g/1200K_316g_logkzz2_resample.dat
# %ECSV 1.0
# ---
# datatype:
# - {name: wav, unit: Angstrom, datatype: float64}
# - {name: flux_nu, unit: erg / (cm2 Hz s), datatype: float64}
# schema: astropy-2.0
wav flux_nu
10000.000000000093 nan
10050.000000000093 3.1386638180772505e-07
10100.000000000093 3.679246545694794e-07
10150.000000000093 3.69262054841374e-07
10200.000000000093 4.0437762735519024e-07
10250.000000000093 4.313708827396366e-07
10300.000000000093 4.2767164197188623e-07
10350.000000000093 4.920398679834385e-07
10400.000000000093 5.44564825904072e-07
10450.000000000093 5.564971421116887e-07
10500.000000000093 5.38851443796915e-07
10550.000000000093 5.422263187143927e-07
10600.000000000093 5.699910846977056e-07
10650.000000000093 6.115808909793353e-07
10700.000000000093 6.509092863706672e-07
10750.000000000093 6.980311843077293e-07
10800.000000000093 7.351300271509915e-07
10850.000000000093 7.992011272671206e-07
10900.000000000093 7.298568037032696e-07
10950.000000000093 5.701395987764467e-07
11000.000000000093 5.024600624741986e-07
11050.000000000093 4.1105029845506214e-07
11100.000000000093 3.795716580014259e-07
11150.000000000093 3.207511436835146e-07
11200.000000000093 3.234831880343322e-07
11250.000000000093 3.9433769319628985e-07
11300.000000000093 3.7692197237879003e-07
11350.000000000093 2.4125842180436247e-07
11400.000000000093 3.9951894629001276e-07
11450.000000000093 3.233107030060043e-07
11500.000000000093 3.906266083806593e-07
11550.000000000093 3.0161316415603115e-07
11600.000000000093 3.226568304960848e-07
11650.000000000093 3.641552486301103e-07
11700.000000000093 3.8042339768145643e-07
11750.000000000093 3.163407759642643e-07
11800.000000000093 4.2116486033264773e-07
11850.000000000093 5.078297460328719e-07
11900.000000000093 5.423726634320116e-07
11950.000000000093 6.147624609233399e-07
12000.000000000093 6.245085043261477e-07
12050.000000000093 7.492482132770113e-07
12100.000000000093 7.951072980556093e-07
12150.000000000093 8.953484488131174e-07
12200.000000000093 9.585386774197588e-07
12250.000000000093 1.062580825297394e-06
12300.000000000093 1.134142761143072e-06
12350.000000000093 1.1489101125772728e-06
12400.000000000093 1.1366702729587517e-06
12450.000000000093 1.2242705622884376e-06
12500.000000000093 1.2785118941073666e-06
12550.000000000093 1.3417182317136398e-06
12600.000000000093 1.3755191479499728e-06
12650.000000000093 1.366311024028703e-06
12700.000000000093 1.4481245829514928e-06
12750.000000000093 1.3801344593833325e-06
12800.000000000093 1.4290329806101714e-06
12850.000000000093 1.3162006206607324e-06
12900.000000000093 1.2126178592891179e-06
12950.000000000093 1.2527945515816833e-06
13000.000000000093 1.2675663840374024e-06
13050.000000000093 1.2615865931569377e-06
13100.000000000093 1.2052354331146597e-06
13150.000000000093 1.1018237024902669e-06
13200.000000000093 1.037439104964593e-06
13250.000000000093 8.378966459484827e-07
13300.000000000093 5.266078363044014e-07
13350.000000000093 1.91494168166217e-07
13400.000000000093 1.1162060821289213e-07
13450.000000000093 7.574919881575407e-08
13500.000000000093 4.970076040385051e-08
13550.000000000093 4.138051281468259e-08
13600.000000000093 3.133429735432863e-08
13650.000000000093 6.434214390956117e-08
13700.000000000093 5.3184015452502996e-08
13750.000000000093 5.706814662574994e-08
13800.000000000093 7.539273884080951e-08
13850.000000000093 5.948745269451026e-08
13900.000000000093 6.050777971728432e-08
13950.000000000093 5.5328499206919436e-08
14000.000000000093 4.9116441101944154e-08
14050.000000000093 5.989807600234334e-08
14100.000000000093 4.4514454103992276e-08
14150.000000000093 6.059087531908463e-08
14200.000000000093 4.8729217183950965e-08
14250.000000000093 4.9704899110773035e-08
14300.000000000093 6.74566507931416e-08
14350.000000000093 6.558994129851976e-08
14400.000000000093 7.338954791014489e-08
14450.000000000093 7.72743481170757e-08
14500.000000000093 1.254167119848027e-07
14550.000000000093 1.2557583550797894e-07
14600.000000000093 1.607996168848013e-07
14650.000000000093 1.6682498511201853e-07
14700.000000000093 1.29749192534349e-07
14750.000000000093 1.6177058856053068e-07
14800.000000000093 1.9843802531444706e-07
14850.000000000093 2.0426139689039403e-07
14900.000000000093 2.189445949270923e-07
14950.000000000093 2.331757401287772e-07
15000.000000000093 2.503243032644156e-07
15050.000000000093 3.11290921683559e-07
15100.000000000093 3.346276027078655e-07
15150.000000000093 3.605050881003244e-07
15200.000000000093 3.4476100999965445e-07
15250.000000000093 3.997373919410452e-07
15300.000000000093 4.5882495689304225e-07
15350.000000000093 5.188594918634994e-07
15400.000000000093 5.573970971119427e-07
15450.000000000093 6.2301914735858e-07
15500.000000000093 6.571471551774998e-07
15550.000000000093 7.339387947941936e-07
15600.000000000093 7.598826838389598e-07
15650.000000000093 7.890089019651745e-07
15700.000000000093 8.913717366340491e-07
15750.000000000093 9.442241981912055e-07
15800.000000000093 9.182528872183821e-07
15850.000000000093 9.71908482783847e-07
15900.000000000093 9.70256074590114e-07
15950.000000000093 9.677707362006594e-07
16000.000000000093 9.405062475550241e-07
16050.000000000093 8.756214662268876e-07
16100.000000000093 8.207270526755414e-07
16150.000000000093 6.71898990525645e-07
16200.000000000093 5.777507084950433e-07
16250.000000000093 5.82649997818027e-07
16300.000000000093 5.311195960843804e-07
16350.000000000093 5.66222740098328e-07
16400.000000000095 6.209087718923949e-07
16450.000000000095 6.608249426294242e-07
16500.000000000095 6.930116820610065e-07
16550.000000000095 6.715656818255269e-07
16600.000000000095 6.454699419764672e-07
16650.000000000095 5.579991177170237e-07
16700.000000000095 3.68908394270484e-07
16750.000000000095 4.280019948028672e-07
16800.000000000095 5.537016949178292e-07
16850.000000000095 5.396417043111074e-07
16900.000000000095 5.023425655688547e-07
16950.000000000095 4.655488332824853e-07
17000.000000000095 4.2148196749781294e-07
17050.000000000095 4.876027080849139e-07
17100.000000000095 4.984461691670573e-07
17150.000000000095 4.277645913384358e-07
17200.000000000095 4.735309301139365e-07
17250.000000000095 4.173356320186965e-07
17300.000000000095 3.695227510402352e-07
17350.000000000095 3.527571730639333e-07
17400.000000000095 3.317002018594722e-07
17450.000000000095 3.1943611063819123e-07
17500.000000000095 3.4361997717564634e-07
17550.000000000095 2.978312167342275e-07
17600.000000000095 2.7218914485114e-07
17650.000000000095 2.7553674922715894e-07
17700.000000000095 1.980708976435604e-07
17750.000000000095 1.8582290206675615e-07
17800.000000000095 2.1742391422245002e-07
17850.000000000095 1.5186922789320765e-07
17900.000000000095 1.790698273236683e-07
17950.000000000095 1.4011690759836336e-07
18000.000000000095 1.4697875668624245e-07
18050.000000000095 1.476336614720473e-07
18100.000000000095 1.3026270151601825e-07
18150.000000000095 1.780949799180381e-07
18200.000000000095 1.1901103994673996e-07
18250.000000000095 2.0702712064747667e-07
18300.000000000095 1.4874220688185987e-07
18350.000000000095 1.3853248359916172e-07
18400.000000000095 1.269137465493681e-07
18450.000000000095 1.2655420164789926e-07
18500.000000000095 1.4394570777520975e-07
18550.000000000095 1.1824092579063016e-07
18600.000000000095 9.95861879620642e-08
18650.000000000095 1.0021309367462714e-07
18700.000000000095 1.074445969852365e-07
18750.000000000095 1.1865254088945406e-07
18800.000000000095 1.740751103602951e-07
18850.000000000095 2.0711964363586744e-07
18900.000000000095 1.8670700243854034e-07
18950.000000000095 2.629831504101851e-07
19000.000000000095 2.1670791211148228e-07
19050.000000000095 1.789006410777583e-07
19100.000000000095 2.5543130190792007e-07
19150.000000000095 2.247203105792291e-07
19200.000000000095 2.3640750835800387e-07
19250.000000000095 2.1224097189680344e-07
19300.000000000095 2.0031133534775017e-07
19350.000000000095 1.7854305649920123e-07
19400.000000000095 1.1959736308065324e-07
19450.000000000095 1.9831046143511607e-07
19500.000000000095 1.8865336609154798e-07
19550.000000000095 1.4864320426592352e-07
19600.000000000095 1.8941786819334743e-07
19650.000000000095 2.0811609606441062e-07
19700.000000000095 2.083802646085308e-07
19750.000000000095 2.0096356747355777e-07
19800.000000000095 2.313128994382674e-07
19850.000000000095 2.6535190876431337e-07
19900.000000000095 1.9444894112067167e-07
19950.000000000095 2.878226292888888e-07
20000.000000000095 2.7808508147041877e-07
20050.000000000095 3.0276121480760076e-07
20100.000000000095 3.139757514661967e-07
20150.000000000095 3.1686512019235693e-07
20200.000000000095 3.659367751125133e-07
20250.000000000095 3.972937323921327e-07
20300.000000000095 3.6941313513378273e-07
20350.000000000095 4.154924299504708e-07
20400.000000000095 4.2219650884898e-07
20450.000000000095 4.845354196864349e-07
20500.000000000095 4.984187500891923e-07
20550.000000000095 4.814464501845159e-07
20600.000000000095 5.596623781899035e-07
20650.000000000095 5.212593776148584e-07
20700.000000000095 5.474638473373394e-07
20750.000000000095 5.919745842624369e-07
20800.000000000095 5.915434163635443e-07
20850.000000000095 5.82595437002026e-07
20900.000000000095 6.198665631544091e-07
20950.000000000095 5.953274625909506e-07
21000.000000000095 6.242126123399609e-07
21050.000000000095 5.95697546800662e-07
21100.000000000095 5.923632499248664e-07
21150.000000000095 5.987006466037691e-07
21200.000000000095 5.769076424263866e-07
21250.000000000095 5.833677169519514e-07
21300.000000000095 5.327729333058959e-07
21350.000000000095 5.55410266900022e-07
21400.000000000095 5.018040023915811e-07
21450.000000000095 4.946524918218258e-07
21500.000000000095 4.918595480742599e-07
21550.000000000095 4.6600080317372727e-07
21600.000000000095 4.4845764211122845e-07
21650.000000000095 4.085834107224035e-07
21700.000000000095 4.153777952176526e-07
21750.000000000095 3.817028357359993e-07
21800.000000000095 3.42278124313631e-07
21850.000000000095 3.0448584539715555e-07
21900.000000000095 2.8027789833960485e-07
21950.000000000095 1.826146158649249e-07
22000.000000000095 1.3135926258364922e-07
22050.000000000095 9.278818879576362e-08
22100.000000000095 1.263661566296125e-07
22150.000000000095 1.4814737955709114e-07
22200.000000000095 1.5163130428859488e-07
22250.000000000095 1.3868504057496796e-07
22300.000000000095 1.3971846259450973e-07
22350.000000000095 1.257257387668328e-07
22400.000000000095 1.1175450517779829e-07
22450.000000000095 9.99134858799054e-08
22500.000000000095 1.0609331295152964e-07
22550.000000000095 7.496504213784986e-08
22600.000000000095 9.056630364051916e-08
22650.000000000095 8.926989960195281e-08
22700.000000000095 8.768769000080484e-08
22750.000000000095 8.742882471898903e-08
22800.000000000095 7.975471075127911e-08
22850.000000000095 7.194980323850458e-08
22900.000000000095 6.725623708049246e-08
22950.000000000095 6.945115141972704e-08
23000.000000000095 5.653797465837826e-08
23050.000000000095 7.944364844027892e-08
23100.000000000095 1.0696946284714037e-07
23150.000000000095 1.1207503568499929e-07
23200.000000000095 5.769228489282472e-08
23250.000000000095 5.500074945167687e-08
23300.000000000095 5.161450746771288e-08
23350.000000000095 4.519082778071074e-08
23400.000000000095 5.8309203539673336e-08
23450.000000000095 5.344399571875366e-08
23500.000000000095 5.617685452146759e-08
23550.000000000095 7.658239391746821e-08
23600.000000000095 7.973591503976399e-08
23650.000000000095 9.040615936218812e-08
23700.000000000095 6.00828504323614e-08
23750.000000000095 5.57339272430902e-08
23800.000000000095 5.92612925398157e-08
23850.000000000095 6.281249048900947e-08
23900.000000000095 9.133878148619227e-08
23950.000000000095 9.198363674996624e-08
24000.000000000095 1.1324506619341526e-07
24050.000000000095 1.201281780836176e-07
24100.000000000095 9.91210469185734e-08
24150.000000000095 1.1151472613210084e-07
24200.000000000095 1.2419094497028753e-07
24250.000000000095 1.0458249555787866e-07
24300.000000000095 1.1664098575532518e-07
24350.000000000095 1.0486264472413693e-07
24400.000000000095 1.431650444467289e-07
24450.000000000095 1.1661078205184874e-07
24500.000000000095 1.3488308205873256e-07
24550.000000000095 1.289805770964467e-07
24600.000000000095 1.4237421896910826e-07
24650.000000000095 1.5858323510377286e-07
24700.000000000095 1.2845206324219516e-07
24750.000000000095 1.1689539399776795e-07
24800.000000000095 1.3033875788624086e-07
24850.000000000095 1.6949885843781398e-07
24900.000000000095 9.717458951363604e-08
24950.000000000095 1.5415631801042974e-07
25000.000000000095 1.5037404120135287e-07
25050.000000000095 1.1591543390210474e-07
25100.000000000095 1.4137700329053587e-07
25150.000000000095 9.273161652359856e-08
25200.000000000095 1.2743530034890807e-07
25250.000000000095 9.417134680381181e-08
25300.000000000095 1.2894957015043949e-07
25350.000000000095 7.59668771235654e-08
25400.000000000095 1.2619776580962265e-07
25450.000000000095 9.207733149665713e-08
25500.000000000095 8.814564238097856e-08
25550.000000000095 1.0484851336103581e-07
25600.000000000095 8.874303263479962e-08
25650.000000000095 7.099683843384951e-08
25700.000000000095 1.2251259979656178e-07
25750.000000000095 7.044756512918815e-08
25800.000000000095 1.19256272093695e-07
25850.000000000095 7.034813058082923e-08
25900.000000000095 9.356134561052713e-08
25950.000000000095 6.878621268660564e-08
26000.000000000095 1.1480538604842262e-07
26050.000000000095 9.770528357343303e-08
26100.000000000095 1.321084647674061e-07
26150.000000000095 1.119971028049785e-07
26200.000000000095 1.2619357301925905e-07
26250.000000000095 1.5066020944185375e-07
26300.000000000095 1.1466190627331153e-07
26350.000000000095 1.5818543579658308e-07
26400.000000000095 1.8775308368870646e-07
26450.000000000095 1.7037203374676566e-07
26500.000000000095 1.569773762816895e-07
26550.000000000095 1.3992125410887637e-07
26600.000000000095 1.706939857516673e-07
26650.000000000095 9.535206174838025e-08
26700.000000000095 8.231176487296098e-08
26750.000000000095 7.078848599281289e-08
26800.000000000095 9.89484733570298e-08
26850.000000000095 5.995884056158242e-08
26900.000000000095 1.1031744373790135e-07
26950.000000000095 6.042524366681504e-08
27000.000000000095 1.2600214715297348e-07
27050.000000000095 1.1488356131627852e-07
27100.000000000095 9.03851809420399e-08
27150.000000000095 1.4113481649523334e-07
27200.000000000095 9.833887836493672e-08
27250.000000000095 1.0622004261872488e-07
27300.000000000095 1.8997432132175e-07
27350.000000000095 1.507967010860774e-07
27400.000000000095 6.448768747626596e-08
27450.000000000095 1.8930805136132251e-07
27500.000000000095 1.76488728071178e-07
27550.000000000095 1.1480238476363897e-07
27600.000000000095 1.8264487325955217e-07
27650.000000000095 9.38746430402099e-08
27700.000000000095 7.949901693554522e-08
27750.000000000095 1.74062208024228e-07
27800.000000000095 9.812283007718894e-08
27850.000000000095 1.1021032073773978e-07
27900.000000000095 1.38065023090166e-07
27950.000000000095 1.4939217340409537e-07
28000.000000000095 1.5418791141665447e-07
28050.000000000095 7.954787561449923e-08
28100.000000000095 1.8743314706952442e-07
28150.000000000095 1.4636923871830088e-07
28200.000000000095 7.380938811997892e-08
28250.000000000095 1.8161004484722189e-07
28300.000000000095 2.3544773909727664e-07
28350.000000000095 8.152736877971384e-08
28400.000000000095 1.7122208309538912e-07
28450.000000000095 1.7573916671316725e-07
28500.000000000095 1.598619652348007e-07
28550.000000000095 7.988802700401353e-08
28600.000000000095 1.9764734734132327e-07
28650.000000000095 1.7897703791039406e-07
28700.000000000095 1.5400985723671688e-07
28750.000000000095 1.9839062705293465e-07
28800.000000000095 1.762929612783389e-07
28850.000000000095 2.2974826009506245e-07
28900.000000000095 1.1485851058645323e-07
28950.000000000095 2.3105102158636125e-07
29000.000000000095 1.612715145861823e-07
29050.000000000095 1.9419971253747114e-07
29100.000000000095 1.2713076086456704e-07
29150.000000000095 2.3497488625597374e-07
29200.000000000095 1.7247774524099103e-07
29250.000000000095 2.285904552879915e-07
29300.000000000095 1.4577556578766423e-07
