galfind/configs/Brown_Dwarf_templates/sonora_cholla/logkzz2/316g/1200K_316g_logkzz2_resample.dat
# %ECSV 1.0
# ---
# datatype:
# - {name: wav, unit: Angstrom, datatype: float64}
# - {name: flux_nu, unit: erg / (cm2 Hz s), datatype: float64}
# schema: astropy-2.0
wav flux_nu
[from data line 1163]
68150.00000000009 2.477252791133104e-07
68200.00000000009 2.6000631154638535e-07
68250.00000000009 1.5808769174364916e-07
68300.00000000009 2.3369918673514553e-07
68350.00000000009 1.4272231724431766e-07
68400.00000000009 3.059454326162001e-07
68450.00000000009 3.0476954729862045e-07
68500.00000000009 2.688301605721191e-07
68550.00000000009 1.9860497243123226e-07
68600.00000000009 2.222474255281369e-07
68650.00000000009 1.6708633127823976e-07
68700.00000000009 2.3456906199333248e-07
68750.00000000009 2.717961551346103e-07
68800.00000000009 2.8379079978560026e-07
68850.00000000009 1.8380747871831315e-07
68900.00000000009 3.3246745757144104e-07
68950.00000000009 3.4346513902575535e-07
69000.00000000009 3.291260911178292e-07
69050.00000000009 2.4025370673729596e-07
69100.00000000009 3.2724427499954356e-07
69150.00000000009 3.7860121167106626e-07
69200.00000000009 2.536399113042316e-07
69250.00000000009 3.329797254075794e-07
69300.00000000009 2.76132347279265e-07
69350.00000000009 3.235443531555871e-07
69400.00000000009 1.9382179861366143e-07
69450.00000000009 3.406292756251933e-07
69500.00000000009 2.6361231700237307e-07
69550.00000000009 2.6420833955849214e-07
69600.00000000009 1.2888113400815072e-07
69650.00000000009 2.5356273959252224e-07
69700.00000000009 3.106988566641683e-07
69750.00000000009 2.411780713278025e-07
69800.00000000009 3.0385100187949314e-07
69850.00000000009 3.187510988533222e-07
69900.00000000009 2.3420056428597775e-07
69950.00000000009 2.8022915113773175e-07
70000.00000000009 2.3220229223089939e-07
70050.00000000009 3.184137395078498e-07
70100.00000000009 2.4870691994787805e-07
70150.00000000009 2.6933804783621254e-07
70200.00000000009 2.119343244945299e-07
70250.00000000009 2.55218758908295e-07
70300.00000000009 2.957776052798986e-07
70350.00000000009 2.3518340707578456e-07
70400.00000000009 2.3677646799534813e-07
70450.00000000009 1.493823743065742e-07
70500.00000000009 1.9494966825740547e-07
70550.00000000009 2.1172396517456733e-07
70600.00000000009 2.1525295975028793e-07
70650.00000000009 2.608004669774867e-07
70700.00000000009 2.4478653879779286e-07
70750.00000000009 2.750860699778869e-07
70800.00000000009 2.0064583227449107e-07
70850.00000000009 2.0111523912137257e-07
70900.00000000009 1.9945021465846595e-07
70950.00000000009 2.9488430044843797e-07
71000.00000000009 2.4885707098725425e-07
71050.00000000009 2.5925493217395806e-07
71100.00000000009 2.3589092503672253e-07
71150.00000000009 2.493394630094736e-07
71200.00000000009 2.2010611692518007e-07
71250.00000000009 2.2781997756497008e-07
71300.00000000009 2.683193388171403e-07
71350.00000000009 2.549585286094228e-07
71400.00000000009 2.645892665906589e-07
71450.00000000009 1.7724343897277713e-07
71500.00000000009 2.116065887419556e-07
71550.00000000009 2.1847248219176945e-07
71600.00000000009 2.3716502199021073e-07
71650.00000000009 2.3464252545806686e-07
71700.00000000009 1.9919964649406352e-07
71750.00000000009 2.1212263278565423e-07
71800.00000000009 2.636488016021147e-07
71850.00000000009 2.6076539042253765e-07
71900.00000000009 1.9987603997332878e-07
71950.00000000009 2.0132604635549808e-07
72000.00000000009 2.0719471324984625e-07
72050.00000000009 1.8221456572634013e-07
72100.00000000009 2.0394440628812332e-07
72150.00000000009 1.697304061244362e-07
72200.00000000009 1.954959734162798e-07
72250.00000000009 2.225284569456114e-07
72300.00000000009 2.1948258592316214e-07
72350.00000000009 2.203374599157984e-07
72400.00000000009 1.7595800271882503e-07
72450.00000000009 1.7638695673671098e-07
72500.00000000009 2.022734265186499e-07
72550.00000000009 1.3811742528188608e-07
72600.00000000009 1.2880150843985035e-07
72650.00000000009 2.2117398496552871e-07
72700.00000000009 2.3058178649795456e-07
72750.00000000009 1.9861662210116847e-07
72800.00000000009 1.9352833485378616e-07
72850.00000000009 1.7879478733007657e-07
72900.00000000009 2.054572161985806e-07
72950.00000000009 2.0460063905629983e-07
73000.00000000009 2.1344612136240464e-07
73050.00000000009 1.8893212060005148e-07
73100.00000000009 1.616336911966894e-07
73150.00000000009 2.438988296453377e-07
73200.00000000009 1.7260382022582085e-07
73250.00000000009 1.887086577728321e-07
73300.00000000009 1.9911940597540048e-07
73350.00000000009 1.7599524960356557e-07
73400.00000000009 2.0256354495252693e-07
73450.00000000009 1.378877082847182e-07
73500.00000000009 1.4661693489183897e-07
73550.00000000009 1.7527229702324169e-07
73600.00000000009 1.5441357090201017e-07
73650.00000000009 1.8521648455821392e-07
73700.00000000009 2.1926229351229553e-07
73750.00000000009 1.5649107061335285e-07
73800.00000000009 1.7920330298633162e-07
73850.00000000009 1.8391168918167737e-07
73900.00000000009 2.0578668013748048e-07
73950.00000000009 1.7479145484305036e-07
74000.00000000009 1.7668206272546266e-07
74050.00000000009 2.474863583487727e-07
74100.00000000009 1.5991270097557732e-07
74150.00000000009 1.969937708584216e-07
74200.00000000009 1.8223565246617644e-07
74250.00000000009 1.3892789783864982e-07
74300.00000000009 1.807117526604691e-07
74350.00000000009 2.071027826827642e-07
74400.00000000009 1.9438351620586624e-07
74450.00000000009 1.2337883841572753e-07
74500.00000000009 1.6015008156488833e-07
74550.00000000009 1.8161106528156733e-07
74600.00000000009 1.8423355058489988e-07
74650.00000000009 1.792502520911073e-07
74700.00000000009 1.5317698608625617e-07
74750.00000000009 1.6718116862616113e-07
74800.00000000009 1.745344765680925e-07
74850.00000000009 1.241063659862828e-07
74900.00000000009 2.2678936591017156e-07
74950.00000000009 2.149573852763697e-07
75000.00000000009 1.9019927355292292e-07
75050.00000000009 1.6820681408207895e-07
75100.00000000009 2.3159160486119904e-07
75150.00000000009 2.0303473902301222e-07
75200.00000000009 2.3349310034870687e-07
75250.00000000009 1.9601823187014963e-07
75300.00000000009 2.2480583948390966e-07
75350.00000000009 1.5072205670960583e-07
75400.00000000009 2.1855763849554384e-07
75450.00000000009 1.9597542205543074e-07
75500.00000000009 1.727285393659796e-07
75550.00000000009 2.3927307609239e-07
75600.00000000009 2.63913593736955e-07
75650.00000000009 1.822025214529276e-07
75700.00000000009 1.9812958795739528e-07
75750.00000000009 1.5597726239597887e-07
75800.00000000009 2.14301979724776e-07
75850.00000000009 2.511428148955155e-07
75900.00000000009 2.2891485671331955e-07
75950.00000000009 1.9117884730804663e-07
76000.00000000009 2.0042468289807005e-07
76050.00000000009 2.3005055563660556e-07
76100.00000000009 1.9999897526577144e-07
76150.00000000009 2.3166373214934857e-07
76200.00000000009 2.3765689583947525e-07
76250.00000000009 2.6734047690833605e-07
76300.00000000009 2.7363405199498597e-07
76350.00000000009 3.1287961001416027e-07
76400.00000000009 2.5834750649004603e-07
76450.00000000009 2.546543435958883e-07
76500.00000000009 2.0521731459497535e-07
76550.00000000009 2.0090290378802588e-07
76600.00000000009 1.1839420941418503e-07
76650.00000000009 1.2262520748842592e-07
76700.00000000009 1.510066521497353e-07
76750.00000000009 1.3124996247320158e-07
76800.00000000009 1.8480098951935913e-07
76850.00000000009 9.054560845365802e-08
76900.00000000009 1.1880619737909801e-07
76950.00000000009 1.4821965623128966e-07
77000.00000000009 1.6123995837743776e-07
77050.00000000009 1.196138370745475e-07
77100.00000000009 1.2667094561655028e-07
77150.00000000009 1.6138241566216166e-07
77200.00000000009 1.478074956462274e-07
77250.00000000009 1.5738309917390975e-07
77300.00000000009 1.4791132933692285e-07
77350.00000000009 1.1218446293308522e-07
77400.00000000009 1.0409512064360077e-07
77450.00000000009 1.1346819985894667e-07
77500.00000000009 1.450104041279744e-07
77550.00000000009 1.4867893901182185e-07
77600.00000000009 1.5275813118237302e-07
77650.00000000009 1.517912707994568e-07
77700.00000000009 1.2752493910721763e-07
77750.00000000009 1.6959380896217535e-07
77800.00000000009 1.4528279813563287e-07
77850.00000000009 1.8766883447128634e-07
77900.00000000009 1.622763243748198e-07
77950.00000000009 1.2309021542056198e-07
78000.00000000009 1.5221530399873811e-07
78050.00000000009 1.6837156269363072e-07
78100.00000000009 1.2596071999437794e-07
78150.00000000009 1.7873606333263533e-07
78200.00000000009 1.7579391025844061e-07
78250.00000000009 1.9220022268062769e-07
78300.00000000009 1.9562645060797695e-07
78350.00000000009 1.8251529770477224e-07
78400.00000000009 1.7057436802619205e-07
78450.00000000009 2.097264041670539e-07
78500.00000000009 1.932315467033154e-07
78550.00000000009 2.0697427849625113e-07
78600.00000000009 1.819025879585734e-07
78650.00000000009 1.1851423283664534e-07
78700.00000000009 1.6465174766268855e-07
78750.00000000009 1.5566215778936442e-07
78800.00000000009 1.9392382924717284e-07
78850.00000000009 1.4920525059684194e-07
78900.00000000009 1.776333029600693e-07
78950.00000000009 1.701969730045191e-07
79000.00000000009 1.797759711645147e-07
79050.00000000009 1.5996397636795665e-07
79100.00000000009 1.6586127858133116e-07
79150.00000000009 1.9194136513641596e-07
79200.00000000009 2.1893147655685984e-07
79250.00000000009 2.0174644124385358e-07
79300.00000000009 1.4464505860549672e-07
79350.00000000009 2.0420043582718954e-07
79400.00000000009 1.7229647359659627e-07
79450.00000000009 1.7872280107879664e-07
79500.00000000009 2.4408502756378515e-07
79550.00000000009 2.0954333588083693e-07
79600.00000000009 1.5744236650337473e-07
79650.00000000009 1.8253327881442534e-07
79700.00000000009 2.2837206713178904e-07
79750.00000000009 2.135234665413766e-07
79800.00000000009 1.879539183237082e-07
79850.00000000009 1.8225964830124556e-07
79900.00000000009 2.648815818651558e-07
79950.00000000009 1.8573117720342229e-07
