galfind/configs/Brown_Dwarf_templates/sonora_cholla/logkzz2/316g/1250K_316g_logkzz2_resample.dat
# %ECSV 1.0
# ---
# datatype:
# - {name: wav, unit: Angstrom, datatype: float64}
# - {name: flux_nu, unit: erg / (cm2 Hz s), datatype: float64}
# schema: astropy-2.0
wav flux_nu
10000.000000000093 nan
10050.000000000093 3.40689161908258e-07
10100.000000000093 3.9882512241128174e-07
10150.000000000093 3.9922505689581217e-07
10200.000000000093 4.36016692138462e-07
10250.000000000093 4.6279665858270704e-07
10300.000000000093 4.550020011298492e-07
10350.000000000093 5.225157416516264e-07
10400.000000000093 5.802480100914723e-07
10450.000000000093 5.920878867290564e-07
10500.000000000093 5.722211612873736e-07
10550.000000000093 5.765607059673852e-07
10600.000000000093 6.073194815619483e-07
10650.000000000093 6.516525842801922e-07
10700.000000000093 6.931003932434789e-07
10750.000000000093 7.469244535317276e-07
10800.000000000093 7.906946224154311e-07
10850.000000000093 8.670883705380407e-07
10900.000000000093 8.04727574541664e-07
10950.000000000093 6.520385308877698e-07
11000.000000000093 5.856825380113269e-07
11050.000000000093 4.845813674724909e-07
11100.000000000093 4.611440717758242e-07
11150.000000000093 4.014904278402038e-07
11200.000000000093 4.056502525213998e-07
11250.000000000093 4.930080318309823e-07
11300.000000000093 4.6863222515351525e-07
11350.000000000093 3.172907555060918e-07
11400.000000000093 5.015810687669151e-07
11450.000000000093 4.128604706700901e-07
11500.000000000093 5.034069413757103e-07
11550.000000000093 4.032126069833183e-07
11600.000000000093 4.3162048613025425e-07
11650.000000000093 4.776246678772837e-07
11700.000000000093 4.969039067620406e-07
11750.000000000093 4.2784912528665624e-07
11800.000000000093 5.426841085872305e-07
11850.000000000093 6.350464370535465e-07
11900.000000000093 6.741276236965177e-07
11950.000000000093 7.354999594013098e-07
12000.000000000093 7.251215421374984e-07
12050.000000000093 8.725212178999019e-07
12100.000000000093 9.123138840639019e-07
12150.000000000093 1.0278608709284564e-06
12200.000000000093 1.0868479331980654e-06
12250.000000000093 1.2040587384819633e-06
12300.000000000093 1.2779013524566985e-06
12350.000000000093 1.287869833733749e-06
12400.000000000093 1.2505669377951394e-06
12450.000000000093 1.3354006163471965e-06
12500.000000000093 1.3945840830135878e-06
12550.000000000093 1.460679465466621e-06
12600.000000000093 1.504724466388859e-06
12650.000000000093 1.4968545813093988e-06
12700.000000000093 1.602691713214827e-06
12750.000000000093 1.5294053241995459e-06
12800.000000000093 1.5916053640866806e-06
12850.000000000093 1.478212370165682e-06
12900.000000000093 1.3637702423335112e-06
12950.000000000093 1.4165104400082733e-06
13000.000000000093 1.4406439533047215e-06
13050.000000000093 1.449030129019575e-06
13100.000000000093 1.3934606016416402e-06
13150.000000000093 1.2958037060041871e-06
13200.000000000093 1.2265337559094715e-06
13250.000000000093 1.0084585371256302e-06
13300.000000000093 6.613021547177144e-07
13350.000000000093 2.5419089190819776e-07
13400.000000000093 1.5477827035099599e-07
13450.000000000093 1.0831302646137456e-07
13500.000000000093 7.319516654842561e-08
13550.000000000093 6.175466190627733e-08
13600.000000000093 4.885193655713363e-08
13650.000000000093 9.518903196324052e-08
13700.000000000093 7.998171458115911e-08
13750.000000000093 8.337283760433529e-08
13800.000000000093 1.1039207081307296e-07
13850.000000000093 8.866393091022621e-08
13900.000000000093 8.997780237467662e-08
13950.000000000093 8.216450945378631e-08
14000.000000000093 7.225603086550397e-08
14050.000000000093 8.715222293575096e-08
14100.000000000093 6.4708481987124e-08
14150.000000000093 8.641032747557524e-08
14200.000000000093 7.058103367603091e-08
14250.000000000093 7.144751101809688e-08
14300.000000000093 9.277533949548724e-08
14350.000000000093 9.075011461716837e-08
14400.000000000093 1.0126848285831061e-07
14450.000000000093 1.053589422930167e-07
14500.000000000093 1.6603654314521475e-07
14550.000000000093 1.6587699653223295e-07
14600.000000000093 2.0877082275390392e-07
14650.000000000093 2.1641676499358097e-07
14700.000000000093 1.711974112044718e-07
14750.000000000093 2.0948217289960448e-07
14800.000000000093 2.534397953585117e-07
14850.000000000093 2.5991438795329845e-07
14900.000000000093 2.7888770801281193e-07
14950.000000000093 2.923595210601493e-07
15000.000000000093 3.1260895346486413e-07
15050.000000000093 3.87319722638227e-07
15100.000000000093 4.1182971635605817e-07
15150.000000000093 4.431095276514863e-07
15200.000000000093 4.239690915859897e-07
15250.000000000093 4.836282257699204e-07
15300.000000000093 5.521687425000347e-07
15350.000000000093 6.186654555390963e-07
15400.000000000093 6.604472844230214e-07
15450.000000000093 7.374037597420902e-07
15500.000000000093 7.762317951801232e-07
15550.000000000093 8.606314493967148e-07
15600.000000000093 8.877606921119312e-07
15650.000000000093 9.211600381567352e-07
15700.000000000093 1.0391114978432986e-06
15750.000000000093 1.099823568130834e-06
15800.000000000093 1.0718490096335746e-06
15850.000000000093 1.1244520077485483e-06
15900.000000000093 1.1296263496007835e-06
15950.000000000093 1.134058952771069e-06
16000.000000000093 1.1218565458783584e-06
16050.000000000093 1.0730164370766943e-06
16100.000000000093 1.0327583488488367e-06
16150.000000000093 8.683799529102983e-07
16200.000000000093 7.780319346640512e-07
16250.000000000093 7.837216227255704e-07
16300.000000000093 7.298598093439831e-07
16350.000000000093 7.750340101306328e-07
16400.000000000095 8.388038245995527e-07
16450.000000000095 8.835137503997516e-07
16500.000000000095 9.235092719044357e-07
16550.000000000095 9.037809233575019e-07
16600.000000000095 8.635837622997327e-07
16650.000000000095 7.80083363229548e-07
16700.000000000095 5.501398095397317e-07
16750.000000000095 6.262874060004438e-07
16800.000000000095 7.773456228329821e-07
16850.000000000095 7.549092460309839e-07
16900.000000000095 7.147033515365363e-07
16950.000000000095 6.655248573376306e-07
17000.000000000095 6.126060827688967e-07
17050.000000000095 6.898544980349324e-07
17100.000000000095 6.886530310118722e-07
17150.000000000095 5.98659627819875e-07
17200.000000000095 6.384234616991572e-07
17250.000000000095 5.669270497339482e-07
17300.000000000095 5.086310026729984e-07
17350.000000000095 4.87160247083535e-07
17400.000000000095 4.5565860046472986e-07
17450.000000000095 4.320105589619948e-07
17500.000000000095 4.5725739824849103e-07
17550.000000000095 3.9799487159302076e-07
17600.000000000095 3.686696543532245e-07
17650.000000000095 3.729362463257422e-07
17700.000000000095 2.6713650328306604e-07
17750.000000000095 2.5308768402645476e-07
17800.000000000095 2.9107278060737307e-07
17850.000000000095 2.050533123012719e-07
17900.000000000095 2.4232667914450435e-07
17950.000000000095 1.9337961730353708e-07
18000.000000000095 1.9909395765715354e-07
18050.000000000095 2.013716008859602e-07
18100.000000000095 1.7742435684930022e-07
18150.000000000095 2.3863769512652054e-07
18200.000000000095 1.6314472971658198e-07
18250.000000000095 2.7309610176789897e-07
18300.000000000095 2.0225236326446721e-07
18350.000000000095 1.8990817200027115e-07
18400.000000000095 1.743962141771124e-07
18450.000000000095 1.6815233803374181e-07
18500.000000000095 1.9171332443335368e-07
18550.000000000095 1.5918872670489867e-07
18600.000000000095 1.3313613579170777e-07
18650.000000000095 1.3678927189134442e-07
18700.000000000095 1.4885635232224664e-07
18750.000000000095 1.593929382802076e-07
18800.000000000095 2.2491577162341785e-07
18850.000000000095 2.6941721221470775e-07
18900.000000000095 2.43922645173306e-07
18950.000000000095 3.3325875583789594e-07
19000.000000000095 2.846641820564679e-07
19050.000000000095 2.389509854705864e-07
19100.000000000095 3.269422497011952e-07
19150.000000000095 2.966797769461274e-07
19200.000000000095 3.052799527612469e-07
19250.000000000095 2.7913182128419096e-07
19300.000000000095 2.66646640195643e-07
19350.000000000095 2.3806712998158723e-07
19400.000000000095 1.613848544915319e-07
19450.000000000095 2.6104962654281957e-07
19500.000000000095 2.479935529461875e-07
19550.000000000095 1.9658163533705856e-07
19600.000000000095 2.470579551032046e-07
19650.000000000095 2.689685999614622e-07
19700.000000000095 2.6857873030306975e-07
19750.000000000095 2.551136320597718e-07
19800.000000000095 2.9277101969960923e-07
19850.000000000095 3.3166962127893415e-07
19900.000000000095 2.437831004242043e-07
19950.000000000095 3.5669229606844674e-07
20000.000000000095 3.4473286649211165e-07
20050.000000000095 3.7466547494351074e-07
20100.000000000095 3.864590456653165e-07
20150.000000000095 3.906540584224021e-07
20200.000000000095 4.4731163410708116e-07
20250.000000000095 4.833956425049051e-07
20300.000000000095 4.5102409132426374e-07
20350.000000000095 5.034966093450144e-07
20400.000000000095 5.127431693384003e-07
20450.000000000095 5.864108816539969e-07
20500.000000000095 6.020119585122252e-07
20550.000000000095 5.826601268719452e-07
20600.000000000095 6.76350272266624e-07
20650.000000000095 6.283674849246118e-07
20700.000000000095 6.63818682150094e-07
20750.000000000095 7.193014460747493e-07
20800.000000000095 7.202464993313759e-07
20850.000000000095 7.082463219778987e-07
20900.000000000095 7.567646828655686e-07
20950.000000000095 7.304956878157105e-07
21000.000000000095 7.684756672712961e-07
21050.000000000095 7.364973561062861e-07
21100.000000000095 7.360191466462597e-07
21150.000000000095 7.446654724238023e-07
21200.000000000095 7.211658691076414e-07
21250.000000000095 7.328618795651324e-07
21300.000000000095 6.734676710595862e-07
21350.000000000095 7.071340891135193e-07
21400.000000000095 6.386718895303027e-07
21450.000000000095 6.406406662092587e-07
21500.000000000095 6.341197461603467e-07
21550.000000000095 6.051473868596794e-07
21600.000000000095 5.877237509059973e-07
21650.000000000095 5.385526274766798e-07
21700.000000000095 5.490144777217142e-07
21750.000000000095 5.045565331365748e-07
21800.000000000095 4.569091994595277e-07
21850.000000000095 4.0943250250125584e-07
21900.000000000095 3.8207464952666747e-07
21950.000000000095 2.5614869455218835e-07
22000.000000000095 1.9187003444316772e-07
22050.000000000095 1.353933011144797e-07
22100.000000000095 1.7710617943024428e-07
22150.000000000095 2.0535458795734412e-07
22200.000000000095 2.118879421433433e-07
22250.000000000095 1.9435718063823434e-07
22300.000000000095 1.9766138986254447e-07
22350.000000000095 1.773078066058479e-07
22400.000000000095 1.6067206092963073e-07
22450.000000000095 1.4315184432933178e-07
22500.000000000095 1.5111984591141803e-07
22550.000000000095 1.1091791197951432e-07
22600.000000000095 1.312267890020872e-07
22650.000000000095 1.2610031690722653e-07
22700.000000000095 1.251688652227467e-07
22750.000000000095 1.2440430076806858e-07
22800.000000000095 1.1396191571235948e-07
22850.000000000095 1.0275588969224349e-07
22900.000000000095 9.726096807727277e-08
22950.000000000095 9.91045291423899e-08
23000.000000000095 8.047102329700363e-08
23050.000000000095 1.123158743915485e-07
23100.000000000095 1.453813487946367e-07
23150.000000000095 1.5287750845565946e-07
23200.000000000095 8.477170594960059e-08
23250.000000000095 7.93441425108307e-08
23300.000000000095 7.363516050353363e-08
23350.000000000095 6.437737956987234e-08
23400.000000000095 8.147947504729545e-08
23450.000000000095 7.508337665401502e-08
23500.000000000095 7.994296461792601e-08
23550.000000000095 1.0756627567096471e-07
23600.000000000095 1.1151789442484037e-07
23650.000000000095 1.2476759907535986e-07
23700.000000000095 8.62099467092738e-08
23750.000000000095 8.132744189624745e-08
23800.000000000095 8.255198070592765e-08
23850.000000000095 8.756927191872843e-08
23900.000000000095 1.240411440393782e-07
23950.000000000095 1.2594341496283172e-07
24000.000000000095 1.53979471236434e-07
24050.000000000095 1.5996434128346668e-07
24100.000000000095 1.343796580780926e-07
24150.000000000095 1.497906365546718e-07
24200.000000000095 1.6671464799101043e-07
24250.000000000095 1.4295118544477605e-07
24300.000000000095 1.554491904561752e-07
24350.000000000095 1.4166224983613477e-07
24400.000000000095 1.8785928470723642e-07
24450.000000000095 1.5440981871339687e-07
24500.000000000095 1.7670055256614947e-07
24550.000000000095 1.6717146928349421e-07
24600.000000000095 1.8329415847074607e-07
24650.000000000095 2.0352875351673208e-07
24700.000000000095 1.6606423541418638e-07
24750.000000000095 1.5057436117785087e-07
24800.000000000095 1.680088297824651e-07
24850.000000000095 2.1451543432001582e-07
24900.000000000095 1.2566271087525528e-07
24950.000000000095 1.9695566312070884e-07
25000.000000000095 1.9107903308653297e-07
25050.000000000095 1.4998989994186388e-07
25100.000000000095 1.8077281473283108e-07
25150.000000000095 1.2040274488065178e-07
25200.000000000095 1.6332100794078929e-07
25250.000000000095 1.2474818991102417e-07
25300.000000000095 1.6804564980134726e-07
25350.000000000095 1.0151087002339363e-07
25400.000000000095 1.6285607373673897e-07
25450.000000000095 1.2227518711964729e-07
25500.000000000095 1.167798775187052e-07
25550.000000000095 1.3807990242948363e-07
25600.000000000095 1.2000475904412996e-07
25650.000000000095 9.669832399681796e-08
25700.000000000095 1.6241099784527988e-07
25750.000000000095 9.696706878797164e-08
25800.000000000095 1.5613047581081743e-07
25850.000000000095 9.74181626344516e-08
25900.000000000095 1.282643367389344e-07
25950.000000000095 9.73171204458269e-08
26000.000000000095 1.4973433589762975e-07
26050.000000000095 1.3559793509942036e-07
26100.000000000095 1.743304296321585e-07
26150.000000000095 1.5128583230222334e-07
26200.000000000095 1.6761567168507398e-07
26250.000000000095 1.9313629852442985e-07
26300.000000000095 1.5277268529366684e-07
26350.000000000095 1.991982313906897e-07
26400.000000000095 2.38438010964591e-07
26450.000000000095 2.1579932279108903e-07
26500.000000000095 1.998293091450826e-07
26550.000000000095 1.8468678489832296e-07
26600.000000000095 2.2442222517094874e-07
26650.000000000095 1.3016637248581652e-07
26700.000000000095 1.1554117550340557e-07
26750.000000000095 9.901884393935217e-08
26800.000000000095 1.3521090207410482e-07
26850.000000000095 8.332887001616541e-08
26900.000000000095 1.463667834955456e-07
26950.000000000095 8.230771467990521e-08
27000.000000000095 1.6268807988133246e-07
27050.000000000095 1.4829682506638215e-07
27100.000000000095 1.2117219456787443e-07
27150.000000000095 1.7924276417840507e-07
27200.000000000095 1.3227847744719787e-07
27250.000000000095 1.3876542056699954e-07
27300.000000000095 2.3442729726631423e-07
27350.000000000095 1.8908721652898859e-07
27400.000000000095 8.958381120344046e-08
27450.000000000095 2.3950201613460656e-07
27500.000000000095 2.1827297998918346e-07
27550.000000000095 1.5212908156733092e-07
27600.000000000095 2.3646313347345e-07
27650.000000000095 1.2423017559292716e-07
27700.000000000095 1.065578322693902e-07
27750.000000000095 2.2384467385399152e-07
27800.000000000095 1.2971440986446472e-07
27850.000000000095 1.452716539489957e-07
27900.000000000095 1.7968220719953546e-07
27950.000000000095 1.890318249356682e-07
28000.000000000095 1.9727012313186952e-07
28050.000000000095 1.0707507950268925e-07
28100.000000000095 2.3617584294447212e-07
28150.000000000095 1.8985487820920516e-07
28200.000000000095 9.92204862838713e-08
28250.000000000095 2.2789624028230204e-07
28300.000000000095 2.9311354150494105e-07
28350.000000000095 1.0715635881288434e-07
28400.000000000095 2.197636406314587e-07
28450.000000000095 2.1773753092574193e-07
28500.000000000095 2.0382960336988251e-07
28550.000000000095 1.0530455794694808e-07
28600.000000000095 2.478613833079799e-07
28650.000000000095 2.2449308875825267e-07
28700.000000000095 1.9405777767016822e-07
28750.000000000095 2.4497344395922135e-07
28800.000000000095 2.1752518572814737e-07
28850.000000000095 2.855078987854537e-07
28900.000000000095 1.4564910658524828e-07
28950.000000000095 2.8133921473043866e-07
29000.000000000095 1.9801114941370338e-07
29050.000000000095 2.3762674842037713e-07
29100.000000000095 1.5858139786156143e-07
29150.000000000095 2.833523022302614e-07
29200.000000000095 2.1356104983201694e-07
29250.000000000095 2.7762711262619095e-07
