galfind/configs/Brown_Dwarf_templates/sonora_cholla/logkzz2/316g/1250K_316g_logkzz2_resample.dat
# %ECSV 1.0
# ---
# datatype:
# - {name: wav, unit: Angstrom, datatype: float64}
# - {name: flux_nu, unit: erg / (cm2 Hz s), datatype: float64}
# schema: astropy-2.0
wav flux_nu
[from data line 1163]
68150.00000000009 2.806906896800896e-07
68200.00000000009 2.963838352468959e-07
68250.00000000009 1.884468567199686e-07
68300.00000000009 2.689926397586963e-07
68350.00000000009 1.6528775470671543e-07
68400.00000000009 3.4291109852124693e-07
68450.00000000009 3.441940098274676e-07
68500.00000000009 3.0695009778525403e-07
68550.00000000009 2.2758947297894706e-07
68600.00000000009 2.599335291167821e-07
68650.00000000009 1.9952954856374526e-07
68700.00000000009 2.7101916201600085e-07
68750.00000000009 3.1316658890312236e-07
68800.00000000009 3.223138610800995e-07
68850.00000000009 2.1377856759824192e-07
68900.00000000009 3.73902600161793e-07
68950.00000000009 3.853712942765434e-07
69000.00000000009 3.727719283758963e-07
69050.00000000009 2.799635778545956e-07
69100.00000000009 3.624002994554638e-07
69150.00000000009 4.213237238786389e-07
69200.00000000009 2.8735259867300277e-07
69250.00000000009 3.6728366696096274e-07
69300.00000000009 3.1280811057163213e-07
69350.00000000009 3.6188201264440244e-07
69400.00000000009 2.26647608067329e-07
69450.00000000009 3.811480649693279e-07
69500.00000000009 3.070495574351337e-07
69550.00000000009 3.027990360567944e-07
69600.00000000009 1.5366757431210172e-07
69650.00000000009 2.935112234193568e-07
69700.00000000009 3.441951239435184e-07
69750.00000000009 2.7554296717163927e-07
69800.00000000009 3.450604055229458e-07
69850.00000000009 3.6088737749904715e-07
69900.00000000009 2.6787848743482034e-07
69950.00000000009 3.236072240034997e-07
70000.00000000009 2.653810694662376e-07
70050.00000000009 3.5270700396076387e-07
70100.00000000009 2.820684873676295e-07
70150.00000000009 3.052070434619916e-07
70200.00000000009 2.4443261503414526e-07
70250.00000000009 2.880367022171212e-07
70300.00000000009 3.291308840364057e-07
70350.00000000009 2.616955388975049e-07
70400.00000000009 2.70931837498895e-07
70450.00000000009 1.8011537981657178e-07
70500.00000000009 2.2631488578367828e-07
70550.00000000009 2.4574111160564056e-07
70600.00000000009 2.5159570417102573e-07
70650.00000000009 2.9153520561042266e-07
70700.00000000009 2.750692599534138e-07
70750.00000000009 3.0593718537124226e-07
70800.00000000009 2.291201802161034e-07
70850.00000000009 2.304938573329569e-07
70900.00000000009 2.2993408230612573e-07
70950.00000000009 3.304895713045566e-07
71000.00000000009 2.8201233845583574e-07
71050.00000000009 2.9517414721701754e-07
71100.00000000009 2.6788997214542905e-07
71150.00000000009 2.87038797500088e-07
71200.00000000009 2.5293698098632126e-07
71250.00000000009 2.601885251423955e-07
71300.00000000009 3.0054753813523796e-07
71350.00000000009 2.8241726699504443e-07
71400.00000000009 2.97182406604683e-07
71450.00000000009 2.0355156422915346e-07
71500.00000000009 2.423231581209175e-07
71550.00000000009 2.490475865228819e-07
71600.00000000009 2.7118923961378106e-07
71650.00000000009 2.682644496780199e-07
71700.00000000009 2.303477303872112e-07
71750.00000000009 2.3991413886731066e-07
71800.00000000009 2.976530371856063e-07
71850.00000000009 2.9345638610037637e-07
71900.00000000009 2.290427590371852e-07
71950.00000000009 2.2986172617698834e-07
72000.00000000009 2.366679125912951e-07
72050.00000000009 2.1055181707968708e-07
72100.00000000009 2.3478804537360524e-07
72150.00000000009 1.977952117865278e-07
72200.00000000009 2.2398635548458164e-07
72250.00000000009 2.505459459589414e-07
72300.00000000009 2.5059324578339154e-07
72350.00000000009 2.4955293578223086e-07
72400.00000000009 2.0148894407534942e-07
72450.00000000009 2.0210610052289614e-07
72500.00000000009 2.2968676561274044e-07
72550.00000000009 1.6581159358813014e-07
72600.00000000009 1.510574200633342e-07
72650.00000000009 2.514455806630378e-07
72700.00000000009 2.6180462948369047e-07
72750.00000000009 2.249400299419086e-07
72800.00000000009 2.240061238987925e-07
72850.00000000009 2.0499120300402265e-07
72900.00000000009 2.3475563251797958e-07
72950.00000000009 2.2987871396773923e-07
73000.00000000009 2.4566514552364066e-07
73050.00000000009 2.1918091033619336e-07
73100.00000000009 1.8930784966829766e-07
73150.00000000009 2.7265576088517397e-07
73200.00000000009 2.0102167059239444e-07
73250.00000000009 2.1598436637853647e-07
73300.00000000009 2.2872588482734897e-07
73350.00000000009 2.060372755441761e-07
73400.00000000009 2.3231681465290008e-07
73450.00000000009 1.5988959214173157e-07
73500.00000000009 1.7076526236117747e-07
73550.00000000009 1.9713938287523905e-07
73600.00000000009 1.8001607278127628e-07
73650.00000000009 2.121010391665831e-07
73700.00000000009 2.4871475290326486e-07
73750.00000000009 1.8715239144032266e-07
73800.00000000009 2.0588080630475766e-07
73850.00000000009 2.1034041583369346e-07
73900.00000000009 2.341316077992483e-07
73950.00000000009 1.99880480898566e-07
74000.00000000009 2.0705588138876802e-07
74050.00000000009 2.7748424529987265e-07
74100.00000000009 1.8210927672566859e-07
74150.00000000009 2.2588865232315006e-07
74200.00000000009 2.0798618834811126e-07
74250.00000000009 1.6431246651757103e-07
74300.00000000009 2.0699912484759613e-07
74350.00000000009 2.3752259367097896e-07
74400.00000000009 2.2329474069493074e-07
74450.00000000009 1.468354324213631e-07
74500.00000000009 1.8811222478201248e-07
74550.00000000009 2.1476206754642887e-07
74600.00000000009 2.1289853400405957e-07
74650.00000000009 2.0548747290420961e-07
74700.00000000009 1.8099745551183165e-07
74750.00000000009 1.961311610776315e-07
74800.00000000009 2.0069594550838086e-07
74850.00000000009 1.4708947735827382e-07
74900.00000000009 2.595794348633143e-07
74950.00000000009 2.4459781911602677e-07
75000.00000000009 2.1908153958138428e-07
75050.00000000009 1.9976430290846647e-07
75100.00000000009 2.6337583001526934e-07
75150.00000000009 2.3750603181727905e-07
75200.00000000009 2.648978760775243e-07
75250.00000000009 2.2047388299620986e-07
75300.00000000009 2.552768179281936e-07
75350.00000000009 1.7825243714742505e-07
75400.00000000009 2.471876306851554e-07
75450.00000000009 2.2212648337549774e-07
75500.00000000009 1.9581664827970958e-07
75550.00000000009 2.7149382176863295e-07
75600.00000000009 2.9417456069996406e-07
75650.00000000009 2.047238605400316e-07
75700.00000000009 2.2845945650087068e-07
75750.00000000009 1.8348903528460143e-07
75800.00000000009 2.43572349541917e-07
75850.00000000009 2.837242786764571e-07
75900.00000000009 2.6010039384725805e-07
75950.00000000009 2.2039300968462405e-07
76000.00000000009 2.2801257308923514e-07
76050.00000000009 2.5989883023947684e-07
76100.00000000009 2.2641323830271498e-07
76150.00000000009 2.615691798488463e-07
76200.00000000009 2.6922423461859994e-07
76250.00000000009 3.0196854056179163e-07
76300.00000000009 3.0167853391289003e-07
76350.00000000009 3.453933769390353e-07
76400.00000000009 2.882352936989021e-07
76450.00000000009 2.8517326635261775e-07
76500.00000000009 2.3651760269173535e-07
76550.00000000009 2.283562479031678e-07
76600.00000000009 1.418561604420578e-07
76650.00000000009 1.4697312797004136e-07
76700.00000000009 1.8063380363171156e-07
76750.00000000009 1.572660745953786e-07
76800.00000000009 2.1509982566762302e-07
76850.00000000009 1.0878997207890246e-07
76900.00000000009 1.494437226138086e-07
76950.00000000009 1.6966443631828586e-07
77000.00000000009 1.8766494119895364e-07
77050.00000000009 1.4051920810268972e-07
77100.00000000009 1.4783529425400245e-07
77150.00000000009 1.8172836078164074e-07
77200.00000000009 1.7388880905210608e-07
77250.00000000009 1.8155185245632685e-07
77300.00000000009 1.6839053006122127e-07
77350.00000000009 1.3234763133658286e-07
77400.00000000009 1.2036079841229849e-07
77450.00000000009 1.3540885555439947e-07
77500.00000000009 1.7375065566480813e-07
77550.00000000009 1.7180202347858645e-07
77600.00000000009 1.758047167308771e-07
77650.00000000009 1.7468825462412511e-07
77700.00000000009 1.4747631426267793e-07
77750.00000000009 1.916614060744417e-07
77800.00000000009 1.6950553563346877e-07
77850.00000000009 2.0792724914452874e-07
77900.00000000009 1.8432071860962725e-07
77950.00000000009 1.4817757046819266e-07
78000.00000000009 1.7825192050565059e-07
78050.00000000009 1.9282802554106066e-07
78100.00000000009 1.4417103356875458e-07
78150.00000000009 2.0071652726561512e-07
78200.00000000009 1.9892768777409089e-07
78250.00000000009 2.159678155114299e-07
78300.00000000009 2.2125835716232074e-07
78350.00000000009 2.0741513154341796e-07
78400.00000000009 1.9614351017215956e-07
78450.00000000009 2.3543480310716125e-07
78500.00000000009 2.1581140511027963e-07
78550.00000000009 2.3005134382037536e-07
78600.00000000009 2.032778646060513e-07
78650.00000000009 1.4124553208244742e-07
78700.00000000009 1.8772185503466495e-07
78750.00000000009 1.8223218656715283e-07
78800.00000000009 2.2186279121596316e-07
78850.00000000009 1.709853041716178e-07
78900.00000000009 2.0126774086395358e-07
78950.00000000009 1.9200619174113158e-07
79000.00000000009 2.041322004970959e-07
79050.00000000009 1.8445956436724456e-07
79100.00000000009 1.8624930856521783e-07
79150.00000000009 2.1753473945903357e-07
79200.00000000009 2.4947468741946827e-07
79250.00000000009 2.3247432876716734e-07
79300.00000000009 1.6494613290968366e-07
79350.00000000009 2.3128646158352457e-07
79400.00000000009 1.9450578175959544e-07
79450.00000000009 2.0779076394420798e-07
79500.00000000009 2.7096902892368606e-07
79550.00000000009 2.3849367795854294e-07
79600.00000000009 1.831805829801033e-07
79650.00000000009 2.079090290603706e-07
79700.00000000009 2.592666867849036e-07
79750.00000000009 2.3973641989882026e-07
79800.00000000009 2.1570313486355863e-07
79850.00000000009 2.121136097515991e-07
79900.00000000009 2.969691880288299e-07
79950.00000000009 2.1016351510253756e-07
