galfind/configs/Brown_Dwarf_templates/sonora_cholla/logkzz2/316g/1300K_316g_logkzz2_resample.dat
# %ECSV 1.0
# ---
# datatype:
# - {name: wav, unit: Angstrom, datatype: float64}
# - {name: flux_nu, unit: erg / (cm2 Hz s), datatype: float64}
# schema: astropy-2.0
wav flux_nu
[from data line 774]
48700.000000000095 5.167919483148427e-07
48750.000000000095 3.365711206415859e-07
48800.000000000095 5.019355510685295e-07
48850.000000000095 3.617263090517729e-07
48900.000000000095 5.131855763112856e-07
48950.000000000095 4.3685754524455736e-07
49000.000000000095 3.923392571634755e-07
49050.000000000095 4.7646431481639703e-07
49100.000000000095 3.602218670719723e-07
49150.000000000095 5.047291775145213e-07
49200.000000000095 4.02752256904727e-07
49250.000000000095 4.992525168649304e-07
49300.000000000095 4.2257864111238926e-07
49350.000000000095 4.2435672351618394e-07
49400.000000000095 5.039218651535594e-07
49450.000000000095 4.615673246374552e-07
49500.000000000095 4.5427627635145203e-07
49550.000000000095 3.3639561556825074e-07
49600.000000000095 4.614841832257796e-07
49650.000000000095 4.2781552332373397e-07
49700.000000000095 3.682106796818967e-07
49750.000000000095 5.597838840313951e-07
49800.000000000095 3.9941411818147163e-07
49850.000000000095 6.002176734853729e-07
49900.000000000095 4.825282502054761e-07
49950.000000000095 4.894756495662447e-07
50000.000000000095 5.566721369284806e-07
50050.000000000095 5.076973186439938e-07
50100.000000000095 6.305871644304879e-07
50150.000000000095 4.0786506097385775e-07
50200.000000000095 3.325848983048083e-07
50250.000000000095 5.870390454095748e-07
50300.000000000095 4.344124813855351e-07
50350.000000000095 5.483217610107177e-07
50400.000000000095 4.948811804047102e-07
50450.000000000095 4.822492133410467e-07
50500.000000000095 5.605276162188561e-07
50550.000000000095 4.9102045120004e-07
50600.000000000095 5.514455793937146e-07
50650.000000000095 5.072316973407031e-07
50700.000000000095 6.430892038203809e-07
50750.000000000095 6.678936394870162e-07
50800.000000000095 4.0723453754440594e-07
50850.000000000095 5.072374489054136e-07
50900.000000000095 6.030777504751564e-07
50950.000000000095 6.351659662824237e-07
51000.000000000095 6.224088617274942e-07
51050.000000000095 5.299814818389347e-07
51100.000000000095 4.4300413538745124e-07
51150.000000000095 4.941001769090724e-07
51200.000000000095 6.146294674494143e-07
51250.000000000095 6.043063040410976e-07
51300.000000000095 4.243108380407595e-07
51350.000000000095 5.457750863957923e-07
51400.000000000095 4.886645328308565e-07
51450.000000000095 4.278740451513238e-07
51500.000000000095 4.220943394562108e-07
51550.000000000095 6.361150844634063e-07
51600.000000000095 4.382714518657392e-07
51650.000000000095 5.794633671055674e-07
51700.000000000095 5.653760667908598e-07
51750.000000000095 4.2665777049061635e-07
51800.000000000095 7.094694732204366e-07
51850.000000000095 5.491748326785438e-07
51900.000000000095 6.948026405793889e-07
51950.000000000095 6.234883998273825e-07
52000.000000000095 3.512277451809069e-07
52050.000000000095 4.790948621905365e-07
52100.000000000095 4.871086204378463e-07
52150.000000000095 4.3303158959148094e-07
52200.000000000095 4.002713418395205e-07
52250.000000000095 4.3178225149796985e-07
52300.000000000095 6.349717997624678e-07
52350.000000000095 5.932083897247566e-07
52400.000000000095 4.2906246433311296e-07
52450.000000000095 5.8888075260456e-07
52500.000000000095 5.272165205285804e-07
52550.000000000095 5.846931164226768e-07
52600.000000000095 4.7149983604852926e-07
52650.000000000095 5.623634156588205e-07
52700.000000000095 4.66961343215e-07
52750.000000000095 4.408816872625881e-07
52800.000000000095 4.3311665245000376e-07
52850.000000000095 5.012545007584432e-07
52900.000000000095 4.273851560393506e-07
52950.000000000095 4.0493985030057765e-07
53000.000000000095 6.685275992043741e-07
53050.000000000095 3.797313201798106e-07
53100.000000000095 5.755257474429935e-07
53150.000000000095 6.626460412702597e-07
53200.000000000095 3.863904886235619e-07
53250.000000000095 6.264177446984484e-07
53300.000000000095 6.271799982762104e-07
53350.000000000095 5.931838073854683e-07
53400.000000000095 6.419474440970452e-07
53450.000000000095 4.2642582960110995e-07
53500.000000000095 3.2957929515684276e-07
53550.000000000095 4.4692791182312723e-07
53600.000000000095 5.105038391904489e-07
53650.000000000095 4.520463065255271e-07
53700.000000000095 4.294685830859956e-07
53750.000000000095 4.5641318733667767e-07
53800.000000000095 4.440132462081443e-07
53850.000000000095 5.481513837544832e-07
53900.000000000095 4.50452029883781e-07
53950.000000000095 6.049038723308982e-07
54000.000000000095 4.6705953074829997e-07
54050.000000000095 4.6092233180348287e-07
54100.000000000095 3.253252271861234e-07
54150.000000000095 4.253007588763767e-07
54200.000000000095 2.764019921786573e-07
54250.000000000095 2.923552070449581e-07
54300.000000000095 3.9878392955271445e-07
54350.000000000095 4.881963348862269e-07
54400.000000000095 5.30066041278511e-07
54450.000000000095 4.421356343332792e-07
54500.000000000095 3.9593058482662906e-07
54550.000000000095 3.661439379864521e-07
54600.000000000095 4.4495250154937524e-07
54650.000000000095 3.455298774240076e-07
54700.000000000095 5.148399920027228e-07
54750.000000000095 4.980141425709982e-07
54800.000000000095 4.1145983695788875e-07
54850.000000000095 4.313811221078086e-07
54900.000000000095 5.284979660619122e-07
54950.000000000095 6.34069464090001e-07
55000.000000000095 3.750690130735846e-07
55050.000000000095 4.855866655328098e-07
55100.000000000095 3.8969044082603156e-07
55150.000000000095 3.918627756186685e-07
55200.000000000095 3.9372049469265023e-07
55250.000000000095 4.0883795354841205e-07
55300.000000000095 3.495828741139892e-07
55350.000000000095 4.1860217054105716e-07
55400.000000000095 5.363974646697251e-07
55450.000000000095 4.563155104450512e-07
55500.000000000095 3.0005885312852737e-07
55550.000000000095 3.686267799432575e-07
55600.000000000095 3.482638898436327e-07
55650.000000000095 2.8445713927222643e-07
55700.000000000095 3.881815259922102e-07
55750.000000000095 4.3184931774513e-07
55800.000000000095 3.703563689979493e-07
55850.000000000095 3.122036990439405e-07
55900.000000000095 4.5261818515492446e-07
55950.000000000095 5.633750392808493e-07
56000.000000000095 3.242422720187893e-07
56050.000000000095 4.4110185586660645e-07
56100.000000000095 4.62431665919665e-07
56150.000000000095 3.6764787115777317e-07
56200.000000000095 4.068944387677045e-07
56250.000000000095 3.6263482257743065e-07
56300.000000000095 4.2266739259405515e-07
56350.000000000095 4.613010088089057e-07
56400.000000000095 3.751583642293443e-07
56450.000000000095 3.3789735680891225e-07
56500.000000000095 3.2244176018123244e-07
56550.000000000095 2.8113709255151525e-07
56600.000000000095 4.2882807240753974e-07
56650.000000000095 3.966555533422058e-07
56700.000000000095 4.6229847595104905e-07
56750.000000000095 2.9522345859146883e-07
56800.000000000095 4.682083968466305e-07
56850.000000000095 3.8133048299278534e-07
56900.000000000095 3.4750670495707987e-07
56950.000000000095 4.6153594929526193e-07
57000.000000000095 4.76123219825086e-07
57050.000000000095 4.0337327954943594e-07
57100.000000000095 2.52564148114622e-07
57150.000000000095 3.433564700923693e-07
57200.000000000095 2.6176183674007177e-07
57250.000000000095 3.719829191840459e-07
57300.000000000095 4.2681991643084365e-07
57350.000000000095 2.7040126066942936e-07
57400.000000000095 4.01106684898188e-07
57450.000000000095 4.1344798664218034e-07
57500.000000000095 3.9121541526229674e-07
57550.000000000095 4.564003750035397e-07
57600.000000000095 4.886207957151183e-07
57650.000000000095 2.5907484039739174e-07
57700.000000000095 3.078985839488019e-07
57750.000000000095 3.6210895055600916e-07
57800.000000000095 1.7989836557280493e-07
57850.000000000095 4.856794665388374e-07
57900.000000000095 5.492075087867545e-07
57950.000000000095 4.802031513246942e-07
58000.000000000095 3.255531191031228e-07
58050.000000000095 4.1204485935860535e-07
58100.000000000095 4.809114200990213e-07
58150.000000000095 4.062757661792841e-07
58200.000000000095 2.792407125437256e-07
58250.000000000095 3.4109191632903043e-07
58300.000000000095 2.6271281384767525e-07
58350.000000000095 3.156304809362819e-07
58400.000000000095 3.724718784856293e-07
58450.000000000095 3.8033195850458666e-07
58500.000000000095 3.5428164706505844e-07
58550.000000000095 3.9161648474561146e-07
58600.000000000095 2.827663282177404e-07
58650.000000000095 3.5317614799510483e-07
58700.000000000095 3.343944775101737e-07
58750.000000000095 3.645641316162172e-07
58800.000000000095 2.507388841374822e-07
58850.000000000095 3.53556066639999e-07
58900.000000000095 4.230958327215666e-07
58950.000000000095 3.060331397959994e-07
59000.000000000095 3.9534125830664075e-07
59050.000000000095 4.017092271615048e-07
59100.000000000095 4.781311274149684e-07
59150.000000000095 3.811762436860334e-07
59200.000000000095 3.95435779299883e-07
59250.000000000095 4.2167124061481647e-07
59300.000000000095 3.9281251070318016e-07
59350.000000000095 2.8095980381852735e-07
59400.000000000095 2.2862082031027124e-07
59450.000000000095 3.507678058786293e-07
59500.000000000095 2.511288457372667e-07
59550.000000000095 4.348097506381299e-07
59600.000000000095 3.803976265064045e-07
59650.000000000095 4.1289195661231206e-07
59700.000000000095 2.8062490830465334e-07
59750.000000000095 4.896189211715002e-07
59800.000000000095 3.6908328148424393e-07
59850.000000000095 4.154044490194848e-07
59900.000000000095 2.6897971031734944e-07
59950.000000000095 3.7874836504199687e-07
60000.000000000095 5.157284350445158e-07
60050.000000000095 4.413370544360606e-07
60100.000000000095 4.942006104970731e-07
60150.000000000095 3.910187722845446e-07
60200.000000000095 3.9627484196997626e-07
60250.000000000095 4.49325897208136e-07
60300.000000000095 4.223217179528949e-07
60350.000000000095 3.594736276415639e-07
60400.000000000095 4.0327620971062396e-07
60450.000000000095 2.924093631473381e-07
60500.000000000095 2.1084658485806212e-07
60550.000000000095 4.403514737820058e-07
60600.000000000095 4.215444687903572e-07
60650.000000000095 3.883563730181559e-07
60700.000000000095 3.660407644297997e-07
60750.000000000095 3.232916087097711e-07
60800.000000000095 4.340159038564711e-07
60850.000000000095 5.419371855338991e-07
60900.000000000095 4.873630230641073e-07
60950.000000000095 4.841500193921351e-07
61000.000000000095 3.7248009210794977e-07
61050.000000000095 3.337263296818455e-07
61100.000000000095 4.389061394338016e-07
61150.000000000095 2.1171240581864453e-07
61200.000000000095 5.032246427673387e-07
61250.000000000095 5.794720420587904e-07
61300.000000000095 5.122487679102896e-07
61350.000000000095 5.524183716232644e-07
61400.000000000095 4.728282421838705e-07
61450.000000000095 3.8531290627519566e-07
61500.000000000095 3.705677859087017e-07
61550.000000000095 3.3353688827497235e-07
61600.000000000095 2.5199075559855415e-07
61650.000000000095 3.935560040866037e-07
61700.000000000095 3.2075208519021893e-07
61750.000000000095 4.0105721716230637e-07
61800.000000000095 4.126424849723117e-07
61850.000000000095 3.4856496788350847e-07
61900.000000000095 4.709049195786071e-07
61950.000000000095 4.6121923987791946e-07
62000.000000000095 4.5638633730780005e-07
62050.000000000095 4.276167487676445e-07
62100.000000000095 4.940759748958928e-07
62150.000000000095 4.7412443889438655e-07
62200.000000000095 4.065576976404982e-07
62250.000000000095 4.7026153505625875e-07
62300.000000000095 5.438042049989724e-07
62350.000000000095 4.3365086818391123e-07
62400.000000000095 3.1236311323131833e-07
62450.000000000095 4.311089939054759e-07
62500.000000000095 5.068121622397153e-07
62550.000000000095 4.746346977533319e-07
62600.000000000095 5.166796523575874e-07
62650.000000000095 4.233098711667214e-07
62700.000000000095 4.867170669086135e-07
62750.000000000095 5.72879091531971e-07
62800.000000000095 4.219717038125853e-07
62850.000000000095 5.131738266931141e-07
62900.000000000095 4.324453957846033e-07
62950.000000000095 4.644123594497043e-07
63000.000000000095 4.6898425217360965e-07
63050.000000000095 5.633489203088121e-07
63100.000000000095 5.06597764486599e-07
63150.000000000095 4.139625717666482e-07
63200.000000000095 5.236575952605108e-07
63250.000000000095 4.1564999805915804e-07
63300.000000000095 5.436308997508098e-07
63350.000000000095 4.7496396072650474e-07
63400.000000000095 3.512029880264235e-07
63450.000000000095 3.326836642864265e-07
63500.000000000095 4.774289923038532e-07
63550.000000000095 4.249246167803176e-07
63600.000000000095 5.061237168356068e-07
63650.000000000095 3.8086981252003556e-07
63700.000000000095 3.555396855587309e-07
63750.000000000095 4.299095631027167e-07
63800.000000000095 4.034392378679461e-07
63850.000000000095 4.200514623746242e-07
63900.000000000095 3.644510438700199e-07
63950.000000000095 4.5245464670862143e-07
64000.000000000095 4.771259717498256e-07
64050.000000000095 4.054235393738015e-07
64100.000000000095 2.0612116278051863e-07
64150.000000000095 2.586306872503154e-07
64200.000000000095 2.9390464557568956e-07
64250.000000000095 4.038073484541193e-07
64300.000000000095 3.351424815267396e-07
64350.000000000095 3.0243057600367545e-07
64400.000000000095 3.983745068152812e-07
64450.000000000095 3.9411896734265664e-07
64500.000000000095 2.9466456229027607e-07
64550.000000000095 3.7942833132539044e-07
64600.000000000095 2.555231796951737e-07
64650.000000000095 3.360026018497089e-07
64700.000000000095 2.387639101889155e-07
64750.000000000095 2.7192135873723007e-07
64800.000000000095 2.8006633530339284e-07
64850.000000000095 2.689709241605667e-07
64900.000000000095 3.1437681635642594e-07
64950.000000000095 2.945182581924758e-07
65000.000000000095 3.241578016751289e-07
65050.000000000095 2.9410883916670445e-07
65100.000000000095 3.5443859246209095e-07
65150.000000000095 2.8688353311517455e-07
65200.000000000095 2.688414534657798e-07
65250.000000000095 3.4509221742512904e-07
65300.000000000095 2.924849723484703e-07
65350.000000000095 4.5065162394094173e-07
65400.000000000095 3.055070925699931e-07
65450.000000000095 3.1891694264145845e-07
65500.000000000095 3.4363851671679336e-07
65550.00000000009 2.647577033562754e-07
65600.00000000009 2.8883333685066625e-07
65650.00000000009 3.2767714182156795e-07
65700.00000000009 2.780776921279076e-07
65750.00000000009 2.732283551399203e-07
65800.00000000009 3.385076725859456e-07
65850.00000000009 3.4800601388920777e-07
65900.00000000009 2.6859570427770583e-07
65950.00000000009 2.0489963381656116e-07
66000.00000000009 2.958487721415298e-07
66050.00000000009 4.299418159253043e-07
66100.00000000009 3.144157246234524e-07
66150.00000000009 2.447102370867484e-07
66200.00000000009 2.4842466944652665e-07
66250.00000000009 2.3044821088345546e-07
66300.00000000009 1.5412477202682972e-07
66350.00000000009 2.1927255889072094e-07
66400.00000000009 2.440166700581803e-07
66450.00000000009 3.3291426256228004e-07
66500.00000000009 4.269532529642681e-07
66550.00000000009 4.022582576105444e-07
66600.00000000009 3.218321373358984e-07
66650.00000000009 3.313815823760294e-07
66700.00000000009 2.955110342623081e-07
66750.00000000009 2.6981051529934686e-07
66800.00000000009 3.2791314241096185e-07
66850.00000000009 2.7437716493965423e-07
66900.00000000009 3.3099480225621045e-07
66950.00000000009 3.9703772744301065e-07
67000.00000000009 3.8778214657121424e-07
67050.00000000009 3.186743484655733e-07
67100.00000000009 2.936799583706914e-07
67150.00000000009 2.9093902612594575e-07
67200.00000000009 2.9446907355047744e-07
67250.00000000009 3.22561607693437e-07
67300.00000000009 3.052202904431977e-07
67350.00000000009 2.7329996459318545e-07
67400.00000000009 3.827816722074761e-07
67450.00000000009 3.2797941678240884e-07
67500.00000000009 3.050581886730585e-07
67550.00000000009 3.2864915349999176e-07
67600.00000000009 4.6108782867822957e-07
67650.00000000009 3.7469210553577924e-07
67700.00000000009 3.352128487461777e-07
67750.00000000009 3.1737014953439166e-07
67800.00000000009 3.772932783213414e-07
67850.00000000009 2.729123069498245e-07
67900.00000000009 3.328428250520202e-07
67950.00000000009 2.2632046038897326e-07
68000.00000000009 2.787098560954664e-07
68050.00000000009 3.875022661213221e-07
