galfind/configs/Brown_Dwarf_templates/sonora_cholla/logkzz2/316g/500K_316g_logkzz2_resample.dat
# %ECSV 1.0
# ---
# datatype:
# - {name: wav, unit: Angstrom, datatype: float64}
# - {name: flux_nu, unit: erg / (cm2 Hz s), datatype: float64}
# schema: astropy-2.0
wav flux_nu
[from data line 1210]
63500.04800076804 2.5678000495209166e-09
63550.04800076804 4.471832960685747e-09
63600.04800076804 3.3160516156921175e-09
63650.04800076804 2.348832301645624e-09
63700.04800076804 3.36912685894687e-10
63750.04800076804 1.4939117622877264e-09
63800.04800076804 4.854803657718539e-09
63850.04800076804 3.5891412169426266e-09
63900.04800076804 5.7281108977687e-10
63950.04800076804 2.036949325793182e-09
64000.04800076804 3.3162637034686953e-09
64050.04800076804 8.198754984717018e-10
64100.04800076804 1.1915799149798017e-10
64150.04800076804 1.8255614881846928e-10
64200.04800076804 2.4359489645056116e-10
64250.04800076804 1.5491131360056643e-09
64300.04800076804 1.4147006049250123e-09
64350.04800076804 8.165708553463912e-10
64400.04800076804 2.673012574644101e-09
64450.04800076804 3.3811864197303016e-09
64500.04800076804 1.3269558826461621e-09
64550.04800076804 3.1017339186140526e-09
64600.04800076804 2.101750029782838e-09
64650.04800076804 2.7329110223519175e-09
64700.04800076804 6.430744259769246e-10
64750.04800076804 1.2313720424886947e-09
64800.04800076804 4.193593146105412e-10
64850.04800076804 2.592284091324958e-10
64900.04800076804 2.0544062278752033e-10
64950.04800076804 1.3166884026505692e-10
65000.04800076804 4.2263304356111486e-10
65050.04800076804 1.4384217412508402e-09
65100.04800076804 2.101691194588716e-09
65150.04800076804 9.073874937684377e-10
65200.04800076804 1.6580978218271227e-10
65250.04800076804 1.0019884593014225e-09
65300.04800076804 1.780636414902168e-09
65350.04800076804 4.666625581075069e-09
65400.04800076804 1.5781027085797574e-09
65450.04800076804 1.5938447479562034e-09
65500.04800076804 1.91833067971722e-09
65550.04800076805 5.65073462902676e-10
65600.04800076805 1.6650296742602655e-09
65650.04800076805 7.732723261658689e-10
65700.04800076805 6.805275069823744e-10
65750.04800076805 4.728368280928716e-10
65800.04800076805 1.5581300336229924e-09
65850.04800076805 2.4991354034222632e-09
65900.04800076805 3.297339679577872e-10
65950.04800076805 1.0704281659034138e-09
66000.04800076805 1.3932830552400458e-09
66050.04800076805 3.4060076719848394e-09
66100.04800076805 1.8538529035375897e-09
66150.04800076805 1.824604826036925e-09
66200.04800076805 1.890567277846169e-09
66250.04800076805 7.177750424228328e-10
66300.04800076805 2.0970505251714844e-10
66350.04800076805 1.049805811922267e-10
66400.04800076805 2.6570093235770197e-10
66450.04800076805 1.5585978055130658e-09
66500.04800076805 2.8958146789192363e-09
66550.04800076805 3.306650881686206e-09
66600.04800076805 2.652193775081024e-09
66650.04800076805 1.4006569103816145e-09
66700.04800076805 7.747070476396866e-10
66750.04800076805 1.1421281455025285e-09
66800.04800076805 1.173980148841811e-09
66850.04800076805 7.216269350661795e-10
66900.04800076805 3.935925590176321e-09
66950.04800076805 3.2279715706407127e-09
67000.04800076805 4.512349122748701e-09
67050.04800076805 2.2643902496344093e-09
67100.04800076805 9.272807490207701e-10
67150.04800076805 1.69255456283297e-09
67200.04800076805 2.5092293835774235e-09
67250.04800076805 2.2198577848583538e-09
67300.04800076805 5.0909588381928736e-09
67350.04800076805 1.7502713488808927e-09
67400.04800076805 4.842653985965228e-09
67450.04800076805 2.5681095806779803e-09
67500.04800076805 2.5478141892147107e-09
67550.04800076805 7.731589642318612e-09
67600.04800076805 1.1757607537579431e-08
67650.04800076805 7.918713839000086e-09
67700.04800076805 3.842505407460372e-09
67750.04800076805 1.7689474295800717e-09
67800.04800076805 2.8212904935220492e-09
67850.04800076805 9.95439067560243e-10
67900.04800076805 1.1787970819126028e-09
67950.04800076805 1.0422812083827602e-09
68000.04800076805 3.1957101949626835e-09
68050.04800076805 3.43978884219938e-09
68100.04800076805 7.031866047264651e-09
68150.04800076805 6.141450622028575e-09
68200.04800076805 3.6009057869339163e-09
68250.04800076805 4.924904561089348e-10
68300.04800076805 3.860428656707132e-09
68350.04800076805 6.484193781071231e-09
68400.04800076805 8.5280775717885e-09
68450.04800076805 7.033741349356837e-09
68500.04800076805 3.2044463791459518e-09
68550.04800076805 8.945228806920707e-10
68600.04800076805 8.637761318821769e-10
68650.04800076805 3.7980249875056327e-10
68700.04800076805 1.5600795166259884e-09
68750.04800076805 3.574323288108763e-09
68800.04800076805 3.9361939776630326e-09
68850.04800076805 1.6681805458173404e-09
68900.04800076805 7.508938069837216e-09
68950.04800076805 8.272469717294635e-09
69000.04800076805 4.504405482473533e-09
69050.04800076805 1.7608357814195132e-09
69100.04800076805 6.00129554961947e-09
69150.04800076805 1.0337182449673708e-08
69200.04800076805 9.124922215375424e-09
69250.04800076805 1.03201153413237e-08
69300.04800076805 5.833227321442136e-09
69350.04800076805 1.334784212591366e-08
69400.04800076805 4.474616134408251e-09
69450.04800076805 1.061916264260234e-08
69500.04800076805 4.490251152637793e-09
69550.04800076805 2.667434974953019e-09
69600.04800076805 5.119340560290828e-10
69650.04800076805 3.1015605356155405e-09
69700.04800076805 6.444975899476755e-09
69750.04800076805 3.799223592935843e-09
69800.04800076805 7.93297991712245e-09
69850.04800076805 7.761221386863576e-09
69900.04800076805 4.209390259625945e-09
69950.04800076805 3.8616814325713156e-09
70000.04800076805 5.2252262132031895e-09
70050.04800076805 1.073393988596373e-08
70100.04800076805 8.49186744405418e-09
70150.04800076805 5.6440712057354085e-09
70200.04800076805 3.3648281749904395e-09
70250.04800076805 4.194303258176028e-09
70300.04800076805 9.64223949108208e-09
70350.04800076805 7.606538093446979e-09
70400.04800076805 2.962391176513586e-09
70450.04800076805 2.256404498020045e-10
70500.04800076805 2.626645777850999e-09
70550.04800076805 2.6085664865648907e-09
70600.04800076805 2.9643948288059786e-09
70650.04800076805 8.213572192118427e-09
70700.04800076805 1.0099953406335114e-08
70750.04800076805 1.5872000264238494e-08
70800.04800076805 5.845173762370084e-09
70850.04800076805 6.815717439444903e-09
70900.04800076805 8.915652122320377e-09
70950.04800076805 1.2010883444781542e-08
71000.04800076805 1.126322294545147e-08
71050.04800076805 1.1553600468470473e-08
71100.04800076805 8.406430908587246e-09
71150.04800076805 4.102878575149774e-09
71200.04800076805 4.186557193968139e-09
71250.04800076805 9.352219827155144e-09
71300.04800076805 1.2858394646991449e-08
71350.04800076805 1.245052273322607e-08
71400.04800076805 8.073190455354796e-09
71450.04800076805 2.2694843407371344e-09
71500.04800076805 3.350504144796352e-09
71550.04800076805 4.6226437782271406e-09
71600.04800076805 5.315315619351485e-09
71650.04800076805 2.6558740912481598e-09
71700.04800076805 1.7083934985274396e-09
71750.04800076805 5.631208785693042e-09
71800.04800076805 9.443181525763325e-09
71850.04800076805 9.266268933937376e-09
71900.04800076805 4.1995524595587585e-09
71950.04800076805 7.301677629736082e-09
72000.04800076805 6.157313389290515e-09
72050.04800076805 2.182480168789392e-09
72100.04800076805 3.078247504886266e-09
72150.04800076805 4.532199823338992e-09
72200.04800076805 7.142938927184072e-09
72250.04800076805 1.2272026189202473e-08
72300.04800076805 5.882345470596577e-09
72350.04800076805 7.84416939689702e-09
72400.04800076805 7.0827042832773136e-09
72450.04800076805 5.169767457264156e-09
72500.04800076805 7.57770048715171e-09
72550.04800076805 2.158732477199062e-09
72600.04800076805 4.487003732869869e-09
72650.04800076805 8.730178988188093e-09
72700.04800076805 3.797636071890236e-09
72750.04800076805 4.097209738719048e-09
72800.04800076805 2.1222123797580845e-09
72850.04800076805 3.823094228232889e-09
72900.04800076805 9.39182941481762e-09
72950.04800076805 4.68365175162987e-09
73000.04800076805 5.1630065850720684e-09
73050.04800076805 1.870526540055688e-09
73100.04800076805 3.1696935617591846e-09
73150.04800076805 8.582576607574267e-09
73200.04800076805 2.786300707612541e-09
73250.04800076805 3.6225863509263576e-09
73300.04800076805 2.3023534377007994e-09
73350.04800076805 1.4343366994741892e-09
73400.04800076805 3.6333039964377925e-09
73450.04800076805 1.8161395852107797e-09
73500.04800076805 1.4140930506684678e-09
73550.04800076805 2.8841169876856117e-09
73600.04800076805 3.4176841794979987e-09
73650.04800076805 3.118663957635046e-09
73700.04800076805 2.7361819978602266e-09
73750.04800076805 5.867143109874821e-10
73800.04800076805 2.552735011662783e-09
73850.04800076805 4.403824747583071e-09
73900.04800076805 1.4246261239024896e-09
73950.04800076805 1.9073964740201375e-09
74000.04800076805 5.770077841867836e-10
74050.04800076805 4.242027432595386e-09
74100.04800076805 3.119125073459987e-09
74150.04800076805 3.247098330549331e-09
74200.04800076805 9.962400334633519e-10
74250.04800076805 1.033253940400197e-10
74300.04800076805 3.0737553308305522e-09
74350.04800076805 4.608426591927828e-09
74400.04800076805 3.98152880448054e-09
74450.04800076805 1.0109850513327306e-09
74500.04800076805 3.756449397804428e-10
74550.04800076805 1.3953699419481506e-09
74600.04800076805 2.571081742027773e-09
74650.04800076805 2.8176350503555105e-09
74700.04800076805 1.7096993269141365e-09
74750.04800076805 4.873972401052889e-10
74800.04800076805 8.696745610760895e-10
74850.04800076805 3.369314690825385e-09
74900.04800076805 4.040597532466541e-09
74950.04800076805 3.388059015832158e-09
75000.04800076805 1.198350111691321e-09
75050.04800076805 5.609550570685765e-11
75100.04800076805 2.8038545801173593e-09
75150.04800076805 5.446013860850288e-09
75200.04800076805 5.497087596775653e-09
75250.04800076805 4.300862610843987e-09
75300.04800076805 2.203113213242031e-09
75350.04800076805 3.551512738845911e-10
75400.04800076805 4.233957508308233e-09
75450.04800076805 5.865940169664915e-09
75500.04800076805 5.660941629152567e-09
75550.04800076805 4.1737514357052495e-09
75600.04800076805 4.103121231010199e-09
75650.04800076805 1.7832268557632886e-09
75700.04800076805 6.867297715192863e-09
75750.04800076805 3.782479325805478e-09
75800.04800076805 5.159288210063015e-09
75850.04800076805 5.661032182938217e-09
75900.04800076805 6.145466673657407e-09
75950.04800076805 2.27112387662426e-09
76000.04800076805 8.249730825325411e-09
76050.04800076805 7.902760917723342e-09
76100.04800076805 6.2363339072947835e-09
76150.04800076805 7.1261429336843865e-09
76200.04800076805 5.1140433390357426e-09
76250.04800076805 1.7377492303318851e-09
76300.04800076805 7.9983899714423e-09
76350.04800076805 9.697046298668538e-09
76400.04800076805 7.717789707049423e-09
76450.04800076805 5.200890039791891e-09
76500.04800076805 3.1801842512115005e-09
76550.04800076805 6.462401239744234e-10
76600.04800076805 8.468466394245986e-11
76650.04800076805 6.822969731585498e-11
76700.04800076805 1.6802411802001784e-10
76750.04800076805 2.802289857579092e-10
76800.04800076805 6.041776805799228e-10
76850.04800076805 4.828384063439002e-10
76900.04800076805 3.3037109093067664e-10
76950.04800076805 9.831312176770177e-10
77000.04800076805 2.786385962622231e-09
77050.04800076805 1.6975300684333684e-10
77100.04800076805 2.6053184424061436e-10
77150.04800076805 3.0964071656059856e-09
77200.04800076805 1.1668994816247094e-09
77250.04800076805 4.338692705705829e-10
77300.04800076805 2.4558165195199107e-09
77350.04800076805 1.2560374299260243e-09
77400.04800076805 1.4927828577298791e-09
77450.04800076805 5.401623448063339e-09
77500.04800076805 3.2895070676490093e-09
77550.04800076805 1.5396639836735635e-09
77600.04800076805 4.812179755095837e-10
77650.04800076805 7.642601937043733e-10
77700.04800076805 9.518970639555871e-10
77750.04800076805 3.8156914686563566e-09
77800.04800076805 4.566034528788894e-09
77850.04800076805 7.246264120308431e-09
77900.04800076805 2.145649327421189e-09
77950.04800076805 2.1831771358321472e-10
78000.04800076805 1.7975736089293778e-09
78050.04800076805 2.3294788440250728e-09
78100.04800076805 3.785381014460736e-09
78150.04800076805 6.606909316615615e-09
78200.04800076805 7.936547804458712e-09
78250.04800076805 5.0939844008815594e-09
78300.04800076805 9.600678734742779e-10
78350.04800076805 3.550264500388948e-09
78400.04800076805 1.082593753205572e-09
78450.04800076805 3.0730043331893004e-09
78500.04800076805 7.097484563891788e-09
78550.04800076805 1.0118439820774902e-08
78600.04800076805 6.364332218544112e-09
78650.04800076805 3.838476698409526e-10
78700.04800076805 1.0180578823872573e-09
78750.04800076805 2.8145742391617335e-09
78800.04800076805 1.8135197529664077e-09
78850.04800076805 4.579059153879463e-10
78900.04800076805 2.627894825740004e-09
78950.04800076805 5.521358554715112e-09
79000.04800076805 3.4064007031862447e-09
79050.04800076805 2.488495581319862e-09
79100.04800076805 3.800332279510406e-09
79150.04800076805 2.3545431759138028e-09
79200.04800076805 3.3227201189852756e-09
79250.04800076805 1.2406602971741852e-09
79300.04800076805 1.7768977315406e-09
79350.04800076805 2.629523639161573e-09
79400.04800076805 1.1636074544142474e-09
79450.04800076805 6.309178009585487e-09
79500.04800076805 8.839645771343917e-09
79550.04800076805 6.504378680253429e-09
79600.04800076805 3.0848516170101812e-09
79650.04800076805 5.952363372709338e-09
79700.04800076805 3.5839840783738004e-09
79750.04800076805 3.3053362175802715e-09
79800.04800076805 1.746793451610003e-09
79850.04800076805 5.334628220577733e-09
79900.04800076805 1.0309567791082279e-08
79950.04800076805 1.1789358784167134e-08
