galfind/configs/Brown_Dwarf_templates/sonora_cholla/logkzz2/316g/500K_316g_logkzz2_resample.dat
# %ECSV 1.0
# ---
# datatype:
# - {name: wav, unit: Angstrom, datatype: float64}
# - {name: flux_nu, unit: erg / (cm2 Hz s), datatype: float64}
# schema: astropy-2.0
wav flux_nu
3000.0480007680403 nan
3050.0480007680403 0.0
3100.0480007680403 0.0
3150.0480007680403 0.0
3200.0480007680403 0.0
3250.0480007680403 0.0
3300.0480007680403 0.0
3350.0480007680403 0.0
3400.0480007680403 0.0
3450.0480007680403 0.0
3500.0480007680403 0.0
3550.0480007680403 0.0
3600.0480007680403 0.0
3650.0480007680403 0.0
3700.0480007680403 0.0
3750.0480007680403 0.0
3800.0480007680403 0.0
3850.0480007680403 0.0
3900.0480007680403 0.0
3950.0480007680403 0.0
4000.0480007680403 0.0
4050.0480007680403 0.0
4100.04800076804 0.0
4150.04800076804 0.0
4200.04800076804 0.0
4250.04800076804 0.0
4300.04800076804 0.0
4350.04800076804 0.0
4400.04800076804 0.0
4450.04800076804 0.0
4500.04800076804 0.0
4550.04800076804 0.0
4600.04800076804 0.0
4650.04800076804 0.0
4700.04800076804 0.0
4750.04800076804 0.0
4800.04800076804 0.0
4850.04800076804 0.0
4900.04800076804 0.0
4950.04800076804 0.0
5000.04800076804 6.8125676489043906e-12
5050.04800076804 1.8538010008559364e-11
5100.04800076804 2.2002795017997262e-11
5150.04800076804 2.624549745164324e-11
5200.04800076804 3.1116708575401657e-11
5250.04800076804 3.632997462483995e-11
5300.04800076804 4.199860769474345e-11
5350.04800076804 4.8237048474191944e-11
5400.04800076804 5.439258376307918e-11
5450.04800076804 6.147230059236626e-11
5500.04800076804 6.93245125319228e-11
5550.04800076804 7.766752776497707e-11
5600.04800076804 8.563464485180178e-11
5650.04800076804 9.212421798407198e-11
5700.04800076804 9.325873912834826e-11
5750.04800076804 9.344794060978067e-11
5800.04800076804 8.321480880330634e-11
5850.04800076804 5.830847138286022e-11
5900.04800076804 1.0762407135365632e-11
5950.04800076804 2.1719705169461472e-11
6000.04800076804 1.0081902755310136e-10
6050.04800076804 1.815896240301142e-10
6100.04800076804 2.624410618862691e-10
6150.04800076804 3.370799981575069e-10
6200.04800076804 4.074856451702242e-10
6250.04800076804 4.68236898420158e-10
6300.04800076804 5.407452238070621e-10
6350.04800076804 6.154264665327979e-10
6400.04800076804 6.849518658440816e-10
6450.04800076804 6.835111290847924e-10
6500.04800076804 7.494875256084339e-10
6550.04800076804 8.554013535288152e-10
6600.04800076804 9.565418281268412e-10
6650.04800076804 1.094698310102474e-09
6700.04800076804 1.26198496502495e-09
6750.04800076804 1.4107126132871715e-09
6800.04800076804 1.5506124312924258e-09
6850.04800076804 1.7001763023079215e-09
6900.04800076804 1.5898458806605293e-09
6950.04800076804 1.4312514999318009e-09
7000.04800076804 1.7346926565234122e-09
7050.04800076804 1.6991174715728113e-09
7100.04800076804 1.7900308831714891e-09
7150.04800076804 1.1735144494054647e-09
7200.04800076804 7.813080973337582e-10
7250.04800076804 9.945080470888097e-10
7300.04800076804 1.0013729555007632e-09
7350.04800076804 1.2535156742327508e-09
7400.04800076804 1.590856147156015e-09
7450.04800076804 2.1250940019577163e-09
7500.04800076804 2.513219176704914e-09
7550.04800076804 2.9154758596357813e-09
7600.04800076804 3.2719260685625036e-09
7650.04800076804 3.4523306359002503e-09
7700.04800076804 2.0833801247870477e-09
7750.04800076804 6.128811901041797e-10
7800.04800076804 3.2490527048612963e-09
7850.04800076804 3.486101565712418e-09
7900.04800076804 3.760079311006819e-09
7950.04800076804 4.126728355213973e-09
8000.04800076804 4.118220215600812e-09
8050.04800076804 4.045016023237026e-09
8100.04800076804 2.0668177026743587e-09
8150.04800076804 1.3176039653121377e-09
8200.04800076804 2.6548459230397202e-09
8250.04800076804 2.4499203010296995e-09
8300.04800076804 2.560200020891357e-09
8350.04800076804 2.3786327810021844e-09
8400.04800076804 2.4809868932222644e-09
8450.04800076804 3.183727152491087e-09
8500.04800076804 3.752293801170943e-09
8550.04800076804 4.547904456715746e-09
8600.04800076804 5.532986377082835e-09
8650.04800076804 6.086723763168464e-09
8700.04800076804 5.877255729023185e-09
8750.04800076804 6.170280739719106e-09
8800.04800076804 5.547432324840541e-09
8850.04800076804 3.413241625800246e-09
8900.04800076804 4.722300398223392e-10
8950.04800076804 2.7534291222560206e-10
9000.04800076804 2.6401342218819644e-10
9050.04800076804 1.2010505498954893e-09
9100.04800076804 1.323044000518432e-09
9150.04800076804 1.1499129687735832e-09
9200.04800076804 1.8139734621779279e-09
9250.04800076804 1.0672081031350562e-09
9300.04800076804 1.082977555823821e-11
9350.04800076804 2.00591593202166e-11
9400.04800076804 1.3030908864248127e-10
9450.04800076804 9.718731213257866e-11
9500.04800076804 6.841544928904467e-11
9550.04800076804 6.836471829152447e-11
9600.04800076804 7.634935322521267e-11
9650.04800076804 1.5208569731671836e-10
9700.04800076804 4.3621366967568947e-10
9750.04800076804 3.9313836884598624e-10
9800.04800076804 5.191337333088341e-10
9850.04800076804 6.735039316524218e-10
9900.04800076804 1.0493160009788248e-09
9950.04800076804 1.0929537046094933e-09
10000.04800076804 1.5674036884196655e-09
10050.04800076804 1.5442478412509196e-09
10100.04800076804 1.8715949662180824e-09
10150.04800076804 1.8160176034871684e-09
10200.04800076804 1.7108426022321043e-09
10250.04800076804 2.092912814296099e-09
10300.04800076804 2.622112078244591e-09
10350.04800076804 2.3292472507964723e-09
10400.04800076804 3.203591049609424e-09
10450.04800076804 3.753490245706903e-09
10500.04800076804 4.1649431863709285e-09
10550.04800076804 4.614198173544895e-09
10600.04800076804 4.601308866412394e-09
10650.04800076804 4.442392184235993e-09
10700.04800076804 3.954350430485542e-09
10750.04800076804 3.77215632787126e-09
10800.04800076804 3.356084000728634e-09
10850.04800076804 2.862193008535038e-09
10900.04800076804 2.062897552949801e-09
10950.04800076804 9.282994240664492e-10
11000.04800076804 4.499991204740378e-10
11050.04800076804 1.8520935190154344e-10
11100.04800076804 7.503403365211111e-11
11150.04800076804 2.4262243972716677e-11
11200.04800076804 1.5773941558371413e-11
11250.04800076804 2.0491650818588608e-11
11300.04800076804 3.649872414230491e-11
11350.04800076804 8.882544278226869e-12
11400.04800076804 6.006493705010441e-11
11450.04800076804 2.9284668535528006e-11
11500.04800076804 2.8334783136514323e-11
11550.04800076804 6.14194029177443e-12
11600.04800076804 2.7885159857175458e-12
11650.04800076804 1.5469196516703437e-11
11700.04800076804 2.1928069907008614e-11
11750.04800076804 6.031947914943744e-12
11800.04800076804 4.020245817139364e-11
11850.04800076804 6.726230437602949e-11
11900.04800076804 8.490166205540111e-11
11950.04800076804 1.601940061868964e-10
12000.04800076804 2.852315309700953e-10
12050.04800076804 4.779513496207367e-10
12100.04800076804 6.798171531283598e-10
12150.04800076804 9.801836921126858e-10
12200.04800076804 1.1939710458784548e-09
12250.04800076804 1.6388940897657366e-09
12300.04800076804 2.33906812723566e-09
12350.04800076804 2.6404527016394595e-09
12400.04800076804 3.6563203225451126e-09
12450.04800076804 4.752347753301075e-09
12500.04800076804 5.460140473817078e-09
12550.04800076804 6.275485939457088e-09
12600.04800076804 7.420304479292651e-09
12650.04800076804 8.184075795871234e-09
12700.04800076804 8.453054491555314e-09
12750.04800076804 6.725343076930925e-09
12800.04800076804 5.300318264039039e-09
12850.04800076804 3.462998412069994e-09
12900.04800076804 2.6034672042054642e-09
12950.04800076804 1.9528069419512215e-09
13000.04800076804 2.2422550066246676e-09
13050.04800076804 1.390867234371712e-09
13100.04800076804 1.294723990386985e-09
13150.04800076804 7.821914600934341e-10
13200.04800076804 8.371377051427095e-10
13250.04800076804 5.808431014219432e-10
13300.04800076804 1.8139610690802258e-10
13350.04800076804 6.008949964965398e-11
13400.04800076804 1.524510495267935e-11
13450.04800076804 3.1674863967582653e-12
13500.04800076804 8.287682548090734e-13
13550.04800076804 1.8144669618202415e-13
13600.04800076804 2.8324471041233746e-14
13650.04800076804 3.376750818457358e-13
13700.04800076804 1.4991429690600316e-13
13750.04800076804 7.171337904915553e-13
13800.04800076804 6.661393249766794e-13
13850.04800076804 2.0414098945969757e-13
13900.04800076804 4.568084658994519e-13
13950.04800076804 3.8526572252366014e-13
14000.04800076804 5.155767851855336e-13
14050.04800076804 9.547718147445823e-13
14100.04800076804 8.600016371179902e-13
14150.04800076804 2.391056841100267e-12
14200.04800076804 1.4425532745715388e-12
14250.04800076804 2.320557700389041e-12
14300.04800076804 1.0277657586152984e-11
14350.04800076804 7.62252322823295e-12
14400.04800076804 7.983847202114617e-12
14450.04800076804 1.6881872982778148e-11
14500.04800076804 4.2914105135090616e-11
14550.04800076804 4.8627373857644544e-11
14600.04800076804 1.0375499512042191e-10
14650.04800076804 6.388827861839453e-11
14700.04800076804 3.040204277287252e-11
14750.04800076804 2.8757168770469853e-11
14800.04800076804 3.400489832349321e-11
14850.04800076804 3.73457113485252e-11
14900.04800076804 4.254536394127123e-11
14950.04800076804 4.633652820130872e-11
15000.04800076804 1.113603263650084e-10
15050.04800076804 1.171370598814491e-10
15100.04800076804 8.179967259360674e-11
15150.04800076804 5.389630971442855e-11
15200.04800076804 1.199352339361563e-10
15250.04800076804 2.543841640037394e-10
15300.04800076804 3.2246336604960125e-10
15350.04800076804 4.280589016340152e-10
15400.04800076804 5.38435499137811e-10
15450.04800076804 6.906536238347111e-10
15500.04800076804 8.777723809052137e-10
15550.04800076804 1.3203544391186558e-09
15600.04800076804 1.8319109803204553e-09
15650.04800076804 2.574450436419595e-09
15700.04800076804 3.612063933079433e-09
15750.04800076804 4.3520386249642064e-09
15800.04800076804 4.992653665401632e-09
15850.04800076804 5.811378173537372e-09
15900.04800076804 5.548883651402904e-09
15950.04800076804 5.491305735102162e-09
16000.04800076804 4.289572180592199e-09
16050.04800076804 2.6145798650517555e-09
16100.04800076804 1.4798342299588063e-09
16150.04800076804 6.957952744212782e-10
16200.04800076804 3.082927534784419e-10
16250.04800076804 1.8634948967824898e-10
16300.04800076804 1.0593831760844265e-10
16350.04800076804 1.3679283897180148e-10
16400.04800076804 1.7276093815914543e-10
16450.04800076804 1.6064826311457133e-10
16500.04800076804 1.3920446633198222e-10
16550.04800076804 1.394381813102704e-10
16600.04800076804 2.8432034609995794e-10
16650.04800076804 1.9223080805781221e-10
16700.04800076804 2.0389483562692664e-11
16750.04800076804 9.812844583275908e-11
16800.04800076804 1.5502374071396604e-10
16850.04800076804 1.5917873869933672e-10
16900.04800076804 6.388930857511176e-11
16950.04800076804 4.241557671719461e-11
17000.04800076804 1.86486453927025e-11
17050.04800076804 3.8916615054297697e-11
17100.04800076804 7.657151154603406e-11
17150.04800076804 3.636812592478157e-11
17200.04800076804 1.574812546700268e-10
17250.04800076804 5.957022999037927e-11
17300.04800076804 3.4986354157787166e-11
17350.04800076804 4.921844150917651e-11
17400.04800076804 9.140905827037442e-11
17450.04800076804 1.203532011771974e-10
17500.04800076804 1.7844348282396488e-10
17550.04800076804 1.375104441271131e-10
17600.04800076804 1.0345543957842956e-10
17650.04800076804 7.199464152052624e-11
17700.04800076804 6.344577331269126e-11
17750.04800076804 5.065772431721276e-11
17800.04800076804 1.0765913000206371e-10
17850.04800076804 4.996894028599553e-11
17900.04800076804 3.578083381313811e-11
17950.04800076804 1.9961261274834703e-11
18000.04800076804 3.79543034258887e-11
18050.04800076804 2.2487934803297728e-11
18100.04800076804 2.3372362492240512e-11
18150.04800076804 1.881038570718641e-11
18200.04800076804 1.0397592690288141e-11
18250.04800076804 5.11605616560493e-11
18300.04800076804 7.119157895377261e-12
18350.04800076804 5.48627269768915e-12
18400.04800076804 3.1111900056128233e-12
18450.04800076804 2.7318547008783906e-11
18500.04800076804 2.7180707838425866e-11
18550.04800076804 1.1653148256940213e-11
18600.04800076804 1.9113367388856605e-11
18650.04800076804 1.073758937840688e-11
18700.04800076804 1.837549938442618e-12
18750.04800076804 4.46557617357732e-12
18800.04800076804 5.803057538667702e-11
18850.04800076804 4.584558354967539e-11
18900.04800076804 4.5806608341125156e-11
18950.04800076804 8.68077399961587e-11
19000.04800076804 1.5607582043610886e-11
19050.04800076804 7.743755530402045e-12
19100.04800076804 2.7297869040478913e-11
19150.04800076804 1.0539286646288801e-11
19200.04800076804 2.68366087181195e-11
19250.04800076804 1.86726139099657e-11
19300.04800076804 9.732390444551145e-12
19350.04800076804 1.3604833040743843e-11
19400.04800076804 1.0048571022046198e-11
19450.04800076804 1.9101725319302752e-11
19500.04800076804 1.6439198287679768e-11
19550.04800076804 2.1739815246596668e-11
19600.04800076804 4.271865664428184e-11
19650.04800076804 3.839110429130867e-11
19700.04800076804 5.221853178408332e-11
19750.04800076804 7.843043477308552e-11
19800.04800076804 6.531184112537336e-11
19850.04800076804 8.200837774481349e-11
19900.04800076804 1.0753141727561039e-10
19950.04800076804 1.412591904565899e-10
20000.04800076804 1.591390399487946e-10
20050.04800076804 1.3398799733345542e-10
20100.04800076804 2.1042935023016964e-10
20150.04800076804 1.4059250656654238e-10
20200.04800076804 1.1342249950178394e-10
20250.04800076804 1.888435998916134e-10
20300.04800076804 1.9909625491282047e-10
20350.04800076804 2.183470799524455e-10
20400.04800076804 1.816325665240516e-10
20450.04800076804 2.89930769775932e-10
20500.04800076804 3.007797388933432e-10
20550.04800076804 3.1587652338932847e-10
20600.04800076804 3.3095521414851847e-10
20650.04800076804 3.4871534109491766e-10
20700.04800076804 3.5065482123813174e-10
20750.04800076804 3.659753600695188e-10
20800.04800076804 3.415295713032732e-10
20850.04800076804 3.6264452899235465e-10
20900.04800076804 3.6265607560467395e-10
20950.04800076804 3.452243414194953e-10
21000.04800076804 3.34116140791912e-10
21050.04800076804 3.340148949768048e-10
21100.04800076804 3.219777145693876e-10
21150.04800076804 3.1836405896578085e-10
21200.04800076804 3.028409320584836e-10
21250.04800076804 2.892269745617756e-10
21300.04800076804 2.6192857604601637e-10
21350.04800076804 2.5571009732801944e-10
21400.04800076804 2.569182188091971e-10
21450.04800076804 2.0921189551969774e-10
21500.04800076804 2.0606605798258757e-10
21550.04800076804 1.998092003827724e-10
21600.04800076804 1.7840491316161022e-10
21650.04800076804 1.473440690138402e-10
21700.04800076804 1.4393012606921744e-10
21750.04800076804 1.5401156560000028e-10
21800.04800076804 1.2557802637097154e-10
21850.04800076804 1.1346714869890601e-10
21900.04800076804 9.336586742163938e-11
21950.04800076804 3.3503859092402154e-11
22000.04800076804 3.913597426620326e-12
22050.04800076804 8.068830114904237e-12
22100.04800076804 3.721895168801916e-11
22150.04800076804 2.6008885838045677e-11
22200.04800076804 1.971103299504539e-11
22250.04800076804 1.903741587108161e-11
22300.04800076804 8.333911474959619e-12
22350.04800076804 1.1819620702860224e-11
22400.04800076804 4.2954527348024435e-12
22450.04800076804 5.679647307587456e-12
22500.04800076804 5.548916801591673e-12
22550.04800076804 2.5749915839084596e-12
22600.04800076804 2.7137999662224836e-12
22650.04800076804 6.437112833766909e-12
22700.04800076804 3.774373831675053e-12
22750.04800076804 2.9963612194886413e-12
22800.04800076804 5.492637402299303e-12
22850.04800076804 4.652014514479665e-12
22900.04800076804 2.0414911080350308e-12
22950.04800076804 1.2255152883144497e-12
23000.04800076804 2.6651212347747167e-12
23050.04800076804 2.8074648716303734e-12
23100.04800076804 2.3859930175996253e-11
23150.04800076804 2.4492241696801935e-11
23200.04800076804 6.182737680540975e-13
23250.04800076804 2.7484852561249754e-12
23300.04800076804 3.696862070006648e-12
23350.04800076804 3.3005851652075582e-12
23400.04800076804 4.0095621360931966e-12
23450.04800076804 1.431700579413686e-12
23500.04800076804 1.7664393346689508e-12
23550.04800076804 4.04951242449496e-12
23600.04800076804 9.044031932554812e-12
23650.04800076804 1.054686947884499e-11
23700.04800076804 1.6077898875192375e-12
23750.04800076804 2.090354681222361e-12
