galfind/configs/Brown_Dwarf_templates/sonora_cholla/logkzz2/316g/550K_316g_logkzz2_resample.dat
# %ECSV 1.0
# ---
# datatype:
# - {name: wav, unit: Angstrom, datatype: float64}
# - {name: flux_nu, unit: erg / (cm2 Hz s), datatype: float64}
# schema: astropy-2.0
wav flux_nu
3000.0480007680403 nan
3050.0480007680403 0.0
3100.0480007680403 0.0
3150.0480007680403 0.0
3200.0480007680403 0.0
3250.0480007680403 0.0
3300.0480007680403 0.0
3350.0480007680403 0.0
3400.0480007680403 0.0
3450.0480007680403 0.0
3500.0480007680403 0.0
3550.0480007680403 0.0
3600.0480007680403 0.0
3650.0480007680403 0.0
3700.0480007680403 0.0
3750.0480007680403 0.0
3800.0480007680403 0.0
3850.0480007680403 0.0
3900.0480007680403 0.0
3950.0480007680403 0.0
4000.0480007680403 0.0
4050.0480007680403 0.0
4100.04800076804 0.0
4150.04800076804 0.0
4200.04800076804 0.0
4250.04800076804 0.0
4300.04800076804 0.0
4350.04800076804 0.0
4400.04800076804 0.0
4450.04800076804 0.0
4500.04800076804 0.0
4550.04800076804 0.0
4600.04800076804 0.0
4650.04800076804 0.0
4700.04800076804 0.0
4750.04800076804 0.0
4800.04800076804 0.0
4850.04800076804 0.0
4900.04800076804 0.0
4950.04800076804 0.0
5000.04800076804 8.502654977098276e-12
5050.04800076804 2.3010345525957056e-11
5100.04800076804 2.707855823076807e-11
5150.04800076804 3.201673499745754e-11
5200.04800076804 3.7707024977859154e-11
5250.04800076804 4.372103173151199e-11
5300.04800076804 5.020693416023189e-11
5350.04800076804 5.726936684400782e-11
5400.04800076804 6.417134632976126e-11
5450.04800076804 7.195365088257811e-11
5500.04800076804 8.038469378885704e-11
5550.04800076804 8.930364274310352e-11
5600.04800076804 9.763239249796891e-11
5650.04800076804 1.0426458547252129e-10
5700.04800076804 1.055275314318991e-10
5750.04800076804 1.0595130396636762e-10
5800.04800076804 9.726303579794874e-11
5850.04800076804 7.614838143668668e-11
5900.04800076804 1.9739530249008643e-11
5950.04800076804 3.6056618651817775e-11
6000.04800076804 1.257318232849582e-10
6050.04800076804 2.0621322437931502e-10
6100.04800076804 2.906389144059145e-10
6150.04800076804 3.7262611435924537e-10
6200.04800076804 4.5237313581819207e-10
6250.04800076804 5.23462900467275e-10
6300.04800076804 6.0698135061111e-10
6350.04800076804 6.934228499664819e-10
6400.04800076804 7.7384450313678e-10
6450.04800076804 7.830754916161582e-10
6500.04800076804 8.622579750272399e-10
6550.04800076804 9.824021088701957e-10
6600.04800076804 1.0977902640513796e-09
6650.04800076804 1.2492509715868653e-09
6700.04800076804 1.4344419369741057e-09
6750.04800076804 1.6022466905277843e-09
6800.04800076804 1.764214079728796e-09
6850.04800076804 1.9399833134464404e-09
6900.04800076804 1.8529116059141731e-09
6950.04800076804 1.7280366150499488e-09
7000.04800076804 2.053737471154915e-09
7050.04800076804 2.0411282162020104e-09
7100.04800076804 2.1563713712098742e-09
7150.04800076804 1.5312375078757279e-09
7200.04800076804 1.1738055664433221e-09
7250.04800076804 1.4501144936677492e-09
7300.04800076804 1.4775329785344802e-09
7350.04800076804 1.7817640407997613e-09
7400.04800076804 2.162224180062924e-09
7450.04800076804 2.74351237867759e-09
7500.04800076804 3.1673342691884687e-09
7550.04800076804 3.624607064242288e-09
7600.04800076804 4.059845638795217e-09
7650.04800076804 4.3091772321387645e-09
7700.04800076804 2.7326650267420696e-09
7750.04800076804 1.064471624883984e-09
7800.04800076804 4.326167190616148e-09
7850.04800076804 4.848292755455223e-09
7900.04800076804 5.349090942782313e-09
7950.04800076804 5.87524241575431e-09
8000.04800076804 5.903388310325103e-09
8050.04800076804 5.827285512389051e-09
8100.04800076804 3.4255969808562126e-09
8150.04800076804 2.5326816613308475e-09
8200.04800076804 4.355697815341929e-09
8250.04800076804 4.034179494286092e-09
8300.04800076804 4.326169870681239e-09
8350.04800076804 4.113035231127003e-09
8400.04800076804 4.282665044721149e-09
8450.04800076804 5.282802512324738e-09
8500.04800076804 6.1085248236076844e-09
8550.04800076804 7.180727081887633e-09
8600.04800076804 8.436942319869278e-09
8650.04800076804 9.140526075824537e-09
8700.04800076804 8.960113134490879e-09
8750.04800076804 9.428130705925668e-09
8800.04800076804 8.789075960856087e-09
8850.04800076804 6.035905233731424e-09
8900.04800076804 1.2685727856965283e-09
8950.04800076804 9.104563093973817e-10
9000.04800076804 8.286632965829114e-10
9050.04800076804 2.9074208553476976e-09
9100.04800076804 3.1997067826734267e-09
9150.04800076804 2.791592244641235e-09
9200.04800076804 4.0079563396396046e-09
9250.04800076804 2.54117261129002e-09
9300.04800076804 5.156311907781491e-11
9350.04800076804 9.17454744261202e-11
9400.04800076804 4.392129418697634e-10
9450.04800076804 3.7076890948409206e-10
9500.04800076804 2.6694083720148175e-10
9550.04800076804 2.7482925823512593e-10
9600.04800076804 2.795935684903471e-10
9650.04800076804 4.94924589360836e-10
9700.04800076804 1.1572698856004215e-09
9750.04800076804 1.0841611135583623e-09
9800.04800076804 1.3871095275714988e-09
9850.04800076804 1.7452673468511849e-09
9900.04800076804 2.59804059887729e-09
9950.04800076804 2.7162600669724706e-09
10000.04800076804 3.785789477299079e-09
10050.04800076804 3.906905940794164e-09
10100.04800076804 4.84023884134633e-09
10150.04800076804 5.111234412598624e-09
10200.04800076804 5.350839261733492e-09
10250.04800076804 6.407377158205066e-09
10300.04800076804 7.751539780981911e-09
10350.04800076804 7.60895786677772e-09
10400.04800076804 9.715503516669026e-09
10450.04800076804 1.0984820381737544e-08
10500.04800076804 1.1908696123867347e-08
10550.04800076804 1.2888729193323374e-08
10600.04800076804 1.2765420493652845e-08
10650.04800076804 1.2475826674998312e-08
10700.04800076804 1.1360480583328823e-08
10750.04800076804 1.0948732153612312e-08
10800.04800076804 9.841920974261102e-09
10850.04800076804 8.457699869823367e-09
10900.04800076804 5.9130960271571664e-09
10950.04800076804 2.5891371888830015e-09
11000.04800076804 1.318848030859849e-09
11050.04800076804 5.863308659588208e-10
11100.04800076804 2.678711115155755e-10
11150.04800076804 9.886510123660062e-11
11200.04800076804 7.102055521855382e-11
11250.04800076804 9.515235249529373e-11
11300.04800076804 1.478241503280197e-10
11350.04800076804 4.0571853991079955e-11
11400.04800076804 2.1477875882593527e-10
11450.04800076804 1.161731425661554e-10
11500.04800076804 1.0748087394271321e-10
11550.04800076804 2.6124398169405783e-11
11600.04800076804 1.4762145528886546e-11
11650.04800076804 6.266876227930215e-11
11700.04800076804 8.462253422206918e-11
11750.04800076804 2.3282412407775455e-11
11800.04800076804 1.4444022925311178e-10
11850.04800076804 2.5310463311525864e-10
11900.04800076804 3.221855830682214e-10
11950.04800076804 5.842625044799501e-10
12000.04800076804 1.0034029263401097e-09
12050.04800076804 1.6280060945735652e-09
12100.04800076804 2.3401943907892365e-09
12150.04800076804 3.3151606614198042e-09
12200.04800076804 4.070436845509674e-09
12250.04800076804 5.433384611868867e-09
12300.04800076804 7.407683390356316e-09
12350.04800076804 8.118609875418954e-09
12400.04800076804 1.0935721665261182e-08
12450.04800076804 1.3725890390396608e-08
12500.04800076804 1.550769221519029e-08
12550.04800076804 1.7551904950456014e-08
12600.04800076804 1.9632996087202472e-08
12650.04800076804 2.0513194250035214e-08
12700.04800076804 2.06303710420443e-08
12750.04800076804 1.6816821100987556e-08
12800.04800076804 1.3932243366601205e-08
12850.04800076804 9.488556599368179e-09
12900.04800076804 7.281720849869574e-09
12950.04800076804 5.694338648559653e-09
13000.04800076804 6.315017664602206e-09
13050.04800076804 4.1399636724917235e-09
13100.04800076804 3.847974427847044e-09
13150.04800076804 2.4725327418440546e-09
13200.04800076804 2.5095831415745187e-09
13250.04800076804 1.699494078162348e-09
13300.04800076804 5.749621131135102e-10
13350.04800076804 1.7856595341689013e-10
13400.04800076804 5.104764935956244e-11
13450.04800076804 1.2882763401063031e-11
13500.04800076804 3.917363534413874e-12
13550.04800076804 1.1373702012686605e-12
13600.04800076804 2.1680207095793625e-13
13650.04800076804 2.2013717243796268e-12
13700.04800076804 1.0691285334344847e-12
13750.04800076804 3.8870155882458685e-12
13800.04800076804 3.708768474535353e-12
13850.04800076804 1.3516372741885289e-12
13900.04800076804 2.4665450793435745e-12
13950.04800076804 2.157435373311611e-12
14000.04800076804 2.590379941104542e-12
14050.04800076804 4.890371103102388e-12
14100.04800076804 4.305270396394439e-12
14150.04800076804 1.0311636652428243e-11
14200.04800076804 6.1946521694349895e-12
14250.04800076804 9.350923769107142e-12
14300.04800076804 3.608793180015753e-11
14350.04800076804 2.7954293127175896e-11
14400.04800076804 2.9883544279654005e-11
14450.04800076804 5.6367280754335807e-11
14500.04800076804 1.380813996556421e-10
14550.04800076804 1.5153057695049904e-10
14600.04800076804 2.977949962825379e-10
14650.04800076804 2.145854225128532e-10
14700.04800076804 1.0962289276787501e-10
14750.04800076804 1.2277226408725731e-10
14800.04800076804 1.5084773448421886e-10
14850.04800076804 1.5974650104095568e-10
14900.04800076804 1.9036365402423673e-10
14950.04800076804 2.2254651657835812e-10
15000.04800076804 4.486523552825237e-10
15050.04800076804 4.574954139801354e-10
15100.04800076804 3.8813848763490964e-10
15150.04800076804 2.983036037384155e-10
15200.04800076804 5.302982537664797e-10
15250.04800076804 9.9660421467424e-10
15300.04800076804 1.2243339994154034e-09
15350.04800076804 1.6292218893761855e-09
15400.04800076804 2.008393849102836e-09
15450.04800076804 2.464363595755193e-09
15500.04800076804 2.9753714282336722e-09
15550.04800076804 4.121503077852959e-09
15600.04800076804 5.28658763204316e-09
15650.04800076804 6.792855302225416e-09
15700.04800076804 8.93118119109793e-09
15750.04800076804 1.0339138574595341e-08
15800.04800076804 1.1420688808078099e-08
15850.04800076804 1.2834230305575747e-08
15900.04800076804 1.198363185302476e-08
15950.04800076804 1.1459676027936997e-08
16000.04800076804 8.857305281921856e-09
16050.04800076804 5.423745508871058e-09
16100.04800076804 3.225321463542435e-09
16150.04800076804 1.6131984758992044e-09
16200.04800076804 7.775393319646044e-10
16250.04800076804 5.236327664114625e-10
16300.04800076804 3.167809175658083e-10
16350.04800076804 4.035154494618903e-10
16400.04800076804 5.026688850409899e-10
16450.04800076804 4.742104620925761e-10
16500.04800076804 4.4042493569356486e-10
16550.04800076804 4.3584385232747873e-10
16600.04800076804 7.479162830963571e-10
16650.04800076804 5.29224462520085e-10
16700.04800076804 6.330600173787873e-11
16750.04800076804 2.717367356440044e-10
16800.04800076804 4.3684568943356163e-10
16850.04800076804 4.521558778975492e-10
16900.04800076804 2.0914479430140066e-10
16950.04800076804 1.438785969965097e-10
17000.04800076804 7.084278027760864e-11
17050.04800076804 1.369652719772513e-10
17100.04800076804 2.437919652103702e-10
17150.04800076804 1.2282714751615157e-10
17200.04800076804 4.648054560508664e-10
17250.04800076804 2.0989172399696324e-10
17300.04800076804 1.2528973924344458e-10
17350.04800076804 1.6403635504417148e-10
17400.04800076804 2.722334319073053e-10
17450.04800076804 3.5763281900731015e-10
17500.04800076804 5.048931824869096e-10
17550.04800076804 3.9447914152002685e-10
17600.04800076804 2.894052362839447e-10
17650.04800076804 2.1947202069625844e-10
17700.04800076804 1.8766803758517391e-10
17750.04800076804 1.5471833144734538e-10
17800.04800076804 3.0457579892198504e-10
17850.04800076804 1.5174078775486893e-10
17900.04800076804 1.1597486679806044e-10
17950.04800076804 6.639816483758574e-11
18000.04800076804 1.1872165687483995e-10
18050.04800076804 7.841068688599311e-11
18100.04800076804 8.073500780424074e-11
18150.04800076804 7.53006315778036e-11
18200.04800076804 4.067858923955643e-11
18250.04800076804 1.7973402039143123e-10
18300.04800076804 3.262288633439867e-11
18350.04800076804 2.5345699453962517e-11
18400.04800076804 1.5725337456867995e-11
18450.04800076804 1.0114082966298334e-10
18500.04800076804 1.008609103422779e-10
18550.04800076804 4.912027267112601e-11
18600.04800076804 7.10033782563942e-11
18650.04800076804 4.031453778792097e-11
18700.04800076804 1.0268266871866342e-11
18750.04800076804 2.3866012607552294e-11
18800.04800076804 2.1037257695082143e-10
18850.04800076804 1.7089437580724377e-10
18900.04800076804 1.5970781888671376e-10
18950.04800076804 3.188198403978092e-10
19000.04800076804 7.361163600817647e-11
19050.04800076804 3.803611099261202e-11
19100.04800076804 1.19021232641051e-10
19150.04800076804 4.862098995893772e-11
19200.04800076804 1.1029726554311751e-10
19250.04800076804 7.638222535198928e-11
19300.04800076804 4.349224620636969e-11
19350.04800076804 5.807670665755444e-11
19400.04800076804 4.2478659475554296e-11
19450.04800076804 8.437661566171144e-11
19500.04800076804 7.121306489766294e-11
19550.04800076804 8.16285484941028e-11
19600.04800076804 1.4897822607140224e-10
19650.04800076804 1.4839501021170465e-10
19700.04800076804 1.8076828184231277e-10
19750.04800076804 2.738301953975733e-10
19800.04800076804 2.4773724250865845e-10
19850.04800076804 3.2104325694683976e-10
19900.04800076804 3.7502522745975465e-10
19950.04800076804 5.129083662161051e-10
20000.04800076804 5.597781505300571e-10
20050.04800076804 4.954205478444641e-10
20100.04800076804 7.508122534594537e-10
20150.04800076804 5.146330778653703e-10
20200.04800076804 4.521309952649077e-10
20250.04800076804 7.049061930224011e-10
20300.04800076804 7.243504307406225e-10
20350.04800076804 8.066004945905853e-10
20400.04800076804 6.750767716976149e-10
20450.04800076804 1.0354867349709498e-09
20500.04800076804 1.0725914125403693e-09
20550.04800076804 1.1231699040682694e-09
20600.04800076804 1.1820415377585593e-09
20650.04800076804 1.240445193839493e-09
20700.04800076804 1.2428618446464308e-09
20750.04800076804 1.3136000529747176e-09
20800.04800076804 1.231236893039539e-09
20850.04800076804 1.3104707323128686e-09
20900.04800076804 1.3163862231868477e-09
20950.04800076804 1.2538445748173386e-09
21000.04800076804 1.2213178007863845e-09
21050.04800076804 1.2077092789992916e-09
21100.04800076804 1.1603524395122438e-09
21150.04800076804 1.1467649184933657e-09
21200.04800076804 1.0811771354021737e-09
21250.04800076804 1.0243207214215646e-09
21300.04800076804 9.165738778700827e-10
21350.04800076804 8.957500898308558e-10
21400.04800076804 8.836291591333918e-10
21450.04800076804 7.222127741329851e-10
21500.04800076804 7.169443081742022e-10
21550.04800076804 6.842605147451086e-10
21600.04800076804 6.072085506050289e-10
21650.04800076804 5.052296042628746e-10
21700.04800076804 5.033654173746416e-10
21750.04800076804 5.261551286858819e-10
21800.04800076804 4.308197388321056e-10
21850.04800076804 3.826904400128738e-10
21900.04800076804 3.1425737368102355e-10
21950.04800076804 1.1379618781681371e-10
22000.04800076804 1.7023659975482246e-11
22050.04800076804 2.992236693299729e-11
22100.04800076804 1.2446322944761555e-10
22150.04800076804 9.708089116536092e-11
22200.04800076804 7.595666746593208e-11
22250.04800076804 7.475030847573574e-11
22300.04800076804 3.4925980385091e-11
22350.04800076804 4.8360107081498906e-11
22400.04800076804 1.9222343874726836e-11
22450.04800076804 2.332322813390168e-11
22500.04800076804 2.3429604053159306e-11
22550.04800076804 1.127603071593984e-11
22600.04800076804 1.3161728236434607e-11
22650.04800076804 2.8414414424909004e-11
22700.04800076804 1.6110868276032907e-11
22750.04800076804 1.2975160273654674e-11
22800.04800076804 2.0923236647805864e-11
22850.04800076804 1.877462239383302e-11
22900.04800076804 8.73701503471864e-12
22950.04800076804 5.8890297966944836e-12
23000.04800076804 1.2259310308418441e-11
23050.04800076804 1.3690861940429742e-11
23100.04800076804 8.486734883736744e-11
23150.04800076804 8.741532202100767e-11
23200.04800076804 3.1331662862082447e-12
23250.04800076804 1.046650489031747e-11
23300.04800076804 1.4894136262477442e-11
23350.04800076804 1.2785856311462364e-11
23400.04800076804 1.6233721998783267e-11
23450.04800076804 6.870559737797986e-12
23500.04800076804 8.182244565041017e-12
23550.04800076804 1.6540346324344822e-11
23600.04800076804 3.191635960933456e-11
23650.04800076804 3.954157144492664e-11
23700.04800076804 7.323726040031415e-12
23750.04800076804 8.1020189726345e-12
