galfind/configs/Brown_Dwarf_templates/sonora_cholla/logkzz2/316g/600K_316g_logkzz2_resample.dat
# %ECSV 1.0
# ---
# datatype:
# - {name: wav, unit: Angstrom, datatype: float64}
# - {name: flux_nu, unit: erg / (cm2 Hz s), datatype: float64}
# schema: astropy-2.0
wav flux_nu
[from data line 1211]
63550.04800076804 1.777514847834029e-08
63600.04800076804 1.562593566342017e-08
63650.04800076804 9.353157518759938e-09
63700.04800076804 2.415809939555024e-09
63750.04800076804 7.421455392933085e-09
63800.04800076804 1.93743459609292e-08
63850.04800076804 1.3948779059008888e-08
63900.04800076804 3.578172871147436e-09
63950.04800076804 9.856258601583595e-09
64000.04800076804 1.3806575759755171e-08
64050.04800076804 4.674329449922524e-09
64100.04800076804 9.18632906620701e-10
64150.04800076804 1.455097216796522e-09
64200.04800076804 1.8684340096190587e-09
64250.04800076804 6.929935943155687e-09
64300.04800076804 5.640313520442576e-09
64350.04800076804 3.6054850544207884e-09
64400.04800076804 1.0966042777009725e-08
64450.04800076804 1.2595309402674213e-08
64500.04800076804 4.7008619830416634e-09
64550.04800076804 1.0792333010936592e-08
64600.04800076804 6.333947317567057e-09
64650.04800076804 9.302496869381459e-09
64700.04800076804 2.7593011678075824e-09
64750.04800076804 4.922956236799655e-09
64800.04800076804 2.5558117599635727e-09
64850.04800076804 1.6781957196114026e-09
64900.04800076804 1.5985406066301942e-09
64950.04800076804 1.3080763227918262e-09
65000.04800076804 2.6678733799778745e-09
65050.04800076804 5.77957420363169e-09
65100.04800076804 8.739533760897673e-09
65150.04800076804 3.725394720477035e-09
65200.04800076804 1.3630530574219991e-09
65250.04800076804 5.182631073394785e-09
65300.04800076804 6.4769988707507094e-09
65350.04800076804 1.7417104432057236e-08
65400.04800076804 6.139835110638435e-09
65450.04800076804 6.136844234552227e-09
65500.04800076804 7.459142983822682e-09
65550.04800076805 2.71741050589205e-09
65600.04800076805 7.055460459302493e-09
65650.04800076805 3.948881091259974e-09
65700.04800076805 3.6290758011210774e-09
65750.04800076805 2.4111230646381678e-09
65800.04800076805 6.214635713737264e-09
65850.04800076805 9.4257227632311e-09
65900.04800076805 1.961874032042737e-09
65950.04800076805 4.265373818029713e-09
66000.04800076805 5.508206560496171e-09
66050.04800076805 1.2936906287717693e-08
66100.04800076805 6.7681985736436924e-09
66150.04800076805 6.253624880936722e-09
66200.04800076805 5.968959172678303e-09
66250.04800076805 3.1815004431105603e-09
66300.04800076805 1.1199687525582862e-09
66350.04800076805 8.480632907107892e-10
66400.04800076805 1.9062734121802702e-09
66450.04800076805 7.2537690520711444e-09
66500.04800076805 1.136075838932153e-08
66550.04800076805 1.1885460394804238e-08
66600.04800076805 9.218345784592512e-09
66650.04800076805 5.981814067629796e-09
66700.04800076805 3.955061577428503e-09
66750.04800076805 4.5398267840043244e-09
66800.04800076805 5.360514459668064e-09
66850.04800076805 3.320219276951491e-09
66900.04800076805 1.3943663824646114e-08
66950.04800076805 1.250055377220553e-08
67000.04800076805 1.4978610082827672e-08
67050.04800076805 7.90789907756025e-09
67100.04800076805 3.983452739640318e-09
67150.04800076805 5.427824772171559e-09
67200.04800076805 8.880302935753687e-09
67250.04800076805 7.925550472433116e-09
67300.04800076805 1.4634938759517384e-08
67350.04800076805 6.018211925665123e-09
67400.04800076805 1.548591090051725e-08
67450.04800076805 8.708862441244944e-09
67500.04800076805 8.450520674283066e-09
67550.04800076805 1.9461127653879384e-08
67600.04800076805 3.145765887294508e-08
67650.04800076805 2.2239210839254037e-08
67700.04800076805 1.162554714554195e-08
67750.04800076805 6.4863175488375205e-09
67800.04800076805 1.0115558152589464e-08
67850.04800076805 3.98314309861004e-09
67900.04800076805 5.022152327659187e-09
67950.04800076805 4.057952217574229e-09
68000.04800076805 1.018889499758315e-08
68050.04800076805 1.2487430438536945e-08
68100.04800076805 2.119659062126768e-08
68150.04800076805 1.7655927846892253e-08
68200.04800076805 1.2070021916432903e-08
68250.04800076805 2.1164112134290027e-09
68300.04800076805 1.297003773890377e-08
68350.04800076805 1.413700301672984e-08
68400.04800076805 2.4766555256982735e-08
68450.04800076805 1.9652224470507825e-08
68500.04800076805 1.0970164703806124e-08
68550.04800076805 3.924348237218631e-09
68600.04800076805 4.018119141495426e-09
68650.04800076805 1.8147115073986352e-09
68700.04800076805 5.777862877935811e-09
68750.04800076805 1.121639974835118e-08
68800.04800076805 1.2580472002995053e-08
68850.04800076805 4.762472847661135e-09
68900.04800076805 2.098902067696902e-08
68950.04800076805 2.2236714580049728e-08
69000.04800076805 1.3653590217767674e-08
69050.04800076805 6.093538815466896e-09
69100.04800076805 1.818212200120948e-08
69150.04800076805 2.7738015201183657e-08
69200.04800076805 2.0631854198165445e-08
69250.04800076805 2.756872236128941e-08
69300.04800076805 1.5079942502071578e-08
69350.04800076805 3.19471154261093e-08
69400.04800076805 1.0312572945262219e-08
69450.04800076805 2.768120376193852e-08
69500.04800076805 1.2208431394790583e-08
69550.04800076805 8.932143373430527e-09
69600.04800076805 2.0899021605467313e-09
69650.04800076805 9.308278514434192e-09
69700.04800076805 1.835940468644492e-08
69750.04800076805 1.1155041653834782e-08
69800.04800076805 2.0050485719071508e-08
69850.04800076805 2.0774785656590526e-08
69900.04800076805 1.2635333913222592e-08
69950.04800076805 1.1815971679521909e-08
70000.04800076805 1.3603784960007268e-08
70050.04800076805 2.733417665019211e-08
70100.04800076805 2.0003312607050736e-08
70150.04800076805 1.4638898522695385e-08
70200.04800076805 9.562052961247399e-09
70250.04800076805 1.3240309133469576e-08
70300.04800076805 2.646790805565616e-08
70350.04800076805 1.956348407457359e-08
70400.04800076805 8.844720211242591e-09
70450.04800076805 1.2086268907147159e-09
70500.04800076805 7.409267843206468e-09
70550.04800076805 7.410141704870405e-09
70600.04800076805 7.66172137366871e-09
70650.04800076805 2.113944021850049e-08
70700.04800076805 2.234276287377381e-08
70750.04800076805 3.447091478351788e-08
70800.04800076805 1.4257311050339158e-08
70850.04800076805 1.5029042558137096e-08
70900.04800076805 1.9169488425912685e-08
70950.04800076805 2.629530509019618e-08
71000.04800076805 2.392957634894464e-08
71050.04800076805 2.4288500542090332e-08
71100.04800076805 1.8025008306429104e-08
71150.04800076805 1.1463340453912918e-08
71200.04800076805 1.0490418936878234e-08
71250.04800076805 1.9233323718291564e-08
71300.04800076805 2.627560885735752e-08
71350.04800076805 2.7266231467118416e-08
71400.04800076805 1.9959326077980892e-08
71450.04800076805 7.194001792144832e-09
71500.04800076805 8.698498984749526e-09
71550.04800076805 1.1571460665381604e-08
71600.04800076805 1.3556352242104825e-08
71650.04800076805 8.20817298643769e-09
71700.04800076805 5.6600672529624976e-09
71750.04800076805 1.4276990873754457e-08
71800.04800076805 2.1852577307876605e-08
71850.04800076805 2.089969035715752e-08
71900.04800076805 1.021031500289063e-08
71950.04800076805 1.6049572033716964e-08
72000.04800076805 1.4235016910307607e-08
72050.04800076805 6.40698424610406e-09
72100.04800076805 8.274493132438632e-09
72150.04800076805 9.319264764178546e-09
72200.04800076805 1.5745197534102822e-08
72250.04800076805 2.3768681863179086e-08
72300.04800076805 1.3447354608502186e-08
72350.04800076805 1.6936876943841486e-08
72400.04800076805 1.4934539689471812e-08
72450.04800076805 1.1287750006713042e-08
72500.04800076805 1.609774405869876e-08
72550.04800076805 5.386615006393748e-09
72600.04800076805 1.0530935430181469e-08
72650.04800076805 1.9787302872475535e-08
72700.04800076805 1.0736428544561664e-08
72750.04800076805 1.1351492304056163e-08
72800.04800076805 6.242361952347311e-09
72850.04800076805 9.353037197495783e-09
72900.04800076805 2.0939798143722515e-08
72950.04800076805 1.1783438415418168e-08
73000.04800076805 1.260468143299697e-08
73050.04800076805 5.766413220040684e-09
73100.04800076805 8.172648979865706e-09
73150.04800076805 2.0694144940038878e-08
73200.04800076805 7.356984072584128e-09
73250.04800076805 1.002151395941199e-08
73300.04800076805 7.086233372729131e-09
73350.04800076805 4.723866655930648e-09
73400.04800076805 9.986647511586938e-09
73450.04800076805 5.223242344264281e-09
73500.04800076805 4.4770004966217666e-09
73550.04800076805 8.29323773469744e-09
73600.04800076805 8.730035875684729e-09
73650.04800076805 9.258380724169647e-09
73700.04800076805 8.540362914322132e-09
73750.04800076805 2.5272772338802007e-09
73800.04800076805 7.744034485923155e-09
73850.04800076805 1.1757130806751965e-08
73900.04800076805 5.52178576120984e-09
73950.04800076805 6.257380631155555e-09
74000.04800076805 2.6862149825095645e-09
74050.04800076805 1.3261697223219121e-08
74100.04800076805 9.082047952405929e-09
74150.04800076805 9.27400923297195e-09
74200.04800076805 4.419913869171286e-09
74250.04800076805 7.318679675343876e-10
74300.04800076805 8.719871838893298e-09
74350.04800076805 1.3156905517841802e-08
74400.04800076805 1.2097873612939156e-08
74450.04800076805 4.16328730425171e-09
74500.04800076805 2.136064525709106e-09
74550.04800076805 5.621656136440896e-09
74600.04800076805 7.65010646830862e-09
74650.04800076805 7.927280361912021e-09
74700.04800076805 5.092062193829807e-09
74750.04800076805 2.709116097931435e-09
74800.04800076805 4.1780719825181615e-09
74850.04800076805 7.381341233122444e-09
74900.04800076805 1.206346733067314e-08
74950.04800076805 1.1159103125673472e-08
75000.04800076805 4.595009054009431e-09
75050.04800076805 8.301163150616631e-10
75100.04800076805 1.0321983379647515e-08
75150.04800076805 1.3708468940581655e-08
75200.04800076805 1.4432033169736297e-08
75250.04800076805 1.383436116998307e-08
75300.04800076805 9.586851232342721e-09
75350.04800076805 2.458771864619144e-09
75400.04800076805 1.47764775288055e-08
75450.04800076805 1.4392424764683212e-08
75500.04800076805 1.3961519599410207e-08
75550.04800076805 1.2091104678747342e-08
75600.04800076805 1.4587964351662495e-08
75650.04800076805 7.722090648675359e-09
75700.04800076805 1.724486426650633e-08
75750.04800076805 8.505267161949983e-09
75800.04800076805 1.3627925767001194e-08
75850.04800076805 1.5501477954438198e-08
75900.04800076805 1.635343659736529e-08
75950.04800076805 7.025878182950551e-09
76000.04800076805 1.923519617038104e-08
76050.04800076805 1.789884907923601e-08
76100.04800076805 1.530356923573161e-08
76150.04800076805 1.7503910540034515e-08
76200.04800076805 1.4817063566529705e-08
76250.04800076805 8.159124597767275e-09
76300.04800076805 2.45703446772316e-08
76350.04800076805 2.811732059450784e-08
76400.04800076805 2.1845580282747682e-08
76450.04800076805 1.619752852361428e-08
76500.04800076805 1.0577560882403964e-08
76550.04800076805 3.622033297038216e-09
76600.04800076805 6.976503436552853e-10
76650.04800076805 7.470503505618112e-10
76700.04800076805 1.3164193066396364e-09
76750.04800076805 1.5305271821926467e-09
76800.04800076805 3.4698428381471815e-09
76850.04800076805 1.4034970293972237e-09
76900.04800076805 1.2339343888763287e-09
76950.04800076805 3.945817577982237e-09
77000.04800076805 6.9122127926214465e-09
77050.04800076805 1.2478982245447449e-09
77100.04800076805 1.415401554755348e-09
77150.04800076805 8.06552888569794e-09
77200.04800076805 4.2780474508591674e-09
77250.04800076805 3.072089166695997e-09
77300.04800076805 6.939268291332069e-09
77350.04800076805 3.0520222145654647e-09
77400.04800076805 3.4176806107161545e-09
77450.04800076805 9.863143146782708e-09
77500.04800076805 6.86694291125756e-09
77550.04800076805 4.999591913832988e-09
77600.04800076805 2.517754010031788e-09
77650.04800076805 3.6095676146233175e-09
77700.04800076805 3.108168537290206e-09
77750.04800076805 9.807622600957202e-09
77800.04800076805 1.0115072550336508e-08
77850.04800076805 1.8869823766629443e-08
77900.04800076805 7.956547155880176e-09
77950.04800076805 1.5186716802531863e-09
78000.04800076805 5.5721677332456386e-09
78050.04800076805 7.260089338605547e-09
78100.04800076805 8.40366926203512e-09
78150.04800076805 1.5528025172247693e-08
78200.04800076805 1.6788396038403403e-08
78250.04800076805 1.4379203547507333e-08
78300.04800076805 5.35778316539151e-09
78350.04800076805 1.1597047571106387e-08
78400.04800076805 4.1196778598107506e-09
78450.04800076805 1.07434041232186e-08
78500.04800076805 1.7367162012506827e-08
78550.04800076805 2.348955496587879e-08
78600.04800076805 1.617880974626152e-08
78650.04800076805 1.7482759193657066e-09
78700.04800076805 4.104735311185582e-09
78750.04800076805 7.730354645423638e-09
78800.04800076805 7.459427145444659e-09
78850.04800076805 2.4800552628111776e-09
78900.04800076805 8.522726383132212e-09
78950.04800076805 1.3976978002803968e-08
79000.04800076805 1.0418348143085386e-08
79050.04800076805 7.3478297954033575e-09
79100.04800076805 9.854285340080132e-09
79150.04800076805 8.1309528581165e-09
79200.04800076805 1.0649884138567786e-08
79250.04800076805 5.060488511080129e-09
79300.04800076805 5.2750148442101765e-09
79350.04800076805 8.541362817785647e-09
79400.04800076805 4.4839931488414055e-09
79450.04800076805 1.5800717712073973e-08
79500.04800076805 2.2480231215722577e-08
79550.04800076805 1.6591478458657766e-08
79600.04800076805 7.676870352777743e-09
79650.04800076805 1.363905268264499e-08
79700.04800076805 1.0723478909244782e-08
79750.04800076805 1.0356078672272921e-08
79800.04800076805 5.478644498152645e-09
79850.04800076805 1.2992294340995166e-08
79900.04800076805 2.4432975233538015e-08
79950.04800076805 2.31658989046849e-08
