galfind/configs/Brown_Dwarf_templates/sonora_cholla/logkzz2/316g/600K_316g_logkzz2_resample.dat
# %ECSV 1.0
# ---
# datatype:
# - {name: wav, unit: Angstrom, datatype: float64}
# - {name: flux_nu, unit: erg / (cm2 Hz s), datatype: float64}
# schema: astropy-2.0
wav flux_nu
[from data line 814]
43700.04800076804 1.6880345053455696e-07
43750.04800076804 1.5433286183071873e-07
43800.04800076804 1.1893062876759008e-07
43850.04800076804 1.257197291797461e-07
43900.04800076804 1.0315849610592025e-07
43950.04800076804 7.244434434339785e-08
44000.04800076804 5.8753232491928186e-08
44050.04800076804 1.3989538122486785e-07
44100.04800076804 1.831481613985658e-07
44150.04800076804 1.7390211336745505e-07
44200.04800076804 1.48339658351563e-07
44250.04800076804 8.857620648906337e-08
44300.04800076804 6.854999578340548e-08
44350.04800076804 7.648686303504883e-08
44400.04800076804 7.686416878851906e-08
44450.04800076804 1.1547318469484672e-07
44500.04800076804 9.5994966490338e-08
44550.04800076804 1.3984483493170035e-07
44600.04800076804 1.0098068083131817e-07
44650.04800076804 1.1636594010999148e-07
44700.04800076804 8.122241069233447e-08
44750.04800076804 1.053277991298355e-07
44800.04800076804 7.557460227185696e-08
44850.04800076804 1.0590041880059193e-07
44900.04800076804 7.791982515603133e-08
44950.04800076804 7.612280405536893e-08
45000.04800076804 9.883334590095771e-08
45050.04800076804 9.74416217635416e-08
45100.04800076804 9.386861125527002e-08
45150.04800076804 7.537147420723953e-08
45200.04800076804 4.556398427643983e-08
45250.04800076804 5.2477637147698606e-08
45300.04800076804 6.630478409662927e-08
45350.04800076804 6.149214475844475e-08
45400.04800076804 7.448373212643821e-08
45450.04800076804 6.70312046494143e-08
45500.04800076804 7.55226326441022e-08
45550.04800076804 8.565674899686251e-08
45600.04800076804 7.015338182863171e-08
45650.04800076804 6.443650822972897e-08
45700.04800076804 6.085329396434619e-08
45750.04800076804 4.597793817108303e-08
45800.04800076804 6.222263812980851e-08
45850.04800076804 8.008390869108209e-08
45900.04800076804 9.291847209092726e-08
45950.04800076804 5.5606208542804384e-08
46000.04800076804 8.64359975206882e-08
46050.04800076804 8.007830903114692e-08
46100.04800076804 6.681979291711993e-08
46150.04800076804 6.836947947450513e-08
46200.04800076804 5.473729492497368e-08
46250.04800076804 2.8652022002872462e-08
46300.04800076804 8.500752499657538e-08
46350.04800076804 6.13489337248017e-08
46400.04800076804 7.935923264616142e-08
46450.04800076804 8.727079874519858e-08
46500.04800076804 6.998512897050343e-08
46550.04800076804 5.054373489278715e-08
46600.04800076804 6.652246950451858e-08
46650.04800076804 1.3855169757454575e-07
46700.04800076804 8.039645104956811e-08
46750.04800076804 4.5606706660734904e-08
46800.04800076804 2.771514976985885e-08
46850.04800076804 1.0159966758381315e-07
46900.04800076804 9.087358380205499e-08
46950.04800076804 1.0854053972322876e-07
47000.04800076804 6.677492049299423e-08
47050.04800076804 8.786898207075702e-08
47100.04800076804 3.5752604226495725e-08
47150.04800076804 6.48232341033731e-08
47200.04800076804 8.757109696426053e-08
47250.04800076804 4.725267426718863e-08
47300.04800076804 4.1679971659992827e-08
47350.04800076804 6.753951068343988e-08
47400.04800076804 1.080028327892981e-07
47450.04800076804 5.7031661236447975e-08
47500.04800076804 1.274778847207317e-07
47550.04800076804 6.934911222287302e-08
47600.04800076804 9.94601746589284e-08
47650.04800076804 5.285683276886902e-08
47700.04800076804 8.958342659869955e-08
47750.04800076804 4.045472355548356e-08
47800.04800076804 5.185362158952981e-08
47850.04800076804 2.5184371060654985e-08
47900.04800076804 4.1043625116089865e-08
47950.04800076804 6.768323152383072e-08
48000.04800076804 1.2153727974659812e-07
48050.04800076804 7.730697161685441e-08
48100.04800076804 4.9679692065064836e-08
48150.04800076804 5.968665704917391e-08
48200.04800076804 6.722586845345682e-08
48250.04800076804 5.935633675280772e-08
48300.04800076804 1.2706917905602472e-07
48350.04800076804 5.2851787552236316e-08
48400.04800076804 2.3703673051104793e-08
48450.04800076804 4.156872292383118e-08
48500.04800076804 7.865665931525152e-08
48550.04800076804 5.427889601707422e-08
48600.04800076804 9.700441794894193e-08
48650.04800076804 8.653689940824641e-08
48700.04800076804 9.20270950870108e-08
48750.04800076804 5.7174756389220436e-08
48800.04800076804 1.0457480834997678e-07
48850.04800076804 6.031617897581376e-08
48900.04800076804 7.815390875160595e-08
48950.04800076804 4.9727145426774456e-08
49000.04800076804 3.0867891225293404e-08
49050.04800076804 8.080211285091029e-08
49100.04800076804 7.900368986555217e-08
49150.04800076804 8.309133674156174e-08
49200.04800076804 9.644157273955959e-08
49250.04800076804 1.1647601481170033e-07
49300.04800076804 8.673020436443102e-08
49350.04800076804 3.920905941804822e-08
49400.04800076804 5.609921030867207e-08
49450.04800076804 6.049225945544768e-08
49500.04800076804 5.1680007758556083e-08
49550.04800076804 1.1817645744484344e-08
49600.04800076804 3.2766760786649267e-08
49650.04800076804 5.97044971324083e-08
49700.04800076804 6.91303114297449e-08
49750.04800076804 7.75375067294861e-08
49800.04800076804 4.813265190614394e-08
49850.04800076804 1.0325767530776314e-07
49900.04800076804 8.915393177418656e-08
49950.04800076804 8.224753080627029e-08
50000.04800076804 7.134121318824727e-08
50050.04800076804 8.325325826012725e-08
50100.04800076804 6.918028275823425e-08
50150.04800076804 3.115556666990213e-08
50200.04800076804 7.408163110485518e-09
50250.04800076804 3.746575956216575e-08
50300.04800076804 2.6224590946089463e-08
50350.04800076804 7.714074113045574e-08
50400.04800076804 8.42528943834921e-08
50450.04800076804 6.161687442031944e-08
50500.04800076804 9.357495638525499e-08
50550.04800076804 9.646668119944613e-08
50600.04800076804 6.648860961325748e-08
50650.04800076804 9.495308811200901e-08
50700.04800076804 1.0645727192917696e-07
50750.04800076804 6.689943193892023e-08
50800.04800076804 2.4358361771804598e-08
50850.04800076804 1.3516471915928306e-08
50900.04800076804 7.235675978625161e-08
50950.04800076804 7.155093075394711e-08
51000.04800076804 5.130456629286996e-08
51050.04800076804 7.231231871242101e-08
51100.04800076804 2.262342764817013e-08
51150.04800076804 3.243541983404575e-08
51200.04800076804 1.0157082143112843e-07
51250.04800076804 6.36626150231303e-08
51300.04800076804 4.706133500387164e-08
51350.04800076804 4.94503940092551e-08
51400.04800076804 1.7221420272372332e-08
51450.04800076804 1.4324906581623983e-08
51500.04800076804 1.24588020018137e-08
51550.04800076804 4.1279799441539934e-08
51600.04800076804 3.7775083844227385e-08
51650.04800076804 5.455108823722745e-08
51700.04800076804 5.224909131499611e-08
51750.04800076804 3.150934270166496e-08
51800.04800076804 7.2561017376645e-08
51850.04800076804 5.9356497244104964e-08
51900.04800076804 7.067963478597073e-08
51950.04800076804 3.91489372615187e-08
52000.04800076804 5.107812869815688e-09
52050.04800076804 2.1296430497376684e-08
52100.04800076804 1.3862501071473811e-08
52150.04800076804 7.943338776998025e-09
52200.04800076804 1.9383998849737536e-08
52250.04800076804 3.758578518575713e-08
52300.04800076804 5.343468202356679e-08
52350.04800076804 1.6018608079586332e-08
52400.04800076804 1.7203658741252326e-08
52450.04800076804 5.6135196312053e-08
52500.04800076804 4.829659417417999e-08
52550.04800076804 4.952435500872399e-08
52600.04800076804 3.971335057417727e-08
52650.04800076804 4.065266877162359e-08
52700.04800076804 3.077204206205506e-08
52750.04800076804 1.432210521144378e-08
52800.04800076804 2.1372965260903758e-08
52850.04800076804 2.7530773341559237e-08
52900.04800076804 1.2453094163316526e-08
52950.04800076804 1.9431724991172037e-08
53000.04800076804 4.4598365074582264e-08
53050.04800076804 1.3188790006073856e-08
53100.04800076804 5.321326457107405e-08
53150.04800076804 6.151112661096891e-08
53200.04800076804 2.3132056682185353e-08
53250.04800076804 5.505403980763233e-08
53300.04800076804 5.744259387878515e-08
53350.04800076804 5.610060304556828e-08
53400.04800076804 3.658191255903762e-08
53450.04800076804 9.729419332907899e-09
53500.04800076804 2.748631698924413e-09
53550.04800076804 6.045660531127155e-09
53600.04800076804 2.3052248102593335e-08
53650.04800076804 2.494237677937555e-08
53700.04800076804 2.0277966722354668e-08
53750.04800076804 1.8448481427157864e-08
53800.04800076804 1.75847226203253e-08
53850.04800076804 2.8648630442335377e-08
53900.04800076804 4.5101776200634726e-08
53950.04800076804 4.5039130463094034e-08
54000.04800076804 2.8200609370549293e-08
54050.04800076804 3.099391630349584e-08
54100.04800076804 6.849449032989486e-09
54150.04800076804 1.0449883151081523e-08
54200.04800076804 1.990965445023449e-09
54250.04800076804 5.180029483489298e-09
54300.04800076804 1.4892700997716072e-08
54350.04800076804 2.239367879347292e-08
54400.04800076804 1.795175943587214e-08
54450.04800076804 1.628939734981847e-08
54500.04800076804 1.4417825020559257e-08
54550.04800076804 1.4338439342169898e-08
54600.04800076804 1.31404996426685e-08
54650.04800076804 2.029964229660799e-09
54700.04800076804 1.4264691435411848e-08
54750.04800076804 1.4003199728961098e-08
54800.04800076804 7.549148596859817e-09
54850.04800076804 1.2307271121147598e-08
54900.04800076804 2.230196519602224e-08
54950.04800076804 3.5701706566275304e-08
55000.04800076804 1.0415327603380114e-08
55050.04800076804 1.6850361101954988e-08
55100.04800076804 2.25124703456591e-08
55150.04800076804 1.055990717486319e-08
55200.04800076804 8.053634984424828e-09
55250.04800076804 1.3114236452603883e-08
55300.04800076804 8.366708298246645e-09
55350.04800076804 1.766850070395397e-08
55400.04800076804 2.0035324760620235e-08
55450.04800076804 1.1957440915400028e-08
55500.04800076804 4.620909406868723e-09
55550.04800076804 4.301306622822217e-09
55600.04800076804 8.415965370771488e-09
55650.04800076804 7.679867294873941e-09
55700.04800076804 8.062857316043727e-09
55750.04800076804 6.5736454724933025e-09
55800.04800076804 2.6531148977560758e-09
55850.04800076804 4.747261028160793e-09
55900.04800076804 1.2800944484250348e-08
55950.04800076804 2.001386422834457e-08
56000.04800076804 7.023530011311506e-09
56050.04800076804 8.54154943052073e-09
56100.04800076804 1.3513159075954784e-08
56150.04800076804 5.4361080411569326e-09
56200.04800076804 8.469613125523175e-09
56250.04800076804 1.6552824203885115e-08
56300.04800076804 9.931297767138302e-09
56350.04800076804 5.948086038714614e-09
56400.04800076804 1.930081369865555e-09
56450.04800076804 1.903614951720148e-09
56500.04800076804 7.560026119057073e-09
56550.04800076804 3.0772417369858782e-09
56600.04800076804 1.2282185719531543e-08
56650.04800076804 1.4888511360484877e-08
56700.04800076804 1.001885629924499e-08
56750.04800076804 3.1199389069737082e-09
56800.04800076804 6.772837618209344e-09
56850.04800076804 9.359308213208862e-09
56900.04800076804 4.998477450347829e-09
56950.04800076804 1.1462003824309036e-08
57000.04800076804 1.529504435308853e-08
57050.04800076804 6.5981400335191606e-09
57100.04800076804 1.878360816832451e-09
57150.04800076804 3.612177111506803e-09
57200.04800076804 2.795469185611447e-09
57250.04800076804 4.353231940163121e-09
57300.04800076804 7.259545551317108e-09
57350.04800076804 3.296774934166073e-09
57400.04800076804 1.0185260943829312e-08
57450.04800076804 4.500336254007448e-09
57500.04800076804 4.2438957064128985e-09
57550.04800076804 6.623610656434385e-09
57600.04800076804 5.56629139033937e-09
57650.04800076804 1.1215544313548536e-09
57700.04800076804 2.4232925294355747e-09
57750.04800076804 5.387098998572415e-09
57800.04800076804 1.9448096466332776e-09
57850.04800076804 1.63322684697684e-08
57900.04800076804 1.9938892511157142e-08
57950.04800076804 2.2360508792777853e-08
58000.04800076804 5.4171215516358395e-09
58050.04800076804 1.1161701284806917e-08
58100.04800076804 9.493576058598604e-09
58150.04800076804 5.8493951648360346e-09
58200.04800076804 1.1001211191202969e-09
58250.04800076804 2.3100844133962766e-09
58300.04800076804 2.601086580417834e-09
58350.04800076804 3.4749520090547347e-09
58400.04800076804 9.335912899881821e-09
58450.04800076804 1.1145151884179587e-08
58500.04800076804 1.1634851029272107e-08
58550.04800076804 8.347930202678583e-09
58600.04800076804 2.8833904289754255e-09
58650.04800076804 4.180286636393466e-09
58700.04800076804 6.266215147111016e-09
58750.04800076804 4.8459853436163795e-09
58800.04800076804 5.085331443339403e-10
58850.04800076804 3.009903220172853e-09
58900.04800076804 4.179827202232596e-09
58950.04800076804 1.6619841655155349e-09
59000.04800076804 4.825321874147268e-09
59050.04800076804 8.324642407205193e-09
59100.04800076804 7.528673615482375e-09
59150.04800076804 5.704260191201325e-09
59200.04800076804 7.740445062767138e-09
59250.04800076804 8.043674403545668e-09
59300.04800076804 5.8141296126523635e-09
59350.04800076804 8.063812450511212e-10
59400.04800076804 1.1447757592489092e-09
59450.04800076804 6.536461628875877e-09
59500.04800076804 3.6681896588864235e-09
59550.04800076804 7.81607950701563e-09
59600.04800076804 1.0286008935238102e-08
59650.04800076804 4.42918946392391e-09
59700.04800076804 2.879891836921016e-09
59750.04800076804 1.1453645260515102e-08
59800.04800076804 4.588577459329132e-09
59850.04800076804 6.171982031976894e-09
59900.04800076804 1.8067855792757038e-09
59950.04800076804 5.5505920307734e-09
60000.04800076804 1.3384015946398315e-08
60050.04800076804 1.5254821984850802e-08
60100.04800076804 9.540049433003622e-09
60150.04800076804 3.3068728432561345e-09
60200.04800076804 8.49415782024635e-09
60250.04800076804 1.666426848960654e-08
60300.04800076804 1.4186408536547897e-08
60350.04800076804 8.096660930971701e-09
60400.04800076804 6.786265618235457e-09
60450.04800076804 1.3650126841533065e-09
60500.04800076804 3.825426284898691e-10
60550.04800076804 5.237598787206984e-09
60600.04800076804 8.592877438147499e-09
60650.04800076804 4.657447518585484e-09
60700.04800076804 3.0228413954089825e-09
60750.04800076804 1.2740147539512853e-09
60800.04800076804 7.641345725166836e-09
60850.04800076804 1.6529026139753363e-08
60900.04800076804 1.4693986133121675e-08
60950.04800076804 9.860374459795477e-09
61000.04800076804 1.1306384771022784e-08
61050.04800076804 3.431355759682804e-09
61100.04800076804 3.6842855970607553e-09
61150.04800076804 1.0474676215217121e-09
61200.04800076804 7.489383667272626e-09
61250.04800076804 1.0723833316132557e-08
61300.04800076804 8.611953103713705e-09
61350.04800076804 1.7273260074455267e-08
61400.04800076804 4.887243310353606e-09
61450.04800076804 1.5185092229457072e-09
61500.04800076804 1.6316618940195933e-09
61550.04800076804 6.023691184177005e-09
61600.04800076804 2.0574069914585873e-09
61650.04800076804 4.673154108387978e-09
61700.04800076804 6.194566609951231e-09
61750.04800076804 7.239058253070607e-09
61800.04800076804 5.2415306308405465e-09
61850.04800076804 1.476136495331428e-09
61900.04800076804 1.0314264635451954e-08
61950.04800076804 1.3304653573702704e-08
62000.04800076804 1.3430904076833054e-08
62050.04800076804 1.9683920688966114e-08
62100.04800076804 7.794156138227221e-09
62150.04800076804 1.523418217585567e-08
62200.04800076804 1.3742889381623695e-08
62250.04800076804 9.048173769523199e-09
62300.04800076804 2.6327556004745277e-08
62350.04800076804 2.1160407158475156e-08
62400.04800076804 9.446344406137715e-09
62450.04800076804 1.246792112954281e-08
62500.04800076804 2.510319349662529e-08
62550.04800076804 3.1551158306477345e-08
62600.04800076804 2.1033316463712044e-08
62650.04800076804 1.610042820563303e-08
62700.04800076804 1.1114261797304548e-08
62750.04800076804 2.0513401233370764e-08
62800.04800076804 1.1940589334664692e-08
62850.04800076804 1.8316613924023584e-08
62900.04800076804 1.5790211908127523e-08
62950.04800076804 3.282751536294935e-08
63000.04800076804 1.6895937526526017e-08
63050.04800076804 4.621829464860926e-08
63100.04800076804 3.874144935152686e-08
63150.04800076804 2.6448821163467433e-08
63200.04800076804 2.2705032544667504e-08
63250.04800076804 2.5002695153152333e-08
63300.04800076804 1.436487183331564e-08
63350.04800076804 1.3018656061676368e-08
63400.04800076804 4.443171003700327e-09
63450.04800076804 1.986480528395581e-09
