galfind/configs/Brown_Dwarf_templates/sonora_cholla/logkzz2/316g/650K_316g_logkzz2_resample.dat
# %ECSV 1.0
# ---
# datatype:
# - {name: wav, unit: Angstrom, datatype: float64}
# - {name: flux_nu, unit: erg / (cm2 Hz s), datatype: float64}
# schema: astropy-2.0
wav flux_nu
3000.0480007680403 nan
3050.0480007680403 0.0
3100.0480007680403 0.0
3150.0480007680403 0.0
3200.0480007680403 0.0
3250.0480007680403 0.0
3300.0480007680403 0.0
3350.0480007680403 0.0
3400.0480007680403 0.0
3450.0480007680403 0.0
3500.0480007680403 0.0
3550.0480007680403 0.0
3600.0480007680403 0.0
3650.0480007680403 0.0
3700.0480007680403 0.0
3750.0480007680403 0.0
3800.0480007680403 0.0
3850.0480007680403 0.0
3900.0480007680403 0.0
3950.0480007680403 0.0
4000.0480007680403 0.0
4050.0480007680403 0.0
4100.04800076804 0.0
4150.04800076804 0.0
4200.04800076804 0.0
4250.04800076804 0.0
4300.04800076804 0.0
4350.04800076804 0.0
4400.04800076804 0.0
4450.04800076804 0.0
4500.04800076804 0.0
4550.04800076804 0.0
4600.04800076804 0.0
4650.04800076804 0.0
4700.04800076804 0.0
4750.04800076804 0.0
4800.04800076804 0.0
4850.04800076804 0.0
4900.04800076804 0.0
4950.04800076804 0.0
5000.04800076804 7.884008228416602e-12
5050.04800076804 2.113216788102001e-11
5100.04800076804 2.457655451779291e-11
5150.04800076804 2.8743959255312566e-11
5200.04800076804 3.3554130366198967e-11
5250.04800076804 3.87080084424257e-11
5300.04800076804 4.432617852180925e-11
5350.04800076804 5.045277609985983e-11
5400.04800076804 5.663841133691991e-11
5450.04800076804 6.350302178452633e-11
5500.04800076804 7.084435450840277e-11
5550.04800076804 7.850124064541654e-11
5600.04800076804 8.567583955513344e-11
5650.04800076804 9.145098367702225e-11
5700.04800076804 9.290297170724901e-11
5750.04800076804 9.23194913954629e-11
5800.04800076804 8.295129687329178e-11
5850.04800076804 6.227312419792622e-11
5900.04800076804 1.813205861106351e-11
5950.04800076804 3.2015035007157574e-11
6000.04800076804 1.0846247768077468e-10
6050.04800076804 1.83938295473192e-10
6100.04800076804 2.5988296410314117e-10
6150.04800076804 3.3189168151814615e-10
6200.04800076804 4.0129397438002337e-10
6250.04800076804 4.658522142607736e-10
6300.04800076804 5.387024638974521e-10
6350.04800076804 6.148109613676771e-10
6400.04800076804 6.890496894470655e-10
6450.04800076804 7.248963439962817e-10
6500.04800076804 8.052867984344992e-10
6550.04800076804 9.115779758266766e-10
6600.04800076804 1.0186214180544667e-09
6650.04800076804 1.1485663832204318e-09
6700.04800076804 1.3038395242225356e-09
6750.04800076804 1.454876816064266e-09
6800.04800076804 1.6085137336574592e-09
6850.04800076804 1.7754429471919953e-09
6900.04800076804 1.7730642971232284e-09
6950.04800076804 1.7493815948851914e-09
7000.04800076804 2.00345394165856e-09
7050.04800076804 2.05063781098877e-09
7100.04800076804 2.1836603710242937e-09
7150.04800076804 1.7725097240659415e-09
7200.04800076804 1.6013499037294367e-09
7250.04800076804 1.880236071305163e-09
7300.04800076804 1.9486014300534582e-09
7350.04800076804 2.2339062851238803e-09
7400.04800076804 2.564731060752997e-09
7450.04800076804 3.034133935956487e-09
7500.04800076804 3.3841751203476764e-09
7550.04800076804 3.765690933041846e-09
7600.04800076804 4.138511344656868e-09
7650.04800076804 4.370245728099717e-09
7700.04800076804 2.8358727419958324e-09
7750.04800076804 1.2211448526450927e-09
7800.04800076804 4.641819288702956e-09
7850.04800076804 5.42152683127019e-09
7900.04800076804 6.080831303959315e-09
7950.04800076804 6.6865937748632295e-09
8000.04800076804 6.890369365699407e-09
8050.04800076804 6.98883309727051e-09
8100.04800076804 5.102820798203936e-09
8150.04800076804 4.46298800538497e-09
8200.04800076804 6.348101057718905e-09
8250.04800076804 6.08174606284246e-09
8300.04800076804 6.640774950221819e-09
8350.04800076804 6.5824499929240995e-09
8400.04800076804 6.912332428209192e-09
8450.04800076804 8.083499997391723e-09
8500.04800076804 9.107152452401861e-09
8550.04800076804 1.030479868767948e-08
8600.04800076804 1.1625032526048017e-08
8650.04800076804 1.247069780140388e-08
8700.04800076804 1.2596151422378253e-08
8750.04800076804 1.3341020194396402e-08
8800.04800076804 1.3125355687014503e-08
8850.04800076804 1.0634006286028976e-08
8900.04800076804 4.132183825226843e-09
8950.04800076804 3.7208144779337973e-09
9000.04800076804 3.294441795018312e-09
9050.04800076804 7.754840403245487e-09
9100.04800076804 8.44012700164522e-09
9150.04800076804 7.727111720406547e-09
9200.04800076804 9.848153249040598e-09
9250.04800076804 7.352135818977446e-09
9300.04800076804 5.733354267524186e-10
9350.04800076804 8.723970600711401e-10
9400.04800076804 2.465493430904222e-09
9450.04800076804 2.4100113290056383e-09
9500.04800076804 1.9100892830150742e-09
9550.04800076804 2.0419496814711885e-09
9600.04800076804 1.9474049810196725e-09
9650.04800076804 2.804116227537882e-09
9700.04800076804 4.865949596111259e-09
9750.04800076804 4.811735805010655e-09
9800.04800076804 5.8401608856459155e-09
9850.04800076804 6.994144531713889e-09
9900.04800076804 9.491782034427222e-09
9950.04800076804 9.966007120801005e-09
10000.04800076804 1.3014265095973864e-08
10050.04800076804 1.4065589584120948e-08
10100.04800076804 1.7364558039653442e-08
10150.04800076804 1.9808734333175126e-08
10200.04800076804 2.2660813194888553e-08
10250.04800076804 2.609635697448502e-08
10300.04800076804 3.02978546422048e-08
10350.04800076804 3.3194738193314574e-08
10400.04800076804 3.926281390649085e-08
10450.04800076804 4.2905780740508095e-08
10500.04800076804 4.574974765172447e-08
10550.04800076804 4.8749422251768325e-08
10600.04800076804 4.872557707949938e-08
10650.04800076804 4.9025315683749964e-08
10700.04800076804 4.670746352720694e-08
10750.04800076804 4.604299591211551e-08
10800.04800076804 4.265678987235908e-08
10850.04800076804 3.777854920665462e-08
10900.04800076804 2.6343309677696932e-08
10950.04800076804 1.2084297920681196e-08
11000.04800076804 6.984849830948058e-09
11050.04800076804 3.610475380782256e-09
11100.04800076804 1.985653249039665e-09
11150.04800076804 9.054607198599398e-10
11200.04800076804 7.49083386345772e-10
11250.04800076804 9.988422187033086e-10
11300.04800076804 1.2923381700535058e-09
11350.04800076804 4.326815846358005e-10
11400.04800076804 1.5659714038504103e-09
11450.04800076804 9.839213163537611e-10
11500.04800076804 8.821567140264326e-10
11550.04800076804 2.755422828121461e-10
11600.04800076804 2.1233878921217178e-10
11650.04800076804 5.910633285433841e-10
11700.04800076804 7.466306689442679e-10
11750.04800076804 2.2352667184031813e-10
11800.04800076804 1.130209449204283e-09
11850.04800076804 2.0295616545829076e-09
11900.04800076804 2.6036322411115526e-09
11950.04800076804 4.417607557853875e-09
12000.04800076804 6.95464516568995e-09
12050.04800076804 1.0488402065924268e-08
12100.04800076804 1.4763833000488831e-08
12150.04800076804 1.9953679811102063e-08
12200.04800076804 2.4544537492696878e-08
12250.04800076804 3.142714708517493e-08
12300.04800076804 3.989400671060194e-08
12350.04800076804 4.228054585228901e-08
12400.04800076804 5.414815680854023e-08
12450.04800076804 6.479402577529949e-08
12500.04800076804 7.141323322605684e-08
12550.04800076804 7.80885542792982e-08
12600.04800076804 8.065678041043933e-08
12650.04800076804 7.929129885171666e-08
12700.04800076804 7.769017792801218e-08
12750.04800076804 6.701499190379136e-08
12800.04800076804 6.047930483052421e-08
12850.04800076804 4.4581813233035504e-08
12900.04800076804 3.5356527789592204e-08
12950.04800076804 2.9779318048804894e-08
13000.04800076804 3.083879521284742e-08
13050.04800076804 2.2496026030574336e-08
13100.04800076804 2.0770124422329314e-08
13150.04800076804 1.4607843320700405e-08
13200.04800076804 1.3750141198188687e-08
13250.04800076804 9.206712460837912e-09
13300.04800076804 3.567640524346777e-09
13350.04800076804 1.051119589707364e-09
13400.04800076804 3.7216671438247195e-10
13450.04800076804 1.2718194516243943e-10
13500.04800076804 4.795836383071156e-11
13550.04800076804 2.1222740052834505e-11
13600.04800076804 5.744601515037712e-12
13650.04800076804 4.0056768193975266e-11
13700.04800076804 2.2698419111697434e-11
13750.04800076804 5.410849994579871e-11
13800.04800076804 5.629992590757411e-11
13850.04800076804 2.6615001760038337e-11
13900.04800076804 3.6526930973058276e-11
13950.04800076804 3.313598323945044e-11
14000.04800076804 3.572424346224326e-11
14050.04800076804 6.256467332367187e-11
14100.04800076804 5.414868798514015e-11
14150.04800076804 1.0645009879448357e-10
14200.04800076804 6.621311007096335e-11
14250.04800076804 9.023732591161232e-11
14300.04800076804 2.65570096489338e-10
14350.04800076804 2.248458320459106e-10
14400.04800076804 2.461596734042917e-10
14450.04800076804 3.844988543622047e-10
14500.04800076804 8.806803857972743e-10
14550.04800076804 9.467549828778051e-10
14600.04800076804 1.6451163632774334e-09
14650.04800076804 1.4817036063997997e-09
14700.04800076804 8.502761577405581e-10
14750.04800076804 1.2195277909668688e-09
14800.04800076804 1.5795667639590425e-09
14850.04800076804 1.591754336569513e-09
14900.04800076804 1.948010144338883e-09
14950.04800076804 2.4964443904419506e-09
15000.04800076804 3.721667306127995e-09
15050.04800076804 3.935993962449414e-09
15100.04800076804 4.424491896011453e-09
15150.04800076804 4.253411256002774e-09
15200.04800076804 5.331818877344074e-09
15250.04800076804 8.360950311623633e-09
15300.04800076804 1.0042258265578154e-08
15350.04800076804 1.3183203228523497e-08
15400.04800076804 1.5506859277859486e-08
15450.04800076804 1.8105501113970245e-08
15500.04800076804 2.010996683210214e-08
15550.04800076804 2.5222630749767877e-08
15600.04800076804 2.9143255596529243e-08
15650.04800076804 3.221712362741507e-08
15700.04800076804 3.856642682029258e-08
15750.04800076804 4.185919806995299e-08
15800.04800076804 4.318052805321371e-08
15850.04800076804 4.601918144407124e-08
15900.04800076804 4.12128283713929e-08
15950.04800076804 3.7531933633919825e-08
16000.04800076804 2.8720065332932804e-08
16050.04800076804 1.7991906396995686e-08
16100.04800076804 1.1627398856714269e-08
16150.04800076804 6.428936392860878e-09
16200.04800076804 3.4960347611616197e-09
16250.04800076804 2.7583670574398735e-09
16300.04800076804 1.8451108104373802e-09
16350.04800076804 2.2430634815700356e-09
16400.04800076804 2.7203158631705714e-09
16450.04800076804 2.707954345157243e-09
16500.04800076804 2.7697508272676827e-09
16550.04800076804 2.669685594686073e-09
16600.04800076804 3.590665354734331e-09
16650.04800076804 2.589669379939387e-09
16700.04800076804 4.2735197801960027e-10
16750.04800076804 1.391161612788314e-09
16800.04800076804 2.317068866721936e-09
16850.04800076804 2.396252236264289e-09
16900.04800076804 1.3894400998035811e-09
16950.04800076804 1.034367100561719e-09
17000.04800076804 6.062382450944002e-10
17050.04800076804 1.0246888122655898e-09
17100.04800076804 1.578641955854302e-09
17150.04800076804 9.029906378538526e-10
17200.04800076804 2.592680980950694e-09
17250.04800076804 1.5043006764308344e-09
17300.04800076804 9.650374796543216e-10
17350.04800076804 1.1319071370103744e-09
17400.04800076804 1.5614859941264816e-09
17450.04800076804 2.0142978046258786e-09
17500.04800076804 2.6619735598005277e-09
17550.04800076804 2.152966223275913e-09
17600.04800076804 1.5648567927884408e-09
17650.04800076804 1.344255613215323e-09
17700.04800076804 1.0959896908570171e-09
17750.04800076804 9.380397042087286e-10
17800.04800076804 1.6134101253618042e-09
17850.04800076804 9.068504386582418e-10
17900.04800076804 7.778121391483812e-10
17950.04800076804 4.69977038894389e-10
18000.04800076804 7.493978431442163e-10
18050.04800076804 5.886742190318651e-10
18100.04800076804 5.804697171249419e-10
18150.04800076804 6.780042539003756e-10
18200.04800076804 3.597334194812991e-10
18250.04800076804 1.2889237242458198e-09
18300.04800076804 3.622718255452981e-10
18350.04800076804 2.8842426811947055e-10
18400.04800076804 2.0388020150425709e-10
18450.04800076804 7.571547250990924e-10
18500.04800076804 7.62171912638972e-10
18550.04800076804 4.490836763039505e-10
18600.04800076804 5.420114936816017e-10
18650.04800076804 3.342475792762119e-10
18700.04800076804 1.4910789836327842e-10
18750.04800076804 3.0916572366405633e-10
18800.04800076804 1.5327634183909752e-09
18850.04800076804 1.35022460453425e-09
18900.04800076804 1.1931002278447126e-09
18950.04800076804 2.4189695163569674e-09
19000.04800076804 8.138543233673535e-10
19050.04800076804 4.737629786078501e-10
19100.04800076804 1.2475395381722196e-09
19150.04800076804 5.882184560809465e-10
19200.04800076804 1.1408614139020994e-09
19250.04800076804 7.928878204046001e-10
19300.04800076804 5.189261291910938e-10
19350.04800076804 6.369087198807373e-10
19400.04800076804 4.3119372873016155e-10
19450.04800076804 9.309569133770007e-10
19500.04800076804 7.808226018957777e-10
19550.04800076804 7.274816224027473e-10
19600.04800076804 1.169781548949802e-09
19650.04800076804 1.3674495818760411e-09
19700.04800076804 1.4599092861066386e-09
19750.04800076804 2.0609597819517506e-09
19800.04800076804 2.153088523413918e-09
19850.04800076804 2.8842744592342988e-09
19900.04800076804 2.7319778737514995e-09
19950.04800076804 4.029337621021508e-09
20000.04800076804 4.068668453587504e-09
20050.04800076804 4.001576544751374e-09
20100.04800076804 5.388596451918394e-09
20150.04800076804 4.092366901742648e-09
20200.04800076804 4.31643159621391e-09
20250.04800076804 5.869808426839748e-09
20300.04800076804 5.698615129341053e-09
20350.04800076804 6.557621130743051e-09
20400.04800076804 5.788331974175074e-09
20450.04800076804 7.855585106240614e-09
20500.04800076804 8.053123911925778e-09
20550.04800076804 8.216192715660108e-09
20600.04800076804 8.772177052255761e-09
20650.04800076804 8.883074504973223e-09
20700.04800076804 8.763152913442917e-09
20750.04800076804 9.364518247393331e-09
20800.04800076804 8.857714701110104e-09
20850.04800076804 9.247278127492909e-09
20900.04800076804 9.321339916633962e-09
20950.04800076804 8.82751218216222e-09
21000.04800076804 8.701456872503265e-09
21050.04800076804 8.376727404257678e-09
21100.04800076804 8.026178424847537e-09
21150.04800076804 7.948472164013006e-09
21200.04800076804 7.439366626781774e-09
21250.04800076804 7.016037142136152e-09
21300.04800076804 6.1748266892095894e-09
21350.04800076804 6.087808650455303e-09
21400.04800076804 5.8270000355612496e-09
21450.04800076804 4.872498136900043e-09
21500.04800076804 4.9116779038851535e-09
21550.04800076804 4.600579512835722e-09
21600.04800076804 4.073399194314179e-09
21650.04800076804 3.4778495730674826e-09
21700.04800076804 3.576645812928638e-09
21750.04800076804 3.6299574073621595e-09
21800.04800076804 3.030367730730085e-09
21850.04800076804 2.6227756937440204e-09
21900.04800076804 2.1536447958302316e-09
21950.04800076804 8.24218636607373e-10
22000.04800076804 1.827766536122294e-10
22050.04800076804 2.47093621389076e-10
22100.04800076804 7.861802616240353e-10
22150.04800076804 7.61451367447424e-10
22200.04800076804 6.363864698064748e-10
22250.04800076804 6.307220784868096e-10
22300.04800076804 3.479695666862016e-10
22350.04800076804 4.2171009096351794e-10
22400.04800076804 2.12298020904002e-10
22450.04800076804 2.1828345454217213e-10
22500.04800076804 2.3227087827287403e-10
22550.04800076804 1.1327118061140955e-10
22600.04800076804 1.5661716102669977e-10
22650.04800076804 2.7411852253473023e-10
22700.04800076804 1.5242177250001462e-10
22750.04800076804 1.5121088764848953e-10
22800.04800076804 1.8433353831604272e-10
22850.04800076804 1.6356182877088533e-10
22900.04800076804 9.081054173554379e-11
22950.04800076804 7.116939235159022e-11
23000.04800076804 1.3171011753114768e-10
23050.04800076804 1.545637039641766e-10
23100.04800076804 5.970826656336987e-10
23150.04800076804 6.42344377043443e-10
23200.04800076804 4.360399861755009e-11
23250.04800076804 9.108719314978914e-11
23300.04800076804 1.284783941815195e-10
23350.04800076804 9.551838507813663e-11
23400.04800076804 1.4633400909432615e-10
23450.04800076804 8.142909427321501e-11
23500.04800076804 8.771483835513984e-11
23550.04800076804 1.5343494817001348e-10
23600.04800076804 2.3395681965200355e-10
23650.04800076804 3.1309381236688097e-10
23700.04800076804 8.211799436382535e-11
23750.04800076804 6.951205747911302e-11
23800.04800076804 2.4383668604378486e-10
