galfind/configs/Brown_Dwarf_templates/sonora_cholla/logkzz2/316g/650K_316g_logkzz2_resample.dat
# %ECSV 1.0
# ---
# datatype:
# - {name: wav, unit: Angstrom, datatype: float64}
# - {name: flux_nu, unit: erg / (cm2 Hz s), datatype: float64}
# schema: astropy-2.0
wav flux_nu
[from data line 1211]
63550.04800076804 2.8987544659712033e-08
63600.04800076804 2.6780693956511123e-08
63650.04800076804 1.564952637965699e-08
63700.04800076804 5.0291166470196276e-09
63750.04800076804 1.3432566631812893e-08
63800.04800076804 3.173008357470652e-08
63850.04800076804 2.3225029483489686e-08
63900.04800076804 7.144866809115815e-09
63950.04800076804 1.7607397115412257e-08
64000.04800076804 2.3592742131354652e-08
64050.04800076804 8.9621010829318e-09
64100.04800076804 1.979128568778868e-09
64150.04800076804 3.1565142066378957e-09
64200.04800076804 3.936494256408086e-09
64250.04800076804 1.2344766311088719e-08
64300.04800076804 9.665880126337317e-09
64350.04800076804 6.4786638379917885e-09
64400.04800076804 1.861834981514635e-08
64450.04800076804 2.086293143205957e-08
64500.04800076804 7.859247808393793e-09
64550.04800076804 1.7283191277146078e-08
64600.04800076804 9.319636090212782e-09
64650.04800076804 1.5075775652242375e-08
64700.04800076804 4.895870585787774e-09
64750.04800076804 8.535776360421574e-09
64800.04800076804 5.102346023867799e-09
64850.04800076804 3.4504333436074116e-09
64900.04800076804 3.4172297005645447e-09
64950.04800076804 2.9987074431550352e-09
65000.04800076804 5.3602932952510615e-09
65050.04800076804 9.845189583813163e-09
65100.04800076804 1.4896645974880871e-08
65150.04800076804 6.467760002031895e-09
65200.04800076804 2.9390826786940726e-09
65250.04800076804 9.72775708988532e-09
65300.04800076804 1.0614748176714752e-08
65350.04800076804 2.8304270456876833e-08
65400.04800076804 1.0310841539561956e-08
65450.04800076804 1.0419065943799304e-08
65500.04800076804 1.2700925008834221e-08
65550.04800076805 5.079140012252617e-09
65600.04800076805 1.2160303901154013e-08
65650.04800076805 7.47448357109266e-09
65700.04800076805 6.896985142239313e-09
65750.04800076805 4.57882271544656e-09
65800.04800076805 1.0642924055285065e-08
65850.04800076805 1.5753874863625273e-08
65900.04800076805 3.909487649536953e-09
65950.04800076805 7.15106218627528e-09
66000.04800076805 9.392385723934519e-09
66050.04800076805 2.154497585996165e-08
66100.04800076805 1.1270299875916798e-08
66150.04800076805 9.965368343400178e-09
66200.04800076805 9.473189594819833e-09
66250.04800076805 5.711518866931007e-09
66300.04800076805 2.1712852788791235e-09
66350.04800076805 1.9327932496618904e-09
66400.04800076805 3.98759483917639e-09
66450.04800076805 1.2947363751199554e-08
66500.04800076805 1.932376221269841e-08
66550.04800076805 1.9617456420824338e-08
66600.04800076805 1.510918931631184e-08
66650.04800076805 1.0548039578509322e-08
66700.04800076805 7.4542678649348e-09
66750.04800076805 7.915997074981787e-09
66800.04800076805 9.774891703266882e-09
66850.04800076805 6.047578976043645e-09
66900.04800076805 2.2524681872978856e-08
66950.04800076805 2.0935880063068748e-08
67000.04800076805 2.3950918243485217e-08
67050.04800076805 1.295928986689135e-08
67100.04800076805 7.111765708251171e-09
67150.04800076805 8.745036379046431e-09
67200.04800076805 1.44045212340304e-08
67250.04800076805 1.305183040362838e-08
67300.04800076805 2.1918238583142305e-08
67350.04800076805 9.519365912303534e-09
67400.04800076805 2.4058239318941283e-08
67450.04800076805 1.4194702347901718e-08
67500.04800076805 1.3613837821057054e-08
67550.04800076805 2.7688101305408137e-08
67600.04800076805 4.592211356648577e-08
67650.04800076805 3.2890917614260964e-08
67700.04800076805 1.8109756415489132e-08
67750.04800076805 1.0993774210045238e-08
67800.04800076805 1.68492430534948e-08
67850.04800076805 6.992819052969116e-09
67900.04800076805 8.919408547800072e-09
67950.04800076805 7.0047292073815665e-09
68000.04800076805 1.61223256188597e-08
68050.04800076805 2.0435560810232093e-08
68100.04800076805 3.210235183926632e-08
68150.04800076805 2.6300204219118374e-08
68200.04800076805 1.946213442136644e-08
68250.04800076805 3.869161686652981e-09
68300.04800076805 2.033128752718866e-08
68350.04800076805 1.8127763328884817e-08
68400.04800076805 3.670734209295078e-08
68450.04800076805 2.9325582925770314e-08
68500.04800076805 1.7836699319661218e-08
68550.04800076805 7.018681015519193e-09
68600.04800076805 7.3098820437870094e-09
68650.04800076805 3.4555833073850234e-09
68700.04800076805 9.835117965792541e-09
68750.04800076805 1.773208810062378e-08
68800.04800076805 1.9936339239190967e-08
68850.04800076805 7.502202755006215e-09
68900.04800076805 3.157125601504838e-08
68950.04800076805 3.279874594565968e-08
69000.04800076805 2.1273254239292746e-08
69050.04800076805 1.0122475654690117e-08
69100.04800076805 2.8414719242227537e-08
69150.04800076805 4.114126202756315e-08
69200.04800076805 2.866905912991969e-08
69250.04800076805 4.0399266014198425e-08
69300.04800076805 2.2545009159351763e-08
69350.04800076805 4.467697064025462e-08
69400.04800076805 1.4464547266355906e-08
69450.04800076805 4.008705761263113e-08
69500.04800076805 1.8070352454008494e-08
69550.04800076805 1.4530405630037466e-08
69600.04800076805 3.7278789191029056e-09
69650.04800076805 1.4575782026420732e-08
69700.04800076805 2.788925513151791e-08
69750.04800076805 1.7306906807925165e-08
69800.04800076805 2.929761169985274e-08
69850.04800076805 3.065000144222637e-08
69900.04800076805 1.9447475419820457e-08
69950.04800076805 1.8441311424633008e-08
70000.04800076805 2.010172153624636e-08
70050.04800076805 3.979557532439068e-08
70100.04800076805 2.8133782625857073e-08
70150.04800076805 2.1741145876177874e-08
70200.04800076805 1.462742939571312e-08
70250.04800076805 2.080244528005802e-08
70300.04800076805 3.8935628801526426e-08
70350.04800076805 2.815216674028959e-08
70400.04800076805 1.3761375372532484e-08
70450.04800076805 2.4269034002155573e-09
70500.04800076805 1.1464661071686804e-08
70550.04800076805 1.1542628323852615e-08
70600.04800076805 1.151359389481164e-08
70650.04800076805 3.078777274189318e-08
70700.04800076805 3.081399157848473e-08
70750.04800076805 4.619102658331456e-08
70800.04800076805 2.0416695165182058e-08
70850.04800076805 2.089488614924784e-08
70900.04800076805 2.5736964454297065e-08
70950.04800076805 3.6148142001938276e-08
71000.04800076805 3.2450100207847103e-08
71050.04800076805 3.2844870813042745e-08
71100.04800076805 2.4525215200675534e-08
71150.04800076805 1.7487843025361437e-08
71200.04800076805 1.5552080952224187e-08
71250.04800076805 2.5905804877433917e-08
71300.04800076805 3.515131568404426e-08
71350.04800076805 3.722029989385033e-08
71400.04800076805 2.8639170564034125e-08
71450.04800076805 1.137999625114891e-08
71500.04800076805 1.3037656267055206e-08
71550.04800076805 1.7019787954468225e-08
71600.04800076805 1.984142460929536e-08
71650.04800076805 1.3111931972852912e-08
71700.04800076805 9.257613188932004e-09
71750.04800076805 2.0703017063178287e-08
71800.04800076805 3.065146744606739e-08
71850.04800076805 2.918328915783076e-08
71900.04800076805 1.5006230915985736e-08
71950.04800076805 2.193954004093277e-08
72000.04800076805 2.005008026686291e-08
72050.04800076805 1.003163199744959e-08
72100.04800076805 1.2449236313063614e-08
72150.04800076805 1.255786480238245e-08
72200.04800076805 2.188032235412266e-08
72250.04800076805 3.107894990056239e-08
72300.04800076805 1.8983459350482295e-08
72350.04800076805 2.3485408087902633e-08
72400.04800076805 2.0141758629227975e-08
72450.04800076805 1.558555080445365e-08
72500.04800076805 2.1999650009522036e-08
72550.04800076805 7.929396434344964e-09
72600.04800076805 1.480752778029152e-08
72650.04800076805 2.678507114233885e-08
72700.04800076805 1.640870871920645e-08
72750.04800076805 1.705390163954078e-08
72800.04800076805 9.882960592710362e-09
72850.04800076805 1.35984116696575e-08
72900.04800076805 2.871987441492644e-08
72950.04800076805 1.733146029387315e-08
73000.04800076805 1.8212805235721745e-08
73050.04800076805 9.198224473315085e-09
73100.04800076805 1.197979481726555e-08
73150.04800076805 2.939693120004646e-08
73200.04800076805 1.0811221734408083e-08
73250.04800076805 1.5150227114525237e-08
73300.04800076805 1.1296570054959803e-08
73350.04800076805 7.739429300509803e-09
73400.04800076805 1.5076057088400015e-08
73450.04800076805 8.117873297792438e-09
73500.04800076805 7.041223521933239e-09
73550.04800076805 1.2985813787241354e-08
73600.04800076805 1.2575354772073794e-08
73650.04800076805 1.4145348201830103e-08
73700.04800076805 1.3478641749862563e-08
73750.04800076805 4.575298004089646e-09
73800.04800076805 1.206419144802317e-08
73850.04800076805 1.7156469521814054e-08
73900.04800076805 9.489763136947855e-09
73950.04800076805 1.0115605332301996e-08
74000.04800076805 5.030955356867021e-09
74050.04800076805 2.0574687067877326e-08
74100.04800076805 1.3773174683452288e-08
74150.04800076805 1.3953230738421919e-08
74200.04800076805 7.864781995682233e-09
74250.04800076805 1.5960398344666314e-09
74300.04800076805 1.295561406530277e-08
74350.04800076805 1.9680090953128486e-08
74400.04800076805 1.854809537417117e-08
74450.04800076805 6.97417699116011e-09
74500.04800076805 4.119283640500496e-09
74550.04800076805 9.578099401216746e-09
74600.04800076805 1.1789465103808588e-08
74650.04800076805 1.2013632775454957e-08
74700.04800076805 7.775580876192074e-09
74750.04800076805 4.999161736734724e-09
74800.04800076805 7.5111713940644e-09
74850.04800076805 1.013065075980423e-08
74900.04800076805 1.8077934212479625e-08
74950.04800076805 1.7518967863757178e-08
75000.04800076805 7.717744752725438e-09
75050.04800076805 2.1601766990411724e-09
75100.04800076805 1.6566304794222503e-08
75150.04800076805 1.948145812841001e-08
75200.04800076805 2.1035380277078623e-08
75250.04800076805 2.1335615888048734e-08
75300.04800076805 1.6199530512595943e-08
75350.04800076805 4.959224309652798e-09
75400.04800076805 2.288478396246388e-08
75450.04800076805 2.039968738628646e-08
75500.04800076805 1.9474783032558167e-08
75550.04800076805 1.8413268119181106e-08
75600.04800076805 2.3175599329788562e-08
75650.04800076805 1.291461815100069e-08
75700.04800076805 2.407115513167706e-08
75750.04800076805 1.1893022865957195e-08
75800.04800076805 1.996777507351235e-08
75850.04800076805 2.3074486152424616e-08
75900.04800076805 2.3493767372393724e-08
75950.04800076805 1.0779103261406128e-08
76000.04800076805 2.6261075114291555e-08
76050.04800076805 2.490996700933114e-08
76100.04800076805 2.205038918495914e-08
76150.04800076805 2.4874317090454195e-08
76200.04800076805 2.213020168804632e-08
76250.04800076805 1.440861909860427e-08
76300.04800076805 3.6340667912383303e-08
76350.04800076805 4.136105532272807e-08
76400.04800076805 3.1973516868034544e-08
76450.04800076805 2.5014468102797055e-08
76500.04800076805 1.6657514141519207e-08
76550.04800076805 6.81792364675133e-09
76600.04800076805 1.530964588342716e-09
76650.04800076805 1.7729709308862582e-09
76700.04800076805 2.789262503450962e-09
76750.04800076805 2.934890945410066e-09
76800.04800076805 6.467643140484695e-09
76850.04800076805 2.245334279361464e-09
76900.04800076805 2.1509919234456065e-09
76950.04800076805 6.606084077379688e-09
77000.04800076805 9.817966169390343e-09
77050.04800076805 2.5921021761566144e-09
77100.04800076805 2.995687030711978e-09
77150.04800076805 1.1679151871602086e-08
77200.04800076805 7.027008865291169e-09
77250.04800076805 6.05954340297187e-09
77300.04800076805 1.0484049384653145e-08
77350.04800076805 4.518126675284262e-09
77400.04800076805 5.118884090450251e-09
77450.04800076805 1.2396032340819639e-08
77500.04800076805 9.396700004350401e-09
77550.04800076805 7.910366067428218e-09
77600.04800076805 4.630367878062798e-09
77650.04800076805 6.299315728770601e-09
77700.04800076805 5.011779363028383e-09
77750.04800076805 1.4221064477446432e-08
77800.04800076805 1.3920263948298955e-08
77850.04800076805 2.6436802158782914e-08
77900.04800076805 1.2829542928614768e-08
77950.04800076805 3.2029898648845157e-09
78000.04800076805 8.775682812876863e-09
78050.04800076805 1.1100455326403145e-08
78100.04800076805 1.1766089387614767e-08
78150.04800076805 2.172668057993459e-08
78200.04800076805 2.207398546475785e-08
78250.04800076805 2.1205989992621114e-08
78300.04800076805 9.951879035451465e-09
78350.04800076805 1.7649952905741142e-08
78400.04800076805 7.019431048358402e-09
78450.04800076805 1.7191341540066375e-08
78500.04800076805 2.443845475384182e-08
78550.04800076805 3.18846037056716e-08
78600.04800076805 2.279875594958709e-08
78650.04800076805 3.2924642974871044e-09
78700.04800076805 7.234507828131739e-09
78750.04800076805 1.1444222260397788e-08
78800.04800076805 1.2694024149154252e-08
78850.04800076805 4.644343796316512e-09
78900.04800076805 1.3254420619311872e-08
78950.04800076805 1.9832799975370454e-08
79000.04800076805 1.5722210589565475e-08
79050.04800076805 1.1429606656399135e-08
79100.04800076805 1.4401851685670416e-08
79150.04800076805 1.3131145512727426e-08
79200.04800076805 1.6639508248277497e-08
79250.04800076805 8.861641854192439e-09
79300.04800076805 8.098453524962334e-09
79350.04800076805 1.358354700122417e-08
79400.04800076805 7.64643720763258e-09
79450.04800076805 2.2430876007966478e-08
79500.04800076805 3.218631593205568e-08
79550.04800076805 2.3810995516721103e-08
79600.04800076805 1.1187302705301536e-08
79650.04800076805 1.8994621893279633e-08
79700.04800076805 1.6444884909634517e-08
79750.04800076805 1.6308084365767137e-08
79800.04800076805 8.829052363961712e-09
79850.04800076805 1.8319771536021482e-08
79900.04800076805 3.4674262033405485e-08
79950.04800076805 2.980351097832253e-08
