galfind/configs/Brown_Dwarf_templates/sonora_cholla/logkzz2/316g/700K_316g_logkzz2_resample.dat
# %ECSV 1.0
# ---
# datatype:
# - {name: wav, unit: Angstrom, datatype: float64}
# - {name: flux_nu, unit: erg / (cm2 Hz s), datatype: float64}
# schema: astropy-2.0
wav flux_nu
[from data line 417]
23850.04800076804 3.9600153425884885e-10
23900.04800076804 8.286887950064265e-10
23950.04800076804 6.337097358663029e-10
24000.04800076804 1.0472457134523702e-09
24050.04800076804 1.27849359798624e-09
24100.04800076804 1.067198041105504e-09
24150.04800076804 1.4507999103135865e-09
24200.04800076804 1.3016187496854932e-09
24250.04800076804 8.449688010982481e-10
24300.04800076804 1.6530718739034509e-09
24350.04800076804 1.0969155769710806e-09
24400.04800076804 2.3007852339136e-09
24450.04800076804 2.1019018181528802e-09
24500.04800076804 2.186759947640335e-09
24550.04800076804 3.0372419951734846e-09
24600.04800076804 3.5901626463738234e-09
24650.04800076804 4.150797884833566e-09
24700.04800076804 2.9656708919322747e-09
24750.04800076804 3.348401801093552e-09
24800.04800076804 3.138777961876358e-09
24850.04800076804 5.020477767084204e-09
24900.04800076804 2.0325695542428054e-09
24950.04800076804 4.032384516311612e-09
25000.04800076804 4.014234995167979e-09
25050.04800076804 2.365495659162901e-09
25100.04800076804 3.566196974565795e-09
25150.04800076804 1.7072959380126043e-09
25200.04800076804 2.5979769803215263e-09
25250.04800076804 1.107486939926647e-09
25300.04800076804 1.7359067651046528e-09
25350.04800076804 7.464844220794358e-10
25400.04800076804 1.985675570094698e-09
25450.04800076804 8.159576290760597e-10
25500.04800076804 6.84894775980065e-10
25550.04800076804 1.2245970006109415e-09
25600.04800076804 5.304462704058264e-10
25650.04800076804 4.014541896313067e-10
25700.04800076804 6.645891972809387e-10
25750.04800076804 2.5065557158654974e-10
25800.04800076804 9.843451253813688e-10
25850.04800076804 2.242465162032192e-10
25900.04800076804 3.622752342727825e-10
25950.04800076804 1.3219380147141507e-10
26000.04800076804 8.941181355435042e-10
26050.04800076804 1.9408154296456796e-10
26100.04800076804 7.783702932302049e-10
26150.04800076804 4.2478902345193907e-10
26200.04800076804 4.94084137405705e-10
26250.04800076804 2.0258000313002114e-09
26300.04800076804 6.55482046146962e-10
26350.04800076804 2.501135755783117e-09
26400.04800076804 3.4827083299105273e-09
26450.04800076804 2.6078389298880282e-09
26500.04800076804 3.833794191988568e-09
26550.04800076804 1.0129970765438427e-09
26600.04800076804 1.0840870972945365e-09
26650.04800076804 2.762980520096354e-10
26700.04800076804 1.3947378684158153e-10
26750.04800076804 2.0107841150119645e-10
26800.04800076804 3.979597817983156e-10
26850.04800076804 2.4570116990514614e-10
26900.04800076804 9.404883574897582e-10
26950.04800076804 3.430626624658304e-10
27000.04800076804 1.4874110582206556e-09
27050.04800076804 1.4755521283248105e-09
27100.04800076804 4.461272387502182e-10
27150.04800076804 2.1206839303377065e-09
27200.04800076804 4.0918608555670945e-10
27250.04800076804 9.474579214279151e-10
27300.04800076804 4.9681205171380165e-09
27350.04800076804 2.110163676823655e-09
27400.04800076804 1.837970318714717e-10
27450.04800076804 2.7420690689310196e-09
27500.04800076804 3.6484525148462795e-09
27550.04800076804 6.737340473851736e-10
27600.04800076804 1.6892696038760215e-09
27650.04800076804 5.416647000207076e-10
27700.04800076804 4.3292556023404837e-10
27750.04800076804 2.0948789634594087e-09
27800.04800076804 7.56948254977211e-10
27850.04800076804 1.0095103388293767e-09
27900.04800076804 1.3889408945444116e-09
27950.04800076804 2.937932516980437e-09
28000.04800076804 2.2069332688184087e-09
28050.04800076804 5.147019189916857e-10
28100.04800076804 3.4507999506644946e-09
28150.04800076804 2.0816803269109062e-09
28200.04800076804 6.271824280646245e-10
28250.04800076804 3.956423656681346e-09
28300.04800076804 5.473759195619314e-09
28350.04800076804 8.95083432732022e-10
28400.04800076804 3.0275209801825283e-09
28450.04800076804 5.577914509196466e-09
28500.04800076804 2.8864472242210945e-09
28550.04800076804 7.900786645980457e-10
28600.04800076804 4.796859909978733e-09
28650.04800076804 4.44272598588228e-09
28700.04800076804 3.754794355453237e-09
28750.04800076804 7.2776183741988345e-09
28800.04800076804 5.958640338412258e-09
28850.04800076804 7.121409475478682e-09
28900.04800076804 3.122563790612045e-09
28950.04800076804 9.764377346936372e-09
29000.04800076804 6.11267121841551e-09
29050.04800076804 7.14132375894035e-09
29100.04800076804 5.125404114011622e-09
29150.04800076804 1.1234355140225326e-08
29200.04800076804 7.07155247906098e-09
29250.04800076804 1.0363055298964806e-08
29300.04800076804 5.6291214847348195e-09
29350.04800076804 2.5781741551581842e-08
29400.04800076804 6.719237834151422e-09
29450.04800076804 8.734005757890645e-09
29500.04800076804 1.4068257177111732e-08
29550.04800076804 8.592897097866526e-09
29600.04800076804 1.38169223578158e-08
29650.04800076804 1.6089728769609553e-08
29700.04800076804 7.44431236422002e-09
29750.04800076804 1.3436980169803843e-08
29800.04800076804 1.3776931772735513e-08
29850.04800076804 2.024731686466989e-08
29900.04800076804 2.0547664304719228e-08
29950.04800076804 1.463331033618082e-08
30000.04800076804 4.741230135008046e-09
30050.04800076804 7.323350730019719e-09
30100.04800076804 1.2903077400037574e-08
30150.04800076804 1.9051145226128964e-08
30200.04800076804 1.2362965778748814e-08
30250.04800076804 2.696358320956596e-08
30300.04800076804 2.3557767401129704e-08
30350.04800076804 1.4731520845555432e-08
30400.04800076804 2.4975148542085914e-08
30450.04800076804 1.6890281626278706e-08
30500.04800076804 1.552451501939097e-08
30550.04800076804 1.2440274191983735e-08
30600.04800076804 2.4931839357977732e-08
30650.04800076804 1.7936110477228154e-08
30700.04800076804 1.4125877582540639e-08
30750.04800076804 1.648948947571717e-08
30800.04800076804 1.2389531912350781e-08
30850.04800076804 1.4638366490388609e-08
30900.04800076804 1.2968264232113996e-08
30950.04800076804 7.311057714566243e-09
31000.04800076804 1.057667838246737e-08
31050.04800076804 1.0045865262136275e-08
31100.04800076804 6.377708902926754e-09
31150.04800076804 8.495255336122047e-09
31200.04800076804 1.1526660119249486e-08
31250.04800076804 6.423030519056926e-09
31300.04800076804 5.491913911902327e-09
31350.04800076804 6.697700433731044e-09
31400.04800076804 3.981017394912327e-09
31450.04800076804 6.105331819137374e-09
31500.04800076804 3.025426958846687e-09
31550.04800076804 3.878085075714176e-09
31600.04800076804 2.557613648560285e-09
31650.04800076804 2.3766782538557415e-09
31700.04800076804 3.1031741860807194e-09
31750.04800076804 1.2573263911507798e-09
31800.04800076804 2.937389881088446e-09
31850.04800076804 1.1359359122151676e-09
31900.04800076804 2.0214255121075737e-09
31950.04800076804 1.2723265575088514e-09
32000.04800076804 1.3789231133866644e-09
32050.04800076804 1.1500551683746294e-09
32100.04800076804 9.330968634866617e-10
32150.04800076804 1.3313931048198636e-09
32200.04800076804 7.520695660958298e-10
32250.04800076804 1.946542624648156e-09
32300.04800076804 6.175953526254069e-10
32350.04800076804 2.056494464929815e-09
32400.04800076804 6.922436994222116e-10
32450.04800076804 1.460998646278764e-09
32500.04800076804 9.123318650403449e-10
32550.04800076804 1.5089316597341303e-09
32600.04800076804 1.0969154653875851e-09
32650.04800076804 2.423844857309448e-09
32700.04800076804 1.489780561322679e-09
32750.04800076804 3.6298215932911577e-09
32800.04800076804 2.6440755745323126e-09
32850.04800076804 5.0230231271874056e-09
32900.04800076804 4.587092445708164e-09
32950.04800076804 5.407570574817906e-09
33000.04800076804 3.0934787148943476e-09
33050.04800076804 3.4769966291041464e-09
33100.04800076804 1.2592578790765708e-09
33150.04800076804 1.3816259127643068e-11
33200.04800076804 7.256365394711189e-11
33250.04800076804 6.782521944840387e-11
33300.04800076804 1.8653992219884722e-10
33350.04800076804 6.184004922579792e-10
33400.04800076804 1.370000509449492e-09
33450.04800076804 1.2601275246115489e-09
33500.04800076804 3.1656803868716423e-09
33550.04800076804 1.7457733802445065e-09
33600.04800076804 2.6822977102066054e-09
33650.04800076804 2.32756260501477e-09
33700.04800076804 1.6170999219732776e-09
33750.04800076804 3.4256768091963425e-09
33800.04800076804 9.533147081720975e-10
33850.04800076804 2.1573329822141942e-09
33900.04800076804 2.2822195920845196e-09
33950.04800076804 2.1382700443382245e-09
34000.04800076804 3.4653094967123476e-09
34050.04800076804 8.935597564611587e-10
34100.04800076804 2.8922008844380864e-09
34150.04800076804 1.508579410398103e-09
34200.04800076804 2.6555990824064502e-09
34250.04800076804 2.0431693694756324e-09
34300.04800076804 1.8411635609213328e-09
34350.04800076804 3.5342695170829384e-09
34400.04800076804 1.6597635242311213e-09
34450.04800076804 3.6345408848531525e-09
34500.04800076804 1.945112723226475e-09
34550.04800076804 1.4589981833415299e-09
34600.04800076804 4.48246219964902e-09
34650.04800076804 1.3364993323909033e-09
34700.04800076804 2.503736988704417e-09
34750.04800076804 2.3244208616481543e-09
34800.04800076804 1.742685743972898e-09
34850.04800076804 4.010022120610101e-09
34900.04800076804 2.6203550799790564e-09
34950.04800076804 3.0871493423058937e-09
35000.04800076804 5.889817287056859e-09
35050.04800076804 3.2599022235920664e-09
35100.04800076804 6.399210397705968e-09
35150.04800076804 5.454497822436865e-09
35200.04800076804 6.0230017540492205e-09
35250.04800076804 7.186334228698243e-09
35300.04800076804 4.20673317395844e-09
35350.04800076804 6.923383959620458e-09
35400.04800076804 5.716575343812207e-09
35450.04800076804 4.7009990073240704e-09
35500.04800076804 1.2801535265020661e-08
35550.04800076804 7.375796867394243e-09
35600.04800076804 8.93168251274331e-09
35650.04800076804 9.23652922555923e-09
35700.04800076804 6.627907095185409e-09
35750.04800076804 1.4650268107122233e-08
35800.04800076804 9.591754937698396e-09
35850.04800076804 5.677733558249742e-09
35900.04800076804 9.885441783602971e-09
35950.04800076804 1.0481795382952984e-08
36000.04800076804 5.839164897393935e-09
36050.04800076804 9.037801048847615e-09
36100.04800076804 8.14688031668395e-09
36150.04800076804 1.3824404434277425e-08
36200.04800076804 1.200069878570278e-08
36250.04800076804 1.2829933982381255e-08
36300.04800076804 1.7104559065020772e-08
36350.04800076804 1.3066084754511206e-08
36400.04800076804 2.1541495056752534e-08
36450.04800076804 1.7546059281091526e-08
36500.04800076804 1.8436027444942472e-08
36550.04800076804 2.6766642244061263e-08
36600.04800076804 2.9520491975415008e-08
36650.04800076804 2.6872161160668375e-08
36700.04800076804 2.807896292983928e-08
36750.04800076804 3.099621313977194e-08
36800.04800076804 2.998080969597904e-08
36850.04800076804 2.0246950033748453e-08
36900.04800076804 2.8477016892179194e-08
36950.04800076804 3.021560073753113e-08
37000.04800076804 2.5923169014680766e-08
37050.04800076804 3.461680720064158e-08
37100.04800076804 3.088883897475665e-08
37150.04800076804 3.2146659832081245e-08
37200.04800076804 3.445161978150438e-08
37250.04800076804 2.7621841446160357e-08
37300.04800076804 2.7234065750904692e-08
37350.04800076804 3.6995890420282946e-08
37400.04800076804 4.752009415033264e-08
37450.04800076804 2.8420214240873778e-08
37500.04800076804 3.192249012708981e-08
37550.04800076804 5.4070958571559246e-08
37600.04800076804 6.61904119229891e-08
37650.04800076804 3.715288266093959e-08
37700.04800076804 5.0901465285169325e-08
37750.04800076804 3.4192479344929316e-08
37800.04800076804 3.954398774743954e-08
37850.04800076804 2.685470960619584e-08
37900.04800076804 3.442311649134562e-08
37950.04800076804 4.8804386872840707e-08
38000.04800076804 5.6702849270635255e-08
38050.04800076804 5.771774842986815e-08
38100.04800076804 6.518458393513905e-08
38150.04800076804 6.535364317166301e-08
38200.04800076804 6.715187080882885e-08
38250.04800076804 6.484482444498314e-08
38300.04800076804 9.999276488349669e-08
38350.04800076804 9.019807399533163e-08
38400.04800076804 5.121588204914439e-08
38450.04800076804 4.339895870469269e-08
38500.04800076804 2.6724265886369214e-08
38550.04800076804 4.975654333340663e-08
38600.04800076804 5.651501358190643e-08
38650.04800076804 7.59146326463442e-08
38700.04800076804 7.10684367034706e-08
38750.04800076804 7.588284074898832e-08
38800.04800076804 5.5418835491903914e-08
38850.04800076804 8.438623646319823e-08
38900.04800076804 8.8131616761319e-08
38950.04800076804 6.10290196725514e-08
39000.04800076804 9.74074384160331e-08
39050.04800076804 7.032580884089862e-08
39100.04800076804 8.818331361882927e-08
39150.04800076804 8.349070466657398e-08
39200.04800076804 6.934780977349777e-08
39250.04800076804 9.832261131703161e-08
39300.04800076804 8.772064641888665e-08
39350.04800076804 1.299487173124604e-07
39400.04800076804 9.942652040382788e-08
39450.04800076804 1.0560024458722452e-07
39500.04800076804 1.1026014409085221e-07
39550.04800076804 9.247697671916195e-08
39600.04800076804 1.1119647956739795e-07
39650.04800076804 1.472737943801354e-07
39700.04800076804 1.085777677904874e-07
39750.04800076804 6.959291168464027e-08
39800.04800076804 9.709585987943127e-08
39850.04800076804 1.3910053611631505e-07
39900.04800076804 1.4441431907153932e-07
39950.04800076804 1.1250891644081421e-07
40000.04800076804 1.55328690454562e-07
40050.04800076804 1.4293720709956982e-07
40100.04800076804 8.026497722358632e-08
40150.04800076804 1.516258539131265e-07
40200.04800076804 1.5406899627541526e-07
40250.04800076804 1.587043512227207e-07
40300.04800076804 1.6540318644930545e-07
40350.04800076804 1.0941843793088126e-07
40400.04800076804 1.6110968716332025e-07
40450.04800076804 1.166715881727423e-07
40500.04800076804 1.7484281104885803e-07
40550.04800076804 1.6840931453341292e-07
40600.04800076804 1.5595966219760518e-07
40650.04800076804 1.4428171248573997e-07
40700.04800076804 2.319451107180074e-07
40750.04800076804 1.763660294463322e-07
40800.04800076804 1.2232484618327848e-07
40850.04800076804 2.2776964086662405e-07
40900.04800076804 2.0096572615117803e-07
40950.04800076804 1.4813482154685607e-07
41000.04800076804 1.798224480608434e-07
41050.04800076804 2.3292751030534328e-07
41100.04800076804 1.6345074365527757e-07
41150.04800076804 1.0986007485211224e-07
41200.04800076804 2.3427618314797438e-07
41250.04800076804 1.9538373236866067e-07
41300.04800076804 1.7792520177975975e-07
41350.04800076804 2.4669170937355333e-07
41400.04800076804 2.0478131051810062e-07
41450.04800076804 2.2711625182237586e-07
41500.04800076804 1.650462190758487e-07
41550.04800076804 1.52488189394665e-07
41600.04800076804 2.0257976062814334e-07
41650.04800076804 2.1866676055319088e-07
41700.04800076804 2.0350625607016982e-07
41750.04800076804 1.8534596248293546e-07
41800.04800076804 2.57239096538077e-07
41850.04800076804 1.5569489473174875e-07
41900.04800076804 1.6180097236779228e-07
41950.04800076804 1.9782817322379059e-07
42000.04800076804 2.2516322845890635e-07
42050.04800076804 1.9202120526801385e-07
42100.04800076804 2.4997410307169707e-07
42150.04800076804 1.8101831789641184e-07
42200.04800076804 1.9195185225282469e-07
42250.04800076804 1.675134564355644e-07
42300.04800076804 1.7052813445569228e-07
42350.04800076804 2.0806338560077712e-07
42400.04800076804 2.1931535330074152e-07
42450.04800076804 2.0014968236884326e-07
42500.04800076804 1.8543937904099967e-07
42550.04800076804 1.7706014042730647e-07
42600.04800076804 1.8455855875153492e-07
42650.04800076804 2.725439883045933e-07
42700.04800076804 1.438117366285814e-07
42750.04800076804 1.6817717051379633e-07
42800.04800076804 1.8246998641328428e-07
42850.04800076804 2.1076646953443362e-07
42900.04800076804 2.3797284283009059e-07
42950.04800076804 1.7169305219773225e-07
43000.04800076804 2.2744384763431178e-07
43050.04800076804 1.0583545607662938e-07
43100.04800076804 1.6369093038385232e-07
43150.04800076804 1.752424567325659e-07
43200.04800076804 2.0584950482210247e-07
43250.04800076804 2.792205188283009e-07
43300.04800076804 2.6918393441160275e-07
43350.04800076804 1.4593691479440544e-07
43400.04800076804 1.9943338160876614e-07
43450.04800076804 1.352466674746761e-07
43500.04800076804 1.6010818368530296e-07
43550.04800076804 1.6573236510560952e-07
