galfind/configs/Brown_Dwarf_templates/sonora_cholla/logkzz2/316g/700K_316g_logkzz2_resample.dat
# %ECSV 1.0
# ---
# datatype:
# - {name: wav, unit: Angstrom, datatype: float64}
# - {name: flux_nu, unit: erg / (cm2 Hz s), datatype: float64}
# schema: astropy-2.0
wav flux_nu
[from data line 813]
43650.04800076804 1.2515488729659322e-07
43700.04800076804 2.676056758999484e-07
43750.04800076804 2.3971808845735637e-07
43800.04800076804 1.8487920603389612e-07
43850.04800076804 1.9967393543591777e-07
43900.04800076804 1.693376989393322e-07
43950.04800076804 1.271446712278717e-07
44000.04800076804 9.738756901711949e-08
44050.04800076804 2.1848303682302577e-07
44100.04800076804 2.671162621588107e-07
44150.04800076804 2.631316840310093e-07
44200.04800076804 2.1500058249414512e-07
44250.04800076804 1.4185648303938616e-07
44300.04800076804 1.181551608927355e-07
44350.04800076804 1.2759881587326653e-07
44400.04800076804 1.2821791994247637e-07
44450.04800076804 1.8014596420356743e-07
44500.04800076804 1.5101573134841256e-07
44550.04800076804 2.1695552835552176e-07
44600.04800076804 1.6171430923724387e-07
44650.04800076804 1.8220481257471883e-07
44700.04800076804 1.3480877298312464e-07
44750.04800076804 1.6837607640065784e-07
44800.04800076804 1.2759928231579156e-07
44850.04800076804 1.745564908617827e-07
44900.04800076804 1.2365887539924975e-07
44950.04800076804 1.2411945876457865e-07
45000.04800076804 1.5614206579802078e-07
45050.04800076804 1.5541194769600796e-07
45100.04800076804 1.500047656745744e-07
45150.04800076804 1.2966641041576673e-07
45200.04800076804 8.028270329826418e-08
45250.04800076804 9.30502721977985e-08
45300.04800076804 1.1044291590896607e-07
45350.04800076804 1.1032781554115725e-07
45400.04800076804 1.2226970924225584e-07
45450.04800076804 1.1422876373635061e-07
45500.04800076804 1.2451180068617598e-07
45550.04800076804 1.4002405233825034e-07
45600.04800076804 1.22956864496956e-07
45650.04800076804 1.1117770777318074e-07
45700.04800076804 1.0236177421216521e-07
45750.04800076804 8.50991996376027e-08
45800.04800076804 1.0928185901299038e-07
45850.04800076804 1.4484905067911367e-07
45900.04800076804 1.5932541919630808e-07
45950.04800076804 9.920205958388786e-08
46000.04800076804 1.46351956683911e-07
46050.04800076804 1.3248939991434084e-07
46100.04800076804 1.1606717933953766e-07
46150.04800076804 1.1272329403244703e-07
46200.04800076804 9.887657768939128e-08
46250.04800076804 5.530520229829165e-08
46300.04800076804 1.4380667919573498e-07
46350.04800076804 1.0158795818609948e-07
46400.04800076804 1.32519188039356e-07
46450.04800076804 1.4402055150124048e-07
46500.04800076804 1.1545757135728993e-07
46550.04800076804 8.81541356692298e-08
46600.04800076804 1.1377731345850573e-07
46650.04800076804 2.2881963948600148e-07
46700.04800076804 1.3353447145512205e-07
46750.04800076804 8.807696785757983e-08
46800.04800076804 5.535213791634513e-08
46850.04800076804 1.7521618011852e-07
46900.04800076804 1.544375286407734e-07
46950.04800076804 1.7540601047612504e-07
47000.04800076804 1.1617467395473169e-07
47050.04800076804 1.5347869740261234e-07
47100.04800076804 6.69428381241116e-08
47150.04800076804 1.1129544641250384e-07
47200.04800076804 1.5189198260009397e-07
47250.04800076804 8.541220367921149e-08
47300.04800076804 7.725292383943696e-08
47350.04800076804 1.206377940409531e-07
47400.04800076804 1.7831595250959557e-07
47450.04800076804 1.0748947394732511e-07
47500.04800076804 2.0344702061303123e-07
47550.04800076804 1.2020514697804362e-07
47600.04800076804 1.6664575620353565e-07
47650.04800076804 9.308425984879547e-08
47700.04800076804 1.4971782686446372e-07
47750.04800076804 7.13064812397958e-08
47800.04800076804 9.078871422625481e-08
47850.04800076804 5.0966901933308706e-08
47900.04800076804 7.97286473814356e-08
47950.04800076804 1.1205873945363341e-07
48000.04800076804 1.993637013815995e-07
48050.04800076804 1.2858195195322763e-07
48100.04800076804 8.928600980794589e-08
48150.04800076804 1.0039030948323164e-07
48200.04800076804 1.1871590286047887e-07
48250.04800076804 9.907890044896258e-08
48300.04800076804 2.0744964265011292e-07
48350.04800076804 8.908394790177921e-08
48400.04800076804 5.0187295022123974e-08
48450.04800076804 8.248404801901976e-08
48500.04800076804 1.4618662298733553e-07
48550.04800076804 9.083186427788627e-08
48600.04800076804 1.474469568508654e-07
48650.04800076804 1.3198867827963078e-07
48700.04800076804 1.4861453953348068e-07
48750.04800076804 9.249881191136647e-08
48800.04800076804 1.6625834279708175e-07
48850.04800076804 1.0225254168096929e-07
48900.04800076804 1.4403777649042188e-07
48950.04800076804 9.548027241413139e-08
49000.04800076804 6.166117538368693e-08
49050.04800076804 1.3965582183483822e-07
49100.04800076804 1.2252306133314836e-07
49150.04800076804 1.423703220043822e-07
49200.04800076804 1.5229475657811927e-07
49250.04800076804 1.7796838455998175e-07
49300.04800076804 1.3541267372109395e-07
49350.04800076804 7.151806613075374e-08
49400.04800076804 9.427402827138043e-08
49450.04800076804 1.1199067839289972e-07
49500.04800076804 9.513242881574016e-08
49550.04800076804 2.8738225715595577e-08
49600.04800076804 7.037633087610993e-08
49650.04800076804 1.0032482482595039e-07
49700.04800076804 1.076697131793901e-07
49750.04800076804 1.3433377176555238e-07
49800.04800076804 8.861309379199737e-08
49850.04800076804 1.7353164499720832e-07
49900.04800076804 1.424820558662409e-07
49950.04800076804 1.3067890224737035e-07
50000.04800076804 1.2680692474672005e-07
50050.04800076804 1.447002831344864e-07
50100.04800076804 1.2319078387253855e-07
50150.04800076804 6.119203311347862e-08
50200.04800076804 1.991844461706276e-08
50250.04800076804 8.304274409726823e-08
50300.04800076804 5.872857989971541e-08
50350.04800076804 1.3361690264286927e-07
50400.04800076804 1.3654673821827405e-07
50450.04800076804 1.0301357985636937e-07
50500.04800076804 1.4824195151278874e-07
50550.04800076804 1.4975757546917926e-07
50600.04800076804 1.1037428452367343e-07
50650.04800076804 1.4662645866599657e-07
50700.04800076804 1.7492728316739288e-07
50750.04800076804 1.2020611322783984e-07
50800.04800076804 5.156582756244658e-08
50850.04800076804 3.3716531694166174e-08
50900.04800076804 1.3281567324734727e-07
50950.04800076804 1.2477688650640817e-07
51000.04800076804 9.421528098340947e-08
51050.04800076804 1.186655092954177e-07
51100.04800076804 4.233632642306564e-08
51150.04800076804 6.602484228292968e-08
51200.04800076804 1.7491495779433334e-07
51250.04800076804 1.0764518908933956e-07
51300.04800076804 8.310463927192611e-08
51350.04800076804 9.383704200619969e-08
51400.04800076804 4.000342195373027e-08
51450.04800076804 3.37756572283044e-08
51500.04800076804 2.9483093843520417e-08
51550.04800076804 8.294534186317087e-08
51600.04800076804 6.847505620807481e-08
51650.04800076804 9.279063947384049e-08
51700.04800076804 9.317588821444511e-08
51750.04800076804 5.707597221016326e-08
51800.04800076804 1.2472428368281792e-07
51850.04800076804 1.0260435640863285e-07
51900.04800076804 1.3349191930978603e-07
51950.04800076804 8.229652839569075e-08
52000.04800076804 1.4518534640508262e-08
52050.04800076804 4.78157080920173e-08
52100.04800076804 3.490437529853813e-08
52150.04800076804 2.2269216312199068e-08
52200.04800076804 3.82087806034896e-08
52250.04800076804 6.814355478541125e-08
52300.04800076804 1.0937745860276692e-07
52350.04800076804 4.1404247388709e-08
52400.04800076804 4.048006311054023e-08
52450.04800076804 1.0307298294569288e-07
52500.04800076804 9.274977189340677e-08
52550.04800076804 8.946163777107633e-08
52600.04800076804 6.986817905258713e-08
52650.04800076804 7.097094325043267e-08
52700.04800076804 5.8596069095132775e-08
52750.04800076804 3.35266327532829e-08
52800.04800076804 4.3566127782213505e-08
52850.04800076804 5.521845454044682e-08
52900.04800076804 3.130780769319501e-08
52950.04800076804 4.111632768124613e-08
53000.04800076804 8.943149701943256e-08
53050.04800076804 2.8712612714775214e-08
53100.04800076804 9.429136498450214e-08
53150.04800076804 1.1230662980192335e-07
53200.04800076804 4.417141718868958e-08
53250.04800076804 1.0145579119777931e-07
53300.04800076804 1.0710454612905136e-07
53350.04800076804 1.0457716089290849e-07
53400.04800076804 7.975033094035253e-08
53450.04800076804 2.4383780227690494e-08
53500.04800076804 9.266428105435049e-09
53550.04800076804 1.873317158494541e-08
53600.04800076804 5.208812317221841e-08
53650.04800076804 4.886077382501273e-08
53700.04800076804 4.085474685235881e-08
53750.04800076804 3.867816233393162e-08
53800.04800076804 3.755151037933631e-08
53850.04800076804 5.6653068145833775e-08
53900.04800076804 7.607165108367047e-08
53950.04800076804 8.652123830209131e-08
54000.04800076804 5.4050530140595804e-08
54050.04800076804 6.025073378087369e-08
54100.04800076804 1.673650784289247e-08
54150.04800076804 2.6504455827526192e-08
54200.04800076804 6.711262785174131e-09
54250.04800076804 1.4225957587048002e-08
54300.04800076804 3.404211026792651e-08
54350.04800076804 4.9120929678273015e-08
54400.04800076804 4.3133550130989235e-08
54450.04800076804 3.806822487104586e-08
54500.04800076804 3.1982542974519435e-08
54550.04800076804 3.092829807005935e-08
54600.04800076804 3.2761288048139685e-08
54650.04800076804 7.919225668492688e-09
54700.04800076804 3.7790106896538036e-08
54750.04800076804 3.568061689925056e-08
54800.04800076804 2.0674637790253488e-08
54850.04800076804 3.049949579464216e-08
54900.04800076804 4.9657254533784686e-08
54950.04800076804 7.399893101888827e-08
55000.04800076804 2.2115494738700314e-08
55050.04800076804 3.946689309257321e-08
55100.04800076804 4.535278090589286e-08
55150.04800076804 2.4689672094487153e-08
55200.04800076804 2.180270637575363e-08
55250.04800076804 3.202409042797069e-08
55300.04800076804 2.0058443442297258e-08
55350.04800076804 4.2597034642869504e-08
55400.04800076804 4.988479082643779e-08
55450.04800076804 2.8648154038412817e-08
55500.04800076804 1.2144456833143522e-08
55550.04800076804 1.3891889091572228e-08
55600.04800076804 2.093727557944963e-08
55650.04800076804 1.9222742326750318e-08
55700.04800076804 2.1684827865999328e-08
55750.04800076804 2.0130754248147915e-08
55800.04800076804 9.683071889319589e-09
55850.04800076804 1.3270118431503723e-08
55900.04800076804 3.295412055138263e-08
55950.04800076804 4.77914648018108e-08
56000.04800076804 1.7570812650550568e-08
56050.04800076804 2.2829648202303827e-08
56100.04800076804 3.39016283039165e-08
56150.04800076804 1.6781846075255398e-08
56200.04800076804 2.3204970063717562e-08
56250.04800076804 3.8006179094455765e-08
56300.04800076804 2.6965389789841304e-08
56350.04800076804 1.9733257571451848e-08
56400.04800076804 8.03202518483524e-09
56450.04800076804 7.626138262824107e-09
56500.04800076804 1.974502491916134e-08
56550.04800076804 9.169779120246831e-09
56600.04800076804 3.139324128470013e-08
56650.04800076804 3.5565029349721316e-08
56700.04800076804 2.860629231050847e-08
56750.04800076804 9.740940270235714e-09
56800.04800076804 2.232317099289705e-08
56850.04800076804 2.4963945021070464e-08
56900.04800076804 1.4264962331038677e-08
56950.04800076804 2.9928821053085145e-08
57000.04800076804 3.8177225269980834e-08
57050.04800076804 1.76547346858973e-08
57100.04800076804 6.150494428325412e-09
57150.04800076804 1.096630659732547e-08
57200.04800076804 9.1008949598119e-09
57250.04800076804 1.3235199679759894e-08
57300.04800076804 2.142402696181289e-08
57350.04800076804 1.0298669360409016e-08
57400.04800076804 2.6689265218397705e-08
57450.04800076804 1.5018428322070716e-08
57500.04800076804 1.4429084430628185e-08
57550.04800076804 2.1305613459830018e-08
57600.04800076804 1.94886235267385e-08
57650.04800076804 4.6644904268526025e-09
57700.04800076804 8.371548046480318e-09
57750.04800076804 1.4696872407508065e-08
57800.04800076804 5.752705638373703e-09
57850.04800076804 4.2818106317663316e-08
57900.04800076804 4.977741476440658e-08
57950.04800076804 5.193492732288046e-08
58000.04800076804 1.5771091422104187e-08
58050.04800076804 2.8135237021900758e-08
58100.04800076804 2.7629182388112823e-08
58150.04800076804 1.764131007270033e-08
58200.04800076804 4.86942706329876e-09
58250.04800076804 7.919584886841172e-09
58300.04800076804 8.549192341291805e-09
58350.04800076804 1.0915062826506888e-08
58400.04800076804 2.4062757922950784e-08
58450.04800076804 2.804423332505812e-08
58500.04800076804 2.761911235062662e-08
58550.04800076804 2.414002239742434e-08
58600.04800076804 1.0008920076466602e-08
58650.04800076804 1.307961054912646e-08
58700.04800076804 1.8048716835438933e-08
58750.04800076804 1.5436109661842837e-08
58800.04800076804 2.9013917327861305e-09
58850.04800076804 1.1113204419904807e-08
58900.04800076804 1.5491325465423032e-08
58950.04800076804 6.6831300651984986e-09
59000.04800076804 1.6744887367702666e-08
59050.04800076804 2.4857579655044054e-08
59100.04800076804 2.449654951717222e-08
59150.04800076804 1.8291093889140856e-08
59200.04800076804 2.164627640451569e-08
59250.04800076804 2.2809221804250885e-08
59300.04800076804 1.794443381533145e-08
59350.04800076804 4.031532420658808e-09
59400.04800076804 4.280138265005655e-09
59450.04800076804 1.8951919336265142e-08
59500.04800076804 9.884658994594197e-09
59550.04800076804 2.2278023819366856e-08
59600.04800076804 2.8432532197022507e-08
59650.04800076804 1.3660638668693889e-08
59700.04800076804 9.686739035536715e-09
59750.04800076804 3.21094966973671e-08
59800.04800076804 1.4028901515603609e-08
59850.04800076804 2.0388503780538454e-08
59900.04800076804 6.992324339501638e-09
59950.04800076804 1.6890408468448235e-08
60000.04800076804 3.7743896183024884e-08
60050.04800076804 3.633332477565348e-08
60100.04800076804 2.872830586254536e-08
60150.04800076804 1.2455821688915406e-08
60200.04800076804 2.4985876031641842e-08
60250.04800076804 4.094040883522758e-08
60300.04800076804 3.535780486593165e-08
60350.04800076804 2.1428010625041965e-08
60400.04800076804 2.1741112720849475e-08
60450.04800076804 5.9159061714900255e-09
60500.04800076804 2.3121930012344916e-09
60550.04800076804 1.8790537117936967e-08
60600.04800076804 2.5226175636419512e-08
60650.04800076804 1.5569743669412058e-08
60700.04800076804 1.0907314844295999e-08
60750.04800076804 5.659606039482325e-09
60800.04800076804 2.3151116321800407e-08
60850.04800076804 4.6558371085545704e-08
60900.04800076804 4.158536948246027e-08
60950.04800076804 3.0547686308473884e-08
61000.04800076804 2.8652994532974293e-08
61050.04800076804 1.1550321557647162e-08
61100.04800076804 1.4043936367290428e-08
61150.04800076804 4.86673986722852e-09
61200.04800076804 2.4258059981646577e-08
61250.04800076804 3.1876553494641494e-08
61300.04800076804 2.767599236438684e-08
61350.04800076804 4.6912096331601535e-08
61400.04800076804 1.7056491838719228e-08
61450.04800076804 6.3799017339216355e-09
61500.04800076804 8.29452975186916e-09
61550.04800076804 1.8203542220286447e-08
61600.04800076804 8.001988198305134e-09
61650.04800076804 1.6763129276815357e-08
61700.04800076804 1.8236301937617104e-08
61750.04800076804 2.1034182639815035e-08
61800.04800076804 1.776859874344268e-08
61850.04800076804 6.9948014202454774e-09
61900.04800076804 3.231322431529075e-08
61950.04800076804 3.629317465888647e-08
62000.04800076804 3.929556898462101e-08
62050.04800076804 4.2824525310593005e-08
62100.04800076804 2.5288420686687668e-08
62150.04800076804 3.997921099637138e-08
62200.04800076804 3.495395149708921e-08
62250.04800076804 2.6119262623746742e-08
62300.04800076804 5.984007314640367e-08
62350.04800076804 4.798818301060563e-08
62400.04800076804 2.072515520762991e-08
62450.04800076804 3.092121638317632e-08
62500.04800076804 5.537780665282421e-08
62550.04800076804 5.9493437819393785e-08
62600.04800076804 5.248272313044858e-08
62650.04800076804 3.959043666052499e-08
62700.04800076804 3.3201329074500376e-08
62750.04800076804 5.017546716249678e-08
62800.04800076804 2.9205043227545945e-08
62850.04800076804 4.656535161443557e-08
62900.04800076804 3.443365138806522e-08
62950.04800076804 6.430757363733188e-08
63000.04800076804 4.120653030499526e-08
63050.04800076804 8.201434018898204e-08
63100.04800076804 7.212277215519396e-08
63150.04800076804 5.010363833525089e-08
63200.04800076804 5.1737989315375866e-08
63250.04800076804 4.8911343572214954e-08
63300.04800076804 4.016900284550936e-08
