galfind/configs/Brown_Dwarf_templates/sonora_cholla/logkzz2/316g/750K_316g_logkzz2_resample.dat
# %ECSV 1.0
# ---
# datatype:
# - {name: wav, unit: Angstrom, datatype: float64}
# - {name: flux_nu, unit: erg / (cm2 Hz s), datatype: float64}
# schema: astropy-2.0
wav flux_nu
[from data line 813]
43650.04800076804 1.539609248549771e-07
43700.04800076804 3.1558928288648824e-07
43750.04800076804 2.8726527105701887e-07
43800.04800076804 2.2160500825260612e-07
43850.04800076804 2.3775088093067172e-07
43900.04800076804 2.0472783898197586e-07
43950.04800076804 1.5879004132700154e-07
44000.04800076804 1.1729471426883136e-07
44050.04800076804 2.4604402228300835e-07
44100.04800076804 2.894192611570546e-07
44150.04800076804 2.8621972434243984e-07
44200.04800076804 2.3624039993531477e-07
44250.04800076804 1.652112825064278e-07
44300.04800076804 1.4485984215203339e-07
44350.04800076804 1.492343269310094e-07
44400.04800076804 1.5075602790967227e-07
44450.04800076804 1.8982790196322457e-07
44500.04800076804 1.604542642538488e-07
44550.04800076804 2.2096018610418847e-07
44600.04800076804 1.6255877930422974e-07
44650.04800076804 1.8958613135784854e-07
44700.04800076804 1.45738017128194e-07
44750.04800076804 1.733903914052165e-07
44800.04800076804 1.3862382119731645e-07
44850.04800076804 1.7126154361570976e-07
44900.04800076804 1.226161194415985e-07
44950.04800076804 1.2009145806982856e-07
45000.04800076804 1.4540213447463645e-07
45050.04800076804 1.4692023682458184e-07
45100.04800076804 1.4229937788059913e-07
45150.04800076804 1.2223696999225633e-07
45200.04800076804 7.662912832663566e-08
45250.04800076804 9.042250411828347e-08
45300.04800076804 1.0945682836916292e-07
45350.04800076804 1.0815782657609104e-07
45400.04800076804 1.0112652972195408e-07
45450.04800076804 9.697304119532235e-08
45500.04800076804 1.0474662471719531e-07
45550.04800076804 1.1836509072598051e-07
45600.04800076804 9.871757376135604e-08
45650.04800076804 9.148005488043774e-08
45700.04800076804 9.786081289294132e-08
45750.04800076804 8.22589364509888e-08
45800.04800076804 8.463454876243816e-08
45850.04800076804 1.2748027355295585e-07
45900.04800076804 1.369822648086592e-07
45950.04800076804 8.181553392243959e-08
46000.04800076804 1.2387222980954387e-07
46050.04800076804 1.2219236639333904e-07
46100.04800076804 9.030343464325842e-08
46150.04800076804 1.0639355555939892e-07
46200.04800076804 9.785982604773447e-08
46250.04800076804 5.2131640977487295e-08
46300.04800076804 1.3246706026237758e-07
46350.04800076804 9.24412215271242e-08
46400.04800076804 1.2131918731440324e-07
46450.04800076804 1.4593965772988593e-07
46500.04800076804 1.0729887006059615e-07
46550.04800076804 1.0091250237734829e-07
46600.04800076804 1.1519250221525979e-07
46650.04800076804 2.419004461628922e-07
46700.04800076804 1.437454255639254e-07
46750.04800076804 1.0095434003185005e-07
46800.04800076804 6.179032076332318e-08
46850.04800076804 1.7077079040352305e-07
46900.04800076804 1.4394234040069094e-07
46950.04800076804 1.796106232775765e-07
47000.04800076804 1.03347915781698e-07
47050.04800076804 1.6672579923490534e-07
47100.04800076804 6.537111602387347e-08
47150.04800076804 1.0411483457994371e-07
47200.04800076804 1.4667995641597408e-07
47250.04800076804 8.548998865838212e-08
47300.04800076804 8.364218264081562e-08
47350.04800076804 9.876868835847494e-08
47400.04800076804 1.716335520238221e-07
47450.04800076804 9.191484203535399e-08
47500.04800076804 1.9140505447307436e-07
47550.04800076804 1.0058485747807975e-07
47600.04800076804 1.6154814081096712e-07
47650.04800076804 8.498680316302686e-08
47700.04800076804 1.5108134403036354e-07
47750.04800076804 6.612300262712049e-08
47800.04800076804 1.0173690060342888e-07
47850.04800076804 5.577966276029162e-08
47900.04800076804 8.694805628780161e-08
47950.04800076804 1.0272192802606505e-07
48000.04800076804 1.9386023442180871e-07
48050.04800076804 1.187483330262884e-07
48100.04800076804 1.037532789909572e-07
48150.04800076804 1.0123490082121341e-07
48200.04800076804 1.3235432953578404e-07
48250.04800076804 9.946724864806409e-08
48300.04800076804 2.1167349614356027e-07
48350.04800076804 8.928823102351458e-08
48400.04800076804 6.5944724472756e-08
48450.04800076804 9.13571447659864e-08
48500.04800076804 1.6625990225203187e-07
48550.04800076804 8.943198950417864e-08
48600.04800076804 1.5330466935753756e-07
48650.04800076804 1.180265715179317e-07
48700.04800076804 1.6323059908361882e-07
48750.04800076804 9.948899127028904e-08
48800.04800076804 1.7792388238207583e-07
48850.04800076804 1.1040754052045421e-07
48900.04800076804 1.587251805985137e-07
48950.04800076804 1.1716496427285286e-07
49000.04800076804 7.94607263030196e-08
49050.04800076804 1.5694761449061116e-07
49100.04800076804 1.238055031975885e-07
49150.04800076804 1.6779745237077205e-07
49200.04800076804 1.5069552751167674e-07
49250.04800076804 1.9296575602878946e-07
49300.04800076804 1.3751294074671276e-07
49350.04800076804 8.990317958131875e-08
49400.04800076804 1.1455053933280965e-07
49450.04800076804 1.3526120497376992e-07
49500.04800076804 1.109781121279195e-07
49550.04800076804 3.947006549134345e-08
49600.04800076804 9.349841743343245e-08
49650.04800076804 1.1457712578210612e-07
49700.04800076804 1.1881557109581297e-07
49750.04800076804 1.640764964425976e-07
49800.04800076804 1.0232657961774595e-07
49850.04800076804 2.0280941314175725e-07
49900.04800076804 1.6122376754673824e-07
49950.04800076804 1.540616013880086e-07
50000.04800076804 1.5537575995598126e-07
50050.04800076804 1.7196835080690208e-07
50100.04800076804 1.543182379697155e-07
50150.04800076804 7.724330588285112e-08
50200.04800076804 2.9685258659085657e-08
50250.04800076804 1.1184719386357064e-07
50300.04800076804 8.035295397561494e-08
50350.04800076804 1.5971147805673737e-07
50400.04800076804 1.5483751644739882e-07
50450.04800076804 1.2445032950789722e-07
50500.04800076804 1.767734908562296e-07
50550.04800076804 1.6791322322418772e-07
50600.04800076804 1.3514364257685636e-07
50650.04800076804 1.6596230643865005e-07
50700.04800076804 2.1091576052658687e-07
50750.04800076804 1.5172289070438422e-07
50800.04800076804 6.860520953414114e-08
50850.04800076804 4.8729227094607143e-08
50900.04800076804 1.6594470493941222e-07
50950.04800076804 1.5547209785653916e-07
51000.04800076804 1.203469883031906e-07
51050.04800076804 1.436233562229542e-07
51100.04800076804 5.5476552010261755e-08
51150.04800076804 8.76726713743982e-08
51200.04800076804 2.099410160054764e-07
51250.04800076804 1.3337830057061748e-07
51300.04800076804 1.0312555765154494e-07
51350.04800076804 1.1917296393303352e-07
51400.04800076804 5.572099101673189e-08
51450.04800076804 4.7619889345487435e-08
51500.04800076804 4.1802169863548326e-08
51550.04800076804 1.0946436060238853e-07
51600.04800076804 8.726816051620312e-08
51650.04800076804 1.1585595518032352e-07
51700.04800076804 1.1763376973208233e-07
51750.04800076804 7.302271216453834e-08
51800.04800076804 1.560344859112022e-07
51850.04800076804 1.2795995852341143e-07
51900.04800076804 1.7055425671928466e-07
51950.04800076804 1.1030326855619284e-07
52000.04800076804 2.2306358299997414e-08
52050.04800076804 6.589168166590529e-08
52100.04800076804 5.0346781268554946e-08
52150.04800076804 3.3774216337190626e-08
52200.04800076804 5.051983570666608e-08
52250.04800076804 8.653542278280028e-08
52300.04800076804 1.4392542580789512e-07
52350.04800076804 6.04270730467452e-08
52400.04800076804 5.63966306702622e-08
52450.04800076804 1.302376827317676e-07
52500.04800076804 1.18389737740918e-07
52550.04800076804 1.139498000143279e-07
52600.04800076804 8.83783014174536e-08
52650.04800076804 9.047124464290482e-08
52700.04800076804 7.637254405913221e-08
52750.04800076804 4.736372673819469e-08
52800.04800076804 5.8575248931479114e-08
52850.04800076804 7.315787878459257e-08
52900.04800076804 4.496296325026496e-08
52950.04800076804 5.58137907562116e-08
53000.04800076804 1.1875798945433602e-07
53050.04800076804 3.948935213375429e-08
53100.04800076804 1.1907271532333729e-07
53150.04800076804 1.440545210947746e-07
53200.04800076804 5.783616757038684e-08
53250.04800076804 1.296399442071297e-07
53300.04800076804 1.3648242942075783e-07
53350.04800076804 1.3323754262720704e-07
53400.04800076804 1.091087416112057e-07
53450.04800076804 3.551509540918409e-08
53500.04800076804 1.523090180806297e-08
53550.04800076804 2.9561820807797725e-08
53600.04800076804 7.130375541993102e-08
53650.04800076804 6.449909721981632e-08
53700.04800076804 5.4692876513409135e-08
53750.04800076804 5.2684969766239734e-08
53800.04800076804 5.1431594329249876e-08
53850.04800076804 7.655649757223036e-08
53900.04800076804 9.383692922215548e-08
53950.04800076804 1.1253742492028272e-07
54000.04800076804 7.060084858014602e-08
54050.04800076804 7.848365134030939e-08
54100.04800076804 2.432734473983322e-08
54150.04800076804 3.852119191564511e-08
54200.04800076804 1.1166887934483124e-08
54250.04800076804 2.136994726346292e-08
54300.04800076804 4.712517795693595e-08
54350.04800076804 6.744815931345492e-08
54400.04800076804 6.139794897835082e-08
54450.04800076804 5.298779427934961e-08
54500.04800076804 4.4664864261356555e-08
54550.04800076804 4.227998872039508e-08
54600.04800076804 4.71109523414342e-08
54650.04800076804 1.3706839185241013e-08
54700.04800076804 5.5810648268504504e-08
54750.04800076804 5.1716312965437696e-08
54800.04800076804 3.1044378494706706e-08
54850.04800076804 4.426388349809641e-08
54900.04800076804 6.862560767848371e-08
54950.04800076804 9.940021330405107e-08
55000.04800076804 3.11112119562633e-08
55050.04800076804 5.5930625703242284e-08
55100.04800076804 6.02520158195936e-08
55150.04800076804 3.575643345068484e-08
55200.04800076804 3.276942881090699e-08
55250.04800076804 4.546330298432048e-08
55300.04800076804 2.9019186663362842e-08
55350.04800076804 6.021414595721048e-08
55400.04800076804 7.135288326427373e-08
55450.04800076804 4.139155073600203e-08
55500.04800076804 1.824095123228283e-08
55550.04800076804 2.248323131870481e-08
55600.04800076804 3.014794433820441e-08
55650.04800076804 2.7847223163979454e-08
55700.04800076804 3.208926805431316e-08
55750.04800076804 3.131649497014676e-08
55800.04800076804 1.6498028936798454e-08
55850.04800076804 2.0261371408841315e-08
55900.04800076804 4.806146295886524e-08
55950.04800076804 6.771322234749056e-08
56000.04800076804 2.574685530955172e-08
56050.04800076804 3.4013973368848223e-08
56100.04800076804 4.886031833303154e-08
56150.04800076804 2.628526649748045e-08
56200.04800076804 3.479654326823064e-08
56250.04800076804 5.2240701249966244e-08
56300.04800076804 3.998251353577538e-08
56350.04800076804 3.18068199869288e-08
56400.04800076804 1.4131434055571734e-08
56450.04800076804 1.3175218556071697e-08
56500.04800076804 2.9035688732546666e-08
56550.04800076804 1.4384551677425598e-08
56600.04800076804 4.56335376557372e-08
56650.04800076804 4.960610249581763e-08
56700.04800076804 4.328066961757438e-08
56750.04800076804 1.55793463129756e-08
56800.04800076804 3.65607671590248e-08
56850.04800076804 3.6999521031477964e-08
56900.04800076804 2.180574078549639e-08
56950.04800076804 4.3981518055382715e-08
57000.04800076804 5.462955767980394e-08
57050.04800076804 2.6802656195274196e-08
57100.04800076804 1.0062659807245035e-08
57150.04800076804 1.7459687424752627e-08
57200.04800076804 1.4641534436974424e-08
57250.04800076804 2.084296394607019e-08
57300.04800076804 3.305160534600754e-08
57350.04800076804 1.6398382878350755e-08
57400.04800076804 3.920519654016065e-08
57450.04800076804 2.4181663625196828e-08
57500.04800076804 2.3705912830629177e-08
57550.04800076804 3.398284792068058e-08
57600.04800076804 3.20421421865193e-08
57650.04800076804 8.237362374321787e-09
57700.04800076804 1.3925706396526739e-08
57750.04800076804 2.2501508992853845e-08
57800.04800076804 9.023363750854324e-09
57850.04800076804 6.214303224457895e-08
57900.04800076804 7.125314956809824e-08
57950.04800076804 7.149098902286401e-08
58000.04800076804 2.4362370055133228e-08
58050.04800076804 4.0423677637409245e-08
58100.04800076804 4.2357262658135757e-08
58150.04800076804 2.7099493113932484e-08
58200.04800076804 8.827265015342397e-09
58250.04800076804 1.3249656872182168e-08
58300.04800076804 1.3715953739288917e-08
58350.04800076804 1.7496665978463883e-08
58400.04800076804 3.507729110932751e-08
58450.04800076804 4.004687122928128e-08
58500.04800076804 3.8504986455082025e-08
58550.04800076804 3.653155164477413e-08
58600.04800076804 1.602656115082918e-08
58650.04800076804 2.0517896900799166e-08
58700.04800076804 2.714764963055671e-08
58750.04800076804 2.4725875406221105e-08
58800.04800076804 5.635429071390247e-09
58850.04800076804 1.839120669702741e-08
58900.04800076804 2.5895514551459424e-08
58950.04800076804 1.1659812758134247e-08
59000.04800076804 2.7257821597035594e-08
59050.04800076804 3.7961553932604205e-08
59100.04800076804 3.896182528554473e-08
59150.04800076804 2.8435500358544808e-08
59200.04800076804 3.250832797453721e-08
59250.04800076804 3.4482993461850637e-08
59300.04800076804 2.810963671932271e-08
59350.04800076804 7.546076498760117e-09
59400.04800076804 7.2167801973801036e-09
59450.04800076804 2.9102229085662773e-08
59500.04800076804 1.4976428149645587e-08
59550.04800076804 3.3962678152123935e-08
59600.04800076804 4.1707679210475464e-08
59650.04800076804 2.1954182559660815e-08
59700.04800076804 1.566450380934738e-08
59750.04800076804 4.8469427995470504e-08
59800.04800076804 2.212127545757349e-08
59850.04800076804 3.2576682675029016e-08
59900.04800076804 1.1850770645394806e-08
59950.04800076804 2.6528387047509766e-08
60000.04800076804 5.634648752754136e-08
60050.04800076804 5.128081458723507e-08
60100.04800076804 4.41774869101264e-08
60150.04800076804 2.110483754714907e-08
60200.04800076804 3.793224314727833e-08
60250.04800076804 5.827461069985496e-08
60300.04800076804 5.0865175479687886e-08
60350.04800076804 3.1525160717438545e-08
60400.04800076804 3.41138407865593e-08
60450.04800076804 1.0489323618188363e-08
60500.04800076804 4.543728981282117e-09
60550.04800076804 3.0860445917285753e-08
60600.04800076804 3.820926590241655e-08
60650.04800076804 2.5085082472134635e-08
60700.04800076804 1.8014156338692005e-08
60750.04800076804 1.0172859568452366e-08
60800.04800076804 3.586293656027105e-08
60850.04800076804 6.878285474873909e-08
60900.04800076804 6.15934426302198e-08
60950.04800076804 4.7684045959263506e-08
61000.04800076804 4.102015327259904e-08
61050.04800076804 1.864116184071428e-08
61100.04800076804 2.4080629656849417e-08
61150.04800076804 8.706229653348065e-09
61200.04800076804 3.869114588260966e-08
61250.04800076804 5.029713530286819e-08
61300.04800076804 4.457038574943597e-08
61350.04800076804 7.009253010346819e-08
61400.04800076804 2.87749743052696e-08
61450.04800076804 1.1968140236858056e-08
61500.04800076804 1.635854890290117e-08
61550.04800076804 2.7999608326024566e-08
61600.04800076804 1.3726354269387015e-08
61650.04800076804 2.802738729800501e-08
61700.04800076804 2.8265287749191937e-08
61750.04800076804 3.251892305442894e-08
61800.04800076804 2.947345643891259e-08
61850.04800076804 1.2744952815148469e-08
61900.04800076804 5.022354650734405e-08
61950.04800076804 5.330633262032187e-08
62000.04800076804 5.949699349895101e-08
62050.04800076804 5.788205668892803e-08
62100.04800076804 4.0805434475756595e-08
62150.04800076804 5.832110996192079e-08
62200.04800076804 5.063482460569223e-08
62250.04800076804 4.064976224903639e-08
62300.04800076804 8.369354868697691e-08
62350.04800076804 6.600581821532604e-08
62400.04800076804 2.896430359211508e-08
62450.04800076804 4.4995178733577236e-08
62500.04800076804 7.687850500828037e-08
62550.04800076804 7.846961539516095e-08
62600.04800076804 7.599654082275222e-08
62650.04800076804 5.63520786054114e-08
62700.04800076804 5.117465691262013e-08
62750.04800076804 7.324484977834326e-08
62800.04800076804 4.209725963058795e-08
62850.04800076804 6.626486162320238e-08
62900.04800076804 4.744131690721601e-08
62950.04800076804 8.467462770336068e-08
63000.04800076804 5.912192327567704e-08
63050.04800076804 1.0352477918296633e-07
63100.04800076804 9.317092086338347e-08
63150.04800076804 6.52268153703335e-08
63200.04800076804 7.275799263996274e-08
63250.04800076804 6.3625154429582e-08
63300.04800076804 6.033823203401429e-08
63350.04800076804 5.655344353285818e-08
