galfind/configs/Brown_Dwarf_templates/sonora_cholla/logkzz2/316g/800K_316g_logkzz2_resample.dat
# %ECSV 1.0
# ---
# datatype:
# - {name: wav, unit: Angstrom, datatype: float64}
# - {name: flux_nu, unit: erg / (cm2 Hz s), datatype: float64}
# schema: astropy-2.0
wav flux_nu
[from data line 417]
23850.04800076804 1.5310237502378513e-09
23900.04800076804 2.969592119527217e-09
23950.04800076804 2.5756271473387197e-09
24000.04800076804 3.779679742947598e-09
24050.04800076804 4.550497131410641e-09
24100.04800076804 3.6301705073657946e-09
24150.04800076804 4.6280702973927865e-09
24200.04800076804 4.608733208174201e-09
24250.04800076804 3.077248970561968e-09
24300.04800076804 5.1945788547582424e-09
24350.04800076804 3.714678394406842e-09
24400.04800076804 6.991728388950385e-09
24450.04800076804 5.982230365285785e-09
24500.04800076804 6.7051018933951495e-09
24550.04800076804 8.262015097895449e-09
24600.04800076804 9.610024364262467e-09
24650.04800076804 1.0981045773717931e-08
24700.04800076804 8.066115351486163e-09
24750.04800076804 8.467999023694987e-09
24800.04800076804 8.456331986518051e-09
24850.04800076804 1.314069316271813e-08
24900.04800076804 5.8199507418319465e-09
24950.04800076804 1.0779695514248097e-08
25000.04800076804 1.0822270770796052e-08
25050.04800076804 6.743520685996828e-09
25100.04800076804 9.589354402873928e-09
25150.04800076804 5.0562183957673566e-09
25200.04800076804 7.634182195558044e-09
25250.04800076804 3.6454328468041397e-09
25300.04800076804 5.808657907958152e-09
25350.04800076804 2.655265961226225e-09
25400.04800076804 6.340098116923721e-09
25450.04800076804 3.02824739244514e-09
25500.04800076804 2.7035572170936812e-09
25550.04800076804 4.178339641197788e-09
25600.04800076804 2.167524982716521e-09
25650.04800076804 1.697640134954801e-09
25700.04800076804 3.190041185099003e-09
25750.04800076804 1.2927661932999182e-09
25800.04800076804 3.988786831311031e-09
25850.04800076804 1.1920235331238608e-09
25900.04800076804 1.8175968734678173e-09
25950.04800076804 8.275389455180305e-10
26000.04800076804 3.806398612918827e-09
26050.04800076804 1.2113320722066237e-09
26100.04800076804 3.62235010771049e-09
26150.04800076804 2.3009674339838425e-09
26200.04800076804 2.6626333891584024e-09
26250.04800076804 7.325606726280842e-09
26300.04800076804 3.1155375970759304e-09
26350.04800076804 8.477806700700365e-09
26400.04800076804 1.071286391352557e-08
26450.04800076804 9.192792122665809e-09
26500.04800076804 1.0697971833816896e-08
26550.04800076804 4.390467994438116e-09
26600.04800076804 4.934455588854164e-09
26650.04800076804 1.5990530965360486e-09
26700.04800076804 8.958844336309532e-10
26750.04800076804 1.0903027031296917e-09
26800.04800076804 1.950153381006241e-09
26850.04800076804 1.1348442945140072e-09
26900.04800076804 3.63396832705687e-09
26950.04800076804 1.4994851067311872e-09
27000.04800076804 5.350372728239548e-09
27050.04800076804 5.0323198481913905e-09
27100.04800076804 2.1966213756879047e-09
27150.04800076804 7.133048753114444e-09
27200.04800076804 2.097538300646096e-09
27250.04800076804 3.844365459249213e-09
27300.04800076804 1.5056553676731656e-08
27350.04800076804 7.825622093391957e-09
27400.04800076804 1.0206335298129348e-09
27450.04800076804 9.884508629064355e-09
27500.04800076804 1.2296487681831826e-08
27550.04800076804 3.1052406622898807e-09
27600.04800076804 6.86960236022615e-09
27650.04800076804 2.5007424823435306e-09
27700.04800076804 1.9632061807305575e-09
27750.04800076804 7.78644631381222e-09
27800.04800076804 3.11295863824712e-09
27850.04800076804 3.855523561219468e-09
27900.04800076804 5.274960823190714e-09
27950.04800076804 9.388478830048068e-09
28000.04800076804 7.562804281902517e-09
28050.04800076804 2.1769014681496465e-09
28100.04800076804 1.141692601781227e-08
28150.04800076804 6.86373098038285e-09
28200.04800076804 2.3124271802358175e-09
28250.04800076804 1.2300350184137846e-08
28300.04800076804 1.6939652140299725e-08
28350.04800076804 3.2985772222112366e-09
28400.04800076804 9.477001189230234e-09
28450.04800076804 1.526166828193771e-08
28500.04800076804 9.096108672184941e-09
28550.04800076804 2.840794277353385e-09
28600.04800076804 1.4102082031355334e-08
28650.04800076804 1.3023667897326928e-08
28700.04800076804 1.085664606861406e-08
28750.04800076804 1.8828501126869712e-08
28800.04800076804 1.6026735432770987e-08
28850.04800076804 1.9373676831926877e-08
28900.04800076804 8.381980997171685e-09
28950.04800076804 2.523783005271738e-08
29000.04800076804 1.5648962953905997e-08
29050.04800076804 1.9044065621158714e-08
29100.04800076804 1.2414720892567327e-08
29150.04800076804 2.8845756614608775e-08
29200.04800076804 1.7215064425227622e-08
29250.04800076804 2.537641470965819e-08
29300.04800076804 1.4425322588532458e-08
29350.04800076804 5.8943609717895336e-08
29400.04800076804 1.9937375723674684e-08
29450.04800076804 2.4082127803044387e-08
29500.04800076804 3.2143353275997535e-08
29550.04800076804 2.2749693422664987e-08
29600.04800076804 3.3825416996382287e-08
29650.04800076804 3.440526369321864e-08
29700.04800076804 2.058669637521913e-08
29750.04800076804 3.2627590415190975e-08
29800.04800076804 3.508591669695426e-08
29850.04800076804 4.466965044920364e-08
29900.04800076804 4.5393294803070636e-08
29950.04800076804 3.424219536496507e-08
30000.04800076804 1.9458096435721794e-08
30050.04800076804 2.2057117083832622e-08
30100.04800076804 3.341453589999166e-08
30150.04800076804 4.534529203029643e-08
30200.04800076804 3.071117702844145e-08
30250.04800076804 5.566011106703285e-08
30300.04800076804 4.6870648531017194e-08
30350.04800076804 3.615024558313542e-08
30400.04800076804 5.0228317821060525e-08
30450.04800076804 3.547016318311517e-08
30500.04800076804 3.3509761566124847e-08
30550.04800076804 3.0403301370978816e-08
30600.04800076804 4.576519466832892e-08
30650.04800076804 3.631884020163455e-08
30700.04800076804 3.017388705301709e-08
30750.04800076804 3.106444601799905e-08
30800.04800076804 2.6057185920547836e-08
30850.04800076804 2.7853187627094412e-08
30900.04800076804 2.630446531083153e-08
30950.04800076804 1.62351586443958e-08
31000.04800076804 2.0997075774852135e-08
31050.04800076804 2.1080414433314233e-08
31100.04800076804 1.374540123131476e-08
31150.04800076804 1.764794581700938e-08
31200.04800076804 2.086962053346621e-08
31250.04800076804 1.3356153494110158e-08
31300.04800076804 1.2203525654637935e-08
31350.04800076804 1.3123289745382388e-08
31400.04800076804 7.94573894603733e-09
31450.04800076804 1.2763626211509144e-08
31500.04800076804 7.0707410467674165e-09
31550.04800076804 9.226293102358267e-09
31600.04800076804 5.939656337385854e-09
31650.04800076804 5.8235165825189625e-09
31700.04800076804 7.427162278837814e-09
31750.04800076804 3.5433047460184276e-09
31800.04800076804 6.9519397109772564e-09
31850.04800076804 3.741637322821355e-09
31900.04800076804 5.299908139040494e-09
31950.04800076804 3.815204744267348e-09
32000.04800076804 4.298292021054879e-09
32050.04800076804 3.328708415297371e-09
32100.04800076804 2.8861058105054427e-09
32150.04800076804 4.026911600116225e-09
32200.04800076804 2.4608069266503128e-09
32250.04800076804 5.643751887765837e-09
32300.04800076804 2.0383120477907023e-09
32350.04800076804 6.06888625902618e-09
32400.04800076804 2.6307920964943705e-09
32450.04800076804 4.6563805592205395e-09
32500.04800076804 3.2370883220650725e-09
32550.04800076804 4.726539187493772e-09
32600.04800076804 4.200134786180725e-09
32650.04800076804 7.048740477348459e-09
32700.04800076804 5.216413370773016e-09
32750.04800076804 9.347700827886779e-09
32800.04800076804 7.155782190340387e-09
32850.04800076804 1.1769165981114958e-08
32900.04800076804 1.1383446241589185e-08
32950.04800076804 1.3024656306791138e-08
33000.04800076804 8.909955619390433e-09
33050.04800076804 9.596457056251738e-09
33100.04800076804 3.9147687109879245e-09
33150.04800076804 1.48333672615355e-10
33200.04800076804 3.7945011521925463e-10
33250.04800076804 2.6178937040180057e-10
33300.04800076804 5.145784091305691e-10
33350.04800076804 1.5280566267057682e-09
33400.04800076804 2.967075987616968e-09
33450.04800076804 3.409842378244542e-09
33500.04800076804 6.659909229744759e-09
33550.04800076804 4.702552622861863e-09
33600.04800076804 7.413812439148591e-09
33650.04800076804 6.409603965978892e-09
33700.04800076804 5.010829102352382e-09
33750.04800076804 8.95816974131875e-09
33800.04800076804 3.5355571968579533e-09
33850.04800076804 6.409647899643981e-09
33900.04800076804 6.3343457207217545e-09
33950.04800076804 6.415214159885316e-09
34000.04800076804 9.03780548199584e-09
34050.04800076804 2.9572995681618687e-09
34100.04800076804 7.899543583948027e-09
34150.04800076804 4.649526500080669e-09
34200.04800076804 7.193922777868215e-09
34250.04800076804 5.6360194750083065e-09
34300.04800076804 5.0212739045797926e-09
34350.04800076804 8.478305671190659e-09
34400.04800076804 4.9413428590969265e-09
34450.04800076804 9.176514901664674e-09
34500.04800076804 5.518204045526336e-09
34550.04800076804 4.082849134389179e-09
34600.04800076804 1.0115440884755334e-08
34650.04800076804 4.045314977818181e-09
34700.04800076804 6.185832183267611e-09
34750.04800076804 5.916803399955886e-09
34800.04800076804 4.259102343460961e-09
34850.04800076804 8.519750927471035e-09
34900.04800076804 7.439608512605029e-09
34950.04800076804 7.329729157145535e-09
35000.04800076804 1.2032983104789801e-08
35050.04800076804 7.56407992186695e-09
35100.04800076804 1.3021183260304325e-08
35150.04800076804 1.132945188169294e-08
35200.04800076804 1.3897726850665994e-08
35250.04800076804 1.499071125579345e-08
35300.04800076804 9.609223652432567e-09
35350.04800076804 1.5075959485010026e-08
35400.04800076804 1.3659902070616238e-08
35450.04800076804 1.161559487368995e-08
35500.04800076804 2.5080429062646995e-08
35550.04800076804 1.640665359518265e-08
35600.04800076804 1.8846820498032743e-08
35650.04800076804 1.9154180194437702e-08
35700.04800076804 1.3425718843436267e-08
35750.04800076804 2.8307741963728962e-08
35800.04800076804 2.0295021707303223e-08
35850.04800076804 1.3322776499638057e-08
35900.04800076804 2.2116034339197237e-08
35950.04800076804 2.2611601173353435e-08
36000.04800076804 1.3389245234099239e-08
36050.04800076804 2.058392989910067e-08
36100.04800076804 1.9177862782124105e-08
36150.04800076804 2.6330145749798695e-08
36200.04800076804 2.349114387667436e-08
36250.04800076804 2.6948449733638812e-08
36300.04800076804 3.129241670017981e-08
36350.04800076804 2.7518276004209698e-08
36400.04800076804 4.07936454757084e-08
36450.04800076804 3.6094349484479196e-08
36500.04800076804 3.6952696930348374e-08
36550.04800076804 4.7059784415579884e-08
36600.04800076804 5.402035784574893e-08
36650.04800076804 5.158916307007851e-08
36700.04800076804 5.4767859272841914e-08
36750.04800076804 5.806002842462377e-08
36800.04800076804 5.482994012342636e-08
36850.04800076804 4.289688435410773e-08
36900.04800076804 5.424632276720239e-08
36950.04800076804 5.6743552072018326e-08
37000.04800076804 5.228366405125481e-08
37050.04800076804 6.298677607309185e-08
37100.04800076804 6.333452754282713e-08
37150.04800076804 6.36337822478639e-08
37200.04800076804 6.496208774639287e-08
37250.04800076804 5.4251563584016913e-08
37300.04800076804 5.546552645214854e-08
37350.04800076804 7.086955240440704e-08
37400.04800076804 8.536171967492133e-08
37450.04800076804 6.328023598951926e-08
37500.04800076804 5.993393189183564e-08
37550.04800076804 9.655131695615386e-08
37600.04800076804 1.1170332974395468e-07
37650.04800076804 7.15984684603174e-08
37700.04800076804 9.038809861228281e-08
37750.04800076804 6.510640112325924e-08
37800.04800076804 7.503798288174836e-08
37850.04800076804 5.6217960358996486e-08
37900.04800076804 6.854642508833617e-08
37950.04800076804 8.935080251448024e-08
38000.04800076804 1.0715301526621767e-07
38050.04800076804 9.993172539878714e-08
38100.04800076804 1.107879688082905e-07
38150.04800076804 1.1275815136376063e-07
38200.04800076804 1.1811330376580535e-07
38250.04800076804 1.1349957734243867e-07
38300.04800076804 1.5942471983963808e-07
38350.04800076804 1.5128535321566656e-07
38400.04800076804 9.396457141316406e-08
38450.04800076804 9.005457337219265e-08
38500.04800076804 6.221021216176854e-08
38550.04800076804 9.46986266817487e-08
38600.04800076804 1.0342046876409401e-07
38650.04800076804 1.387451232739498e-07
38700.04800076804 1.3007092443577406e-07
38750.04800076804 1.3475999317348132e-07
38800.04800076804 1.0184433932811033e-07
38850.04800076804 1.4989503742571676e-07
38900.04800076804 1.5471627989686413e-07
38950.04800076804 1.1632405643360139e-07
39000.04800076804 1.6929424309647905e-07
39050.04800076804 1.3114829644482525e-07
39100.04800076804 1.532126228446759e-07
39150.04800076804 1.431494291946735e-07
39200.04800076804 1.2800449929941926e-07
39250.04800076804 1.6934351891690537e-07
39300.04800076804 1.5693258159949324e-07
39350.04800076804 2.114860303913903e-07
39400.04800076804 1.7702124817438477e-07
39450.04800076804 1.8265554426444417e-07
39500.04800076804 1.7914039932852199e-07
39550.04800076804 1.663989495119912e-07
39600.04800076804 1.8615712770189917e-07
39650.04800076804 2.36718424772623e-07
39700.04800076804 1.8221983966513286e-07
39750.04800076804 1.301994086633756e-07
39800.04800076804 1.7602383262373753e-07
39850.04800076804 2.2338574728406925e-07
39900.04800076804 2.2669280523149684e-07
39950.04800076804 1.9759890203573495e-07
40000.04800076804 2.487621886920567e-07
40050.04800076804 2.3235207357355691e-07
40100.04800076804 1.5434815045525577e-07
40150.04800076804 2.523363581646425e-07
40200.04800076804 2.502916794671028e-07
40250.04800076804 2.481226322460826e-07
40300.04800076804 2.646259987853814e-07
40350.04800076804 1.9207931169069946e-07
40400.04800076804 2.5763642155577734e-07
40450.04800076804 2.1071110021856743e-07
40500.04800076804 2.7304976581370566e-07
40550.04800076804 2.696969750717233e-07
40600.04800076804 2.5330332280408997e-07
40650.04800076804 2.471812273221387e-07
40700.04800076804 3.516167826573997e-07
40750.04800076804 2.8508944360322686e-07
40800.04800076804 2.154795832457607e-07
40850.04800076804 3.419725553566276e-07
40900.04800076804 3.0410286428449263e-07
40950.04800076804 2.4498413914855454e-07
41000.04800076804 2.842455756304052e-07
41050.04800076804 3.4851631657714456e-07
41100.04800076804 2.4874037167527363e-07
41150.04800076804 1.9871764572360667e-07
41200.04800076804 3.512844035210477e-07
41250.04800076804 3.073164618159243e-07
41300.04800076804 2.6529827699936316e-07
41350.04800076804 3.6601716574619445e-07
41400.04800076804 3.139215697782099e-07
41450.04800076804 3.4050773851002355e-07
41500.04800076804 2.63936686556919e-07
41550.04800076804 2.4925386460330565e-07
41600.04800076804 3.188490704981199e-07
41650.04800076804 3.2236735945215015e-07
41700.04800076804 2.96803279621563e-07
41750.04800076804 2.777583561543228e-07
41800.04800076804 3.815802762626574e-07
41850.04800076804 2.2852484521947236e-07
41900.04800076804 2.5778451527711513e-07
41950.04800076804 2.985525360913261e-07
42000.04800076804 3.376213947738786e-07
42050.04800076804 2.914372576593466e-07
42100.04800076804 3.6928198820905683e-07
42150.04800076804 2.6719852450879607e-07
42200.04800076804 2.8755851884756265e-07
42250.04800076804 2.621077695440906e-07
42300.04800076804 2.731454253459461e-07
42350.04800076804 3.12113893986486e-07
42400.04800076804 3.127681096648591e-07
42450.04800076804 2.8817445450980285e-07
42500.04800076804 2.6697141996518655e-07
42550.04800076804 2.60310044681215e-07
42600.04800076804 2.7590129916740466e-07
42650.04800076804 3.897964221061817e-07
42700.04800076804 2.2912449806942815e-07
42750.04800076804 2.501477060047442e-07
42800.04800076804 2.57185168198176e-07
42850.04800076804 2.9803211955827284e-07
42900.04800076804 3.353077177325541e-07
42950.04800076804 2.4885945084157883e-07
43000.04800076804 3.304782528643209e-07
43050.04800076804 1.6603397643725162e-07
43100.04800076804 2.420390554751913e-07
43150.04800076804 2.6744771455186975e-07
43200.04800076804 2.9570161326640653e-07
43250.04800076804 3.8190002393770203e-07
43300.04800076804 3.821597758710756e-07
43350.04800076804 2.1863129394095588e-07
43400.04800076804 2.918883602038773e-07
43450.04800076804 2.0205805372061373e-07
43500.04800076804 2.3128980450999576e-07
43550.04800076804 2.420566941952654e-07
