galfind/configs/Brown_Dwarf_templates/sonora_cholla/logkzz2/316g/800K_316g_logkzz2_resample.dat
# %ECSV 1.0
# ---
# datatype:
# - {name: wav, unit: Angstrom, datatype: float64}
# - {name: flux_nu, unit: erg / (cm2 Hz s), datatype: float64}
# schema: astropy-2.0
wav flux_nu
3000.0480007680403 nan
3050.0480007680403 0.0
3100.0480007680403 0.0
3150.0480007680403 0.0
3200.0480007680403 0.0
3250.0480007680403 0.0
3300.0480007680403 0.0
3350.0480007680403 0.0
3400.0480007680403 0.0
3450.0480007680403 0.0
3500.0480007680403 0.0
3550.0480007680403 0.0
3600.0480007680403 0.0
3650.0480007680403 0.0
3700.0480007680403 0.0
3750.0480007680403 0.0
3800.0480007680403 0.0
3850.0480007680403 0.0
3900.0480007680403 0.0
3950.0480007680403 0.0
4000.0480007680403 0.0
4050.0480007680403 0.0
4100.04800076804 0.0
4150.04800076804 0.0
4200.04800076804 0.0
4250.04800076804 0.0
4300.04800076804 0.0
4350.04800076804 0.0
4400.04800076804 0.0
4450.04800076804 0.0
4500.04800076804 0.0
4550.04800076804 0.0
4600.04800076804 0.0
4650.04800076804 0.0
4700.04800076804 0.0
4750.04800076804 0.0
4800.04800076804 0.0
4850.04800076804 0.0
4900.04800076804 0.0
4950.04800076804 0.0
5000.04800076804 3.40618053531689e-12
5050.04800076804 8.87653609440951e-12
5100.04800076804 9.828513769254999e-12
5150.04800076804 1.0929438238096682e-11
5200.04800076804 1.2155728753435822e-11
5250.04800076804 1.343275623561963e-11
5300.04800076804 1.471803780090244e-11
5350.04800076804 1.607252540716167e-11
5400.04800076804 1.75027218768931e-11
5450.04800076804 1.9125902388661014e-11
5500.04800076804 2.092280078360221e-11
5550.04800076804 2.293012780483284e-11
5600.04800076804 2.5138467524125088e-11
5650.04800076804 2.7571800168644488e-11
5700.04800076804 3.006537390386818e-11
5750.04800076804 3.283964293108491e-11
5800.04800076804 3.539494231200808e-11
5850.04800076804 3.686945717508618e-11
5900.04800076804 2.0843383514348515e-11
5950.04800076804 3.172102584933254e-11
6000.04800076804 5.7183701835190584e-11
6050.04800076804 7.267490125960168e-11
6100.04800076804 9.03669420260998e-11
6150.04800076804 1.1202578216900448e-10
6200.04800076804 1.3887106501604122e-10
6250.04800076804 1.7107594568220914e-10
6300.04800076804 2.094058506376349e-10
6350.04800076804 2.534999636904294e-10
6400.04800076804 2.998508791520349e-10
6450.04800076804 3.416464982385048e-10
6500.04800076804 3.9580644712280083e-10
6550.04800076804 4.5866449405291895e-10
6600.04800076804 5.248901304449184e-10
6650.04800076804 5.979864714682287e-10
6700.04800076804 6.816756174431269e-10
6750.04800076804 7.684949118724541e-10
6800.04800076804 8.597174572472102e-10
6850.04800076804 9.561409066333008e-10
6900.04800076804 9.975674315125848e-10
6950.04800076804 1.0232706365877893e-09
7000.04800076804 1.129077107851275e-09
7050.04800076804 1.1798715798675121e-09
7100.04800076804 1.26356293370439e-09
7150.04800076804 1.183124534930694e-09
7200.04800076804 1.193109493270559e-09
7250.04800076804 1.3290331377057373e-09
7300.04800076804 1.4002902174379088e-09
7350.04800076804 1.5313816266401846e-09
7400.04800076804 1.6634283722847249e-09
7450.04800076804 1.822574005606717e-09
7500.04800076804 1.9310541738517107e-09
7550.04800076804 2.019314774494254e-09
7600.04800076804 2.0688827699610527e-09
7650.04800076804 2.058995136590542e-09
7700.04800076804 1.5489866980786973e-09
7750.04800076804 1.1556090166180963e-09
7800.04800076804 2.2015470910094136e-09
7850.04800076804 2.7582769156271366e-09
7900.04800076804 3.2989623917323404e-09
7950.04800076804 3.7993699123861655e-09
8000.04800076804 4.1896154001245705e-09
8050.04800076804 4.523436682556854e-09
8100.04800076804 4.1854171437660134e-09
8150.04800076804 4.1646994493290926e-09
8200.04800076804 5.126941590384274e-09
8250.04800076804 5.225452224728778e-09
8300.04800076804 5.72303542328712e-09
8350.04800076804 5.962703935017247e-09
8400.04800076804 6.381332153025357e-09
8450.04800076804 7.153604587195512e-09
8500.04800076804 7.890326787809584e-09
8550.04800076804 8.690527804454425e-09
8600.04800076804 9.534021547311553e-09
8650.04800076804 1.0253276753725137e-08
8700.04800076804 1.0729070196267882e-08
8750.04800076804 1.1468673134587728e-08
8800.04800076804 1.1879842235798857e-08
8850.04800076804 1.1272382142065396e-08
8900.04800076804 7.553831021469357e-09
8950.04800076804 7.730936873864068e-09
9000.04800076804 7.226656289924057e-09
9050.04800076804 1.1604640568827952e-08
9100.04800076804 1.2471417118928396e-08
9150.04800076804 1.2397600279970476e-08
9200.04800076804 1.4573640644370643e-08
9250.04800076804 1.324833288576065e-08
9300.04800076804 3.971226381433762e-09
9350.04800076804 4.989123719639515e-09
9400.04800076804 8.741146935423696e-09
9450.04800076804 9.255349360620566e-09
9500.04800076804 8.41341317479695e-09
9550.04800076804 9.327420068162569e-09
9600.04800076804 9.172576631208629e-09
9650.04800076804 1.1233051539718656e-08
9700.04800076804 1.5483408767935725e-08
9750.04800076804 1.5966961097316205e-08
9800.04800076804 1.867182322234239e-08
9850.04800076804 2.1663686224591663e-08
9900.04800076804 2.6108236631754786e-08
9950.04800076804 2.773187861262331e-08
10000.04800076804 3.345780586044187e-08
10050.04800076804 3.6943459248600814e-08
10100.04800076804 4.405186380728582e-08
10150.04800076804 4.968136477186466e-08
10200.04800076804 5.702667721426068e-08
10250.04800076804 6.417917704913511e-08
10300.04800076804 7.211774367988278e-08
10350.04800076804 8.232177322184128e-08
10400.04800076804 9.536548460089981e-08
10450.04800076804 1.0360923283552364e-07
10500.04800076804 1.0989137084055629e-07
10550.04800076804 1.1712976267526131e-07
10600.04800076804 1.2200930707790339e-07
10650.04800076804 1.2867412487059664e-07
10700.04800076804 1.3170570266929683e-07
10750.04800076804 1.3594823141420537e-07
10800.04800076804 1.3446750608919092e-07
10850.04800076804 1.2942506781050043e-07
10900.04800076804 9.738104039742279e-08
10950.04800076804 5.280730542788928e-08
11000.04800076804 3.6752046916418596e-08
11050.04800076804 2.3346330921731944e-08
11100.04800076804 1.580518787198421e-08
11150.04800076804 9.188342167367486e-09
11200.04800076804 8.600274453551636e-09
11250.04800076804 1.089308178643993e-08
11300.04800076804 1.2271317601149323e-08
11350.04800076804 5.2191698485320686e-09
11400.04800076804 1.3334097404770031e-08
11450.04800076804 9.37001844366994e-09
11500.04800076804 8.820717835585347e-09
11550.04800076804 3.881403934072662e-09
11600.04800076804 3.76392833251986e-09
11650.04800076804 6.9471615864581115e-09
11700.04800076804 8.226523201583273e-09
11750.04800076804 3.2320144879705176e-09
11800.04800076804 1.0883010610550395e-08
11850.04800076804 1.8020732590867506e-08
11900.04800076804 2.2215957879161057e-08
11950.04800076804 3.327833225106217e-08
12000.04800076804 4.7020141060255206e-08
12050.04800076804 6.372759211317168e-08
12100.04800076804 8.21982974618972e-08
12150.04800076804 1.025538274218242e-07
12200.04800076804 1.2297382762074863e-07
12250.04800076804 1.4889406305354638e-07
12300.04800076804 1.766288754029e-07
12350.04800076804 1.8624710520735017e-07
12400.04800076804 2.2301340595497885e-07
12450.04800076804 2.5769206225280274e-07
12500.04800076804 2.7833323598355524e-07
12550.04800076804 2.9665218438030216e-07
12600.04800076804 2.9204340729668677e-07
12650.04800076804 2.808352767648696e-07
12700.04800076804 2.7605042446159065e-07
12750.04800076804 2.5888002921376194e-07
12800.04800076804 2.5172623763340663e-07
12850.04800076804 2.0063569735714245e-07
12900.04800076804 1.6873954381927403e-07
12950.04800076804 1.5516847814815542e-07
13000.04800076804 1.5140316452667628e-07
13050.04800076804 1.2451987639992725e-07
13100.04800076804 1.1333206629264788e-07
13150.04800076804 8.603602931254035e-08
13200.04800076804 7.74329961671774e-08
13250.04800076804 5.3337511287814414e-08
13300.04800076804 2.4311606876450613e-08
13350.04800076804 7.275947265252799e-09
13400.04800076804 3.2221137999054976e-09
13450.04800076804 1.4907634952478007e-09
13500.04800076804 7.045959503848675e-10
13550.04800076804 4.4406555479926084e-10
13600.04800076804 1.824114200289866e-10
13650.04800076804 7.639647003347845e-10
13700.04800076804 5.132709079930091e-10
13750.04800076804 8.238100951344598e-10
13800.04800076804 9.541431621724646e-10
13850.04800076804 5.783612438775966e-10
13900.04800076804 6.473211719143602e-10
13950.04800076804 5.982932297100635e-10
14000.04800076804 5.960554191348325e-10
14050.04800076804 8.921885290262794e-10
14100.04800076804 7.462301462038472e-10
14150.04800076804 1.2494268479577228e-09
14200.04800076804 8.467390016487079e-10
14250.04800076804 1.022755310704189e-09
14300.04800076804 2.1920906883371076e-09
14350.04800076804 2.014996718350145e-09
14400.04800076804 2.2403841699642114e-09
14450.04800076804 2.9024701431736327e-09
14500.04800076804 6.018574406884585e-09
14550.04800076804 6.319944809962903e-09
14600.04800076804 9.59425600903746e-09
14650.04800076804 9.67203422988893e-09
14700.04800076804 6.270800269139801e-09
14750.04800076804 9.213889971438195e-09
14800.04800076804 1.2179577827620722e-08
14850.04800076804 1.241311474214611e-08
14900.04800076804 1.4290799137644425e-08
14950.04800076804 1.769948655520848e-08
15000.04800076804 2.1611971624485674e-08
15050.04800076804 2.5179536977754085e-08
15100.04800076804 3.00041952123541e-08
15150.04800076804 3.155852931965214e-08
15200.04800076804 3.267871926011e-08
15250.04800076804 4.5168666226578916e-08
15300.04800076804 5.370786553403227e-08
15350.04800076804 6.675296729014828e-08
15400.04800076804 7.56677217921881e-08
15450.04800076804 8.613702522224352e-08
15500.04800076804 9.195302062738718e-08
15550.04800076804 1.0939205137997392e-07
15600.04800076804 1.207963298946803e-07
15650.04800076804 1.2362093714213234e-07
15700.04800076804 1.4133884080876357e-07
15750.04800076804 1.4945097933145057e-07
15800.04800076804 1.4832361928956022e-07
15850.04800076804 1.5513754030021513e-07
15900.04800076804 1.3928003375959948e-07
15950.04800076804 1.2677803687749685e-07
16000.04800076804 1.0045448939247112e-07
16050.04800076804 6.806490556554648e-08
16100.04800076804 4.8569056877193264e-08
16150.04800076804 3.012099214595097e-08
16200.04800076804 1.8466483485155488e-08
16250.04800076804 1.666290158209736e-08
16300.04800076804 1.2311462066448481e-08
16350.04800076804 1.432529963020326e-08
16400.04800076804 1.682684336018852e-08
16450.04800076804 1.7968120399163655e-08
16500.04800076804 1.9343953575776144e-08
16550.04800076804 1.8024599878143996e-08
16600.04800076804 2.0371458536127408e-08
16650.04800076804 1.4331132221906929e-08
16700.04800076804 3.9731440430319114e-09
16750.04800076804 8.525495073850208e-09
16800.04800076804 1.4081726960230412e-08
16850.04800076804 1.454276673038606e-08
16900.04800076804 1.038937987093775e-08
16950.04800076804 8.601404803331118e-09
17000.04800076804 6.109216322539518e-09
17050.04800076804 9.023167115371611e-09
17100.04800076804 1.2083383331301363e-08
17150.04800076804 8.230057188740535e-09
17200.04800076804 1.6602605205958496e-08
17250.04800076804 1.2006868821642859e-08
17300.04800076804 8.773165609103632e-09
17350.04800076804 9.245381412618703e-09
17400.04800076804 1.0543853369754721e-08
17450.04800076804 1.2792274460908014e-08
17500.04800076804 1.5911618525764022e-08
17550.04800076804 1.3394093069458252e-08
17600.04800076804 1.0239448668560019e-08
17650.04800076804 9.719745052353188e-09
17700.04800076804 7.625153036546902e-09
17750.04800076804 6.687032385171049e-09
17800.04800076804 9.88700321661754e-09
17850.04800076804 6.251343598163716e-09
17900.04800076804 6.197070335004666e-09
17950.04800076804 4.0266313579175265e-09
18000.04800076804 5.497203067246038e-09
18050.04800076804 5.02439702753952e-09
18100.04800076804 4.641867152456659e-09
18150.04800076804 6.4585754554272615e-09
18200.04800076804 3.5275330540225606e-09
18250.04800076804 9.689806711109366e-09
18300.04800076804 4.246047382974902e-09
18350.04800076804 3.543928824113858e-09
18400.04800076804 2.8666807426603513e-09
18450.04800076804 5.739385149143411e-09
18500.04800076804 6.058862899869563e-09
18550.04800076804 4.185254011854619e-09
18600.04800076804 4.248010877322365e-09
18650.04800076804 3.1076115594937867e-09
18700.04800076804 2.2218113911605187e-09
18750.04800076804 3.788230205785886e-09
18800.04800076804 1.055800596667491e-08
18850.04800076804 1.0596160548268367e-08
18900.04800076804 9.235361827450203e-09
18950.04800076804 1.7020378323487505e-08
19000.04800076804 8.386755858450497e-09
19050.04800076804 5.6192493894710875e-09
19100.04800076804 1.2119869617973068e-08
19150.04800076804 7.188016024256992e-09
19200.04800076804 1.100188714910664e-08
19250.04800076804 8.12916464741395e-09
19300.04800076804 6.200958251468258e-09
19350.04800076804 6.555137757924855e-09
19400.04800076804 4.101672360926598e-09
19450.04800076804 8.645003805397443e-09
19500.04800076804 7.754812211654659e-09
19550.04800076804 6.46199201270331e-09
19600.04800076804 9.447219268662013e-09
19650.04800076804 1.121697034746887e-08
19700.04800076804 1.1540144522904223e-08
19750.04800076804 1.3887550836737319e-08
19800.04800076804 1.5829075282954446e-08
19850.04800076804 2.0563292329380995e-08
19900.04800076804 1.6543974893048595e-08
19950.04800076804 2.5748744538363463e-08
20000.04800076804 2.4845646869729578e-08
20050.04800076804 2.614866937583125e-08
20100.04800076804 3.098884004694411e-08
20150.04800076804 2.733720848361552e-08
20200.04800076804 3.196814571752251e-08
20250.04800076804 3.893118229384444e-08
20300.04800076804 3.6368726405764124e-08
20350.04800076804 4.262110048985655e-08
20400.04800076804 4.027504841553155e-08
20450.04800076804 4.980466199243638e-08
20500.04800076804 5.13433673614941e-08
20550.04800076804 5.064394607318546e-08
20600.04800076804 5.6293578925641534e-08
20650.04800076804 5.481261722668019e-08
20700.04800076804 5.448846185152712e-08
20750.04800076804 5.84418207213861e-08
20800.04800076804 5.623448624029423e-08
20850.04800076804 5.7210910593932475e-08
20900.04800076804 5.8466543950513745e-08
20950.04800076804 5.487766599695847e-08
21000.04800076804 5.527317857513963e-08
21050.04800076804 5.20805627112967e-08
21100.04800076804 5.003211324389737e-08
21150.04800076804 4.987858855880243e-08
21200.04800076804 4.6747002090025026e-08
21250.04800076804 4.473736885978581e-08
21300.04800076804 3.9052912999174084e-08
21350.04800076804 3.902693277392875e-08
21400.04800076804 3.61425273712913e-08
21450.04800076804 3.1593262645176864e-08
21500.04800076804 3.2096126314093745e-08
21550.04800076804 2.9673025939857556e-08
21600.04800076804 2.6539450960064132e-08
21650.04800076804 2.314948239408725e-08
21700.04800076804 2.4124739392611162e-08
21750.04800076804 2.3224569962280117e-08
21800.04800076804 1.970064833663052e-08
21850.04800076804 1.6916593946663316e-08
21900.04800076804 1.3966829496422512e-08
21950.04800076804 6.249431932005056e-09
22000.04800076804 2.2092649251312705e-09
22050.04800076804 2.118803183419084e-09
22100.04800076804 4.856307054665989e-09
22150.04800076804 5.70252894136523e-09
22200.04800076804 5.131211390814881e-09
22250.04800076804 4.938943757781257e-09
22300.04800076804 3.477294812095482e-09
22350.04800076804 3.5610867863372402e-09
22400.04800076804 2.2766312468876203e-09
22450.04800076804 2.1471951867368412e-09
22500.04800076804 2.381598872145797e-09
22550.04800076804 1.1934416083793515e-09
22600.04800076804 1.7193550370935497e-09
22650.04800076804 2.3908490897577057e-09
22700.04800076804 1.587666851635388e-09
22750.04800076804 1.792556863959844e-09
22800.04800076804 1.7384688950734597e-09
22850.04800076804 1.5034196297863717e-09
22900.04800076804 1.0379600583741462e-09
22950.04800076804 9.856772825012318e-10
23000.04800076804 1.3218757289083867e-09
23050.04800076804 1.6520265066113108e-09
23100.04800076804 4.200396002076066e-09
23150.04800076804 4.481850939575234e-09
23200.04800076804 6.799921301123117e-10
23250.04800076804 9.203970654785106e-10
23300.04800076804 1.1089352066508583e-09
23350.04800076804 8.617300383185259e-10
23400.04800076804 1.3984924222467684e-09
23450.04800076804 9.941948575778636e-10
23500.04800076804 9.72312860543705e-10
23550.04800076804 1.5769398002497751e-09
23600.04800076804 1.946390412439939e-09
23650.04800076804 2.6329497377337995e-09
23700.04800076804 9.881870947573454e-10
23750.04800076804 7.369963355883275e-10
