galfind/configs/Brown_Dwarf_templates/sonora_cholla/logkzz2/316g/850K_316g_logkzz2_resample.dat
# %ECSV 1.0
# ---
# datatype:
# - {name: wav, unit: Angstrom, datatype: float64}
# - {name: flux_nu, unit: erg / (cm2 Hz s), datatype: float64}
# schema: astropy-2.0
wav flux_nu
[from data line 1163]
68150.00000000009 7.93827870490732e-08
68200.00000000009 7.511335442237828e-08
68250.00000000009 2.583645657563449e-08
68300.00000000009 6.79272564786741e-08
68350.00000000009 4.001873812586173e-08
68400.00000000009 1.052679037848279e-07
68450.00000000009 9.318234308177732e-08
68500.00000000009 7.092680411256337e-08
68550.00000000009 3.833605547756458e-08
68600.00000000009 4.136724595233995e-08
68650.00000000009 2.3548020077670175e-08
68700.00000000009 4.7759261216724005e-08
68750.00000000009 6.777148521724232e-08
68800.00000000009 7.733583663314962e-08
68850.00000000009 3.2315444798891874e-08
68900.00000000009 1.0326056156288518e-07
68950.00000000009 1.026466390094209e-07
69000.00000000009 8.376976895306355e-08
69050.00000000009 4.8128207295070024e-08
69100.00000000009 1.0224215602532432e-07
69150.00000000009 1.2756487342397912e-07
69200.00000000009 7.854168448221024e-08
69250.00000000009 1.1994283760528053e-07
69300.00000000009 7.012638481533055e-08
69350.00000000009 1.1680976932123517e-07
69400.00000000009 4.544680737327698e-08
69450.00000000009 1.1520279095900767e-07
69500.00000000009 6.128419453064749e-08
69550.00000000009 6.234092439247546e-08
69600.00000000009 2.0932363268357122e-08
69650.00000000009 5.6523695966071036e-08
69700.00000000009 9.599014371722683e-08
69750.00000000009 6.6269784919328e-08
69800.00000000009 9.095420325472768e-08
69850.00000000009 9.61593556763619e-08
69900.00000000009 6.72218331322422e-08
69950.00000000009 6.859646494474858e-08
70000.00000000009 6.624897159865208e-08
70050.00000000009 1.1348873365855033e-07
70100.00000000009 7.856418679032879e-08
70150.00000000009 7.274011825487624e-08
70200.00000000009 5.185610705710203e-08
70250.00000000009 7.488062115092839e-08
70300.00000000009 1.0944806989103885e-07
70350.00000000009 7.8685431745714e-08
70400.00000000009 5.409948517453495e-08
70450.00000000009 1.954909215994415e-08
70500.00000000009 4.4827269133418685e-08
70550.00000000009 4.639718950592946e-08
70600.00000000009 4.2869248151949854e-08
70650.00000000009 9.06878873512667e-08
70700.00000000009 8.26528232757682e-08
70750.00000000009 1.0443161746368594e-07
70800.00000000009 5.966689100035867e-08
70850.00000000009 5.8946762007948215e-08
70900.00000000009 6.337157374682939e-08
70950.00000000009 9.836449098798835e-08
71000.00000000009 8.42801827772872e-08
71050.00000000009 8.239562904060191e-08
71100.00000000009 6.631445148915421e-08
71150.00000000009 6.250982703540478e-08
71200.00000000009 5.462778937011465e-08
71250.00000000009 6.674401257709327e-08
71300.00000000009 9.021744802673189e-08
71350.00000000009 9.273192213175584e-08
71400.00000000009 8.422253790575206e-08
71450.00000000009 4.214085921540191e-08
71500.00000000009 4.810014169820209e-08
71550.00000000009 5.6881894285575866e-08
71600.00000000009 6.501277618319165e-08
71650.00000000009 5.400822094543301e-08
71700.00000000009 4.0943975711782916e-08
71750.00000000009 6.130196963423357e-08
71800.00000000009 8.384480410770892e-08
71850.00000000009 8.128419040819865e-08
71900.00000000009 5.057597734734552e-08
71950.00000000009 5.846936737130671e-08
72000.00000000009 5.830649014099009e-08
72050.00000000009 3.9894397831261065e-08
72100.00000000009 4.640841429953293e-08
72150.00000000009 3.7145499870986427e-08
72200.00000000009 6.047153090615355e-08
72250.00000000009 7.297689356417207e-08
72300.00000000009 5.7825922151737846e-08
72350.00000000009 6.57811021234473e-08
72400.00000000009 5.281229281486755e-08
72450.00000000009 4.4652243496696285e-08
72500.00000000009 5.883982482279497e-08
72550.00000000009 2.8361014295836533e-08
72600.00000000009 3.9732420733011066e-08
72650.00000000009 6.719470596299073e-08
72700.00000000009 5.835751523256201e-08
72750.00000000009 5.451295521408846e-08
72800.00000000009 4.1464865032472227e-08
72850.00000000009 4.501656795981288e-08
72900.00000000009 6.935122178719897e-08
72950.00000000009 5.7410855248764604e-08
73000.00000000009 5.77918282645798e-08
73050.00000000009 3.829095104987782e-08
73100.00000000009 3.889157161560341e-08
73150.00000000009 8.15148287657194e-08
73200.00000000009 3.804630556913939e-08
73250.00000000009 5.1432789584783265e-08
73300.00000000009 4.7210504653787673e-08
73350.00000000009 3.452164985804886e-08
73400.00000000009 5.205582074521715e-08
73450.00000000009 3.30867440493551e-08
73500.00000000009 2.8241878789634094e-08
73550.00000000009 4.743865411598307e-08
73600.00000000009 3.7153550494214474e-08
73650.00000000009 4.8866906059863094e-08
73700.00000000009 5.321252535951515e-08
73750.00000000009 2.788826900657234e-08
73800.00000000009 4.532921321997207e-08
73850.00000000009 5.300023012550714e-08
73900.00000000009 4.641697352792255e-08
73950.00000000009 4.25064841231091e-08
74000.00000000009 2.9719219607800403e-08
74050.00000000009 7.188196320922154e-08
74100.00000000009 4.5601320858096444e-08
74150.00000000009 4.802659928397492e-08
74200.00000000009 4.049044824390406e-08
74250.00000000009 1.621561274210781e-08
74300.00000000009 4.273943307217244e-08
74350.00000000009 6.158780319301085e-08
74400.00000000009 5.8271545490199637e-08
74450.00000000009 2.6744894487753895e-08
74500.00000000009 2.5109172314346776e-08
74550.00000000009 4.139683059777084e-08
74600.00000000009 4.354735196655473e-08
74650.00000000009 4.357667052006796e-08
74700.00000000009 3.0642871100768784e-08
74750.00000000009 2.8568001682412427e-08
74800.00000000009 3.7177926034658186e-08
74850.00000000009 3.14469206687751e-08
74900.00000000009 5.751886171759165e-08
74950.00000000009 6.16266547237508e-08
75000.00000000009 3.579247079545725e-08
75050.00000000009 2.14184128561468e-08
75100.00000000009 6.225639338870859e-08
75150.00000000009 5.6223784666528617e-08
75200.00000000009 6.673678996633506e-08
75250.00000000009 6.756896855221863e-08
75300.00000000009 6.14285364302818e-08
75350.00000000009 3.036697734267074e-08
75400.00000000009 7.117912794575422e-08
75450.00000000009 5.7476287486509805e-08
75500.00000000009 5.1317430277530564e-08
75550.00000000009 6.328466413393253e-08
75600.00000000009 8.093036032239206e-08
75650.00000000009 4.7965728816021596e-08
75700.00000000009 6.093113645501654e-08
75750.00000000009 3.7386252757872005e-08
75800.00000000009 6.258209145854086e-08
75850.00000000009 7.489840725286822e-08
75900.00000000009 6.830506257936546e-08
75950.00000000009 3.9285151093801874e-08
76000.00000000009 6.615312540219114e-08
76050.00000000009 6.957879760983919e-08
76100.00000000009 6.190749585372126e-08
76150.00000000009 7.124435423483995e-08
76200.00000000009 6.96155482379339e-08
76250.00000000009 7.029410506723862e-08
76300.00000000009 9.918883082144844e-08
76350.00000000009 1.2160938620611232e-07
76400.00000000009 8.944748649156895e-08
76450.00000000009 8.297621932990082e-08
76500.00000000009 6.10124470838067e-08
76550.00000000009 3.9560372739215954e-08
76600.00000000009 1.4239199655060892e-08
76650.00000000009 1.6432136919279843e-08
76700.00000000009 1.985185223735815e-08
76750.00000000009 1.9354154750750413e-08
76800.00000000009 3.4467463514369193e-08
76850.00000000009 1.1444385030403798e-08
76900.00000000009 1.5374141013556916e-08
76950.00000000009 2.949236592427185e-08
77000.00000000009 3.5099253853506595e-08
77050.00000000009 1.85778587297475e-08
77100.00000000009 2.2961628072339543e-08
77150.00000000009 3.9045548943675243e-08
77200.00000000009 2.9926651668554044e-08
77250.00000000009 3.3456661586569e-08
77300.00000000009 3.510743321784591e-08
77350.00000000009 1.8267161423809592e-08
77400.00000000009 2.1764447921355098e-08
77450.00000000009 2.8322327392020952e-08
77500.00000000009 2.636719598964695e-08
77550.00000000009 3.056946126624942e-08
77600.00000000009 2.7960880903581303e-08
77650.00000000009 2.9608197095823986e-08
77700.00000000009 2.366828632175651e-08
77750.00000000009 4.444494577134935e-08
77800.00000000009 3.685589328823212e-08
77850.00000000009 6.600875439879786e-08
77900.00000000009 4.6321571042651744e-08
77950.00000000009 2.1421923177176406e-08
78000.00000000009 3.7105325375550574e-08
78050.00000000009 4.056590863030414e-08
78100.00000000009 3.457988832439212e-08
78150.00000000009 5.8655288800600365e-08
78200.00000000009 5.221953535313776e-08
78250.00000000009 6.669142229815701e-08
78300.00000000009 5.055294309700969e-08
78350.00000000009 5.39510954867985e-08
78400.00000000009 3.616698794386468e-08
78450.00000000009 6.277624959667252e-08
78500.00000000009 6.380271321486248e-08
78550.00000000009 7.455452185686122e-08
78600.00000000009 6.192993274672301e-08
78650.00000000009 2.00773308035064e-08
78700.00000000009 3.421104505054099e-08
78750.00000000009 3.661084201545393e-08
78800.00000000009 5.482051653350238e-08
78850.00000000009 2.6098495431533517e-08
78900.00000000009 4.733254133585816e-08
78950.00000000009 5.431340316100075e-08
79000.00000000009 4.910238518611154e-08
79050.00000000009 4.2964636337285864e-08
79100.00000000009 4.5003569943224254e-08
79150.00000000009 5.0310038904505844e-08
79200.00000000009 5.8546962099031945e-08
79250.00000000009 4.329143379576494e-08
79300.00000000009 3.258876242217729e-08
79350.00000000009 5.3521758166621773e-08
79400.00000000009 3.926859412995638e-08
79450.00000000009 6.498507096880787e-08
79500.00000000009 8.852881049515068e-08
79550.00000000009 6.888601104251856e-08
79600.00000000009 3.699407275603588e-08
79650.00000000009 5.4470445932306815e-08
79700.00000000009 5.906228908796641e-08
79750.00000000009 6.174420615885729e-08
79800.00000000009 4.4312470597446475e-08
79850.00000000009 5.198640793952349e-08
79900.00000000009 9.092659718350311e-08
79950.00000000009 6.370952600158691e-08
