galfind/configs/Brown_Dwarf_templates/sonora_cholla/logkzz2/316g/900K_316g_logkzz2_resample.dat
# %ECSV 1.0
# ---
# datatype:
# - {name: wav, unit: Angstrom, datatype: float64}
# - {name: flux_nu, unit: erg / (cm2 Hz s), datatype: float64}
# schema: astropy-2.0
wav flux_nu
[from data line 1161]
68050.00000000009 1.0226479767456537e-07
68100.00000000009 1.2368114823789899e-07
68150.00000000009 9.79331523401154e-08
68200.00000000009 9.508768138192106e-08
68250.00000000009 3.672006255327638e-08
68300.00000000009 8.418529535070705e-08
68350.00000000009 4.798309564452703e-08
68400.00000000009 1.2786520209145706e-07
68450.00000000009 1.1640751764129338e-07
68500.00000000009 9.172641254779907e-08
68550.00000000009 5.3889599503931144e-08
68600.00000000009 5.761598602771369e-08
68650.00000000009 3.437470648506652e-08
68700.00000000009 6.496842207471029e-08
68750.00000000009 8.790424913057078e-08
68800.00000000009 9.957852732142236e-08
68850.00000000009 4.432754733459712e-08
68900.00000000009 1.2840597780911275e-07
68950.00000000009 1.2760825256282907e-07
69000.00000000009 1.0862194171748545e-07
69050.00000000009 6.600728153495854e-08
69100.00000000009 1.2897721973712114e-07
69150.00000000009 1.573995486416488e-07
69200.00000000009 9.664771623359606e-08
69250.00000000009 1.4690692456646262e-07
69300.00000000009 8.433921620630087e-08
69350.00000000009 1.4025885502254944e-07
69400.00000000009 5.910696253315535e-08
69450.00000000009 1.396074452680606e-07
69500.00000000009 7.95582635290816e-08
69550.00000000009 8.182198498603755e-08
69600.00000000009 2.9574665740144544e-08
69650.00000000009 7.41043618263352e-08
69700.00000000009 1.2145783410898477e-07
69750.00000000009 8.505152101810889e-08
69800.00000000009 1.1301983967773999e-07
69850.00000000009 1.188994364653304e-07
69900.00000000009 8.453678443297781e-08
69950.00000000009 8.788042426705961e-08
70000.00000000009 8.340026725321325e-08
70050.00000000009 1.3728656244024818e-07
70100.00000000009 9.638746444917726e-08
70150.00000000009 9.067232177454157e-08
70200.00000000009 6.61237446261277e-08
70250.00000000009 9.472281561217706e-08
70300.00000000009 1.307470420686262e-07
70350.00000000009 9.515605348936262e-08
70400.00000000009 7.128189460019797e-08
70450.00000000009 2.9054195614046e-08
70500.00000000009 5.892211939667775e-08
70550.00000000009 6.1642978078331e-08
70600.00000000009 5.6640258168790465e-08
70650.00000000009 1.1031530659890217e-07
70700.00000000009 1.0002978942828962e-07
70750.00000000009 1.210523154396452e-07
70800.00000000009 7.327269833428506e-08
70850.00000000009 7.29684904925073e-08
70900.00000000009 7.614767047252949e-08
70950.00000000009 1.198897144425531e-07
71000.00000000009 1.0062927646260742e-07
71050.00000000009 9.859283640749944e-08
71100.00000000009 8.112719997039267e-08
71150.00000000009 8.023969302588054e-08
71200.00000000009 7.061438579992249e-08
71250.00000000009 8.114630546378807e-08
71300.00000000009 1.094057510542229e-07
71350.00000000009 1.1147852273082237e-07
71400.00000000009 1.0390061215825906e-07
71450.00000000009 5.4189047889308476e-08
71500.00000000009 6.303790702897827e-08
71550.00000000009 7.254114634033592e-08
71600.00000000009 8.229283823912458e-08
71650.00000000009 7.149752147087618e-08
71700.00000000009 5.510348566676594e-08
71750.00000000009 7.551129533426852e-08
71800.00000000009 1.0173253906476167e-07
71850.00000000009 9.881779037015464e-08
71900.00000000009 6.465475466767759e-08
71950.00000000009 7.14556872763256e-08
72000.00000000009 7.23999582137902e-08
72050.00000000009 5.2451108095901e-08
72100.00000000009 6.098184781672579e-08
72150.00000000009 4.755754071278577e-08
72200.00000000009 7.343872858752661e-08
72250.00000000009 8.720262639890685e-08
72300.00000000009 7.296073414652008e-08
72350.00000000009 8.077734006744103e-08
72400.00000000009 6.492577822713076e-08
72450.00000000009 5.510251661474968e-08
72500.00000000009 7.212611458281789e-08
72550.00000000009 3.773254385883011e-08
72600.00000000009 4.77096495171231e-08
72650.00000000009 8.19820842347703e-08
72700.00000000009 7.458552296557038e-08
72750.00000000009 6.706374974633669e-08
72800.00000000009 5.468089324785928e-08
72850.00000000009 5.7000811301391413e-08
72900.00000000009 8.133879182239205e-08
72950.00000000009 7.215613484863352e-08
73000.00000000009 7.278563109856369e-08
73050.00000000009 5.0817353136445045e-08
73100.00000000009 4.923648818247956e-08
73150.00000000009 9.828068338187944e-08
73200.00000000009 4.923344713790441e-08
73250.00000000009 6.359483976809214e-08
73300.00000000009 6.18423719213984e-08
73350.00000000009 4.625253335270007e-08
73400.00000000009 6.612282004661738e-08
73450.00000000009 4.3247622373767836e-08
73500.00000000009 3.721085033556698e-08
73550.00000000009 5.9051740541683706e-08
73600.00000000009 4.56602924558352e-08
73650.00000000009 6.175255262763637e-08
73700.00000000009 6.865959367010118e-08
73750.00000000009 3.830466424655093e-08
73800.00000000009 5.833979856651924e-08
73850.00000000009 6.579875432259072e-08
73900.00000000009 6.173151637091445e-08
73950.00000000009 5.571191907080343e-08
74000.00000000009 4.125370143340508e-08
74050.00000000009 9.012127266618065e-08
74100.00000000009 5.64921446583466e-08
74150.00000000009 6.079157929529226e-08
74200.00000000009 5.311561927208043e-08
74250.00000000009 2.4448962166833933e-08
74300.00000000009 5.37956015866362e-08
74350.00000000009 7.539147363004e-08
74400.00000000009 7.099507306610325e-08
74450.00000000009 3.471257468013404e-08
74500.00000000009 3.6903176466364277e-08
74550.00000000009 5.3712301001406556e-08
74600.00000000009 5.635586146044935e-08
74650.00000000009 5.6278104724567146e-08
74700.00000000009 4.076685407391686e-08
74750.00000000009 4.014302075854421e-08
74800.00000000009 4.9644209942022294e-08
74850.00000000009 4.0182719274790024e-08
74900.00000000009 7.098639485548534e-08
74950.00000000009 7.766238957744149e-08
75000.00000000009 4.809387976151688e-08
75050.00000000009 3.1034841601493454e-08
75100.00000000009 7.925571298577989e-08
75150.00000000009 6.946518941953149e-08
75200.00000000009 8.315685233334451e-08
75250.00000000009 8.05709218135948e-08
75300.00000000009 7.68137164412952e-08
75350.00000000009 4.130926236840156e-08
75400.00000000009 8.682697747573359e-08
75450.00000000009 7.0368200731171e-08
75500.00000000009 6.274204224456738e-08
75550.00000000009 7.976591545084674e-08
75600.00000000009 9.99359732009097e-08
75650.00000000009 5.9023768573104185e-08
75700.00000000009 7.285468101157612e-08
75750.00000000009 4.7633277332443226e-08
75800.00000000009 7.780326357765625e-08
75850.00000000009 9.289909413921233e-08
75900.00000000009 8.4540731064758e-08
75950.00000000009 5.168133009016095e-08
76000.00000000009 7.979888365834965e-08
76050.00000000009 8.600674546379933e-08
76100.00000000009 7.494730027227403e-08
76150.00000000009 8.776553713245125e-08
76200.00000000009 8.660705186661349e-08
76250.00000000009 9.109399380518114e-08
76300.00000000009 1.1865438238751279e-07
76350.00000000009 1.4339096352463361e-07
76400.00000000009 1.0713029393040759e-07
76450.00000000009 1.0176864601619169e-07
76500.00000000009 7.712375292906425e-08
76550.00000000009 5.38962304413637e-08
76600.00000000009 2.1361921832800674e-08
76650.00000000009 2.4502258719806818e-08
76700.00000000009 2.7302301290003546e-08
76750.00000000009 2.7099578445329798e-08
76800.00000000009 4.669387764608479e-08
76850.00000000009 1.5884828910462336e-08
76900.00000000009 2.258163657673093e-08
76950.00000000009 3.9670157274391186e-08
77000.00000000009 4.5344741589495624e-08
77050.00000000009 2.609075446872331e-08
77100.00000000009 3.195237275445999e-08
77150.00000000009 5.0222482667110834e-08
77200.00000000009 3.939459893961661e-08
77250.00000000009 4.474865170371504e-08
77300.00000000009 4.482468942494562e-08
77350.00000000009 2.5395866046206913e-08
77400.00000000009 2.8626166098204567e-08
77450.00000000009 3.557106364590465e-08
77500.00000000009 3.211022430177849e-08
77550.00000000009 4.005745403517618e-08
77600.00000000009 3.9133583647590385e-08
77650.00000000009 3.9250963512995085e-08
77700.00000000009 2.994328851168298e-08
77750.00000000009 5.584795435209465e-08
77800.00000000009 4.457135758693556e-08
77850.00000000009 7.765086683522352e-08
77900.00000000009 5.731621143450226e-08
77950.00000000009 2.9725710717557143e-08
78000.00000000009 4.822063873954895e-08
78050.00000000009 5.2147236112820685e-08
78100.00000000009 4.2557582141689476e-08
78150.00000000009 7.040604806455535e-08
78200.00000000009 6.379490619486215e-08
78250.00000000009 7.948267996983716e-08
78300.00000000009 6.596499328344959e-08
78350.00000000009 6.531401920396515e-08
78400.00000000009 4.9642640188812036e-08
78450.00000000009 7.837839592225848e-08
78500.00000000009 7.523884928545313e-08
78550.00000000009 8.761852484920115e-08
78600.00000000009 7.484127093231915e-08
78650.00000000009 2.7552685291609003e-08
78700.00000000009 4.417836077232125e-08
78750.00000000009 4.593445580571141e-08
78800.00000000009 6.895147057126175e-08
78850.00000000009 3.587887716001866e-08
78900.00000000009 6.221359986004886e-08
78950.00000000009 6.523347336638238e-08
79000.00000000009 5.980889816119609e-08
79050.00000000009 5.4359335254808886e-08
79100.00000000009 5.621515796808879e-08
79150.00000000009 6.299613808964016e-08
79200.00000000009 7.296624369481382e-08
79250.00000000009 5.7281476938746824e-08
79300.00000000009 4.2126612393114283e-08
79350.00000000009 6.80411749024212e-08
79400.00000000009 5.2874181942950345e-08
79450.00000000009 7.764165498346892e-08
79500.00000000009 1.0534714798645624e-07
79550.00000000009 8.244871273378708e-08
79600.00000000009 4.6991096577204856e-08
79650.00000000009 6.807712432415229e-08
79700.00000000009 7.573340650465786e-08
79750.00000000009 7.785521098624544e-08
79800.00000000009 5.815779502889976e-08
79850.00000000009 6.394358838027128e-08
79900.00000000009 1.0719125106770328e-07
79950.00000000009 7.327305511631825e-08
