galfind/configs/Brown_Dwarf_templates/sonora_cholla/logkzz2/316g/950K_316g_logkzz2_resample.dat
# %ECSV 1.0
# ---
# datatype:
# - {name: wav, unit: Angstrom, datatype: float64}
# - {name: flux_nu, unit: erg / (cm2 Hz s), datatype: float64}
# schema: astropy-2.0
wav flux_nu
[from data line 1162]
68100.00000000009 1.4805514368536226e-07
68150.00000000009 1.1762466469449438e-07
68200.00000000009 1.1669791480160183e-07
68250.00000000009 4.9789079728700676e-08
68300.00000000009 1.021773608744304e-07
68350.00000000009 5.780394345913051e-08
68400.00000000009 1.5171684058991952e-07
68450.00000000009 1.413269035200202e-07
68500.00000000009 1.144452197187075e-07
68550.00000000009 7.262567999178763e-08
68600.00000000009 7.663745385829883e-08
68650.00000000009 4.789750720599278e-08
68700.00000000009 8.509858492662097e-08
68750.00000000009 1.1046382493479788e-07
68800.00000000009 1.2430644151381864e-07
68850.00000000009 6.006508695500699e-08
68900.00000000009 1.5611202148716246e-07
68950.00000000009 1.5707365287738974e-07
69000.00000000009 1.3793785265647705e-07
69050.00000000009 8.682910746573251e-08
69100.00000000009 1.575754955112909e-07
69150.00000000009 1.8872636423239004e-07
69200.00000000009 1.1656424139932769e-07
69250.00000000009 1.756389531970634e-07
69300.00000000009 1.0244287774179587e-07
69350.00000000009 1.6540706487720716e-07
69400.00000000009 7.488829070649146e-08
69450.00000000009 1.6676150686623484e-07
69500.00000000009 1.0168790897025814e-07
69550.00000000009 1.0469978482895077e-07
69600.00000000009 4.043549248206115e-08
69650.00000000009 9.495714537905347e-08
69700.00000000009 1.4978926838228562e-07
69750.00000000009 1.0534243966312015e-07
69800.00000000009 1.3732755232109459e-07
69850.00000000009 1.444895764774034e-07
69900.00000000009 1.0396217099308244e-07
69950.00000000009 1.1034341956805759e-07
70000.00000000009 1.0279698387364003e-07
70050.00000000009 1.6292550968601374e-07
70100.00000000009 1.1608555233552014e-07
70150.00000000009 1.1252458079776919e-07
70200.00000000009 8.31738953687933e-08
70250.00000000009 1.1626846401661902e-07
70300.00000000009 1.5386196871604853e-07
70350.00000000009 1.1369288293863941e-07
70400.00000000009 9.1221907747453e-08
70450.00000000009 4.1325847606185835e-08
70500.00000000009 7.50618776335731e-08
70550.00000000009 7.92650785846594e-08
70600.00000000009 7.355199815144478e-08
70650.00000000009 1.3182854631948106e-07
70700.00000000009 1.1961506317695455e-07
70750.00000000009 1.4133370683093035e-07
70800.00000000009 9.011140834783497e-08
70850.00000000009 8.951224675493292e-08
70900.00000000009 9.142519477353172e-08
70950.00000000009 1.4349048732119446e-07
71000.00000000009 1.1932259777347722e-07
71050.00000000009 1.1792103388123262e-07
71100.00000000009 9.96543780900734e-08
71150.00000000009 1.0067874500303771e-07
71200.00000000009 8.929750139644549e-08
71250.00000000009 9.857668869877132e-08
71300.00000000009 1.313346772518632e-07
71350.00000000009 1.319690650391551e-07
71400.00000000009 1.2546579531280934e-07
71450.00000000009 6.81259651825426e-08
71500.00000000009 8.105156571180295e-08
71550.00000000009 9.043551329819151e-08
71600.00000000009 1.0259068962275554e-07
71650.00000000009 9.164500529448342e-08
71700.00000000009 7.208708032858069e-08
71750.00000000009 9.257956999723542e-08
71800.00000000009 1.22575304115139e-07
71850.00000000009 1.1919237512463993e-07
71900.00000000009 8.0947091820227e-08
71950.00000000009 8.713562946528402e-08
72000.00000000009 8.897167913943549e-08
72050.00000000009 6.7202230209023e-08
72100.00000000009 7.854429483714433e-08
72150.00000000009 6.159279054163312e-08
72200.00000000009 8.899394443442193e-08
72250.00000000009 1.0493014932287031e-07
72300.00000000009 9.126585519179357e-08
72350.00000000009 9.824420563276799e-08
72400.00000000009 7.964728220486722e-08
72450.00000000009 6.839658364061565e-08
72500.00000000009 8.811291926104098e-08
72550.00000000009 4.9723145805421e-08
72600.00000000009 5.71759184715898e-08
72650.00000000009 9.944567583116589e-08
72700.00000000009 9.399040985653769e-08
72750.00000000009 8.223199376145518e-08
72800.00000000009 7.071292442600062e-08
72850.00000000009 7.128748404359389e-08
72900.00000000009 9.63638109907631e-08
72950.00000000009 8.967540693807698e-08
73000.00000000009 9.024498313083408e-08
73050.00000000009 6.684794497156067e-08
73100.00000000009 6.173454837002734e-08
73150.00000000009 1.1813050385266051e-07
73200.00000000009 6.330165683958975e-08
73250.00000000009 7.845051810022675e-08
73300.00000000009 7.919094240946406e-08
73350.00000000009 6.069623321717462e-08
73400.00000000009 8.263372442420567e-08
73450.00000000009 5.514818151780942e-08
73500.00000000009 4.916176749958538e-08
73550.00000000009 7.32042197977402e-08
73600.00000000009 5.6550492303496476e-08
73650.00000000009 7.737826219300015e-08
73700.00000000009 8.780066363555147e-08
73750.00000000009 5.052729185444656e-08
73800.00000000009 7.387458443621627e-08
73850.00000000009 8.112953454598538e-08
73900.00000000009 8.045807720738526e-08
73950.00000000009 7.144075540162316e-08
74000.00000000009 5.6286963151987924e-08
74050.00000000009 1.1205962469643752e-07
74100.00000000009 6.984146782889148e-08
74150.00000000009 7.664160677312965e-08
74200.00000000009 6.810500538533018e-08
74250.00000000009 3.469587968133406e-08
74300.00000000009 6.780497050570036e-08
74350.00000000009 9.170993266212705e-08
74400.00000000009 8.578201706617765e-08
74450.00000000009 4.460304388209395e-08
74500.00000000009 5.046503961359399e-08
74550.00000000009 6.90337843944966e-08
74600.00000000009 7.127575278260096e-08
74650.00000000009 7.09873149995149e-08
74700.00000000009 5.3110148584225694e-08
74750.00000000009 5.525125259145323e-08
74800.00000000009 6.475604588114088e-08
74850.00000000009 5.112249028132574e-08
74900.00000000009 8.891587865849899e-08
74950.00000000009 9.66218102243001e-08
75000.00000000009 6.603466997406405e-08
75050.00000000009 4.425919303528744e-08
75100.00000000009 9.974334726469031e-08
75150.00000000009 8.536222020654452e-08
75200.00000000009 1.0218259662000504e-07
75250.00000000009 9.597365371551129e-08
75300.00000000009 9.588175710571334e-08
75350.00000000009 5.4134485245567106e-08
75400.00000000009 1.0486238330817182e-07
75450.00000000009 8.564228993665909e-08
75500.00000000009 7.79179093469954e-08
75550.00000000009 9.988219607633369e-08
75600.00000000009 1.2207879067506088e-07
75650.00000000009 7.261544721145926e-08
75700.00000000009 8.746536507266288e-08
75750.00000000009 5.98828239450555e-08
75800.00000000009 9.515901052627774e-08
75850.00000000009 1.1360331929753597e-07
75900.00000000009 1.0273153075743966e-07
75950.00000000009 6.758903271476396e-08
76000.00000000009 9.531116798658099e-08
76050.00000000009 1.0461287993120442e-07
76100.00000000009 9.005917887636423e-08
76150.00000000009 1.0642620825412063e-07
76200.00000000009 1.0606230472603876e-07
76250.00000000009 1.1546179138534294e-07
76300.00000000009 1.416641062276286e-07
76350.00000000009 1.680776611123061e-07
76400.00000000009 1.2744800866590522e-07
76450.00000000009 1.22795046503551e-07
76500.00000000009 9.558665042779192e-08
76550.00000000009 7.191448286472181e-08
76600.00000000009 3.082161307585711e-08
76650.00000000009 3.509069612922467e-08
76700.00000000009 3.78581605152785e-08
76750.00000000009 3.7663024043120355e-08
76800.00000000009 6.22993467874745e-08
76850.00000000009 2.1993905357459085e-08
76900.00000000009 3.162154131916574e-08
76950.00000000009 5.2214381257905855e-08
77000.00000000009 5.750435113430549e-08
77050.00000000009 3.555057263112141e-08
77100.00000000009 4.322567837818403e-08
77150.00000000009 6.461778765607846e-08
77200.00000000009 5.175711975124972e-08
77250.00000000009 5.8930562411789295e-08
77300.00000000009 5.7638623136139833e-08
77350.00000000009 3.646224679142629e-08
77400.00000000009 3.732328225511833e-08
77450.00000000009 4.557893030671873e-08
77500.00000000009 4.033920784027229e-08
77550.00000000009 5.205870486422517e-08
77600.00000000009 5.3521576191795316e-08
77650.00000000009 5.161624379303131e-08
77700.00000000009 3.740601902446019e-08
77750.00000000009 7.02368824221125e-08
77800.00000000009 5.503873358588503e-08
77850.00000000009 9.199431965940452e-08
77900.00000000009 7.085028801410264e-08
77950.00000000009 4.0855501802743045e-08
78000.00000000009 6.048837143479153e-08
78050.00000000009 6.618878174392982e-08
78100.00000000009 5.272493061835194e-08
78150.00000000009 8.40543854900298e-08
78200.00000000009 7.978913997402288e-08
78250.00000000009 9.461733811257509e-08
78300.00000000009 8.381174241139826e-08
78350.00000000009 7.882970179342596e-08
78400.00000000009 6.575382823931418e-08
78450.00000000009 9.693687234121496e-08
78500.00000000009 8.997480975609789e-08
78550.00000000009 1.0324354210982922e-07
78600.00000000009 8.936928326865857e-08
78650.00000000009 3.663415111636422e-08
78700.00000000009 5.713471754268054e-08
78750.00000000009 5.783134721438463e-08
78800.00000000009 8.519874238372588e-08
78850.00000000009 4.880319958687436e-08
78900.00000000009 7.965909351415125e-08
78950.00000000009 7.767282059244686e-08
79000.00000000009 7.306080302126742e-08
79050.00000000009 6.749361480606293e-08
79100.00000000009 7.049193676817444e-08
79150.00000000009 7.832132115630475e-08
79200.00000000009 9.032614072573312e-08
79250.00000000009 7.431825450053776e-08
79300.00000000009 5.3808104331027015e-08
79350.00000000009 8.575738454497993e-08
79400.00000000009 6.905856514980411e-08
79450.00000000009 9.095260393628334e-08
79500.00000000009 1.24512955236222e-07
79550.00000000009 9.872649168433503e-08
79600.00000000009 6.0174930088315e-08
79650.00000000009 8.45256896543722e-08
79700.00000000009 9.57528611113435e-08
79750.00000000009 9.645430484858077e-08
79800.00000000009 7.508294208262375e-08
79850.00000000009 7.912218189701013e-08
79900.00000000009 1.2648954639334146e-07
79950.00000000009 8.602984172323457e-08
