galfind/configs/Brown_Dwarf_templates/sonora_cholla/logkzz2/316g/950K_316g_logkzz2_resample.dat
# %ECSV 1.0
# ---
# datatype:
# - {name: wav, unit: Angstrom, datatype: float64}
# - {name: flux_nu, unit: erg / (cm2 Hz s), datatype: float64}
# schema: astropy-2.0
wav flux_nu
10000.000000000093 nan
10050.000000000093 1.7798263880647187e-07
10100.000000000093 2.1382551613691948e-07
10150.000000000093 2.212946414410974e-07
10200.000000000093 2.48581914012535e-07
10250.000000000093 2.720672506317608e-07
10300.000000000093 2.841157990940504e-07
10350.000000000093 3.3019515477154244e-07
10400.000000000093 3.649850452558657e-07
10450.000000000093 3.8093185821561115e-07
10500.000000000093 3.7823801848528666e-07
10550.000000000093 3.8443458014351507e-07
10600.000000000093 3.996935771917387e-07
10650.000000000093 4.2350348019469356e-07
10700.000000000093 4.4323791391778465e-07
10750.000000000093 4.6257171231714614e-07
10800.000000000093 4.696946952219046e-07
10850.000000000093 4.798354658526537e-07
10900.000000000093 3.839859483333928e-07
10950.000000000093 2.2904110596168707e-07
11000.000000000093 1.7400731861907472e-07
11050.000000000093 1.221850547027892e-07
11100.000000000093 9.259504282358771e-08
11150.000000000093 6.2845035048061e-08
11200.000000000093 6.157152102166802e-08
11250.000000000093 7.655881747175339e-08
11300.000000000093 7.783102435631387e-08
11350.000000000093 3.683909946507322e-08
11400.000000000093 7.85995286391802e-08
11450.000000000093 5.7902854097057004e-08
11500.000000000093 6.125466559167544e-08
11550.000000000093 3.4367695646351816e-08
11600.000000000093 3.624152812319949e-08
11650.000000000093 5.158864216483555e-08
11700.000000000093 5.726592972755826e-08
11750.000000000093 3.1371411966941994e-08
11800.000000000093 6.96162313825843e-08
11850.000000000093 1.0404389665546551e-07
11900.000000000093 1.1900649233670106e-07
11950.000000000093 1.6568677568095636e-07
12000.000000000093 2.014517018708218e-07
12050.000000000093 2.536853109765805e-07
12100.000000000093 2.986966676979386e-07
12150.000000000093 3.507716385669526e-07
12200.000000000093 4.0303984753076674e-07
12250.000000000093 4.637135080156543e-07
12300.000000000093 5.206616020821292e-07
12350.000000000093 5.41665905383974e-07
12400.000000000093 5.953192174775514e-07
12450.000000000093 6.683959581483586e-07
12500.000000000093 7.08417305222058e-07
12550.000000000093 7.492426707465731e-07
12600.000000000093 7.484507510505999e-07
12650.000000000093 7.342861297030614e-07
12700.000000000093 7.433703597379678e-07
12750.000000000093 6.946986559522084e-07
12800.000000000093 6.95188887874507e-07
12850.000000000093 5.951274397202968e-07
12900.000000000093 5.280293977874457e-07
12950.000000000093 5.197319742280228e-07
13000.000000000093 5.115016817086497e-07
13050.000000000093 4.6667336828594167e-07
13100.000000000093 4.249847006496251e-07
13150.000000000093 3.4584833377989164e-07
13200.000000000093 3.116924949602057e-07
13250.000000000093 2.230672253301564e-07
13300.000000000093 1.1195321313168162e-07
13350.000000000093 3.273305007233643e-08
13400.000000000093 1.610534776286977e-08
13450.000000000093 8.963551502495674e-09
13500.000000000093 4.925753476923153e-09
13550.000000000093 3.6462521423335604e-09
13600.000000000093 1.989312169195352e-09
13650.000000000093 5.8639027777444145e-09
13700.000000000093 4.387067035360101e-09
13750.000000000093 5.637337495606585e-09
13800.000000000093 6.960540925502353e-09
13850.000000000093 4.873549615704217e-09
13900.000000000093 5.072349908890551e-09
13950.000000000093 4.673628072326403e-09
14000.000000000093 4.4276992422663924e-09
14050.000000000093 5.960485168163053e-09
14100.000000000093 4.737570264029139e-09
14150.000000000093 7.2340137339431114e-09
14200.000000000093 5.303177762060316e-09
14250.000000000093 5.8763223887600574e-09
14300.000000000093 1.0259828593743552e-08
14350.000000000093 9.736227867482566e-09
14400.000000000093 1.0964178742126794e-08
14450.000000000093 1.2731991815854118e-08
14500.000000000093 2.407227866683037e-08
14550.000000000093 2.474986040091217e-08
14600.000000000093 3.487383763199946e-08
14650.000000000093 3.621215907215386e-08
14700.000000000093 2.5415521215045635e-08
14750.000000000093 3.540594773623967e-08
14800.000000000093 4.627791627394636e-08
14850.000000000093 4.7932682423243776e-08
14900.000000000093 5.25308098665946e-08
14950.000000000093 6.131490737933622e-08
15000.000000000093 6.900940486385927e-08
15050.000000000093 8.510160002956107e-08
15100.000000000093 9.809584363233132e-08
15150.000000000093 1.0547685842395878e-07
15200.000000000093 1.0256399889460361e-07
15250.000000000093 1.3116115042430292e-07
15300.000000000093 1.5461214583877152e-07
15350.000000000093 1.8408084941592833e-07
15400.000000000093 2.046769620192576e-07
15450.000000000093 2.310654196327116e-07
15500.000000000093 2.461782255064036e-07
15550.000000000093 2.8581726015743374e-07
15600.000000000093 3.094445377081756e-07
15650.000000000093 3.193726823066101e-07
15700.000000000093 3.59996002795564e-07
15750.000000000093 3.800452177185591e-07
15800.000000000093 3.68940340924954e-07
15850.000000000093 3.878472849177944e-07
15900.000000000093 3.673240466361612e-07
15950.000000000093 3.3864501910547457e-07
16000.000000000093 2.879950198702652e-07
16050.000000000093 2.169611250267117e-07
16100.000000000093 1.6797448596410593e-07
16150.000000000093 1.130670494840957e-07
16200.000000000093 7.540050166826546e-08
16250.000000000093 7.271774412241815e-08
16300.000000000093 5.743808765990869e-08
16350.000000000093 6.46248031920684e-08
16400.000000000095 7.477403135551491e-08
16450.000000000095 8.230587756968283e-08
16500.000000000095 8.927770793207776e-08
16550.000000000095 8.300442161271801e-08
16600.000000000095 8.48418439442717e-08
16650.000000000095 6.105974647343953e-08
16700.000000000095 2.3920861782587284e-08
16750.000000000095 3.7052879262136645e-08
16800.000000000095 5.9019456329630965e-08
16850.000000000095 6.081339436666929e-08
16900.000000000095 4.899715826101329e-08
16950.000000000095 4.329571517160458e-08
17000.000000000095 3.45175347406146e-08
17050.000000000095 4.7159659667528945e-08
17100.000000000095 5.770912420549472e-08
17150.000000000095 4.409211602563179e-08
17200.000000000095 6.854365422766543e-08
17250.000000000095 5.57727066964073e-08
17300.000000000095 4.4527843561182316e-08
17350.000000000095 4.397127272752696e-08
17400.000000000095 4.490761303388137e-08
17450.000000000095 5.036161560910117e-08
17500.000000000095 5.99197190920543e-08
17550.000000000095 5.139409198419312e-08
17600.000000000095 4.203817133094496e-08
17650.000000000095 4.1873130225665236e-08
17700.000000000095 3.161439526263515e-08
17750.000000000095 2.8560291054831016e-08
17800.000000000095 3.8036994625471935e-08
17850.000000000095 2.5584558933651455e-08
17900.000000000095 2.7855120054403582e-08
17950.000000000095 1.940859468170156e-08
18000.000000000095 2.3485985697982245e-08
18050.000000000095 2.320407141285712e-08
18100.000000000095 2.06794830888933e-08
18150.000000000095 3.0081940060907405e-08
18200.000000000095 1.7675921175979096e-08
18250.000000000095 3.9442259186294365e-08
18300.000000000095 2.2569029184703566e-08
18350.000000000095 1.9786734098462913e-08
18400.000000000095 1.729123714277502e-08
18450.000000000095 2.34688951018943e-08
18500.000000000095 2.601170048905875e-08
18550.000000000095 1.969428416522691e-08
18600.000000000095 1.795990138779023e-08
18650.000000000095 1.5347186455911333e-08
18700.000000000095 1.4041110140923054e-08
18750.000000000095 1.9539895949239686e-08
18800.000000000095 3.8823888749898354e-08
18850.000000000095 4.317865193241655e-08
18900.000000000095 3.812085303604151e-08
18950.000000000095 6.444367594822852e-08
19000.000000000095 4.084582383598835e-08
19050.000000000095 3.026923305020289e-08
19100.000000000095 5.579054530518647e-08
19150.000000000095 3.98737400220139e-08
19200.000000000095 4.98546944727862e-08
19250.000000000095 3.996461962187206e-08
19300.000000000095 3.396286252685185e-08
19350.000000000095 3.186315240158385e-08
19400.000000000095 2.0048724801754475e-08
19450.000000000095 3.887471382217244e-08
19500.000000000095 3.64016768628126e-08
19550.000000000095 2.8742778455434445e-08
19600.000000000095 3.97977655293174e-08
19650.000000000095 4.5832148295137266e-08
19700.000000000095 4.723516521680571e-08
19750.000000000095 5.104108032285265e-08
19800.000000000095 5.844854538250143e-08
19850.000000000095 7.246433214627477e-08
19900.000000000095 5.356625814675666e-08
19950.000000000095 8.389283920418318e-08
20000.000000000095 8.096681579399095e-08
20050.000000000095 8.686609176912777e-08
20100.000000000095 9.611009521958243e-08
20150.000000000095 9.240083167686128e-08
20200.000000000095 1.1012230465758385e-07
20250.000000000095 1.2566748068844101e-07
20300.000000000095 1.1542625786744502e-07
20350.000000000095 1.34559115001217e-07
20400.000000000095 1.3265566844575742e-07
20450.000000000095 1.5762770826343316e-07
20500.000000000095 1.629492183975609e-07
20550.000000000095 1.5723345689961755e-07
20600.000000000095 1.809214815791387e-07
20650.000000000095 1.714552048288255e-07
20700.000000000095 1.7419373216945824e-07
20750.000000000095 1.8714267059086262e-07
20800.000000000095 1.8322446871341742e-07
20850.000000000095 1.8225395280466208e-07
20900.000000000095 1.8958317942705238e-07
20950.000000000095 1.7742144410240483e-07
21000.000000000095 1.8215129624239064e-07
21050.000000000095 1.7048878345941708e-07
21100.000000000095 1.649376413176668e-07
21150.000000000095 1.6522458055319103e-07
21200.000000000095 1.5551104458616427e-07
21250.000000000095 1.516597571051068e-07
21300.000000000095 1.3298238004731835e-07
21350.000000000095 1.34764034161037e-07
21400.000000000095 1.2213581035973108e-07
21450.000000000095 1.1082988513465585e-07
21500.000000000095 1.1210330883403038e-07
21550.000000000095 1.0362374130945227e-07
21600.000000000095 9.431388281917725e-08
21650.000000000095 8.326649308631644e-08
21700.000000000095 8.594512811162609e-08
21750.000000000095 8.011879168446113e-08
21800.000000000095 6.877093513444027e-08
21850.000000000095 5.9505075644080025e-08
21900.000000000095 5.050682406279311e-08
21950.000000000095 2.621172930203882e-08
22000.000000000095 1.3174995729318595e-08
22050.000000000095 1.0144125728501762e-08
22100.000000000095 1.8432683332656816e-08
22150.000000000095 2.2774318692541263e-08
22200.000000000095 2.1843799950336456e-08
22250.000000000095 2.025552625357678e-08
22300.000000000095 1.7381928903387323e-08
22350.000000000095 1.623022447125482e-08
22400.000000000095 1.2185135099814435e-08
22450.000000000095 1.1104497656704605e-08
22500.000000000095 1.236309081022864e-08
22550.000000000095 6.719008328274428e-09
22600.000000000095 9.327057956619424e-09
22650.000000000095 1.0994806919069832e-08
22700.000000000095 9.080994564454958e-09
22750.000000000095 9.752569991408957e-09
22800.000000000095 8.722076779444623e-09
22850.000000000095 7.676990035489286e-09
22900.000000000095 6.1974537601493025e-09
22950.000000000095 6.523989482292478e-09
23000.000000000095 6.447552817828762e-09
23050.000000000095 8.745307590943704e-09
23100.000000000095 1.6576412993145378e-08
23150.000000000095 1.7324304662891645e-08
23200.000000000095 4.7749573242326136e-09
23250.000000000095 5.164705714241807e-09
23300.000000000095 5.450259929822224e-09
23350.000000000095 4.614822577143954e-09
23400.000000000095 6.981511809962292e-09
23450.000000000095 5.758000312035245e-09
23500.000000000095 5.572613920764754e-09
23550.000000000095 8.474027589014677e-09
23600.000000000095 9.389528930104119e-09
23650.000000000095 1.2026844477837076e-08
23700.000000000095 5.822574452062205e-09
23750.000000000095 4.6011256072421735e-09
23800.000000000095 7.601991676468265e-09
23850.000000000095 7.438660667492595e-09
23900.000000000095 1.3048124839079259e-08
23950.000000000095 1.227931980932378e-08
24000.000000000095 1.63168850110159e-08
24050.000000000095 1.9291538458908872e-08
24100.000000000095 1.5007371794859763e-08
24150.000000000095 1.8049935807260246e-08
24200.000000000095 1.940541994345708e-08
24250.000000000095 1.388657862530288e-08
24300.000000000095 1.963664399700286e-08
24350.000000000095 1.5604949513733314e-08
24400.000000000095 2.5609728368557844e-08
24450.000000000095 2.0813642693830285e-08
24500.000000000095 2.4647672173773906e-08
24550.000000000095 2.6541920289767233e-08
24600.000000000095 3.064137513261804e-08
24650.000000000095 3.4471468291003405e-08
24700.000000000095 2.6535633046571876e-08
24750.000000000095 2.5762779440683346e-08
24800.000000000095 2.7712567652008666e-08
24850.000000000095 4.013599963166614e-08
24900.000000000095 2.0261882766881077e-08
24950.000000000095 3.548001271008075e-08
25000.000000000095 3.4866453265074294e-08
25050.000000000095 2.4154943307487242e-08
25100.000000000095 3.1725188727060407e-08
25150.000000000095 1.861492904126303e-08
25200.000000000095 2.7764776738258047e-08
25250.000000000095 1.6076295238111803e-08
25300.000000000095 2.4456239411946587e-08
25350.000000000095 1.2337292200486525e-08
25400.000000000095 2.5929470579379408e-08
25450.000000000095 1.518665400514574e-08
25500.000000000095 1.447510191707209e-08
25550.000000000095 1.85198574836551e-08
25600.000000000095 1.2095707202785718e-08
25650.000000000095 9.691590938174285e-09
25700.000000000095 1.8802718266478828e-08
25750.000000000095 8.632464619330283e-09
25800.000000000095 2.0317940681302647e-08
25850.000000000095 8.329339144110983e-09
25900.000000000095 1.1900678579036231e-08
25950.000000000095 6.7788183543487654e-09
26000.000000000095 2.016400824313038e-08
26050.000000000095 1.0460968455905364e-08
26100.000000000095 2.094763680422174e-08
26150.000000000095 1.5374893101894503e-08
26200.000000000095 1.8542717555102726e-08
26250.000000000095 3.130656621910208e-08
26300.000000000095 1.7832994308001432e-08
26350.000000000095 3.572680788470818e-08
26400.000000000095 4.32086805477979e-08
26450.000000000095 3.711397750843049e-08
26500.000000000095 3.6307405410931604e-08
26550.000000000095 2.3250793604734737e-08
26600.000000000095 2.8508146444687857e-08
26650.000000000095 1.17244316213387e-08
26700.000000000095 8.330134059638436e-09
26750.000000000095 7.790892031780005e-09
26800.000000000095 1.2566682514680983e-08
26850.000000000095 7.252693229587779e-09
26900.000000000095 1.864193709474404e-08
26950.000000000095 8.55980397832036e-09
27000.000000000095 2.585750377901574e-08
27050.000000000095 2.3010737607402773e-08
27100.000000000095 1.3288823745819868e-08
27150.000000000095 3.13142224195732e-08
27200.000000000095 1.3873161326455914e-08
27250.000000000095 1.8881633094240064e-08
27300.000000000095 5.161642222652706e-08
27350.000000000095 3.415046401810888e-08
27400.000000000095 7.356104954666233e-09
27450.000000000095 4.155467041448717e-08
27500.000000000095 4.619281961268262e-08
27550.000000000095 1.7708164869590465e-08
27600.000000000095 3.35300993121722e-08
27650.000000000095 1.461906567221821e-08
27700.000000000095 1.1358733677446395e-08
27750.000000000095 3.4529836844932523e-08
27800.000000000095 1.5976771204807585e-08
27850.000000000095 1.8677997945089954e-08
27900.000000000095 2.4720410428082316e-08
27950.000000000095 3.468864072812011e-08
28000.000000000095 3.1609494195927304e-08
28050.000000000095 1.1714289100091975e-08
28100.000000000095 4.338134357501227e-08
28150.000000000095 2.8313681298921612e-08
28200.000000000095 1.1212182807940065e-08
28250.000000000095 4.385419949288767e-08
28300.000000000095 5.936101105479652e-08
28350.000000000095 1.4749451235482419e-08
28400.000000000095 3.6091558322031254e-08
28450.000000000095 4.723969760755501e-08
28500.000000000095 3.4492735477495304e-08
28550.000000000095 1.3354369838190453e-08
28600.000000000095 4.792689259083612e-08
28650.000000000095 4.39768673005899e-08
28700.000000000095 3.702638883600021e-08
28750.000000000095 5.5377357417447805e-08
28800.000000000095 4.833627268395621e-08
28850.000000000095 6.079883183249278e-08
28900.000000000095 2.728977611981577e-08
28950.000000000095 7.021447473975836e-08
29000.000000000095 4.5634974377487396e-08
29050.000000000095 5.6023697026144094e-08
29100.000000000095 3.424310100075775e-08
29150.000000000095 7.680510062115184e-08
29200.000000000095 4.8429830310733146e-08
29250.000000000095 6.985492168396012e-08
29300.000000000095 4.137243025980989e-08
