galfind/configs/Brown_Dwarf_templates/sonora_bobcat/m-0.5/17g/sp_t1600g17nc_m-0.5_resample.dat
# %ECSV 1.0
# ---
# datatype:
# - {name: wav, unit: Angstrom, datatype: float64}
# - {name: flux_nu, unit: erg / (cm2 Hz s), datatype: float64}
# meta: {C/O: '1.00', Kzz: '1.0000E+05', Teff: '1600.', Y: '0.28', '[Fe/H]': '-0.50', f_hole: '1.00', f_rain: '0.00', grav: '18.'}
# schema: astropy-2.0
wav flux_nu
4000.0559999999996 nan
4050.0559999999996 4.5266575932983665e-10
4100.056 7.956752863088837e-10
4150.056 5.361368563705909e-10
4200.056 3.509063923198856e-10
4250.056 3.1117392617024734e-10
4300.056 1.8862415357205002e-10
4350.056 2.1000307841201712e-10
4400.056 2.2557061864506554e-10
4450.056 1.4857032494200925e-10
4500.056 1.6830301115600925e-10
4550.056 2.211099124375375e-10
4600.056 2.1097805138299098e-10
4650.056 1.8822908145799893e-10
4700.056 2.311755837770511e-10
4750.056 2.848373694589471e-10
4800.056 2.0451925381100544e-10
4850.056 2.483991143610118e-10
4900.056 3.9940162577698754e-10
4950.056 4.679912298399994e-10
5000.056 2.3916238205097704e-10
5050.056 2.1228196850102341e-10
5100.056 2.557913306860433e-10
5150.056 2.4133021065108636e-10
5200.056 2.1785534573899337e-10
5250.056 2.2993610726502e-10
5300.056 2.3773645019600603e-10
5350.056 2.3935327213502155e-10
5400.056 2.3341330017999956e-10
5450.056 1.8771733890999667e-10
5500.056 1.3354472771499533e-10
5550.056 1.171521766009907e-10
5600.056 9.43160613310001e-11
5650.056 6.652386133199885e-11
5700.056 4.0216134445999465e-11
5750.056 2.0624025654999785e-11
5800.056 8.737522515699893e-12
5850.056 2.628697363739944e-12
5900.056 3.13732042028867e-13
5950.056 6.732716644300175e-12
6000.056 3.24088171970007e-11
6050.056 1.0905905262900121e-10
6100.056 2.5270813893001126e-10
6150.056 5.02731086740001e-10
6200.056 8.376351677800064e-10
6250.056 1.2990772914500232e-09
6300.056 1.955112662300025e-09
6350.056 2.702644718100037e-09
6400.056 3.5885729161999893e-09
6450.056 4.681847423799761e-09
6500.056 5.150799677099687e-09
6550.056 6.1930643890993745e-09
6600.056 6.863202949100303e-09
6650.056 7.28852270710055e-09
6700.056 5.015366569366529e-09
6750.056 8.72563223550037e-09
6800.056 1.0515152156800439e-08
6850.056 1.2912259543400165e-08
6900.056 1.4087524578800273e-08
6950.056 1.3855478820999101e-08
7000.056 1.465747302309947e-08
7050.056 1.4298398480600439e-08
7100.056 1.2516003663999497e-08
7150.056 1.2739811065100204e-08
7200.056 1.5837376504599916e-08
7250.056 1.9543868321000745e-08
7300.056 2.3857679306001665e-08
7350.056 2.4337167678800867e-08
7400.056 2.0750179617800495e-08
7450.056 1.7207774580796987e-08
7500.056 1.6236628995099192e-08
7550.056 1.5122473424800192e-08
7600.056 1.005743608729977e-08
7650.056 1.2528247958739426e-09
7700.056 3.5550601605564084e-10
7750.056 6.590247541700156e-09
7800.056 1.4852860077635987e-08
7850.056 2.5403226665000394e-08
7900.056 2.7930220457003527e-08
7950.056 2.6256264038640235e-08
8000.056 3.486735288399847e-08
8050.056 5.251025162599428e-08
8100.056 8.203955707501036e-08
8150.056 1.2569151309501086e-07
8200.056 1.1222639940759141e-07
8250.056 1.3002851000200284e-07
8300.056 1.2181452103902624e-07
8350.056 1.3611804529701963e-07
8400.056 1.454638106760037e-07
8450.056 1.1130531446298576e-07
8500.056 1.0396002259757289e-07
8550.056 1.1871390506000584e-07
8600.056 1.26282062960963e-07
8650.056 1.3600531890096787e-07
8700.056 1.4127028481003533e-07
8750.056 1.777487896770128e-07
8800.056 2.5773100999005036e-07
8850.056 2.7080957252601096e-07
8900.056 1.999714697409951e-07
8950.056 2.0954986424552984e-07
9000.056 2.7784258754903455e-07
9050.056 2.954293532069701e-07
9100.056 3.83946303140012e-07
9150.056 4.516632942670077e-07
9200.056 4.376024557680149e-07
9250.056 2.821366972441672e-07
9300.056 2.194857076971845e-07
9350.056 2.5098976319444005e-07
9400.056 2.9027811751460076e-07
9450.056 3.373117260849242e-07
9500.056 3.9921475208644063e-07
9550.056 4.6503764730471367e-07
9600.056 4.7592375272803477e-07
9650.056 5.592258121836765e-07
9700.056 6.253544271313345e-07
9750.056 4.7233098803417733e-07
9800.056 5.389253186738059e-07
9850.056 5.487582186099276e-07
9900.056 4.82771831894983e-07
9950.056 4.1408615234199356e-07
10000.056 3.939879059409481e-07
10050.056 4.3403075022598394e-07
10100.056 5.58848734631116e-07
10150.056 5.533272401248831e-07
10200.056 6.137295970259791e-07
10250.056 6.14879302905836e-07
10300.056 6.079569911699218e-07
10350.056 7.14482534729911e-07
10400.056 8.07611964979946e-07
10450.056 8.655369761401691e-07
10500.056 8.04687022059956e-07
10550.056 8.23843861630241e-07
10600.056 9.192385714002117e-07
10650.056 9.949419923700506e-07
10700.056 1.0838899902500856e-06
10750.056 1.243308494050119e-06
10800.056 1.3683503694599293e-06
10850.056 1.5261407391498087e-06
10900.056 1.4493976619798891e-06
10950.056 1.2784532723488078e-06
11000.056 1.2298370440409767e-06
11050.056 8.665590782766923e-07
11100.056 9.36890148572346e-07
11150.056 9.726967782603269e-07
11200.056 9.949314086701083e-07
11250.056 1.1754604528394758e-06
11300.056 1.166435719650258e-06
11350.056 1.0074051703088896e-06
11400.056 9.179370484700923e-07
11450.056 1.1398189968749105e-06
11500.056 1.3267117952127324e-06
11550.056 1.239057485019241e-06
11600.056 1.3294267032966414e-06
11650.056 1.3705531108523068e-06
11700.056 1.0909927825347057e-06
11750.056 1.0904624295589426e-06
11800.056 1.1178870784560913e-06
11850.056 1.4330383316781675e-06
11900.056 1.4923786500246363e-06
11950.056 1.5340077336198647e-06
12000.056 1.3915558614680287e-06
12050.056 1.653322093594235e-06
12100.056 1.6417920624798595e-06
12150.056 1.8815025364798215e-06
12200.056 1.925047838539511e-06
12250.056 2.1146095466696187e-06
12300.056 2.2341327775603658e-06
12350.056 2.264137678290204e-06
12400.056 2.020815396579845e-06
12450.056 1.7226773847300585e-06
12500.056 1.890829797249686e-06
12550.056 1.929774483780054e-06
12600.056 2.146492296140042e-06
12650.056 2.25805384626975e-06
12700.056 2.470655365050118e-06
12750.056 2.4341301246501136e-06
12800.056 2.6335820739898763e-06
12850.056 2.5242257299301357e-06
12900.056 2.3885628077196872e-06
12950.056 2.5025351992466717e-06
13000.056 2.567706811039312e-06
13050.056 2.6336623593477335e-06
13100.056 2.622833705683693e-06
13150.056 2.5787278052367296e-06
13200.056 2.448489387931877e-06
13250.056 2.218921076749326e-06
13300.056 1.7739810024511007e-06
13350.056 9.754561799989606e-07
13400.056 8.345818270151643e-07
13450.056 6.818649932712251e-07
13500.056 6.482903119729748e-07
13550.056 5.853249561202654e-07
13600.056 5.136052749233044e-07
13650.056 6.199927611892102e-07
13700.056 5.300554060104477e-07
13750.056 5.275865711175057e-07
13800.056 6.348927538281987e-07
13850.056 6.16154275400047e-07
13900.056 6.18087079032622e-07
13950.056 5.824470843019697e-07
14000.056 5.411976252652164e-07
14050.056 5.462918793197127e-07
14100.056 4.729600524383192e-07
14150.056 4.961584202826491e-07
14200.056 4.5046623783393066e-07
14250.056 4.4330591285092047e-07
14300.056 4.7308102326840934e-07
14350.056 4.645019946129369e-07
14400.056 5.138688244754782e-07
14450.056 5.338075723805779e-07
14500.056 6.354218353138959e-07
14550.056 6.590188376800859e-07
14600.056 7.010004720411243e-07
14650.056 6.97697386275874e-07
14700.056 6.344324768529888e-07
14750.056 6.924862617828156e-07
14800.056 7.467156358810092e-07
14850.056 8.138712381177102e-07
14900.056 8.217784359800392e-07
14950.056 8.308937046491375e-07
15000.056 8.697170219372782e-07
15050.056 9.730821957296839e-07
15100.056 9.942131209731493e-07
15150.056 1.0731114615301055e-06
15200.056 1.0988925565398997e-06
15250.056 1.1252618037528754e-06
15300.056 1.214284584928882e-06
15350.056 1.2619190508149901e-06
15400.056 1.3400184799420619e-06
15450.056 1.4271320477841494e-06
15500.056 1.4666742516097036e-06
15550.056 1.5788866813299122e-06
15600.056 1.5552710640001828e-06
15650.056 1.6624832406200854e-06
15700.056 1.8245515936307392e-06
15750.056 1.9234523348998573e-06
15800.056 1.9191944374805555e-06
15850.056 1.8725962632300355e-06
15900.056 1.9279949029503053e-06
15950.056 1.9899969766698333e-06
16000.056 2.0352554999498715e-06
16050.056 2.1011256321401597e-06
16100.056 2.1885184091801945e-06
16150.056 2.125328429420198e-06
16200.056 2.2100089521397565e-06
16250.056 2.202852086219943e-06
16300.056 2.2130550922600037e-06
16350.056 2.3444195381298886e-06
16400.056 2.3246756397903192e-06
16450.056 2.3734769966101066e-06
16500.056 2.483998918280365e-06
16550.056 2.5735617941999895e-06
16600.056 2.4415051218804985e-06
16650.056 2.6098744750100107e-06
16700.056 2.4913337717396973e-06
16750.056 2.5446433330097126e-06
16800.056 2.6676790939399632e-06
16850.056 2.6513535445599656e-06
16900.056 2.5682885835999706e-06
16950.056 2.5514345308797512e-06
17000.056 2.530013736000298e-06
17050.056 2.5085507826900366e-06
17100.056 2.359200087660601e-06
17150.056 2.2944231546098755e-06
17200.056 2.0965898978198123e-06
17250.056 1.9564642308868345e-06
17300.056 1.963221156279655e-06
17350.056 1.862826413132167e-06
17400.056 1.901289952517048e-06
17450.056 1.744402354124012e-06
17500.056 1.6671482643853647e-06
17550.056 1.6599504230621477e-06
17600.056 1.5735177195499766e-06
17650.056 1.5814645882597646e-06
17700.056 1.3344152563468225e-06
17750.056 1.259685909694919e-06
17800.056 1.2948974768883131e-06
17850.056 1.1340471531161514e-06
17900.056 1.1641231751529552e-06
17950.056 1.1183908959101507e-06
18000.056 1.016825746112055e-06
18050.056 1.0060923873719629e-06
18100.056 9.625397087473443e-07
18150.056 1.114330436448808e-06
18200.056 8.656826272342817e-07
18250.056 1.0859736654284879e-06
18300.056 1.0243860877811746e-06
18350.056 9.300528112806235e-07
18400.056 9.212947758507075e-07
18450.056 8.391946551583254e-07
18500.056 8.819456407873115e-07
18550.056 8.118280652182235e-07
18600.056 6.838411550561347e-07
18650.056 7.812225488198431e-07
18700.056 8.489277831054016e-07
18750.056 8.192428403076341e-07
18800.056 8.761055676503416e-07
18850.056 1.0093513126398839e-06
18900.056 9.813372480934346e-07
18950.056 1.0131467529159783e-06
19000.056 1.0608830006308297e-06
19050.056 1.0108475522429863e-06
19100.056 1.0795800641743112e-06
19150.056 1.10268433960409e-06
19200.056 1.0949225594495086e-06
19250.056 1.0307185043987877e-06
19300.056 1.0849251577944797e-06
19350.056 1.0316762916490723e-06
19400.056 8.935939293996881e-07
19450.056 1.068799036535109e-06
19500.056 1.0509519857997842e-06
19550.056 8.755585301464147e-07
19600.056 1.0352377084019388e-06
19650.056 1.031436243926199e-06
19700.056 1.0427211397951241e-06
19750.056 9.74676202075225e-07
19800.056 1.0285291778178711e-06
19850.056 1.069453149535603e-06
19900.056 9.371256711321543e-07
19950.056 1.1258387966350494e-06
20000.056 1.0016803433131346e-06
20050.056 1.081336770118562e-06
20100.056 1.1408286644803257e-06
20150.056 1.130353861275012e-06
20200.056 1.1763806039417161e-06
20250.056 1.2464934701149503e-06
20300.056 1.246450104560069e-06
20350.056 1.301115064827812e-06
20400.056 1.2936031534713771e-06
20450.056 1.3945794043897103e-06
20500.056 1.3974865132500605e-06
20550.056 1.4234914287400244e-06
20600.056 1.5344654299003646e-06
20650.056 1.5071347344304797e-06
20700.056 1.572189169940193e-06
20750.056 1.6194149198397854e-06
20800.056 1.6811382831801331e-06
20850.056 1.6703709793198845e-06
20900.056 1.748155414669727e-06
20950.056 1.7744562495799265e-06
21000.056 1.8575312468999302e-06
21050.056 1.8591127870000348e-06
21100.056 1.8802357062599988e-06
21150.056 1.9736880857299863e-06
21200.056 1.944545279060108e-06
21250.056 2.0362640278098824e-06
21300.056 1.9671542420099164e-06
21350.056 2.0954987578000067e-06
21400.056 2.011765349820211e-06
21450.056 2.164146690669975e-06
21500.056 2.067788382140187e-06
21550.056 2.096662134029891e-06
21600.056 2.130698925530264e-06
21650.056 2.089968621590144e-06
21700.056 2.1796171193199483e-06
21750.056 2.0992748933199445e-06
21800.056 2.0813957515597368e-06
21850.056 2.0658457127598864e-06
21900.056 2.0907311750201766e-06
21950.056 1.9962533849501606e-06
22000.056 1.957210155200101e-06
22050.056 1.8496889836796624e-06
22100.056 1.9277005516100494e-06
22150.056 1.9446044336700487e-06
22200.056 1.8850199331903318e-06
22250.056 1.9491862351703333e-06
22300.056 1.916990476519894e-06
22350.056 1.8483917845601717e-06
22400.056 1.8775059706900486e-06
22450.056 1.8142987825498573e-06
22500.056 1.8488994417800574e-06
22550.056 1.7789561454596285e-06
22600.056 1.8074326054600942e-06
22650.056 1.7549938527004421e-06
22700.056 1.7204414359103967e-06
22750.056 1.7768560737999719e-06
22800.056 1.6918508079799782e-06
22850.056 1.680644442400215e-06
22900.056 1.706071295569887e-06
22950.056 1.2941121757101503e-06
23000.056 1.4238154014770793e-06
23050.056 1.5202492403597478e-06
23100.056 1.4865485242679414e-06
23150.056 1.5405093989882652e-06
23200.056 1.4015082887370667e-06
23250.056 1.2402710055098179e-06
23300.056 1.2549715679661914e-06
23350.056 1.2897632800980188e-06
23400.056 1.2442841683731107e-06
23450.056 1.3005260976361435e-06
23500.056 1.3022939955378953e-06
23550.056 1.2479221900402918e-06
23600.056 1.2546730063561985e-06
23650.056 1.3460513061267696e-06
23700.056 1.2420887432918095e-06
23750.056 1.2432893537562571e-06
23800.056 1.2111550282981032e-06
23850.056 1.1106474256111612e-06
23900.056 1.2647096263899597e-06
23950.056 1.3070247351904335e-06
24000.056 1.2682715871345704e-06
24050.056 1.2911884161011052e-06
24100.056 1.1796429269456663e-06
24150.056 1.1841124017284973e-06
24200.056 1.197260365459547e-06
24250.056 1.163839070129215e-06
24300.056 1.1473932047300276e-06
24350.056 1.0548164590341235e-06
24400.056 1.1832966189949293e-06
24450.056 1.0498779371947604e-06
24500.056 9.987910963529033e-07
24550.056 9.908827558420913e-07
24600.056 1.0264986132131819e-06
24650.056 1.1189778837930186e-06
24700.056 9.281419508469129e-07
24750.056 8.967622483713707e-07
24800.056 8.754774846662217e-07
24850.056 1.0300175368409675e-06
24900.056 7.751257795015168e-07
24950.056 9.840257650018827e-07
25000.056 8.879243705510554e-07
25050.056 6.992106441351551e-07
25100.056 8.469076629730231e-07
25150.056 7.157875323799819e-07
25200.056 7.789361550608568e-07
25250.056 7.223814091368645e-07
25300.056 8.115313367580536e-07
25350.056 6.542149533720869e-07
25400.056 7.642755610002592e-07
25450.056 6.565748253429745e-07
25500.056 7.035211428392435e-07
25550.056 6.629933131121011e-07
25600.056 6.852241744200123e-07
25650.056 6.063866941149708e-07
25700.056 7.957460751756691e-07
25750.056 5.577240568131283e-07
25800.056 7.674895265721586e-07
25850.056 6.438909189908346e-07
25900.056 7.483739291641017e-07
25950.056 6.267584087299298e-07
26000.056 7.715581675042881e-07
26050.056 7.941061604210944e-07
26100.056 8.06773525707929e-07
26150.056 7.954854453738e-07
26200.056 7.614283734569771e-07
26250.056 7.974086695311706e-07
26300.056 7.906038156610867e-07
26350.056 8.278384779718888e-07
26400.056 8.551994555757325e-07
26450.056 8.53825360309097e-07
26500.056 8.938277192486118e-07
26550.056 8.27591514458733e-07
26600.056 1.0064279685577312e-06
26650.056 7.497899732018448e-07
26700.056 7.66431393477043e-07
26750.056 6.514694918327392e-07
26800.056 7.716726797807106e-07
26850.056 5.969066986989874e-07
26900.056 8.128636367210932e-07
26950.056 5.566753565669358e-07
27000.056 7.82009405049244e-07
27050.056 6.568192558040267e-07
27100.056 6.615928602288585e-07
27150.056 7.29791666503993e-07
27200.056 7.047816473832536e-07
27250.056 6.675701841313172e-07
27300.056 8.043451048619617e-07
27350.056 7.694954305267494e-07
27400.056 6.169704893069357e-07
27450.056 8.723701925366117e-07
27500.056 8.014693775579043e-07
27550.056 7.275315951398687e-07
27600.056 8.933611475048228e-07
27650.056 6.626775096868952e-07
27700.056 6.376582480601117e-07
27750.056 8.874232956465854e-07
27800.056 6.192943146419021e-07
27850.056 7.02964060790528e-07
27900.056 7.311720787860981e-07
27950.056 8.591723149209584e-07
28000.056 8.126385633122657e-07
28050.056 5.936173515201777e-07
28100.056 9.097759844633269e-07
28150.056 7.121132046749912e-07
28200.056 5.971127507310478e-07
28250.056 8.004302226700798e-07
28300.056 9.338411092220828e-07
28350.056 6.894096057357364e-07
28400.056 7.427565396229445e-07
28450.056 7.898651672007793e-07
28500.056 7.922308530017967e-07
28550.056 5.526961884107848e-07
28600.056 9.231724704339164e-07
28650.056 8.439252440178922e-07
28700.056 7.614746710718278e-07
28750.056 8.717854866120082e-07
28800.056 8.081053065091654e-07
