galfind/configs/Brown_Dwarf_templates/sonora_bobcat/m-0.5/17g/sp_t850g17nc_m-0.5_resample.dat
# %ECSV 1.0
# ---
# datatype:
# - {name: wav, unit: Angstrom, datatype: float64}
# - {name: flux_nu, unit: erg / (cm2 Hz s), datatype: float64}
# meta: {C/O: '1.00', Kzz: '1.0000E+05', Teff: '850.', Y: '0.28', '[Fe/H]': '-0.50', f_hole: '1.00', f_rain: '0.00', grav: '18.'}
# schema: astropy-2.0
wav flux_nu
4000.0559999999996 nan
4050.0559999999996 1.384042713192505e-13
4100.056 5.426537419219453e-12
4150.056 1.3817878104931326e-11
4200.056 1.1615797009886023e-11
4250.056 2.1952204757303608e-11
4300.056 2.658790123130281e-11
4350.056 2.924623392610208e-11
4400.056 3.6173654549302636e-11
4450.056 3.848279063320057e-11
4500.056 3.95108441094032e-11
4550.056 4.822595234874349e-11
4600.056 5.337156126008016e-11
4650.056 4.8945892411995615e-11
4700.056 5.081530769200042e-11
4750.056 3.405157635809925e-11
4800.056 1.2428922552100017e-11
4850.056 4.006266149399913e-12
4900.056 1.6539657721999854e-12
4950.056 7.029810595199938e-13
5000.056 2.181201019699975e-13
5050.056 6.881114957199953e-14
5100.056 4.982671350299983e-14
5150.056 4.028188609999951e-14
5200.056 3.282015508700004e-14
5250.056 2.6846879509999914e-14
5300.056 2.264493236599997e-14
5350.056 1.9993830605999978e-14
5400.056 1.845763817399994e-14
5450.056 1.7320321596999878e-14
5500.056 1.6383389878999962e-14
5550.056 1.559731033899999e-14
5600.056 1.4862452984999954e-14
5650.056 1.3970604987000029e-14
5700.056 1.2874431022000001e-14
5750.056 1.0917251899899961e-14
5800.056 8.281229156599967e-15
5850.056 4.6694360927999375e-15
5900.056 1.1091065607056669e-15
5950.056 1.058131061080017e-14
6000.056 2.8131242077000337e-14
6050.056 5.80819689630004e-14
6100.056 1.0600481224600044e-13
6150.056 1.8400990826000111e-13
6200.056 3.13875188930002e-13
6250.056 5.352982370000033e-13
6300.056 9.098173210500077e-13
6350.056 1.5543174168000133e-12
6400.056 2.655722860100018e-12
6450.056 4.459119825799985e-12
6500.056 7.408246280800034e-12
6550.056 1.2047350156700071e-11
6600.056 1.921155048200026e-11
6650.056 2.979421586600019e-11
6700.056 3.503887797176922e-11
6750.056 6.362197743200038e-11
6800.056 8.59392393260003e-11
6850.056 9.90912565860001e-11
6900.056 9.489422592200087e-11
6950.056 8.436128421799966e-11
7000.056 8.475147142500097e-11
7050.056 9.249487058899879e-11
7100.056 1.0194812011999978e-10
7150.056 1.030708458803983e-10
7200.056 9.922592610030178e-11
7250.056 9.283848556699422e-11
7300.056 8.09812859146998e-11
7350.056 6.906296655659825e-11
7400.056 5.762232490900121e-11
7450.056 4.5528130208000513e-11
7500.056 3.392875435399977e-11
7550.056 2.322411983299982e-11
7600.056 1.502473019779984e-11
7650.056 2.7190924654872227e-12
7700.056 1.256395805571096e-12
7750.056 1.2300445599300339e-11
7800.056 2.7302714832664647e-11
7850.056 6.665695717200051e-11
7900.056 1.2034731104000063e-10
7950.056 1.5717906997351658e-10
8000.056 3.1988174884000485e-10
8050.056 4.689571251800122e-10
8100.056 6.229054230690014e-10
8150.056 8.193005228081917e-10
8200.056 1.1212904628140738e-09
8250.056 1.4160683940228429e-09
8300.056 1.8015272383257591e-09
8350.056 2.200083244496806e-09
8400.056 2.69495062498391e-09
8450.056 3.3706614970198644e-09
8500.056 3.6506564407675754e-09
8550.056 4.7720385621000885e-09
8600.056 5.9656059158000145e-09
8650.056 6.844351669900003e-09
8700.056 7.979367667199678e-09
8750.056 9.27013689810009e-09
8800.056 1.0572620359800168e-08
8850.056 1.1326570913899682e-08
8900.056 9.264111810209439e-09
8950.056 8.952260530041749e-09
9000.056 1.0600064723483657e-08
9050.056 1.6227587721649342e-08
9100.056 1.8734014898999595e-08
9150.056 1.9860477666393348e-08
9200.056 2.3752365823667243e-08
9250.056 2.3964385493359848e-08
9300.056 1.2420020134590825e-08
9350.056 1.4553863094128962e-08
9400.056 1.9254436313042014e-08
9450.056 2.3481313119813013e-08
9500.056 2.2784970564743967e-08
9550.056 2.5887375751285533e-08
9600.056 2.50953927356152e-08
9650.056 2.8384509027283085e-08
9700.056 3.331880944578008e-08
9750.056 3.4780251734022806e-08
9800.056 3.842915466616923e-08
9850.056 4.317872916489582e-08
9900.056 4.525947989794227e-08
9950.056 4.4990541633007115e-08
10000.056 3.962657862679417e-08
10050.056 5.26063732040007e-08
10100.056 6.333703816999252e-08
10150.056 7.068905586598869e-08
10200.056 8.11772918379983e-08
10250.056 8.99740586999998e-08
10300.056 9.91665122229998e-08
10350.056 1.1342359013600036e-07
10400.056 1.2826568340999662e-07
10450.056 1.3552734719699623e-07
10500.056 1.3644408636100083e-07
10550.056 1.3966179728000509e-07
10600.056 1.4684371516599587e-07
10650.056 1.5896766207900558e-07
10700.056 1.6590829302301082e-07
10750.056 1.7584303885440682e-07
10800.056 1.8194919345800418e-07
10850.056 1.8196323162078808e-07
10900.056 1.4719585584789244e-07
10950.056 9.214499667056089e-08
11000.056 7.944818631790733e-08
11050.056 6.430531597782058e-08
11100.056 5.006065550862967e-08
11150.056 3.398864145133488e-08
11200.056 3.085745885727919e-08
11250.056 3.595086739338277e-08
11300.056 3.887427197437563e-08
11350.056 2.0382891109844916e-08
11400.056 3.188891754951789e-08
11450.056 2.8352704372865486e-08
11500.056 2.4279512224144254e-08
11550.056 1.1876083755830501e-08
11600.056 1.3838014952128149e-08
11650.056 2.236882013975544e-08
11700.056 2.162103565733909e-08
11750.056 8.078214965751664e-09
11800.056 2.422181834257041e-08
11850.056 3.770297578999687e-08
11900.056 4.403867360573547e-08
11950.056 6.093606947971836e-08
12000.056 7.762754999949319e-08
12050.056 9.889956736073701e-08
12100.056 1.2190210898123986e-07
12150.056 1.496937761321906e-07
12200.056 1.7330378042026704e-07
12250.056 2.014293732889524e-07
12300.056 2.335179749814281e-07
12350.056 2.444041604380054e-07
12400.056 2.717311630509928e-07
12450.056 2.7476827414901576e-07
12500.056 2.955076741450023e-07
12550.056 3.15350703539026e-07
12600.056 3.6648726848101745e-07
12650.056 3.6176255954699736e-07
12700.056 3.7159124841805987e-07
12750.056 3.5683542565573404e-07
12800.056 3.544134654146155e-07
12850.056 3.078044809083226e-07
12900.056 2.727962671720066e-07
12950.056 2.6817519923174563e-07
13000.056 2.515914652300548e-07
13050.056 2.225389346369776e-07
13100.056 2.0316118382628853e-07
13150.056 1.672764608736081e-07
13200.056 1.4577391441782084e-07
13250.056 1.1421417660484636e-07
13300.056 5.838740217281461e-08
13350.056 2.065834672912432e-08
13400.056 1.5571719598392744e-08
13450.056 8.68235156278076e-09
13500.056 6.033497261886452e-09
13550.056 4.204953872175956e-09
13600.056 1.9484969369598764e-09
13650.056 4.781036143831444e-09
13700.056 3.92986482842926e-09
13750.056 3.732596012504782e-09
13800.056 3.995283300581894e-09
13850.056 3.3123294900344714e-09
13900.056 3.497611952894967e-09
13950.056 3.0214720598486503e-09
14000.056 3.0466166026650077e-09
14050.056 3.810466697555832e-09
14100.056 3.826185332423696e-09
14150.056 5.420168993795024e-09
14200.056 4.361854548193502e-09
14250.056 4.993660698665954e-09
14300.056 7.704402966516687e-09
14350.056 8.134512253206737e-09
14400.056 9.628378890226742e-09
14450.056 1.067969271512826e-08
14500.056 1.792679731726069e-08
14550.056 2.06698327195409e-08
14600.056 2.556473248332045e-08
14650.056 2.6023290206040897e-08
14700.056 2.1506482339589838e-08
14750.056 2.454219635492646e-08
14800.056 3.234158999186634e-08
14850.056 3.60999115093456e-08
14900.056 3.810095267251557e-08
14950.056 4.176180401522092e-08
15000.056 4.969437628773567e-08
15050.056 5.4510021102499536e-08
15100.056 5.765985368123056e-08
15150.056 6.3652673278417e-08
15200.056 6.799175565208481e-08
15250.056 8.400207606460103e-08
15300.056 9.509083344457766e-08
15350.056 1.0583827686568052e-07
15400.056 1.204260593639263e-07
15450.056 1.3338887911555588e-07
15500.056 1.4052362604106732e-07
15550.056 1.5846563120650912e-07
15600.056 1.6488966342740577e-07
15650.056 1.766531151790073e-07
15700.056 1.9960662642905953e-07
15750.056 2.0953949840998953e-07
15800.056 2.066751421640406e-07
15850.056 2.164478106470033e-07
15900.056 1.9722781732700853e-07
15950.056 1.824413926289663e-07
16000.056 1.4598950579300527e-07
16050.056 9.998003354729648e-08
16100.056 7.171779996799189e-08
16150.056 4.825081682076322e-08
16200.056 3.196360928258781e-08
16250.056 2.648467002841767e-08
16300.056 2.0336671577043806e-08
16350.056 2.264330783560264e-08
16400.056 2.7679277034655967e-08
16450.056 2.9331450582320207e-08
16500.056 3.08348777636497e-08
16550.056 3.0436667415740803e-08
16600.056 2.9312624031539667e-08
16650.056 2.410539836719403e-08
16700.056 7.61955922483099e-09
16750.056 1.0687772761814243e-08
16800.056 1.8687832985809437e-08
16850.056 2.1556778649923842e-08
16900.056 1.6574513544206577e-08
16950.056 1.2565681718481517e-08
17000.056 9.095810095885792e-09
17050.056 1.4894487314987215e-08
17100.056 2.032955939739571e-08
17150.056 1.4580288051737053e-08
17200.056 2.4867427721434502e-08
17250.056 2.2200577838520467e-08
17300.056 1.6109502883137862e-08
17350.056 1.4858929602539125e-08
17400.056 1.788057389717575e-08
17450.056 2.1825663659181982e-08
17500.056 2.6307759236631137e-08
17550.056 2.549916488923258e-08
17600.056 2.1649524632547654e-08
17650.056 2.179918052998124e-08
17700.056 1.6583907132922265e-08
17750.056 1.671840095230298e-08
17800.056 2.5159686584933965e-08
17850.056 1.8005622174596517e-08
17900.056 1.531338855692041e-08
17950.056 1.3369644040999142e-08
18000.056 1.603273473321986e-08
18050.056 1.70241693853088e-08
18100.056 1.904596936815189e-08
18150.056 2.3513632448344885e-08
18200.056 1.574128595856712e-08
18250.056 2.9211146586002545e-08
18300.056 2.0707593148923287e-08
18350.056 1.7128605229664808e-08
18400.056 1.7082493245876094e-08
18450.056 2.0963550777755887e-08
18500.056 2.281353327227082e-08
18550.056 1.86299216643477e-08
18600.056 1.69055444791761e-08
18650.056 1.7051447993633904e-08
18700.056 1.5516266527419537e-08
18750.056 2.029259859266939e-08
18800.056 3.154009280462078e-08
18850.056 3.5439620772373825e-08
18900.056 3.447692401533775e-08
18950.056 4.500926032208063e-08
19000.056 3.542874060091712e-08
19050.056 2.7617810917444925e-08
19100.056 4.039724349801653e-08
19150.056 3.1938412245097285e-08
19200.056 3.644803449113542e-08
19250.056 2.971290904262319e-08
19300.056 2.827619696681764e-08
19350.056 2.4386003371829122e-08
19400.056 1.9496851602456337e-08
19450.056 3.102289932619941e-08
19500.056 2.898448692007342e-08
19550.056 2.2586598355883467e-08
19600.056 3.1599670611398624e-08
19650.056 3.3112917209028055e-08
19700.056 3.4702808964218104e-08
19750.056 3.764201769655415e-08
19800.056 3.812718546120521e-08
19850.056 4.6361973200253005e-08
19900.056 3.9486390083713635e-08
19950.056 5.64347681203086e-08
20000.056 5.25139130904652e-08
20050.056 5.570367255268158e-08
20100.056 6.600908287985463e-08
20150.056 6.035175456011869e-08
20200.056 6.453389192916823e-08
20250.056 7.51002956759111e-08
20300.056 7.545132048635893e-08
20350.056 8.198635703765794e-08
20400.056 7.963299724147248e-08
20450.056 9.127399199986171e-08
20500.056 9.683734815991344e-08
20550.056 9.66254495074116e-08
20600.056 1.0416362310534264e-07
20650.056 1.0551231618842237e-07
20700.056 1.0827201403462962e-07
20750.056 1.1131789548698958e-07
20800.056 1.1140931660078981e-07
20850.056 1.0925430890499738e-07
20900.056 1.1138511070306985e-07
20950.056 1.0645980354599395e-07
21000.056 1.0239499930902412e-07
21050.056 1.0107548964649031e-07
21100.056 9.51825404998103e-08
21150.056 9.51126968855826e-08
21200.056 8.760208324060294e-08
21250.056 8.205133003145656e-08
21300.056 7.149406149338506e-08
21350.056 7.123786292409228e-08
21400.056 6.699620580585975e-08
21450.056 6.115209836264677e-08
21500.056 5.619494811264372e-08
21550.056 5.129150490477384e-08
21600.056 4.465166444095758e-08
21650.056 3.8508434031198926e-08
21700.056 3.8332162030671414e-08
21750.056 3.406292152625108e-08
21800.056 2.934609289762145e-08
21850.056 2.6982744431263707e-08
21900.056 2.009432335739373e-08
21950.056 1.2561882750487458e-08
22000.056 5.454196161495269e-09
22050.056 3.811414283288865e-09
22100.056 6.623751712682853e-09
22150.056 9.477736929897931e-09
22200.056 1.0702721992400443e-08
22250.056 9.064690220134568e-09
22300.056 7.335333314979266e-09
22350.056 7.2436989680900125e-09
22400.056 5.0982296137586795e-09
22450.056 4.6880726328880886e-09
22500.056 4.198256790565614e-09
22550.056 3.4631052938192074e-09
22600.056 3.5784613382358713e-09
22650.056 4.03557868571941e-09
22700.056 3.350701682800255e-09
22750.056 3.5700579355948653e-09
22800.056 3.283608570849536e-09
22850.056 2.8875131857157467e-09
22900.056 2.4639202361818502e-09
22950.056 2.3413816912885413e-09
23000.056 3.0760480385120604e-09
23050.056 4.009596693659572e-09
23100.056 7.396609296811012e-09
23150.056 8.178461437782368e-09
23200.056 2.030823677297247e-09
23250.056 2.596576605268516e-09
23300.056 2.4224237231551295e-09
23350.056 2.5346140203724657e-09
23400.056 2.8325410476904924e-09
23450.056 2.623189262911053e-09
23500.056 2.8722630364676663e-09
23550.056 3.721438521447358e-09
23600.056 4.184924181513176e-09
23650.056 5.801331964621465e-09
23700.056 3.4526709176123467e-09
23750.056 2.739149785922939e-09
23800.056 3.397501428066966e-09
23850.056 3.808105108151026e-09
23900.056 5.845709399587342e-09
23950.056 6.296936187787563e-09
24000.056 7.154994728337582e-09
24050.056 9.141812812558105e-09
24100.056 8.463477674315072e-09
24150.056 9.926506608285334e-09
24200.056 9.338993575556786e-09
24250.056 7.997903152172914e-09
24300.056 1.0026455878070795e-08
24350.056 8.746183244873885e-09
24400.056 1.2007418621304861e-08
24450.056 1.2218154927122336e-08
24500.056 1.2479947705341454e-08
24550.056 1.526750212352756e-08
24600.056 1.5477980112564407e-08
24650.056 1.9472145056465013e-08
24700.056 1.5215188836472936e-08
24750.056 1.7539722897174794e-08
24800.056 1.8234254474057306e-08
24850.056 2.3486561654145466e-08
24900.056 1.610486676207742e-08
24950.056 2.5522760048010313e-08
25000.056 2.3863369448240044e-08
25050.056 1.8586690258999405e-08
25100.056 2.4929605269938838e-08
25150.056 1.751401927204476e-08
25200.056 2.313432979401531e-08
25250.056 1.6539853241670313e-08
25300.056 2.3543540633480292e-08
25350.056 1.4666127062385073e-08
25400.056 2.4952992334171097e-08
25450.056 1.4804058077738932e-08
25500.056 1.4753185845528293e-08
25550.056 1.6910618698289795e-08
25600.056 1.3514476234626784e-08
25650.056 1.0615094305275976e-08
25700.056 1.8402547902501685e-08
25750.056 8.59372693311014e-09
25800.056 1.8460246963886175e-08
25850.056 9.414659006206231e-09
25900.056 1.247555774914557e-08
25950.056 7.621669574915228e-09
26000.056 2.0123101292229957e-08
26050.056 1.1702085725128442e-08
26100.056 1.8673685018631894e-08
26150.056 1.4459464341904017e-08
26200.056 1.7175861491834984e-08
26250.056 2.6734519621347103e-08
26300.056 1.833754206389845e-08
26350.056 3.262544164823459e-08
26400.056 3.264546937447592e-08
26450.056 3.611038172566974e-08
26500.056 3.969717949484868e-08
26550.056 2.238017229269118e-08
26600.056 3.157019745933735e-08
26650.056 1.4623150748320055e-08
26700.056 1.3872925126717072e-08
26750.056 9.637087596209111e-09
26800.056 1.6718355344632515e-08
26850.056 9.66702184765713e-09
26900.056 2.2354161799746775e-08
26950.056 1.1602781594504579e-08
27000.056 2.9313866629630133e-08
27050.056 2.3292954928687814e-08
27100.056 1.656818972506145e-08
27150.056 3.348044540444264e-08
27200.056 1.809227856345325e-08
27250.056 2.2924189485644674e-08
27300.056 5.08182868826216e-08
27350.056 3.678829318486126e-08
27400.056 1.117226823208577e-08
27450.056 4.679320834770581e-08
27500.056 4.446622525671744e-08
27550.056 2.0416364840941956e-08
27600.056 3.7061529132026956e-08
27650.056 1.7610505970157318e-08
27700.056 1.4280124162666243e-08
27750.056 3.901075330113925e-08
27800.056 1.6726874807128508e-08
27850.056 2.2104850763350645e-08
27900.056 2.327054754632367e-08
27950.056 4.116293014210778e-08
28000.056 3.348171937922776e-08
28050.056 1.1590847915055305e-08
28100.056 4.021365310721393e-08
28150.056 2.6512723289577137e-08
28200.056 1.3717114708137505e-08
28250.056 4.0919091481486505e-08
28300.056 5.0529884791881156e-08
28350.056 1.8999584250008284e-08
28400.056 3.2616031398635006e-08
28450.056 4.277496838106003e-08
28500.056 3.404181136025538e-08
28550.056 1.380990549800717e-08
28600.056 4.8868479519512843e-08
28650.056 4.0628406427813924e-08
28700.056 3.775905389120784e-08
28750.056 5.3393878263792446e-08
28800.056 4.148462315572062e-08
