galfind/configs/Brown_Dwarf_templates/sonora_bobcat/m-0.5/17g/sp_t550g17nc_m-0.5_resample.dat
# %ECSV 1.0
# ---
# datatype:
# - {name: wav, unit: Angstrom, datatype: float64}
# - {name: flux_nu, unit: erg / (cm2 Hz s), datatype: float64}
# meta: {C/O: '1.00', Kzz: '1.0000E+05', Teff: '550.', Y: '0.28', '[Fe/H]': '-0.50', f_hole: '1.00', f_rain: '0.00', grav: '18.'}
# schema: astropy-2.0
wav flux_nu
[from data line 499]
28950.056 2.553428263378624e-09
29000.056 1.877448559384412e-09
29050.056 2.6163106293569673e-09
29100.056 1.6189904043381633e-09
29150.056 2.223373173766342e-09
29200.056 2.408169461478033e-09
29250.056 3.939952361523329e-09
29300.056 1.666058037772654e-09
29350.056 4.9509892652276455e-09
29400.056 2.495188987766415e-09
29450.056 2.448824936179219e-09
29500.056 3.75261926990456e-09
29550.056 2.277833506592031e-09
29600.056 3.1756832809014954e-09
29650.056 5.031681581074838e-09
29700.056 2.1726973026459735e-09
29750.056 4.235388295573459e-09
29800.056 4.073718757715291e-09
29850.056 4.695868596293371e-09
29900.056 3.7102789763679684e-09
29950.056 3.774949105989679e-09
30000.056 1.8582005226384189e-10
30050.056 5.704314639962673e-10
30100.056 1.3802482314755877e-09
30150.056 3.2577045385829937e-09
30200.056 2.7440544838716155e-09
30250.056 5.82972970713659e-09
30300.056 7.0307434461644375e-09
30350.056 3.480621389227159e-09
30400.056 7.1384230482960145e-09
30450.056 4.288549723634605e-09
30500.056 4.564276898555437e-09
30550.056 4.0075714156393244e-09
30600.056 7.884517589957742e-09
30650.056 4.8226432360261674e-09
30700.056 3.823934716806776e-09
30750.056 6.372277602252614e-09
30800.056 4.2144590863856465e-09
30850.056 4.76540748797826e-09
30900.056 2.7720615862063486e-09
30950.056 3.4040957415574036e-09
31000.056 3.0874118475652757e-09
31050.056 2.946805943369333e-09
31100.056 1.9024911013089708e-09
31150.056 3.2641161857282717e-09
31200.056 4.579418868056051e-09
31250.056 3.1812899146812394e-09
31300.056 2.2222672537793245e-09
31350.056 3.223978216577382e-09
31400.056 2.366307836412564e-09
31450.056 2.502275466181741e-09
31500.056 1.345744528485854e-09
31550.056 1.8602429548597956e-09
31600.056 1.1708184260057286e-09
31650.056 1.23240569759134e-09
31700.056 1.303538466246624e-09
31750.056 6.953520965024931e-10
31800.056 1.3410913595083367e-09
31850.056 4.3630893522078467e-10
31900.056 7.953346766593106e-10
31950.056 4.810640811923867e-10
32000.056 5.559433000988536e-10
32050.056 7.124748206445601e-10
32100.056 6.470288503013368e-10
32150.056 7.964928601288594e-10
32200.056 4.4576959624128285e-10
32250.056 1.0438889506304641e-09
32300.056 4.377304021944591e-10
32350.056 9.5985554372409e-10
32400.056 3.461953209154528e-10
32450.056 8.438738188744311e-10
32500.056 4.319526159257553e-10
32550.056 6.472713464623916e-10
32600.056 6.125636962278999e-10
32650.056 1.5987403460298452e-09
32700.056 8.274860871788693e-10
32750.056 2.1925405796606116e-09
32800.056 1.6164716397942748e-09
32850.056 2.7621203670345527e-09
32900.056 2.623499433292238e-09
32950.056 3.009632369975651e-09
33000.056 1.8148469854259359e-09
33050.056 2.234720196139977e-09
33100.056 6.47203230279655e-10
33150.056 3.7112437952015705e-12
33200.056 2.4315902677559827e-11
33250.056 1.894180074719401e-11
33300.056 6.63277956160011e-11
33350.056 2.122727912235661e-10
33400.056 5.671714314043898e-10
33450.056 6.847258355849619e-10
33500.056 1.8502741194707543e-09
33550.056 6.878758959239908e-10
33600.056 1.718960369553546e-09
33650.056 1.6018424543299223e-09
33700.056 9.869862538226137e-10
33750.056 2.2806123937673624e-09
33800.056 6.276564878081661e-10
33850.056 1.447505955277819e-09
33900.056 1.326796415524543e-09
33950.056 1.1399092620978635e-09
34000.056 2.1325353347155584e-09
34050.056 5.297536288426778e-10
34100.056 1.8904289280669563e-09
34150.056 1.0591622397556874e-09
34200.056 1.863730377161171e-09
34250.056 1.4086218354051446e-09
34300.056 1.2696179544013912e-09
34350.056 1.5838825385125384e-09
34400.056 8.322138276240662e-10
34450.056 1.8502345372817762e-09
34500.056 1.309103967247605e-09
34550.056 7.171360111259083e-10
34600.056 2.4755376584945547e-09
34650.056 8.839877302709027e-10
34700.056 2.0930530149761352e-09
34750.056 1.5298728858092684e-09
34800.056 1.315106215704103e-09
34850.056 2.4286962776457435e-09
34900.056 1.5274026959245321e-09
34950.056 2.508630920734652e-09
35000.056 4.844961810333658e-09
35050.056 2.0412425190026236e-09
35100.056 4.0942307982949575e-09
35150.056 3.365349054508296e-09
35200.056 3.429300991784008e-09
35250.056 5.473824569214998e-09
35300.056 3.0404909419043205e-09
35350.056 3.5083075133357983e-09
35400.056 3.744158081769354e-09
35450.056 2.552616152120674e-09
35500.056 7.653557367449766e-09
35550.056 5.6330441197024106e-09
35600.056 4.927491637392712e-09
35650.056 5.264196472838055e-09
35700.056 5.129054615839752e-09
35750.056 7.69300694224007e-09
35800.056 9.01264713672992e-09
35850.056 3.94049281740694e-09
35900.056 5.532973568552373e-09
35950.056 6.1229166416414395e-09
36000.056 6.491691726520942e-09
36050.056 5.016791509577253e-09
36100.056 5.016838452906406e-09
36150.056 7.482099953576911e-09
36200.056 8.296712006980803e-09
36250.056 6.602131044622911e-09
36300.056 1.1057693643623646e-08
36350.056 8.101504487148534e-09
36400.056 1.0034561834329318e-08
36450.056 1.163402842744713e-08
36500.056 1.3424230560505524e-08
36550.056 1.3895469330637147e-08
36600.056 1.6615101308593925e-08
36650.056 1.4022638196247219e-08
36700.056 1.5052968333964477e-08
36750.056 1.752549647096337e-08
36800.056 1.842636838001893e-08
36850.056 1.3665845109230188e-08
36900.056 1.9363197140419364e-08
36950.056 1.964276232417726e-08
37000.056 1.5783022648874414e-08
37050.056 1.9726090248647e-08
37100.056 1.926831687351655e-08
37150.056 1.6119323973819017e-08
37200.056 2.2670227445451924e-08
37250.056 1.865817939811725e-08
37300.056 1.5890494277018215e-08
37350.056 2.11704308356511e-08
37400.056 3.0982378284664514e-08
37450.056 1.7498777274468055e-08
37500.056 1.96637585867409e-08
37550.056 2.8325258820365207e-08
37600.056 3.584618896446138e-08
37650.056 1.718191644024897e-08
37700.056 3.1943397111682956e-08
37750.056 2.1151745866192443e-08
37800.056 2.2743030002505663e-08
37850.056 1.3357183933583706e-08
37900.056 1.763752908572627e-08
37950.056 2.750332351745973e-08
38000.056 2.9353759612872104e-08
38050.056 3.2606835821016846e-08
38100.056 3.579365552530537e-08
38150.056 3.933918497280105e-08
38200.056 3.900200516155756e-08
38250.056 3.618012033001217e-08
38300.056 5.234472183518525e-08
38350.056 5.252805952761737e-08
38400.056 2.7309131959454464e-08
38450.056 2.2369052011843774e-08
38500.056 1.4384465234731877e-08
38550.056 3.0421089399812445e-08
38600.056 3.077290577320722e-08
38650.056 3.2098459255951994e-08
38700.056 2.9969825515259396e-08
38750.056 3.228203782412801e-08
38800.056 3.184558756915224e-08
38850.056 3.313633653991978e-08
38900.056 4.486214754089707e-08
38950.056 3.1595838599391776e-08
39000.056 4.197885307962043e-08
39050.056 3.265325726641336e-08
39100.056 4.028020025277006e-08
39150.056 4.501187315917531e-08
39200.056 3.967918936430456e-08
39250.056 5.2561926442328375e-08
39300.056 3.852631352113147e-08
39350.056 6.090463951370354e-08
39400.056 4.134201264085245e-08
39450.056 5.1192663782961386e-08
39500.056 5.349218811731906e-08
39550.056 4.087416069626326e-08
39600.056 5.408536649227626e-08
39650.056 6.071108694468473e-08
39700.056 5.788607743212951e-08
39750.056 4.099940438787622e-08
39800.056 4.727061520200107e-08
39850.056 7.130251554200562e-08
39900.056 7.397896622670531e-08
39950.056 4.888232451064705e-08
40000.056 7.389098897997366e-08
40050.056 6.888099018149578e-08
40100.056 4.2857226540007416e-08
40150.056 6.948264976724153e-08
40200.056 7.193159159441386e-08
40250.056 7.702714639212971e-08
40300.056 7.379134410580206e-08
40350.056 6.37705112758478e-08
40400.056 8.24364146765588e-08
40450.056 5.739410718114255e-08
40500.056 8.740856165358683e-08
40550.056 9.011635644263103e-08
40600.056 7.81452276093097e-08
40650.056 6.417644581638416e-08
40700.056 1.0478600544819135e-07
40750.056 7.661641970098447e-08
40800.056 5.9548655242663655e-08
40850.056 1.1588728911073533e-07
40900.056 1.0049689183976297e-07
40950.056 9.260156442385079e-08
41000.056 8.377876877195014e-08
41050.056 1.2045270555656406e-07
41100.056 1.0271141205960347e-07
41150.056 6.107098481505221e-08
41200.056 1.2124749248420616e-07
41250.056 9.454288251515011e-08
41300.056 9.271165970482323e-08
41350.056 1.240664534399909e-07
41400.056 1.1136533972501447e-07
41450.056 1.314203758769789e-07
41500.056 9.747763931796364e-08
41550.056 9.55730485133449e-08
41600.056 1.0442811515138154e-07
41650.056 1.194765444586026e-07
41700.056 1.2174069531795466e-07
41750.056 1.1301591334497831e-07
41800.056 1.2699114527433489e-07
41850.056 1.0651403379974382e-07
41900.056 1.1185999902642991e-07
41950.056 1.1001457452302167e-07
42000.056 9.230790991305377e-08
42050.056 9.263043568962039e-08
42100.056 1.160094312476123e-07
42150.056 9.973835114120465e-08
42200.056 1.0055080044989996e-07
42250.056 9.624010949514906e-08
42300.056 9.894298559282364e-08
42350.056 1.265947028220125e-07
42400.056 1.2960693070702477e-07
42450.056 1.1714822593304768e-07
42500.056 1.1248046694998134e-07
42550.056 1.0265705616796908e-07
42600.056 1.14441980353348e-07
42650.056 1.600332532039347e-07
42700.056 1.0963011900430613e-07
42750.056 1.1743009985300834e-07
42800.056 1.4773729485102454e-07
42850.056 1.552792383499497e-07
42900.056 1.649419010230458e-07
42950.056 1.3278239264497006e-07
43000.056 1.4734696995503436e-07
43050.056 9.347305218172287e-08
43100.056 1.272784136489751e-07
43150.056 1.1237539403171667e-07
43200.056 1.5353782415500463e-07
43250.056 1.8634756007601527e-07
43300.056 1.8311778939599324e-07
43350.056 1.1470865459896679e-07
43400.056 1.479451199894945e-07
43450.056 1.1332270416081494e-07
43500.056 1.112937277728221e-07
43550.056 1.2170000582412862e-07
43600.056 1.7112791830902246e-07
43650.056 1.2481251988450732e-07
43700.056 1.872452366850422e-07
43750.056 1.6369497590000107e-07
43800.056 1.546313043002849e-07
43850.056 1.3508677467401228e-07
43900.056 1.3398781772828774e-07
43950.056 9.165401321899281e-08
44000.056 8.922903010929418e-08
44050.056 1.792327830450044e-07
44100.056 2.2107629756199893e-07
44150.056 2.0000942944680172e-07
44200.056 1.767921695779958e-07
44250.056 1.1850304143170465e-07
44300.056 1.003578172543189e-07
44350.056 1.1505065426207236e-07
44400.056 1.0808639563328815e-07
44450.056 1.6194600146498063e-07
44500.056 1.571154829570371e-07
44550.056 2.0748306918597738e-07
44600.056 1.8175585657560466e-07
44650.056 1.6378808984963079e-07
44700.056 1.1543085962100099e-07
44750.056 1.6971003709604168e-07
44800.056 1.3180242377861334e-07
44850.056 1.700811684050152e-07
44900.056 1.4095492632001122e-07
44950.056 1.6677838801620955e-07
45000.056 1.7814086303800532e-07
45050.056 1.6872955438498134e-07
45100.056 1.566156608279971e-07
45150.056 1.5799951354146705e-07
45200.056 1.2762063788100477e-07
45250.056 1.4400930357395087e-07
45300.056 1.2183730199102202e-07
45350.056 1.1763210655582402e-07
45400.056 2.2267420053202262e-07
45450.056 1.8912769492601234e-07
45500.056 2.093745236834131e-07
45550.056 2.2074564014692387e-07
45600.056 2.134429674100441e-07
45650.056 1.7293756088059787e-07
45700.056 1.2817274079679768e-07
45750.056 1.266222823441017e-07
45800.056 2.343333390269997e-07
45850.056 2.0733423928699098e-07
45900.056 2.3384182962798943e-07
45950.056 1.968391279949993e-07
46000.056 2.1844730997051895e-07
46050.056 1.7302746212320252e-07
46100.056 2.452827392499737e-07
46150.056 1.6730624353601043e-07
46200.056 1.5279894463498894e-07
46250.056 8.176016160234513e-08
46300.056 1.7280748203119955e-07
46350.056 1.7934495017302398e-07
46400.056 1.572580917620051e-07
46450.056 1.4752331687182388e-07
46500.056 1.7094771369904414e-07
46550.056 1.0948886017920764e-07
46600.056 1.5151076494498223e-07
46650.056 2.1422610802301478e-07
46700.056 1.4863116429196105e-07
46750.056 9.769784910650987e-08
46800.056 6.970564367690832e-08
46850.056 2.1405101968303552e-07
46900.056 1.9330776760399302e-07
46950.056 1.9035786601198605e-07
47000.056 1.8701185069303354e-07
47050.056 1.5050229894742753e-07
47100.056 1.0915669115481681e-07
47150.056 1.4915643896302306e-07
47200.056 1.7793076189999491e-07
47250.056 1.2017612885998966e-07
47300.056 8.332400900451141e-08
47350.056 2.1036618450398873e-07
47400.056 1.7454287444398497e-07
47450.056 1.702803770672602e-07
47500.056 2.0314840081917354e-07
47550.056 1.7970916770701044e-07
47600.056 1.7656372200499478e-07
47650.056 1.763600697080648e-07
47700.056 1.4871500932765095e-07
47750.056 1.1483040293350457e-07
47800.056 1.0741400850100947e-07
47850.056 6.690663551191155e-08
47900.056 9.463330515428375e-08
47950.056 1.5798853255001208e-07
48000.056 2.1178679912003503e-07
48050.056 1.888361510619998e-07
48100.056 9.417875086401096e-08
48150.056 1.5357614540800242e-07
48200.056 1.1645098018440093e-07
48250.056 1.3194835019200454e-07
48300.056 1.946795118699642e-07
48350.056 1.2589103256600426e-07
48400.056 5.243772261371714e-08
48450.056 1.0243103742536845e-07
48500.056 1.438337339929694e-07
48550.056 1.4055974851961246e-07
48600.056 1.5257954986300038e-07
48650.056 1.83126193439982e-07
48700.056 1.3565041063060823e-07
48750.056 9.250634465994863e-08
48800.056 1.7992734461299832e-07
48850.056 1.0994558630668037e-07
48900.056 1.5973303987406638e-07
48950.056 9.867390927700783e-08
49000.056 5.198573630439383e-08
49050.056 1.3461605755898067e-07
49100.056 1.5988285589622876e-07
49150.056 1.227457965706858e-07
49200.056 1.7948739266103533e-07
49250.056 1.7211832976102396e-07
49300.056 1.5171084657279925e-07
49350.056 7.372615049940398e-08
49400.056 1.0388725184207479e-07
49450.056 1.0856990488358312e-07
49500.056 8.622280375889237e-08
49550.056 2.9637952486902915e-08
49600.056 6.808385727598231e-08
49650.056 1.1250459877199546e-07
49700.056 1.1229538971795963e-07
49750.056 1.242560772769885e-07
49800.056 9.26828523958821e-08
49850.056 1.5605035656263607e-07
49900.056 1.2378073836158523e-07
49950.056 1.2401695762200419e-07
50000.056 1.0623566381177494e-07
50050.056 1.285953830980002e-07
50100.056 1.0136761982999786e-07
50150.056 6.001287514968829e-08
50200.056 1.720351529766585e-08
50250.056 7.851867576499192e-08
50300.056 5.376771803168721e-08
50350.056 1.2134452156101357e-07
50400.056 1.131655589241881e-07
50450.056 8.920318012700548e-08
50500.056 1.2511163506901462e-07
50550.056 1.1025660033800965e-07
50600.056 8.489984093597943e-08
50650.056 1.3116159307302207e-07
50700.056 1.3362020418196025e-07
50750.056 9.563815833521352e-08
50800.056 4.4927601525332275e-08
50850.056 3.180745980871427e-08
50900.056 1.1524416705899886e-07
50950.056 9.125489922600227e-08
51000.056 8.492725757596587e-08
51050.056 1.0498943851498965e-07
51100.056 4.7230046953103086e-08
51150.056 6.2378857840533e-08
51200.056 1.3510576420699485e-07
51250.056 8.837097085428497e-08
51300.056 6.935718665733325e-08
51350.056 6.950262274693225e-08
51400.056 3.2634584612812827e-08
51450.056 2.5903986515981846e-08
51500.056 2.6178049774023065e-08
51550.056 8.032860095396884e-08
51600.056 5.840466792891618e-08
51650.056 6.747290327698642e-08
51700.056 7.492755372593809e-08
51750.056 5.178302178710987e-08
51800.056 8.278673015898688e-08
51850.056 7.090035697259282e-08
51900.056 1.0064376207999155e-07
51950.056 6.65484032009919e-08
52000.056 1.2085382911395884e-08
52050.056 4.202852616360602e-08
52100.056 2.8630289107097617e-08
52150.056 1.951538517858975e-08
52200.056 3.623084155500046e-08
52250.056 5.0015948611915804e-08
52300.056 7.259613468699636e-08
52350.056 3.629638119975674e-08
52400.056 3.164708292581312e-08
52450.056 8.161393809100569e-08
52500.056 6.718171960658128e-08
52550.056 6.837804107999155e-08
52600.056 5.2043381658398806e-08
52650.056 6.107366989170758e-08
52700.056 4.846688339669844e-08
52750.056 2.510432320483665e-08
52800.056 3.883586897620411e-08
52850.056 4.3214501990786796e-08
52900.056 2.7757698902579193e-08
52950.056 3.653501185310341e-08
53000.056 5.375457068801306e-08
53050.056 2.4463761179323777e-08
53100.056 5.411294808758774e-08
53150.056 6.290230561540513e-08
53200.056 2.9537701254558557e-08
53250.056 5.998766915310413e-08
53300.056 7.25569810562231e-08
53350.056 5.586882616980253e-08
53400.056 4.0673145635990704e-08
53450.056 1.9385195026394172e-08
53500.056 5.4387984513763866e-09
