galfind/configs/Brown_Dwarf_templates/sonora_bobcat/m-0.5/17g/sp_t1100g17nc_m-0.5_resample.dat
# %ECSV 1.0
# ---
# datatype:
# - {name: wav, unit: Angstrom, datatype: float64}
# - {name: flux_nu, unit: erg / (cm2 Hz s), datatype: float64}
# meta: {C/O: '1.00', Kzz: '1.0000E+05', Teff: '1100.', Y: '0.28', '[Fe/H]': '-0.50', f_hole: '1.00', f_rain: '0.00', grav: '18.'}
# schema: astropy-2.0
wav flux_nu
4000.0559999999996 nan
4050.0559999999996 5.4255727796792035e-12
4100.056 4.702880681595358e-11
4150.056 5.980575202470831e-11
4200.056 4.7875143168378405e-11
4250.056 6.357965213721882e-11
4300.056 6.124947383040986e-11
4350.056 6.528103709630513e-11
4400.056 7.810124252591258e-11
4450.056 7.06900931596023e-11
4500.056 7.356874924500675e-11
4550.056 9.356554111681075e-11
4600.056 1.0124286770719945e-10
4650.056 9.485504858799097e-11
4700.056 1.1216895066300511e-10
4750.056 1.099829904249902e-10
4800.056 6.0152279177002e-11
4850.056 3.971078939699843e-11
4900.056 2.675666972199985e-11
4950.056 1.4167450906999853e-11
5000.056 5.044088208399952e-12
5050.056 1.8753699546999767e-12
5100.056 1.5062830208999747e-12
5150.056 1.3204168003999549e-12
5200.056 1.1220710766400103e-12
5250.056 9.1066519295999e-13
5300.056 7.312130212199961e-13
5350.056 5.921575387699966e-13
5400.056 4.864837905799986e-13
5450.056 3.993262859899983e-13
5500.056 3.247060695799991e-13
5550.056 2.605545278199994e-13
5600.056 2.0689150730999916e-13
5650.056 1.6053144709999974e-13
5700.056 1.2158873986999965e-13
5750.056 8.632133953499949e-14
5800.056 5.585017108499966e-14
5850.056 2.7389261987199654e-14
5900.056 5.328557102990583e-15
5950.056 6.366545026600094e-14
6000.056 1.9568009038000319e-13
6050.056 4.898981736600043e-13
6100.056 1.1004401561900096e-12
6150.056 2.3119403962000213e-12
6200.056 4.559460396500038e-12
6250.056 8.481702688700071e-12
6300.056 1.502139452400012e-11
6350.056 2.5532367113000204e-11
6400.056 4.173584087400032e-11
6450.056 6.568399288000025e-11
6500.056 1.0158682852800077e-10
6550.056 1.5267244692000142e-10
6600.056 2.2523958574000185e-10
6650.056 3.2297910060000024e-10
6700.056 2.755830371184709e-10
6750.056 5.941063097000031e-10
6800.056 8.162535083300012e-10
6850.056 9.116032436099995e-10
6900.056 8.392066053000033e-10
6950.056 7.340703292199937e-10
7000.056 7.266305448300054e-10
7050.056 7.986571949299949e-10
7100.056 8.959967073400011e-10
7150.056 9.351285611099867e-10
7200.056 9.229573573500173e-10
7250.056 8.683765818699634e-10
7300.056 7.648169859699952e-10
7350.056 6.669702869899869e-10
7400.056 5.799512317800081e-10
7450.056 4.791242183200058e-10
7500.056 3.694203913299978e-10
7550.056 2.5993261041999775e-10
7600.056 1.6017492194199787e-10
7650.056 2.2146566112463503e-11
7700.056 7.817927731937548e-12
7750.056 1.144636885610035e-10
7800.056 2.7188176219616595e-10
7850.056 6.387430650000058e-10
7900.056 1.0701161975600007e-09
7950.056 1.3011109343110744e-09
8000.056 2.3836764081000295e-09
8050.056 3.2480635036000467e-09
8100.056 4.186537212619985e-09
8150.056 5.400594688259994e-09
8200.056 6.940899252620337e-09
8250.056 8.9757362816803e-09
8300.056 1.1269920998730833e-08
8350.056 1.379303755072923e-08
8400.056 1.6718602475799256e-08
8450.056 2.0098174358499235e-08
8500.056 2.0942431886314138e-08
8550.056 2.530694888270063e-08
8600.056 2.822222938209905e-08
8650.056 2.7750151226396537e-08
8700.056 2.997993428699843e-08
8750.056 3.489414795300104e-08
8800.056 4.269597885300258e-08
8850.056 4.900629306499634e-08
8900.056 4.922414857409859e-08
8950.056 4.622516013119496e-08
9000.056 6.112050991879267e-08
9050.056 7.240821942670257e-08
9100.056 8.38182844691327e-08
9150.056 8.90168601527051e-08
9200.056 1.0015302746732826e-07
9250.056 9.482695590601864e-08
9300.056 5.97361485196285e-08
9350.056 6.79413273890607e-08
9400.056 8.238034012901875e-08
9450.056 9.790130840469085e-08
9500.056 1.0022429146147837e-07
9550.056 1.1051103549816544e-07
9600.056 1.0229126173826672e-07
9650.056 1.1160323768603619e-07
9700.056 1.2388425781655885e-07
9750.056 1.235945043256907e-07
9800.056 1.3577390146656078e-07
9850.056 1.4880511696600205e-07
9900.056 1.337042776160822e-07
9950.056 1.2138780772598698e-07
10000.056 1.0580069640598582e-07
10050.056 1.372258537690009e-07
10100.056 1.660114694219847e-07
10150.056 1.785402882789643e-07
10200.056 2.021588018929885e-07
10250.056 2.1563123603298165e-07
10300.056 2.2152356213900546e-07
10350.056 2.540466669999984e-07
10400.056 2.864776100899902e-07
10450.056 2.9179199575001525e-07
10500.056 2.691402248600016e-07
10550.056 2.6624076575002677e-07
10600.056 2.8362627393001347e-07
10650.056 3.130264757060161e-07
10700.056 3.3474107357102596e-07
10750.056 3.716901963400199e-07
10800.056 4.0579777894400703e-07
10850.056 4.4034372504795297e-07
10900.056 3.935307910499709e-07
10950.056 2.935876404637212e-07
11000.056 2.7660651350181614e-07
11050.056 2.3874409559706416e-07
11100.056 2.1656644676903012e-07
11150.056 1.8528274685343497e-07
11200.056 1.8057587391072792e-07
11250.056 2.1400800902608141e-07
11300.056 2.117856249697465e-07
11350.056 1.387895888148262e-07
11400.056 1.680898031770486e-07
11450.056 1.7564419849102432e-07
11500.056 1.9084282294970861e-07
11550.056 1.376630292577757e-07
11600.056 1.537418868568282e-07
11650.056 1.7903060786752544e-07
11700.056 1.522380437595675e-07
11750.056 1.0605501406244589e-07
11800.056 1.6416938732085467e-07
11850.056 2.298583492142538e-07
11900.056 2.5263679486054385e-07
11950.056 2.996316546759673e-07
12000.056 3.1163579525859084e-07
12050.056 3.799854009243796e-07
12100.056 4.1080978708998114e-07
12150.056 4.8193697757396e-07
12200.056 5.188498705148701e-07
12250.056 5.820258940518793e-07
12300.056 6.410683961320914e-07
12350.056 6.562401562760237e-07
12400.056 6.499584873199871e-07
12450.056 6.239167242600287e-07
12500.056 6.675086633299746e-07
12550.056 6.957666581100527e-07
12600.056 8.151412774900367e-07
12650.056 8.134552737679734e-07
12700.056 8.732875570101368e-07
12750.056 8.56109268366039e-07
12800.056 8.89376898270045e-07
12850.056 8.162038164276085e-07
12900.056 7.450129612434855e-07
12950.056 7.686483759266378e-07
13000.056 7.557028348508909e-07
13050.056 7.425068388256932e-07
13100.056 7.123805166179729e-07
13150.056 6.458442295204016e-07
13200.056 5.91390372456991e-07
13250.056 4.968796712027075e-07
13300.056 3.129210540920391e-07
13350.056 1.258615312653332e-07
13400.056 9.69793992486248e-08
13450.056 6.667666893007531e-08
13500.056 5.578095513290177e-08
13550.056 4.5421293598862654e-08
13600.056 3.1355343331605404e-08
13650.056 5.0528932525103524e-08
13700.056 4.336145689283763e-08
13750.056 4.158477517634663e-08
13800.056 4.8159038917916476e-08
13850.056 4.363253842022506e-08
13900.056 4.500937888494029e-08
13950.056 4.142567017737116e-08
14000.056 3.942898091707988e-08
14050.056 4.336129198767367e-08
14100.056 3.932573313835925e-08
14150.056 4.7886819394760356e-08
14200.056 4.126006854612949e-08
14250.056 4.296932075244898e-08
14300.056 5.3978527373560014e-08
14350.056 5.397831978925473e-08
14400.056 6.246478381980506e-08
14450.056 6.560326356675882e-08
14500.056 9.15576621399818e-08
14550.056 1.0000556272770806e-07
14600.056 1.1470885744972953e-07
14650.056 1.183618985913405e-07
14700.056 1.0572082780407823e-07
14750.056 1.218881748099837e-07
14800.056 1.4279175764202992e-07
14850.056 1.56560250135942e-07
14900.056 1.6116933644214602e-07
14950.056 1.6981892579363426e-07
15000.056 1.8276331639296245e-07
15050.056 2.0995037502127454e-07
15100.056 2.246097523151616e-07
15150.056 2.4924437984818717e-07
15200.056 2.5151187195629503e-07
15250.056 2.757285102265679e-07
15300.056 3.028800033593666e-07
15350.056 3.2498281450246315e-07
15400.056 3.5698762583862555e-07
15450.056 3.8584302268843833e-07
15500.056 4.000410755039352e-07
15550.056 4.387758119899744e-07
15600.056 4.318475723350308e-07
15650.056 4.6176790976203994e-07
15700.056 5.175251483361905e-07
15750.056 5.472848593679781e-07
15800.056 5.330403463221475e-07
15850.056 5.675682166549699e-07
15900.056 5.541518882600509e-07
15950.056 5.585482549299061e-07
16000.056 5.141543463009885e-07
16050.056 4.4173724266499046e-07
16100.056 3.852701752449804e-07
16150.056 3.159295162615964e-07
16200.056 2.6088676037805013e-07
16250.056 2.421583715093876e-07
16300.056 2.150756211451602e-07
16350.056 2.3245142747007749e-07
16400.056 2.640338679119132e-07
16450.056 2.7781506004186165e-07
16500.056 2.9540451081608074e-07
16550.056 2.873087864083804e-07
16600.056 2.728972751992973e-07
16650.056 2.441990397418564e-07
16700.056 1.30189552234447e-07
16750.056 1.4508550740859884e-07
16800.056 2.1033223344528668e-07
16850.056 2.2107601408876398e-07
16900.056 1.983027556695044e-07
16950.056 1.7130977400050795e-07
17000.056 1.410312240493295e-07
17050.056 1.849708999732256e-07
17100.056 2.0739752876652392e-07
17150.056 1.735226464586812e-07
17200.056 2.100600467674213e-07
17250.056 1.935849342909491e-07
17300.056 1.6512930524079648e-07
17350.056 1.5062470030798095e-07
17400.056 1.6321323697531434e-07
17450.056 1.6892088008193431e-07
17500.056 1.8339505111138661e-07
17550.056 1.7939592021073256e-07
17600.056 1.6421890170016072e-07
17650.056 1.6408703163979293e-07
17700.056 1.3217201485772817e-07
17750.056 1.280919035654552e-07
17800.056 1.5773409748331418e-07
17850.056 1.270409037578295e-07
17900.056 1.1923680820142686e-07
17950.056 1.0991948194072864e-07
18000.056 1.1570144067926814e-07
18050.056 1.1999560484746698e-07
18100.056 1.2374739805097353e-07
18150.056 1.5048920243512263e-07
18200.056 1.0978247795908173e-07
18250.056 1.602974424420958e-07
18300.056 1.4025412536112896e-07
18350.056 1.236465346560373e-07
18400.056 1.2410269288849987e-07
18450.056 1.2423780328184688e-07
18500.056 1.3429417130521343e-07
18550.056 1.2017692059730416e-07
18600.056 1.0451226172703635e-07
18650.056 1.1370438920956938e-07
18700.056 1.205153962968789e-07
18750.056 1.2739982735979558e-07
18800.056 1.5798728943754743e-07
18850.056 1.7870517252677834e-07
18900.056 1.7774739858199668e-07
18950.056 2.0295040230144249e-07
19000.056 1.958145032159287e-07
19050.056 1.7598768909094072e-07
19100.056 2.131113457132066e-07
19150.056 2.0024497713161508e-07
19200.056 2.1029254941575497e-07
19250.056 1.8986557263570751e-07
19300.056 1.947501773679864e-07
19350.056 1.7768209135710062e-07
19400.056 1.4677287357041224e-07
19450.056 1.9540683496858112e-07
19500.056 1.9063641542955678e-07
19550.056 1.5435662616084214e-07
19600.056 1.9277170654630996e-07
19650.056 2.0034226758501715e-07
19700.056 2.0568694352313354e-07
19750.056 1.9880304337429402e-07
19800.056 2.1165910344908787e-07
19850.056 2.3520743634312864e-07
19900.056 2.0147477594064128e-07
19950.056 2.5705569326782853e-07
20000.056 2.32160661715611e-07
20050.056 2.5419028836174635e-07
20100.056 2.728070936645597e-07
20150.056 2.7189964913202733e-07
20200.056 2.8883387468369286e-07
20250.056 3.131781281343651e-07
20300.056 3.074216053164107e-07
20350.056 3.3255675669511096e-07
20400.056 3.2925788331878955e-07
20450.056 3.5419080307790726e-07
20500.056 3.6277265515696337e-07
20550.056 3.631287164419735e-07
20600.056 3.905215000191168e-07
20650.056 3.8441235045514727e-07
20700.056 3.936896581720895e-07
20750.056 4.0300948218796496e-07
20800.056 4.085753846560189e-07
20850.056 3.994034006279731e-07
20900.056 4.086644515558988e-07
20950.056 4.0160655190195387e-07
21000.056 3.979045117900519e-07
21050.056 3.939433218489932e-07
21100.056 3.8105766210402913e-07
21150.056 3.866472808989459e-07
21200.056 3.6600440066599326e-07
21250.056 3.575156731990334e-07
21300.056 3.2744386739591614e-07
21350.056 3.3056153836458737e-07
21400.056 3.1444509923170975e-07
21450.056 3.0393844616947873e-07
21500.056 2.8604942517251634e-07
21550.056 2.6961737320963764e-07
21600.056 2.485569397927837e-07
21650.056 2.283880866826106e-07
21700.056 2.2750366825999127e-07
21750.056 2.0379442658382483e-07
21800.056 1.8161068750794864e-07
21850.056 1.666596048664021e-07
21900.056 1.3398568830924715e-07
21950.056 9.627632735534602e-08
22000.056 5.315468037560242e-08
22050.056 3.6579855269848356e-08
22100.056 4.759076002414509e-08
22150.056 6.58022850538843e-08
22200.056 7.51343248135968e-08
22250.056 6.941384032766123e-08
22300.056 6.07054635011846e-08
22350.056 5.749467171679358e-08
22400.056 4.700651814721576e-08
22450.056 4.11008422671086e-08
22500.056 3.9476847147571395e-08
22550.056 3.4240474930410364e-08
22600.056 3.544589251290757e-08
22650.056 3.5989903929139145e-08
22700.056 3.2660451020107825e-08
22750.056 3.383298861026616e-08
22800.056 3.029156076568263e-08
22850.056 2.730540185317611e-08
22900.056 2.478131841972547e-08
22950.056 2.35571400996913e-08
23000.056 2.8531935586897687e-08
23050.056 3.645649002894779e-08
23100.056 5.241722234911096e-08
23150.056 5.838606053450041e-08
23200.056 2.4114604603298837e-08
23250.056 2.5021389627306064e-08
23300.056 2.210905738284142e-08
23350.056 2.185379736999705e-08
23400.056 2.359879556200782e-08
23450.056 2.4059570300697368e-08
23500.056 2.6198685263175616e-08
23550.056 3.1646691890606734e-08
23600.056 3.511432577629572e-08
23650.056 4.314314720349492e-08
23700.056 3.2259628982701294e-08
23750.056 2.6485333978000476e-08
23800.056 2.4962802928601995e-08
23850.056 2.9190570345500916e-08
23900.056 4.055705609780525e-08
23950.056 4.6340182501115e-08
24000.056 4.8725152465094075e-08
24050.056 5.9339863284885344e-08
24100.056 5.6117392580975754e-08
24150.056 6.199326117021764e-08
24200.056 6.262631310236807e-08
24250.056 5.5568874484493064e-08
24300.056 6.33534952885225e-08
24350.056 5.574914776747771e-08
24400.056 6.85707445155355e-08
24450.056 6.83987695523475e-08
24500.056 7.026312623526057e-08
24550.056 8.053990100393312e-08
24600.056 8.23576220675956e-08
24650.056 9.648988352610779e-08
24700.056 8.309306123075955e-08
24750.056 9.120330983913218e-08
24800.056 9.500480301940695e-08
24850.056 1.1317454982463023e-07
24900.056 8.982833958037145e-08
24950.056 1.2313447072811882e-07
25000.056 1.1676751950463894e-07
25050.056 9.76443343190102e-08
25100.056 1.2165153262039012e-07
25150.056 9.766220874077455e-08
25200.056 1.1858029126332749e-07
25250.056 1.029487725118161e-07
25300.056 1.2801290135460612e-07
25350.056 9.478657508060428e-08
25400.056 1.3207280756743466e-07
25450.056 9.96579581185722e-08
25500.056 1.008467923231169e-07
25550.056 1.0163339126447122e-07
25600.056 9.40953443376935e-08
25650.056 8.291820941109111e-08
25700.056 1.1795331991935581e-07
25750.056 7.321999464243092e-08
25800.056 1.1271686183561554e-07
25850.056 8.178538786208475e-08
25900.056 9.778760653604496e-08
25950.056 7.673211493713183e-08
26000.056 1.2639518803634352e-07
26050.056 1.0910358983874076e-07
26100.056 1.235050758791791e-07
26150.056 1.0923112286201495e-07
26200.056 1.1859866558880665e-07
26250.056 1.4071373240774187e-07
26300.056 1.2475126756193038e-07
26350.056 1.6258736892054562e-07
26400.056 1.6524337513407555e-07
26450.056 1.7730945601155104e-07
26500.056 1.8596102613642622e-07
26550.056 1.4748816144450556e-07
26600.056 1.9355899147378284e-07
26650.056 1.2296235019019435e-07
26700.056 1.2642102805023044e-07
26750.056 9.518139648387525e-08
26800.056 1.3441223489085923e-07
26850.056 8.854203056760155e-08
26900.056 1.5125217893653118e-07
26950.056 9.224580594295919e-08
27000.056 1.6295452389566077e-07
27050.056 1.3213052937792185e-07
27100.056 1.2406748001817258e-07
27150.056 1.6829351557762475e-07
27200.056 1.3655348906584997e-07
27250.056 1.4133827143506942e-07
27300.056 2.1333363830781784e-07
27350.056 1.8629836122565072e-07
27400.056 1.0816731269578179e-07
27450.056 2.292177785385167e-07
27500.056 2.1142515530263887e-07
27550.056 1.4917161753333995e-07
27600.056 2.246755380152693e-07
27650.056 1.3576209611508472e-07
27700.056 1.2092746645942168e-07
27750.056 2.2242407680425965e-07
27800.056 1.2841093519977418e-07
27850.056 1.5153368857978412e-07
27900.056 1.626400851106393e-07
27950.056 2.2411024225890437e-07
28000.056 1.988009304190497e-07
28050.056 1.0870335905203078e-07
28100.056 2.3776303697273836e-07
28150.056 1.6705273261813448e-07
28200.056 1.1493285974081875e-07
28250.056 2.1529737197171577e-07
28300.056 2.636044070603168e-07
28350.056 1.4335654262274292e-07
28400.056 1.82247544630465e-07
28450.056 2.1606535466050016e-07
28500.056 1.9800214946612714e-07
28550.056 1.0676088046115035e-07
28600.056 2.4754780394623807e-07
28650.056 2.1978663762358932e-07
28700.056 1.9906116079495292e-07
28750.056 2.447316236183218e-07
28800.056 2.1500813910416297e-07
