galfind/configs/Brown_Dwarf_templates/sonora_bobcat/m-0.5/17g/sp_t2000g17nc_m-0.5_resample.dat
# %ECSV 1.0
# ---
# datatype:
# - {name: wav, unit: Angstrom, datatype: float64}
# - {name: flux_nu, unit: erg / (cm2 Hz s), datatype: float64}
# meta: {C/O: '1.00', Kzz: '1.0000E+05', Teff: '2000.', Y: '0.28', '[Fe/H]': '-0.50', f_hole: '1.00', f_rain: '0.00', grav: '18.'}
# schema: astropy-2.0
wav flux_nu
[from data line 498]
28900.056 1.5635733218601582e-06
28950.056 2.1081691471197243e-06
29000.056 1.7066337148794076e-06
29050.056 1.7593756409797539e-06
29100.056 1.4888806293501083e-06
29150.056 1.8720407028402769e-06
29200.056 1.695325912490408e-06
29250.056 1.8919231816900877e-06
29300.056 1.6132565379790713e-06
29350.056 2.1033186031396305e-06
29400.056 1.7374866895298329e-06
29450.056 1.7531563444699108e-06
29500.056 1.8666518335997935e-06
29550.056 1.7863593323301714e-06
29600.056 1.895057625279903e-06
29650.056 1.8671389118099116e-06
29700.056 1.6372653725698136e-06
29750.056 2.074657136370998e-06
29800.056 2.022086743649934e-06
29850.056 1.960873012139762e-06
29900.056 1.7669939888504588e-06
29950.056 2.0938410433296103e-06
30000.056 2.0712125128493757e-06
30050.056 1.9434586848998956e-06
30100.056 1.585762383499555e-06
30150.056 2.4059973633498015e-06
30200.056 2.140885274140203e-06
30250.056 2.0615877780906035e-06
30300.056 2.0917946660998033e-06
30350.056 1.966555119600353e-06
30400.056 2.3717483919204423e-06
30450.056 1.9056931069502092e-06
30500.056 1.8206568511502955e-06
30550.056 2.4622428379205454e-06
30600.056 2.345611420010308e-06
30650.056 2.3487722122501037e-06
30700.056 2.1921705950099557e-06
30750.056 2.0984551515000793e-06
30800.056 2.5233790085306733e-06
30850.056 2.1855496168499485e-06
30900.056 2.213616958219815e-06
30950.056 2.133083714180282e-06
31000.056 2.4590188750799252e-06
31050.056 2.0889280787000067e-06
31100.056 2.3385103571299077e-06
31150.056 2.4303241431597007e-06
31200.056 2.4293904636997117e-06
31250.056 2.640227672080518e-06
31300.056 2.344569376239797e-06
31350.056 2.3694389316999957e-06
31400.056 2.4032347932105042e-06
31450.056 2.443702152720118e-06
31500.056 2.4863856159404463e-06
31550.056 2.3055870391699852e-06
31600.056 2.440048429019837e-06
31650.056 2.5628689727699743e-06
31700.056 2.5857420597598934e-06
31750.056 2.267121956800212e-06
31800.056 2.6440664449002224e-06
31850.056 2.8550500411300826e-06
31900.056 2.7961912009897964e-06
31950.056 2.2143725970697624e-06
32000.056 2.4271773494806024e-06
32050.056 2.8154636381702765e-06
32100.056 2.8200205336096235e-06
32150.056 2.803144627920101e-06
32200.056 2.708367447189944e-06
32250.056 2.5551505599301985e-06
32300.056 2.7954809317501355e-06
32350.056 2.965451936900414e-06
32400.056 2.676972855839997e-06
32450.056 2.603104848980259e-06
32500.056 2.8523410777002655e-06
32550.056 3.1430909093801297e-06
32600.056 3.089687840779805e-06
32650.056 2.984930496790952e-06
32700.056 2.8556413376401665e-06
32750.056 2.983528495600048e-06
32800.056 2.7340636615402664e-06
32850.056 3.238178004199726e-06
32900.056 3.1121644310399997e-06
32950.056 2.6731358943098144e-06
33000.056 2.9188964416002997e-06
33050.056 3.006591195059633e-06
33100.056 3.111519068259112e-06
33150.056 3.024575892290183e-06
33200.056 2.7534682279405446e-06
33250.056 3.020443598840046e-06
33300.056 3.245060211020291e-06
33350.056 3.0445342369401997e-06
33400.056 2.814307285339657e-06
33450.056 3.0832106657490672e-06
33500.056 3.1315853465002892e-06
33550.056 3.043794701599567e-06
33600.056 3.1245315060406856e-06
33650.056 3.2458441128207472e-06
33700.056 3.363302168259522e-06
33750.056 3.339727605100113e-06
33800.056 3.231959487960033e-06
33850.056 3.128673615120113e-06
33900.056 3.5390218181995056e-06
33950.056 3.1284362654796004e-06
34000.056 3.1831071705492437e-06
34050.056 3.2402500135299927e-06
34100.056 3.4742430408604533e-06
34150.056 3.3796189551995915e-06
34200.056 3.19677769395945e-06
34250.056 3.5738059878995395e-06
34300.056 3.307263786449528e-06
34350.056 3.4360721959996565e-06
34400.056 3.1890439899295726e-06
34450.056 3.2142106446800143e-06
34500.056 3.3536915943006814e-06
34550.056 3.231513035249784e-06
34600.056 3.3854990599200545e-06
34650.056 3.4099314891999887e-06
34700.056 3.2847233622993625e-06
34750.056 3.518064859340274e-06
34800.056 3.6434188762995663e-06
34850.056 3.2644512219400895e-06
34900.056 3.498744502230282e-06
34950.056 3.400789825159239e-06
35000.056 3.2946078679795454e-06
35050.056 3.702902574400581e-06
35100.056 3.5087720046992315e-06
35150.056 3.5091589119797913e-06
35200.056 3.5787832637997087e-06
35250.056 3.1906409210302193e-06
35300.056 3.519775640560306e-06
35350.056 3.6931496043997345e-06
35400.056 3.4523691124997375e-06
35450.056 3.3596707327604055e-06
35500.056 3.641166709799863e-06
35550.056 3.465374735399883e-06
35600.056 3.3391290953994282e-06
35650.056 3.7701933904004673e-06
35700.056 3.3717112511004006e-06
35750.056 3.5095804231197023e-06
35800.056 3.6214975566996636e-06
35850.056 3.6670462023997486e-06
35900.056 3.8339930133995455e-06
35950.056 3.6643105516997852e-06
36000.056 3.3448597609996023e-06
36050.056 3.819094804200289e-06
36100.056 3.923310654599728e-06
36150.056 3.5296844968003974e-06
36200.056 3.829092587299543e-06
36250.056 3.5290456389993267e-06
36300.056 4.070557331060752e-06
36350.056 3.869356002399433e-06
36400.056 3.7259466557999143e-06
36450.056 4.037830639199658e-06
36500.056 3.7597546173002863e-06
36550.056 3.6494044163005464e-06
36600.056 3.733341108700343e-06
36650.056 3.862743164000435e-06
36700.056 4.066892995100156e-06
36750.056 3.7538911104004144e-06
36800.056 3.860090615099598e-06
36850.056 3.8908654402002414e-06
36900.056 3.967945622800634e-06
36950.056 3.951846390500007e-06
37000.056 4.023804869500123e-06
37050.056 4.091046836799918e-06
37100.056 3.956009661100394e-06
37150.056 3.925693191599192e-06
37200.056 4.107451285300074e-06
37250.056 4.1221798311002916e-06
37300.056 4.140244449000778e-06
37350.056 3.898347047700529e-06
37400.056 4.09373053769968e-06
37450.056 4.069316982000329e-06
37500.056 4.16268910939975e-06
37550.056 4.056448273799277e-06
37600.056 4.268161307399462e-06
37650.056 3.956496014899623e-06
37700.056 4.033121438700114e-06
37750.056 4.273737375499395e-06
37800.056 4.353154378299887e-06
37850.056 4.1567239823998e-06
37900.056 4.254041392800336e-06
37950.056 4.296421210300203e-06
38000.056 4.182605338500566e-06
38050.056 4.229139990800296e-06
38100.056 4.075830542000214e-06
38150.056 4.3754849929994265e-06
38200.056 4.4628606937994235e-06
38250.056 4.126751148600576e-06
38300.056 4.073655111799941e-06
38350.056 4.247136906499895e-06
38400.056 4.317063048399782e-06
38450.056 4.349333945600396e-06
38500.056 4.2417929144997885e-06
38550.056 4.246582573800268e-06
38600.056 4.607785271999792e-06
38650.056 4.07589351230017e-06
38700.056 4.1621239025006795e-06
38750.056 4.360026225199968e-06
38800.056 4.280487403600578e-06
38850.056 4.273688692200287e-06
38900.056 4.136762602599862e-06
38950.056 4.361841078599636e-06
39000.056 4.251297344100147e-06
39050.056 4.316627049199916e-06
39100.056 4.090278484899978e-06
39150.056 4.223279692300199e-06
39200.056 4.357968102400181e-06
39250.056 4.326194909599361e-06
39300.056 4.321086519699233e-06
39350.056 4.2892794311004625e-06
39400.056 4.220383735000122e-06
39450.056 4.2401234251997685e-06
39500.056 4.192510386199777e-06
39550.056 4.1131934995992064e-06
39600.056 4.461888595500229e-06
39650.056 4.049689147800081e-06
39700.056 4.2184714683998815e-06
39750.056 4.199690327599539e-06
39800.056 3.997945394800274e-06
39850.056 4.115549861099738e-06
39900.056 4.037006615299805e-06
39950.056 4.23743939229985e-06
40000.056 3.92943398869976e-06
40050.056 3.6567826361999044e-06
40100.056 3.94450930259974e-06
40150.056 3.7068084868991643e-06
40200.056 3.877002417899671e-06
40250.056 3.869747791998923e-06
40300.056 3.5464562345004145e-06
40350.056 3.7808513721001586e-06
40400.056 3.8438876462998785e-06
40450.056 3.491392664900786e-06
40500.056 3.30961230830006e-06
40550.056 3.864125186999755e-06
40600.056 3.4741687536003064e-06
40650.056 3.612503015400739e-06
40700.056 3.7761897878002745e-06
40750.056 3.3337476619990003e-06
40800.056 3.3038102186005367e-06
40850.056 3.105811864000694e-06
40900.056 3.096657081200633e-06
40950.056 3.3445148170999734e-06
41000.056 3.4617823772003364e-06
41050.056 3.3631658339992815e-06
41100.056 3.175443235200468e-06
41150.056 3.45726330280016e-06
41200.056 3.212795820300094e-06
41250.056 3.2767943148002475e-06
41300.056 2.8672729871996753e-06
41350.056 3.3925898310001567e-06
41400.056 3.2053061369000367e-06
41450.056 3.0583545221998653e-06
41500.056 3.3263617228001004e-06
41550.056 3.270298547400056e-06
41600.056 3.4036531102999844e-06
41650.056 2.992017779000507e-06
41700.056 2.8888240553196074e-06
41750.056 3.134995930700081e-06
41800.056 2.9967223613397218e-06
41850.056 2.7953407927903918e-06
41900.056 3.203531411019525e-06
41950.056 2.9094663873004405e-06
42000.056 3.0884310811002713e-06
42050.056 2.8189672710189617e-06
42100.056 3.17143537180035e-06
42150.056 2.6455985386893795e-06
42200.056 2.714391388890173e-06
42250.056 2.9619366459798014e-06
42300.056 2.7328907785700666e-06
42350.056 3.053154240080596e-06
42400.056 2.7411366917002338e-06
42450.056 2.3786713443201234e-06
42500.056 2.5031972036002445e-06
42550.056 2.7914341168397867e-06
42600.056 2.6648586465004455e-06
42650.056 2.585206764549014e-06
42700.056 2.726594627850662e-06
42750.056 2.561889992900131e-06
42800.056 2.6013024373302148e-06
42850.056 2.831802576599648e-06
42900.056 2.7115956897602366e-06
42950.056 2.386619919008975e-06
43000.056 2.5913789385799142e-06
43050.056 2.4698539494511433e-06
43100.056 2.5941232787695724e-06
43150.056 2.6847324681606935e-06
43200.056 2.5268911332000144e-06
43250.056 2.565564509150423e-06
43300.056 2.59102145260012e-06
43350.056 2.400294623509568e-06
43400.056 2.3839062800596693e-06
43450.056 2.4130022901407736e-06
43500.056 2.350990603399495e-06
43550.056 2.4228540209299717e-06
43600.056 2.551389467920034e-06
43650.056 2.2743925528003333e-06
43700.056 2.210328106600066e-06
43750.056 2.2745814185401156e-06
43800.056 2.206876804809964e-06
43850.056 2.242510315800512e-06
43900.056 2.2703233851399516e-06
43950.056 2.1454743447302264e-06
44000.056 1.96744465990008e-06
44050.056 1.9632375569000775e-06
44100.056 2.119212853610458e-06
44150.056 2.225954800659708e-06
44200.056 2.054761396490173e-06
44250.056 1.957402438609882e-06
44300.056 1.8834958220904453e-06
44350.056 1.9087455223201837e-06
44400.056 1.9528259328099543e-06
44450.056 2.050880954720073e-06
44500.056 2.049892912580442e-06
44550.056 1.823431011179556e-06
44600.056 1.8558650218702378e-06
44650.056 2.0163909993800636e-06
44700.056 1.7963727263702405e-06
44750.056 1.964766150189705e-06
44800.056 1.9310072986699296e-06
44850.056 1.943227471970061e-06
44900.056 1.8004484120102917e-06
44950.056 1.6895202870600035e-06
45000.056 1.8624155524999225e-06
45050.056 1.8609966522197229e-06
45100.056 1.913894426119864e-06
45150.056 1.811068913380046e-06
45200.056 1.6475097016298993e-06
45250.056 1.7157143394197236e-06
45300.056 1.8103350707101372e-06
45350.056 1.8959085617797723e-06
45400.056 1.8020938670402524e-06
45450.056 1.6342465434597542e-06
45500.056 1.6712293714199347e-06
45550.056 1.8898075890097803e-06
45600.056 1.7478287740499404e-06
45650.056 1.5591329796395975e-06
45700.056 1.802637864790209e-06
45750.056 1.6833035889398946e-06
45800.056 1.6603566000399553e-06
45850.056 1.9337032553400162e-06
45900.056 1.9244747622600947e-06
45950.056 1.6729048314599405e-06
46000.056 1.9838388813699707e-06
46050.056 1.948543902800435e-06
46100.056 1.6536906583601185e-06
46150.056 1.720255275009954e-06
46200.056 1.926151141860445e-06
46250.056 1.5759475881699191e-06
46300.056 2.0176777274198962e-06
46350.056 1.6306801147498234e-06
46400.056 1.7483669548997583e-06
46450.056 1.733467267140417e-06
46500.056 1.6417038796798999e-06
46550.056 1.9251566238899365e-06
46600.056 1.768017529839917e-06
46650.056 2.2049977571799618e-06
46700.056 2.051299546760567e-06
46750.056 1.6884988914998607e-06
46800.056 1.8752200156903288e-06
46850.056 1.9543476421801155e-06
46900.056 1.8714633414996132e-06
46950.056 2.047290139240157e-06
47000.056 1.844258574149959e-06
47050.056 1.9787732346996917e-06
47100.056 1.7272151132701142e-06
47150.056 1.8656327422503888e-06
47200.056 1.8786291839805694e-06
47250.056 1.774187632239519e-06
47300.056 1.8420150626794876e-06
47350.056 1.5691027459996336e-06
47400.056 1.918028269059491e-06
47450.056 1.8771197570098457e-06
47500.056 1.8381844255095187e-06
47550.056 1.7710507900996541e-06
47600.056 1.9724933258598973e-06
47650.056 1.4402532075795787e-06
47700.056 1.9743640066300775e-06
47750.056 1.3961604980604277e-06
47800.056 1.9527222492098004e-06
47850.056 1.521358049359534e-06
47900.056 1.9971906412801332e-06
47950.056 1.4657430088503717e-06
48000.056 2.159191092300016e-06
48050.056 1.6051676390003478e-06
48100.056 1.7532075824399815e-06
48150.056 1.600900742300217e-06
48200.056 1.9880996945004525e-06
48250.056 1.6392821364597713e-06
48300.056 2.128375378509731e-06
48350.056 1.456940816419738e-06
48400.056 1.957548258249974e-06
48450.056 1.6506621911401402e-06
48500.056 2.12195139470004e-06
48550.056 1.5084794462000629e-06
48600.056 1.965402747219802e-06
48650.056 1.517863311989979e-06
48700.056 1.8655639881000672e-06
48750.056 1.3841318919002569e-06
48800.056 2.142176958790135e-06
48850.056 1.5328590142997018e-06
48900.056 1.936456465600102e-06
48950.056 1.7896869936201538e-06
49000.056 1.7560064370998577e-06
49050.056 1.8117831307598605e-06
49100.056 1.7178841769601545e-06
49150.056 1.761045130470085e-06
49200.056 1.7952120615899375e-06
49250.056 1.746472461050086e-06
49300.056 1.5804310496797374e-06
49350.056 1.6204408595199936e-06
49400.056 1.938607582800241e-06
49450.056 1.6593567846704142e-06
49500.056 1.735736563510226e-06
49550.056 1.5470340561399886e-06
49600.056 1.6578050273103768e-06
49650.056 1.7038747105802183e-06
49700.056 1.471426259029874e-06
49750.056 2.141435002439607e-06
49800.056 1.7030717874100598e-06
49850.056 2.0286067636000267e-06
49900.056 1.666381929040134e-06
49950.056 1.7719334868994267e-06
50000.056 1.7017407830995757e-06
50050.056 1.7542834838101415e-06
50100.056 1.8249645926698353e-06
50150.056 1.6224385462199914e-06
50200.056 1.479753051590155e-06
50250.056 1.6452234317201363e-06
50300.056 1.5839057674797697e-06
50350.056 1.7868276958200013e-06
50400.056 1.6604228176900552e-06
50450.056 1.601992354010211e-06
50500.056 2.073062696830335e-06
50550.056 1.686889006669862e-06
50600.056 1.7886439367801278e-06
50650.056 1.6999247066304488e-06
50700.056 1.8513480594793899e-06
50750.056 1.8202617364402406e-06
50800.056 1.4703256820999e-06
50850.056 1.7011931579502816e-06
50900.056 1.7304691696899558e-06
50950.056 1.8332821257202873e-06
51000.056 2.0421681220102185e-06
51050.056 1.5843461201702841e-06
51100.056 1.5790782043798978e-06
51150.056 1.7952024641599976e-06
51200.056 1.6870937262998842e-06
51250.056 1.8663685017100055e-06
51300.056 1.604788293350525e-06
51350.056 1.7870369399597365e-06
51400.056 1.6925286662695012e-06
51450.056 1.2604954392798086e-06
51500.056 1.745690708469941e-06
51550.056 2.0770727281802035e-06
51600.056 1.4306926275299713e-06
51650.056 1.713173848719712e-06
51700.056 1.5483675467094958e-06
51750.056 1.5500986282001154e-06
51800.056 1.7841926736497825e-06
51850.056 1.809787430099872e-06
51900.056 1.8772566297002944e-06
51950.056 1.6853751508698101e-06
52000.056 1.5259337575599617e-06
52050.056 1.762749073879859e-06
52100.056 1.6873498956396297e-06
52150.056 1.7010696691702389e-06
52200.056 1.6297396533401028e-06
52250.056 1.6451609708999768e-06
52300.056 1.7190166044099818e-06
52350.056 1.945106057320218e-06
52400.056 1.4587095639400852e-06
52450.056 1.6645341232299486e-06
52500.056 1.7975438392295165e-06
52550.056 1.6581873636695146e-06
52600.056 1.7497079169601776e-06
52650.056 1.9686701757603635e-06
52700.056 1.6952747988300499e-06
52750.056 1.3827259344798363e-06
52800.056 1.5701918138901724e-06
52850.056 1.4837237838598692e-06
52900.056 1.6611904289801769e-06
52950.056 1.628109722739685e-06
53000.056 1.8094371586097857e-06
53050.056 1.68948139228971e-06
53100.056 1.5171050973696325e-06
53150.056 1.8631680259604004e-06
53200.056 1.3600502152002911e-06
53250.056 1.9116235899499046e-06
53300.056 1.83074562673072e-06
53350.056 1.8269075917398106e-06
