galfind/configs/Brown_Dwarf_templates/sonora_bobcat/m-0.5/17g/sp_t500g17nc_m-0.5_resample.dat
# %ECSV 1.0
# ---
# datatype:
# - {name: wav, unit: Angstrom, datatype: float64}
# - {name: flux_nu, unit: erg / (cm2 Hz s), datatype: float64}
# meta: {C/O: '1.00', Kzz: '1.0000E+05', Teff: '500.', Y: '0.28', '[Fe/H]': '-0.50', f_hole: '1.00', f_rain: '0.00', grav: '18.'}
# schema: astropy-2.0
wav flux_nu
4000.0559999999996 nan
4050.0559999999996 3.195557628471457e-17
4100.056 9.212237119000258e-15
4150.056 8.165457975200034e-14
4200.056 8.024397532947114e-14
4250.056 5.301809393299987e-13
4300.056 1.0513088212900227e-12
4350.056 1.6185214407100168e-12
4400.056 2.4118060564000197e-12
4450.056 3.5162420219000267e-12
4500.056 4.36141766930008e-12
4550.056 4.439362930435506e-12
4600.056 2.0632461395039972e-12
4650.056 1.3039065210899983e-12
4700.056 5.937693108599938e-13
4750.056 1.2357748157099757e-13
4800.056 2.0166992111799683e-14
4850.056 3.5233591077999473e-15
4900.056 1.226391675649991e-15
4950.056 6.878560801799962e-16
5000.056 4.3496521659999714e-16
5050.056 3.3564664468000375e-16
5100.056 3.6143132494000205e-16
5150.056 4.037637150300001e-16
5200.056 4.519513755399997e-16
5250.056 5.121699113199999e-16
5300.056 5.808255430100003e-16
5350.056 6.603938963000011e-16
5400.056 7.540733842299998e-16
5450.056 8.484298240299996e-16
5500.056 9.42079410490003e-16
5550.056 1.0328136609600018e-15
5600.056 1.1184042987e-15
5650.056 1.1896739471000001e-15
5700.056 1.2216384925000011e-15
5750.056 1.1854990385999993e-15
5800.056 1.0317595563799963e-15
5850.056 6.699411754099891e-16
5900.056 1.8687131782854588e-16
5950.056 1.4342128820300406e-15
6000.056 3.3902390774000022e-15
6050.056 6.284947663100077e-15
6100.056 1.0433316723100072e-14
6150.056 1.6311648490000098e-14
6200.056 2.4514723246000117e-14
6250.056 3.564561155800008e-14
6300.056 5.049242222800023e-14
6350.056 7.027987406500041e-14
6400.056 9.651223491900025e-14
6450.056 1.2674819305399722e-13
6500.056 1.713743487619991e-13
6550.056 2.3168569044599823e-13
6600.056 3.1204582461001037e-13
6650.056 4.186592336100027e-13
6700.056 5.344534047380065e-13
6750.056 7.283714776900032e-13
6800.056 9.15949621100007e-13
6850.056 1.0679866303100032e-12
6900.056 1.0823703836300306e-12
6950.056 1.041590510221989e-12
7000.056 1.1491320351900112e-12
7050.056 1.2636579458799744e-12
7100.056 1.4218687639599766e-12
7150.056 1.3557706783192668e-12
7200.056 1.333324388050039e-12
7250.056 1.4341705023998293e-12
7300.056 1.4604735700200722e-12
7350.056 1.54516302666045e-12
7400.056 1.6041694029400746e-12
7450.056 1.6248305336100614e-12
7500.056 1.5645854376599963e-12
7550.056 1.4075000333999943e-12
7600.056 1.1771681836699925e-12
7650.056 3.3863144599168386e-13
7700.056 2.225904237636098e-13
7750.056 1.2018024852500205e-12
7800.056 2.076909412322017e-12
7850.056 3.579912239899996e-12
7900.056 5.080281646599923e-12
7950.056 6.01647775534606e-12
8000.056 9.065874396400102e-12
8050.056 1.1470307030800357e-11
8100.056 1.2324488748934821e-11
8150.056 1.3739760288364628e-11
8200.056 1.9498437288843537e-11
8250.056 2.261916857025321e-11
8300.056 2.8058467197826924e-11
8350.056 3.195902189319195e-11
8400.056 3.8705348835948434e-11
8450.056 5.0278662208298873e-11
8500.056 5.784219591659673e-11
8550.056 7.605367997200118e-11
8600.056 9.624644283800111e-11
8650.056 1.1603287299200188e-10
8700.056 1.3339605652000197e-10
8750.056 1.5814628498000098e-10
8800.056 1.7869382976000247e-10
8850.056 1.7409466558999333e-10
8900.056 7.527980336647305e-11
8950.056 8.585170765200386e-11
9000.056 7.946958165649526e-11
9050.056 2.0757809533923177e-10
9100.056 2.6630238663380287e-10
9150.056 3.173266084750887e-10
9200.056 4.760435894137345e-10
9250.056 4.765067058710991e-10
9300.056 1.179844008593593e-10
9350.056 1.476077796592259e-10
9400.056 2.851225616482529e-10
9450.056 3.533015679139673e-10
9500.056 3.1136336963052584e-10
9550.056 3.693162156769565e-10
9600.056 3.6037689307796827e-10
9650.056 4.933979936612717e-10
9700.056 7.884103145942663e-10
9750.056 7.874375699016764e-10
9800.056 8.876845621818312e-10
9850.056 1.0116643462759437e-09
9900.056 1.3221290063249614e-09
9950.056 1.3221840406385397e-09
10000.056 1.3097191341098692e-09
10050.056 1.7636032879100752e-09
10100.056 2.1693583024598626e-09
10150.056 2.264248520139986e-09
10200.056 2.2986411358802137e-09
10250.056 2.8257448512696235e-09
10300.056 3.6228384463870813e-09
10350.056 3.583541792793913e-09
10400.056 5.095715321820424e-09
10450.056 6.269157235728482e-09
10500.056 7.344711770759882e-09
10550.056 8.590970546500254e-09
10600.056 9.136447236799715e-09
10650.056 9.464817306700271e-09
10700.056 9.01427044536017e-09
10750.056 9.093137662826229e-09
10800.056 8.642502462038159e-09
10850.056 7.639000001636108e-09
10900.056 5.535423233684813e-09
10950.056 2.8517366252531566e-09
11000.056 1.92689337291795e-09
11050.056 1.1835650439777278e-09
11100.056 6.963657411584781e-10
11150.056 2.953034757385308e-10
11200.056 1.9861800503994508e-10
11250.056 2.3251509515126772e-10
11300.056 3.577884626747779e-10
11350.056 1.1826811077125928e-10
11400.056 3.455962354549552e-10
11450.056 2.608055072012781e-10
11500.056 1.7694728011919877e-10
11550.056 4.0618915506429916e-11
11600.056 3.614557896531283e-11
11650.056 1.2020366973088306e-10
11700.056 1.338209202502911e-10
11750.056 2.4648482253821695e-11
11800.056 1.5701603809565464e-10
11850.056 2.5633016332432356e-10
11900.056 2.8054378517971197e-10
11950.056 4.3849229962126617e-10
12000.056 7.253544818787912e-10
12050.056 1.1734316817218724e-09
12100.056 1.7929413892358898e-09
12150.056 2.683585084602238e-09
12200.056 3.3375605974935993e-09
12250.056 4.8917461638734e-09
12300.056 7.1283440553688404e-09
12350.056 7.828727241106865e-09
12400.056 1.1122280979859125e-08
12450.056 1.4673871775261286e-08
12500.056 1.6543585845002605e-08
12550.056 1.919839687365975e-08
12600.056 2.2031439803081908e-08
12650.056 2.331462092217888e-08
12700.056 2.365491855522229e-08
12750.056 1.9367814472143115e-08
12800.056 1.5754305136214192e-08
12850.056 1.0598364120271469e-08
12900.056 8.390733613765498e-09
12950.056 7.237003061167493e-09
13000.056 6.928642005742272e-09
13050.056 4.695232742714328e-09
13100.056 4.247543806138254e-09
13150.056 2.8308716412754158e-09
13200.056 2.57670117100193e-09
13250.056 1.9907482260112682e-09
13300.056 7.884605550344998e-10
13350.056 2.5165765160756205e-10
13400.056 1.5866969397899186e-10
13450.056 5.804462851214711e-11
13500.056 2.619867482446891e-11
13550.056 1.2372192973545723e-11
13600.056 2.9047885235053143e-12
13650.056 1.9333683453743362e-11
13700.056 1.1297379751937454e-11
13750.056 1.731097686816252e-11
13800.056 1.5860026586663955e-11
13850.056 9.893363173961595e-12
13900.056 1.3944280145033211e-11
13950.056 1.067680146266144e-11
14000.056 1.220767994389736e-11
14050.056 2.0177761440426735e-11
14100.056 2.18014100717273e-11
14150.056 3.9892471449383816e-11
14200.056 2.5033637530279026e-11
14250.056 3.5403955005235915e-11
14300.056 7.817601280168045e-11
14350.056 8.326331860269856e-11
14400.056 9.18031404865579e-11
14450.056 1.3614670196126565e-10
14500.056 2.812420454195469e-10
14550.056 3.0592078025036764e-10
14600.056 3.516116607145612e-10
14650.056 2.2667608098622658e-10
14700.056 1.1204222434236494e-10
14750.056 6.555260557211171e-11
14800.056 1.2990906321462918e-10
14850.056 1.736794425155493e-10
14900.056 1.7825906192026902e-10
14950.056 1.3887334303904213e-10
15000.056 3.117499904322156e-10
15050.056 2.5236391037558765e-10
15100.056 1.7626329333159474e-10
15150.056 1.376764055471175e-10
15200.056 2.5869037561942e-10
15250.056 5.249784071569138e-10
15300.056 6.352696003019116e-10
15350.056 8.123194724057467e-10
15400.056 1.1351931038259033e-09
15450.056 1.4688242773288267e-09
15500.056 1.699198109087624e-09
15550.056 2.616596081903477e-09
15600.056 3.3766024665979436e-09
15650.056 4.8569911953109925e-09
15700.056 6.55724098240284e-09
15750.056 8.090796982421493e-09
15800.056 9.006669349050232e-09
15850.056 1.0279111878021677e-08
15900.056 9.847546878990173e-09
15950.056 9.46597166559836e-09
16000.056 7.322223091001393e-09
16050.056 4.336122654489458e-09
16100.056 2.790976778588468e-09
16150.056 1.5492991745716703e-09
16200.056 8.535308173407723e-10
16250.056 5.912880692157726e-10
16300.056 3.778825154600274e-10
16350.056 4.5623413635364747e-10
16400.056 5.732351152084008e-10
16450.056 5.106958764144038e-10
16500.056 4.5392507090681377e-10
16550.056 4.6539248386295654e-10
16600.056 6.262744563155924e-10
16650.056 4.647490000463922e-10
16700.056 7.873622847898953e-11
16750.056 2.3733878080714575e-10
16800.056 4.049272202388736e-10
16850.056 4.664657172634425e-10
16900.056 2.528050412425952e-10
16950.056 1.514449956345479e-10
17000.056 8.878969078010712e-11
17050.056 1.791164037081293e-10
17100.056 2.9700304191602e-10
17150.056 1.6359810538700422e-10
17200.056 5.039566089479828e-10
17250.056 3.257324037340304e-10
17300.056 2.0209132946266068e-10
17350.056 2.158410569967538e-10
17400.056 3.482788636458993e-10
17450.056 4.6326097366856395e-10
17500.056 5.970587043279619e-10
17550.056 5.493949386479372e-10
17600.056 4.216456151953881e-10
17650.056 4.0026444125196976e-10
17700.056 3.027177197497501e-10
17750.056 3.0725165830971727e-10
17800.056 6.532073615773755e-10
17850.056 3.43067528470587e-10
17900.056 2.5249772124292943e-10
17950.056 2.1272434976895941e-10
18000.056 3.051211129256606e-10
18050.056 2.7586249323081723e-10
18100.056 3.38321800700206e-10
18150.056 3.1625542267187736e-10
18200.056 2.187988125208299e-10
18250.056 5.818009729404988e-10
18300.056 2.101142567948127e-10
18350.056 1.5778465636805427e-10
18400.056 1.2770135017201241e-10
18450.056 3.577684241795645e-10
18500.056 3.4379825899408887e-10
18550.056 2.3176962234696387e-10
18600.056 2.7423889622450143e-10
18650.056 2.075387888639575e-10
18700.056 8.705765656638963e-11
18750.056 1.7732055827865772e-10
18800.056 4.81766641054403e-10
18850.056 4.798096327539719e-10
18900.056 4.2841695482615257e-10
18950.056 5.755653091568721e-10
19000.056 2.486831674331206e-10
19050.056 1.3595044756006992e-10
19100.056 2.413753214964288e-10
19150.056 1.3223072537999175e-10
19200.056 1.578893355873845e-10
19250.056 1.2656123246304629e-10
19300.056 9.551593088630101e-11
19350.056 8.080603357545749e-11
19400.056 7.31802311523732e-11
19450.056 1.1503076627856904e-10
19500.056 8.093657792076248e-11
19550.056 1.0683946187872429e-10
19600.056 2.1468885118271665e-10
19650.056 1.5741974280187421e-10
19700.056 1.78710880337449e-10
19750.056 2.6725957517605256e-10
19800.056 2.0440991171215937e-10
19850.056 2.574668680307672e-10
19900.056 2.984687400847834e-10
19950.056 3.8607334873080977e-10
20000.056 4.723814230344642e-10
20050.056 3.895246738071753e-10
20100.056 6.07908176301099e-10
20150.056 3.570949685990895e-10
20200.056 2.9012964014929313e-10
20250.056 4.923950802923179e-10
20300.056 5.633032728424265e-10
20350.056 5.818141085057356e-10
20400.056 5.385349431205829e-10
20450.056 7.788829150529373e-10
20500.056 9.040569249927506e-10
20550.056 9.82901775168258e-10
20600.056 1.0155547127554054e-09
20650.056 1.2101602364113879e-09
20700.056 1.3087840239864028e-09
20750.056 1.4310846600435588e-09
20800.056 1.39369508694118e-09
20850.056 1.5352913173841038e-09
20900.056 1.6213054903096081e-09
20950.056 1.5562163532101549e-09
21000.056 1.5351171453322474e-09
21050.056 1.6075465887097438e-09
21100.056 1.5378126659001444e-09
21150.056 1.5430736063458123e-09
21200.056 1.4645777164502575e-09
21250.056 1.386901033323507e-09
21300.056 1.2345100176474946e-09
21350.056 1.2277577976400459e-09
21400.056 1.2150843625393968e-09
21450.056 1.0390154207807175e-09
21500.056 9.519442084243387e-10
21550.056 8.631379805845959e-10
21600.056 7.605736647203851e-10
21650.056 6.032790687803087e-10
21700.056 5.745756803387884e-10
21750.056 5.449715938522343e-10
21800.056 4.269891731387957e-10
21850.056 4.156705890969517e-10
21900.056 3.0905976259269075e-10
21950.056 1.3882973166619225e-10
22000.056 3.552877339014001e-11
22050.056 3.9032821618034425e-11
22100.056 1.2660207819307342e-10
22150.056 1.2442056261250584e-10
22200.056 1.3160329560996638e-10
22250.056 1.0556013756823162e-10
22300.056 6.384330863312306e-11
22350.056 7.904304051171292e-11
22400.056 3.577755575971563e-11
22450.056 4.532190344303486e-11
22500.056 3.5217409078333234e-11
22550.056 2.5034117180041032e-11
22600.056 2.0757699861986878e-11
22650.056 3.517403289748272e-11
22700.056 2.8255383153413306e-11
22750.056 3.0890588863554186e-11
22800.056 3.2675865293816216e-11
22850.056 2.5063153118045116e-11
22900.056 1.8301075970779646e-11
22950.056 1.722972575756791e-11
23000.056 2.3469701610101898e-11
23050.056 2.968774416447065e-11
23100.056 1.0517275451926895e-10
23150.056 9.731509711664891e-11
23200.056 8.10291254514648e-12
23250.056 2.220985938053124e-11
23300.056 2.1959805671968806e-11
23350.056 3.05458858843544e-11
23400.056 2.7451281089406488e-11
23450.056 1.918655103275964e-11
23500.056 2.034217816083294e-11
23550.056 3.520854094277132e-11
23600.056 5.2952639284292936e-11
23650.056 8.008945089505601e-11
23700.056 2.3158947673644853e-11
23750.056 1.934273522262563e-11
23800.056 5.974993212270894e-11
23850.056 4.776533485124553e-11
23900.056 9.262547651191505e-11
23950.056 6.466615703373643e-11
24000.056 1.1095925562123163e-10
24050.056 1.3755561864042572e-10
24100.056 1.4424218825859833e-10
24150.056 1.9837184683243313e-10
24200.056 1.4694373846501298e-10
24250.056 1.2222449280446822e-10
24300.056 1.9540017426592446e-10
24350.056 1.7370289086646172e-10
24400.056 3.1514164392406596e-10
24450.056 3.529535645863268e-10
24500.056 3.3718970058564543e-10
24550.056 4.5914134873600665e-10
24600.056 4.848633899165627e-10
24650.056 6.912636607650029e-10
24700.056 4.645267403438179e-10
24750.056 5.964773830416951e-10
24800.056 5.715632557579712e-10
24850.056 8.764019944212108e-10
24900.056 4.834135939803111e-10
24950.056 9.028928685390058e-10
25000.056 8.890527407473076e-10
25050.056 6.340891617446224e-10
25100.056 9.3321232870095e-10
25150.056 5.096228870692502e-10
25200.056 7.701428299754078e-10
25250.056 3.8032603369490063e-10
25300.056 5.699300042150685e-10
25350.056 2.8068486689592337e-10
25400.056 6.497558718871669e-10
25450.056 2.4078327738524683e-10
25500.056 2.1536083013920847e-10
25550.056 3.7853450603554244e-10
25600.056 2.0802217126278028e-10
25650.056 1.2785157795060036e-10
25700.056 1.968817250250567e-10
25750.056 5.6421169525115075e-11
25800.056 2.716010858890677e-10
25850.056 5.977964276058168e-11
25900.056 8.571426935921985e-11
25950.056 2.5353980831467177e-11
26000.056 2.553441859181239e-10
26050.056 4.199152190386868e-11
26100.056 1.7929705489187354e-10
26150.056 9.014614241667444e-11
26200.056 1.17230354652764e-10
26250.056 5.702363383905713e-10
26300.056 1.6241667671578897e-10
26350.056 7.73963088786729e-10
26400.056 9.428612807872248e-10
26450.056 8.513156131016247e-10
26500.056 1.4345667064670175e-09
26550.056 2.6133071206967437e-10
26600.056 3.518756225095777e-10
26650.056 6.182727228833936e-11
26700.056 3.910623475800745e-11
26750.056 4.544777671983972e-11
26800.056 1.3060738660882556e-10
26850.056 7.061335202217212e-11
26900.056 3.2813969963733633e-10
26950.056 1.1485770825277551e-10
27000.056 5.896288965626538e-10
27050.056 5.919152103983881e-10
27100.056 1.1201671137283514e-10
27150.056 7.980478549910919e-10
27200.056 1.1166306931750339e-10
27250.056 3.131425638637844e-10
27300.056 1.63547802307371e-09
27350.056 6.898828129823873e-10
27400.056 4.3780391685846345e-11
27450.056 8.303363458073921e-10
27500.056 9.217592623721363e-10
27550.056 1.7996791208948487e-10
27600.056 4.849041794166183e-10
27650.056 1.3953653148417553e-10
27700.056 1.1361087761409629e-10
27750.056 6.559475677754247e-10
27800.056 1.865196803662799e-10
27850.056 3.065270248394432e-10
27900.056 2.975434922364474e-10
27950.056 7.536370442283125e-10
28000.056 6.631336951660606e-10
28050.056 9.379004607464002e-11
28100.056 6.094032115051122e-10
28150.056 4.760107147313047e-10
28200.056 1.4698930233532566e-10
28250.056 8.200782028934279e-10
28300.056 7.840729072485812e-10
28350.056 1.9605592926114954e-10
28400.056 5.954509314143507e-10
28450.056 9.48266036233322e-10
28500.056 6.350921168056236e-10
28550.056 1.572603878403227e-10
28600.056 1.0555816941160876e-09
28650.056 7.168564520341254e-10
28700.056 9.7056661662838e-10
28750.056 1.380454818769238e-09
28800.056 6.978193856555114e-10
