galfind/configs/Brown_Dwarf_templates/sonora_bobcat/m-0.5/17g/sp_t450g17nc_m-0.5_resample.dat
# %ECSV 1.0
# ---
# datatype:
# - {name: wav, unit: Angstrom, datatype: float64}
# - {name: flux_nu, unit: erg / (cm2 Hz s), datatype: float64}
# meta: {C/O: '1.00', Kzz: '1.0000E+05', Teff: '450.', Y: '0.28', '[Fe/H]': '-0.50', f_hole: '1.00', f_rain: '0.00', grav: '18.'}
# schema: astropy-2.0
wav flux_nu
[from data line 499]
28950.056 4.74833220676094e-10
29000.056 3.2819739831682835e-10
29050.056 4.906574453442301e-10
29100.056 2.8210016946923705e-10
29150.056 3.647103781824726e-10
29200.056 5.41252958119127e-10
29250.056 7.765629001180881e-10
29300.056 3.5322904648315755e-10
29350.056 9.779526032664493e-10
29400.056 4.903151875829467e-10
29450.056 3.9331099688897136e-10
29500.056 8.6797207944429e-10
29550.056 4.0109417284809025e-10
29600.056 5.678104698846029e-10
29650.056 1.1938297488882915e-09
29700.056 3.871050987369738e-10
29750.056 9.118335997839836e-10
29800.056 7.899968558150881e-10
29850.056 1.0315804886940919e-09
29900.056 6.655724879876435e-10
29950.056 7.805538542290409e-10
30000.056 2.132537074777775e-11
30050.056 9.500361695103867e-11
30100.056 3.0136690731394484e-10
30150.056 8.456025026175878e-10
30200.056 6.507523282875601e-10
30250.056 1.321971681859048e-09
30300.056 1.7706455004523835e-09
30350.056 6.382455392122594e-10
30400.056 1.6671243206702098e-09
30450.056 1.0642254945066716e-09
30500.056 9.962381449753045e-10
30550.056 8.309118454254193e-10
30600.056 2.576740048219682e-09
30650.056 1.3762981676954291e-09
30700.056 9.737888776616998e-10
30750.056 1.8343312943976863e-09
30800.056 1.230202488885475e-09
30850.056 1.462229794363741e-09
30900.056 7.827139301041718e-10
30950.056 8.978711764678589e-10
31000.056 9.223452497759322e-10
31050.056 7.616975910436588e-10
31100.056 4.708606081829623e-10
31150.056 8.72928517571566e-10
31200.056 1.6412815744655371e-09
31250.056 1.056556531115986e-09
31300.056 6.899675134935157e-10
31350.056 1.1945737434509312e-09
31400.056 8.372234961230194e-10
31450.056 8.805865195811007e-10
31500.056 3.911719005450198e-10
31550.056 6.025000242014453e-10
31600.056 3.883214578775144e-10
31650.056 3.884059863446707e-10
31700.056 3.90151033137297e-10
31750.056 1.9573305550484013e-10
31800.056 3.954718677468371e-10
31850.056 9.102550277341679e-11
31900.056 2.0050137153593609e-10
31950.056 1.2414110916054127e-10
32000.056 1.1300576999535804e-10
32050.056 1.695425133139878e-10
32100.056 1.4895066520864714e-10
32150.056 1.7656901782470402e-10
32200.056 8.683902961220172e-11
32250.056 2.3273948942722935e-10
32300.056 7.821509282288775e-11
32350.056 2.1170350162949507e-10
32400.056 5.060597637270506e-11
32450.056 1.7269657287517476e-10
32500.056 6.351912615098381e-11
32550.056 1.302203263886466e-10
32600.056 8.237487662978144e-11
32650.056 3.5345140740390893e-10
32700.056 1.2094475691163521e-10
32750.056 5.783291862181325e-10
32800.056 3.5278815158783854e-10
32850.056 8.571588398505406e-10
32900.056 7.530374674277556e-10
32950.056 8.505814795520634e-10
33000.056 3.70149952107767e-10
33050.056 5.144819610111095e-10
33100.056 1.210009282885532e-10
33150.056 1.3430068052451132e-13
33200.056 3.1010108033123648e-12
33250.056 3.167092547808919e-12
33300.056 1.8922336672518287e-11
33350.056 6.499267295394995e-11
33400.056 2.1927739603871323e-10
33450.056 1.9536715143552678e-10
33500.056 6.181463988270921e-10
33550.056 1.5501678149002187e-10
33600.056 4.3450881959663695e-10
33650.056 3.9022156498114945e-10
33700.056 1.8339445210963215e-10
33750.056 5.805749477654006e-10
33800.056 8.82263642450572e-11
33850.056 3.1089612714140867e-10
33900.056 3.176461166999166e-10
33950.056 2.470666684084882e-10
34000.056 5.465296020241397e-10
34050.056 1.0002076855115208e-10
34100.056 4.835293727959304e-10
34150.056 2.333295237589002e-10
34200.056 5.335248132535746e-10
34250.056 3.4670818249170586e-10
34300.056 3.3437485828571904e-10
34350.056 5.404290914667614e-10
34400.056 2.0918147884649756e-10
34450.056 5.695361928052095e-10
34500.056 3.350170573796715e-10
34550.056 1.9249383393818368e-10
34600.056 8.353665770592565e-10
34650.056 1.9997792271129653e-10
34700.056 6.586503396548331e-10
34750.056 4.316891185399627e-10
34800.056 3.90019213827455e-10
34850.056 9.167112390823925e-10
34900.056 3.624571629164872e-10
34950.056 8.623207753204602e-10
35000.056 1.694191917600515e-09
35050.056 7.154977544799201e-10
35100.056 1.5842543599629954e-09
35150.056 1.2538609328548994e-09
35200.056 1.1823800390934714e-09
35250.056 2.0246170091288122e-09
35300.056 9.776497859117681e-10
35350.056 1.191020740126324e-09
35400.056 1.084185547049949e-09
35450.056 8.492703661611501e-10
35500.056 2.8466781548890805e-09
35550.056 1.805112614282722e-09
35600.056 1.7856599849633444e-09
35650.056 1.8489835524848492e-09
35700.056 1.9537681509720185e-09
35750.056 2.8803192631015537e-09
35800.056 2.9884938044016314e-09
35850.056 1.1569113431005147e-09
35900.056 1.600582684575649e-09
35950.056 1.910461131160203e-09
36000.056 2.2440316474482465e-09
36050.056 1.6033947776506015e-09
36100.056 1.5321931027279573e-09
36150.056 2.849714947382822e-09
36200.056 3.1320708483276358e-09
36250.056 2.3015827311117086e-09
36300.056 4.578207076402906e-09
36350.056 2.855341731160632e-09
36400.056 4.184835869834756e-09
36450.056 4.557271940483003e-09
36500.056 5.161942473388501e-09
36550.056 6.040687220157705e-09
36600.056 6.768456885488845e-09
36650.056 5.319025696664992e-09
36700.056 5.752840845237482e-09
36750.056 6.92258764765255e-09
36800.056 7.72193820974474e-09
36850.056 4.72915342098914e-09
36900.056 7.77719066640621e-09
36950.056 7.873339647391617e-09
37000.056 5.786365955201404e-09
37050.056 8.363112238126944e-09
37100.056 7.019825721208768e-09
37150.056 6.106398917127664e-09
37200.056 9.656688164136435e-09
37250.056 6.842039102843189e-09
37300.056 5.444845910023318e-09
37350.056 8.582469315485009e-09
37400.056 1.2635191833303334e-08
37450.056 5.940911565209857e-09
37500.056 7.613930618703836e-09
37550.056 1.2161069548624645e-08
37600.056 1.6839447078421083e-08
37650.056 6.440575701404114e-09
37700.056 1.2617414455942994e-08
37750.056 8.247040661516758e-09
37800.056 8.570689835880195e-09
37850.056 4.625083544244752e-09
37900.056 6.315345362739961e-09
37950.056 1.1439129102991602e-08
38000.056 1.1300411186457812e-08
38050.056 1.4371167651795963e-08
38100.056 1.6326727603095545e-08
38150.056 1.7717306195399818e-08
38200.056 1.6177142287977708e-08
38250.056 1.62667672554471e-08
38300.056 2.380252731583191e-08
38350.056 2.3623092462590102e-08
38400.056 1.0880647786432094e-08
38450.056 6.844223339327783e-09
38500.056 4.2626594029334675e-09
38550.056 1.1713064669423913e-08
38600.056 1.1824427213190693e-08
38650.056 1.3380492924948076e-08
38700.056 1.0793338538202655e-08
38750.056 1.2089353205757281e-08
38800.056 1.259303335684915e-08
38850.056 1.3532563995921774e-08
38900.056 1.7953593464745887e-08
38950.056 1.1694556006900432e-08
39000.056 1.8005822461376443e-08
39050.056 1.1971009946737384e-08
39100.056 1.6480386222798507e-08
39150.056 2.005052134081557e-08
39200.056 1.5597248727194614e-08
39250.056 2.3290784525680877e-08
39300.056 1.5767687371035767e-08
39350.056 2.7525176265000044e-08
39400.056 1.6443366629846607e-08
39450.056 2.2437947328751488e-08
39500.056 2.3253813065947773e-08
39550.056 1.4268364922931721e-08
39600.056 2.2856943013134886e-08
39650.056 2.6819740618093426e-08
39700.056 2.5570845953024054e-08
39750.056 1.5754084072132866e-08
39800.056 1.802720003528559e-08
39850.056 3.1692752475704164e-08
39900.056 3.497406378660202e-08
39950.056 1.845971691017667e-08
40000.056 3.061471534172884e-08
40050.056 3.1074976210097984e-08
40100.056 1.5205562964905973e-08
40150.056 3.027108154789819e-08
40200.056 3.1229858802204665e-08
40250.056 3.4598849886394336e-08
40300.056 3.32530603567984e-08
40350.056 2.4781395698564214e-08
40400.056 3.369066521703203e-08
40450.056 2.058038620296321e-08
40500.056 3.8802558600598205e-08
40550.056 4.1509268740485676e-08
40600.056 3.2418594738802595e-08
40650.056 2.6249515779503938e-08
40700.056 4.823939879315502e-08
40750.056 3.275224655129167e-08
40800.056 2.3374357067307577e-08
40850.056 5.485403228311634e-08
40900.056 4.523440931491852e-08
40950.056 4.175900724958233e-08
41000.056 3.464268046345794e-08
41050.056 5.6814760240581033e-08
41100.056 4.7583234522401117e-08
41150.056 2.3857883110379676e-08
41200.056 5.739798409112662e-08
41250.056 4.3644481174470074e-08
41300.056 4.462150880871293e-08
41350.056 5.78155088831918e-08
41400.056 5.0910016389803466e-08
41450.056 6.58953903435854e-08
41500.056 4.5632466809483624e-08
41550.056 4.310136761883623e-08
41600.056 4.5098313129049237e-08
41650.056 5.624440718260361e-08
41700.056 6.418757030997751e-08
41750.056 5.432690189818862e-08
41800.056 5.7242234055016715e-08
41850.056 5.343914898352844e-08
41900.056 5.1654891631238813e-08
41950.056 5.059588123760564e-08
42000.056 3.623464334055701e-08
42050.056 4.0666370891596635e-08
42100.056 4.545576767644963e-08
42150.056 4.567247448980146e-08
42200.056 4.899726408829903e-08
42250.056 4.233591921555399e-08
42300.056 4.295436414995993e-08
42350.056 5.965332875780338e-08
42400.056 6.535687646201042e-08
42450.056 6.019472845202195e-08
42500.056 5.858293858558911e-08
42550.056 5.1668379962783336e-08
42600.056 5.626589216860563e-08
42650.056 8.330336652496654e-08
42700.056 4.924071675450193e-08
42750.056 6.08463468751077e-08
42800.056 8.295389309341458e-08
42850.056 8.43387898959733e-08
42900.056 8.882715814162139e-08
42950.056 7.231286765298671e-08
43000.056 8.04766372034171e-08
43050.056 4.719611884310816e-08
43100.056 6.825341793248952e-08
43150.056 5.684451477020938e-08
43200.056 8.50967667400061e-08
43250.056 1.027819462460036e-07
43300.056 1.0060254003699483e-07
43350.056 6.02463996841812e-08
43400.056 8.206995502050098e-08
43450.056 5.726718493330479e-08
43500.056 5.73815452889147e-08
43550.056 6.295000572091276e-08
43600.056 9.403898494501301e-08
43650.056 6.561298480860308e-08
43700.056 1.0593965160702534e-07
43750.056 9.283820713799363e-08
43800.056 8.68674082774916e-08
43850.056 7.639455859400533e-08
43900.056 6.862772279563031e-08
43950.056 4.507571778649528e-08
44000.056 4.5685974063196666e-08
44050.056 1.0188854837400087e-07
44100.056 1.253500845359959e-07
44150.056 1.1253619079480346e-07
44200.056 1.0214921993549929e-07
44250.056 6.21432755521987e-08
44300.056 5.2565000948209545e-08
44350.056 5.861924724601527e-08
44400.056 5.417154273709256e-08
44450.056 8.872993831699654e-08
44500.056 8.430932750761689e-08
44550.056 1.1470154625399065e-07
44600.056 1.011327266787982e-07
44650.056 8.754728253581377e-08
44700.056 6.057262183859876e-08
44750.056 9.480462820002242e-08
44800.056 6.749424326724626e-08
44850.056 8.800454621810628e-08
44900.056 7.64981129340063e-08
44950.056 9.166441314320792e-08
45000.056 1.0261551878700507e-07
45050.056 9.375248463498716e-08
45100.056 8.46257803519986e-08
45150.056 8.056823848324291e-08
45200.056 6.504777688450329e-08
45250.056 7.542349029287643e-08
45300.056 6.617807936261096e-08
45350.056 5.698537923701525e-08
45400.056 1.284688132980153e-07
45450.056 1.0564814557601025e-07
45500.056 1.24575802519208e-07
45550.056 1.2751553751495707e-07
45600.056 1.178530100260242e-07
45650.056 9.645238028860128e-08
45700.056 6.709658219419553e-08
45750.056 6.569118548590237e-08
45800.056 1.3572018090900248e-07
45850.056 1.106980158679945e-07
45900.056 1.3408704805299013e-07
45950.056 1.1659791407300065e-07
46000.056 1.254998164100133e-07
46050.056 9.599593544820096e-08
46100.056 1.4721383075498683e-07
46150.056 9.394508492400684e-08
46200.056 8.346557373968944e-08
46250.056 3.944031684978418e-08
46300.056 9.465187474819943e-08
46350.056 1.010112071330145e-07
46400.056 8.799978502900153e-08
46450.056 8.374360031340931e-08
46500.056 9.527357726942282e-08
46550.056 5.5658913487104406e-08
46600.056 8.09124528903492e-08
46650.056 1.1684151620300978e-07
46700.056 8.01466181909783e-08
46750.056 4.641992434032744e-08
46800.056 3.166330985474225e-08
46850.056 1.1516809971801757e-07
46900.056 1.1004681369799725e-07
46950.056 1.0911105746599153e-07
47000.056 1.0628755882301806e-07
47050.056 8.099482251237431e-08
47100.056 5.857082661301914e-08
47150.056 8.630627126581214e-08
47200.056 9.97761277309944e-08
47250.056 6.154845996549458e-08
47300.056 4.117985133912761e-08
47350.056 1.1710729273499892e-07
47400.056 9.883195039499003e-08
47450.056 8.748484296966151e-08
47500.056 1.1696381012018701e-07
47550.056 1.0198773861700667e-07
47600.056 9.804245885349476e-08
47650.056 1.0254348722939749e-07
47700.056 8.130451578476393e-08
47750.056 6.207438158580285e-08
47800.056 5.50579285220066e-08
47850.056 2.975319051008597e-08
47900.056 4.539197564665424e-08
47950.056 8.930311092840512e-08
48000.056 1.1955318754701303e-07
48050.056 1.0313648156060148e-07
48100.056 4.7610253314245933e-08
48150.056 8.347081101000127e-08
48200.056 5.860709697259963e-08
48250.056 7.003061925999975e-08
48300.056 1.1355807394498483e-07
48350.056 7.140203145499706e-08
48400.056 2.280833132564013e-08
48450.056 4.6324655654941775e-08
48500.056 7.164633716298313e-08
48550.056 7.32678087097268e-08
48600.056 8.776814717299827e-08
48650.056 1.0903471080098907e-07
48700.056 7.634980040500986e-08
48750.056 5.347610809952394e-08
48800.056 1.007788654390015e-07
48850.056 5.8332868589589586e-08
48900.056 7.964189113677939e-08
48950.056 4.6477953710601955e-08
49000.056 2.3945410242795233e-08
49050.056 7.129117281708967e-08
49100.056 8.760282827731568e-08
49150.056 6.650225390377833e-08
49200.056 1.0044577476101879e-07
49250.056 9.951496353100989e-08
49300.056 8.642072747880024e-08
49350.056 3.7265589967368287e-08
49400.056 5.463546691148509e-08
49450.056 5.459277509566527e-08
49500.056 4.2702716175185496e-08
49550.056 1.1187874092220577e-08
49600.056 2.979817747189765e-08
49650.056 6.074681924600044e-08
49700.056 6.363535563047639e-08
49750.056 6.539100861529808e-08
49800.056 4.469630038650571e-08
49850.056 8.536444640521663e-08
49900.056 6.840803787719296e-08
49950.056 6.956500193000195e-08
50000.056 5.5654646323983846e-08
50050.056 6.780424862600125e-08
50100.056 5.35502740713965e-08
50150.056 2.813637820449414e-08
50200.056 5.91591875777445e-09
50250.056 3.390635153699788e-08
50300.056 2.202924781342329e-08
50350.056 6.287450583110855e-08
50400.056 6.230401829639162e-08
50450.056 4.9008133280203896e-08
50500.056 7.236519637530601e-08
50550.056 6.194796329600546e-08
50600.056 4.691859946198889e-08
50650.056 7.563808372301139e-08
50700.056 7.478456103598409e-08
50750.056 5.0888733398805833e-08
50800.056 1.9946631209944033e-08
50850.056 1.1785116017255603e-08
50900.056 5.79963429490013e-08
50950.056 4.8843551333997733e-08
51000.056 4.1326264263754255e-08
51050.056 5.838870524799204e-08
51100.056 2.3572629177767092e-08
51150.056 2.8324835450394534e-08
51200.056 7.184502395899843e-08
51250.056 5.0030958507931783e-08
51300.056 3.65660966105165e-08
51350.056 3.489455042674551e-08
51400.056 1.3537766136301882e-08
51450.056 1.0584713146235316e-08
51500.056 1.048509651403648e-08
51550.056 3.750370016792568e-08
51600.056 2.9625306029848462e-08
51650.056 3.705828115499539e-08
51700.056 3.976511250496379e-08
51750.056 2.6460052685430658e-08
51800.056 4.5839952537993086e-08
51850.056 3.797018704579666e-08
51900.056 5.012846538899554e-08
51950.056 3.040116052939654e-08
52000.056 3.751035816437585e-09
52050.056 1.753653961340253e-08
52100.056 1.0752317367998633e-08
52150.056 6.364664980651716e-09
52200.056 1.6746569613899913e-08
52250.056 2.456404138760744e-08
52300.056 3.3874927843798225e-08
52350.056 1.3184192617812634e-08
52400.056 1.3066442821720515e-08
52450.056 4.11977392155029e-08
52500.056 3.167031892467078e-08
52550.056 3.501270125599694e-08
52600.056 2.6206183339498725e-08
52650.056 3.146954397210323e-08
52700.056 2.372351641739894e-08
52750.056 9.983479003793733e-09
52800.056 1.7774615123402293e-08
52850.056 2.0166553351994217e-08
52900.056 9.979340984146236e-09
52950.056 1.5426289666761818e-08
53000.056 2.486535488430567e-08
53050.056 1.022905567071699e-08
53100.056 2.8512475992995782e-08
53150.056 3.054238392320218e-08
53200.056 1.4590115810609385e-08
53250.056 2.878732722236207e-08
53300.056 3.528420788210491e-08
53350.056 2.6659607493902012e-08
53400.056 1.7996598775495317e-08
53450.056 7.117236720207534e-09
53500.056 1.3742794385115035e-09
53550.056 3.814558972854085e-09
53600.056 1.623471967476542e-08
