galfind/configs/Brown_Dwarf_templates/sonora_bobcat/m-0.5/17g/sp_t750g17nc_m-0.5_resample.dat
# %ECSV 1.0
# ---
# datatype:
# - {name: wav, unit: Angstrom, datatype: float64}
# - {name: flux_nu, unit: erg / (cm2 Hz s), datatype: float64}
# meta: {C/O: '1.00', Kzz: '1.0000E+05', Teff: '750.', Y: '0.28', '[Fe/H]': '-0.50', f_hole: '1.00', f_rain: '0.00', grav: '18.'}
# schema: astropy-2.0
wav flux_nu
4000.0559999999996 nan
4050.0559999999996 2.5829657081395638e-14
4100.056 1.5578168610098932e-12
4150.056 5.680287796100425e-12
4200.056 4.9034235567155984e-12
4250.056 1.1810001579301296e-11
4300.056 1.601275435460131e-11
4350.056 1.8318182832101056e-11
4400.056 2.324974356160101e-11
4450.056 2.6650076366800226e-11
4500.056 2.7670819121501844e-11
4550.056 3.2748716555502186e-11
4600.056 3.476499655248014e-11
4650.056 3.088764700599781e-11
4700.056 2.821597065299996e-11
4750.056 1.4602632420499902e-11
4800.056 4.364289535599947e-12
4850.056 1.1045161183099837e-12
4900.056 3.74095489749997e-13
4950.056 1.3206649405699844e-13
5000.056 3.381743670199949e-14
5050.056 1.0465651595700002e-14
5100.056 8.217749087200006e-15
5150.056 7.333023996499952e-15
5200.056 6.748733943399988e-15
5250.056 6.3816311420999865e-15
5300.056 6.196999258099999e-15
5350.056 6.196546438600001e-15
5400.056 6.370459939999985e-15
5450.056 6.5448652563999625e-15
5500.056 6.694101736699995e-15
5550.056 6.8172801933000026e-15
5600.056 6.890230854499984e-15
5650.056 6.823873945800013e-15
5700.056 6.5662624252000045e-15
5750.056 5.804240336399984e-15
5800.056 4.598237913399983e-15
5850.056 2.7444092001899614e-15
5900.056 7.068663167482101e-16
5950.056 6.090230075000108e-15
6000.056 1.5466915959200142e-14
6050.056 3.070437286000025e-14
6100.056 5.336154068300023e-14
6150.056 8.692284359600048e-14
6200.056 1.373753456600007e-13
6250.056 2.1445911956000089e-13
6300.056 3.2995020797000227e-13
6350.056 5.072200577500038e-13
6400.056 7.825485057800036e-13
6450.056 1.1978059281599879e-12
6500.056 1.868959593240002e-12
6550.056 2.929459185000011e-12
6600.056 4.623932479800086e-12
6650.056 7.271023891700059e-12
6700.056 9.573098408606082e-12
6750.056 1.6747549541000103e-11
6800.056 2.3216091395000124e-11
6850.056 2.7431415476000048e-11
6900.056 2.6156716458000332e-11
6950.056 2.2847476746899853e-11
7000.056 2.29134071550003e-11
7050.056 2.5055307454199608e-11
7100.056 2.768365951899986e-11
7150.056 2.7643856970099506e-11
7200.056 2.6338816468009373e-11
7250.056 2.4618376072798315e-11
7300.056 2.1626110062020067e-11
7350.056 1.8863882107449484e-11
7400.056 1.6389110916700442e-11
7450.056 1.3827535552300227e-11
7500.056 1.1302875951299947e-11
7550.056 8.718422200199952e-12
7600.056 6.4387141775999475e-12
7650.056 1.4387331359985162e-12
7700.056 7.604636012060491e-13
7750.056 5.904974645000135e-12
7800.056 1.1372050990352208e-11
7850.056 2.3565464532000088e-11
7900.056 3.890599868400006e-11
7950.056 4.983968010212678e-11
8000.056 9.734073565700151e-11
8050.056 1.4522744477000413e-10
8100.056 1.9694369095560094e-10
8150.056 2.672689434684762e-10
8200.056 3.8612417733287044e-10
8250.056 5.026134282550874e-10
8300.056 6.629038410029268e-10
8350.056 8.296242032512164e-10
8400.056 1.0454617104825763e-09
8450.056 1.3465476554299475e-09
8500.056 1.498226538820665e-09
8550.056 2.0153677382800414e-09
8600.056 2.603871928100025e-09
8650.056 3.1308410920000607e-09
8700.056 3.6907387485999724e-09
8750.056 4.350673620600032e-09
8800.056 4.959802485900084e-09
8850.056 5.172188888399893e-09
8900.056 3.7003238005196968e-09
8950.056 3.756663916906722e-09
9000.056 4.161600644372796e-09
9050.056 7.190747928842508e-09
9100.056 8.472317418554012e-09
9150.056 9.06375135929118e-09
9200.056 1.1227660049289339e-08
9250.056 1.1273355173810527e-08
9300.056 5.129619207639758e-09
9350.056 6.072010518274682e-09
9400.056 8.47661498827177e-09
9450.056 1.0443209404146996e-08
9500.056 9.88136100017132e-09
9550.056 1.135845383966749e-08
9600.056 1.1107996399861417e-08
9650.056 1.2928375723325781e-08
9700.056 1.5871566595583364e-08
9750.056 1.6482942904285195e-08
9800.056 1.8282316244296183e-08
9850.056 2.059186287054608e-08
9900.056 2.3679451922109912e-08
9950.056 2.4097922840239455e-08
10000.056 2.1921069306096773e-08
10050.056 2.9343091919000565e-08
10100.056 3.534822980339601e-08
10150.056 3.9840786130995317e-08
10200.056 4.53462552870007e-08
10250.056 5.1145969220601896e-08
10300.056 5.8539490007997423e-08
10350.056 6.565191275600066e-08
10400.056 7.60595110509988e-08
10450.056 8.255650007299259e-08
10500.056 8.670599883999974e-08
10550.056 9.128180649800232e-08
10600.056 9.548145628899599e-08
10650.056 1.0163111789600325e-07
10700.056 1.0367544040580574e-07
10750.056 1.0765774657280369e-07
10800.056 1.0822989922560274e-07
10850.056 1.0365086359509522e-07
10900.056 8.014960083129712e-08
10950.056 4.6794060493067746e-08
11000.056 3.811152701954838e-08
11050.056 2.882935086498927e-08
11100.056 2.084969895928535e-08
11150.056 1.2489264660857498e-08
11200.056 1.0756759699049064e-08
11250.056 1.2570367971968408e-08
11300.056 1.4453679942752048e-08
11350.056 6.870383731254915e-09
11400.056 1.228028093125415e-08
11450.056 1.0113245605462133e-08
11500.056 7.717667294243236e-09
11550.056 3.1026700940218938e-09
11600.056 3.617917509571534e-09
11650.056 7.011675738206764e-09
11700.056 7.28887119735947e-09
11750.056 2.0579954704560123e-09
11800.056 8.10998557606046e-09
11850.056 1.3334140859902298e-08
11900.056 1.597465191779545e-08
11950.056 2.3076631420271342e-08
12000.056 3.191519846107747e-08
12050.056 4.271768302408156e-08
12100.056 5.6333795219666015e-08
12150.056 7.251163979342517e-08
12200.056 8.633697295064472e-08
12250.056 1.0492494919507331e-07
12300.056 1.2660910489011627e-07
12350.056 1.334709992090004e-07
12400.056 1.5754638367299254e-07
12450.056 1.6773416537701093e-07
12500.056 1.8106437085400623e-07
12550.056 1.9537035246001194e-07
12600.056 2.222371863500121e-07
12650.056 2.1968348764959781e-07
12700.056 2.2221920377083297e-07
12750.056 2.0852060820372537e-07
12800.056 2.0087010336800768e-07
12850.056 1.669428115460492e-07
12900.056 1.435967579845422e-07
12950.056 1.3640006877441479e-07
13000.056 1.2595334510381238e-07
13050.056 1.045039951361869e-07
13100.056 9.432203136700571e-08
13150.056 7.386930632843253e-08
13200.056 6.341214088057043e-08
13250.056 4.84464288575241e-08
13300.056 2.2969293377794068e-08
13350.056 7.735393524306501e-09
13400.056 5.6401758146629156e-09
13450.056 2.855207829129184e-09
13500.056 1.8146758531700619e-09
13550.056 1.18890040510924e-09
13600.056 4.839312629948227e-10
13650.056 1.4360908958311847e-09
13700.056 1.1253813696712273e-09
13750.056 1.1248754376596967e-09
13800.056 1.1666738515331406e-09
13850.056 9.259693450502638e-10
13900.056 1.0159607313838074e-09
13950.056 8.58141505516001e-10
14000.056 8.89730893767107e-10
14050.056 1.1739125998665044e-09
14100.056 1.2205747439392856e-09
14150.056 1.8100119228236767e-09
14200.056 1.4069057596711663e-09
14250.056 1.6743175563299818e-09
14300.056 2.780239727076374e-09
14350.056 2.9910178594223478e-09
14400.056 3.5039583480445573e-09
14450.056 4.070754638814654e-09
14500.056 7.248958912522239e-09
14550.056 8.439798235442353e-09
14600.056 1.0551668855284923e-08
14650.056 1.024177382235912e-08
14700.056 7.767460682260351e-09
14750.056 8.310934505239446e-09
14800.056 1.2123572479113499e-08
14850.056 1.3931693473422457e-08
14900.056 1.4692681058791874e-08
14950.056 1.5809753472666882e-08
15000.056 2.0608517674355988e-08
15050.056 2.138647723806547e-08
15100.056 2.1869014713958135e-08
15150.056 2.3617889909808052e-08
15200.056 2.7106979493145264e-08
15250.056 3.6905392503910036e-08
15300.056 4.28816488229414e-08
15350.056 4.8987529338939566e-08
15400.056 5.73112940156331e-08
15450.056 6.502046820929631e-08
15500.056 6.99401782529916e-08
15550.056 8.168468523398524e-08
15600.056 8.873111141370166e-08
15650.056 9.755225891300105e-08
15700.056 1.122504045405284e-07
15750.056 1.189614716779902e-07
15800.056 1.1922617594301693e-07
15850.056 1.2411057868000818e-07
15900.056 1.1038573237400282e-07
15950.056 9.903878914098233e-08
16000.056 7.552308926100637e-08
16050.056 4.782037567509773e-08
16100.056 3.2659776712016005e-08
16150.056 2.0821327061481814e-08
16200.056 1.3177988655651737e-08
16250.056 1.054608947684584e-08
16300.056 7.807493292670232e-09
16350.056 8.773521022927035e-09
16400.056 1.0799055068529952e-08
16450.056 1.1169831903870831e-08
16500.056 1.1406817104401956e-08
16550.056 1.140493847427489e-08
16600.056 1.153498791404853e-08
16650.056 9.239404990816013e-09
16700.056 2.6115907570769097e-09
16750.056 4.35191723988374e-09
16800.056 7.59724895824386e-09
16850.056 8.743324226242535e-09
16900.056 6.328197359242172e-09
16950.056 4.5940946283283486e-09
17000.056 3.2207178578901075e-09
17050.056 5.459236594761813e-09
17100.056 7.686563133225752e-09
17150.056 5.228721926055869e-09
17200.056 1.0046258227699495e-08
17250.056 8.590110579763127e-09
17300.056 5.988243257733606e-09
17350.056 5.683578218634552e-09
17400.056 7.196529718130335e-09
17450.056 9.090344624263184e-09
17500.056 1.1119345209253748e-08
17550.056 1.0652119258910098e-08
17600.056 8.832901344892687e-09
17650.056 8.861369388369014e-09
17700.056 6.743271946633672e-09
17750.056 6.854573203530553e-09
17800.056 1.1028912139387167e-08
17850.056 7.500216216945186e-09
17900.056 6.1915918460593975e-09
17950.056 5.361955985662919e-09
18000.056 6.6918023911572005e-09
18050.056 6.972466775412934e-09
18100.056 7.97049740682415e-09
18150.056 9.442824408052966e-09
18200.056 6.3347220688634734e-09
18250.056 1.2615038035678836e-08
18300.056 8.018100717902185e-09
18350.056 6.515378652653222e-09
18400.056 6.3249239255166625e-09
18450.056 8.893858879366315e-09
18500.056 9.469490956214931e-09
18550.056 7.49591698658604e-09
18600.056 7.09080255410984e-09
18650.056 6.736010027455243e-09
18700.056 5.434704153550635e-09
18750.056 7.870789943804169e-09
18800.056 1.3409988896056473e-08
18850.056 1.4673477234721513e-08
18900.056 1.4009160071769682e-08
18950.056 1.876232401180038e-08
19000.056 1.3021802406349748e-08
19050.056 9.498602396754527e-09
19100.056 1.4614531494123391e-08
19150.056 1.0577743284541672e-08
19200.056 1.2373765695289443e-08
19250.056 9.828162679578574e-09
19300.056 8.80876279637131e-09
19350.056 7.520300004052186e-09
19400.056 6.2246310754575704e-09
19450.056 1.0113196999853018e-08
19500.056 9.016984322960337e-09
19550.056 7.443803778649684e-09
19600.056 1.0984537370091555e-08
19650.056 1.1020232345679354e-08
19700.056 1.1659308273426142e-08
19750.056 1.3800049752307122e-08
19800.056 1.3285327690994872e-08
19850.056 1.6838754808041652e-08
19900.056 1.49608516578241e-08
19950.056 2.1171141987694253e-08
20000.056 2.0843789297461093e-08
20050.056 2.1027429591662673e-08
20100.056 2.653736040776029e-08
20150.056 2.217689570435685e-08
20200.056 2.291713084055324e-08
20250.056 2.8548239216933666e-08
20300.056 2.9502691406605282e-08
20350.056 3.1744856801242364e-08
20400.056 3.067134647928613e-08
20450.056 3.654412616269105e-08
20500.056 3.970171807375324e-08
20550.056 4.007653772429662e-08
20600.056 4.2712246417041196e-08
20650.056 4.488255884710485e-08
20700.056 4.648214889179188e-08
20750.056 4.832009488026617e-08
20800.056 4.823332229337185e-08
20850.056 4.8348128002800805e-08
20900.056 4.967476977858665e-08
20950.056 4.740806531070014e-08
21000.056 4.56985348210116e-08
21050.056 4.556930306189349e-08
21100.056 4.2963613922904646e-08
21150.056 4.2915844097992145e-08
21200.056 3.970246115938328e-08
21250.056 3.7099615478198434e-08
21300.056 3.2301566316764e-08
21350.056 3.215717953031793e-08
21400.056 3.04899601912783e-08
21450.056 2.7377787145908983e-08
21500.056 2.5113345506076185e-08
21550.056 2.2817464982585123e-08
21600.056 1.987023437873025e-08
21650.056 1.6778215012750015e-08
21700.056 1.6700871723998666e-08
21750.056 1.503331734156366e-08
21800.056 1.2853880702475883e-08
21850.056 1.1981631594858849e-08
21900.056 8.805295324394307e-09
21950.056 5.154944370761905e-09
22000.056 2.0412985164175035e-09
22050.056 1.4697292457799243e-09
22100.056 2.9470244805943393e-09
22150.056 4.123797371387038e-09
22200.056 4.57250569224864e-09
22250.056 3.759309056166329e-09
22300.056 2.902140954907566e-09
22350.056 2.9893191815100234e-09
22400.056 1.9312846540653162e-09
22450.056 1.8881761139700503e-09
22500.056 1.6286357143815087e-09
22550.056 1.3191542869824226e-09
22600.056 1.317228542838546e-09
22650.056 1.5938401958199532e-09
22700.056 1.282171002498802e-09
22750.056 1.358676710339903e-09
22800.056 1.287251945992812e-09
22850.056 1.107898164212745e-09
22900.056 9.16375029959513e-10
22950.056 8.745149087551799e-10
23000.056 1.1773048144949875e-09
23050.056 1.5190038716622795e-09
23100.056 3.1779402734335263e-09
23150.056 3.423145894544459e-09
23200.056 6.765489948190212e-10
23250.056 9.703858131909883e-10
23300.056 9.304506612643843e-10
23350.056 1.0301395682052388e-09
23400.056 1.1417752372059252e-09
23450.056 1.003699749213505e-09
23500.056 1.0938075892133597e-09
23550.056 1.4816306349134684e-09
23600.056 1.6944337619134922e-09
23650.056 2.4720378680490704e-09
23700.056 1.2878748969314155e-09
23750.056 1.0180074734748116e-09
23800.056 1.5001876440761132e-09
23850.056 1.5898041904521504e-09
23900.056 2.5564111043033317e-09
23950.056 2.579309083853321e-09
24000.056 3.1265904643936613e-09
24050.056 4.012912054731402e-09
24100.056 3.744671423462399e-09
24150.056 4.536627868592764e-09
24200.056 4.079987571739261e-09
24250.056 3.5038228971003607e-09
24300.056 4.555590737284259e-09
24350.056 4.032031042959733e-09
24400.056 5.817086272873288e-09
24450.056 5.979425199482882e-09
24500.056 6.093886939120762e-09
24550.056 7.62172252316075e-09
24600.056 7.716320645352203e-09
24650.056 1.0045973882372744e-08
24700.056 7.464608425074493e-09
24750.056 8.764647464074444e-09
24800.056 9.014855597065579e-09
24850.056 1.2152660777354375e-08
24900.056 7.800349930020551e-09
24950.056 1.3071879279661583e-08
25000.056 1.2244202836815315e-08
25050.056 9.272174848936471e-09
25100.056 1.2774359608218764e-08
25150.056 8.490545086036773e-09
25200.056 1.1575932335067504e-08
25250.056 7.580464554051475e-09
25300.056 1.125180253514811e-08
25350.056 6.566579342379219e-09
25400.056 1.2080611469421812e-08
25450.056 6.460595964268376e-09
25500.056 6.37776571763326e-09
25550.056 7.844754400583599e-09
25600.056 5.859376887447697e-09
25650.056 4.385876961766818e-09
25700.056 7.91329300374761e-09
25750.056 3.3221621592407625e-09
25800.056 8.328789728255913e-09
25850.056 3.6148388674910256e-09
25900.056 4.944028857147418e-09
25950.056 2.677394072949805e-09
26000.056 8.767084291320884e-09
26050.056 4.19368834754328e-09
26100.056 7.988815374129525e-09
26150.056 5.800540514445398e-09
26200.056 7.05066659056926e-09
26250.056 1.2954446968271529e-08
26300.056 7.71695455355433e-09
26350.056 1.590793395845656e-08
26400.056 1.6000602193689953e-08
26450.056 1.7589572707597434e-08
26500.056 2.021840056455405e-08
26550.056 9.5822005500742e-09
26600.056 1.351418082056271e-08
26650.056 5.390029844408047e-09
26700.056 4.872487971503275e-09
26750.056 3.4657649345798783e-09
26800.056 6.544030094885267e-09
26850.056 3.6922806143511516e-09
26900.056 9.637866878630597e-09
26950.056 4.69465820953824e-09
27000.056 1.359215832187981e-08
27050.056 1.1111422456488884e-08
27100.056 6.584258895626786e-09
27150.056 1.6204863741300016e-08
27200.056 7.042293588169003e-09
27250.056 1.0089936216819776e-08
27300.056 2.568462561358373e-08
27350.056 1.7157091992877547e-08
27400.056 3.8510203700374535e-09
27450.056 2.1285076902295576e-08
27500.056 2.059251683010692e-08
27550.056 8.024199683803615e-09
27600.056 1.5268864107132637e-08
27650.056 6.7984066622899365e-09
27700.056 5.364199478639462e-09
27750.056 1.6677033525551014e-08
27800.056 6.47568201216837e-09
27850.056 8.946349588762909e-09
27900.056 9.220130609873753e-09
27950.056 1.7851419879394394e-08
28000.056 1.4402220547647034e-08
28050.056 4.155472531941159e-09
28100.056 1.6149991606392845e-08
28150.056 1.1081496149112518e-08
28200.056 5.270553895166093e-09
28250.056 1.7735447471164668e-08
28300.056 2.085560790426295e-08
28350.056 7.316031690879723e-09
28400.056 1.4080564770993419e-08
28450.056 1.896513659759043e-08
28500.056 1.4449968637123995e-08
28550.056 5.389810246801109e-09
28600.056 2.185261054404632e-08
28650.056 1.7486286878430338e-08
28700.056 1.703635534248903e-08
28750.056 2.4809353754036996e-08
28800.056 1.7756938307272158e-08
