galfind/configs/Brown_Dwarf_templates/sonora_bobcat/m-0.5/17g/sp_t800g17nc_m-0.5_resample.dat
# %ECSV 1.0
# ---
# datatype:
# - {name: wav, unit: Angstrom, datatype: float64}
# - {name: flux_nu, unit: erg / (cm2 Hz s), datatype: float64}
# meta: {C/O: '1.00', Kzz: '1.0000E+05', Teff: '800.', Y: '0.28', '[Fe/H]': '-0.50', f_hole: '1.00', f_rain: '0.00', grav: '18.'}
# schema: astropy-2.0
wav flux_nu
[from data line 498]
28900.056 1.8392287128065594e-08
28950.056 3.848893436979123e-08
29000.056 3.0817799938322046e-08
29050.056 3.531059426261893e-08
29100.056 2.505818714214237e-08
29150.056 4.210402864102014e-08
29200.056 3.157409616366611e-08
29250.056 4.646214282678021e-08
29300.056 2.4654648514663074e-08
29350.056 6.447923401710312e-08
29400.056 3.5826359266368924e-08
29450.056 3.881297945583387e-08
29500.056 4.391424932778997e-08
29550.056 3.7190108895232284e-08
29600.056 4.557774228982293e-08
29650.056 4.9447670242945654e-08
29700.056 3.4073757591812e-08
29750.056 4.972384007979355e-08
29800.056 5.0538882733060153e-08
29850.056 5.491225545693133e-08
29900.056 5.0054081468854874e-08
29950.056 4.789946973790678e-08
30000.056 1.5788286088870257e-08
30050.056 2.1528116115663917e-08
30100.056 2.184014160467832e-08
30150.056 4.254105636219415e-08
30200.056 3.461758626885358e-08
30250.056 5.990153559032749e-08
30300.056 5.5946237032909794e-08
30350.056 4.5769874260457667e-08
30400.056 5.890324269790723e-08
30450.056 4.029693883527707e-08
30500.056 3.705278760241349e-08
30550.056 3.836955732723655e-08
30600.056 4.6343069619790404e-08
30650.056 3.4353051570634036e-08
30700.056 3.199247510654877e-08
30750.056 3.831521059169328e-08
30800.056 3.00009009416566e-08
30850.056 2.9192367932964128e-08
30900.056 2.2736646438916022e-08
30950.056 2.4809160059485915e-08
31000.056 2.040350295630348e-08
31050.056 2.073383063202966e-08
31100.056 1.6800686295147527e-08
31150.056 2.2144189217889005e-08
31200.056 2.259323758620569e-08
31250.056 1.6751889793087236e-08
31300.056 1.5019203889206574e-08
31350.056 1.6359332590940835e-08
31400.056 1.2830694530442431e-08
31450.056 1.3525292391396207e-08
31500.056 1.03621582271746e-08
31550.056 1.205484481810898e-08
31600.056 8.633792443120616e-09
31650.056 8.198408852939522e-09
31700.056 8.461207884579183e-09
31750.056 6.749991189638313e-09
31800.056 9.044401777950168e-09
31850.056 6.228665882532568e-09
31900.056 7.676243240199603e-09
31950.056 5.00240635475977e-09
32000.056 6.453987094874781e-09
32050.056 7.322630687258196e-09
32100.056 7.091946621707401e-09
32150.056 7.559666775379337e-09
32200.056 6.108423107247957e-09
32250.056 8.7913173241314e-09
32300.056 6.024773146312247e-09
32350.056 9.020169896478476e-09
32400.056 5.861946942447818e-09
32450.056 8.403865237457271e-09
32500.056 7.178963491304545e-09
32550.056 7.125853742949413e-09
32600.056 8.828542535901257e-09
32650.056 1.3375594680867329e-08
32700.056 1.0803126097902685e-08
32750.056 1.3961728834262627e-08
32800.056 1.2738108290076843e-08
32850.056 1.505961610999849e-08
32900.056 1.666603496752051e-08
32950.056 1.7674873854439612e-08
33000.056 1.4299447445284431e-08
33050.056 1.3934723930268732e-08
33100.056 6.260231460547688e-09
33150.056 1.2512472869879834e-09
33200.056 1.3632723976784545e-09
33250.056 7.672008130198793e-10
33300.056 1.0126240098302134e-09
33350.056 2.0663668954499744e-09
33400.056 3.345152605338354e-09
33450.056 5.065967032019342e-09
33500.056 8.626246551606114e-09
33550.056 7.104737519243874e-09
33600.056 1.2046120930668285e-08
33650.056 1.1822272796427863e-08
33700.056 9.995872231778052e-09
33750.056 1.4887695423085507e-08
33800.056 1.1145321386903259e-08
33850.056 1.3518504798468448e-08
33900.056 1.0858363602710115e-08
33950.056 1.1024806391406957e-08
34000.056 1.4946981609447033e-08
34050.056 7.196800670066774e-09
34100.056 1.4534776202241486e-08
34150.056 1.1058346967390337e-08
34200.056 1.1931647160933701e-08
34250.056 1.1854972983942261e-08
34300.056 1.0640218133754974e-08
34350.056 9.609313122419687e-09
34400.056 8.135953097767991e-09
34450.056 1.1901344526724489e-08
34500.056 1.0907048143422325e-08
34550.056 8.158233331821019e-09
34600.056 1.4754053314899356e-08
34650.056 9.543533510180884e-09
34700.056 1.265862800536847e-08
34750.056 1.2142832234095211e-08
34800.056 1.0787575601735469e-08
34850.056 1.2894655362654915e-08
34900.056 1.3416909399392834e-08
34950.056 1.4823548093996135e-08
35000.056 2.2452807258906335e-08
35050.056 1.3079895401219448e-08
35100.056 1.7892856497432953e-08
35150.056 1.6449792629745155e-08
35200.056 1.8019908664597233e-08
35250.056 2.415670403129081e-08
35300.056 1.8244944669443564e-08
35350.056 1.8668066844772256e-08
35400.056 2.1434740652897525e-08
35450.056 1.4326630780988686e-08
35500.056 2.9452100380358282e-08
35550.056 2.6976244373993565e-08
35600.056 2.2408498091313812e-08
35650.056 2.5887846959616825e-08
35700.056 2.357822301798218e-08
35750.056 3.1098262054995244e-08
35800.056 4.026547072678082e-08
35850.056 2.3318597294686315e-08
35900.056 3.145570322690318e-08
35950.056 3.0036032265589075e-08
36000.056 3.0113416760105734e-08
36050.056 2.7177975194389024e-08
36100.056 2.8945816463881045e-08
36150.056 3.1757928937290656e-08
36200.056 3.4219484895988354e-08
36250.056 3.19118767248879e-08
36300.056 3.98553147306691e-08
36350.056 3.669769383526749e-08
36400.056 3.644374793611175e-08
36450.056 4.5289664578485455e-08
36500.056 4.8257335516081515e-08
36550.056 4.749200799211486e-08
36600.056 5.7576015756994695e-08
36650.056 5.5170915178725217e-08
36700.056 5.898685298488387e-08
36750.056 6.39892163038407e-08
36800.056 6.323173934250101e-08
36850.056 5.8131676074488934e-08
36900.056 6.621943387938944e-08
36950.056 7.20038015943872e-08
37000.056 6.66992460381898e-08
37050.056 6.753514233369287e-08
37100.056 7.504323223740272e-08
37150.056 6.290836514209348e-08
37200.056 7.642453448458616e-08
37250.056 7.66742330709859e-08
37300.056 6.753941935528653e-08
37350.056 7.15309242748159e-08
37400.056 1.0369840288959702e-07
37450.056 7.797296292747283e-08
37500.056 7.811721903779372e-08
37550.056 9.341202257886808e-08
37600.056 1.05021697200011e-07
37650.056 7.361010993370094e-08
37700.056 1.1196307717881212e-07
37750.056 8.342368699629735e-08
37800.056 8.866077289645209e-08
37850.056 6.412266984830678e-08
37900.056 7.567899968062371e-08
37950.056 9.295302125347654e-08
38000.056 1.1010618957959625e-07
38050.056 1.0736962422402826e-07
38100.056 1.0699317783662493e-07
38150.056 1.2378982260699889e-07
38200.056 1.2991092228003315e-07
38250.056 1.199476620994145e-07
38300.056 1.5529801550697468e-07
38350.056 1.5935622721702233e-07
38400.056 1.0402579653125676e-07
38450.056 1.084173565297616e-07
38500.056 7.810109056790314e-08
38550.056 1.1767999062403963e-07
38600.056 1.2162864089170422e-07
38650.056 1.1540132872107714e-07
38700.056 1.2438262381899787e-07
38750.056 1.3498211956101284e-07
38800.056 1.1929097476570833e-07
38850.056 1.2160233444841622e-07
38900.056 1.6071390734761046e-07
38950.056 1.305565041475798e-07
39000.056 1.4483008597429343e-07
39050.056 1.3229257033199984e-07
39100.056 1.4476364751800692e-07
39150.056 1.4636523516160296e-07
39200.056 1.510130282811849e-07
39250.056 1.6966969489797008e-07
39300.056 1.3978631860493904e-07
39350.056 1.8695513977801239e-07
39400.056 1.5722830896447538e-07
39450.056 1.6924109534878575e-07
39500.056 1.6724350761764213e-07
39550.056 1.6913217257455849e-07
39600.056 1.812230302209475e-07
39650.056 1.9331898933698232e-07
39700.056 1.8761340962102317e-07
39750.056 1.592870011027575e-07
39800.056 1.821444477839632e-07
39850.056 2.181819897650042e-07
39900.056 2.1589660185601467e-07
39950.056 1.8894574129694814e-07
40000.056 2.477008902170515e-07
40050.056 2.1754701269999877e-07
40100.056 1.8282995017279785e-07
40150.056 2.240227397659754e-07
40200.056 2.2761187380391408e-07
40250.056 2.2744532576391707e-07
40300.056 2.279621502330384e-07
40350.056 2.338022916769767e-07
40400.056 2.641026662844259e-07
40450.056 2.2965269387942542e-07
40500.056 2.653470669959781e-07
40550.056 2.661714081707367e-07
40600.056 2.5749861293203627e-07
40650.056 2.2991841368362613e-07
40700.056 3.018830218929878e-07
40750.056 2.578753439169613e-07
40800.056 2.1390430046288568e-07
40850.056 3.2051483202007924e-07
40900.056 2.933901556820183e-07
40950.056 2.7781479756901255e-07
41000.056 2.744949014309894e-07
41050.056 3.3444736329995803e-07
41100.056 2.9027635742401415e-07
41150.056 2.268574254993684e-07
41200.056 3.2888025827497045e-07
41250.056 2.795653978249699e-07
41300.056 2.6134000796994665e-07
41350.056 3.494823842400346e-07
41400.056 3.1838589723205e-07
41450.056 3.3986976471603155e-07
41500.056 2.825626840084108e-07
41550.056 2.868295459815585e-07
41600.056 3.351305799620527e-07
41650.056 3.3835160140501727e-07
41700.056 3.142308514598852e-07
41750.056 3.2160350517397906e-07
41800.056 3.66061517044008e-07
41850.056 2.7847297997000274e-07
41900.056 3.200861129477311e-07
41950.056 3.097894043280629e-07
42000.056 2.9906276786190003e-07
42050.056 2.789420735274331e-07
42100.056 3.766652638499968e-07
42150.056 2.965898212750086e-07
42200.056 2.8361593684001313e-07
42250.056 2.974377163229447e-07
42300.056 2.9936367887939755e-07
42350.056 3.599180787200507e-07
42400.056 3.410205735700878e-07
42450.056 3.0458846085605854e-07
42500.056 2.9818198324798333e-07
42550.056 2.909975966019521e-07
42600.056 3.131484946560856e-07
42650.056 3.8121302042585223e-07
42700.056 3.2778371535435853e-07
42750.056 3.0214546485300527e-07
42800.056 3.333178715360374e-07
42850.056 3.667941363398817e-07
42900.056 3.8557019954211026e-07
42950.056 3.1183144614490543e-07
43000.056 3.480542231040475e-07
43050.056 2.5237083754310217e-07
43100.056 3.105597400419279e-07
43150.056 2.95408183139043e-07
43200.056 3.4663668918199174e-07
43250.056 4.0983154742004635e-07
43300.056 4.075064883800024e-07
43350.056 2.883954655469195e-07
43400.056 3.396308214049597e-07
43450.056 3.0140505087505543e-07
43500.056 2.864688616639996e-07
43550.056 3.073281903373725e-07
43600.056 4.0203961113404205e-07
43650.056 3.136690911930081e-07
43700.056 3.929151009900728e-07
43750.056 3.6969545000505953e-07
43800.056 3.522202609459442e-07
43850.056 3.101754695530464e-07
43900.056 3.395667344549704e-07
43950.056 2.5215182482998624e-07
44000.056 2.4433503681948973e-07
44050.056 3.759252526580126e-07
44100.056 4.4093233658003177e-07
44150.056 4.097088295969534e-07
44200.056 3.7354467101999273e-07
44250.056 2.9520065793600994e-07
44300.056 2.625308385740511e-07
44350.056 2.9262152481608136e-07
44400.056 2.921283348909964e-07
44450.056 3.49733221076948e-07
44500.056 3.5890165566510016e-07
44550.056 4.1734208839994287e-07
44600.056 3.520434843369426e-07
44650.056 3.7150549274308043e-07
44700.056 2.80410565754009e-07
44750.056 3.6069119698704917e-07
44800.056 3.217707541300242e-07
44850.056 3.6916576357305384e-07
44900.056 3.125040294030306e-07
44950.056 3.4730262298801605e-07
45000.056 3.609719425699786e-07
45050.056 3.5635567427599385e-07
45100.056 3.508108505039883e-07
45150.056 3.583192490353519e-07
45200.056 3.037627096650224e-07
45250.056 3.2986177513689e-07
45300.056 2.908331178270537e-07
45350.056 3.007061573609964e-07
45400.056 4.118003802600317e-07
45450.056 3.654792203499795e-07
45500.056 3.742927455870102e-07
45550.056 4.1401588949988413e-07
45600.056 4.1124332530004894e-07
45650.056 3.3269149186795943e-07
45700.056 3.0940787845203003e-07
45750.056 2.9961522273599467e-07
45800.056 4.100885565200008e-07
45850.056 4.209725119619976e-07
45900.056 4.375210858700036e-07
45950.056 3.652302821049877e-07
46000.056 4.129565531070165e-07
46050.056 3.6242425458202515e-07
46100.056 4.201789877899671e-07
46150.056 3.451219468179887e-07
46200.056 3.3499712175001947e-07
46250.056 2.429198507140522e-07
46300.056 3.730596495829997e-07
46350.056 3.532261035440317e-07
46400.056 3.389369727500134e-07
46450.056 3.2108280249305525e-07
46500.056 3.4311898522207567e-07
46550.056 2.868545708389918e-07
46600.056 3.4054823386198563e-07
46650.056 4.4503284505998566e-07
46700.056 3.4711666943998834e-07
46750.056 2.6576898820319533e-07
46800.056 2.1985892725702731e-07
46850.056 4.43741017455087e-07
46900.056 3.94430903629963e-07
46950.056 3.964156186079955e-07
47000.056 3.6980691198604044e-07
47050.056 3.512143339356711e-07
47100.056 2.62588946638045e-07
47150.056 3.1493266683904194e-07
47200.056 3.71539862710018e-07
47250.056 2.95246485691976e-07
47300.056 2.3169211721850754e-07
47350.056 4.0044439727995754e-07
47400.056 3.749927392539618e-07
47450.056 3.75347406360834e-07
47500.056 4.055285865409404e-07
47550.056 3.684001991500025e-07
47600.056 3.6200931295998134e-07
47650.056 3.259952655119445e-07
47700.056 3.4165166639308856e-07
47750.056 2.5582726861001e-07
47800.056 2.7938734568801026e-07
47850.056 2.1571094157400685e-07
47900.056 2.6944205597895404e-07
47950.056 3.163709051500365e-07
48000.056 4.248031795000751e-07
48050.056 3.88228970684007e-07
48100.056 2.530856324500209e-07
48150.056 3.304843965100225e-07
48200.056 3.003210788940026e-07
48250.056 3.031443975180109e-07
48300.056 3.8572261710988734e-07
48350.056 2.6326802045302797e-07
48400.056 1.8319241935876523e-07
48450.056 2.951778966800863e-07
48500.056 3.61571579107949e-07
48550.056 3.04319255264005e-07
48600.056 3.2792035067000633e-07
48650.056 3.4340368720997343e-07
48700.056 3.055872818859856e-07
48750.056 2.1618378633511733e-07
48800.056 3.9735922682598916e-07
48850.056 2.592373518849531e-07
48900.056 3.7362961379999643e-07
48950.056 2.7888363400003777e-07
49000.056 1.717041190583639e-07
49050.056 3.159634571399762e-07
49100.056 3.439221426760624e-07
49150.056 2.936656109789339e-07
49200.056 3.751877484700507e-07
49250.056 3.5283309904805465e-07
49300.056 3.1580953802999453e-07
49350.056 2.0336432166303544e-07
49400.056 2.670354356829658e-07
49450.056 2.810651920325908e-07
49500.056 2.3388450736797734e-07
49550.056 1.3685407996201908e-07
49600.056 2.2011521975785312e-07
49650.056 2.654002077809904e-07
49700.056 2.5036005377192405e-07
49750.056 2.9544763882693325e-07
49800.056 2.531863297464212e-07
49850.056 3.507556920940896e-07
49900.056 2.883859668509731e-07
49950.056 2.811450970429961e-07
50000.056 2.5876499616997636e-07
50050.056 3.096680499799935e-07
50100.056 2.5320951778401446e-07
50150.056 1.8109693059597578e-07
50200.056 9.237152200461456e-08
50250.056 2.438089847049653e-07
50300.056 1.9623495415902093e-07
50350.056 3.0769462658103244e-07
50400.056 2.7245528011398366e-07
50450.056 2.2084520968842251e-07
50500.056 2.7498885766504134e-07
50550.056 2.563291786870155e-07
50600.056 2.1989823291294754e-07
50650.056 2.941610634100623e-07
50700.056 3.0847833430488296e-07
50750.056 2.471077395230391e-07
50800.056 1.571240160609876e-07
50850.056 1.461420010300493e-07
50900.056 2.967948086459967e-07
50950.056 2.312409369970325e-07
51000.056 2.485607612370197e-07
51050.056 2.454832598419986e-07
51100.056 1.416929084195836e-07
51150.056 1.972165309639803e-07
51200.056 3.2836902403997887e-07
51250.056 2.1584978559195348e-07
51300.056 1.872483915440907e-07
51350.056 1.968406744909865e-07
51400.056 1.2046412773199753e-07
51450.056 1.0344691048027061e-07
51500.056 1.1326506949784125e-07
51550.056 2.446076007340172e-07
51600.056 1.7736029502703322e-07
51650.056 1.802317942819589e-07
51700.056 2.0030896385587755e-07
51750.056 1.4893153334552112e-07
51800.056 2.129734816999566e-07
51850.056 1.9710026213498913e-07
51900.056 2.7673417908402417e-07
51950.056 2.110316827899851e-07
52000.056 8.403901890898348e-08
52050.056 1.6222266730402508e-07
52100.056 1.2320323996398958e-07
52150.056 1.0957953741140858e-07
52200.056 1.2299682420660118e-07
52250.056 1.5849115201503037e-07
52300.056 2.2578816770598736e-07
52350.056 1.6287257895820675e-07
52400.056 1.1749420387391163e-07
52450.056 2.142688560870125e-07
52500.056 2.007822068279451e-07
52550.056 2.016173958879534e-07
52600.056 1.7025663981402063e-07
52650.056 1.8103746637702903e-07
52700.056 1.597282680449964e-07
52750.056 1.0759049518239908e-07
52800.056 1.3826900116502177e-07
52850.056 1.4813070964995217e-07
52900.056 1.2974242510098592e-07
52950.056 1.419385512794036e-07
53000.056 1.8978197324301881e-07
53050.056 1.0487853751867017e-07
53100.056 1.5055735927195345e-07
53150.056 2.1046252507402766e-07
53200.056 1.0440406289999862e-07
53250.056 1.9141369913500905e-07
53300.056 2.0947988478131306e-07
53350.056 1.89669873808994e-07
53400.056 1.682571771460006e-07
53450.056 9.965448045398414e-08
53500.056 5.723059300898206e-08
