galfind/configs/Brown_Dwarf_templates/sonora_bobcat/m-0.5/17g/sp_t700g17nc_m-0.5_resample.dat
# %ECSV 1.0
# ---
# datatype:
# - {name: wav, unit: Angstrom, datatype: float64}
# - {name: flux_nu, unit: erg / (cm2 Hz s), datatype: float64}
# meta: {C/O: '1.00', Kzz: '1.0000E+05', Teff: '700.', Y: '0.28', '[Fe/H]': '-0.50', f_hole: '1.00', f_rain: '0.00', grav: '18.'}
# schema: astropy-2.0
wav flux_nu
[from data line 500]
29000.056 1.2397042047074361e-08
29050.056 1.5189244539327486e-08
29100.056 1.0420262097961183e-08
29150.056 1.6448453611477318e-08
29200.056 1.338460938506136e-08
29250.056 2.0790823938904672e-08
29300.056 9.81125435954163e-09
29350.056 2.8201343733257926e-08
29400.056 1.5031361985477915e-08
29450.056 1.614937464484177e-08
29500.056 1.914273558729371e-08
29550.056 1.5166320673995195e-08
29600.056 1.936678535103051e-08
29650.056 2.3117595883381952e-08
29700.056 1.4054238268891118e-08
29750.056 2.2268330847061297e-08
29800.056 2.2104355565352278e-08
29850.056 2.4723715391934644e-08
29900.056 2.218349554223768e-08
29950.056 2.0518539209726852e-08
30000.056 3.3694442781185623e-09
30050.056 6.2509413562626195e-09
30100.056 8.473596887534465e-09
30150.056 1.741625577632806e-08
30200.056 1.4494255288925823e-08
30250.056 2.8100274932481444e-08
30300.056 2.848793628795506e-08
30350.056 2.0531965672346067e-08
30400.056 3.0368775663286914e-08
30450.056 1.9484505548368055e-08
30500.056 1.927898481684198e-08
30550.056 1.9156608929743522e-08
30600.056 2.554942803095122e-08
30650.056 1.785561123391333e-08
30700.056 1.5911143234716074e-08
30750.056 2.1572993270621152e-08
30800.056 1.574671273820302e-08
30850.056 1.632829974304405e-08
30900.056 1.109114129317283e-08
30950.056 1.3203507318961635e-08
31000.056 1.077278238575259e-08
31050.056 1.1128843733754458e-08
31100.056 8.427143274221605e-09
31150.056 1.2324314529223074e-08
31200.056 1.3161308705563076e-08
31250.056 9.618680263197011e-09
31300.056 7.829251382943315e-09
31350.056 9.426565808114755e-09
31400.056 7.270254635039162e-09
31450.056 7.598333145437507e-09
31500.056 5.316136606552004e-09
31550.056 6.4533730294637935e-09
31600.056 4.332804636589091e-09
31650.056 4.302496890069405e-09
31700.056 4.588070743919676e-09
31750.056 3.1915579314439167e-09
31800.056 4.8303056313705235e-09
31850.056 2.67419817505988e-09
31900.056 3.6301241369559345e-09
31950.056 2.3275390267824403e-09
32000.056 3.0169164527570117e-09
32050.056 3.4484677081150627e-09
32100.056 3.2957202490621178e-09
32150.056 3.7031584969937942e-09
32200.056 2.6714815169425164e-09
32250.056 4.477165549096884e-09
32300.056 2.6473822735192833e-09
32350.056 4.43962804127123e-09
32400.056 2.4994133961549316e-09
32450.056 4.119399455636776e-09
32500.056 3.022468358765921e-09
32550.056 3.3465165970330933e-09
32600.056 4.036072183743953e-09
32650.056 6.935992346071156e-09
32700.056 5.056255772097691e-09
32750.056 7.810752407409575e-09
32800.056 6.772922179839963e-09
32850.056 8.729101832199164e-09
32900.056 9.240299324819994e-09
32950.056 1.0105589195901318e-08
33000.056 7.806219924670395e-09
33050.056 8.061533194407761e-09
33100.056 3.1046884126873234e-09
33150.056 2.0507930037189246e-10
33200.056 3.609880992096494e-10
33250.056 2.1024070132747982e-10
33300.056 3.6867647145207307e-10
33350.056 9.337121775038943e-10
33400.056 1.7673952485430263e-09
33450.056 2.636042461815633e-09
33500.056 5.205899492944355e-09
33550.056 3.4400702479248604e-09
33600.056 6.6455317615443345e-09
33650.056 6.37957160280919e-09
33700.056 5.031600496482801e-09
33750.056 8.36568995334005e-09
33800.056 4.8746853383513775e-09
33850.056 6.869712861152049e-09
33900.056 5.59936001402528e-09
33950.056 5.540402354751802e-09
34000.056 8.195991961007255e-09
34050.056 3.137336694775592e-09
34100.056 7.718294891786123e-09
34150.056 5.297674122641574e-09
34200.056 6.636042580762246e-09
34250.056 6.07444270545196e-09
34300.056 5.343496627558056e-09
34350.056 5.257741440457685e-09
34400.056 3.86261617004537e-09
34450.056 6.473679781708854e-09
34500.056 5.602457672758866e-09
34550.056 3.6673677123584845e-09
34600.056 8.20753016259036e-09
34650.056 4.4489110994406154e-09
34700.056 7.061992312508905e-09
34750.056 6.24564663339931e-09
34800.056 5.38291822752431e-09
34850.056 7.329800344712436e-09
34900.056 6.836655709916208e-09
34950.056 8.270982312187277e-09
35000.056 1.3743750180568279e-08
35050.056 7.026982677136367e-09
35100.056 1.0961795342942244e-08
35150.056 9.663645385956036e-09
35200.056 1.0459240757034416e-08
35250.056 1.4959979010513465e-08
35300.056 1.0170547806747867e-08
35350.056 1.0870804206359344e-08
35400.056 1.2579325283446357e-08
35450.056 8.203109724285666e-09
35500.056 1.9072956643757802e-08
35550.056 1.65621058464456e-08
35600.056 1.3699381903030252e-08
35650.056 1.5721179897367857e-08
35700.056 1.4339470490843559e-08
35750.056 1.994238371635791e-08
35800.056 2.5278611042051092e-08
35850.056 1.3420734314007074e-08
35900.056 1.8421948402863386e-08
35950.056 1.8332357485682518e-08
36000.056 1.841814423293313e-08
36050.056 1.585965785795368e-08
36100.056 1.664558794998592e-08
36150.056 1.981269934162357e-08
36200.056 2.1584112131441933e-08
36250.056 1.9250987954596156e-08
36300.056 2.6202200319438537e-08
36350.056 2.2674176374766424e-08
36400.056 2.3690332528932678e-08
36450.056 2.912792554541309e-08
36500.056 3.199853220677683e-08
36550.056 3.146860327946004e-08
36600.056 3.853152415639273e-08
36650.056 3.556736856427546e-08
36700.056 3.816867718549028e-08
36750.056 4.234882831862933e-08
36800.056 4.2292584271900455e-08
36850.056 3.6798711246675054e-08
36900.056 4.4696629696733076e-08
36950.056 4.738578818529107e-08
37000.056 4.201774769199074e-08
37050.056 4.495693059659551e-08
37100.056 4.864974914890366e-08
37150.056 4.0466066446733575e-08
37200.056 5.1261278748187115e-08
37250.056 4.901581092019123e-08
37300.056 4.28664896192276e-08
37350.056 4.81065271599212e-08
37400.056 7.054701465983908e-08
37450.056 4.879831793920559e-08
37500.056 4.991862794687814e-08
37550.056 6.305368924605064e-08
37600.056 7.351485343781136e-08
37650.056 4.556957478843105e-08
37700.056 7.528426926752817e-08
37750.056 5.3523933191699364e-08
37800.056 5.722201682502912e-08
37850.056 3.825343436810676e-08
37900.056 4.743605774741157e-08
37950.056 6.239756293223458e-08
38000.056 7.218533345232617e-08
38050.056 7.20494956266262e-08
38100.056 7.451742228169705e-08
38150.056 8.491970729800126e-08
38200.056 8.860498941122206e-08
38250.056 8.010301802352024e-08
38300.056 1.0911804747697787e-07
38350.056 1.1120760051502129e-07
38400.056 6.69359935580047e-08
38450.056 6.640089139522671e-08
38500.056 4.592989694661876e-08
38550.056 7.58079666310302e-08
38600.056 7.791886520719953e-08
38650.056 7.510082678988241e-08
38700.056 7.848950904450063e-08
38750.056 8.513327460641319e-08
38800.056 7.759246709094276e-08
38850.056 7.970864514511047e-08
38900.056 1.0691850324460088e-07
38950.056 8.281195975588716e-08
39000.056 9.567639544909027e-08
39050.056 8.466548741300914e-08
39100.056 9.466044224369525e-08
39150.056 9.82796996678051e-08
39200.056 9.76946759449841e-08
39250.056 1.1475149573248498e-07
39300.056 9.088359277155678e-08
39350.056 1.2909047409261095e-07
39400.056 1.01036810270793e-07
39450.056 1.136136877577436e-07
39500.056 1.1501451927353605e-07
39550.056 1.0842410099645907e-07
39600.056 1.2219179507937187e-07
39650.056 1.305710698097788e-07
39700.056 1.2695644068481835e-07
39750.056 1.0262631897084492e-07
39800.056 1.178700429379878e-07
39850.056 1.511537667250055e-07
39900.056 1.507600491330103e-07
39950.056 1.2252596714346666e-07
40000.056 1.6736114825003658e-07
40050.056 1.4834912641559447e-07
40100.056 1.1554374400221797e-07
40150.056 1.5104519518698862e-07
40200.056 1.5570551282294254e-07
40250.056 1.5930199635344251e-07
40300.056 1.5716096098001985e-07
40350.056 1.5442552387087804e-07
40400.056 1.8206709651645768e-07
40450.056 1.4663169355120794e-07
40500.056 1.8446982260797187e-07
40550.056 1.8579234990194183e-07
40600.056 1.7521737853002538e-07
40650.056 1.5020564222179488e-07
40700.056 2.105089248329858e-07
40750.056 1.7231794403797283e-07
40800.056 1.4110513105951697e-07
40850.056 2.2848244212805937e-07
40900.056 2.07791459546811e-07
40950.056 1.9390438091800948e-07
41000.056 1.8626625215659177e-07
41050.056 2.376753928549534e-07
41100.056 2.0642720501401043e-07
41150.056 1.4809231770267962e-07
41200.056 2.3696351083558688e-07
41250.056 1.9451827509547722e-07
41300.056 1.8287028498596463e-07
41350.056 2.488884788950109e-07
41400.056 2.261694292060338e-07
41450.056 2.478888747979987e-07
41500.056 1.9842596569094842e-07
41550.056 1.9994013862695174e-07
41600.056 2.2937615826539379e-07
41650.056 2.40761045909006e-07
41700.056 2.2680975592791455e-07
41750.056 2.2655205953997334e-07
41800.056 2.593921750100322e-07
41850.056 2.0238566822209051e-07
41900.056 2.2633982453614475e-07
41950.056 2.2047284271904923e-07
42000.056 2.076615515232123e-07
42050.056 1.9645965021432276e-07
42100.056 2.607219763279794e-07
42150.056 2.0866656225900946e-07
42200.056 2.0076403867600796e-07
42250.056 2.0773973693347515e-07
42300.056 2.1105875264420438e-07
42350.056 2.5597429849203367e-07
42400.056 2.490690460000576e-07
42450.056 2.211676649590688e-07
42500.056 2.1432773708997886e-07
42550.056 2.051270383639594e-07
42600.056 2.255725151854731e-07
42650.056 2.880709426108895e-07
42700.056 2.3076400942275252e-07
42750.056 2.209897181820062e-07
42800.056 2.540981718740321e-07
42850.056 2.7530001207391133e-07
42900.056 2.9150196054208515e-07
42950.056 2.3470128475993771e-07
43000.056 2.6136752104004917e-07
43050.056 1.8169634935606365e-07
43100.056 2.3088568029694757e-07
43150.056 2.157440733695302e-07
43200.056 2.648954940419953e-07
43250.056 3.1879752537003777e-07
43300.056 3.1507442776799894e-07
43350.056 2.1259081254494146e-07
43400.056 2.582638284789755e-07
43450.056 2.1869127609083936e-07
43500.056 2.0952943241001488e-07
43550.056 2.2680867455175476e-07
43600.056 3.0305880961803625e-07
43650.056 2.3141831364120986e-07
43700.056 3.104443561260635e-07
43750.056 2.826798854030328e-07
43800.056 2.688794272589643e-07
43850.056 2.3498538671202985e-07
43900.056 2.509766084369836e-07
43950.056 1.8140788348598963e-07
44000.056 1.7500104727149228e-07
44050.056 2.9874207788000927e-07
44100.056 3.5737080463001806e-07
44150.056 3.2874268432997806e-07
44200.056 2.939094975799909e-07
44250.056 2.20045178286012e-07
44300.056 1.9057648184803615e-07
44350.056 2.1773547131856144e-07
44400.056 2.114620466789899e-07
44450.056 2.7517656438895397e-07
44500.056 2.773435276340736e-07
44550.056 3.4020632892995834e-07
44600.056 2.8982696342042585e-07
44650.056 2.887964814650612e-07
44700.056 2.1229078550900523e-07
44750.056 2.855257930790556e-07
44800.056 2.4351821515601943e-07
44850.056 2.9376335300003504e-07
44900.056 2.454290138990213e-07
44950.056 2.7915379266001183e-07
45000.056 2.9082482941999345e-07
45050.056 2.8413496094698605e-07
45100.056 2.741295440899917e-07
45150.056 2.8315776655995305e-07
45200.056 2.3368976032401403e-07
45250.056 2.5684385426791056e-07
45300.056 2.2065009237404186e-07
45350.056 2.2640394140401628e-07
45400.056 3.469389342970268e-07
45450.056 3.0333319908799604e-07
45500.056 3.1552431238601476e-07
45550.056 3.45617079521892e-07
45600.056 3.427997747100559e-07
45650.056 2.762186635029775e-07
45700.056 2.3424043059901345e-07
45750.056 2.3094023945699995e-07
45800.056 3.5215383297299947e-07
45850.056 3.455725763019942e-07
45900.056 3.658997436599976e-07
45950.056 3.040608985689908e-07
46000.056 3.4261811965801817e-07
46050.056 2.9002104559001624e-07
46100.056 3.6273469411996443e-07
46150.056 2.7766118476899953e-07
46200.056 2.6238972160000146e-07
46250.056 1.705808430520645e-07
46300.056 2.9530093738900085e-07
46350.056 2.8831626222703286e-07
46400.056 2.6791480643801205e-07
46450.056 2.5117137642904596e-07
46500.056 2.802874098230699e-07
46550.056 2.0944813118700074e-07
46600.056 2.6504961468958025e-07
46650.056 3.5791539775800353e-07
46700.056 2.6454912290696245e-07
46750.056 1.9545042866660321e-07
46800.056 1.5151755545042048e-07
46850.056 3.597631366310673e-07
46900.056 3.1791556254997894e-07
46950.056 3.1466511334098836e-07
47000.056 3.020362991820448e-07
47050.056 2.681746869659007e-07
47100.056 1.9833924766163198e-07
47150.056 2.485646417100366e-07
47200.056 2.9556017196800425e-07
47250.056 2.234287481089811e-07
47300.056 1.664874691727236e-07
47350.056 3.363669720839694e-07
47400.056 2.952574519199744e-07
47450.056 3.0004176566083306e-07
47500.056 3.288416276939538e-07
47550.056 2.9754193755100874e-07
47600.056 2.9133602012999005e-07
47650.056 2.72181937426363e-07
47700.056 2.6189375548837187e-07
47750.056 2.0077932697500556e-07
47800.056 2.0409291133101094e-07
47850.056 1.4952015662411268e-07
47900.056 1.9282183028396377e-07
47950.056 2.581398207320272e-07
48000.056 3.453670889700652e-07
48050.056 3.1522572233399916e-07
48100.056 1.8328704029421843e-07
48150.056 2.62447759489012e-07
48200.056 2.2263757757000104e-07
48250.056 2.3512359338201087e-07
48300.056 3.1216894336992173e-07
48350.056 2.0884865016501983e-07
48400.056 1.217163901156732e-07
48450.056 2.1578155850906374e-07
48500.056 2.717763921109544e-07
48550.056 2.4346516947201165e-07
48600.056 2.567676568540043e-07
48650.056 2.8474914411997536e-07
48700.056 2.343723467529953e-07
48750.056 1.6227171546709088e-07
48800.056 3.089810319029915e-07
48850.056 1.9858153910396437e-07
48900.056 2.9086468649558913e-07
48950.056 2.0061723722002373e-07
49000.056 1.1531715088577777e-07
49050.056 2.4065200788797434e-07
49100.056 2.725423213350489e-07
49150.056 2.2096907422112788e-07
49200.056 3.0155911664405106e-07
49250.056 2.819760013260445e-07
49300.056 2.520988798729966e-07
49350.056 1.4544042209772582e-07
49400.056 1.9508212752796552e-07
49450.056 2.0807168672856627e-07
49500.056 1.6958429146898471e-07
49550.056 8.376837237041123e-08
49600.056 1.5138032434751566e-07
49650.056 2.0108014707298962e-07
49700.056 1.9248872645593775e-07
49750.056 2.2318504377595965e-07
49800.056 1.845584456064135e-07
49850.056 2.708154541860696e-07
49900.056 2.1984650523357503e-07
49950.056 2.1568530411900316e-07
50000.056 1.938610056519736e-07
50050.056 2.3440883547999642e-07
50100.056 1.872910679340073e-07
50150.056 1.265734287609803e-07
50200.056 5.416148506081164e-08
50250.056 1.710554139879766e-07
50300.056 1.3008122019131567e-07
50350.056 2.2822589246902454e-07
50400.056 2.0438526372698613e-07
50450.056 1.6297068745001218e-07
50500.056 2.1121437692103045e-07
50550.056 1.9453423013701457e-07
50600.056 1.5865547991296028e-07
50650.056 2.2521006199004347e-07
50700.056 2.3442504038391453e-07
50750.056 1.789902265440276e-07
50800.056 1.0463491683098919e-07
50850.056 9.017305367403384e-08
50900.056 2.1958943211399594e-07
50950.056 1.6942485863901826e-07
51000.056 1.7455684770091295e-07
51050.056 1.8558998194799302e-07
51100.056 9.775022945808881e-08
51150.056 1.3578752292455085e-07
51200.056 2.489229163749845e-07
51250.056 1.580656562839694e-07
51300.056 1.3405690629106442e-07
51350.056 1.3936801250878805e-07
51400.056 7.912878757970132e-08
51450.056 6.603324522298062e-08
51500.056 6.988560538422687e-08
51550.056 1.701418592704125e-07
51600.056 1.2100002801162776e-07
51650.056 1.2798583175196895e-07
51700.056 1.4378506453469374e-07
51750.056 1.0453560841451611e-07
51800.056 1.534311643639731e-07
51850.056 1.386733246639887e-07
51900.056 1.985576386579981e-07
51950.056 1.4479659759998794e-07
52000.056 4.5891514289988223e-08
52050.056 1.0399286063841569e-07
52100.056 7.760300754699462e-08
52150.056 6.41092975684071e-08
52200.056 8.171210878100126e-08
52250.056 1.0763330153202664e-07
52300.056 1.5471036712999324e-07
52350.056 1.0141661984604403e-07
52400.056 7.701849898180932e-08
52450.056 1.5752835375700967e-07
52500.056 1.4054552520296296e-07
52550.056 1.389413499509737e-07
52600.056 1.1378552277000664e-07
52650.056 1.251441779500183e-07
52700.056 1.0636020392299697e-07
52750.056 6.753759760019807e-08
52800.056 9.041014814501316e-08
52850.056 9.836489155136769e-08
52900.056 7.94327367405002e-08
52950.056 9.129046918560481e-08
53000.056 1.2420278321102298e-07
53050.056 6.458681580338458e-08
53100.056 1.0647357247596777e-07
53150.056 1.3887347143301763e-07
53200.056 6.681705528769928e-08
53250.056 1.2896986861200517e-07
53300.056 1.488713602852783e-07
53350.056 1.2589141532799858e-07
53400.056 1.0328719524598863e-07
53450.056 5.8530344921486686e-08
53500.056 2.7288041886892348e-08
