galfind/configs/Brown_Dwarf_templates/sonora_bobcat/m-0.5/17g/sp_t325g17nc_m-0.5_resample.dat
# %ECSV 1.0
# ---
# datatype:
# - {name: wav, unit: Angstrom, datatype: float64}
# - {name: flux_nu, unit: erg / (cm2 Hz s), datatype: float64}
# meta: {C/O: '1.00', Kzz: '1.0000E+05', Teff: '325.', Y: '0.28', '[Fe/H]': '-0.50', f_hole: '1.00', f_rain: '0.00', grav: '18.'}
# schema: astropy-2.0
wav flux_nu
[from data line 499]
28950.056 1.47520370215735e-11
29000.056 8.09441579483813e-12
29050.056 1.4082913974676961e-11
29100.056 6.3248900156400775e-12
29150.056 6.973730906040316e-12
29200.056 2.963227528118591e-11
29250.056 2.282270377087094e-11
29300.056 1.2750501633815412e-11
29350.056 3.3821383219489e-11
29400.056 1.7401937138501577e-11
29450.056 6.573892872260772e-12
29500.056 3.909332866391486e-11
29550.056 1.0736582436154743e-11
29600.056 1.2401393337191722e-11
29650.056 5.5045187044967794e-11
29700.056 8.642574732672583e-12
29750.056 4.0654165157632995e-11
29800.056 2.206263435926725e-11
29850.056 4.559207288968451e-11
29900.056 1.7749334613964822e-11
29950.056 2.589791829901687e-11
30000.056 2.7345155668160607e-13
30050.056 2.5868442887715555e-12
30100.056 1.4226800254087773e-11
30150.056 5.715997942692713e-11
30200.056 3.130659165099333e-11
30250.056 5.406143085584052e-11
30300.056 8.722286003875656e-11
30350.056 1.4068636503559463e-11
30400.056 7.841889851194113e-11
30450.056 6.699515109741489e-11
30500.056 2.627532417237104e-11
30550.056 2.3250829372542064e-11
30600.056 2.692497573268079e-10
30650.056 9.92797553639909e-11
30700.056 4.20389486129907e-11
30750.056 1.0812012551274731e-10
30800.056 1.0391268838442199e-10
30850.056 1.175748235463503e-10
30900.056 5.1609974633256107e-11
30950.056 4.240856648892246e-11
31000.056 5.946241011364681e-11
31050.056 2.691648507952318e-11
31100.056 2.1662165284103313e-11
31150.056 3.9649508335499545e-11
31200.056 1.619490677426809e-10
31250.056 8.194821793900153e-11
31300.056 4.1855448976632485e-11
31350.056 1.3627320471404934e-10
31400.056 9.192740516101908e-11
31450.056 8.762095380807342e-11
31500.056 2.688708468934119e-11
31550.056 5.1641894114095164e-11
31600.056 3.892013202454462e-11
31650.056 3.2000071828972184e-11
31700.056 2.464900068548485e-11
31750.056 1.3625253822241773e-11
31800.056 2.4389124152391075e-11
31850.056 3.6641747776766325e-12
31900.056 8.725038328012364e-12
31950.056 5.961102754582881e-12
32000.056 3.1086607287288e-12
32050.056 5.736757280134101e-12
32100.056 5.0717779985493034e-12
32150.056 4.136905330448686e-12
32200.056 1.8205331339385055e-12
32250.056 4.6211118832376984e-12
32300.056 1.1383894740280285e-12
32350.056 4.468135222332206e-12
32400.056 3.9415166529583366e-13
32450.056 2.7357265713464924e-12
32500.056 3.8683116668946583e-13
32550.056 2.0550551364713403e-12
32600.056 3.2372151444658416e-13
32650.056 6.407084469179177e-12
32700.056 5.71971803060321e-13
32750.056 1.6042222958289735e-11
32800.056 6.2837755604350845e-12
32850.056 4.026650195500249e-11
32900.056 3.125179472106979e-11
32950.056 3.191744209728703e-11
33000.056 7.372443149892839e-12
33050.056 8.080609097932023e-12
33100.056 1.3047582808962791e-12
33150.056 3.633869699551364e-16
33200.056 4.606840546086684e-14
33250.056 8.207639131542588e-14
33300.056 1.340784067351732e-12
33350.056 3.4501253664897337e-12
33400.056 1.677220367790873e-11
33450.056 5.4123692608574676e-12
33500.056 2.5304965024578615e-11
33550.056 3.6510845606799664e-12
33600.056 1.1576439238219866e-11
33650.056 1.0705879566718634e-11
33700.056 2.3096626982290314e-12
33750.056 1.5883034198439974e-11
33800.056 8.084763877444805e-13
33850.056 7.290375678489086e-12
33900.056 8.555878399333609e-12
33950.056 7.06406454613976e-12
34000.056 1.8193877176322737e-11
34050.056 2.482037190977539e-12
34100.056 1.88810178657697e-11
34150.056 6.76078587139268e-12
34200.056 2.485710623235991e-11
34250.056 1.0661433400228679e-11
34300.056 1.3890004950265557e-11
34350.056 4.3219252993564834e-11
34400.056 8.493966001489038e-12
34450.056 3.566393160867013e-11
34500.056 1.3402287746736833e-11
34550.056 1.506009730489686e-11
34600.056 7.723570571190725e-11
34650.056 6.615392875850861e-12
34700.056 4.5467704057336527e-11
34750.056 2.6814445771783557e-11
34800.056 2.4470768890668358e-11
34850.056 9.227458922858506e-11
34900.056 1.1523915611556194e-11
34950.056 8.63633342802529e-11
35000.056 1.3574165664942895e-10
35050.056 8.080763934829345e-11
35100.056 1.7091101359537094e-10
35150.056 1.332290989017296e-10
35200.056 1.0470209660818891e-10
35250.056 2.0922748179673824e-10
35300.056 7.193630925194184e-11
35350.056 7.77526865192877e-11
35400.056 5.152245614700372e-11
35450.056 5.4660641950560156e-11
35500.056 2.109524638433268e-10
35550.056 1.0433543000770578e-10
35600.056 1.6618105332772518e-10
35650.056 2.3332322368044335e-10
35700.056 2.41760373679498e-10
35750.056 2.502418700414911e-10
35800.056 1.7576615108040497e-10
35850.056 6.634976830958498e-11
35900.056 8.138031210364541e-11
35950.056 1.2659432074563806e-10
36000.056 1.7759264777446963e-10
36050.056 1.1092094977041675e-10
36100.056 1.0577104633442851e-10
36150.056 3.5335397462161176e-10
36200.056 3.3822059179673735e-10
36250.056 2.0695087248581675e-10
36300.056 6.242214717531848e-10
36350.056 2.8705287360308684e-10
36400.056 5.428236712942226e-10
36450.056 4.894418322822833e-10
36500.056 5.012069918228118e-10
36550.056 9.11652297362044e-10
36600.056 8.374346408316638e-10
36650.056 5.48601124130003e-10
36700.056 7.052126513648072e-10
36750.056 8.956463220577859e-10
36800.056 1.124934066972614e-09
36850.056 4.192058845972415e-10
36900.056 8.30033064301675e-10
36950.056 1.104598892150051e-09
37000.056 6.600691279391724e-10
37050.056 1.2363382640204282e-09
37100.056 6.112531786597784e-10
37150.056 7.005875033962273e-10
37200.056 1.5240955863731236e-09
37250.056 8.47996588326851e-10
37300.056 4.670004403238891e-10
37350.056 9.682224636330862e-10
37400.056 1.5957785484934332e-09
37450.056 5.151701065998849e-10
37500.056 9.300657100389185e-10
37550.056 1.863184250887796e-09
37600.056 3.2889075094451982e-09
37650.056 7.454177588871019e-10
37700.056 1.568945394055091e-09
37750.056 1.1284690375410691e-09
37800.056 9.878182660584215e-10
37850.056 4.5876560914370754e-10
37900.056 6.199728383456155e-10
37950.056 1.4904717788256622e-09
38000.056 1.3805955434516261e-09
38050.056 2.4329953094887285e-09
38100.056 2.7830891969658253e-09
38150.056 3.4535555046340887e-09
38200.056 2.475058540218698e-09
38250.056 3.2373059561980794e-09
38300.056 4.8837579457180324e-09
38350.056 4.050421897822022e-09
38400.056 1.284925573765273e-09
38450.056 4.1787918220981774e-10
38500.056 2.9766469949091105e-10
38550.056 1.5219278131532325e-09
38600.056 1.6461619578249572e-09
38650.056 2.024537248515769e-09
38700.056 1.0972385936904991e-09
38750.056 1.6252829376165858e-09
38800.056 1.6398326280081194e-09
38850.056 2.102914167571589e-09
38900.056 2.5663315486528804e-09
38950.056 1.4089247624482005e-09
39000.056 3.0533143007348596e-09
39050.056 1.2278775093211192e-09
39100.056 2.3473999232965158e-09
39150.056 3.661112374863304e-09
39200.056 2.168473870194302e-09
39250.056 4.344957591780026e-09
39300.056 2.2636959957943295e-09
39350.056 5.196541129104607e-09
39400.056 2.3976996289055064e-09
39450.056 4.048016712635367e-09
39500.056 3.851418284570783e-09
39550.056 1.5025068094437439e-09
39600.056 3.999174269167989e-09
39650.056 4.659507472363276e-09
39700.056 4.876710529284991e-09
39750.056 2.0399378018487433e-09
39800.056 2.267973029601241e-09
39850.056 5.7184716867712794e-09
39900.056 7.383960421830476e-09
39950.056 2.386678936893797e-09
40000.056 4.963786599895442e-09
40050.056 5.920815762219662e-09
40100.056 1.8179942543197553e-09
40150.056 5.278704367540567e-09
40200.056 5.69807230913514e-09
40250.056 6.5855750338437345e-09
40300.056 6.566878636609333e-09
40350.056 3.5678013681236654e-09
40400.056 5.179338824660845e-09
40450.056 2.258509982424291e-09
40500.056 7.120840134121102e-09
40550.056 7.952353385346996e-09
40600.056 5.655597500800116e-09
40650.056 4.181893180282894e-09
40700.056 8.883902247637153e-09
40750.056 5.745510941447805e-09
40800.056 3.3134760705912233e-09
40850.056 1.1597675271483046e-08
40900.056 9.379950978058658e-09
40950.056 8.217179824092993e-09
41000.056 5.683980110143117e-09
41050.056 1.2206512224416358e-08
41100.056 9.935574333276009e-09
41150.056 3.2595409393030695e-09
41200.056 1.2454118768202001e-08
41250.056 8.904302200592015e-09
41300.056 9.534793420676032e-09
41350.056 1.3201273452998499e-08
41400.056 1.053567602199934e-08
41450.056 1.574306055335625e-08
41500.056 9.362429209631254e-09
41550.056 8.190464361612482e-09
41600.056 8.62891356953225e-09
41650.056 1.2853693389637434e-08
41700.056 1.7911359359495218e-08
41750.056 1.2838573394307586e-08
41800.056 1.2408675984002826e-08
41850.056 1.3054805664196866e-08
41900.056 1.0221973519219057e-08
41950.056 9.732506144320072e-09
42000.056 4.2410920329074344e-09
42050.056 6.935083578277572e-09
42100.056 7.040457167271081e-09
42150.056 9.089932942160718e-09
42200.056 1.1511898795380095e-08
42250.056 8.566775490237455e-09
42300.056 7.781524517789193e-09
42350.056 1.3754846321780448e-08
42400.056 1.7018623655302e-08
42450.056 1.7339686103704078e-08
42500.056 1.7631160733997104e-08
42550.056 1.4712581185396647e-08
42600.056 1.4411660411936368e-08
42650.056 2.2210969418093636e-08
42700.056 9.654690932561331e-09
42750.056 1.7356492792303324e-08
42800.056 2.6298315067303007e-08
42850.056 2.574228527599359e-08
42900.056 2.579300743860421e-08
42950.056 2.1505370704298818e-08
43000.056 2.4560590384602568e-08
43050.056 1.2212829955770812e-08
43100.056 1.964708015419883e-08
43150.056 1.5806548713251914e-08
43200.056 2.6379810730402143e-08
43250.056 3.1546437213101314e-08
43300.056 3.043068392379976e-08
43350.056 1.749898171009474e-08
43400.056 2.5379238498101505e-08
43450.056 1.5293821677000493e-08
43500.056 1.4531098114232974e-08
43550.056 1.6735449113602075e-08
43600.056 2.92281337226041e-08
43650.056 1.8244971577899696e-08
43700.056 3.2355355259608966e-08
43750.056 3.102697197459649e-08
43800.056 2.7005454631896953e-08
43850.056 2.4363329093702127e-08
43900.056 1.792288947877529e-08
43950.056 1.1452355594798842e-08
44000.056 1.2657539422099012e-08
44050.056 3.2347056961999806e-08
44100.056 3.874465770899974e-08
44150.056 3.4946654574799725e-08
44200.056 3.381957355300132e-08
44250.056 1.7943658139097668e-08
44300.056 1.4574431151522123e-08
44350.056 1.525141462387384e-08
44400.056 1.3695845528798592e-08
44450.056 2.681444554370198e-08
44500.056 2.458494910260362e-08
44550.056 3.394492502199857e-08
44600.056 2.8116969975479157e-08
44650.056 2.542452078860289e-08
44700.056 1.7638352126198216e-08
44750.056 2.9460970551406053e-08
44800.056 1.803506675542129e-08
44850.056 2.390584687080113e-08
44900.056 2.3693513717301044e-08
44950.056 2.7711551577503403e-08
45000.056 3.3847277374001784e-08
45050.056 2.8538212589995954e-08
45100.056 2.5493744982300116e-08
45150.056 2.1882735621135676e-08
45200.056 1.720249849540168e-08
45250.056 2.1030905146394327e-08
45300.056 1.997970743330284e-08
45350.056 1.4197325559843985e-08
45400.056 4.113067021100424e-08
45450.056 3.1626324687203116e-08
45500.056 3.891277222350197e-08
45550.056 3.9768221883889346e-08
45600.056 3.3943505806005934e-08
45650.056 2.8876773509100115e-08
45700.056 1.893326862047815e-08
45750.056 1.8101666360941228e-08
45800.056 4.0789002565502326e-08
45850.056 3.018612657720021e-08
45900.056 4.06699747617975e-08
45950.056 3.897974102049907e-08
46000.056 3.845186592250425e-08
46050.056 2.841772260120256e-08
46100.056 4.7650214391997446e-08
46150.056 2.889671887590055e-08
46200.056 2.3645934583896135e-08
46250.056 9.370601641113133e-09
46300.056 2.8213346778200056e-08
46350.056 2.8681444776404693e-08
46400.056 2.740790398470054e-08
46450.056 2.5945096544949925e-08
46500.056 2.89630633608059e-08
46550.056 1.4420045930950184e-08
46600.056 2.1085206416892947e-08
46650.056 3.278210089780197e-08
46700.056 2.2593397209094553e-08
46750.056 1.0133578324801898e-08
46800.056 6.312968622199906e-09
46850.056 3.06629016889044e-08
46900.056 3.384902450109871e-08
46950.056 3.4253673579698134e-08
47000.056 3.364730407490408e-08
47050.056 2.261997957247747e-08
47100.056 1.7073970774542274e-08
47150.056 2.784103445490332e-08
47200.056 3.02775552935974e-08
47250.056 1.541681430942792e-08
47300.056 1.0205583259808095e-08
47350.056 3.3393651768602546e-08
47400.056 3.139514737599655e-08
47450.056 2.208262466904151e-08
47500.056 3.548847784233925e-08
47550.056 3.165190425920099e-08
47600.056 2.652762336409731e-08
47650.056 3.0224940362018846e-08
47700.056 2.32488506569951e-08
47750.056 1.759535973040032e-08
47800.056 1.3659539129502277e-08
47850.056 5.813301516525199e-09
47900.056 1.0234354753025645e-08
47950.056 2.6127427511600853e-08
48000.056 3.472600733199986e-08
48050.056 2.756316324576033e-08
48100.056 1.2067451704521563e-08
48150.056 2.3777208628700724e-08
48200.056 1.4056093896194973e-08
48250.056 1.9133215127499035e-08
48300.056 3.407119302999841e-08
48350.056 2.002136351029723e-08
48400.056 4.14944577264281e-09
48450.056 8.763805508956216e-09
48500.056 1.6305679943495935e-08
48550.056 1.8276357532104227e-08
48600.056 2.8249571621998578e-08
48650.056 3.527553886099747e-08
48700.056 2.3003756996304538e-08
48750.056 1.82898432325046e-08
48800.056 3.0084963090701114e-08
48850.056 1.5450364279677497e-08
48900.056 1.717174542557201e-08
48950.056 9.015280195499782e-09
49000.056 4.855381815725673e-09
49050.056 1.759068144132755e-08
49100.056 2.4058153574624374e-08
49150.056 1.8517654092259358e-08
49200.056 3.046819192800421e-08
49250.056 3.086208029820058e-08
49300.056 2.5866709473399507e-08
49350.056 9.148353924613196e-09
49400.056 1.4219841750935857e-08
49450.056 1.260931020409296e-08
49500.056 9.505304101102396e-09
49550.056 1.525941286596038e-09
49600.056 4.972407830137788e-09
49650.056 1.5919146461401735e-08
49700.056 1.8535758958394166e-08
49750.056 1.546747279689033e-08
49800.056 9.30693104627817e-09
49850.056 2.296611672840335e-08
49900.056 2.0688603394598742e-08
49950.056 2.098198827470032e-08
50000.056 1.2894853963372898e-08
50050.056 1.638773334500116e-08
50100.056 1.342711102649889e-08
50150.056 5.25425509204886e-09
50200.056 6.4585248653093e-10
50250.056 5.252331298199967e-09
50300.056 3.3126817030017006e-09
50350.056 1.546544691460293e-08
50400.056 1.8086865916177003e-08
50450.056 1.4438680475521881e-08
50500.056 2.248530396375052e-08
50550.056 1.977625772300161e-08
50600.056 1.3992696000876172e-08
50650.056 2.4314870892103194e-08
50700.056 2.219100746499801e-08
50750.056 1.3082343280800692e-08
50800.056 3.4626864694242918e-09
50850.056 1.4675801171047847e-09
50900.056 1.2744165486101292e-08
50950.056 1.3082368357398414e-08
51000.056 9.181907870724938e-09
51050.056 1.6529204185197802e-08
51100.056 5.406603944706867e-09
51150.056 5.105429095685034e-09
51200.056 1.9598284516999727e-08
51250.056 1.4647400346793662e-08
51300.056 9.532599819623053e-09
51350.056 7.57328615914973e-09
51400.056 1.7289532014473978e-09
51450.056 1.4855744815296476e-09
51500.056 1.4824900316490419e-09
51550.056 7.177173441341601e-09
51600.056 7.370381449392055e-09
51650.056 1.1044085783199944e-08
51700.056 1.0537325005117027e-08
51750.056 6.456532922531495e-09
51800.056 1.3690610093198403e-08
51850.056 1.0809038315399258e-08
51900.056 1.1041685544499658e-08
51950.056 5.244923385499405e-09
52000.056 3.5709627222485417e-10
52050.056 2.53669558627031e-09
52100.056 1.205927460317727e-09
52150.056 5.960005675300621e-10
52200.056 3.089796370979958e-09
52250.056 5.508939466091345e-09
52300.056 6.302593698099543e-09
52350.056 1.4464446589870047e-09
52400.056 1.703464836371997e-09
52450.056 8.741890243500513e-09
52500.056 5.812521863273541e-09
52550.056 8.831717583699609e-09
52600.056 7.046241152560001e-09
52650.056 8.507476188900473e-09
52700.056 5.458129317159479e-09
52750.056 1.4005989735996748e-09
52800.056 3.285856335670644e-09
52850.056 3.937544390308977e-09
52900.056 1.089743619281379e-09
52950.056 2.2221142097313853e-09
53000.056 5.012204589400927e-09
53050.056 1.577711902927494e-09
53100.056 7.24937817379965e-09
53150.056 7.016307185628437e-09
53200.056 3.313414401302812e-09
53250.056 5.8541604357800974e-09
53300.056 7.2719903165749185e-09
53350.056 5.461515898760446e-09
53400.056 3.2103208688990223e-09
53450.056 8.385214529746667e-10
53500.056 9.61306470764641e-11
53550.056 2.9087966122300666e-10
