galfind/configs/Brown_Dwarf_templates/sonora_bobcat/m-0.5/17g/sp_t400g17nc_m-0.5_resample.dat
# %ECSV 1.0
# ---
# datatype:
# - {name: wav, unit: Angstrom, datatype: float64}
# - {name: flux_nu, unit: erg / (cm2 Hz s), datatype: float64}
# meta: {C/O: '1.00', Kzz: '1.0000E+05', Teff: '400.', Y: '0.28', '[Fe/H]': '-0.50', f_hole: '1.00', f_rain: '0.00', grav: '18.'}
# schema: astropy-2.0
wav flux_nu
4000.0559999999996 nan
4050.0559999999996 5.303022057610454e-19
4100.056 7.255796976050159e-17
4150.056 8.25431000870008e-16
4200.056 8.841260210285548e-16
4250.056 9.444560802100104e-15
4300.056 2.3869969761000045e-14
4350.056 4.772493148700014e-14
4400.056 8.564702321200013e-14
4450.056 1.4438434721100006e-13
4500.056 2.291551694100006e-13
4550.056 2.2680407126715915e-13
4600.056 4.019357750959973e-14
4650.056 1.918492625299986e-14
4700.056 6.526132724099936e-15
4750.056 1.6810958406599827e-15
4800.056 6.012062779999951e-16
4850.056 2.5509003685999834e-16
4900.056 1.553841184699995e-16
4950.056 1.1932512141999972e-16
5000.056 9.649832093699954e-17
5050.056 8.600058197500107e-17
5100.056 9.847489934600084e-17
5150.056 1.159253168600004e-16
5200.056 1.3617773955000013e-16
5250.056 1.6106114622000018e-16
5300.056 1.901907033600002e-16
5350.056 2.2436156264000045e-16
5400.056 2.6288172662000035e-16
5450.056 3.0472477587000144e-16
5500.056 3.4901413446000156e-16
5550.056 3.9317197055000075e-16
5600.056 4.3363294961000045e-16
5650.056 4.658204224399997e-16
5700.056 4.747174811100002e-16
5750.056 4.659615043400001e-16
5800.056 4.1442142350999827e-16
5850.056 2.734833536599958e-16
5900.056 7.939230912231131e-17
5950.056 5.713484608800215e-16
6000.056 1.3636145675899943e-15
6050.056 2.6108666476000362e-15
6100.056 4.44963318060004e-15
6150.056 7.001252123900044e-15
6200.056 1.0429262191300054e-14
6250.056 1.4816648389000027e-14
6300.056 2.0667178507000063e-14
6350.056 2.835319024700015e-14
6400.056 3.839761815000009e-14
6450.056 4.872669766499887e-14
6500.056 6.46402031549999e-14
6550.056 8.657296867099847e-14
6600.056 1.1528232787300425e-13
6650.056 1.5340954408000093e-13
6700.056 1.971077574690018e-13
6750.056 2.590151023900011e-13
6800.056 3.201124712000026e-13
6850.056 3.7242326668000113e-13
6900.056 3.7413748132001174e-13
6950.056 3.5259119243819903e-13
7000.056 4.026423375489989e-13
7050.056 4.403493447139933e-13
7100.056 5.009838594869898e-13
7150.056 4.443649377538061e-13
7200.056 4.138661797674369e-13
7250.056 4.680889356831137e-13
7300.056 4.861059407015564e-13
7350.056 5.603985514630034e-13
7400.056 6.208935243410328e-13
7450.056 6.79953186630033e-13
7500.056 6.9368470746e-13
7550.056 6.540438319999978e-13
7600.056 5.628817214099966e-13
7650.056 1.690191927522925e-13
7700.056 1.182287335014044e-13
7750.056 5.668506025300099e-13
7800.056 9.850373074720053e-13
7850.056 1.627818658669995e-12
7900.056 2.2467990553599437e-12
7950.056 2.635954363678019e-12
8000.056 3.781403951150033e-12
8050.056 4.637205140700129e-12
8100.056 4.3518162276481305e-12
8150.056 4.2535200192978e-12
8200.056 6.545167719409411e-12
8250.056 7.153306668971656e-12
8300.056 8.596869104877073e-12
8350.056 9.209614023785711e-12
8400.056 1.0864855396376868e-11
8450.056 1.4410404102459816e-11
8500.056 1.671432959059949e-11
8550.056 2.1139199221000268e-11
8600.056 2.5564971076000182e-11
8650.056 2.915635955000034e-11
8700.056 3.0462071459000464e-11
8750.056 3.323912443100015e-11
8800.056 3.3801568122999705e-11
8850.056 2.864052867319846e-11
8900.056 6.975624795757804e-12
8950.056 7.40433496425909e-12
9000.056 5.971340408372891e-12
9050.056 1.987206812037175e-11
9100.056 2.5425325165171488e-11
9150.056 3.3206613235323233e-11
9200.056 5.717051257600014e-11
9250.056 5.442969710088822e-11
9300.056 6.86425170661922e-12
9350.056 8.770112938256326e-12
9400.056 2.393700045930206e-11
9450.056 2.754609163369057e-11
9500.056 2.332387099990101e-11
9550.056 2.715058759056433e-11
9600.056 2.7829472326384846e-11
9650.056 4.412977616117549e-11
9700.056 9.143150440473848e-11
9750.056 8.231687842958947e-11
9800.056 8.926843250021413e-11
9850.056 1.0060697365477213e-10
9900.056 1.324676368158524e-10
9950.056 1.3020802278920777e-10
10000.056 1.264599322001827e-10
10050.056 1.5846492258400484e-10
10100.056 1.767906689949936e-10
10150.056 1.4356975274750514e-10
10200.056 1.0465971761514685e-10
10250.056 1.4101912421494266e-10
10300.056 2.039773160229668e-10
10350.056 1.491790200838061e-10
10400.056 2.810844729566511e-10
10450.056 4.073622698687433e-10
10500.056 5.401376601972081e-10
10550.056 7.111016320000314e-10
10600.056 8.119593587499981e-10
10650.056 8.49267303910019e-10
10700.056 7.788133608059956e-10
10750.056 7.878908763736103e-10
10800.056 7.472713096782488e-10
10850.056 6.524495693198193e-10
10900.056 4.875812715035717e-10
10950.056 2.620784723831526e-10
11000.056 1.6167499959341435e-10
11050.056 9.063252700570298e-11
11100.056 4.6543802397942646e-11
11150.056 1.6271912588208968e-11
11200.056 8.60326800617003e-12
11250.056 9.183406977640232e-12
11300.056 1.9224916324015965e-11
11350.056 4.636481045702343e-12
11400.056 2.180379348973425e-11
11450.056 1.472062996658682e-11
11500.056 1.0377322083041884e-11
11550.056 1.749154114692002e-12
11600.056 1.0374024715459803e-12
11650.056 5.522493189453808e-12
11700.056 6.276225712357562e-12
11750.056 1.0783509435914587e-12
11800.056 7.815709174167327e-12
11850.056 1.0510834793261231e-11
11900.056 9.799382548032196e-12
11950.056 1.535912717262822e-11
12000.056 2.615753470502963e-11
12050.056 4.517597485770905e-11
12100.056 6.590013486665998e-11
12150.056 9.890812960346696e-11
12200.056 1.1825646728824367e-10
12250.056 1.9887012629203954e-10
12300.056 3.4444354263616645e-10
12350.056 4.111399896058461e-10
12400.056 6.535947871509685e-10
12450.056 9.814423442790692e-10
12500.056 1.1603031540126186e-09
12550.056 1.415527342198998e-09
12600.056 1.945079186281413e-09
12650.056 2.4664364274308986e-09
12700.056 2.623671273347155e-09
12750.056 1.8733002382892503e-09
12800.056 1.2145791829939298e-09
12850.056 6.819520985036573e-10
12900.056 5.386232189946293e-10
12950.056 4.4499696754464557e-10
13000.056 4.618848302305811e-10
13050.056 2.82926271929099e-10
13100.056 2.547782013685224e-10
13150.056 1.5012134218055846e-10
13200.056 1.5957843409383691e-10
13250.056 1.3824706629558908e-10
13300.056 5.408387527321434e-11
13350.056 1.856275540082949e-11
13400.056 1.0239448734094404e-11
13450.056 2.845996472477495e-12
13500.056 9.710239077517998e-13
13550.056 3.1225402849875534e-13
13600.056 4.744165196962899e-14
13650.056 5.192143658837643e-13
13700.056 2.447609253571179e-13
13750.056 6.021127217955093e-13
13800.056 4.723819264102944e-13
13850.056 2.418059525015903e-13
13900.056 4.630264521463667e-13
13950.056 3.316932266184672e-13
14000.056 4.141672969888918e-13
14050.056 7.758405700321808e-13
14100.056 8.504076920233218e-13
14150.056 1.9985572022041697e-12
14200.056 1.0937823029339696e-12
14250.056 1.792850157920594e-12
14300.056 4.899324547995821e-12
14350.056 4.8262253939883905e-12
14400.056 5.1004157942589495e-12
14450.056 9.41754359363646e-12
14500.056 2.1233029297767347e-11
14550.056 2.198597857254865e-11
14600.056 2.2662143740855264e-11
14650.056 1.0454623989198913e-11
14700.056 4.248699256693993e-12
14750.056 1.4416632909728294e-12
14800.056 2.7663579815535424e-12
14850.056 4.132148871555555e-12
14900.056 4.047555870756691e-12
14950.056 2.3546487649915354e-12
15000.056 7.605332654137479e-12
15050.056 5.880370583848994e-12
15100.056 3.177332406456906e-12
15150.056 1.6139854357993109e-12
15200.056 4.991814665681288e-12
15250.056 1.1224224468574808e-11
15300.056 1.3689645628995268e-11
15350.056 1.913315688251233e-11
15400.056 2.79448718145434e-11
15450.056 3.871008442641506e-11
15500.056 4.6357285903853934e-11
15550.056 1.000645741763291e-10
15600.056 1.453488167189695e-10
15650.056 2.8059501595215206e-10
15700.056 4.637108379439044e-10
15750.056 6.956496187773347e-10
15800.056 8.413407715854055e-10
15850.056 1.0721668575591812e-09
15900.056 1.1892635077620287e-09
15950.056 1.3143721461897972e-09
16000.056 1.1058985643001965e-09
16050.056 6.779669193909e-10
16100.056 4.1409372615832243e-10
16150.056 2.0767539482602074e-10
16200.056 1.0218404531587415e-10
16250.056 6.204141663576963e-11
16300.056 3.48137465653682e-11
16350.056 4.576915056469437e-11
16400.056 5.804097887069822e-11
16450.056 4.6488603248955845e-11
16500.056 3.5948844644846826e-11
16550.056 3.591448507656229e-11
16600.056 6.729076401489736e-11
16650.056 4.7459263994256095e-11
16700.056 6.186836561499093e-12
16750.056 2.4603940652189214e-11
16800.056 3.980708588573629e-11
16850.056 4.5949723820745123e-11
16900.056 1.9710751958865394e-11
16950.056 1.043938458437623e-11
17000.056 5.2138647751439614e-12
17050.056 1.1616691518814235e-11
17100.056 2.3119422914041837e-11
17150.056 1.124699033417058e-11
17200.056 4.804202987783571e-11
17250.056 2.3185502993487418e-11
17300.056 1.378650106912296e-11
17350.056 1.6524843427759395e-11
17400.056 3.2576574949203335e-11
17450.056 4.274653433170909e-11
17500.056 5.885449748669736e-11
17550.056 5.335496734796806e-11
17600.056 3.980246392110837e-11
17650.056 3.474004305040198e-11
17700.056 2.70742204983957e-11
17750.056 2.685320032522336e-11
17800.056 6.923976354986005e-11
17850.056 3.0026771182145554e-11
17900.056 2.0781631676568145e-11
17950.056 1.7049439845547432e-11
18000.056 2.6357265026204033e-11
18050.056 2.1264179500554668e-11
18100.056 2.6825523594194388e-11
18150.056 1.9697036119973803e-11
18200.056 1.4274086380897063e-11
18250.056 4.6340901367656594e-11
18300.056 1.0324341559873557e-11
18350.056 7.562998844584916e-12
18400.056 5.117992043239948e-12
18450.056 2.5503828410691373e-11
18500.056 2.3368524854825325e-11
18550.056 1.3421391243055293e-11
18600.056 2.015706347897134e-11
18650.056 1.3784171555245659e-11
18700.056 3.1661721781283624e-12
18750.056 7.210621394662412e-12
18800.056 3.378943026458243e-11
18850.056 3.206583640491969e-11
18900.056 2.934897921522766e-11
18950.056 3.8444146974462e-11
19000.056 1.2367700014497853e-11
19050.056 5.668293121875341e-12
19100.056 1.2522416201827287e-11
19150.056 5.93254864189833e-12
19200.056 8.085950282443461e-12
19250.056 6.495511944195183e-12
19300.056 4.441395584889751e-12
19350.056 3.89903964090412e-12
19400.056 3.4828469702422737e-12
19450.056 5.270622746130679e-12
19500.056 3.4495224584023757e-12
19550.056 6.2216461622834876e-12
19600.056 1.3855837534917044e-11
19650.056 9.146273170431186e-12
19700.056 1.1141870339182399e-11
19750.056 1.7012300623009678e-11
19800.056 1.1746352451050567e-11
19850.056 1.3889203709289783e-11
19900.056 1.876737268172224e-11
19950.056 2.3476288082765985e-11
20000.056 2.958709696096118e-11
20050.056 2.2088549273850825e-11
20100.056 3.609710206559429e-11
20150.056 2.0643606830946488e-11
20200.056 1.4762125400646078e-11
20250.056 2.8684910500307474e-11
20300.056 3.369702462576214e-11
20350.056 3.5075784668853376e-11
20400.056 3.1372212306729914e-11
20450.056 4.754314657389832e-11
20500.056 5.467767059739462e-11
20550.056 5.908679421952308e-11
20600.056 6.111648203799693e-11
20650.056 7.202687125464497e-11
20700.056 7.68802231060707e-11
20750.056 8.257761978073897e-11
20800.056 7.78578489745477e-11
20850.056 8.655219580020393e-11
20900.056 8.959193110298622e-11
20950.056 8.559128579700688e-11
21000.056 8.391141199330791e-11
21050.056 8.817345524999215e-11
21100.056 8.503297195600578e-11
21150.056 8.52645088929952e-11
21200.056 8.226045943021172e-11
21250.056 7.96557036137842e-11
21300.056 7.295952857033696e-11
21350.056 7.311524076202736e-11
21400.056 7.55477029289639e-11
21450.056 6.526837094590322e-11
21500.056 6.117434699828321e-11
21550.056 5.7796919273282265e-11
21600.056 5.153231012082056e-11
21650.056 4.098133375780257e-11
21700.056 3.826242435380201e-11
21750.056 3.8699291388603426e-11
21800.056 2.990745859361317e-11
21850.056 2.95786995415219e-11
21900.056 2.30270634974499e-11
21950.056 9.517947086502066e-12
22000.056 1.6600860907477149e-12
22050.056 2.7331928862236773e-12
22100.056 1.016321370398342e-11
22150.056 7.701199780025085e-12
22200.056 7.729753209453897e-12
22250.056 6.348171896612418e-12
22300.056 3.2946690455910365e-12
22350.056 4.486507295831664e-12
22400.056 1.7474335363005118e-12
22450.056 2.476756018672042e-12
22500.056 1.8822405539127236e-12
22550.056 1.147104745532654e-12
22600.056 8.995144343792911e-13
22650.056 1.7515785145899549e-12
22700.056 1.4934484221461327e-12
22750.056 1.843032911886099e-12
22800.056 2.111855580143629e-12
22850.056 1.4932845794942806e-12
22900.056 1.0090977629911352e-12
22950.056 8.442756742675339e-13
23000.056 1.1750177203213488e-12
23050.056 1.397798259825881e-12
23100.056 6.973075850550072e-12
23150.056 6.399155493461299e-12
23200.056 3.4463971962102883e-13
23250.056 1.428427400828973e-12
23300.056 1.3228437507048407e-12
23350.056 2.0303339542045237e-12
23400.056 1.5608496651458523e-12
23450.056 9.285626463773994e-13
23500.056 9.544498995406157e-13
23550.056 1.960310205365595e-12
23600.056 3.790672173458377e-12
23650.056 5.358992592955087e-12
23700.056 1.1090728458488816e-12
23750.056 1.0989457491198552e-12
23800.056 4.670742833316112e-12
23850.056 3.1899867649210987e-12
23900.056 6.5178294662089785e-12
23950.056 3.585036928351739e-12
24000.056 7.801621265842068e-12
24050.056 9.58914505312037e-12
24100.056 1.1261594860717698e-11
24150.056 1.6073948499533393e-11
24200.056 1.0909245278411392e-11
24250.056 8.724000275659502e-12
24300.056 1.594528841445226e-11
24350.056 1.4138206623358257e-11
24400.056 2.9374439021428826e-11
24450.056 3.4655840407351266e-11
24500.056 3.2055341623651856e-11
24550.056 4.626996822693311e-11
24600.056 5.192495875874662e-11
24650.056 7.477325070807134e-11
24700.056 5.3552077230320915e-11
24750.056 7.160891208814114e-11
24800.056 6.646938088803803e-11
24850.056 1.0382541663825667e-10
24900.056 5.823931971590491e-11
24950.056 1.0443205335534653e-10
25000.056 1.1297170923317836e-10
25050.056 8.042821352040611e-11
25100.056 1.1787476397781743e-10
25150.056 6.009026179389878e-11
25200.056 9.50419052527041e-11
25250.056 4.306428845236432e-11
25300.056 5.728374746892076e-11
25350.056 2.8317945561969055e-11
25400.056 6.784479870543214e-11
25450.056 2.1277398594087107e-11
25500.056 1.7686999718660273e-11
25550.056 3.8933705032323997e-11
25600.056 1.729846463863803e-11
25650.056 9.611531173959994e-12
25700.056 1.0422814365735058e-11
25750.056 2.7104183837446157e-12
25800.056 1.7017532677173386e-11
25850.056 2.58891410530935e-12
25900.056 3.668542117509861e-12
25950.056 7.29999717822742e-13
26000.056 1.4304265067120446e-11
26050.056 1.1889113609732578e-12
26100.056 7.485387782801603e-12
26150.056 2.7710764236501316e-12
26200.056 4.039979420094714e-12
26250.056 3.5532113000864e-11
26300.056 5.7337098950858534e-12
26350.056 6.090080214725547e-11
26400.056 9.804010805255098e-11
26450.056 6.993877204630571e-11
26500.056 1.6609327492118313e-10
26550.056 1.4302235410006019e-11
26600.056 1.706163773111676e-11
26650.056 1.862121038810432e-12
26700.056 9.946246589906119e-13
26750.056 1.9256824353859567e-12
26800.056 7.647552550660631e-12
26850.056 4.110777706532543e-12
26900.056 2.5043496395849757e-11
26950.056 6.934191345359954e-12
27000.056 4.55213019434295e-11
27050.056 5.897862320318686e-11
27100.056 4.2052874134180775e-12
27150.056 6.501018648630382e-11
27200.056 4.161649947848102e-12
27250.056 1.9392765248303694e-11
27300.056 1.7393223101319326e-10
27350.056 5.11708283684407e-11
27400.056 1.9067082151368388e-12
27450.056 7.061343062901434e-11
27500.056 8.685072714829571e-11
27550.056 1.1173994387242518e-11
27600.056 3.838055890966037e-11
27650.056 8.32907399059507e-12
27700.056 7.908315366233387e-12
27750.056 6.289610405307538e-11
27800.056 1.5984516934390418e-11
27850.056 3.02144924820126e-11
27900.056 3.003233755666414e-11
27950.056 8.406595932008737e-11
28000.056 8.266423214722214e-11
28050.056 7.63309392335984e-12
28100.056 7.654185639969175e-11
28150.056 5.959593805600887e-11
28200.056 1.3313011162388339e-11
28250.056 1.089815215300152e-10
28300.056 9.823879430871782e-11
28350.056 1.7955241208573257e-11
28400.056 6.971472565552578e-11
28450.056 1.2948334420178559e-10
28500.056 7.582324149619766e-11
28550.056 1.5050382400098228e-11
28600.056 1.3191630427079632e-10
28650.056 8.050003855478689e-11
28700.056 1.3907371018103993e-10
28750.056 1.941299502666588e-10
28800.056 7.527213635587299e-11
28850.056 2.141169309429589e-10
28900.056 1.0169945888371404e-10
