galfind/configs/Brown_Dwarf_templates/sonora_bobcat/m-0.5/17g/sp_t2100g17nc_m-0.5_resample.dat
# %ECSV 1.0
# ---
# datatype:
# - {name: wav, unit: Angstrom, datatype: float64}
# - {name: flux_nu, unit: erg / (cm2 Hz s), datatype: float64}
# meta: {C/O: '1.00', Kzz: '1.0000E+05', Teff: '2100.', Y: '0.28', '[Fe/H]': '-0.50', f_hole: '1.00', f_rain: '0.00', grav: '18.'}
# schema: astropy-2.0
wav flux_nu
[from data line 500]
29000.056 2.0996721365892488e-06
29050.056 2.161401731899766e-06
29100.056 1.8599496539100941e-06
29150.056 2.284043339380253e-06
29200.056 2.0969328711303983e-06
29250.056 2.300987029920077e-06
29300.056 2.009150942108861e-06
29350.056 2.5229977624195765e-06
29400.056 2.130869929159854e-06
29450.056 2.1246570828598737e-06
29500.056 2.2719965414097624e-06
29550.056 2.1782236480602312e-06
29600.056 2.291190928989957e-06
29650.056 2.2737614069899445e-06
29700.056 2.0061278678698153e-06
29750.056 2.5015349240910757e-06
29800.056 2.424962291969924e-06
29850.056 2.3603743374697038e-06
29900.056 2.134975716200537e-06
29950.056 2.5124634030595367e-06
30000.056 2.484045326899201e-06
30050.056 2.338944920839921e-06
30100.056 1.9124239439094917e-06
30150.056 2.852615226599765e-06
30200.056 2.5670881065602325e-06
30250.056 2.4445817491106547e-06
30300.056 2.4960896917498144e-06
30350.056 2.3600441301504505e-06
30400.056 2.7898692599004665e-06
30450.056 2.264245847190264e-06
30500.056 2.191283239270357e-06
30550.056 2.905444321960617e-06
30600.056 2.7630073326203237e-06
30650.056 2.7473327443201384e-06
30700.056 2.5756190095399735e-06
30750.056 2.470477039800107e-06
30800.056 2.94848008155082e-06
30850.056 2.5746856738299632e-06
30900.056 2.606511692339783e-06
30950.056 2.513892460020314e-06
31000.056 2.8728498187499163e-06
31050.056 2.4523256230700374e-06
31100.056 2.7633178924699343e-06
31150.056 2.827122447839709e-06
31200.056 2.8633713432896763e-06
31250.056 3.0748123240106125e-06
31300.056 2.7414888079797805e-06
31350.056 2.754509196449999e-06
31400.056 2.831490533420524e-06
31450.056 2.853614459660159e-06
31500.056 2.9237837565905177e-06
31550.056 2.695404042779975e-06
31600.056 2.851442706509844e-06
31650.056 2.975813056119964e-06
31700.056 3.0305658690999092e-06
31750.056 2.6636987870601867e-06
31800.056 3.0555448920002584e-06
31850.056 3.3224101782199957e-06
31900.056 3.2245338692597636e-06
31950.056 2.625955096269715e-06
32000.056 2.8462567843007137e-06
32050.056 3.256805201060316e-06
32100.056 3.2703836725296087e-06
32150.056 3.2338563598501223e-06
32200.056 3.133993437609946e-06
32250.056 2.9559317760201797e-06
32300.056 3.228239058780146e-06
32350.056 3.405214540900456e-06
32400.056 3.1016709760899664e-06
32450.056 2.995818065450299e-06
32500.056 3.275635919800253e-06
32550.056 3.584451291400141e-06
32600.056 3.512511533379789e-06
32650.056 3.4040729295510315e-06
32700.056 3.253273630800139e-06
32750.056 3.405201955110042e-06
32800.056 3.136732278140367e-06
32850.056 3.6744367761197217e-06
32900.056 3.5295189364900246e-06
32950.056 3.0680317425898245e-06
33000.056 3.345563049890289e-06
33050.056 3.4286264121195915e-06
33100.056 3.5432575253290363e-06
33150.056 3.5009816230802165e-06
33200.056 3.2591362038006846e-06
33250.056 3.5221094357401426e-06
33300.056 3.811554651860277e-06
33350.056 3.5476549266602547e-06
33400.056 3.2885955618896443e-06
33450.056 3.5959394287389194e-06
33500.056 3.58322510920028e-06
33550.056 3.515295224109443e-06
33600.056 3.575091099720692e-06
33650.056 3.684164109600782e-06
33700.056 3.823764188079466e-06
33750.056 3.785438217460147e-06
33800.056 3.6974383323000242e-06
33850.056 3.5632599300600766e-06
33900.056 3.9940547504994945e-06
33950.056 3.5516147447995624e-06
34000.056 3.6178388691391728e-06
34050.056 3.698093876900062e-06
34100.056 3.940395784840483e-06
34150.056 3.837176944399567e-06
34200.056 3.63901944559944e-06
34250.056 4.036679689899458e-06
34300.056 3.769291925699542e-06
34350.056 3.910706601799546e-06
34400.056 3.6372507213195273e-06
34450.056 3.6636128862000204e-06
34500.056 3.789569804300777e-06
34550.056 3.6875135543997814e-06
34600.056 3.833741670980029e-06
34650.056 3.856250063099945e-06
34700.056 3.704918291399387e-06
34750.056 3.967664679600284e-06
34800.056 4.1023332500995634e-06
34850.056 3.704650360720074e-06
34900.056 3.971626979500334e-06
34950.056 3.8559342596991745e-06
35000.056 3.7442833693995027e-06
35050.056 4.1457821053005865e-06
35100.056 3.9910392346991726e-06
35150.056 3.9437929695397095e-06
35200.056 4.034897407499679e-06
35250.056 3.6046775390002926e-06
35300.056 3.97264292030038e-06
35350.056 4.157671678699709e-06
35400.056 3.914362848599748e-06
35450.056 3.8083035659003623e-06
35500.056 4.081066642799912e-06
35550.056 3.910048647999902e-06
35600.056 3.8046088680993095e-06
35650.056 4.2187933625005105e-06
35700.056 3.824956144500392e-06
35750.056 3.933914860299703e-06
35800.056 4.064213527899654e-06
35850.056 4.1407849729997084e-06
35900.056 4.268836040099531e-06
35950.056 4.1200638207996705e-06
36000.056 3.7698701244995586e-06
36050.056 4.2599329663002656e-06
36100.056 4.390777827499841e-06
36150.056 3.962886942600384e-06
36200.056 4.2749410205995296e-06
36250.056 3.96736203749929e-06
36300.056 4.528474080500787e-06
36350.056 4.33659585779935e-06
36400.056 4.173776407199881e-06
36450.056 4.4861725927996525e-06
36500.056 4.189583559800309e-06
36550.056 4.075719226700537e-06
36600.056 4.156746380800397e-06
36650.056 4.297980728400489e-06
36700.056 4.5097172822001725e-06
36750.056 4.17758557670049e-06
36800.056 4.291914525099549e-06
36850.056 4.341349732100145e-06
36900.056 4.408257520800676e-06
36950.056 4.39798826130005e-06
37000.056 4.450080809900163e-06
37050.056 4.542830355399938e-06
37100.056 4.375713346700383e-06
37150.056 4.338556565199129e-06
37200.056 4.539834986200097e-06
37250.056 4.551897312000321e-06
37300.056 4.5556257734008425e-06
37350.056 4.323934968800557e-06
37400.056 4.530103412599687e-06
37450.056 4.504035244100354e-06
37500.056 4.610979770999758e-06
37550.056 4.486494822899233e-06
37600.056 4.709586545899416e-06
37650.056 4.35640956399958e-06
37700.056 4.436809975500153e-06
37750.056 4.705613427999305e-06
37800.056 4.791282767999906e-06
37850.056 4.593449998399777e-06
37900.056 4.689670278100359e-06
37950.056 4.72957458640024e-06
38000.056 4.610719720900617e-06
38050.056 4.65166368310033e-06
38100.056 4.496514787400202e-06
38150.056 4.798216185499365e-06
38200.056 4.894154990299379e-06
38250.056 4.560410972100597e-06
38300.056 4.500397116799932e-06
38350.056 4.6870642510999325e-06
38400.056 4.746125185899792e-06
38450.056 4.752881216000449e-06
38500.056 4.662158002099769e-06
38550.056 4.675091408100322e-06
38600.056 5.036510206699776e-06
38650.056 4.476017852700186e-06
38700.056 4.567539304700678e-06
38750.056 4.792274951299977e-06
38800.056 4.691668766000652e-06
38850.056 4.711583192600277e-06
38900.056 4.547023595699888e-06
38950.056 4.771437260099618e-06
39000.056 4.675326149200149e-06
39050.056 4.730178982799929e-06
39100.056 4.495769741399953e-06
39150.056 4.629694844600226e-06
39200.056 4.762733992000197e-06
39250.056 4.736663392799351e-06
39300.056 4.738174364599193e-06
39350.056 4.697033095700493e-06
39400.056 4.6160499388001395e-06
39450.056 4.6465214856997655e-06
39500.056 4.599453357399817e-06
39550.056 4.512535846799109e-06
39600.056 4.8707412169002895e-06
39650.056 4.46108303060011e-06
39700.056 4.632708496799914e-06
39750.056 4.620390240599517e-06
39800.056 4.404986489300292e-06
39850.056 4.528593408899748e-06
39900.056 4.431070277999744e-06
39950.056 4.6401254217998384e-06
40000.056 4.351018043999738e-06
40050.056 4.031658475999882e-06
40100.056 4.3461577851997275e-06
40150.056 4.084387727599099e-06
40200.056 4.282061161799671e-06
40250.056 4.2762466011988086e-06
40300.056 3.9273024846004335e-06
40350.056 4.1539973122001166e-06
40400.056 4.236984534999894e-06
40450.056 3.849958214300888e-06
40500.056 3.6706638163000016e-06
40550.056 4.257503631999742e-06
40600.056 3.866483825400305e-06
40650.056 4.010167585500873e-06
40700.056 4.184611465100299e-06
40750.056 3.6996479098989507e-06
40800.056 3.6680598839005793e-06
40850.056 3.455980000200763e-06
40900.056 3.4263761490006985e-06
40950.056 3.713316226399985e-06
41000.056 3.854228213300408e-06
41050.056 3.7397724330992083e-06
41100.056 3.542243854200562e-06
41150.056 3.854850102100177e-06
41200.056 3.5781842896001143e-06
41250.056 3.657477731400228e-06
41300.056 3.221844486999681e-06
41350.056 3.7757839088001823e-06
41400.056 3.5905696276999855e-06
41450.056 3.4148746544998213e-06
41500.056 3.7068013714000793e-06
41550.056 3.6730468737000608e-06
41600.056 3.8133042875999483e-06
41650.056 3.3564500510005253e-06
41700.056 3.255039980999604e-06
41750.056 3.5328194809001273e-06
41800.056 3.3501994118997724e-06
41850.056 3.153625887300379e-06
41900.056 3.5853604977994235e-06
41950.056 3.2799990407003974e-06
42000.056 3.4931224174002726e-06
42050.056 3.1977522539988734e-06
42100.056 3.5618803178003528e-06
42150.056 3.056194604699401e-06
42200.056 3.1007024341801677e-06
42250.056 3.3709437469998037e-06
42300.056 3.161410046600059e-06
42350.056 3.462815564900636e-06
42400.056 3.1510925267001333e-06
42450.056 2.763413169400154e-06
42500.056 2.86232961460023e-06
42550.056 3.2060517895997167e-06
42600.056 3.070720063000477e-06
42650.056 3.0349570815989952e-06
42700.056 3.12531585580067e-06
42750.056 2.958238540800139e-06
42800.056 3.011694623080091e-06
42850.056 3.2533282419996413e-06
42900.056 3.126765393800289e-06
42950.056 2.7519196783988423e-06
43000.056 3.0095313812799575e-06
43050.056 2.8709553718612056e-06
43100.056 2.9907645287993995e-06
43150.056 3.1062392935808144e-06
43200.056 2.9187497235999646e-06
43250.056 2.9806480948006724e-06
43300.056 2.992938427500113e-06
43350.056 2.8228111640094594e-06
43400.056 2.761908574529636e-06
43450.056 2.801481204080857e-06
43500.056 2.730242498399357e-06
43550.056 2.80683056006995e-06
43600.056 2.9585170233000125e-06
43650.056 2.6703171778204035e-06
43700.056 2.623837397000174e-06
43750.056 2.670239087480068e-06
43800.056 2.607849304479906e-06
43850.056 2.6666739388005164e-06
43900.056 2.6783711372799396e-06
43950.056 2.5429053622302727e-06
44000.056 2.3460201048100872e-06
44050.056 2.3506888688000684e-06
44100.056 2.507994754450578e-06
44150.056 2.649519144199655e-06
44200.056 2.456553223940211e-06
44250.056 2.3270640787898083e-06
44300.056 2.250656529270539e-06
44350.056 2.301445228430169e-06
44400.056 2.3233285088899965e-06
44450.056 2.461643215760085e-06
44500.056 2.4718561827005607e-06
44550.056 2.204532028599479e-06
44600.056 2.2484001403703076e-06
44650.056 2.422997191420059e-06
44700.056 2.173486888300278e-06
44750.056 2.3934945416196305e-06
44800.056 2.3397038328699165e-06
44850.056 2.377525173510085e-06
44900.056 2.211430916340363e-06
44950.056 2.0642284096599912e-06
45000.056 2.2691466043999534e-06
45050.056 2.255573608989653e-06
45100.056 2.32582208121981e-06
45150.056 2.2365249527400836e-06
45200.056 2.0426342442798506e-06
45250.056 2.1165272693096283e-06
45300.056 2.186935372640141e-06
45350.056 2.3053563854396593e-06
45400.056 2.2188783638602962e-06
45450.056 2.0277946353496967e-06
45500.056 2.047616078299922e-06
45550.056 2.2965849261896743e-06
45600.056 2.1588878563899297e-06
45650.056 1.9342367308994453e-06
45700.056 2.1678146467602894e-06
45750.056 2.0838539755198433e-06
45800.056 2.063547215679945e-06
45850.056 2.3394999593600468e-06
45900.056 2.314007196880088e-06
45950.056 2.0415244045099167e-06
46000.056 2.3632667999999705e-06
46050.056 2.3389229417805305e-06
46100.056 2.03920463885012e-06
46150.056 2.093712844809958e-06
46200.056 2.3360247852505292e-06
46250.056 1.9489879329598977e-06
46300.056 2.4050112949098705e-06
46350.056 1.9629399960497968e-06
46400.056 2.131431342699712e-06
46450.056 2.0801787684005213e-06
46500.056 2.009692848799928e-06
46550.056 2.286844267359881e-06
46600.056 2.1008731613598323e-06
46650.056 2.562559117219991e-06
46700.056 2.390139258950651e-06
46750.056 2.0296198121998696e-06
46800.056 2.2397711498803895e-06
46850.056 2.2956125916700866e-06
46900.056 2.2248487020395443e-06
46950.056 2.388705978790197e-06
47000.056 2.228858125659973e-06
47050.056 2.2934451658996767e-06
47100.056 2.1080239384501038e-06
47150.056 2.2196769394804697e-06
47200.056 2.2008982522206347e-06
47250.056 2.1399373087893706e-06
47300.056 2.176529836689377e-06
47350.056 1.9144758664595738e-06
47400.056 2.262923321239406e-06
47450.056 2.298433399289827e-06
47500.056 2.1575274592993942e-06
47550.056 2.1349559705295223e-06
47600.056 2.336448368719914e-06
47650.056 1.7643862605795087e-06
47700.056 2.3209649347600896e-06
47750.056 1.7156135347205382e-06
47800.056 2.320048108399772e-06
47850.056 1.8595430044793113e-06
47900.056 2.3711448606601467e-06
47950.056 1.790388158260481e-06
48000.056 2.5100796696000353e-06
48050.056 1.931640784000427e-06
48100.056 2.070461977530008e-06
48150.056 1.921603534920233e-06
48200.056 2.3480974133406083e-06
48250.056 1.9738661291997034e-06
48300.056 2.483187158799736e-06
48350.056 1.7695905731996401e-06
48400.056 2.3179879005899663e-06
48450.056 2.0244442198701926e-06
48500.056 2.463539407980054e-06
48550.056 1.8449864558600483e-06
48600.056 2.3018656038997753e-06
48650.056 1.827696186619984e-06
48700.056 2.1747814867600514e-06
48750.056 1.6946144137503307e-06
48800.056 2.479674646620138e-06
48850.056 1.8658507780396547e-06
48900.056 2.2777408851000687e-06
48950.056 2.142092270960257e-06
49000.056 2.0786806933798628e-06
49050.056 2.127081968429818e-06
49100.056 2.0540323077901256e-06
49150.056 2.0711100178701012e-06
49200.056 2.1678829872999384e-06
49250.056 2.067964580220145e-06
49300.056 1.9116830480996786e-06
49350.056 1.904363337940025e-06
49400.056 2.2673531226503295e-06
49450.056 1.9764603845104868e-06
49500.056 2.046707575320303e-06
49550.056 1.8616843188899872e-06
49600.056 1.956946185650414e-06
49650.056 1.996934621760309e-06
49700.056 1.7491070789198276e-06
49750.056 2.4415101611995298e-06
49800.056 2.029269555900044e-06
49850.056 2.3280976775800297e-06
49900.056 1.958342312780128e-06
49950.056 2.0825581028093167e-06
50000.056 1.980125543659516e-06
50050.056 2.0675238963901345e-06
50100.056 2.1047188654997936e-06
50150.056 1.9275124673199512e-06
50200.056 1.7518630150201504e-06
50250.056 1.8946802794301616e-06
50300.056 1.8665836809996782e-06
50350.056 2.047861373489995e-06
50400.056 1.9603067881700937e-06
50450.056 1.8665211627802208e-06
50500.056 2.376357485830369e-06
50550.056 1.9767134022998346e-06
50600.056 2.058735326760175e-06
50650.056 1.982060957160519e-06
50700.056 2.1279691941193157e-06
50750.056 2.0643955032602585e-06
50800.056 1.751026011789906e-06
50850.056 1.9693630410403097e-06
50900.056 1.9689349222299527e-06
50950.056 2.1162821328003237e-06
51000.056 2.3121712784102476e-06
51050.056 1.8401798394803407e-06
51100.056 1.838603806889893e-06
51150.056 2.067025597310058e-06
51200.056 1.9553391144398506e-06
51250.056 2.128059401560037e-06
51300.056 1.880249936040591e-06
51350.056 2.055862518959739e-06
51400.056 1.959437099379428e-06
51450.056 1.4913639704397814e-06
51500.056 2.0283655335499194e-06
51550.056 2.3441283616402235e-06
51600.056 1.669480514119936e-06
51650.056 1.9777740906996867e-06
51700.056 1.7733301484194237e-06
51750.056 1.8049302762601342e-06
51800.056 2.0258399708597635e-06
51850.056 2.0727773357998968e-06
51900.056 2.139800658300296e-06
51950.056 1.9153498633597775e-06
52000.056 1.7714348470699613e-06
52050.056 2.029273454149845e-06
52100.056 1.9608428077295515e-06
52150.056 1.966321588520312e-06
52200.056 1.8818347361001097e-06
52250.056 1.87512391709997e-06
52300.056 1.9429734362299877e-06
52350.056 2.2099986379802243e-06
52400.056 1.7019815174400408e-06
52450.056 1.9060359074099463e-06
52500.056 2.0272507884094183e-06
52550.056 1.8803671337194852e-06
52600.056 1.9913366594201673e-06
52650.056 2.23024426326043e-06
52700.056 1.9424534607100624e-06
52750.056 1.6015855756798309e-06
52800.056 1.806040928700212e-06
52850.056 1.7198678601098785e-06
52900.056 1.9047985521002326e-06
52950.056 1.8643359418596217e-06
53000.056 2.0517220054097372e-06
53050.056 1.954509643719695e-06
53100.056 1.7288406960195824e-06
53150.056 2.0960496784004568e-06
53200.056 1.5818780830103392e-06
53250.056 2.1748031329998998e-06
53300.056 2.0683304881807477e-06
53350.056 2.0812573693198025e-06
53400.056 1.8504568505101515e-06
53450.056 1.7563506956000273e-06
53500.056 1.6287107215796841e-06
