galfind/configs/Brown_Dwarf_templates/sonora_bobcat/m-0.5/17g/sp_t1000g17nc_m-0.5_resample.dat
# %ECSV 1.0
# ---
# datatype:
# - {name: wav, unit: Angstrom, datatype: float64}
# - {name: flux_nu, unit: erg / (cm2 Hz s), datatype: float64}
# meta: {C/O: '1.00', Kzz: '1.0000E+05', Teff: '1000.', Y: '0.28', '[Fe/H]': '-0.50', f_hole: '1.00', f_rain: '0.00', grav: '18.'}
# schema: astropy-2.0
wav flux_nu
[from data line 499]
28950.056 1.6014701091738022e-07
29000.056 1.297832532465494e-07
29050.056 1.3836028547298813e-07
29100.056 1.014687842581166e-07
29150.056 1.6562069988027371e-07
29200.056 1.2615046375182879e-07
29250.056 1.7152621393572672e-07
29300.056 1.0817147818297833e-07
29350.056 2.231390724210689e-07
29400.056 1.394932602211022e-07
29450.056 1.534598215793038e-07
29500.056 1.6352909563721323e-07
29550.056 1.4894307836202162e-07
29600.056 1.713624372090356e-07
29650.056 1.6802932943337967e-07
29700.056 1.3062018812213422e-07
29750.056 1.7564253611810119e-07
29800.056 1.820997562559919e-07
29850.056 1.850251157575491e-07
29900.056 1.6879071546540582e-07
29950.056 1.7861020908553762e-07
30000.056 1.27667484016794e-07
30050.056 1.3262914940820278e-07
30100.056 1.1897242361055743e-07
30150.056 1.7851247733098192e-07
30200.056 1.4008955677320186e-07
30250.056 1.898712819540459e-07
30300.056 1.599885480420127e-07
30350.056 1.4105402936140827e-07
30400.056 1.6298810710450104e-07
30450.056 1.264405061943198e-07
30500.056 1.0255514711010688e-07
30550.056 1.0937511539360204e-07
30600.056 1.1976506833499282e-07
30650.056 1.0066263520227367e-07
30700.056 9.983546784398132e-08
30750.056 9.580437955048478e-08
30800.056 8.266969157051759e-08
30850.056 7.63310757113687e-08
30900.056 7.381496204438667e-08
30950.056 6.749921127341879e-08
31000.056 5.969156173630263e-08
31050.056 6.313443861400495e-08
31100.056 4.940876546709447e-08
31150.056 5.593360233219691e-08
31200.056 6.0487141174011e-08
31250.056 4.523989167359077e-08
31300.056 4.5047608795793226e-08
31350.056 4.370776311000063e-08
31400.056 3.581192360220137e-08
31450.056 3.778734906139313e-08
31500.056 3.1787969162390874e-08
31550.056 3.489584284189794e-08
31600.056 2.8295882188898673e-08
31650.056 2.6680008062801822e-08
31700.056 2.6449010242394963e-08
31750.056 2.325473968790996e-08
31800.056 2.788742317779603e-08
31850.056 2.4434856314203557e-08
31900.056 2.7534754455198036e-08
31950.056 1.8436389973101515e-08
32000.056 2.3575507109497075e-08
32050.056 2.5280051085600834e-08
32100.056 2.5050157690305494e-08
32150.056 2.558288137269605e-08
32200.056 2.301720272760091e-08
32250.056 2.8453221336003843e-08
32300.056 2.2814187754499354e-08
32350.056 3.012775815939512e-08
32400.056 2.210472469489454e-08
32450.056 2.8208681609090075e-08
32500.056 2.755599547080429e-08
32550.056 2.561768980299691e-08
32600.056 3.032363758000142e-08
32650.056 4.052809378549383e-08
32700.056 3.5767661442706714e-08
32750.056 3.9408839647905074e-08
32800.056 3.745765050250495e-08
32850.056 4.098510024909348e-08
32900.056 4.637092841019376e-08
32950.056 4.737674868809557e-08
33000.056 4.0031683604586454e-08
33050.056 3.705607890242013e-08
33100.056 2.1593534317196655e-08
33150.056 1.1564435557500684e-08
33200.056 8.964713932298682e-09
33250.056 5.416697845998499e-09
33300.056 5.8632296547012054e-09
33350.056 8.747827222700287e-09
33400.056 1.1733470401796048e-08
33450.056 1.607086882979915e-08
33500.056 2.3144887461010516e-08
33550.056 2.3216494254908887e-08
33600.056 3.316334872579563e-08
33650.056 3.4242451795994915e-08
33700.056 3.080328587269411e-08
33750.056 4.082515726410703e-08
33800.056 3.803426267730325e-08
33850.056 4.144040122359485e-08
33900.056 3.4467441480499416e-08
33950.056 3.46837959346966e-08
34000.056 4.224269103821367e-08
34050.056 2.8483103557587404e-08
34100.056 4.2426375226795774e-08
34150.056 3.67201916598972e-08
34200.056 3.446771734198623e-08
34250.056 3.7009675861879414e-08
34300.056 3.413274363378211e-08
34350.056 2.899853991919976e-08
34400.056 2.8472629209195523e-08
34450.056 3.5722492425991615e-08
34500.056 3.387200070760232e-08
34550.056 3.02954467887025e-08
34600.056 4.170292626999676e-08
34650.056 3.395833359629951e-08
34700.056 3.654876742539711e-08
34750.056 3.7606300001789115e-08
34800.056 3.5503911785690186e-08
34850.056 3.63294084165118e-08
34900.056 4.1387569870386855e-08
34950.056 4.1672160019991495e-08
35000.056 5.519886174201534e-08
35050.056 3.887222430639451e-08
35100.056 4.5693674022003336e-08
35150.056 4.43298485831055e-08
35200.056 4.86653051154954e-08
35250.056 5.834902577318413e-08
35300.056 5.104208550811071e-08
35350.056 4.86320335010842e-08
35400.056 5.365280800400585e-08
35450.056 3.930916371921878e-08
35500.056 6.616721507700132e-08
35550.056 6.436643465388904e-08
35600.056 5.55527999441236e-08
35650.056 6.265012684189667e-08
35700.056 5.8184533966092495e-08
35750.056 6.98418020829881e-08
35800.056 9.062695842680036e-08
35850.056 6.019511859979142e-08
35900.056 7.70755563590004e-08
35950.056 7.181861119498667e-08
36000.056 7.329982856901279e-08
36050.056 6.999725979297933e-08
36100.056 7.509040646415637e-08
36150.056 7.608799015698349e-08
36200.056 8.137822928098046e-08
36250.056 7.911627797927252e-08
36300.056 8.821207366910675e-08
36350.056 8.678364804800638e-08
36400.056 8.443696384159227e-08
36450.056 1.0095000389150706e-07
36500.056 1.0416480225459223e-07
36550.056 1.0435312847202742e-07
36600.056 1.207060484250018e-07
36650.056 1.1990862573447567e-07
36700.056 1.2689212584198312e-07
36750.056 1.345358715220637e-07
36800.056 1.3366417631600023e-07
36850.056 1.3029383711376812e-07
36900.056 1.3523085664098245e-07
36950.056 1.5287218364398067e-07
37000.056 1.4933778775099233e-07
37050.056 1.4472097337798437e-07
37100.056 1.631538624709923e-07
37150.056 1.3975548626400073e-07
37200.056 1.6037412796798932e-07
37250.056 1.675742593659707e-07
37300.056 1.5006672468163652e-07
37350.056 1.5142639132202923e-07
37400.056 2.0755256014599566e-07
37450.056 1.744827846716043e-07
37500.056 1.7284782095018014e-07
37550.056 1.9562368270009795e-07
37600.056 2.0836156798000985e-07
37650.056 1.7304013262499845e-07
37700.056 2.2705876346002553e-07
37750.056 1.846377459139963e-07
37800.056 1.9347026493812298e-07
37850.056 1.6440552259600622e-07
37900.056 1.7539990583706577e-07
37950.056 1.958136848239568e-07
38000.056 2.3402956456700025e-07
38050.056 2.3010924576503873e-07
38100.056 2.1473399444304739e-07
38150.056 2.519703638619853e-07
38200.056 2.605416264980601e-07
38250.056 2.512738144270187e-07
38300.056 3.0065880050396807e-07
38350.056 3.113640384440244e-07
38400.056 2.3173462508493416e-07
38450.056 2.496579926209595e-07
38500.056 1.9714416802403388e-07
38550.056 2.662230738000476e-07
38600.056 2.74858460093015e-07
38650.056 2.6435917576096994e-07
38700.056 2.85175909022975e-07
38750.056 3.063524897930128e-07
38800.056 2.6621625956581567e-07
38850.056 2.6673063640402104e-07
38900.056 3.321009553260416e-07
38950.056 2.9621491885297184e-07
39000.056 3.174174787129925e-07
39050.056 2.986233696999708e-07
39100.056 3.1618463812104144e-07
39150.056 3.1647380244799726e-07
39200.056 3.3240322908298064e-07
39250.056 3.5910959608292554e-07
39300.056 3.1368875257387183e-07
39350.056 3.7992019175801114e-07
39400.056 3.565006468550847e-07
39450.056 3.592623264139921e-07
39500.056 3.418216795760668e-07
39550.056 3.6745457541705573e-07
39600.056 3.804033468778747e-07
39650.056 4.0566479512999724e-07
39700.056 3.9366540233002437e-07
39750.056 3.545899350010766e-07
39800.056 4.0159633571988027e-07
39850.056 4.399907739099968e-07
39900.056 4.294090849200331e-07
39950.056 4.130894896038887e-07
40000.056 4.976904497860988e-07
40050.056 4.462197087100217e-07
40100.056 4.1152904801000613e-07
40150.056 4.6765274285793736e-07
40200.056 4.740757127198518e-07
40250.056 4.472057070848771e-07
40300.056 4.536493183350688e-07
40350.056 4.834531797270011e-07
40400.056 5.204676779819943e-07
40450.056 5.000669526881036e-07
40500.056 5.064540037400132e-07
40550.056 5.161826095359355e-07
40600.056 5.044217505200654e-07
40650.056 4.824475233848967e-07
40700.056 5.793124407499877e-07
40750.056 5.235479237999115e-07
40800.056 4.562399289098217e-07
40850.056 5.827778203601297e-07
40900.056 5.373444126700288e-07
40950.056 5.25801426982034e-07
41000.056 5.396834755200079e-07
41050.056 6.087420318499731e-07
41100.056 5.337036920500184e-07
41150.056 4.712354143759437e-07
41200.056 5.909749812599495e-07
41250.056 5.288155762999643e-07
41300.056 4.981730332298901e-07
41350.056 6.244376192800786e-07
41400.056 5.845505862980813e-07
41450.056 5.948224549701325e-07
41500.056 5.298658356010006e-07
41550.056 5.456094724240512e-07
41600.056 6.302536696860542e-07
41650.056 6.019708653400567e-07
41700.056 5.598682797098297e-07
41750.056 5.830485844999845e-07
41800.056 6.484214724199348e-07
41850.056 4.893124283110414e-07
41900.056 5.788555487179029e-07
41950.056 5.515494195701115e-07
42000.056 5.604371712100253e-07
42050.056 5.079727873979633e-07
42100.056 6.711405917100693e-07
42150.056 5.19597476619953e-07
42200.056 5.156455113229886e-07
42250.056 5.269004129598677e-07
42300.056 5.156659660839917e-07
42350.056 6.204219442800897e-07
42400.056 5.530431386701538e-07
42450.056 5.099330579100163e-07
42500.056 5.097329374250141e-07
42550.056 5.109151967299218e-07
42600.056 5.203430974561422e-07
42650.056 5.806412186537697e-07
42700.056 5.522957583800249e-07
42750.056 5.012815966999951e-07
42800.056 5.208260812380614e-07
42850.056 5.885094341098261e-07
42900.056 5.975885421801438e-07
42950.056 5.036811543498088e-07
43000.056 5.517333127260279e-07
43050.056 4.3427984487720994e-07
43100.056 5.018423681799148e-07
43150.056 4.90022879572076e-07
43200.056 5.38243486200008e-07
43250.056 5.915585475100392e-07
43300.056 6.047600126599988e-07
43350.056 4.759220724088892e-07
43400.056 5.231006961469328e-07
43450.056 4.973576385740758e-07
43500.056 4.7406001999795814e-07
43550.056 5.006393892660975e-07
43600.056 6.1477944027604e-07
43650.056 5.108912914470073e-07
43700.056 5.619868125500619e-07
43750.056 5.55741267073114e-07
43800.056 5.266373987289205e-07
43850.056 4.920549071500929e-07
43900.056 5.386356906699314e-07
43950.056 4.314890551589782e-07
44000.056 4.1527706125598704e-07
44050.056 5.226200831700295e-07
44100.056 5.900281562900494e-07
44150.056 5.560233899029136e-07
44200.056 5.276879154680099e-07
44250.056 4.6539386453800055e-07
44300.056 4.3421677685208273e-07
44350.056 4.5155691091310005e-07
44400.056 4.7320972657100026e-07
44450.056 5.001514399059663e-07
44500.056 5.207210120401349e-07
44550.056 5.458474727799093e-07
44600.056 4.6985860848307145e-07
44650.056 5.262919390671021e-07
44700.056 4.2678220023002524e-07
44750.056 5.058430127320038e-07
44800.056 4.824203967400307e-07
44850.056 5.002792978800794e-07
44900.056 4.407656381460424e-07
44950.056 4.6843631998603123e-07
45000.056 4.887132317099487e-07
45050.056 4.90436148493995e-07
45100.056 4.935181390399851e-07
45150.056 4.835580484059629e-07
45200.056 4.3418007389602797e-07
45250.056 4.60779261159878e-07
45300.056 4.3686783430206047e-07
45350.056 4.498570846439529e-07
45400.056 5.121229639800439e-07
45450.056 4.651454588399371e-07
45500.056 4.7616786548498877e-07
45550.056 5.246323936598928e-07
45600.056 5.132411624600218e-07
45650.056 4.27926732504922e-07
45700.056 4.6186603476206814e-07
45750.056 4.292173171919819e-07
45800.056 4.941312618299979e-07
45850.056 5.421190127299927e-07
45900.056 5.500562551300123e-07
45950.056 4.6755235966700113e-07
46000.056 5.320962897050186e-07
46050.056 4.952221055020375e-07
46100.056 5.019308463799887e-07
46150.056 4.7057560691497533e-07
46200.056 4.795147575600818e-07
46250.056 3.9847300253294543e-07
46300.056 5.174154954899802e-07
46350.056 4.7040404048000904e-07
46400.056 4.6994720075000136e-07
46450.056 4.6222305165306523e-07
46500.056 4.525622068000503e-07
46550.056 4.7254004785298085e-07
46600.056 4.884444661340023e-07
46650.056 6.091184584599372e-07
46700.056 5.264900347000853e-07
46750.056 4.141711458219831e-07
46800.056 4.012891086110466e-07
46850.056 5.810733559101092e-07
46900.056 5.302707463599258e-07
46950.056 5.580421648600197e-07
47000.056 4.92956297430011e-07
47050.056 5.231854409438332e-07
47100.056 4.0651918899106887e-07
47150.056 4.5453748348904074e-07
47200.056 5.188425071300531e-07
47250.056 4.437739562999714e-07
47300.056 3.9516586468996804e-07
47350.056 4.940151096599409e-07
47400.056 5.297300172499293e-07
47450.056 4.962632870990184e-07
47500.056 5.431467344939127e-07
47550.056 4.894790786799797e-07
47600.056 5.007752574799545e-07
47650.056 4.198625383789037e-07
47700.056 5.088291792681069e-07
47750.056 3.6329124638203244e-07
47800.056 4.604783734019928e-07
47850.056 3.627574667649725e-07
47900.056 4.4730654694395296e-07
47950.056 4.1618285721204744e-07
48000.056 5.693029164200706e-07
48050.056 5.04700721320036e-07
48100.056 4.225333800840135e-07
48150.056 4.608971879300474e-07
48200.056 4.733418334700239e-07
48250.056 4.3897963978999655e-07
48300.056 5.303921852498252e-07
48350.056 3.8073217884003196e-07
48400.056 3.61560658975962e-07
48450.056 4.3837737743410857e-07
48500.056 5.437285647299573e-07
48550.056 4.1453513889600045e-07
48600.056 4.814656576800051e-07
48650.056 4.4890232615997236e-07
48700.056 4.6371182211898775e-07
48750.056 3.4520013198913743e-07
48800.056 5.753411490509937e-07
48850.056 3.875697751549244e-07
48900.056 5.309508371800202e-07
48950.056 4.564130886200623e-07
49000.056 3.345972642019229e-07
49050.056 4.797804024999877e-07
49100.056 4.7696675123008e-07
49150.056 4.566715582830267e-07
49200.056 5.026521554600324e-07
49250.056 4.976503742400623e-07
49300.056 4.397878710919853e-07
49350.056 3.581279863100481e-07
49400.056 4.4833461244998095e-07
49450.056 4.3466134824314004e-07
49500.056 3.9590338684996584e-07
49550.056 3.0106379459603106e-07
49600.056 3.923121682540878e-07
49650.056 4.1969811846599775e-07
49700.056 3.835744777698991e-07
49750.056 4.7536356573987783e-07
49800.056 4.104529435620286e-07
49850.056 5.289035667101144e-07
49900.056 4.3527683362199235e-07
49950.056 4.357093619099653e-07
50000.056 4.1820025738996116e-07
50050.056 4.716191309199987e-07
50100.056 4.223834742460105e-07
50150.056 3.293543729399727e-07
50200.056 2.219412580220051e-07
50250.056 4.250562920699481e-07
50300.056 3.7051297607501387e-07
50350.056 4.943131994160338e-07
50400.056 4.2730903500997574e-07
50450.056 3.720188074170617e-07
50500.056 4.4275947887006217e-07
50550.056 4.0561886549001445e-07
50600.056 3.903106580489361e-07
50650.056 4.568142767601074e-07
50700.056 4.845287425098262e-07
50750.056 4.4028176452007634e-07
50800.056 3.057220225529713e-07
50850.056 3.183550887710871e-07
50900.056 4.74099740660005e-07
50950.056 3.964841371100772e-07
51000.056 4.525568478880454e-07
51050.056 3.902749551000206e-07
51100.056 2.813821236959675e-07
51150.056 3.728764983449495e-07
51200.056 4.948971447699757e-07
51250.056 3.828169482889107e-07
51300.056 3.378560860621696e-07
51350.056 3.545233539639799e-07
51400.056 2.538270831869773e-07
51450.056 2.2176590148793866e-07
51500.056 2.625267731870757e-07
51550.056 4.527692714440434e-07
51600.056 3.390948076780442e-07
51650.056 3.409885920399373e-07
51700.056 3.5625176770891335e-07
51750.056 2.8414875674203543e-07
51800.056 3.8569572200990035e-07
51850.056 3.7187814043999454e-07
51900.056 4.7202696487810765e-07
51950.056 3.9155263196996077e-07
52000.056 2.210539988469801e-07
52050.056 3.452511667950359e-07
52100.056 2.7125747376996274e-07
52150.056 2.608460716390139e-07
52200.056 2.566750476779905e-07
52250.056 3.0689327135003544e-07
52300.056 4.1690313731996344e-07
52350.056 3.5418287865801974e-07
52400.056 2.464331422140149e-07
52450.056 3.632507567700212e-07
52500.056 3.6795087762990824e-07
52550.056 3.896879464198934e-07
52600.056 3.333602976580624e-07
52650.056 3.5230230107507945e-07
52700.056 3.2495771095499976e-07
52750.056 2.390693477239869e-07
52800.056 2.917354239800349e-07
52850.056 2.9301727490891826e-07
52900.056 2.907723976270293e-07
52950.056 3.0063093595198665e-07
53000.056 3.714020747779931e-07
53050.056 2.4326855996790587e-07
53100.056 2.803686735049232e-07
53150.056 4.0771819801003626e-07
53200.056 2.3043788870799377e-07
53250.056 3.858359894500302e-07
53300.056 3.7573824286219037e-07
53350.056 3.6761178032997417e-07
53400.056 3.6593914233003497e-07
53450.056 2.428239887650059e-07
53500.056 1.7522862931994493e-07
53550.056 2.5679095047894543e-07
53600.056 3.3047994287405015e-07
53650.056 2.6526318654096516e-07
