galfind/configs/Brown_Dwarf_templates/sonora_bobcat/m-0.5/17g/sp_t1900g17nc_m-0.5_resample.dat
# %ECSV 1.0
# ---
# datatype:
# - {name: wav, unit: Angstrom, datatype: float64}
# - {name: flux_nu, unit: erg / (cm2 Hz s), datatype: float64}
# meta: {C/O: '1.00', Kzz: '1.0000E+05', Teff: '1900.', Y: '0.28', '[Fe/H]': '-0.50', f_hole: '1.00', f_rain: '0.00', grav: '18.'}
# schema: astropy-2.0
wav flux_nu
[from data line 497]
28850.056 1.5495185981202243e-06
28900.056 1.2420947950301141e-06
28950.056 1.7268804468498266e-06
29000.056 1.3956307754895384e-06
29050.056 1.4422104075597769e-06
29100.056 1.2046895078201151e-06
29150.056 1.5417908225002792e-06
29200.056 1.3801310099203736e-06
29250.056 1.562995100310076e-06
29300.056 1.3053212876992535e-06
29350.056 1.7600755490996789e-06
29400.056 1.4278044606198202e-06
29450.056 1.4563633343099382e-06
29500.056 1.5413621954998159e-06
29550.056 1.4744985423101246e-06
29600.056 1.5766700303298613e-06
29650.056 1.5414307149698957e-06
29700.056 1.3491232684598083e-06
29750.056 1.723279140520891e-06
29800.056 1.692965660409938e-06
29850.056 1.6359423453198018e-06
29900.056 1.4728251896803986e-06
29950.056 1.750174409339684e-06
30000.056 1.732070695219516e-06
30050.056 1.6223398932098843e-06
30100.056 1.3279959101396152e-06
30150.056 2.0272623180698353e-06
30200.056 1.7878139882101694e-06
30250.056 1.7451341632705362e-06
30300.056 1.7571844828198046e-06
30350.056 1.6461052957402725e-06
30400.056 2.0149804123504034e-06
30450.056 1.6081170775401649e-06
30500.056 1.5163738685602438e-06
30550.056 2.07457003108047e-06
30600.056 1.982735881120278e-06
30650.056 1.9986369471200717e-06
30700.056 1.8569858386699432e-06
30750.056 1.7765025866100604e-06
30800.056 2.1361774440605386e-06
30850.056 1.8319254293699315e-06
30900.056 1.8610467425798423e-06
30950.056 1.7893918897902482e-06
31000.056 2.0681157587799284e-06
31050.056 1.7682291916599886e-06
31100.056 1.929051861279896e-06
31150.056 2.048264494889698e-06
31200.056 2.032854430819759e-06
31250.056 2.189580038800378e-06
31300.056 1.959439582719804e-06
31350.056 1.988968701229993e-06
31400.056 1.9759891884504737e-06
31450.056 2.036412961530078e-06
31500.056 2.044311696300336e-06
31550.056 1.914862921200001e-06
31600.056 2.0030357676698277e-06
31650.056 2.122995897669972e-06
31700.056 2.1303989426998836e-06
31750.056 1.8596669029902594e-06
31800.056 2.207305916100161e-06
31850.056 2.3360098691301757e-06
31900.056 2.357518288529829e-06
31950.056 1.7933038383798091e-06
32000.056 1.997126101310415e-06
32050.056 2.3493655823102616e-06
32100.056 2.3373953440497017e-06
32150.056 2.362187054270056e-06
32200.056 2.2461368628299174e-06
32250.056 2.1637805495302155e-06
32300.056 2.323920979910098e-06
32350.056 2.5184995615303744e-06
32400.056 2.2070995692300703e-06
32450.056 2.209398098080167e-06
32500.056 2.402927384800291e-06
32550.056 2.674816388280115e-06
32600.056 2.63610815539982e-06
32650.056 2.5656986772108477e-06
32700.056 2.455884662190207e-06
32750.056 2.556700891180041e-06
32800.056 2.3335446006202223e-06
32850.056 2.8011609857897326e-06
32900.056 2.699134769079996e-06
32950.056 2.3004842897298145e-06
33000.056 2.5057245300302804e-06
33050.056 2.5831720097597095e-06
33100.056 2.662092573209234e-06
33150.056 2.4312922486202074e-06
33200.056 2.0558322450300593e-06
33250.056 2.2806794844897648e-06
33300.056 2.371713565380402e-06
33350.056 2.330833151250166e-06
33400.056 2.207922744749679e-06
33450.056 2.4263452904992566e-06
33500.056 2.5823288128703045e-06
33550.056 2.5068215700797494e-06
33600.056 2.6308582632406196e-06
33650.056 2.7712067016306943e-06
33700.056 2.8277942697995476e-06
33750.056 2.879566367200069e-06
33800.056 2.739821662249909e-06
33850.056 2.6942633684301287e-06
33900.056 3.0427154110995393e-06
33950.056 2.6907446637396743e-06
34000.056 2.7304078687493106e-06
34050.056 2.736743202309822e-06
34100.056 2.997768477980396e-06
34150.056 2.8914464737995973e-06
34200.056 2.7226644685594056e-06
34250.056 3.0781830794996153e-06
34300.056 2.7459732755192877e-06
34350.056 2.924273493139781e-06
34400.056 2.694614682519648e-06
34450.056 2.743415413420002e-06
34500.056 2.891490585900552e-06
34550.056 2.7318983015997977e-06
34600.056 2.9168035610000545e-06
34650.056 2.9325488638000232e-06
34700.056 2.8290273587794027e-06
34750.056 3.05081435170027e-06
34800.056 3.134298199399585e-06
34850.056 2.799075696600105e-06
34900.056 2.973679376090293e-06
34950.056 2.903510722159325e-06
35000.056 2.8417433168096295e-06
35050.056 3.2190671385006154e-06
35100.056 2.999250730789306e-06
35150.056 3.025739154459883e-06
35200.056 3.0930295679997433e-06
35250.056 2.7768020213601417e-06
35300.056 3.0363107304201883e-06
35350.056 3.1951990681997604e-06
35400.056 2.970401022759804e-06
35450.056 2.878850372720441e-06
35500.056 3.183898308699826e-06
35550.056 3.008510715399886e-06
35600.056 2.8612814010995838e-06
35650.056 3.304320185000409e-06
35700.056 2.9030458593003913e-06
35750.056 3.0698452206397017e-06
35800.056 3.179826945399689e-06
35850.056 3.174929377999802e-06
35900.056 3.3881865982995696e-06
35950.056 3.1947766022999068e-06
36000.056 2.9199895451996737e-06
36050.056 3.3707028160003043e-06
36100.056 3.4469367741996027e-06
36150.056 3.096376270270392e-06
36200.056 3.3841969163995746e-06
36250.056 3.0939663341093892e-06
36300.056 3.608034515540694e-06
36350.056 3.402591182499555e-06
36400.056 3.2793160915999485e-06
36450.056 3.58901149359967e-06
36500.056 3.3328569248002567e-06
36550.056 3.2338482564005454e-06
36600.056 3.316662250400285e-06
36650.056 3.4335767147003637e-06
36700.056 3.623983368000131e-06
36750.056 3.340208455900338e-06
36800.056 3.437101121099662e-06
36850.056 3.457402850300307e-06
36900.056 3.5360166986005768e-06
36950.056 3.517769969199967e-06
37000.056 3.604403499200075e-06
37050.056 3.648250412499902e-06
37100.056 3.5467948298003947e-06
37150.056 3.5243248368992756e-06
37200.056 3.682335220200059e-06
37250.056 3.702065999400255e-06
37300.056 3.7275069849006898e-06
37350.056 3.486978953300492e-06
37400.056 3.6674954348996873e-06
37450.056 3.644346667800299e-06
37500.056 3.724133712199747e-06
37550.056 3.6391683782993432e-06
37600.056 3.835352755499518e-06
37650.056 3.5680000656996726e-06
37700.056 3.6425929372000766e-06
37750.056 3.848118978199499e-06
37800.056 3.920940811599879e-06
37850.056 3.7297340476998262e-06
37900.056 3.826776184900307e-06
37950.056 3.869791600700159e-06
38000.056 3.767901518600502e-06
38050.056 3.816823606500258e-06
38100.056 3.667516851800222e-06
38150.056 3.960664609399502e-06
38200.056 4.037909011899484e-06
38250.056 3.7078469552005377e-06
38300.056 3.6622332512999486e-06
38350.056 3.821532612799866e-06
38400.056 3.896578489699776e-06
38450.056 3.953093313700335e-06
38500.056 3.833908405599814e-06
38550.056 3.834234385700212e-06
38600.056 4.183560619899808e-06
38650.056 3.6906036724001516e-06
38700.056 3.7692880354006597e-06
38750.056 3.940160547399965e-06
38800.056 3.8805118384004944e-06
38850.056 3.849004439600283e-06
38900.056 3.7376747074998456e-06
38950.056 3.961410871899673e-06
39000.056 3.839274356000138e-06
39050.056 3.913842650299908e-06
39100.056 3.6980495246000056e-06
39150.056 3.827959071800163e-06
39200.056 3.959649072900161e-06
39250.056 3.924364895299384e-06
39300.056 3.912918262899286e-06
39350.056 3.8914015433004205e-06
39400.056 3.832307147700106e-06
39450.056 3.843836977499782e-06
39500.056 3.7949255296997543e-06
39550.056 3.7255852749993173e-06
39600.056 4.056438162900165e-06
39650.056 3.653268732000051e-06
39700.056 3.8127529989998573e-06
39750.056 3.7892361739995716e-06
39800.056 3.6025172083002427e-06
39850.056 3.7135892585997405e-06
39900.056 3.6525280861998746e-06
39950.056 3.8390421232998594e-06
40000.056 3.5242273439997905e-06
40050.056 3.3011099683999293e-06
40100.056 3.5573768631997605e-06
40150.056 3.3434182488992463e-06
40200.056 3.4872836234996843e-06
40250.056 3.470828110999047e-06
40300.056 3.1887306409003785e-06
40350.056 3.421980310600197e-06
40400.056 3.4598701573998887e-06
40450.056 3.153343512800666e-06
40500.056 2.972345250700112e-06
40550.056 3.4809073531997734e-06
40600.056 3.101140714400304e-06
40650.056 3.231470409500592e-06
40700.056 3.3838315108002393e-06
40750.056 2.989965578799056e-06
40800.056 2.959711352810483e-06
40850.056 2.7845273093206236e-06
40900.056 2.789647507200547e-06
40950.056 2.9986423166399738e-06
41000.056 3.0892510446002513e-06
41050.056 3.0067249162993784e-06
41100.056 2.8368174131003603e-06
41150.056 3.075645876000137e-06
41200.056 2.8695902610000798e-06
41250.056 2.919172471800246e-06
41300.056 2.5477855973996807e-06
41350.056 3.0296463402001337e-06
41400.056 2.8422713497000855e-06
41450.056 2.733384391799931e-06
41500.056 2.965569623480122e-06
41550.056 2.895025949930044e-06
41600.056 3.0154171626000125e-06
41650.056 2.6593788843004747e-06
41700.056 2.5564209233596345e-06
41750.056 2.765272662220032e-06
41800.056 2.6742634853596836e-06
41850.056 2.4674084890203966e-06
41900.056 2.8460117630096265e-06
41950.056 2.5744491623004626e-06
42000.056 2.7186977162302486e-06
42050.056 2.472838923809083e-06
42100.056 2.807103007200336e-06
42150.056 2.280761652989393e-06
42200.056 2.375604398400162e-06
42250.056 2.5961988465298374e-06
42300.056 2.3507707901600745e-06
42350.056 2.6793216465905534e-06
42400.056 2.373526716230306e-06
42450.056 2.0498152592700996e-06
42500.056 2.1789162102002586e-06
42550.056 2.41034730027985e-06
42600.056 2.3005187380904032e-06
42650.056 2.1957270535090844e-06
42700.056 2.3640446676406323e-06
42750.056 2.209807631600108e-06
42800.056 2.2352102432002977e-06
42850.056 2.44350241659965e-06
42900.056 2.3313022415001857e-06
42950.056 2.0596382123791072e-06
43000.056 2.2126551634698937e-06
43050.056 2.1003255496710333e-06
43100.056 2.2247189662497414e-06
43150.056 2.2948636869305627e-06
43200.056 2.169289848060068e-06
43250.056 2.1918393368602313e-06
43300.056 2.2264063814801188e-06
43350.056 2.023221879489681e-06
43400.056 2.044603951029715e-06
43450.056 2.0643189942906678e-06
43500.056 2.014261171799617e-06
43550.056 2.0814200401899932e-06
43600.056 2.187209747170052e-06
43650.056 1.928225840460257e-06
43700.056 1.8596605425999725e-06
43750.056 1.934749397800148e-06
43800.056 1.8610340803900136e-06
43850.056 1.8835965513504734e-06
43900.056 1.9223657356999447e-06
43950.056 1.8039033611601864e-06
44000.056 1.6552260939300804e-06
44050.056 1.6434955497700845e-06
44100.056 1.7842934300803533e-06
44150.056 1.8655882149097502e-06
44200.056 1.7177154173101354e-06
44250.056 1.6462168028899415e-06
44300.056 1.5805290080403458e-06
44350.056 1.587603866280168e-06
44400.056 1.6424479341299333e-06
44450.056 1.7066983922600626e-06
44500.056 1.7003015763403383e-06
44550.056 1.5142638140396334e-06
44600.056 1.5395064416201874e-06
44650.056 1.6739034352800596e-06
44700.056 1.4908371047402006e-06
44750.056 1.6123534239197742e-06
44800.056 1.5922666105699354e-06
44850.056 1.5925874818100617e-06
44900.056 1.4744421934202273e-06
44950.056 1.3902437285800169e-06
45000.056 1.532402950809909e-06
45050.056 1.5362633497997939e-06
45100.056 1.5749217740399075e-06
45150.056 1.4709273200800154e-06
45200.056 1.3399513944999366e-06
45250.056 1.3978229178098029e-06
45300.056 1.4953004989801152e-06
45350.056 1.5605517713198464e-06
45400.056 1.4699789270002052e-06
45450.056 1.3304931558397977e-06
45500.056 1.371858869149952e-06
45550.056 1.549703797079854e-06
45600.056 1.4188329224799529e-06
45650.056 1.2692807350697061e-06
45700.056 1.4961834048501446e-06
45750.056 1.3705555162599399e-06
45800.056 1.3463830088499617e-06
45850.056 1.5955023873699907e-06
45900.056 1.597851148340089e-06
45950.056 1.3747242700699608e-06
46000.056 1.6529900052199812e-06
46050.056 1.6178124020103392e-06
46100.056 1.3451967105801168e-06
46150.056 1.4250643036099494e-06
46200.056 1.5865069751603643e-06
46250.056 1.2852868885699472e-06
46300.056 1.6832644844899194e-06
46350.056 1.3630233477698507e-06
46400.056 1.4385928024298074e-06
46450.056 1.4522141385303204e-06
46500.056 1.3497648565798984e-06
46550.056 1.625434387199968e-06
46600.056 1.4898326467199786e-06
46650.056 1.891837645509927e-06
46700.056 1.7543633439004886e-06
46750.056 1.4097199314198668e-06
46800.056 1.570474200210274e-06
46850.056 1.660953718080129e-06
46900.056 1.5715875226696818e-06
46950.056 1.7480215412501186e-06
47000.056 1.5259451611999672e-06
47050.056 1.7062554612797222e-06
47100.056 1.4179026724901159e-06
47150.056 1.563332982900302e-06
47200.056 1.6060037103104828e-06
47250.056 1.4729991558596556e-06
47300.056 1.5510758054095903e-06
47350.056 1.2980890483897006e-06
47400.056 1.6244803887495868e-06
47450.056 1.5267765512098726e-06
47500.056 1.5654270773096358e-06
47550.056 1.468245896009764e-06
47600.056 1.6585399573498952e-06
47650.056 1.1888337856096499e-06
47700.056 1.6751193543700684e-06
47750.056 1.1474464518103307e-06
47800.056 1.640511452259826e-06
47850.056 1.2572722215596884e-06
47900.056 1.6736001363401115e-06
47950.056 1.2113121897402848e-06
48000.056 1.8426320563000032e-06
48050.056 1.3463308556402776e-06
48100.056 1.4874141685699673e-06
48150.056 1.34793329114019e-06
48200.056 1.6732728148103246e-06
48250.056 1.366905075149848e-06
48300.056 1.812961089829745e-06
48350.056 1.210043652399822e-06
48400.056 1.6473689989699782e-06
48450.056 1.3494102889200931e-06
48500.056 1.8159702067400355e-06
48550.056 1.2483948854900606e-06
48600.056 1.6722029334698308e-06
48650.056 1.2725233097499742e-06
48700.056 1.5961692146200832e-06
48750.056 1.1460609698601851e-06
48800.056 1.835010700720123e-06
48850.056 1.2722092044297477e-06
48900.056 1.6457346305001175e-06
48950.056 1.4999035403500846e-06
49000.056 1.486157187899858e-06
49050.056 1.5452475156098954e-06
49100.056 1.4425953725701587e-06
49150.056 1.502224258970063e-06
49200.056 1.487194810299945e-06
49250.056 1.4851601429800464e-06
49300.056 1.316700612459805e-06
49350.056 1.3844400058299794e-06
49400.056 1.6559839192101765e-06
49450.056 1.4011038284203432e-06
49500.056 1.4787759277801645e-06
49550.056 1.2960262321499888e-06
49600.056 1.4105379669603322e-06
49650.056 1.4609713474801466e-06
49700.056 1.2484846463599011e-06
49750.056 1.8703376385996814e-06
49800.056 1.43512163864007e-06
49850.056 1.7693209194400323e-06
49900.056 1.4205178026201245e-06
49950.056 1.5168872388695324e-06
50000.056 1.467271493769637e-06
50050.056 1.4964435828301305e-06
50100.056 1.5831992571498711e-06
50150.056 1.37380549716002e-06
50200.056 1.2639011155901478e-06
50250.056 1.4343445435301108e-06
50300.056 1.35621840942984e-06
50350.056 1.5642097814400031e-06
50400.056 1.4163957085200236e-06
50450.056 1.3853607729901943e-06
50500.056 1.8033596454402973e-06
50550.056 1.4505245463898908e-06
50600.056 1.5599838366200913e-06
50650.056 1.4683757034603817e-06
50700.056 1.6134264417894779e-06
50750.056 1.612062136690219e-06
50800.056 1.2523843984898968e-06
50850.056 1.4763225892602543e-06
50900.056 1.527283079019957e-06
50950.056 1.5935523455702526e-06
51000.056 1.8033983855601852e-06
51050.056 1.3746881729202338e-06
51100.056 1.3645098689299018e-06
51150.056 1.5656857178899543e-06
51200.056 1.4699409506399133e-06
51250.056 1.6383013475199844e-06
51300.056 1.3786103332704567e-06
51350.056 1.5552783397297378e-06
51400.056 1.466655423369579e-06
51450.056 1.0822581300898303e-06
51500.056 1.50618980785996e-06
51550.056 1.8362188938301797e-06
51600.056 1.2394421463300035e-06
51650.056 1.4925057752797453e-06
51700.056 1.361755972309564e-06
51750.056 1.3411965355800983e-06
51800.056 1.5771286289897942e-06
51850.056 1.5845531475498563e-06
51900.056 1.6509417212802813e-06
51950.056 1.4902334853898403e-06
52000.056 1.3220021056499554e-06
52050.056 1.5364256423698805e-06
52100.056 1.4568282266796924e-06
52150.056 1.4741002779701734e-06
52200.056 1.4156777776000902e-06
52250.056 1.4468834346299862e-06
52300.056 1.528734658739979e-06
52350.056 1.7116433295502055e-06
52400.056 1.2592925003801182e-06
52450.056 1.458914512979956e-06
52500.056 1.5966420634196092e-06
52550.056 1.4687393437095497e-06
52600.056 1.5404371911401804e-06
52650.056 1.7374133950602995e-06
52700.056 1.4827591470700375e-06
52750.056 1.2049896581498455e-06
52800.056 1.3728667754801443e-06
52850.056 1.2925386979798697e-06
52900.056 1.4563021553301313e-06
52950.056 1.4289048565097428e-06
53000.056 1.602021858089826e-06
53050.056 1.4620768626597286e-06
53100.056 1.3373919478596762e-06
53150.056 1.6573260268203382e-06
53200.056 1.1827866443302386e-06
53250.056 1.682473429829915e-06
