galfind/configs/Brown_Dwarf_templates/sonora_bobcat/m-0.5/17g/sp_t1900g17nc_m-0.5_resample.dat
# %ECSV 1.0
# ---
# datatype:
# - {name: wav, unit: Angstrom, datatype: float64}
# - {name: flux_nu, unit: erg / (cm2 Hz s), datatype: float64}
# meta: {C/O: '1.00', Kzz: '1.0000E+05', Teff: '1900.', Y: '0.28', '[Fe/H]': '-0.50', f_hole: '1.00', f_rain: '0.00', grav: '18.'}
# schema: astropy-2.0
wav flux_nu
4000.0559999999996 nan
4050.0559999999996 3.59521630199402e-09
4100.056 4.270410235420605e-09
4150.056 2.9644540720059483e-09
4200.056 2.011134541653893e-09
4250.056 1.6040859022453368e-09
4300.056 8.26423918744268e-10
4350.056 9.446257995180637e-10
4400.056 8.669491132622756e-10
4450.056 4.068567669010608e-10
4500.056 5.046121541780835e-10
4550.056 6.547117418387624e-10
4600.056 5.485347619558761e-10
4650.056 4.101398039821399e-10
4700.056 5.109458550611988e-10
4750.056 7.095820132877736e-10
4800.056 4.3694562668498343e-10
4850.056 5.482840764901375e-10
4900.056 1.4043093887496613e-09
4950.056 1.831333377022025e-09
5000.056 6.47317262007982e-10
5050.056 8.520859616501598e-10
5100.056 1.7284648503414158e-09
5150.056 1.9153380416499483e-09
5200.056 1.0008687204620145e-09
5250.056 1.2989431970300043e-09
5300.056 1.6206934019600952e-09
5350.056 1.60959082277025e-09
5400.056 1.8312926923099645e-09
5450.056 1.5330337872898382e-09
5500.056 1.197382990849887e-09
5550.056 1.4816300572598408e-09
5600.056 1.3118407098700586e-09
5650.056 1.1977797658200078e-09
5700.056 1.1836779985800272e-09
5750.056 8.444433746299513e-10
5800.056 5.627944610199826e-10
5850.056 1.7842409057399429e-10
5900.056 1.2217046028744922e-11
5950.056 4.037631750200039e-10
6000.056 1.2811448680599994e-09
6050.056 2.56441033360009e-09
6100.056 3.6197169435802073e-09
6150.056 4.372335887499595e-09
6200.056 3.85848074770004e-09
6250.056 4.711359644900182e-09
6300.056 6.54841216800011e-09
6350.056 8.241588228000381e-09
6400.056 1.0117994124300156e-08
6450.056 1.275590334099801e-08
6500.056 1.275459062319823e-08
6550.056 1.543761215819654e-08
6600.056 1.413674882290107e-08
6650.056 1.3042840775201329e-08
6700.056 9.939532285640525e-09
6750.056 1.3756982414601106e-08
6800.056 1.590045478740075e-08
6850.056 2.0521974938500133e-08
6900.056 2.5747249941599956e-08
6950.056 3.065068557099581e-08
7000.056 3.971950904199643e-08
7050.056 3.46613545807027e-08
7100.056 2.1587488063498378e-08
7150.056 1.97736466764012e-08
7200.056 2.625078419799917e-08
7250.056 3.645683369500215e-08
7300.056 5.6596723327007864e-08
7350.056 8.156300029299771e-08
7400.056 1.0651649813499898e-07
7450.056 1.1669846949597444e-07
7500.056 1.31446677479995e-07
7550.056 1.4015818233400365e-07
7600.056 7.825336589799812e-08
7650.056 1.4335715067648199e-08
7700.056 5.6559785053016835e-09
7750.056 4.37374283430039e-08
7800.056 6.446282780086025e-08
7850.056 7.81455202099991e-08
7900.056 8.416169523001697e-08
7950.056 8.34487333583075e-08
8000.056 1.087921256799824e-07
8050.056 1.787411852389661e-07
8100.056 2.9490924810309017e-07
8150.056 4.700244576260342e-07
8200.056 3.258863686707432e-07
8250.056 3.595839113099953e-07
8300.056 2.740129446681192e-07
8350.056 2.9929187079011184e-07
8400.056 3.0953484404004824e-07
8450.056 1.7736613769394098e-07
8500.056 1.5360608630179395e-07
8550.056 1.89874067192025e-07
8600.056 2.2774783363089853e-07
8650.056 3.0089679925196486e-07
8700.056 3.6939704896811593e-07
8750.056 5.023634844011105e-07
8800.056 7.391606272472122e-07
8850.056 7.201363800511616e-07
8900.056 4.2768195855196593e-07
8950.056 4.632137777290588e-07
9000.056 6.152266539860673e-07
9050.056 6.715506118837926e-07
9100.056 9.045207843500628e-07
9150.056 1.0888089206899837e-06
9200.056 1.0044173446301236e-06
9250.056 5.432506758459162e-07
9300.056 4.258273195890615e-07
9350.056 5.017414204190327e-07
9400.056 5.862162527771453e-07
9450.056 6.890096131482727e-07
9500.056 8.812362301248258e-07
9550.056 1.0510310193069247e-06
9600.056 1.1566983598513835e-06
9650.056 1.3690040161493811e-06
9700.056 1.5218819984337632e-06
9750.056 1.0997428403399988e-06
9800.056 1.2586341125688584e-06
9850.056 1.233987123219816e-06
9900.056 1.1362371471439786e-06
9950.056 1.0821674142980575e-06
10000.056 1.0620672463598513e-06
10050.056 1.0544464574679667e-06
10100.056 1.340570482341524e-06
10150.056 1.286678393936761e-06
10200.056 1.4176202997398789e-06
10250.056 1.3839827785994651e-06
10300.056 1.3907112215896571e-06
10350.056 1.615326018209697e-06
10400.056 1.7589245049398935e-06
10450.056 1.922968566370359e-06
10500.056 1.9243052582796536e-06
10550.056 2.001104444230449e-06
10600.056 2.196625978230409e-06
10650.056 2.303323461039775e-06
10700.056 2.4805940470501335e-06
10750.056 2.708767723550264e-06
10800.056 2.862259682999714e-06
10850.056 3.070799260349805e-06
10900.056 2.9404506770097415e-06
10950.056 2.702371375219274e-06
11000.056 2.5875997771800643e-06
11050.056 1.8049732863030633e-06
11100.056 2.0002703350474197e-06
11150.056 2.098592122069346e-06
11200.056 2.1530303799941047e-06
11250.056 2.4584275862865503e-06
11300.056 2.4780057943551265e-06
11350.056 2.266542410901046e-06
11400.056 1.9421835957001105e-06
11450.056 2.47109116387023e-06
11500.056 2.758854364435393e-06
11550.056 2.6642430931106214e-06
11600.056 2.790632512497198e-06
11650.056 2.909744642447578e-06
11700.056 2.4297310356100965e-06
11750.056 2.4571429673079967e-06
11800.056 2.482258687297035e-06
11850.056 2.9923090521962066e-06
11900.056 3.0653239644292265e-06
11950.056 3.1265078786397848e-06
12000.056 2.9545908606602354e-06
12050.056 3.2891278890404084e-06
12100.056 3.282721823469868e-06
12150.056 3.602655328119781e-06
12200.056 3.6948799975595213e-06
12250.056 3.927957158949442e-06
12300.056 4.064135539040626e-06
12350.056 4.12721464966043e-06
12400.056 3.782206596339607e-06
12450.056 3.209628487810094e-06
12500.056 3.519859378359304e-06
12550.056 3.5613986386700258e-06
12600.056 3.7960585715000774e-06
12650.056 3.9936632839996084e-06
12700.056 4.229296811299766e-06
12750.056 4.212296507200298e-06
12800.056 4.5095515678395004e-06
12850.056 4.407424214320192e-06
12900.056 4.2944939140295164e-06
12950.056 4.454797280439223e-06
13000.056 4.566891625009084e-06
13050.056 4.645977110369616e-06
13100.056 4.62223233114938e-06
13150.056 4.605305770095577e-06
13200.056 4.427415276519537e-06
13250.056 4.142202635973153e-06
13300.056 3.538567031816595e-06
13350.056 2.2447421716883753e-06
13400.056 2.0653312729918026e-06
13450.056 1.7894710744798432e-06
13500.056 1.7706757462669176e-06
13550.056 1.6491112012180833e-06
13600.056 1.4678874902133906e-06
13650.056 1.6224548770725255e-06
13700.056 1.424905260987814e-06
13750.056 1.414615215128556e-06
13800.056 1.6390714900897023e-06
13850.056 1.6325531251223195e-06
13900.056 1.6128290343030528e-06
13950.056 1.5266449999498617e-06
14000.056 1.4203953820759117e-06
14050.056 1.431791248299695e-06
14100.056 1.284488507243064e-06
14150.056 1.2817797600460932e-06
14200.056 1.201440445151427e-06
14250.056 1.1835371720362839e-06
14300.056 1.21563747492059e-06
14350.056 1.2068791802554695e-06
14400.056 1.3006354402335093e-06
14450.056 1.3657211715291385e-06
14500.056 1.5251121857327475e-06
14550.056 1.554302219419982e-06
14600.056 1.6174503880966526e-06
14650.056 1.594653300070343e-06
14700.056 1.473767253184739e-06
14750.056 1.574007194705403e-06
14800.056 1.6411270119335583e-06
14850.056 1.7695763144154205e-06
14900.056 1.7901243552829994e-06
14950.056 1.8015825508293283e-06
15000.056 1.8619008172875048e-06
15050.056 2.047083483080415e-06
15100.056 2.0592363533503385e-06
15150.056 2.1736734699721946e-06
15200.056 2.247645086729835e-06
15250.056 2.259839398729787e-06
15300.056 2.4079666542898356e-06
15350.056 2.476046247770101e-06
15400.056 2.580596899160091e-06
15450.056 2.7162915118702763e-06
15500.056 2.7719734029994288e-06
15550.056 2.94273517190984e-06
15600.056 2.917334384600397e-06
15650.056 3.0738222392800943e-06
15700.056 3.308433703711269e-06
15750.056 3.4456422924997145e-06
15800.056 3.4726857128608676e-06
15850.056 3.3802409611302284e-06
15900.056 3.471514374990561e-06
15950.056 3.5667804008999017e-06
16000.056 3.6522934115997646e-06
16050.056 3.788035166500341e-06
16100.056 3.9185807095003435e-06
16150.056 3.8711275612003525e-06
16200.056 4.024609727599652e-06
16250.056 4.043645039399904e-06
16300.056 4.081355893600083e-06
16350.056 4.3071429909997345e-06
16400.056 4.25233456170085e-06
16450.056 4.358204854900285e-06
16500.056 4.509255708600625e-06
16550.056 4.69647618159971e-06
16600.056 4.488248105100633e-06
16650.056 4.86063075550041e-06
16700.056 4.6974187176590435e-06
16750.056 4.789294972099421e-06
16800.056 4.942851369980199e-06
16850.056 4.932550871649751e-06
16900.056 4.7944769304502865e-06
16950.056 4.785466250129357e-06
17000.056 4.761030154500714e-06
17050.056 4.684478262400213e-06
17100.056 4.4306526471507656e-06
17150.056 4.34257167378976e-06
17200.056 4.000927467459721e-06
17250.056 3.7934279844898873e-06
17300.056 3.86452720208933e-06
17350.056 3.6786165691004425e-06
17400.056 3.780471034290139e-06
17450.056 3.5210991219480037e-06
17500.056 3.361353205503885e-06
17550.056 3.358891997748216e-06
17600.056 3.1994265524960216e-06
17650.056 3.255565165689345e-06
17700.056 2.8277828695625576e-06
17750.056 2.711649529956037e-06
17800.056 2.7053216868795745e-06
17850.056 2.514721134101402e-06
17900.056 2.5193296990178665e-06
17950.056 2.448854091256392e-06
18000.056 2.2255392339232706e-06
18050.056 2.2497440981880815e-06
18100.056 2.1518670092440134e-06
18150.056 2.397633690427815e-06
18200.056 1.9904046288034483e-06
18250.056 2.330347309673417e-06
18300.056 2.2398326406189007e-06
18350.056 2.088301301432294e-06
18400.056 2.0620759561081536e-06
18450.056 1.8848238979886117e-06
18500.056 1.943071101412515e-06
18550.056 1.8258601679294007e-06
18600.056 1.5491866209368761e-06
18650.056 1.7970005309525787e-06
18700.056 1.9329305194344017e-06
18750.056 1.8401587095765512e-06
18800.056 1.9012069507338275e-06
18850.056 2.181909562494776e-06
18900.056 2.113341916552953e-06
18950.056 2.115017677881937e-06
19000.056 2.2593203515595296e-06
19050.056 2.194150623697986e-06
19100.056 2.2468654778808207e-06
19150.056 2.3434430831388634e-06
19200.056 2.3113886860829714e-06
19250.056 2.1991458905643205e-06
19300.056 2.3016005179141e-06
19350.056 2.2902469936471084e-06
19400.056 2.0647367034601923e-06
19450.056 2.3206069587973785e-06
19500.056 2.2988134911946374e-06
19550.056 1.993289893860762e-06
19600.056 2.3023352133198093e-06
19650.056 2.2671891532903095e-06
19700.056 2.287048010691323e-06
19750.056 2.140272809486353e-06
19800.056 2.2391074748566346e-06
19850.056 2.259186066497338e-06
19900.056 2.040900121471615e-06
19950.056 2.3549058310500653e-06
20000.056 2.092536157780385e-06
20050.056 2.2238436401710826e-06
20100.056 2.3365748983835247e-06
20150.056 2.278012368660262e-06
20200.056 2.3477136672091813e-06
20250.056 2.4691552740900538e-06
20300.056 2.46762033810017e-06
20350.056 2.516855855329703e-06
20400.056 2.4977235598786843e-06
20450.056 2.6793125557197237e-06
20500.056 2.648105250820232e-06
20550.056 2.7151685473300297e-06
20600.056 2.8858523012205846e-06
20650.056 2.8188146620708433e-06
20700.056 2.937883181190219e-06
20750.056 2.9987242312795006e-06
20800.056 3.1108598108102622e-06
20850.056 3.1084393593698623e-06
20900.056 3.2405385610596296e-06
20950.056 3.286056831189897e-06
21000.056 3.4521189501997806e-06
21050.056 3.449854184580136e-06
21100.056 3.504336013460014e-06
21150.056 3.6889583201201467e-06
21200.056 3.6546237663003326e-06
21250.056 3.8304145908996654e-06
21300.056 3.7184018877598563e-06
21350.056 3.974553337000144e-06
21400.056 3.836625886400429e-06
21450.056 4.179847537899999e-06
21500.056 3.988962794900285e-06
21550.056 4.080402182199734e-06
21600.056 4.190879221500521e-06
21650.056 4.154680538600373e-06
21700.056 4.344467087999752e-06
21750.056 4.243641325099902e-06
21800.056 4.243098797599709e-06
21850.056 4.27346974139973e-06
21900.056 4.387026915900513e-06
21950.056 4.304100232770289e-06
22000.056 4.431046348399875e-06
22050.056 4.287421651399358e-06
22100.056 4.42167954559986e-06
22150.056 4.435045250000335e-06
22200.056 4.294506776440952e-06
22250.056 4.4963675753204e-06
22300.056 4.457726906829778e-06
22350.056 4.337957387330199e-06
22400.056 4.517219011860241e-06
22450.056 4.439352664969441e-06
22500.056 4.506885616669821e-06
22550.056 4.4274943087792284e-06
22600.056 4.450891398139919e-06
22650.056 4.402976483880969e-06
22700.056 4.385514987731076e-06
22750.056 4.518216189819701e-06
22800.056 4.34251306655007e-06
22850.056 4.401763973650495e-06
22900.056 4.5053092531097715e-06
22950.056 3.423809146040532e-06
23000.056 3.8032175732002487e-06
23050.056 3.937224893979366e-06
23100.056 3.755197679245815e-06
23150.056 3.884185794502693e-06
23200.056 3.864734519502123e-06
23250.056 3.280975760424148e-06
23300.056 3.5037146269281613e-06
23350.056 3.612093260350077e-06
23400.056 3.478183138860044e-06
23450.056 3.5923015674200574e-06
23500.056 3.477081741699231e-06
23550.056 3.1598507361509566e-06
23600.056 3.2057228399747596e-06
23650.056 3.402112148148537e-06
23700.056 3.358338425968945e-06
23750.056 3.341032082094594e-06
23800.056 3.3029230318904823e-06
23850.056 2.8694972999554166e-06
23900.056 3.1443234281696484e-06
23950.056 3.2064805062210717e-06
24000.056 3.0333210509194396e-06
24050.056 3.0168658358003713e-06
24100.056 2.764587956289173e-06
24150.056 2.7149280645306244e-06
24200.056 2.730702450089011e-06
24250.056 2.67159072631047e-06
24300.056 2.5547756201900854e-06
24350.056 2.4114640775001837e-06
24400.056 2.6449666690397176e-06
24450.056 2.3748721923297976e-06
24500.056 2.1983189639998564e-06
24550.056 2.1696006986299017e-06
24600.056 2.207688370990471e-06
24650.056 2.3942240345798225e-06
24700.056 2.021404884649925e-06
24750.056 1.915298621390734e-06
24800.056 1.8552161033004446e-06
24850.056 2.1581216057499414e-06
24900.056 1.6775277275101524e-06
24950.056 2.080337278309689e-06
25000.056 1.8449051746700696e-06
25050.056 1.492907905668461e-06
25100.056 1.784290276943023e-06
25150.056 1.5249461359680697e-06
25200.056 1.653112754997562e-06
25250.056 1.5616920712245873e-06
25300.056 1.6828459973460956e-06
25350.056 1.3986938532570502e-06
25400.056 1.566976969415721e-06
25450.056 1.4081926493480357e-06
25500.056 1.5046241660535653e-06
25550.056 1.4006031516312361e-06
25600.056 1.458051152412188e-06
25650.056 1.3009433814480017e-06
25700.056 1.6371241753992923e-06
25750.056 1.204201798286209e-06
25800.056 1.5648237455023588e-06
25850.056 1.3927244420177722e-06
25900.056 1.557996196596345e-06
25950.056 1.358356503339924e-06
26000.056 1.5448002577105442e-06
26050.056 1.674732403658135e-06
26100.056 1.6166571681711495e-06
26150.056 1.6344643288894428e-06
26200.056 1.5456551821300843e-06
26250.056 1.5708113859105144e-06
26300.056 1.5985404242201535e-06
26350.056 1.5813951470397884e-06
26400.056 1.6398299861894488e-06
26450.056 1.6207480232302757e-06
26500.056 1.7047163377292528e-06
26550.056 1.6736559310194914e-06
26600.056 1.96789546639946e-06
26650.056 1.5465056694597503e-06
26700.056 1.5765292254399848e-06
26750.056 1.42289743702937e-06
26800.056 1.5972904791193624e-06
26850.056 1.3022532779100971e-06
26900.056 1.6780289707201727e-06
26950.056 1.1707322193099871e-06
27000.056 1.5927243162805965e-06
27050.056 1.3377131449999242e-06
27100.056 1.3515828383497421e-06
27150.056 1.4415685335798895e-06
27200.056 1.4227532606004786e-06
27250.056 1.3164126392207175e-06
27300.056 1.5046795110699404e-06
27350.056 1.471318937159385e-06
27400.056 1.2437950754799993e-06
27450.056 1.6229318850092514e-06
27500.056 1.4800310787699863e-06
27550.056 1.4243067304799063e-06
27600.056 1.6453468902696735e-06
27650.056 1.2760868041497856e-06
27700.056 1.257380009720173e-06
27750.056 1.6516423329489717e-06
27800.056 1.1890065394798269e-06
27850.056 1.3480115053690975e-06
27900.056 1.3745575112101953e-06
27950.056 1.5746774322498713e-06
28000.056 1.513915897340501e-06
28050.056 1.1591317969103323e-06
28100.056 1.6577370015407586e-06
28150.056 1.3301699063300202e-06
28200.056 1.1366321914801127e-06
28250.056 1.4376716659501203e-06
28300.056 1.6531634159202874e-06
28350.056 1.3244738786694117e-06
28400.056 1.369689380019934e-06
28450.056 1.4020740147496306e-06
28500.056 1.4404777999296498e-06
28550.056 1.0714296889695562e-06
28600.056 1.6465201260099918e-06
28650.056 1.529567369959781e-06
28700.056 1.3711677098995733e-06
28750.056 1.5397928130699354e-06
