galfind/configs/Brown_Dwarf_templates/sonora_bobcat/m-0.5/17g/sp_t700g17nc_m-0.5_resample.dat
# %ECSV 1.0
# ---
# datatype:
# - {name: wav, unit: Angstrom, datatype: float64}
# - {name: flux_nu, unit: erg / (cm2 Hz s), datatype: float64}
# meta: {C/O: '1.00', Kzz: '1.0000E+05', Teff: '700.', Y: '0.28', '[Fe/H]': '-0.50', f_hole: '1.00', f_rain: '0.00', grav: '18.'}
# schema: astropy-2.0
wav flux_nu
4000.0559999999996 nan
4050.0559999999996 1.0340488150992225e-14
4100.056 7.515623305879648e-13
4150.056 3.274245001910205e-12
4200.056 2.885778406944683e-12
4250.056 8.11606362070066e-12
4300.056 1.174755705430083e-11
4350.056 1.3839246164500673e-11
4400.056 1.7885349168300564e-11
4450.056 2.1285363037300133e-11
4500.056 2.230626953600132e-11
4550.056 2.589266170127238e-11
4600.056 2.6132589037100087e-11
4650.056 2.2554497802998702e-11
4700.056 1.8822245968599898e-11
4750.056 8.351356062699954e-12
4800.056 2.238744862589964e-12
4850.056 5.01601321879993e-13
4900.056 1.482169284129986e-13
4950.056 4.67643172559994e-14
5000.056 1.2016301075499828e-14
5050.056 4.549301376300017e-15
5100.056 3.9355464678000086e-15
5150.056 3.768277850799979e-15
5200.056 3.6893427943999936e-15
5250.056 3.6966848251999935e-15
5300.056 3.7669411882999994e-15
5350.056 3.913571050200002e-15
5400.056 4.149171268899992e-15
5450.056 4.369359354199978e-15
5500.056 4.563355478500001e-15
5550.056 4.731399725100003e-15
5600.056 4.8592897022999904e-15
5650.056 4.886370578400008e-15
5700.056 4.763717109600005e-15
5750.056 4.27130709369999e-15
5800.056 3.4370598856999873e-15
5850.056 2.0990754559999698e-15
5900.056 5.5828615075229025e-16
5950.056 4.620091940000086e-15
6000.056 1.1552459617000094e-14
6050.056 2.26976927040002e-14
6100.056 3.901231882200018e-14
6150.056 6.273420907400033e-14
6200.056 9.755989703000047e-14
6250.056 1.490521760700005e-13
6300.056 2.230711386800014e-13
6350.056 3.3124361973000226e-13
6400.056 4.901539010400018e-13
6450.056 7.130063918499902e-13
6500.056 1.0584493561999986e-12
6550.056 1.578153773220003e-12
6600.056 2.376849057000052e-12
6650.056 3.5953881592000286e-12
6700.056 4.804445103852049e-12
6750.056 7.972097227800048e-12
6800.056 1.0998617230700066e-11
6850.056 1.308255048500003e-11
6900.056 1.2586559067000193e-11
6950.056 1.113807237999991e-11
7000.056 1.1325497380000157e-11
7050.056 1.2408487948899789e-11
7100.056 1.3746401979499907e-11
7150.056 1.3675040438789744e-11
7200.056 1.3126087417181133e-11
7250.056 1.2569155400679133e-11
7300.056 1.1426775732738102e-11
7350.056 1.0427041220019709e-11
7400.056 9.509876703700293e-12
7450.056 8.451207156800174e-12
7500.056 7.272151808099972e-12
7550.056 5.8938796487999715e-12
7600.056 4.5317819831999664e-12
7650.056 1.0762514768780395e-12
7700.056 5.967704160710358e-13
7750.056 4.290393593700091e-12
7800.056 7.962552793856128e-12
7850.056 1.551418084700003e-11
7900.056 2.4262125753999958e-11
7950.056 3.0183726275206426e-11
8000.056 5.489437575100081e-11
8050.056 7.925440436500233e-11
8100.056 1.0467781187060052e-10
8150.056 1.4038255223350172e-10
8200.056 2.0529728165627704e-10
8250.056 2.688177267658872e-10
8300.056 3.594321964090174e-10
8350.056 4.54569045773832e-10
8400.056 5.819484560307905e-10
8450.056 7.645911011539718e-10
8500.056 8.659638894187228e-10
8550.056 1.1849173005700257e-09
8600.056 1.5577753425000207e-09
8650.056 1.912203768300045e-09
8700.056 2.2722432493000127e-09
8750.056 2.711825652500021e-09
8800.056 3.110790515400063e-09
8850.056 3.2159046873999336e-09
8900.056 2.135817410999803e-09
8950.056 2.229276104380114e-09
9000.056 2.3945154921453857e-09
9050.056 4.437766308821707e-09
9100.056 5.312657091480595e-09
9150.056 5.73677974628579e-09
9200.056 7.285929889175674e-09
9250.056 7.296654962956433e-09
9300.056 3.0425269125370216e-09
9350.056 3.626954888538883e-09
9400.056 5.260791477739806e-09
9450.056 6.517546312704794e-09
9500.056 6.081046433727103e-09
9550.056 7.0306008822323e-09
9600.056 6.859424818365154e-09
9650.056 8.136093203506373e-09
9700.056 1.029942236636868e-08
9750.056 1.0651451336740687e-08
9800.056 1.1844543069796404e-08
9850.056 1.334818480461566e-08
9900.056 1.6014765773116835e-08
9950.056 1.6352237456886057e-08
10000.056 1.519093770437782e-08
10050.056 2.0422851596600505e-08
10100.056 2.4675730422697352e-08
10150.056 2.7847947838997432e-08
10200.056 3.141787015320115e-08
10250.056 3.578734064476199e-08
10300.056 4.174233404519726e-08
10350.056 4.615103965900051e-08
10400.056 5.459473922699964e-08
10450.056 6.019513882699248e-08
10500.056 6.453644450799946e-08
10550.056 6.909427414000156e-08
10600.056 7.212925294799677e-08
10650.056 7.605524610600233e-08
10700.056 7.650786569670375e-08
10750.056 7.868246984160259e-08
10800.056 7.795309560646202e-08
10850.056 7.30851939194974e-08
10900.056 5.54369328254983e-08
10950.056 3.1411508911730785e-08
11000.056 2.478758924382794e-08
11050.056 1.8037747644476937e-08
11100.056 1.2558131534050658e-08
11150.056 7.03929336334566e-09
11200.056 5.854889132682899e-09
11250.056 6.87743507113946e-09
11300.056 8.207780503863272e-09
11350.056 3.6880147598382557e-09
11400.056 7.091123527901113e-09
11450.056 5.676450633279489e-09
11500.056 4.139679490184247e-09
11550.056 1.5039115206995723e-09
11600.056 1.7243440811843084e-09
11650.056 3.6652538995494905e-09
11700.056 3.9193583968034e-09
11750.056 9.835756044047546e-10
11800.056 4.3534887561365176e-09
11850.056 7.3317174835744264e-09
11900.056 8.836874603485514e-09
11950.056 1.3006864931582322e-08
12000.056 1.8693206193619142e-08
12050.056 2.5834440992061634e-08
12100.056 3.528333398297549e-08
12150.056 4.677090594360664e-08
12200.056 5.63454801960909e-08
12250.056 7.054676193677119e-08
12300.056 8.731922382501187e-08
12350.056 9.232558413139943e-08
12400.056 1.1252427363219329e-07
12450.056 1.240433194030087e-07
12500.056 1.342777601340071e-07
12550.056 1.458711923080066e-07
12600.056 1.6388900552500993e-07
12650.056 1.6242785749519742e-07
12700.056 1.6343881937512288e-07
12750.056 1.5086770476242022e-07
12800.056 1.425391364045452e-07
12850.056 1.152243387838478e-07
12900.056 9.732119647684835e-08
12950.056 9.076264570926615e-08
13000.056 8.350345270105e-08
13050.056 6.69352966572464e-08
13100.056 6.030483640880107e-08
13150.056 4.6000996341910555e-08
13200.056 3.939982021059426e-08
13250.056 2.984114478841453e-08
13300.056 1.3618548652024672e-08
13350.056 4.493011492503088e-09
13400.056 3.2169446365800315e-09
13450.056 1.5561721419839408e-09
13500.056 9.416882093441353e-10
13550.056 5.973182097228335e-10
13600.056 2.2693269089646844e-10
13650.056 7.520138912189768e-10
13700.056 5.69418449057818e-10
13750.056 5.9278447378117e-10
13800.056 6.055200806995002e-10
13850.056 4.67197371581293e-10
13900.056 5.27208540116722e-10
13950.056 4.392945852887287e-10
14000.056 4.6251103116164854e-10
14050.056 6.286029607880387e-10
14100.056 6.620275732195656e-10
14150.056 1.0063017205662458e-09
14200.056 7.636139609033341e-10
14250.056 9.286651354061419e-10
14300.056 1.6005624152648248e-09
14350.056 1.7351148799799012e-09
14400.056 2.015373938465908e-09
14450.056 2.4077034275976856e-09
14500.056 4.399488599384423e-09
14550.056 5.111651346584456e-09
14600.056 6.37453774736831e-09
14650.056 5.9289874006981005e-09
14700.056 4.25423877082857e-09
14750.056 4.312372007027701e-09
14800.056 6.655591275631406e-09
14850.056 7.784067496126588e-09
14900.056 8.197571105348302e-09
14950.056 8.618543332600982e-09
15000.056 1.1929290329299414e-08
15050.056 1.1934468577033921e-08
15100.056 1.1820409123432436e-08
15150.056 1.2501203815399718e-08
15200.056 1.5121737805064913e-08
15250.056 2.184456697213872e-08
15300.056 2.570058722512477e-08
15350.056 2.980235021333062e-08
15400.056 3.5586913525384754e-08
15450.056 4.100617857826435e-08
15500.056 4.469654229028485e-08
15550.056 5.360185558441341e-08
15600.056 5.970637645928087e-08
15650.056 6.710061725580023e-08
15700.056 7.830103464791707e-08
15750.056 8.385184923709164e-08
15800.056 8.500863074800949e-08
15850.056 8.876557880700829e-08
15900.056 7.851869531600141e-08
15950.056 6.99883170899878e-08
16000.056 5.2625309943005935e-08
16050.056 3.245677890139809e-08
16100.056 2.187416279705715e-08
16150.056 1.3667988143320105e-08
16200.056 8.499647989607296e-09
16250.056 6.681304121537264e-09
16300.056 4.856630641541284e-09
16350.056 5.488240979717845e-09
16400.056 6.778107919170679e-09
16450.056 6.8823049687606925e-09
16500.056 6.887804839796479e-09
16550.056 6.936127492844059e-09
16600.056 7.254170868309599e-09
16650.056 5.723497802074374e-09
16700.056 1.512961264075138e-09
16750.056 2.7743007742557923e-09
16800.056 4.843058511439679e-09
16850.056 5.558732433039132e-09
16900.056 3.876737223797817e-09
16950.056 2.7402292784220995e-09
17000.056 1.87749159460059e-09
17050.056 3.256781113188568e-09
17100.056 4.6637823544282665e-09
17150.056 3.0764024296873664e-09
17200.056 6.318100297385927e-09
17250.056 5.2315789967200576e-09
17300.056 3.5729766929004916e-09
17350.056 3.450953093872043e-09
17400.056 4.5087299846812164e-09
17450.056 5.770010853451648e-09
17500.056 7.100886388975494e-09
17550.056 6.751334956771371e-09
17600.056 5.528136456087631e-09
17650.056 5.524823863687796e-09
17700.056 4.19578964251408e-09
17750.056 4.2737390179113565e-09
17800.056 7.1547038911101544e-09
17850.056 4.698310410086135e-09
17900.056 3.813878173667107e-09
17950.056 3.290149431292992e-09
18000.056 4.195136707414282e-09
18050.056 4.3020507166274005e-09
18100.056 4.971862597887627e-09
18150.056 5.729122649463295e-09
18200.056 3.8487521896758776e-09
18250.056 7.988954661381506e-09
18300.056 4.734865764283289e-09
18350.056 3.799591510197694e-09
18400.056 3.614196295301942e-09
18450.056 5.5423467636471175e-09
18500.056 5.81568234851194e-09
18550.056 4.513622918637914e-09
18600.056 4.380294804611471e-09
18650.056 4.016035077822836e-09
18700.056 2.990233964304272e-09
18750.056 4.5924374764398286e-09
18800.056 8.274226528961833e-09
18850.056 8.91283880491261e-09
18900.056 8.401899858208237e-09
18950.056 1.1333112040150704e-08
19000.056 7.291703826817968e-09
19050.056 5.116436267127591e-09
19100.056 8.044541613211403e-09
19150.056 5.537992195010288e-09
19200.056 6.525907462321222e-09
19250.056 5.1389206358448445e-09
19300.056 4.455522114202045e-09
19350.056 3.786129069971599e-09
19400.056 3.185402674440261e-09
19450.056 5.1907692417955496e-09
19500.056 4.480253055436727e-09
19550.056 3.875562116144277e-09
19600.056 5.968109262366709e-09
19650.056 5.777564337816791e-09
19700.056 6.1081842013917496e-09
19750.056 7.656067581111975e-09
19800.056 7.092627249871109e-09
19850.056 9.167226165338771e-09
19900.056 8.415441626665707e-09
19950.056 1.1730853218587033e-08
20000.056 1.2012204140902553e-08
20050.056 1.1774669412009035e-08
20100.056 1.5414759143750225e-08
20150.056 1.2065124939256828e-08
20200.056 1.215288726308168e-08
20250.056 1.5848098426404316e-08
20300.056 1.6684263981064933e-08
20350.056 1.780121249743141e-08
20400.056 1.717650340268701e-08
20450.056 2.1034360683266827e-08
20500.056 2.315634340311968e-08
20550.056 2.3653577148490264e-08
20600.056 2.4993428834453282e-08
20650.056 2.6911907087551668e-08
20700.056 2.806506851014689e-08
20750.056 2.9420762594057577e-08
20800.056 2.9317233532214523e-08
20850.056 2.984710695720116e-08
20900.056 3.0855672656491585e-08
20950.056 2.947066068170098e-08
21000.056 2.85192599057072e-08
21050.056 2.866376507709531e-08
21100.056 2.7085317070902914e-08
21150.056 2.7078198206355132e-08
21200.056 2.515243193583274e-08
21250.056 2.3519553000087477e-08
21300.056 2.051042601811646e-08
21350.056 2.0413986599351126e-08
21400.056 1.945675812185408e-08
21450.056 1.7307480209284436e-08
21500.056 1.5853515184474626e-08
21550.056 1.4366315985616349e-08
21600.056 1.2525488882361674e-08
21650.056 1.0450311251307923e-08
21700.056 1.0360019133605343e-08
21750.056 9.382950965965804e-09
21800.056 7.937161072754312e-09
21850.056 7.443306618985364e-09
21900.056 5.4345696107617865e-09
21950.056 3.0430230196680114e-09
22000.056 1.1398934762535529e-09
22050.056 8.480461449012259e-10
22100.056 1.8563143492215696e-09
22150.056 2.5207972051119792e-09
22200.056 2.769254379020751e-09
22250.056 2.244253600132384e-09
22300.056 1.6804374588497858e-09
22350.056 1.780189783815918e-09
22400.056 1.0862926905933393e-09
22450.056 1.1065849252801682e-09
22500.056 9.34208135509582e-10
22550.056 7.461019178655952e-10
22600.056 7.246492784738678e-10
22650.056 9.207750469416149e-10
22700.056 7.312688928034243e-10
22750.056 7.725443475929268e-10
22800.056 7.442949653205453e-10
22850.056 6.316585271190388e-10
22900.056 5.11152012540683e-10
22950.056 4.899721918617368e-10
23000.056 6.674847527676192e-10
23050.056 8.566630347544141e-10
23100.056 1.94462084397035e-09
23150.056 2.040147774400895e-09
23200.056 3.496068108622713e-10
23250.056 5.463382957077849e-10
23300.056 5.309800912484737e-10
23350.056 6.107096952723344e-10
23400.056 6.662418903296231e-10
23450.056 5.656854209103336e-10
23500.056 6.147068545165988e-10
23550.056 8.618683773501823e-10
23600.056 1.0067833749092944e-09
23650.056 1.507051869380403e-09
23700.056 7.173605512197135e-10
23750.056 5.633476796806152e-10
23800.056 9.360455475165097e-10
23850.056 9.53341959907753e-10
23900.056 1.5833022670998395e-09
23950.056 1.5196513574974652e-09
24000.056 1.9322022477013924e-09
24050.056 2.4741192921181553e-09
24100.056 2.3341443930340136e-09
24150.056 2.8894026498332127e-09
24200.056 2.5204023552696815e-09
24250.056 2.1625846612898383e-09
24300.056 2.888327846257554e-09
24350.056 2.573311843399232e-09
24400.056 3.8343448717752655e-09
24450.056 3.980464885286232e-09
24500.056 4.03084082879731e-09
24550.056 5.1086016386862455e-09
24600.056 5.178773162137767e-09
24650.056 6.873363364458699e-09
24700.056 4.966312398047307e-09
24750.056 5.906699891062268e-09
24800.056 6.017388070385687e-09
24850.056 8.327838338678702e-09
24900.056 5.162912152008652e-09
24950.056 8.897988702180896e-09
25000.056 8.359538387457595e-09
25050.056 6.2373776713389945e-09
25100.056 8.720732589534173e-09
25150.056 5.605346033605472e-09
25200.056 7.787770650481823e-09
25250.056 4.846960651434243e-09
25300.056 7.324269770419322e-09
25350.056 4.11733965394464e-09
25400.056 7.93185177862117e-09
25450.056 3.982007910233829e-09
25500.056 3.8931904765239864e-09
25550.056 5.031350198002035e-09
25600.056 3.591930851412045e-09
25650.056 2.603234485057033e-09
25700.056 4.7621731579814406e-09
25750.056 1.8623850674955208e-09
25800.056 5.1876756349750085e-09
25850.056 2.020966384460966e-09
25900.056 2.818751488916402e-09
25950.056 1.398086234548631e-09
26000.056 5.3489112466918014e-09
26050.056 2.222394540561236e-09
26100.056 4.7879412088275514e-09
26150.056 3.3152391468303005e-09
26200.056 4.078546656655136e-09
26250.056 8.462533623684474e-09
26300.056 4.577004006718087e-09
26350.056 1.0444122990546704e-08
26400.056 1.0610614565821166e-08
26450.056 1.153422600652049e-08
26500.056 1.3759438375526919e-08
26550.056 5.7899193650920385e-09
26600.056 8.162420489956726e-09
26650.056 2.9116359982200534e-09
26700.056 2.5365630444938486e-09
26750.056 1.8507821653574993e-09
26800.056 3.7241293067258145e-09
26850.056 2.0612499202957305e-09
26900.056 5.896358235265145e-09
26950.056 2.7303912090364863e-09
27000.056 8.686419416794864e-09
27050.056 7.252435635876498e-09
27100.056 3.753827139095292e-09
27150.056 1.0608746252504649e-08
27200.056 3.961700865767518e-09
27250.056 6.1864013078932375e-09
27300.056 1.7296259265952108e-08
27350.056 1.0934629411209776e-08
27400.056 1.98914097727111e-09
27450.056 1.3343786867854026e-08
27500.056 1.3086490292182883e-08
27550.056 4.601330878713137e-09
27600.056 9.113958849521396e-09
27650.056 3.8479281773389944e-09
27700.056 2.9969617713163353e-09
27750.056 1.0208133470384773e-08
27800.056 3.7280548996798386e-09
27850.056 5.307599934864733e-09
27900.056 5.404622029845996e-09
27950.056 1.0976310862366095e-08
28000.056 8.889484823237383e-09
28050.056 2.278939850693643e-09
28100.056 9.525268184074405e-09
28150.056 6.718127282059069e-09
28200.056 3.0164794015692366e-09
28250.056 1.0914514197248524e-08
28300.056 1.237461295357489e-08
28350.056 4.156278088096218e-09
28400.056 8.613366510257043e-09
28450.056 1.1816922761735906e-08
28500.056 8.79682827635933e-09
28550.056 3.082202961306111e-09
28600.056 1.3704680624003357e-08
28650.056 1.0668159836412333e-08
28700.056 1.0812088847354207e-08
28750.056 1.5903637212121334e-08
28800.056 1.0770253630782009e-08
28850.056 1.4315282334971802e-08
28900.056 7.710683959154515e-09
