galfind/configs/Brown_Dwarf_templates/sonora_bobcat/m-0.5/17g/sp_t275g17nc_m-0.5_resample.dat
# %ECSV 1.0
# ---
# datatype:
# - {name: wav, unit: Angstrom, datatype: float64}
# - {name: flux_nu, unit: erg / (cm2 Hz s), datatype: float64}
# meta: {C/O: '1.00', Kzz: '1.0000E+05', Teff: '275.', Y: '0.28', '[Fe/H]': '-0.50', f_hole: '1.00', f_rain: '0.00', grav: '18.'}
# schema: astropy-2.0
wav flux_nu
[from data line 499]
28950.056 1.7602499824018016e-12
29000.056 8.241229528083996e-13
29050.056 1.5727843442162338e-12
29100.056 6.036499813604419e-13
29150.056 4.944470613271824e-13
29200.056 5.216044248539152e-12
29250.056 2.4062369426193448e-12
29300.056 1.4008730439851665e-12
29350.056 3.926100993857082e-12
29400.056 2.419676750076514e-12
29450.056 5.162633560675014e-13
29500.056 5.385107635051985e-12
29550.056 1.1626765618308762e-12
29600.056 1.0635837844791434e-12
29650.056 7.202401245562145e-12
29700.056 8.075655566706387e-13
29750.056 5.92213481922462e-12
29800.056 2.149298338789166e-12
29850.056 6.2608669111199804e-12
29900.056 1.904246111929199e-12
29950.056 2.8741808233651945e-12
30000.056 1.8652457319344937e-14
30050.056 3.178361657675774e-13
30100.056 2.1929576875500822e-12
30150.056 8.874787199794998e-12
30200.056 4.507344609902153e-12
30250.056 6.5483635994514135e-12
30300.056 1.1902605606792528e-11
30350.056 1.2802319952216474e-12
30400.056 1.1107085330802358e-11
30450.056 1.2751797849156452e-11
30500.056 2.204663346265973e-12
30550.056 2.362033630777859e-12
30600.056 6.602090283143992e-11
30650.056 1.9533378192542095e-11
30700.056 4.6864382518047096e-12
30750.056 1.6203405722665354e-11
30800.056 2.4578406067649595e-11
30850.056 2.3338937046158472e-11
30900.056 9.657436000568572e-12
30950.056 5.77986141339478e-12
31000.056 9.578444822680263e-12
31050.056 2.800599144972453e-12
31100.056 2.850544363578269e-12
31150.056 5.551853372632585e-12
31200.056 3.545664517548489e-11
31250.056 1.722240019691112e-11
31300.056 5.940651335725163e-12
31350.056 3.2895144201996794e-11
31400.056 2.2360828709890868e-11
31450.056 1.9999377205581567e-11
31500.056 4.952470766190924e-12
31550.056 1.1055023050155342e-11
31600.056 9.33739406078193e-12
31650.056 7.174045979807194e-12
31700.056 4.445387056588332e-12
31750.056 2.608494624892541e-12
31800.056 4.263040771960754e-12
31850.056 5.288066221111265e-13
31900.056 1.2579907504663182e-12
31950.056 8.768646553848205e-13
32000.056 3.3787311140571445e-13
32050.056 6.291212185185845e-13
32100.056 5.82190920052367e-13
32150.056 3.607644724120435e-13
32200.056 1.4272480829240861e-13
32250.056 3.432749161837911e-13
32300.056 7.266791514539406e-14
32350.056 3.0286063069928804e-13
32400.056 1.584559685352846e-14
32450.056 1.5601801165854622e-13
32500.056 1.3220613288879524e-14
32550.056 1.1721997580639665e-13
32600.056 7.361364012698465e-15
32650.056 3.476567252995293e-13
32700.056 1.528734418920728e-14
32750.056 1.0776253872497386e-12
32800.056 3.397814107085491e-13
32850.056 4.0510186115113926e-12
32900.056 2.8455402889358314e-12
32950.056 2.9302020595311003e-12
33000.056 5.743745512215337e-13
33050.056 4.07132014476852e-13
33100.056 5.529365888754118e-14
33150.056 3.567346408901306e-17
33200.056 4.14176004147634e-15
33250.056 8.297826662321526e-15
33300.056 2.1919130164698253e-13
33350.056 3.4596383021714577e-13
33400.056 2.236748170429502e-12
33450.056 2.9671556730208167e-13
33500.056 2.1946156052016345e-12
33550.056 2.570950681818401e-13
33600.056 9.12653220346576e-13
33650.056 9.249063219882358e-13
33700.056 1.168686018580725e-13
33750.056 1.2660949240006082e-12
33800.056 3.865074808001469e-14
33850.056 5.799740369840553e-13
33900.056 6.895593237894305e-13
33950.056 6.795796920845937e-13
34000.056 1.8602349715448396e-12
34050.056 2.6763792743707515e-13
34100.056 2.2073983458833712e-12
34150.056 7.070022529002472e-13
34200.056 3.2675846704817416e-12
34250.056 1.0417662509935905e-12
34300.056 1.6884147911969254e-12
34350.056 8.186991111187546e-12
34400.056 1.0875424610079098e-12
34450.056 5.696862407284879e-12
34500.056 1.6006246872251666e-12
34550.056 3.5218532129151714e-12
34600.056 1.7768878815586053e-11
34650.056 7.757678374506209e-13
34700.056 8.48467739484476e-12
34750.056 4.6046276764087934e-12
34800.056 3.734898215715044e-12
34850.056 1.7394277652864132e-11
34900.056 1.3473774334888572e-12
34950.056 2.0951888665463162e-11
35000.056 2.4775394857933664e-11
35050.056 2.1204711049766266e-11
35100.056 3.9091876739034807e-11
35150.056 2.9834038429656706e-11
35200.056 2.2718966679922745e-11
35250.056 4.998342297196245e-11
35300.056 1.332210706100606e-11
35350.056 9.872008627594068e-12
35400.056 5.9910611769653565e-12
35450.056 6.975937290131186e-12
35500.056 3.196489525264312e-11
35550.056 1.5018309894640458e-11
35600.056 3.4787626323291597e-11
35650.056 5.909171721214237e-11
35700.056 6.132756221678903e-11
35750.056 4.3734238221665487e-11
35800.056 2.346856883464155e-11
35850.056 1.000895138943372e-11
35900.056 1.1799607672692663e-11
35950.056 2.278217340357446e-11
36000.056 3.343289523105258e-11
36050.056 2.067618641744436e-11
36100.056 2.010730382400705e-11
36150.056 1.0207085409702366e-10
36200.056 7.986386591443735e-11
36250.056 4.1851591911235854e-11
36300.056 1.6775366655658132e-10
36350.056 7.431893036536552e-11
36400.056 1.3643663705403913e-10
36450.056 1.082941016354874e-10
36500.056 1.044369760491535e-10
36550.056 2.583694637987405e-10
36600.056 2.144103248427522e-10
36650.056 1.206507301296796e-10
36700.056 1.9178067957878848e-10
36750.056 2.511135488920226e-10
36800.056 3.333671495749228e-10
36850.056 9.253232787900462e-11
36900.056 1.787948617310725e-10
36950.056 3.3530020089666625e-10
37000.056 1.8345139176326491e-10
37050.056 3.701111300744354e-10
37100.056 1.2024579209657812e-10
37150.056 1.792482662682234e-10
37200.056 4.920726487909015e-10
37250.056 2.598397452859654e-10
37300.056 1.0071289728527882e-10
37350.056 2.182769420462498e-10
37400.056 3.8699497765516235e-10
37450.056 1.0906819934642611e-10
37500.056 2.3288473456432183e-10
37550.056 5.821260776603126e-10
37600.056 1.1693090593393663e-09
37650.056 1.8719896678471664e-10
37700.056 4.129642264784176e-10
37750.056 3.343095588234052e-10
37800.056 2.539871696443769e-10
37850.056 1.1321766461334532e-10
37900.056 1.3512085191949353e-10
37950.056 3.75423315346253e-10
38000.056 3.486769957184425e-10
38050.056 7.787491936218114e-10
38100.056 8.758166631353794e-10
38150.056 1.27772959891742e-09
38200.056 7.808050493916955e-10
38250.056 1.2476174378578093e-09
38300.056 1.954085271457679e-09
38350.056 1.2391365683787824e-09
38400.056 2.9304750572810675e-10
38450.056 6.674900977750338e-11
38500.056 6.149406923839512e-11
38550.056 4.325875753218332e-10
38600.056 5.236387810299228e-10
38650.056 6.110584331211551e-10
38700.056 2.5053326478279677e-10
38750.056 4.794389270981735e-10
38800.056 4.4513655457592175e-10
38850.056 6.595118122710632e-10
38900.056 7.774599841754848e-10
38950.056 3.789756723510141e-10
39000.056 1.0423705802129271e-09
39050.056 2.733462869526123e-10
39100.056 6.767761529067942e-10
39150.056 1.2680131837142659e-09
39200.056 6.61435261291973e-10
39250.056 1.5197298177182559e-09
39300.056 6.585651513564676e-10
39350.056 1.8396937568170904e-09
39400.056 7.240232470986651e-10
39450.056 1.4226590718154074e-09
39500.056 1.2814462096891309e-09
39550.056 3.8693443385274664e-10
39600.056 1.407022612783303e-09
39650.056 1.616351260237798e-09
39700.056 1.8212310782314605e-09
39750.056 5.768800327531395e-10
39800.056 6.232888625634785e-10
39850.056 1.9539209858304897e-09
39900.056 2.858332906659292e-09
39950.056 6.928913463155204e-10
40000.056 1.6317724414481316e-09
40050.056 2.1081052511618957e-09
40100.056 5.117789264204125e-10
40150.056 1.8045165456852094e-09
40200.056 2.0586510752290083e-09
40250.056 2.4241469522315046e-09
40300.056 2.5138887532897878e-09
40350.056 1.1259837911056493e-09
40400.056 1.6427800849984483e-09
40450.056 5.764811996057825e-10
40500.056 2.6062549337365973e-09
40550.056 2.825790100153926e-09
40600.056 2.1308733762399962e-09
40650.056 1.4034504536163673e-09
40700.056 3.0252263628729168e-09
40750.056 2.0074681393204867e-09
40800.056 1.0221912488370438e-09
40850.056 4.55636296753123e-09
40900.056 3.786173672759228e-09
40950.056 3.129615785773254e-09
41000.056 1.935652645775509e-09
41050.056 4.8942963119587544e-09
41100.056 3.985752889197126e-09
41150.056 9.742210254041792e-10
41200.056 5.19110020740092e-09
41250.056 3.4993619308396647e-09
41300.056 3.6759575749785932e-09
41350.056 5.818526048299656e-09
41400.056 4.290779363719524e-09
41450.056 6.6716086502282856e-09
41500.056 3.5991093948060546e-09
41550.056 2.9648775615710713e-09
41600.056 3.3259119990118297e-09
41650.056 5.582738589950295e-09
41700.056 8.374748289598412e-09
41750.056 5.728115325279106e-09
41800.056 5.38495199216095e-09
41850.056 5.59174662014344e-09
41900.056 3.836164543566581e-09
41950.056 3.6267934557509644e-09
42000.056 9.886849690147048e-10
42050.056 2.117840325372557e-09
42100.056 2.3570229638112563e-09
42150.056 3.3267300093425316e-09
42200.056 4.863764178065225e-09
42250.056 3.4365485150342583e-09
42300.056 2.86329894611757e-09
42350.056 6.0150366597801846e-09
42400.056 7.929963812300992e-09
42450.056 8.821778279001588e-09
42500.056 9.178999626998813e-09
42550.056 7.445910114298847e-09
42600.056 6.67631868295277e-09
42650.056 1.0341948919757557e-08
42700.056 3.681800754565301e-09
42750.056 8.6487233929517e-09
42800.056 1.3779903120701029e-08
42850.056 1.3339777825597335e-08
42900.056 1.2804276788401628e-08
42950.056 1.0808713805200189e-08
43000.056 1.2500121098300748e-08
43050.056 5.668405822536029e-09
43100.056 9.36760351974998e-09
43150.056 7.931707174230596e-09
43200.056 1.3787564542100953e-08
43250.056 1.6130135695100773e-08
43300.056 1.542221627380017e-08
43350.056 8.946542842497485e-09
43400.056 1.2860308946740833e-08
43450.056 7.2553660724700085e-09
43500.056 6.316903945627865e-09
43550.056 7.837922507590696e-09
43600.056 1.5002852019501767e-08
43650.056 8.773748004439788e-09
43700.056 1.6174544956704743e-08
43750.056 1.6644615616598015e-08
43800.056 1.3492407750528535e-08
43850.056 1.2249387893281335e-08
43900.056 8.210846663939126e-09
43950.056 5.432597295959569e-09
44000.056 6.30497588954945e-09
44050.056 1.6579977278300142e-08
44100.056 1.978373073280014e-08
44150.056 1.7874093668619464e-08
44200.056 1.7581904455300965e-08
44250.056 9.046804459598681e-09
44300.056 7.011515563040879e-09
44350.056 7.0846782443968666e-09
44400.056 6.2663126656196665e-09
44450.056 1.3696412999301464e-08
44500.056 1.2307084830821485e-08
44550.056 1.7016512983399577e-08
44600.056 1.3564992587659696e-08
44650.056 1.2563100228101251e-08
44700.056 8.998107300498694e-09
44750.056 1.5219363831902608e-08
44800.056 8.64292723486049e-09
44850.056 1.1648332017400356e-08
44900.056 1.2189378235220173e-08
44950.056 1.4176798062601846e-08
45000.056 1.7903281277500744e-08
45050.056 1.4463389903098076e-08
45100.056 1.3116196910100282e-08
45150.056 1.0752642028868046e-08
45200.056 8.26475063975085e-09
45250.056 1.0315776792337337e-08
45300.056 1.0024352992061299e-08
45350.056 6.639427295501721e-09
45400.056 2.120314611900177e-08
45450.056 1.5645483779481643e-08
45500.056 1.9617354526700634e-08
45550.056 2.0051641433995467e-08
45600.056 1.6751618626002367e-08
45650.056 1.4786382786099818e-08
45700.056 9.35767144543918e-09
45750.056 8.803782042270659e-09
45800.056 2.023573594370122e-08
45850.056 1.4313046552600601e-08
45900.056 2.031385120709908e-08
45950.056 2.074586260029908e-08
46000.056 1.9411684371802075e-08
46050.056 1.3947824317231744e-08
46100.056 2.423975940699897e-08
46150.056 1.4717068214000011e-08
46200.056 1.1506352542298156e-08
46250.056 4.223125404571735e-09
46300.056 1.3988849059600167e-08
46350.056 1.378406566192219e-08
46400.056 1.3916578609600382e-08
46450.056 1.2646567140285446e-08
46500.056 1.4628508117192468e-08
46550.056 6.901184999659718e-09
46600.056 9.460681357556673e-09
46650.056 1.5692433236700765e-08
46700.056 1.0910567978397611e-08
46750.056 4.282107659690747e-09
46800.056 2.5292697772198974e-09
46850.056 1.4098746070702063e-08
46900.056 1.6893909976799222e-08
46950.056 1.7338535272799333e-08
47000.056 1.7486131538901685e-08
47050.056 1.0788235897536973e-08
47100.056 8.56899432310087e-09
47150.056 1.3955969195181613e-08
47200.056 1.5164091300798733e-08
47250.056 6.995638412328846e-09
47300.056 4.709756502882109e-09
47350.056 1.5988329231401516e-08
47400.056 1.6127819282398478e-08
47450.056 9.98192601232641e-09
47500.056 1.7048139470840644e-08
47550.056 1.5951816213000213e-08
47600.056 1.2009314922698615e-08
47650.056 1.4462565902911548e-08
47700.056 1.115315642165619e-08
47750.056 8.596175987499957e-09
47800.056 6.140232144300982e-09
47850.056 2.325962597984481e-09
47900.056 4.4283580123120226e-09
47950.056 1.2523883312800328e-08
48000.056 1.6346445675599235e-08
48050.056 1.2514793872400176e-08
48100.056 5.603203758502681e-09
48150.056 1.1459566984600414e-08
48200.056 6.117744253865224e-09
48250.056 8.980193091999728e-09
48300.056 1.587401814799963e-08
48350.056 8.984720448898672e-09
48400.056 1.5824248074035155e-09
48450.056 3.3479742504488705e-09
48500.056 6.789477534098367e-09
48550.056 7.932860457249254e-09
48600.056 1.4233172596099299e-08
48650.056 1.7356449512999063e-08
48700.056 1.1287914017002245e-08
48750.056 9.939271877101422e-09
48800.056 1.4474916173700498e-08
48850.056 7.014838920538925e-09
48900.056 6.789985404299187e-09
48950.056 3.3426281050598658e-09
49000.056 1.9315609646111084e-09
49050.056 7.494206179388992e-09
49100.056 1.0910981671519943e-08
49150.056 8.674395530261024e-09
49200.056 1.4909287940701576e-08
49250.056 1.489083779939987e-08
49300.056 1.2197339658599411e-08
49350.056 4.07663149978262e-09
49400.056 6.365156326568206e-09
49450.056 5.280689287611161e-09
49500.056 3.829968785301228e-09
49550.056 5.041033764050114e-10
49600.056 1.737721172219571e-09
49650.056 6.875389271501017e-09
49700.056 8.668798311697962e-09
49750.056 6.2733776509421295e-09
49800.056 3.6327343286881732e-09
49850.056 1.0111681706741376e-08
49900.056 1.013387170859955e-08
49950.056 1.0089408375800042e-08
50000.056 5.142430063224357e-09
50050.056 6.493544882290712e-09
50100.056 5.639009137599524e-09
50150.056 1.8746816946785764e-09
50200.056 1.9553195291489915e-10
50250.056 1.7340149562400123e-09
50300.056 1.1108686941232733e-09
50350.056 6.39746830140122e-09
50400.056 8.276798387158592e-09
50450.056 7.00594999882106e-09
50500.056 1.0627759609560043e-08
50550.056 9.944657338000658e-09
50600.056 6.406485305015327e-09
50650.056 1.174869345390138e-08
50700.056 1.0183771157299359e-08
50750.056 5.547761711700076e-09
50800.056 1.2119962152467266e-09
50850.056 4.521564179362463e-10
50900.056 4.8370770027006226e-09
50950.056 5.667298575599292e-09
51000.056 3.590790303026404e-09
51050.056 7.416024031899249e-09
51100.056 2.2379513541560442e-09
51150.056 1.8093312779898466e-09
51200.056 8.478323698599992e-09
51250.056 6.4984848293130016e-09
51300.056 4.097078581240905e-09
51350.056 2.7279705989216404e-09
51400.056 4.839689855409242e-10
51450.056 4.567640248990423e-10
51500.056 4.762427336006028e-10
51550.056 2.5765948527206305e-09
51600.056 3.161117843620854e-09
51650.056 5.213553200800132e-09
51700.056 4.537139945055308e-09
51750.056 2.727834492330668e-09
51800.056 6.375942470699542e-09
51850.056 4.924130596519702e-09
51900.056 4.206947903099935e-09
51950.056 1.7413412821597527e-09
52000.056 1.1372498954036244e-10
52050.056 7.876639920800769e-10
52100.056 3.4438189674791475e-10
52150.056 1.693229156788774e-10
52200.056 1.0909984321500183e-09
52250.056 2.1276514001004547e-09
52300.056 2.1696754863997992e-09
52350.056 4.080395258365341e-10
52400.056 5.030483753770035e-10
52450.056 3.1248493657801955e-09
52500.056 1.936305402533618e-09
52550.056 3.705186247599908e-09
52600.056 3.2952075743501225e-09
52650.056 3.925007760300104e-09
52700.056 2.239663695939728e-09
52750.056 4.4752517985461555e-10
52800.056 1.1631303685602414e-09
52850.056 1.4203588464796313e-09
52900.056 3.124745142470292e-10
52950.056 6.785376982421375e-10
53000.056 1.8673153271102906e-09
53050.056 5.32197277141848e-10
53100.056 3.0281572262999792e-09
53150.056 2.7950467977621427e-09
53200.056 1.3055576502802836e-09
53250.056 2.1308365587781538e-09
53300.056 2.6209650249514726e-09
53350.056 1.9648248203601464e-09
53400.056 1.1036039010896671e-09
53450.056 2.589873818479092e-10
53500.056 4.1250893530987784e-11
53550.056 8.943974167420187e-11
