galfind/configs/Brown_Dwarf_templates/sonora_bobcat/m-0.5/17g/sp_t1700g17nc_m-0.5_resample.dat
# %ECSV 1.0
# ---
# datatype:
# - {name: wav, unit: Angstrom, datatype: float64}
# - {name: flux_nu, unit: erg / (cm2 Hz s), datatype: float64}
# meta: {C/O: '1.00', Kzz: '1.0000E+05', Teff: '1700.', Y: '0.28', '[Fe/H]': '-0.50', f_hole: '1.00', f_rain: '0.00', grav: '18.'}
# schema: astropy-2.0
wav flux_nu
[from data line 498]
28900.056 8.036584653400606e-07
28950.056 1.15844568614994e-06
29000.056 9.442871424197329e-07
29050.056 9.80008632779845e-07
29100.056 8.092930017001023e-07
29150.056 1.0527731612102357e-06
29200.056 9.273375337102603e-07
29250.056 1.0739310938800376e-06
29300.056 8.696833157695314e-07
29350.056 1.2341850969097641e-06
29400.056 9.758850946698254e-07
29450.056 1.0127241139999687e-06
29500.056 1.058044979679867e-06
29550.056 1.0145680834900574e-06
29600.056 1.0968526134198388e-06
29650.056 1.057845596419902e-06
29700.056 9.30854863089827e-07
29750.056 1.1857804643106332e-06
29800.056 1.1860669417499407e-06
29850.056 1.1414812642398628e-06
29900.056 1.0310710066102854e-06
29950.056 1.2200050350398e-06
30000.056 1.2061843524797355e-06
30050.056 1.1285231313098855e-06
30100.056 9.384974811897278e-07
30150.056 1.4146961490098907e-06
30200.056 1.2310174294101051e-06
30250.056 1.2410948352003907e-06
30300.056 1.22469487173984e-06
30350.056 1.1413229274601572e-06
30400.056 1.4126520826702755e-06
30450.056 1.1184899856401066e-06
30500.056 1.0312831278101697e-06
30550.056 1.3967211503203281e-06
30600.056 1.3487793157501882e-06
30650.056 1.3636502681099976e-06
30700.056 1.2570632095899583e-06
30750.056 1.194385683530042e-06
30800.056 1.3957516339203104e-06
30850.056 1.1711412006198982e-06
30900.056 1.2091798561098864e-06
30950.056 1.144741687190176e-06
31000.056 1.2698467279699263e-06
31050.056 1.1555913838399814e-06
31100.056 1.1332077312999172e-06
31150.056 1.2647701338597574e-06
31200.056 1.2599891756198852e-06
31250.056 1.2881769521401086e-06
31300.056 1.1844450589598402e-06
31350.056 1.1544428689099611e-06
31400.056 1.1183723234902983e-06
31450.056 1.1378291976799932e-06
31500.056 1.1684106905300054e-06
31550.056 1.0784627380700347e-06
31600.056 1.0868460131298875e-06
31650.056 1.1025879841399685e-06
31700.056 1.1137101403099026e-06
31750.056 9.963807176502557e-07
31800.056 1.1848699510699893e-06
31850.056 1.1904079836801458e-06
31900.056 1.3095654353299323e-06
31950.056 9.32440274809908e-07
32000.056 1.088244390610101e-06
32050.056 1.2840560636201017e-06
32100.056 1.2521504696198963e-06
32150.056 1.3337304476899565e-06
32200.056 1.245979281059937e-06
32250.056 1.2994309485101947e-06
32300.056 1.2548479835399968e-06
32350.056 1.4773074900702242e-06
32400.056 1.1956168418600203e-06
32450.056 1.3174857746698505e-06
32500.056 1.408344951180298e-06
32550.056 1.5635254637200977e-06
32600.056 1.5660486576999109e-06
32650.056 1.6001448983004758e-06
32700.056 1.5412136600602187e-06
32750.056 1.562156764209993e-06
32800.056 1.4761332958501235e-06
32850.056 1.7576314014597409e-06
32900.056 1.7600520586199828e-06
32950.056 1.487839615939843e-06
33000.056 1.5899794704201113e-06
33050.056 1.5868112521599462e-06
33100.056 1.5290326139596345e-06
33150.056 1.1365011816301199e-06
33200.056 8.337257728898001e-07
33250.056 7.104826934196038e-07
33300.056 6.210853054101337e-07
33350.056 7.014205684000784e-07
33400.056 7.348677777198895e-07
33450.056 8.379174112698566e-07
33500.056 1.0717865952802625e-06
33550.056 1.1493255009400252e-06
33600.056 1.3361289150902518e-06
33650.056 1.5110870948504332e-06
33700.056 1.5068515159597643e-06
33750.056 1.7357845945499721e-06
33800.056 1.6353156334097277e-06
33850.056 1.6871661541500269e-06
33900.056 1.7700073996896985e-06
33950.056 1.6129807183799445e-06
34000.056 1.643949099259491e-06
34050.056 1.5985798539996023e-06
34100.056 1.8727720037301679e-06
34150.056 1.7256760889895987e-06
34200.056 1.5660032859194482e-06
34250.056 1.8133422279497071e-06
34300.056 1.5382447306190214e-06
34350.056 1.6018478771799966e-06
34400.056 1.5071419241399628e-06
34450.056 1.6138092525499681e-06
34500.056 1.694777456690173e-06
34550.056 1.5020293075599384e-06
34600.056 1.7483719785100081e-06
34650.056 1.7351740855400278e-06
34700.056 1.6442608723597023e-06
34750.056 1.8567981756702836e-06
34800.056 1.823720913969527e-06
34850.056 1.6360000861500813e-06
34900.056 1.7733859589403422e-06
34950.056 1.6565554147095684e-06
35000.056 1.8024357284798282e-06
35050.056 1.9394538496803153e-06
35100.056 1.7403656385995284e-06
35150.056 1.8494192383799512e-06
35200.056 1.886373055779986e-06
35250.056 1.7846347363199659e-06
35300.056 1.8421973220100193e-06
35350.056 1.8983129975598106e-06
35400.056 1.8296621649700926e-06
35450.056 1.641697435330549e-06
35500.056 2.0207973151998285e-06
35550.056 1.8888603103999802e-06
35600.056 1.7390474274499604e-06
35650.056 2.1355340470502207e-06
35700.056 1.7745070861602813e-06
35750.056 1.9703929667896748e-06
35800.056 2.1516232478798347e-06
35850.056 1.9840178801999333e-06
35900.056 2.2882756688996583e-06
35950.056 2.1003406481100957e-06
36000.056 1.9428286576398994e-06
36050.056 2.2905934928502587e-06
36100.056 2.306541894779262e-06
36150.056 2.1060796926503164e-06
36200.056 2.3626448671196903e-06
36250.056 2.108018568899617e-06
36300.056 2.5338005210504928e-06
36350.056 2.349888665479832e-06
36400.056 2.265003716800024e-06
36450.056 2.5592685014997496e-06
36500.056 2.3693420106601487e-06
36550.056 2.3233313694005534e-06
36600.056 2.4070160298801693e-06
36650.056 2.48862474370012e-06
36700.056 2.6388615324000516e-06
36750.056 2.4573328895002313e-06
36800.056 2.533538229899801e-06
36850.056 2.553571530600303e-06
36900.056 2.6057475341004345e-06
36950.056 2.619043272339887e-06
37000.056 2.709087659899982e-06
37050.056 2.7135360888998963e-06
37100.056 2.686368957300361e-06
37150.056 2.6763659542995065e-06
37200.056 2.787748393300056e-06
37250.056 2.8215460349401485e-06
37300.056 2.8243150661004e-06
37350.056 2.6355105467004034e-06
37400.056 2.794879895899732e-06
37450.056 2.7595291146602253e-06
37500.056 2.821358150099761e-06
37550.056 2.7955232119995283e-06
37600.056 2.9507380768996617e-06
37650.056 2.766064105899787e-06
37700.056 2.8505482199000307e-06
37750.056 2.9632001461997255e-06
37800.056 3.03428110189993e-06
37850.056 2.8599081920998804e-06
37900.056 2.9530569274002445e-06
37950.056 2.9866832808000595e-06
38000.056 2.935364207900345e-06
38050.056 2.978314398300172e-06
38100.056 2.841850185200231e-06
38150.056 3.1171920413996744e-06
38200.056 3.17451935039966e-06
38250.056 2.8753434102004325e-06
38300.056 2.857895030099961e-06
38350.056 2.9903230318998457e-06
38400.056 3.0461241242197705e-06
38450.056 3.145582351400208e-06
38500.056 3.0203348021998896e-06
38550.056 3.0284533436001166e-06
38600.056 3.318174992999837e-06
38650.056 2.9316974668001032e-06
38700.056 2.9958999661005594e-06
38750.056 3.109876484699976e-06
38800.056 3.0823982833003055e-06
38850.056 3.015476665700233e-06
38900.056 2.9500758019998336e-06
38950.056 3.1641990693997767e-06
39000.056 3.033517171900106e-06
39050.056 3.1192857671998943e-06
39100.056 2.9264793856000796e-06
39150.056 3.0481304875000982e-06
39200.056 3.165408959500124e-06
39250.056 3.126946620099467e-06
39300.056 3.102587898599422e-06
39350.056 3.1049753662603188e-06
39400.056 3.0624141170000787e-06
39450.056 3.063503205599829e-06
39500.056 3.006163266899758e-06
39550.056 2.9655208848595493e-06
39600.056 3.2396730459000352e-06
39650.056 2.892992309099995e-06
39700.056 3.017458664799849e-06
39750.056 2.9847422105196666e-06
39800.056 2.839393307200158e-06
39850.056 2.933042789299778e-06
39900.056 2.900383244500018e-06
39950.056 3.044305569899867e-06
40000.056 2.755922490799871e-06
40050.056 2.6289225131999732e-06
40100.056 2.816384897599822e-06
40150.056 2.6441777552994337e-06
40200.056 2.7383748573997285e-06
40250.056 2.6945886855393054e-06
40300.056 2.516846484700289e-06
40350.056 2.727488843900215e-06
40400.056 2.708263057959979e-06
40450.056 2.517932231900442e-06
40500.056 2.3444114148001794e-06
40550.056 2.741883789799824e-06
40600.056 2.410990457750285e-06
40650.056 2.5159791332702917e-06
40700.056 2.643686435800154e-06
40750.056 2.3530295453991783e-06
40800.056 2.309362045410375e-06
40850.056 2.209319634180496e-06
40900.056 2.2156514056003507e-06
40950.056 2.3629582773399755e-06
41000.056 2.394641249800084e-06
41050.056 2.3441074507595915e-06
41100.056 2.2213680722001673e-06
41150.056 2.3689188716000803e-06
41200.056 2.2418317703000772e-06
41250.056 2.2699404476801958e-06
41300.056 1.9829547277596968e-06
41350.056 2.3582065465500776e-06
41400.056 2.1869639109001454e-06
41450.056 2.151581416860077e-06
41500.056 2.2960050029801317e-06
41550.056 2.2240836482900063e-06
41600.056 2.31635199780004e-06
41650.056 2.072275473780395e-06
41700.056 1.983910429619714e-06
41750.056 2.110762199869951e-06
41800.056 2.107053519779672e-06
41850.056 1.8811326665903595e-06
41900.056 2.202327053839794e-06
41950.056 1.9930810671704362e-06
42000.056 2.0745163820801866e-06
42050.056 1.8712911684293514e-06
42100.056 2.1647961248602788e-06
42150.056 1.688769155469509e-06
42200.056 1.809099155330107e-06
42250.056 1.9743650616099326e-06
42300.056 1.735635144420072e-06
42350.056 2.0368574997404457e-06
42400.056 1.7678886957103398e-06
42450.056 1.5313982654900785e-06
42500.056 1.6416355969702526e-06
42550.056 1.764534721619934e-06
42600.056 1.7041456799903455e-06
42650.056 1.6014164693992496e-06
42700.056 1.760407346810517e-06
42750.056 1.631757308650053e-06
42800.056 1.6358829849903437e-06
42850.056 1.7927562793596666e-06
42900.056 1.7034565485801183e-06
42950.056 1.5194226622993447e-06
43000.056 1.6054450107999467e-06
43050.056 1.4866221829607483e-06
43100.056 1.5942992160799888e-06
43150.056 1.6349508182003332e-06
43200.056 1.56931307316013e-06
43250.056 1.5704094687600122e-06
43300.056 1.6213182933800895e-06
43350.056 1.4299770734398395e-06
43400.056 1.485625158059813e-06
43450.056 1.4896589574904494e-06
43500.056 1.4648868679597885e-06
43550.056 1.5191507425900282e-06
43600.056 1.5928599837400654e-06
43650.056 1.3876710695801264e-06
43700.056 1.334782069249887e-06
43750.056 1.4072193888701708e-06
43800.056 1.3312861141600633e-06
43850.056 1.34480188898035e-06
43900.056 1.3874332357699208e-06
43950.056 1.2848333753701219e-06
44000.056 1.1942299491700724e-06
44050.056 1.1805159028900796e-06
44100.056 1.2755895212502033e-06
44150.056 1.3236138107498177e-06
44200.056 1.2228832315400737e-06
44250.056 1.183190860860002e-06
44300.056 1.1408977806501788e-06
44350.056 1.1303655031601048e-06
44400.056 1.1818780211999371e-06
44450.056 1.201531277370039e-06
44500.056 1.1980355613901946e-06
44550.056 1.0799476236497635e-06
44600.056 1.0956217936701224e-06
44650.056 1.1754255588600497e-06
44700.056 1.0600174902601274e-06
44750.056 1.1248154729498727e-06
44800.056 1.1162134463599435e-06
44850.056 1.1091982766600638e-06
44900.056 1.0340035854801325e-06
44950.056 9.857706765600284e-07
45000.056 1.074353346549919e-06
45050.056 1.079642811229896e-06
45100.056 1.1014316461399563e-06
45150.056 1.020485973439992e-06
45200.056 9.426957674599838e-07
45250.056 9.776713051199043e-07
45300.056 1.0492413980100575e-06
45350.056 1.0895667203299226e-06
45400.056 1.027732387700125e-06
45450.056 9.402697943698663e-07
45500.056 9.707915947999763e-07
45550.056 1.0725960463899263e-06
45600.056 9.84640154119974e-07
45650.056 8.982841076198304e-07
45700.056 1.0592439598200722e-06
45750.056 9.618874953399856e-07
45800.056 9.447816086999714e-07
45850.056 1.1172653547799668e-06
45900.056 1.1227800594900582e-06
45950.056 9.670471294499877e-07
46000.056 1.1558455946800095e-06
46050.056 1.1326495211901925e-06
46100.056 9.382203548200958e-07
46150.056 1.0238004441899596e-06
46200.056 1.1077356993502282e-06
46250.056 9.094137087299869e-07
46300.056 1.183523432129956e-06
46350.056 9.856639701298998e-07
46400.056 1.0164332265198802e-06
46450.056 1.0516817510401786e-06
46500.056 9.584984331599217e-07
46550.056 1.182896588229987e-06
46600.056 1.0828342312200323e-06
46650.056 1.392440158809875e-06
46700.056 1.284916504510358e-06
46750.056 1.0178017323498961e-06
46800.056 1.12767191728018e-06
46850.056 1.212186893360121e-06
46900.056 1.1316734575897931e-06
46950.056 1.2740822428900622e-06
47000.056 1.075284179389988e-06
47050.056 1.2714224637797966e-06
47100.056 1.0004596325300955e-06
47150.056 1.113630497810163e-06
47200.056 1.183720426050301e-06
47250.056 1.0474502709598426e-06
47300.056 1.1055869792597405e-06
47350.056 9.376015128398099e-07
47400.056 1.1770720805797592e-06
47450.056 1.0448655169999245e-06
47500.056 1.1478129362198092e-06
47550.056 1.0378834305998949e-06
47600.056 1.18422863545992e-06
47650.056 8.6135282268978e-07
47700.056 1.2118355504600467e-06
47750.056 8.298293435401939e-07
47800.056 1.1791975093598777e-06
47850.056 9.082860646598441e-07
47900.056 1.1864125964500686e-06
47950.056 8.773018339201698e-07
48000.056 1.3309390435899969e-06
48050.056 9.862758529501703e-07
48100.056 1.093368765889972e-06
48150.056 9.93601435770138e-07
48200.056 1.1963942744701682e-06
48250.056 9.880688084499564e-07
48300.056 1.307847849959795e-06
48350.056 8.838349335599225e-07
48400.056 1.1784494952799906e-06
48450.056 9.548103621200373e-07
48500.056 1.3225094384600352e-06
48550.056 9.08059061710038e-07
48600.056 1.21416764221989e-06
48650.056 9.36397837029973e-07
48700.056 1.1780022845100805e-06
48750.056 8.421886292800887e-07
48800.056 1.3391333369800822e-06
48850.056 9.254677563798278e-07
48900.056 1.2086007105801058e-06
48950.056 1.0884534718300255e-06
49000.056 1.0834927191798779e-06
49050.056 1.143241712259951e-06
49100.056 1.0502189532401215e-06
49150.056 1.1169795763000206e-06
49200.056 1.0584259110399604e-06
49250.056 1.1056178580500142e-06
49300.056 9.594399553299056e-07
49350.056 1.033644920399979e-06
49400.056 1.2214353948000962e-06
49450.056 1.0334366258802319e-06
49500.056 1.0980753867000789e-06
49550.056 9.511469391999938e-07
49600.056 1.0486902173202456e-06
49650.056 1.0972409750100593e-06
49700.056 9.370677169399313e-07
49750.056 1.4106503025597956e-06
49800.056 1.0509276677200634e-06
49850.056 1.3471594670900473e-06
49900.056 1.0562297209200878e-06
49950.056 1.1356630853197003e-06
50000.056 1.1088874459897533e-06
50050.056 1.115388442640091e-06
50100.056 1.2031258280099241e-06
50150.056 1.01486814154004e-06
50200.056 9.540337299301158e-07
50250.056 1.1070093080000661e-06
50300.056 1.0292918960099224e-06
50350.056 1.2132514357500017e-06
50400.056 1.0635462995199867e-06
50450.056 1.0589438619601598e-06
50500.056 1.3605936990302192e-06
50550.056 1.1009778491399431e-06
50600.056 1.1989276635500384e-06
50650.056 1.1216350346202613e-06
50700.056 1.2384213764496433e-06
50750.056 1.2690011976401755e-06
50800.056 9.473905766299029e-07
50850.056 1.1278263386701994e-06
50900.056 1.200310034439962e-06
50950.056 1.2192132578001976e-06
51000.056 1.4043381198201227e-06
51050.056 1.0549340714101517e-06
51100.056 1.0404526565399192e-06
51150.056 1.2041716832199176e-06
51200.056 1.1442795219399475e-06
51250.056 1.2652568639099591e-06
51300.056 1.0447285918103386e-06
51350.056 1.1861685545297819e-06
51400.056 1.1093629113597217e-06
51450.056 8.340988737998638e-07
51500.056 1.1305240978799902e-06
51550.056 1.4284865764801328e-06
51600.056 9.606322840100445e-07
51650.056 1.1476656688498186e-06
51700.056 1.069701949059685e-06
51750.056 1.0270504965700787e-06
51800.056 1.2366977467497983e-06
51850.056 1.2241697322698594e-06
51900.056 1.287051330070234e-06
51950.056 1.1779561397798904e-06
52000.056 1.0102282057799477e-06
52050.056 1.1767660328299262e-06
52100.056 1.0990348036197839e-06
52150.056 1.1163897952800864e-06
52200.056 1.0752769620700574e-06
52250.056 1.1230129308300016e-06
52300.056 1.2154007482999843e-06
52350.056 1.3260144908401653e-06
52400.056 9.635162902901371e-07
52450.056 1.1323551994499763e-06
52500.056 1.2609307443997555e-06
52550.056 1.16128137797964e-06
52600.056 1.1957895794901598e-06
52650.056 1.3473558768002014e-06
52700.056 1.1423663611500243e-06
52750.056 9.402935707198811e-07
52800.056 1.0638591794401072e-06
52850.056 1.004436941539884e-06
52900.056 1.1310619891600754e-06
52950.056 1.111920297919834e-06
53000.056 1.26075301692989e-06
53050.056 1.1055699992397848e-06
53100.056 1.0434215383097504e-06
53150.056 1.3106614784902377e-06
53200.056 9.190726675401461e-07
53250.056 1.307572153159949e-06
53300.056 1.2743998019605337e-06
53350.056 1.2545830241598606e-06
