galfind/configs/Brown_Dwarf_templates/sonora_bobcat/m-0.5/17g/sp_t425g17nc_m-0.5_resample.dat
# %ECSV 1.0
# ---
# datatype:
# - {name: wav, unit: Angstrom, datatype: float64}
# - {name: flux_nu, unit: erg / (cm2 Hz s), datatype: float64}
# meta: {C/O: '1.00', Kzz: '1.0000E+05', Teff: '425.', Y: '0.28', '[Fe/H]': '-0.50', f_hole: '1.00', f_rain: '0.00', grav: '18.'}
# schema: astropy-2.0
wav flux_nu
4000.0559999999996 nan
4050.0559999999996 1.3345624376107182e-18
4100.056 2.9487394612700705e-16
4150.056 3.496489184900026e-15
4200.056 3.678720507379418e-15
4250.056 3.787786349700027e-14
4300.056 9.143810842000045e-14
4350.056 1.723077081000006e-13
4400.056 2.93672715060001e-13
4450.056 4.763147071900015e-13
4500.056 7.03933202830004e-13
4550.056 6.885737659035846e-13
4600.056 1.4192886824099909e-13
4650.056 6.94110243429996e-14
4700.056 2.349209686399975e-14
4750.056 4.941397167899929e-15
4800.056 1.3356867053699864e-15
4850.056 4.634132702099962e-16
4900.056 2.5520965807999896e-16
4950.056 1.8636928423999946e-16
5000.056 1.4360113705999922e-16
5050.056 1.237461886970015e-16
5100.056 1.4001486839500105e-16
5150.056 1.6334332567000042e-16
5200.056 1.9017110616000008e-16
5250.056 2.2273275934000013e-16
5300.056 2.5994720219000017e-16
5350.056 3.027692786300006e-16
5400.056 3.514962044700003e-16
5450.056 4.0268657044000114e-16
5500.056 4.560059149700018e-16
5550.056 5.09818409990001e-16
5600.056 5.616094711500004e-16
5650.056 6.059260901399997e-16
5700.056 6.235673594300004e-16
5750.056 6.098224025e-16
5800.056 5.299331737799978e-16
5850.056 3.4631702470999473e-16
5900.056 1.0171289520743087e-16
5950.056 7.305439918600256e-16
6000.056 1.7737007322999956e-15
6050.056 3.3532285329000453e-15
6100.056 5.604120484700047e-15
6150.056 8.768280171600052e-15
6200.056 1.3148126229000066e-14
6250.056 1.893834292000004e-14
6300.056 2.6609022115000095e-14
6350.056 3.6586523498000196e-14
6400.056 4.9482438744000125e-14
6450.056 6.313253601799854e-14
6500.056 8.387991442799972e-14
6550.056 1.1235986587699838e-13
6600.056 1.4998405752500544e-13
6650.056 1.999857713300013e-13
6700.056 2.5651672902400263e-13
6750.056 3.399300670000014e-13
6800.056 4.2114350376000336e-13
6850.056 4.892698768700014e-13
6900.056 4.929983854400153e-13
6950.056 4.686334239659972e-13
7000.056 5.291870597340007e-13
7050.056 5.7966630179799e-13
7100.056 6.568471152699872e-13
7150.056 5.967250072877211e-13
7200.056 5.682993322030616e-13
7250.056 6.330363404368258e-13
7300.056 6.547335925358423e-13
7350.056 7.336824950585655e-13
7400.056 7.960347321500409e-13
7450.056 8.493291195500389e-13
7500.056 8.490841236899991e-13
7550.056 7.85933053279997e-13
7600.056 6.687158911199959e-13
7650.056 1.99168040014391e-13
7700.056 1.3770778393620526e-13
7750.056 6.789714923000116e-13
7800.056 1.1790646194260072e-12
7850.056 1.9817280012999955e-12
7900.056 2.7629326778399386e-12
7950.056 3.2543780392320267e-12
8000.056 4.728321193400046e-12
8050.056 5.85480840750017e-12
8100.056 5.7470612134553135e-12
8150.056 5.8702809764420235e-12
8200.056 8.753563913327317e-12
8250.056 9.710410151695493e-12
8300.056 1.1757187524731645e-11
8350.056 1.2762493735792504e-11
8400.056 1.509467906373874e-11
8450.056 1.97581666020997e-11
8500.056 2.2780564968599162e-11
8550.056 2.8960301604000367e-11
8600.056 3.525971337200029e-11
8650.056 4.0683691179000515e-11
8700.056 4.3599137123000655e-11
8750.056 4.8627874302000234e-11
8800.056 5.099112509199987e-11
8850.056 4.509460717199775e-11
8900.056 1.3266659865835861e-11
8950.056 1.4607836703776807e-11
9000.056 1.215222692693991e-11
9050.056 3.742684862961429e-11
9100.056 4.7825870229971873e-11
9150.056 6.070353118512779e-11
9200.056 9.981084865091371e-11
9250.056 9.72542816523257e-11
9300.056 1.5844614679537886e-11
9350.056 2.0086581500162573e-11
9400.056 4.8513073230408134e-11
9450.056 5.738503974546665e-11
9500.056 4.924882044631686e-11
9550.056 5.785443120547112e-11
9600.056 5.827090023607912e-11
9650.056 8.801618330470016e-11
9700.056 1.676357988945475e-10
9750.056 1.5716776804876125e-10
9800.056 1.7332713629072019e-10
9850.056 1.9649414053378143e-10
9900.056 2.578045943694673e-10
9950.056 2.5498259646153246e-10
10000.056 2.4982965274478317e-10
10050.056 3.2170279516701157e-10
10100.056 3.738173631089842e-10
10150.056 3.317260377720083e-10
10200.056 2.7438171679454924e-10
10250.056 3.591509375709591e-10
10300.056 4.972900980892805e-10
10350.056 4.0790949243204464e-10
10400.056 6.959898551841089e-10
10450.056 9.552897049672488e-10
10500.056 1.2124274524864037e-09
10550.056 1.5314096098900624e-09
10600.056 1.7060809549299798e-09
10650.056 1.7805164794600444e-09
10700.056 1.655930053534004e-09
10750.056 1.6763035835202298e-09
10800.056 1.5911802632335812e-09
10850.056 1.395842758039639e-09
10900.056 1.0339929040775605e-09
10950.056 5.474773883245834e-10
11000.056 3.4636950192148205e-10
11050.056 1.9924858529576403e-10
11100.056 1.0682541958913507e-10
11150.056 3.94839394008716e-11
11200.056 2.251556007458045e-11
11250.056 2.4997361940955648e-11
11300.056 4.740750699359798e-11
11350.056 1.2584752606164656e-11
11400.056 5.0949323615474694e-11
11450.056 3.582214371807263e-11
11500.056 2.4720713808075572e-11
11550.056 4.485095429887272e-12
11600.056 3.0544450661127228e-12
11650.056 1.4057722513435891e-11
11700.056 1.5841238048849805e-11
11750.056 2.7239273146519202e-12
11800.056 1.935333657111855e-11
11850.056 2.790096721828964e-11
11900.056 2.7190499203090763e-11
11950.056 4.264848191898947e-11
12000.056 7.274493493589138e-11
12050.056 1.2444376149992124e-10
12100.056 1.8611995183551394e-10
12150.056 2.820413378230856e-10
12200.056 3.431599313274179e-10
12250.056 5.507888140745918e-10
12300.056 9.028916731983219e-10
12350.056 1.048778553970023e-09
12400.056 1.611629708155502e-09
12450.056 2.3213464577561804e-09
12500.056 2.7061550603345127e-09
12550.056 3.273322919427973e-09
12600.056 4.220246798500431e-09
12650.056 5.018457689823768e-09
12700.056 5.2526258192203685e-09
12750.056 3.910734917096572e-09
12800.056 2.7311928239099034e-09
12850.056 1.6171434756276857e-09
12900.056 1.27976398711584e-09
12950.056 1.068150131243067e-09
13000.056 1.0836156182119492e-09
13050.056 6.785108827789936e-10
13100.056 6.138055605764595e-10
13150.056 3.749670730058375e-10
13200.056 3.7819219144000435e-10
13250.056 3.1381668750726175e-10
13300.056 1.2198883378397813e-10
13350.056 4.029917020111035e-11
13400.056 2.3129063718377657e-11
13450.056 6.991335553388445e-12
13500.056 2.602663443099001e-12
13550.056 9.478098894104343e-13
13600.056 1.641629872487177e-13
13650.056 1.5788791016899449e-12
13700.056 7.91548747679787e-13
13750.056 1.6765763595457602e-12
13800.056 1.3800593447902785e-12
13850.056 7.479070294964044e-13
13900.056 1.295501232825898e-12
13950.056 9.469851042303771e-13
14000.056 1.1451886655543916e-12
14050.056 2.094668483981299e-12
14100.056 2.2786392994169856e-12
14150.056 4.9119640896511906e-12
14200.056 2.771440021980606e-12
14250.056 4.351450552758837e-12
14300.056 1.1194783621400277e-11
14350.056 1.1308236404481248e-11
14400.056 1.2084875365324686e-11
14450.056 2.0980093798322763e-11
14500.056 4.601640569404823e-11
14550.056 4.7906457902318406e-11
14600.056 5.060254857417938e-11
14650.056 2.542011832249021e-11
14700.056 1.0673647356620808e-11
14750.056 4.14177340511691e-12
14800.056 8.186692515612826e-12
14850.056 1.2037005184183618e-11
14900.056 1.1913249638803737e-11
14950.056 7.387926656573713e-12
15000.056 2.2084816870726558e-11
15050.056 1.6833821578088856e-11
15100.056 9.686057026211326e-12
15150.056 5.510100729459984e-12
15200.056 1.4765490822476018e-11
15250.056 3.288630278288335e-11
15300.056 3.985168727086721e-11
15350.056 5.4498454927199336e-11
15400.056 8.081752042632334e-11
15450.056 1.1114286851152688e-10
15500.056 1.3060855168358e-10
15550.056 2.58126282173753e-10
15600.056 3.6344634209452735e-10
15650.056 6.51234394324896e-10
15700.056 1.0150660885016523e-09
15750.056 1.4462866795518278e-09
15800.056 1.714871446677013e-09
15850.056 2.1215652620983505e-09
15900.056 2.2550481674900614e-09
15950.056 2.3875907329596044e-09
16000.056 1.9550225337903658e-09
16050.056 1.1790328867568284e-09
16100.056 7.322183785356558e-10
16150.056 3.776072570892335e-10
16200.056 1.9213697699511214e-10
16250.056 1.215798230497873e-10
16300.056 7.102246288376455e-11
16350.056 9.114944620708321e-11
16400.056 1.1517506091173867e-10
16450.056 9.463464438238454e-11
16500.056 7.642103983515306e-11
16550.056 7.724866174471855e-11
16600.056 1.3029781759709242e-10
16650.056 9.371081699389032e-11
16700.056 1.2996136532625198e-11
16750.056 4.849532182730143e-11
16800.056 7.948784678807756e-11
16850.056 9.188772517174515e-11
16900.056 4.2247709487888424e-11
16950.056 2.3126373118888716e-11
17000.056 1.2172231728018573e-11
17050.056 2.645433804319903e-11
17100.056 4.9556566034434265e-11
17150.056 2.4932041588462317e-11
17200.056 9.715298662678998e-11
17250.056 5.1530629527825884e-11
17300.056 3.091787317241306e-11
17350.056 3.5697152941650616e-11
17400.056 6.63381430415105e-11
17450.056 8.76889129024533e-11
17500.056 1.1792394808019348e-10
17550.056 1.0731244118375657e-10
17600.056 8.049588879484563e-11
17650.056 7.232258356604616e-11
17700.056 5.581143702605096e-11
17750.056 5.5865174455235725e-11
17800.056 1.3625825854175516e-10
17850.056 6.260278096490547e-11
17900.056 4.3940151900828414e-11
17950.056 3.638721900952158e-11
18000.056 5.515552314612502e-11
18050.056 4.598445415275728e-11
18100.056 5.765988059818719e-11
18150.056 4.564249912716024e-11
18200.056 3.264511203221348e-11
18250.056 9.989509817741308e-11
18300.056 2.5799655748801726e-11
18350.056 1.8989869060190675e-11
18400.056 1.3603409651829981e-11
18450.056 5.706496587878434e-11
18500.056 5.287662742690281e-11
18550.056 3.1953094740602415e-11
18600.056 4.451525865580791e-11
18650.056 3.107957286381998e-11
18700.056 8.654845395859287e-12
18750.056 1.9256923108229385e-11
18800.056 7.49565694325081e-11
18850.056 7.207768860756723e-11
18900.056 6.497278310718664e-11
18950.056 8.581439119384909e-11
19000.056 3.030576055487865e-11
19050.056 1.4543034454010523e-11
19100.056 2.966893486646809e-11
19150.056 1.469515974820431e-11
19200.056 1.8963074438967773e-11
19250.056 1.535043457721676e-11
19300.056 1.0850742264865124e-11
19350.056 9.391573171146169e-12
19400.056 8.490102472891481e-12
19450.056 1.2987608586919355e-11
19500.056 8.642000328410777e-12
19550.056 1.4302752442775359e-11
19600.056 3.110882701567034e-11
19650.056 2.0945332212383898e-11
19700.056 2.5034238808808124e-11
19750.056 3.8114861590537525e-11
19800.056 2.7063779598456845e-11
19850.056 3.244685740403303e-11
19900.056 4.208822868106781e-11
19950.056 5.319928426936771e-11
20000.056 6.681976978716382e-11
20050.056 5.105152250054622e-11
20100.056 8.316358295459688e-11
20150.056 4.7359905148839204e-11
20200.056 3.499118664735381e-11
20250.056 6.567627496550351e-11
20300.056 7.663147223742055e-11
20350.056 7.974478165455349e-11
20400.056 7.178178822512561e-11
20450.056 1.0805935001119594e-10
20500.056 1.2526364140328688e-10
20550.056 1.361758272951524e-10
20600.056 1.4093631278032344e-10
20650.056 1.6782071254588654e-10
20700.056 1.8058324269147942e-10
20750.056 1.9610858001614979e-10
20800.056 1.8674951903447078e-10
20850.056 2.0832114162901095e-10
20900.056 2.1755507439096067e-10
20950.056 2.0840757124201845e-10
21000.056 2.0519273760442283e-10
21050.056 2.1611372554997635e-10
21100.056 2.0794756352701586e-10
21150.056 2.0852660586398454e-10
21200.056 2.0015604700323126e-10
21250.056 1.9230123975415677e-10
21300.056 1.7454259051359133e-10
21350.056 1.742873532730263e-10
21400.056 1.7773222869993801e-10
21450.056 1.5248470311544547e-10
21500.056 1.4179376974513387e-10
21550.056 1.3194522118965697e-10
21600.056 1.1718807385584186e-10
21650.056 9.278531457015425e-11
21700.056 8.704526466933181e-11
21750.056 8.629729880815875e-11
21800.056 6.665089144753905e-11
21850.056 6.580395033995756e-11
21900.056 5.0536755525103954e-11
21950.056 2.1279032855575946e-11
22000.056 4.193525234124624e-12
22050.056 6.135173231853251e-12
22100.056 2.2169396937593924e-11
22150.056 1.7981634985004743e-11
22200.056 1.8385827339901802e-11
22250.056 1.5048557354743155e-11
22300.056 8.143458207672197e-12
22350.056 1.0782783785427633e-11
22400.056 4.380631215594847e-12
22450.056 6.013842099528356e-12
22500.056 4.598728806545392e-12
22550.056 2.9582409078679827e-12
22600.056 2.345926614150877e-12
22650.056 4.423581048138798e-12
22700.056 3.698853809547e-12
22750.056 4.3705480282222084e-12
22800.056 4.893140472121395e-12
22850.056 3.5401558146909576e-12
22900.056 2.448820972462998e-12
22950.056 2.142352013844672e-12
23000.056 2.94685842418696e-12
23050.056 3.5974914470702308e-12
23100.056 1.6091299839660984e-11
23150.056 1.469198977510708e-11
23200.056 8.968092196690052e-13
23250.056 3.3045760258895606e-12
23300.056 3.1454404137654605e-12
23350.056 4.701114556863431e-12
23400.056 3.764165181845705e-12
23450.056 2.3550502498812058e-12
23500.056 2.4449966043097276e-12
23550.056 4.759197928822287e-12
23600.056 8.553159004483335e-12
23650.056 1.233360236920238e-11
23700.056 2.8129272145634984e-12
23750.056 2.637616952454363e-12
23800.056 1.0299614091106879e-11
23850.056 7.355528982565169e-12
23900.056 1.4839722709609792e-11
23950.056 8.738382822756998e-12
24000.056 1.770768483762836e-11
24050.056 2.1773376445510938e-11
24100.056 2.468591366586122e-11
24150.056 3.4932713348777556e-11
24200.056 2.4257511071238016e-11
24250.056 1.9610069593502427e-11
24300.056 3.450963065185469e-11
24350.056 3.054625871767477e-11
24400.056 6.110691608529963e-11
24450.056 7.110277141433329e-11
24500.056 6.625484228240593e-11
24550.056 9.378811858553482e-11
24600.056 1.0315409644050155e-10
24650.056 1.483704127127061e-10
24700.056 1.0358870183291674e-10
24750.056 1.3698404665056773e-10
24800.056 1.280277972618896e-10
24850.056 1.9975548700899285e-10
24900.056 1.1054417456913121e-10
24950.056 2.0196557004945097e-10
25000.056 2.1137985952221561e-10
25050.056 1.5040406494709876e-10
25100.056 2.2140632734563832e-10
25150.056 1.1455590892756135e-10
25200.056 1.7891486141721567e-10
25250.056 8.251746719204316e-11
25300.056 1.1438306835605534e-10
25350.056 5.6110875420661196e-11
25400.056 1.3385545667834784e-10
25450.056 4.405113282249891e-11
25500.056 3.7349746816810043e-11
25550.056 7.714185773625772e-11
25600.056 3.644008124743228e-11
25650.056 2.0950091133074478e-11
25700.056 2.5433863567919216e-11
25750.056 6.768013156820457e-12
25800.056 3.9723356817364646e-11
25850.056 6.725677192906737e-12
25900.056 9.554230498548658e-12
25950.056 2.1501365125030765e-12
26000.056 3.481869217602201e-11
26050.056 3.520263893416232e-12
26100.056 1.996277743672717e-11
26150.056 8.130344331853319e-12
26200.056 1.1381182217946696e-11
26250.056 8.513008639328118e-11
26300.056 1.6371403329884643e-11
26350.056 1.3343883505602116e-10
26400.056 1.9600901264886097e-10
26450.056 1.5083009914096354e-10
26500.056 3.2360405394674107e-10
26550.056 3.491518261599017e-11
26600.056 4.339712588144013e-11
26650.056 5.422956304991692e-12
26700.056 3.0138649006619083e-12
26750.056 5.014537047145687e-12
26800.056 1.7913325429160385e-11
26850.056 9.711583559864522e-12
26900.056 5.4819374336913344e-11
26950.056 1.6434559091232302e-11
27000.056 1.006216499139046e-10
27050.056 1.198442172081356e-10
27100.056 1.157626808576348e-11
27150.056 1.419206051947423e-10
27200.056 1.1422078647157226e-11
27250.056 4.55764218224166e-11
27300.056 3.473346755450932e-10
27350.056 1.1363706414867136e-10
27400.056 4.9106062162335246e-12
27450.056 1.4878872443851377e-10
27500.056 1.7823733475739345e-10
27550.056 2.5878276636162364e-11
27600.056 8.268606411268099e-11
27650.056 1.947598110945396e-11
27700.056 1.7565172526841567e-11
27750.056 1.2756084295336438e-10
27800.056 3.354347782449505e-11
27850.056 6.023276481073504e-11
27900.056 5.903256501545621e-11
27950.056 1.6181413473490172e-10
28000.056 1.5318707234092208e-10
28050.056 1.6162703664358654e-11
28100.056 1.4078413837197669e-10
28150.056 1.1023207840920458e-10
28200.056 2.7243480430321863e-11
28250.056 1.9758849906500805e-10
28300.056 1.804904469693623e-10
28350.056 3.658012295086751e-11
28400.056 1.319037707453208e-10
28450.056 2.3319050112795925e-10
28500.056 1.4340998235606457e-10
28550.056 3.0432736920579974e-11
28600.056 2.4441707225313705e-10
28650.056 1.545326353903263e-10
28700.056 2.483940146948289e-10
28750.056 3.4682484596761367e-10
28800.056 1.4677369888283103e-10
