galfind/configs/Brown_Dwarf_templates/sonora_bobcat/m-0.5/17g/sp_t600g17nc_m-0.5_resample.dat
# %ECSV 1.0
# ---
# datatype:
# - {name: wav, unit: Angstrom, datatype: float64}
# - {name: flux_nu, unit: erg / (cm2 Hz s), datatype: float64}
# meta: {C/O: '1.00', Kzz: '1.0000E+05', Teff: '600.', Y: '0.28', '[Fe/H]': '-0.50', f_hole: '1.00', f_rain: '0.00', grav: '18.'}
# schema: astropy-2.0
wav flux_nu
[from data line 499]
28950.056 5.045317840386159e-09
29000.056 3.77999794788843e-09
29050.056 5.0772550917081935e-09
29100.056 3.2324138476249246e-09
29150.056 4.654110245548343e-09
29200.056 4.501455252369692e-09
29250.056 7.407880863328008e-09
29300.056 3.1379403546166233e-09
29350.056 9.545455217434431e-09
29400.056 4.830172374034243e-09
29450.056 4.995384498346262e-09
29500.056 6.825685056479445e-09
29550.056 4.603291228710067e-09
29600.056 6.267282514199931e-09
29650.056 8.929629381256682e-09
29700.056 4.323609363008049e-09
29750.056 7.916388224322286e-09
29800.056 7.716848925048134e-09
29850.056 8.755837650387064e-09
29900.056 7.339172094081842e-09
29950.056 7.08939363649343e-09
30000.056 4.82339765165797e-10
30050.056 1.2659034274588612e-09
30100.056 2.6278901850563567e-09
30150.056 5.899291858495212e-09
30200.056 5.005132083620177e-09
30250.056 1.0566655437810028e-08
30300.056 1.1998645544617738e-08
30350.056 6.759720461406471e-09
30400.056 1.2543979129597945e-08
30450.056 7.564907556433468e-09
30500.056 7.987739480101848e-09
30550.056 7.304676711362597e-09
30600.056 1.231804933037883e-08
30650.056 7.910803136015e-09
30700.056 6.5297955939992255e-09
30750.056 1.0234628375382029e-08
30800.056 6.901657722764063e-09
30850.056 7.619524562540693e-09
30900.056 4.561607148140158e-09
30950.056 5.655265799566798e-09
31000.056 4.897615073347788e-09
31050.056 4.8621129162946015e-09
31100.056 3.2663018486422115e-09
31150.056 5.386357628487295e-09
31200.056 6.8069100457645594e-09
31250.056 4.8022855611351925e-09
31300.056 3.4633692733857074e-09
31350.056 4.754875956245356e-09
31400.056 3.542610677298153e-09
31450.056 3.725608755954835e-09
31500.056 2.170560000628081e-09
31550.056 2.8719118182103614e-09
31600.056 1.8175640682144275e-09
31650.056 1.9090128443481548e-09
31700.056 2.028614633907954e-09
31750.056 1.1463464961977303e-09
31800.056 2.103440603757442e-09
31850.056 8.04806384785449e-10
31900.056 1.329728652147579e-09
31950.056 8.062342501507407e-10
32000.056 1.0003463247537264e-09
32050.056 1.2137953554901717e-09
32100.056 1.1242487733320914e-09
32150.056 1.3586731752580435e-09
32200.056 8.158121960402046e-10
32250.056 1.7489630931190632e-09
32300.056 8.122466877355892e-10
32350.056 1.6439831805237563e-09
32400.056 6.88751376573172e-10
32450.056 1.4744145569263115e-09
32500.056 8.476761501728132e-10
32550.056 1.1385726652082468e-09
32600.056 1.2070027366509948e-09
32650.056 2.7100628744360706e-09
32700.056 1.5874302882901025e-09
32750.056 3.499116483006853e-09
32800.056 2.7407838951811573e-09
32850.056 4.206611129420451e-09
32900.056 4.137088512805194e-09
32950.056 4.725230495761569e-09
33000.056 3.152575454903488e-09
33050.056 3.632037826438618e-09
33100.056 1.1466900861840155e-09
33150.056 1.4374476422575207e-11
33200.056 5.847860638522035e-11
33250.056 4.0957174367675466e-11
33300.056 1.136253181206736e-10
33350.056 3.4071477125749796e-10
33400.056 8.05523306562363e-10
33450.056 1.0668239532015133e-09
33500.056 2.6548817959624652e-09
33550.056 1.1905881326791043e-09
33600.056 2.7794849442061374e-09
33650.056 2.6224122783128676e-09
33700.056 1.7721559861703938e-09
33750.056 3.673320022544125e-09
33800.056 1.29134028132011e-09
33850.056 2.5209196328540703e-09
33900.056 2.212990430776458e-09
33950.056 1.988198329302027e-09
34000.056 3.4643581656184476e-09
34050.056 9.726478884220581e-10
34100.056 3.1033487809042606e-09
34150.056 1.8547125664847433e-09
34200.056 2.9039273198193433e-09
34250.056 2.3377674311556493e-09
34300.056 2.0799904558274408e-09
34350.056 2.36347488221408e-09
34400.056 1.3953721724972482e-09
34450.056 2.850354493783405e-09
34500.056 2.1676687871703677e-09
34550.056 1.2191002919522214e-09
34600.056 3.739902047530667e-09
34650.056 1.535818558686357e-09
34700.056 3.203766073206792e-09
34750.056 2.4731768483650152e-09
34800.056 2.110752120195262e-09
34850.056 3.5218148217688155e-09
34900.056 2.5829222288355032e-09
34950.056 3.782403103238175e-09
35000.056 7.107514624878146e-09
35050.056 3.0774506545005435e-09
35100.056 5.823388048042459e-09
35150.056 4.888890218371644e-09
35200.056 5.098974591538606e-09
35250.056 7.922315130731848e-09
35300.056 4.639364754033423e-09
35350.056 5.243883318631648e-09
35400.056 5.881231206616394e-09
35450.056 3.840121851693446e-09
35500.056 1.0868658329396505e-08
35550.056 8.471191912993524e-09
35600.056 7.1563865814046685e-09
35650.056 7.907952716397815e-09
35700.056 7.444110181467859e-09
35750.056 1.1055236636711849e-08
35800.056 1.3416747403443999e-08
35850.056 6.186935030449524e-09
35900.056 8.691989436512738e-09
35950.056 9.327134375621111e-09
36000.056 9.58764846400153e-09
36050.056 7.659323193304054e-09
36100.056 7.803898447152828e-09
36150.056 1.0798267952356317e-08
36200.056 1.1920257388776298e-08
36250.056 9.82564171782988e-09
36300.056 1.5429440586732364e-08
36350.056 1.1951699138381741e-08
36400.056 1.39270625021141e-08
36450.056 1.6537513658546232e-08
36500.056 1.8935530116622313e-08
36550.056 1.907198514435162e-08
36600.056 2.3156342648752787e-08
36650.056 2.0139994814116114e-08
36700.056 2.1645657252418347e-08
36750.056 2.482907280246861e-08
36800.056 2.5557741779479277e-08
36850.056 2.0175039914553017e-08
36900.056 2.7003446819266298e-08
36950.056 2.7776579090875262e-08
37000.056 2.3074287459622743e-08
37050.056 2.7252427978637216e-08
37100.056 2.779312585425309e-08
37150.056 2.3133100001026175e-08
37200.056 3.127006551338965e-08
37250.056 2.7264930098575683e-08
37300.056 2.351851354900022e-08
37350.056 2.9372719163972556e-08
37400.056 4.312873208590292e-08
37450.056 2.6173535093335716e-08
37500.056 2.824042466609128e-08
37550.056 3.888238446715234e-08
37600.056 4.780520860153082e-08
37650.056 2.5017090663926312e-08
37700.056 4.505123748074454e-08
37750.056 3.039394587246188e-08
37800.056 3.2748040557429804e-08
37850.056 1.996022734208522e-08
37900.056 2.5936075194840463e-08
37950.056 3.8110912498328695e-08
38000.056 4.196476352198767e-08
38050.056 4.453352853224126e-08
38100.056 4.7978042990147695e-08
38150.056 5.345499236300143e-08
38200.056 5.425347194186183e-08
38250.056 4.9322327401050485e-08
38300.056 7.043844218938201e-08
38350.056 7.090415807851985e-08
38400.056 3.86420088479742e-08
38450.056 3.436109437389689e-08
38500.056 2.26108343843643e-08
38550.056 4.3613950284718425e-08
38600.056 4.436200563314723e-08
38650.056 4.476306915738857e-08
38700.056 4.377979450173003e-08
38750.056 4.715372453164068e-08
38800.056 4.522996305509193e-08
38850.056 4.6800524954864864e-08
38900.056 6.340589809463675e-08
38950.056 4.6101877114867086e-08
39000.056 5.7996092357298834e-08
39050.056 4.7518995701014286e-08
39100.056 5.628610760168939e-08
39150.056 6.123757304595616e-08
39200.056 5.659264168820588e-08
39250.056 7.15719870863952e-08
39300.056 5.395401520867311e-08
39350.056 8.223398097910618e-08
39400.056 5.8720685532917736e-08
39450.056 7.007290785034686e-08
39500.056 7.275514908896573e-08
39550.056 6.038603752892034e-08
39600.056 7.489170835468036e-08
39650.056 8.215710794778088e-08
39700.056 7.904742671881264e-08
39750.056 5.8813522159562e-08
39800.056 6.789988123179943e-08
39850.056 9.6479093398006e-08
39900.056 9.820594235200708e-08
39950.056 7.045024348668055e-08
40000.056 1.0249340455022187e-07
40050.056 9.334019479809458e-08
40100.056 6.353603978063598e-08
40150.056 9.463367554359866e-08
40200.056 9.81039725093645e-08
40250.056 1.0333253042736828e-07
40300.056 9.97172451793063e-08
40350.056 9.078268317498393e-08
40400.056 1.1386619427341669e-07
40450.056 8.346616550410438e-08
40500.056 1.177840189196796e-07
40550.056 1.2023113145991137e-07
40600.056 1.0817110698311477e-07
40650.056 8.972433396338045e-08
40700.056 1.3836853268348913e-07
40750.056 1.0551994787998065e-07
40800.056 8.407922494324803e-08
40850.056 1.5228713209704408e-07
40900.056 1.3494894731700575e-07
40950.056 1.2453894378121153e-07
41000.056 1.1561053007209062e-07
41050.056 1.583783548449576e-07
41100.056 1.3623728556620543e-07
41150.056 8.665687986885691e-08
41200.056 1.589966126805019e-07
41250.056 1.2596284633789608e-07
41300.056 1.2143603111877695e-07
41350.056 1.6431547430899465e-07
41400.056 1.4834514190202103e-07
41450.056 1.694599121499809e-07
41500.056 1.293248195449722e-07
41550.056 1.2847697180906255e-07
41600.056 1.4286835965310778e-07
41650.056 1.5817518451660246e-07
41700.056 1.5541727255394126e-07
41750.056 1.487775466269741e-07
41800.056 1.6962107945353977e-07
41850.056 1.3769725092138425e-07
41900.056 1.484735685169209e-07
41950.056 1.45531206384032e-07
42000.056 1.2836169580927923e-07
42050.056 1.2543402460752363e-07
42100.056 1.6165547324928423e-07
42150.056 1.338263909507064e-07
42200.056 1.3222263736900192e-07
42250.056 1.3117303652124354e-07
42300.056 1.3437659047350495e-07
42350.056 1.6775399066401914e-07
42400.056 1.6804566213003423e-07
42450.056 1.507784355290592e-07
42500.056 1.450392354709789e-07
42550.056 1.3461618819596416e-07
42600.056 1.4989779457085865e-07
42650.056 2.03054549051919e-07
42700.056 1.4754091308079872e-07
42750.056 1.5101805780000804e-07
42800.056 1.8354853313602785e-07
42850.056 1.9522114094393717e-07
42900.056 2.072185961800594e-07
42950.056 1.6671589002996037e-07
43000.056 1.8509291413804134e-07
43050.056 1.2142878548913393e-07
43100.056 1.6126744256596658e-07
43150.056 1.458532858595207e-07
43200.056 1.9112575003300192e-07
43250.056 2.3173751677902356e-07
43300.056 2.2821304328399445e-07
43350.056 1.466162580029588e-07
43400.056 1.84795997472989e-07
43450.056 1.4711270955882266e-07
43500.056 1.4303896983152238e-07
43550.056 1.5598282075313748e-07
43600.056 2.1477328720002757e-07
43650.056 1.5942395690940876e-07
43700.056 2.3009742327505047e-07
43750.056 2.0341761210600956e-07
43800.056 1.9262915548157926e-07
43850.056 1.6825330067701763e-07
43900.056 1.723437846001871e-07
43950.056 1.2029213315399168e-07
44000.056 1.1617057789939347e-07
44050.056 2.2093274433100624e-07
44100.056 2.698111220970044e-07
44150.056 2.456145780167967e-07
44200.056 2.1702183161199387e-07
44250.056 1.5176839512950783e-07
44300.056 1.2907352018262445e-07
44350.056 1.4856627485586218e-07
44400.056 1.4096717460978727e-07
44450.056 2.0132895366197065e-07
44500.056 1.9793965968904917e-07
44550.056 2.5544689320597076e-07
44600.056 2.215104306000108e-07
44650.056 2.06496046167041e-07
44700.056 1.4761161344500235e-07
44750.056 2.1007367857604975e-07
44800.056 1.6923299170841628e-07
44850.056 2.1412043469202134e-07
44900.056 1.7708136626861424e-07
44950.056 2.0669956937901012e-07
45000.056 2.1795410578700317e-07
45050.056 2.092294825239809e-07
45100.056 1.9690621016999567e-07
45150.056 2.0172726650506005e-07
45200.056 1.6352404145400685e-07
45250.056 1.8266814942793633e-07
45300.056 1.544534477940288e-07
45350.056 1.5379335857062466e-07
45400.056 2.6934233055302435e-07
45450.056 2.3139194243900904e-07
45500.056 2.491432407249142e-07
45550.056 2.670322822129098e-07
45600.056 2.6142814914005175e-07
45650.056 2.1130808655089257e-07
45700.056 1.6344556619690137e-07
45750.056 1.6200346564660152e-07
45800.056 2.799330844429991e-07
45850.056 2.5774191393399145e-07
45900.056 2.8285820774999155e-07
45950.056 2.3626852723899682e-07
46000.056 2.641818060485197e-07
46050.056 2.1421583782100617e-07
46100.056 2.908177304999685e-07
46150.056 2.063345311970085e-07
46200.056 1.9045139403599187e-07
46250.056 1.0899167876232868e-07
46300.056 2.1548062141679955e-07
46350.056 2.1865355852702854e-07
46400.056 1.9552071740100787e-07
46450.056 1.8287961511523196e-07
46500.056 2.1053574227205498e-07
46550.056 1.415818693020071e-07
46600.056 1.9036938633758e-07
46650.056 2.6551898462601365e-07
46700.056 1.8747437014295634e-07
46750.056 1.291702498366089e-07
46800.056 9.435547351091252e-08
46850.056 2.6635768432104616e-07
46900.056 2.3729442899398927e-07
46950.056 2.3361083311998525e-07
47000.056 2.2856672717203946e-07
47050.056 1.8976507212061175e-07
47100.056 1.3865002569102142e-07
47150.056 1.8338512911022852e-07
47200.056 2.1921553246999634e-07
47250.056 1.5426884192698666e-07
47300.056 1.0928597492944313e-07
47350.056 2.576649892999827e-07
47400.056 2.1609612170198225e-07
47450.056 2.161288668069456e-07
47500.056 2.478315530401666e-07
47550.056 2.2126925454601085e-07
47600.056 2.1728204076299414e-07
47650.056 2.1193123375589847e-07
47700.056 1.8655713145494205e-07
47750.056 1.443433971024046e-07
47800.056 1.3844593503001059e-07
47850.056 9.157233770441344e-08
47900.056 1.2542222738817664e-07
47950.056 1.940197153180167e-07
48000.056 2.5975872734004676e-07
48050.056 2.339476686899981e-07
48100.056 1.2235683108121371e-07
48150.056 1.9162502966100481e-07
48200.056 1.5080630009120127e-07
48250.056 1.6704023382100692e-07
48300.056 2.3652241357995152e-07
48350.056 1.548390578110093e-07
48400.056 7.233221964850268e-08
48450.056 1.382281806617398e-07
48500.056 1.8609153935196304e-07
48550.056 1.7691097811121385e-07
48600.056 1.8815490296600174e-07
48650.056 2.2034500224597915e-07
48700.056 1.6860693988660504e-07
48750.056 1.1509370017106289e-07
48800.056 2.2362447958399598e-07
48850.056 1.3950652432567485e-07
48900.056 2.0476784640620555e-07
48950.056 1.3085670369101228e-07
49000.056 7.036820029506968e-08
49050.056 1.7014314838697682e-07
49100.056 1.9909613664843592e-07
49150.056 1.5490014511442008e-07
49200.056 2.224880503900427e-07
49250.056 2.1057657855703142e-07
49300.056 1.8679742035299846e-07
49350.056 9.600975675981771e-08
49400.056 1.3302835625697014e-07
49450.056 1.4068835336229392e-07
49500.056 1.1262902120189037e-07
49550.056 4.344331042700518e-08
49600.056 9.299381067822056e-08
49650.056 1.4185245349399286e-07
49700.056 1.391869539639512e-07
49750.056 1.5714092546098038e-07
49800.056 1.218895005915452e-07
49850.056 1.9500851216804747e-07
49900.056 1.556681458151814e-07
49950.056 1.5466984433500493e-07
50000.056 1.3485199374517263e-07
50050.056 1.6360903427099933e-07
50100.056 1.2925922046599995e-07
50150.056 8.002585063998509e-08
50200.056 2.602943642836804e-08
50250.056 1.0716050338498739e-07
50300.056 7.554189690880984e-08
50350.056 1.5611961441701703e-07
50400.056 1.4285684982158702e-07
50450.056 1.1277407919800689e-07
50500.056 1.5413972224601977e-07
50550.056 1.3813190079601186e-07
50600.056 1.0782037892697313e-07
50650.056 1.6255823670302867e-07
50700.056 1.671076346209453e-07
50750.056 1.2206640981201828e-07
50800.056 6.177047178959079e-08
50850.056 4.6803372851420464e-08
50900.056 1.492553630139976e-07
50950.056 1.1627908721900654e-07
51000.056 1.1236871507823763e-07
51050.056 1.3154154547398954e-07
51100.056 6.205257276209393e-08
51150.056 8.424515221551059e-08
51200.056 1.7281371480999153e-07
51250.056 1.1061323519098044e-07
51300.056 8.926054806474352e-08
51350.056 9.082441576249087e-08
51400.056 4.537238586670292e-08
51450.056 3.648537814625883e-08
51500.056 3.733524745555563e-08
51550.056 1.076529597994102e-07
51600.056 7.675052176902041e-08
51650.056 8.597683875698045e-08
51700.056 9.62703779289114e-08
51750.056 6.746814034226195e-08
51800.056 1.0488590160498279e-07
51850.056 9.137754524399065e-08
51900.056 1.3153400498499082e-07
51950.056 8.984779086698979e-08
52000.056 1.9188898286093773e-08
52050.056 5.8937105285408576e-08
52100.056 4.1307242844996917e-08
52150.056 3.007726359886489e-08
52200.056 4.885911917000082e-08
52250.056 6.647973555582039e-08
52300.056 9.722326346999545e-08
52350.056 5.3397827685821455e-08
52400.056 4.4091603749505234e-08
52450.056 1.05842586374007e-07
52500.056 8.930954133377557e-08
52550.056 8.941821859498696e-08
52600.056 6.930883202440007e-08
52650.056 7.996400235171076e-08
52700.056 6.472823061539794e-08
52750.056 3.5990357343956434e-08
52800.056 5.2881552635205955e-08
52850.056 5.846906791208137e-08
52900.056 4.100929167381606e-08
52950.056 5.105556619760413e-08
53000.056 7.333615778201772e-08
53050.056 3.44086979088916e-08
53100.056 6.980713330518183e-08
53150.056 8.428142381700808e-08
53200.056 3.923352576143823e-08
53250.056 8.0136075877405e-08
53300.056 9.593920181886656e-08
53350.056 7.549287210460176e-08
53400.056 5.674760985398822e-08
53450.056 2.8571113120241897e-08
53500.056 9.332727817469407e-09
