galfind/configs/Brown_Dwarf_templates/sonora_bobcat/m-0.5/17g/sp_t200g17nc_m-0.5_resample.dat
# %ECSV 1.0
# ---
# datatype:
# - {name: wav, unit: Angstrom, datatype: float64}
# - {name: flux_nu, unit: erg / (cm2 Hz s), datatype: float64}
# meta: {C/O: '1.00', Kzz: '1.0000E+05', Teff: '200.', Y: '0.28', '[Fe/H]': '-0.50', f_hole: '1.00', f_rain: '0.00', grav: '18.'}
# schema: astropy-2.0
wav flux_nu
[from data line 499]
28950.056 1.7138437456158582e-14
29000.056 7.782577477696123e-15
29050.056 1.6401788525724992e-14
29100.056 2.9390827111308857e-15
29150.056 1.0727925059965666e-15
29200.056 9.698932343901228e-14
29250.056 1.815670345625927e-14
29300.056 5.871821378954038e-15
29350.056 3.080046602815289e-14
29400.056 3.4289207033267327e-14
29450.056 3.0651283462898697e-15
29500.056 5.763699142161398e-14
29550.056 1.3529592077536067e-14
29600.056 4.6654249282467005e-15
29650.056 5.442605206348453e-14
29700.056 8.585606695630369e-15
29750.056 8.756253582594711e-14
29800.056 1.2864207510858851e-14
29850.056 6.961070738592818e-14
29900.056 1.6983979276512386e-14
29950.056 2.2498497553878554e-14
30000.056 5.202469926241699e-17
30050.056 5.9501646420722536e-15
30100.056 3.4432959626406837e-14
30150.056 8.053310774885331e-14
30200.056 7.679652726153087e-14
30250.056 5.700580036967658e-14
30300.056 1.0816560568371632e-13
30350.056 1.4162343892833453e-14
30400.056 1.4378285637160858e-13
30450.056 3.203146206259278e-13
30500.056 1.2296191516081134e-14
30550.056 2.0198184080384387e-14
30600.056 2.284266520866453e-12
30650.056 5.142256761187259e-13
30700.056 2.2774509871795616e-14
30750.056 1.9680498919734022e-13
30800.056 1.014947304182114e-12
30850.056 6.044368017879192e-13
30900.056 2.461097629547631e-13
30950.056 9.306885480997436e-14
31000.056 1.4259489484164637e-13
31050.056 2.2629034821330973e-14
31100.056 2.3304347355196723e-14
31150.056 1.0818713402839242e-13
31200.056 9.628385929606396e-13
31250.056 6.911184750001235e-13
31300.056 6.912291295049624e-14
31350.056 1.0548038026719764e-12
31400.056 6.971103550134893e-13
31450.056 5.854632263280286e-13
31500.056 1.1313720546856426e-13
31550.056 3.37135589022179e-13
31600.056 3.6473834886789385e-13
31650.056 2.4392511733617684e-13
31700.056 1.1697836616475826e-13
31750.056 6.90863210313037e-14
31800.056 9.78914800561376e-14
31850.056 7.415192074258962e-15
31900.056 2.3046548360965705e-14
31950.056 1.3078289822880637e-14
32000.056 4.979471371505792e-15
32050.056 5.522426183704973e-15
32100.056 5.3832812223010386e-15
32150.056 2.000789429713929e-15
32200.056 5.363634426993505e-16
32250.056 1.42065670452802e-15
32300.056 1.394337377963803e-16
32350.056 4.917253486713157e-16
32400.056 1.2797655564723998e-17
32450.056 2.2407709729663246e-16
32500.056 8.300336630574122e-18
32550.056 1.0472337534834056e-16
32600.056 2.898331349658571e-18
32650.056 1.9485553723275332e-16
32700.056 4.740110832969966e-18
32750.056 8.833198121029274e-16
32800.056 1.6056007913692693e-16
32850.056 7.811228713050612e-15
32900.056 3.217064501273611e-15
32950.056 7.184258791790912e-15
33000.056 1.4492586087580107e-15
33050.056 2.8827470522615423e-16
33100.056 2.9615231133393776e-17
33150.056 6.162684061033055e-20
33200.056 1.3764298859744006e-17
33250.056 2.973126655530635e-17
33300.056 1.601411851787155e-15
33350.056 4.969600260799685e-16
33400.056 8.388549924431595e-15
33450.056 1.5598985467009578e-16
33500.056 3.782679590259496e-15
33550.056 3.036526597627944e-16
33600.056 1.7264828350040586e-15
33650.056 2.403216649526767e-15
33700.056 1.1690521001173964e-16
33750.056 2.980060240564607e-15
33800.056 4.354233654385903e-17
33850.056 1.3963753168103266e-15
33900.056 1.8128316082597117e-15
33950.056 2.6989282963880656e-15
34000.056 9.855974770756447e-15
34050.056 1.4277564951004042e-15
34100.056 1.4518335098342566e-14
34150.056 4.949927300983864e-15
34200.056 3.191738340996687e-14
34250.056 5.581908283573449e-15
34300.056 1.2663647867300528e-14
34350.056 1.7386566630322067e-13
34400.056 1.0441560301867061e-14
34450.056 7.544481803210858e-14
34500.056 1.2614602246853574e-14
34550.056 1.0300720444439885e-13
34600.056 5.997911955469967e-13
34650.056 5.985543899251329e-15
34700.056 1.9500193648284483e-13
34750.056 6.79382260609217e-14
34800.056 4.348606722797345e-14
34850.056 2.2697523588951631e-13
34900.056 2.0502699657017438e-14
34950.056 5.65364717435911e-13
35000.056 3.8447209482925565e-13
35050.056 7.931644028808067e-13
35100.056 1.025692522821981e-12
35150.056 7.83067995501992e-13
35200.056 9.096670972635791e-13
35250.056 1.9702381416954258e-12
35300.056 2.363874011590636e-13
35350.056 4.544639945102332e-14
35400.056 2.8543233176098924e-14
35450.056 3.9585808179667996e-14
35500.056 3.0295015873360436e-13
35550.056 1.827768511039461e-13
35600.056 7.132683880629001e-13
35650.056 1.4960728028953453e-12
35700.056 1.9295346239950975e-12
35750.056 5.432087890885507e-13
35800.056 2.0400478527044412e-13
35850.056 1.0745728451268445e-13
35900.056 1.5939676636804632e-13
35950.056 4.960269218047751e-13
36000.056 7.670200065184861e-13
36050.056 5.833768225991235e-13
36100.056 5.190208704939837e-13
36150.056 6.982903673797606e-12
36200.056 2.5401961324982454e-12
36250.056 9.13209333344051e-13
36300.056 6.783959379146405e-12
36350.056 4.122234116518032e-12
36400.056 4.474559151434718e-12
36450.056 3.275968209737683e-12
36500.056 2.514997542108633e-12
36550.056 1.30214079707991e-11
36600.056 9.79574324606986e-12
36650.056 3.6566434885951104e-12
36700.056 1.0186034032888324e-11
36750.056 1.4753076427922447e-11
36800.056 2.0798974769152918e-11
36850.056 3.5167789682577955e-12
36900.056 4.913520150174203e-12
36950.056 2.3544345946808485e-11
37000.056 1.358568818736727e-11
37050.056 2.4901249032458842e-11
37100.056 2.941714784470361e-12
37150.056 7.130305856281228e-12
37200.056 3.9648924455992934e-11
37250.056 2.1592978897499385e-11
37300.056 3.5315037994105092e-12
37350.056 5.941169405042687e-12
37400.056 1.114458686361831e-11
37450.056 3.4135094840964936e-12
37500.056 8.140737096398628e-12
37550.056 3.9112319701791505e-11
37600.056 1.0243080819137744e-10
37650.056 7.149101065441443e-12
37700.056 1.8543000290651222e-11
37750.056 2.073139357820455e-11
37800.056 1.1239205813900777e-11
37850.056 5.930538477876936e-12
37900.056 4.2800609521209016e-12
37950.056 1.3058729603857678e-11
38000.056 1.1095408137720014e-11
38050.056 4.996253442987096e-11
38100.056 5.5743799593952595e-11
38150.056 1.1675048774129563e-10
38200.056 5.5652815602726827e-11
38250.056 1.2695802642280702e-10
38300.056 2.438503889258544e-10
38350.056 6.295962748026955e-11
38400.056 6.8980459277675554e-12
38450.056 1.0554613287204112e-12
38500.056 2.349515505874248e-12
38550.056 2.750585944900407e-11
38600.056 4.7798237477393115e-11
38650.056 3.74061452372416e-11
38700.056 7.245904096478723e-12
38750.056 2.948905266750351e-11
38800.056 2.2440448582032357e-11
38850.056 4.3432823352415266e-11
38900.056 5.59763731495179e-11
38950.056 1.984614830108667e-11
39000.056 9.776055625780413e-11
39050.056 8.321603511279962e-12
39100.056 3.4074773125148156e-11
39150.056 1.020104126839531e-10
39200.056 5.0968204479071575e-11
39250.056 1.1021460504301387e-10
39300.056 3.797134340244978e-11
39350.056 1.709616440981853e-10
39400.056 4.3885129295544527e-11
39450.056 1.2689425972700454e-10
39500.056 1.1876881673696717e-10
39550.056 2.1155466479394987e-11
39600.056 1.3211449024755493e-10
39650.056 1.6656572624818347e-10
39700.056 2.1065860142655756e-10
39750.056 3.695808265801293e-11
39800.056 3.244020797349001e-11
39850.056 1.6206772534464096e-10
39900.056 3.421069654905548e-10
39950.056 4.998400918485888e-11
40000.056 1.3583955894031187e-10
40050.056 2.0465974439796515e-10
40100.056 3.194191917086412e-11
40150.056 1.610467665565655e-10
40200.056 2.066911265633738e-10
40250.056 2.63284499752136e-10
40300.056 3.1246929108078757e-10
40350.056 9.175703300005837e-11
40400.056 1.1037713811211726e-10
40450.056 2.943145732628343e-11
40500.056 2.98425398381144e-10
40550.056 2.7505406928891856e-10
40600.056 2.989784241699922e-10
40650.056 1.3940303009789058e-10
40700.056 2.2246469997548412e-10
40750.056 1.8085998337236404e-10
40800.056 8.129496359354743e-11
40850.056 5.925105240741545e-10
40900.056 5.21790913137847e-10
40950.056 3.718468080166161e-10
41000.056 1.7350469985144304e-10
41050.056 6.504211985539092e-10
41100.056 5.47418393226855e-10
41150.056 7.079812478058055e-11
41200.056 8.088092920773481e-10
41250.056 4.968982568463698e-10
41300.056 4.106095365594606e-10
41350.056 1.0585885063900384e-09
41400.056 6.699827584198978e-10
41450.056 9.837252033257355e-10
41500.056 4.382521259445777e-10
41550.056 3.0946446574483455e-10
41600.056 4.1198180513812364e-10
41650.056 9.707350554634177e-10
41700.056 1.5289637956398955e-09
41750.056 1.0766025786829218e-09
41800.056 9.92779371620049e-10
41850.056 8.442910596815962e-10
41900.056 4.483652605710092e-10
41950.056 4.0906586437969855e-10
42000.056 2.6764626501798425e-11
42050.056 1.1761859338532457e-10
42100.056 2.0560007634210198e-10
42150.056 3.363512863076089e-10
42200.056 7.431807566462897e-10
42250.056 5.054315119002166e-10
42300.056 3.4975835105952927e-10
42350.056 1.0514179673470164e-09
42400.056 1.620028386970214e-09
42450.056 2.1731224667002166e-09
42500.056 2.3460744130998965e-09
42550.056 1.8355916411398908e-09
42600.056 1.2889218787984352e-09
42650.056 1.9202112767696176e-09
42700.056 4.679492606111041e-10
42750.056 2.011214820730319e-09
42800.056 3.5113062085001464e-09
42850.056 3.340409648999631e-09
42900.056 2.8726505652502105e-09
42950.056 2.5012388572602676e-09
43000.056 2.89206412646002e-09
43050.056 1.1429339251020306e-09
43100.056 1.766256674298136e-09
43150.056 1.9640006763900473e-09
43200.056 3.558172247200095e-09
43250.056 3.6356651456101263e-09
43300.056 3.5963288482000295e-09
43350.056 2.331570336189516e-09
43400.056 2.8770041602701198e-09
43450.056 1.3538419800513113e-09
43500.056 9.710640017329217e-10
43550.056 1.6476914770000404e-09
43600.056 3.4847159768001467e-09
43650.056 1.93659458004004e-09
43700.056 3.592405428480995e-09
43750.056 4.250638101999595e-09
43800.056 2.92874626031981e-09
43850.056 2.5741658783602868e-09
43900.056 1.5201086476104425e-09
43950.056 1.2393381458699987e-09
44000.056 1.630847493889855e-09
44050.056 3.907498744460209e-09
44100.056 4.596350426800077e-09
44150.056 4.152415033439849e-09
44200.056 4.053126722400162e-09
44250.056 2.235540175379778e-09
44300.056 1.5736930227901503e-09
44350.056 1.4098677968241618e-09
44400.056 1.2708529977430629e-09
44450.056 3.281861350900412e-09
44500.056 2.940057209160186e-09
44550.056 3.953250578300038e-09
44600.056 2.988471111019971e-09
44650.056 2.856043817060229e-09
44700.056 2.329115700729572e-09
44750.056 3.761000842200294e-09
44800.056 1.9615888949260515e-09
44850.056 2.556377195910033e-09
44900.056 2.953625370419984e-09
44950.056 3.5304202658003797e-09
45000.056 4.529665851600066e-09
45050.056 3.4941657896995918e-09
45100.056 3.2705307538701764e-09
45150.056 2.5818464827596658e-09
45200.056 1.944828282160136e-09
45250.056 2.4102276845594678e-09
45300.056 2.347509352350239e-09
45350.056 1.4369202804602671e-09
45400.056 4.8865059011001865e-09
45450.056 3.3845642810404077e-09
45500.056 4.463158490200061e-09
45550.056 4.48340134868931e-09
45600.056 3.857740955900276e-09
45650.056 3.727626006799831e-09
45700.056 2.2321350153338533e-09
45750.056 2.058210949080184e-09
45800.056 4.451422499700156e-09
45850.056 2.9385877005802233e-09
45900.056 4.590254526099917e-09
45950.056 5.120359395899659e-09
46000.056 4.482428262400378e-09
46050.056 2.9988942308204492e-09
46100.056 5.402214519599856e-09
46150.056 3.591039648659964e-09
46200.056 2.6279874913096555e-09
46250.056 8.994712553599912e-10
46300.056 3.1838844251801183e-09
46350.056 2.9985520860703236e-09
46400.056 3.2647349935801256e-09
46450.056 2.544253791069834e-09
46500.056 3.407775133310326e-09
46550.056 1.6417677441097907e-09
46600.056 1.7821236148558043e-09
46650.056 3.3425105019701408e-09
46700.056 2.4953418329996368e-09
46750.056 7.90790012371085e-10
46800.056 4.2113773021797897e-10
46850.056 2.7730494567304095e-09
46900.056 3.818343384599871e-09
46950.056 4.026057347399957e-09
47000.056 4.246133065400209e-09
47050.056 2.2502555150194516e-09
47100.056 2.152346655810072e-09
47150.056 3.009797389660286e-09
47200.056 3.4693086560998162e-09
47250.056 1.4255214719067179e-09
47300.056 1.019888907324293e-09
47350.056 3.418705751000285e-09
47400.056 3.821949277499831e-09
47450.056 1.9455827406259652e-09
47500.056 3.3948745622704043e-09
47550.056 3.6956140089999685e-09
47600.056 2.2308645047577395e-09
47650.056 2.8797753020398633e-09
47700.056 2.351388867770341e-09
47750.056 2.027092482719934e-09
47800.056 1.2444393474300918e-09
47850.056 3.9487135130908535e-10
47900.056 8.426684300290366e-10
47950.056 2.65145066970011e-09
48000.056 3.196591540999718e-09
48050.056 2.3860590175180732e-09
48100.056 1.2371678463641046e-09
48150.056 2.4659912605800946e-09
48200.056 1.0737017212797679e-09
48250.056 1.7733803765500708e-09
48300.056 2.9421786687999474e-09
48350.056 1.6165361166397741e-09
48400.056 2.525123395984214e-10
48450.056 5.00565369882131e-10
48500.056 1.0925933323778111e-09
48550.056 1.3106340183482832e-09
48600.056 3.019349107899937e-09
48650.056 3.498236861199914e-09
48700.056 2.5226122309603472e-09
48750.056 2.6643884964000294e-09
48800.056 2.9556689252000446e-09
48850.056 1.3309426682348045e-09
48900.056 9.897115804418667e-10
48950.056 4.524900780019866e-10
49000.056 3.229154996616961e-10
49050.056 1.2743645176418468e-09
49100.056 2.000204267459342e-09
49150.056 1.7621548139461146e-09
49200.056 3.085416832100177e-09
49250.056 2.9068685377998985e-09
49300.056 2.2343458996597978e-09
49350.056 7.639082978702597e-10
49400.056 1.1705268583717177e-09
49450.056 8.925164421811783e-10
49500.056 5.8728056518487e-10
49550.056 8.563077183199932e-11
49600.056 2.358618965422518e-10
49650.056 1.1082763193601894e-09
49700.056 1.6435829569998843e-09
49750.056 9.227248327889829e-10
49800.056 5.486374902160563e-10
49850.056 1.7209291721602181e-09
49900.056 2.123499600599949e-09
49950.056 1.9869331942999464e-09
50000.056 7.537815570437704e-10
50050.056 8.3990504642014e-10
50100.056 8.57933917309936e-10
50150.056 2.469064612759466e-10
50200.056 4.0712982649010306e-11
50250.056 2.2303036883000345e-10
50300.056 1.5896546694903613e-10
50350.056 9.679139965601474e-10
50400.056 1.4329038442098049e-09
50450.056 1.5044018018202e-09
50500.056 1.8940347589299774e-09
50550.056 2.0340214742500355e-09
50600.056 1.036017500706866e-09
50650.056 2.127874733500125e-09
50700.056 1.7016252176999046e-09
50750.056 8.602355815199497e-10
50800.056 1.7534411646435318e-10
50850.056 7.565710895002796e-11
50900.056 6.370328574500939e-10
50950.056 8.628027667799103e-10
51000.056 4.970064477090645e-10
51050.056 1.2470427856099454e-09
51100.056 3.856152317139593e-10
51150.056 2.496667050150682e-10
51200.056 1.2682466190200551e-09
51250.056 1.0169915085458538e-09
51300.056 6.354446770290415e-10
51350.056 3.0689699841372377e-10
51400.056 7.242923387421466e-11
51450.056 7.338720421288192e-11
51500.056 8.054859625602452e-11
51550.056 3.3617778263006285e-10
51600.056 5.345509896200964e-10
51650.056 9.309802672500408e-10
51700.056 7.160354678348503e-10
51750.056 4.6081686170511433e-10
51800.056 1.0804495798099949e-09
51850.056 8.256603442399608e-10
51900.056 5.550080733899831e-10
51950.056 2.2444578537796413e-10
52000.056 3.725587519179473e-11
52050.056 1.1402251433000333e-10
52100.056 6.545001289799276e-11
52150.056 4.1014555256211545e-11
52200.056 1.6649088947201219e-10
52250.056 2.9913253484003904e-10
52300.056 2.76608775329972e-10
52350.056 7.144945363099383e-11
52400.056 8.596393394100031e-11
52450.056 3.782181277600307e-10
52500.056 2.197914661239792e-10
52550.056 5.454941080800084e-10
52600.056 6.454205334660468e-10
52650.056 7.21961085089974e-10
52700.056 3.6480878391994735e-10
52750.056 7.883993976857981e-11
52800.056 1.76378123238027e-10
52850.056 2.0773305102895572e-10
52900.056 6.108379180438144e-11
52950.056 1.0615346898401834e-10
53000.056 2.684805179100227e-10
53050.056 1.0113624811398657e-10
53100.056 4.473973367400268e-10
53150.056 3.2465441553150173e-10
53200.056 1.667257164325598e-10
53250.056 2.446667197467561e-10
53300.056 3.020590858258311e-10
53350.056 2.452133268980113e-10
53400.056 1.6161545423996797e-10
53450.056 6.078412543299085e-11
53500.056 2.120797139169438e-11
53550.056 3.329237847800123e-11
