galfind/configs/Brown_Dwarf_templates/sonora_bobcat/m-0.5/17g/sp_t1300g17nc_m-0.5_resample.dat
# %ECSV 1.0
# ---
# datatype:
# - {name: wav, unit: Angstrom, datatype: float64}
# - {name: flux_nu, unit: erg / (cm2 Hz s), datatype: float64}
# meta: {C/O: '1.00', Kzz: '1.0000E+05', Teff: '1300.', Y: '0.28', '[Fe/H]': '-0.50', f_hole: '1.00', f_rain: '0.00', grav: '18.'}
# schema: astropy-2.0
wav flux_nu
[from data line 499]
28950.056 5.095211919310017e-07
29000.056 4.2159856822589353e-07
29050.056 4.4078014433692054e-07
29100.056 3.569838121790661e-07
29150.056 4.818854823731313e-07
29200.056 4.1314331604308747e-07
29250.056 4.994488597120018e-07
29300.056 3.840108084027905e-07
29350.056 5.843327686918516e-07
29400.056 4.4342839596290255e-07
29450.056 4.704366475659757e-07
29500.056 4.829967242499175e-07
29550.056 4.649520422130079e-07
29600.056 5.09366549472879e-07
29650.056 4.866485705319382e-07
29700.056 4.211232205698576e-07
29750.056 5.296066361792496e-07
29800.056 5.414608681399588e-07
29850.056 5.241250304939245e-07
29900.056 4.811033744611826e-07
29950.056 5.436690910519004e-07
30000.056 5.323613379819153e-07
30050.056 4.959032541899609e-07
30100.056 4.307174746378515e-07
30150.056 5.858181228499654e-07
30200.056 4.993175019090091e-07
30250.056 5.501539126501417e-07
30300.056 4.950897182199774e-07
30350.056 4.606639812980387e-07
30400.056 5.240500260020241e-07
30450.056 4.3294823577806194e-07
30500.056 3.654353910490502e-07
30550.056 4.0413286454205145e-07
30600.056 4.1372072484300717e-07
30650.056 3.7790834405193164e-07
30700.056 3.6768247135998126e-07
30750.056 3.442465106599752e-07
30800.056 3.224783413220607e-07
30850.056 2.888242514859292e-07
30900.056 3.005330109239499e-07
30950.056 2.672424649400532e-07
31000.056 2.471872816769975e-07
31050.056 2.6604007657001387e-07
31100.056 2.2187247425498062e-07
31150.056 2.3589909404298675e-07
31200.056 2.508687148790215e-07
31250.056 2.0789033553097336e-07
31300.056 2.0980381626498196e-07
31350.056 1.958076121560021e-07
31400.056 1.8154903760601659e-07
31450.056 1.7942043929097885e-07
31500.056 1.7029518684496356e-07
31550.056 1.7519636008900083e-07
31600.056 1.5788034304398905e-07
31650.056 1.523575833099978e-07
31700.056 1.5278025565598127e-07
31750.056 1.414377547630423e-07
31800.056 1.5896963315597439e-07
31850.056 1.461678830790153e-07
31900.056 1.6156706074899731e-07
31950.056 1.3108723695801679e-07
32000.056 1.4742819535297984e-07
32050.056 1.540668446850067e-07
32100.056 1.5653627499501925e-07
32150.056 1.5934413996198064e-07
32200.056 1.4699058009799648e-07
32250.056 1.7261317186801366e-07
32300.056 1.4939978297299887e-07
32350.056 1.7947845063598043e-07
32400.056 1.4801131354199186e-07
32450.056 1.7871212651794109e-07
32500.056 1.7914318979302314e-07
32550.056 1.7464256884999188e-07
32600.056 1.8173609951999736e-07
32650.056 2.1997782734398174e-07
32700.056 2.070871733910269e-07
32750.056 2.1745689939700468e-07
32800.056 2.1164437367101642e-07
32850.056 2.200178004619647e-07
32900.056 2.398168477619895e-07
32950.056 2.367392018589795e-07
33000.056 2.1795871285694825e-07
33050.056 1.977727562480502e-07
33100.056 1.6033873633299275e-07
33150.056 1.24651274207001e-07
33200.056 9.758794793298431e-08
33250.056 7.600305453098306e-08
33300.056 7.292992299000832e-08
33350.056 8.366420728900027e-08
33400.056 9.471210139498645e-08
33450.056 1.0752010149799844e-07
33500.056 1.2912435396401952e-07
33550.056 1.3964147342802623e-07
33600.056 1.6525639148099025e-07
33650.056 1.8081625141900232e-07
33700.056 1.750833054019798e-07
33750.056 2.097840426480022e-07
33800.056 2.100442603589867e-07
33850.056 2.2646027415297573e-07
33900.056 2.0594698205299385e-07
33950.056 2.0250530873999049e-07
34000.056 2.2252756520201643e-07
34050.056 1.9239502569895672e-07
34100.056 2.2659245934796343e-07
34150.056 2.122479227829852e-07
34200.056 1.8959399838995059e-07
34250.056 2.104045126669336e-07
34300.056 1.9262955618190536e-07
34350.056 1.7452372141599403e-07
34400.056 1.7643659321300143e-07
34450.056 2.0124249781198203e-07
34500.056 1.9616918705999638e-07
34550.056 1.92530384660996e-07
34600.056 2.1768183987999815e-07
34650.056 2.104007830269754e-07
34700.056 2.022590184219846e-07
34750.056 2.1588137968998216e-07
34800.056 2.0857443318796824e-07
34850.056 1.967054312400199e-07
34900.056 2.2729845607497357e-07
34950.056 2.1462532185996466e-07
35000.056 2.5576512040503496e-07
35050.056 2.1149270082796382e-07
35100.056 2.280902074300014e-07
35150.056 2.328864968319966e-07
35200.056 2.435622295370095e-07
35250.056 2.619590355299662e-07
35300.056 2.4702252089903154e-07
35350.056 2.3190463561995454e-07
35400.056 2.4615993986005154e-07
35450.056 2.0484381940006786e-07
35500.056 2.725029726400215e-07
35550.056 2.764332623199725e-07
35600.056 2.547999035420573e-07
35650.056 2.784421123699969e-07
35700.056 2.592049468599977e-07
35750.056 2.8240132466995285e-07
35800.056 3.4786752559001877e-07
35850.056 2.796833162999788e-07
35900.056 3.3080196157997557e-07
35950.056 3.1710362492799253e-07
36000.056 3.247871094600338e-07
36050.056 3.2768446237997863e-07
36100.056 3.420124050798182e-07
36150.056 3.416804189499957e-07
36200.056 3.728503356099679e-07
36250.056 3.6218134507994137e-07
36300.056 3.8335363003002185e-07
36350.056 3.784794252799725e-07
36400.056 3.816472098700027e-07
36450.056 4.2183759511001273e-07
36500.056 4.2657030430996104e-07
36550.056 4.4636060052011496e-07
36600.056 4.6926103969002466e-07
36650.056 4.780682509398988e-07
36700.056 5.085576714199768e-07
36750.056 5.24471282200118e-07
36800.056 5.410796426399799e-07
36850.056 5.508546104499308e-07
36900.056 5.381603609800047e-07
36950.056 6.186573387099556e-07
37000.056 6.176454540299758e-07
37050.056 6.101954629599715e-07
37100.056 6.689114223900418e-07
37150.056 6.200771651100503e-07
37200.056 6.755588788200164e-07
37250.056 6.995198557299305e-07
37300.056 6.547394286598703e-07
37350.056 6.45403243660135e-07
37400.056 7.927696256299599e-07
37450.056 7.321580921201073e-07
37500.056 7.357939346398989e-07
37550.056 8.063357876601118e-07
37600.056 8.49775800299998e-07
37650.056 7.754954763999944e-07
37700.056 8.972802507500928e-07
37750.056 8.247772011500089e-07
37800.056 8.592237746203077e-07
37850.056 8.036731175799887e-07
37900.056 8.313031140302082e-07
37950.056 8.403113600399168e-07
38000.056 9.543516055700504e-07
38050.056 9.499843478201098e-07
38100.056 8.847230245501415e-07
38150.056 1.0289884534299443e-06
38200.056 1.0496535397300878e-06
38250.056 9.65732703770099e-07
38300.056 1.0578882771099417e-06
38350.056 1.1123736275199868e-06
38400.056 1.0002640762298154e-06
38450.056 1.0958208934800104e-06
38500.056 9.881569183001865e-07
38550.056 1.1220058106000728e-06
38600.056 1.1800144714599188e-06
38650.056 1.0997223105799822e-06
38700.056 1.165214281000072e-06
38750.056 1.1892661905100309e-06
38800.056 1.1292509024897954e-06
38850.056 1.113870035780023e-06
38900.056 1.1678619438900313e-06
38950.056 1.2158260107399517e-06
39000.056 1.2067418995300125e-06
39050.056 1.2253535817398655e-06
39100.056 1.1563128814701688e-06
39150.056 1.2076213654000215e-06
39200.056 1.2756211390099959e-06
39250.056 1.2865626230697355e-06
39300.056 1.213672715339694e-06
39350.056 1.293759293950124e-06
39400.056 1.289736159110084e-06
39450.056 1.2739348682599297e-06
39500.056 1.208584016620024e-06
39550.056 1.2600635264799819e-06
39600.056 1.328145654279739e-06
39650.056 1.2748310936999835e-06
39700.056 1.2949081321199603e-06
39750.056 1.233745936010012e-06
39800.056 1.2661845930198866e-06
39850.056 1.3156853612899433e-06
39900.056 1.2874211609401056e-06
39950.056 1.3229263324597958e-06
40000.056 1.2934868620300739e-06
40050.056 1.2626612468500696e-06
40100.056 1.289870301619977e-06
40150.056 1.2636536310398204e-06
40200.056 1.2749353514798e-06
40250.056 1.21678307663972e-06
40300.056 1.2062180326701034e-06
40350.056 1.3023835661601277e-06
40400.056 1.2815165527801017e-06
40450.056 1.2719757089101882e-06
40500.056 1.1970484665201278e-06
40550.056 1.3123543274599458e-06
40600.056 1.1911391159201722e-06
40650.056 1.204603889919881e-06
40700.056 1.3158627235099907e-06
40750.056 1.204876961759623e-06
40800.056 1.1179991970399584e-06
40850.056 1.2067919276102494e-06
40900.056 1.1498593943300117e-06
40950.056 1.2033937642500084e-06
41000.056 1.1997794469199607e-06
41050.056 1.2341310342299096e-06
41100.056 1.1577312335799961e-06
41150.056 1.1233135809499792e-06
41200.056 1.1866944523600017e-06
41250.056 1.161730133770032e-06
41300.056 1.0539832529197704e-06
41350.056 1.2403030059200495e-06
41400.056 1.1634853434201318e-06
41450.056 1.171758804420232e-06
41500.056 1.1264261115000022e-06
41550.056 1.1497495205599898e-06
41600.056 1.2243023231900358e-06
41650.056 1.1433521291101903e-06
41700.056 1.0912478577898333e-06
41750.056 1.1224557107999374e-06
41800.056 1.1878247323998127e-06
41850.056 9.62191576980149e-07
41900.056 1.1487439799898775e-06
41950.056 1.071972761420273e-06
42000.056 1.0836072906001394e-06
42050.056 9.70591062059769e-07
42100.056 1.191079561880152e-06
42150.056 9.029143772897654e-07
42200.056 9.630183425000236e-07
42250.056 1.0102527131499369e-06
42300.056 8.992675204500372e-07
42350.056 1.0963822933301843e-06
42400.056 9.382349250902306e-07
42450.056 8.491934530600533e-07
42500.056 8.926611959601441e-07
42550.056 9.103360519399295e-07
42600.056 8.837059187202759e-07
42650.056 8.751274902896013e-07
42700.056 9.325948200302231e-07
42750.056 8.650631086899833e-07
42800.056 8.488471541602132e-07
42850.056 9.560840248997666e-07
42900.056 9.138168859000891e-07
42950.056 8.289601046996585e-07
43000.056 8.590666600200119e-07
43050.056 7.552724219303685e-07
43100.056 8.219669168100306e-07
43150.056 8.195461197501167e-07
43200.056 8.363008227500827e-07
43250.056 8.353696433799131e-07
43300.056 8.862944207300182e-07
43350.056 7.717900359899371e-07
43400.056 8.018675991799407e-07
43450.056 8.023176677901452e-07
43500.056 7.868509056199152e-07
43550.056 8.270063053000707e-07
43600.056 8.904312541200359e-07
43650.056 7.848285055000356e-07
43700.056 7.833845240799069e-07
43750.056 8.100434382301519e-07
43800.056 7.642907511200088e-07
43850.056 7.681431233701539e-07
43900.056 8.008408031999141e-07
43950.056 7.140061118400084e-07
44000.056 6.90238876690034e-07
44050.056 7.170060191000554e-07
44100.056 7.687376468400753e-07
44150.056 7.662859236298865e-07
44200.056 7.292718148300264e-07
44250.056 7.045852919800099e-07
44300.056 6.814576154000758e-07
44350.056 6.774794223400637e-07
44400.056 7.093845228799758e-07
44450.056 7.088652239899937e-07
44500.056 7.264634867501053e-07
44550.056 6.863628406698761e-07
44600.056 6.609824613400802e-07
44650.056 7.140768869700692e-07
44700.056 6.417167220800495e-07
44750.056 6.921621936799324e-07
44800.056 6.87384552759976e-07
44850.056 6.743259961100728e-07
44900.056 6.255426118600551e-07
44950.056 6.203550968500352e-07
45000.056 6.568611318599475e-07
45050.056 6.643297189499624e-07
45100.056 6.796679050899804e-07
45150.056 6.364769409199837e-07
45200.056 5.962454311600239e-07
45250.056 6.127316579199199e-07
45300.056 6.372533467600317e-07
45350.056 6.580312163899522e-07
45400.056 6.425453012100607e-07
45450.056 5.93141381719903e-07
45500.056 6.149194761699732e-07
45550.056 6.639934866099405e-07
45600.056 6.240827679599999e-07
45650.056 5.66682930329896e-07
45700.056 6.609457205000641e-07
45750.056 5.93956612080007e-07
45800.056 6.026713707099771e-07
45850.056 6.958363300899662e-07
45900.056 6.901502230300292e-07
45950.056 5.995599032300066e-07
46000.056 6.903271829300276e-07
46050.056 6.748386743500959e-07
46100.056 5.947813904500454e-07
46150.056 6.434463441099749e-07
46200.056 6.68652461910126e-07
46250.056 5.734847539299806e-07
46300.056 7.107432564299865e-07
46350.056 6.189721354499522e-07
46400.056 6.336854265699499e-07
46450.056 6.600806713300767e-07
46500.056 5.97710193089973e-07
46550.056 7.248743719499744e-07
46600.056 6.770111903200248e-07
46650.056 8.407851068298611e-07
46700.056 7.70988620320248e-07
46750.056 6.24549919869953e-07
46800.056 6.802817781300859e-07
46850.056 7.484406917900919e-07
46900.056 7.044970333798852e-07
46950.056 7.685553054400285e-07
47000.056 6.592029880899921e-07
47050.056 7.727259296098544e-07
47100.056 6.063778351100683e-07
47150.056 6.605300391100596e-07
47200.056 7.170613868001118e-07
47250.056 6.40081383009961e-07
47300.056 6.483160794198742e-07
47350.056 6.093589657399042e-07
47400.056 7.26111326899892e-07
47450.056 6.340376086899803e-07
47500.056 7.238488172799052e-07
47550.056 6.419379158599456e-07
47600.056 7.129628623799542e-07
47650.056 5.481857270198828e-07
47700.056 7.346003870600741e-07
47750.056 5.242030660800963e-07
47800.056 7.221600541599276e-07
47850.056 5.657524877099003e-07
47900.056 7.043694771400189e-07
47950.056 5.554306460100701e-07
48000.056 7.869323857500236e-07
48050.056 6.289617470900732e-07
48100.056 6.754400150799974e-07
48150.056 6.305149381800827e-07
48200.056 7.205315929200779e-07
48250.056 6.133538361500093e-07
48300.056 7.676935423898231e-07
48350.056 5.605216037199858e-07
48400.056 6.839666419399849e-07
48450.056 6.061622613100522e-07
48500.056 7.945226644200158e-07
48550.056 5.74675503850009e-07
48600.056 7.229231672599591e-07
48650.056 6.031580734099695e-07
48700.056 7.101157017700316e-07
48750.056 5.374371714800706e-07
48800.056 8.090241841200207e-07
48850.056 5.797253608798893e-07
48900.056 7.515636659500624e-07
48950.056 6.876274815100381e-07
49000.056 6.287294962998874e-07
49050.056 7.150419326000044e-07
49100.056 6.525554588400545e-07
49150.056 6.93894493599984e-07
49200.056 6.655806392799892e-07
49250.056 7.01252571790036e-07
49300.056 6.107649679499628e-07
49350.056 6.331905231700119e-07
49400.056 7.355478114700342e-07
49450.056 6.515896708101569e-07
49500.056 6.682621030399997e-07
49550.056 5.836933363700117e-07
49600.056 6.524301851101379e-07
49650.056 6.748593219800126e-07
49700.056 5.934972851399131e-07
49750.056 8.142714828098672e-07
49800.056 6.484868471700273e-07
49850.056 8.141238977900863e-07
49900.056 6.530481124900338e-07
49950.056 7.03840780019877e-07
50000.056 6.861648410898774e-07
50050.056 7.032056988400381e-07
50100.056 7.205876117999684e-07
50150.056 6.055692659100125e-07
50200.056 5.539712748100265e-07
50250.056 6.973580342699888e-07
50300.056 6.554364564299726e-07
50350.056 7.718144482500064e-07
50400.056 6.704986384799785e-07
50450.056 6.489060003401141e-07
50500.056 7.842748279701094e-07
50550.056 6.761235037199911e-07
50600.056 7.162406796899825e-07
50650.056 7.140227880201328e-07
50700.056 7.672942689498131e-07
50750.056 7.838345541201042e-07
50800.056 5.887496801799248e-07
50850.056 6.724606286101277e-07
50900.056 7.578561109499862e-07
50950.056 7.191004201501616e-07
51000.056 8.309776384700899e-07
51050.056 6.443132410700645e-07
51100.056 6.133071621799409e-07
51150.056 7.217617791999361e-07
51200.056 7.443641808899752e-07
51250.056 7.286244528999351e-07
51300.056 6.405693074402343e-07
51350.056 6.779210024499068e-07
51400.056 6.015940647198995e-07
51450.056 4.971002408398832e-07
51500.056 6.355009501000589e-07
51550.056 8.39898751800087e-07
51600.056 6.110911304600638e-07
51650.056 6.844662208999165e-07
51700.056 6.542603387498272e-07
51750.056 6.103473806300534e-07
51800.056 7.338717088198098e-07
51850.056 7.320526353499484e-07
51900.056 7.952047944701525e-07
51950.056 7.201297066299417e-07
52000.056 5.842576118599816e-07
52050.056 6.952776792899822e-07
52100.056 6.245043968298967e-07
52150.056 6.379866524400319e-07
52200.056 5.863318472499837e-07
52250.056 6.461880410700212e-07
52300.056 7.459379751699791e-07
52350.056 7.649041316800578e-07
52400.056 5.627669457600798e-07
52450.056 6.807729018900071e-07
52500.056 7.321238774098686e-07
52550.056 7.253100967998019e-07
52600.056 6.83983321560099e-07
52650.056 7.453925657701581e-07
52700.056 6.713353354500048e-07
52750.056 5.63863410289951e-07
52800.056 6.354352846500563e-07
52850.056 6.093725430499074e-07
52900.056 6.570982708000564e-07
52950.056 6.558309966799367e-07
53000.056 7.352146102499547e-07
53050.056 6.120351375398447e-07
53100.056 5.838700153798583e-07
53150.056 7.813684454600844e-07
53200.056 5.430655968400361e-07
53250.056 7.730369616100079e-07
53300.056 7.377505292803055e-07
53350.056 7.3290924530993e-07
53400.056 7.107564390400745e-07
53450.056 6.015811226400413e-07
53500.056 5.144930419598822e-07
53550.056 6.473253454898944e-07
53600.056 7.056127379001186e-07
53650.056 5.949401495700382e-07
