galfind/configs/Brown_Dwarf_templates/sonora_bobcat/m-0.5/17g/sp_t375g17nc_m-0.5_resample.dat
# %ECSV 1.0
# ---
# datatype:
# - {name: wav, unit: Angstrom, datatype: float64}
# - {name: flux_nu, unit: erg / (cm2 Hz s), datatype: float64}
# meta: {C/O: '1.00', Kzz: '1.0000E+05', Teff: '375.', Y: '0.28', '[Fe/H]': '-0.50', f_hole: '1.00', f_rain: '0.00', grav: '18.'}
# schema: astropy-2.0
wav flux_nu
[from data line 498]
28900.056 5.2701649504290723e-11
28950.056 7.604044814830684e-11
29000.056 4.724083356872209e-11
29050.056 7.611339677234616e-11
29100.056 3.8834024556907864e-11
29150.056 4.7940766986911335e-11
29200.056 1.1414932815143232e-10
29250.056 1.2386757658050962e-10
29300.056 6.320389151386642e-11
29350.056 1.6878481381501689e-10
29400.056 8.319431565628675e-11
29450.056 4.739209317041357e-11
29500.056 1.7227899203829847e-10
29550.056 5.987033567999157e-11
29600.056 7.909399009714839e-11
29650.056 2.4265068242176704e-10
29700.056 5.360425009142876e-11
29750.056 1.7628779413304662e-10
29800.056 1.2414369422643157e-10
29850.056 2.0190462696391059e-10
29900.056 9.971312688245323e-11
29950.056 1.3389025841786225e-10
30000.056 2.1630649715046315e-12
30050.056 1.3972553204421809e-11
30100.056 5.991518754550874e-11
30150.056 2.0992526774282115e-10
30200.056 1.341471132783192e-10
30250.056 2.5438192898632575e-10
30300.056 3.732413541901625e-10
30350.056 8.876180279080273e-11
30400.056 3.36693234589498e-10
30450.056 2.434627825531812e-10
30500.056 1.576695688549836e-10
30550.056 1.3133259587686967e-10
30600.056 7.7645962955398e-10
30650.056 3.4450916818741666e-10
30700.056 1.9777005209769705e-10
30750.056 4.296329090758658e-10
30800.056 3.271386795026935e-10
30850.056 3.923441664760389e-10
30900.056 1.8727206981481857e-10
30950.056 1.8618187554580587e-10
31000.056 2.247000593716177e-10
31050.056 1.4119353166158697e-10
31100.056 9.490200443741874e-11
31150.056 1.788445099967805e-10
31200.056 4.973626282074205e-10
31250.056 2.7983357664397164e-10
31300.056 1.6740009905980203e-10
31350.056 3.8645260313894135e-10
31400.056 2.613716171391829e-10
31450.056 2.644533742730996e-10
31500.056 9.614928586669723e-11
31550.056 1.6623528870252018e-10
31600.056 1.1513409186947245e-10
31650.056 1.0335760723047982e-10
31700.056 9.231293993202286e-11
31750.056 4.788780701376425e-11
31800.056 9.247927524021913e-11
31850.056 1.631449063634829e-11
31900.056 3.902329806260664e-11
31950.056 2.5497733612668432e-11
32000.056 1.726786167889639e-11
32050.056 2.980718190706655e-11
32100.056 2.5950723543638943e-11
32150.056 2.605434750391365e-11
32200.056 1.1963472916507205e-11
32250.056 3.224351859553618e-11
32300.056 9.010239738832991e-12
32350.056 3.057868843672603e-11
32400.056 4.374171440548526e-12
32450.056 2.1826864172902067e-11
32500.056 4.967148897537344e-12
32550.056 1.6235161093817754e-11
32600.056 5.397260613583887e-12
32650.056 4.854544738173697e-11
32700.056 8.59351851803321e-12
32750.056 9.986347162055358e-11
32800.056 4.773633975885605e-11
32850.056 1.9012952981219024e-10
32900.056 1.55604987685429e-10
32950.056 1.668456214004591e-10
33000.056 4.965993976718475e-11
33050.056 6.694079586250659e-11
33100.056 1.277343710866995e-11
33150.056 3.4660783138556374e-15
33200.056 3.4307423737776614e-13
33250.056 4.756255995974562e-13
33300.056 4.7903661370235065e-12
33350.056 1.537478479770027e-11
33400.056 6.286765706594327e-11
33450.056 3.556355343356244e-11
33500.056 1.3218691778066063e-10
33550.056 2.3737844162184973e-11
33600.056 7.147048491490377e-11
33650.056 6.33141223735711e-11
33700.056 2.0439788704788862e-11
33750.056 9.658021261015684e-11
33800.056 8.061455867872634e-12
33850.056 4.60902185126879e-11
33900.056 5.1713816174517713e-11
33950.056 3.947937955571071e-11
34000.056 9.750329391938591e-11
34050.056 1.4044265792242325e-11
34100.056 9.159584065123402e-11
34150.056 3.749199332840059e-11
34200.056 1.1155984734343176e-10
34250.056 5.956283677684205e-11
34300.056 6.574337906420667e-11
34350.056 1.4790575477569146e-10
34400.056 3.9908447436231864e-11
34450.056 1.3711200515700128e-10
34500.056 6.444032082503969e-11
34550.056 4.788876989646053e-11
34600.056 2.387187160964931e-10
34650.056 3.3925998100973837e-11
34700.056 1.643758119102308e-10
34750.056 1.007240062306138e-10
34800.056 9.463267255374637e-11
34850.056 2.885568174223061e-10
34900.056 6.157850357417065e-11
34950.056 2.564037675285376e-10
35000.056 4.679192687106596e-10
35050.056 2.244240391393549e-10
35100.056 5.06549163212993e-10
35150.056 3.942683776198444e-10
35200.056 3.356301504727469e-10
35250.056 6.221169414211543e-10
35300.056 2.5315929715247786e-10
35350.056 3.102573379474425e-10
35400.056 2.3449513261532924e-10
35450.056 2.1894406381047076e-10
35500.056 7.850387224105326e-10
35550.056 4.288261889415374e-10
35600.056 5.246868060248057e-10
35650.056 6.154925730476227e-10
35700.056 6.573252093596179e-10
35750.056 8.47978478391198e-10
35800.056 7.293083059482962e-10
35850.056 2.653533352227913e-10
35900.056 3.4700373644459337e-10
35950.056 4.6553115950247955e-10
36000.056 6.11999192371422e-10
36050.056 4.032423438028455e-10
36100.056 3.786244061742606e-10
36150.056 9.432186524548712e-10
36200.056 9.87797900032139e-10
36250.056 6.641904525339817e-10
36300.056 1.6325014390810945e-09
36350.056 8.461873480389415e-10
36400.056 1.4714526551649343e-09
36450.056 1.465282736668955e-09
36500.056 1.572448018605315e-09
36550.056 2.281702921854176e-09
36600.056 2.306110189134204e-09
36650.056 1.6619463083315065e-09
36700.056 1.9075926010695532e-09
36750.056 2.367166418799013e-09
36800.056 2.8211376991515953e-09
36850.056 1.3375804373171577e-09
36900.056 2.5086870980956254e-09
36950.056 2.788652188894065e-09
37000.056 1.8344960631832375e-09
37050.056 3.0852161501884572e-09
37100.056 2.0230861032585472e-09
37150.056 1.9675185667886717e-09
37200.056 3.6476456151049063e-09
37250.056 2.226197955751595e-09
37300.056 1.516386218349286e-09
37350.056 2.8301520063742534e-09
37400.056 4.3772113936485835e-09
37450.056 1.6677758886173826e-09
37500.056 2.559401000283552e-09
37550.056 4.558485477581158e-09
37600.056 7.1601018213856085e-09
37650.056 2.0959572226222e-09
37700.056 4.266591770138772e-09
37750.056 2.879117559336925e-09
37800.056 2.7688987339493376e-09
37850.056 1.3693204554308116e-09
37900.056 1.904587109278852e-09
37950.056 4.031656249191922e-09
38000.056 3.779961861377955e-09
38050.056 5.67782630567507e-09
38100.056 6.53510789785913e-09
38150.056 7.409941990588394e-09
38200.056 6.0038077057049525e-09
38250.056 6.834121523487618e-09
38300.056 1.0118848702024112e-08
38350.056 9.486991188990563e-09
38400.056 3.6677291919056265e-09
38450.056 1.6314118109045403e-09
38500.056 1.0435534129898458e-09
38550.056 3.9944460109109324e-09
38600.056 4.116874055977479e-09
38650.056 4.9764833836875455e-09
38700.056 3.2874914925702173e-09
38750.056 4.153087168985327e-09
38800.056 4.3529595549701475e-09
38850.056 5.061489414469844e-09
38900.056 6.435086396133438e-09
38950.056 3.83291449556444e-09
39000.056 7.028369561410459e-09
39050.056 3.704099180189681e-09
39100.056 5.944220330994057e-09
39150.056 8.166001651618193e-09
39200.056 5.484223080953789e-09
39250.056 9.543921268252528e-09
39300.056 5.714685383811357e-09
39350.056 1.1414342901909377e-08
39400.056 5.9373826945407544e-09
39450.056 9.032506703252847e-09
39500.056 9.01372017523249e-09
39550.056 4.338067675134165e-09
39600.056 8.989992103730383e-09
39650.056 1.062108036600791e-08
39700.056 1.0535909988853793e-08
39750.056 5.372123874154769e-09
39800.056 6.065687149850964e-09
39850.056 1.2850959488002413e-08
39900.056 1.5313683638930765e-08
39950.056 6.248415353269721e-09
40000.056 1.1646455303806172e-08
40050.056 1.2947914588219162e-08
40100.056 4.8965771384132634e-09
40150.056 1.2004426825250727e-08
40200.056 1.2560895087678912e-08
40250.056 1.4279922373788284e-08
40300.056 1.394901295149868e-08
40350.056 8.793707011528344e-09
40400.056 1.2426446149681612e-08
40450.056 6.429552819307052e-09
40500.056 1.56842911065611e-08
40550.056 1.737237762081644e-08
40600.056 1.2550645633600545e-08
40650.056 9.836061683024587e-09
40700.056 1.9796440599151394e-08
40750.056 1.2922238881715806e-08
40800.056 8.264344321238293e-09
40850.056 2.3925863690106397e-08
40900.056 1.926344126785817e-08
40950.056 1.7474082301812994e-08
41000.056 1.3144070006936481e-08
41050.056 2.487266787701195e-08
41100.056 2.0462690590000283e-08
41150.056 8.293590456122962e-09
41200.056 2.513133141016362e-08
41250.056 1.8618869240524036e-08
41300.056 1.968848162487193e-08
41350.056 2.5725808253196243e-08
41400.056 2.168896524299982e-08
41450.056 3.064203327479288e-08
41500.056 1.964136813279369e-08
41550.056 1.7840568251571825e-08
41600.056 1.8377211669017023e-08
41650.056 2.519248565118243e-08
41700.056 3.23150871992898e-08
41750.056 2.475917792709492e-08
41800.056 2.4679081907906414e-08
41850.056 2.5138300199084062e-08
41900.056 2.180800851891009e-08
41950.056 2.1011681624850786e-08
42000.056 1.2005973246860564e-08
42050.056 1.6206248016372468e-08
42100.056 1.651694920311714e-08
42150.056 1.943287403425995e-08
42200.056 2.2543150761099744e-08
42250.056 1.7780866500673634e-08
42300.056 1.7159549187820965e-08
42350.056 2.679882222210096e-08
42400.056 3.1504804059204e-08
42450.056 3.0274708328708735e-08
42500.056 3.020858348179456e-08
42550.056 2.5836725045792712e-08
42600.056 2.6743414326212194e-08
42650.056 4.074249189638601e-08
42700.056 2.055157405429573e-08
42750.056 3.063210987220527e-08
42800.056 4.447334278280662e-08
42850.056 4.406474124698743e-08
42900.056 4.534820091370892e-08
42950.056 3.744444717699559e-08
43000.056 4.2204769266006464e-08
43050.056 2.270129591268256e-08
43100.056 3.494518877669639e-08
43150.056 2.807520685370426e-08
43200.056 4.488983916000378e-08
43250.056 5.395827564400169e-08
43300.056 5.251526202199834e-08
43350.056 3.0574028378590444e-08
43400.056 4.3523778340701925e-08
43450.056 2.7881938759001486e-08
43500.056 2.7651909310806844e-08
43550.056 3.080213503232485e-08
43600.056 4.981213492680722e-08
43650.056 3.285875977570034e-08
43700.056 5.606256568401453e-08
43750.056 5.113578199399476e-08
43800.056 4.646431552039498e-08
43850.056 4.1454237977102984e-08
43900.056 3.331312543400458e-08
43950.056 2.1308783921197646e-08
44000.056 2.2657611404298327e-08
44050.056 5.5021998016999694e-08
44100.056 6.638301528599862e-08
44150.056 5.972094420780097e-08
44200.056 5.6381916987501e-08
44250.056 3.153067889519717e-08
44300.056 2.630270369440432e-08
44350.056 2.8315645461198342e-08
44400.056 2.578204592829663e-08
44450.056 4.6213727938201434e-08
44500.056 4.317246295110725e-08
44550.056 5.932452147299664e-08
44600.056 5.073431663179837e-08
44650.056 4.476844775470584e-08
44700.056 3.08179667871981e-08
44750.056 5.032416887741115e-08
44800.056 3.2949506412602674e-08
44850.056 4.300595005540271e-08
44900.056 4.035669628160278e-08
44950.056 4.77873254515053e-08
45000.056 5.631751717200311e-08
45050.056 4.9344812543992864e-08
45100.056 4.39424651610996e-08
45150.056 3.9408303080121904e-08
45200.056 3.151681899780252e-08
45250.056 3.759690245608932e-08
45300.056 3.467852167980529e-08
45350.056 2.6577902154407585e-08
45400.056 6.945836349000797e-08
45450.056 5.5136175192405385e-08
45500.056 6.690257350280414e-08
45550.056 6.830090974497945e-08
45600.056 6.009270517301166e-08
45650.056 5.0039747961000614e-08
45700.056 3.369250960433687e-08
45750.056 3.262665089140191e-08
45800.056 7.116968876080315e-08
45850.056 5.48564806351987e-08
45900.056 7.066369036099484e-08
45950.056 6.446588259499946e-08
46000.056 6.640422779500734e-08
46050.056 4.9943393071002585e-08
46100.056 8.06963686199945e-08
46150.056 4.975293104400213e-08
46200.056 4.2337071887593474e-08
46250.056 1.8106279097324886e-08
46300.056 4.9302991081199796e-08
46350.056 5.1563627621608146e-08
46400.056 4.697746678120075e-08
46450.056 4.50052761497621e-08
46500.056 5.008486934251116e-08
46550.056 2.670450272670134e-08
46600.056 3.965025947091436e-08
46650.056 5.90856231351043e-08
46700.056 4.064808414688964e-08
46750.056 2.0471581512003787e-08
46800.056 1.3299945639396263e-08
46850.056 5.685600612630822e-08
46900.056 5.864290808709834e-08
46950.056 5.8741869605996096e-08
47000.056 5.696311272870814e-08
47050.056 4.0875665678839875e-08
47100.056 3.0044701182634494e-08
47150.056 4.737520664580594e-08
47200.056 5.250620856119584e-08
47250.056 2.9273602170096835e-08
47300.056 1.9314524438415527e-08
47350.056 5.999983227700262e-08
47400.056 5.333495523399407e-08
47450.056 4.1767541543485704e-08
47500.056 6.237831008091571e-08
47550.056 5.452971860540272e-08
47600.056 4.9259069195945935e-08
47650.056 5.366998442373338e-08
47700.056 4.1647338200271846e-08
47750.056 3.1521565246001105e-08
47800.056 2.612089721020398e-08
47850.056 1.2327759542552545e-08
47900.056 2.033478100033846e-08
47950.056 4.660192815040199e-08
48000.056 6.223234628300272e-08
48050.056 5.132422575700071e-08
48100.056 2.2670525136582947e-08
48150.056 4.2543147524601084e-08
48200.056 2.7326414696338985e-08
48250.056 3.493480004799852e-08
48300.056 6.068150783999507e-08
48350.056 3.684607497609604e-08
48400.056 9.122263779156515e-09
48450.056 1.905079206142273e-08
48500.056 3.2616200018991944e-08
48550.056 3.50291792277635e-08
48600.056 4.798708570699804e-08
48650.056 6.03042862319947e-08
48700.056 4.032371737820713e-08
48750.056 2.991193136991035e-08
48800.056 5.30619292490017e-08
48850.056 2.8780628101875086e-08
48900.056 3.5494625927743935e-08
48950.056 1.9606377536000045e-08
49000.056 1.0200495928430866e-08
49050.056 3.419824515599515e-08
49100.056 4.430820468433805e-08
49150.056 3.366010522671427e-08
49200.056 5.317372243100871e-08
49250.056 5.3724604504002794e-08
49300.056 4.5826856857399914e-08
49350.056 1.755385188260704e-08
49400.056 2.6737915515032266e-08
49450.056 2.5119678761546338e-08
49500.056 1.9317377782087356e-08
49550.056 3.8183134278071144e-09
49600.056 1.1544512120299376e-08
49650.056 3.0132610172401986e-08
49700.056 3.329367343138817e-08
49750.056 3.083119239678026e-08
49800.056 1.9533059827145976e-08
49850.056 4.2903700182006994e-08
49900.056 3.610613661139715e-08
49950.056 3.685775139730079e-08
50000.056 2.602341658292184e-08
50050.056 3.25082739493014e-08
50100.056 2.5977796149197896e-08
50150.056 1.168999862247751e-08
50200.056 1.7916520934778585e-09
50250.056 1.2692525322099666e-08
50300.056 8.026242574896445e-09
50350.056 3.017727725840516e-08
50400.056 3.249392079199495e-08
50450.056 2.553423306448274e-08
50500.056 3.9230773602801856e-08
50550.056 3.3586418707002904e-08
50600.056 2.4838492813043595e-08
50650.056 4.165727422000578e-08
50700.056 3.954833104499469e-08
50750.056 2.501403971640207e-08
50800.056 7.938104886614401e-09
50850.056 3.870156924453972e-09
50900.056 2.642884245100182e-08
50950.056 2.445889813999757e-08
51000.056 1.871973351272771e-08
51050.056 3.018557044789555e-08
51100.056 1.0815816527950904e-08
51150.056 1.1499881262367386e-08
51200.056 3.637267289899935e-08
51250.056 2.650847932826565e-08
51300.056 1.801610232413711e-08
51350.056 1.589871115973768e-08
51400.056 4.673980725426902e-09
51450.056 3.766600211641887e-09
51500.056 3.7109669995722032e-09
51550.056 1.5780475777843057e-08
51600.056 1.416525605768402e-08
51650.056 1.949876604419902e-08
51700.056 1.9823559899436322e-08
51750.056 1.2567572238427833e-08
51800.056 2.4229984053996614e-08
51850.056 1.952602500919852e-08
51900.056 2.281329626419864e-08
51950.056 1.2210611120898737e-08
52000.056 1.0377156920475752e-09
52050.056 6.3677221625308775e-09
52100.056 3.388199785699371e-09
52150.056 1.7843977625600534e-09
52200.056 6.900763532319869e-09
52250.056 1.1221437912953039e-08
52300.056 1.4134428029199155e-08
52350.056 4.092357417016597e-09
52400.056 4.521783415896011e-09
52450.056 1.8590791834601167e-08
52500.056 1.3191184168840301e-08
52550.056 1.6938063319998955e-08
52600.056 1.2891393716459598e-08
52650.056 1.5596293629701227e-08
52700.056 1.0888081620669213e-08
52750.056 3.5247976619816844e-09
52800.056 7.3326064962412595e-09
52850.056 8.566240574327675e-09
52900.056 3.078543929317314e-09
52950.056 5.62952626071882e-09
53000.056 1.0694798252902218e-08
53050.056 3.793128287510774e-09
53100.056 1.3928345003698794e-08
53150.056 1.4034766254820936e-08
53200.056 6.6962803509997115e-09
53250.056 1.2562454038110632e-08
53300.056 1.554548186351211e-08
53350.056 1.1713458888800967e-08
53400.056 7.291750361897884e-09
53450.056 2.2710327408591155e-09
53500.056 3.0195135248737986e-10
53550.056 9.427221985142293e-10
