galfind/configs/Brown_Dwarf_templates/sonora_bobcat/m-0.5/17g/sp_t1400g17nc_m-0.5_resample.dat
# %ECSV 1.0
# ---
# datatype:
# - {name: wav, unit: Angstrom, datatype: float64}
# - {name: flux_nu, unit: erg / (cm2 Hz s), datatype: float64}
# meta: {C/O: '1.00', Kzz: '1.0000E+05', Teff: '1400.', Y: '0.28', '[Fe/H]': '-0.50', f_hole: '1.00', f_rain: '0.00', grav: '18.'}
# schema: astropy-2.0
wav flux_nu
[from data line 500]
29000.056 5.246653175448674e-07
29050.056 5.477339669379102e-07
29100.056 4.475523740580766e-07
29150.056 5.937725252791506e-07
29200.056 5.146035489781173e-07
29250.056 6.129097601670028e-07
29300.056 4.797789841837433e-07
29350.056 7.13841280173835e-07
29400.056 5.501113947108816e-07
29450.056 5.802617294059787e-07
29500.056 5.971258801919042e-07
29550.056 5.756486271090164e-07
29600.056 6.278561925768664e-07
29650.056 6.003006202909318e-07
29700.056 5.256345058038505e-07
29750.056 6.601754671903237e-07
29800.056 6.72287117341953e-07
29850.056 6.489769279889109e-07
29900.056 5.941299723552011e-07
29950.056 6.809625030998854e-07
30000.056 6.702546421328827e-07
30050.056 6.269265924399384e-07
30100.056 5.372199457618273e-07
30150.056 7.537919021299493e-07
30200.056 6.472470792900271e-07
30250.056 6.938253106601923e-07
30300.056 6.449031821899492e-07
30350.056 5.99004111800057e-07
30400.056 7.009227518200626e-07
30450.056 5.710933379420722e-07
30500.056 4.953629049100741e-07
30550.056 5.803721429801036e-07
30600.056 5.8848472818004e-07
30650.056 5.539273079999243e-07
30700.056 5.257046043499941e-07
30750.056 4.963175377399855e-07
30800.056 4.914062292340904e-07
30850.056 4.292919400629087e-07
30900.056 4.48806201779934e-07
30950.056 4.0348142256207405e-07
31000.056 3.8536645848698744e-07
31050.056 3.9975157531000544e-07
31100.056 3.4620773565197356e-07
31150.056 3.727192957559705e-07
31200.056 3.9009222472001235e-07
31250.056 3.376885112049692e-07
31300.056 3.339090892279668e-07
31350.056 3.1162727862400024e-07
31400.056 2.9089471998704e-07
31450.056 2.889029818779719e-07
31500.056 2.804717029399521e-07
31550.056 2.8344102440800387e-07
31600.056 2.589484667449798e-07
31650.056 2.520939744149957e-07
31700.056 2.529186802599724e-07
31750.056 2.3398342254606772e-07
31800.056 2.645640127339635e-07
31850.056 2.420548379250289e-07
31900.056 2.707372385999977e-07
31950.056 2.1886822448902464e-07
32000.056 2.4713504710496587e-07
32050.056 2.6116821010101537e-07
32100.056 2.6158129764402513e-07
32150.056 2.715537210659723e-07
32200.056 2.4865956229799085e-07
32250.056 2.939924986380264e-07
32300.056 2.5363117283099453e-07
32350.056 3.083510877059792e-07
32400.056 2.5064939370999366e-07
32450.056 3.061959740299029e-07
32500.056 3.090748824280474e-07
32550.056 3.099460981319945e-07
32600.056 3.1556284449799316e-07
32650.056 3.719817227699891e-07
32700.056 3.5371694881004356e-07
32750.056 3.7023994665000676e-07
32800.056 3.6103101598402044e-07
32850.056 3.774337905199318e-07
32900.056 4.117488227999787e-07
32950.056 3.908313175699673e-07
33000.056 3.703492026789307e-07
33050.056 3.355785915700578e-07
33100.056 2.8162040997998277e-07
33150.056 2.1154017445300264e-07
33200.056 1.6341003235096502e-07
33250.056 1.3223346209096525e-07
33300.056 1.248346185780149e-07
33350.056 1.4116050696400037e-07
33400.056 1.5542349752997923e-07
33450.056 1.7481778964899664e-07
33500.056 2.0909399498003156e-07
33550.056 2.271341929620383e-07
33600.056 2.6508703769999554e-07
33650.056 2.923823700500128e-07
33700.056 2.892778903249735e-07
33750.056 3.4716517783000216e-07
33800.056 3.48238661966971e-07
33850.056 3.769472285699647e-07
33900.056 3.5341831299998085e-07
33950.056 3.3956457865998233e-07
34000.056 3.7290653473999477e-07
34050.056 3.3054512042493693e-07
34100.056 3.86178905749953e-07
34150.056 3.589244491199611e-07
34200.056 3.1342049818991666e-07
34250.056 3.58275141399896e-07
34300.056 3.1935416356982836e-07
34350.056 2.8999851618998885e-07
34400.056 2.9408399346000827e-07
34450.056 3.354252748799747e-07
34500.056 3.3041516094999614e-07
34550.056 3.171711839999904e-07
34600.056 3.631326784400062e-07
34650.056 3.508697921199575e-07
34700.056 3.377199734999577e-07
34750.056 3.662482527399973e-07
34800.056 3.522823516199262e-07
34850.056 3.290975584700148e-07
34900.056 3.856766829099747e-07
34950.056 3.5193056340993746e-07
35000.056 4.2063757233503617e-07
35050.056 3.583278877099385e-07
35100.056 3.776219253199809e-07
35150.056 3.9757728820998826e-07
35200.056 4.032025103500354e-07
35250.056 4.274898915399516e-07
35300.056 4.0642631399005217e-07
35350.056 3.865726649899266e-07
35400.056 4.0695385709008036e-07
35450.056 3.3568010001013913e-07
35500.056 4.458625635300386e-07
35550.056 4.487446917999523e-07
35600.056 4.1091695299007197e-07
35650.056 4.6641249802999996e-07
35700.056 4.1856971574000466e-07
35750.056 4.574216523498888e-07
35800.056 5.635253118700334e-07
35850.056 4.603691276299585e-07
35900.056 5.555170462699413e-07
35950.056 5.295056066400173e-07
36000.056 5.334455099200257e-07
36050.056 5.589239602599877e-07
36100.056 5.803166668996556e-07
36150.056 5.740266878600349e-07
36200.056 6.40749047769944e-07
36250.056 6.08435560619902e-07
36300.056 6.720656574400673e-07
36350.056 6.490946485299263e-07
36400.056 6.474950648400112e-07
36450.056 7.283870614200046e-07
36500.056 7.165109644599532e-07
36550.056 7.566407284302368e-07
36600.056 7.894645710100447e-07
36650.056 8.079446674698383e-07
36700.056 8.706463709599585e-07
36750.056 8.722418081101706e-07
36800.056 9.087302473099498e-07
36850.056 9.243833456799575e-07
36900.056 9.148357961000839e-07
36950.056 1.0209138725799111e-06
37000.056 1.0353784433899578e-06
37050.056 1.0174568953499527e-06
37100.056 1.0916536230201288e-06
37150.056 1.0480600031499933e-06
37200.056 1.1191402633700433e-06
37250.056 1.1522378974199357e-06
37300.056 1.0899983463898758e-06
37350.056 1.066446380210222e-06
37400.056 1.2416592512098958e-06
37450.056 1.1737478080601555e-06
37500.056 1.1928832359198472e-06
37550.056 1.2700699470399997e-06
37600.056 1.3435943393199432e-06
37650.056 1.238592869369983e-06
37700.056 1.3755905458000983e-06
37750.056 1.3195478377300025e-06
37800.056 1.3791244672002729e-06
37850.056 1.2831319890199526e-06
37900.056 1.3370310463002353e-06
37950.056 1.3341774119599289e-06
38000.056 1.448348950420107e-06
38050.056 1.4455595234900954e-06
38100.056 1.3614884320201939e-06
38150.056 1.5619354024199125e-06
38200.056 1.5914404990000135e-06
38250.056 1.4353768700701915e-06
38300.056 1.5138642789499447e-06
38350.056 1.5944302105999387e-06
38400.056 1.509408418609782e-06
38450.056 1.6392913443000492e-06
38500.056 1.5227733362001324e-06
38550.056 1.6305754046900714e-06
38600.056 1.7411019435798581e-06
38650.056 1.5882246272700129e-06
38700.056 1.65846145182021e-06
38750.056 1.6893750114100306e-06
38800.056 1.6495465443399062e-06
38850.056 1.6108007537800648e-06
38900.056 1.6329161626499619e-06
38950.056 1.7438925081999318e-06
39000.056 1.6898509790000382e-06
39050.056 1.7398209415598525e-06
39100.056 1.618305332720195e-06
39150.056 1.7012465675000403e-06
39200.056 1.7888146920800345e-06
39250.056 1.7785102717996509e-06
39300.056 1.7146906611196294e-06
39350.056 1.7756440039001758e-06
39400.056 1.7661103611000726e-06
39450.056 1.752672741599903e-06
39500.056 1.6824115823699324e-06
39550.056 1.711751419889903e-06
39600.056 1.8355889275997906e-06
39650.056 1.6968495687999686e-06
39700.056 1.7436386896999296e-06
39750.056 1.6878316296199218e-06
39800.056 1.6701328721999611e-06
39850.056 1.7292050153999008e-06
39900.056 1.705048352490123e-06
39950.056 1.766891577099812e-06
40000.056 1.6509827345700256e-06
40050.056 1.6164039089800515e-06
40100.056 1.685708619239942e-06
40150.056 1.6085036988797394e-06
40200.056 1.6358539304597896e-06
40250.056 1.5746472679096278e-06
40300.056 1.5339029580901444e-06
40350.056 1.6666110528001625e-06
40400.056 1.6204819595601182e-06
40450.056 1.5905401873002245e-06
40500.056 1.4761345339501636e-06
40550.056 1.666823765599927e-06
40600.056 1.4802972775102143e-06
40650.056 1.5177269364299308e-06
40700.056 1.6312832025000277e-06
40750.056 1.4797536955394857e-06
40800.056 1.4009962998600927e-06
40850.056 1.4480456069803127e-06
40900.056 1.4048208915000675e-06
40950.056 1.4845084543599931e-06
41000.056 1.4758854857399522e-06
41050.056 1.486361246809852e-06
41100.056 1.4099233620000064e-06
41150.056 1.4138948894700028e-06
41200.056 1.4288433528200358e-06
41250.056 1.4187527943600724e-06
41300.056 1.2701394281897381e-06
41350.056 1.4928616335800399e-06
41400.056 1.389578981040146e-06
41450.056 1.3994157281902224e-06
41500.056 1.3900095928000335e-06
41550.056 1.391122821179982e-06
41600.056 1.4608308533100376e-06
41650.056 1.3520285699802464e-06
41700.056 1.2940327545498203e-06
41750.056 1.335485025759924e-06
41800.056 1.396543647129766e-06
41850.056 1.161549686110211e-06
41900.056 1.3852211628098766e-06
41950.056 1.2790118648503237e-06
42000.056 1.298325959090153e-06
42050.056 1.1620908392996826e-06
42100.056 1.401266011570186e-06
42150.056 1.0586635940397036e-06
42200.056 1.144122543470041e-06
42250.056 1.2209031384399694e-06
42300.056 1.0664090040500488e-06
42350.056 1.2925837395302446e-06
42400.056 1.1054375804602614e-06
42450.056 9.849470630400687e-07
42500.056 1.0469275801101827e-06
42550.056 1.0769147787699428e-06
42600.056 1.0459959414502973e-06
42650.056 1.0108075845795149e-06
42700.056 1.0977541685302978e-06
42750.056 1.0157949415999929e-06
42800.056 9.976985578802656e-07
42850.056 1.1127159873797353e-06
42900.056 1.0562208136600826e-06
42950.056 9.59086275099595e-07
43000.056 9.930711552100133e-07
43050.056 8.855702862904289e-07
43100.056 9.59455786210061e-07
43150.056 9.636627614001486e-07
43200.056 9.657098828801032e-07
43250.056 9.571759938898993e-07
43300.056 1.0150818265200325e-06
43350.056 8.867710945199357e-07
43400.056 9.22642766769928e-07
43450.056 9.243515610202009e-07
43500.056 9.138385920698956e-07
43550.056 9.561877231800626e-07
43600.056 1.0100103783400422e-06
43650.056 8.880267611600439e-07
43700.056 8.759503727498739e-07
43750.056 9.149300085401598e-07
43800.056 8.611895873200385e-07
43850.056 8.684401895701853e-07
43900.056 9.017492527899122e-07
43950.056 8.175356284800365e-07
44000.056 7.855382513500473e-07
44050.056 7.960962515600597e-07
44100.056 8.486003602900936e-07
44150.056 8.601477663898733e-07
44200.056 8.13795430220029e-07
44250.056 7.890408737600126e-07
44300.056 7.650086699900806e-07
44350.056 7.577770478200595e-07
44400.056 7.924477183499682e-07
44450.056 7.931253909700021e-07
44500.056 8.054864733101101e-07
44550.056 7.503386910598581e-07
44600.056 7.388567533900853e-07
44650.056 7.899276506000615e-07
44700.056 7.164780237100608e-07
44750.056 7.654071852299229e-07
44800.056 7.624983208399649e-07
44850.056 7.480896122800697e-07
44900.056 6.975935874500666e-07
44950.056 6.833875952400336e-07
45000.056 7.281814384199461e-07
45050.056 7.339755570399522e-07
45100.056 7.524457441399771e-07
45150.056 7.014923973299864e-07
45200.056 6.564995980900171e-07
45250.056 6.738333242299278e-07
45300.056 7.096798605100282e-07
45350.056 7.334944675299514e-07
45400.056 7.068296653400692e-07
45450.056 6.52969579309902e-07
45500.056 6.741233306599785e-07
45550.056 7.293594421799473e-07
45600.056 6.807447729899923e-07
45650.056 6.250094468398878e-07
45700.056 7.317693309300574e-07
45750.056 6.58195533120006e-07
45800.056 6.581381965999745e-07
45850.056 7.64798826699963e-07
45900.056 7.581537271300349e-07
45950.056 6.605930793300041e-07
46000.056 7.664132920500274e-07
46050.056 7.513088827701058e-07
46100.056 6.47166506030062e-07
46150.056 7.10989533969974e-07
46200.056 7.422238921701369e-07
46250.056 6.326489917699865e-07
46300.056 7.907146629099853e-07
46350.056 6.814116906399376e-07
46400.056 6.991225514299346e-07
46450.056 7.30449384400087e-07
46500.056 6.608534893599579e-07
46550.056 8.069128514799764e-07
46600.056 7.474906555500322e-07
46650.056 9.373112841998542e-07
46700.056 8.62888478630275e-07
46750.056 6.960804806799394e-07
46800.056 7.638788493701002e-07
46850.056 8.256573588900929e-07
46900.056 7.774750338498711e-07
46950.056 8.553904721700287e-07
47000.056 7.290461309999949e-07
47050.056 8.648025176698557e-07
47100.056 6.780034863900704e-07
47150.056 7.394423809500728e-07
47200.056 7.992878236601415e-07
47250.056 7.110713616199464e-07
47300.056 7.291257960698462e-07
47350.056 6.646408873198872e-07
47400.056 8.042364002398762e-07
47450.056 6.987200517099681e-07
47500.056 7.97796086679898e-07
47550.056 7.094909510699427e-07
47600.056 7.947020974299515e-07
47650.056 6.032879171698701e-07
47700.056 8.187958468000615e-07
47750.056 5.819332847101152e-07
47800.056 8.066796573599156e-07
47850.056 6.303172936298938e-07
47900.056 7.902308548700328e-07
47950.056 6.135192115200856e-07
48000.056 8.81291692960015e-07
48050.056 6.883290549300895e-07
48100.056 7.54930151479994e-07
48150.056 6.938416044800932e-07
48200.056 8.055189182200914e-07
48250.056 6.792226503900093e-07
48300.056 8.653997156898259e-07
48350.056 6.2071300232997e-07
48400.056 7.777088750899932e-07
48450.056 6.662645907400339e-07
48500.056 8.884595772900271e-07
48550.056 6.366223450500133e-07
48600.056 8.120169568399422e-07
48650.056 6.6430459225997e-07
48700.056 7.986436550300438e-07
48750.056 5.977457594200597e-07
48800.056 9.016077443900308e-07
48850.056 6.443609913298787e-07
48900.056 8.34978876910072e-07
48950.056 7.62290376180029e-07
49000.056 7.175221698098874e-07
49050.056 7.958264749099981e-07
49100.056 7.238127786200578e-07
49150.056 7.746048757099833e-07
49200.056 7.339220687599792e-07
49250.056 7.760086085600267e-07
49300.056 6.738775818899566e-07
49350.056 7.162773397600016e-07
49400.056 8.287679249000481e-07
49450.056 7.246713696801654e-07
49500.056 7.536280816700135e-07
49550.056 6.587469104000045e-07
49600.056 7.299597331701576e-07
49650.056 7.592488412100188e-07
49700.056 6.621475780599235e-07
49750.056 9.34305108389863e-07
49800.056 7.260005574200356e-07
49850.056 9.193104817200744e-07
49900.056 7.301836452300428e-07
49950.056 7.908821813098421e-07
50000.056 7.70872132919853e-07
50050.056 7.822057171100475e-07
50100.056 8.196904735199583e-07
50150.056 6.905537248800257e-07
50200.056 6.461642647500511e-07
50250.056 7.823734251300077e-07
50300.056 7.341341861199627e-07
50350.056 8.620896317000027e-07
50400.056 7.498260366999787e-07
50450.056 7.35633561220125e-07
50500.056 9.039300233201322e-07
50550.056 7.663625286799817e-07
50600.056 8.207258053599992e-07
50650.056 7.971650193901517e-07
50700.056 8.631684117497933e-07
50750.056 8.889476345801173e-07
50800.056 6.659317496399163e-07
50850.056 7.725464430401437e-07
50900.056 8.524048693399758e-07
50950.056 8.276336079701715e-07
51000.056 9.559321983200933e-07
51050.056 7.317785695800807e-07
51100.056 7.089866490999357e-07
51150.056 8.260843704099317e-07
51200.056 8.279895642699714e-07
51250.056 8.468037334399444e-07
51300.056 7.282018780702516e-07
51350.056 7.875440589298761e-07
51400.056 7.151704590898646e-07
51450.056 5.753624110498802e-07
51500.056 7.436659525200425e-07
51550.056 9.66985989720094e-07
51600.056 6.875164976600667e-07
51650.056 7.873024071799002e-07
51700.056 7.476594959898027e-07
51750.056 7.055766243200584e-07
51800.056 8.44740868669791e-07
51850.056 8.414225252499253e-07
51900.056 9.018061593901679e-07
51950.056 8.235250473399365e-07
52000.056 6.830260448399725e-07
52050.056 7.990829699999659e-07
52100.056 7.298886930698766e-07
52150.056 7.445795194000382e-07
52200.056 6.957811100800007e-07
52250.056 7.557371967500163e-07
52300.056 8.519643584099837e-07
52350.056 8.90965455460081e-07
52400.056 6.554306011801031e-07
52450.056 7.826910867399958e-07
52500.056 8.538827360498531e-07
52550.056 8.229335697597681e-07
52600.056 7.988996729601125e-07
52650.056 8.816856097501618e-07
52700.056 7.755373077500079e-07
52750.056 6.525792730199358e-07
52800.056 7.332819675200665e-07
52850.056 6.999940840199025e-07
52900.056 7.650616320500557e-07
52950.056 7.611594137199172e-07
53000.056 8.561810442199406e-07
53050.056 7.240217568098383e-07
53100.056 6.852243643098314e-07
53150.056 9.025559718201161e-07
53200.056 6.321635311000597e-07
53250.056 8.937228374599925e-07
53300.056 8.599024335103535e-07
53350.056 8.51446005029914e-07
53400.056 8.142658485600804e-07
53450.056 7.059384888400412e-07
53500.056 6.059182360098756e-07
53550.056 7.58676517649898e-07
53600.056 8.265738251301406e-07
53650.056 6.860897493200687e-07
53700.056 7.128141613601522e-07
53750.056 7.577406254000306e-07
