galfind/configs/Brown_Dwarf_templates/sonora_bobcat/m-0.5/17g/sp_t2300g17nc_m-0.5_resample.dat
# %ECSV 1.0
# ---
# datatype:
# - {name: wav, unit: Angstrom, datatype: float64}
# - {name: flux_nu, unit: erg / (cm2 Hz s), datatype: float64}
# meta: {C/O: '1.00', Kzz: '1.0000E+05', Teff: '2300.', Y: '0.28', '[Fe/H]': '-0.50', f_hole: '1.00', f_rain: '0.00', grav: '18.'}
# schema: astropy-2.0
wav flux_nu
[from data line 501]
29050.056 3.297752643469968e-06
29100.056 2.9301440188900685e-06
29150.056 3.4257183778001515e-06
29200.056 3.217378192080218e-06
29250.056 3.414575968699972e-06
29300.056 3.1182645556885058e-06
29350.056 3.6596136676995046e-06
29400.056 3.238018579769873e-06
29450.056 3.164839033539819e-06
29500.056 3.380960945909668e-06
29550.056 3.2675280997903533e-06
29600.056 3.3939250217600713e-06
29650.056 3.382069817200044e-06
29700.056 3.065416951589793e-06
29750.056 3.63390937272109e-06
29800.056 3.5223016233098364e-06
29850.056 3.4404993852995554e-06
29900.056 3.1588433149307756e-06
29950.056 3.636974951659424e-06
30000.056 3.5893073557487926e-06
30050.056 3.4252157902999997e-06
30100.056 2.8608144076293637e-06
30150.056 4.00095881689971e-06
30200.056 3.7040676938002774e-06
30250.056 3.4843912909006578e-06
30300.056 3.5739154097998702e-06
30350.056 3.4584810566806586e-06
30400.056 3.893306246100485e-06
30450.056 3.249442392030412e-06
30500.056 3.2250231577404754e-06
30550.056 4.037409054800694e-06
30600.056 3.8377678606003115e-06
30650.056 3.7948587173002117e-06
30700.056 3.574966264200002e-06
30750.056 3.485785609300148e-06
30800.056 4.019523424701099e-06
30850.056 3.5882687262000114e-06
30900.056 3.6182480358997288e-06
30950.056 3.494223797170328e-06
31000.056 3.933393679499899e-06
31050.056 3.456776751200109e-06
31100.056 3.81706618240003e-06
31150.056 3.827196825599736e-06
31200.056 3.949125348899606e-06
31250.056 4.11144415360074e-06
31300.056 3.745041604799741e-06
31350.056 3.70351542164e-06
31400.056 3.884436928800531e-06
31450.056 3.870755721900255e-06
31500.056 3.969495510800572e-06
31550.056 3.6666081169999596e-06
31600.056 3.835784042599872e-06
31650.056 3.976088753099895e-06
31700.056 4.096762088999978e-06
31750.056 3.642441460600131e-06
31800.056 4.038680164000315e-06
31850.056 4.366570001999846e-06
31900.056 4.2516370443996905e-06
31950.056 3.6524488286996484e-06
32000.056 3.842205540900704e-06
32050.056 4.2849474991004605e-06
32100.056 4.325238172399641e-06
32150.056 4.275972164700116e-06
32200.056 4.121781890099904e-06
32250.056 3.949855726800143e-06
32300.056 4.223731524900117e-06
32350.056 4.4491235325005276e-06
32400.056 4.084672250799978e-06
32450.056 3.972556621000314e-06
32500.056 4.278923835500204e-06
32550.056 4.601163067500144e-06
32600.056 4.477236381199743e-06
32650.056 4.40379362000107e-06
32700.056 4.2122056268000946e-06
32750.056 4.400644526899998e-06
32800.056 4.106562308900571e-06
32850.056 4.685022790599754e-06
32900.056 4.51955833160014e-06
32950.056 4.069574807599896e-06
33000.056 4.367800566400235e-06
33050.056 4.420955837099573e-06
33100.056 4.534054087899027e-06
33150.056 4.509081321400325e-06
33200.056 4.266292838200612e-06
33250.056 4.48899683030023e-06
33300.056 4.83051356840032e-06
33350.056 4.534671093700342e-06
33400.056 4.288559599799652e-06
33450.056 4.634658265198744e-06
33500.056 4.55771822480022e-06
33550.056 4.531018111499292e-06
33600.056 4.573904411800566e-06
33650.056 4.6569442536008e-06
33700.056 4.804102447999358e-06
33750.056 4.777547064800206e-06
33800.056 4.7208369547999275e-06
33850.056 4.561430925499985e-06
33900.056 4.993752246199519e-06
33950.056 4.538965006099513e-06
34000.056 4.5966060620991515e-06
34050.056 4.718024700800131e-06
34100.056 4.955493451400479e-06
34150.056 4.855905378799534e-06
34200.056 4.630086439799439e-06
34250.056 5.046641977299327e-06
34300.056 4.749944309399453e-06
34350.056 4.9438569986993946e-06
34400.056 4.645933443799504e-06
34450.056 4.6585481437000535e-06
34500.056 4.7771363615008875e-06
34550.056 4.701622751599793e-06
34600.056 4.830978185999931e-06
34650.056 4.850783912699847e-06
34700.056 4.661136973899539e-06
34750.056 4.97083437600028e-06
34800.056 5.078224113899636e-06
34850.056 4.690373758100026e-06
34900.056 4.981234873600422e-06
34950.056 4.852395536199136e-06
35000.056 4.760705030199538e-06
35050.056 5.113612025800574e-06
35100.056 5.039753356299145e-06
35150.056 4.8967008348995646e-06
35200.056 5.0256598535996925e-06
35250.056 4.581487226200415e-06
35300.056 4.967216097900471e-06
35350.056 5.159562014699648e-06
35400.056 4.929440096799867e-06
35450.056 4.808039337000217e-06
35500.056 5.05742916830005e-06
35550.056 4.915096218899946e-06
35600.056 4.854618529799168e-06
35650.056 5.191430680700518e-06
35700.056 4.842896806900337e-06
35750.056 4.88393904259971e-06
35800.056 5.059430600999685e-06
35850.056 5.164452042199685e-06
35900.056 5.220421814699547e-06
35950.056 5.112688783599475e-06
36000.056 4.74695502529951e-06
36050.056 5.216978559700192e-06
36100.056 5.392774757200053e-06
36150.056 4.9273204536003175e-06
36200.056 5.249555120999526e-06
36250.056 4.950363375199293e-06
36300.056 5.4976518426007695e-06
36350.056 5.336504114099322e-06
36400.056 5.157222402699838e-06
36450.056 5.44987626969967e-06
36500.056 5.136813000900327e-06
36550.056 5.033019498500477e-06
36600.056 5.094506037800471e-06
36650.056 5.246487652300519e-06
36700.056 5.4566333869001616e-06
36750.056 5.110122530800617e-06
36800.056 5.241914879599528e-06
36850.056 5.326891836499938e-06
36900.056 5.3630725306006874e-06
36950.056 5.360087280300127e-06
37000.056 5.374534315800202e-06
37050.056 5.502769393999948e-06
37100.056 5.290790146700355e-06
37150.056 5.248311198199089e-06
37200.056 5.457105440100133e-06
37250.056 5.474227668100335e-06
37300.056 5.4460075159008935e-06
37350.056 5.256736237200573e-06
37400.056 5.458750846699728e-06
37450.056 5.434533685400387e-06
37500.056 5.567429683199774e-06
37550.056 5.410307241199235e-06
37600.056 5.6338817397993775e-06
37650.056 5.233273818099522e-06
37700.056 5.320052667200218e-06
37750.056 5.607571288699188e-06
37800.056 5.698272891899955e-06
37850.056 5.517541744599762e-06
37900.056 5.602813354400372e-06
37950.056 5.636118927400284e-06
38000.056 5.521108266800662e-06
38050.056 5.5421443509003604e-06
38100.056 5.397061624300172e-06
38150.056 5.6791151879992995e-06
38200.056 5.7887444489993596e-06
38250.056 5.487658529400575e-06
38300.056 5.410814559799922e-06
38350.056 5.610505212700021e-06
38400.056 5.6426893272998345e-06
38450.056 5.601751466000537e-06
38500.056 5.55037973999975e-06
38550.056 5.588008304600407e-06
38600.056 5.912365087999761e-06
38650.056 5.339331913000198e-06
38700.056 5.432495356000599e-06
38750.056 5.696467113099997e-06
38800.056 5.557674821800746e-06
38850.056 5.628693429500233e-06
38900.056 5.417515138799953e-06
38950.056 5.6237243143996225e-06
39000.056 5.561664187600116e-06
39050.056 5.591288815599973e-06
39100.056 5.357536799599921e-06
39150.056 5.485241141600246e-06
39200.056 5.596024846000217e-06
39250.056 5.587823619499393e-06
39300.056 5.601902252999163e-06
39350.056 5.5496570224005066e-06
39400.056 5.437590248100166e-06
39450.056 5.495933512099797e-06
39500.056 5.444905920999914e-06
39550.056 5.349845682599004e-06
39600.056 5.697687099800387e-06
39650.056 5.32289040800015e-06
39700.056 5.485166865899985e-06
39750.056 5.494447752099513e-06
39800.056 5.25512423490028e-06
39850.056 5.387995002099784e-06
39900.056 5.2559844127996795e-06
39950.056 5.462311863599819e-06
40000.056 5.232372967399716e-06
40050.056 4.8787889043998345e-06
40100.056 5.216185592199784e-06
40150.056 4.91904150339912e-06
40200.056 5.147970240499708e-06
40250.056 5.114460710598686e-06
40300.056 4.795557576300332e-06
40350.056 4.969507655600056e-06
40400.056 5.074568952800009e-06
40450.056 4.689555011500999e-06
40500.056 4.513467621999898e-06
40550.056 5.096877077199709e-06
40600.056 4.71579261800029e-06
40650.056 4.856775534501023e-06
40700.056 5.0596103889003035e-06
40750.056 4.528205916298891e-06
40800.056 4.49908584050057e-06
40850.056 4.292604195900873e-06
40900.056 4.212654882500713e-06
40950.056 4.556881481300034e-06
41000.056 4.7128551440004304e-06
41050.056 4.583318931099189e-06
41100.056 4.390049425300612e-06
41150.056 4.710887738000189e-06
41200.056 4.4109593507001235e-06
41250.056 4.511779833900161e-06
41300.056 4.069265291599721e-06
41350.056 4.615740841400247e-06
41400.056 4.438968189199906e-06
41450.056 4.257464805199897e-06
41500.056 4.534675211600033e-06
41550.056 4.5485328923000615e-06
41600.056 4.678992701199848e-06
41650.056 4.203281918400515e-06
41700.056 4.1107430649996766e-06
41750.056 4.414033062500154e-06
41800.056 4.17596685859987e-06
41850.056 3.983842903000423e-06
41900.056 4.418781778099307e-06
41950.056 4.1452271333003306e-06
42000.056 4.3770773101002345e-06
42050.056 4.055738752798827e-06
42100.056 4.418811011600336e-06
42150.056 3.982372268599504e-06
42200.056 4.014241771800112e-06
42250.056 4.2867542455999044e-06
42300.056 4.115629539100045e-06
42350.056 4.356368002500659e-06
42400.056 4.06246494769997e-06
42450.056 3.6816485258002058e-06
42500.056 3.6966605886002057e-06
42550.056 4.1119071593996215e-06
42600.056 3.983915408300498e-06
42650.056 4.036033710799136e-06
42700.056 4.016486116100617e-06
42750.056 3.86836500900007e-06
42800.056 3.956691245899798e-06
42850.056 4.172460347399637e-06
42900.056 4.0353411427003545e-06
42950.056 3.5934419658986666e-06
43000.056 3.904731342800005e-06
43050.056 3.7416084112011957e-06
43100.056 3.85292125079918e-06
43150.056 4.008172550800937e-06
43200.056 3.7884974784998665e-06
43250.056 3.89562317880112e-06
43300.056 3.8908232661001095e-06
43350.056 3.742637963599337e-06
43400.056 3.6312084881996223e-06
43450.056 3.6912645730008875e-06
43500.056 3.596144873799093e-06
43550.056 3.674338894499902e-06
43600.056 3.863917411099962e-06
43650.056 3.574509194900466e-06
43700.056 3.591223558100341e-06
43750.056 3.586043766299961e-06
43800.056 3.527979045499841e-06
43850.056 3.66270807930039e-06
43900.056 3.6307988226398667e-06
43950.056 3.4598720220603567e-06
44000.056 3.2749588148001487e-06
44050.056 3.3072954970000984e-06
44100.056 3.417182632900746e-06
44150.056 3.6418525610995365e-06
44200.056 3.402848689590274e-06
44250.056 3.2107464692996865e-06
44300.056 3.1579758871006474e-06
44350.056 3.2506416367000843e-06
44400.056 3.211714405500056e-06
44450.056 3.4246013114001036e-06
44500.056 3.4736762637007443e-06
44550.056 3.135178330299348e-06
44600.056 3.2113636814004727e-06
44650.056 3.3592366587000064e-06
44700.056 3.1047564331003333e-06
44750.056 3.371903224039549e-06
44800.056 3.2854213443698813e-06
44850.056 3.4051552300002745e-06
44900.056 3.227283558300473e-06
44950.056 2.988395949900035e-06
45000.056 3.251681649300011e-06
45050.056 3.1909611265995467e-06
45100.056 3.3051833156997223e-06
45150.056 3.2564284842501494e-06
45200.056 3.023099121799742e-06
45250.056 3.085499120129491e-06
45300.056 3.0708443534000674e-06
45350.056 3.26734494895939e-06
45400.056 3.2331946216003186e-06
45450.056 3.023277784199482e-06
45500.056 2.985437981199916e-06
45550.056 3.2251587810994014e-06
45600.056 3.14315457239994e-06
45650.056 2.904500541699128e-06
45700.056 3.021816114600465e-06
45750.056 3.0714598812997863e-06
45800.056 3.077108392099952e-06
45850.056 3.2776597713001265e-06
45900.056 3.226874342879949e-06
45950.056 2.9456210620999175e-06
46000.056 3.1956258235400273e-06
46050.056 3.2464679706007325e-06
46100.056 2.960623676000156e-06
46150.056 3.0117331497099552e-06
46200.056 3.275525480400651e-06
46250.056 2.863886104289902e-06
46300.056 3.2712159972798313e-06
46350.056 2.807336995719784e-06
46400.056 3.0472601864996523e-06
46450.056 2.9335930058006593e-06
46500.056 2.900953324040046e-06
46550.056 3.154592389199807e-06
46600.056 2.8930031396996883e-06
46650.056 3.3614919988200006e-06
46700.056 3.162329748720799e-06
46750.056 2.848594076209947e-06
46800.056 3.0721794149005083e-06
46850.056 3.105367182149989e-06
46900.056 3.0385863915194564e-06
46950.056 3.160762881120209e-06
47000.056 3.110705544800034e-06
47050.056 3.049745859299734e-06
47100.056 2.9959238756001134e-06
47150.056 3.0279146615605024e-06
47200.056 2.988678662200694e-06
47250.056 3.0221867654991364e-06
47300.056 2.934613275239176e-06
47350.056 2.781982216639534e-06
47400.056 3.0796753237993512e-06
47450.056 3.236184227299826e-06
47500.056 2.906769709199216e-06
47550.056 3.008717270899336e-06
47600.056 3.144048418999954e-06
47650.056 2.6028497984994016e-06
47700.056 3.1245814858001156e-06
47750.056 2.5260179734507515e-06
47800.056 3.1476680708997374e-06
47850.056 2.7071061240788317e-06
47900.056 3.195129232100132e-06
47950.056 2.6219809285306936e-06
48000.056 3.266267865300065e-06
48050.056 2.7804725394005664e-06
48100.056 2.8234762780000757e-06
48150.056 2.749073776840285e-06
48200.056 3.1323108284008697e-06
48250.056 2.803531145979714e-06
48300.056 3.2786587414998255e-06
48350.056 2.549820482399452e-06
48400.056 3.1135537049199188e-06
48450.056 2.907917575170251e-06
48500.056 3.202238509200063e-06
48550.056 2.694563563749998e-06
48600.056 3.067287886799737e-06
48650.056 2.6158353672799745e-06
48700.056 2.8841248653000677e-06
48750.056 2.4943017820404622e-06
48800.056 3.1850239279001564e-06
48850.056 2.689887629189479e-06
48900.056 3.0542542200000086e-06
48950.056 2.9667581254004744e-06
49000.056 2.847483774199841e-06
49050.056 2.8794320148997495e-06
49100.056 2.8467539715000446e-06
49150.056 2.8004126041600883e-06
49200.056 3.0263829054e-06
49250.056 2.8417743019502823e-06
49300.056 2.7195991550496567e-06
49350.056 2.594012506900068e-06
49400.056 3.020122790900504e-06
49450.056 2.7498024955005945e-06
49500.056 2.778710863200439e-06
49550.056 2.6481190576999873e-06
49600.056 2.6703749650303653e-06
49650.056 2.7191640992005156e-06
49700.056 2.4438200317397e-06
49750.056 3.1139798862994065e-06
49800.056 2.8198466903999955e-06
49850.056 3.0370017989200754e-06
49900.056 2.6668864118000736e-06
49950.056 2.8349672195991193e-06
50000.056 2.652909007299411e-06
50050.056 2.8355209934000727e-06
50100.056 2.7678099826997445e-06
50150.056 2.656488768999868e-06
50200.056 2.4512942384001276e-06
50250.056 2.504959687770215e-06
50300.056 2.5736759650195127e-06
50350.056 2.67756649637995e-06
50400.056 2.6930976322001645e-06
50450.056 2.529616512580186e-06
50500.056 3.0565489718004226e-06
50550.056 2.698429933999779e-06
50600.056 2.7185821036002957e-06
50650.056 2.6670145677006373e-06
50700.056 2.777976538799286e-06
50750.056 2.675487055800284e-06
50800.056 2.463687877959916e-06
50850.056 2.6216153617003486e-06
50900.056 2.580343809899968e-06
50950.056 2.789900037900398e-06
51000.056 2.938878962800285e-06
51050.056 2.4852221679204546e-06
51100.056 2.489758802999876e-06
51150.056 2.725279567070199e-06
51200.056 2.625459801779796e-06
51250.056 2.750433439300155e-06
51300.056 2.544203396360635e-06
51350.056 2.6871995506997235e-06
51400.056 2.606243643099349e-06
51450.056 2.096040834649762e-06
51500.056 2.699270916619895e-06
51550.056 2.9423906084002487e-06
51600.056 2.284970532369869e-06
51650.056 2.644330403899678e-06
51700.056 2.352628898129295e-06
51750.056 2.433016610040168e-06
51800.056 2.621453589899704e-06
51850.056 2.6976453291999496e-06
51900.056 2.763340668200273e-06
51950.056 2.488711258099715e-06
52000.056 2.378112497320008e-06
52050.056 2.668560799519814e-06
52100.056 2.6114611140993956e-06
52150.056 2.5960250696004286e-06
52200.056 2.4860496274801035e-06
52250.056 2.445797751799976e-06
52300.056 2.5015417329999824e-06
52350.056 2.805607077180245e-06
52400.056 2.316350794729979e-06
52450.056 2.5024259030999855e-06
52500.056 2.5861391950792307e-06
52550.056 2.4278774730994357e-06
52600.056 2.575972372900145e-06
52650.056 2.830073263400527e-06
52700.056 2.5335827781400783e-06
52750.056 2.149394217299813e-06
52800.056 2.392801035900282e-06
52850.056 2.3154299333999236e-06
52900.056 2.522244502340319e-06
52950.056 2.4528074218995365e-06
53000.056 2.639026112789593e-06
53050.056 2.5758236299296695e-06
53100.056 2.2518029162994746e-06
53150.056 2.6467520183004917e-06
53200.056 2.160287977530399e-06
53250.056 2.778943525599936e-06
53300.056 2.6334805459007394e-06
53350.056 2.701425711999836e-06
53400.056 2.397129267900148e-06
53450.056 2.3050964870999933e-06
53500.056 2.2213593359196825e-06
53550.056 2.615418130300011e-06
53600.056 2.5463277824003966e-06
53650.056 2.373262275160706e-06
53700.056 2.373898342230585e-06
53750.056 2.64141790614971e-06
