galfind/configs/Brown_Dwarf_templates/sonora_bobcat/m-0.5/17g/sp_t650g17nc_m-0.5_resample.dat
# %ECSV 1.0
# ---
# datatype:
# - {name: wav, unit: Angstrom, datatype: float64}
# - {name: flux_nu, unit: erg / (cm2 Hz s), datatype: float64}
# meta: {C/O: '1.00', Kzz: '1.0000E+05', Teff: '650.', Y: '0.28', '[Fe/H]': '-0.50', f_hole: '1.00', f_rain: '0.00', grav: '18.'}
# schema: astropy-2.0
wav flux_nu
[from data line 499]
28950.056 9.317091503305216e-09
29000.056 7.1603537121575e-09
29050.056 9.152356240179412e-09
29100.056 6.092515132415156e-09
29150.056 9.183544605459958e-09
29200.056 8.042912317109342e-09
29250.056 1.2882952718176694e-08
29300.056 5.733877760648789e-09
29350.056 1.7036911266933173e-08
29400.056 8.880155712082861e-09
29450.056 9.429791634468641e-09
29500.056 1.1771259202331182e-08
29550.056 8.751336009250142e-09
29600.056 1.1501899092613373e-08
29650.056 1.4809049443010041e-08
29700.056 8.160712709181945e-09
29750.056 1.377197160386163e-08
29800.056 1.3536620250329136e-08
29850.056 1.5257973347454438e-08
29900.056 1.3377796554504395e-08
29950.056 1.2470168511751442e-08
30000.056 1.3340858583753787e-09
30050.056 2.9559337548765963e-09
30100.056 4.884446666493696e-09
30150.056 1.0391594060946134e-08
30200.056 8.777214501842112e-09
30250.056 1.781132320224134e-08
30300.056 1.90419950305441e-08
30350.056 1.2331622445671751e-08
30400.056 2.0213008785857273e-08
30450.056 1.2565976478429163e-08
30500.056 1.287885327638407e-08
30550.056 1.234817905077461e-08
30600.056 1.8116603998899088e-08
30650.056 1.2211396758365723e-08
30700.056 1.0526244024542882e-08
30750.056 1.529765546717131e-08
30800.056 1.0724569097273813e-08
30850.056 1.1504962182841206e-08
30900.056 7.307522970804886e-09
30950.056 8.969681816743474e-09
31000.056 7.46880282324198e-09
31050.056 7.617546248890325e-09
31100.056 5.468150308846111e-09
31150.056 8.472603872796612e-09
31200.056 9.676482076666012e-09
31250.056 6.970504986241552e-09
31300.056 5.347306509282265e-09
31350.056 6.845748555335492e-09
31400.056 5.208971961668837e-09
31450.056 5.457227452772202e-09
31500.056 3.5264922770939397e-09
31550.056 4.444426520238637e-09
31600.056 2.88806007195994e-09
31650.056 2.9597480680028507e-09
31700.056 3.1663640516898364e-09
31750.056 1.9992441054745955e-09
31800.056 3.308737074750516e-09
31850.056 1.5566617065997722e-09
31900.056 2.2971863431843747e-09
31950.056 1.4352753640499522e-09
32000.056 1.8472287348174444e-09
32050.056 2.1439701400132843e-09
32100.056 2.0230337033969017e-09
32150.056 2.3619603880970965e-09
32200.056 1.5649934488781636e-09
32250.056 2.9394637335926666e-09
32300.056 1.5563677128272024e-09
32350.056 2.8440509726315303e-09
32400.056 1.409873104835951e-09
32450.056 2.606215677833197e-09
32500.056 1.7090066350198166e-09
32550.056 2.0634415321052405e-09
32600.056 2.3793016119071672e-09
32650.056 4.560666078669542e-09
32700.056 3.032832694337844e-09
32750.056 5.447642794981172e-09
32800.056 4.525394974835681e-09
32850.056 6.268471427769332e-09
32900.056 6.41278767008723e-09
32950.056 7.171316449343634e-09
33000.056 5.250315708193502e-09
33050.056 5.680698766698087e-09
33100.056 1.993930259795107e-09
33150.056 5.998085377908194e-11
33200.056 1.535132585976759e-10
33250.056 9.654855299059019e-11
33300.056 2.0951151893493616e-10
33350.056 5.826934228011832e-10
33400.056 1.2211853904873177e-09
33450.056 1.7435054718327518e-09
33500.056 3.839935412303416e-09
33550.056 2.1331133429371776e-09
33600.056 4.507340997349562e-09
33650.056 4.287556804815629e-09
33700.056 3.1781197713607334e-09
33750.056 5.7991503616382876e-09
33800.056 2.7276502987394933e-09
33850.056 4.401561090508296e-09
33900.056 3.6891113505300225e-09
33950.056 3.517112225755417e-09
34000.056 5.582626489357028e-09
34050.056 1.8501150759625925e-09
34100.056 5.13377542061501e-09
34150.056 3.3005455382968663e-09
34200.056 4.584283526452378e-09
34250.056 3.956616437809567e-09
34300.056 3.475068495958578e-09
34350.056 3.640998310576868e-09
34400.056 2.422159320832112e-09
34450.056 4.455287572606586e-09
34500.056 3.6534498516829717e-09
34550.056 2.2103851230078674e-09
34600.056 5.725798205660611e-09
34650.056 2.74342121620093e-09
34700.056 4.935060998325182e-09
34750.056 4.1016746497431544e-09
34800.056 3.4972779310642963e-09
34850.056 5.219498679000375e-09
34900.056 4.417699408133192e-09
34950.056 5.7776573180377234e-09
35000.056 1.0187467570368576e-08
35050.056 4.799971406907773e-09
35100.056 8.199619972043847e-09
35150.056 7.055573851749287e-09
35200.056 7.53451092960895e-09
35250.056 1.1191149830835581e-08
35300.056 7.111233345567371e-09
35350.056 7.793539722834305e-09
35400.056 8.957526533632455e-09
35450.056 5.803759457141165e-09
35500.056 1.4746522202621801e-08
35550.056 1.2249946486562593e-08
35600.056 1.0183591879138527e-08
35650.056 1.153134124073276e-08
35700.056 1.0624067136978528e-08
35750.056 1.524335480031903e-08
35800.056 1.8973557928075123e-08
35850.056 9.477515048350778e-09
35900.056 1.3137273677333428e-08
35950.056 1.3516669363242972e-08
36000.056 1.3673058818992183e-08
36050.056 1.1380004423069579e-08
36100.056 1.1812786895937166e-08
36150.056 1.499500623025498e-08
36200.056 1.6442321629513638e-08
36250.056 1.4162694282321666e-08
36300.056 2.0520902971298048e-08
36350.056 1.6934942102241605e-08
36400.056 1.8518135676035287e-08
36450.056 2.2423876072235052e-08
36500.056 2.5142621511911734e-08
36550.056 2.4904285124457758e-08
36600.056 3.047187832549248e-08
36650.056 2.7385467519677653e-08
36700.056 2.9417182308590845e-08
36750.056 3.314106091328387e-08
36800.056 3.348843101909993e-08
36850.056 2.7953814955575353e-08
36900.056 3.5436697378528775e-08
36950.056 3.7026433132333115e-08
37000.056 3.1878113371991594e-08
37050.056 3.5585823225546456e-08
37100.056 3.760436926241347e-08
37150.056 3.125152467829015e-08
37200.056 4.0702606224688146e-08
37250.056 3.7453914651793585e-08
37300.056 3.258886228340659e-08
37350.056 3.826857329661827e-08
37400.056 5.620501376307609e-08
37450.056 3.672068329796403e-08
37500.056 3.8342103763794473e-08
37550.056 5.03220431731615e-08
37600.056 6.006844059477128e-08
37650.056 3.447508325683077e-08
37700.056 5.942310382520631e-08
37750.056 4.1187064896900666e-08
37800.056 4.4214681154510566e-08
37850.056 2.830456192061617e-08
37900.056 3.5926824903517066e-08
37950.056 4.959523537502826e-08
38000.056 5.6201981242876864e-08
38050.056 5.74840582016441e-08
38100.056 6.063003298059128e-08
38150.056 6.838533506680154e-08
38200.056 7.062496761971671e-08
38250.056 6.371357836569813e-08
38300.056 8.897416816157977e-08
38350.056 9.016923872522074e-08
38400.056 5.179916926941473e-08
38450.056 4.917373590664115e-08
38500.056 3.322566929287814e-08
38550.056 5.866544968332442e-08
38600.056 5.999909710242803e-08
38650.056 5.89081752181854e-08
38700.056 5.990906953450055e-08
38750.056 6.475352261461241e-08
38800.056 6.038329997442816e-08
38850.056 6.220646233821747e-08
38900.056 8.393392551085799e-08
38950.056 6.315887201162131e-08
39000.056 7.560278119202903e-08
39050.056 6.488119573221243e-08
39100.056 7.420508956009135e-08
39150.056 7.862988439854586e-08
39200.056 7.57588131463546e-08
39250.056 9.195803011879066e-08
39300.056 7.11636725520649e-08
39350.056 1.0450701669800883e-07
39400.056 7.840594954736239e-08
39450.056 9.052839778053455e-08
39500.056 9.288442362783145e-08
39550.056 8.28951028471423e-08
39600.056 9.730057612938197e-08
39650.056 1.0493027029617898e-07
39700.056 1.0165237019281554e-07
39750.056 7.929087209136729e-08
39800.056 9.129939862519509e-08
39850.056 1.225761588960058e-07
39900.056 1.2318461470400868e-07
39950.056 9.487229097757406e-08
40000.056 1.3323700539362964e-07
40050.056 1.193223472353941e-07
40100.056 8.778914078115955e-08
40150.056 1.2125108432099424e-07
40200.056 1.2553816510595417e-07
40250.056 1.3021552216445583e-07
40300.056 1.270153108860123e-07
40350.056 1.2080240888728061e-07
40400.056 1.4665591297316921e-07
40450.056 1.129838933842435e-07
40500.056 1.4957716385697412e-07
40550.056 1.5151269634290599e-07
40600.056 1.4007700093802003e-07
40650.056 1.1798090501373446e-07
40700.056 1.7271202920798705e-07
40750.056 1.3693720072897698e-07
40800.056 1.1101493846463246e-07
40850.056 1.8892348249205156e-07
40900.056 1.7009438221620828e-07
40950.056 1.5773721981501045e-07
41000.056 1.4926122122939157e-07
41050.056 1.9647137547895433e-07
41100.056 1.7002787949600786e-07
41150.056 1.1548929167532466e-07
41200.056 1.9672084351789505e-07
41250.056 1.5852566685858172e-07
41300.056 1.507029527035709e-07
41350.056 2.0499104207800155e-07
41400.056 1.8591641561802717e-07
41450.056 2.074129730319877e-07
41500.056 1.6237144818707573e-07
41550.056 1.6268496662323764e-07
41600.056 1.8396927664000634e-07
41650.056 1.9791407434030317e-07
41700.056 1.8952046208892814e-07
41750.056 1.8581689553697253e-07
41800.056 2.1289449193103848e-07
41850.056 1.6892786722958657e-07
41900.056 1.8586952865871266e-07
41950.056 1.8165110407804124e-07
42000.056 1.6668313280663e-07
42050.056 1.5978174828784054e-07
42100.056 2.0949635533207916e-07
42150.056 1.6969284575300803e-07
42200.056 1.6502204955360456e-07
42250.056 1.6792784568748538e-07
42300.056 1.7135936364780546e-07
42350.056 2.1016139724702613e-07
42400.056 2.071861735420451e-07
42450.056 1.846110566340664e-07
42500.056 1.7810918814997826e-07
42550.056 1.6806611655396134e-07
42600.056 1.862768884155667e-07
42650.056 2.447648914559046e-07
42700.056 1.8738397571875425e-07
42750.056 1.8476983238200702e-07
42800.056 2.1799361000503008e-07
42850.056 2.3413712623392462e-07
42900.056 2.483938942060724e-07
42950.056 1.9981185566494997e-07
43000.056 2.2210727387704642e-07
43050.056 1.5034898304704755e-07
43100.056 1.9495339847695726e-07
43150.056 1.7962509453652498e-07
43200.056 2.272213610799985e-07
43250.056 2.7484103992003115e-07
43300.056 2.711036469919966e-07
43350.056 1.785308250069507e-07
43400.056 2.206704522479826e-07
43450.056 1.8161770869503088e-07
43500.056 1.7516905299261962e-07
43550.056 1.9033818250374616e-07
43600.056 2.5770503627003213e-07
43650.056 1.943021968370097e-07
43700.056 2.7021842447905753e-07
43750.056 2.4214123718402035e-07
43800.056 2.299059748301726e-07
43850.056 2.0073564990502323e-07
43900.056 2.1064797526398625e-07
43950.056 1.497675054889908e-07
44000.056 1.4428400302899289e-07
44050.056 2.599522121630078e-07
44100.056 3.14244301122011e-07
44150.056 2.8754434452238865e-07
44200.056 2.5513786806999186e-07
44250.056 1.8505420194501076e-07
44300.056 1.5856407435383e-07
44350.056 1.8234527386805161e-07
44400.056 1.7492186918178795e-07
44450.056 2.3825686515496126e-07
44500.056 2.3732745842006104e-07
44550.056 2.988546820039647e-07
44600.056 2.56651599721218e-07
44650.056 2.4750800508905105e-07
44700.056 1.7945828835400377e-07
44750.056 2.479367205280542e-07
44800.056 2.059187851876181e-07
44850.056 2.545345691150278e-07
44900.056 2.1130939904281738e-07
44950.056 2.434352003020107e-07
45000.056 2.546786227039991e-07
45050.056 2.4699016389698277e-07
45100.056 2.3550178435699373e-07
45150.056 2.4297865058725567e-07
45200.056 1.9842342239300997e-07
45250.056 2.196635041089231e-07
45300.056 1.869100691290353e-07
45350.056 1.8975533834702212e-07
45400.056 3.0988286060302527e-07
45450.056 2.686429147440032e-07
45500.056 2.8355978540971507e-07
45550.056 3.0779203025389933e-07
45600.056 3.0375716648005566e-07
45650.056 2.448963013859856e-07
45700.056 1.9822685178200684e-07
45750.056 1.9627530152670108e-07
45800.056 3.18132837873999e-07
45850.056 3.032448074569925e-07
45900.056 3.259303369099945e-07
45950.056 2.710499785539936e-07
46000.056 3.045758456465191e-07
46050.056 2.525366095750111e-07
46100.056 3.2886439015996533e-07
46150.056 2.424479584990045e-07
46200.056 2.2630125813799587e-07
46250.056 1.382869340147217e-07
46300.056 2.5563280504120035e-07
46350.056 2.541519653350313e-07
46400.056 2.3178122066401026e-07
46450.056 2.167783203770395e-07
46500.056 2.4628378657706346e-07
46550.056 1.7439048364000456e-07
46600.056 2.2758698486417944e-07
46650.056 3.125732678340096e-07
46700.056 2.2536949675695688e-07
46750.056 1.6162765080200647e-07
46800.056 1.2158971256921666e-07
46850.056 3.141968720240568e-07
46900.056 2.780829335029848e-07
46950.056 2.7417503791298614e-07
47000.056 2.660724118110433e-07
47050.056 2.2839103796031627e-07
47100.056 1.6788148272702635e-07
47150.056 2.1586576593803285e-07
47200.056 2.574835446499995e-07
47250.056 1.8841110047698378e-07
47300.056 1.36893883735824e-07
47350.056 2.9893503892597605e-07
47400.056 2.5558314909797895e-07
47450.056 2.5896488164693005e-07
47500.056 2.8896323939096024e-07
47550.056 2.5995154116801033e-07
47600.056 2.5488706718599264e-07
47650.056 2.429522926260912e-07
47700.056 2.236760268473522e-07
47750.056 1.7260878431240485e-07
47800.056 1.7014627843801084e-07
47850.056 1.1924162747041375e-07
47900.056 1.5789573703676994e-07
47950.056 2.2673035256002197e-07
48000.056 3.03449401170057e-07
48050.056 2.7547437226999794e-07
48100.056 1.517525398800162e-07
48150.056 2.27293094145008e-07
48200.056 1.8593890087260118e-07
48250.056 2.0096210208800934e-07
48300.056 2.747528112599373e-07
48350.056 1.8183877238301468e-07
48400.056 9.559111063017796e-08
48450.056 1.761679848419516e-07
48500.056 2.2827406801595832e-07
48550.056 2.1077852008401343e-07
48600.056 2.221984833120031e-07
48650.056 2.5333640772197696e-07
48700.056 2.0084491960300045e-07
48750.056 1.3787134004007678e-07
48800.056 2.659176730129935e-07
48850.056 1.687366843164696e-07
48900.056 2.481548415575868e-07
48950.056 1.646365775960176e-07
49000.056 9.1514938260404e-08
49050.056 2.048320172849749e-07
49100.056 2.3600148495024236e-07
49150.056 1.871277121007241e-07
49200.056 2.62579193771048e-07
49250.056 2.4644511480803835e-07
49300.056 2.1959488590299753e-07
49350.056 1.197909821882215e-07
49400.056 1.629505691329672e-07
49450.056 1.7352741950905484e-07
49500.056 1.402292523759878e-07
49550.056 6.208198567840793e-08
49600.056 1.2085449593294774e-07
49650.056 1.708857734849908e-07
49700.056 1.653325173159444e-07
49750.056 1.895683559679707e-07
49800.056 1.5239289181536914e-07
49850.056 2.3249786083305861e-07
49900.056 1.8711902037297787e-07
49950.056 1.8466727428900463e-07
50000.056 1.637054324259728e-07
50050.056 1.9839708929999787e-07
50100.056 1.574308135150034e-07
50150.056 1.0238973424598266e-07
50200.056 3.8783001902809876e-08
50250.056 1.3807296591998218e-07
50300.056 1.0132171247961263e-07
50350.056 1.9123838226702054e-07
50400.056 1.727457984649866e-07
50450.056 1.370163799652089e-07
50500.056 1.82066110530025e-07
50550.056 1.6569849949801346e-07
50600.056 1.3206246052296689e-07
50650.056 1.931408292420356e-07
50700.056 1.9998905758793002e-07
50750.056 1.493751238378227e-07
50800.056 8.197180704138974e-08
50850.056 6.689117735162691e-08
50900.056 1.8355476713599655e-07
50950.056 1.4191512496301204e-07
51000.056 1.4211839802431007e-07
51050.056 1.5789066304399102e-07
51100.056 7.903535862654136e-08
51150.056 1.0887023278767517e-07
51200.056 2.1022682364498794e-07
51250.056 1.3327217753027538e-07
51300.056 1.107140370170535e-07
51350.056 1.1405420509958934e-07
51400.056 6.140291125400242e-08
51450.056 5.032457082202496e-08
51500.056 5.232075375074086e-08
51550.056 1.3753510835741123e-07
51600.056 9.756977374892431e-08
51650.056 1.059399640789746e-07
51700.056 1.1901044375262849e-07
51750.056 8.519630877926394e-08
51800.056 1.2799814525597857e-07
51850.056 1.1378652716398934e-07
51900.056 1.6375894626299266e-07
51950.056 1.1604283615398867e-07
52000.056 3.099775349069096e-08
52050.056 8.008082382131178e-08
52100.056 5.8350766932996054e-08
52150.056 4.5603960534366137e-08
52200.056 6.439563960870107e-08
52250.056 8.58952420510239e-08
52300.056 1.2450149911999452e-07
52350.056 7.576017570774278e-08
52400.056 5.96973168440074e-08
52450.056 1.3112163585600832e-07
52500.056 1.1388839909246986e-07
52550.056 1.1283972812198111e-07
52600.056 9.005855537140244e-08
52650.056 1.0137113604901437e-07
52700.056 8.424302817609744e-08
52750.056 5.06390045089971e-08
52800.056 7.051136581980913e-08
52850.056 7.72602366566749e-08
52900.056 5.878421178358118e-08
52950.056 6.990994631800461e-08
53000.056 9.700037762102116e-08
53050.056 4.8310503332588776e-08
53100.056 8.73137344613749e-08
53150.056 1.0960073222001235e-07
53200.056 5.1947462702208885e-08
53250.056 1.0318143920400494e-07
53300.056 1.2148586442151185e-07
53350.056 9.901221021680037e-08
53400.056 7.79526636589872e-08
53450.056 4.225747976618924e-08
53500.056 1.6780660769475382e-08
