galfind/configs/Brown_Dwarf_templates/sonora_bobcat/m-0.5/17g/sp_t425g17nc_m-0.5_resample.dat
# %ECSV 1.0
# ---
# datatype:
# - {name: wav, unit: Angstrom, datatype: float64}
# - {name: flux_nu, unit: erg / (cm2 Hz s), datatype: float64}
# meta: {C/O: '1.00', Kzz: '1.0000E+05', Teff: '425.', Y: '0.28', '[Fe/H]': '-0.50', f_hole: '1.00', f_rain: '0.00', grav: '18.'}
# schema: astropy-2.0
wav flux_nu
[from data line 498]
28900.056 1.808870909159472e-10
28950.056 2.771770252735103e-10
29000.056 1.8653675878858655e-10
29050.056 2.8470534861270423e-10
29100.056 1.5879354428455587e-10
29150.056 2.031614771658631e-10
29200.056 3.401030957641722e-10
29250.056 4.553395108592134e-10
29300.056 2.140287952307244e-10
29350.056 5.841403361345155e-10
29400.056 2.908607360422934e-10
29450.056 2.1419499977001962e-10
29500.056 5.414963994271095e-10
29550.056 2.298433678105554e-10
29600.056 3.219905445294247e-10
29650.056 7.502978102114276e-10
29700.056 2.1882972562901779e-10
29750.056 5.612124138384987e-10
29800.056 4.6183449757935523e-10
29850.056 6.391204101272233e-10
29900.056 3.823877394452367e-10
29950.056 4.679439615055304e-10
30000.056 1.0896764706359454e-11
30050.056 5.4085582080667364e-11
30100.056 1.8708283540694223e-10
30150.056 5.606232264615083e-10
30200.056 4.1081293803413436e-10
30250.056 8.193302998283236e-10
30300.056 1.1265345873252966e-09
30350.056 3.6212130250797914e-10
30400.056 1.0420993652869224e-09
30450.056 6.862936422658578e-10
30500.056 5.900211311815702e-10
30550.056 4.89280886461779e-10
30600.056 1.8049077740333181e-09
30650.056 9.165632891422295e-10
30700.056 6.173227163352299e-10
30750.056 1.2085868457928718e-09
30800.056 8.303057724377623e-10
30850.056 9.961104444951882e-10
30900.056 5.156620503003887e-10
30950.056 5.715614298717717e-10
31000.056 6.14096903198992e-10
31050.056 4.743506169273427e-10
31100.056 2.958174329797923e-10
31150.056 5.559759573172017e-10
31200.056 1.1638489250154754e-09
31250.056 7.224724764092921e-10
31300.056 4.6177427140428043e-10
31350.056 8.605038828445953e-10
31400.056 5.949562538717515e-10
31450.056 6.210404901002201e-10
31500.056 2.597668270482164e-10
31550.056 4.14123892777411e-10
31600.056 2.7154564576709095e-10
31650.056 2.6380986976976403e-10
31700.056 2.575858083309599e-10
31750.056 1.2943587398873463e-10
31800.056 2.60121930788997e-10
31850.056 5.467753305041678e-11
31900.056 1.2512103214656183e-10
31950.056 7.857588914777327e-11
32000.056 6.564115965781582e-11
32050.056 1.0326742859876224e-10
32100.056 9.022202483178646e-11
32150.056 1.0303796330286103e-10
32200.056 4.931528060328793e-11
32250.056 1.34267151115958e-10
32300.056 4.244773120597239e-11
32350.056 1.232412225262008e-10
32400.056 2.5471432514883435e-11
32450.056 9.720768775046766e-11
32500.056 3.14030358823145e-11
32550.056 7.287411034707582e-11
32600.056 3.90080117564792e-11
32650.056 2.040021642318831e-10
32700.056 5.87208451645963e-11
32750.056 3.5631272332465845e-10
32800.056 2.0249334015468275e-10
32850.056 5.643756819172081e-10
32900.056 4.846353013547137e-10
32950.056 5.40691256918096e-10
33000.056 2.0953994214288802e-10
33050.056 2.9503768715719085e-10
33100.056 6.508747006740657e-11
33150.056 4.5320567081596044e-14
33200.056 1.6235309140677976e-12
33250.056 1.8140458773291071e-12
33300.056 1.2679116823557242e-11
33350.056 4.3408008041878806e-11
33400.056 1.5559225209547446e-10
33450.056 1.2318668838293054e-10
33500.056 4.075361079206878e-10
33550.056 9.167776272767241e-11
33600.056 2.635787092088577e-10
33650.056 2.343515901073587e-10
33700.056 9.952507502085221e-11
33750.056 3.5293026854569344e-10
33800.056 4.469728674706993e-11
33850.056 1.8106775915517053e-10
33900.056 1.9095574592184373e-10
33950.056 1.4586728143146416e-10
34000.056 3.3664765922697965e-10
34050.056 5.641298741696908e-11
34100.056 3.008745549369035e-10
34150.056 1.3835596497473466e-10
34200.056 3.4266049392773675e-10
34250.056 2.1129229746461195e-10
34300.056 2.1055812946247078e-10
34350.056 3.7338901761940725e-10
34400.056 1.301333828632638e-10
34450.056 3.7896870449549195e-10
34500.056 2.0939195685218784e-10
34550.056 1.2669043868013808e-10
34600.056 5.80159858964791e-10
34650.056 1.2003824390189785e-10
34700.056 4.4223821275362243e-10
34750.056 2.826060854761578e-10
34800.056 2.597140262121556e-10
34850.056 6.593197924000148e-10
34900.056 2.1918111931121858e-10
34950.056 6.050449442006186e-10
35000.056 1.175260677150437e-09
35050.056 5.082456024411505e-10
35100.056 1.1437125569784145e-09
35150.056 8.982052549008921e-10
35200.056 8.22568545641577e-10
35250.056 1.441394564726228e-09
35300.056 6.630483879662965e-10
35350.056 8.178033540183932e-10
35400.056 7.037811771996785e-10
35450.056 5.80337486679486e-10
35500.056 1.9917527605837477e-09
35550.056 1.2053171377156746e-09
35600.056 1.2573901915686446e-09
35650.056 1.32773263141282e-09
35700.056 1.4215334737805985e-09
35750.056 2.042885963812829e-09
35800.056 2.0169583653840836e-09
35850.056 7.585162514851566e-10
35900.056 1.036624720690529e-09
35950.056 1.273581521664543e-09
36000.056 1.5506063541442447e-09
36050.056 1.0808094314262356e-09
36100.056 1.0227211289884926e-09
36150.056 2.0631491742511025e-09
36200.056 2.2460884941771138e-09
36250.056 1.6097987221257914e-09
36300.056 3.399248609107943e-09
36350.056 2.0043835767031785e-09
36400.056 3.103514426120422e-09
36450.056 3.3015471246203145e-09
36500.056 3.686148544698484e-09
36550.056 4.563429654498714e-09
36600.056 4.971938954213204e-09
36650.056 3.815612492390943e-09
36700.056 4.169650746938868e-09
36750.056 5.066185908214137e-09
36800.056 5.76437453762881e-09
36850.056 3.2866591446502123e-09
36900.056 5.651457619426403e-09
36950.056 5.81091795708187e-09
37000.056 4.137670635290029e-09
37050.056 6.265223056803873e-09
37100.056 4.933652774706878e-09
37150.056 4.397282192566646e-09
37200.056 7.266014381599401e-09
37250.056 4.91075416781346e-09
37300.056 3.768893617170455e-09
37350.056 6.265189967571745e-09
37400.056 9.318313408465436e-09
37450.056 4.118217949199799e-09
37500.056 5.550573648191683e-09
37550.056 9.151187942051765e-09
37600.056 1.3120931247534703e-08
37650.056 4.649209572150123e-09
37700.056 9.219878502368716e-09
37750.056 6.0542611318314e-09
37800.056 6.1737820031584895e-09
37850.056 3.2442415307293437e-09
37900.056 4.468820548924363e-09
37950.056 8.486702854097357e-09
38000.056 8.217328499654735e-09
38050.056 1.0960836087118077e-08
38100.056 1.2534065238733181e-08
38150.056 1.368454946967552e-08
38200.056 1.2096759699142087e-08
38250.056 1.2568642178740004e-08
38300.056 1.8438084685993448e-08
38350.056 1.8123140576938123e-08
38400.056 7.971514942271602e-09
38450.056 4.5452625654048e-09
38500.056 2.8292264748465686e-09
38550.056 8.545546533402604e-09
38600.056 8.655754546369094e-09
38650.056 1.0023202092513939e-08
38700.056 7.650207031002885e-09
38750.056 8.806895490784613e-09
38800.056 9.24887461755084e-09
38850.056 1.012725777957587e-08
38900.056 1.3286613765018877e-08
38950.056 8.431442526545031e-09
39000.056 1.365028858819263e-08
39050.056 8.539035878735636e-09
39100.056 1.2240578362537708e-08
39150.056 1.5392844892504883e-08
39200.056 1.1474287491781105e-08
39250.056 1.7879609126493885e-08
39300.056 1.1728691042531744e-08
39350.056 2.1237956495249636e-08
39400.056 1.2175587244988046e-08
39450.056 1.714883176589376e-08
39500.056 1.7621708522161646e-08
39550.056 1.0063500751494067e-08
39600.056 1.7308526068187053e-08
39650.056 2.0438069207875245e-08
39700.056 1.964486127458312e-08
39750.056 1.1494498653574063e-08
39800.056 1.3110586360895317e-08
39850.056 2.4297499324303626e-08
39900.056 2.739881722270146e-08
39950.056 1.341844786466609e-08
40000.056 2.2986941932121527e-08
40050.056 2.4004324297738422e-08
40100.056 1.0869485853787589e-08
40150.056 2.304450378182171e-08
40200.056 2.3810656510547455e-08
40250.056 2.6612034158771176e-08
40300.056 2.5681785054498284e-08
40350.056 1.821782839085541e-08
40400.056 2.5063869491259237e-08
40450.056 1.4630804190758456e-08
40500.056 2.9672480100899703e-08
40550.056 3.213236457453664e-08
40600.056 2.4377265012901644e-08
40650.056 1.9613329864062046e-08
40700.056 3.71427176211358e-08
40750.056 2.4841375894993198e-08
40800.056 1.7184639272521375e-08
40850.056 4.287785962071231e-08
40900.056 3.497614504941814e-08
40950.056 3.222009859111713e-08
41000.056 2.5949071803449038e-08
41050.056 4.440330015768517e-08
41100.056 3.6987687060640786e-08
41150.056 1.7474215546718065e-08
41200.056 4.485727602886566e-08
41250.056 3.3879628394691926e-08
41300.056 3.5049986180817885e-08
41350.056 4.5221782511993224e-08
41400.056 3.9424874787401745e-08
41450.056 5.249681504838805e-08
41500.056 3.5564650141115605e-08
41550.056 3.320112205611832e-08
41600.056 3.4412009029997503e-08
41650.056 4.4148842699803364e-08
41700.056 5.227246276598212e-08
41750.056 4.288814476459098e-08
41800.056 4.4307595139412566e-08
41850.056 4.269100241951035e-08
41900.056 4.0022556859805825e-08
41950.056 3.902568251250332e-08
42000.056 2.6324457612318058e-08
42050.056 3.104040535988395e-08
42100.056 3.346729298080006e-08
42150.056 3.546391740172081e-08
42200.056 3.887182908393925e-08
42250.056 3.2588547758254166e-08
42300.056 3.268486456475736e-08
42350.056 4.6852580479602225e-08
42400.056 5.249363268430779e-08
42450.056 4.879658058141664e-08
42500.056 4.784993196249111e-08
42550.056 4.1806919120986853e-08
42600.056 4.4918617147140595e-08
42650.056 6.725293591047388e-08
42700.056 3.794902846201554e-08
42750.056 4.942583316140705e-08
42800.056 6.882952799441175e-08
42850.056 6.932452337497854e-08
42900.056 7.259206693521647e-08
42950.056 5.936334502299015e-08
43000.056 6.625894235081301e-08
43050.056 3.790472255330583e-08
43100.056 5.586929411199227e-08
43150.056 4.586215534300757e-08
43200.056 7.02058465540055e-08
43250.056 8.464046267800248e-08
43300.056 8.274644954199601e-08
43350.056 4.907167445868453e-08
43400.056 6.78712637291016e-08
43450.056 4.6089842247203343e-08
43500.056 4.6247531648811995e-08
43550.056 5.0855604859539615e-08
43600.056 7.765071268021093e-08
43650.056 5.3353492596901986e-08
43700.056 8.772376153102144e-08
43750.056 7.755282364299358e-08
43800.056 7.211533876689278e-08
43850.056 6.366757324300434e-08
43900.056 5.530901387056161e-08
43950.056 3.5965696106596074e-08
44000.056 3.6990356315397294e-08
44050.056 8.482199078600026e-08
44100.056 1.0368104271299673e-07
44150.056 9.309025605840279e-08
44200.056 8.553261297499996e-08
44250.056 5.064075138959783e-08
44300.056 4.2746352412007576e-08
44350.056 4.716995870619983e-08
44400.056 4.339993186339397e-08
44450.056 7.290409202419884e-08
44500.056 6.896121680161306e-08
44550.056 9.421180847699316e-08
44600.056 8.249758015095795e-08
44650.056 7.15608238064106e-08
44700.056 4.938076344379842e-08
44750.056 7.844249003401814e-08
44800.056 5.4427255658424836e-08
44850.056 7.082801957210497e-08
44900.056 6.302011592820508e-08
44950.056 7.534890116020717e-08
45000.056 8.573338220500447e-08
45050.056 7.74173763279891e-08
45100.056 6.945638260289892e-08
45150.056 6.487411989711639e-08
45200.056 5.231671354430309e-08
45250.056 6.115630976728149e-08
45300.056 5.453726153150882e-08
45350.056 4.5216854738812524e-08
45400.056 1.0690825657401276e-07
45450.056 8.699458999280859e-08
45500.056 1.0381709295210668e-07
45550.056 1.0599975117996531e-07
45600.056 9.641595681901958e-08
45650.056 7.925632841310111e-08
45700.056 5.45324680300958e-08
45750.056 5.3248208626602385e-08
45800.056 1.12147652521003e-07
45850.056 8.977392819629602e-08
45900.056 1.1093819854899157e-07
45950.056 9.771778014900024e-08
46000.056 1.0392786586901124e-07
46050.056 7.906732325660156e-08
46100.056 1.2335151058598978e-07
46150.056 7.773870908420506e-08
46200.056 6.825069446369063e-08
46250.056 3.126117514134568e-08
46300.056 7.788491663559949e-08
46350.056 8.290737717881229e-08
46400.056 7.298150210400117e-08
46450.056 6.971553205554643e-08
46500.056 7.862544101731845e-08
46550.056 4.4698718423703256e-08
46600.056 6.563145962201105e-08
46650.056 9.547720254360782e-08
46700.056 6.554760097898255e-08
46750.056 3.6417668954226226e-08
46800.056 2.4486293583685347e-08
46850.056 9.355393946901401e-08
46900.056 9.137283155099778e-08
46950.056 9.085659639299317e-08
47000.056 8.818010006501432e-08
47050.056 6.614227477829954e-08
47100.056 4.798123099878747e-08
47150.056 7.229451474120977e-08
47200.056 8.240991815999464e-08
47250.056 4.940437200279547e-08
47300.056 3.2838315720846476e-08
47350.056 9.61822669080007e-08
47400.056 8.224381846199138e-08
47450.056 7.024827615643526e-08
47500.056 9.72965795244102e-08
47550.056 8.472339183800532e-08
47600.056 8.024868095499496e-08
47650.056 8.4871030831151e-08
47700.056 6.672259297154374e-08
47750.056 5.078045294920223e-08
47800.056 4.419790549080577e-08
47850.056 2.2898820416854663e-08
47900.056 3.576537778021601e-08
47950.056 7.382263178980389e-08
48000.056 9.873840344600878e-08
48050.056 8.410465068820128e-08
48100.056 3.817587313352484e-08
48150.056 6.832786248700129e-08
48200.056 4.679542712869933e-08
48250.056 5.698020150899901e-08
48300.056 9.470285285198889e-08
48350.056 5.897064939919624e-08
48400.056 1.7388432545420448e-08
48450.056 3.567479144972093e-08
48500.056 5.686156189998635e-08
48550.056 5.8935522079245444e-08
48600.056 7.339690268299804e-08
48650.056 9.1690229257991e-08
48700.056 6.325949246600925e-08
48750.056 4.494620772591882e-08
48800.056 8.340882782000178e-08
48850.056 4.7385173658691614e-08
48900.056 6.2942929927785e-08
48950.056 3.6149224021601074e-08
49000.056 1.8610525036096026e-08
49050.056 5.758928856399171e-08
49100.056 7.17427327766429e-08
49150.056 5.441057011284681e-08
49200.056 8.319087830301507e-08
49250.056 8.305378910600703e-08
49300.056 7.177372634880026e-08
49350.056 2.9832338297777126e-08
49400.056 4.428219599868764e-08
49450.056 4.3494156840211773e-08
49500.056 3.386169188315616e-08
49550.056 8.139007349970341e-09
49600.056 2.2600610705464228e-08
49650.056 4.952643876450123e-08
49700.056 5.2694306615080505e-08
49750.056 5.260914628049921e-08
49800.056 3.5101287784997703e-08
49850.056 6.984755017021285e-08
49900.056 5.657831447999458e-08
49950.056 5.76778190374015e-08
50000.056 4.470175843588657e-08
50050.056 5.4808775865401355e-08
50100.056 4.3378923780996835e-08
50150.056 2.1815155502735422e-08
50200.056 4.160443402923813e-09
50250.056 2.5500305383998712e-08
50300.056 1.6386185490338577e-08
50350.056 5.0731937966707443e-08
50400.056 5.14334103527927e-08
50450.056 4.040982411760352e-08
50500.056 6.048680979430435e-08
50550.056 5.159561870500452e-08
50600.056 3.8882001199990614e-08
50650.056 6.343156816000929e-08
50700.056 6.200909572298841e-08
50750.056 4.136765187700436e-08
50800.056 1.525480354166493e-08
50850.056 8.498841444244125e-09
50900.056 4.618498462000169e-08
50950.056 3.9870989301997395e-08
51000.056 3.273878316766369e-08
51050.056 4.81643161989931e-08
51100.056 1.8763910564238993e-08
51150.056 2.1784503757742393e-08
51200.056 5.877536637999884e-08
51250.056 4.159560459015317e-08
51300.056 2.970177589991301e-08
51350.056 2.7803934987944294e-08
51400.056 9.995426412543557e-09
51450.056 7.84056343761099e-09
51500.056 7.740399832656919e-09
51550.056 2.91529737735448e-08
51600.056 2.3828330871066808e-08
51650.056 3.063542352439693e-08
51700.056 3.241737374859824e-08
51750.056 2.126594079115464e-08
51800.056 3.796864760199435e-08
51850.056 3.1175055419497395e-08
51900.056 3.9871679219996706e-08
51950.056 2.337357459499746e-08
52000.056 2.562694006408005e-09
52050.056 1.3082176392701877e-08
52100.056 7.700265445378888e-09
52150.056 4.385319684404704e-09
52200.056 1.2946898063399858e-08
52250.056 1.9524422459905733e-08
52300.056 2.630053506419859e-08
52350.056 9.384294396567433e-09
52400.056 9.642310517258238e-09
52450.056 3.2772299142902244e-08
52500.056 2.460618283402284e-08
52550.056 2.826298498279777e-08
52600.056 2.1181147057898997e-08
52650.056 2.552381053670245e-08
52700.056 1.8859119718299026e-08
52750.056 7.365399175864117e-09
52800.056 1.3737456635801951e-08
52850.056 1.5710342281685564e-08
52900.056 7.085006794579559e-09
52950.056 1.1542568326381451e-08
53000.056 1.9408822175204316e-08
53050.056 7.658421453633658e-09
53100.056 2.3131799844697052e-08
53150.056 2.4268892997301703e-08
53200.056 1.1613136159799528e-08
53250.056 2.2625587712901542e-08
53300.056 2.7817168896879454e-08
53350.056 2.099172428856166e-08
53400.056 1.3827584998896271e-08
53450.056 5.097426082888157e-09
53500.056 8.743934766556688e-10
53550.056 2.532327716948073e-09
