galfind/configs/Brown_Dwarf_templates/sonora_bobcat/m-0.5/17g/sp_t575g17nc_m-0.5_resample.dat
# %ECSV 1.0
# ---
# datatype:
# - {name: wav, unit: Angstrom, datatype: float64}
# - {name: flux_nu, unit: erg / (cm2 Hz s), datatype: float64}
# meta: {C/O: '1.00', Kzz: '1.0000E+05', Teff: '575.', Y: '0.28', '[Fe/H]': '-0.50', f_hole: '1.00', f_rain: '0.00', grav: '18.'}
# schema: astropy-2.0
wav flux_nu
[from data line 499]
28950.056 3.6112915852044925e-09
29000.056 2.6822251981992715e-09
29050.056 3.671183293898368e-09
29100.056 2.303588409168449e-09
29150.056 3.2366597747380536e-09
29200.056 3.30372049841974e-09
29250.056 5.4477072906225234e-09
29300.056 2.2950005064072176e-09
29350.056 6.930207410897595e-09
29400.056 3.488759834455327e-09
29450.056 3.5294102376494537e-09
29500.056 5.0846676088758445e-09
29550.056 3.2597628466676545e-09
29600.056 4.496047147692153e-09
29650.056 6.749096580423137e-09
29700.056 3.082312704775432e-09
29750.056 5.828904400396244e-09
29800.056 5.6579977330314066e-09
29850.056 6.450627253933606e-09
29900.056 5.2645584825271705e-09
29950.056 5.20851489162343e-09
30000.056 2.9973114925353124e-10
30050.056 8.490241217044248e-10
30100.056 1.910680645461794e-09
30150.056 4.390843346010464e-09
30200.056 3.7174173518933194e-09
30250.056 7.905291697537342e-09
30300.056 9.257076303800337e-09
30350.056 4.883717583567634e-09
30400.056 9.5482379705971e-09
30450.056 5.727811098967553e-09
30500.056 6.092433223148122e-09
30550.056 5.453347413278376e-09
30600.056 9.904198557051174e-09
30650.056 6.2096106247365085e-09
30700.056 5.023703471969355e-09
30750.056 8.124860664624965e-09
30800.056 5.417808504522469e-09
30850.056 6.048157631761075e-09
30900.056 3.569036516202113e-09
30950.056 4.408706230084006e-09
31000.056 3.905545713947106e-09
31050.056 3.806418137021884e-09
31100.056 2.5051000234378198e-09
31150.056 4.213322278460985e-09
31200.056 5.600581555166631e-09
31250.056 3.9247720982787105e-09
31300.056 2.785209924645803e-09
31350.056 3.925652393320966e-09
31400.056 2.9053023648309094e-09
31450.056 3.0659565269131167e-09
31500.056 1.7171914217754853e-09
31550.056 2.321738387127313e-09
31600.056 1.4639256697589745e-09
31650.056 1.5416697998914715e-09
31700.056 1.636819339155596e-09
31750.056 8.975583257567263e-10
31800.056 1.690408644101389e-09
31850.056 5.966433392581441e-10
31900.056 1.035631546220993e-09
31950.056 6.268534878452488e-10
32000.056 7.527949380951647e-10
32050.056 9.370198958894578e-10
32100.056 8.590286735266178e-10
32150.056 1.0502694973407518e-09
32200.056 6.083734883052752e-10
32250.056 1.3650293578672867e-09
32300.056 6.022844476971405e-10
32350.056 1.2676277314858332e-09
32400.056 4.938178558438553e-10
32450.056 1.1266826462575784e-09
32500.056 6.117200371142485e-10
32550.056 8.672167631053233e-10
32600.056 8.722960195008761e-10
32650.056 2.101103711922462e-09
32700.056 1.1608624522587505e-09
32750.056 2.7913132900587244e-09
32800.056 2.1242444329368198e-09
32850.056 3.4293158832094973e-09
32900.056 3.313862793436468e-09
32950.056 3.795652320098463e-09
33000.056 2.416251465499002e-09
33050.056 2.8785863817336205e-09
33100.056 8.70936254046258e-10
33150.056 7.361919229921012e-12
33200.056 3.7766985173809957e-11
33250.056 2.7867574124497586e-11
33300.056 8.676959959338746e-11
33350.056 2.6934130232614466e-10
33400.056 6.78178534239541e-10
33450.056 8.613982100683669e-10
33500.056 2.237025415112104e-09
33550.056 9.118957505430467e-10
33600.056 2.205403451097117e-09
33650.056 2.067727387910902e-09
33700.056 1.3372618769165336e-09
33750.056 2.9185709368485583e-09
33800.056 9.104646171683617e-10
33850.056 1.9270898752170003e-09
33900.056 1.7275705828274367e-09
33950.056 1.519450089737599e-09
34000.056 2.7401101375082646e-09
34050.056 7.247578434370719e-10
34100.056 2.441093159021546e-09
34150.056 1.412277575310734e-09
34200.056 2.346145986446686e-09
34250.056 1.8299693443305732e-09
34300.056 1.6360626811904241e-09
34350.056 1.946057792863301e-09
34400.056 1.0846595284067046e-09
34450.056 2.3112938633805064e-09
34500.056 1.6968031988439044e-09
34550.056 9.392263343350994e-10
34600.056 3.058012706460615e-09
34650.056 1.1738559386294366e-09
34700.056 2.6056113274427244e-09
34750.056 1.9568625347295335e-09
34800.056 1.6735464044938e-09
34850.056 2.9372366207702523e-09
34900.056 2.001440714536878e-09
34950.056 3.0940117343944224e-09
35000.056 5.898484817852813e-09
35050.056 2.5172588686189833e-09
35100.056 4.904497841380305e-09
35150.056 4.0725569574738495e-09
35200.056 4.203388478273974e-09
35250.056 6.6145318786872445e-09
35300.056 3.776555850486241e-09
35350.056 4.310284597958126e-09
35400.056 4.721382504217079e-09
35450.056 3.1474915443169445e-09
35500.056 9.16279420219634e-09
35550.056 6.946522576044549e-09
35600.056 5.96604117181764e-09
35650.056 6.479526607281292e-09
35700.056 6.20127822071619e-09
35750.056 9.256603841859994e-09
35800.056 1.1051488201321061e-08
35850.056 4.966588684635782e-09
35900.056 6.973495211438915e-09
35950.056 7.59861247611712e-09
36000.056 7.926322944908206e-09
36050.056 6.228080392048607e-09
36100.056 6.289642459341447e-09
36150.056 9.018864141138897e-09
36200.056 9.985091521050095e-09
36250.056 8.086563790274209e-09
36300.056 1.3104743669658171e-08
36350.056 9.883377608812307e-09
36400.056 1.1861020782802309e-08
36450.056 1.3922537651941326e-08
36500.056 1.6020230251345292e-08
36550.056 1.633168274132058e-08
36600.056 1.9698571364833332e-08
36650.056 1.6877126172307e-08
36700.056 1.8131458061488156e-08
36750.056 2.095289906229585e-08
36800.056 2.1791827493659075e-08
36850.056 1.6702891193961478e-08
36900.056 2.298292914650896e-08
36950.056 2.346981420869634e-08
37000.056 1.9175508702703596e-08
37050.056 2.3293158380694627e-08
37100.056 2.3285041607232807e-08
37150.056 1.9416851551330493e-08
37200.056 2.675777989213076e-08
37250.056 2.2677049057976528e-08
37300.056 1.9451453105983746e-08
37350.056 2.5076932473131662e-08
37400.056 3.678261279364398e-08
37450.056 2.1526262044487674e-08
37500.056 2.3679406424945802e-08
37550.056 3.3365263379531637e-08
37600.056 4.15982714431302e-08
37650.056 2.0836462359115103e-08
37700.056 3.8178133924923674e-08
37750.056 2.5477254681962272e-08
37800.056 2.7453847560662056e-08
37850.056 1.6417220732434463e-08
37900.056 2.151280190604221e-08
37950.056 3.2558660325386315e-08
38000.056 3.532065912776293e-08
38050.056 3.8309685792119165e-08
38100.056 4.167055366942568e-08
38150.056 4.610154215580125e-08
38200.056 4.630100454135953e-08
38250.056 4.2460036549009774e-08
38300.056 6.110675692078358e-08
38350.056 6.141571744411878e-08
38400.056 3.2673492469382205e-08
38450.056 2.7948815385822384e-08
38500.056 1.8167711263152608e-08
38550.056 3.665633818871532e-08
38600.056 3.717747718948713e-08
38650.056 3.812582754545034e-08
38700.056 3.6476687615339716e-08
38750.056 3.9268192068749356e-08
38800.056 3.8179622591517995e-08
38850.056 3.9621758927493717e-08
38900.056 5.36960064621968e-08
38950.056 3.841232955080058e-08
39000.056 4.963663175105947e-08
39050.056 3.9659978971214104e-08
39100.056 4.793214765183947e-08
39150.056 5.2818519619215826e-08
39200.056 4.768550971693513e-08
39250.056 6.173128678626698e-08
39300.056 4.589086015697741e-08
39350.056 7.122344504010484e-08
39400.056 4.959765101884386e-08
39450.056 6.026664366263559e-08
39500.056 6.282128644876235e-08
39550.056 5.008643332187645e-08
39600.056 6.409183740103368e-08
39650.056 7.111024691768264e-08
39700.056 6.808108430997111e-08
39750.056 4.9445913371607535e-08
39800.056 5.707342919440053e-08
39850.056 8.353076283400586e-08
39900.056 8.577308980200627e-08
39950.056 5.9141479149103875e-08
40000.056 8.772123131051763e-08
40050.056 8.069803547749515e-08
40100.056 5.258841795265987e-08
40150.056 8.168199677244036e-08
40200.056 8.463053185696926e-08
40250.056 8.988986584077427e-08
40300.056 8.635879160340398e-08
40350.056 7.670534829338586e-08
40400.056 9.772473704884046e-08
40450.056 6.983176638787131e-08
40500.056 1.0220982166048318e-07
40550.056 1.047973121563149e-07
40600.056 9.267412003931217e-08
40650.056 7.644311599963888e-08
40700.056 1.2132267519399026e-07
40750.056 9.054757237098253e-08
40800.056 7.131541341955602e-08
40850.056 1.3381388928203993e-07
40900.056 1.1736116126638444e-07
40950.056 1.0816762767021143e-07
41000.056 9.92444418186903e-08
41050.056 1.3914945867116052e-07
41100.056 1.1916377143220441e-07
41150.056 7.328783090197871e-08
41200.056 1.3987951950470446e-07
41250.056 1.0988831688659814e-07
41300.056 1.0682149117696001e-07
41350.056 1.438536278549924e-07
41400.056 1.2950302066201775e-07
41450.056 1.5021735057097932e-07
41500.056 1.130321684431724e-07
41550.056 1.115990851760189e-07
41600.056 1.2307970598867158e-07
41650.056 1.3845341956440237e-07
41700.056 1.3833826313694797e-07
41750.056 1.3052872636497596e-07
41800.056 1.4795424775243797e-07
41850.056 1.2188181599971378e-07
41900.056 1.2980821879092545e-07
41950.056 1.2747627872702675e-07
42000.056 1.0983802874414903e-07
42050.056 1.0860839013415627e-07
42100.056 1.3828465147162832e-07
42150.056 1.1634049973770551e-07
42200.056 1.160306160328008e-07
42250.056 1.1319305239429658e-07
42300.056 1.1620475021168435e-07
42350.056 1.4675889322701574e-07
42400.056 1.4850469455202936e-07
42450.056 1.3372455455505385e-07
42500.056 1.2846451304897993e-07
42550.056 1.1821337502796629e-07
42600.056 1.3182130502495356e-07
42650.056 1.8146866057092666e-07
42700.056 1.2811451803240222e-07
42750.056 1.339592141490082e-07
42800.056 1.655946079020264e-07
42850.056 1.7513874135394342e-07
42900.056 1.8601460414405265e-07
42950.056 1.4960792011196526e-07
43000.056 1.660872199420381e-07
43050.056 1.0712938078942807e-07
43100.056 1.440804248419709e-07
43150.056 1.2880299457801864e-07
43200.056 1.7227754341800339e-07
43250.056 2.0906606684201944e-07
43300.056 2.0566463038899373e-07
43350.056 1.3041375490796278e-07
43400.056 1.6628297395299186e-07
43450.056 1.2988603690741864e-07
43500.056 1.269067211637226e-07
43550.056 1.3861139716503307e-07
43600.056 1.9280927771302504e-07
43650.056 1.4186579841670812e-07
43700.056 2.0881942239104648e-07
43750.056 1.8347347782200487e-07
43800.056 1.735080180088823e-07
43850.056 1.5152100841501486e-07
43900.056 1.529178349409874e-07
43950.056 1.0562253281399226e-07
44000.056 1.0232014729679375e-07
44050.056 2.0019026676500538e-07
44100.056 2.4579235780200145e-07
44150.056 2.2307652680899967e-07
44200.056 1.9697854581999483e-07
44250.056 1.3487950838540633e-07
44300.056 1.1437785585952161e-07
44350.056 1.3152938888301728e-07
44400.056 1.241339623874876e-07
44450.056 1.8172797564997562e-07
44500.056 1.7744994514704312e-07
44550.056 2.3183215315397397e-07
44600.056 2.020147022111075e-07
44650.056 1.8510538524813582e-07
44700.056 1.3129074863900168e-07
44750.056 1.8998365359504602e-07
44800.056 1.5033045706161502e-07
44850.056 1.9228537172601828e-07
44900.056 1.589761831602127e-07
44950.056 1.8688757356500977e-07
45000.056 1.9819732909000452e-07
45050.056 1.890663890439808e-07
45100.056 1.7672355909599647e-07
45150.056 1.7984390804916326e-07
45200.056 1.4542486397400567e-07
45250.056 1.632568888409436e-07
45300.056 1.3788799830402537e-07
45350.056 1.3545416271142482e-07
45400.056 2.4653840100702355e-07
45450.056 2.1064571958101103e-07
45500.056 2.297866654842138e-07
45550.056 2.4436574818291633e-07
45600.056 2.3791401750004842e-07
45650.056 1.9247980193569557e-07
45700.056 1.4561855152849926e-07
45750.056 1.4412789212730168e-07
45800.056 2.5789863812299933e-07
45850.056 2.32880193846991e-07
45900.056 2.5890260106199035e-07
45950.056 2.169584931439981e-07
46000.056 2.4178949058301945e-07
46050.056 1.937294198681042e-07
46100.056 2.688242267099708e-07
46150.056 1.869513937240098e-07
46200.056 1.7160343895699006e-07
46250.056 9.484809937915203e-08
46300.056 1.942042490213996e-07
46350.056 1.992848387400264e-07
46400.056 1.763627735330065e-07
46450.056 1.6514310293192797e-07
46500.056 1.909671498033498e-07
46550.056 1.251850460149076e-07
46600.056 1.7088990289938094e-07
46650.056 2.4014624863101465e-07
46700.056 1.6789765516695809e-07
46750.056 1.1306539256800957e-07
46800.056 8.151781961523035e-08
46850.056 2.404727600810408e-07
46900.056 2.1546985251799128e-07
46950.056 2.1208311797098543e-07
47000.056 2.080548506350368e-07
47050.056 1.6998222276133966e-07
47100.056 1.236481277282191e-07
47150.056 1.6626180345662586e-07
47200.056 1.987078497039955e-07
47250.056 1.3695256075198814e-07
47300.056 9.593225629461245e-08
47350.056 2.344931365919858e-07
47400.056 1.9531184578298364e-07
47450.056 1.9325437790192302e-07
47500.056 2.2574168879157004e-07
47550.056 2.0059173393001077e-07
47600.056 1.9710833415999459e-07
47650.056 1.9454190388942177e-07
47700.056 1.6747978196027653e-07
47750.056 1.2948220631280466e-07
47800.056 1.225613638120101e-07
47850.056 7.869497201721272e-08
47900.056 1.095374010649803e-07
47950.056 1.7617103599201435e-07
48000.056 2.3605268461004104e-07
48050.056 2.1160002658199888e-07
48100.056 1.0788160917161238e-07
48150.056 1.7262475121500348e-07
48200.056 1.332935973960011e-07
48250.056 1.4933499173800583e-07
48300.056 2.1583455780995793e-07
48350.056 1.4035405176000668e-07
48400.056 6.188519010047496e-08
48450.056 1.1976009227443393e-07
48500.056 1.6465257297896605e-07
48550.056 1.5879130848881333e-07
48600.056 1.7030821291500104e-07
48650.056 2.0204407578798052e-07
48700.056 1.520093741856068e-07
48750.056 1.0351943487265579e-07
48800.056 2.0172562370799723e-07
48850.056 1.2452049702147772e-07
48900.056 1.8216588175108572e-07
48950.056 1.1425906651400995e-07
49000.056 6.072059768147194e-08
49050.056 1.522031063949786e-07
49100.056 1.7950354793983238e-07
49150.056 1.3859091165094802e-07
49200.056 2.0105318087603923e-07
49250.056 1.9142645361102777e-07
49300.056 1.692795909867989e-07
49350.056 8.44640862702158e-08
49400.056 1.1808899536137238e-07
49450.056 1.242809679213884e-07
49500.056 9.903522588329137e-08
49550.056 3.599664984370392e-08
49600.056 7.999590413338129e-08
49650.056 1.2695300522199413e-07
49700.056 1.255705246929554e-07
49750.056 1.4051465349398471e-07
49800.056 1.0688546397704351e-07
49850.056 1.7544378814104175e-07
49900.056 1.394880779605832e-07
49950.056 1.3916164018400468e-07
50000.056 1.2032382529907345e-07
50050.056 1.4582729626899984e-07
50100.056 1.149993679319989e-07
50150.056 6.956452763638671e-08
50200.056 2.1247375736906897e-08
50250.056 9.221786159098979e-08
50300.056 6.406096254070849e-08
50350.056 1.3834627559101523e-07
50400.056 1.277155124259875e-07
50450.056 1.0068292156880608e-07
50500.056 1.3947301951801717e-07
50550.056 1.2392940920601075e-07
50600.056 9.598523658597633e-08
50650.056 1.4665826926502532e-07
50700.056 1.501508079959529e-07
50750.056 1.0847745884521579e-07
50800.056 5.284344453317151e-08
50850.056 3.8744208087017176e-08
50900.056 1.3186697600699823e-07
50950.056 1.0343007020300424e-07
51000.056 9.814426415758668e-08
51050.056 1.1800334326398949e-07
51100.056 5.4267532616929045e-08
51150.056 7.282866393501596e-08
51200.056 1.5360412488499326e-07
51250.056 9.920670828648282e-08
51300.056 7.890452959723817e-08
51350.056 7.976181766949153e-08
51400.056 3.8623433000902894e-08
51450.056 3.084903673083044e-08
51500.056 3.137656981291324e-08
51550.056 9.339917623272953e-08
51600.056 6.711188892611831e-08
51650.056 7.633255716898357e-08
51700.056 8.52120351614719e-08
51750.056 5.9255093952560934e-08
51800.056 9.346538444298493e-08
51850.056 8.070404672599175e-08
51900.056 1.1561495467299107e-07
51950.056 7.762546875699075e-08
52000.056 1.529148391288491e-08
52050.056 4.99211446186072e-08
52100.056 3.45465518057973e-08
52150.056 2.433036628440432e-08
52200.056 4.219638726780064e-08
52250.056 5.7810548192018116e-08
52300.056 8.438798511499583e-08
52350.056 4.4227748598428026e-08
52400.056 3.74976825270041e-08
52450.056 9.33040541090064e-08
52500.056 7.781114213007855e-08
52550.056 7.84141744229895e-08
52600.056 6.01580729251993e-08
52650.056 7.0035403326409e-08
52700.056 5.61193851193982e-08
52750.056 3.0165596248936515e-08
52800.056 4.542028172540489e-08
52850.056 5.0380415686984294e-08
52900.056 3.389338624237724e-08
52950.056 4.331302672454377e-08
53000.056 6.296999650201534e-08
53050.056 2.9097646703692778e-08
53100.056 6.159558603238495e-08
53150.056 7.302056666800644e-08
53200.056 3.4116949140928356e-08
53250.056 6.954553653810463e-08
53300.056 8.374154379141943e-08
53350.056 6.509123633240224e-08
53400.056 4.8137286626989466e-08
53450.056 2.3621502761343105e-08
53500.056 7.158172339248953e-09
