galfind/configs/Brown_Dwarf_templates/sonora_bobcat/m-0.5/17g/sp_t950g17nc_m-0.5_resample.dat
# %ECSV 1.0
# ---
# datatype:
# - {name: wav, unit: Angstrom, datatype: float64}
# - {name: flux_nu, unit: erg / (cm2 Hz s), datatype: float64}
# meta: {C/O: '1.00', Kzz: '1.0000E+05', Teff: '950.', Y: '0.28', '[Fe/H]': '-0.50', f_hole: '1.00', f_rain: '0.00', grav: '18.'}
# schema: astropy-2.0
wav flux_nu
[from data line 500]
29000.056 9.393157536482545e-08
29050.056 1.0119711093327819e-07
29100.056 7.346027002070905e-08
29150.056 1.2303782802626523e-07
29200.056 9.190831829689068e-08
29250.056 1.2766245940443223e-07
29300.056 7.683100794310846e-08
29350.056 1.7054249954309545e-07
29400.056 1.0236328637497908e-07
29450.056 1.1272746096622868e-07
29500.056 1.2197570064377977e-07
29550.056 1.088597484076555e-07
29600.056 1.2735413724524787e-07
29650.056 1.273774869727892e-07
29700.056 9.66582174663349e-08
29750.056 1.3236828092898423e-07
29800.056 1.369619231612197e-07
29850.056 1.413880912635563e-07
29900.056 1.2921286770947816e-07
29950.056 1.337875004980171e-07
30000.056 8.29322889989145e-08
30050.056 9.048225150871172e-08
30100.056 7.985785757497656e-08
30150.056 1.302963382768835e-07
30200.056 1.0241019285270477e-07
30250.056 1.468788880850354e-07
30300.056 1.2606173926001306e-07
30350.056 1.100539041063064e-07
30400.056 1.286256940853009e-07
30450.056 9.696830483086468e-08
30500.056 8.04682127495051e-08
30550.056 8.582428006680062e-08
30600.056 9.628816945499518e-08
30650.056 7.877753006918054e-08
30700.056 7.715356150458331e-08
30750.056 7.730073016178708e-08
30800.056 6.550039025071424e-08
30850.056 6.099760511117262e-08
30900.056 5.6475003220890296e-08
30950.056 5.3554334087454793e-08
31000.056 4.674617833740312e-08
31050.056 4.84004046980026e-08
31100.056 3.8276152473095615e-08
31150.056 4.471269542029783e-08
31200.056 4.773658510500977e-08
31250.056 3.549695389313276e-08
31300.056 3.480621671968445e-08
31350.056 3.4360496758000716e-08
31400.056 2.7635349362560943e-08
31450.056 2.9461413329394213e-08
31500.056 2.4189078075053304e-08
31550.056 2.697655407075803e-08
31600.056 2.1194842613099525e-08
31650.056 1.9938882735862516e-08
31700.056 1.981890460499661e-08
31750.056 1.71752193702473e-08
31800.056 2.1027103330497575e-08
31850.056 1.7670591065382422e-08
31900.056 2.0237401312798544e-08
31950.056 1.32259362537007e-08
32000.056 1.7155750650298145e-08
32050.056 1.863397288961056e-08
32100.056 1.8327825834763937e-08
32150.056 1.888195491179738e-08
32200.056 1.6659174434751065e-08
32250.056 2.120605252770297e-08
32300.056 1.6422414329178718e-08
32350.056 2.2361324855696352e-08
32400.056 1.5966214386895442e-08
32450.056 2.0794164583192792e-08
32500.056 1.9887155752133412e-08
32550.056 1.855868888279766e-08
32600.056 2.2425892306821463e-08
32650.056 3.076898898139503e-08
32700.056 2.6675145557505273e-08
32750.056 3.023975976120455e-08
32800.056 2.8530064700674285e-08
32850.056 3.165755027259549e-08
32900.056 3.5866752681454616e-08
32950.056 3.694847925279697e-08
33000.056 3.080318409248916e-08
33050.056 2.8784626418416775e-08
33100.056 1.5629827050296832e-08
33150.056 6.873784146710339e-09
33200.056 5.605923919988852e-09
33250.056 3.2762180712991363e-09
33300.056 3.6870901980007934e-09
33350.056 5.944230025600203e-09
33400.056 8.322282458396808e-09
33450.056 1.1826582743499268e-08
33500.056 1.772216506950929e-08
33550.056 1.7179226122107287e-08
33600.056 2.5617789746596403e-08
33650.056 2.6097553746495423e-08
33700.056 2.317675988208546e-08
33750.056 3.157130658190695e-08
33800.056 2.8312878358103872e-08
33850.056 3.1319422473496254e-08
33900.056 2.5661946570099626e-08
33950.056 2.5955986784796467e-08
34000.056 3.244872672281199e-08
34050.056 2.0196226623690642e-08
34100.056 3.2397683935297994e-08
34150.056 2.725277004789839e-08
34200.056 2.6200884002288607e-08
34250.056 2.7757388017083513e-08
34300.056 2.5471333440486928e-08
34350.056 2.172239924979969e-08
34400.056 2.071929351409631e-08
34450.056 2.6903590368492167e-08
34500.056 2.5384179639702554e-08
34550.056 2.1817790776002164e-08
34600.056 3.198206501099723e-08
34650.056 2.4666714206300353e-08
34700.056 2.77759764973976e-08
34750.056 2.8254019174190836e-08
34800.056 2.6241360350891643e-08
34850.056 2.7761790550709816e-08
34900.056 3.118767597138848e-08
34950.056 3.19990583893931e-08
35000.056 4.37401542217127e-08
35050.056 2.9443265331296327e-08
35100.056 3.571491242610349e-08
35150.056 3.425364754450583e-08
35200.056 3.76690786697956e-08
35250.056 4.6448923759986e-08
35300.056 3.943409114460852e-08
35350.056 3.808920693398657e-08
35400.056 4.2515641934602684e-08
35450.056 3.0218615524015597e-08
35500.056 5.371037287420009e-08
35550.056 5.154634820959018e-08
35600.056 4.395042196562073e-08
35650.056 4.997870016089637e-08
35700.056 4.61571783304919e-08
35750.056 5.6700126613390005e-08
35800.056 7.393487207660033e-08
35850.056 4.739260759329282e-08
35900.056 6.167284509900175e-08
35950.056 5.7485579690486804e-08
36000.056 5.8361759353010665e-08
36050.056 5.505502941238133e-08
36100.056 5.917136715486469e-08
36150.056 6.079071472478537e-08
36200.056 6.501436759718235e-08
36250.056 6.275177907797694e-08
36300.056 7.172274195130424e-08
36350.056 6.977728061840735e-08
36400.056 6.77566445319916e-08
36450.056 8.226075499350647e-08
36500.056 8.532640165929568e-08
36550.056 8.50831280720235e-08
36600.056 9.992594982099975e-08
36650.056 9.858420318707895e-08
36700.056 1.0465342760718281e-07
36750.056 1.1136041105105816e-07
36800.056 1.1029158555500073e-07
36850.056 1.0616768296977464e-07
36900.056 1.1262192476678411e-07
36950.056 1.26196716332982e-07
37000.056 1.2203921722899098e-07
37050.056 1.1878807510398667e-07
37100.056 1.33894347212996e-07
37150.056 1.140380641407973e-07
37200.056 1.3233711780198769e-07
37250.056 1.376010430099753e-07
37300.056 1.2258589727184512e-07
37350.056 1.2452835983602535e-07
37400.056 1.7368675882599544e-07
37450.056 1.426214644724e-07
37500.056 1.414305603035839e-07
37550.056 1.6143734197909077e-07
37600.056 1.7396104785000994e-07
37650.056 1.3970033727499932e-07
37700.056 1.8931295251102086e-07
37750.056 1.5072710421399634e-07
37800.056 1.5860229656710187e-07
37850.056 1.2950872441350545e-07
37900.056 1.4136313162405297e-07
37950.056 1.612358324964625e-07
38000.056 1.930805640409995e-07
38050.056 1.8884616253403347e-07
38100.056 1.784751033000402e-07
38150.056 2.0913804004098995e-07
38200.056 2.17309885320052e-07
38250.056 2.0800787203701762e-07
38300.056 2.5291538260797e-07
38350.056 2.6120218499602405e-07
38400.056 1.884999013259413e-07
38450.056 2.023069139929594e-07
38500.056 1.5560406723002172e-07
38550.056 2.1555549155304616e-07
38600.056 2.227269157310126e-07
38650.056 2.133455401189712e-07
38700.056 2.307280991919822e-07
38750.056 2.4878735227901215e-07
38800.056 2.1584086048784257e-07
38850.056 2.170422530700212e-07
38900.056 2.757503745730321e-07
38950.056 2.398834822519728e-07
39000.056 2.5878401035399453e-07
39050.056 2.4185324114998e-07
39100.056 2.591332744260309e-07
39150.056 2.588478568319984e-07
39200.056 2.7143797944598363e-07
39250.056 2.9576773954493945e-07
39300.056 2.552716721858938e-07
39350.056 3.158314856220105e-07
39400.056 2.8969596891708103e-07
39450.056 2.95772336970992e-07
39500.056 2.8366828958905724e-07
39550.056 3.0220119021825844e-07
39600.056 3.142029749908968e-07
39650.056 3.3626112660499315e-07
39700.056 3.2553641748702607e-07
39750.056 2.8950657928507273e-07
39800.056 3.29502471217903e-07
39850.056 3.6758270655999956e-07
39900.056 3.6009269825002685e-07
39950.056 3.3974817106190677e-07
40000.056 4.198993086860867e-07
40050.056 3.72051643118014e-07
40100.056 3.3654464910080396e-07
40150.056 3.9040234385194926e-07
40200.056 3.9631399655986567e-07
40250.056 3.7759203225488714e-07
40300.056 3.819326736300641e-07
40350.056 4.051651158889905e-07
40400.056 4.414447757044019e-07
40450.056 4.166904586460839e-07
40500.056 4.3256735229000194e-07
40550.056 4.384819434259346e-07
40600.056 4.2965852026005624e-07
40650.056 4.049988667729015e-07
40700.056 4.969560262949914e-07
40750.056 4.4307713946992876e-07
40800.056 3.8109710560083607e-07
40850.056 5.064259517901174e-07
40900.056 4.657842293320296e-07
40950.056 4.5104069899602883e-07
41000.056 4.6112448568600066e-07
41050.056 5.30076405369971e-07
41100.056 4.614888873500173e-07
41150.056 3.972950664639495e-07
41200.056 5.151622337579524e-07
41250.056 4.5507154926096404e-07
41300.056 4.291151908999047e-07
41350.056 5.461757018500714e-07
41400.056 5.071975543540742e-07
41450.056 5.213675664501047e-07
41500.056 4.5698472265600514e-07
41550.056 4.683430527190581e-07
41600.056 5.465626179870558e-07
41650.056 5.278679080100445e-07
41700.056 4.893366494118398e-07
41750.056 5.088733666999853e-07
41800.056 5.712527622999537e-07
41850.056 4.283831304850303e-07
41900.056 5.053605942029098e-07
41950.056 4.832373063200945e-07
42000.056 4.857907549399772e-07
42050.056 4.4258797694298183e-07
42100.056 5.943382344100533e-07
42150.056 4.5933830696997446e-07
42200.056 4.5052423177999567e-07
42250.056 4.639257464498819e-07
42300.056 4.578764479139889e-07
42350.056 5.506007507100804e-07
42400.056 4.97969263630139e-07
42450.056 4.560084140100242e-07
42500.056 4.532176178750024e-07
42550.056 4.512820149719289e-07
42600.056 4.660748233031223e-07
42650.056 5.325827364817876e-07
42700.056 4.945259458190002e-07
42750.056 4.4796452650000006e-07
42800.056 4.718342151800526e-07
42850.056 5.302242872898368e-07
42900.056 5.447331473201406e-07
42950.056 4.5189972510883513e-07
43000.056 4.995342309380346e-07
43050.056 3.8408522224217945e-07
43100.056 4.519321478399104e-07
43150.056 4.381086358960679e-07
43200.056 4.886336051799999e-07
43250.056 5.494187360500461e-07
43300.056 5.568089089600007e-07
43350.056 4.256345648948905e-07
43400.056 4.768379978529368e-07
43450.056 4.4650126854607343e-07
43500.056 4.243794746539681e-07
43550.056 4.493648356950955e-07
43600.056 5.637221558620417e-07
43650.056 4.5931801019200526e-07
43700.056 5.213904682700724e-07
43750.056 5.105145063171014e-07
43800.056 4.845320163989211e-07
43850.056 4.433651590900803e-07
43900.056 4.888244703199393e-07
43950.056 3.822894033019802e-07
44000.056 3.691355046999854e-07
44050.056 4.885416140200234e-07
44100.056 5.571642797900472e-07
44150.056 5.230195518659212e-07
44200.056 4.918596666880044e-07
44250.056 4.2153234062800273e-07
44300.056 3.890972166840763e-07
44350.056 4.114106329331005e-07
44400.056 4.2751409771700204e-07
44450.056 4.6343400317995806e-07
44500.056 4.817525376801315e-07
44550.056 5.183785931399156e-07
44600.056 4.4108441566606627e-07
44650.056 4.906853270081007e-07
44700.056 3.891866284000202e-07
44750.056 4.7135252080501776e-07
44800.056 4.4359576319003434e-07
44850.056 4.7132089007007897e-07
44900.056 4.1001339058804137e-07
44950.056 4.4101376523402647e-07
45000.056 4.591696725399552e-07
45050.056 4.5902289808699825e-07
45100.056 4.6042857208798556e-07
45150.056 4.5615681834195835e-07
45200.056 4.0374503492502847e-07
45250.056 4.3148731575587585e-07
45300.056 4.0061624600406204e-07
45350.056 4.132129932919616e-07
45400.056 4.910028831900415e-07
45450.056 4.4370521380994783e-07
45500.056 4.5308481821599503e-07
45550.056 5.009058580698865e-07
45600.056 4.923027624600293e-07
45650.056 4.061013110139301e-07
45700.056 4.250729006360588e-07
45750.056 3.9842513091498327e-07
45800.056 4.773075464899993e-07
45850.056 5.15780084609995e-07
45900.056 5.262526035400118e-07
45950.056 4.450618503479943e-07
46000.056 5.05980607970018e-07
46050.056 4.644259419980342e-07
46100.056 4.858112756399811e-07
46150.056 4.407465347649764e-07
46200.056 4.4448617250006503e-07
46250.056 3.609514547269441e-07
46300.056 4.836664582739874e-07
46350.056 4.432216343600176e-07
46400.056 4.397568754000068e-07
46450.056 4.2751189803206305e-07
46500.056 4.272221465190623e-07
46550.056 4.232592376589814e-07
46600.056 4.5292432646599807e-07
46650.056 5.701545565999499e-07
46700.056 4.815033304100588e-07
46750.056 3.765736053899847e-07
46800.056 3.5007182960204055e-07
46850.056 5.517197788201074e-07
46900.056 4.995565542799344e-07
46950.056 5.194300076700131e-07
47000.056 4.638607647800209e-07
47050.056 4.80902073469838e-07
47100.056 3.6905523019806405e-07
47150.056 4.189344477600416e-07
47200.056 4.837387817100446e-07
47250.056 4.0683177851997123e-07
47300.056 3.4969186192208184e-07
47350.056 4.7477234305994366e-07
47400.056 4.931380185499378e-07
47450.056 4.7035753674602437e-07
47500.056 5.118939959249186e-07
47550.056 4.623924659599871e-07
47600.056 4.666672805799615e-07
47650.056 3.9810391265091353e-07
47700.056 4.6759799497410484e-07
47750.056 3.364748081950249e-07
47800.056 4.122462009460015e-07
47850.056 3.247500706759851e-07
47900.056 4.0063504769994965e-07
47950.056 3.9311559872804603e-07
48000.056 5.356245764900751e-07
48050.056 4.800828722300283e-07
48100.056 3.7700018611601714e-07
48150.056 4.2868023685004114e-07
48200.056 4.2860261387101517e-07
48250.056 4.0544392667000244e-07
48300.056 4.949657091498371e-07
48350.056 3.497984208200327e-07
48400.056 3.0839774516196107e-07
48450.056 4.0546194171910824e-07
48500.056 4.992360551399514e-07
48550.056 3.878492291639969e-07
48600.056 4.4198513159000707e-07
48650.056 4.2375170691997113e-07
48700.056 4.229943822059828e-07
48750.056 3.1044668156113895e-07
48800.056 5.325250265589916e-07
48850.056 3.5427532268693265e-07
48900.056 4.930989456600128e-07
48950.056 4.107908854500587e-07
49000.056 2.8648950632893527e-07
49050.056 4.378702088899841e-07
49100.056 4.457906092730788e-07
49150.056 4.1469488638103243e-07
49200.056 4.73920333290039e-07
49250.056 4.614818889800621e-07
49300.056 4.092692311439895e-07
49350.056 3.136495066690472e-07
49400.056 3.9850639580497536e-07
49450.056 3.964033743241294e-07
49500.056 3.506600211939666e-07
49550.056 2.5131007643402884e-07
49600.056 3.449925940620799e-07
49650.056 3.77295776535996e-07
49700.056 3.4798828475590475e-07
49750.056 4.2510974808988927e-07
49800.056 3.6839258854002855e-07
49850.056 4.825915457901115e-07
49900.056 3.9754413903798385e-07
49950.056 3.931694032439741e-07
50000.056 3.7403123847997076e-07
50050.056 4.3019862005999434e-07
50100.056 3.749850481870159e-07
50150.056 2.8596650869997225e-07
50200.056 1.79409967987011e-07
50250.056 3.754453532799508e-07
50300.056 3.2120725355601894e-07
50350.056 4.4464682021103657e-07
50400.056 3.863252942099774e-07
50450.056 3.288203058730494e-07
50500.056 3.9445629857005706e-07
50550.056 3.644416309600151e-07
50600.056 3.4046420878793544e-07
50650.056 4.128659784400964e-07
50700.056 4.3711665389983716e-07
50750.056 3.834903279780657e-07
50800.056 2.6096436582897747e-07
50850.056 2.6524226458307754e-07
50900.056 4.273831829200028e-07
50950.056 3.488219674310627e-07
51000.056 3.936672284410366e-07
51050.056 3.5043997282001356e-07
51100.056 2.367166277179727e-07
51150.056 3.202613477889583e-07
51200.056 4.5254126955997565e-07
51250.056 3.331196697369203e-07
51300.056 2.9237496777914726e-07
51350.056 3.0823115457698344e-07
51400.056 2.10597958682985e-07
51450.056 1.8420340472794915e-07
51500.056 2.1334730204006801e-07
51550.056 3.9193433926803384e-07
51600.056 2.9211654011404133e-07
51650.056 2.91308925209943e-07
51700.056 3.105310030289333e-07
51750.056 2.4139379487503116e-07
51800.056 3.3422399184991647e-07
51850.056 3.186175801159937e-07
51900.056 4.18906563834089e-07
51950.056 3.3955878222996884e-07
52000.056 1.7498243460697993e-07
52050.056 2.8940198401803575e-07
52100.056 2.2375939062997252e-07
52150.056 2.114867888810119e-07
52200.056 2.1407342002599552e-07
52250.056 2.616123539230345e-07
52300.056 3.6353239624996825e-07
52350.056 2.9460088870401524e-07
52400.056 2.0504649698201264e-07
52450.056 3.1922363312001887e-07
52500.056 3.18153781722916e-07
52550.056 3.340111855219105e-07
52600.056 2.844326059120514e-07
52650.056 2.991529055200624e-07
52700.056 2.7414859045199814e-07
52750.056 1.9627845548099212e-07
52800.056 2.4346446898103165e-07
52850.056 2.488814591169266e-07
52900.056 2.40097708262016e-07
52950.056 2.5092912716599283e-07
53000.056 3.1909476135099875e-07
53050.056 1.9793746709392617e-07
53100.056 2.4039972065193087e-07
53150.056 3.5123260059003496e-07
53200.056 1.9048251421399425e-07
53250.056 3.272017649500255e-07
53300.056 3.2584336420617003e-07
53350.056 3.1542801306998097e-07
53400.056 3.0855409056002653e-07
53450.056 1.9620420907399613e-07
53500.056 1.350433995029569e-07
53550.056 2.0377184793696226e-07
53600.056 2.779631473010373e-07
